"prv_code","city_code","area_code","dept_code","li_code","tbox_no","valid_ticket","agree_ticket","disagree_ticket","invalid_ticket","vote_ticket","votable_population","population","vote_to_votable","agree_to_votable"
"00","000","00","000","0000","0000","8064635","3901171","4163464","80819","8145454","19825468","23470633","41.09","19.68"
"63","000","00","000","0000","0000","1004869","532642","472227","9749","1014618","2155416","2562738","47.07","24.71"
"63","000","00","010","0000","0000","79781","43886","35895","785","80566","162964","196890","49.44","26.93"
"63","000","00","010","0002","0000","2010","1132","878","19","2029","4467","0","45.42","25.34"
"63","000","00","010","0002","0001","531","296","235","3","534","1074","0","49.72","27.56"
"63","000","00","010","0002","0002","493","273","220","6","499","1138","0","43.85","23.99"
"63","000","00","010","0002","0003","427","246","181","4","431","1083","0","39.80","22.71"
"63","000","00","010","0002","0004","559","317","242","6","565","1172","0","48.21","27.05"
"63","000","00","010","0003","0000","3402","1735","1667","14","3416","6468","0","52.81","26.82"
"63","000","00","010","0003","0005","672","346","326","7","679","1294","0","52.47","26.74"
"63","000","00","010","0003","0006","729","426","303","3","732","1334","0","54.87","31.93"
"63","000","00","010","0003","0007","664","335","329","0","664","1290","0","51.47","25.97"
"63","000","00","010","0003","0008","657","316","341","3","660","1215","0","54.32","26.01"
"63","000","00","010","0003","0009","680","312","368","1","681","1335","0","51.01","23.37"
"63","000","00","010","0004","0000","2918","1662","1256","30","2948","5723","0","51.51","29.04"
"63","000","00","010","0004","0010","595","304","291","8","603","1071","0","56.30","28.38"
"63","000","00","010","0004","0011","568","358","210","4","572","1149","0","49.78","31.16"
"63","000","00","010","0004","0012","559","298","261","6","565","1092","0","51.74","27.29"
"63","000","00","010","0004","0013","586","348","238","7","593","1142","0","51.93","30.47"
"63","000","00","010","0004","0014","610","354","256","5","615","1269","0","48.46","27.90"
"63","000","00","010","0005","0000","1991","1034","957","13","2004","3881","0","51.64","26.64"
"63","000","00","010","0005","0015","680","378","302","4","684","1319","0","51.86","28.66"
"63","000","00","010","0005","0016","660","320","340","4","664","1305","0","50.88","24.52"
"63","000","00","010","0005","0017","651","336","315","5","656","1257","0","52.19","26.73"
"63","000","00","010","0006","0000","2171","1183","988","18","2189","4281","0","51.13","27.63"
"63","000","00","010","0006","0018","511","282","229","3","514","1036","0","49.61","27.22"
"63","000","00","010","0006","0019","630","356","274","7","637","1203","0","52.95","29.59"
"63","000","00","010","0006","0020","485","245","240","5","490","969","0","50.57","25.28"
"63","000","00","010","0006","0021","545","300","245","3","548","1073","0","51.07","27.96"
"63","000","00","010","0007","0000","2049","1146","903","18","2067","4135","0","49.99","27.71"
"63","000","00","010","0007","0022","513","306","207","3","516","1031","0","50.05","29.68"
"63","000","00","010","0007","0023","528","303","225","5","533","1074","0","49.63","28.21"
"63","000","00","010","0007","0024","486","261","225","4","490","1013","0","48.37","25.77"
"63","000","00","010","0007","0025","522","276","246","6","528","1017","0","51.92","27.14"
"63","000","00","010","0008","0000","1883","1150","733","17","1900","3884","0","48.92","29.61"
"63","000","00","010","0008","0026","608","348","260","6","614","1239","0","49.56","28.09"
"63","000","00","010","0008","0027","622","396","226","6","628","1276","0","49.22","31.03"
"63","000","00","010","0008","0028","653","406","247","5","658","1369","0","48.06","29.66"
"63","000","00","010","0009","0000","1790","942","848","15","1805","3540","0","50.99","26.61"
"63","000","00","010","0009","0029","620","304","316","6","626","1176","0","53.23","25.85"
"63","000","00","010","0009","0030","589","322","267","5","594","1155","0","51.43","27.88"
"63","000","00","010","0009","0031","581","316","265","4","585","1209","0","48.39","26.14"
"63","000","00","010","0010","0000","1772","975","797","21","1793","3553","0","50.46","27.44"
"63","000","00","010","0010","0032","576","303","273","10","586","1167","0","50.21","25.96"
"63","000","00","010","0010","0033","655","357","298","8","663","1266","0","52.37","28.20"
"63","000","00","010","0010","0034","541","315","226","3","544","1120","0","48.57","28.13"
"63","000","00","010","0011","0000","3031","1729","1302","30","3061","6051","0","50.59","28.57"
"63","000","00","010","0011","0035","553","322","231","4","557","1044","0","53.35","30.84"
"63","000","00","010","0011","0036","504","274","230","7","511","1011","0","50.54","27.10"
"63","000","00","010","0011","0037","482","267","215","7","489","998","0","49.00","26.75"
"63","000","00","010","0011","0038","463","252","211","3","466","1000","0","46.60","25.20"
"63","000","00","010","0011","0039","512","334","178","6","518","989","0","52.38","33.77"
"63","000","00","010","0011","0040","517","280","237","3","520","1009","0","51.54","27.75"
"63","000","00","010","0012","0000","4242","2820","1422","57","4299","8377","0","51.32","33.66"
"63","000","00","010","0012","0041","626","506","120","9","635","1163","0","54.60","43.51"
"63","000","00","010","0012","0042","677","355","322","10","687","1294","0","53.09","27.43"
"63","000","00","010","0012","0043","605","365","240","7","612","1190","0","51.43","30.67"
"63","000","00","010","0012","0044","532","362","170","8","540","1164","0","46.39","31.10"
"63","000","00","010","0012","0045","613","478","135","9","622","1230","0","50.57","38.86"
"63","000","00","010","0012","0046","591","392","199","10","601","1192","0","50.42","32.89"
"63","000","00","010","0012","0047","598","362","236","4","602","1144","0","52.62","31.64"
"63","000","00","010","0013","0000","1174","561","613","5","1179","2184","0","53.98","25.69"
"63","000","00","010","0013","0048","585","298","287","5","590","1114","0","52.96","26.75"
"63","000","00","010","0013","0049","589","263","326","0","589","1070","0","55.05","24.58"
"63","000","00","010","0014","0000","1769","876","893","18","1787","3518","0","50.80","24.90"
"63","000","00","010","0014","0050","566","270","296","3","569","1140","0","49.91","23.68"
"63","000","00","010","0014","0051","607","311","296","6","613","1233","0","49.72","25.22"
"63","000","00","010","0014","0052","596","295","301","9","605","1145","0","52.84","25.76"
"63","000","00","010","0015","0000","2635","1486","1149","31","2666","5140","0","51.87","28.91"
"63","000","00","010","0015","0053","696","406","290","11","707","1332","0","53.08","30.48"
"63","000","00","010","0015","0054","640","406","234","9","649","1241","0","52.30","32.72"
"63","000","00","010","0015","0055","597","282","315","6","603","1169","0","51.58","24.12"
"63","000","00","010","0015","0056","702","392","310","5","707","1398","0","50.57","28.04"
"63","000","00","010","0016","0000","3790","1864","1926","24","3814","7351","0","51.88","25.36"
"63","000","00","010","0016","0057","570","293","277","2","572","1182","0","48.39","24.79"
"63","000","00","010","0016","0058","601","299","302","1","602","1153","0","52.21","25.93"
"63","000","00","010","0016","0059","635","327","308","3","638","1235","0","51.66","26.48"
"63","000","00","010","0016","0060","669","334","335","9","678","1246","0","54.41","26.81"
"63","000","00","010","0016","0061","644","290","354","5","649","1260","0","51.51","23.02"
"63","000","00","010","0016","0062","671","321","350","4","675","1275","0","52.94","25.18"
"63","000","00","010","0017","0000","2831","1672","1159","24","2855","5381","0","53.06","31.07"
"63","000","00","010","0017","0063","767","516","251","12","779","1412","0","55.17","36.54"
"63","000","00","010","0017","0064","651","351","300","1","652","1334","0","48.88","26.31"
"63","000","00","010","0017","0065","710","418","292","9","719","1327","0","54.18","31.50"
"63","000","00","010","0017","0066","703","387","316","2","705","1308","0","53.90","29.59"
"63","000","00","010","0018","0000","2741","1308","1433","22","2763","7162","0","38.58","18.26"
"63","000","00","010","0018","0085","582","296","286","6","588","1242","0","47.34","23.83"
"63","000","00","010","0018","0086","476","208","268","6","482","1045","0","46.12","19.90"
"63","000","00","010","0018","0087","529","231","298","1","530","1248","0","42.47","18.51"
"63","000","00","010","0018","0088","648","312","336","4","652","1381","0","47.21","22.59"
"63","000","00","010","0018","0089","506","261","245","5","511","2246","0","22.75","11.62"
"63","000","00","010","0019","0000","3315","1652","1663","34","3349","7230","0","46.32","22.85"
"63","000","00","010","0019","0070","676","339","337","4","680","1479","0","45.98","22.92"
"63","000","00","010","0019","0071","581","317","264","6","587","1242","0","47.26","25.52"
"63","000","00","010","0019","0072","589","294","295","11","600","1301","0","46.12","22.60"
"63","000","00","010","0019","0073","830","416","414","10","840","1709","0","49.15","24.34"
"63","000","00","010","0019","0074","639","286","353","3","642","1499","0","42.83","19.08"
"63","000","00","010","0020","0000","2266","1416","850","31","2297","4616","0","49.76","30.68"
"63","000","00","010","0020","0075","539","404","135","4","543","1135","0","47.84","35.59"
"63","000","00","010","0020","0076","553","328","225","12","565","1202","0","47.00","27.29"
"63","000","00","010","0020","0077","660","362","298","9","669","1190","0","56.22","30.42"
"63","000","00","010","0020","0078","514","322","192","6","520","1089","0","47.75","29.57"
"63","000","00","010","0021","0000","3955","2977","978","67","4022","7730","0","52.03","38.51"
"63","000","00","010","0021","0079","651","465","186","11","662","1274","0","51.96","36.50"
"63","000","00","010","0021","0080","753","636","117","19","772","1336","0","57.78","47.60"
"63","000","00","010","0021","0081","575","393","182","6","581","1124","0","51.69","34.96"
"63","000","00","010","0021","0082","569","470","99","11","580","1152","0","50.35","40.80"
"63","000","00","010","0021","0083","700","461","239","8","708","1386","0","51.08","33.26"
"63","000","00","010","0021","0084","707","552","155","12","719","1458","0","49.31","37.86"
"63","000","00","010","0022","0000","3369","1821","1548","27","3396","6959","0","48.80","26.17"
"63","000","00","010","0022","0090","580","286","294","2","582","1290","0","45.12","22.17"
"63","000","00","010","0022","0091","575","305","270","9","584","1152","0","50.69","26.48"
"63","000","00","010","0022","0092","537","284","253","3","540","1080","0","50.00","26.30"
"63","000","00","010","0022","0093","555","326","229","4","559","1185","0","47.17","27.51"
"63","000","00","010","0022","0094","542","289","253","3","545","1091","0","49.95","26.49"
"63","000","00","010","0022","0095","580","331","249","6","586","1161","0","50.47","28.51"
"63","000","00","010","0024","0000","3083","1562","1521","34","3117","6657","0","46.82","23.46"
"63","000","00","010","0024","0096","588","319","269","7","595","1353","0","43.98","23.58"
"63","000","00","010","0024","0097","679","336","343","6","685","1344","0","50.97","25.00"
"63","000","00","010","0024","0098","607","314","293","9","616","1291","0","47.71","24.32"
"63","000","00","010","0024","0099","632","296","336","6","638","1327","0","48.08","22.31"
"63","000","00","010","0024","0100","577","297","280","6","583","1342","0","43.44","22.13"
"63","000","00","010","0025","0000","2631","1480","1151","27","2658","5286","0","50.28","28.00"
"63","000","00","010","0025","0101","712","408","304","3","715","1345","0","53.16","30.33"
"63","000","00","010","0025","0102","647","368","279","9","656","1348","0","48.66","27.30"
"63","000","00","010","0025","0103","719","408","311","8","727","1417","0","51.31","28.79"
"63","000","00","010","0025","0104","553","296","257","7","560","1176","0","47.62","25.17"
"63","000","00","010","0026","0000","3458","1726","1732","34","3492","7611","0","45.88","22.68"
"63","000","00","010","0026","0105","506","262","244","3","509","1110","0","45.86","23.60"
"63","000","00","010","0026","0106","603","271","332","11","614","1318","0","46.59","20.56"
"63","000","00","010","0026","0107","558","287","271","2","560","1278","0","43.82","22.46"
"63","000","00","010","0026","0108","628","355","273","6","634","1385","0","45.78","25.63"
"63","000","00","010","0026","0109","636","281","355","6","642","1282","0","50.08","21.92"
"63","000","00","010","0026","0110","527","270","257","6","533","1238","0","43.05","21.81"
"63","000","00","010","0027","0000","1570","830","740","21","1591","3317","0","47.97","25.02"
"63","000","00","010","0027","0111","534","300","234","8","542","1207","0","44.90","24.86"
"63","000","00","010","0027","0112","570","287","283","6","576","1209","0","47.64","23.74"
"63","000","00","010","0027","0113","466","243","223","7","473","901","0","52.50","26.97"
"63","000","00","010","0028","0000","1410","680","730","12","1422","2882","0","49.34","23.59"
"63","000","00","010","0028","0114","416","181","235","4","420","924","0","45.45","19.59"
"63","000","00","010","0028","0115","478","235","243","3","481","991","0","48.54","23.71"
"63","000","00","010","0028","0116","516","264","252","5","521","967","0","53.88","27.30"
"63","000","00","010","0029","0000","1481","757","724","9","1490","3234","0","46.07","23.41"
"63","000","00","010","0029","0117","536","283","253","3","539","1128","0","47.78","25.09"
"63","000","00","010","0029","0118","475","247","228","3","478","1081","0","44.22","22.85"
"63","000","00","010","0029","0119","470","227","243","3","473","1025","0","46.15","22.15"
"63","000","00","010","0030","0000","2886","1470","1416","28","2914","5590","0","52.13","26.30"
"63","000","00","010","0030","0120","743","362","381","4","747","1466","0","50.95","24.69"
"63","000","00","010","0030","0121","766","385","381","13","779","1487","0","52.39","25.89"
"63","000","00","010","0030","0122","614","308","306","4","618","1178","0","52.46","26.15"
"63","000","00","010","0030","0123","763","415","348","7","770","1459","0","52.78","28.44"
"63","000","00","010","0031","0000","1337","755","582","8","1345","2642","0","50.91","28.58"
"63","000","00","010","0031","0124","714","401","313","4","718","1420","0","50.56","28.24"
"63","000","00","010","0031","0125","623","354","269","4","627","1222","0","51.31","28.97"
"63","000","00","010","0032","0000","1801","1001","800","22","1823","3714","0","49.08","26.95"
"63","000","00","010","0032","0126","639","378","261","13","652","1338","0","48.73","28.25"
"63","000","00","010","0032","0127","604","294","310","2","606","1284","0","47.20","22.90"
"63","000","00","010","0032","0128","558","329","229","7","565","1092","0","51.74","30.13"
"63","000","00","010","0033","0000","2505","1230","1275","26","2531","5206","0","48.62","23.63"
"63","000","00","010","0033","0129","620","266","354","6","626","1367","0","45.79","19.46"
"63","000","00","010","0033","0130","633","311","322","16","649","1199","0","54.13","25.94"
"63","000","00","010","0033","0131","628","330","298","3","631","1310","0","48.17","25.19"
"63","000","00","010","0033","0132","624","323","301","1","625","1330","0","46.99","24.29"
"63","000","00","010","0034","0000","1050","510","540","15","1065","2147","0","49.60","23.75"
"63","000","00","010","0034","0133","578","289","289","6","584","1185","0","49.28","24.39"
"63","000","00","010","0034","0134","472","221","251","9","481","962","0","50.00","22.97"
"63","000","00","010","0035","0000","1465","744","721","14","1479","3047","0","48.54","24.42"
"63","000","00","010","0035","0067","536","275","261","4","540","1065","0","50.70","25.82"
"63","000","00","010","0035","0068","451","227","224","7","458","933","0","49.09","24.33"
"63","000","00","010","0035","0069","478","242","236","3","481","1049","0","45.85","23.07"
"63","000","00","020","0000","0000","84201","47038","37163","797","84998","181747","210936","46.77","25.88"
"63","000","00","020","0001","0000","2108","1481","627","20","2128","4958","0","42.92","29.87"
"63","000","00","020","0001","0135","552","386","166","7","559","1035","0","54.01","37.29"
"63","000","00","020","0001","0136","538","378","160","6","544","2128","0","25.56","17.76"
"63","000","00","020","0001","0137","543","405","138","4","547","940","0","58.19","43.09"
"63","000","00","020","0001","0138","475","312","163","3","478","855","0","55.91","36.49"
"63","000","00","020","0002","0000","1964","1217","747","17","1981","3767","0","52.59","32.31"
"63","000","00","020","0002","0139","665","423","242","7","672","1261","0","53.29","33.54"
"63","000","00","020","0002","0140","663","411","252","6","669","1247","0","53.65","32.96"
"63","000","00","020","0002","0141","636","383","253","4","640","1259","0","50.83","30.42"
"63","000","00","020","0003","0000","1005","616","389","14","1019","2224","0","45.82","27.70"
"63","000","00","020","0003","0142","390","252","138","6","396","934","0","42.40","26.98"
"63","000","00","020","0003","0143","615","364","251","8","623","1290","0","48.29","28.22"
"63","000","00","020","0004","0000","1290","725","565","15","1305","2903","0","44.95","24.97"
"63","000","00","020","0004","0144","380","210","170","9","389","847","0","45.93","24.79"
"63","000","00","020","0004","0145","438","254","184","5","443","971","0","45.62","26.16"
"63","000","00","020","0004","0146","472","261","211","1","473","1085","0","43.59","24.06"
"63","000","00","020","0005","0000","1334","797","537","11","1345","2732","0","49.23","29.17"
"63","000","00","020","0005","0147","454","300","154","4","458","958","0","47.81","31.32"
"63","000","00","020","0005","0148","425","247","178","2","427","858","0","49.77","28.79"
"63","000","00","020","0005","0149","455","250","205","5","460","916","0","50.22","27.29"
"63","000","00","020","0006","0000","2173","1175","998","26","2199","4753","0","46.27","24.72"
"63","000","00","020","0006","0150","455","279","176","4","459","1056","0","43.47","26.42"
"63","000","00","020","0006","0151","605","333","272","7","612","1267","0","48.30","26.28"
"63","000","00","020","0006","0152","530","249","281","11","541","1082","0","50.00","23.01"
"63","000","00","020","0006","0153","583","314","269","4","587","1348","0","43.55","23.29"
"63","000","00","020","0007","0000","1990","1089","901","12","2002","4357","0","45.95","24.99"
"63","000","00","020","0007","0154","452","253","199","2","454","1002","0","45.31","25.25"
"63","000","00","020","0007","0155","572","336","236","6","578","1226","0","47.15","27.41"
"63","000","00","020","0007","0156","479","250","229","1","480","1108","0","43.32","22.56"
"63","000","00","020","0007","0157","487","250","237","3","490","1021","0","47.99","24.49"
"63","000","00","020","0008","0000","3060","1751","1309","20","3080","6335","0","48.62","27.64"
"63","000","00","020","0008","0158","541","322","219","6","547","1156","0","47.32","27.85"
"63","000","00","020","0008","0159","500","283","217","5","505","1055","0","47.87","26.82"
"63","000","00","020","0008","0160","507","295","212","1","508","1047","0","48.52","28.18"
"63","000","00","020","0008","0161","594","341","253","3","597","1113","0","53.64","30.64"
"63","000","00","020","0008","0162","490","293","197","0","490","1045","0","46.89","28.04"
"63","000","00","020","0008","0163","428","217","211","5","433","919","0","47.12","23.61"
"63","000","00","020","0009","0000","3899","2137","1762","44","3943","8511","0","46.33","25.11"
"63","000","00","020","0009","0164","628","298","330","10","638","1345","0","47.43","22.16"
"63","000","00","020","0009","0165","595","308","287","7","602","1242","0","48.47","24.80"
"63","000","00","020","0009","0166","542","298","244","3","545","1058","0","51.51","28.17"
"63","000","00","020","0009","0167","477","283","194","5","482","993","0","48.54","28.50"
"63","000","00","020","0009","0168","536","327","209","7","543","1156","0","46.97","28.29"
"63","000","00","020","0009","0169","521","292","229","4","525","1333","0","39.38","21.91"
"63","000","00","020","0009","0170","600","331","269","8","608","1384","0","43.93","23.92"
"63","000","00","020","0010","0000","1422","716","706","13","1435","3102","0","46.26","23.08"
"63","000","00","020","0010","0171","549","275","274","4","553","1129","0","48.98","24.36"
"63","000","00","020","0010","0172","389","203","186","5","394","918","0","42.92","22.11"
"63","000","00","020","0010","0173","484","238","246","4","488","1055","0","46.26","22.56"
"63","000","00","020","0011","0000","2009","1007","1002","29","2038","4266","0","47.77","23.61"
"63","000","00","020","0011","0174","474","235","239","11","485","1085","0","44.70","21.66"
"63","000","00","020","0011","0175","528","249","279","5","533","1087","0","49.03","22.91"
"63","000","00","020","0011","0176","492","267","225","8","500","1026","0","48.73","26.02"
"63","000","00","020","0011","0177","515","256","259","5","520","1068","0","48.69","23.97"
"63","000","00","020","0012","0000","1480","814","666","7","1487","3106","0","47.88","26.21"
"63","000","00","020","0012","0178","469","260","209","1","470","1046","0","44.93","24.86"
"63","000","00","020","0012","0179","450","247","203","5","455","997","0","45.64","24.77"
"63","000","00","020","0012","0180","561","307","254","1","562","1063","0","52.87","28.88"
"63","000","00","020","0013","0000","1948","897","1051","13","1961","4081","0","48.05","21.98"
"63","000","00","020","0013","0181","475","234","241","3","478","960","0","49.79","24.38"
"63","000","00","020","0013","0182","539","239","300","1","540","1055","0","51.18","22.65"
"63","000","00","020","0013","0183","429","203","226","5","434","938","0","46.27","21.64"
"63","000","00","020","0013","0184","505","221","284","4","509","1128","0","45.12","19.59"
"63","000","00","020","0014","0000","1413","573","840","9","1422","3370","0","42.20","17.00"
"63","000","00","020","0014","0185","453","190","263","1","454","1114","0","40.75","17.06"
"63","000","00","020","0014","0186","418","171","247","7","425","1013","0","41.95","16.88"
"63","000","00","020","0014","0187","542","212","330","1","543","1243","0","43.68","17.06"
"63","000","00","020","0015","0000","1565","772","793","15","1580","3629","0","43.54","21.27"
"63","000","00","020","0015","0188","547","267","280","2","549","1203","0","45.64","22.19"
"63","000","00","020","0015","0189","459","264","195","8","467","1156","0","40.40","22.84"
"63","000","00","020","0015","0190","559","241","318","5","564","1270","0","44.41","18.98"
"63","000","00","020","0016","0000","2321","1124","1197","29","2350","4754","0","49.43","23.64"
"63","000","00","020","0016","0191","547","235","312","9","556","1135","0","48.99","20.70"
"63","000","00","020","0016","0192","588","277","311","7","595","1166","0","51.03","23.76"
"63","000","00","020","0016","0193","601","338","263","9","610","1203","0","50.71","28.10"
"63","000","00","020","0016","0194","585","274","311","4","589","1250","0","47.12","21.92"
"63","000","00","020","0017","0000","2122","1193","929","23","2145","4535","0","47.30","26.31"
"63","000","00","020","0017","0195","490","271","219","4","494","980","0","50.41","27.65"
"63","000","00","020","0017","0196","585","307","278","6","591","1180","0","50.08","26.02"
"63","000","00","020","0017","0197","522","315","207","7","529","1177","0","44.94","26.76"
"63","000","00","020","0017","0198","525","300","225","6","531","1198","0","44.32","25.04"
"63","000","00","020","0018","0000","1913","981","932","33","1946","4223","0","46.08","23.23"
"63","000","00","020","0018","0199","412","222","190","9","421","971","0","43.36","22.86"
"63","000","00","020","0018","0200","555","290","265","11","566","1165","0","48.58","24.89"
"63","000","00","020","0018","0201","508","254","254","6","514","1060","0","48.49","23.96"
"63","000","00","020","0018","0202","438","215","223","7","445","1027","0","43.33","20.93"
"63","000","00","020","0019","0000","1718","1093","625","28","1746","3723","0","46.90","29.36"
"63","000","00","020","0019","0203","423","274","149","2","425","1003","0","42.37","27.32"
"63","000","00","020","0019","0204","604","406","198","11","615","1334","0","46.10","30.43"
"63","000","00","020","0019","0205","691","413","278","15","706","1386","0","50.94","29.80"
"63","000","00","020","0020","0000","2828","1567","1261","19","2847","6147","0","46.32","25.49"
"63","000","00","020","0020","0206","448","242","206","3","451","1019","0","44.26","23.75"
"63","000","00","020","0020","0207","525","283","242","4","529","1121","0","47.19","25.25"
"63","000","00","020","0020","0208","434","234","200","2","436","965","0","45.18","24.25"
"63","000","00","020","0020","0209","510","298","212","4","514","1040","0","49.42","28.65"
"63","000","00","020","0020","0210","485","264","221","4","489","963","0","50.78","27.41"
"63","000","00","020","0020","0211","426","246","180","2","428","1039","0","41.19","23.68"
"63","000","00","020","0021","0000","875","472","403","7","882","1924","0","45.84","24.53"
"63","000","00","020","0021","0212","449","242","207","3","452","969","0","46.65","24.97"
"63","000","00","020","0021","0213","426","230","196","4","430","955","0","45.03","24.08"
"63","000","00","020","0022","0000","2532","1396","1136","19","2551","5536","0","46.08","25.22"
"63","000","00","020","0022","0214","424","215","209","9","433","1114","0","38.87","19.30"
"63","000","00","020","0022","0215","518","322","196","3","521","1067","0","48.83","30.18"
"63","000","00","020","0022","0216","493","263","230","2","495","1114","0","44.43","23.61"
"63","000","00","020","0022","0217","576","305","271","3","579","1133","0","51.10","26.92"
"63","000","00","020","0022","0218","521","291","230","2","523","1108","0","47.20","26.26"
"63","000","00","020","0023","0000","1943","976","967","21","1964","4245","0","46.27","22.99"
"63","000","00","020","0023","0219","468","232","236","4","472","1053","0","44.82","22.03"
"63","000","00","020","0023","0220","504","255","249","5","509","1041","0","48.90","24.50"
"63","000","00","020","0023","0221","454","235","219","7","461","1018","0","45.28","23.08"
"63","000","00","020","0023","0222","517","254","263","5","522","1133","0","46.07","22.42"
"63","000","00","020","0024","0000","1872","996","876","16","1888","3791","0","49.80","26.27"
"63","000","00","020","0024","0223","508","297","211","3","511","1004","0","50.90","29.58"
"63","000","00","020","0024","0224","408","191","217","3","411","836","0","49.16","22.85"
"63","000","00","020","0024","0225","438","227","211","5","443","874","0","50.69","25.97"
"63","000","00","020","0024","0226","518","281","237","5","523","1077","0","48.56","26.09"
"63","000","00","020","0025","0000","3061","1530","1531","26","3087","6724","0","45.91","22.75"
"63","000","00","020","0025","0227","491","245","246","5","496","1065","0","46.57","23.00"
"63","000","00","020","0025","0228","527","244","283","7","534","1152","0","46.35","21.18"
"63","000","00","020","0025","0229","475","255","220","2","477","1056","0","45.17","24.15"
"63","000","00","020","0025","0230","477","261","216","2","479","1047","0","45.75","24.93"
"63","000","00","020","0025","0231","531","259","272","7","538","1204","0","44.68","21.51"
"63","000","00","020","0025","0232","560","266","294","3","563","1200","0","46.92","22.17"
"63","000","00","020","0026","0000","2469","1223","1246","20","2489","5177","0","48.08","23.62"
"63","000","00","020","0026","0233","504","275","229","3","507","1073","0","47.25","25.63"
"63","000","00","020","0026","0234","571","246","325","5","576","1158","0","49.74","21.24"
"63","000","00","020","0026","0235","478","261","217","3","481","1006","0","47.81","25.94"
"63","000","00","020","0026","0236","416","195","221","2","418","937","0","44.61","20.81"
"63","000","00","020","0026","0237","500","246","254","7","507","1003","0","50.55","24.53"
"63","000","00","020","0027","0000","1515","797","718","13","1528","3445","0","44.35","23.13"
"63","000","00","020","0027","0238","450","241","209","4","454","1115","0","40.72","21.61"
"63","000","00","020","0027","0239","528","264","264","2","530","1151","0","46.05","22.94"
"63","000","00","020","0027","0240","537","292","245","7","544","1179","0","46.14","24.77"
"63","000","00","020","0028","0000","2044","1231","813","18","2062","4324","0","47.69","28.47"
"63","000","00","020","0028","0241","582","290","292","7","589","1168","0","50.43","24.83"
"63","000","00","020","0028","0242","516","312","204","4","520","1014","0","51.28","30.77"
"63","000","00","020","0028","0243","454","299","155","4","458","1042","0","43.95","28.69"
"63","000","00","020","0028","0244","492","330","162","3","495","1100","0","45.00","30.00"
"63","000","00","020","0029","0000","2533","1523","1010","21","2554","5572","0","45.84","27.33"
"63","000","00","020","0029","0245","460","272","188","2","462","1049","0","44.04","25.93"
"63","000","00","020","0029","0246","463","263","200","7","470","1036","0","45.37","25.39"
"63","000","00","020","0029","0247","529","317","212","4","533","1187","0","44.90","26.71"
"63","000","00","020","0029","0248","536","338","198","2","538","1064","0","50.56","31.77"
"63","000","00","020","0029","0249","545","333","212","6","551","1236","0","44.58","26.94"
"63","000","00","020","0030","0000","3532","2110","1422","43","3575","7503","0","47.65","28.12"
"63","000","00","020","0030","0250","535","309","226","5","540","1069","0","50.51","28.91"
"63","000","00","020","0030","0251","550","336","214","8","558","1083","0","51.52","31.02"
"63","000","00","020","0030","0252","533","320","213","4","537","1107","0","48.51","28.91"
"63","000","00","020","0030","0253","506","293","213","4","510","1093","0","46.66","26.81"
"63","000","00","020","0030","0254","493","267","226","8","501","1110","0","45.14","24.05"
"63","000","00","020","0030","0255","445","314","131","8","453","988","0","45.85","31.78"
"63","000","00","020","0030","0256","470","271","199","6","476","1053","0","45.20","25.74"
"63","000","00","020","0031","0000","2010","1151","859","20","2030","4453","0","45.59","25.85"
"63","000","00","020","0031","0257","518","297","221","7","525","1140","0","46.05","26.05"
"63","000","00","020","0031","0258","516","304","212","2","518","1157","0","44.77","26.27"
"63","000","00","020","0031","0259","496","285","211","3","499","1084","0","46.03","26.29"
"63","000","00","020","0031","0260","480","265","215","8","488","1072","0","45.52","24.72"
"63","000","00","020","0032","0000","2663","1654","1009","28","2691","5784","0","46.52","28.60"
"63","000","00","020","0032","0261","579","395","184","7","586","1135","0","51.63","34.80"
"63","000","00","020","0032","0262","570","332","238","9","579","1144","0","50.61","29.02"
"63","000","00","020","0032","0263","477","286","191","3","480","1202","0","39.93","23.79"
"63","000","00","020","0032","0264","406","256","150","6","412","1005","0","41.00","25.47"
"63","000","00","020","0032","0265","631","385","246","3","634","1298","0","48.84","29.66"
"63","000","00","020","0033","0000","2736","1558","1178","20","2756","6519","0","42.28","23.90"
"63","000","00","020","0033","0266","354","192","162","2","356","861","0","41.35","22.30"
"63","000","00","020","0033","0267","438","245","193","2","440","1055","0","41.71","23.22"
"63","000","00","020","0033","0268","520","315","205","6","526","1206","0","43.62","26.12"
"63","000","00","020","0033","0269","453","257","196","3","456","1101","0","41.42","23.34"
"63","000","00","020","0033","0270","527","293","234","4","531","1261","0","42.11","23.24"
"63","000","00","020","0033","0271","444","256","188","3","447","1035","0","43.19","24.73"
"63","000","00","020","0034","0000","1910","1077","833","20","1930","3961","0","48.73","27.19"
"63","000","00","020","0034","0272","485","256","229","4","489","1027","0","47.61","24.93"
"63","000","00","020","0034","0273","447","266","181","3","450","996","0","45.18","26.71"
"63","000","00","020","0034","0274","520","263","257","6","526","1050","0","50.10","25.05"
"63","000","00","020","0034","0275","458","292","166","7","465","888","0","52.36","32.88"
"63","000","00","020","0035","0000","1482","874","608","7","1489","3292","0","45.23","26.55"
"63","000","00","020","0035","0276","443","250","193","2","445","1039","0","42.83","24.06"
"63","000","00","020","0035","0277","528","281","247","2","530","1122","0","47.24","25.04"
"63","000","00","020","0035","0278","511","343","168","3","514","1131","0","45.45","30.33"
"63","000","00","020","0036","0000","2938","1750","1188","17","2955","6033","0","48.98","29.01"
"63","000","00","020","0036","0279","631","343","288","4","635","1185","0","53.59","28.95"
"63","000","00","020","0036","0280","592","356","236","3","595","1151","0","51.69","30.93"
"63","000","00","020","0036","0281","601","368","233","1","602","1332","0","45.20","27.63"
"63","000","00","020","0036","0282","541","345","196","4","545","1113","0","48.97","31.00"
"63","000","00","020","0036","0283","573","338","235","5","578","1252","0","46.17","27.00"
"63","000","00","020","0037","0000","1328","729","599","9","1337","2713","0","49.28","26.87"
"63","000","00","020","0037","0284","450","261","189","0","450","849","0","53.00","30.74"
"63","000","00","020","0037","0285","464","224","240","2","466","948","0","49.16","23.63"
"63","000","00","020","0037","0286","414","244","170","7","421","916","0","45.96","26.64"
"63","000","00","020","0038","0000","1554","912","642","14","1568","3427","0","45.75","26.61"
"63","000","00","020","0038","0287","445","251","194","5","450","1169","0","38.49","21.47"
"63","000","00","020","0038","0288","546","315","231","4","550","1118","0","49.19","28.18"
"63","000","00","020","0038","0289","563","346","217","5","568","1140","0","49.82","30.35"
"63","000","00","020","0039","0000","2915","1695","1220","33","2948","5973","0","49.36","28.38"
"63","000","00","020","0039","0290","577","326","251","7","584","1196","0","48.83","27.26"
"63","000","00","020","0039","0291","597","345","252","6","603","1254","0","48.09","27.51"
"63","000","00","020","0039","0292","492","290","202","6","498","1025","0","48.59","28.29"
"63","000","00","020","0039","0293","620","376","244","6","626","1262","0","49.60","29.79"
"63","000","00","020","0039","0294","629","358","271","8","637","1236","0","51.54","28.96"
"63","000","00","020","0040","0000","1994","1180","814","12","2006","4141","0","48.44","28.50"
"63","000","00","020","0040","0295","536","322","214","5","541","1141","0","47.41","28.22"
"63","000","00","020","0040","0296","446","268","178","3","449","921","0","48.75","29.10"
"63","000","00","020","0040","0297","558","346","212","2","560","1111","0","50.41","31.14"
"63","000","00","020","0040","0298","454","244","210","2","456","968","0","47.11","25.21"
"63","000","00","020","0041","0000","733","479","254","16","749","1734","0","43.19","27.62"
"63","000","00","020","0041","0299","420","246","174","9","429","984","0","43.60","25.00"
"63","000","00","020","0041","0300","313","233","80","7","320","750","0","42.67","31.07"
"63","000","00","030","0000","0000","116999","66625","50374","1116","118115","242869","296546","48.63","27.43"
"63","000","00","030","0001","0000","2293","1423","870","15","2308","4632","0","49.83","30.72"
"63","000","00","030","0001","0301","535","304","231","1","536","1147","0","46.73","26.50"
"63","000","00","030","0001","0302","509","307","202","5","514","1124","0","45.73","27.31"
"63","000","00","030","0001","0303","615","401","214","5","620","1156","0","53.63","34.69"
"63","000","00","030","0001","0304","634","411","223","4","638","1205","0","52.95","34.11"
"63","000","00","030","0002","0000","2165","1135","1030","16","2181","4304","0","50.67","26.37"
"63","000","00","030","0002","0305","729","388","341","5","734","1462","0","50.21","26.54"
"63","000","00","030","0002","0306","624","305","319","8","632","1294","0","48.84","23.57"
"63","000","00","030","0002","0307","812","442","370","3","815","1548","0","52.65","28.55"
"63","000","00","030","0003","0000","2629","1511","1118","16","2645","5471","0","48.35","27.62"
"63","000","00","030","0003","0308","725","417","308","3","728","1325","0","54.94","31.47"
"63","000","00","030","0003","0309","554","313","241","5","559","1250","0","44.72","25.04"
"63","000","00","030","0003","0310","687","379","308","4","691","1501","0","46.04","25.25"
"63","000","00","030","0003","0311","663","402","261","4","667","1395","0","47.81","28.82"
"63","000","00","030","0004","0000","3219","1719","1500","31","3250","6608","0","49.18","26.01"
"63","000","00","030","0004","0312","564","282","282","2","566","1171","0","48.33","24.08"
"63","000","00","030","0004","0313","614","319","295","7","621","1230","0","50.49","25.93"
"63","000","00","030","0004","0314","691","320","371","4","695","1442","0","48.20","22.19"
"63","000","00","030","0004","0315","643","391","252","8","651","1332","0","48.87","29.35"
"63","000","00","030","0004","0316","707","407","300","10","717","1433","0","50.03","28.40"
"63","000","00","030","0005","0000","1914","1015","899","14","1928","4212","0","45.77","24.10"
"63","000","00","030","0005","0317","510","258","252","7","517","1096","0","47.17","23.54"
"63","000","00","030","0005","0318","499","254","245","1","500","1118","0","44.72","22.72"
"63","000","00","030","0005","0319","490","279","211","5","495","1060","0","46.70","26.32"
"63","000","00","030","0005","0320","415","224","191","1","416","938","0","44.35","23.88"
"63","000","00","030","0006","0000","2470","1627","843","9","2479","4707","0","52.67","34.57"
"63","000","00","030","0006","0321","455","336","119","2","457","917","0","49.84","36.64"
"63","000","00","030","0006","0322","651","520","131","6","657","1232","0","53.33","42.21"
"63","000","00","030","0006","0323","674","444","230","1","675","1294","0","52.16","34.31"
"63","000","00","030","0006","0324","690","327","363","0","690","1264","0","54.59","25.87"
"63","000","00","030","0007","0000","2709","1459","1250","27","2736","5704","0","47.97","25.58"
"63","000","00","030","0007","0325","719","384","335","7","726","1514","0","47.95","25.36"
"63","000","00","030","0007","0326","684","358","326","7","691","1390","0","49.71","25.76"
"63","000","00","030","0007","0327","758","414","344","7","765","1556","0","49.16","26.61"
"63","000","00","030","0007","0328","548","303","245","6","554","1244","0","44.53","24.36"
"63","000","00","030","0008","0000","1353","656","697","16","1369","2713","0","50.46","24.18"
"63","000","00","030","0008","0329","625","311","314","7","632","1229","0","51.42","25.31"
"63","000","00","030","0008","0330","728","345","383","9","737","1484","0","49.66","23.25"
"63","000","00","030","0009","0000","1667","870","797","18","1685","3427","0","49.17","25.39"
"63","000","00","030","0009","0331","542","286","256","8","550","1148","0","47.91","24.91"
"63","000","00","030","0009","0332","600","317","283","5","605","1179","0","51.31","26.89"
"63","000","00","030","0009","0333","525","267","258","5","530","1100","0","48.18","24.27"
"63","000","00","030","0010","0000","2841","1551","1290","32","2873","6211","0","46.26","24.97"
"63","000","00","030","0010","0334","499","291","208","3","502","1198","0","41.90","24.29"
"63","000","00","030","0010","0335","667","337","330","4","671","1375","0","48.80","24.51"
"63","000","00","030","0010","0336","592","320","272","9","601","1218","0","49.34","26.27"
"63","000","00","030","0010","0337","536","289","247","7","543","1217","0","44.62","23.75"
"63","000","00","030","0010","0338","547","314","233","9","556","1203","0","46.22","26.10"
"63","000","00","030","0011","0000","2345","1323","1022","26","2371","4608","0","51.45","28.71"
"63","000","00","030","0011","0339","489","258","231","8","497","1053","0","47.20","24.50"
"63","000","00","030","0011","0340","649","351","298","9","658","1248","0","52.72","28.13"
"63","000","00","030","0011","0341","663","353","310","6","669","1254","0","53.35","28.15"
"63","000","00","030","0011","0342","544","361","183","3","547","1053","0","51.95","34.28"
"63","000","00","030","0012","0000","1910","1019","891","17","1927","4046","0","47.63","25.19"
"63","000","00","030","0012","0343","602","322","280","4","606","1305","0","46.44","24.67"
"63","000","00","030","0012","0344","689","354","335","5","694","1392","0","49.86","25.43"
"63","000","00","030","0012","0345","619","343","276","8","627","1349","0","46.48","25.43"
"63","000","00","030","0013","0000","1795","969","826","14","1809","3495","0","51.76","27.73"
"63","000","00","030","0013","0346","572","301","271","4","576","1134","0","50.79","26.54"
"63","000","00","030","0013","0347","628","344","284","7","635","1241","0","51.17","27.72"
"63","000","00","030","0013","0348","595","324","271","3","598","1120","0","53.39","28.93"
"63","000","00","030","0014","0000","2890","1587","1303","25","2915","6074","0","47.99","26.13"
"63","000","00","030","0014","0349","588","320","268","5","593","1185","0","50.04","27.00"
"63","000","00","030","0014","0350","578","369","209","5","583","1226","0","47.55","30.10"
"63","000","00","030","0014","0351","605","343","262","6","611","1198","0","51.00","28.63"
"63","000","00","030","0014","0352","559","269","290","4","563","1228","0","45.85","21.91"
"63","000","00","030","0014","0353","560","286","274","5","565","1237","0","45.68","23.12"
"63","000","00","030","0015","0000","2438","1295","1143","20","2458","6710","0","36.63","19.30"
"63","000","00","030","0015","0354","516","286","230","6","522","2719","0","19.20","10.52"
"63","000","00","030","0015","0355","599","310","289","2","601","1259","0","47.74","24.62"
"63","000","00","030","0015","0356","633","322","311","7","640","1287","0","49.73","25.02"
"63","000","00","030","0015","0357","690","377","313","5","695","1445","0","48.10","26.09"
"63","000","00","030","0016","0000","2354","1338","1016","17","2371","4806","0","49.33","27.84"
"63","000","00","030","0016","0358","521","331","190","4","525","1049","0","50.05","31.55"
"63","000","00","030","0016","0359","675","366","309","4","679","1290","0","52.64","28.37"
"63","000","00","030","0016","0360","569","316","253","0","569","1202","0","47.34","26.29"
"63","000","00","030","0016","0361","589","325","264","9","598","1265","0","47.27","25.69"
"63","000","00","030","0017","0000","2371","1266","1105","24","2395","5061","0","47.32","25.01"
"63","000","00","030","0017","0362","586","315","271","7","593","1302","0","45.55","24.19"
"63","000","00","030","0017","0363","576","317","259","4","580","1259","0","46.07","25.18"
"63","000","00","030","0017","0364","620","341","279","6","626","1317","0","47.53","25.89"
"63","000","00","030","0017","0365","589","293","296","7","596","1183","0","50.38","24.77"
"63","000","00","030","0018","0000","1432","804","628","9","1441","2977","0","48.40","27.01"
"63","000","00","030","0018","0366","464","247","217","3","467","963","0","48.49","25.65"
"63","000","00","030","0018","0367","483","282","201","6","489","965","0","50.67","29.22"
"63","000","00","030","0018","0368","485","275","210","0","485","1049","0","46.23","26.22"
"63","000","00","030","0019","0000","1466","827","639","19","1485","2987","0","49.72","27.69"
"63","000","00","030","0019","0369","743","441","302","9","752","1480","0","50.81","29.80"
"63","000","00","030","0019","0370","723","386","337","10","733","1507","0","48.64","25.61"
"63","000","00","030","0020","0000","1491","916","575","20","1511","3004","0","50.30","30.49"
"63","000","00","030","0020","0371","756","498","258","15","771","1491","0","51.71","33.40"
"63","000","00","030","0020","0372","735","418","317","5","740","1513","0","48.91","27.63"
"63","000","00","030","0021","0000","2359","1358","1001","21","2380","4627","0","51.44","29.35"
"63","000","00","030","0021","0373","501","293","208","5","506","1046","0","48.37","28.01"
"63","000","00","030","0021","0374","611","377","234","8","619","1115","0","55.52","33.81"
"63","000","00","030","0021","0375","617","338","279","5","622","1231","0","50.53","27.46"
"63","000","00","030","0021","0376","630","350","280","3","633","1235","0","51.26","28.34"
"63","000","00","030","0022","0000","2696","1581","1115","27","2723","5613","0","48.51","28.17"
"63","000","00","030","0022","0377","589","347","242","7","596","1322","0","45.08","26.25"
"63","000","00","030","0022","0378","737","433","304","10","747","1477","0","50.58","29.32"
"63","000","00","030","0022","0379","642","358","284","6","648","1373","0","47.20","26.07"
"63","000","00","030","0022","0380","728","443","285","4","732","1441","0","50.80","30.74"
"63","000","00","030","0023","0000","2891","1935","956","30","2921","5527","0","52.85","35.01"
"63","000","00","030","0023","0381","698","421","277","6","704","1329","0","52.97","31.68"
"63","000","00","030","0023","0382","688","462","226","12","700","1388","0","50.43","33.29"
"63","000","00","030","0023","0383","750","479","271","4","754","1411","0","53.44","33.95"
"63","000","00","030","0023","0384","755","573","182","8","763","1399","0","54.54","40.96"
"63","000","00","030","0026","0000","1477","823","654","8","1485","2947","0","50.39","27.93"
"63","000","00","030","0026","0385","765","419","346","5","770","1551","0","49.65","27.01"
"63","000","00","030","0026","0386","712","404","308","3","715","1396","0","51.22","28.94"
"63","000","00","030","0027","0000","1996","1123","873","18","2014","3937","0","51.16","28.52"
"63","000","00","030","0027","0387","736","427","309","3","739","1446","0","51.11","29.53"
"63","000","00","030","0027","0388","745","404","341","9","754","1365","0","55.24","29.60"
"63","000","00","030","0027","0389","515","292","223","6","521","1126","0","46.27","25.93"
"63","000","00","030","0028","0000","2751","1607","1144","29","2780","5409","0","51.40","29.71"
"63","000","00","030","0028","0390","712","418","294","5","717","1374","0","52.18","30.42"
"63","000","00","030","0028","0391","704","400","304","8","712","1398","0","50.93","28.61"
"63","000","00","030","0028","0392","671","391","280","9","680","1316","0","51.67","29.71"
"63","000","00","030","0028","0393","664","398","266","7","671","1321","0","50.79","30.13"
"63","000","00","030","0029","0000","1869","1105","764","23","1892","4245","0","44.57","26.03"
"63","000","00","030","0029","0394","638","352","286","3","641","1423","0","45.05","24.74"
"63","000","00","030","0029","0395","571","327","244","9","580","1399","0","41.46","23.37"
"63","000","00","030","0029","0396","660","426","234","11","671","1423","0","47.15","29.94"
"63","000","00","030","0030","0000","2070","1218","852","15","2085","4455","0","46.80","27.34"
"63","000","00","030","0030","0397","512","312","200","2","514","1155","0","44.50","27.01"
"63","000","00","030","0030","0398","516","299","217","6","522","1055","0","49.48","28.34"
"63","000","00","030","0030","0399","536","313","223","4","540","1149","0","47.00","27.24"
"63","000","00","030","0030","0400","506","294","212","3","509","1096","0","46.44","26.82"
"63","000","00","030","0031","0000","2482","1225","1257","23","2505","5249","0","47.72","23.34"
"63","000","00","030","0031","0401","618","301","317","5","623","1288","0","48.37","23.37"
"63","000","00","030","0031","0402","669","353","316","7","676","1358","0","49.78","25.99"
"63","000","00","030","0031","0403","630","307","323","8","638","1347","0","47.36","22.79"
"63","000","00","030","0031","0404","565","264","301","3","568","1256","0","45.22","21.02"
"63","000","00","030","0032","0000","2172","1181","991","37","2209","4590","0","48.13","25.73"
"63","000","00","030","0032","0405","527","303","224","9","536","1089","0","49.22","27.82"
"63","000","00","030","0032","0406","501","253","248","8","509","1011","0","50.35","25.02"
"63","000","00","030","0032","0407","567","311","256","10","577","1284","0","44.94","24.22"
"63","000","00","030","0032","0408","577","314","263","10","587","1206","0","48.67","26.04"
"63","000","00","030","0033","0000","1629","905","724","21","1650","3527","0","46.78","25.66"
"63","000","00","030","0033","0409","536","298","238","6","542","1261","0","42.98","23.63"
"63","000","00","030","0033","0410","573","324","249","7","580","1202","0","48.25","26.96"
"63","000","00","030","0033","0411","520","283","237","8","528","1064","0","49.62","26.60"
"63","000","00","030","0034","0000","1865","1167","698","20","1885","3732","0","50.51","31.27"
"63","000","00","030","0034","0412","565","353","212","6","571","1154","0","49.48","30.59"
"63","000","00","030","0034","0413","682","470","212","4","686","1375","0","49.89","34.18"
"63","000","00","030","0034","0414","618","344","274","10","628","1203","0","52.20","28.60"
"63","000","00","030","0035","0000","1781","1055","726","23","1804","3699","0","48.77","28.52"
"63","000","00","030","0035","0415","590","339","251","5","595","1240","0","47.98","27.34"
"63","000","00","030","0035","0416","595","379","216","12","607","1244","0","48.79","30.47"
"63","000","00","030","0035","0417","596","337","259","6","602","1215","0","49.55","27.74"
"63","000","00","030","0036","0000","2401","1488","913","23","2424","4899","0","49.48","30.37"
"63","000","00","030","0036","0418","670","400","270","6","676","1323","0","51.10","30.23"
"63","000","00","030","0036","0419","542","319","223","4","546","1103","0","49.50","28.92"
"63","000","00","030","0036","0420","634","413","221","9","643","1320","0","48.71","31.29"
"63","000","00","030","0036","0421","555","356","199","4","559","1153","0","48.48","30.88"
"63","000","00","030","0037","0000","3139","2260","879","23","3162","5848","0","54.07","38.65"
"63","000","00","030","0037","0422","633","513","120","5","638","1157","0","55.14","44.34"
"63","000","00","030","0037","0423","592","419","173","4","596","1064","0","56.02","39.38"
"63","000","00","030","0037","0424","609","428","181","4","613","1133","0","54.10","37.78"
"63","000","00","030","0037","0425","679","452","227","6","685","1271","0","53.89","35.56"
"63","000","00","030","0037","0426","626","448","178","4","630","1223","0","51.51","36.63"
"63","000","00","030","0038","0000","1550","873","677","11","1561","3137","0","49.76","27.83"
"63","000","00","030","0038","0427","715","376","339","5","720","1433","0","50.24","26.24"
"63","000","00","030","0038","0428","393","232","161","3","396","752","0","52.66","30.85"
"63","000","00","030","0038","0429","442","265","177","3","445","952","0","46.74","27.84"
"63","000","00","030","0039","0000","870","524","346","13","883","1729","0","51.07","30.31"
"63","000","00","030","0039","0430","434","264","170","4","438","900","0","48.67","29.33"
"63","000","00","030","0039","0431","436","260","176","9","445","829","0","53.68","31.36"
"63","000","00","030","0040","0000","3681","2038","1643","30","3711","7435","0","49.91","27.41"
"63","000","00","030","0040","0432","638","366","272","4","642","1325","0","48.45","27.62"
"63","000","00","030","0040","0433","663","390","273","6","669","1272","0","52.59","30.66"
"63","000","00","030","0040","0434","556","299","257","7","563","1129","0","49.87","26.48"
"63","000","00","030","0040","0435","593","336","257","4","597","1265","0","47.19","26.56"
"63","000","00","030","0040","0436","625","321","304","4","629","1228","0","51.22","26.14"
"63","000","00","030","0040","0437","606","326","280","5","611","1216","0","50.25","26.81"
"63","000","00","030","0041","0000","1847","1002","845","13","1860","3529","0","52.71","28.39"
"63","000","00","030","0041","0438","612","315","297","7","619","1232","0","50.24","25.57"
"63","000","00","030","0041","0439","582","322","260","4","586","1083","0","54.11","29.73"
"63","000","00","030","0041","0440","653","365","288","2","655","1214","0","53.95","30.07"
"63","000","00","030","0043","0000","3641","2054","1587","33","3674","6961","0","52.78","29.51"
"63","000","00","030","0043","0441","792","433","359","6","798","1475","0","54.10","29.36"
"63","000","00","030","0043","0442","705","408","297","7","712","1387","0","51.33","29.42"
"63","000","00","030","0043","0443","707","394","313","8","715","1364","0","52.42","28.89"
"63","000","00","030","0043","0444","705","416","289","8","713","1407","0","50.68","29.57"
"63","000","00","030","0043","0445","732","403","329","4","736","1328","0","55.42","30.35"
"63","000","00","030","0044","0000","2333","1342","991","28","2361","4904","0","48.14","27.37"
"63","000","00","030","0044","0446","557","350","207","8","565","1238","0","45.64","28.27"
"63","000","00","030","0044","0447","592","345","247","7","599","1191","0","50.29","28.97"
"63","000","00","030","0044","0448","579","320","259","6","585","1232","0","47.48","25.97"
"63","000","00","030","0044","0449","605","327","278","7","612","1243","0","49.24","26.31"
"63","000","00","030","0046","0000","2097","1175","922","23","2120","4683","0","45.27","25.09"
"63","000","00","030","0046","0450","562","330","232","3","565","1277","0","44.24","25.84"
"63","000","00","030","0046","0451","498","265","233","8","506","1094","0","46.25","24.22"
"63","000","00","030","0046","0452","488","265","223","7","495","1019","0","48.58","26.01"
"63","000","00","030","0046","0453","549","315","234","5","554","1293","0","42.85","24.36"
"63","000","00","030","0047","0000","3201","1814","1387","33","3234","6467","0","50.01","28.05"
"63","000","00","030","0047","0454","673","358","315","5","678","1403","0","48.33","25.52"
"63","000","00","030","0047","0455","616","362","254","7","623","1308","0","47.63","27.68"
"63","000","00","030","0047","0456","630","372","258","9","639","1228","0","52.04","30.29"
"63","000","00","030","0047","0457","654","369","285","6","660","1247","0","52.93","29.59"
"63","000","00","030","0047","0458","628","353","275","6","634","1281","0","49.49","27.56"
"63","000","00","030","0048","0000","1875","1150","725","22","1897","3938","0","48.17","29.20"
"63","000","00","030","0048","0459","619","386","233","10","629","1357","0","46.35","28.45"
"63","000","00","030","0048","0460","626","374","252","7","633","1244","0","50.88","30.06"
"63","000","00","030","0048","0461","630","390","240","5","635","1337","0","47.49","29.17"
"63","000","00","030","0049","0000","1820","1026","794","12","1832","4048","0","45.26","25.35"
"63","000","00","030","0049","0462","609","341","268","4","613","1380","0","44.42","24.71"
"63","000","00","030","0049","0463","624","359","265","4","628","1304","0","48.16","27.53"
"63","000","00","030","0049","0464","587","326","261","4","591","1364","0","43.33","23.90"
"63","000","00","030","0050","0000","2265","1240","1025","26","2291","5023","0","45.61","24.69"
"63","000","00","030","0050","0465","505","270","235","5","510","1200","0","42.50","22.50"
"63","000","00","030","0050","0466","593","319","274","9","602","1336","0","45.06","23.88"
"63","000","00","030","0050","0467","566","321","245","7","573","1233","0","46.47","26.03"
"63","000","00","030","0050","0468","601","330","271","5","606","1254","0","48.33","26.32"
"63","000","00","030","0051","0000","2353","1270","1083","18","2371","5100","0","46.49","24.90"
"63","000","00","030","0051","0469","561","286","275","4","565","1255","0","45.02","22.79"
"63","000","00","030","0051","0470","657","342","315","3","660","1308","0","50.46","26.15"
"63","000","00","030","0051","0471","550","317","233","7","557","1232","0","45.21","25.73"
"63","000","00","030","0051","0472","585","325","260","4","589","1305","0","45.13","24.90"
"63","000","00","030","0052","0000","1763","1020","743","18","1781","3818","0","46.65","26.72"
"63","000","00","030","0052","0473","630","381","249","7","637","1303","0","48.89","29.24"
"63","000","00","030","0052","0474","578","343","235","5","583","1280","0","45.55","26.80"
"63","000","00","030","0052","0475","555","296","259","6","561","1235","0","45.43","23.97"
"63","000","00","030","0053","0000","2338","1252","1086","25","2363","4922","0","48.01","25.44"
"63","000","00","030","0053","0476","586","317","269","7","593","1205","0","49.21","26.31"
"63","000","00","030","0053","0477","553","311","242","6","559","1247","0","44.83","24.94"
"63","000","00","030","0053","0478","623","314","309","8","631","1201","0","52.54","26.14"
"63","000","00","030","0053","0479","576","310","266","4","580","1269","0","45.71","24.43"
"63","000","00","030","0054","0000","1574","892","682","13","1587","3473","0","45.70","25.68"
"63","000","00","030","0054","0480","550","296","254","4","554","1241","0","44.64","23.85"
"63","000","00","030","0054","0481","482","304","178","4","486","1142","0","42.56","26.62"
"63","000","00","030","0054","0482","542","292","250","5","547","1090","0","50.18","26.79"
"63","000","00","030","0055","0000","2441","1295","1146","18","2459","5221","0","47.10","24.80"
"63","000","00","030","0055","0483","567","278","289","2","569","1255","0","45.34","22.15"
"63","000","00","030","0055","0484","601","336","265","4","605","1275","0","47.45","26.35"
"63","000","00","030","0055","0485","656","374","282","6","662","1322","0","50.08","28.29"
"63","000","00","030","0055","0486","617","307","310","6","623","1369","0","45.51","22.43"
"63","000","00","030","0056","0000","3055","1719","1336","39","3094","6249","0","49.51","27.51"
"63","000","00","030","0056","0487","729","434","295","6","735","1392","0","52.80","31.18"
"63","000","00","030","0056","0488","555","269","286","3","558","1217","0","45.85","22.10"
"63","000","00","030","0056","0489","564","326","238","11","575","1233","0","46.63","26.44"
"63","000","00","030","0056","0490","575","339","236","12","587","1199","0","48.96","28.27"
"63","000","00","030","0056","0491","632","351","281","7","639","1208","0","52.90","29.06"
"63","000","00","030","0057","0000","965","598","367","15","980","2171","0","45.14","27.54"
"63","000","00","030","0057","0492","365","244","121","3","368","866","0","42.49","28.18"
"63","000","00","030","0057","0493","248","148","100","5","253","604","0","41.89","24.50"
"63","000","00","030","0057","0494","352","206","146","7","359","701","0","51.21","29.39"
"63","000","00","040","0000","0000","86216","42506","43710","834","87050","188193","219840","46.26","22.59"
"63","000","00","040","0001","0000","1270","612","658","11","1281","2806","0","45.65","21.81"
"63","000","00","040","0001","0495","656","327","329","6","662","1509","0","43.87","21.67"
"63","000","00","040","0001","0496","614","285","329","5","619","1297","0","47.73","21.97"
"63","000","00","040","0002","0000","1848","942","906","14","1862","4541","0","41.00","20.74"
"63","000","00","040","0002","0497","628","330","298","4","632","1571","0","40.23","21.01"
"63","000","00","040","0002","0498","621","317","304","7","628","1540","0","40.78","20.58"
"63","000","00","040","0002","0499","599","295","304","3","602","1430","0","42.10","20.63"
"63","000","00","040","0003","0000","1371","695","676","16","1387","3136","0","44.23","22.16"
"63","000","00","040","0003","0500","686","347","339","6","692","1538","0","44.99","22.56"
"63","000","00","040","0003","0501","685","348","337","10","695","1598","0","43.49","21.78"
"63","000","00","040","0004","0000","1819","829","990","18","1837","3798","0","48.37","21.83"
"63","000","00","040","0004","0502","603","239","364","6","609","1279","0","47.62","18.69"
"63","000","00","040","0004","0503","553","280","273","8","561","1123","0","49.96","24.93"
"63","000","00","040","0004","0504","663","310","353","4","667","1396","0","47.78","22.21"
"63","000","00","040","0005","0000","1002","543","459","12","1014","2307","0","43.95","23.54"
"63","000","00","040","0005","0505","437","229","208","4","441","1020","0","43.24","22.45"
"63","000","00","040","0005","0506","565","314","251","8","573","1287","0","44.52","24.40"
"63","000","00","040","0006","0000","2501","1242","1259","17","2518","5902","0","42.66","21.04"
"63","000","00","040","0006","0507","485","229","256","3","488","1110","0","43.96","20.63"
"63","000","00","040","0006","0508","533","259","274","5","538","1186","0","45.36","21.84"
"63","000","00","040","0006","0509","463","239","224","3","466","1142","0","40.81","20.93"
"63","000","00","040","0006","0510","440","245","195","2","442","1169","0","37.81","20.96"
"63","000","00","040","0006","0511","580","270","310","4","584","1295","0","45.10","20.85"
"63","000","00","040","0007","0000","1456","767","689","14","1470","3728","0","39.43","20.57"
"63","000","00","040","0007","0512","506","243","263","6","512","1263","0","40.54","19.24"
"63","000","00","040","0007","0513","504","265","239","3","507","1204","0","42.11","22.01"
"63","000","00","040","0007","0514","446","259","187","5","451","1261","0","35.77","20.54"
"63","000","00","040","0008","0000","2713","1198","1515","25","2738","5936","0","46.13","20.18"
"63","000","00","040","0008","0515","713","289","424","9","722","1470","0","49.12","19.66"
"63","000","00","040","0008","0516","706","321","385","2","708","1533","0","46.18","20.94"
"63","000","00","040","0008","0517","667","267","400","8","675","1503","0","44.91","17.76"
"63","000","00","040","0008","0518","627","321","306","6","633","1430","0","44.27","22.45"
"63","000","00","040","0009","0000","1487","685","802","11","1498","3471","0","43.16","19.73"
"63","000","00","040","0009","0519","481","234","247","8","489","1125","0","43.47","20.80"
"63","000","00","040","0009","0520","580","254","326","2","582","1195","0","48.70","21.26"
"63","000","00","040","0009","0521","426","197","229","1","427","1151","0","37.10","17.12"
"63","000","00","040","0010","0000","1777","872","905","17","1794","4310","0","41.62","20.23"
"63","000","00","040","0010","0522","501","214","287","4","505","1124","0","44.93","19.04"
"63","000","00","040","0010","0523","483","240","243","5","488","1202","0","40.60","19.97"
"63","000","00","040","0010","0524","449","235","214","4","453","1056","0","42.90","22.25"
"63","000","00","040","0010","0525","344","183","161","4","348","928","0","37.50","19.72"
"63","000","00","040","0011","0000","1943","1012","931","14","1957","4704","0","41.60","21.51"
"63","000","00","040","0011","0526","462","248","214","2","464","1208","0","38.41","20.53"
"63","000","00","040","0011","0527","448","233","215","5","453","1030","0","43.98","22.62"
"63","000","00","040","0011","0528","528","268","260","4","532","1227","0","43.36","21.84"
"63","000","00","040","0011","0529","505","263","242","3","508","1239","0","41.00","21.23"
"63","000","00","040","0012","0000","1556","716","840","8","1564","3587","0","43.60","19.96"
"63","000","00","040","0012","0530","472","216","256","0","472","1136","0","41.55","19.01"
"63","000","00","040","0012","0531","603","271","332","4","607","1288","0","47.13","21.04"
"63","000","00","040","0012","0532","481","229","252","4","485","1163","0","41.70","19.69"
"63","000","00","040","0013","0000","1554","1207","347","19","1573","3095","0","50.82","39.00"
"63","000","00","040","0013","0536","496","398","98","4","500","984","0","50.81","40.45"
"63","000","00","040","0013","0537","473","335","138","8","481","1081","0","44.50","30.99"
"63","000","00","040","0013","0538","585","474","111","7","592","1030","0","57.48","46.02"
"63","000","00","040","0014","0000","3688","2088","1600","41","3729","7456","0","50.01","28.00"
"63","000","00","040","0014","0539","669","354","315","8","677","1332","0","50.83","26.58"
"63","000","00","040","0014","0540","577","336","241","8","585","1154","0","50.69","29.12"
"63","000","00","040","0014","0541","587","316","271","9","596","1188","0","50.17","26.60"
"63","000","00","040","0014","0542","699","406","293","9","708","1363","0","51.94","29.79"
"63","000","00","040","0014","0543","501","309","192","2","503","1075","0","46.79","28.74"
"63","000","00","040","0014","0544","655","367","288","5","660","1344","0","49.11","27.31"
"63","000","00","040","0015","0000","2478","1251","1227","24","2502","5305","0","47.16","23.58"
"63","000","00","040","0015","0545","686","340","346","10","696","1379","0","50.47","24.66"
"63","000","00","040","0015","0546","679","313","366","4","683","1402","0","48.72","22.33"
"63","000","00","040","0015","0547","622","340","282","7","629","1329","0","47.33","25.58"
"63","000","00","040","0015","0548","491","258","233","3","494","1195","0","41.34","21.59"
"63","000","00","040","0016","0000","3802","1993","1809","44","3846","7732","0","49.74","25.78"
"63","000","00","040","0016","0549","615","340","275","11","626","1314","0","47.64","25.88"
"63","000","00","040","0016","0550","714","388","326","5","719","1494","0","48.13","25.97"
"63","000","00","040","0016","0551","800","407","393","10","810","1607","0","50.40","25.33"
"63","000","00","040","0016","0552","798","407","391","12","810","1612","0","50.25","25.25"
"63","000","00","040","0016","0553","875","451","424","6","881","1705","0","51.67","26.45"
"63","000","00","040","0017","0000","414","144","270","2","416","904","0","46.02","15.93"
"63","000","00","040","0017","0577","414","144","270","2","416","904","0","46.02","15.93"
"63","000","00","040","0018","0000","1950","875","1075","12","1962","4399","0","44.60","19.89"
"63","000","00","040","0018","0561","642","291","351","3","645","1516","0","42.55","19.20"
"63","000","00","040","0018","0562","666","278","388","3","669","1441","0","46.43","19.29"
"63","000","00","040","0018","0563","642","306","336","6","648","1442","0","44.94","21.22"
"63","000","00","040","0019","0000","1991","902","1089","26","2017","4267","0","47.27","21.14"
"63","000","00","040","0019","0533","616","313","303","7","623","1447","0","43.05","21.63"
"63","000","00","040","0019","0534","758","324","434","9","767","1498","0","51.20","21.63"
"63","000","00","040","0019","0535","617","265","352","10","627","1322","0","47.43","20.05"
"63","000","00","040","0020","0000","2107","847","1260","18","2125","4414","0","48.14","19.19"
"63","000","00","040","0020","0564","747","262","485","4","751","1503","0","49.97","17.43"
"63","000","00","040","0020","0565","674","282","392","11","685","1424","0","48.10","19.80"
"63","000","00","040","0020","0566","686","303","383","3","689","1487","0","46.33","20.38"
"63","000","00","040","0021","0000","2563","1175","1388","24","2587","5384","0","48.05","21.82"
"63","000","00","040","0021","0567","554","223","331","6","560","1281","0","43.72","17.41"
"63","000","00","040","0021","0568","706","311","395","4","710","1432","0","49.58","21.72"
"63","000","00","040","0021","0569","673","323","350","7","680","1363","0","49.89","23.70"
"63","000","00","040","0021","0570","630","318","312","7","637","1308","0","48.70","24.31"
"63","000","00","040","0022","0000","1858","822","1036","17","1875","4061","0","46.17","20.24"
"63","000","00","040","0022","0571","583","277","306","5","588","1207","0","48.72","22.95"
"63","000","00","040","0022","0572","619","246","373","7","626","1373","0","45.59","17.92"
"63","000","00","040","0022","0573","656","299","357","5","661","1481","0","44.63","20.19"
"63","000","00","040","0023","0000","1946","847","1099","26","1972","4318","0","45.67","19.62"
"63","000","00","040","0023","0574","686","284","402","5","691","1537","0","44.96","18.48"
"63","000","00","040","0023","0575","639","291","348","9","648","1382","0","46.89","21.06"
"63","000","00","040","0023","0576","621","272","349","12","633","1399","0","45.25","19.44"
"63","000","00","040","0024","0000","2328","1141","1187","27","2355","6616","0","35.60","17.25"
"63","000","00","040","0024","0578","507","234","273","2","509","1006","0","50.60","23.26"
"63","000","00","040","0024","0579","534","268","266","6","540","1144","0","47.20","23.43"
"63","000","00","040","0024","0580","621","303","318","7","628","1278","0","49.14","23.71"
"63","000","00","040","0024","0581","666","336","330","12","678","3188","0","21.27","10.54"
"63","000","00","040","0025","0000","3069","1369","1700","29","3098","6794","0","45.60","20.15"
"63","000","00","040","0025","0582","635","278","357","3","638","1305","0","48.89","21.30"
"63","000","00","040","0025","0583","690","306","384","3","693","1544","0","44.88","19.82"
"63","000","00","040","0025","0584","547","242","305","8","555","1265","0","43.87","19.13"
"63","000","00","040","0025","0585","582","260","322","9","591","1329","0","44.47","19.56"
"63","000","00","040","0025","0586","615","283","332","6","621","1351","0","45.97","20.95"
"63","000","00","040","0026","0000","1580","688","892","21","1601","3692","0","43.36","18.63"
"63","000","00","040","0026","0587","595","290","305","11","606","1322","0","45.84","21.94"
"63","000","00","040","0026","0588","424","180","244","6","430","1118","0","38.46","16.10"
"63","000","00","040","0026","0589","561","218","343","4","565","1252","0","45.13","17.41"
"63","000","00","040","0027","0000","3082","1422","1660","25","3107","6421","0","48.39","22.15"
"63","000","00","040","0027","0590","623","289","334","4","627","1340","0","46.79","21.57"
"63","000","00","040","0027","0591","619","302","317","6","625","1214","0","51.48","24.88"
"63","000","00","040","0027","0592","595","281","314","4","599","1275","0","46.98","22.04"
"63","000","00","040","0027","0593","653","287","366","7","660","1317","0","50.11","21.79"
"63","000","00","040","0027","0594","592","263","329","4","596","1275","0","46.75","20.63"
"63","000","00","040","0028","0000","2844","1437","1407","28","2872","5828","0","49.28","24.66"
"63","000","00","040","0028","0595","800","407","393","8","808","1584","0","51.01","25.69"
"63","000","00","040","0028","0596","681","350","331","5","686","1403","0","48.90","24.95"
"63","000","00","040","0028","0597","664","302","362","6","670","1364","0","49.12","22.14"
"63","000","00","040","0028","0598","699","378","321","9","708","1477","0","47.94","25.59"
"63","000","00","040","0029","0000","3100","1438","1662","26","3126","6371","0","49.07","22.57"
"63","000","00","040","0029","0599","622","320","302","5","627","1279","0","49.02","25.02"
"63","000","00","040","0029","0600","575","263","312","3","578","1280","0","45.16","20.55"
"63","000","00","040","0029","0601","651","264","387","5","656","1302","0","50.38","20.28"
"63","000","00","040","0029","0602","628","265","363","7","635","1232","0","51.54","21.51"
"63","000","00","040","0029","0603","624","326","298","6","630","1278","0","49.30","25.51"
"63","000","00","040","0030","0000","2262","945","1317","19","2281","4719","0","48.34","20.03"
"63","000","00","040","0030","0604","739","366","373","7","746","1540","0","48.44","23.77"
"63","000","00","040","0030","0605","792","290","502","8","800","1590","0","50.31","18.24"
"63","000","00","040","0030","0606","731","289","442","4","735","1589","0","46.26","18.19"
"63","000","00","040","0031","0000","2187","983","1204","13","2200","4380","0","50.23","22.44"
"63","000","00","040","0031","0607","744","342","402","7","751","1512","0","49.67","22.62"
"63","000","00","040","0031","0608","756","317","439","4","760","1451","0","52.38","21.85"
"63","000","00","040","0031","0609","687","324","363","2","689","1417","0","48.62","22.87"
"63","000","00","040","0032","0000","2149","1004","1145","21","2170","4589","0","47.29","21.88"
"63","000","00","040","0032","0610","746","337","409","11","757","1593","0","47.52","21.16"
"63","000","00","040","0032","0611","708","355","353","7","715","1514","0","47.23","23.45"
"63","000","00","040","0032","0612","695","312","383","3","698","1482","0","47.10","21.05"
"63","000","00","040","0033","0000","1464","696","768","9","1473","3031","0","48.60","22.96"
"63","000","00","040","0033","0613","547","284","263","3","550","1128","0","48.76","25.18"
"63","000","00","040","0033","0614","491","230","261","2","493","1012","0","48.72","22.73"
"63","000","00","040","0033","0615","426","182","244","4","430","891","0","48.26","20.43"
"63","000","00","040","0034","0000","2071","1053","1018","18","2089","4892","0","42.70","21.52"
"63","000","00","040","0034","0616","545","272","273","5","550","1292","0","42.57","21.05"
"63","000","00","040","0034","0617","538","296","242","8","546","1233","0","44.28","24.01"
"63","000","00","040","0034","0618","469","232","237","5","474","1138","0","41.65","20.39"
"63","000","00","040","0034","0619","519","253","266","0","519","1229","0","42.23","20.59"
"63","000","00","040","0035","0000","2232","1540","692","26","2258","4278","0","52.78","36.00"
"63","000","00","040","0035","0620","512","318","194","5","517","1020","0","50.69","31.18"
"63","000","00","040","0035","0621","556","362","194","7","563","1085","0","51.89","33.36"
"63","000","00","040","0035","0622","581","417","164","6","587","1025","0","57.27","40.68"
"63","000","00","040","0035","0623","583","443","140","8","591","1148","0","51.48","38.59"
"63","000","00","040","0036","0000","1857","862","995","18","1875","3885","0","48.26","22.19"
"63","000","00","040","0036","0624","616","297","319","5","621","1310","0","47.40","22.67"
"63","000","00","040","0036","0625","599","276","323","5","604","1240","0","48.71","22.26"
"63","000","00","040","0036","0626","642","289","353","8","650","1335","0","48.69","21.65"
"63","000","00","040","0037","0000","1312","658","654","12","1324","2772","0","47.76","23.74"
"63","000","00","040","0037","0627","416","220","196","1","417","920","0","45.33","23.91"
"63","000","00","040","0037","0628","418","204","214","9","427","894","0","47.76","22.82"
"63","000","00","040","0037","0629","478","234","244","2","480","958","0","50.10","24.43"
"63","000","00","040","0038","0000","1208","565","643","12","1220","2553","0","47.79","22.13"
"63","000","00","040","0038","0630","648","315","333","9","657","1354","0","48.52","23.26"
"63","000","00","040","0038","0631","560","250","310","3","563","1199","0","46.96","20.85"
"63","000","00","040","0039","0000","2479","1137","1342","29","2508","5215","0","48.09","21.80"
"63","000","00","040","0039","0632","620","276","344","7","627","1296","0","48.38","21.30"
"63","000","00","040","0039","0633","584","239","345","7","591","1294","0","45.67","18.47"
"63","000","00","040","0039","0634","596","302","294","5","601","1271","0","47.29","23.76"
"63","000","00","040","0039","0635","679","320","359","10","689","1354","0","50.89","23.63"
"63","000","00","040","0040","0000","1930","1084","846","28","1958","4000","0","48.95","27.10"
"63","000","00","040","0040","0636","646","367","279","5","651","1383","0","47.07","26.54"
"63","000","00","040","0040","0637","678","351","327","14","692","1372","0","50.44","25.58"
"63","000","00","040","0040","0638","606","366","240","9","615","1245","0","49.40","29.40"
"63","000","00","040","0041","0000","2889","1571","1318","30","2919","6417","0","45.49","24.48"
"63","000","00","040","0041","0554","486","247","239","5","491","1014","0","48.42","24.36"
"63","000","00","040","0041","0555","583","332","251","6","589","1269","0","46.41","26.16"
"63","000","00","040","0041","0556","538","284","254","4","542","1261","0","42.98","22.52"
"63","000","00","040","0041","0557","654","339","315","8","662","1449","0","45.69","23.40"
"63","000","00","040","0041","0558","628","369","259","7","635","1424","0","44.59","25.91"
"63","000","00","040","0042","0000","1079","649","430","13","1092","2179","0","50.11","29.78"
"63","000","00","040","0042","0559","593","377","216","5","598","1185","0","50.46","31.81"
"63","000","00","040","0042","0560","486","272","214","8","494","994","0","49.70","27.36"
"63","000","00","050","0000","0000","59313","32806","26507","590","59903","123767","153172","48.40","26.51"
"63","000","00","050","0001","0000","1192","603","589","14","1206","2569","0","46.94","23.47"
"63","000","00","050","0001","0720","417","216","201","6","423","837","0","50.54","25.81"
"63","000","00","050","0001","0721","427","213","214","5","432","920","0","46.96","23.15"
"63","000","00","050","0001","0722","348","174","174","3","351","812","0","43.23","21.43"
"63","000","00","050","0002","0000","893","595","298","7","900","2107","0","42.71","28.24"
"63","000","00","050","0002","0723","493","364","129","4","497","1034","0","48.07","35.20"
"63","000","00","050","0002","0724","400","231","169","3","403","1073","0","37.56","21.53"
"63","000","00","050","0003","0000","1116","597","519","4","1120","2181","0","51.35","27.37"
"63","000","00","050","0003","0725","634","334","300","2","636","1183","0","53.76","28.23"
"63","000","00","050","0003","0726","482","263","219","2","484","998","0","48.50","26.35"
"63","000","00","050","0004","0000","1884","1123","761","18","1902","4011","0","47.42","28.00"
"63","000","00","050","0004","0727","452","228","224","5","457","981","0","46.59","23.24"
"63","000","00","050","0004","0728","432","272","160","3","435","985","0","44.16","27.61"
"63","000","00","050","0004","0729","520","344","176","8","528","1136","0","46.48","30.28"
"63","000","00","050","0004","0730","480","279","201","2","482","909","0","53.03","30.69"
"63","000","00","050","0005","0000","1944","1135","809","13","1957","3802","0","51.47","29.85"
"63","000","00","050","0005","0731","518","302","216","6","524","990","0","52.93","30.51"
"63","000","00","050","0005","0732","460","249","211","3","463","940","0","49.26","26.49"
"63","000","00","050","0005","0733","539","339","200","0","539","989","0","54.50","34.28"
"63","000","00","050","0005","0734","427","245","182","4","431","883","0","48.81","27.75"
"63","000","00","050","0006","0000","2686","1461","1225","22","2708","5155","0","52.53","28.34"
"63","000","00","050","0006","0735","563","322","241","3","566","1073","0","52.75","30.01"
"63","000","00","050","0006","0736","536","284","252","5","541","1025","0","52.78","27.71"
"63","000","00","050","0006","0737","491","269","222","4","495","960","0","51.56","28.02"
"63","000","00","050","0006","0738","530","289","241","6","536","1025","0","52.29","28.20"
"63","000","00","050","0006","0739","566","297","269","4","570","1072","0","53.17","27.71"
"63","000","00","050","0007","0000","2486","1363","1123","26","2512","4893","0","51.34","27.86"
"63","000","00","050","0007","0740","644","387","257","7","651","1195","0","54.48","32.38"
"63","000","00","050","0007","0741","642","363","279","0","642","1283","0","50.04","28.29"
"63","000","00","050","0007","0742","579","282","297","5","584","1159","0","50.39","24.33"
"63","000","00","050","0007","0743","621","331","290","14","635","1256","0","50.56","26.35"
"63","000","00","050","0008","0000","1302","732","570","11","1313","2775","0","47.32","26.38"
"63","000","00","050","0008","0744","386","225","161","3","389","873","0","44.56","25.77"
"63","000","00","050","0008","0745","424","209","215","3","427","900","0","47.44","23.22"
"63","000","00","050","0008","0746","492","298","194","5","497","1002","0","49.60","29.74"
"63","000","00","050","0009","0000","2361","1340","1021","26","2387","4773","0","50.01","28.07"
"63","000","00","050","0009","0747","601","329","272","13","614","1259","0","48.77","26.13"
"63","000","00","050","0009","0748","690","407","283","5","695","1414","0","49.15","28.78"
"63","000","00","050","0009","0749","494","260","234","3","497","1022","0","48.63","25.44"
"63","000","00","050","0009","0750","576","344","232","5","581","1078","0","53.90","31.91"
"63","000","00","050","0010","0000","1761","1006","755","18","1779","3653","0","48.70","27.54"
"63","000","00","050","0010","0751","621","370","251","5","626","1300","0","48.15","28.46"
"63","000","00","050","0010","0752","558","317","241","4","562","1136","0","49.47","27.90"
"63","000","00","050","0010","0753","582","319","263","9","591","1217","0","48.56","26.21"
"63","000","00","050","0011","0000","2462","1276","1186","33","2495","5214","0","47.85","24.47"
"63","000","00","050","0011","0639","490","252","238","7","497","1113","0","44.65","22.64"
"63","000","00","050","0011","0640","491","270","221","5","496","1048","0","47.33","25.76"
"63","000","00","050","0011","0641","454","231","223","3","457","986","0","46.35","23.43"
"63","000","00","050","0011","0642","481","261","220","8","489","974","0","50.21","26.80"
"63","000","00","050","0011","0643","546","262","284","10","556","1093","0","50.87","23.97"
"63","000","00","050","0012","0000","2183","1192","991","20","2203","4177","0","52.74","28.54"
"63","000","00","050","0012","0644","792","425","367","4","796","1112","0","71.58","38.22"
"63","000","00","050","0012","0645","470","239","231","6","476","1050","0","45.33","22.76"
"63","000","00","050","0012","0646","495","298","197","8","503","1061","0","47.41","28.09"
"63","000","00","050","0012","0647","426","230","196","2","428","954","0","44.86","24.11"
"63","000","00","050","0013","0000","1331","695","636","11","1342","2906","0","46.18","23.92"
"63","000","00","050","0013","0648","496","256","240","4","500","995","0","50.25","25.73"
"63","000","00","050","0013","0649","432","216","216","5","437","987","0","44.28","21.88"
"63","000","00","050","0013","0650","403","223","180","2","405","924","0","43.83","24.13"
"63","000","00","050","0014","0000","2327","1351","976","35","2362","5486","0","43.06","24.63"
"63","000","00","050","0014","0651","491","292","199","4","495","1183","0","41.84","24.68"
"63","000","00","050","0014","0652","482","302","180","11","493","1210","0","40.74","24.96"
"63","000","00","050","0014","0653","476","267","209","10","486","1041","0","46.69","25.65"
"63","000","00","050","0014","0654","377","234","143","6","383","894","0","42.84","26.17"
"63","000","00","050","0014","0655","501","256","245","4","505","1158","0","43.61","22.11"
"63","000","00","050","0015","0000","1583","820","763","18","1601","3475","0","46.07","23.60"
"63","000","00","050","0015","0656","510","269","241","8","518","1169","0","44.31","23.01"
"63","000","00","050","0015","0657","550","282","268","5","555","1189","0","46.68","23.72"
"63","000","00","050","0015","0658","523","269","254","5","528","1117","0","47.27","24.08"
"63","000","00","050","0016","0000","1231","638","593","9","1240","2583","0","48.01","24.70"
"63","000","00","050","0016","0659","399","181","218","4","403","837","0","48.15","21.62"
"63","000","00","050","0016","0660","419","257","162","1","420","897","0","46.82","28.65"
"63","000","00","050","0016","0661","413","200","213","4","417","849","0","49.12","23.56"
"63","000","00","050","0017","0000","1119","676","443","12","1131","2153","0","52.53","31.40"
"63","000","00","050","0017","0662","594","367","227","6","600","1091","0","55.00","33.64"
"63","000","00","050","0017","0663","525","309","216","6","531","1062","0","50.00","29.10"
"63","000","00","050","0018","0000","1355","780","575","12","1367","2662","0","51.35","29.30"
"63","000","00","050","0018","0664","507","274","233","6","513","997","0","51.45","27.48"
"63","000","00","050","0018","0665","436","269","167","0","436","825","0","52.85","32.61"
"63","000","00","050","0018","0666","412","237","175","6","418","840","0","49.76","28.21"
"63","000","00","050","0019","0000","4410","2454","1956","35","4445","8918","0","49.84","27.52"
"63","000","00","050","0019","0667","607","343","264","4","611","1313","0","46.53","26.12"
"63","000","00","050","0019","0668","582","320","262","5","587","1213","0","48.39","26.38"
"63","000","00","050","0019","0669","726","391","335","5","731","1369","0","53.40","28.56"
"63","000","00","050","0019","0670","663","368","295","5","668","1276","0","52.35","28.84"
"63","000","00","050","0019","0671","637","371","266","5","642","1239","0","51.82","29.94"
"63","000","00","050","0019","0672","575","295","280","5","580","1172","0","49.49","25.17"
"63","000","00","050","0019","0673","620","366","254","6","626","1336","0","46.86","27.40"
"63","000","00","050","0020","0000","2022","1105","917","24","2046","4216","0","48.53","26.21"
"63","000","00","050","0020","0674","480","263","217","1","481","1020","0","47.16","25.78"
"63","000","00","050","0020","0675","498","294","204","7","505","1068","0","47.28","27.53"
"63","000","00","050","0020","0676","523","278","245","5","528","1060","0","49.81","26.23"
"63","000","00","050","0020","0677","521","270","251","11","532","1068","0","49.81","25.28"
"63","000","00","050","0021","0000","3276","1977","1299","25","3301","6851","0","48.18","28.86"
"63","000","00","050","0021","0678","525","291","234","4","529","1112","0","47.57","26.17"
"63","000","00","050","0021","0679","553","328","225","2","555","1175","0","47.23","27.91"
"63","000","00","050","0021","0680","564","322","242","3","567","1173","0","48.34","27.45"
"63","000","00","050","0021","0681","548","322","226","8","556","1188","0","46.80","27.10"
"63","000","00","050","0021","0682","559","381","178","1","560","1089","0","51.42","34.99"
"63","000","00","050","0021","0683","527","333","194","7","534","1114","0","47.94","29.89"
"63","000","00","050","0022","0000","564","330","234","3","567","1240","0","45.73","26.61"
"63","000","00","050","0022","0684","564","330","234","3","567","1240","0","45.73","26.61"
"63","000","00","050","0023","0000","1403","728","675","11","1414","3153","0","44.85","23.09"
"63","000","00","050","0023","0685","377","220","157","3","380","887","0","42.84","24.80"
"63","000","00","050","0023","0686","506","241","265","5","511","1077","0","47.45","22.38"
"63","000","00","050","0023","0687","520","267","253","3","523","1189","0","43.99","22.46"
"63","000","00","050","0024","0000","1070","569","501","11","1081","2719","0","39.76","20.93"
"63","000","00","050","0024","0688","337","198","139","3","340","901","0","37.74","21.98"
"63","000","00","050","0024","0689","371","180","191","6","377","856","0","44.04","21.03"
"63","000","00","050","0024","0690","362","191","171","2","364","962","0","37.84","19.85"
"63","000","00","050","0025","0000","1283","636","647","15","1298","2626","0","49.43","24.22"
"63","000","00","050","0025","0691","462","217","245","7","469","896","0","52.34","24.22"
"63","000","00","050","0025","0692","392","212","180","5","397","860","0","46.16","24.65"
"63","000","00","050","0025","0693","429","207","222","3","432","870","0","49.66","23.79"
"63","000","00","050","0026","0000","1902","1055","847","25","1927","4871","0","39.56","21.66"
"63","000","00","050","0026","0694","559","311","248","5","564","1140","0","49.47","27.28"
"63","000","00","050","0026","0695","420","266","154","4","424","1775","0","23.89","14.99"
"63","000","00","050","0026","0696","452","243","209","10","462","1002","0","46.11","24.25"
"63","000","00","050","0026","0697","471","235","236","6","477","954","0","50.00","24.63"
"63","000","00","050","0027","0000","1924","985","939","18","1942","3689","0","52.64","26.70"
"63","000","00","050","0027","0698","458","228","230","5","463","863","0","53.65","26.42"
"63","000","00","050","0027","0699","504","234","270","3","507","988","0","51.32","23.68"
"63","000","00","050","0027","0700","528","284","244","8","536","974","0","55.03","29.16"
"63","000","00","050","0027","0701","434","239","195","2","436","864","0","50.46","27.66"
"63","000","00","050","0028","0000","1502","878","624","18","1520","3113","0","48.83","28.20"
"63","000","00","050","0028","0702","500","272","228","3","503","1047","0","48.04","25.98"
"63","000","00","050","0028","0703","495","298","197","9","504","1005","0","50.15","29.65"
"63","000","00","050","0028","0704","507","308","199","6","513","1061","0","48.35","29.03"
"63","000","00","050","0029","0000","2290","1234","1056","25","2315","4517","0","51.25","27.32"
"63","000","00","050","0029","0705","591","337","254","5","596","1216","0","49.01","27.71"
"63","000","00","050","0029","0706","606","328","278","4","610","1188","0","51.35","27.61"
"63","000","00","050","0029","0707","469","238","231","6","475","930","0","51.08","25.59"
"63","000","00","050","0029","0708","624","331","293","10","634","1183","0","53.59","27.98"
"63","000","00","050","0030","0000","3069","1678","1391","33","3102","6282","0","49.38","26.71"
"63","000","00","050","0030","0709","679","363","316","7","686","1389","0","49.39","26.13"
"63","000","00","050","0030","0710","567","315","252","5","572","1238","0","46.20","25.44"
"63","000","00","050","0030","0711","684","367","317","6","690","1381","0","49.96","26.57"
"63","000","00","050","0030","0712","529","291","238","4","533","1050","0","50.76","27.71"
"63","000","00","050","0030","0713","610","342","268","11","621","1224","0","50.74","27.94"
"63","000","00","050","0031","0000","3382","1794","1588","38","3420","6997","0","48.88","25.64"
"63","000","00","050","0031","0714","497","279","218","5","502","1095","0","45.84","25.48"
"63","000","00","050","0031","0715","564","279","285","6","570","1158","0","49.22","24.09"
"63","000","00","050","0031","0716","563","308","255","12","575","1170","0","49.15","26.32"
"63","000","00","050","0031","0717","570","267","303","5","575","1096","0","52.46","24.36"
"63","000","00","050","0031","0718","538","299","239","1","539","1168","0","46.15","25.60"
"63","000","00","050","0031","0719","650","362","288","9","659","1310","0","50.31","27.63"
"63","000","00","060","0000","0000","47270","19649","27621","390","47660","103815","122719","45.91","18.93"
"63","000","00","060","0001","0000","1141","470","671","8","1149","2534","0","45.34","18.55"
"63","000","00","060","0001","0754","530","205","325","6","536","1207","0","44.41","16.98"
"63","000","00","060","0001","0755","611","265","346","2","613","1327","0","46.19","19.97"
"63","000","00","060","0002","0000","1218","505","713","12","1230","2790","0","44.09","18.10"
"63","000","00","060","0002","0756","493","214","279","3","496","1018","0","48.72","21.02"
"63","000","00","060","0002","0757","429","159","270","5","434","997","0","43.53","15.95"
"63","000","00","060","0002","0758","296","132","164","4","300","775","0","38.71","17.03"
"63","000","00","060","0003","0000","1735","739","996","14","1749","3999","0","43.74","18.48"
"63","000","00","060","0003","0759","582","249","333","7","589","1366","0","43.12","18.23"
"63","000","00","060","0003","0760","572","233","339","5","577","1269","0","45.47","18.36"
"63","000","00","060","0003","0761","581","257","324","2","583","1364","0","42.74","18.84"
"63","000","00","060","0004","0000","1424","568","856","25","1449","3039","0","47.68","18.69"
"63","000","00","060","0004","0762","454","194","260","6","460","969","0","47.47","20.02"
"63","000","00","060","0004","0763","464","184","280","8","472","926","0","50.97","19.87"
"63","000","00","060","0004","0764","506","190","316","11","517","1144","0","45.19","16.61"
"63","000","00","060","0005","0000","2040","791","1249","12","2052","4399","0","46.65","17.98"
"63","000","00","060","0005","0765","544","222","322","2","546","1146","0","47.64","19.37"
"63","000","00","060","0005","0766","408","150","258","0","408","970","0","42.06","15.46"
"63","000","00","060","0005","0767","517","188","329","3","520","1166","0","44.60","16.12"
"63","000","00","060","0005","0768","571","231","340","7","578","1117","0","51.75","20.68"
"63","000","00","060","0006","0000","1795","771","1024","18","1813","3812","0","47.56","20.23"
"63","000","00","060","0006","0769","592","300","292","4","596","1254","0","47.53","23.92"
"63","000","00","060","0006","0770","588","237","351","8","596","1307","0","45.60","18.13"
"63","000","00","060","0006","0771","615","234","381","6","621","1251","0","49.64","18.71"
"63","000","00","060","0007","0000","2178","978","1200","18","2196","4940","0","44.45","19.80"
"63","000","00","060","0007","0772","560","275","285","4","564","1235","0","45.67","22.27"
"63","000","00","060","0007","0773","502","222","280","3","505","1165","0","43.35","19.06"
"63","000","00","060","0007","0774","557","234","323","6","563","1243","0","45.29","18.83"
"63","000","00","060","0007","0775","559","247","312","5","564","1297","0","43.48","19.04"
"63","000","00","060","0008","0000","1949","823","1126","12","1961","4161","0","47.13","19.78"
"63","000","00","060","0008","0776","462","190","272","3","465","974","0","47.74","19.51"
"63","000","00","060","0008","0777","516","232","284","3","519","1129","0","45.97","20.55"
"63","000","00","060","0008","0778","465","184","281","0","465","942","0","49.36","19.53"
"63","000","00","060","0008","0779","506","217","289","6","512","1116","0","45.88","19.44"
"63","000","00","060","0009","0000","1812","708","1104","17","1829","3943","0","46.39","17.96"
"63","000","00","060","0009","0780","639","246","393","4","643","1338","0","48.06","18.39"
"63","000","00","060","0009","0781","568","257","311","7","575","1299","0","44.26","19.78"
"63","000","00","060","0009","0782","605","205","400","6","611","1306","0","46.78","15.70"
"63","000","00","060","0010","0000","1586","684","902","16","1602","3592","0","44.60","19.04"
"63","000","00","060","0010","0783","451","208","243","4","455","1082","0","42.05","19.22"
"63","000","00","060","0010","0784","565","258","307","4","569","1214","0","46.87","21.25"
"63","000","00","060","0010","0785","570","218","352","8","578","1296","0","44.60","16.82"
"63","000","00","060","0011","0000","3418","1426","1992","30","3448","7671","0","44.95","18.59"
"63","000","00","060","0011","0786","567","216","351","5","572","1340","0","42.69","16.12"
"63","000","00","060","0011","0787","540","235","305","4","544","1168","0","46.58","20.12"
"63","000","00","060","0011","0788","543","231","312","2","545","1259","0","43.29","18.35"
"63","000","00","060","0011","0789","670","274","396","6","676","1337","0","50.56","20.49"
"63","000","00","060","0011","0790","591","234","357","3","594","1357","0","43.77","17.24"
"63","000","00","060","0011","0791","507","236","271","10","517","1210","0","42.73","19.50"
"63","000","00","060","0012","0000","1534","622","912","18","1552","3376","0","45.97","18.42"
"63","000","00","060","0012","0792","553","219","334","5","558","1128","0","49.47","19.41"
"63","000","00","060","0012","0793","484","193","291","5","489","1097","0","44.58","17.59"
"63","000","00","060","0012","0794","497","210","287","8","505","1151","0","43.87","18.25"
"63","000","00","060","0013","0000","2486","1120","1366","16","2502","5223","0","47.90","21.44"
"63","000","00","060","0013","0795","615","265","350","4","619","1338","0","46.26","19.81"
"63","000","00","060","0013","0796","648","288","360","2","650","1305","0","49.81","22.07"
"63","000","00","060","0013","0797","633","297","336","4","637","1320","0","48.26","22.50"
"63","000","00","060","0013","0798","590","270","320","6","596","1260","0","47.30","21.43"
"63","000","00","060","0014","0000","982","382","600","9","991","2231","0","44.42","17.12"
"63","000","00","060","0014","0799","457","178","279","3","460","1080","0","42.59","16.48"
"63","000","00","060","0014","0800","525","204","321","6","531","1151","0","46.13","17.72"
"63","000","00","060","0015","0000","1408","546","862","14","1422","2898","0","49.07","18.84"
"63","000","00","060","0015","0801","628","236","392","6","634","1316","0","48.18","17.93"
"63","000","00","060","0015","0802","780","310","470","8","788","1582","0","49.81","19.60"
"63","000","00","060","0016","0000","1949","833","1116","19","1968","4213","0","46.71","19.77"
"63","000","00","060","0016","0803","486","212","274","5","491","1013","0","48.47","20.93"
"63","000","00","060","0016","0804","554","244","310","2","556","1206","0","46.10","20.23"
"63","000","00","060","0016","0805","439","188","251","5","444","935","0","47.49","20.11"
"63","000","00","060","0016","0806","470","189","281","7","477","1059","0","45.04","17.85"
"63","000","00","060","0017","0000","999","356","643","9","1008","2305","0","43.73","15.44"
"63","000","00","060","0017","0807","547","201","346","5","552","1166","0","47.34","17.24"
"63","000","00","060","0017","0808","452","155","297","4","456","1139","0","40.04","13.61"
"63","000","00","060","0018","0000","1910","826","1084","7","1917","3894","0","49.23","21.21"
"63","000","00","060","0018","0809","630","283","347","2","632","1280","0","49.38","22.11"
"63","000","00","060","0018","0810","628","278","350","2","630","1272","0","49.53","21.86"
"63","000","00","060","0018","0811","652","265","387","3","655","1342","0","48.81","19.75"
"63","000","00","060","0019","0000","1434","552","882","5","1439","4063","0","35.42","13.59"
"63","000","00","060","0019","0812","471","186","285","2","473","959","0","49.32","19.40"
"63","000","00","060","0019","0813","465","192","273","1","466","2117","0","22.01","9.07"
"63","000","00","060","0019","0814","498","174","324","2","500","987","0","50.66","17.63"
"63","000","00","060","0020","0000","1800","713","1087","23","1823","4057","0","44.93","17.57"
"63","000","00","060","0020","0815","349","104","245","6","355","1012","0","35.08","10.28"
"63","000","00","060","0020","0816","457","188","269","6","463","1027","0","45.08","18.31"
"63","000","00","060","0020","0817","482","184","298","4","486","1062","0","45.76","17.33"
"63","000","00","060","0020","0818","512","237","275","7","519","956","0","54.29","24.79"
"63","000","00","060","0021","0000","2597","1036","1561","15","2612","5537","0","47.17","18.71"
"63","000","00","060","0021","0819","512","193","319","0","512","1115","0","45.92","17.31"
"63","000","00","060","0021","0820","548","238","310","2","550","1099","0","50.05","21.66"
"63","000","00","060","0021","0821","534","220","314","3","537","1120","0","47.95","19.64"
"63","000","00","060","0021","0822","526","201","325","7","533","1167","0","45.67","17.22"
"63","000","00","060","0021","0823","477","184","293","3","480","1036","0","46.33","17.76"
"63","000","00","060","0022","0000","3179","1335","1844","26","3205","6748","0","47.50","19.78"
"63","000","00","060","0022","0824","457","188","269","2","459","1011","0","45.40","18.60"
"63","000","00","060","0022","0825","439","170","269","3","442","974","0","45.38","17.45"
"63","000","00","060","0022","0826","569","264","305","5","574","1101","0","52.13","23.98"
"63","000","00","060","0022","0827","582","273","309","3","585","1235","0","47.37","22.11"
"63","000","00","060","0022","0828","602","256","346","6","608","1276","0","47.65","20.06"
"63","000","00","060","0022","0829","530","184","346","7","537","1151","0","46.66","15.99"
"63","000","00","060","0024","0000","2160","844","1316","11","2171","4953","0","43.83","17.04"
"63","000","00","060","0024","0830","520","186","334","1","521","1265","0","41.19","14.70"
"63","000","00","060","0024","0831","594","237","357","2","596","1345","0","44.31","17.62"
"63","000","00","060","0024","0832","494","209","285","3","497","1162","0","42.77","17.99"
"63","000","00","060","0024","0833","552","212","340","5","557","1181","0","47.16","17.95"
"63","000","00","060","0025","0000","2675","1262","1413","22","2697","5666","0","47.60","22.27"
"63","000","00","060","0025","0834","467","206","261","5","472","1080","0","43.70","19.07"
"63","000","00","060","0025","0835","560","267","293","4","564","1144","0","49.30","23.34"
"63","000","00","060","0025","0836","573","288","285","4","577","1122","0","51.43","25.67"
"63","000","00","060","0025","0837","536","266","270","3","539","1138","0","47.36","23.37"
"63","000","00","060","0025","0838","539","235","304","6","545","1182","0","46.11","19.88"
"63","000","00","060","0026","0000","1861","759","1102","14","1875","3771","0","49.72","20.13"
"63","000","00","060","0026","0839","634","235","399","6","640","1310","0","48.85","17.94"
"63","000","00","060","0026","0840","647","276","371","0","647","1300","0","49.77","21.23"
"63","000","00","060","0026","0841","580","248","332","8","588","1161","0","50.65","21.36"
"63","000","00","070","0000","0000","71293","35788","35505","790","72083","157078","179485","45.89","22.78"
"63","000","00","070","0001","0000","1953","1052","901","25","1978","4638","0","42.65","22.68"
"63","000","00","070","0001","0842","526","264","262","6","532","1159","0","45.90","22.78"
"63","000","00","070","0001","0843","484","306","178","10","494","1153","0","42.84","26.54"
"63","000","00","070","0001","0844","477","242","235","3","480","1195","0","40.17","20.25"
"63","000","00","070","0001","0845","466","240","226","6","472","1131","0","41.73","21.22"
"63","000","00","070","0002","0000","1120","605","515","15","1135","2831","0","40.09","21.37"
"63","000","00","070","0002","0846","400","212","188","3","403","906","0","44.48","23.40"
"63","000","00","070","0002","0847","390","192","198","4","394","972","0","40.53","19.75"
"63","000","00","070","0002","0848","330","201","129","8","338","953","0","35.47","21.09"
"63","000","00","070","0003","0000","1340","733","607","13","1353","3187","0","42.45","23.00"
"63","000","00","070","0003","0849","477","283","194","5","482","1096","0","43.98","25.82"
"63","000","00","070","0003","0850","458","242","216","4","462","1114","0","41.47","21.72"
"63","000","00","070","0003","0851","405","208","197","4","409","977","0","41.86","21.29"
"63","000","00","070","0004","0000","2695","1332","1363","41","2736","5920","0","46.22","22.50"
"63","000","00","070","0004","0852","535","246","289","6","541","1156","0","46.80","21.28"
"63","000","00","070","0004","0853","534","255","279","9","543","1157","0","46.93","22.04"
"63","000","00","070","0004","0854","563","293","270","8","571","1252","0","45.61","23.40"
"63","000","00","070","0004","0855","644","317","327","9","653","1423","0","45.89","22.28"
"63","000","00","070","0004","0856","419","221","198","9","428","932","0","45.92","23.71"
"63","000","00","070","0005","0000","2516","1145","1371","17","2533","5356","0","47.29","21.38"
"63","000","00","070","0005","0857","557","229","328","2","559","1295","0","43.17","17.68"
"63","000","00","070","0005","0858","589","261","328","7","596","1255","0","47.49","20.80"
"63","000","00","070","0005","0859","647","344","303","3","650","1383","0","47.00","24.87"
"63","000","00","070","0005","0860","723","311","412","5","728","1423","0","51.16","21.86"
"63","000","00","070","0006","0000","2253","1044","1209","19","2272","5124","0","44.34","20.37"
"63","000","00","070","0006","0861","598","311","287","5","603","1318","0","45.75","23.60"
"63","000","00","070","0006","0862","606","276","330","6","612","1329","0","46.05","20.77"
"63","000","00","070","0006","0863","499","203","296","5","504","1198","0","42.07","16.94"
"63","000","00","070","0006","0864","550","254","296","3","553","1279","0","43.24","19.86"
"63","000","00","070","0007","0000","1959","828","1131","31","1990","4299","0","46.29","19.26"
"63","000","00","070","0007","0865","461","195","266","7","468","1100","0","42.55","17.73"
"63","000","00","070","0007","0866","563","258","305","8","571","1170","0","48.80","22.05"
"63","000","00","070","0007","0867","430","178","252","10","440","1008","0","43.65","17.66"
"63","000","00","070","0007","0868","505","197","308","6","511","1021","0","50.05","19.29"
"63","000","00","070","0008","0000","1560","690","870","15","1575","3366","0","46.79","20.50"
"63","000","00","070","0008","0869","531","248","283","7","538","1219","0","44.13","20.34"
"63","000","00","070","0008","0870","498","224","274","5","503","985","0","51.07","22.74"
"63","000","00","070","0008","0871","531","218","313","3","534","1162","0","45.96","18.76"
"63","000","00","070","0009","0000","2023","966","1057","15","2038","4094","0","49.78","23.60"
"63","000","00","070","0009","0872","622","304","318","3","625","1188","0","52.61","25.59"
"63","000","00","070","0009","0873","509","252","257","6","515","1001","0","51.45","25.17"
"63","000","00","070","0009","0874","466","206","260","3","469","1041","0","45.05","19.79"
"63","000","00","070","0009","0875","426","204","222","3","429","864","0","49.65","23.61"
"63","000","00","070","0010","0000","1912","821","1091","22","1934","5354","0","36.12","15.33"
"63","000","00","070","0010","0876","556","219","337","4","560","2607","0","21.48","8.40"
"63","000","00","070","0010","0877","437","192","245","2","439","868","0","50.58","22.12"
"63","000","00","070","0010","0878","460","215","245","5","465","944","0","49.26","22.78"
"63","000","00","070","0010","0879","459","195","264","11","470","935","0","50.27","20.86"
"63","000","00","070","0011","0000","2813","1239","1574","29","2842","6064","0","46.87","20.43"
"63","000","00","070","0011","0897","431","170","261","4","435","994","0","43.76","17.10"
"63","000","00","070","0011","0898","592","256","336","4","596","1188","0","50.17","21.55"
"63","000","00","070","0011","0899","496","213","283","3","499","1047","0","47.66","20.34"
"63","000","00","070","0011","0900","651","280","371","13","664","1424","0","46.63","19.66"
"63","000","00","070","0011","0901","643","320","323","5","648","1411","0","45.92","22.68"
"63","000","00","070","0012","0000","1770","798","972","22","1792","3864","0","46.38","20.65"
"63","000","00","070","0012","0902","594","249","345","7","601","1315","0","45.70","18.94"
"63","000","00","070","0012","0903","617","276","341","7","624","1349","0","46.26","20.46"
"63","000","00","070","0012","0904","559","273","286","8","567","1200","0","47.25","22.75"
"63","000","00","070","0013","0000","1525","1147","378","13","1538","2993","0","51.39","38.32"
"63","000","00","070","0013","0960","382","234","148","6","388","946","0","41.01","24.74"
"63","000","00","070","0013","0961","518","404","114","4","522","925","0","56.43","43.68"
"63","000","00","070","0013","0962","625","509","116","3","628","1122","0","55.97","45.37"
"63","000","00","070","0014","0000","3759","2711","1048","56","3815","7108","0","53.67","38.14"
"63","000","00","070","0014","0963","650","517","133","11","661","1152","0","57.38","44.88"
"63","000","00","070","0014","0964","631","462","169","11","642","1127","0","56.97","40.99"
"63","000","00","070","0014","0965","598","389","209","9","607","1181","0","51.40","32.94"
"63","000","00","070","0014","0966","645","469","176","13","658","1233","0","53.37","38.04"
"63","000","00","070","0014","0967","605","451","154","2","607","1179","0","51.48","38.25"
"63","000","00","070","0014","0968","630","423","207","10","640","1236","0","51.78","34.22"
"63","000","00","070","0015","0000","2194","974","1220","26","2220","4679","0","47.45","20.82"
"63","000","00","070","0015","0890","536","194","342","12","548","1159","0","47.28","16.74"
"63","000","00","070","0015","0891","546","252","294","3","549","1147","0","47.86","21.97"
"63","000","00","070","0015","0892","541","272","269","8","549","1261","0","43.54","21.57"
"63","000","00","070","0015","0893","571","256","315","3","574","1112","0","51.62","23.02"
"63","000","00","070","0016","0000","2481","956","1525","27","2508","5752","0","43.60","16.62"
"63","000","00","070","0016","0905","541","190","351","4","545","1294","0","42.12","14.68"
"63","000","00","070","0016","0906","463","168","295","7","470","1064","0","44.17","15.79"
"63","000","00","070","0016","0907","549","210","339","4","553","1172","0","47.18","17.92"
"63","000","00","070","0016","0908","476","203","273","2","478","1041","0","45.92","19.50"
"63","000","00","070","0016","0909","452","185","267","10","462","1181","0","39.12","15.66"
"63","000","00","070","0017","0000","1510","765","745","18","1528","3698","0","41.32","20.69"
"63","000","00","070","0017","0894","513","246","267","6","519","1181","0","43.95","20.83"
"63","000","00","070","0017","0895","510","280","230","5","515","1248","0","41.27","22.44"
"63","000","00","070","0017","0896","487","239","248","7","494","1269","0","38.93","18.83"
"63","000","00","070","0018","0000","3190","1528","1662","28","3218","7226","0","44.53","21.15"
"63","000","00","070","0018","0884","457","245","212","5","462","1190","0","38.82","20.59"
"63","000","00","070","0018","0885","570","265","305","3","573","1256","0","45.62","21.10"
"63","000","00","070","0018","0886","543","246","297","0","543","1146","0","47.38","21.47"
"63","000","00","070","0018","0887","627","310","317","8","635","1231","0","51.58","25.18"
"63","000","00","070","0018","0888","577","248","329","8","585","1275","0","45.88","19.45"
"63","000","00","070","0018","0889","416","214","202","4","420","1128","0","37.23","18.97"
"63","000","00","070","0019","0000","1901","783","1118","17","1918","4403","0","43.56","17.78"
"63","000","00","070","0019","0880","427","182","245","3","430","1013","0","42.45","17.97"
"63","000","00","070","0019","0881","530","209","321","8","538","1167","0","46.10","17.91"
"63","000","00","070","0019","0882","478","201","277","4","482","1092","0","44.14","18.41"
"63","000","00","070","0019","0883","466","191","275","2","468","1131","0","41.38","16.89"
"63","000","00","070","0020","0000","1448","641","807","15","1463","3103","0","47.15","20.66"
"63","000","00","070","0020","0918","446","203","243","2","448","996","0","44.98","20.38"
"63","000","00","070","0020","0919","486","207","279","8","494","1033","0","47.82","20.04"
"63","000","00","070","0020","0920","516","231","285","5","521","1074","0","48.51","21.51"
"63","000","00","070","0021","0000","2215","1341","874","23","2238","5228","0","42.81","25.65"
"63","000","00","070","0021","0969","451","252","199","5","456","1160","0","39.31","21.72"
"63","000","00","070","0021","0970","378","206","172","5","383","948","0","40.40","21.73"
"63","000","00","070","0021","0971","368","199","169","5","373","955","0","39.06","20.84"
"63","000","00","070","0021","0972","503","308","195","5","508","1146","0","44.33","26.88"
"63","000","00","070","0021","0973","515","376","139","3","518","1019","0","50.83","36.90"
"63","000","00","070","0022","0000","1752","780","972","11","1763","3813","0","46.24","20.46"
"63","000","00","070","0022","0921","575","244","331","5","580","1320","0","43.94","18.48"
"63","000","00","070","0022","0922","581","278","303","3","584","1197","0","48.79","23.22"
"63","000","00","070","0022","0923","596","258","338","3","599","1296","0","46.22","19.91"
"63","000","00","070","0023","0000","1313","525","788","13","1326","2802","0","47.32","18.74"
"63","000","00","070","0023","0928","612","254","358","8","620","1359","0","45.62","18.69"
"63","000","00","070","0023","0929","701","271","430","5","706","1443","0","48.93","18.78"
"63","000","00","070","0024","0000","2294","988","1306","24","2318","5570","0","41.62","17.74"
"63","000","00","070","0024","0910","522","208","314","3","525","1117","0","47.00","18.62"
"63","000","00","070","0024","0911","469","195","274","5","474","1190","0","39.83","16.39"
"63","000","00","070","0024","0912","345","153","192","7","352","944","0","37.29","16.21"
"63","000","00","070","0024","0913","424","201","223","5","429","1119","0","38.34","17.96"
"63","000","00","070","0024","0914","534","231","303","4","538","1200","0","44.83","19.25"
"63","000","00","070","0025","0000","2098","972","1126","20","2118","4714","0","44.93","20.62"
"63","000","00","070","0025","0924","580","270","310","8","588","1197","0","49.12","22.56"
"63","000","00","070","0025","0925","555","281","274","3","558","1234","0","45.22","22.77"
"63","000","00","070","0025","0926","498","224","274","3","501","1197","0","41.85","18.71"
"63","000","00","070","0025","0927","465","197","268","6","471","1086","0","43.37","18.14"
"63","000","00","070","0026","0000","1679","802","877","28","1707","3631","0","47.01","22.09"
"63","000","00","070","0026","0915","511","252","259","7","518","1119","0","46.29","22.52"
"63","000","00","070","0026","0916","604","249","355","11","615","1335","0","46.07","18.65"
"63","000","00","070","0026","0917","564","301","263","10","574","1177","0","48.77","25.57"
"63","000","00","070","0027","0000","1335","646","689","12","1347","2752","0","48.95","23.47"
"63","000","00","070","0027","0937","494","228","266","6","500","1024","0","48.83","22.27"
"63","000","00","070","0027","0938","409","186","223","3","412","853","0","48.30","21.81"
"63","000","00","070","0027","0939","432","232","200","3","435","875","0","49.71","26.51"
"63","000","00","070","0028","0000","1769","797","972","17","1786","3985","0","44.82","20.00"
"63","000","00","070","0028","0934","631","297","334","5","636","1313","0","48.44","22.62"
"63","000","00","070","0028","0935","603","255","348","9","612","1357","0","45.10","18.79"
"63","000","00","070","0028","0936","535","245","290","3","538","1315","0","40.91","18.63"
"63","000","00","070","0029","0000","1485","656","829","18","1503","3075","0","48.88","21.33"
"63","000","00","070","0029","0940","505","214","291","3","508","1014","0","50.10","21.10"
"63","000","00","070","0029","0941","488","217","271","7","495","1011","0","48.96","21.46"
"63","000","00","070","0029","0942","492","225","267","8","500","1050","0","47.62","21.43"
"63","000","00","070","0030","0000","1944","925","1019","20","1964","4233","0","46.40","21.85"
"63","000","00","070","0030","0930","464","206","258","7","471","1048","0","44.94","19.66"
"63","000","00","070","0030","0931","497","240","257","3","500","1159","0","43.14","20.71"
"63","000","00","070","0030","0932","472","235","237","3","475","1008","0","47.12","23.31"
"63","000","00","070","0030","0933","511","244","267","7","518","1018","0","50.88","23.97"
"63","000","00","070","0031","0000","1740","786","954","18","1758","3911","0","44.95","20.10"
"63","000","00","070","0031","0948","562","252","310","8","570","1243","0","45.86","20.27"
"63","000","00","070","0031","0949","643","310","333","5","648","1354","0","47.86","22.90"
"63","000","00","070","0031","0950","535","224","311","5","540","1314","0","41.10","17.05"
"63","000","00","070","0032","0000","2443","1095","1348","29","2472","5226","0","47.30","20.95"
"63","000","00","070","0032","0943","569","243","326","5","574","1147","0","50.04","21.19"
"63","000","00","070","0032","0944","411","189","222","8","419","944","0","44.39","20.02"
"63","000","00","070","0032","0945","519","233","286","5","524","1100","0","47.64","21.18"
"63","000","00","070","0032","0946","527","227","300","5","532","1124","0","47.33","20.20"
"63","000","00","070","0032","0947","417","203","214","6","423","911","0","46.43","22.28"
"63","000","00","070","0033","0000","2559","1624","935","25","2584","5167","0","50.01","31.43"
"63","000","00","070","0033","0951","422","227","195","8","430","990","0","43.43","22.93"
"63","000","00","070","0033","0952","507","297","210","3","510","998","0","51.10","29.76"
"63","000","00","070","0033","0953","661","515","146","4","665","1213","0","54.82","42.46"
"63","000","00","070","0033","0954","532","351","181","5","537","998","0","53.81","35.17"
"63","000","00","070","0033","0955","437","234","203","5","442","968","0","45.66","24.17"
"63","000","00","070","0034","0000","1950","1320","630","30","1980","4179","0","47.38","31.59"
"63","000","00","070","0034","0956","535","405","130","10","545","1034","0","52.71","39.17"
"63","000","00","070","0034","0957","542","386","156","4","546","1091","0","50.05","35.38"
"63","000","00","070","0034","0958","433","265","168","10","443","1038","0","42.68","25.53"
"63","000","00","070","0034","0959","440","264","176","6","446","1016","0","43.90","25.98"
"63","000","00","070","0035","0000","1456","936","520","25","1481","3097","0","47.82","30.22"
"63","000","00","070","0035","0974","496","307","189","10","506","1043","0","48.51","29.43"
"63","000","00","070","0035","0975","479","299","180","6","485","1019","0","47.60","29.34"
"63","000","00","070","0035","0976","481","330","151","9","490","1035","0","47.34","31.88"
"63","000","00","070","0036","0000","1339","837","502","13","1352","2636","0","51.29","31.75"
"63","000","00","070","0036","0977","683","441","242","3","686","1313","0","52.25","33.59"
"63","000","00","070","0036","0978","656","396","260","10","666","1323","0","50.34","29.93"
"63","000","00","080","0000","0000","106395","65376","41019","1048","107443","222227","264975","48.35","29.42"
"63","000","00","080","0001","0000","2885","1559","1326","29","2914","6344","0","45.93","24.57"
"63","000","00","080","0001","0979","589","265","324","8","597","1316","0","45.36","20.14"
"63","000","00","080","0001","0980","548","318","230","4","552","1204","0","45.85","26.41"
"63","000","00","080","0001","0981","562","299","263","6","568","1204","0","47.18","24.83"
"63","000","00","080","0001","0982","669","378","291","5","674","1421","0","47.43","26.60"
"63","000","00","080","0001","0983","517","299","218","6","523","1199","0","43.62","24.94"
"63","000","00","080","0002","0000","2816","1807","1009","24","2840","5987","0","47.44","30.18"
"63","000","00","080","0002","0984","734","468","266","5","739","1547","0","47.77","30.25"
"63","000","00","080","0002","0985","687","451","236","3","690","1500","0","46.00","30.07"
"63","000","00","080","0002","0986","663","432","231","11","674","1417","0","47.57","30.49"
"63","000","00","080","0002","0987","732","456","276","5","737","1523","0","48.39","29.94"
"63","000","00","080","0003","0000","2054","1148","906","15","2069","4219","0","49.04","27.21"
"63","000","00","080","0003","0988","708","387","321","3","711","1438","0","49.44","26.91"
"63","000","00","080","0003","0989","682","400","282","8","690","1374","0","50.22","29.11"
"63","000","00","080","0003","0990","664","361","303","4","668","1407","0","47.48","25.66"
"63","000","00","080","0004","0000","2635","1536","1099","22","2657","5431","0","48.92","28.28"
"63","000","00","080","0004","0991","620","373","247","6","626","1361","0","46.00","27.41"
"63","000","00","080","0004","0992","662","391","271","4","666","1352","0","49.26","28.92"
"63","000","00","080","0004","0993","674","402","272","6","680","1376","0","49.42","29.22"
"63","000","00","080","0004","0994","679","370","309","6","685","1342","0","51.04","27.57"
"63","000","00","080","0005","0000","2348","1415","933","21","2369","4675","0","50.67","30.27"
"63","000","00","080","0005","0995","567","351","216","8","575","1193","0","48.20","29.42"
"63","000","00","080","0005","0996","582","335","247","6","588","1239","0","47.46","27.04"
"63","000","00","080","0005","0997","646","391","255","4","650","1251","0","51.96","31.25"
"63","000","00","080","0005","0998","553","338","215","3","556","992","0","56.05","34.07"
"63","000","00","080","0006","0000","2364","1445","919","21","2385","4768","0","50.02","30.31"
"63","000","00","080","0006","0999","577","361","216","1","578","1168","0","49.49","30.91"
"63","000","00","080","0006","1000","522","313","209","2","524","1136","0","46.13","27.55"
"63","000","00","080","0006","1001","649","397","252","6","655","1238","0","52.91","32.07"
"63","000","00","080","0006","1002","616","374","242","12","628","1226","0","51.22","30.51"
"63","000","00","080","0007","0000","2328","1407","921","17","2345","4621","0","50.75","30.45"
"63","000","00","080","0007","1003","529","301","228","3","532","1098","0","48.45","27.41"
"63","000","00","080","0007","1004","583","331","252","4","587","1252","0","46.88","26.44"
"63","000","00","080","0007","1005","591","358","233","2","593","1157","0","51.25","30.94"
"63","000","00","080","0007","1006","625","417","208","8","633","1114","0","56.82","37.43"
"63","000","00","080","0008","0000","1860","1045","815","24","1884","3814","0","49.40","27.40"
"63","000","00","080","0008","1007","645","341","304","11","656","1284","0","51.09","26.56"
"63","000","00","080","0008","1008","598","351","247","6","604","1246","0","48.48","28.17"
"63","000","00","080","0008","1009","617","353","264","7","624","1284","0","48.60","27.49"
"63","000","00","080","0009","0000","3016","1857","1159","23","3039","6067","0","50.09","30.61"
"63","000","00","080","0009","1010","630","420","210","5","635","1284","0","49.45","32.71"
"63","000","00","080","0009","1011","602","393","209","2","604","1222","0","49.43","32.16"
"63","000","00","080","0009","1012","567","354","213","4","571","1170","0","48.80","30.26"
"63","000","00","080","0009","1013","603","324","279","3","606","1169","0","51.84","27.72"
"63","000","00","080","0009","1014","614","366","248","9","623","1222","0","50.98","29.95"
"63","000","00","080","0010","0000","2249","1287","962","26","2275","4515","0","50.39","28.50"
"63","000","00","080","0010","1015","527","281","246","7","534","1128","0","47.34","24.91"
"63","000","00","080","0010","1016","533","305","228","7","540","1099","0","49.14","27.75"
"63","000","00","080","0010","1017","617","346","271","7","624","1136","0","54.93","30.46"
"63","000","00","080","0010","1018","572","355","217","5","577","1152","0","50.09","30.82"
"63","000","00","080","0011","0000","1445","1011","434","13","1458","2826","0","51.59","35.77"
"63","000","00","080","0011","1019","712","460","252","6","718","1431","0","50.17","32.15"
"63","000","00","080","0011","1020","733","551","182","7","740","1395","0","53.05","39.50"
"63","000","00","080","0012","0000","1947","1170","777","11","1958","3978","0","49.22","29.41"
"63","000","00","080","0012","1021","575","331","244","5","580","1231","0","47.12","26.89"
"63","000","00","080","0012","1022","633","371","262","2","635","1338","0","47.46","27.73"
"63","000","00","080","0012","1023","739","468","271","4","743","1409","0","52.73","33.22"
"63","000","00","080","0013","0000","2122","1293","829","33","2155","4213","0","51.15","30.69"
"63","000","00","080","0013","1024","704","395","309","9","713","1453","0","49.07","27.19"
"63","000","00","080","0013","1025","671","439","232","13","684","1408","0","48.58","31.18"
"63","000","00","080","0013","1026","747","459","288","11","758","1352","0","56.07","33.95"
"63","000","00","080","0014","0000","1455","900","555","19","1474","3144","0","46.88","28.63"
"63","000","00","080","0014","1030","725","411","314","10","735","1655","0","44.41","24.83"
"63","000","00","080","0014","1031","730","489","241","9","739","1489","0","49.63","32.84"
"63","000","00","080","0015","0000","3108","1969","1139","23","3131","6323","0","49.52","31.14"
"63","000","00","080","0015","1032","671","434","237","5","676","1334","0","50.67","32.53"
"63","000","00","080","0015","1033","650","430","220","3","653","1261","0","51.78","34.10"
"63","000","00","080","0015","1034","591","349","242","4","595","1245","0","47.79","28.03"
"63","000","00","080","0015","1035","613","405","208","6","619","1236","0","50.08","32.77"
"63","000","00","080","0015","1036","583","351","232","5","588","1247","0","47.15","28.15"
"63","000","00","080","0016","0000","2397","1493","904","33","2430","5161","0","47.08","28.93"
"63","000","00","080","0016","1037","687","395","292","6","693","1505","0","46.05","26.25"
"63","000","00","080","0016","1038","674","424","250","13","687","1421","0","48.35","29.84"
"63","000","00","080","0016","1039","540","360","180","7","547","1260","0","43.41","28.57"
"63","000","00","080","0016","1040","496","314","182","7","503","975","0","51.59","32.21"
"63","000","00","080","0017","0000","2263","1513","750","20","2283","4630","0","49.31","32.68"
"63","000","00","080","0017","1041","603","404","199","2","605","1158","0","52.25","34.89"
"63","000","00","080","0017","1042","524","351","173","6","530","1110","0","47.75","31.62"
"63","000","00","080","0017","1043","488","328","160","5","493","1053","0","46.82","31.15"
"63","000","00","080","0017","1044","648","430","218","7","655","1309","0","50.04","32.85"
"63","000","00","080","0018","0000","2897","1851","1046","21","2918","5698","0","51.21","32.49"
"63","000","00","080","0018","1045","791","480","311","6","797","1581","0","50.41","30.36"
"63","000","00","080","0018","1046","651","442","209","4","655","1365","0","47.99","32.38"
"63","000","00","080","0018","1047","767","493","274","5","772","1429","0","54.02","34.50"
"63","000","00","080","0018","1048","688","436","252","6","694","1323","0","52.46","32.96"
"63","000","00","080","0019","0000","2291","1329","962","23","2314","4637","0","49.90","28.66"
"63","000","00","080","0019","1049","554","338","216","8","562","1106","0","50.81","30.56"
"63","000","00","080","0019","1050","556","318","238","4","560","1149","0","48.74","27.68"
"63","000","00","080","0019","1051","592","324","268","6","598","1208","0","49.50","26.82"
"63","000","00","080","0019","1052","589","349","240","5","594","1174","0","50.60","29.73"
"63","000","00","080","0020","0000","3250","2133","1117","28","3278","7009","0","46.77","30.43"
"63","000","00","080","0020","1053","527","360","167","6","533","1202","0","44.34","29.95"
"63","000","00","080","0020","1054","574","377","197","2","576","1206","0","47.76","31.26"
"63","000","00","080","0020","1055","578","369","209","5","583","1199","0","48.62","30.78"
"63","000","00","080","0020","1056","528","357","171","7","535","1095","0","48.86","32.60"
"63","000","00","080","0020","1057","510","339","171","6","516","1155","0","44.68","29.35"
"63","000","00","080","0020","1058","533","331","202","2","535","1152","0","46.44","28.73"
"63","000","00","080","0021","0000","1726","1051","675","24","1750","3527","0","49.62","29.80"
"63","000","00","080","0021","1059","553","343","210","7","560","1080","0","51.85","31.76"
"63","000","00","080","0021","1060","613","361","252","10","623","1199","0","51.96","30.11"
"63","000","00","080","0021","1061","560","347","213","7","567","1248","0","45.43","27.80"
"63","000","00","080","0022","0000","2707","1702","1005","27","2734","5643","0","48.45","30.16"
"63","000","00","080","0022","1062","588","404","184","4","592","1370","0","43.21","29.49"
"63","000","00","080","0022","1063","648","412","236","8","656","1407","0","46.62","29.28"
"63","000","00","080","0022","1064","730","410","320","4","734","1410","0","52.06","29.08"
"63","000","00","080","0022","1065","741","476","265","11","752","1456","0","51.65","32.69"
"63","000","00","080","0023","0000","2903","1929","974","35","2938","5797","0","50.68","33.28"
"63","000","00","080","0023","1066","574","366","208","7","581","1112","0","52.25","32.91"
"63","000","00","080","0023","1067","551","369","182","8","559","1128","0","49.56","32.71"
"63","000","00","080","0023","1068","569","375","194","8","577","1090","0","52.94","34.40"
"63","000","00","080","0023","1069","586","386","200","6","592","1183","0","50.04","32.63"
"63","000","00","080","0023","1070","623","433","190","6","629","1284","0","48.99","33.72"
"63","000","00","080","0024","0000","3784","2397","1387","46","3830","7631","0","50.19","31.41"
"63","000","00","080","0024","1071","620","356","264","12","632","1336","0","47.31","26.65"
"63","000","00","080","0024","1072","698","428","270","7","705","1268","0","55.60","33.75"
"63","000","00","080","0024","1073","630","449","181","6","636","1264","0","50.32","35.52"
"63","000","00","080","0024","1074","616","380","236","6","622","1283","0","48.48","29.62"
"63","000","00","080","0024","1075","639","426","213","8","647","1286","0","50.31","33.13"
"63","000","00","080","0024","1076","581","358","223","7","588","1194","0","49.25","29.98"
"63","000","00","080","0025","0000","1535","937","598","17","1552","3738","0","41.52","25.07"
"63","000","00","080","0025","1077","654","382","272","6","660","1661","0","39.74","23.00"
"63","000","00","080","0025","1078","587","361","226","9","596","1309","0","45.53","27.58"
"63","000","00","080","0025","1079","294","194","100","2","296","768","0","38.54","25.26"
"63","000","00","080","0026","0000","2795","1762","1033","19","2814","5826","0","48.30","30.24"
"63","000","00","080","0026","1080","687","394","293","1","688","1449","0","47.48","27.19"
"63","000","00","080","0026","1081","612","398","214","6","618","1429","0","43.25","27.85"
"63","000","00","080","0026","1082","773","497","276","5","778","1481","0","52.53","33.56"
"63","000","00","080","0026","1083","723","473","250","7","730","1467","0","49.76","32.24"
"63","000","00","080","0027","0000","3834","2552","1282","45","3879","7776","0","49.88","32.82"
"63","000","00","080","0027","1084","634","390","244","5","639","1263","0","50.59","30.88"
"63","000","00","080","0027","1085","666","434","232","11","677","1371","0","49.38","31.66"
"63","000","00","080","0027","1086","649","423","226","6","655","1330","0","49.25","31.80"
"63","000","00","080","0027","1087","559","393","166","5","564","1191","0","47.36","33.00"
"63","000","00","080","0027","1088","645","433","212","10","655","1255","0","52.19","34.50"
"63","000","00","080","0027","1089","681","479","202","8","689","1366","0","50.44","35.07"
"63","000","00","080","0028","0000","3450","1970","1480","39","3489","8867","0","39.35","22.22"
"63","000","00","080","0028","1090","616","359","257","6","622","2449","0","25.40","14.66"
"63","000","00","080","0028","1091","538","292","246","4","542","1226","0","44.21","23.82"
"63","000","00","080","0028","1092","513","288","225","8","521","1233","0","42.25","23.36"
"63","000","00","080","0028","1093","537","318","219","6","543","1307","0","41.55","24.33"
"63","000","00","080","0028","1094","611","354","257","7","618","1305","0","47.36","27.13"
"63","000","00","080","0028","1095","635","359","276","8","643","1347","0","47.74","26.65"
"63","000","00","080","0029","0000","2980","1770","1210","24","3004","6234","0","48.19","28.39"
"63","000","00","080","0029","1096","549","332","217","3","552","1142","0","48.34","29.07"
"63","000","00","080","0029","1097","589","343","246","4","593","1276","0","46.47","26.88"
"63","000","00","080","0029","1098","561","320","241","5","566","1165","0","48.58","27.47"
"63","000","00","080","0029","1099","540","318","222","8","548","1255","0","43.67","25.34"
"63","000","00","080","0029","1100","741","457","284","4","745","1396","0","53.37","32.74"
"63","000","00","080","0030","0000","3282","2111","1171","27","3309","7099","0","46.61","29.74"
"63","000","00","080","0030","1104","689","460","229","9","698","1464","0","47.68","31.42"
"63","000","00","080","0030","1105","635","407","228","8","643","1347","0","47.74","30.22"
"63","000","00","080","0030","1106","644","382","262","3","647","1404","0","46.08","27.21"
"63","000","00","080","0030","1107","654","408","246","4","658","1520","0","43.29","26.84"
"63","000","00","080","0030","1108","660","454","206","3","663","1364","0","48.61","33.28"
"63","000","00","080","0031","0000","2293","1455","838","20","2313","4662","0","49.61","31.21"
"63","000","00","080","0031","1109","573","362","211","2","575","1198","0","48.00","30.22"
"63","000","00","080","0031","1110","596","385","211","7","603","1136","0","53.08","33.89"
"63","000","00","080","0031","1111","544","316","228","3","547","1145","0","47.77","27.60"
"63","000","00","080","0031","1112","580","392","188","8","588","1183","0","49.70","33.14"
"63","000","00","080","0032","0000","2240","1320","920","26","2266","4648","0","48.75","28.40"
"63","000","00","080","0032","1117","517","310","207","11","528","1066","0","49.53","29.08"
"63","000","00","080","0032","1118","523","293","230","4","527","1143","0","46.11","25.63"
"63","000","00","080","0032","1119","619","360","259","9","628","1286","0","48.83","27.99"
"63","000","00","080","0032","1120","581","357","224","2","583","1153","0","50.56","30.96"
"63","000","00","080","0033","0000","3197","2008","1189","27","3224","6704","0","48.09","29.95"
"63","000","00","080","0033","1124","702","401","301","4","706","1412","0","50.00","28.40"
"63","000","00","080","0033","1125","576","362","214","5","581","1275","0","45.57","28.39"
"63","000","00","080","0033","1126","655","417","238","6","661","1427","0","46.32","29.22"
"63","000","00","080","0033","1127","710","470","240","6","716","1370","0","52.26","34.31"
"63","000","00","080","0033","1128","554","358","196","6","560","1220","0","45.90","29.34"
"63","000","00","080","0034","0000","2352","1396","956","22","2374","5050","0","47.01","27.64"
"63","000","00","080","0034","1134","499","237","262","8","507","1059","0","47.88","22.38"
"63","000","00","080","0034","1135","468","266","202","2","470","1018","0","46.17","26.13"
"63","000","00","080","0034","1136","449","290","159","4","453","989","0","45.80","29.32"
"63","000","00","080","0034","1137","427","298","129","1","428","994","0","43.06","29.98"
"63","000","00","080","0034","1138","509","305","204","7","516","990","0","52.12","30.81"
"63","000","00","080","0035","0000","3500","2013","1487","33","3533","7045","0","50.15","28.57"
"63","000","00","080","0035","1139","745","436","309","11","756","1437","0","52.61","30.34"
"63","000","00","080","0035","1140","726","423","303","5","731","1456","0","50.21","29.05"
"63","000","00","080","0035","1141","759","458","301","5","764","1462","0","52.26","31.33"
"63","000","00","080","0035","1142","680","375","305","7","687","1346","0","51.04","27.86"
"63","000","00","080","0035","1143","590","321","269","5","595","1344","0","44.27","23.88"
"63","000","00","080","0036","0000","1532","831","701","12","1544","3435","0","44.95","24.19"
"63","000","00","080","0036","1149","593","343","250","5","598","1267","0","47.20","27.07"
"63","000","00","080","0036","1150","608","370","238","5","613","1342","0","45.68","27.57"
"63","000","00","080","0036","1151","331","118","213","2","333","826","0","40.31","14.29"
"63","000","00","080","0037","0000","345","137","208","4","349","778","0","44.86","17.61"
"63","000","00","080","0037","1152","345","137","208","4","349","778","0","44.86","17.61"
"63","000","00","080","0038","0000","1889","1261","628","25","1914","3647","0","52.48","34.58"
"63","000","00","080","0038","1101","579","393","186","9","588","1060","0","55.47","37.08"
"63","000","00","080","0038","1102","687","440","247","5","692","1389","0","49.82","31.68"
"63","000","00","080","0038","1103","623","428","195","11","634","1198","0","52.92","35.73"
"63","000","00","080","0039","0000","2811","1759","1052","33","2844","6271","0","45.35","28.05"
"63","000","00","080","0039","1129","612","359","253","9","621","1252","0","49.60","28.67"
"63","000","00","080","0039","1130","576","356","220","7","583","1384","0","42.12","25.72"
"63","000","00","080","0039","1131","545","346","199","4","549","1208","0","45.45","28.64"
"63","000","00","080","0039","1132","510","341","169","6","516","1254","0","41.15","27.19"
"63","000","00","080","0039","1133","568","357","211","7","575","1173","0","49.02","30.43"
"63","000","00","080","0040","0000","3013","1826","1187","36","3049","6269","0","48.64","29.13"
"63","000","00","080","0040","1144","482","281","201","6","488","1042","0","46.83","26.97"
"63","000","00","080","0040","1145","564","332","232","9","573","1185","0","48.35","28.02"
"63","000","00","080","0040","1146","616","342","274","8","624","1305","0","47.82","26.21"
"63","000","00","080","0040","1147","667","415","252","8","675","1356","0","49.78","30.60"
"63","000","00","080","0040","1148","684","456","228","5","689","1381","0","49.89","33.02"
"63","000","00","080","0041","0000","2444","1435","1009","30","2474","5223","0","47.37","27.47"
"63","000","00","080","0041","1113","739","448","291","8","747","1534","0","48.70","29.20"
"63","000","00","080","0041","1114","551","305","246","5","556","1183","0","47.00","25.78"
"63","000","00","080","0041","1115","580","332","248","10","590","1252","0","47.12","26.52"
"63","000","00","080","0041","1116","574","350","224","7","581","1254","0","46.33","27.91"
"63","000","00","080","0042","0000","2143","1474","669","19","2162","4301","0","50.27","34.27"
"63","000","00","080","0042","1027","671","436","235","4","675","1359","0","49.67","32.08"
"63","000","00","080","0042","1028","748","510","238","3","751","1500","0","50.07","34.00"
"63","000","00","080","0042","1029","724","528","196","12","736","1442","0","51.04","36.62"
"63","000","00","080","0043","0000","1910","1112","798","12","1922","3996","0","48.10","27.83"
"63","000","00","080","0043","1121","617","364","253","4","621","1276","0","48.67","28.53"
"63","000","00","080","0043","1122","657","377","280","7","664","1354","0","49.04","27.84"
"63","000","00","080","0043","1123","636","371","265","1","637","1366","0","46.63","27.16"
"63","000","00","090","0000","0000","44472","23837","20635","399","44871","99364","117188","45.16","23.99"
"63","000","00","090","0001","0000","2164","1119","1045","15","2179","5637","0","38.66","19.85"
"63","000","00","090","0001","1153","426","177","249","4","430","1105","0","38.91","16.02"
"63","000","00","090","0001","1154","608","334","274","3","611","1427","0","42.82","23.41"
"63","000","00","090","0001","1155","540","289","251","3","543","1292","0","42.03","22.37"
"63","000","00","090","0001","1156","590","319","271","5","595","1813","0","32.82","17.60"
"63","000","00","090","0002","0000","1240","516","724","5","1245","3127","0","39.81","16.50"
"63","000","00","090","0002","1157","432","103","329","1","433","1028","0","42.12","10.02"
"63","000","00","090","0002","1158","437","220","217","2","439","1121","0","39.16","19.63"
"63","000","00","090","0002","1159","371","193","178","2","373","978","0","38.14","19.73"
"63","000","00","090","0003","0000","1476","710","766","12","1488","3300","0","45.09","21.52"
"63","000","00","090","0003","1165","461","230","231","5","466","989","0","47.12","23.26"
"63","000","00","090","0003","1166","529","244","285","3","532","1169","0","45.51","20.87"
"63","000","00","090","0003","1167","486","236","250","4","490","1142","0","42.91","20.67"
"63","000","00","090","0004","0000","2696","1450","1246","24","2720","6452","0","42.16","22.47"
"63","000","00","090","0004","1160","530","243","287","7","537","1291","0","41.60","18.82"
"63","000","00","090","0004","1161","501","282","219","2","503","1313","0","38.31","21.48"
"63","000","00","090","0004","1162","538","279","259","4","542","1293","0","41.92","21.58"
"63","000","00","090","0004","1163","548","322","226","6","554","1266","0","43.76","25.43"
"63","000","00","090","0004","1164","579","324","255","5","584","1289","0","45.31","25.14"
"63","000","00","090","0005","0000","2596","1345","1251","13","2609","6152","0","42.41","21.86"
"63","000","00","090","0005","1184","435","209","226","4","439","1238","0","35.46","16.88"
"63","000","00","090","0005","1185","585","319","266","1","586","1340","0","43.73","23.81"
"63","000","00","090","0005","1186","515","242","273","4","519","1184","0","43.83","20.44"
"63","000","00","090","0005","1187","549","303","246","2","551","1271","0","43.35","23.84"
"63","000","00","090","0005","1188","512","272","240","2","514","1119","0","45.93","24.31"
"63","000","00","090","0006","0000","1458","825","633","6","1464","3170","0","46.18","26.03"
"63","000","00","090","0006","1208","530","301","229","3","533","1126","0","47.34","26.73"
"63","000","00","090","0006","1209","501","288","213","2","503","1086","0","46.32","26.52"
"63","000","00","090","0006","1210","427","236","191","1","428","958","0","44.68","24.63"
"63","000","00","090","0007","0000","2310","1302","1008","23","2333","4785","0","48.76","27.21"
"63","000","00","090","0007","1193","548","300","248","6","554","1204","0","46.01","24.92"
"63","000","00","090","0007","1194","499","290","209","2","501","1063","0","47.13","27.28"
"63","000","00","090","0007","1195","637","354","283","9","646","1280","0","50.47","27.66"
"63","000","00","090","0007","1196","626","358","268","6","632","1238","0","51.05","28.92"
"63","000","00","090","0008","0000","1784","789","995","19","1803","4037","0","44.66","19.54"
"63","000","00","090","0008","1197","596","274","322","5","601","1305","0","46.05","21.00"
"63","000","00","090","0008","1198","616","277","339","5","621","1374","0","45.20","20.16"
"63","000","00","090","0008","1199","572","238","334","9","581","1358","0","42.78","17.53"
"63","000","00","090","0009","0000","1844","895","949","21","1865","4075","0","45.77","21.96"
"63","000","00","090","0009","1200","631","286","345","10","641","1445","0","44.36","19.79"
"63","000","00","090","0009","1201","607","315","292","6","613","1314","0","46.65","23.97"
"63","000","00","090","0009","1202","606","294","312","5","611","1316","0","46.43","22.34"
"63","000","00","090","0010","0000","2695","1383","1312","27","2722","5716","0","47.62","24.20"
"63","000","00","090","0010","1203","498","255","243","6","504","1052","0","47.91","24.24"
"63","000","00","090","0010","1204","580","300","280","5","585","1198","0","48.83","25.04"
"63","000","00","090","0010","1205","571","309","262","6","577","1211","0","47.65","25.52"
"63","000","00","090","0010","1206","517","251","266","6","523","1106","0","47.29","22.69"
"63","000","00","090","0010","1207","529","268","261","4","533","1149","0","46.39","23.32"
"63","000","00","090","0011","0000","3039","1779","1260","27","3066","6413","0","47.81","27.74"
"63","000","00","090","0011","1224","622","352","270","8","630","1402","0","44.94","25.11"
"63","000","00","090","0011","1225","658","393","265","8","666","1396","0","47.71","28.15"
"63","000","00","090","0011","1226","567","305","262","2","569","1139","0","49.96","26.78"
"63","000","00","090","0011","1227","643","398","245","4","647","1224","0","52.86","32.52"
"63","000","00","090","0011","1228","549","331","218","5","554","1252","0","44.25","26.44"
"63","000","00","090","0012","0000","1893","1085","808","13","1906","3623","0","52.61","29.95"
"63","000","00","090","0012","1214","546","308","238","5","551","1133","0","48.63","27.18"
"63","000","00","090","0012","1215","676","327","349","4","680","1209","0","56.24","27.05"
"63","000","00","090","0012","1216","671","450","221","4","675","1281","0","52.69","35.13"
"63","000","00","090","0013","0000","1857","996","861","13","1870","3885","0","48.13","25.64"
"63","000","00","090","0013","1217","626","335","291","6","632","1340","0","47.16","25.00"
"63","000","00","090","0013","1218","590","320","270","4","594","1248","0","47.60","25.64"
"63","000","00","090","0013","1219","641","341","300","3","644","1297","0","49.65","26.29"
"63","000","00","090","0014","0000","1996","1048","948","22","2018","4544","0","44.41","23.06"
"63","000","00","090","0014","1220","462","251","211","0","462","1138","0","40.60","22.06"
"63","000","00","090","0014","1221","495","254","241","3","498","1141","0","43.65","22.26"
"63","000","00","090","0014","1222","509","267","242","7","516","1103","0","46.78","24.21"
"63","000","00","090","0014","1223","530","276","254","12","542","1162","0","46.64","23.75"
"63","000","00","090","0015","0000","1996","1103","893","28","2024","4274","0","47.36","25.81"
"63","000","00","090","0015","1211","696","424","272","8","704","1411","0","49.89","30.05"
"63","000","00","090","0015","1212","666","325","341","12","678","1488","0","45.56","21.84"
"63","000","00","090","0015","1213","634","354","280","8","642","1375","0","46.69","25.75"
"63","000","00","090","0016","0000","3012","1545","1467","30","3042","7580","0","40.13","20.38"
"63","000","00","090","0016","1178","483","225","258","5","488","1349","0","36.17","16.68"
"63","000","00","090","0016","1179","473","215","258","4","477","1297","0","36.78","16.58"
"63","000","00","090","0016","1180","509","273","236","5","514","1221","0","42.10","22.36"
"63","000","00","090","0016","1181","501","272","229","2","503","1185","0","42.45","22.95"
"63","000","00","090","0016","1182","481","273","208","6","487","1220","0","39.92","22.38"
"63","000","00","090","0016","1183","565","287","278","8","573","1308","0","43.81","21.94"
"63","000","00","090","0017","0000","3572","1858","1714","40","3612","7890","0","45.78","23.55"
"63","000","00","090","0017","1168","563","278","285","8","571","1435","0","39.79","19.37"
"63","000","00","090","0017","1169","597","302","295","8","605","1256","0","48.17","24.04"
"63","000","00","090","0017","1170","608","285","323","3","611","1279","0","47.77","22.28"
"63","000","00","090","0017","1171","645","331","314","7","652","1369","0","47.63","24.18"
"63","000","00","090","0017","1172","558","295","263","11","569","1331","0","42.75","22.16"
"63","000","00","090","0017","1173","601","367","234","3","604","1220","0","49.51","30.08"
"63","000","00","090","0018","0000","2384","1414","970","26","2410","5386","0","44.75","26.25"
"63","000","00","090","0018","1174","582","294","288","5","587","1395","0","42.08","21.08"
"63","000","00","090","0018","1175","698","501","197","10","708","1324","0","53.47","37.84"
"63","000","00","090","0018","1176","459","225","234","3","462","1266","0","36.49","17.77"
"63","000","00","090","0018","1177","645","394","251","8","653","1401","0","46.61","28.12"
"63","000","00","090","0019","0000","2360","1489","871","18","2378","4777","0","49.78","31.17"
"63","000","00","090","0019","1229","562","362","200","3","565","1114","0","50.72","32.50"
"63","000","00","090","0019","1230","509","324","185","2","511","994","0","51.41","32.60"
"63","000","00","090","0019","1231","708","440","268","9","717","1323","0","54.20","33.26"
"63","000","00","090","0019","1232","581","363","218","4","585","1346","0","43.46","26.97"
"63","000","00","090","0020","0000","2100","1186","914","17","2117","4541","0","46.62","26.12"
"63","000","00","090","0020","1189","476","258","218","7","483","1166","0","41.42","22.13"
"63","000","00","090","0020","1190","496","270","226","1","497","1122","0","44.30","24.06"
"63","000","00","090","0020","1191","568","328","240","4","572","1123","0","50.93","29.21"
"63","000","00","090","0020","1192","560","330","230","5","565","1130","0","50.00","29.20"
"63","000","00","100","0000","0000","107044","58719","48325","1039","108083","232305","279598","46.53","25.28"
"63","000","00","100","0001","0000","2882","1432","1450","32","2914","6163","0","47.28","23.24"
"63","000","00","100","0001","1233","552","257","295","7","559","1205","0","46.39","21.33"
"63","000","00","100","0001","1234","524","262","262","8","532","1156","0","46.02","22.66"
"63","000","00","100","0001","1235","584","269","315","7","591","1251","0","47.24","21.50"
"63","000","00","100","0001","1236","586","314","272","7","593","1233","0","48.09","25.47"
"63","000","00","100","0001","1237","636","330","306","3","639","1318","0","48.48","25.04"
"63","000","00","100","0002","0000","3957","2263","1694","56","4013","8190","0","49.00","27.63"
"63","000","00","100","0002","1238","658","337","321","12","670","1315","0","50.95","25.63"
"63","000","00","100","0002","1239","710","397","313","16","726","1418","0","51.20","28.00"
"63","000","00","100","0002","1240","651","358","293","10","661","1367","0","48.35","26.19"
"63","000","00","100","0002","1241","642","341","301","8","650","1495","0","43.48","22.81"
"63","000","00","100","0002","1242","634","356","278","5","639","1324","0","48.26","26.89"
"63","000","00","100","0002","1243","662","474","188","5","667","1271","0","52.48","37.29"
"63","000","00","100","0003","0000","2749","1485","1264","31","2780","5644","0","49.26","26.31"
"63","000","00","100","0003","1244","635","354","281","9","644","1333","0","48.31","26.56"
"63","000","00","100","0003","1245","694","396","298","12","706","1414","0","49.93","28.01"
"63","000","00","100","0003","1246","693","329","364","2","695","1371","0","50.69","24.00"
"63","000","00","100","0003","1247","727","406","321","8","735","1526","0","48.17","26.61"
"63","000","00","100","0005","0000","2464","1305","1159","16","2480","5115","0","48.48","25.51"
"63","000","00","100","0005","1248","655","348","307","4","659","1302","0","50.61","26.73"
"63","000","00","100","0005","1249","611","329","282","6","617","1255","0","49.16","26.22"
"63","000","00","100","0005","1250","622","304","318","2","624","1331","0","46.88","22.84"
"63","000","00","100","0005","1251","576","324","252","4","580","1227","0","47.27","26.41"
"63","000","00","100","0006","0000","2125","1099","1026","17","2142","4642","0","46.14","23.68"
"63","000","00","100","0006","1252","695","367","328","4","699","1561","0","44.78","23.51"
"63","000","00","100","0006","1253","748","394","354","5","753","1528","0","49.28","25.79"
"63","000","00","100","0006","1254","682","338","344","8","690","1553","0","44.43","21.76"
"63","000","00","100","0007","0000","3764","2011","1753","28","3792","7960","0","47.64","25.26"
"63","000","00","100","0007","1255","540","282","258","7","547","1289","0","42.44","21.88"
"63","000","00","100","0007","1256","677","347","330","6","683","1435","0","47.60","24.18"
"63","000","00","100","0007","1257","564","317","247","4","568","1246","0","45.59","25.44"
"63","000","00","100","0007","1258","799","422","377","2","801","1553","0","51.58","27.17"
"63","000","00","100","0007","1259","605","331","274","4","609","1202","0","50.67","27.54"
"63","000","00","100","0007","1260","579","312","267","5","584","1235","0","47.29","25.26"
"63","000","00","100","0008","0000","3551","1891","1660","32","3583","7644","0","46.87","24.74"
"63","000","00","100","0008","1261","698","402","296","4","702","1480","0","47.43","27.16"
"63","000","00","100","0008","1262","739","423","316","10","749","1596","0","46.93","26.50"
"63","000","00","100","0008","1263","690","355","335","4","694","1459","0","47.57","24.33"
"63","000","00","100","0008","1264","710","357","353","8","718","1554","0","46.20","22.97"
"63","000","00","100","0008","1265","714","354","360","6","720","1555","0","46.30","22.77"
"63","000","00","100","0009","0000","2594","1473","1121","26","2620","5561","0","47.11","26.49"
"63","000","00","100","0009","1266","622","360","262","7","629","1287","0","48.87","27.97"
"63","000","00","100","0009","1267","555","298","257","3","558","1295","0","43.09","23.01"
"63","000","00","100","0009","1268","680","395","285","4","684","1402","0","48.79","28.17"
"63","000","00","100","0009","1269","737","420","317","12","749","1577","0","47.50","26.63"
"63","000","00","100","0010","0000","3659","2160","1499","31","3690","7099","0","51.98","30.43"
"63","000","00","100","0010","1270","877","496","381","4","881","1633","0","53.95","30.37"
"63","000","00","100","0010","1271","804","492","312","7","811","1559","0","52.02","31.56"
"63","000","00","100","0010","1272","780","428","352","7","787","1433","0","54.92","29.87"
"63","000","00","100","0010","1273","665","434","231","7","672","1356","0","49.56","32.01"
"63","000","00","100","0010","1274","533","310","223","6","539","1118","0","48.21","27.73"
"63","000","00","100","0011","0000","3328","1698","1630","30","3358","6865","0","48.91","24.73"
"63","000","00","100","0011","1275","697","367","330","5","702","1486","0","47.24","24.70"
"63","000","00","100","0011","1276","647","333","314","2","649","1325","0","48.98","25.13"
"63","000","00","100","0011","1277","734","376","358","7","741","1371","0","54.05","27.43"
"63","000","00","100","0011","1278","596","297","299","6","602","1350","0","44.59","22.00"
"63","000","00","100","0011","1279","654","325","329","10","664","1333","0","49.81","24.38"
"63","000","00","100","0012","0000","2213","1223","990","14","2227","4641","0","47.99","26.35"
"63","000","00","100","0012","1280","728","394","334","6","734","1586","0","46.28","24.84"
"63","000","00","100","0012","1281","762","422","340","3","765","1515","0","50.50","27.85"
"63","000","00","100","0012","1282","723","407","316","5","728","1540","0","47.27","26.43"
"63","000","00","100","0013","0000","2119","1193","926","25","2144","4647","0","46.14","25.67"
"63","000","00","100","0013","1283","760","447","313","6","766","1629","0","47.02","27.44"
"63","000","00","100","0013","1284","646","352","294","8","654","1452","0","45.04","24.24"
"63","000","00","100","0013","1285","713","394","319","11","724","1566","0","46.23","25.16"
"63","000","00","100","0014","0000","2848","1489","1359","23","2871","5790","0","49.59","25.72"
"63","000","00","100","0014","1286","703","356","347","4","707","1430","0","49.44","24.90"
"63","000","00","100","0014","1287","774","446","328","8","782","1500","0","52.13","29.73"
"63","000","00","100","0014","1288","621","323","298","6","627","1374","0","45.63","23.51"
"63","000","00","100","0014","1289","750","364","386","5","755","1486","0","50.81","24.50"
"63","000","00","100","0015","0000","2903","1631","1272","25","2928","6061","0","48.31","26.91"
"63","000","00","100","0015","1290","177","49","128","0","177","430","0","41.16","11.40"
"63","000","00","100","0015","1291","778","418","360","5","783","1593","0","49.15","26.24"
"63","000","00","100","0015","1292","690","411","279","6","696","1366","0","50.95","30.09"
"63","000","00","100","0015","1293","685","435","250","6","691","1337","0","51.68","32.54"
"63","000","00","100","0015","1294","573","318","255","8","581","1335","0","43.52","23.82"
"63","000","00","100","0016","0000","2363","1472","891","19","2382","4880","0","48.81","30.16"
"63","000","00","100","0016","1295","631","348","283","7","638","1313","0","48.59","26.50"
"63","000","00","100","0016","1296","533","352","181","7","540","1077","0","50.14","32.68"
"63","000","00","100","0016","1297","559","376","183","3","562","1185","0","47.43","31.73"
"63","000","00","100","0016","1298","640","396","244","2","642","1305","0","49.20","30.34"
"63","000","00","100","0017","0000","3537","1998","1539","22","3559","7269","0","48.96","27.49"
"63","000","00","100","0017","1299","729","432","297","5","734","1532","0","47.91","28.20"
"63","000","00","100","0017","1300","737","409","328","9","746","1525","0","48.92","26.82"
"63","000","00","100","0017","1301","768","475","293","4","772","1585","0","48.71","29.97"
"63","000","00","100","0017","1302","624","308","316","3","627","1234","0","50.81","24.96"
"63","000","00","100","0017","1303","679","374","305","1","680","1393","0","48.82","26.85"
"63","000","00","100","0018","0000","2671","1562","1109","34","2705","5983","0","45.21","26.11"
"63","000","00","100","0018","1304","715","420","295","7","722","1509","0","47.85","27.83"
"63","000","00","100","0018","1305","574","334","240","8","582","1443","0","40.33","23.15"
"63","000","00","100","0018","1306","728","411","317","10","738","1526","0","48.36","26.93"
"63","000","00","100","0018","1307","654","397","257","9","663","1505","0","44.05","26.38"
"63","000","00","100","0019","0000","3382","1813","1569","31","3413","7104","0","48.04","25.52"
"63","000","00","100","0019","1308","698","361","337","8","706","1517","0","46.54","23.80"
"63","000","00","100","0019","1309","576","317","259","10","586","1306","0","44.87","24.27"
"63","000","00","100","0019","1310","643","308","335","6","649","1407","0","46.13","21.89"
"63","000","00","100","0019","1311","705","391","314","6","711","1372","0","51.82","28.50"
"63","000","00","100","0019","1312","760","436","324","1","761","1502","0","50.67","29.03"
"63","000","00","100","0020","0000","3402","2143","1259","41","3443","6596","0","52.20","32.49"
"63","000","00","100","0020","1313","753","507","246","11","764","1503","0","50.83","33.73"
"63","000","00","100","0020","1314","690","414","276","5","695","1333","0","52.14","31.06"
"63","000","00","100","0020","1315","662","406","256","9","671","1279","0","52.46","31.74"
"63","000","00","100","0020","1316","621","338","283","9","630","1206","0","52.24","28.03"
"63","000","00","100","0020","1317","676","478","198","7","683","1275","0","53.57","37.49"
"63","000","00","100","0021","0000","1941","1200","741","22","1963","3925","0","50.01","30.57"
"63","000","00","100","0021","1318","696","396","300","5","701","1448","0","48.41","27.35"
"63","000","00","100","0021","1319","614","386","228","9","623","1209","0","51.53","31.93"
"63","000","00","100","0021","1320","631","418","213","8","639","1268","0","50.39","32.97"
"63","000","00","100","0022","0000","3425","1789","1636","31","3456","8758","0","39.46","20.43"
"63","000","00","100","0022","1321","608","302","306","6","614","1473","0","41.68","20.50"
"63","000","00","100","0022","1322","601","349","252","3","604","1453","0","41.57","24.02"
"63","000","00","100","0022","1323","570","286","284","5","575","1433","0","40.13","19.96"
"63","000","00","100","0022","1324","559","260","299","4","563","1490","0","37.79","17.45"
"63","000","00","100","0022","1325","545","324","221","7","552","1433","0","38.52","22.61"
"63","000","00","100","0022","1326","542","268","274","6","548","1476","0","37.13","18.16"
"63","000","00","100","0023","0000","2954","1582","1372","22","2976","6861","0","43.38","23.06"
"63","000","00","100","0023","1327","610","304","306","7","617","1436","0","42.97","21.17"
"63","000","00","100","0023","1328","532","277","255","2","534","1243","0","42.96","22.28"
"63","000","00","100","0023","1329","603","322","281","6","609","1411","0","43.16","22.82"
"63","000","00","100","0023","1330","564","339","225","4","568","1354","0","41.95","25.04"
"63","000","00","100","0023","1331","645","340","305","3","648","1417","0","45.73","23.99"
"63","000","00","100","0024","0000","2888","1561","1327","35","2923","6927","0","42.20","22.54"
"63","000","00","100","0024","1332","566","313","253","6","572","1409","0","40.60","22.21"
"63","000","00","100","0024","1333","653","360","293","9","662","1556","0","42.54","23.14"
"63","000","00","100","0024","1334","558","273","285","5","563","1272","0","44.26","21.46"
"63","000","00","100","0024","1335","593","307","286","5","598","1420","0","42.11","21.62"
"63","000","00","100","0024","1336","518","308","210","10","528","1270","0","41.57","24.25"
"63","000","00","100","0025","0000","1797","995","802","15","1812","4037","0","44.88","24.65"
"63","000","00","100","0025","1337","564","295","269","3","567","1161","0","48.84","25.41"
"63","000","00","100","0025","1338","455","279","176","4","459","1129","0","40.66","24.71"
"63","000","00","100","0025","1339","493","309","184","4","497","1004","0","49.50","30.78"
"63","000","00","100","0025","1340","285","112","173","4","289","743","0","38.90","15.07"
"63","000","00","100","0026","0000","3304","1597","1707","36","3340","7466","0","44.74","21.39"
"63","000","00","100","0026","1341","619","244","375","4","623","1450","0","42.97","16.83"
"63","000","00","100","0026","1342","710","344","366","11","721","1617","0","44.59","21.27"
"63","000","00","100","0026","1343","634","263","371","4","638","1380","0","46.23","19.06"
"63","000","00","100","0026","1344","654","369","285","8","662","1440","0","45.97","25.63"
"63","000","00","100","0026","1345","687","377","310","9","696","1579","0","44.08","23.88"
"63","000","00","100","0027","0000","2932","1492","1440","35","2967","6099","0","48.65","24.46"
"63","000","00","100","0027","1346","625","261","364","7","632","1416","0","44.63","18.43"
"63","000","00","100","0027","1347","750","386","364","4","754","1483","0","50.84","26.03"
"63","000","00","100","0027","1348","723","408","315","12","735","1542","0","47.67","26.46"
"63","000","00","100","0027","1349","834","437","397","12","846","1658","0","51.03","26.36"
"63","000","00","100","0028","0000","1443","796","647","12","1455","3369","0","43.19","23.63"
"63","000","00","100","0028","1350","627","286","341","4","631","1424","0","44.31","20.08"
"63","000","00","100","0028","1351","538","336","202","4","542","1307","0","41.47","25.71"
"63","000","00","100","0028","1352","278","174","104","4","282","638","0","44.20","27.27"
"63","000","00","100","0029","0000","2734","1485","1249","21","2755","7424","0","37.11","20.00"
"63","000","00","100","0029","1353","656","337","319","5","661","1516","0","43.60","22.23"
"63","000","00","100","0029","1354","733","440","293","8","741","2870","0","25.82","15.33"
"63","000","00","100","0029","1355","646","361","285","5","651","1489","0","43.72","24.24"
"63","000","00","100","0029","1356","699","347","352","3","702","1549","0","45.32","22.40"
"63","000","00","100","0030","0000","2109","1090","1019","17","2126","4537","0","46.86","24.02"
"63","000","00","100","0030","1357","723","376","347","5","728","1553","0","46.88","24.21"
"63","000","00","100","0030","1358","708","346","362","7","715","1512","0","47.29","22.88"
"63","000","00","100","0030","1359","678","368","310","5","683","1472","0","46.40","25.00"
"63","000","00","100","0031","0000","2861","1500","1361","32","2893","6387","0","45.30","23.49"
"63","000","00","100","0031","1360","472","228","244","2","474","1117","0","42.44","20.41"
"63","000","00","100","0031","1361","554","299","255","6","560","1208","0","46.36","24.75"
"63","000","00","100","0031","1362","541","264","277","10","551","1224","0","45.02","21.57"
"63","000","00","100","0031","1363","665","368","297","5","670","1403","0","47.75","26.23"
"63","000","00","100","0031","1364","629","341","288","9","638","1435","0","44.46","23.76"
"63","000","00","100","0032","0000","2584","1513","1071","30","2614","5366","0","48.71","28.20"
"63","000","00","100","0032","1365","672","372","300","9","681","1397","0","48.75","26.63"
"63","000","00","100","0032","1366","626","382","244","6","632","1334","0","47.38","28.64"
"63","000","00","100","0032","1367","660","404","256","8","668","1346","0","49.63","30.01"
"63","000","00","100","0032","1368","626","355","271","7","633","1289","0","49.11","27.54"
"63","000","00","100","0033","0000","1952","1086","866","16","1968","4591","0","42.87","23.65"
"63","000","00","100","0033","1369","710","393","317","8","718","1624","0","44.21","24.20"
"63","000","00","100","0033","1370","659","366","293","3","662","1594","0","41.53","22.96"
"63","000","00","100","0033","1371","583","327","256","5","588","1373","0","42.83","23.82"
"63","000","00","100","0034","0000","3788","2127","1661","40","3828","8128","0","47.10","26.17"
"63","000","00","100","0034","1372","732","399","333","6","738","1635","0","45.14","24.40"
"63","000","00","100","0034","1373","762","420","342","8","770","1627","0","47.33","25.81"
"63","000","00","100","0034","1374","769","419","350","9","778","1611","0","48.29","26.01"
"63","000","00","100","0034","1375","777","449","328","10","787","1595","0","49.34","28.15"
"63","000","00","100","0034","1376","748","440","308","7","755","1660","0","45.48","26.51"
"63","000","00","100","0035","0000","3332","1929","1403","33","3365","7322","0","45.96","26.35"
"63","000","00","100","0035","1377","562","331","231","5","567","1223","0","46.36","27.06"
"63","000","00","100","0035","1378","614","359","255","5","619","1384","0","44.73","25.94"
"63","000","00","100","0035","1379","666","389","277","7","673","1436","0","46.87","27.09"
"63","000","00","100","0035","1380","736","395","341","10","746","1683","0","44.33","23.47"
"63","000","00","100","0035","1381","754","455","299","6","760","1596","0","47.62","28.51"
"63","000","00","100","0036","0000","1984","1016","968","19","2003","4501","0","44.50","22.57"
"63","000","00","100","0036","1382","688","344","344","7","695","1469","0","47.31","23.42"
"63","000","00","100","0036","1383","652","321","331","6","658","1596","0","41.23","20.11"
"63","000","00","100","0036","1384","644","351","293","6","650","1436","0","45.26","24.44"
"63","000","00","100","0037","0000","386","164","222","7","393","1126","0","34.90","14.56"
"63","000","00","100","0037","1385","386","164","222","7","393","1126","0","34.90","14.56"
"63","000","00","100","0038","0000","2289","1098","1191","18","2307","4994","0","46.20","21.99"
"63","000","00","100","0038","1386","644","291","353","3","647","1342","0","48.21","21.68"
"63","000","00","100","0038","1387","534","274","260","5","539","1196","0","45.07","22.91"
"63","000","00","100","0038","1388","574","266","308","7","581","1330","0","43.68","20.00"
"63","000","00","100","0038","1389","537","267","270","3","540","1126","0","47.96","23.71"
"63","000","00","100","0039","0000","3686","2126","1560","41","3727","7959","0","46.83","26.71"
"63","000","00","100","0039","1390","705","430","275","8","713","1516","0","47.03","28.36"
"63","000","00","100","0039","1391","778","430","348","7","785","1553","0","50.55","27.69"
"63","000","00","100","0039","1392","769","440","329","10","779","1683","0","46.29","26.14"
"63","000","00","100","0039","1393","762","449","313","9","771","1670","0","46.17","26.89"
"63","000","00","100","0039","1394","672","377","295","7","679","1537","0","44.18","24.53"
"63","000","00","100","0040","0000","2144","1232","912","24","2168","4674","0","46.38","26.36"
"63","000","00","100","0040","1395","725","424","301","9","734","1493","0","49.16","28.40"
"63","000","00","100","0040","1396","689","376","313","11","700","1531","0","45.72","24.56"
"63","000","00","100","0040","1397","730","432","298","4","734","1650","0","44.48","26.18"
"63","000","00","110","0000","0000","107847","50376","57471","1038","108885","233253","274056","46.68","21.60"
"63","000","00","110","0001","0000","1545","639","906","15","1560","3285","0","47.49","19.45"
"63","000","00","110","0001","1398","511","198","313","7","518","1145","0","45.24","17.29"
"63","000","00","110","0001","1399","473","186","287","3","476","997","0","47.74","18.66"
"63","000","00","110","0001","1400","561","255","306","5","566","1143","0","49.52","22.31"
"63","000","00","110","0002","0000","1234","616","618","12","1246","2736","0","45.54","22.51"
"63","000","00","110","0002","1401","535","259","276","6","541","1227","0","44.09","21.11"
"63","000","00","110","0002","1402","699","357","342","6","705","1509","0","46.72","23.66"
"63","000","00","110","0003","0000","1133","554","579","18","1151","2482","0","46.37","22.32"
"63","000","00","110","0003","1403","446","243","203","10","456","1123","0","40.61","21.64"
"63","000","00","110","0003","1404","687","311","376","8","695","1359","0","51.14","22.88"
"63","000","00","110","0004","0000","1829","947","882","19","1848","5079","0","36.39","18.65"
"63","000","00","110","0004","1405","471","225","246","7","478","964","0","49.59","23.34"
"63","000","00","110","0004","1406","448","232","216","3","451","961","0","46.93","24.14"
"63","000","00","110","0004","1407","519","288","231","7","526","1044","0","50.38","27.59"
"63","000","00","110","0004","1408","391","202","189","2","393","2110","0","18.63","9.57"
"63","000","00","110","0005","0000","3372","1769","1603","26","3398","6507","0","52.22","27.19"
"63","000","00","110","0005","1409","604","343","261","7","611","1213","0","50.37","28.28"
"63","000","00","110","0005","1410","616","405","211","9","625","1222","0","51.15","33.14"
"63","000","00","110","0005","1411","605","308","297","3","608","1142","0","53.24","26.97"
"63","000","00","110","0005","1412","715","317","398","5","720","1421","0","50.67","22.31"
"63","000","00","110","0005","1413","832","396","436","2","834","1509","0","55.27","26.24"
"63","000","00","110","0006","0000","2593","1227","1366","24","2617","5295","0","49.42","23.17"
"63","000","00","110","0006","1414","600","325","275","5","605","1181","0","51.23","27.52"
"63","000","00","110","0006","1415","548","265","283","4","552","1241","0","44.48","21.35"
"63","000","00","110","0006","1416","776","366","410","8","784","1494","0","52.48","24.50"
"63","000","00","110","0006","1417","669","271","398","7","676","1379","0","49.02","19.65"
"63","000","00","110","0007","0000","3183","1517","1666","31","3214","6549","0","49.08","23.16"
"63","000","00","110","0007","1418","519","222","297","7","526","1118","0","47.05","19.86"
"63","000","00","110","0007","1419","674","306","368","7","681","1338","0","50.90","22.87"
"63","000","00","110","0007","1420","667","334","333","1","668","1387","0","48.16","24.08"
"63","000","00","110","0007","1421","753","374","379","9","762","1462","0","52.12","25.58"
"63","000","00","110","0007","1422","570","281","289","7","577","1244","0","46.38","22.59"
"63","000","00","110","0008","0000","2952","1268","1684","23","2975","6846","0","43.46","18.52"
"63","000","00","110","0008","1423","583","258","325","5","588","1350","0","43.56","19.11"
"63","000","00","110","0008","1424","555","219","336","3","558","1399","0","39.89","15.65"
"63","000","00","110","0008","1425","609","271","338","6","615","1422","0","43.25","19.06"
"63","000","00","110","0008","1426","558","228","330","2","560","1276","0","43.89","17.87"
"63","000","00","110","0008","1427","647","292","355","7","654","1399","0","46.75","20.87"
"63","000","00","110","0009","0000","2638","1112","1526","19","2657","5673","0","46.84","19.60"
"63","000","00","110","0009","1428","591","238","353","1","592","1346","0","43.98","17.68"
"63","000","00","110","0009","1429","632","260","372","6","638","1335","0","47.79","19.48"
"63","000","00","110","0009","1430","744","343","401","6","750","1489","0","50.37","23.04"
"63","000","00","110","0009","1431","671","271","400","6","677","1503","0","45.04","18.03"
"63","000","00","110","0010","0000","1733","706","1027","18","1751","3851","0","45.47","18.33"
"63","000","00","110","0010","1432","616","259","357","5","621","1349","0","46.03","19.20"
"63","000","00","110","0010","1433","625","237","388","7","632","1374","0","46.00","17.25"
"63","000","00","110","0010","1434","492","210","282","6","498","1128","0","44.15","18.62"
"63","000","00","110","0011","0000","2778","1199","1579","28","2806","5841","0","48.04","20.53"
"63","000","00","110","0011","1435","678","299","379","4","682","1459","0","46.74","20.49"
"63","000","00","110","0011","1436","695","284","411","9","704","1436","0","49.03","19.78"
"63","000","00","110","0011","1437","723","314","409","9","732","1493","0","49.03","21.03"
"63","000","00","110","0011","1438","682","302","380","6","688","1453","0","47.35","20.78"
"63","000","00","110","0012","0000","2186","1130","1056","17","2203","4783","0","46.06","23.63"
"63","000","00","110","0012","1439","499","272","227","4","503","1111","0","45.27","24.48"
"63","000","00","110","0012","1440","614","294","320","5","619","1342","0","46.13","21.91"
"63","000","00","110","0012","1441","541","279","262","5","546","1150","0","47.48","24.26"
"63","000","00","110","0012","1442","532","285","247","3","535","1180","0","45.34","24.15"
"63","000","00","110","0013","0000","2255","1011","1244","21","2276","5342","0","42.61","18.93"
"63","000","00","110","0013","1443","539","271","268","0","539","1252","0","43.05","21.65"
"63","000","00","110","0013","1444","478","206","272","5","483","1235","0","39.11","16.68"
"63","000","00","110","0013","1445","556","249","307","8","564","1422","0","39.66","17.51"
"63","000","00","110","0013","1446","682","285","397","8","690","1433","0","48.15","19.89"
"63","000","00","110","0014","0000","1988","936","1052","16","2004","4156","0","48.22","22.52"
"63","000","00","110","0014","1447","644","336","308","2","646","1373","0","47.05","24.47"
"63","000","00","110","0014","1448","648","296","352","12","660","1421","0","46.45","20.83"
"63","000","00","110","0014","1449","696","304","392","2","698","1362","0","51.25","22.32"
"63","000","00","110","0015","0000","2163","875","1288","32","2195","4679","0","46.91","18.70"
"63","000","00","110","0015","1450","543","212","331","7","550","1152","0","47.74","18.40"
"63","000","00","110","0015","1451","566","251","315","6","572","1210","0","47.27","20.74"
"63","000","00","110","0015","1452","610","260","350","10","620","1300","0","47.69","20.00"
"63","000","00","110","0015","1453","444","152","292","9","453","1017","0","44.54","14.95"
"63","000","00","110","0016","0000","2244","898","1346","18","2262","5082","0","44.51","17.67"
"63","000","00","110","0016","1454","575","229","346","7","582","1288","0","45.19","17.78"
"63","000","00","110","0016","1455","482","182","300","3","485","1182","0","41.03","15.40"
"63","000","00","110","0016","1456","607","234","373","4","611","1306","0","46.78","17.92"
"63","000","00","110","0016","1457","580","253","327","4","584","1306","0","44.72","19.37"
"63","000","00","110","0017","0000","2901","1456","1445","30","2931","6264","0","46.79","23.24"
"63","000","00","110","0017","1458","525","319","206","7","532","1195","0","44.52","26.69"
"63","000","00","110","0017","1459","588","231","357","7","595","1310","0","45.42","17.63"
"63","000","00","110","0017","1460","575","230","345","7","582","1274","0","45.68","18.05"
"63","000","00","110","0017","1461","570","369","201","5","575","1164","0","49.40","31.70"
"63","000","00","110","0017","1462","643","307","336","4","647","1321","0","48.98","23.24"
"63","000","00","110","0018","0000","1605","682","923","10","1615","3514","0","45.96","19.41"
"63","000","00","110","0018","1463","491","217","274","2","493","1063","0","46.38","20.41"
"63","000","00","110","0018","1464","573","240","333","6","579","1233","0","46.96","19.46"
"63","000","00","110","0018","1465","541","225","316","2","543","1218","0","44.58","18.47"
"63","000","00","110","0019","0000","2426","950","1476","20","2446","5517","0","44.34","17.22"
"63","000","00","110","0019","1466","601","244","357","6","607","1280","0","47.42","19.06"
"63","000","00","110","0019","1467","624","204","420","4","628","1437","0","43.70","14.20"
"63","000","00","110","0019","1468","610","292","318","5","615","1425","0","43.16","20.49"
"63","000","00","110","0019","1469","591","210","381","5","596","1375","0","43.35","15.27"
"63","000","00","110","0020","0000","3264","1248","2016","29","3293","7737","0","42.56","16.13"
"63","000","00","110","0020","1470","603","233","370","4","607","1295","0","46.87","17.99"
"63","000","00","110","0020","1471","499","182","317","6","505","1204","0","41.94","15.12"
"63","000","00","110","0020","1472","515","204","311","5","520","1262","0","41.20","16.16"
"63","000","00","110","0020","1473","612","209","403","5","617","1445","0","42.70","14.46"
"63","000","00","110","0020","1474","506","227","279","5","511","1281","0","39.89","17.72"
"63","000","00","110","0020","1475","529","193","336","4","533","1250","0","42.64","15.44"
"63","000","00","110","0021","0000","2767","1012","1755","25","2792","6210","0","44.96","16.30"
"63","000","00","110","0021","1476","483","205","278","2","485","1078","0","44.99","19.02"
"63","000","00","110","0021","1477","478","152","326","5","483","1148","0","42.07","13.24"
"63","000","00","110","0021","1478","611","208","403","5","616","1372","0","44.90","15.16"
"63","000","00","110","0021","1479","600","233","367","6","606","1360","0","44.56","17.13"
"63","000","00","110","0021","1480","595","214","381","7","602","1252","0","48.08","17.09"
"63","000","00","110","0022","0000","2684","1009","1675","25","2709","6117","0","44.29","16.50"
"63","000","00","110","0022","1481","515","187","328","6","521","1222","0","42.64","15.30"
"63","000","00","110","0022","1482","519","187","332","4","523","1213","0","43.12","15.42"
"63","000","00","110","0022","1483","567","220","347","7","574","1242","0","46.22","17.71"
"63","000","00","110","0022","1484","518","184","334","5","523","1153","0","45.36","15.96"
"63","000","00","110","0022","1485","565","231","334","3","568","1287","0","44.13","17.95"
"63","000","00","110","0023","0000","1901","488","1413","14","1915","4416","0","43.37","11.05"
"63","000","00","110","0023","1486","601","153","448","4","605","1415","0","42.76","10.81"
"63","000","00","110","0023","1487","634","163","471","6","640","1459","0","43.87","11.17"
"63","000","00","110","0023","1488","666","172","494","4","670","1542","0","43.45","11.15"
"63","000","00","110","0024","0000","2271","664","1607","20","2291","5424","0","42.24","12.24"
"63","000","00","110","0024","1489","475","145","330","7","482","1135","0","42.47","12.78"
"63","000","00","110","0024","1490","661","165","496","3","664","1550","0","42.84","10.65"
"63","000","00","110","0024","1491","555","168","387","4","559","1340","0","41.72","12.54"
"63","000","00","110","0024","1492","580","186","394","6","586","1399","0","41.89","13.30"
"63","000","00","110","0025","0000","1333","721","612","12","1345","2895","0","46.46","24.91"
"63","000","00","110","0025","1493","629","313","316","9","638","1446","0","44.12","21.65"
"63","000","00","110","0025","1494","704","408","296","3","707","1449","0","48.79","28.16"
"63","000","00","110","0026","0000","3093","1599","1494","29","3122","6048","0","51.62","26.44"
"63","000","00","110","0026","1495","679","356","323","5","684","1313","0","52.09","27.11"
"63","000","00","110","0026","1496","592","322","270","14","606","1205","0","50.29","26.72"
"63","000","00","110","0026","1497","681","353","328","2","683","1337","0","51.08","26.40"
"63","000","00","110","0026","1498","630","346","284","3","633","1209","0","52.36","28.62"
"63","000","00","110","0026","1499","511","222","289","5","516","984","0","52.44","22.56"
"63","000","00","110","0027","0000","1863","894","969","14","1877","3773","0","49.75","23.69"
"63","000","00","110","0027","1500","733","362","371","4","737","1315","0","56.05","27.53"
"63","000","00","110","0027","1501","539","270","269","6","545","1227","0","44.42","22.00"
"63","000","00","110","0027","1502","591","262","329","4","595","1231","0","48.33","21.28"
"63","000","00","110","0028","0000","2283","1047","1236","20","2303","4821","0","47.77","21.72"
"63","000","00","110","0028","1503","560","249","311","9","569","1220","0","46.64","20.41"
"63","000","00","110","0028","1504","529","217","312","5","534","1178","0","45.33","18.42"
"63","000","00","110","0028","1505","621","302","319","2","623","1283","0","48.56","23.54"
"63","000","00","110","0028","1506","573","279","294","4","577","1140","0","50.61","24.47"
"63","000","00","110","0029","0000","2130","1207","923","23","2153","4319","0","49.85","27.95"
"63","000","00","110","0029","1507","717","359","358","8","725","1478","0","49.05","24.29"
"63","000","00","110","0029","1508","662","316","346","7","669","1352","0","49.48","23.37"
"63","000","00","110","0029","1509","751","532","219","8","759","1489","0","50.97","35.73"
"63","000","00","110","0030","0000","2252","1385","867","21","2273","4739","0","47.96","29.23"
"63","000","00","110","0030","1510","577","394","183","6","583","1216","0","47.94","32.40"
"63","000","00","110","0030","1511","532","306","226","4","536","1133","0","47.31","27.01"
"63","000","00","110","0030","1512","607","382","225","4","611","1243","0","49.16","30.73"
"63","000","00","110","0030","1513","536","303","233","7","543","1147","0","47.34","26.42"
"63","000","00","110","0031","0000","3150","1572","1578","37","3187","6439","0","49.50","24.41"
"63","000","00","110","0031","1514","663","325","338","10","673","1360","0","49.49","23.90"
"63","000","00","110","0031","1515","674","339","335","7","681","1391","0","48.96","24.37"
"63","000","00","110","0031","1516","635","356","279","9","644","1291","0","49.88","27.58"
"63","000","00","110","0031","1517","562","263","299","6","568","1149","0","49.43","22.89"
"63","000","00","110","0031","1518","616","289","327","5","621","1248","0","49.76","23.16"
"63","000","00","110","0032","0000","2092","1203","889","28","2120","4371","0","48.50","27.52"
"63","000","00","110","0032","1519","698","449","249","5","703","1466","0","47.95","30.63"
"63","000","00","110","0032","1520","678","354","324","16","694","1391","0","49.89","25.45"
"63","000","00","110","0032","1521","716","400","316","7","723","1514","0","47.75","26.42"
"63","000","00","110","0033","0000","2346","1200","1146","20","2366","4881","0","48.47","24.59"
"63","000","00","110","0033","1522","596","314","282","5","601","1260","0","47.70","24.92"
"63","000","00","110","0033","1523","566","296","270","4","570","1229","0","46.38","24.08"
"63","000","00","110","0033","1524","584","287","297","8","592","1211","0","48.89","23.70"
"63","000","00","110","0033","1525","600","303","297","3","603","1181","0","51.06","25.66"
"63","000","00","110","0034","0000","3433","1698","1735","33","3466","7425","0","46.68","22.87"
"63","000","00","110","0034","1526","531","268","263","4","535","1202","0","44.51","22.30"
"63","000","00","110","0034","1527","553","270","283","5","558","1207","0","46.23","22.37"
"63","000","00","110","0034","1528","546","260","286","5","551","1160","0","47.50","22.41"
"63","000","00","110","0034","1529","672","318","354","8","680","1347","0","50.48","23.61"
"63","000","00","110","0034","1530","594","316","278","6","600","1373","0","43.70","23.02"
"63","000","00","110","0034","1531","537","266","271","5","542","1136","0","47.71","23.42"
"63","000","00","110","0035","0000","2680","1306","1374","19","2699","5452","0","49.50","23.95"
"63","000","00","110","0035","1532","653","329","324","6","659","1391","0","47.38","23.65"
"63","000","00","110","0035","1533","738","348","390","6","744","1458","0","51.03","23.87"
"63","000","00","110","0035","1534","731","362","369","4","735","1472","0","49.93","24.59"
"63","000","00","110","0035","1535","558","267","291","3","561","1131","0","49.60","23.61"
"63","000","00","110","0036","0000","2418","1212","1206","30","2448","5286","0","46.31","22.93"
"63","000","00","110","0036","1536","709","332","377","9","718","1502","0","47.80","22.10"
"63","000","00","110","0036","1537","553","265","288","8","561","1245","0","45.06","21.29"
"63","000","00","110","0036","1538","596","315","281","8","604","1256","0","48.09","25.08"
"63","000","00","110","0036","1539","560","300","260","5","565","1283","0","44.04","23.38"
"63","000","00","110","0037","0000","2111","993","1118","16","2127","4413","0","48.20","22.50"
"63","000","00","110","0037","1540","791","363","428","7","798","1727","0","46.21","21.02"
"63","000","00","110","0037","1541","634","315","319","7","641","1262","0","50.79","24.96"
"63","000","00","110","0037","1542","686","315","371","2","688","1424","0","48.31","22.12"
"63","000","00","110","0038","0000","2067","1037","1030","18","2085","4299","0","48.50","24.12"
"63","000","00","110","0038","1543","697","348","349","6","703","1450","0","48.48","24.00"
"63","000","00","110","0038","1544","628","311","317","5","633","1323","0","47.85","23.51"
"63","000","00","110","0038","1545","742","378","364","7","749","1526","0","49.08","24.77"
"63","000","00","110","0039","0000","2999","1541","1458","31","3030","6370","0","47.57","24.19"
"63","000","00","110","0039","1546","624","317","307","5","629","1302","0","48.31","24.35"
"63","000","00","110","0039","1547","579","298","281","6","585","1185","0","49.37","25.15"
"63","000","00","110","0039","1548","588","299","289","5","593","1220","0","48.61","24.51"
"63","000","00","110","0039","1549","610","343","267","7","617","1300","0","47.46","26.38"
"63","000","00","110","0039","1550","598","284","314","8","606","1363","0","44.46","20.84"
"63","000","00","110","0040","0000","2796","1463","1333","33","2829","5880","0","48.11","24.88"
"63","000","00","110","0040","1551","690","376","314","2","692","1489","0","46.47","25.25"
"63","000","00","110","0040","1552","692","389","303","9","701","1472","0","47.62","26.43"
"63","000","00","110","0040","1553","692","333","359","13","705","1415","0","49.82","23.53"
"63","000","00","110","0040","1554","722","365","357","9","731","1504","0","48.60","24.27"
"63","000","00","110","0041","0000","3529","1796","1733","34","3563","7345","0","48.51","24.45"
"63","000","00","110","0041","1555","755","350","405","6","761","1592","0","47.80","21.98"
"63","000","00","110","0041","1556","679","376","303","6","685","1461","0","46.89","25.74"
"63","000","00","110","0041","1557","704","383","321","6","710","1480","0","47.97","25.88"
"63","000","00","110","0041","1558","766","364","402","6","772","1542","0","50.06","23.61"
"63","000","00","110","0041","1559","625","323","302","10","635","1270","0","50.00","25.43"
"63","000","00","110","0042","0000","2679","1378","1301","33","2712","5559","0","48.79","24.79"
"63","000","00","110","0042","1560","599","272","327","5","604","1191","0","50.71","22.84"
"63","000","00","110","0042","1561","683","373","310","9","692","1444","0","47.92","25.83"
"63","000","00","110","0042","1562","734","370","364","11","745","1485","0","50.17","24.92"
"63","000","00","110","0042","1563","663","363","300","8","671","1439","0","46.63","25.23"
"63","000","00","110","0043","0000","521","198","323","4","525","1083","0","48.48","18.28"
"63","000","00","110","0043","1564","521","198","323","4","525","1083","0","48.48","18.28"
"63","000","00","110","0044","0000","495","170","325","9","504","1228","0","41.04","13.84"
"63","000","00","110","0044","1565","495","170","325","9","504","1228","0","41.04","13.84"
"63","000","00","110","0045","0000","795","317","478","7","802","1668","0","48.08","19.00"
"63","000","00","110","0045","1566","393","157","236","4","397","840","0","47.26","18.69"
"63","000","00","110","0045","1567","402","160","242","3","405","828","0","48.91","19.32"
"63","000","00","110","0046","0000","1111","511","600","16","1127","2666","0","42.27","19.17"
"63","000","00","110","0046","1568","395","137","258","8","403","936","0","43.06","14.64"
"63","000","00","110","0046","1569","372","182","190","4","376","909","0","41.36","20.02"
"63","000","00","110","0046","1570","344","192","152","4","348","821","0","42.39","23.39"
"63","000","00","110","0047","0000","558","233","325","4","562","1421","0","39.55","16.40"
"63","000","00","110","0047","1571","327","132","195","2","329","889","0","37.01","14.85"
"63","000","00","110","0047","1572","231","101","130","2","233","532","0","43.80","18.98"
"63","000","00","110","0048","0000","549","151","398","6","555","1306","0","42.50","11.56"
"63","000","00","110","0048","1573","549","151","398","6","555","1306","0","42.50","11.56"
"63","000","00","110","0049","0000","566","232","334","6","572","1328","0","43.07","17.47"
"63","000","00","110","0049","1574","566","232","334","6","572","1328","0","43.07","17.47"
"63","000","00","110","0050","0000","1196","796","400","13","1209","2345","0","51.56","33.94"
"63","000","00","110","0050","1575","574","396","178","8","582","1144","0","50.87","34.62"
"63","000","00","110","0050","1576","622","400","222","5","627","1201","0","52.21","33.31"
"63","000","00","110","0051","0000","1157","603","554","12","1169","2508","0","46.61","24.04"
"63","000","00","110","0051","1577","624","338","286","7","631","1396","0","45.20","24.21"
"63","000","00","110","0051","1578","533","265","268","5","538","1112","0","48.38","23.83"
"63","000","00","120","0000","0000","94038","46036","48002","923","94961","207834","247333","45.69","22.15"
"63","000","00","120","0001","0000","1847","823","1024","11","1858","3704","0","50.16","22.22"
"63","000","00","120","0001","1579","602","279","323","3","605","1229","0","49.23","22.70"
"63","000","00","120","0001","1580","630","252","378","5","635","1241","0","51.17","20.31"
"63","000","00","120","0001","1581","615","292","323","3","618","1234","0","50.08","23.66"
"63","000","00","120","0002","0000","1701","748","953","14","1715","3685","0","46.54","20.30"
"63","000","00","120","0002","1582","523","237","286","6","529","1148","0","46.08","20.64"
"63","000","00","120","0002","1583","590","244","346","6","596","1285","0","46.38","18.99"
"63","000","00","120","0002","1584","588","267","321","2","590","1252","0","47.12","21.33"
"63","000","00","120","0003","0000","2141","966","1175","14","2155","4492","0","47.97","21.50"
"63","000","00","120","0003","1585","591","253","338","5","596","1166","0","51.11","21.70"
"63","000","00","120","0003","1586","674","309","365","1","675","1369","0","49.31","22.57"
"63","000","00","120","0003","1587","373","187","186","4","377","854","0","44.15","21.90"
"63","000","00","120","0003","1588","503","217","286","4","507","1103","0","45.97","19.67"
"63","000","00","120","0004","0000","2881","1393","1488","41","2922","5935","0","49.23","23.47"
"63","000","00","120","0004","1589","610","279","331","8","618","1227","0","50.37","22.74"
"63","000","00","120","0004","1590","555","277","278","12","567","1156","0","49.05","23.96"
"63","000","00","120","0004","1591","588","301","287","7","595","1220","0","48.77","24.67"
"63","000","00","120","0004","1592","577","288","289","6","583","1174","0","49.66","24.53"
"63","000","00","120","0004","1593","551","248","303","8","559","1158","0","48.27","21.42"
"63","000","00","120","0005","0000","2589","1296","1293","37","2626","6019","0","43.63","21.53"
"63","000","00","120","0005","1594","476","202","274","6","482","1256","0","38.38","16.08"
"63","000","00","120","0005","1595","492","262","230","11","503","1244","0","40.43","21.06"
"63","000","00","120","0005","1596","536","238","298","7","543","1181","0","45.98","20.15"
"63","000","00","120","0005","1597","533","285","248","5","538","1135","0","47.40","25.11"
"63","000","00","120","0005","1598","552","309","243","8","560","1203","0","46.55","25.69"
"63","000","00","120","0006","0000","3115","1552","1563","30","3145","6221","0","50.55","24.95"
"63","000","00","120","0006","1599","596","317","279","5","601","1323","0","45.43","23.96"
"63","000","00","120","0006","1600","687","340","347","5","692","1328","0","52.11","25.60"
"63","000","00","120","0006","1601","705","356","349","4","709","1358","0","52.21","26.22"
"63","000","00","120","0006","1602","603","259","344","6","609","1143","0","53.28","22.66"
"63","000","00","120","0006","1603","524","280","244","10","534","1069","0","49.95","26.19"
"63","000","00","120","0007","0000","3048","1518","1530","24","3072","6632","0","46.32","22.89"
"63","000","00","120","0007","1604","640","293","347","3","643","1376","0","46.73","21.29"
"63","000","00","120","0007","1605","565","288","277","5","570","1255","0","45.42","22.95"
"63","000","00","120","0007","1606","620","326","294","7","627","1414","0","44.34","23.06"
"63","000","00","120","0007","1607","650","329","321","4","654","1290","0","50.70","25.50"
"63","000","00","120","0007","1608","573","282","291","5","578","1297","0","44.56","21.74"
"63","000","00","120","0008","0000","2986","1545","1441","19","3005","6389","0","47.03","24.18"
"63","000","00","120","0008","1609","598","349","249","2","600","1231","0","48.74","28.35"
"63","000","00","120","0008","1610","609","301","308","5","614","1349","0","45.52","22.31"
"63","000","00","120","0008","1611","506","284","222","6","512","1200","0","42.67","23.67"
"63","000","00","120","0008","1612","655","289","366","4","659","1331","0","49.51","21.71"
"63","000","00","120","0008","1613","618","322","296","2","620","1278","0","48.51","25.20"
"63","000","00","120","0009","0000","3709","1803","1906","33","3742","7885","0","47.46","22.87"
"63","000","00","120","0009","1614","539","253","286","7","546","1137","0","48.02","22.25"
"63","000","00","120","0009","1615","606","273","333","4","610","1257","0","48.53","21.72"
"63","000","00","120","0009","1616","671","343","328","3","674","1461","0","46.13","23.48"
"63","000","00","120","0009","1617","680","342","338","10","690","1474","0","46.81","23.20"
"63","000","00","120","0009","1618","567","266","301","3","570","1285","0","44.36","20.70"
"63","000","00","120","0009","1619","646","326","320","6","652","1271","0","51.30","25.65"
"63","000","00","120","0010","0000","3251","1734","1517","30","3281","6840","0","47.97","25.35"
"63","000","00","120","0010","1620","609","312","297","6","615","1296","0","47.45","24.07"
"63","000","00","120","0010","1621","626","336","290","6","632","1270","0","49.76","26.46"
"63","000","00","120","0010","1622","662","399","263","7","669","1477","0","45.29","27.01"
"63","000","00","120","0010","1623","711","346","365","9","720","1482","0","48.58","23.35"
"63","000","00","120","0010","1624","643","341","302","2","645","1315","0","49.05","25.93"
"63","000","00","120","0011","0000","1988","1011","977","17","2005","4020","0","49.88","25.15"
"63","000","00","120","0011","1625","733","402","331","9","742","1451","0","51.14","27.71"
"63","000","00","120","0011","1626","677","314","363","3","680","1385","0","49.10","22.67"
"63","000","00","120","0011","1627","578","295","283","5","583","1184","0","49.24","24.92"
"63","000","00","120","0012","0000","1887","1033","854","21","1908","3773","0","50.57","27.38"
"63","000","00","120","0012","1628","537","288","249","5","542","1073","0","50.51","26.84"
"63","000","00","120","0012","1629","644","358","286","9","653","1206","0","54.15","29.68"
"63","000","00","120","0012","1630","706","387","319","7","713","1494","0","47.72","25.90"
"63","000","00","120","0013","0000","2594","1442","1152","24","2618","5623","0","46.56","25.64"
"63","000","00","120","0013","1631","592","332","260","3","595","1285","0","46.30","25.84"
"63","000","00","120","0013","1632","420","209","211","5","425","860","0","49.42","24.30"
"63","000","00","120","0013","1633","549","299","250","3","552","1247","0","44.27","23.98"
"63","000","00","120","0013","1634","508","291","217","6","514","1181","0","43.52","24.64"
"63","000","00","120","0013","1635","525","311","214","7","532","1050","0","50.67","29.62"
"63","000","00","120","0014","0000","2001","893","1108","16","2017","4216","0","47.84","21.18"
"63","000","00","120","0014","1636","632","275","357","5","637","1400","0","45.50","19.64"
"63","000","00","120","0014","1637","660","293","367","7","667","1403","0","47.54","20.88"
"63","000","00","120","0014","1638","709","325","384","4","713","1413","0","50.46","23.00"
"63","000","00","120","0015","0000","1839","801","1038","13","1852","3960","0","46.77","20.23"
"63","000","00","120","0015","1639","623","286","337","4","627","1330","0","47.14","21.50"
"63","000","00","120","0015","1640","615","269","346","3","618","1325","0","46.64","20.30"
"63","000","00","120","0015","1641","601","246","355","6","607","1305","0","46.51","18.85"
"63","000","00","120","0016","0000","2093","1003","1090","14","2107","4612","0","45.69","21.75"
"63","000","00","120","0016","1642","577","295","282","5","582","1188","0","48.99","24.83"
"63","000","00","120","0016","1643","550","244","306","4","554","1158","0","47.84","21.07"
"63","000","00","120","0016","1644","516","237","279","4","520","1172","0","44.37","20.22"
"63","000","00","120","0016","1645","450","227","223","1","451","1094","0","41.22","20.75"
"63","000","00","120","0017","0000","3618","1730","1888","36","3654","7578","0","48.22","22.83"
"63","000","00","120","0017","1646","564","312","252","8","572","1233","0","46.39","25.30"
"63","000","00","120","0017","1647","617","286","331","4","621","1268","0","48.97","22.56"
"63","000","00","120","0017","1648","648","316","332","4","652","1345","0","48.48","23.49"
"63","000","00","120","0017","1649","578","261","317","4","582","1219","0","47.74","21.41"
"63","000","00","120","0017","1650","632","283","349","12","644","1292","0","49.85","21.90"
"63","000","00","120","0017","1651","579","272","307","4","583","1221","0","47.75","22.28"
"63","000","00","120","0018","0000","2142","1022","1120","19","2161","4729","0","45.70","21.61"
"63","000","00","120","0018","1652","586","294","292","6","592","1214","0","48.76","24.22"
"63","000","00","120","0018","1653","457","177","280","4","461","1114","0","41.38","15.89"
"63","000","00","120","0018","1654","466","205","261","2","468","1079","0","43.37","19.00"
"63","000","00","120","0018","1655","633","346","287","7","640","1322","0","48.41","26.17"
"63","000","00","120","0019","0000","935","337","598","6","941","1949","0","48.28","17.29"
"63","000","00","120","0019","1656","453","153","300","1","454","957","0","47.44","15.99"
"63","000","00","120","0019","1657","482","184","298","5","487","992","0","49.09","18.55"
"63","000","00","120","0020","0000","4439","2144","2295","39","4478","9427","0","47.50","22.74"
"63","000","00","120","0020","1658","796","355","441","9","805","1771","0","45.45","20.05"
"63","000","00","120","0020","1659","553","264","289","4","557","1186","0","46.96","22.26"
"63","000","00","120","0020","1660","626","318","308","4","630","1272","0","49.53","25.00"
"63","000","00","120","0020","1661","653","314","339","6","659","1418","0","46.47","22.14"
"63","000","00","120","0020","1662","569","293","276","4","573","1265","0","45.30","23.16"
"63","000","00","120","0020","1663","641","317","324","11","652","1273","0","51.22","24.90"
"63","000","00","120","0020","1664","601","283","318","1","602","1242","0","48.47","22.79"
"63","000","00","120","0021","0000","3373","1584","1789","39","3412","8533","0","39.99","18.56"
"63","000","00","120","0021","1665","426","190","236","4","430","2283","0","18.83","8.32"
"63","000","00","120","0021","1666","595","241","354","9","604","1292","0","46.75","18.65"
"63","000","00","120","0021","1667","747","346","401","7","754","1545","0","48.80","22.39"
"63","000","00","120","0021","1668","597","260","337","12","609","1335","0","45.62","19.48"
"63","000","00","120","0021","1669","494","212","282","2","496","1064","0","46.62","19.92"
"63","000","00","120","0021","1670","514","335","179","5","519","1014","0","51.18","33.04"
"63","000","00","120","0022","0000","3078","1371","1707","26","3104","7167","0","43.31","19.13"
"63","000","00","120","0022","1671","477","253","224","3","480","1163","0","41.27","21.75"
"63","000","00","120","0022","1672","585","242","343","3","588","1265","0","46.48","19.13"
"63","000","00","120","0022","1673","475","209","266","3","478","1052","0","45.44","19.87"
"63","000","00","120","0022","1674","467","203","264","4","471","1097","0","42.94","18.51"
"63","000","00","120","0022","1675","520","226","294","5","525","1265","0","41.50","17.87"
"63","000","00","120","0022","1676","554","238","316","8","562","1325","0","42.42","17.96"
"63","000","00","120","0023","0000","2204","1029","1175","24","2228","5324","0","41.85","19.33"
"63","000","00","120","0023","1677","595","251","344","6","601","1350","0","44.52","18.59"
"63","000","00","120","0023","1678","529","246","283","7","536","1246","0","43.02","19.74"
"63","000","00","120","0023","1679","543","254","289","8","551","1293","0","42.61","19.64"
"63","000","00","120","0023","1680","537","278","259","3","540","1435","0","37.63","19.37"
"63","000","00","120","0024","0000","2160","932","1228","30","2190","4700","0","46.60","19.83"
"63","000","00","120","0024","1681","547","218","329","6","553","1300","0","42.54","16.77"
"63","000","00","120","0024","1682","585","234","351","9","594","1275","0","46.59","18.35"
"63","000","00","120","0024","1683","422","191","231","5","427","918","0","46.51","20.81"
"63","000","00","120","0024","1684","606","289","317","10","616","1207","0","51.04","23.94"
"63","000","00","120","0025","0000","2609","1220","1389","25","2634","5643","0","46.68","21.62"
"63","000","00","120","0025","1685","487","204","283","5","492","1084","0","45.39","18.82"
"63","000","00","120","0025","1686","443","191","252","5","448","933","0","48.02","20.47"
"63","000","00","120","0025","1687","565","259","306","9","574","1158","0","49.57","22.37"
"63","000","00","120","0025","1688","539","268","271","4","543","1251","0","43.41","21.42"
"63","000","00","120","0025","1689","575","298","277","2","577","1217","0","47.41","24.49"
"63","000","00","120","0026","0000","1020","552","468","8","1028","2679","0","38.37","20.60"
"63","000","00","120","0026","1690","502","299","203","5","507","1300","0","39.00","23.00"
"63","000","00","120","0026","1691","518","253","265","3","521","1379","0","37.78","18.35"
"63","000","00","120","0027","0000","2344","1228","1116","24","2368","5695","0","41.58","21.56"
"63","000","00","120","0027","1692","476","264","212","4","480","1114","0","43.09","23.70"
"63","000","00","120","0027","1693","502","257","245","5","507","1136","0","44.63","22.62"
"63","000","00","120","0027","1694","457","231","226","8","465","1159","0","40.12","19.93"
"63","000","00","120","0027","1695","428","233","195","5","433","1124","0","38.52","20.73"
"63","000","00","120","0027","1696","481","243","238","2","483","1162","0","41.57","20.91"
"63","000","00","120","0028","0000","1533","705","828","15","1548","3547","0","43.64","19.88"
"63","000","00","120","0028","1697","423","179","244","5","428","970","0","44.12","18.45"
"63","000","00","120","0028","1698","534","260","274","3","537","1280","0","41.95","20.31"
"63","000","00","120","0028","1699","576","266","310","7","583","1297","0","44.95","20.51"
"63","000","00","120","0029","0000","2685","1429","1256","27","2712","5783","0","46.90","24.71"
"63","000","00","120","0029","1700","567","275","292","7","574","1337","0","42.93","20.57"
"63","000","00","120","0029","1701","681","424","257","8","689","1459","0","47.22","29.06"
"63","000","00","120","0029","1702","766","397","369","5","771","1538","0","50.13","25.81"
"63","000","00","120","0029","1703","671","333","338","7","678","1449","0","46.79","22.98"
"63","000","00","120","0030","0000","2075","1076","999","22","2097","4233","0","49.54","25.42"
"63","000","00","120","0030","1704","509","288","221","5","514","1063","0","48.35","27.09"
"63","000","00","120","0030","1705","720","361","359","6","726","1506","0","48.21","23.97"
"63","000","00","120","0030","1706","846","427","419","11","857","1664","0","51.50","25.66"
"63","000","00","120","0031","0000","2254","1181","1073","16","2270","5189","0","43.75","22.76"
"63","000","00","120","0031","1707","556","305","251","4","560","1297","0","43.18","23.52"
"63","000","00","120","0031","1708","500","243","257","5","505","1225","0","41.22","19.84"
"63","000","00","120","0031","1709","600","300","300","2","602","1308","0","46.02","22.94"
"63","000","00","120","0031","1710","598","333","265","5","603","1359","0","44.37","24.50"
"63","000","00","120","0032","0000","1232","645","587","16","1248","2834","0","44.04","22.76"
"63","000","00","120","0032","1711","553","300","253","10","563","1393","0","40.42","21.54"
"63","000","00","120","0032","1712","679","345","334","6","685","1441","0","47.54","23.94"
"63","000","00","120","0033","0000","1696","1136","560","23","1719","3518","0","48.86","32.29"
"63","000","00","120","0033","1713","549","365","184","2","551","1093","0","50.41","33.39"
"63","000","00","120","0033","1714","500","365","135","10","510","1073","0","47.53","34.02"
"63","000","00","120","0033","1715","647","406","241","11","658","1352","0","48.67","30.03"
"63","000","00","120","0034","0000","1485","757","728","9","1494","3811","0","39.20","19.86"
"63","000","00","120","0034","1716","498","285","213","5","503","1297","0","38.78","21.97"
"63","000","00","120","0034","1717","525","244","281","0","525","1322","0","39.71","18.46"
"63","000","00","120","0034","1718","462","228","234","4","466","1192","0","39.09","19.13"
"63","000","00","120","0035","0000","2055","1179","876","24","2079","4730","0","43.95","24.93"
"63","000","00","120","0035","1719","569","375","194","2","571","1178","0","48.47","31.83"
"63","000","00","120","0035","1720","495","281","214","6","501","1117","0","44.85","25.16"
"63","000","00","120","0035","1724","483","267","216","6","489","1179","0","41.48","22.65"
"63","000","00","120","0035","1725","508","256","252","10","518","1256","0","41.24","20.38"
"63","000","00","120","0036","0000","2386","1067","1319","25","2411","5227","0","46.13","20.41"
"63","000","00","120","0036","1721","517","197","320","5","522","1260","0","41.43","15.63"
"63","000","00","120","0036","1722","594","275","319","6","600","1373","0","43.70","20.03"
"63","000","00","120","0036","1723","615","299","316","6","621","1237","0","50.20","24.17"
"63","000","00","120","0036","1726","660","296","364","8","668","1357","0","49.23","21.81"
"63","000","00","120","0037","0000","2718","1200","1518","39","2757","6316","0","43.65","19.00"
"63","000","00","120","0037","1727","466","155","311","5","471","1120","0","42.05","13.84"
"63","000","00","120","0037","1728","529","214","315","10","539","1260","0","42.78","16.98"
"63","000","00","120","0037","1729","540","272","268","8","548","1301","0","42.12","20.91"
"63","000","00","120","0037","1730","588","264","324","9","597","1288","0","46.35","20.50"
"63","000","00","120","0037","1731","595","295","300","7","602","1347","0","44.69","21.90"
"63","000","00","120","0038","0000","4193","2051","2142","52","4245","9738","0","43.59","21.06"
"63","000","00","120","0038","1732","551","270","281","5","556","1326","0","41.93","20.36"
"63","000","00","120","0038","1733","590","316","274","2","592","1185","0","49.96","26.67"
"63","000","00","120","0038","1734","514","262","252","7","521","1165","0","44.72","22.49"
"63","000","00","120","0038","1735","466","237","229","4","470","1183","0","39.73","20.03"
"63","000","00","120","0038","1736","547","239","308","5","552","1190","0","46.39","20.08"
"63","000","00","120","0038","1737","527","233","294","5","532","1188","0","44.78","19.61"
"63","000","00","120","0038","1738","532","267","265","20","552","1286","0","42.92","20.76"
"63","000","00","120","0038","1739","466","227","239","4","470","1215","0","38.68","18.68"
"63","000","00","120","0039","0000","824","345","479","6","830","2119","0","39.17","16.28"
"63","000","00","120","0039","1740","262","114","148","2","264","534","0","49.44","21.35"
"63","000","00","120","0039","1741","562","231","331","4","566","1585","0","35.71","14.57"
"63","000","00","120","0040","0000","582","266","316","7","589","1446","0","40.73","18.40"
"63","000","00","120","0040","1742","299","131","168","3","302","780","0","38.72","16.79"
"63","000","00","120","0040","1743","283","135","148","4","287","666","0","43.09","20.27"
"63","000","00","120","0041","0000","412","143","269","5","417","1087","0","38.36","13.16"
"63","000","00","120","0041","1744","412","143","269","5","417","1087","0","38.36","13.16"
"63","000","00","120","0042","0000","316","146","170","3","319","826","0","38.62","17.68"
"63","000","00","120","0042","1745","316","146","170","3","319","826","0","38.62","17.68"
"65","000","00","000","0000","0000","1442326","721259","721067","14077","1456403","3427162","4021398","42.50","21.05"
"65","000","00","010","0000","0000","202737","94986","107751","1963","204700","466918","555551","43.84","20.34"
"65","000","00","010","0001","0000","702","394","308","3","705","1395","0","50.54","28.24"
"65","000","00","010","0001","0974","702","394","308","3","705","1395","0","50.54","28.24"
"65","000","00","010","0002","0000","560","256","304","2","562","1228","0","45.77","20.85"
"65","000","00","010","0002","0975","560","256","304","2","562","1228","0","45.77","20.85"
"65","000","00","010","0003","0000","420","210","210","2","422","838","0","50.36","25.06"
"65","000","00","010","0003","0976","420","210","210","2","422","838","0","50.36","25.06"
"65","000","00","010","0004","0000","466","198","268","6","472","1026","0","46.00","19.30"
"65","000","00","010","0004","0977","466","198","268","6","472","1026","0","46.00","19.30"
"65","000","00","010","0005","0000","829","473","356","6","835","1648","0","50.67","28.70"
"65","000","00","010","0005","0978","453","247","206","0","453","926","0","48.92","26.67"
"65","000","00","010","0005","0979","376","226","150","6","382","722","0","52.91","31.30"
"65","000","00","010","0006","0000","1908","932","976","25","1933","4525","0","42.72","20.60"
"65","000","00","010","0006","0980","564","273","291","7","571","1322","0","43.19","20.65"
"65","000","00","010","0006","0981","423","197","226","5","428","1007","0","42.50","19.56"
"65","000","00","010","0006","0982","428","214","214","5","433","961","0","45.06","22.27"
"65","000","00","010","0006","0983","493","248","245","8","501","1235","0","40.57","20.08"
"65","000","00","010","0007","0000","1140","543","597","11","1151","2846","0","40.44","19.08"
"65","000","00","010","0007","0984","622","294","328","7","629","1503","0","41.85","19.56"
"65","000","00","010","0007","0985","518","249","269","4","522","1343","0","38.87","18.54"
"65","000","00","010","0008","0000","2468","1205","1263","23","2491","8998","0","27.68","13.39"
"65","000","00","010","0008","0986","873","443","430","10","883","5431","0","16.26","8.16"
"65","000","00","010","0008","0987","591","299","292","7","598","1305","0","45.82","22.91"
"65","000","00","010","0008","0988","529","248","281","5","534","1157","0","46.15","21.43"
"65","000","00","010","0008","0989","475","215","260","1","476","1105","0","43.08","19.46"
"65","000","00","010","0009","0000","1728","740","988","18","1746","3907","0","44.69","18.94"
"65","000","00","010","0009","0990","669","273","396","7","676","1519","0","44.50","17.97"
"65","000","00","010","0009","0991","466","200","266","4","470","1105","0","42.53","18.10"
"65","000","00","010","0009","0992","593","267","326","7","600","1283","0","46.77","20.81"
"65","000","00","010","0010","0000","1875","869","1006","14","1889","4691","0","40.27","18.52"
"65","000","00","010","0010","0995","827","382","445","6","833","2219","0","37.54","17.21"
"65","000","00","010","0010","0996","507","238","269","4","511","1273","0","40.14","18.70"
"65","000","00","010","0010","0997","541","249","292","4","545","1199","0","45.45","20.77"
"65","000","00","010","0011","0000","2339","1343","996","13","2352","4425","0","53.15","30.35"
"65","000","00","010","0011","0998","591","347","244","6","597","1091","0","54.72","31.81"
"65","000","00","010","0011","0999","586","320","266","4","590","1059","0","55.71","30.22"
"65","000","00","010","0011","1000","625","341","284","1","626","1200","0","52.17","28.42"
"65","000","00","010","0011","1001","537","335","202","2","539","1075","0","50.14","31.16"
"65","000","00","010","0012","0000","1150","506","644","10","1160","2471","0","46.94","20.48"
"65","000","00","010","0012","1002","594","259","335","5","599","1253","0","47.81","20.67"
"65","000","00","010","0012","1003","556","247","309","5","561","1218","0","46.06","20.28"
"65","000","00","010","0013","0000","1107","568","539","7","1114","2357","0","47.26","24.10"
"65","000","00","010","0013","1004","490","210","280","4","494","1117","0","44.23","18.80"
"65","000","00","010","0013","1005","617","358","259","3","620","1240","0","50.00","28.87"
"65","000","00","010","0014","0000","1790","1263","527","17","1807","3349","0","53.96","37.71"
"65","000","00","010","0014","1008","747","561","186","8","755","1332","0","56.68","42.12"
"65","000","00","010","0014","1009","554","429","125","6","560","977","0","57.32","43.91"
"65","000","00","010","0014","1010","489","273","216","3","492","1040","0","47.31","26.25"
"65","000","00","010","0015","0000","1226","616","610","8","1234","2463","0","50.10","25.01"
"65","000","00","010","0015","1011","566","265","301","4","570","1231","0","46.30","21.53"
"65","000","00","010","0015","1012","660","351","309","4","664","1232","0","53.90","28.49"
"65","000","00","010","0016","0000","1457","633","824","12","1469","3446","0","42.63","18.37"
"65","000","00","010","0016","1016","441","201","240","2","443","1041","0","42.56","19.31"
"65","000","00","010","0016","1017","478","206","272","4","482","1169","0","41.23","17.62"
"65","000","00","010","0016","1018","538","226","312","6","544","1236","0","44.01","18.28"
"65","000","00","010","0017","0000","1695","703","992","17","1712","4107","0","41.68","17.12"
"65","000","00","010","0017","1019","463","197","266","3","466","1149","0","40.56","17.15"
"65","000","00","010","0017","1020","376","147","229","5","381","983","0","38.76","14.95"
"65","000","00","010","0017","1021","323","121","202","5","328","795","0","41.26","15.22"
"65","000","00","010","0017","1022","533","238","295","4","537","1180","0","45.51","20.17"
"65","000","00","010","0018","0000","1139","592","547","12","1151","2304","0","49.96","25.69"
"65","000","00","010","0018","1023","567","298","269","7","574","1106","0","51.90","26.94"
"65","000","00","010","0018","1024","572","294","278","5","577","1198","0","48.16","24.54"
"65","000","00","010","0019","0000","1430","609","821","13","1443","3109","0","46.41","19.59"
"65","000","00","010","0019","1027","461","196","265","1","462","999","0","46.25","19.62"
"65","000","00","010","0019","1028","428","179","249","6","434","976","0","44.47","18.34"
"65","000","00","010","0019","1029","541","234","307","6","547","1134","0","48.24","20.63"
"65","000","00","010","0020","0000","1797","900","897","14","1811","3542","0","51.13","25.41"
"65","000","00","010","0020","1030","579","325","254","4","583","1124","0","51.87","28.91"
"65","000","00","010","0020","1031","599","274","325","6","605","1177","0","51.40","23.28"
"65","000","00","010","0020","1032","619","301","318","4","623","1241","0","50.20","24.25"
"65","000","00","010","0021","0000","1457","614","843","20","1477","3318","0","44.51","18.51"
"65","000","00","010","0021","1033","481","207","274","9","490","1048","0","46.76","19.75"
"65","000","00","010","0021","1034","593","246","347","3","596","1280","0","46.56","19.22"
"65","000","00","010","0021","1035","383","161","222","8","391","990","0","39.49","16.26"
"65","000","00","010","0022","0000","1667","811","856","13","1680","3648","0","46.05","22.23"
"65","000","00","010","0022","1036","505","255","250","7","512","1103","0","46.42","23.12"
"65","000","00","010","0022","1037","565","260","305","4","569","1266","0","44.94","20.54"
"65","000","00","010","0022","1038","597","296","301","2","599","1279","0","46.83","23.14"
"65","000","00","010","0023","0000","1401","579","822","15","1416","3487","0","40.61","16.60"
"65","000","00","010","0023","1039","478","192","286","10","488","1158","0","42.14","16.58"
"65","000","00","010","0023","1040","523","218","305","3","526","1235","0","42.59","17.65"
"65","000","00","010","0023","1041","400","169","231","2","402","1094","0","36.75","15.45"
"65","000","00","010","0024","0000","1861","1290","571","17","1878","3605","0","52.09","35.78"
"65","000","00","010","0024","1044","556","369","187","9","565","1094","0","51.65","33.73"
"65","000","00","010","0024","1045","757","579","178","4","761","1407","0","54.09","41.15"
"65","000","00","010","0024","1046","548","342","206","4","552","1104","0","50.00","30.98"
"65","000","00","010","0025","0000","1031","488","543","13","1044","2364","0","44.16","20.64"
"65","000","00","010","0025","1049","572","281","291","8","580","1280","0","45.31","21.95"
"65","000","00","010","0025","1050","459","207","252","5","464","1084","0","42.80","19.10"
"65","000","00","010","0026","0000","1076","527","549","17","1093","2555","0","42.78","20.63"
"65","000","00","010","0026","1051","516","260","256","10","526","1280","0","41.09","20.31"
"65","000","00","010","0026","1052","560","267","293","7","567","1275","0","44.47","20.94"
"65","000","00","010","0027","0000","933","405","528","5","938","1865","0","50.29","21.72"
"65","000","00","010","0027","1053","427","185","242","4","431","847","0","50.89","21.84"
"65","000","00","010","0027","1054","506","220","286","1","507","1018","0","49.80","21.61"
"65","000","00","010","0028","0000","2813","1358","1455","27","2840","6159","0","46.11","22.05"
"65","000","00","010","0028","1055","712","336","376","6","718","1626","0","44.16","20.66"
"65","000","00","010","0028","1056","608","264","344","3","611","1285","0","47.55","20.54"
"65","000","00","010","0028","1057","781","369","412","11","792","1678","0","47.20","21.99"
"65","000","00","010","0028","1058","712","389","323","7","719","1570","0","45.80","24.78"
"65","000","00","010","0029","0000","1930","782","1148","13","1943","4582","0","42.41","17.07"
"65","000","00","010","0029","1059","701","282","419","4","705","1580","0","44.62","17.85"
"65","000","00","010","0029","1060","520","220","300","3","523","1255","0","41.67","17.53"
"65","000","00","010","0029","1061","709","280","429","6","715","1747","0","40.93","16.03"
"65","000","00","010","0030","0000","1980","811","1169","15","1995","4774","0","41.79","16.99"
"65","000","00","010","0030","1062","678","285","393","5","683","1576","0","43.34","18.08"
"65","000","00","010","0030","1063","672","281","391","5","677","1611","0","42.02","17.44"
"65","000","00","010","0030","1064","630","245","385","5","635","1587","0","40.01","15.44"
"65","000","00","010","0031","0000","2420","1029","1391","25","2445","5675","0","43.08","18.13"
"65","000","00","010","0031","1065","449","189","260","7","456","1051","0","43.39","17.98"
"65","000","00","010","0031","1066","964","454","510","9","973","2203","0","44.17","20.61"
"65","000","00","010","0031","1067","392","151","241","3","395","1046","0","37.76","14.44"
"65","000","00","010","0031","1068","615","235","380","6","621","1375","0","45.16","17.09"
"65","000","00","010","0032","0000","1453","734","719","14","1467","3287","0","44.63","22.33"
"65","000","00","010","0032","1069","748","433","315","8","756","1671","0","45.24","25.91"
"65","000","00","010","0032","1070","705","301","404","6","711","1616","0","44.00","18.63"
"65","000","00","010","0033","0000","1986","956","1030","16","2002","4715","0","42.46","20.28"
"65","000","00","010","0033","1073","726","315","411","7","733","1735","0","42.25","18.16"
"65","000","00","010","0033","1074","552","225","327","6","558","1238","0","45.07","18.17"
"65","000","00","010","0033","1075","708","416","292","3","711","1742","0","40.82","23.88"
"65","000","00","010","0034","0000","1129","412","717","11","1140","2555","0","44.62","16.13"
"65","000","00","010","0034","1076","602","207","395","7","609","1351","0","45.08","15.32"
"65","000","00","010","0034","1077","527","205","322","4","531","1204","0","44.10","17.03"
"65","000","00","010","0035","0000","3172","1370","1802","19","3191","7107","0","44.90","19.28"
"65","000","00","010","0035","1078","762","243","519","5","767","1719","0","44.62","14.14"
"65","000","00","010","0035","1079","703","285","418","1","704","1678","0","41.95","16.98"
"65","000","00","010","0035","1080","834","416","418","8","842","1830","0","46.01","22.73"
"65","000","00","010","0035","1081","873","426","447","5","878","1880","0","46.70","22.66"
"65","000","00","010","0036","0000","1496","585","911","16","1512","3275","0","46.17","17.86"
"65","000","00","010","0036","1085","519","182","337","5","524","1100","0","47.64","16.55"
"65","000","00","010","0036","1086","503","199","304","2","505","1137","0","44.42","17.50"
"65","000","00","010","0036","1087","474","204","270","9","483","1038","0","46.53","19.65"
"65","000","00","010","0037","0000","2759","1386","1373","28","2787","6174","0","45.14","22.45"
"65","000","00","010","0037","1088","626","283","343","5","631","1601","0","39.41","17.68"
"65","000","00","010","0037","1089","680","324","356","6","686","1597","0","42.96","20.29"
"65","000","00","010","0037","1090","685","369","316","10","695","1462","0","47.54","25.24"
"65","000","00","010","0037","1091","768","410","358","7","775","1514","0","51.19","27.08"
"65","000","00","010","0038","0000","1131","411","720","6","1137","2666","0","42.65","15.42"
"65","000","00","010","0038","1095","332","121","211","4","336","818","0","41.08","14.79"
"65","000","00","010","0038","1096","370","129","241","1","371","819","0","45.30","15.75"
"65","000","00","010","0038","1097","429","161","268","1","430","1029","0","41.79","15.65"
"65","000","00","010","0039","0000","1821","764","1057","22","1843","4242","0","43.45","18.01"
"65","000","00","010","0039","1098","385","166","219","6","391","949","0","41.20","17.49"
"65","000","00","010","0039","1099","424","172","252","2","426","1051","0","40.53","16.37"
"65","000","00","010","0039","1100","398","176","222","8","406","985","0","41.22","17.87"
"65","000","00","010","0039","1101","614","250","364","6","620","1257","0","49.32","19.89"
"65","000","00","010","0040","0000","1299","532","767","9","1308","2962","0","44.16","17.96"
"65","000","00","010","0040","1102","561","218","343","5","566","1343","0","42.14","16.23"
"65","000","00","010","0040","1103","738","314","424","4","742","1619","0","45.83","19.39"
"65","000","00","010","0041","0000","1774","784","990","22","1796","4168","0","43.09","18.81"
"65","000","00","010","0041","1104","485","208","277","5","490","1164","0","42.10","17.87"
"65","000","00","010","0041","1105","620","284","336","6","626","1372","0","45.63","20.70"
"65","000","00","010","0041","1106","669","292","377","11","680","1632","0","41.67","17.89"
"65","000","00","010","0042","0000","1897","807","1090","22","1919","4391","0","43.70","18.38"
"65","000","00","010","0042","1107","619","248","371","9","628","1451","0","43.28","17.09"
"65","000","00","010","0042","1108","617","243","374","4","621","1462","0","42.48","16.62"
"65","000","00","010","0042","1109","661","316","345","9","670","1478","0","45.33","21.38"
"65","000","00","010","0043","0000","1426","607","819","17","1443","3044","0","47.40","19.94"
"65","000","00","010","0043","1112","726","283","443","9","735","1579","0","46.55","17.92"
"65","000","00","010","0043","1113","700","324","376","8","708","1465","0","48.33","22.12"
"65","000","00","010","0044","0000","4156","2017","2139","36","4192","9043","0","46.36","22.30"
"65","000","00","010","0044","1116","727","350","377","7","734","1597","0","45.96","21.92"
"65","000","00","010","0044","1117","699","298","401","9","708","1434","0","49.37","20.78"
"65","000","00","010","0044","1118","749","385","364","7","756","1661","0","45.51","23.18"
"65","000","00","010","0044","1119","729","378","351","6","735","1583","0","46.43","23.88"
"65","000","00","010","0044","1120","607","297","310","3","610","1403","0","43.48","21.17"
"65","000","00","010","0044","1121","645","309","336","4","649","1365","0","47.55","22.64"
"65","000","00","010","0045","0000","917","349","568","13","930","2150","0","43.26","16.23"
"65","000","00","010","0045","1122","458","164","294","8","466","1076","0","43.31","15.24"
"65","000","00","010","0045","1123","459","185","274","5","464","1074","0","43.20","17.23"
"65","000","00","010","0046","0000","1561","702","859","10","1571","3515","0","44.69","19.97"
"65","000","00","010","0046","1126","578","255","323","4","582","1245","0","46.75","20.48"
"65","000","00","010","0046","1127","441","200","241","3","444","1011","0","43.92","19.78"
"65","000","00","010","0046","1128","542","247","295","3","545","1259","0","43.29","19.62"
"65","000","00","010","0047","0000","1119","453","666","12","1131","2638","0","42.87","17.17"
"65","000","00","010","0047","1129","502","212","290","4","506","1235","0","40.97","17.17"
"65","000","00","010","0047","1130","617","241","376","8","625","1403","0","44.55","17.18"
"65","000","00","010","0048","0000","2074","840","1234","21","2095","5414","0","38.70","15.52"
"65","000","00","010","0048","1131","601","256","345","10","611","1703","0","35.88","15.03"
"65","000","00","010","0048","1132","711","264","447","5","716","1874","0","38.21","14.09"
"65","000","00","010","0048","1133","762","320","442","6","768","1837","0","41.81","17.42"
"65","000","00","010","0049","0000","534","260","274","5","539","1221","0","44.14","21.29"
"65","000","00","010","0049","1134","534","260","274","5","539","1221","0","44.14","21.29"
"65","000","00","010","0050","0000","2286","1000","1286","18","2304","5318","0","43.32","18.80"
"65","000","00","010","0050","1135","649","299","350","4","653","1533","0","42.60","19.50"
"65","000","00","010","0050","1136","536","239","297","9","545","1222","0","44.60","19.56"
"65","000","00","010","0050","1137","538","230","308","4","542","1337","0","40.54","17.20"
"65","000","00","010","0050","1138","563","232","331","1","564","1226","0","46.00","18.92"
"65","000","00","010","0051","0000","1802","796","1006","12","1814","3920","0","46.28","20.31"
"65","000","00","010","0051","1139","708","306","402","4","712","1489","0","47.82","20.55"
"65","000","00","010","0051","1140","453","198","255","2","455","926","0","49.14","21.38"
"65","000","00","010","0051","1141","641","292","349","6","647","1505","0","42.99","19.40"
"65","000","00","010","0052","0000","1677","680","997","22","1699","3731","0","45.54","18.23"
"65","000","00","010","0052","1142","401","140","261","6","407","907","0","44.87","15.44"
"65","000","00","010","0052","1143","550","232","318","5","555","1187","0","46.76","19.55"
"65","000","00","010","0052","1144","726","308","418","11","737","1637","0","45.02","18.81"
"65","000","00","010","0053","0000","1281","551","730","12","1293","2939","0","43.99","18.75"
"65","000","00","010","0053","1145","651","278","373","9","660","1435","0","45.99","19.37"
"65","000","00","010","0053","1146","630","273","357","3","633","1504","0","42.09","18.15"
"65","000","00","010","0054","0000","2391","1090","1301","16","2407","5578","0","43.15","19.54"
"65","000","00","010","0054","1147","594","288","306","5","599","1539","0","38.92","18.71"
"65","000","00","010","0054","1148","861","367","494","3","864","1872","0","46.15","19.60"
"65","000","00","010","0054","1149","690","341","349","5","695","1626","0","42.74","20.97"
"65","000","00","010","0054","1150","246","94","152","3","249","541","0","46.03","17.38"
"65","000","00","010","0055","0000","1190","526","664","11","1201","2572","0","46.70","20.45"
"65","000","00","010","0055","1153","666","305","361","6","672","1465","0","45.87","20.82"
"65","000","00","010","0055","1154","524","221","303","5","529","1107","0","47.79","19.96"
"65","000","00","010","0056","0000","1316","683","633","9","1325","2920","0","45.38","23.39"
"65","000","00","010","0056","1155","655","379","276","6","661","1382","0","47.83","27.42"
"65","000","00","010","0056","1156","661","304","357","3","664","1538","0","43.17","19.77"
"65","000","00","010","0057","0000","2946","1377","1569","16","2962","6417","0","46.16","21.46"
"65","000","00","010","0057","1159","476","204","272","4","480","1110","0","43.24","18.38"
"65","000","00","010","0057","1160","521","234","287","4","525","1169","0","44.91","20.02"
"65","000","00","010","0057","1161","513","200","313","2","515","1221","0","42.18","16.38"
"65","000","00","010","0057","1162","354","156","198","0","354","860","0","41.16","18.14"
"65","000","00","010","0057","1163","1082","583","499","6","1088","2057","0","52.89","28.34"
"65","000","00","010","0058","0000","1082","415","667","11","1093","2522","0","43.34","16.46"
"65","000","00","010","0058","1164","612","231","381","6","618","1441","0","42.89","16.03"
"65","000","00","010","0058","1165","470","184","286","5","475","1081","0","43.94","17.02"
"65","000","00","010","0059","0000","1882","824","1058","18","1900","4586","0","41.43","17.97"
"65","000","00","010","0059","1168","804","393","411","8","812","1920","0","42.29","20.47"
"65","000","00","010","0059","1169","507","205","302","5","512","1299","0","39.41","15.78"
"65","000","00","010","0059","1170","571","226","345","5","576","1367","0","42.14","16.53"
"65","000","00","010","0060","0000","1121","513","608","15","1136","2444","0","46.48","20.99"
"65","000","00","010","0060","1171","569","267","302","6","575","1272","0","45.20","20.99"
"65","000","00","010","0060","1172","552","246","306","9","561","1172","0","47.87","20.99"
"65","000","00","010","0061","0000","1788","795","993","18","1806","3765","0","47.97","21.12"
"65","000","00","010","0061","1173","547","232","315","3","550","1210","0","45.45","19.17"
"65","000","00","010","0061","1174","592","243","349","1","593","1284","0","46.18","18.93"
"65","000","00","010","0061","1175","649","320","329","14","663","1271","0","52.16","25.18"
"65","000","00","010","0062","0000","1323","519","804","13","1336","3069","0","43.53","16.91"
"65","000","00","010","0062","1178","584","233","351","7","591","1417","0","41.71","16.44"
"65","000","00","010","0062","1179","739","286","453","6","745","1652","0","45.10","17.31"
"65","000","00","010","0063","0000","1576","678","898","19","1595","3525","0","45.25","19.23"
"65","000","00","010","0063","1180","786","323","463","6","792","1759","0","45.03","18.36"
"65","000","00","010","0063","1181","790","355","435","13","803","1766","0","45.47","20.10"
"65","000","00","010","0064","0000","1225","566","659","12","1237","3031","0","40.81","18.67"
"65","000","00","010","0064","1182","318","165","153","2","320","866","0","36.95","19.05"
"65","000","00","010","0064","1183","410","190","220","6","416","1055","0","39.43","18.01"
"65","000","00","010","0064","1184","497","211","286","4","501","1110","0","45.14","19.01"
"65","000","00","010","0065","0000","3217","1688","1529","34","3251","7123","0","45.64","23.70"
"65","000","00","010","0065","1185","729","406","323","15","744","1713","0","43.43","23.70"
"65","000","00","010","0065","1186","857","393","464","7","864","1836","0","47.06","21.41"
"65","000","00","010","0065","1187","750","397","353","7","757","1721","0","43.99","23.07"
"65","000","00","010","0065","1188","881","492","389","5","886","1853","0","47.81","26.55"
"65","000","00","010","0066","0000","1344","588","756","8","1352","3179","0","42.53","18.50"
"65","000","00","010","0066","1189","429","193","236","4","433","1016","0","42.62","19.00"
"65","000","00","010","0066","1190","463","183","280","2","465","1056","0","44.03","17.33"
"65","000","00","010","0066","1191","452","212","240","2","454","1107","0","41.01","19.15"
"65","000","00","010","0067","0000","1017","477","540","9","1026","2350","0","43.66","20.30"
"65","000","00","010","0067","1192","503","229","274","2","505","1193","0","42.33","19.20"
"65","000","00","010","0067","1193","514","248","266","7","521","1157","0","45.03","21.43"
"65","000","00","010","0068","0000","1763","718","1045","22","1785","3895","0","45.83","18.43"
"65","000","00","010","0068","1194","543","218","325","6","549","1202","0","45.67","18.14"
"65","000","00","010","0068","1195","670","308","362","10","680","1442","0","47.16","21.36"
"65","000","00","010","0068","1196","550","192","358","6","556","1251","0","44.44","15.35"
"65","000","00","010","0069","0000","1753","840","913","13","1766","3802","0","46.45","22.09"
"65","000","00","010","0069","1199","725","369","356","5","730","1581","0","46.17","23.34"
"65","000","00","010","0069","1200","556","249","307","3","559","1159","0","48.23","21.48"
"65","000","00","010","0069","1201","472","222","250","5","477","1062","0","44.92","20.90"
"65","000","00","010","0070","0000","2008","1084","924","14","2022","4141","0","48.83","26.18"
"65","000","00","010","0070","1204","744","380","364","5","749","1450","0","51.66","26.21"
"65","000","00","010","0070","1205","670","384","286","5","675","1381","0","48.88","27.81"
"65","000","00","010","0070","1206","594","320","274","4","598","1310","0","45.65","24.43"
"65","000","00","010","0071","0000","1468","819","649","9","1477","3382","0","43.67","24.22"
"65","000","00","010","0071","1207","776","431","345","4","780","1824","0","42.76","23.63"
"65","000","00","010","0071","1208","692","388","304","5","697","1558","0","44.74","24.90"
"65","000","00","010","0072","0000","1759","858","901","16","1775","3878","0","45.77","22.12"
"65","000","00","010","0072","1209","630","330","300","7","637","1477","0","43.13","22.34"
"65","000","00","010","0072","1210","617","292","325","5","622","1314","0","47.34","22.22"
"65","000","00","010","0072","1211","512","236","276","4","516","1087","0","47.47","21.71"
"65","000","00","010","0073","0000","1429","745","684","27","1456","3111","0","46.80","23.95"
"65","000","00","010","0073","1212","592","333","259","10","602","1383","0","43.53","24.08"
"65","000","00","010","0073","1213","837","412","425","17","854","1728","0","49.42","23.84"
"65","000","00","010","0074","0000","2033","949","1084","14","2047","4371","0","46.83","21.71"
"65","000","00","010","0074","1216","544","252","292","5","549","1178","0","46.60","21.39"
"65","000","00","010","0074","1217","709","343","366","2","711","1384","0","51.37","24.78"
"65","000","00","010","0074","1218","780","354","426","7","787","1809","0","43.50","19.57"
"65","000","00","010","0075","0000","1289","658","631","13","1302","3021","0","43.10","21.78"
"65","000","00","010","0075","1219","656","343","313","9","665","1528","0","43.52","22.45"
"65","000","00","010","0075","1220","633","315","318","4","637","1493","0","42.67","21.10"
"65","000","00","010","0076","0000","1502","749","753","16","1518","3064","0","49.54","24.45"
"65","000","00","010","0076","1221","769","388","381","11","780","1517","0","51.42","25.58"
"65","000","00","010","0076","1222","733","361","372","5","738","1547","0","47.71","23.34"
"65","000","00","010","0077","0000","1552","790","762","25","1577","3320","0","47.50","23.80"
"65","000","00","010","0077","1223","932","492","440","12","944","2020","0","46.73","24.36"
"65","000","00","010","0077","1224","620","298","322","13","633","1300","0","48.69","22.92"
"65","000","00","010","0078","0000","2626","1281","1345","25","2651","5909","0","44.86","21.68"
"65","000","00","010","0078","1225","791","390","401","10","801","1602","0","50.00","24.34"
"65","000","00","010","0078","1226","610","310","300","6","616","1482","0","41.57","20.92"
"65","000","00","010","0078","1227","608","301","307","4","612","1359","0","45.03","22.15"
"65","000","00","010","0078","1228","617","280","337","5","622","1466","0","42.43","19.10"
"65","000","00","010","0079","0000","1802","933","869","14","1816","4094","0","44.36","22.79"
"65","000","00","010","0079","1229","578","301","277","1","579","1426","0","40.60","21.11"
"65","000","00","010","0079","1230","620","333","287","9","629","1285","0","48.95","25.91"
"65","000","00","010","0079","1231","604","299","305","4","608","1383","0","43.96","21.62"
"65","000","00","010","0080","0000","3115","1573","1542","29","3144","7469","0","42.09","21.06"
"65","000","00","010","0080","1232","603","284","319","4","607","1527","0","39.75","18.60"
"65","000","00","010","0080","1233","612","310","302","3","615","1488","0","41.33","20.83"
"65","000","00","010","0080","1234","627","312","315","6","633","1488","0","42.54","20.97"
"65","000","00","010","0080","1235","618","315","303","9","627","1377","0","45.53","22.88"
"65","000","00","010","0080","1236","655","352","303","7","662","1589","0","41.66","22.15"
"65","000","00","010","0081","0000","1235","715","520","12","1247","2702","0","46.15","26.46"
"65","000","00","010","0081","1237","430","289","141","6","436","871","0","50.06","33.18"
"65","000","00","010","0081","1238","399","213","186","3","402","895","0","44.92","23.80"
"65","000","00","010","0081","1239","406","213","193","3","409","936","0","43.70","22.76"
"65","000","00","010","0082","0000","1400","792","608","15","1415","3281","0","43.13","24.14"
"65","000","00","010","0082","1240","798","470","328","6","804","1785","0","45.04","26.33"
"65","000","00","010","0082","1241","602","322","280","9","611","1496","0","40.84","21.52"
"65","000","00","010","0083","0000","1340","641","699","12","1352","3505","0","38.57","18.29"
"65","000","00","010","0083","1242","700","316","384","6","706","1743","0","40.50","18.13"
"65","000","00","010","0083","1243","640","325","315","6","646","1762","0","36.66","18.44"
"65","000","00","010","0084","0000","1696","834","862","28","1724","3734","0","46.17","22.34"
"65","000","00","010","0084","1247","574","278","296","6","580","1307","0","44.38","21.27"
"65","000","00","010","0084","1248","475","212","263","4","479","1112","0","43.08","19.06"
"65","000","00","010","0084","1249","647","344","303","18","665","1315","0","50.57","26.16"
"65","000","00","010","0085","0000","1034","464","570","15","1049","2257","0","46.48","20.56"
"65","000","00","010","0085","1250","517","244","273","9","526","1047","0","50.24","23.30"
"65","000","00","010","0085","1251","517","220","297","6","523","1210","0","43.22","18.18"
"65","000","00","010","0086","0000","2439","1193","1246","34","2473","6150","0","40.21","19.40"
"65","000","00","010","0086","1254","642","309","333","6","648","1816","0","35.68","17.02"
"65","000","00","010","0086","1255","401","177","224","8","409","961","0","42.56","18.42"
"65","000","00","010","0086","1256","707","324","383","11","718","1737","0","41.34","18.65"
"65","000","00","010","0086","1257","689","383","306","9","698","1636","0","42.67","23.41"
"65","000","00","010","0087","0000","3341","1775","1566","33","3374","6979","0","48.35","25.43"
"65","000","00","010","0087","1258","568","327","241","4","572","1139","0","50.22","28.71"
"65","000","00","010","0087","1259","723","373","350","11","734","1431","0","51.29","26.07"
"65","000","00","010","0087","1260","597","335","262","9","606","1356","0","44.69","24.71"
"65","000","00","010","0087","1261","689","322","367","3","692","1595","0","43.39","20.19"
"65","000","00","010","0087","1262","764","418","346","6","770","1458","0","52.81","28.67"
"65","000","00","010","0088","0000","1600","784","816","13","1613","3812","0","42.31","20.57"
"65","000","00","010","0088","1263","541","273","268","4","545","1346","0","40.49","20.28"
"65","000","00","010","0088","1264","488","245","243","4","492","1082","0","45.47","22.64"
"65","000","00","010","0088","1265","571","266","305","5","576","1384","0","41.62","19.22"
"65","000","00","010","0089","0000","1351","535","816","15","1366","3334","0","40.97","16.05"
"65","000","00","010","0089","1266","496","191","305","5","501","1218","0","41.13","15.68"
"65","000","00","010","0089","1267","408","165","243","5","413","1110","0","37.21","14.86"
"65","000","00","010","0089","1268","447","179","268","5","452","1006","0","44.93","17.79"
"65","000","00","010","0090","0000","1919","779","1140","19","1938","4625","0","41.90","16.84"
"65","000","00","010","0090","1269","606","244","362","6","612","1391","0","44.00","17.54"
"65","000","00","010","0090","1270","659","276","383","5","664","1542","0","43.06","17.90"
"65","000","00","010","0090","1271","654","259","395","8","662","1692","0","39.13","15.31"
"65","000","00","010","0091","0000","1437","578","859","8","1445","3700","0","39.05","15.62"
"65","000","00","010","0091","1272","451","182","269","4","455","1108","0","41.06","16.43"
"65","000","00","010","0091","1273","399","163","236","0","399","1087","0","36.71","15.00"
"65","000","00","010","0091","1274","587","233","354","4","591","1505","0","39.27","15.48"
"65","000","00","010","0092","0000","2493","1269","1224","32","2525","6074","0","41.57","20.89"
"65","000","00","010","0092","1278","436","177","259","8","444","1069","0","41.53","16.56"
"65","000","00","010","0092","1279","402","187","215","4","406","1003","0","40.48","18.64"
"65","000","00","010","0092","1280","419","204","215","7","426","1085","0","39.26","18.80"
"65","000","00","010","0092","1281","501","281","220","7","508","1216","0","41.78","23.11"
"65","000","00","010","0092","1282","735","420","315","6","741","1701","0","43.56","24.69"
"65","000","00","010","0093","0000","431","252","179","8","439","873","0","50.29","28.87"
"65","000","00","010","0093","1283","195","150","45","3","198","382","0","51.83","39.27"
"65","000","00","010","0093","1284","236","102","134","5","241","491","0","49.08","20.77"
"65","000","00","010","0094","0000","1472","658","814","12","1484","3466","0","42.82","18.98"
"65","000","00","010","0094","1285","464","210","254","5","469","1171","0","40.05","17.93"
"65","000","00","010","0094","1286","538","246","292","4","542","1184","0","45.78","20.78"
"65","000","00","010","0094","1287","470","202","268","3","473","1111","0","42.57","18.18"
"65","000","00","010","0095","0000","2643","1429","1214","24","2667","6234","0","42.78","22.92"
"65","000","00","010","0095","1288","427","250","177","4","431","966","0","44.62","25.88"
"65","000","00","010","0095","1289","472","177","295","6","478","1178","0","40.58","15.03"
"65","000","00","010","0095","1290","805","455","350","9","814","1919","0","42.42","23.71"
"65","000","00","010","0095","1291","939","547","392","5","944","2171","0","43.48","25.20"
"65","000","00","010","0096","0000","1782","760","1022","16","1798","4615","0","38.96","16.47"
"65","000","00","010","0096","1292","268","117","151","2","270","725","0","37.24","16.14"
"65","000","00","010","0096","1293","489","213","276","7","496","1306","0","37.98","16.31"
"65","000","00","010","0096","1294","472","213","259","2","474","1259","0","37.65","16.92"
"65","000","00","010","0096","1295","553","217","336","5","558","1325","0","42.11","16.38"
"65","000","00","010","0097","0000","1064","441","623","23","1087","2464","0","44.12","17.90"
"65","000","00","010","0097","1296","504","210","294","12","516","1161","0","44.44","18.09"
"65","000","00","010","0097","1297","560","231","329","11","571","1303","0","43.82","17.73"
"65","000","00","010","0098","0000","3326","1536","1790","42","3368","8523","0","39.52","18.02"
"65","000","00","010","0098","1298","490","216","274","9","499","1302","0","38.33","16.59"
"65","000","00","010","0098","1299","557","243","314","6","563","1449","0","38.85","16.77"
"65","000","00","010","0098","1300","519","229","290","6","525","1428","0","36.76","16.04"
"65","000","00","010","0098","1301","531","281","250","3","534","1493","0","35.77","18.82"
"65","000","00","010","0098","1302","652","305","347","6","658","1492","0","44.10","20.44"
"65","000","00","010","0098","1303","577","262","315","12","589","1359","0","43.34","19.28"
"65","000","00","010","0099","0000","2011","907","1104","22","2033","5148","0","39.49","17.62"
"65","000","00","010","0099","1308","668","298","370","10","678","1647","0","41.17","18.09"
"65","000","00","010","0099","1309","738","355","383","9","747","1803","0","41.43","19.69"
"65","000","00","010","0099","1310","605","254","351","3","608","1698","0","35.81","14.96"
"65","000","00","010","0100","0000","1288","599","689","18","1306","3079","0","42.42","19.45"
"65","000","00","010","0100","1319","618","281","337","10","628","1509","0","41.62","18.62"
"65","000","00","010","0100","1320","670","318","352","8","678","1570","0","43.18","20.25"
"65","000","00","010","0101","0000","1024","489","535","13","1037","2397","0","43.26","20.40"
"65","000","00","010","0101","0993","413","198","215","6","419","1000","0","41.90","19.80"
"65","000","00","010","0101","0994","611","291","320","7","618","1397","0","44.24","20.83"
"65","000","00","010","0102","0000","1652","719","933","18","1670","3742","0","44.63","19.21"
"65","000","00","010","0102","1013","486","217","269","4","490","1193","0","41.07","18.19"
"65","000","00","010","0102","1014","628","272","356","5","633","1380","0","45.87","19.71"
"65","000","00","010","0102","1015","538","230","308","9","547","1169","0","46.79","19.67"
"65","000","00","010","0103","0000","1191","584","607","5","1196","2692","0","44.43","21.69"
"65","000","00","010","0103","1042","664","327","337","3","667","1508","0","44.23","21.68"
"65","000","00","010","0103","1043","527","257","270","2","529","1184","0","44.68","21.71"
"65","000","00","010","0104","0000","1330","569","761","12","1342","2948","0","45.52","19.30"
"65","000","00","010","0104","1071","651","264","387","9","660","1482","0","44.53","17.81"
"65","000","00","010","0104","1072","679","305","374","3","682","1466","0","46.52","20.80"
"65","000","00","010","0105","0000","1291","555","736","7","1298","3027","0","42.88","18.33"
"65","000","00","010","0105","1092","415","166","249","3","418","1020","0","40.98","16.27"
"65","000","00","010","0105","1093","397","156","241","1","398","938","0","42.43","16.63"
"65","000","00","010","0105","1094","479","233","246","3","482","1069","0","45.09","21.80"
"65","000","00","010","0106","0000","1135","466","669","10","1145","2449","0","46.75","19.03"
"65","000","00","010","0106","1114","605","250","355","4","609","1286","0","47.36","19.44"
"65","000","00","010","0106","1115","530","216","314","6","536","1163","0","46.09","18.57"
"65","000","00","010","0107","0000","996","471","525","15","1011","2040","0","49.56","23.09"
"65","000","00","010","0107","1151","478","196","282","5","483","1012","0","47.73","19.37"
"65","000","00","010","0107","1152","518","275","243","10","528","1028","0","51.36","26.75"
"65","000","00","010","0108","0000","1226","553","673","11","1237","2595","0","47.67","21.31"
"65","000","00","010","0108","1166","655","292","363","5","660","1481","0","44.56","19.72"
"65","000","00","010","0108","1167","571","261","310","6","577","1114","0","51.80","23.43"
"65","000","00","010","0109","0000","901","394","507","9","910","1940","0","46.91","20.31"
"65","000","00","010","0109","1197","424","168","256","5","429","946","0","45.35","17.76"
"65","000","00","010","0109","1198","477","226","251","4","481","994","0","48.39","22.74"
"65","000","00","010","0110","0000","1536","765","771","13","1549","3280","0","47.23","23.32"
"65","000","00","010","0110","1214","791","392","399","9","800","1610","0","49.69","24.35"
"65","000","00","010","0110","1215","745","373","372","4","749","1670","0","44.85","22.34"
"65","000","00","010","0111","0000","822","409","413","7","829","1789","0","46.34","22.86"
"65","000","00","010","0111","1252","469","234","235","3","472","968","0","48.76","24.17"
"65","000","00","010","0111","1253","353","175","178","4","357","821","0","43.48","21.32"
"65","000","00","010","0112","0000","1474","685","789","19","1493","3718","0","40.16","18.42"
"65","000","00","010","0112","1321","526","226","300","9","535","1358","0","39.40","16.64"
"65","000","00","010","0112","1322","372","174","198","3","375","935","0","40.11","18.61"
"65","000","00","010","0112","1323","576","285","291","7","583","1425","0","40.91","20.00"
"65","000","00","010","0113","0000","2170","1022","1148","21","2191","6055","0","36.18","16.88"
"65","000","00","010","0113","1304","576","256","320","5","581","1576","0","36.87","16.24"
"65","000","00","010","0113","1305","530","242","288","6","536","1426","0","37.59","16.97"
"65","000","00","010","0113","1306","547","267","280","4","551","1445","0","38.13","18.48"
"65","000","00","010","0113","1307","517","257","260","6","523","1608","0","32.52","15.98"
"65","000","00","010","0114","0000","1031","541","490","6","1037","2287","0","45.34","23.66"
"65","000","00","010","0114","1006","541","281","260","2","543","1267","0","42.86","22.18"
"65","000","00","010","0114","1007","490","260","230","4","494","1020","0","48.43","25.49"
"65","000","00","010","0115","0000","834","424","410","5","839","1772","0","47.35","23.93"
"65","000","00","010","0115","1025","465","244","221","3","468","996","0","46.99","24.50"
"65","000","00","010","0115","1026","369","180","189","2","371","776","0","47.81","23.20"
"65","000","00","010","0116","0000","1125","480","645","8","1133","2400","0","47.21","20.00"
"65","000","00","010","0116","1047","612","280","332","5","617","1257","0","49.09","22.28"
"65","000","00","010","0116","1048","513","200","313","3","516","1143","0","45.14","17.50"
"65","000","00","010","0117","0000","1233","483","750","14","1247","2973","0","41.94","16.25"
"65","000","00","010","0117","1082","451","188","263","4","455","1084","0","41.97","17.34"
"65","000","00","010","0117","1083","364","130","234","3","367","865","0","42.43","15.03"
"65","000","00","010","0117","1084","418","165","253","7","425","1024","0","41.50","16.11"
"65","000","00","010","0118","0000","954","396","558","14","968","2012","0","48.11","19.68"
"65","000","00","010","0118","1110","521","220","301","9","530","1114","0","47.58","19.75"
"65","000","00","010","0118","1111","433","176","257","5","438","898","0","48.78","19.60"
"65","000","00","010","0119","0000","1498","600","898","13","1511","3479","0","43.43","17.25"
"65","000","00","010","0119","1124","695","267","428","5","700","1651","0","42.40","16.17"
"65","000","00","010","0119","1125","803","333","470","8","811","1828","0","44.37","18.22"
"65","000","00","010","0120","0000","1434","623","811","16","1450","3379","0","42.91","18.44"
"65","000","00","010","0120","1157","627","273","354","8","635","1481","0","42.88","18.43"
"65","000","00","010","0120","1158","807","350","457","8","815","1898","0","42.94","18.44"
"65","000","00","010","0121","0000","1658","797","861","21","1679","3540","0","47.43","22.51"
"65","000","00","010","0121","1176","985","492","493","10","995","2040","0","48.77","24.12"
"65","000","00","010","0121","1177","673","305","368","11","684","1500","0","45.60","20.33"
"65","000","00","010","0122","0000","828","360","468","9","837","2026","0","41.31","17.77"
"65","000","00","010","0122","1202","374","158","216","6","380","970","0","39.18","16.29"
"65","000","00","010","0122","1203","454","202","252","3","457","1056","0","43.28","19.13"
"65","000","00","010","0123","0000","1577","712","865","18","1595","3585","0","44.49","19.86"
"65","000","00","010","0123","1244","529","247","282","6","535","1241","0","43.11","19.90"
"65","000","00","010","0123","1245","521","237","284","9","530","1170","0","45.30","20.26"
"65","000","00","010","0123","1246","527","228","299","3","530","1174","0","45.14","19.42"
"65","000","00","010","0124","0000","4708","2295","2413","41","4749","12217","0","38.87","18.79"
"65","000","00","010","0124","1311","621","311","310","9","630","1619","0","38.91","19.21"
"65","000","00","010","0124","1312","652","276","376","2","654","1640","0","39.88","16.83"
"65","000","00","010","0124","1313","546","245","301","4","550","1507","0","36.50","16.26"
"65","000","00","010","0124","1314","666","324","342","4","670","1576","0","42.51","20.56"
"65","000","00","010","0124","1315","639","324","315","6","645","1628","0","39.62","19.90"
"65","000","00","010","0124","1316","615","309","306","8","623","1622","0","38.41","19.05"
"65","000","00","010","0124","1317","546","301","245","5","551","1400","0","39.36","21.50"
"65","000","00","010","0124","1318","423","205","218","3","426","1225","0","34.78","16.73"
"65","000","00","010","0125","0000","1247","494","753","13","1260","3210","0","39.25","15.39"
"65","000","00","010","0125","1275","618","272","346","8","626","1572","0","39.82","17.30"
"65","000","00","010","0125","1276","629","222","407","5","634","1638","0","38.71","13.55"
"65","000","00","010","0126","0000","498","180","318","2","500","1091","0","45.83","16.50"
"65","000","00","010","0126","1277","498","180","318","2","500","1091","0","45.83","16.50"
"65","000","00","020","0000","0000","141857","59828","82029","1345","143202","330362","383135","43.35","18.11"
"65","000","00","020","0001","0000","2040","820","1220","15","2055","4726","0","43.48","17.35"
"65","000","00","020","0001","0729","602","248","354","4","606","1466","0","41.34","16.92"
"65","000","00","020","0001","0730","376","134","242","5","381","834","0","45.68","16.07"
"65","000","00","020","0001","0731","551","215","336","4","555","1279","0","43.39","16.81"
"65","000","00","020","0001","0732","511","223","288","2","513","1147","0","44.73","19.44"
"65","000","00","020","0002","0000","567","224","343","7","574","1436","0","39.97","15.60"
"65","000","00","020","0002","0736","567","224","343","7","574","1436","0","39.97","15.60"
"65","000","00","020","0003","0000","965","339","626","4","969","2322","0","41.73","14.60"
"65","000","00","020","0003","0737","519","188","331","3","522","1257","0","41.53","14.96"
"65","000","00","020","0003","0738","446","151","295","1","447","1065","0","41.97","14.18"
"65","000","00","020","0004","0000","441","185","256","7","448","904","0","49.56","20.46"
"65","000","00","020","0004","0739","441","185","256","7","448","904","0","49.56","20.46"
"65","000","00","020","0005","0000","1654","633","1021","11","1665","3568","0","46.66","17.74"
"65","000","00","020","0005","0742","937","385","552","8","945","1978","0","47.78","19.46"
"65","000","00","020","0005","0743","717","248","469","3","720","1590","0","45.28","15.60"
"65","000","00","020","0006","0000","176","58","118","2","178","351","0","50.71","16.52"
"65","000","00","020","0006","0744","176","58","118","2","178","351","0","50.71","16.52"
"65","000","00","020","0007","0000","2611","1246","1365","18","2629","5671","0","46.36","21.97"
"65","000","00","020","0007","0745","476","217","259","3","479","1008","0","47.52","21.53"
"65","000","00","020","0007","0746","492","201","291","6","498","1139","0","43.72","17.65"
"65","000","00","020","0007","0747","806","387","419","5","811","1729","0","46.91","22.38"
"65","000","00","020","0007","0748","837","441","396","4","841","1795","0","46.85","24.57"
"65","000","00","020","0008","0000","2169","958","1211","15","2184","4889","0","44.67","19.60"
"65","000","00","020","0008","0749","611","263","348","5","616","1341","0","45.94","19.61"
"65","000","00","020","0008","0750","578","258","320","4","582","1263","0","46.08","20.43"
"65","000","00","020","0008","0751","497","213","284","4","501","1131","0","44.30","18.83"
"65","000","00","020","0008","0752","483","224","259","2","485","1154","0","42.03","19.41"
"65","000","00","020","0009","0000","1317","535","782","12","1329","3007","0","44.20","17.79"
"65","000","00","020","0009","0755","680","256","424","5","685","1549","0","44.22","16.53"
"65","000","00","020","0009","0756","637","279","358","7","644","1458","0","44.17","19.14"
"65","000","00","020","0010","0000","2489","1169","1320","31","2520","8822","0","28.56","13.25"
"65","000","00","020","0010","0757","679","276","403","7","686","4754","0","14.43","5.81"
"65","000","00","020","0010","0758","521","246","275","9","530","1199","0","44.20","20.52"
"65","000","00","020","0010","0759","687","348","339","5","692","1456","0","47.53","23.90"
"65","000","00","020","0010","0760","602","299","303","10","612","1413","0","43.31","21.16"
"65","000","00","020","0011","0000","830","354","476","5","835","1860","0","44.89","19.03"
"65","000","00","020","0011","0761","462","202","260","3","465","1008","0","46.13","20.04"
"65","000","00","020","0011","0762","368","152","216","2","370","852","0","43.43","17.84"
"65","000","00","020","0012","0000","1502","658","844","13","1515","3239","0","46.77","20.31"
"65","000","00","020","0012","0763","680","313","367","3","683","1486","0","45.96","21.06"
"65","000","00","020","0012","0764","822","345","477","10","832","1753","0","47.46","19.68"
"65","000","00","020","0013","0000","1889","831","1058","20","1909","3937","0","48.49","21.11"
"65","000","00","020","0013","0765","579","244","335","6","585","1296","0","45.14","18.83"
"65","000","00","020","0013","0766","637","284","353","10","647","1403","0","46.12","20.24"
"65","000","00","020","0013","0767","673","303","370","4","677","1238","0","54.68","24.47"
"65","000","00","020","0014","0000","2720","1310","1410","25","2745","5711","0","48.07","22.94"
"65","000","00","020","0014","0768","917","504","413","10","927","1945","0","47.66","25.91"
"65","000","00","020","0014","0769","458","208","250","2","460","983","0","46.80","21.16"
"65","000","00","020","0014","0770","641","277","364","3","644","1409","0","45.71","19.66"
"65","000","00","020","0014","0771","704","321","383","10","714","1374","0","51.97","23.36"
"65","000","00","020","0015","0000","1541","622","919","12","1553","3667","0","42.35","16.96"
"65","000","00","020","0015","0772","534","221","313","2","536","1203","0","44.56","18.37"
"65","000","00","020","0015","0773","509","216","293","7","516","1239","0","41.65","17.43"
"65","000","00","020","0015","0774","498","185","313","3","501","1225","0","40.90","15.10"
"65","000","00","020","0016","0000","1460","623","837","20","1480","3107","0","47.63","20.05"
"65","000","00","020","0016","0775","674","293","381","7","681","1475","0","46.17","19.86"
"65","000","00","020","0016","0776","786","330","456","13","799","1632","0","48.96","20.22"
"65","000","00","020","0017","0000","2419","907","1512","32","2451","5458","0","44.91","16.62"
"65","000","00","020","0017","0777","589","220","369","12","601","1304","0","46.09","16.87"
"65","000","00","020","0017","0778","623","258","365","6","629","1262","0","49.84","20.44"
"65","000","00","020","0017","0779","615","208","407","6","621","1438","0","43.18","14.46"
"65","000","00","020","0017","0780","592","221","371","8","600","1454","0","41.27","15.20"
"65","000","00","020","0018","0000","2408","1038","1370","33","2441","5517","0","44.25","18.81"
"65","000","00","020","0018","0781","801","342","459","14","815","1689","0","48.25","20.25"
"65","000","00","020","0018","0782","881","405","476","9","890","2006","0","44.37","20.19"
"65","000","00","020","0018","0783","726","291","435","10","736","1822","0","40.40","15.97"
"65","000","00","020","0019","0000","1184","478","706","13","1197","2877","0","41.61","16.61"
"65","000","00","020","0019","0784","572","228","344","7","579","1432","0","40.43","15.92"
"65","000","00","020","0019","0785","612","250","362","6","618","1445","0","42.77","17.30"
"65","000","00","020","0020","0000","2798","1305","1493","17","2815","6525","0","43.14","20.00"
"65","000","00","020","0020","0786","606","314","292","6","612","1439","0","42.53","21.82"
"65","000","00","020","0020","0787","705","366","339","2","707","1694","0","41.74","21.61"
"65","000","00","020","0020","0788","729","310","419","4","733","1743","0","42.05","17.79"
"65","000","00","020","0020","0789","758","315","443","5","763","1649","0","46.27","19.10"
"65","000","00","020","0021","0000","1087","539","548","7","1094","2380","0","45.97","22.65"
"65","000","00","020","0021","0790","557","282","275","2","559","1186","0","47.13","23.78"
"65","000","00","020","0021","0791","530","257","273","5","535","1194","0","44.81","21.52"
"65","000","00","020","0022","0000","487","217","270","7","494","1288","0","38.35","16.85"
"65","000","00","020","0022","0792","487","217","270","7","494","1288","0","38.35","16.85"
"65","000","00","020","0023","0000","695","310","385","3","698","1582","0","44.12","19.60"
"65","000","00","020","0023","0793","695","310","385","3","698","1582","0","44.12","19.60"
"65","000","00","020","0024","0000","898","403","495","7","905","1982","0","45.66","20.33"
"65","000","00","020","0024","0794","505","219","286","4","509","1072","0","47.48","20.43"
"65","000","00","020","0024","0795","393","184","209","3","396","910","0","43.52","20.22"
"65","000","00","020","0025","0000","733","343","390","9","742","1664","0","44.59","20.61"
"65","000","00","020","0025","0796","733","343","390","9","742","1664","0","44.59","20.61"
"65","000","00","020","0026","0000","594","270","324","7","601","1261","0","47.66","21.41"
"65","000","00","020","0026","0797","594","270","324","7","601","1261","0","47.66","21.41"
"65","000","00","020","0027","0000","537","244","293","4","541","1289","0","41.97","18.93"
"65","000","00","020","0027","0798","537","244","293","4","541","1289","0","41.97","18.93"
"65","000","00","020","0028","0000","768","336","432","2","770","1819","0","42.33","18.47"
"65","000","00","020","0028","0799","768","336","432","2","770","1819","0","42.33","18.47"
"65","000","00","020","0029","0000","505","240","265","2","507","1130","0","44.87","21.24"
"65","000","00","020","0029","0800","505","240","265","2","507","1130","0","44.87","21.24"
"65","000","00","020","0030","0000","613","286","327","7","620","1363","0","45.49","20.98"
"65","000","00","020","0030","0801","613","286","327","7","620","1363","0","45.49","20.98"
"65","000","00","020","0031","0000","634","328","306","6","640","1483","0","43.16","22.12"
"65","000","00","020","0031","0802","634","328","306","6","640","1483","0","43.16","22.12"
"65","000","00","020","0032","0000","722","298","424","7","729","1785","0","40.84","16.69"
"65","000","00","020","0032","0803","347","147","200","3","350","879","0","39.82","16.72"
"65","000","00","020","0032","0804","375","151","224","4","379","906","0","41.83","16.67"
"65","000","00","020","0033","0000","711","305","406","8","719","1629","0","44.14","18.72"
"65","000","00","020","0033","0805","711","305","406","8","719","1629","0","44.14","18.72"
"65","000","00","020","0034","0000","512","230","282","4","516","1175","0","43.91","19.57"
"65","000","00","020","0034","0806","512","230","282","4","516","1175","0","43.91","19.57"
"65","000","00","020","0035","0000","536","240","296","6","542","1315","0","41.22","18.25"
"65","000","00","020","0035","0807","536","240","296","6","542","1315","0","41.22","18.25"
"65","000","00","020","0036","0000","612","272","340","4","616","1391","0","44.28","19.55"
"65","000","00","020","0036","0808","612","272","340","4","616","1391","0","44.28","19.55"
"65","000","00","020","0037","0000","555","252","303","3","558","1098","0","50.82","22.95"
"65","000","00","020","0037","0809","555","252","303","3","558","1098","0","50.82","22.95"
"65","000","00","020","0038","0000","921","446","475","9","930","2035","0","45.70","21.92"
"65","000","00","020","0038","0810","497","221","276","4","501","1070","0","46.82","20.65"
"65","000","00","020","0038","0811","424","225","199","5","429","965","0","44.46","23.32"
"65","000","00","020","0039","0000","1686","872","814","24","1710","3628","0","47.13","24.04"
"65","000","00","020","0039","0812","870","491","379","11","881","1889","0","46.64","25.99"
"65","000","00","020","0039","0813","816","381","435","13","829","1739","0","47.67","21.91"
"65","000","00","020","0040","0000","609","281","328","3","612","1275","0","48.00","22.04"
"65","000","00","020","0040","0814","609","281","328","3","612","1275","0","48.00","22.04"
"65","000","00","020","0041","0000","1081","465","616","12","1093","2448","0","44.65","19.00"
"65","000","00","020","0041","0815","609","255","354","8","617","1373","0","44.94","18.57"
"65","000","00","020","0041","0816","472","210","262","4","476","1075","0","44.28","19.53"
"65","000","00","020","0042","0000","997","415","582","13","1010","2453","0","41.17","16.92"
"65","000","00","020","0042","0817","467","192","275","6","473","1172","0","40.36","16.38"
"65","000","00","020","0042","0818","530","223","307","7","537","1281","0","41.92","17.41"
"65","000","00","020","0043","0000","1139","570","569","10","1149","2406","0","47.76","23.69"
"65","000","00","020","0043","0819","538","258","280","6","544","1199","0","45.37","21.52"
"65","000","00","020","0043","0820","601","312","289","4","605","1207","0","50.12","25.85"
"65","000","00","020","0044","0000","1321","581","740","10","1331","3178","0","41.88","18.28"
"65","000","00","020","0044","0821","651","276","375","6","657","1629","0","40.33","16.94"
"65","000","00","020","0044","0822","670","305","365","4","674","1549","0","43.51","19.69"
"65","000","00","020","0045","0000","1650","641","1009","11","1661","3797","0","43.75","16.88"
"65","000","00","020","0045","0823","502","188","314","3","505","1145","0","44.10","16.42"
"65","000","00","020","0045","0824","609","223","386","2","611","1376","0","44.40","16.21"
"65","000","00","020","0045","0825","539","230","309","6","545","1276","0","42.71","18.03"
"65","000","00","020","0046","0000","645","224","421","7","652","1352","0","48.22","16.57"
"65","000","00","020","0046","0826","645","224","421","7","652","1352","0","48.22","16.57"
"65","000","00","020","0047","0000","465","201","264","2","467","1030","0","45.34","19.51"
"65","000","00","020","0047","0827","465","201","264","2","467","1030","0","45.34","19.51"
"65","000","00","020","0048","0000","776","324","452","6","782","1597","0","48.97","20.29"
"65","000","00","020","0048","0828","776","324","452","6","782","1597","0","48.97","20.29"
"65","000","00","020","0049","0000","802","354","448","5","807","1771","0","45.57","19.99"
"65","000","00","020","0049","0829","802","354","448","5","807","1771","0","45.57","19.99"
"65","000","00","020","0050","0000","694","287","407","9","703","1652","0","42.55","17.37"
"65","000","00","020","0050","0830","694","287","407","9","703","1652","0","42.55","17.37"
"65","000","00","020","0051","0000","954","404","550","6","960","2007","0","47.83","20.13"
"65","000","00","020","0051","0831","496","208","288","4","500","1046","0","47.80","19.89"
"65","000","00","020","0051","0832","458","196","262","2","460","961","0","47.87","20.40"
"65","000","00","020","0052","0000","686","266","420","5","691","1674","0","41.28","15.89"
"65","000","00","020","0052","0833","686","266","420","5","691","1674","0","41.28","15.89"
"65","000","00","020","0053","0000","394","200","194","5","399","855","0","46.67","23.39"
"65","000","00","020","0053","0834","394","200","194","5","399","855","0","46.67","23.39"
"65","000","00","020","0054","0000","636","290","346","7","643","1344","0","47.84","21.58"
"65","000","00","020","0054","0835","636","290","346","7","643","1344","0","47.84","21.58"
"65","000","00","020","0055","0000","680","306","374","4","684","1672","0","40.91","18.30"
"65","000","00","020","0055","0836","439","204","235","2","441","1007","0","43.79","20.26"
"65","000","00","020","0055","0837","241","102","139","2","243","665","0","36.54","15.34"
"65","000","00","020","0056","0000","818","327","491","9","827","1939","0","42.65","16.86"
"65","000","00","020","0056","0838","334","132","202","5","339","927","0","36.57","14.24"
"65","000","00","020","0056","0839","484","195","289","4","488","1012","0","48.22","19.27"
"65","000","00","020","0057","0000","887","374","513","5","892","2070","0","43.09","18.07"
"65","000","00","020","0057","0840","475","203","272","3","478","1035","0","46.18","19.61"
"65","000","00","020","0057","0841","412","171","241","2","414","1035","0","40.00","16.52"
"65","000","00","020","0058","0000","347","139","208","6","353","813","0","43.42","17.10"
"65","000","00","020","0058","0842","347","139","208","6","353","813","0","43.42","17.10"
"65","000","00","020","0059","0000","652","290","362","15","667","1385","0","48.16","20.94"
"65","000","00","020","0059","0843","652","290","362","15","667","1385","0","48.16","20.94"
"65","000","00","020","0060","0000","353","168","185","5","358","770","0","46.49","21.82"
"65","000","00","020","0060","0844","353","168","185","5","358","770","0","46.49","21.82"
"65","000","00","020","0061","0000","944","433","511","9","953","2229","0","42.75","19.43"
"65","000","00","020","0061","0845","455","187","268","1","456","1090","0","41.83","17.16"
"65","000","00","020","0061","0846","489","246","243","8","497","1139","0","43.63","21.60"
"65","000","00","020","0062","0000","815","323","492","13","828","1876","0","44.14","17.22"
"65","000","00","020","0062","0847","382","137","245","8","390","897","0","43.48","15.27"
"65","000","00","020","0062","0848","433","186","247","5","438","979","0","44.74","19.00"
"65","000","00","020","0063","0000","849","359","490","7","856","2003","0","42.74","17.92"
"65","000","00","020","0063","0849","500","201","299","4","504","1101","0","45.78","18.26"
"65","000","00","020","0063","0850","349","158","191","3","352","902","0","39.02","17.52"
"65","000","00","020","0064","0000","588","261","327","9","597","1436","0","41.57","18.18"
"65","000","00","020","0064","0851","588","261","327","9","597","1436","0","41.57","18.18"
"65","000","00","020","0065","0000","465","208","257","8","473","1039","0","45.52","20.02"
"65","000","00","020","0065","0852","465","208","257","8","473","1039","0","45.52","20.02"
"65","000","00","020","0066","0000","815","378","437","14","829","1775","0","46.70","21.30"
"65","000","00","020","0066","0853","347","147","200","10","357","850","0","42.00","17.29"
"65","000","00","020","0066","0854","468","231","237","4","472","925","0","51.03","24.97"
"65","000","00","020","0067","0000","805","322","483","8","813","2123","0","38.29","15.17"
"65","000","00","020","0067","0855","395","149","246","5","400","1062","0","37.66","14.03"
"65","000","00","020","0067","0856","410","173","237","3","413","1061","0","38.93","16.31"
"65","000","00","020","0068","0000","1269","539","730","12","1281","2926","0","43.78","18.42"
"65","000","00","020","0068","0857","599","245","354","4","603","1390","0","43.38","17.63"
"65","000","00","020","0068","0858","670","294","376","8","678","1536","0","44.14","19.14"
"65","000","00","020","0069","0000","684","310","374","3","687","1678","0","40.94","18.47"
"65","000","00","020","0069","0859","684","310","374","3","687","1678","0","40.94","18.47"
"65","000","00","020","0070","0000","468","196","272","6","474","1136","0","41.73","17.25"
"65","000","00","020","0070","0860","468","196","272","6","474","1136","0","41.73","17.25"
"65","000","00","020","0071","0000","725","294","431","4","729","1549","0","47.06","18.98"
"65","000","00","020","0071","0861","725","294","431","4","729","1549","0","47.06","18.98"
"65","000","00","020","0072","0000","1003","447","556","8","1011","2410","0","41.95","18.55"
"65","000","00","020","0072","0862","456","229","227","3","459","1160","0","39.57","19.74"
"65","000","00","020","0072","0863","547","218","329","5","552","1250","0","44.16","17.44"
"65","000","00","020","0073","0000","1175","482","693","20","1195","2698","0","44.29","17.87"
"65","000","00","020","0073","0864","568","233","335","13","581","1325","0","43.85","17.58"
"65","000","00","020","0073","0865","607","249","358","7","614","1373","0","44.72","18.14"
"65","000","00","020","0074","0000","716","332","384","10","726","1802","0","40.29","18.42"
"65","000","00","020","0074","0866","716","332","384","10","726","1802","0","40.29","18.42"
"65","000","00","020","0075","0000","813","317","496","5","818","1889","0","43.30","16.78"
"65","000","00","020","0075","0867","418","171","247","2","420","923","0","45.50","18.53"
"65","000","00","020","0075","0868","395","146","249","3","398","966","0","41.20","15.11"
"65","000","00","020","0076","0000","1781","702","1079","14","1795","4172","0","43.02","16.83"
"65","000","00","020","0076","0869","615","247","368","6","621","1498","0","41.46","16.49"
"65","000","00","020","0076","0870","602","227","375","5","607","1418","0","42.81","16.01"
"65","000","00","020","0076","0871","564","228","336","3","567","1256","0","45.14","18.15"
"65","000","00","020","0077","0000","1450","602","848","21","1471","3336","0","44.09","18.05"
"65","000","00","020","0077","0872","694","279","415","5","699","1597","0","43.77","17.47"
"65","000","00","020","0077","0873","756","323","433","16","772","1739","0","44.39","18.57"
"65","000","00","020","0078","0000","2038","795","1243","17","2055","4936","0","41.63","16.11"
"65","000","00","020","0078","0874","460","151","309","4","464","1238","0","37.48","12.20"
"65","000","00","020","0078","0875","527","216","311","8","535","1141","0","46.89","18.93"
"65","000","00","020","0078","0876","527","222","305","4","531","1230","0","43.17","18.05"
"65","000","00","020","0078","0877","524","206","318","1","525","1327","0","39.56","15.52"
"65","000","00","020","0079","0000","887","379","508","15","902","2027","0","44.50","18.70"
"65","000","00","020","0079","0878","479","211","268","8","487","1086","0","44.84","19.43"
"65","000","00","020","0079","0879","408","168","240","7","415","941","0","44.10","17.85"
"65","000","00","020","0080","0000","714","289","425","8","722","1631","0","44.27","17.72"
"65","000","00","020","0080","0880","714","289","425","8","722","1631","0","44.27","17.72"
"65","000","00","020","0081","0000","935","397","538","12","947","2145","0","44.15","18.51"
"65","000","00","020","0081","0881","429","170","259","4","433","1031","0","42.00","16.49"
"65","000","00","020","0081","0882","506","227","279","8","514","1114","0","46.14","20.38"
"65","000","00","020","0082","0000","1541","587","954","13","1554","3509","0","44.29","16.73"
"65","000","00","020","0082","0883","556","217","339","5","561","1208","0","46.44","17.96"
"65","000","00","020","0082","0884","456","181","275","3","459","1013","0","45.31","17.87"
"65","000","00","020","0082","0885","529","189","340","5","534","1288","0","41.46","14.67"
"65","000","00","020","0083","0000","1470","646","824","6","1476","3088","0","47.80","20.92"
"65","000","00","020","0083","0886","708","310","398","3","711","1550","0","45.87","20.00"
"65","000","00","020","0083","0887","762","336","426","3","765","1538","0","49.74","21.85"
"65","000","00","020","0084","0000","1173","485","688","12","1185","2545","0","46.56","19.06"
"65","000","00","020","0084","0888","661","246","415","9","670","1327","0","50.49","18.54"
"65","000","00","020","0084","0889","512","239","273","3","515","1218","0","42.28","19.62"
"65","000","00","020","0085","0000","1126","479","647","7","1133","2674","0","42.37","17.91"
"65","000","00","020","0085","0890","673","281","392","7","680","1583","0","42.96","17.75"
"65","000","00","020","0085","0891","453","198","255","0","453","1091","0","41.52","18.15"
"65","000","00","020","0086","0000","1497","613","884","10","1507","3267","0","46.13","18.76"
"65","000","00","020","0086","0892","741","299","442","6","747","1597","0","46.78","18.72"
"65","000","00","020","0086","0893","756","314","442","4","760","1670","0","45.51","18.80"
"65","000","00","020","0087","0000","1812","694","1118","14","1826","4360","0","41.88","15.92"
"65","000","00","020","0087","0896","613","262","351","8","621","1511","0","41.10","17.34"
"65","000","00","020","0087","0897","537","164","373","3","540","1298","0","41.60","12.63"
"65","000","00","020","0087","0898","662","268","394","3","665","1551","0","42.88","17.28"
"65","000","00","020","0088","0000","1236","483","753","14","1250","2861","0","43.69","16.88"
"65","000","00","020","0088","0904","579","237","342","8","587","1397","0","42.02","16.96"
"65","000","00","020","0088","0905","657","246","411","6","663","1464","0","45.29","16.80"
"65","000","00","020","0089","0000","2050","808","1242","15","2065","4596","0","44.93","17.58"
"65","000","00","020","0089","0913","624","220","404","3","627","1373","0","45.67","16.02"
"65","000","00","020","0089","0914","707","285","422","5","712","1633","0","43.60","17.45"
"65","000","00","020","0089","0915","719","303","416","7","726","1590","0","45.66","19.06"
"65","000","00","020","0090","0000","1896","630","1266","11","1907","4710","0","40.49","13.38"
"65","000","00","020","0090","0916","631","205","426","2","633","1574","0","40.22","13.02"
"65","000","00","020","0090","0917","629","211","418","6","635","1628","0","39.00","12.96"
"65","000","00","020","0090","0918","636","214","422","3","639","1508","0","42.37","14.19"
"65","000","00","020","0091","0000","1512","615","897","15","1527","3553","0","42.98","17.31"
"65","000","00","020","0091","0908","774","333","441","12","786","1917","0","41.00","17.37"
"65","000","00","020","0091","0909","738","282","456","3","741","1636","0","45.29","17.24"
"65","000","00","020","0092","0000","971","356","615","13","984","2263","0","43.48","15.73"
"65","000","00","020","0092","0899","517","217","300","8","525","1157","0","45.38","18.76"
"65","000","00","020","0092","0900","454","139","315","5","459","1106","0","41.50","12.57"
"65","000","00","020","0093","0000","3385","1395","1990","37","3422","7625","0","44.88","18.30"
"65","000","00","020","0093","0922","553","222","331","6","559","1166","0","47.94","19.04"
"65","000","00","020","0093","0923","715","284","431","13","728","1543","0","47.18","18.41"
"65","000","00","020","0093","0924","684","292","392","4","688","1585","0","43.41","18.42"
"65","000","00","020","0093","0925","675","286","389","5","680","1598","0","42.55","17.90"
"65","000","00","020","0093","0926","758","311","447","9","767","1733","0","44.26","17.95"
"65","000","00","020","0094","0000","1618","648","970","16","1634","3940","0","41.47","16.45"
"65","000","00","020","0094","0927","529","196","333","7","536","1289","0","41.58","15.21"
"65","000","00","020","0094","0928","553","222","331","5","558","1371","0","40.70","16.19"
"65","000","00","020","0094","0929","536","230","306","4","540","1280","0","42.19","17.97"
"65","000","00","020","0095","0000","1604","653","951","21","1625","3874","0","41.95","16.86"
"65","000","00","020","0095","0930","529","220","309","7","536","1267","0","42.30","17.36"
"65","000","00","020","0095","0931","562","225","337","6","568","1281","0","44.34","17.56"
"65","000","00","020","0095","0932","513","208","305","8","521","1326","0","39.29","15.69"
"65","000","00","020","0096","0000","1352","551","801","10","1362","3407","0","39.98","16.17"
"65","000","00","020","0096","0933","430","166","264","4","434","1035","0","41.93","16.04"
"65","000","00","020","0096","0934","348","136","212","1","349","986","0","35.40","13.79"
"65","000","00","020","0096","0935","574","249","325","5","579","1386","0","41.77","17.97"
"65","000","00","020","0097","0000","1019","437","582","9","1028","2802","0","36.69","15.60"
"65","000","00","020","0097","0936","525","228","297","7","532","1500","0","35.47","15.20"
"65","000","00","020","0097","0937","494","209","285","2","496","1302","0","38.10","16.05"
"65","000","00","020","0098","0000","863","314","549","6","869","1998","0","43.49","15.72"
"65","000","00","020","0098","0938","356","133","223","5","361","821","0","43.97","16.20"
"65","000","00","020","0098","0939","507","181","326","1","508","1177","0","43.16","15.38"
"65","000","00","020","0099","0000","931","375","556","12","943","2046","0","46.09","18.33"
"65","000","00","020","0099","0940","502","191","311","8","510","1032","0","49.42","18.51"
"65","000","00","020","0099","0941","429","184","245","4","433","1014","0","42.70","18.15"
"65","000","00","020","0100","0000","906","316","590","10","916","2029","0","45.15","15.57"
"65","000","00","020","0100","0942","406","133","273","5","411","933","0","44.05","14.26"
"65","000","00","020","0100","0943","500","183","317","5","505","1096","0","46.08","16.70"
"65","000","00","020","0101","0000","1384","540","844","18","1402","3070","0","45.67","17.59"
"65","000","00","020","0101","0944","628","259","369","7","635","1451","0","43.76","17.85"
"65","000","00","020","0101","0945","756","281","475","11","767","1619","0","47.37","17.36"
"65","000","00","020","0102","0000","930","361","569","7","937","2229","0","42.04","16.20"
"65","000","00","020","0102","0946","436","159","277","2","438","1050","0","41.71","15.14"
"65","000","00","020","0102","0947","494","202","292","5","499","1179","0","42.32","17.13"
"65","000","00","020","0103","0000","1823","724","1099","22","1845","4356","0","42.36","16.62"
"65","000","00","020","0103","0948","528","207","321","6","534","1287","0","41.49","16.08"
"65","000","00","020","0103","0949","634","238","396","7","641","1507","0","42.53","15.79"
"65","000","00","020","0103","0950","661","279","382","9","670","1562","0","42.89","17.86"
"65","000","00","020","0104","0000","1931","734","1197","12","1943","4540","0","42.80","16.17"
"65","000","00","020","0104","0958","560","221","339","2","562","1334","0","42.13","16.57"
"65","000","00","020","0104","0959","651","230","421","5","656","1653","0","39.69","13.91"
"65","000","00","020","0104","0960","720","283","437","5","725","1553","0","46.68","18.22"
"65","000","00","020","0105","0000","2473","1151","1322","15","2488","5713","0","43.55","20.15"
"65","000","00","020","0105","0953","721","294","427","9","730","1790","0","40.78","16.42"
"65","000","00","020","0105","0954","887","412","475","1","888","1886","0","47.08","21.85"
"65","000","00","020","0105","0955","865","445","420","5","870","2037","0","42.71","21.85"
"65","000","00","020","0106","0000","1146","493","653","12","1158","2882","0","40.18","17.11"
"65","000","00","020","0106","0951","548","230","318","5","553","1373","0","40.28","16.75"
"65","000","00","020","0106","0952","598","263","335","7","605","1509","0","40.09","17.43"
"65","000","00","020","0107","0000","682","263","419","4","686","1839","0","37.30","14.30"
"65","000","00","020","0107","0956","317","116","201","1","318","872","0","36.47","13.30"
"65","000","00","020","0107","0957","365","147","218","3","368","967","0","38.06","15.20"
"65","000","00","020","0108","0000","3115","1457","1658","27","3142","7294","0","43.08","19.98"
"65","000","00","020","0108","0961","444","206","238","8","452","1028","0","43.97","20.04"
"65","000","00","020","0108","0962","494","176","318","5","499","1240","0","40.24","14.19"
"65","000","00","020","0108","0963","564","273","291","7","571","1339","0","42.64","20.39"
"65","000","00","020","0108","0964","712","341","371","6","718","1724","0","41.65","19.78"
"65","000","00","020","0108","0965","901","461","440","1","902","1963","0","45.95","23.48"
"65","000","00","020","0109","0000","820","333","487","5","825","1740","0","47.41","19.14"
"65","000","00","020","0109","0740","416","175","241","1","417","936","0","44.55","18.70"
"65","000","00","020","0109","0741","404","158","246","4","408","804","0","50.75","19.65"
"65","000","00","020","0110","0000","1789","758","1031","18","1807","4013","0","45.03","18.89"
"65","000","00","020","0110","0733","623","224","399","5","628","1344","0","46.73","16.67"
"65","000","00","020","0110","0734","657","351","306","9","666","1389","0","47.95","25.27"
"65","000","00","020","0110","0735","509","183","326","4","513","1280","0","40.08","14.30"
"65","000","00","020","0111","0000","1566","722","844","12","1578","3686","0","42.81","19.59"
"65","000","00","020","0111","0753","790","338","452","6","796","1821","0","43.71","18.56"
"65","000","00","020","0111","0754","776","384","392","6","782","1865","0","41.93","20.59"
"65","000","00","020","0112","0000","1031","436","595","12","1043","2539","0","41.08","17.17"
"65","000","00","020","0112","0906","593","273","320","7","600","1332","0","45.05","20.50"
"65","000","00","020","0112","0907","438","163","275","5","443","1207","0","36.70","13.50"
"65","000","00","020","0113","0000","2243","827","1416","20","2263","5046","0","44.85","16.39"
"65","000","00","020","0113","0901","716","286","430","3","719","1748","0","41.13","16.36"
"65","000","00","020","0113","0902","635","231","404","7","642","1520","0","42.24","15.20"
"65","000","00","020","0113","0903","892","310","582","10","902","1778","0","50.73","17.44"
"65","000","00","020","0114","0000","1661","624","1037","16","1677","4437","0","37.80","14.06"
"65","000","00","020","0114","0919","528","201","327","7","535","1355","0","39.48","14.83"
"65","000","00","020","0114","0920","589","229","360","7","596","1620","0","36.79","14.14"
"65","000","00","020","0114","0921","544","194","350","2","546","1462","0","37.35","13.27"
"65","000","00","020","0115","0000","2056","786","1270","29","2085","5061","0","41.20","15.53"
"65","000","00","020","0115","0910","628","245","383","10","638","1589","0","40.15","15.42"
"65","000","00","020","0115","0911","723","287","436","10","733","1744","0","42.03","16.46"
"65","000","00","020","0115","0912","705","254","451","9","714","1728","0","41.32","14.70"
"65","000","00","020","0116","0000","1346","549","797","13","1359","2994","0","45.39","18.34"
"65","000","00","020","0116","0894","617","256","361","5","622","1325","0","46.94","19.32"
"65","000","00","020","0116","0895","729","293","436","8","737","1669","0","44.16","17.56"
"65","000","00","020","0117","0000","1358","537","821","8","1366","3293","0","41.48","16.31"
"65","000","00","020","0117","0966","658","235","423","6","664","1597","0","41.58","14.72"
"65","000","00","020","0117","0967","700","302","398","2","702","1696","0","41.39","17.81"
"65","000","00","020","0118","0000","1684","708","976","18","1702","3764","0","45.22","18.81"
"65","000","00","020","0118","0968","492","171","321","6","498","1063","0","46.85","16.09"
"65","000","00","020","0118","0969","612","249","363","12","624","1337","0","46.67","18.62"
"65","000","00","020","0118","0970","580","288","292","0","580","1364","0","42.52","21.11"
"65","000","00","020","0119","0000","1346","544","802","10","1356","3524","0","38.48","15.44"
"65","000","00","020","0119","0971","328","118","210","1","329","862","0","38.17","13.69"
"65","000","00","020","0119","0972","578","247","331","6","584","1521","0","38.40","16.24"
"65","000","00","020","0119","0973","440","179","261","3","443","1141","0","38.83","15.69"
"65","000","00","030","0000","0000","161674","92447","69227","1702","163376","355238","408654","45.99","26.02"
"65","000","00","030","0001","0000","2690","1388","1302","23","2713","6550","0","41.42","21.19"
"65","000","00","030","0001","1324","743","331","412","4","747","1906","0","39.19","17.37"
"65","000","00","030","0001","1325","680","391","289","6","686","1627","0","42.16","24.03"
"65","000","00","030","0001","1326","506","245","261","2","508","1165","0","43.61","21.03"
"65","000","00","030","0001","1327","761","421","340","11","772","1852","0","41.68","22.73"
"65","000","00","030","0002","0000","3634","2001","1633","32","3666","7974","0","45.97","25.09"
"65","000","00","030","0002","1376","658","285","373","6","664","1660","0","40.00","17.17"
"65","000","00","030","0002","1377","803","402","401","8","811","1796","0","45.16","22.38"
"65","000","00","030","0002","1378","561","331","230","3","564","1304","0","43.25","25.38"
"65","000","00","030","0002","1379","896","545","351","8","904","1889","0","47.86","28.85"
"65","000","00","030","0002","1380","716","438","278","7","723","1325","0","54.57","33.06"
"65","000","00","030","0003","0000","1701","846","855","22","1723","3796","0","45.39","22.29"
"65","000","00","030","0003","1381","559","255","304","7","566","1146","0","49.39","22.25"
"65","000","00","030","0003","1382","524","281","243","5","529","1242","0","42.59","22.62"
"65","000","00","030","0003","1383","618","310","308","10","628","1408","0","44.60","22.02"
"65","000","00","030","0004","0000","1404","743","661","14","1418","3469","0","40.88","21.42"
"65","000","00","030","0004","1384","456","258","198","5","461","1181","0","39.03","21.85"
"65","000","00","030","0004","1385","401","201","200","3","404","1003","0","40.28","20.04"
"65","000","00","030","0004","1386","547","284","263","6","553","1285","0","43.04","22.10"
"65","000","00","030","0005","0000","1354","687","667","13","1367","3452","0","39.60","19.90"
"65","000","00","030","0005","1387","690","355","335","7","697","1732","0","40.24","20.50"
"65","000","00","030","0005","1388","664","332","332","6","670","1720","0","38.95","19.30"
"65","000","00","030","0006","0000","1551","984","567","17","1568","3096","0","50.65","31.78"
"65","000","00","030","0006","1389","454","351","103","7","461","816","0","56.50","43.01"
"65","000","00","030","0006","1390","486","313","173","7","493","959","0","51.41","32.64"
"65","000","00","030","0006","1391","611","320","291","3","614","1321","0","46.48","24.22"
"65","000","00","030","0007","0000","1029","679","350","5","1034","2171","0","47.63","31.28"
"65","000","00","030","0007","1328","479","279","200","5","484","994","0","48.69","28.07"
"65","000","00","030","0007","1329","550","400","150","0","550","1177","0","46.73","33.98"
"65","000","00","030","0008","0000","2717","1639","1078","22","2739","5682","0","48.20","28.85"
"65","000","00","030","0008","1330","795","464","331","9","804","1659","0","48.46","27.97"
"65","000","00","030","0008","1331","579","421","158","7","586","1087","0","53.91","38.73"
"65","000","00","030","0008","1332","755","395","360","2","757","1672","0","45.28","23.62"
"65","000","00","030","0008","1333","588","359","229","4","592","1264","0","46.84","28.40"
"65","000","00","030","0009","0000","2524","1370","1154","22","2546","5265","0","48.36","26.02"
"65","000","00","030","0009","1334","930","531","399","7","937","1894","0","49.47","28.04"
"65","000","00","030","0009","1335","760","399","361","4","764","1629","0","46.90","24.49"
"65","000","00","030","0009","1336","834","440","394","11","845","1742","0","48.51","25.26"
"65","000","00","030","0010","0000","1513","799","714","10","1523","3312","0","45.98","24.12"
"65","000","00","030","0010","1342","822","418","404","5","827","1733","0","47.72","24.12"
"65","000","00","030","0010","1343","691","381","310","5","696","1579","0","44.08","24.13"
"65","000","00","030","0011","0000","1572","863","709","10","1582","3410","0","46.39","25.31"
"65","000","00","030","0011","1344","905","499","406","10","915","1936","0","47.26","25.77"
"65","000","00","030","0011","1345","667","364","303","0","667","1474","0","45.25","24.69"
"65","000","00","030","0012","0000","1796","947","849","17","1813","3887","0","46.64","24.36"
"65","000","00","030","0012","1346","576","276","300","5","581","1234","0","47.08","22.37"
"65","000","00","030","0012","1347","557","315","242","6","563","1224","0","46.00","25.74"
"65","000","00","030","0012","1348","663","356","307","6","669","1429","0","46.82","24.91"
"65","000","00","030","0013","0000","1680","865","815","21","1701","3709","0","45.86","23.32"
"65","000","00","030","0013","1349","836","470","366","15","851","1918","0","44.37","24.50"
"65","000","00","030","0013","1350","844","395","449","6","850","1791","0","47.46","22.05"
"65","000","00","030","0014","0000","1785","950","835","19","1804","3832","0","47.08","24.79"
"65","000","00","030","0014","1351","533","297","236","6","539","1144","0","47.12","25.96"
"65","000","00","030","0014","1352","627","335","292","7","634","1371","0","46.24","24.43"
"65","000","00","030","0014","1353","625","318","307","6","631","1317","0","47.91","24.15"
"65","000","00","030","0015","0000","1872","1027","845","18","1890","3903","0","48.42","26.31"
"65","000","00","030","0015","1354","718","460","258","5","723","1368","0","52.85","33.63"
"65","000","00","030","0015","1355","589","309","280","2","591","1286","0","45.96","24.03"
"65","000","00","030","0015","1356","565","258","307","11","576","1249","0","46.12","20.66"
"65","000","00","030","0016","0000","2125","1088","1037","23","2148","4460","0","48.16","24.39"
"65","000","00","030","0016","1357","639","319","320","6","645","1356","0","47.57","23.53"
"65","000","00","030","0016","1358","589","326","263","3","592","1266","0","46.76","25.75"
"65","000","00","030","0016","1359","897","443","454","14","911","1838","0","49.56","24.10"
"65","000","00","030","0017","0000","2071","1078","993","19","2090","4916","0","42.51","21.93"
"65","000","00","030","0017","1360","692","334","358","7","699","1767","0","39.56","18.90"
"65","000","00","030","0017","1361","711","415","296","6","717","1655","0","43.32","25.08"
"65","000","00","030","0017","1362","668","329","339","6","674","1494","0","45.11","22.02"
"65","000","00","030","0018","0000","1488","801","687","15","1503","3253","0","46.20","24.62"
"65","000","00","030","0018","1363","437","241","196","2","439","974","0","45.07","24.74"
"65","000","00","030","0018","1364","520","258","262","10","530","1123","0","47.20","22.97"
"65","000","00","030","0018","1365","531","302","229","3","534","1156","0","46.19","26.12"
"65","000","00","030","0019","0000","2080","1164","916","37","2117","4420","0","47.90","26.33"
"65","000","00","030","0019","1366","782","450","332","16","798","1761","0","45.32","25.55"
"65","000","00","030","0019","1367","810","428","382","16","826","1554","0","53.15","27.54"
"65","000","00","030","0019","1368","488","286","202","5","493","1105","0","44.62","25.88"
"65","000","00","030","0020","0000","1678","1057","621","21","1699","3265","0","52.04","32.37"
"65","000","00","030","0020","1534","704","417","287","9","713","1463","0","48.74","28.50"
"65","000","00","030","0020","1535","457","283","174","6","463","839","0","55.18","33.73"
"65","000","00","030","0020","1536","517","357","160","6","523","963","0","54.31","37.07"
"65","000","00","030","0021","0000","1407","811","596","10","1417","2767","0","51.21","29.31"
"65","000","00","030","0021","1537","656","356","300","6","662","1337","0","49.51","26.63"
"65","000","00","030","0021","1538","751","455","296","4","755","1430","0","52.80","31.82"
"65","000","00","030","0022","0000","2688","1751","937","40","2728","5289","0","51.58","33.11"
"65","000","00","030","0022","1542","937","607","330","19","956","1844","0","51.84","32.92"
"65","000","00","030","0022","1543","876","573","303","11","887","1796","0","49.39","31.90"
"65","000","00","030","0022","1544","875","571","304","10","885","1649","0","53.67","34.63"
"65","000","00","030","0023","0000","2086","1337","749","12","2098","3903","0","53.75","34.26"
"65","000","00","030","0023","1545","707","452","255","6","713","1335","0","53.41","33.86"
"65","000","00","030","0023","1546","628","418","210","3","631","1230","0","51.30","33.98"
"65","000","00","030","0023","1547","751","467","284","3","754","1338","0","56.35","34.90"
"65","000","00","030","0024","0000","1467","841","626","17","1484","3171","0","46.80","26.52"
"65","000","00","030","0024","1548","573","325","248","6","579","1159","0","49.96","28.04"
"65","000","00","030","0024","1549","328","209","119","5","333","811","0","41.06","25.77"
"65","000","00","030","0024","1550","566","307","259","6","572","1201","0","47.63","25.56"
"65","000","00","030","0025","0000","3299","1950","1349","32","3331","7115","0","46.82","27.41"
"65","000","00","030","0025","1369","828","477","351","7","835","1768","0","47.23","26.98"
"65","000","00","030","0025","1370","895","506","389","12","907","1899","0","47.76","26.65"
"65","000","00","030","0025","1371","735","446","289","6","741","1633","0","45.38","27.31"
"65","000","00","030","0025","1372","841","521","320","7","848","1815","0","46.72","28.71"
"65","000","00","030","0026","0000","2149","1272","877","22","2171","4499","0","48.26","28.27"
"65","000","00","030","0026","1373","696","403","293","8","704","1494","0","47.12","26.97"
"65","000","00","030","0026","1374","535","301","234","6","541","1184","0","45.69","25.42"
"65","000","00","030","0026","1375","918","568","350","8","926","1821","0","50.85","31.19"
"65","000","00","030","0027","0000","1855","1136","719","18","1873","4018","0","46.62","28.27"
"65","000","00","030","0027","1551","607","378","229","5","612","1308","0","46.79","28.90"
"65","000","00","030","0027","1552","583","338","245","7","590","1346","0","43.83","25.11"
"65","000","00","030","0027","1553","665","420","245","6","671","1364","0","49.19","30.79"
"65","000","00","030","0028","0000","1438","844","594","13","1451","3062","0","47.39","27.56"
"65","000","00","030","0028","1554","700","387","313","7","707","1456","0","48.56","26.58"
"65","000","00","030","0028","1555","738","457","281","6","744","1606","0","46.33","28.46"
"65","000","00","030","0029","0000","2066","1213","853","17","2083","4298","0","48.46","28.22"
"65","000","00","030","0029","1558","683","395","288","9","692","1501","0","46.10","26.32"
"65","000","00","030","0029","1559","611","358","253","1","612","1280","0","47.81","27.97"
"65","000","00","030","0029","1560","772","460","312","7","779","1517","0","51.35","30.32"
"65","000","00","030","0030","0000","2775","1775","1000","23","2798","5620","0","49.79","31.58"
"65","000","00","030","0030","1561","848","552","296","8","856","1667","0","51.35","33.11"
"65","000","00","030","0030","1562","871","565","306","5","876","1914","0","45.77","29.52"
"65","000","00","030","0030","1563","423","252","171","5","428","887","0","48.25","28.41"
"65","000","00","030","0030","1564","633","406","227","5","638","1152","0","55.38","35.24"
"65","000","00","030","0031","0000","2121","1447","674","21","2142","4436","0","48.29","32.62"
"65","000","00","030","0031","1565","744","531","213","7","751","1473","0","50.98","36.05"
"65","000","00","030","0031","1566","695","482","213","5","700","1543","0","45.37","31.24"
"65","000","00","030","0031","1567","682","434","248","9","691","1420","0","48.66","30.56"
"65","000","00","030","0032","0000","2029","1289","740","23","2052","4318","0","47.52","29.85"
"65","000","00","030","0032","1568","533","361","172","11","544","1116","0","48.75","32.35"
"65","000","00","030","0032","1569","785","480","305","8","793","1668","0","47.54","28.78"
"65","000","00","030","0032","1570","711","448","263","4","715","1534","0","46.61","29.20"
"65","000","00","030","0033","0000","1299","793","506","18","1317","2931","0","44.93","27.06"
"65","000","00","030","0033","1576","638","375","263","12","650","1467","0","44.31","25.56"
"65","000","00","030","0033","1577","661","418","243","6","667","1464","0","45.56","28.55"
"65","000","00","030","0034","0000","1251","811","440","12","1263","2614","0","48.32","31.03"
"65","000","00","030","0034","1399","556","358","198","5","561","1215","0","46.17","29.47"
"65","000","00","030","0034","1400","695","453","242","7","702","1399","0","50.18","32.38"
"65","000","00","030","0035","0000","2726","1750","976","32","2758","6686","0","41.25","26.17"
"65","000","00","030","0035","1401","575","385","190","3","578","1448","0","39.92","26.59"
"65","000","00","030","0035","1402","670","435","235","8","678","1563","0","43.38","27.83"
"65","000","00","030","0035","1403","839","532","307","12","851","1947","0","43.71","27.32"
"65","000","00","030","0035","1404","642","398","244","9","651","1728","0","37.67","23.03"
"65","000","00","030","0036","0000","1792","1352","440","16","1808","3818","0","47.35","35.41"
"65","000","00","030","0036","1405","545","448","97","6","551","1132","0","48.67","39.58"
"65","000","00","030","0036","1406","566","364","202","4","570","1346","0","42.35","27.04"
"65","000","00","030","0036","1407","681","540","141","6","687","1340","0","51.27","40.30"
"65","000","00","030","0037","0000","2006","1309","697","17","2023","4482","0","45.14","29.21"
"65","000","00","030","0037","1408","694","455","239","4","698","1589","0","43.93","28.63"
"65","000","00","030","0037","1409","701","487","214","8","709","1540","0","46.04","31.62"
"65","000","00","030","0037","1410","611","367","244","5","616","1353","0","45.53","27.12"
"65","000","00","030","0038","0000","1713","1106","607","16","1729","4171","0","41.45","26.52"
"65","000","00","030","0038","1411","670","417","253","4","674","1583","0","42.58","26.34"
"65","000","00","030","0038","1412","473","297","176","7","480","1235","0","38.87","24.05"
"65","000","00","030","0038","1413","570","392","178","5","575","1353","0","42.50","28.97"
"65","000","00","030","0039","0000","1896","1241","655","38","1934","3856","0","50.16","32.18"
"65","000","00","030","0039","1414","690","437","253","13","703","1374","0","51.16","31.80"
"65","000","00","030","0039","1415","629","412","217","16","645","1307","0","49.35","31.52"
"65","000","00","030","0039","1416","577","392","185","9","586","1175","0","49.87","33.36"
"65","000","00","030","0040","0000","1236","783","453","22","1258","2778","0","45.28","28.19"
"65","000","00","030","0040","1419","582","370","212","11","593","1303","0","45.51","28.40"
"65","000","00","030","0040","1420","654","413","241","11","665","1475","0","45.08","28.00"
"65","000","00","030","0041","0000","140","63","77","2","142","310","0","45.81","20.32"
"65","000","00","030","0041","1423","140","63","77","2","142","310","0","45.81","20.32"
"65","000","00","030","0042","0000","1894","1166","728","22","1916","4421","0","43.34","26.37"
"65","000","00","030","0042","1424","588","354","234","7","595","1407","0","42.29","25.16"
"65","000","00","030","0042","1425","665","424","241","5","670","1499","0","44.70","28.29"
"65","000","00","030","0042","1426","641","388","253","10","651","1515","0","42.97","25.61"
"65","000","00","030","0043","0000","963","547","416","11","974","2183","0","44.62","25.06"
"65","000","00","030","0043","1427","647","374","273","5","652","1416","0","46.05","26.41"
"65","000","00","030","0043","1428","316","173","143","6","322","767","0","41.98","22.56"
"65","000","00","030","0044","0000","1624","893","731","8","1632","6944","0","23.50","12.86"
"65","000","00","030","0044","1432","602","332","270","5","607","4669","0","13.00","7.11"
"65","000","00","030","0044","1433","488","260","228","0","488","1164","0","41.92","22.34"
"65","000","00","030","0044","1434","534","301","233","3","537","1111","0","48.33","27.09"
"65","000","00","030","0045","0000","2065","1211","854","23","2088","4423","0","47.21","27.38"
"65","000","00","030","0045","1441","778","531","247","8","786","1561","0","50.35","34.02"
"65","000","00","030","0045","1442","693","348","345","8","701","1526","0","45.94","22.80"
"65","000","00","030","0045","1443","594","332","262","7","601","1336","0","44.99","24.85"
"65","000","00","030","0046","0000","1895","1123","772","26","1921","3949","0","48.65","28.44"
"65","000","00","030","0046","1444","535","326","209","11","546","1030","0","53.01","31.65"
"65","000","00","030","0046","1445","779","427","352","9","788","1704","0","46.24","25.06"
"65","000","00","030","0046","1446","581","370","211","6","587","1215","0","48.31","30.45"
"65","000","00","030","0047","0000","2385","1498","887","24","2409","4885","0","49.31","30.67"
"65","000","00","030","0047","1447","554","345","209","9","563","1167","0","48.24","29.56"
"65","000","00","030","0047","1448","830","533","297","4","834","1779","0","46.88","29.96"
"65","000","00","030","0047","1449","554","348","206","5","559","959","0","58.29","36.29"
"65","000","00","030","0047","1450","447","272","175","6","453","980","0","46.22","27.76"
"65","000","00","030","0048","0000","1542","917","625","17","1559","3210","0","48.57","28.57"
"65","000","00","030","0048","1451","753","443","310","9","762","1579","0","48.26","28.06"
"65","000","00","030","0048","1452","789","474","315","8","797","1631","0","48.87","29.06"
"65","000","00","030","0049","0000","2370","1473","897","31","2401","5145","0","46.67","28.63"
"65","000","00","030","0049","1453","881","559","322","13","894","1905","0","46.93","29.34"
"65","000","00","030","0049","1454","731","458","273","9","740","1566","0","47.25","29.25"
"65","000","00","030","0049","1455","758","456","302","9","767","1674","0","45.82","27.24"
"65","000","00","030","0050","0000","2194","1347","847","26","2220","4350","0","51.03","30.97"
"65","000","00","030","0050","1456","445","268","177","4","449","898","0","50.00","29.84"
"65","000","00","030","0050","1457","634","430","204","5","639","1199","0","53.29","35.86"
"65","000","00","030","0050","1458","639","370","269","8","647","1298","0","49.85","28.51"
"65","000","00","030","0050","1459","476","279","197","9","485","955","0","50.79","29.21"
"65","000","00","030","0051","0000","1606","986","620","26","1632","3381","0","48.27","29.16"
"65","000","00","030","0051","1460","938","567","371","7","945","1932","0","48.91","29.35"
"65","000","00","030","0051","1461","668","419","249","19","687","1449","0","47.41","28.92"
"65","000","00","030","0052","0000","2111","1149","962","21","2132","4740","0","44.98","24.24"
"65","000","00","030","0052","1462","720","367","353","7","727","1540","0","47.21","23.83"
"65","000","00","030","0052","1463","627","368","259","7","634","1506","0","42.10","24.44"
"65","000","00","030","0052","1464","764","414","350","7","771","1694","0","45.51","24.44"
"65","000","00","030","0053","0000","950","589","361","8","958","1986","0","48.24","29.66"
"65","000","00","030","0053","1465","470","305","165","6","476","995","0","47.84","30.65"
"65","000","00","030","0053","1466","480","284","196","2","482","991","0","48.64","28.66"
"65","000","00","030","0054","0000","277","119","158","4","281","699","0","40.20","17.02"
"65","000","00","030","0054","1467","277","119","158","4","281","699","0","40.20","17.02"
"65","000","00","030","0055","0000","3436","1807","1629","37","3473","7243","0","47.95","24.95"
"65","000","00","030","0055","1468","639","274","365","3","642","1509","0","42.54","18.16"
"65","000","00","030","0055","1469","550","287","263","5","555","1168","0","47.52","24.57"
"65","000","00","030","0055","1470","569","347","222","7","576","1214","0","47.45","28.58"
"65","000","00","030","0055","1471","533","320","213","4","537","1077","0","49.86","29.71"
"65","000","00","030","0055","1472","318","168","150","3","321","626","0","51.28","26.84"
"65","000","00","030","0055","1473","827","411","416","15","842","1649","0","51.06","24.92"
"65","000","00","030","0056","0000","1083","466","617","5","1088","2221","0","48.99","20.98"
"65","000","00","030","0056","1474","523","229","294","3","526","1072","0","49.07","21.36"
"65","000","00","030","0056","1475","560","237","323","2","562","1149","0","48.91","20.63"
"65","000","00","030","0057","0000","2422","1234","1188","31","2453","5500","0","44.60","22.44"
"65","000","00","030","0057","1476","593","288","305","4","597","1288","0","46.35","22.36"
"65","000","00","030","0057","1477","685","320","365","11","696","1586","0","43.88","20.18"
"65","000","00","030","0057","1478","639","340","299","7","646","1446","0","44.67","23.51"
"65","000","00","030","0057","1479","505","286","219","9","514","1180","0","43.56","24.24"
"65","000","00","030","0058","0000","1110","570","540","11","1121","2534","0","44.24","22.49"
"65","000","00","030","0058","1480","645","346","299","4","649","1501","0","43.24","23.05"
"65","000","00","030","0058","1481","465","224","241","7","472","1033","0","45.69","21.68"
"65","000","00","030","0059","0000","2040","969","1071","20","2060","4552","0","45.25","21.29"
"65","000","00","030","0059","1482","630","307","323","1","631","1472","0","42.87","20.86"
"65","000","00","030","0059","1483","671","296","375","8","679","1531","0","44.35","19.33"
"65","000","00","030","0059","1484","739","366","373","11","750","1549","0","48.42","23.63"
"65","000","00","030","0060","0000","1470","736","734","17","1487","3544","0","41.96","20.77"
"65","000","00","030","0060","1485","694","356","338","9","703","1717","0","40.94","20.73"
"65","000","00","030","0060","1486","776","380","396","8","784","1827","0","42.91","20.80"
"65","000","00","030","0061","0000","1971","969","1002","18","1989","4463","0","44.57","21.71"
"65","000","00","030","0061","1487","641","302","339","8","649","1392","0","46.62","21.70"
"65","000","00","030","0061","1488","674","340","334","6","680","1478","0","46.01","23.00"
"65","000","00","030","0061","1489","656","327","329","4","660","1593","0","41.43","20.53"
"65","000","00","030","0062","0000","1710","799","911","11","1721","4026","0","42.75","19.85"
"65","000","00","030","0062","1490","564","249","315","2","566","1213","0","46.66","20.53"
"65","000","00","030","0062","1491","603","310","293","8","611","1502","0","40.68","20.64"
"65","000","00","030","0062","1492","543","240","303","1","544","1311","0","41.50","18.31"
"65","000","00","030","0063","0000","980","552","428","8","988","2090","0","47.27","26.41"
"65","000","00","030","0063","1493","509","257","252","3","512","1121","0","45.67","22.93"
"65","000","00","030","0063","1494","471","295","176","5","476","969","0","49.12","30.44"
"65","000","00","030","0064","0000","1830","872","958","12","1842","3932","0","46.85","22.18"
"65","000","00","030","0064","1495","617","281","336","3","620","1246","0","49.76","22.55"
"65","000","00","030","0064","1496","586","305","281","6","592","1309","0","45.23","23.30"
"65","000","00","030","0064","1497","627","286","341","3","630","1377","0","45.75","20.77"
"65","000","00","030","0065","0000","1308","643","665","6","1314","2811","0","46.74","22.87"
"65","000","00","030","0065","1498","624","302","322","2","626","1324","0","47.28","22.81"
"65","000","00","030","0065","1499","684","341","343","4","688","1487","0","46.27","22.93"
"65","000","00","030","0066","0000","1861","865","996","11","1872","4374","0","42.80","19.78"
"65","000","00","030","0066","1500","631","313","318","7","638","1485","0","42.96","21.08"
"65","000","00","030","0066","1501","635","260","375","2","637","1525","0","41.77","17.05"
"65","000","00","030","0066","1502","595","292","303","2","597","1364","0","43.77","21.41"
"65","000","00","030","0067","0000","1824","954","870","18","1842","4038","0","45.62","23.63"
"65","000","00","030","0067","1503","628","316","312","5","633","1378","0","45.94","22.93"
"65","000","00","030","0067","1504","593","275","318","5","598","1441","0","41.50","19.08"
"65","000","00","030","0067","1505","603","363","240","8","611","1219","0","50.12","29.78"
"65","000","00","030","0068","0000","1750","872","878","24","1774","3746","0","47.36","23.28"
"65","000","00","030","0068","1506","828","400","428","16","844","1768","0","47.74","22.62"
"65","000","00","030","0068","1507","547","261","286","2","549","1137","0","48.28","22.96"
"65","000","00","030","0068","1508","375","211","164","6","381","841","0","45.30","25.09"
"65","000","00","030","0069","0000","1589","835","754","19","1608","3413","0","47.11","24.47"
"65","000","00","030","0069","1509","698","353","345","8","706","1505","0","46.91","23.46"
"65","000","00","030","0069","1510","891","482","409","11","902","1908","0","47.27","25.26"
"65","000","00","030","0070","0000","1945","1313","632","29","1974","3950","0","49.97","33.24"
"65","000","00","030","0070","1511","651","420","231","6","657","1394","0","47.13","30.13"
"65","000","00","030","0070","1512","553","311","242","12","565","1177","0","48.00","26.42"
"65","000","00","030","0070","1513","741","582","159","11","752","1379","0","54.53","42.20"
"65","000","00","030","0071","0000","1430","670","760","19","1449","3434","0","42.20","19.51"
"65","000","00","030","0071","1514","459","185","274","8","467","1043","0","44.77","17.74"
"65","000","00","030","0071","1515","462","209","253","6","468","1185","0","39.49","17.64"
"65","000","00","030","0071","1516","509","276","233","5","514","1206","0","42.62","22.89"
"65","000","00","030","0072","0000","1467","937","530","15","1482","3329","0","44.52","28.15"
"65","000","00","030","0072","1573","492","301","191","7","499","1122","0","44.47","26.83"
"65","000","00","030","0072","1574","491","304","187","5","496","1152","0","43.06","26.39"
"65","000","00","030","0072","1575","484","332","152","3","487","1055","0","46.16","31.47"
"65","000","00","030","0073","0000","2813","1731","1082","29","2842","5696","0","49.89","30.39"
"65","000","00","030","0073","1339","970","604","366","11","981","1975","0","49.67","30.58"
"65","000","00","030","0073","1340","858","586","272","9","867","1730","0","50.12","33.87"
"65","000","00","030","0073","1341","985","541","444","9","994","1991","0","49.92","27.17"
"65","000","00","030","0074","0000","866","552","314","10","876","1721","0","50.90","32.07"
"65","000","00","030","0074","1533","866","552","314","10","876","1721","0","50.90","32.07"
"65","000","00","030","0075","0000","1975","1225","750","32","2007","3886","0","51.65","31.52"
"65","000","00","030","0075","1539","570","368","202","5","575","1086","0","52.95","33.89"
"65","000","00","030","0075","1540","736","427","309","18","754","1443","0","52.25","29.59"
"65","000","00","030","0075","1541","669","430","239","9","678","1357","0","49.96","31.69"
"65","000","00","030","0076","0000","1196","674","522","9","1205","2405","0","50.10","28.02"
"65","000","00","030","0076","1556","648","343","305","6","654","1325","0","49.36","25.89"
"65","000","00","030","0076","1557","548","331","217","3","551","1080","0","51.02","30.65"
"65","000","00","030","0077","0000","1011","664","347","9","1020","2226","0","45.82","29.83"
"65","000","00","030","0077","1571","447","329","118","5","452","1062","0","42.56","30.98"
"65","000","00","030","0077","1572","564","335","229","4","568","1164","0","48.80","28.78"
"65","000","00","030","0078","0000","1241","778","463","28","1269","2756","0","46.04","28.23"
"65","000","00","030","0078","1417","623","361","262","14","637","1417","0","44.95","25.48"
"65","000","00","030","0078","1418","618","417","201","14","632","1339","0","47.20","31.14"
"65","000","00","030","0079","0000","937","557","380","10","947","1883","0","50.29","29.58"
"65","000","00","030","0079","1421","418","248","170","6","424","859","0","49.36","28.87"
"65","000","00","030","0079","1422","519","309","210","4","523","1024","0","51.07","30.18"
"65","000","00","030","0080","0000","1674","1093","581","20","1694","3773","0","44.90","28.97"
"65","000","00","030","0080","1429","628","400","228","4","632","1367","0","46.23","29.26"
"65","000","00","030","0080","1430","589","397","192","8","597","1399","0","42.67","28.38"
"65","000","00","030","0080","1431","457","296","161","8","465","1007","0","46.18","29.39"
"65","000","00","030","0081","0000","2646","1594","1052","23","2669","5825","0","45.82","27.36"
"65","000","00","030","0081","1435","657","382","275","7","664","1461","0","45.45","26.15"
"65","000","00","030","0081","1436","671","435","236","8","679","1506","0","45.09","28.88"
"65","000","00","030","0081","1437","625","358","267","4","629","1436","0","43.80","24.93"
"65","000","00","030","0081","1438","693","419","274","4","697","1422","0","49.02","29.47"
"65","000","00","030","0082","0000","1193","755","438","5","1198","2623","0","45.67","28.78"
"65","000","00","030","0082","1439","639","412","227","2","641","1345","0","47.66","30.63"
"65","000","00","030","0082","1440","554","343","211","3","557","1278","0","43.58","26.84"
"65","000","00","030","0083","0000","998","476","522","10","1008","2395","0","42.09","19.87"
"65","000","00","030","0083","1392","442","190","252","7","449","1007","0","44.59","18.87"
"65","000","00","030","0083","1393","556","286","270","3","559","1388","0","40.27","20.61"
"65","000","00","030","0084","0000","2039","1099","940","22","2061","4326","0","47.64","25.40"
"65","000","00","030","0084","1394","654","341","313","9","663","1428","0","46.43","23.88"
"65","000","00","030","0084","1395","619","279","340","4","623","1216","0","51.23","22.94"
"65","000","00","030","0084","1396","766","479","287","9","775","1682","0","46.08","28.48"
"65","000","00","030","0085","0000","1552","807","745","19","1571","3643","0","43.12","22.15"
"65","000","00","030","0085","1517","555","310","245","8","563","1304","0","43.17","23.77"
"65","000","00","030","0085","1518","422","215","207","4","426","1032","0","41.28","20.83"
"65","000","00","030","0085","1519","575","282","293","7","582","1307","0","44.53","21.58"
"65","000","00","030","0086","0000","1485","711","774","18","1503","3432","0","43.79","20.72"
"65","000","00","030","0086","1520","756","358","398","8","764","1751","0","43.63","20.45"
"65","000","00","030","0086","1521","729","353","376","10","739","1681","0","43.96","21.00"
"65","000","00","030","0087","0000","1172","605","567","12","1184","2486","0","47.63","24.34"
"65","000","00","030","0087","1522","573","297","276","3","576","1178","0","48.90","25.21"
"65","000","00","030","0087","1523","599","308","291","9","608","1308","0","46.48","23.55"
"65","000","00","030","0088","0000","1349","650","699","22","1371","3236","0","42.37","20.09"
"65","000","00","030","0088","1524","621","299","322","11","632","1443","0","43.80","20.72"
"65","000","00","030","0088","1525","728","351","377","11","739","1793","0","41.22","19.58"
"65","000","00","030","0089","0000","1505","708","797","11","1516","3862","0","39.25","18.33"
"65","000","00","030","0089","1526","440","207","233","1","441","1199","0","36.78","17.26"
"65","000","00","030","0089","1527","525","245","280","8","533","1339","0","39.81","18.30"
"65","000","00","030","0089","1528","540","256","284","2","542","1324","0","40.94","19.34"
"65","000","00","030","0090","0000","1451","698","753","18","1469","2946","0","49.86","23.69"
"65","000","00","030","0090","1529","737","320","417","11","748","1578","0","47.40","20.28"
"65","000","00","030","0090","1530","714","378","336","7","721","1368","0","52.70","27.63"
"65","000","00","030","0091","0000","1314","638","676","15","1329","2987","0","44.49","21.36"
"65","000","00","030","0091","1531","541","255","286","8","549","1233","0","44.53","20.68"
"65","000","00","030","0091","1532","773","383","390","7","780","1754","0","44.47","21.84"
"65","000","00","030","0092","0000","1280","836","444","18","1298","3087","0","42.05","27.08"
"65","000","00","030","0092","1397","667","449","218","8","675","1642","0","41.11","27.34"
"65","000","00","030","0092","1398","613","387","226","10","623","1445","0","43.11","26.78"
"65","000","00","030","0093","0000","1172","665","507","3","1175","2564","0","45.83","25.94"
"65","000","00","030","0093","1337","554","283","271","1","555","1190","0","46.64","23.78"
"65","000","00","030","0093","1338","618","382","236","2","620","1374","0","45.12","27.80"
"65","000","00","040","0000","0000","88944","54180","34764","849","89793","186020","217795","48.27","29.13"
"65","000","00","040","0001","0000","1366","819","547","13","1379","2917","0","47.27","28.08"
"65","000","00","040","0001","1588","695","397","298","9","704","1488","0","47.31","26.68"
"65","000","00","040","0001","1589","671","422","249","4","675","1429","0","47.24","29.53"
"65","000","00","040","0002","0000","1188","722","466","12","1200","2476","0","48.47","29.16"
"65","000","00","040","0002","1706","581","342","239","1","582","1187","0","49.03","28.81"
"65","000","00","040","0002","1707","607","380","227","11","618","1289","0","47.94","29.48"
"65","000","00","040","0003","0000","1563","1002","561","13","1576","4502","0","35.01","22.26"
"65","000","00","040","0003","1597","775","502","273","7","782","1554","0","50.32","32.30"
"65","000","00","040","0003","1598","788","500","288","6","794","2948","0","26.93","16.96"
"65","000","00","040","0004","0000","1337","836","501","14","1351","2581","0","52.34","32.39"
"65","000","00","040","0004","1599","602","376","226","4","606","1196","0","50.67","31.44"
"65","000","00","040","0004","1600","735","460","275","10","745","1385","0","53.79","33.21"
"65","000","00","040","0005","0000","1226","730","496","14","1240","2419","0","51.26","30.18"
"65","000","00","040","0005","1704","630","380","250","5","635","1192","0","53.27","31.88"
"65","000","00","040","0005","1705","596","350","246","9","605","1227","0","49.31","28.52"
"65","000","00","040","0006","0000","1472","862","610","15","1487","2938","0","50.61","29.34"
"65","000","00","040","0006","1607","778","461","317","5","783","1501","0","52.17","30.71"
"65","000","00","040","0006","1608","694","401","293","10","704","1437","0","48.99","27.91"
"65","000","00","040","0007","0000","1240","745","495","9","1249","2396","0","52.13","31.09"
"65","000","00","040","0007","1609","652","402","250","4","656","1231","0","53.29","32.66"
"65","000","00","040","0007","1610","588","343","245","5","593","1165","0","50.90","29.44"
"65","000","00","040","0008","0000","1066","676","390","7","1073","2525","0","42.50","26.77"
"65","000","00","040","0008","1645","528","347","181","5","533","1230","0","43.33","28.21"
"65","000","00","040","0008","1646","538","329","209","2","540","1295","0","41.70","25.41"
"65","000","00","040","0009","0000","409","322","87","7","416","876","0","47.49","36.76"
"65","000","00","040","0009","1702","409","322","87","7","416","876","0","47.49","36.76"
"65","000","00","040","0010","0000","347","273","74","5","352","704","0","50.00","38.78"
"65","000","00","040","0010","1703","347","273","74","5","352","704","0","50.00","38.78"
"65","000","00","040","0011","0000","1976","1192","784","22","1998","4085","0","48.91","29.18"
"65","000","00","040","0011","1616","727","446","281","12","739","1460","0","50.62","30.55"
"65","000","00","040","0011","1617","641","384","257","4","645","1244","0","51.85","30.87"
"65","000","00","040","0011","1618","608","362","246","6","614","1381","0","44.46","26.21"
"65","000","00","040","0012","0000","1712","916","796","9","1721","3437","0","50.07","26.65"
"65","000","00","040","0012","1629","860","442","418","7","867","1708","0","50.76","25.88"
"65","000","00","040","0012","1630","852","474","378","2","854","1729","0","49.39","27.41"
"65","000","00","040","0013","0000","3044","1775","1269","34","3078","6137","0","50.15","28.92"
"65","000","00","040","0013","1686","739","364","375","12","751","1585","0","47.38","22.97"
"65","000","00","040","0013","1687","777","478","299","8","785","1539","0","51.01","31.06"
"65","000","00","040","0013","1688","791","475","316","3","794","1494","0","53.15","31.79"
"65","000","00","040","0013","1689","737","458","279","11","748","1519","0","49.24","30.15"
"65","000","00","040","0014","0000","2122","1186","936","17","2139","4473","0","47.82","26.51"
"65","000","00","040","0014","1683","743","431","312","7","750","1518","0","49.41","28.39"
"65","000","00","040","0014","1684","701","394","307","7","708","1477","0","47.94","26.68"
"65","000","00","040","0014","1685","678","361","317","3","681","1478","0","46.08","24.42"
"65","000","00","040","0015","0000","1878","1151","727","9","1887","3634","0","51.93","31.67"
"65","000","00","040","0015","1661","640","384","256","5","645","1213","0","53.17","31.66"
"65","000","00","040","0015","1662","548","326","222","1","549","1102","0","49.82","29.58"
"65","000","00","040","0015","1663","690","441","249","3","693","1319","0","52.54","33.43"
"65","000","00","040","0016","0000","1935","1206","729","20","1955","3986","0","49.05","30.26"
"65","000","00","040","0016","1622","631","414","217","6","637","1279","0","49.80","32.37"
"65","000","00","040","0016","1623","658","392","266","8","666","1308","0","50.92","29.97"
"65","000","00","040","0016","1624","646","400","246","6","652","1399","0","46.60","28.59"
"65","000","00","040","0017","0000","1837","1121","716","13","1850","3852","0","48.03","29.10"
"65","000","00","040","0017","1619","648","398","250","6","654","1325","0","49.36","30.04"
"65","000","00","040","0017","1620","710","452","258","4","714","1462","0","48.84","30.92"
"65","000","00","040","0017","1621","479","271","208","3","482","1065","0","45.26","25.45"
"65","000","00","040","0018","0000","1310","797","513","14","1324","2760","0","47.97","28.88"
"65","000","00","040","0018","1591","602","364","238","5","607","1248","0","48.64","29.17"
"65","000","00","040","0018","1592","708","433","275","9","717","1512","0","47.42","28.64"
"65","000","00","040","0019","0000","489","233","256","6","495","1091","0","45.37","21.36"
"65","000","00","040","0019","1590","489","233","256","6","495","1091","0","45.37","21.36"
"65","000","00","040","0020","0000","1521","862","659","13","1534","3358","0","45.68","25.67"
"65","000","00","040","0020","1625","764","473","291","6","770","1653","0","46.58","28.61"
"65","000","00","040","0020","1626","757","389","368","7","764","1705","0","44.81","22.82"
"65","000","00","040","0021","0000","1202","687","515","7","1209","2545","0","47.50","26.99"
"65","000","00","040","0021","1627","593","325","268","2","595","1259","0","47.26","25.81"
"65","000","00","040","0021","1628","609","362","247","5","614","1286","0","47.74","28.15"
"65","000","00","040","0022","0000","779","438","341","9","788","1702","0","46.30","25.73"
"65","000","00","040","0022","1712","371","223","148","5","376","855","0","43.98","26.08"
"65","000","00","040","0022","1713","408","215","193","4","412","847","0","48.64","25.38"
"65","000","00","040","0023","0000","1487","951","536","25","1512","3222","0","46.93","29.52"
"65","000","00","040","0023","1582","775","497","278","13","788","1691","0","46.60","29.39"
"65","000","00","040","0023","1583","712","454","258","12","724","1531","0","47.29","29.65"
"65","000","00","040","0024","0000","1761","1091","670","18","1779","3413","0","52.12","31.97"
"65","000","00","040","0024","1671","895","583","312","12","907","1726","0","52.55","33.78"
"65","000","00","040","0024","1672","866","508","358","6","872","1687","0","51.69","30.11"
"65","000","00","040","0025","0000","1664","1039","625","17","1681","3354","0","50.12","30.98"
"65","000","00","040","0025","1673","561","341","220","4","565","1124","0","50.27","30.34"
"65","000","00","040","0025","1674","546","337","209","8","554","1124","0","49.29","29.98"
"65","000","00","040","0025","1675","557","361","196","5","562","1106","0","50.81","32.64"
"65","000","00","040","0026","0000","1791","1081","710","13","1804","3469","0","52.00","31.16"
"65","000","00","040","0026","1666","616","387","229","4","620","1158","0","53.54","33.42"
"65","000","00","040","0026","1667","545","344","201","4","549","1137","0","48.28","30.26"
"65","000","00","040","0026","1668","630","350","280","5","635","1174","0","54.09","29.81"
"65","000","00","040","0027","0000","1272","747","525","10","1282","2623","0","48.88","28.48"
"65","000","00","040","0027","1669","612","345","267","5","617","1297","0","47.57","26.60"
"65","000","00","040","0027","1670","660","402","258","5","665","1326","0","50.15","30.32"
"65","000","00","040","0028","0000","1382","875","507","11","1393","2995","0","46.51","29.22"
"65","000","00","040","0028","1716","760","484","276","5","765","1605","0","47.66","30.16"
"65","000","00","040","0028","1717","622","391","231","6","628","1390","0","45.18","28.13"
"65","000","00","040","0029","0000","1122","682","440","12","1134","2205","0","51.43","30.93"
"65","000","00","040","0029","1714","599","374","225","6","605","1216","0","49.75","30.76"
"65","000","00","040","0029","1715","523","308","215","6","529","989","0","53.49","31.14"
"65","000","00","040","0030","0000","1973","1293","680","22","1995","3956","0","50.43","32.68"
"65","000","00","040","0030","1653","674","439","235","11","685","1326","0","51.66","33.11"
"65","000","00","040","0030","1654","626","402","224","4","630","1326","0","47.51","30.32"
"65","000","00","040","0030","1655","673","452","221","7","680","1304","0","52.15","34.66"
"65","000","00","040","0031","0000","2001","1291","710","27","2028","4105","0","49.40","31.45"
"65","000","00","040","0031","1649","474","320","154","5","479","989","0","48.43","32.36"
"65","000","00","040","0031","1650","505","341","164","7","512","997","0","51.35","34.20"
"65","000","00","040","0031","1651","549","353","196","11","560","1118","0","50.09","31.57"
"65","000","00","040","0031","1652","473","277","196","4","477","1001","0","47.65","27.67"
"65","000","00","040","0032","0000","1153","698","455","11","1164","2298","0","50.65","30.37"
"65","000","00","040","0032","1659","581","344","237","7","588","1158","0","50.78","29.71"
"65","000","00","040","0032","1660","572","354","218","4","576","1140","0","50.53","31.05"
"65","000","00","040","0033","0000","2024","1134","890","24","2048","4115","0","49.77","27.56"
"65","000","00","040","0033","1680","616","372","244","6","622","1309","0","47.52","28.42"
"65","000","00","040","0033","1681","688","386","302","7","695","1348","0","51.56","28.64"
"65","000","00","040","0033","1682","720","376","344","11","731","1458","0","50.14","25.79"
"65","000","00","040","0034","0000","1506","877","629","12","1518","3433","0","44.22","25.55"
"65","000","00","040","0034","1638","767","444","323","5","772","1669","0","46.26","26.60"
"65","000","00","040","0034","1639","739","433","306","7","746","1764","0","42.29","24.55"
"65","000","00","040","0035","0000","2055","1315","740","17","2072","4047","0","51.20","32.49"
"65","000","00","040","0035","1642","663","431","232","6","669","1297","0","51.58","33.23"
"65","000","00","040","0035","1643","753","492","261","8","761","1430","0","53.22","34.41"
"65","000","00","040","0035","1644","639","392","247","3","642","1320","0","48.64","29.70"
"65","000","00","040","0036","0000","712","447","265","6","718","1527","0","47.02","29.27"
"65","000","00","040","0036","1578","712","447","265","6","718","1527","0","47.02","29.27"
"65","000","00","040","0037","0000","1037","649","388","11","1048","2119","0","49.46","30.63"
"65","000","00","040","0037","1580","506","317","189","8","514","1041","0","49.38","30.45"
"65","000","00","040","0037","1581","531","332","199","3","534","1078","0","49.54","30.80"
"65","000","00","040","0038","0000","2202","1394","808","17","2219","4495","0","49.37","31.01"
"65","000","00","040","0038","1601","739","453","286","6","745","1473","0","50.58","30.75"
"65","000","00","040","0038","1602","682","452","230","4","686","1437","0","47.74","31.45"
"65","000","00","040","0038","1603","781","489","292","7","788","1585","0","49.72","30.85"
"65","000","00","040","0039","0000","1933","1247","686","23","1956","3718","0","52.61","33.54"
"65","000","00","040","0039","1604","677","429","248","8","685","1293","0","52.98","33.18"
"65","000","00","040","0039","1605","635","428","207","5","640","1201","0","53.29","35.64"
"65","000","00","040","0039","1606","621","390","231","10","631","1224","0","51.55","31.86"
"65","000","00","040","0040","0000","1220","748","472","15","1235","2845","0","43.41","26.29"
"65","000","00","040","0040","1647","618","385","233","5","623","1470","0","42.38","26.19"
"65","000","00","040","0040","1648","602","363","239","10","612","1375","0","44.51","26.40"
"65","000","00","040","0041","0000","385","278","107","3","388","809","0","47.96","34.36"
"65","000","00","040","0041","1701","385","278","107","3","388","809","0","47.96","34.36"
"65","000","00","040","0042","0000","442","329","113","4","446","907","0","49.17","36.27"
"65","000","00","040","0042","1700","442","329","113","4","446","907","0","49.17","36.27"
"65","000","00","040","0043","0000","911","560","351","6","917","1894","0","48.42","29.57"
"65","000","00","040","0043","1676","911","560","351","6","917","1894","0","48.42","29.57"
"65","000","00","040","0044","0000","1937","1162","775","22","1959","4232","0","46.29","27.46"
"65","000","00","040","0044","1677","708","405","303","5","713","1472","0","48.44","27.51"
"65","000","00","040","0044","1678","597","354","243","8","605","1293","0","46.79","27.38"
"65","000","00","040","0044","1679","632","403","229","9","641","1467","0","43.69","27.47"
"65","000","00","040","0045","0000","1012","620","392","11","1023","1996","0","51.25","31.06"
"65","000","00","040","0045","1718","532","321","211","6","538","1030","0","52.23","31.17"
"65","000","00","040","0045","1719","480","299","181","5","485","966","0","50.21","30.95"
"65","000","00","040","0046","0000","1913","1127","786","18","1931","3972","0","48.62","28.37"
"65","000","00","040","0046","1697","640","370","270","8","648","1347","0","48.11","27.47"
"65","000","00","040","0046","1698","614","356","258","7","621","1339","0","46.38","26.59"
"65","000","00","040","0046","1699","659","401","258","3","662","1286","0","51.48","31.18"
"65","000","00","040","0047","0000","2100","1264","836","17","2117","4293","0","49.31","29.44"
"65","000","00","040","0047","1613","761","449","312","6","767","1595","0","48.09","28.15"
"65","000","00","040","0047","1614","603","369","234","6","609","1193","0","51.05","30.93"
"65","000","00","040","0047","1615","736","446","290","5","741","1505","0","49.24","29.63"
"65","000","00","040","0048","0000","1324","774","550","10","1334","2797","0","47.69","27.67"
"65","000","00","040","0048","1611","622","375","247","7","629","1365","0","46.08","27.47"
"65","000","00","040","0048","1612","702","399","303","3","705","1432","0","49.23","27.86"
"65","000","00","040","0049","0000","1610","957","653","10","1620","3428","0","47.26","27.92"
"65","000","00","040","0049","1635","499","301","198","2","501","1082","0","46.30","27.82"
"65","000","00","040","0049","1636","535","313","222","4","539","1133","0","47.57","27.63"
"65","000","00","040","0049","1637","576","343","233","4","580","1213","0","47.82","28.28"
"65","000","00","040","0050","0000","1075","659","416","10","1085","2304","0","47.09","28.60"
"65","000","00","040","0050","1631","611","385","226","4","615","1240","0","49.60","31.05"
"65","000","00","040","0050","1632","464","274","190","6","470","1064","0","44.17","25.75"
"65","000","00","040","0051","0000","1511","999","512","23","1534","3036","0","50.53","32.91"
"65","000","00","040","0051","1586","768","499","269","9","777","1504","0","51.66","33.18"
"65","000","00","040","0051","1587","743","500","243","14","757","1532","0","49.41","32.64"
"65","000","00","040","0052","0000","467","305","162","2","469","1031","0","45.49","29.58"
"65","000","00","040","0052","1579","467","305","162","2","469","1031","0","45.49","29.58"
"65","000","00","040","0053","0000","923","561","362","18","941","1963","0","47.94","28.58"
"65","000","00","040","0053","1595","498","293","205","13","511","1061","0","48.16","27.62"
"65","000","00","040","0053","1596","425","268","157","5","430","902","0","47.67","29.71"
"65","000","00","040","0054","0000","1282","791","491","18","1300","2764","0","47.03","28.62"
"65","000","00","040","0054","1593","625","377","248","2","627","1360","0","46.10","27.72"
"65","000","00","040","0054","1594","657","414","243","16","673","1404","0","47.93","29.49"
"65","000","00","040","0055","0000","1494","994","500","14","1508","3259","0","46.27","30.50"
"65","000","00","040","0055","1584","809","534","275","6","815","1714","0","47.55","31.16"
"65","000","00","040","0055","1585","685","460","225","8","693","1545","0","44.85","29.77"
"65","000","00","040","0056","0000","1638","1020","618","14","1652","3607","0","45.80","28.28"
"65","000","00","040","0056","1656","489","295","194","5","494","1158","0","42.66","25.47"
"65","000","00","040","0056","1657","541","346","195","3","544","1206","0","45.11","28.69"
"65","000","00","040","0056","1658","608","379","229","6","614","1243","0","49.40","30.49"
"65","000","00","040","0057","0000","1156","680","476","10","1166","2350","0","49.62","28.94"
"65","000","00","040","0057","1708","678","412","266","6","684","1355","0","50.48","30.41"
"65","000","00","040","0057","1709","478","268","210","4","482","995","0","48.44","26.93"
"65","000","00","040","0058","0000","900","482","418","8","908","1783","0","50.93","27.03"
"65","000","00","040","0058","1710","420","215","205","4","424","831","0","51.02","25.87"
"65","000","00","040","0058","1711","480","267","213","4","484","952","0","50.84","28.05"
"65","000","00","040","0059","0000","1155","676","479","12","1167","2527","0","46.18","26.75"
"65","000","00","040","0059","1640","545","312","233","7","552","1274","0","43.33","24.49"
"65","000","00","040","0059","1641","610","364","246","5","615","1253","0","49.08","29.05"
"65","000","00","040","0060","0000","1267","754","513","12","1279","2627","0","48.69","28.70"
"65","000","00","040","0060","1633","629","388","241","5","634","1349","0","47.00","28.76"
"65","000","00","040","0060","1634","638","366","272","7","645","1278","0","50.47","28.64"
"65","000","00","040","0061","0000","980","551","429","10","990","2095","0","47.26","26.30"
"65","000","00","040","0061","1664","494","287","207","3","497","1049","0","47.38","27.36"
"65","000","00","040","0061","1665","486","264","222","7","493","1046","0","47.13","25.24"
"65","000","00","040","0062","0000","4148","2527","1621","24","4172","9013","0","46.29","28.04"
"65","000","00","040","0062","1690","505","260","245","3","508","1184","0","42.91","21.96"
"65","000","00","040","0062","1691","623","376","247","1","624","1333","0","46.81","28.21"
"65","000","00","040","0062","1692","622","367","255","6","628","1296","0","48.46","28.32"
"65","000","00","040","0062","1693","524","337","187","2","526","1192","0","44.13","28.27"
"65","000","00","040","0062","1694","589","382","207","3","592","1303","0","45.43","29.32"
"65","000","00","040","0062","1695","699","450","249","5","704","1460","0","48.22","30.82"
"65","000","00","040","0062","1696","586","355","231","4","590","1245","0","47.39","28.51"
"65","000","00","050","0000","0000","144776","64186","80590","1330","146106","352098","422668","41.50","18.23"
"65","000","00","050","0001","0000","2120","899","1221","16","2136","4736","0","45.10","18.98"
"65","000","00","050","0001","0346","499","179","320","4","503","1101","0","45.69","16.26"
"65","000","00","050","0001","0347","576","244","332","4","580","1256","0","46.18","19.43"
"65","000","00","050","0001","0348","506","243","263","6","512","1099","0","46.59","22.11"
"65","000","00","050","0001","0349","539","233","306","2","541","1280","0","42.27","18.20"
"65","000","00","050","0002","0000","3574","1572","2002","37","3611","8383","0","43.08","18.75"
"65","000","00","050","0002","0373","574","185","389","6","580","1343","0","43.19","13.78"
"65","000","00","050","0002","0374","618","274","344","6","624","1470","0","42.45","18.64"
"65","000","00","050","0002","0375","575","293","282","5","580","1320","0","43.94","22.20"
"65","000","00","050","0002","0376","634","296","338","2","636","1495","0","42.54","19.80"
"65","000","00","050","0002","0377","545","238","307","8","553","1295","0","42.70","18.38"
"65","000","00","050","0002","0378","628","286","342","10","638","1460","0","43.70","19.59"
"65","000","00","050","0003","0000","554","237","317","9","563","1293","0","43.54","18.33"
"65","000","00","050","0003","0507","554","237","317","9","563","1293","0","43.54","18.33"
"65","000","00","050","0004","0000","1861","805","1056","12","1873","3916","0","47.83","20.56"
"65","000","00","050","0004","0350","590","243","347","4","594","1166","0","50.94","20.84"
"65","000","00","050","0004","0351","511","189","322","3","514","1165","0","44.12","16.22"
"65","000","00","050","0004","0352","760","373","387","5","765","1585","0","48.26","23.53"
"65","000","00","050","0005","0000","2017","954","1063","13","2030","4570","0","44.42","20.88"
"65","000","00","050","0005","0379","676","347","329","8","684","1438","0","47.57","24.13"
"65","000","00","050","0005","0380","570","273","297","2","572","1327","0","43.10","20.57"
"65","000","00","050","0005","0381","771","334","437","3","774","1805","0","42.88","18.50"
"65","000","00","050","0006","0000","1356","579","777","14","1370","3237","0","42.32","17.89"
"65","000","00","050","0006","0504","441","216","225","8","449","1112","0","40.38","19.42"
"65","000","00","050","0006","0505","449","179","270","0","449","1005","0","44.68","17.81"
"65","000","00","050","0006","0506","466","184","282","6","472","1120","0","42.14","16.43"
"65","000","00","050","0007","0000","2056","919","1137","14","2070","4625","0","44.76","19.87"
"65","000","00","050","0007","0356","786","354","432","4","790","1825","0","43.29","19.40"
"65","000","00","050","0007","0357","654","282","372","7","661","1384","0","47.76","20.38"
"65","000","00","050","0007","0358","616","283","333","3","619","1416","0","43.71","19.99"
"65","000","00","050","0008","0000","1729","783","946","22","1751","3906","0","44.83","20.05"
"65","000","00","050","0008","0436","584","261","323","5","589","1353","0","43.53","19.29"
"65","000","00","050","0008","0437","574","258","316","7","581","1320","0","44.02","19.55"
"65","000","00","050","0008","0438","571","264","307","10","581","1233","0","47.12","21.41"
"65","000","00","050","0009","0000","2779","1188","1591","24","2803","6314","0","44.39","18.82"
"65","000","00","050","0009","0562","448","173","275","5","453","1093","0","41.45","15.83"
"65","000","00","050","0009","0563","548","226","322","8","556","1334","0","41.68","16.94"
"65","000","00","050","0009","0564","595","230","365","2","597","1185","0","50.38","19.41"
"65","000","00","050","0009","0565","603","277","326","7","610","1356","0","44.99","20.43"
"65","000","00","050","0009","0566","585","282","303","2","587","1346","0","43.61","20.95"
"65","000","00","050","0010","0000","903","387","516","8","911","1879","0","48.48","20.60"
"65","000","00","050","0010","0359","454","203","251","6","460","941","0","48.88","21.57"
"65","000","00","050","0010","0360","449","184","265","2","451","938","0","48.08","19.62"
"65","000","00","050","0011","0000","2330","1028","1302","20","2350","5211","0","45.10","19.73"
"65","000","00","050","0011","0432","567","242","325","6","573","1177","0","48.68","20.56"
"65","000","00","050","0011","0433","532","212","320","6","538","1320","0","40.76","16.06"
"65","000","00","050","0011","0434","478","224","254","1","479","1176","0","40.73","19.05"
"65","000","00","050","0011","0435","753","350","403","7","760","1538","0","49.41","22.76"
"65","000","00","050","0012","0000","1022","435","587","8","1030","2744","0","37.54","15.85"
"65","000","00","050","0012","0581","487","219","268","3","490","1415","0","34.63","15.48"
"65","000","00","050","0012","0582","535","216","319","5","540","1329","0","40.63","16.25"
"65","000","00","050","0013","0000","1411","734","677","9","1420","2917","0","48.68","25.16"
"65","000","00","050","0013","0363","467","215","252","3","470","973","0","48.30","22.10"
"65","000","00","050","0013","0364","506","285","221","3","509","1021","0","49.85","27.91"
"65","000","00","050","0013","0365","438","234","204","3","441","923","0","47.78","25.35"
"65","000","00","050","0014","0000","1820","789","1031","16","1836","4028","0","45.58","19.59"
"65","000","00","050","0014","0443","640","286","354","7","647","1337","0","48.39","21.39"
"65","000","00","050","0014","0444","582","238","344","3","585","1343","0","43.56","17.72"
"65","000","00","050","0014","0445","598","265","333","6","604","1348","0","44.81","19.66"
"65","000","00","050","0015","0000","4304","1917","2387","35","4339","10595","0","40.95","18.09"
"65","000","00","050","0015","0611","484","178","306","5","489","1147","0","42.63","15.52"
"65","000","00","050","0015","0612","520","212","308","3","523","1127","0","46.41","18.81"
"65","000","00","050","0015","0613","652","295","357","9","661","1552","0","42.59","19.01"
"65","000","00","050","0015","0614","455","182","273","3","458","1069","0","42.84","17.03"
"65","000","00","050","0015","0615","426","188","238","3","429","1167","0","36.76","16.11"
"65","000","00","050","0015","0616","593","325","268","2","595","1407","0","42.29","23.10"
"65","000","00","050","0015","0617","582","289","293","4","586","1548","0","37.86","18.67"
"65","000","00","050","0015","0618","592","248","344","6","598","1578","0","37.90","15.72"
"65","000","00","050","0016","0000","1298","611","687","8","1306","5142","0","25.40","11.88"
"65","000","00","050","0016","0366","499","251","248","2","501","1100","0","45.55","22.82"
"65","000","00","050","0016","0367","799","360","439","6","805","4042","0","19.92","8.91"
"65","000","00","050","0017","0000","1569","602","967","14","1583","3896","0","40.63","15.45"
"65","000","00","050","0017","0446","522","204","318","5","527","1258","0","41.89","16.22"
"65","000","00","050","0017","0447","549","221","328","3","552","1393","0","39.63","15.87"
"65","000","00","050","0017","0448","498","177","321","6","504","1245","0","40.48","14.22"
"65","000","00","050","0018","0000","2030","780","1250","17","2047","5058","0","40.47","15.42"
"65","000","00","050","0018","0510","553","235","318","3","556","1328","0","41.87","17.70"
"65","000","00","050","0018","0511","563","206","357","3","566","1160","0","48.79","17.76"
"65","000","00","050","0018","0512","475","171","304","7","482","1287","0","37.45","13.29"
"65","000","00","050","0018","0513","439","168","271","4","443","1283","0","34.53","13.09"
"65","000","00","050","0019","0000","730","379","351","10","740","1553","0","47.65","24.40"
"65","000","00","050","0019","0368","730","379","351","10","740","1553","0","47.65","24.40"
"65","000","00","050","0020","0000","757","282","475","9","766","1903","0","40.25","14.82"
"65","000","00","050","0020","0469","381","136","245","2","383","967","0","39.61","14.06"
"65","000","00","050","0020","0470","376","146","230","7","383","936","0","40.92","15.60"
"65","000","00","050","0021","0000","2392","986","1406","31","2423","6057","0","40.00","16.28"
"65","000","00","050","0021","0544","584","247","337","9","593","1490","0","39.80","16.58"
"65","000","00","050","0021","0545","629","250","379","7","636","1596","0","39.85","15.66"
"65","000","00","050","0021","0546","593","221","372","9","602","1471","0","40.92","15.02"
"65","000","00","050","0021","0547","586","268","318","6","592","1500","0","39.47","17.87"
"65","000","00","050","0022","0000","663","283","380","10","673","1547","0","43.50","18.29"
"65","000","00","050","0022","0369","663","283","380","10","673","1547","0","43.50","18.29"
"65","000","00","050","0023","0000","2319","980","1339","28","2347","5390","0","43.54","18.18"
"65","000","00","050","0023","0471","540","227","313","4","544","1365","0","39.85","16.63"
"65","000","00","050","0023","0472","538","220","318","10","548","1369","0","40.03","16.07"
"65","000","00","050","0023","0473","643","282","361","9","652","1420","0","45.92","19.86"
"65","000","00","050","0023","0474","598","251","347","5","603","1236","0","48.79","20.31"
"65","000","00","050","0024","0000","857","368","489","8","865","2056","0","42.07","17.90"
"65","000","00","050","0024","0550","411","169","242","4","415","1010","0","41.09","16.73"
"65","000","00","050","0024","0551","446","199","247","4","450","1046","0","43.02","19.02"
"65","000","00","050","0025","0000","1981","812","1169","25","2006","4652","0","43.12","17.45"
"65","000","00","050","0025","0423","518","210","308","5","523","1163","0","44.97","18.06"
"65","000","00","050","0025","0424","480","190","290","11","491","1132","0","43.37","16.78"
"65","000","00","050","0025","0425","476","190","286","2","478","1173","0","40.75","16.20"
"65","000","00","050","0025","0426","507","222","285","7","514","1184","0","43.41","18.75"
"65","000","00","050","0026","0000","840","519","321","9","849","1674","0","50.72","31.00"
"65","000","00","050","0026","0439","392","204","188","5","397","811","0","48.95","25.15"
"65","000","00","050","0026","0440","448","315","133","4","452","863","0","52.38","36.50"
"65","000","00","050","0027","0000","1770","758","1012","20","1790","4664","0","38.38","16.25"
"65","000","00","050","0027","0570","399","160","239","5","404","1146","0","35.25","13.96"
"65","000","00","050","0027","0571","449","175","274","4","453","1091","0","41.52","16.04"
"65","000","00","050","0027","0572","457","195","262","7","464","1206","0","38.47","16.17"
"65","000","00","050","0027","0573","465","228","237","4","469","1221","0","38.41","18.67"
"65","000","00","050","0028","0000","941","362","579","5","946","2389","0","39.60","15.15"
"65","000","00","050","0028","0413","422","167","255","5","427","1153","0","37.03","14.48"
"65","000","00","050","0028","0414","519","195","324","0","519","1236","0","41.99","15.78"
"65","000","00","050","0029","0000","1048","493","555","3","1051","2305","0","45.60","21.39"
"65","000","00","050","0029","0441","540","262","278","3","543","1141","0","47.59","22.96"
"65","000","00","050","0029","0442","508","231","277","0","508","1164","0","43.64","19.85"
"65","000","00","050","0030","0000","1875","824","1051","22","1897","4652","0","40.78","17.71"
"65","000","00","050","0030","0400","430","200","230","9","439","1157","0","37.94","17.29"
"65","000","00","050","0030","0401","422","162","260","5","427","1032","0","41.38","15.70"
"65","000","00","050","0030","0402","515","208","307","1","516","1277","0","40.41","16.29"
"65","000","00","050","0030","0403","508","254","254","7","515","1186","0","43.42","21.42"
"65","000","00","050","0031","0000","1879","873","1006","15","1894","4324","0","43.80","20.19"
"65","000","00","050","0031","0501","653","298","355","8","661","1478","0","44.72","20.16"
"65","000","00","050","0031","0502","636","305","331","5","641","1439","0","44.54","21.20"
"65","000","00","050","0031","0503","590","270","320","2","592","1407","0","42.08","19.19"
"65","000","00","050","0032","0000","1967","891","1076","20","1987","5143","0","38.64","17.32"
"65","000","00","050","0032","0586","435","170","265","5","440","1301","0","33.82","13.07"
"65","000","00","050","0032","0587","561","281","280","4","565","1355","0","41.70","20.74"
"65","000","00","050","0032","0588","488","197","291","6","494","1212","0","40.76","16.25"
"65","000","00","050","0032","0589","483","243","240","5","488","1275","0","38.27","19.06"
"65","000","00","050","0033","0000","1724","654","1070","15","1739","4178","0","41.62","15.65"
"65","000","00","050","0033","0391","489","187","302","5","494","1314","0","37.60","14.23"
"65","000","00","050","0033","0392","543","185","358","6","549","1354","0","40.55","13.66"
"65","000","00","050","0033","0393","692","282","410","4","696","1510","0","46.09","18.68"
"65","000","00","050","0034","0000","1248","518","730","10","1258","3266","0","38.52","15.86"
"65","000","00","050","0034","0495","340","152","188","2","342","982","0","34.83","15.48"
"65","000","00","050","0034","0496","441","196","245","4","445","1154","0","38.56","16.98"
"65","000","00","050","0034","0497","467","170","297","4","471","1130","0","41.68","15.04"
"65","000","00","050","0035","0000","1004","381","623","10","1014","2666","0","38.03","14.29"
"65","000","00","050","0035","0593","537","202","335","6","543","1348","0","40.28","14.99"
"65","000","00","050","0035","0594","467","179","288","4","471","1318","0","35.74","13.58"
"65","000","00","050","0036","0000","1489","595","894","7","1496","3422","0","43.72","17.39"
"65","000","00","050","0036","0370","445","143","302","3","448","1050","0","42.67","13.62"
"65","000","00","050","0036","0371","442","174","268","2","444","1037","0","42.82","16.78"
"65","000","00","050","0036","0372","602","278","324","2","604","1335","0","45.24","20.82"
"65","000","00","050","0037","0000","1483","599","884","14","1497","3451","0","43.38","17.36"
"65","000","00","050","0037","0455","470","175","295","3","473","1202","0","39.35","14.56"
"65","000","00","050","0037","0456","514","198","316","6","520","1157","0","44.94","17.11"
"65","000","00","050","0037","0457","499","226","273","5","504","1092","0","46.15","20.70"
"65","000","00","050","0038","0000","2231","987","1244","22","2253","6136","0","36.72","16.09"
"65","000","00","050","0038","0606","422","184","238","3","425","1263","0","33.65","14.57"
"65","000","00","050","0038","0607","448","194","254","7","455","1198","0","37.98","16.19"
"65","000","00","050","0038","0608","458","206","252","4","462","1292","0","35.76","15.94"
"65","000","00","050","0038","0609","371","131","240","4","375","1161","0","32.30","11.28"
"65","000","00","050","0038","0610","532","272","260","4","536","1222","0","43.86","22.26"
"65","000","00","050","0039","0000","1625","689","936","14","1639","3692","0","44.39","18.66"
"65","000","00","050","0039","0427","570","268","302","2","572","1210","0","47.27","22.15"
"65","000","00","050","0039","0428","512","189","323","10","522","1220","0","42.79","15.49"
"65","000","00","050","0039","0429","543","232","311","2","545","1262","0","43.19","18.38"
"65","000","00","050","0040","0000","770","341","429","5","775","1701","0","45.56","20.05"
"65","000","00","050","0040","0516","260","135","125","2","262","631","0","41.52","21.39"
"65","000","00","050","0040","0517","510","206","304","3","513","1070","0","47.94","19.25"
"65","000","00","050","0041","0000","1345","627","718","10","1355","3835","0","35.33","16.35"
"65","000","00","050","0041","0601","475","239","236","3","478","1327","0","36.02","18.01"
"65","000","00","050","0041","0602","449","197","252","3","452","1264","0","35.76","15.59"
"65","000","00","050","0041","0603","421","191","230","4","425","1244","0","34.16","15.35"
"65","000","00","050","0042","0000","837","337","500","13","850","2341","0","36.31","14.40"
"65","000","00","050","0042","0421","414","172","242","6","420","1134","0","37.04","15.17"
"65","000","00","050","0042","0422","423","165","258","7","430","1207","0","35.63","13.67"
"65","000","00","050","0043","0000","2911","1375","1536","27","2938","7720","0","38.06","17.81"
"65","000","00","050","0043","0518","527","228","299","1","528","1368","0","38.60","16.67"
"65","000","00","050","0043","0519","495","245","250","3","498","1377","0","36.17","17.79"
"65","000","00","050","0043","0520","514","224","290","5","519","1377","0","37.69","16.27"
"65","000","00","050","0043","0521","489","200","289","3","492","1260","0","39.05","15.87"
"65","000","00","050","0043","0522","493","265","228","12","505","1301","0","38.82","20.37"
"65","000","00","050","0043","0523","393","213","180","3","396","1037","0","38.19","20.54"
"65","000","00","050","0044","0000","1424","633","791","15","1439","4165","0","34.55","15.20"
"65","000","00","050","0044","0595","458","192","266","4","462","1390","0","33.24","13.81"
"65","000","00","050","0044","0596","479","213","266","3","482","1377","0","35.00","15.47"
"65","000","00","050","0044","0597","487","228","259","8","495","1398","0","35.41","16.31"
"65","000","00","050","0045","0000","1893","767","1126","32","1925","4667","0","41.25","16.43"
"65","000","00","050","0045","0417","534","227","307","7","541","1208","0","44.78","18.79"
"65","000","00","050","0045","0418","530","209","321","8","538","1241","0","43.35","16.84"
"65","000","00","050","0045","0419","466","178","288","8","474","1211","0","39.14","14.70"
"65","000","00","050","0045","0420","363","153","210","9","372","1007","0","36.94","15.19"
"65","000","00","050","0046","0000","1499","621","878","14","1513","4014","0","37.69","15.47"
"65","000","00","050","0046","0524","475","190","285","8","483","1300","0","37.15","14.62"
"65","000","00","050","0046","0525","492","217","275","3","495","1405","0","35.23","15.44"
"65","000","00","050","0046","0526","532","214","318","3","535","1309","0","40.87","16.35"
"65","000","00","050","0047","0000","1494","531","963","11","1505","3807","0","39.53","13.95"
"65","000","00","050","0047","0394","488","170","318","5","493","1264","0","39.00","13.45"
"65","000","00","050","0047","0395","479","178","301","1","480","1242","0","38.65","14.33"
"65","000","00","050","0047","0396","527","183","344","5","532","1301","0","40.89","14.07"
"65","000","00","050","0048","0000","3798","1857","1941","32","3830","9790","0","39.12","18.97"
"65","000","00","050","0048","0529","687","365","322","3","690","1613","0","42.78","22.63"
"65","000","00","050","0048","0530","591","298","293","8","599","1416","0","42.30","21.05"
"65","000","00","050","0048","0531","473","222","251","2","475","1379","0","34.45","16.10"
"65","000","00","050","0048","0532","523","247","276","3","526","1398","0","37.63","17.67"
"65","000","00","050","0048","0533","530","243","287","7","537","1322","0","40.62","18.38"
"65","000","00","050","0048","0534","500","247","253","4","504","1349","0","37.36","18.31"
"65","000","00","050","0048","0535","494","235","259","5","499","1313","0","38.00","17.90"
"65","000","00","050","0049","0000","863","337","526","8","871","2188","0","39.81","15.40"
"65","000","00","050","0049","0415","400","164","236","5","405","1043","0","38.83","15.72"
"65","000","00","050","0049","0416","463","173","290","3","466","1145","0","40.70","15.11"
"65","000","00","050","0050","0000","3414","1606","1808","24","3438","8555","0","40.19","18.77"
"65","000","00","050","0050","0538","600","230","370","4","604","1441","0","41.92","15.96"
"65","000","00","050","0050","0539","587","320","267","5","592","1445","0","40.97","22.15"
"65","000","00","050","0050","0540","534","216","318","3","537","1433","0","37.47","15.07"
"65","000","00","050","0050","0541","580","269","311","4","584","1467","0","39.81","18.34"
"65","000","00","050","0050","0542","551","284","267","5","556","1413","0","39.35","20.10"
"65","000","00","050","0050","0543","562","287","275","3","565","1356","0","41.67","21.17"
"65","000","00","050","0051","0000","1127","507","620","8","1135","2558","0","44.37","19.82"
"65","000","00","050","0051","0430","539","224","315","4","543","1229","0","44.18","18.23"
"65","000","00","050","0051","0431","588","283","305","4","592","1329","0","44.54","21.29"
"65","000","00","050","0052","0000","1704","750","954","16","1720","4343","0","39.60","17.27"
"65","000","00","050","0052","0492","624","263","361","6","630","1641","0","38.39","16.03"
"65","000","00","050","0052","0493","676","315","361","8","684","1673","0","40.88","18.83"
"65","000","00","050","0052","0494","404","172","232","2","406","1029","0","39.46","16.72"
"65","000","00","050","0053","0000","4528","2038","2490","40","4568","11108","0","41.12","18.35"
"65","000","00","050","0053","0485","949","457","492","10","959","2419","0","39.64","18.89"
"65","000","00","050","0053","0486","432","170","262","2","434","1169","0","37.13","14.54"
"65","000","00","050","0053","0487","514","238","276","2","516","1314","0","39.27","18.11"
"65","000","00","050","0053","0488","713","313","400","9","722","1625","0","44.43","19.26"
"65","000","00","050","0053","0489","612","272","340","4","616","1424","0","43.26","19.10"
"65","000","00","050","0053","0490","623","277","346","8","631","1491","0","42.32","18.58"
"65","000","00","050","0053","0491","685","311","374","5","690","1666","0","41.42","18.67"
"65","000","00","050","0054","0000","3010","1303","1707","24","3034","7280","0","41.68","17.90"
"65","000","00","050","0054","0475","603","263","340","3","606","1481","0","40.92","17.76"
"65","000","00","050","0054","0476","610","234","376","8","618","1414","0","43.71","16.55"
"65","000","00","050","0054","0477","602","262","340","7","609","1463","0","41.63","17.91"
"65","000","00","050","0054","0478","630","298","332","1","631","1448","0","43.58","20.58"
"65","000","00","050","0054","0479","565","246","319","5","570","1474","0","38.67","16.69"
"65","000","00","050","0055","0000","1465","605","860","17","1482","4090","0","36.23","14.79"
"65","000","00","050","0055","0567","485","206","279","3","488","1399","0","34.88","14.72"
"65","000","00","050","0055","0568","482","192","290","7","489","1304","0","37.50","14.72"
"65","000","00","050","0055","0569","498","207","291","7","505","1387","0","36.41","14.92"
"65","000","00","050","0056","0000","950","435","515","8","958","2178","0","43.99","19.97"
"65","000","00","050","0056","0560","469","233","236","5","474","1097","0","43.21","21.24"
"65","000","00","050","0056","0561","481","202","279","3","484","1081","0","44.77","18.69"
"65","000","00","050","0057","0000","1346","572","774","12","1358","3219","0","42.19","17.77"
"65","000","00","050","0057","0449","383","137","246","3","386","1064","0","36.28","12.88"
"65","000","00","050","0057","0450","536","247","289","4","540","1165","0","46.35","21.20"
"65","000","00","050","0057","0451","427","188","239","5","432","990","0","43.64","18.99"
"65","000","00","050","0058","0000","1192","399","793","12","1204","3118","0","38.61","12.80"
"65","000","00","050","0058","0452","422","128","294","6","428","1098","0","38.98","11.66"
"65","000","00","050","0058","0453","367","135","232","1","368","1004","0","36.65","13.45"
"65","000","00","050","0058","0454","403","136","267","5","408","1016","0","40.16","13.39"
"65","000","00","050","0059","0000","1856","854","1002","19","1875","4308","0","43.52","19.82"
"65","000","00","050","0059","0498","610","282","328","10","620","1497","0","41.42","18.84"
"65","000","00","050","0059","0499","625","252","373","5","630","1366","0","46.12","18.45"
"65","000","00","050","0059","0500","621","320","301","4","625","1445","0","43.25","22.15"
"65","000","00","050","0060","0000","2092","1061","1031","19","2111","4287","0","49.24","24.75"
"65","000","00","050","0060","0353","700","389","311","8","708","1469","0","48.20","26.48"
"65","000","00","050","0060","0354","721","360","361","4","725","1480","0","48.99","24.32"
"65","000","00","050","0060","0355","671","312","359","7","678","1338","0","50.67","23.32"
"65","000","00","050","0061","0000","1274","470","804","7","1281","3271","0","39.16","14.37"
"65","000","00","050","0061","0410","420","147","273","2","422","1076","0","39.22","13.66"
"65","000","00","050","0061","0411","422","161","261","2","424","1060","0","40.00","15.19"
"65","000","00","050","0061","0412","432","162","270","3","435","1135","0","38.33","14.27"
"65","000","00","050","0062","0000","2465","1135","1330","21","2486","5316","0","46.76","21.35"
"65","000","00","050","0062","0465","627","297","330","4","631","1367","0","46.16","21.73"
"65","000","00","050","0062","0466","556","240","316","4","560","1240","0","45.16","19.35"
"65","000","00","050","0062","0467","621","287","334","5","626","1381","0","45.33","20.78"
"65","000","00","050","0062","0468","661","311","350","8","669","1328","0","50.38","23.42"
"65","000","00","050","0063","0000","1367","597","770","15","1382","3181","0","43.45","18.77"
"65","000","00","050","0063","0407","404","151","253","8","412","1004","0","41.04","15.04"
"65","000","00","050","0063","0408","454","196","258","4","458","1044","0","43.87","18.77"
"65","000","00","050","0063","0409","509","250","259","3","512","1133","0","45.19","22.07"
"65","000","00","050","0064","0000","2964","1474","1490","19","2983","7008","0","42.57","21.03"
"65","000","00","050","0064","0386","815","448","367","3","818","1912","0","42.78","23.43"
"65","000","00","050","0064","0387","493","226","267","2","495","1275","0","38.82","17.73"
"65","000","00","050","0064","0388","648","327","321","8","656","1417","0","46.29","23.08"
"65","000","00","050","0064","0389","513","228","285","4","517","1211","0","42.69","18.83"
"65","000","00","050","0064","0390","495","245","250","2","497","1193","0","41.66","20.54"
"65","000","00","050","0065","0000","1434","709","725","12","1446","2960","0","48.85","23.95"
"65","000","00","050","0065","0361","707","355","352","8","715","1451","0","49.28","24.47"
"65","000","00","050","0065","0362","727","354","373","4","731","1509","0","48.44","23.46"
"65","000","00","050","0066","0000","1273","545","728","11","1284","3234","0","39.70","16.85"
"65","000","00","050","0066","0557","422","199","223","6","428","1024","0","41.80","19.43"
"65","000","00","050","0066","0558","403","155","248","3","406","1046","0","38.81","14.82"
"65","000","00","050","0066","0559","448","191","257","2","450","1164","0","38.66","16.41"
"65","000","00","050","0067","0000","771","327","444","11","782","2075","0","37.69","15.76"
"65","000","00","050","0067","0548","378","142","236","4","382","1079","0","35.40","13.16"
"65","000","00","050","0067","0549","393","185","208","7","400","996","0","40.16","18.57"
"65","000","00","050","0068","0000","994","421","573","10","1004","2274","0","44.15","18.51"
"65","000","00","050","0068","0514","440","181","259","3","443","1141","0","38.83","15.86"
"65","000","00","050","0068","0515","554","240","314","7","561","1133","0","49.51","21.18"
"65","000","00","050","0069","0000","1275","599","676","13","1288","2720","0","47.35","22.02"
"65","000","00","050","0069","0555","610","296","314","4","614","1352","0","45.41","21.89"
"65","000","00","050","0069","0556","665","303","362","9","674","1368","0","49.27","22.15"
"65","000","00","050","0070","0000","2307","1006","1301","21","2328","5875","0","39.63","17.12"
"65","000","00","050","0070","0574","570","243","327","2","572","1453","0","39.37","16.72"
"65","000","00","050","0070","0575","560","247","313","7","567","1462","0","38.78","16.89"
"65","000","00","050","0070","0576","579","252","327","5","584","1460","0","40.00","17.26"
"65","000","00","050","0070","0577","598","264","334","7","605","1500","0","40.33","17.60"
"65","000","00","050","0071","0000","1611","697","914","10","1621","4416","0","36.71","15.78"
"65","000","00","050","0071","0583","536","218","318","5","541","1454","0","37.21","14.99"
"65","000","00","050","0071","0584","582","258","324","3","585","1517","0","38.56","17.01"
"65","000","00","050","0071","0585","493","221","272","2","495","1445","0","34.26","15.29"
"65","000","00","050","0072","0000","2276","970","1306","22","2298","5247","0","43.80","18.49"
"65","000","00","050","0072","0382","548","243","305","6","554","1319","0","42.00","18.42"
"65","000","00","050","0072","0383","630","261","369","8","638","1326","0","48.11","19.68"
"65","000","00","050","0072","0384","527","203","324","3","530","1238","0","42.81","16.40"
"65","000","00","050","0072","0385","571","263","308","5","576","1364","0","42.23","19.28"
"65","000","00","050","0073","0000","1352","588","764","6","1358","3272","0","41.50","17.97"
"65","000","00","050","0073","0404","465","204","261","1","466","1161","0","40.14","17.57"
"65","000","00","050","0073","0405","395","154","241","3","398","983","0","40.49","15.67"
"65","000","00","050","0073","0406","492","230","262","2","494","1128","0","43.79","20.39"
"65","000","00","050","0074","0000","1655","799","856","20","1675","3858","0","43.42","20.71"
"65","000","00","050","0074","0397","538","276","262","9","547","1233","0","44.36","22.38"
"65","000","00","050","0074","0398","552","245","307","5","557","1361","0","40.93","18.00"
"65","000","00","050","0074","0399","565","278","287","6","571","1264","0","45.17","21.99"
"65","000","00","050","0075","0000","3247","1621","1626","33","3280","7749","0","42.33","20.92"
"65","000","00","050","0075","0480","699","358","341","9","708","1510","0","46.89","23.71"
"65","000","00","050","0075","0481","628","324","304","7","635","1529","0","41.53","21.19"
"65","000","00","050","0075","0482","673","339","334","6","679","1635","0","41.53","20.73"
"65","000","00","050","0075","0483","641","313","328","6","647","1641","0","39.43","19.07"
"65","000","00","050","0075","0484","606","287","319","5","611","1434","0","42.61","20.01"
"65","000","00","050","0076","0000","4164","2067","2097","34","4198","9967","0","42.12","20.74"
"65","000","00","050","0076","0458","729","323","406","5","734","1697","0","43.25","19.03"
"65","000","00","050","0076","0459","574","260","314","4","578","1418","0","40.76","18.34"
"65","000","00","050","0076","0460","641","332","309","8","649","1434","0","45.26","23.15"
"65","000","00","050","0076","0461","567","304","263","3","570","1397","0","40.80","21.76"
"65","000","00","050","0076","0462","546","276","270","7","553","1274","0","43.41","21.66"
"65","000","00","050","0076","0463","570","282","288","4","574","1387","0","41.38","20.33"
"65","000","00","050","0076","0464","537","290","247","3","540","1360","0","39.71","21.32"
"65","000","00","050","0077","0000","956","434","522","16","972","2206","0","44.06","19.67"
"65","000","00","050","0077","0508","457","217","240","8","465","1079","0","43.10","20.11"
"65","000","00","050","0077","0509","499","217","282","8","507","1127","0","44.99","19.25"
"65","000","00","050","0078","0000","1446","658","788","14","1460","3404","0","42.89","19.33"
"65","000","00","050","0078","0552","487","193","294","3","490","1153","0","42.50","16.74"
"65","000","00","050","0078","0553","466","236","230","3","469","1058","0","44.33","22.31"
"65","000","00","050","0078","0554","493","229","264","8","501","1193","0","41.99","19.20"
"65","000","00","050","0079","0000","795","384","411","9","804","1990","0","40.40","19.30"
"65","000","00","050","0079","0536","428","208","220","4","432","1076","0","40.15","19.33"
"65","000","00","050","0079","0537","367","176","191","5","372","914","0","40.70","19.26"
"65","000","00","050","0080","0000","857","402","455","5","862","2133","0","40.41","18.85"
"65","000","00","050","0080","0527","432","218","214","4","436","1098","0","39.71","19.85"
"65","000","00","050","0080","0528","425","184","241","1","426","1035","0","41.16","17.78"
"65","000","00","050","0081","0000","1334","571","763","6","1340","3307","0","40.52","17.27"
"65","000","00","050","0081","0578","437","191","246","3","440","1043","0","42.19","18.31"
"65","000","00","050","0081","0579","479","208","271","3","482","1181","0","40.81","17.61"
"65","000","00","050","0081","0580","418","172","246","0","418","1083","0","38.60","15.88"
"65","000","00","050","0082","0000","1534","713","821","16","1550","3548","0","43.69","20.10"
"65","000","00","050","0082","0590","486","219","267","5","491","1179","0","41.65","18.58"
"65","000","00","050","0082","0591","471","244","227","6","477","1029","0","46.36","23.71"
"65","000","00","050","0082","0592","577","250","327","5","582","1340","0","43.43","18.66"
"65","000","00","050","0083","0000","1449","662","787","25","1474","3815","0","38.64","17.35"
"65","000","00","050","0083","0598","458","188","270","4","462","1268","0","36.44","14.83"
"65","000","00","050","0083","0599","508","230","278","7","515","1266","0","40.68","18.17"
"65","000","00","050","0083","0600","483","244","239","14","497","1281","0","38.80","19.05"
"65","000","00","050","0084","0000","902","329","573","5","907","2430","0","37.33","13.54"
"65","000","00","050","0084","0604","495","182","313","2","497","1231","0","40.37","14.78"
"65","000","00","050","0084","0605","407","147","260","3","410","1199","0","34.20","12.26"
"65","000","00","060","0000","0000","122630","76656","45974","1173","123803","265823","301768","46.57","28.84"
"65","000","00","060","0001","0000","1416","949","467","12","1428","2846","0","50.18","33.35"
"65","000","00","060","0001","2178","746","483","263","4","750","1426","0","52.59","33.87"
"65","000","00","060","0001","2179","670","466","204","8","678","1420","0","47.75","32.82"
"65","000","00","060","0002","0000","1689","1095","594","10","1699","3541","0","47.98","30.92"
"65","000","00","060","0002","2180","629","433","196","1","630","1329","0","47.40","32.58"
"65","000","00","060","0002","2181","493","307","186","3","496","1034","0","47.97","29.69"
"65","000","00","060","0002","2182","567","355","212","6","573","1178","0","48.64","30.14"
"65","000","00","060","0003","0000","1602","978","624","5","1607","3306","0","48.61","29.58"
"65","000","00","060","0003","2183","491","303","188","3","494","1047","0","47.18","28.94"
"65","000","00","060","0003","2184","587","353","234","1","588","1153","0","51.00","30.62"
"65","000","00","060","0003","2185","524","322","202","1","525","1106","0","47.47","29.11"
"65","000","00","060","0004","0000","1835","1127","708","16","1851","3497","0","52.93","32.23"
"65","000","00","060","0004","2186","523","299","224","8","531","1015","0","52.32","29.46"
"65","000","00","060","0004","2187","663","422","241","6","669","1251","0","53.48","33.73"
"65","000","00","060","0004","2188","649","406","243","2","651","1231","0","52.88","32.98"
"65","000","00","060","0005","0000","2481","1597","884","26","2507","4908","0","51.08","32.54"
"65","000","00","060","0005","2189","549","361","188","4","553","1117","0","49.51","32.32"
"65","000","00","060","0005","2190","676","447","229","2","678","1239","0","54.72","36.08"
"65","000","00","060","0005","2191","662","407","255","16","678","1293","0","52.44","31.48"
"65","000","00","060","0005","2192","594","382","212","4","598","1259","0","47.50","30.34"
"65","000","00","060","0006","0000","2527","1585","942","27","2554","4879","0","52.35","32.49"
"65","000","00","060","0006","2195","906","595","311","10","916","1685","0","54.36","35.31"
"65","000","00","060","0006","2196","552","373","179","6","558","1109","0","50.32","33.63"
"65","000","00","060","0006","2197","539","318","221","4","543","1027","0","52.87","30.96"
"65","000","00","060","0006","2198","530","299","231","7","537","1058","0","50.76","28.26"
"65","000","00","060","0007","0000","2459","1619","840","23","2482","4940","0","50.24","32.77"
"65","000","00","060","0007","2204","653","421","232","5","658","1268","0","51.89","33.20"
"65","000","00","060","0007","2205","571","387","184","4","575","1229","0","46.79","31.49"
"65","000","00","060","0007","2206","615","404","211","7","622","1196","0","52.01","33.78"
"65","000","00","060","0007","2207","620","407","213","7","627","1247","0","50.28","32.64"
"65","000","00","060","0008","0000","2992","1756","1236","25","3017","6086","0","49.57","28.85"
"65","000","00","060","0008","2208","454","281","173","1","455","971","0","46.86","28.94"
"65","000","00","060","0008","2209","1234","749","485","13","1247","2367","0","52.68","31.64"
"65","000","00","060","0008","2210","593","322","271","3","596","1283","0","46.45","25.10"
"65","000","00","060","0008","2211","711","404","307","8","719","1465","0","49.08","27.58"
"65","000","00","060","0009","0000","1077","739","338","7","1084","2525","0","42.93","29.27"
"65","000","00","060","0009","2212","550","355","195","5","555","1355","0","40.96","26.20"
"65","000","00","060","0009","2213","527","384","143","2","529","1170","0","45.21","32.82"
"65","000","00","060","0010","0000","1407","1155","252","18","1425","2477","0","57.53","46.63"
"65","000","00","060","0010","2214","731","611","120","10","741","1250","0","59.28","48.88"
"65","000","00","060","0010","2215","676","544","132","8","684","1227","0","55.75","44.34"
"65","000","00","060","0011","0000","1276","827","449","12","1288","2805","0","45.92","29.48"
"65","000","00","060","0011","2216","428","257","171","6","434","882","0","49.21","29.14"
"65","000","00","060","0011","2217","442","298","144","2","444","1009","0","44.00","29.53"
"65","000","00","060","0011","2218","406","272","134","4","410","914","0","44.86","29.76"
"65","000","00","060","0012","0000","576","333","243","7","583","1541","0","37.83","21.61"
"65","000","00","060","0012","2221","576","333","243","7","583","1541","0","37.83","21.61"
"65","000","00","060","0013","0000","1279","638","641","9","1288","2878","0","44.75","22.17"
"65","000","00","060","0013","2222","653","334","319","7","660","1460","0","45.21","22.88"
"65","000","00","060","0013","2223","626","304","322","2","628","1418","0","44.29","21.44"
"65","000","00","060","0014","0000","3367","2021","1346","27","3394","8098","0","41.91","24.96"
"65","000","00","060","0014","2224","641","412","229","6","647","1338","0","48.36","30.79"
"65","000","00","060","0014","2225","551","338","213","6","557","1317","0","42.29","25.66"
"65","000","00","060","0014","2226","440","221","219","2","442","1268","0","34.86","17.43"
"65","000","00","060","0014","2227","536","319","217","4","540","1382","0","39.07","23.08"
"65","000","00","060","0014","2228","576","329","247","4","580","1401","0","41.40","23.48"
"65","000","00","060","0014","2229","623","402","221","5","628","1392","0","45.11","28.88"
"65","000","00","060","0015","0000","1990","1128","862","14","2004","4606","0","43.51","24.49"
"65","000","00","060","0015","2235","505","306","199","3","508","1107","0","45.89","27.64"
"65","000","00","060","0015","2236","518","303","215","3","521","1192","0","43.71","25.42"
"65","000","00","060","0015","2237","443","236","207","3","446","1126","0","39.61","20.96"
"65","000","00","060","0015","2238","524","283","241","5","529","1181","0","44.79","23.96"
"65","000","00","060","0016","0000","4949","3034","1915","44","4993","11616","0","42.98","26.12"
"65","000","00","060","0016","2246","547","327","220","7","554","1259","0","44.00","25.97"
"65","000","00","060","0016","2247","543","311","232","2","545","1277","0","42.68","24.35"
"65","000","00","060","0016","2248","552","342","210","5","557","1322","0","42.13","25.87"
"65","000","00","060","0016","2249","548","330","218","4","552","1299","0","42.49","25.40"
"65","000","00","060","0016","2250","536","309","227","7","543","1242","0","43.72","24.88"
"65","000","00","060","0016","2251","532","346","186","2","534","1242","0","43.00","27.86"
"65","000","00","060","0016","2252","510","316","194","2","512","1307","0","39.17","24.18"
"65","000","00","060","0016","2253","588","390","198","5","593","1310","0","45.27","29.77"
"65","000","00","060","0016","2254","593","363","230","10","603","1358","0","44.40","26.73"
"65","000","00","060","0017","0000","2211","1235","976","27","2238","5492","0","40.75","22.49"
"65","000","00","060","0017","2259","572","326","246","5","577","1324","0","43.58","24.62"
"65","000","00","060","0017","2260","566","329","237","6","572","1328","0","43.07","24.77"
"65","000","00","060","0017","2261","587","321","266","12","599","1461","0","41.00","21.97"
"65","000","00","060","0017","2262","486","259","227","4","490","1379","0","35.53","18.78"
"65","000","00","060","0018","0000","2114","1162","952","20","2134","5146","0","41.47","22.58"
"65","000","00","060","0018","2271","519","277","242","5","524","1359","0","38.56","20.38"
"65","000","00","060","0018","2272","450","241","209","4","454","1145","0","39.65","21.05"
"65","000","00","060","0018","2273","623","386","237","7","630","1442","0","43.69","26.77"
"65","000","00","060","0018","2274","522","258","264","4","526","1200","0","43.83","21.50"
"65","000","00","060","0019","0000","1985","1029","956","15","2000","5288","0","37.82","19.46"
"65","000","00","060","0019","2283","510","253","257","2","512","1438","0","35.61","17.59"
"65","000","00","060","0019","2284","465","233","232","5","470","1232","0","38.15","18.91"
"65","000","00","060","0019","2285","523","286","237","5","528","1307","0","40.40","21.88"
"65","000","00","060","0019","2286","487","257","230","3","490","1311","0","37.38","19.60"
"65","000","00","060","0020","0000","2373","1531","842","10","2383","5383","0","44.27","28.44"
"65","000","00","060","0020","2287","512","323","189","1","513","1151","0","44.57","28.06"
"65","000","00","060","0020","2288","577","375","202","4","581","1311","0","44.32","28.60"
"65","000","00","060","0020","2289","564","351","213","2","566","1291","0","43.84","27.19"
"65","000","00","060","0020","2290","720","482","238","3","723","1630","0","44.36","29.57"
"65","000","00","060","0021","0000","377","94","283","5","382","928","0","41.16","10.13"
"65","000","00","060","0021","2295","377","94","283","5","382","928","0","41.16","10.13"
"65","000","00","060","0022","0000","2083","1285","798","16","2099","4705","0","44.61","27.31"
"65","000","00","060","0022","2302","480","307","173","4","484","1147","0","42.20","26.77"
"65","000","00","060","0022","2303","538","322","216","1","539","1274","0","42.31","25.27"
"65","000","00","060","0022","2304","490","277","213","8","498","1173","0","42.46","23.61"
"65","000","00","060","0022","2305","575","379","196","3","578","1111","0","52.03","34.11"
"65","000","00","060","0023","0000","1968","1186","782","18","1986","4714","0","42.13","25.16"
"65","000","00","060","0023","2306","598","372","226","6","604","1449","0","41.68","25.67"
"65","000","00","060","0023","2307","820","528","292","6","826","1912","0","43.20","27.62"
"65","000","00","060","0023","2308","550","286","264","6","556","1353","0","41.09","21.14"
"65","000","00","060","0024","0000","249","102","147","6","255","726","0","35.12","14.05"
"65","000","00","060","0024","2309","249","102","147","6","255","726","0","35.12","14.05"
"65","000","00","060","0025","0000","1387","717","670","10","1397","2813","0","49.66","25.49"
"65","000","00","060","0025","2310","280","119","161","3","283","562","0","50.36","21.17"
"65","000","00","060","0025","2311","399","216","183","2","401","879","0","45.62","24.57"
"65","000","00","060","0025","2312","501","291","210","3","504","927","0","54.37","31.39"
"65","000","00","060","0025","2313","207","91","116","2","209","445","0","46.97","20.45"
"65","000","00","060","0026","0000","943","446","497","8","951","2253","0","42.21","19.80"
"65","000","00","060","0026","2314","485","197","288","3","488","1100","0","44.36","17.91"
"65","000","00","060","0026","2315","458","249","209","5","463","1153","0","40.16","21.60"
"65","000","00","060","0027","0000","636","297","339","4","640","1598","0","40.05","18.59"
"65","000","00","060","0027","2316","636","297","339","4","640","1598","0","40.05","18.59"
"65","000","00","060","0028","0000","497","187","310","7","504","1264","0","39.87","14.79"
"65","000","00","060","0028","2317","497","187","310","7","504","1264","0","39.87","14.79"
"65","000","00","060","0029","0000","509","197","312","7","516","1196","0","43.14","16.47"
"65","000","00","060","0029","2318","147","41","106","2","149","431","0","34.57","9.51"
"65","000","00","060","0029","2319","362","156","206","5","367","765","0","47.97","20.39"
"65","000","00","060","0030","0000","2052","1191","861","27","2079","4825","0","43.09","24.68"
"65","000","00","060","0030","2298","598","344","254","11","609","1361","0","44.75","25.28"
"65","000","00","060","0030","2299","488","273","215","5","493","1168","0","42.21","23.37"
"65","000","00","060","0030","2300","439","266","173","6","445","1029","0","43.25","25.85"
"65","000","00","060","0030","2301","527","308","219","5","532","1267","0","41.99","24.31"
"65","000","00","060","0031","0000","757","378","379","4","761","1629","0","46.72","23.20"
"65","000","00","060","0031","2105","757","378","379","4","761","1629","0","46.72","23.20"
"65","000","00","060","0032","0000","1074","668","406","9","1083","2137","0","50.68","31.26"
"65","000","00","060","0032","2106","480","326","154","4","484","858","0","56.41","38.00"
"65","000","00","060","0032","2107","594","342","252","5","599","1279","0","46.83","26.74"
"65","000","00","060","0033","0000","1028","589","439","9","1037","2320","0","44.70","25.39"
"65","000","00","060","0033","2108","472","248","224","5","477","1098","0","43.44","22.59"
"65","000","00","060","0033","2109","556","341","215","4","560","1222","0","45.83","27.91"
"65","000","00","060","0034","0000","733","477","256","8","741","1575","0","47.05","30.29"
"65","000","00","060","0034","2110","733","477","256","8","741","1575","0","47.05","30.29"
"65","000","00","060","0035","0000","410","187","223","7","417","782","0","53.32","23.91"
"65","000","00","060","0035","2111","410","187","223","7","417","782","0","53.32","23.91"
"65","000","00","060","0036","0000","1131","615","516","6","1137","2230","0","50.99","27.58"
"65","000","00","060","0036","2112","632","322","310","2","634","1280","0","49.53","25.16"
"65","000","00","060","0036","2113","499","293","206","4","503","950","0","52.95","30.84"
"65","000","00","060","0037","0000","2400","1562","838","25","2425","6858","0","35.36","22.78"
"65","000","00","060","0037","2114","590","381","209","9","599","1221","0","49.06","31.20"
"65","000","00","060","0037","2115","711","483","228","8","719","3419","0","21.03","14.13"
"65","000","00","060","0037","2116","663","443","220","4","667","1257","0","53.06","35.24"
"65","000","00","060","0037","2117","436","255","181","4","440","961","0","45.79","26.53"
"65","000","00","060","0038","0000","2618","1673","945","30","2648","5204","0","50.88","32.15"
"65","000","00","060","0038","2118","424","267","157","7","431","898","0","48.00","29.73"
"65","000","00","060","0038","2119","919","674","245","12","931","1598","0","58.26","42.18"
"65","000","00","060","0038","2120","635","365","270","3","638","1327","0","48.08","27.51"
"65","000","00","060","0038","2121","640","367","273","8","648","1381","0","46.92","26.57"
"65","000","00","060","0039","0000","1080","625","455","12","1092","2418","0","45.16","25.85"
"65","000","00","060","0039","2122","542","329","213","8","550","1223","0","44.97","26.90"
"65","000","00","060","0039","2123","538","296","242","4","542","1195","0","45.36","24.77"
"65","000","00","060","0040","0000","3668","2411","1257","44","3712","8055","0","46.08","29.93"
"65","000","00","060","0040","2124","541","321","220","5","546","1251","0","43.65","25.66"
"65","000","00","060","0040","2125","630","395","235","12","642","1271","0","50.51","31.08"
"65","000","00","060","0040","2126","634","388","246","10","644","1432","0","44.97","27.09"
"65","000","00","060","0040","2127","677","494","183","7","684","1477","0","46.31","33.45"
"65","000","00","060","0040","2128","615","404","211","6","621","1382","0","44.93","29.23"
"65","000","00","060","0040","2129","571","409","162","4","575","1242","0","46.30","32.93"
"65","000","00","060","0041","0000","3327","2109","1218","32","3359","6910","0","48.61","30.52"
"65","000","00","060","0041","2130","527","334","193","6","533","1119","0","47.63","29.85"
"65","000","00","060","0041","2131","599","379","220","6","605","1189","0","50.88","31.88"
"65","000","00","060","0041","2132","520","323","197","1","521","1134","0","45.94","28.48"
"65","000","00","060","0041","2133","539","331","208","6","545","1106","0","49.28","29.93"
"65","000","00","060","0041","2134","600","424","176","9","609","1192","0","51.09","35.57"
"65","000","00","060","0041","2135","542","318","224","4","546","1170","0","46.67","27.18"
"65","000","00","060","0042","0000","1748","1158","590","14","1762","3647","0","48.31","31.75"
"65","000","00","060","0042","2138","569","385","184","6","575","1114","0","51.62","34.56"
"65","000","00","060","0042","2139","228","143","85","1","229","507","0","45.17","28.21"
"65","000","00","060","0042","2140","446","291","155","2","448","938","0","47.76","31.02"
"65","000","00","060","0042","2141","505","339","166","5","510","1088","0","46.88","31.16"
"65","000","00","060","0043","0000","1151","735","416","8","1159","2185","0","53.04","33.64"
"65","000","00","060","0043","2142","624","405","219","1","625","1105","0","56.56","36.65"
"65","000","00","060","0043","2143","527","330","197","7","534","1080","0","49.44","30.56"
"65","000","00","060","0044","0000","2615","1703","912","30","2645","5458","0","48.46","31.20"
"65","000","00","060","0044","2144","717","420","297","12","729","1416","0","51.48","29.66"
"65","000","00","060","0044","2145","611","392","219","2","613","1353","0","45.31","28.97"
"65","000","00","060","0044","2146","711","491","220","10","721","1336","0","53.97","36.75"
"65","000","00","060","0044","2147","576","400","176","6","582","1353","0","43.02","29.56"
"65","000","00","060","0045","0000","1870","1267","603","22","1892","3832","0","49.37","33.06"
"65","000","00","060","0045","2148","621","421","200","6","627","1247","0","50.28","33.76"
"65","000","00","060","0045","2149","603","411","192","7","610","1201","0","50.79","34.22"
"65","000","00","060","0045","2150","646","435","211","9","655","1384","0","47.33","31.43"
"65","000","00","060","0046","0000","923","621","302","11","934","1791","0","52.15","34.67"
"65","000","00","060","0046","2151","472","313","159","6","478","919","0","52.01","34.06"
"65","000","00","060","0046","2152","451","308","143","5","456","872","0","52.29","35.32"
"65","000","00","060","0047","0000","1643","1086","557","20","1663","3376","0","49.26","32.17"
"65","000","00","060","0047","2155","408","270","138","7","415","922","0","45.01","29.28"
"65","000","00","060","0047","2156","538","364","174","6","544","1082","0","50.28","33.64"
"65","000","00","060","0047","2157","697","452","245","7","704","1372","0","51.31","32.94"
"65","000","00","060","0048","0000","1408","887","521","12","1420","2847","0","49.88","31.16"
"65","000","00","060","0048","2158","722","448","274","7","729","1420","0","51.34","31.55"
"65","000","00","060","0048","2159","686","439","247","5","691","1427","0","48.42","30.76"
"65","000","00","060","0049","0000","1565","1007","558","24","1589","3469","0","45.81","29.03"
"65","000","00","060","0049","2160","495","329","166","5","500","1183","0","42.27","27.81"
"65","000","00","060","0049","2161","627","410","217","10","637","1283","0","49.65","31.96"
"65","000","00","060","0049","2162","443","268","175","9","452","1003","0","45.06","26.72"
"65","000","00","060","0050","0000","1675","1075","600","18","1693","3294","0","51.40","32.64"
"65","000","00","060","0050","2163","580","375","205","5","585","1113","0","52.56","33.69"
"65","000","00","060","0050","2164","510","320","190","4","514","1035","0","49.66","30.92"
"65","000","00","060","0050","2165","585","380","205","9","594","1146","0","51.83","33.16"
"65","000","00","060","0051","0000","1837","1317","520","12","1849","3726","0","49.62","35.35"
"65","000","00","060","0051","2166","706","508","198","4","710","1277","0","55.60","39.78"
"65","000","00","060","0051","2167","615","444","171","4","619","1282","0","48.28","34.63"
"65","000","00","060","0051","2168","516","365","151","4","520","1167","0","44.56","31.28"
"65","000","00","060","0052","0000","2313","1617","696","32","2345","4191","0","55.95","38.58"
"65","000","00","060","0052","2169","469","342","127","5","474","872","0","54.36","39.22"
"65","000","00","060","0052","2170","1065","722","343","13","1078","1924","0","56.03","37.53"
"65","000","00","060","0052","2171","779","553","226","14","793","1395","0","56.85","39.64"
"65","000","00","060","0053","0000","548","363","185","15","563","1240","0","45.40","29.27"
"65","000","00","060","0053","2172","246","158","88","8","254","573","0","44.33","27.57"
"65","000","00","060","0053","2173","302","205","97","7","309","667","0","46.33","30.73"
"65","000","00","060","0054","0000","2867","1914","953","24","2891","5278","0","54.77","36.26"
"65","000","00","060","0054","2174","781","527","254","3","784","1436","0","54.60","36.70"
"65","000","00","060","0054","2175","638","432","206","5","643","1195","0","53.81","36.15"
"65","000","00","060","0054","2176","765","504","261","8","773","1403","0","55.10","35.92"
"65","000","00","060","0054","2177","683","451","232","8","691","1244","0","55.55","36.25"
"65","000","00","060","0055","0000","1468","1011","457","6","1474","3130","0","47.09","32.30"
"65","000","00","060","0055","2266","800","542","258","5","805","1707","0","47.16","31.75"
"65","000","00","060","0055","2267","668","469","199","1","669","1423","0","47.01","32.96"
"65","000","00","060","0056","0000","3088","1829","1259","36","3124","7029","0","44.44","26.02"
"65","000","00","060","0056","2230","775","474","301","13","788","1612","0","48.88","29.40"
"65","000","00","060","0056","2231","583","326","257","4","587","1376","0","42.66","23.69"
"65","000","00","060","0056","2232","598","357","241","8","606","1368","0","44.30","26.10"
"65","000","00","060","0056","2233","587","363","224","8","595","1328","0","44.80","27.33"
"65","000","00","060","0056","2234","545","309","236","3","548","1345","0","40.74","22.97"
"65","000","00","060","0057","0000","2029","1410","619","23","2052","4302","0","47.70","32.78"
"65","000","00","060","0057","2291","576","411","165","7","583","1226","0","47.55","33.52"
"65","000","00","060","0057","2292","574","414","160","6","580","1283","0","45.21","32.27"
"65","000","00","060","0057","2293","496","340","156","6","502","1032","0","48.64","32.95"
"65","000","00","060","0057","2294","383","245","138","4","387","761","0","50.85","32.19"
"65","000","00","060","0058","0000","3228","2019","1209","20","3248","6458","0","50.29","31.26"
"65","000","00","060","0058","2199","745","506","239","5","750","1341","0","55.93","37.73"
"65","000","00","060","0058","2200","600","306","294","5","605","1330","0","45.49","23.01"
"65","000","00","060","0058","2201","340","187","153","1","341","889","0","38.36","21.03"
"65","000","00","060","0058","2202","767","509","258","5","772","1413","0","54.64","36.02"
"65","000","00","060","0058","2203","776","511","265","4","780","1485","0","52.53","34.41"
"65","000","00","060","0059","0000","1652","1086","566","21","1673","3305","0","50.62","32.86"
"65","000","00","060","0059","2268","587","362","225","9","596","1133","0","52.60","31.95"
"65","000","00","060","0059","2269","583","396","187","6","589","1178","0","50.00","33.62"
"65","000","00","060","0059","2270","482","328","154","6","488","994","0","49.09","33.00"
"65","000","00","060","0060","0000","4471","3006","1465","36","4507","10096","0","44.64","29.77"
"65","000","00","060","0060","2275","673","417","256","3","676","1451","0","46.59","28.74"
"65","000","00","060","0060","2276","543","351","192","0","543","1170","0","46.41","30.00"
"65","000","00","060","0060","2277","519","357","162","8","527","1235","0","42.67","28.91"
"65","000","00","060","0060","2278","503","375","128","2","505","1262","0","40.02","29.71"
"65","000","00","060","0060","2279","451","311","140","4","455","1030","0","44.17","30.19"
"65","000","00","060","0060","2280","414","279","135","5","419","1123","0","37.31","24.84"
"65","000","00","060","0060","2281","620","405","215","8","628","1161","0","54.09","34.88"
"65","000","00","060","0060","2282","748","511","237","6","754","1664","0","45.31","30.71"
"65","000","00","060","0061","0000","1388","978","410","11","1399","2786","0","50.22","35.10"
"65","000","00","060","0061","2153","685","480","205","4","689","1436","0","47.98","33.43"
"65","000","00","060","0061","2154","703","498","205","7","710","1350","0","52.59","36.89"
"65","000","00","060","0062","0000","1196","729","467","4","1200","2930","0","40.96","24.88"
"65","000","00","060","0062","2193","558","306","252","1","559","1430","0","39.09","21.40"
"65","000","00","060","0062","2194","638","423","215","3","641","1500","0","42.73","28.20"
"65","000","00","060","0063","0000","1135","699","436","12","1147","2466","0","46.51","28.35"
"65","000","00","060","0063","2219","564","348","216","6","570","1244","0","45.82","27.97"
"65","000","00","060","0063","2220","571","351","220","6","577","1222","0","47.22","28.72"
"65","000","00","060","0064","0000","2246","1405","841","34","2280","4853","0","46.98","28.95"
"65","000","00","060","0064","2255","523","327","196","6","529","1202","0","44.01","27.20"
"65","000","00","060","0064","2256","527","309","218","7","534","1151","0","46.39","26.85"
"65","000","00","060","0064","2257","624","421","203","12","636","1313","0","48.44","32.06"
"65","000","00","060","0064","2258","572","348","224","9","581","1187","0","48.95","29.32"
"65","000","00","060","0065","0000","1226","794","432","9","1235","2304","0","53.60","34.46"
"65","000","00","060","0065","2136","631","396","235","3","634","1178","0","53.82","33.62"
"65","000","00","060","0065","2137","595","398","197","6","601","1126","0","53.37","35.35"
"65","000","00","060","0066","0000","1651","1089","562","21","1672","3718","0","44.97","29.29"
"65","000","00","060","0066","2239","564","393","171","5","569","1296","0","43.90","30.32"
"65","000","00","060","0066","2240","578","380","198","13","591","1276","0","46.32","29.78"
"65","000","00","060","0066","2241","509","316","193","3","512","1146","0","44.68","27.57"
"65","000","00","060","0067","0000","2186","1308","878","23","2209","4949","0","44.64","26.43"
"65","000","00","060","0067","2242","510","321","189","6","516","1278","0","40.38","25.12"
"65","000","00","060","0067","2243","621","385","236","2","623","1230","0","50.65","31.30"
"65","000","00","060","0067","2244","560","334","226","11","571","1299","0","43.96","25.71"
"65","000","00","060","0067","2245","495","268","227","4","499","1142","0","43.70","23.47"
"65","000","00","060","0068","0000","1667","1202","465","12","1679","3614","0","46.46","33.26"
"65","000","00","060","0068","2263","335","239","96","3","338","799","0","42.30","29.91"
"65","000","00","060","0068","2264","613","436","177","5","618","1213","0","50.95","35.94"
"65","000","00","060","0068","2265","719","527","192","4","723","1602","0","45.13","32.90"
"65","000","00","060","0069","0000","1304","807","497","15","1319","2551","0","51.71","31.63"
"65","000","00","060","0069","2296","542","337","205","7","549","1042","0","52.69","32.34"
"65","000","00","060","0069","2297","762","470","292","8","770","1509","0","51.03","31.15"
"65","000","00","070","0000","0000","61447","27817","33630","574","62021","152907","182668","40.56","18.19"
"65","000","00","070","0001","0000","1388","547","841","13","1401","3594","0","38.98","15.22"
"65","000","00","070","0001","1726","673","259","414","9","682","1939","0","35.17","13.36"
"65","000","00","070","0001","1727","715","288","427","4","719","1655","0","43.44","17.40"
"65","000","00","070","0002","0000","1334","621","713","19","1353","3437","0","39.37","18.07"
"65","000","00","070","0002","1723","420","175","245","2","422","1105","0","38.19","15.84"
"65","000","00","070","0002","1724","409","191","218","9","418","1093","0","38.24","17.47"
"65","000","00","070","0002","1725","505","255","250","8","513","1239","0","41.40","20.58"
"65","000","00","070","0003","0000","1570","686","884","10","1580","4203","0","37.59","16.32"
"65","000","00","070","0003","1720","437","200","237","1","438","1189","0","36.84","16.82"
"65","000","00","070","0003","1721","515","228","287","3","518","1351","0","38.34","16.88"
"65","000","00","070","0003","1722","618","258","360","6","624","1663","0","37.52","15.51"
"65","000","00","070","0004","0000","1332","541","791","12","1344","3354","0","40.07","16.13"
"65","000","00","070","0004","1749","455","189","266","4","459","1041","0","44.09","18.16"
"65","000","00","070","0004","1750","429","157","272","5","434","1133","0","38.31","13.86"
"65","000","00","070","0004","1751","448","195","253","3","451","1180","0","38.22","16.53"
"65","000","00","070","0005","0000","2354","1042","1312","21","2375","5473","0","43.39","19.04"
"65","000","00","070","0005","1745","630","252","378","3","633","1476","0","42.89","17.07"
"65","000","00","070","0005","1746","687","335","352","8","695","1500","0","46.33","22.33"
"65","000","00","070","0005","1747","602","275","327","8","610","1443","0","42.27","19.06"
"65","000","00","070","0005","1748","435","180","255","2","437","1054","0","41.46","17.08"
"65","000","00","070","0006","0000","1550","648","902","13","1563","4463","0","35.02","14.52"
"65","000","00","070","0006","1739","541","187","354","2","543","2105","0","25.80","8.88"
"65","000","00","070","0006","1740","389","189","200","7","396","870","0","45.52","21.72"
"65","000","00","070","0006","1741","620","272","348","4","624","1488","0","41.94","18.28"
"65","000","00","070","0007","0000","1548","600","948","13","1561","4406","0","35.43","13.62"
"65","000","00","070","0007","1730","574","207","367","5","579","1428","0","40.55","14.50"
"65","000","00","070","0007","1731","506","197","309","3","509","1439","0","35.37","13.69"
"65","000","00","070","0007","1732","468","196","272","5","473","1539","0","30.73","12.74"
"65","000","00","070","0008","0000","1487","734","753","14","1501","3190","0","47.05","23.01"
"65","000","00","070","0008","1758","394","203","191","4","398","883","0","45.07","22.99"
"65","000","00","070","0008","1759","646","311","335","3","649","1314","0","49.39","23.67"
"65","000","00","070","0008","1760","447","220","227","7","454","993","0","45.72","22.16"
"65","000","00","070","0009","0000","2094","976","1118","19","2113","4496","0","47.00","21.71"
"65","000","00","070","0009","1763","663","320","343","9","672","1381","0","48.66","23.17"
"65","000","00","070","0009","1764","749","351","398","5","754","1580","0","47.72","22.22"
"65","000","00","070","0009","1765","682","305","377","5","687","1535","0","44.76","19.87"
"65","000","00","070","0010","0000","1628","733","895","8","1636","3699","0","44.23","19.82"
"65","000","00","070","0010","1773","516","197","319","2","518","1189","0","43.57","16.57"
"65","000","00","070","0010","1774","579","281","298","3","582","1306","0","44.56","21.52"
"65","000","00","070","0010","1775","533","255","278","3","536","1204","0","44.52","21.18"
"65","000","00","070","0011","0000","1219","632","587","9","1228","2937","0","41.81","21.52"
"65","000","00","070","0011","1769","694","361","333","5","699","1698","0","41.17","21.26"
"65","000","00","070","0011","1770","525","271","254","4","529","1239","0","42.70","21.87"
"65","000","00","070","0012","0000","586","231","355","5","591","1506","0","39.24","15.34"
"65","000","00","070","0012","1776","586","231","355","5","591","1506","0","39.24","15.34"
"65","000","00","070","0013","0000","443","215","228","3","446","1073","0","41.57","20.04"
"65","000","00","070","0013","1777","443","215","228","3","446","1073","0","41.57","20.04"
"65","000","00","070","0014","0000","1313","649","664","10","1323","3130","0","42.27","20.73"
"65","000","00","070","0014","1792","675","336","339","5","680","1495","0","45.48","22.47"
"65","000","00","070","0014","1793","638","313","325","5","643","1635","0","39.33","19.14"
"65","000","00","070","0015","0000","1344","560","784","10","1354","3345","0","40.48","16.74"
"65","000","00","070","0015","1782","504","242","262","2","506","1218","0","41.54","19.87"
"65","000","00","070","0015","1783","424","176","248","3","427","1087","0","39.28","16.19"
"65","000","00","070","0015","1784","416","142","274","5","421","1040","0","40.48","13.65"
"65","000","00","070","0016","0000","1549","648","901","18","1567","4373","0","35.83","14.82"
"65","000","00","070","0016","1789","542","217","325","10","552","1502","0","36.75","14.45"
"65","000","00","070","0016","1790","518","237","281","4","522","1432","0","36.45","16.55"
"65","000","00","070","0016","1791","489","194","295","4","493","1439","0","34.26","13.48"
"65","000","00","070","0017","0000","1816","799","1017","17","1833","4657","0","39.36","17.16"
"65","000","00","070","0017","1779","635","299","336","9","644","1718","0","37.49","17.40"
"65","000","00","070","0017","1780","587","212","375","7","594","1506","0","39.44","14.08"
"65","000","00","070","0017","1781","594","288","306","1","595","1433","0","41.52","20.10"
"65","000","00","070","0018","0000","1097","463","634","15","1112","2876","0","38.66","16.10"
"65","000","00","070","0018","1805","648","273","375","6","654","1634","0","40.02","16.71"
"65","000","00","070","0018","1806","449","190","259","9","458","1242","0","36.88","15.30"
"65","000","00","070","0019","0000","1984","920","1064","16","2000","5229","0","38.25","17.59"
"65","000","00","070","0019","1801","495","209","286","5","500","1284","0","38.94","16.28"
"65","000","00","070","0019","1802","447","210","237","2","449","1236","0","36.33","16.99"
"65","000","00","070","0019","1803","477","232","245","5","482","1378","0","34.98","16.84"
"65","000","00","070","0019","1804","565","269","296","4","569","1331","0","42.75","20.21"
"65","000","00","070","0020","0000","1769","779","990","22","1791","4435","0","40.38","17.56"
"65","000","00","070","0020","1798","765","307","458","9","774","1881","0","41.15","16.32"
"65","000","00","070","0020","1799","652","301","351","8","660","1685","0","39.17","17.86"
"65","000","00","070","0020","1800","352","171","181","5","357","869","0","41.08","19.68"
"65","000","00","070","0021","0000","627","276","351","7","634","1769","0","35.84","15.60"
"65","000","00","070","0021","1814","627","276","351","7","634","1769","0","35.84","15.60"
"65","000","00","070","0022","0000","603","177","426","2","605","1494","0","40.50","11.85"
"65","000","00","070","0022","1828","603","177","426","2","605","1494","0","40.50","11.85"
"65","000","00","070","0023","0000","633","210","423","14","647","1602","0","40.39","13.11"
"65","000","00","070","0023","1820","633","210","423","14","647","1602","0","40.39","13.11"
"65","000","00","070","0024","0000","5264","2914","2350","30","5294","12321","0","42.97","23.65"
"65","000","00","070","0024","1821","727","335","392","3","730","1661","0","43.95","20.17"
"65","000","00","070","0024","1822","703","373","330","2","705","1589","0","44.37","23.47"
"65","000","00","070","0024","1823","860","490","370","10","870","1818","0","47.85","26.95"
"65","000","00","070","0024","1824","807","452","355","4","811","1807","0","44.88","25.01"
"65","000","00","070","0024","1825","785","486","299","1","786","1741","0","45.15","27.91"
"65","000","00","070","0024","1826","706","395","311","5","711","1890","0","37.62","20.90"
"65","000","00","070","0024","1827","676","383","293","5","681","1815","0","37.52","21.10"
"65","000","00","070","0025","0000","786","279","507","10","796","1967","0","40.47","14.18"
"65","000","00","070","0025","1829","357","140","217","5","362","926","0","39.09","15.12"
"65","000","00","070","0025","1830","429","139","290","5","434","1041","0","41.69","13.35"
"65","000","00","070","0026","0000","3493","1895","1598","26","3519","8030","0","43.82","23.60"
"65","000","00","070","0026","1815","557","211","346","5","562","1414","0","39.75","14.92"
"65","000","00","070","0026","1816","726","399","327","8","734","1769","0","41.49","22.56"
"65","000","00","070","0026","1817","779","445","334","5","784","1718","0","45.63","25.90"
"65","000","00","070","0026","1818","832","466","366","6","838","1722","0","48.66","27.06"
"65","000","00","070","0026","1819","599","374","225","2","601","1407","0","42.71","26.58"
"65","000","00","070","0027","0000","428","202","226","2","430","853","0","50.41","23.68"
"65","000","00","070","0027","1778","428","202","226","2","430","853","0","50.41","23.68"
"65","000","00","070","0028","0000","1526","707","819","17","1543","3833","0","40.26","18.45"
"65","000","00","070","0028","1752","575","276","299","4","579","1521","0","38.07","18.15"
"65","000","00","070","0028","1753","481","225","256","7","488","1147","0","42.55","19.62"
"65","000","00","070","0028","1754","470","206","264","6","476","1165","0","40.86","17.68"
"65","000","00","070","0029","0000","1323","622","701","17","1340","3184","0","42.09","19.54"
"65","000","00","070","0029","1766","392","207","185","6","398","1021","0","38.98","20.27"
"65","000","00","070","0029","1767","520","234","286","7","527","1182","0","44.59","19.80"
"65","000","00","070","0029","1768","411","181","230","4","415","981","0","42.30","18.45"
"65","000","00","070","0030","0000","1501","687","814","21","1522","3145","0","48.39","21.84"
"65","000","00","070","0030","1761","734","348","386","13","747","1619","0","46.14","21.49"
"65","000","00","070","0030","1762","767","339","428","8","775","1526","0","50.79","22.21"
"65","000","00","070","0031","0000","1359","563","796","9","1368","3600","0","38.00","15.64"
"65","000","00","070","0031","1733","463","191","272","3","466","1168","0","39.90","16.35"
"65","000","00","070","0031","1734","434","170","264","3","437","1301","0","33.59","13.07"
"65","000","00","070","0031","1735","462","202","260","3","465","1131","0","41.11","17.86"
"65","000","00","070","0032","0000","1468","606","862","18","1486","3906","0","38.04","15.51"
"65","000","00","070","0032","1736","450","199","251","7","457","1224","0","37.34","16.26"
"65","000","00","070","0032","1737","537","212","325","6","543","1374","0","39.52","15.43"
"65","000","00","070","0032","1738","481","195","286","5","486","1308","0","37.16","14.91"
"65","000","00","070","0033","0000","1822","755","1067","13","1835","5086","0","36.08","14.84"
"65","000","00","070","0033","1785","404","171","233","4","408","1134","0","35.98","15.08"
"65","000","00","070","0033","1786","399","199","200","3","402","1201","0","33.47","16.57"
"65","000","00","070","0033","1787","459","181","278","4","463","1264","0","36.63","14.32"
"65","000","00","070","0033","1788","560","204","356","2","562","1487","0","37.79","13.72"
"65","000","00","070","0034","0000","1838","835","1003","24","1862","4401","0","42.31","18.97"
"65","000","00","070","0034","1742","597","263","334","9","606","1397","0","43.38","18.83"
"65","000","00","070","0034","1743","622","284","338","8","630","1455","0","43.30","19.52"
"65","000","00","070","0034","1744","619","288","331","7","626","1549","0","40.41","18.59"
"65","000","00","070","0035","0000","1871","806","1065","20","1891","5096","0","37.11","15.82"
"65","000","00","070","0035","1807","427","174","253","4","431","1320","0","32.65","13.18"
"65","000","00","070","0035","1808","600","233","367","6","606","1594","0","38.02","14.62"
"65","000","00","070","0035","1809","406","211","195","3","409","1062","0","38.51","19.87"
"65","000","00","070","0035","1810","438","188","250","7","445","1120","0","39.73","16.79"
"65","000","00","070","0036","0000","1832","774","1058","25","1857","4640","0","40.02","16.68"
"65","000","00","070","0036","1811","647","283","364","5","652","1604","0","40.65","17.64"
"65","000","00","070","0036","1812","624","283","341","10","634","1501","0","42.24","18.85"
"65","000","00","070","0036","1813","561","208","353","10","571","1535","0","37.20","13.55"
"65","000","00","070","0037","0000","1244","568","676","13","1257","2790","0","45.05","20.36"
"65","000","00","070","0037","1771","646","265","381","5","651","1461","0","44.56","18.14"
"65","000","00","070","0037","1772","598","303","295","8","606","1329","0","45.60","22.80"
"65","000","00","070","0038","0000","1106","526","580","11","1117","3019","0","37.00","17.42"
"65","000","00","070","0038","1794","566","258","308","5","571","1594","0","35.82","16.19"
"65","000","00","070","0038","1795","540","268","272","6","546","1425","0","38.32","18.81"
"65","000","00","070","0039","0000","859","367","492","5","864","2412","0","35.82","15.22"
"65","000","00","070","0039","1796","414","192","222","1","415","1168","0","35.53","16.44"
"65","000","00","070","0039","1797","445","175","270","4","449","1244","0","36.09","14.07"
"65","000","00","070","0040","0000","1032","488","544","12","1044","2578","0","40.50","18.93"
"65","000","00","070","0040","1755","510","231","279","7","517","1260","0","41.03","18.33"
"65","000","00","070","0040","1756","522","257","265","5","527","1318","0","39.98","19.50"
"65","000","00","070","0041","0000","609","201","408","4","613","1430","0","42.87","14.06"
"65","000","00","070","0041","1757","609","201","408","4","613","1430","0","42.87","14.06"
"65","000","00","070","0042","0000","818","335","483","7","825","1875","0","44.00","17.87"
"65","000","00","070","0042","1728","293","112","181","4","297","737","0","40.30","15.20"
"65","000","00","070","0042","1729","525","223","302","3","528","1138","0","46.40","19.60"
"65","000","00","080","0000","0000","28906","13223","15683","279","29185","73981","88131","39.45","17.87"
"65","000","00","080","0001","0000","439","203","236","7","446","946","0","47.15","21.46"
"65","000","00","080","0001","1832","439","203","236","7","446","946","0","47.15","21.46"
"65","000","00","080","0002","0000","866","420","446","2","868","1968","0","44.11","21.34"
"65","000","00","080","0002","1836","449","221","228","2","451","978","0","46.11","22.60"
"65","000","00","080","0002","1837","417","199","218","0","417","990","0","42.12","20.10"
"65","000","00","080","0003","0000","2133","955","1178","16","2149","4997","0","43.01","19.11"
"65","000","00","080","0003","1839","757","330","427","8","765","1745","0","43.84","18.91"
"65","000","00","080","0003","1840","697","306","391","3","700","1634","0","42.84","18.73"
"65","000","00","080","0003","1841","679","319","360","5","684","1618","0","42.27","19.72"
"65","000","00","080","0004","0000","1481","750","731","14","1495","3748","0","39.89","20.01"
"65","000","00","080","0004","1833","436","216","220","7","443","967","0","45.81","22.34"
"65","000","00","080","0004","1834","504","249","255","2","506","1447","0","34.97","17.21"
"65","000","00","080","0004","1835","541","285","256","5","546","1334","0","40.93","21.36"
"65","000","00","080","0005","0000","466","198","268","2","468","940","0","49.79","21.06"
"65","000","00","080","0005","1838","466","198","268","2","468","940","0","49.79","21.06"
"65","000","00","080","0006","0000","240","100","140","1","241","518","0","46.53","19.31"
"65","000","00","080","0006","1831","240","100","140","1","241","518","0","46.53","19.31"
"65","000","00","080","0007","0000","635","259","376","3","638","1386","0","46.03","18.69"
"65","000","00","080","0007","1860","635","259","376","3","638","1386","0","46.03","18.69"
"65","000","00","080","0008","0000","2839","1309","1530","26","2865","7317","0","39.16","17.89"
"65","000","00","080","0008","1861","530","257","273","11","541","1292","0","41.87","19.89"
"65","000","00","080","0008","1862","528","254","274","3","531","1341","0","39.60","18.94"
"65","000","00","080","0008","1863","447","207","240","1","448","1229","0","36.45","16.84"
"65","000","00","080","0008","1864","450","229","221","4","454","1334","0","34.03","17.17"
"65","000","00","080","0008","1865","451","180","271","3","454","1027","0","44.21","17.53"
"65","000","00","080","0008","1866","433","182","251","4","437","1094","0","39.95","16.64"
"65","000","00","080","0009","0000","1317","545","772","12","1329","3154","0","42.14","17.28"
"65","000","00","080","0009","1857","391","190","201","2","393","884","0","44.46","21.49"
"65","000","00","080","0009","1858","590","218","372","7","597","1324","0","45.09","16.47"
"65","000","00","080","0009","1859","336","137","199","3","339","946","0","35.84","14.48"
"65","000","00","080","0010","0000","2941","1319","1622","29","2970","7755","0","38.30","17.01"
"65","000","00","080","0010","1852","680","310","370","4","684","1700","0","40.24","18.24"
"65","000","00","080","0010","1853","687","317","370","3","690","1670","0","41.32","18.98"
"65","000","00","080","0010","1854","511","234","277","6","517","1471","0","35.15","15.91"
"65","000","00","080","0010","1855","492","227","265","8","500","1295","0","38.61","17.53"
"65","000","00","080","0010","1856","571","231","340","8","579","1619","0","35.76","14.27"
"65","000","00","080","0011","0000","2654","1182","1472","24","2678","7334","0","36.51","16.12"
"65","000","00","080","0011","1847","528","218","310","6","534","1635","0","32.66","13.33"
"65","000","00","080","0011","1848","564","277","287","5","569","1547","0","36.78","17.91"
"65","000","00","080","0011","1849","465","216","249","3","468","1284","0","36.45","16.82"
"65","000","00","080","0011","1850","475","204","271","3","478","1279","0","37.37","15.95"
"65","000","00","080","0011","1851","622","267","355","7","629","1589","0","39.58","16.80"
"65","000","00","080","0012","0000","374","160","214","7","381","836","0","45.57","19.14"
"65","000","00","080","0012","1846","374","160","214","7","381","836","0","45.57","19.14"
"65","000","00","080","0013","0000","149","59","90","1","150","250","0","60.00","23.60"
"65","000","00","080","0013","1886","149","59","90","1","150","250","0","60.00","23.60"
"65","000","00","080","0014","0000","1872","919","953","18","1890","4527","0","41.75","20.30"
"65","000","00","080","0014","1879","583","265","318","5","588","1478","0","39.78","17.93"
"65","000","00","080","0014","1880","719","373","346","2","721","1698","0","42.46","21.97"
"65","000","00","080","0014","1881","570","281","289","11","581","1351","0","43.01","20.80"
"65","000","00","080","0015","0000","1749","814","935","24","1773","4996","0","35.49","16.29"
"65","000","00","080","0015","1873","523","244","279","4","527","1466","0","35.95","16.64"
"65","000","00","080","0015","1874","596","288","308","15","611","1714","0","35.65","16.80"
"65","000","00","080","0015","1875","630","282","348","5","635","1816","0","34.97","15.53"
"65","000","00","080","0016","0000","1473","694","779","14","1487","3896","0","38.17","17.81"
"65","000","00","080","0016","1876","522","238","284","3","525","1338","0","39.24","17.79"
"65","000","00","080","0016","1877","515","253","262","7","522","1282","0","40.72","19.73"
"65","000","00","080","0016","1878","436","203","233","4","440","1276","0","34.48","15.91"
"65","000","00","080","0017","0000","1705","809","896","23","1728","4275","0","40.42","18.92"
"65","000","00","080","0017","1867","612","287","325","7","619","1529","0","40.48","18.77"
"65","000","00","080","0017","1868","617","292","325","8","625","1496","0","41.78","19.52"
"65","000","00","080","0017","1869","476","230","246","8","484","1250","0","38.72","18.40"
"65","000","00","080","0018","0000","1822","872","950","19","1841","5088","0","36.18","17.14"
"65","000","00","080","0018","1882","522","234","288","8","530","1346","0","39.38","17.38"
"65","000","00","080","0018","1883","476","208","268","3","479","1250","0","38.32","16.64"
"65","000","00","080","0018","1884","480","262","218","4","484","1298","0","37.29","20.18"
"65","000","00","080","0018","1885","344","168","176","4","348","1194","0","29.15","14.07"
"65","000","00","080","0019","0000","1441","633","808","19","1460","3878","0","37.65","16.32"
"65","000","00","080","0019","1870","560","242","318","12","572","1510","0","37.88","16.03"
"65","000","00","080","0019","1871","446","198","248","3","449","1143","0","39.28","17.32"
"65","000","00","080","0019","1872","435","193","242","4","439","1225","0","35.84","15.76"
"65","000","00","080","0020","0000","2310","1023","1287","18","2328","6172","0","37.72","16.57"
"65","000","00","080","0020","1842","615","257","358","6","621","1544","0","40.22","16.65"
"65","000","00","080","0020","1843","576","253","323","4","580","1538","0","37.71","16.45"
"65","000","00","080","0020","1844","528","231","297","4","532","1496","0","35.56","15.44"
"65","000","00","080","0020","1845","591","282","309","4","595","1594","0","37.33","17.69"
"65","000","00","090","0000","0000","36197","17959","18238","339","36536","96164","116549","37.99","18.68"
"65","000","00","090","0001","0000","162","74","88","2","164","285","0","57.54","25.96"
"65","000","00","090","0001","2033","162","74","88","2","164","285","0","57.54","25.96"
"65","000","00","090","0002","0000","226","98","128","4","230","575","0","40.00","17.04"
"65","000","00","090","0002","2034","226","98","128","4","230","575","0","40.00","17.04"
"65","000","00","090","0003","0000","1355","692","663","11","1366","3542","0","38.57","19.54"
"65","000","00","090","0003","2035","389","197","192","3","392","991","0","39.56","19.88"
"65","000","00","090","0003","2036","479","264","215","3","482","1214","0","39.70","21.75"
"65","000","00","090","0003","2037","487","231","256","5","492","1337","0","36.80","17.28"
"65","000","00","090","0004","0000","1066","574","492","8","1074","3013","0","35.65","19.05"
"65","000","00","090","0004","2038","521","305","216","4","525","1465","0","35.84","20.82"
"65","000","00","090","0004","2039","545","269","276","4","549","1548","0","35.47","17.38"
"65","000","00","090","0005","0000","365","124","241","3","368","1027","0","35.83","12.07"
"65","000","00","090","0005","2040","365","124","241","3","368","1027","0","35.83","12.07"
"65","000","00","090","0006","0000","2548","1131","1417","27","2575","6463","0","39.84","17.50"
"65","000","00","090","0006","2041","537","237","300","6","543","1332","0","40.77","17.79"
"65","000","00","090","0006","2042","418","177","241","1","419","1094","0","38.30","16.18"
"65","000","00","090","0006","2043","508","245","263","8","516","1310","0","39.39","18.70"
"65","000","00","090","0006","2044","485","181","304","5","490","1218","0","40.23","14.86"
"65","000","00","090","0006","2045","600","291","309","7","607","1509","0","40.23","19.28"
"65","000","00","090","0007","0000","1921","949","972","13","1934","5237","0","36.93","18.12"
"65","000","00","090","0007","2069","495","248","247","3","498","1421","0","35.05","17.45"
"65","000","00","090","0007","2070","440","199","241","6","446","1229","0","36.29","16.19"
"65","000","00","090","0007","2071","481","240","241","2","483","1251","0","38.61","19.18"
"65","000","00","090","0007","2072","505","262","243","2","507","1336","0","37.95","19.61"
"65","000","00","090","0008","0000","3066","1497","1569","35","3101","8816","0","35.17","16.98"
"65","000","00","090","0008","2046","504","223","281","8","512","1461","0","35.04","15.26"
"65","000","00","090","0008","2047","451","209","242","7","458","1340","0","34.18","15.60"
"65","000","00","090","0008","2048","516","256","260","5","521","1432","0","36.38","17.88"
"65","000","00","090","0008","2049","551","303","248","6","557","1547","0","36.01","19.59"
"65","000","00","090","0008","2050","456","198","258","6","462","1420","0","32.54","13.94"
"65","000","00","090","0008","2051","588","308","280","3","591","1616","0","36.57","19.06"
"65","000","00","090","0009","0000","3090","1559","1531","40","3130","8410","0","37.22","18.54"
"65","000","00","090","0009","2052","482","185","297","4","486","1558","0","31.19","11.87"
"65","000","00","090","0009","2053","606","311","295","10","616","1793","0","34.36","17.35"
"65","000","00","090","0009","2054","660","338","322","12","672","1768","0","38.01","19.12"
"65","000","00","090","0009","2055","634","365","269","8","642","1584","0","40.53","23.04"
"65","000","00","090","0009","2056","708","360","348","6","714","1707","0","41.83","21.09"
"65","000","00","090","0010","0000","1345","708","637","12","1357","3676","0","36.92","19.26"
"65","000","00","090","0010","2084","361","164","197","5","366","1155","0","31.69","14.20"
"65","000","00","090","0010","2085","419","192","227","6","425","1163","0","36.54","16.51"
"65","000","00","090","0010","2086","565","352","213","1","566","1358","0","41.68","25.92"
"65","000","00","090","0011","0000","842","443","399","10","852","2111","0","40.36","20.99"
"65","000","00","090","0011","2087","417","213","204","4","421","1100","0","38.27","19.36"
"65","000","00","090","0011","2088","425","230","195","6","431","1011","0","42.63","22.75"
"65","000","00","090","0012","0000","380","145","235","6","386","1045","0","36.94","13.88"
"65","000","00","090","0012","2089","380","145","235","6","386","1045","0","36.94","13.88"
"65","000","00","090","0013","0000","176","66","110","4","180","486","0","37.04","13.58"
"65","000","00","090","0013","2090","176","66","110","4","180","486","0","37.04","13.58"
"65","000","00","090","0014","0000","234","110","124","2","236","794","0","29.72","13.85"
"65","000","00","090","0014","2091","234","110","124","2","236","794","0","29.72","13.85"
"65","000","00","090","0015","0000","279","95","184","3","282","632","0","44.62","15.03"
"65","000","00","090","0015","2092","279","95","184","3","282","632","0","44.62","15.03"
"65","000","00","090","0016","0000","216","76","140","2","218","683","0","31.92","11.13"
"65","000","00","090","0016","2093","216","76","140","2","218","683","0","31.92","11.13"
"65","000","00","090","0017","0000","869","361","508","10","879","2123","0","41.40","17.00"
"65","000","00","090","0017","2097","293","127","166","3","296","772","0","38.34","16.45"
"65","000","00","090","0017","2098","576","234","342","7","583","1351","0","43.15","17.32"
"65","000","00","090","0018","0000","587","229","358","7","594","1375","0","43.20","16.65"
"65","000","00","090","0018","2096","587","229","358","7","594","1375","0","43.20","16.65"
"65","000","00","090","0019","0000","985","458","527","11","996","2733","0","36.44","16.76"
"65","000","00","090","0019","2099","511","242","269","10","521","1397","0","37.29","17.32"
"65","000","00","090","0019","2100","474","216","258","1","475","1336","0","35.55","16.17"
"65","000","00","090","0020","0000","398","159","239","2","400","860","0","46.51","18.49"
"65","000","00","090","0020","2101","398","159","239","2","400","860","0","46.51","18.49"
"65","000","00","090","0021","0000","450","156","294","7","457","1294","0","35.32","12.06"
"65","000","00","090","0021","2104","450","156","294","7","457","1294","0","35.32","12.06"
"65","000","00","090","0022","0000","641","234","407","3","644","1870","0","34.44","12.51"
"65","000","00","090","0022","2102","250","62","188","1","251","732","0","34.29","8.47"
"65","000","00","090","0022","2103","391","172","219","2","393","1138","0","34.53","15.11"
"65","000","00","090","0023","0000","2007","888","1119","10","2017","6055","0","33.31","14.67"
"65","000","00","090","0023","2077","533","230","303","3","536","1521","0","35.24","15.12"
"65","000","00","090","0023","2078","511","239","272","3","514","1464","0","35.11","16.33"
"65","000","00","090","0023","2079","550","235","315","3","553","1548","0","35.72","15.18"
"65","000","00","090","0023","2080","413","184","229","1","414","1522","0","27.20","12.09"
"65","000","00","090","0024","0000","2324","1172","1152","21","2345","6654","0","35.24","17.61"
"65","000","00","090","0024","2073","543","239","304","3","546","1619","0","33.72","14.76"
"65","000","00","090","0024","2074","533","284","249","5","538","1739","0","30.94","16.33"
"65","000","00","090","0024","2075","538","287","251","7","545","1559","0","34.96","18.41"
"65","000","00","090","0024","2076","710","362","348","6","716","1737","0","41.22","20.84"
"65","000","00","090","0025","0000","1582","739","843","17","1599","4616","0","34.64","16.01"
"65","000","00","090","0025","2081","539","250","289","4","543","1567","0","34.65","15.95"
"65","000","00","090","0025","2082","520","276","244","5","525","1541","0","34.07","17.91"
"65","000","00","090","0025","2083","523","213","310","8","531","1508","0","35.21","14.12"
"65","000","00","090","0026","0000","1200","650","550","14","1214","3228","0","37.61","20.14"
"65","000","00","090","0026","2094","604","346","258","9","613","1596","0","38.41","21.68"
"65","000","00","090","0026","2095","596","304","292","5","601","1632","0","36.83","18.63"
"65","000","00","090","0027","0000","5478","3192","2286","41","5519","12581","0","43.87","25.37"
"65","000","00","090","0027","2061","656","367","289","8","664","1644","0","40.39","22.32"
"65","000","00","090","0027","2062","575","308","267","1","576","1487","0","38.74","20.71"
"65","000","00","090","0027","2063","798","493","305","7","805","1798","0","44.77","27.42"
"65","000","00","090","0027","2064","792","448","344","11","803","1605","0","50.03","27.91"
"65","000","00","090","0027","2065","649","379","270","2","651","1549","0","42.03","24.47"
"65","000","00","090","0027","2066","692","427","265","3","695","1533","0","45.34","27.85"
"65","000","00","090","0027","2067","657","417","240","4","661","1495","0","44.21","27.89"
"65","000","00","090","0027","2068","659","353","306","5","664","1470","0","45.17","24.01"
"65","000","00","090","0028","0000","2405","1380","1025","14","2419","5980","0","40.45","23.08"
"65","000","00","090","0028","2057","667","383","284","4","671","1602","0","41.89","23.91"
"65","000","00","090","0028","2058","687","404","283","3","690","1523","0","45.31","26.53"
"65","000","00","090","0028","2059","574","324","250","4","578","1410","0","40.99","22.98"
"65","000","00","090","0028","2060","477","269","208","3","480","1445","0","33.22","18.62"
"65","000","00","100","0000","0000","63220","33228","29992","604","63824","158577","184450","40.25","20.95"
"65","000","00","100","0001","0000","194","64","130","3","197","557","0","35.37","11.49"
"65","000","00","100","0001","0032","194","64","130","3","197","557","0","35.37","11.49"
"65","000","00","100","0002","0000","323","120","203","4","327","994","0","32.90","12.07"
"65","000","00","100","0002","0033","323","120","203","4","327","994","0","32.90","12.07"
"65","000","00","100","0003","0000","478","220","258","6","484","1447","0","33.45","15.20"
"65","000","00","100","0003","0034","478","220","258","6","484","1447","0","33.45","15.20"
"65","000","00","100","0004","0000","572","259","313","2","574","1510","0","38.01","17.15"
"65","000","00","100","0004","0035","572","259","313","2","574","1510","0","38.01","17.15"
"65","000","00","100","0005","0000","341","166","175","1","342","973","0","35.15","17.06"
"65","000","00","100","0005","0036","341","166","175","1","342","973","0","35.15","17.06"
"65","000","00","100","0006","0000","801","389","412","12","813","2422","0","33.57","16.06"
"65","000","00","100","0006","0038","394","196","198","8","402","1117","0","35.99","17.55"
"65","000","00","100","0006","0039","407","193","214","4","411","1305","0","31.49","14.79"
"65","000","00","100","0007","0000","316","155","161","14","330","803","0","41.10","19.30"
"65","000","00","100","0007","0037","316","155","161","14","330","803","0","41.10","19.30"
"65","000","00","100","0008","0000","6090","3467","2623","54","6144","17538","0","35.03","19.77"
"65","000","00","100","0008","0071","850","480","370","8","858","2045","0","41.96","23.47"
"65","000","00","100","0008","0072","594","343","251","6","600","2304","0","26.04","14.89"
"65","000","00","100","0008","0073","469","264","205","5","474","1275","0","37.18","20.71"
"65","000","00","100","0008","0074","554","292","262","5","559","1448","0","38.60","20.17"
"65","000","00","100","0008","0075","678","386","292","2","680","2254","0","30.17","17.13"
"65","000","00","100","0008","0076","620","358","262","4","624","1883","0","33.14","19.01"
"65","000","00","100","0008","0077","559","314","245","5","564","1442","0","39.11","21.78"
"65","000","00","100","0008","0078","878","513","365","8","886","2402","0","36.89","21.36"
"65","000","00","100","0008","0079","888","517","371","11","899","2485","0","36.18","20.80"
"65","000","00","100","0009","0000","581","266","315","2","583","1616","0","36.08","16.46"
"65","000","00","100","0009","0080","581","266","315","2","583","1616","0","36.08","16.46"
"65","000","00","100","0010","0000","2527","1380","1147","20","2547","6573","0","38.75","20.99"
"65","000","00","100","0010","0090","517","259","258","9","526","1383","0","38.03","18.73"
"65","000","00","100","0010","0091","693","412","281","2","695","1742","0","39.90","23.65"
"65","000","00","100","0010","0092","591","314","277","5","596","1575","0","37.84","19.94"
"65","000","00","100","0010","0093","726","395","331","4","730","1873","0","38.97","21.09"
"65","000","00","100","0011","0000","1981","938","1043","23","2004","5098","0","39.31","18.40"
"65","000","00","100","0011","0081","546","243","303","7","553","1445","0","38.27","16.82"
"65","000","00","100","0011","0082","470","240","230","1","471","1149","0","40.99","20.89"
"65","000","00","100","0011","0083","468","224","244","3","471","1207","0","39.02","18.56"
"65","000","00","100","0011","0084","497","231","266","12","509","1297","0","39.24","17.81"
"65","000","00","100","0012","0000","3652","2030","1622","35","3687","9067","0","40.66","22.39"
"65","000","00","100","0012","0106","749","409","340","5","754","1908","0","39.52","21.44"
"65","000","00","100","0012","0107","510","258","252","5","515","1358","0","37.92","19.00"
"65","000","00","100","0012","0108","945","528","417","12","957","2153","0","44.45","24.52"
"65","000","00","100","0012","0109","742","429","313","3","745","1837","0","40.56","23.35"
"65","000","00","100","0012","0110","706","406","300","10","716","1811","0","39.54","22.42"
"65","000","00","100","0013","0000","743","275","468","8","751","1974","0","38.04","13.93"
"65","000","00","100","0013","0040","422","177","245","5","427","1136","0","37.59","15.58"
"65","000","00","100","0013","0041","321","98","223","3","324","838","0","38.66","11.69"
"65","000","00","100","0014","0000","401","157","244","5","406","1054","0","38.52","14.90"
"65","000","00","100","0014","0042","401","157","244","5","406","1054","0","38.52","14.90"
"65","000","00","100","0015","0000","545","266","279","9","554","1361","0","40.71","19.54"
"65","000","00","100","0015","0043","545","266","279","9","554","1361","0","40.71","19.54"
"65","000","00","100","0016","0000","545","266","279","3","548","1263","0","43.39","21.06"
"65","000","00","100","0016","0044","545","266","279","3","548","1263","0","43.39","21.06"
"65","000","00","100","0017","0000","3077","1713","1364","31","3108","6369","0","48.80","26.90"
"65","000","00","100","0017","0045","874","478","396","10","884","1797","0","49.19","26.60"
"65","000","00","100","0017","0046","505","263","242","2","507","1021","0","49.66","25.76"
"65","000","00","100","0017","0047","485","286","199","7","492","1016","0","48.43","28.15"
"65","000","00","100","0017","0048","623","346","277","7","630","1241","0","50.77","27.88"
"65","000","00","100","0017","0049","590","340","250","5","595","1294","0","45.98","26.28"
"65","000","00","100","0018","0000","2564","1399","1165","25","2589","5639","0","45.91","24.81"
"65","000","00","100","0018","0050","538","281","257","4","542","1302","0","41.63","21.58"
"65","000","00","100","0018","0051","638","381","257","6","644","1240","0","51.94","30.73"
"65","000","00","100","0018","0052","639","331","308","8","647","1418","0","45.63","23.34"
"65","000","00","100","0018","0053","749","406","343","7","756","1679","0","45.03","24.18"
"65","000","00","100","0019","0000","2757","1421","1336","19","2776","6465","0","42.94","21.98"
"65","000","00","100","0019","0057","778","401","377","8","786","1819","0","43.21","22.05"
"65","000","00","100","0019","0058","563","254","309","4","567","1252","0","45.29","20.29"
"65","000","00","100","0019","0059","687","347","340","5","692","1570","0","44.08","22.10"
"65","000","00","100","0019","0060","729","419","310","2","731","1824","0","40.08","22.97"
"65","000","00","100","0020","0000","2575","1409","1166","20","2595","6014","0","43.15","23.43"
"65","000","00","100","0020","0061","629","320","309","6","635","1474","0","43.08","21.71"
"65","000","00","100","0020","0062","666","364","302","5","671","1626","0","41.27","22.39"
"65","000","00","100","0020","0063","539","326","213","4","543","1327","0","40.92","24.57"
"65","000","00","100","0020","0064","741","399","342","5","746","1587","0","47.01","25.14"
"65","000","00","100","0021","0000","4064","2314","1750","38","4102","10029","0","40.90","23.07"
"65","000","00","100","0021","0065","741","437","304","7","748","1824","0","41.01","23.96"
"65","000","00","100","0021","0066","787","435","352","6","793","1862","0","42.59","23.36"
"65","000","00","100","0021","0067","674","409","265","7","681","1788","0","38.09","22.87"
"65","000","00","100","0021","0068","697","341","356","7","704","1653","0","42.59","20.63"
"65","000","00","100","0021","0069","624","379","245","6","630","1381","0","45.62","27.44"
"65","000","00","100","0021","0070","541","313","228","5","546","1521","0","35.90","20.58"
"65","000","00","100","0022","0000","2290","1237","1053","23","2313","5542","0","41.74","22.32"
"65","000","00","100","0022","0111","551","321","230","5","556","1280","0","43.44","25.08"
"65","000","00","100","0022","0112","408","229","179","6","414","981","0","42.20","23.34"
"65","000","00","100","0022","0113","553","270","283","8","561","1209","0","46.40","22.33"
"65","000","00","100","0022","0114","342","181","161","1","343","958","0","35.80","18.89"
"65","000","00","100","0022","0115","436","236","200","3","439","1114","0","39.41","21.18"
"65","000","00","100","0023","0000","1393","666","727","21","1414","3650","0","38.74","18.25"
"65","000","00","100","0023","0123","461","209","252","8","469","1305","0","35.94","16.02"
"65","000","00","100","0023","0124","487","232","255","7","494","1284","0","38.47","18.07"
"65","000","00","100","0023","0125","445","225","220","6","451","1061","0","42.51","21.21"
"65","000","00","100","0024","0000","611","279","332","6","617","1326","0","46.53","21.04"
"65","000","00","100","0024","0126","611","279","332","6","617","1326","0","46.53","21.04"
"65","000","00","100","0025","0000","419","187","232","6","425","1068","0","39.79","17.51"
"65","000","00","100","0025","0127","419","187","232","6","425","1068","0","39.79","17.51"
"65","000","00","100","0026","0000","308","127","181","2","310","682","0","45.45","18.62"
"65","000","00","100","0026","0128","308","127","181","2","310","682","0","45.45","18.62"
"65","000","00","100","0027","0000","518","233","285","4","522","1339","0","38.98","17.40"
"65","000","00","100","0027","0129","518","233","285","4","522","1339","0","38.98","17.40"
"65","000","00","100","0028","0000","399","181","218","1","400","804","0","49.75","22.51"
"65","000","00","100","0028","0130","399","181","218","1","400","804","0","49.75","22.51"
"65","000","00","100","0029","0000","313","135","178","10","323","624","0","51.76","21.63"
"65","000","00","100","0029","0131","313","135","178","10","323","624","0","51.76","21.63"
"65","000","00","100","0030","0000","185","89","96","1","186","396","0","46.97","22.47"
"65","000","00","100","0030","0132","185","89","96","1","186","396","0","46.97","22.47"
"65","000","00","100","0031","0000","664","365","299","8","672","1587","0","42.34","23.00"
"65","000","00","100","0031","0133","664","365","299","8","672","1587","0","42.34","23.00"
"65","000","00","100","0032","0000","2038","1105","933","24","2062","4932","0","41.81","22.40"
"65","000","00","100","0032","0134","670","382","288","6","676","1590","0","42.52","24.03"
"65","000","00","100","0032","0135","778","411","367","13","791","1743","0","45.38","23.58"
"65","000","00","100","0032","0136","590","312","278","5","595","1599","0","37.21","19.51"
"65","000","00","100","0033","0000","1591","859","732","9","1600","4158","0","38.48","20.66"
"65","000","00","100","0033","0137","604","311","293","3","607","1668","0","36.39","18.65"
"65","000","00","100","0033","0138","568","283","285","5","573","1410","0","40.64","20.07"
"65","000","00","100","0033","0139","419","265","154","1","420","1080","0","38.89","24.54"
"65","000","00","100","0034","0000","1347","610","737","16","1363","3658","0","37.26","16.68"
"65","000","00","100","0034","0094","476","220","256","4","480","1250","0","38.40","17.60"
"65","000","00","100","0034","0095","353","153","200","7","360","1050","0","34.29","14.57"
"65","000","00","100","0034","0096","518","237","281","5","523","1358","0","38.51","17.45"
"65","000","00","100","0035","0000","2936","1504","1432","24","2960","7974","0","37.12","18.86"
"65","000","00","100","0035","0097","586","260","326","4","590","1563","0","37.75","16.63"
"65","000","00","100","0035","0098","560","290","270","8","568","1551","0","36.62","18.70"
"65","000","00","100","0035","0099","506","287","219","4","510","1485","0","34.34","19.33"
"65","000","00","100","0035","0100","375","205","170","4","379","927","0","40.88","22.11"
"65","000","00","100","0035","0101","418","187","231","3","421","1200","0","35.08","15.58"
"65","000","00","100","0035","0102","491","275","216","1","492","1248","0","39.42","22.04"
"65","000","00","100","0036","0000","1755","896","859","18","1773","4269","0","41.53","20.99"
"65","000","00","100","0036","0103","627","284","343","4","631","1450","0","43.52","19.59"
"65","000","00","100","0036","0104","539","291","248","6","545","1384","0","39.38","21.03"
"65","000","00","100","0036","0105","589","321","268","8","597","1435","0","41.60","22.37"
"65","000","00","100","0037","0000","1640","909","731","17","1657","4169","0","39.75","21.80"
"65","000","00","100","0037","0087","609","303","306","9","618","1519","0","40.68","19.95"
"65","000","00","100","0037","0088","549","326","223","2","551","1402","0","39.30","23.25"
"65","000","00","100","0037","0089","482","280","202","6","488","1248","0","39.10","22.44"
"65","000","00","100","0038","0000","961","504","457","5","966","2486","0","38.86","20.27"
"65","000","00","100","0038","0085","511","255","256","5","516","1279","0","40.34","19.94"
"65","000","00","100","0038","0086","450","249","201","0","450","1207","0","37.28","20.63"
"65","000","00","100","0039","0000","1927","951","976","14","1941","4221","0","45.98","22.53"
"65","000","00","100","0039","0054","553","241","312","8","561","1200","0","46.75","20.08"
"65","000","00","100","0039","0055","738","370","368","5","743","1527","0","48.66","24.23"
"65","000","00","100","0039","0056","636","340","296","1","637","1494","0","42.64","22.76"
"65","000","00","100","0040","0000","1409","688","721","19","1428","3477","0","41.07","19.79"
"65","000","00","100","0040","0116","383","195","188","8","391","1022","0","38.26","19.08"
"65","000","00","100","0040","0117","532","260","272","5","537","1289","0","41.66","20.17"
"65","000","00","100","0040","0118","494","233","261","6","500","1166","0","42.88","19.98"
"65","000","00","100","0041","0000","1576","869","707","8","1584","4251","0","37.26","20.44"
"65","000","00","100","0041","0119","320","189","131","2","322","948","0","33.97","19.94"
"65","000","00","100","0041","0120","505","276","229","4","509","1141","0","44.61","24.19"
"65","000","00","100","0041","0121","369","189","180","0","369","1062","0","34.75","17.80"
"65","000","00","100","0041","0122","382","215","167","2","384","1100","0","34.91","19.55"
"65","000","00","100","0042","0000","3813","2160","1653","34","3847","9198","0","41.82","23.48"
"65","000","00","100","0042","0140","644","340","304","6","650","1432","0","45.39","23.74"
"65","000","00","100","0042","0141","593","275","318","2","595","1387","0","42.90","19.83"
"65","000","00","100","0042","0142","739","378","361","6","745","2001","0","37.23","18.89"
"65","000","00","100","0042","0143","590","344","246","6","596","1432","0","41.62","24.02"
"65","000","00","100","0042","0144","727","480","247","6","733","1809","0","40.52","26.53"
"65","000","00","100","0042","0145","520","343","177","8","528","1137","0","46.44","30.17"
"65","000","00","110","0000","0000","74944","40431","34513","727","75671","179909","205551","42.06","22.47"
"65","000","00","110","0001","0000","529","288","241","3","532","1238","0","42.97","23.26"
"65","000","00","110","0001","2501","529","288","241","3","532","1238","0","42.97","23.26"
"65","000","00","110","0002","0000","448","205","243","4","452","980","0","46.12","20.92"
"65","000","00","110","0002","2502","448","205","243","4","452","980","0","46.12","20.92"
"65","000","00","110","0003","0000","1865","1095","770","15","1880","4239","0","44.35","25.83"
"65","000","00","110","0003","2503","584","339","245","5","589","1387","0","42.47","24.44"
"65","000","00","110","0003","2504","683","415","268","5","688","1409","0","48.83","29.45"
"65","000","00","110","0003","2505","598","341","257","5","603","1443","0","41.79","23.63"
"65","000","00","110","0004","0000","144","70","74","3","147","320","0","45.94","21.88"
"65","000","00","110","0004","2508","144","70","74","3","147","320","0","45.94","21.88"
"65","000","00","110","0005","0000","1239","642","597","15","1254","2889","0","43.41","22.22"
"65","000","00","110","0005","2544","676","360","316","6","682","1525","0","44.72","23.61"
"65","000","00","110","0005","2545","563","282","281","9","572","1364","0","41.94","20.67"
"65","000","00","110","0006","0000","1414","690","724","12","1426","4888","0","29.17","14.12"
"65","000","00","110","0006","2516","283","133","150","5","288","1897","0","15.18","7.01"
"65","000","00","110","0006","2517","597","296","301","4","601","1577","0","38.11","18.77"
"65","000","00","110","0006","2518","534","261","273","3","537","1414","0","37.98","18.46"
"65","000","00","110","0007","0000","1957","994","963","16","1973","4758","0","41.47","20.89"
"65","000","00","110","0007","2509","687","342","345","8","695","1562","0","44.49","21.90"
"65","000","00","110","0007","2510","642","316","326","6","648","1629","0","39.78","19.40"
"65","000","00","110","0007","2511","628","336","292","2","630","1567","0","40.20","21.44"
"65","000","00","110","0008","0000","3151","1758","1393","40","3191","6286","0","50.76","27.97"
"65","000","00","110","0008","2522","686","384","302","10","696","1459","0","47.70","26.32"
"65","000","00","110","0008","2523","766","431","335","12","778","1586","0","49.05","27.18"
"65","000","00","110","0008","2524","855","479","376","5","860","1666","0","51.62","28.75"
"65","000","00","110","0008","2525","844","464","380","13","857","1575","0","54.41","29.46"
"65","000","00","110","0009","0000","1377","689","688","14","1391","3956","0","35.16","17.42"
"65","000","00","110","0009","2535","489","235","254","7","496","1359","0","36.50","17.29"
"65","000","00","110","0009","2536","451","235","216","3","454","1362","0","33.33","17.25"
"65","000","00","110","0009","2537","437","219","218","4","441","1235","0","35.71","17.73"
"65","000","00","110","0010","0000","632","302","330","7","639","1489","0","42.91","20.28"
"65","000","00","110","0010","2549","632","302","330","7","639","1489","0","42.91","20.28"
"65","000","00","110","0011","0000","544","264","280","7","551","1494","0","36.88","17.67"
"65","000","00","110","0011","2550","544","264","280","7","551","1494","0","36.88","17.67"
"65","000","00","110","0012","0000","1665","817","848","23","1688","4194","0","40.25","19.48"
"65","000","00","110","0012","2552","523","228","295","8","531","1297","0","40.94","17.58"
"65","000","00","110","0012","2553","623","309","314","8","631","1623","0","38.88","19.04"
"65","000","00","110","0012","2554","519","280","239","7","526","1274","0","41.29","21.98"
"65","000","00","110","0013","0000","936","440","496","4","940","2101","0","44.74","20.94"
"65","000","00","110","0013","2557","557","257","300","1","558","1310","0","42.60","19.62"
"65","000","00","110","0013","2558","379","183","196","3","382","791","0","48.29","23.14"
"65","000","00","110","0014","0000","2106","1064","1042","22","2128","5478","0","38.85","19.42"
"65","000","00","110","0014","2559","500","291","209","5","505","1245","0","40.56","23.37"
"65","000","00","110","0014","2560","505","238","267","5","510","1316","0","38.75","18.09"
"65","000","00","110","0014","2561","557","278","279","8","565","1603","0","35.25","17.34"
"65","000","00","110","0014","2562","544","257","287","4","548","1314","0","41.70","19.56"
"65","000","00","110","0015","0000","1596","824","772","12","1608","4648","0","34.60","17.73"
"65","000","00","110","0015","2563","423","233","190","6","429","1486","0","28.87","15.68"
"65","000","00","110","0015","2564","543","248","295","3","546","1553","0","35.16","15.97"
"65","000","00","110","0015","2565","630","343","287","3","633","1609","0","39.34","21.32"
"65","000","00","110","0016","0000","626","320","306","7","633","1479","0","42.80","21.64"
"65","000","00","110","0016","2566","626","320","306","7","633","1479","0","42.80","21.64"
"65","000","00","110","0017","0000","341","148","193","1","342","921","0","37.13","16.07"
"65","000","00","110","0017","2567","341","148","193","1","342","921","0","37.13","16.07"
"65","000","00","110","0018","0000","766","373","393","10","776","1990","0","38.99","18.74"
"65","000","00","110","0018","2575","766","373","393","10","776","1990","0","38.99","18.74"
"65","000","00","110","0019","0000","1714","778","936","21","1735","4527","0","38.33","17.19"
"65","000","00","110","0019","2569","657","295","362","5","662","1665","0","39.76","17.72"
"65","000","00","110","0019","2570","514","233","281","6","520","1472","0","35.33","15.83"
"65","000","00","110","0019","2571","543","250","293","10","553","1390","0","39.78","17.99"
"65","000","00","110","0020","0000","2406","1271","1135","23","2429","5282","0","45.99","24.06"
"65","000","00","110","0020","2609","656","371","285","6","662","1484","0","44.61","25.00"
"65","000","00","110","0020","2610","660","366","294","6","666","1313","0","50.72","27.88"
"65","000","00","110","0020","2611","601","292","309","8","609","1313","0","46.38","22.24"
"65","000","00","110","0020","2612","489","242","247","3","492","1172","0","41.98","20.65"
"65","000","00","110","0021","0000","1596","822","774","19","1615","3974","0","40.64","20.68"
"65","000","00","110","0021","2532","522","282","240","8","530","1227","0","43.19","22.98"
"65","000","00","110","0021","2533","533","241","292","10","543","1399","0","38.81","17.23"
"65","000","00","110","0021","2534","541","299","242","1","542","1348","0","40.21","22.18"
"65","000","00","110","0022","0000","1828","982","846","22","1850","4272","0","43.31","22.99"
"65","000","00","110","0022","2616","631","338","293","5","636","1457","0","43.65","23.20"
"65","000","00","110","0022","2617","572","324","248","8","580","1380","0","42.03","23.48"
"65","000","00","110","0022","2618","625","320","305","9","634","1435","0","44.18","22.30"
"65","000","00","110","0023","0000","216","107","109","2","218","542","0","40.22","19.74"
"65","000","00","110","0023","2551","216","107","109","2","218","542","0","40.22","19.74"
"65","000","00","110","0024","0000","1544","867","677","14","1558","3388","0","45.99","25.59"
"65","000","00","110","0024","2619","735","410","325","4","739","1745","0","42.35","23.50"
"65","000","00","110","0024","2620","809","457","352","10","819","1643","0","49.85","27.81"
"65","000","00","110","0025","0000","1325","787","538","13","1338","2728","0","49.05","28.85"
"65","000","00","110","0025","2621","607","400","207","6","613","1312","0","46.72","30.49"
"65","000","00","110","0025","2622","718","387","331","7","725","1416","0","51.20","27.33"
"65","000","00","110","0026","0000","2722","1386","1336","29","2751","7130","0","38.58","19.44"
"65","000","00","110","0026","2587","534","253","281","11","545","1408","0","38.71","17.97"
"65","000","00","110","0026","2588","500","255","245","7","507","1368","0","37.06","18.64"
"65","000","00","110","0026","2589","536","288","248","0","536","1460","0","36.71","19.73"
"65","000","00","110","0026","2590","551","279","272","8","559","1386","0","40.33","20.13"
"65","000","00","110","0026","2591","601","311","290","3","604","1508","0","40.05","20.62"
"65","000","00","110","0027","0000","2476","1437","1039","24","2500","5589","0","44.73","25.71"
"65","000","00","110","0027","2599","634","344","290","6","640","1388","0","46.11","24.78"
"65","000","00","110","0027","2600","552","313","239","6","558","1396","0","39.97","22.42"
"65","000","00","110","0027","2601","653","341","312","6","659","1429","0","46.12","23.86"
"65","000","00","110","0027","2602","637","439","198","6","643","1376","0","46.73","31.90"
"65","000","00","110","0028","0000","741","386","355","6","747","1675","0","44.60","23.04"
"65","000","00","110","0028","2500","741","386","355","6","747","1675","0","44.60","23.04"
"65","000","00","110","0029","0000","2444","1397","1047","16","2460","6767","0","36.35","20.64"
"65","000","00","110","0029","2581","631","324","307","4","635","1700","0","37.35","19.06"
"65","000","00","110","0029","2582","615","363","252","0","615","1655","0","37.16","21.93"
"65","000","00","110","0029","2583","649","377","272","8","657","1720","0","38.20","21.92"
"65","000","00","110","0029","2584","549","333","216","4","553","1692","0","32.68","19.68"
"65","000","00","110","0030","0000","2934","1647","1287","23","2957","7500","0","39.43","21.96"
"65","000","00","110","0030","2576","550","304","246","4","554","1416","0","39.12","21.47"
"65","000","00","110","0030","2577","585","313","272","6","591","1547","0","38.20","20.23"
"65","000","00","110","0030","2578","583","357","226","2","585","1512","0","38.69","23.61"
"65","000","00","110","0030","2579","600","320","280","4","604","1468","0","41.14","21.80"
"65","000","00","110","0030","2580","616","353","263","7","623","1557","0","40.01","22.67"
"65","000","00","110","0031","0000","2149","1126","1023","16","2165","5118","0","42.30","22.00"
"65","000","00","110","0031","2526","719","376","343","3","722","1683","0","42.90","22.34"
"65","000","00","110","0031","2527","647","329","318","6","653","1716","0","38.05","19.17"
"65","000","00","110","0031","2528","783","421","362","7","790","1719","0","45.96","24.49"
"65","000","00","110","0032","0000","1723","920","803","16","1739","4130","0","42.11","22.28"
"65","000","00","110","0032","2529","573","265","308","8","581","1534","0","37.87","17.28"
"65","000","00","110","0032","2530","656","370","286","2","658","1554","0","42.34","23.81"
"65","000","00","110","0032","2531","494","285","209","6","500","1042","0","47.98","27.35"
"65","000","00","110","0033","0000","1928","1003","925","23","1951","4841","0","40.30","20.72"
"65","000","00","110","0033","2572","629","347","282","6","635","1600","0","39.69","21.69"
"65","000","00","110","0033","2573","645","341","304","11","656","1660","0","39.52","20.54"
"65","000","00","110","0033","2574","654","315","339","6","660","1581","0","41.75","19.92"
"65","000","00","110","0034","0000","1128","569","559","15","1143","2985","0","38.29","19.06"
"65","000","00","110","0034","2592","608","287","321","8","616","1514","0","40.69","18.96"
"65","000","00","110","0034","2593","520","282","238","7","527","1471","0","35.83","19.17"
"65","000","00","110","0035","0000","1268","701","567","6","1274","2904","0","43.87","24.14"
"65","000","00","110","0035","2594","657","388","269","2","659","1423","0","46.31","27.27"
"65","000","00","110","0035","2595","611","313","298","4","615","1481","0","41.53","21.13"
"65","000","00","110","0036","0000","1866","961","905","20","1886","4716","0","39.99","20.38"
"65","000","00","110","0036","2596","611","327","284","5","616","1564","0","39.39","20.91"
"65","000","00","110","0036","2597","588","291","297","6","594","1493","0","39.79","19.49"
"65","000","00","110","0036","2598","667","343","324","9","676","1659","0","40.75","20.68"
"65","000","00","110","0037","0000","1631","996","635","18","1649","3115","0","52.94","31.97"
"65","000","00","110","0037","2613","738","464","274","10","748","1475","0","50.71","31.46"
"65","000","00","110","0037","2614","893","532","361","8","901","1640","0","54.94","32.44"
"65","000","00","110","0038","0000","514","192","322","3","517","1145","0","45.15","16.77"
"65","000","00","110","0038","2615","514","192","322","3","517","1145","0","45.15","16.77"
"65","000","00","110","0039","0000","2072","1194","878","21","2093","4238","0","49.39","28.17"
"65","000","00","110","0039","2623","577","283","294","10","587","1209","0","48.55","23.41"
"65","000","00","110","0039","2624","531","322","209","3","534","1080","0","49.44","29.81"
"65","000","00","110","0039","2625","964","589","375","8","972","1949","0","49.87","30.22"
"65","000","00","110","0040","0000","892","537","355","9","901","2598","0","34.68","20.67"
"65","000","00","110","0040","2585","491","300","191","4","495","1428","0","34.66","21.01"
"65","000","00","110","0040","2586","401","237","164","5","406","1170","0","34.70","20.26"
"65","000","00","110","0041","0000","1089","597","492","4","1093","2552","0","42.83","23.39"
"65","000","00","110","0041","2506","537","274","263","1","538","1262","0","42.63","21.71"
"65","000","00","110","0041","2507","552","323","229","3","555","1290","0","43.02","25.04"
"65","000","00","110","0042","0000","1918","1009","909","22","1940","4444","0","43.65","22.70"
"65","000","00","110","0042","2538","695","367","328","9","704","1693","0","41.58","21.68"
"65","000","00","110","0042","2539","661","312","349","8","669","1577","0","42.42","19.78"
"65","000","00","110","0042","2540","562","330","232","5","567","1174","0","48.30","28.11"
"65","000","00","110","0043","0000","2736","1655","1081","27","2763","6020","0","45.90","27.49"
"65","000","00","110","0043","2605","704","433","271","9","713","1571","0","45.39","27.56"
"65","000","00","110","0043","2606","709","425","284","4","713","1458","0","48.90","29.15"
"65","000","00","110","0043","2607","643","380","263","6","649","1568","0","41.39","24.23"
"65","000","00","110","0043","2608","680","417","263","8","688","1423","0","48.35","29.30"
"65","000","00","110","0044","0000","454","256","198","7","461","872","0","52.87","29.36"
"65","000","00","110","0044","2568","454","256","198","7","461","872","0","52.87","29.36"
"65","000","00","110","0045","0000","2261","1153","1108","23","2284","5639","0","40.50","20.45"
"65","000","00","110","0045","2512","522","260","262","8","530","1345","0","39.41","19.33"
"65","000","00","110","0045","2513","595","319","276","9","604","1426","0","42.36","22.37"
"65","000","00","110","0045","2514","582","290","292","2","584","1437","0","40.64","20.18"
"65","000","00","110","0045","2515","562","284","278","4","566","1431","0","39.55","19.85"
"65","000","00","110","0046","0000","1677","902","775","12","1689","3952","0","42.74","22.82"
"65","000","00","110","0046","2519","538","285","253","1","539","1277","0","42.21","22.32"
"65","000","00","110","0046","2520","538","252","286","5","543","1304","0","41.64","19.33"
"65","000","00","110","0046","2521","601","365","236","6","607","1371","0","44.27","26.62"
"65","000","00","110","0047","0000","2124","1256","868","20","2144","4633","0","46.28","27.11"
"65","000","00","110","0047","2546","810","470","340","4","814","1663","0","48.95","28.26"
"65","000","00","110","0047","2547","750","464","286","7","757","1703","0","44.45","27.25"
"65","000","00","110","0047","2548","564","322","242","9","573","1267","0","45.22","25.41"
"65","000","00","110","0048","0000","1844","1072","772","17","1861","4091","0","45.49","26.20"
"65","000","00","110","0048","2541","608","322","286","7","615","1270","0","48.43","25.35"
"65","000","00","110","0048","2542","614","366","248","2","616","1351","0","45.60","27.09"
"65","000","00","110","0048","2543","622","384","238","8","630","1470","0","42.86","26.12"
"65","000","00","110","0049","0000","1353","882","471","14","1367","2514","0","54.38","35.08"
"65","000","00","110","0049","2603","598","382","216","7","605","1154","0","52.43","33.10"
"65","000","00","110","0049","2604","755","500","255","7","762","1360","0","56.03","36.76"
"65","000","00","110","0050","0000","1035","600","435","7","1042","2680","0","38.88","22.39"
"65","000","00","110","0050","2555","784","503","281","5","789","1988","0","39.69","25.30"
"65","000","00","110","0050","2556","251","97","154","2","253","692","0","36.56","14.02"
"65","000","00","120","0000","0000","11955","6120","5835","139","12094","34231","38764","35.33","17.88"
"65","000","00","120","0001","0000","304","159","145","2","306","728","0","42.03","21.84"
"65","000","00","120","0001","2379","304","159","145","2","306","728","0","42.03","21.84"
"65","000","00","120","0002","0000","779","423","356","14","793","1862","0","42.59","22.72"
"65","000","00","120","0002","2380","447","235","212","11","458","1044","0","43.87","22.51"
"65","000","00","120","0002","2381","332","188","144","3","335","818","0","40.95","22.98"
"65","000","00","120","0003","0000","463","249","214","5","468","1203","0","38.90","20.70"
"65","000","00","120","0003","2382","463","249","214","5","468","1203","0","38.90","20.70"
"65","000","00","120","0004","0000","586","321","265","8","594","1573","0","37.76","20.41"
"65","000","00","120","0004","2384","326","182","144","4","330","861","0","38.33","21.14"
"65","000","00","120","0004","2385","260","139","121","4","264","712","0","37.08","19.52"
"65","000","00","120","0005","0000","477","282","195","8","485","1281","0","37.86","22.01"
"65","000","00","120","0005","2386","477","282","195","8","485","1281","0","37.86","22.01"
"65","000","00","120","0006","0000","216","120","96","6","222","598","0","37.12","20.07"
"65","000","00","120","0006","2383","216","120","96","6","222","598","0","37.12","20.07"
"65","000","00","120","0007","0000","1293","624","669","15","1308","3539","0","36.96","17.63"
"65","000","00","120","0007","2387","535","245","290","2","537","1534","0","35.01","15.97"
"65","000","00","120","0007","2388","369","188","181","5","374","945","0","39.58","19.89"
"65","000","00","120","0007","2389","389","191","198","8","397","1060","0","37.45","18.02"
"65","000","00","120","0008","0000","366","156","210","5","371","1041","0","35.64","14.99"
"65","000","00","120","0008","2394","366","156","210","5","371","1041","0","35.64","14.99"
"65","000","00","120","0009","0000","566","280","286","3","569","1589","0","35.81","17.62"
"65","000","00","120","0009","2392","343","167","176","0","343","954","0","35.95","17.51"
"65","000","00","120","0009","2393","223","113","110","3","226","635","0","35.59","17.80"
"65","000","00","120","0010","0000","466","238","228","6","472","1272","0","37.11","18.71"
"65","000","00","120","0010","2404","239","136","103","3","242","666","0","36.34","20.42"
"65","000","00","120","0010","2405","227","102","125","3","230","606","0","37.95","16.83"
"65","000","00","120","0011","0000","560","308","252","6","566","1680","0","33.69","18.33"
"65","000","00","120","0011","2399","307","149","158","3","310","815","0","38.04","18.28"
"65","000","00","120","0011","2400","253","159","94","3","256","865","0","29.60","18.38"
"65","000","00","120","0012","0000","982","499","483","9","991","2918","0","33.96","17.10"
"65","000","00","120","0012","2401","261","139","122","1","262","758","0","34.56","18.34"
"65","000","00","120","0012","2402","376","198","178","6","382","1137","0","33.60","17.41"
"65","000","00","120","0012","2403","345","162","183","2","347","1023","0","33.92","15.84"
"65","000","00","120","0013","0000","666","293","373","4","670","1891","0","35.43","15.49"
"65","000","00","120","0013","2406","371","172","199","3","374","1054","0","35.48","16.32"
"65","000","00","120","0013","2407","295","121","174","1","296","837","0","35.36","14.46"
"65","000","00","120","0014","0000","141","57","84","1","142","434","0","32.72","13.13"
"65","000","00","120","0014","2396","141","57","84","1","142","434","0","32.72","13.13"
"65","000","00","120","0015","0000","93","33","60","1","94","241","0","39.00","13.69"
"65","000","00","120","0015","2397","93","33","60","1","94","241","0","39.00","13.69"
"65","000","00","120","0016","0000","116","40","76","3","119","264","0","45.08","15.15"
"65","000","00","120","0016","2395","116","40","76","3","119","264","0","45.08","15.15"
"65","000","00","120","0017","0000","73","36","37","0","73","138","0","52.90","26.09"
"65","000","00","120","0017","2398","73","36","37","0","73","138","0","52.90","26.09"
"65","000","00","120","0018","0000","182","84","98","1","183","417","0","43.88","20.14"
"65","000","00","120","0018","2408","182","84","98","1","183","417","0","43.88","20.14"
"65","000","00","120","0019","0000","128","62","66","0","128","408","0","31.37","15.20"
"65","000","00","120","0019","2409","128","62","66","0","128","408","0","31.37","15.20"
"65","000","00","120","0020","0000","115","49","66","1","116","296","0","39.19","16.55"
"65","000","00","120","0020","2410","115","49","66","1","116","296","0","39.19","16.55"
"65","000","00","120","0021","0000","69","39","30","2","71","164","0","43.29","23.78"
"65","000","00","120","0021","2411","69","39","30","2","71","164","0","43.29","23.78"
"65","000","00","120","0022","0000","120","60","60","0","120","326","0","36.81","18.40"
"65","000","00","120","0022","2412","120","60","60","0","120","326","0","36.81","18.40"
"65","000","00","120","0023","0000","106","60","46","3","109","339","0","32.15","17.70"
"65","000","00","120","0023","2415","106","60","46","3","109","339","0","32.15","17.70"
"65","000","00","120","0024","0000","73","47","26","1","74","164","0","45.12","28.66"
"65","000","00","120","0024","2413","73","47","26","1","74","164","0","45.12","28.66"
"65","000","00","120","0025","0000","80","36","44","2","82","186","0","44.09","19.35"
"65","000","00","120","0025","2414","80","36","44","2","82","186","0","44.09","19.35"
"65","000","00","120","0026","0000","110","66","44","0","110","321","0","34.27","20.56"
"65","000","00","120","0026","2416","110","66","44","0","110","321","0","34.27","20.56"
"65","000","00","120","0027","0000","79","37","42","1","80","286","0","27.97","12.94"
"65","000","00","120","0027","2418","79","37","42","1","80","286","0","27.97","12.94"
"65","000","00","120","0028","0000","166","94","72","4","170","459","0","37.04","20.48"
"65","000","00","120","0028","2417","166","94","72","4","170","459","0","37.04","20.48"
"65","000","00","120","0029","0000","335","193","142","3","338","1241","0","27.24","15.55"
"65","000","00","120","0029","2421","335","193","142","3","338","1241","0","27.24","15.55"
"65","000","00","120","0030","0000","591","310","281","5","596","1905","0","31.29","16.27"
"65","000","00","120","0030","2422","339","167","172","3","342","979","0","34.93","17.06"
"65","000","00","120","0030","2423","252","143","109","2","254","926","0","27.43","15.44"
"65","000","00","120","0031","0000","362","211","151","5","367","1290","0","28.45","16.36"
"65","000","00","120","0031","2424","362","211","151","5","367","1290","0","28.45","16.36"
"65","000","00","120","0032","0000","118","53","65","2","120","264","0","45.45","20.08"
"65","000","00","120","0032","2419","118","53","65","2","120","264","0","45.45","20.08"
"65","000","00","120","0033","0000","265","111","154","5","270","853","0","31.65","13.01"
"65","000","00","120","0033","2420","265","111","154","5","270","853","0","31.65","13.01"
"65","000","00","120","0034","0000","909","490","419","8","917","3060","0","29.97","16.01"
"65","000","00","120","0034","2390","462","243","219","3","465","1454","0","31.98","16.71"
"65","000","00","120","0034","2391","447","247","200","5","452","1606","0","28.14","15.38"
"65","000","00","130","0000","0000","80633","38693","41940","797","81430","203012","238020","40.11","19.06"
"65","000","00","130","0001","0000","1286","591","695","11","1297","5065","0","25.61","11.67"
"65","000","00","130","0001","1912","433","194","239","6","439","2800","0","15.68","6.93"
"65","000","00","130","0001","1913","451","212","239","3","454","1215","0","37.37","17.45"
"65","000","00","130","0001","1914","402","185","217","2","404","1050","0","38.48","17.62"
"65","000","00","130","0002","0000","738","366","372","14","752","1838","0","40.91","19.91"
"65","000","00","130","0002","1915","376","181","195","10","386","952","0","40.55","19.01"
"65","000","00","130","0002","1916","362","185","177","4","366","886","0","41.31","20.88"
"65","000","00","130","0003","0000","2581","1315","1266","22","2603","6368","0","40.88","20.65"
"65","000","00","130","0003","1922","620","298","322","7","627","1619","0","38.73","18.41"
"65","000","00","130","0003","1923","646","335","311","6","652","1625","0","40.12","20.62"
"65","000","00","130","0003","1924","651","323","328","3","654","1521","0","43.00","21.24"
"65","000","00","130","0003","1925","664","359","305","6","670","1603","0","41.80","22.40"
"65","000","00","130","0004","0000","1839","876","963","23","1862","4879","0","38.16","17.95"
"65","000","00","130","0004","1908","515","240","275","9","524","1322","0","39.64","18.15"
"65","000","00","130","0004","1909","440","204","236","4","444","1209","0","36.72","16.87"
"65","000","00","130","0004","1910","457","273","184","5","462","1171","0","39.45","23.31"
"65","000","00","130","0004","1911","427","159","268","5","432","1177","0","36.70","13.51"
"65","000","00","130","0005","0000","989","723","266","9","998","1844","0","54.12","39.21"
"65","000","00","130","0005","1917","452","318","134","6","458","895","0","51.17","35.53"
"65","000","00","130","0005","1918","537","405","132","3","540","949","0","56.90","42.68"
"65","000","00","130","0006","0000","1718","786","932","18","1736","4107","0","42.27","19.14"
"65","000","00","130","0006","1934","579","242","337","9","588","1365","0","43.08","17.73"
"65","000","00","130","0006","1935","506","278","228","3","509","1374","0","37.05","20.23"
"65","000","00","130","0006","1936","633","266","367","6","639","1368","0","46.71","19.44"
"65","000","00","130","0007","0000","2375","1024","1351","18","2393","5788","0","41.34","17.69"
"65","000","00","130","0007","1930","678","324","354","4","682","1558","0","43.77","20.80"
"65","000","00","130","0007","1931","619","270","349","9","628","1488","0","42.20","18.15"
"65","000","00","130","0007","1932","564","219","345","4","568","1477","0","38.46","14.83"
"65","000","00","130","0007","1933","514","211","303","1","515","1265","0","40.71","16.68"
"65","000","00","130","0008","0000","1610","700","910","12","1622","3999","0","40.56","17.50"
"65","000","00","130","0008","1941","467","211","256","5","472","1247","0","37.85","16.92"
"65","000","00","130","0008","1942","671","289","382","1","672","1652","0","40.68","17.49"
"65","000","00","130","0008","1943","472","200","272","6","478","1100","0","43.45","18.18"
"65","000","00","130","0009","0000","1318","658","660","19","1337","3209","0","41.66","20.50"
"65","000","00","130","0009","1972","460","229","231","11","471","1130","0","41.68","20.27"
"65","000","00","130","0009","1973","410","204","206","4","414","1017","0","40.71","20.06"
"65","000","00","130","0009","1974","448","225","223","4","452","1062","0","42.56","21.19"
"65","000","00","130","0010","0000","3172","1577","1595","21","3193","7337","0","43.52","21.49"
"65","000","00","130","0010","1954","634","285","349","4","638","1545","0","41.29","18.45"
"65","000","00","130","0010","1955","584","274","310","1","585","1409","0","41.52","19.45"
"65","000","00","130","0010","1956","649","305","344","4","653","1506","0","43.36","20.25"
"65","000","00","130","0010","1957","664","353","311","8","672","1470","0","45.71","24.01"
"65","000","00","130","0010","1958","641","360","281","4","645","1407","0","45.84","25.59"
"65","000","00","130","0011","0000","1076","435","641","9","1085","2741","0","39.58","15.87"
"65","000","00","130","0011","1944","527","203","324","8","535","1322","0","40.47","15.36"
"65","000","00","130","0011","1945","549","232","317","1","550","1419","0","38.76","16.35"
"65","000","00","130","0012","0000","2800","1297","1503","28","2828","7167","0","39.46","18.10"
"65","000","00","130","0012","1990","440","202","238","5","445","1261","0","35.29","16.02"
"65","000","00","130","0012","1991","532","249","283","6","538","1314","0","40.94","18.95"
"65","000","00","130","0012","1992","602","283","319","5","607","1512","0","40.15","18.72"
"65","000","00","130","0012","1993","640","292","348","9","649","1553","0","41.79","18.80"
"65","000","00","130","0012","1994","586","271","315","3","589","1527","0","38.57","17.75"
"65","000","00","130","0013","0000","1977","882","1095","24","2001","5572","0","35.91","15.83"
"65","000","00","130","0013","1979","500","209","291","2","502","1292","0","38.85","16.18"
"65","000","00","130","0013","1980","468","182","286","10","478","1483","0","32.23","12.27"
"65","000","00","130","0013","1981","504","220","284","4","508","1411","0","36.00","15.59"
"65","000","00","130","0013","1982","505","271","234","8","513","1386","0","37.01","19.55"
"65","000","00","130","0014","0000","1488","792","696","16","1504","3780","0","39.79","20.95"
"65","000","00","130","0014","1995","486","242","244","8","494","1228","0","40.23","19.71"
"65","000","00","130","0014","1996","446","237","209","5","451","1228","0","36.73","19.30"
"65","000","00","130","0014","1997","556","313","243","3","559","1324","0","42.22","23.64"
"65","000","00","130","0015","0000","575","243","332","8","583","1455","0","40.07","16.70"
"65","000","00","130","0015","1983","575","243","332","8","583","1455","0","40.07","16.70"
"65","000","00","130","0016","0000","2430","1245","1185","25","2455","6034","0","40.69","20.63"
"65","000","00","130","0016","1984","549","262","287","4","553","1479","0","37.39","17.71"
"65","000","00","130","0016","1985","628","334","294","3","631","1492","0","42.29","22.39"
"65","000","00","130","0016","1986","633","330","303","9","642","1565","0","41.02","21.09"
"65","000","00","130","0016","1987","620","319","301","9","629","1498","0","41.99","21.30"
"65","000","00","130","0017","0000","2362","1074","1288","33","2395","6492","0","36.89","16.54"
"65","000","00","130","0017","2008","557","261","296","6","563","1314","0","42.85","19.86"
"65","000","00","130","0017","2009","442","200","242","6","448","1306","0","34.30","15.31"
"65","000","00","130","0017","2010","391","184","207","5","396","1144","0","34.62","16.08"
"65","000","00","130","0017","2011","469","208","261","9","478","1267","0","37.73","16.42"
"65","000","00","130","0017","2012","503","221","282","7","510","1461","0","34.91","15.13"
"65","000","00","130","0018","0000","2474","1100","1374","23","2497","6188","0","40.35","17.78"
"65","000","00","130","0018","2022","575","261","314","4","579","1463","0","39.58","17.84"
"65","000","00","130","0018","2023","720","319","401","10","730","1610","0","45.34","19.81"
"65","000","00","130","0018","2024","577","273","304","3","580","1540","0","37.66","17.73"
"65","000","00","130","0018","2025","602","247","355","6","608","1575","0","38.60","15.68"
"65","000","00","130","0019","0000","1737","770","967","16","1753","4348","0","40.32","17.71"
"65","000","00","130","0019","2001","586","246","340","8","594","1312","0","45.27","18.75"
"65","000","00","130","0019","2002","563","282","281","3","566","1509","0","37.51","18.69"
"65","000","00","130","0019","2003","588","242","346","5","593","1527","0","38.83","15.85"
"65","000","00","130","0020","0000","1851","879","972","22","1873","4345","0","43.11","20.23"
"65","000","00","130","0020","1904","498","224","274","7","505","1220","0","41.39","18.36"
"65","000","00","130","0020","1905","559","239","320","7","566","1201","0","47.13","19.90"
"65","000","00","130","0020","1906","378","215","163","7","385","968","0","39.77","22.21"
"65","000","00","130","0020","1907","416","201","215","1","417","956","0","43.62","21.03"
"65","000","00","130","0021","0000","2682","1290","1392","25","2707","7273","0","37.22","17.74"
"65","000","00","130","0021","1899","508","220","288","7","515","1510","0","34.11","14.57"
"65","000","00","130","0021","1900","567","255","312","5","572","1484","0","38.54","17.18"
"65","000","00","130","0021","1901","478","204","274","7","485","1399","0","34.67","14.58"
"65","000","00","130","0021","1902","554","313","241","1","555","1357","0","40.90","23.07"
"65","000","00","130","0021","1903","575","298","277","5","580","1523","0","38.08","19.57"
"65","000","00","130","0022","0000","1727","770","957","28","1755","4244","0","41.35","18.14"
"65","000","00","130","0022","1896","537","239","298","9","546","1326","0","41.18","18.02"
"65","000","00","130","0022","1897","512","238","274","5","517","1329","0","38.90","17.91"
"65","000","00","130","0022","1898","678","293","385","14","692","1589","0","43.55","18.44"
"65","000","00","130","0023","0000","1719","852","867","24","1743","4447","0","39.19","19.16"
"65","000","00","130","0023","1893","570","284","286","6","576","1408","0","40.91","20.17"
"65","000","00","130","0023","1894","566","330","236","10","576","1556","0","37.02","21.21"
"65","000","00","130","0023","1895","583","238","345","8","591","1483","0","39.85","16.05"
"65","000","00","130","0024","0000","1794","898","896","22","1816","4672","0","38.87","19.22"
"65","000","00","130","0024","1890","481","252","229","6","487","1377","0","35.37","18.30"
"65","000","00","130","0024","1891","612","297","315","4","616","1638","0","37.61","18.13"
"65","000","00","130","0024","1892","701","349","352","12","713","1657","0","43.03","21.06"
"65","000","00","130","0025","0000","1155","698","457","7","1162","2561","0","45.37","27.25"
"65","000","00","130","0025","1888","568","323","245","3","571","1299","0","43.96","24.87"
"65","000","00","130","0025","1889","587","375","212","4","591","1262","0","46.83","29.71"
"65","000","00","130","0026","0000","570","216","354","4","574","1476","0","38.89","14.63"
"65","000","00","130","0026","1887","570","216","354","4","574","1476","0","38.89","14.63"
"65","000","00","130","0027","0000","1831","882","949","26","1857","4491","0","41.35","19.64"
"65","000","00","130","0027","1961","626","309","317","11","637","1559","0","40.86","19.82"
"65","000","00","130","0027","1962","579","235","344","9","588","1402","0","41.94","16.76"
"65","000","00","130","0027","1963","626","338","288","6","632","1530","0","41.31","22.09"
"65","000","00","130","0028","0000","2205","1129","1076","19","2224","4980","0","44.66","22.67"
"65","000","00","130","0028","1949","727","368","359","6","733","1695","0","43.24","21.71"
"65","000","00","130","0028","1950","757","412","345","6","763","1605","0","47.54","25.67"
"65","000","00","130","0028","1951","721","349","372","7","728","1680","0","43.33","20.77"
"65","000","00","130","0029","0000","1272","587","685","14","1286","3076","0","41.81","19.08"
"65","000","00","130","0029","1964","678","306","372","11","689","1574","0","43.77","19.44"
"65","000","00","130","0029","1965","594","281","313","3","597","1502","0","39.75","18.71"
"65","000","00","130","0030","0000","1525","717","808","9","1534","3907","0","39.26","18.35"
"65","000","00","130","0030","2016","513","248","265","4","517","1249","0","41.39","19.86"
"65","000","00","130","0030","2017","526","235","291","4","530","1314","0","40.33","17.88"
"65","000","00","130","0030","2018","486","234","252","1","487","1344","0","36.24","17.41"
"65","000","00","130","0031","0000","1819","811","1008","14","1833","4353","0","42.11","18.63"
"65","000","00","130","0031","2026","631","278","353","2","633","1363","0","46.44","20.40"
"65","000","00","130","0031","2027","600","253","347","8","608","1489","0","40.83","16.99"
"65","000","00","130","0031","2028","588","280","308","4","592","1501","0","39.44","18.65"
"65","000","00","130","0032","0000","1162","557","605","16","1178","2751","0","42.82","20.25"
"65","000","00","130","0032","1977","592","288","304","7","599","1387","0","43.19","20.76"
"65","000","00","130","0032","1978","570","269","301","9","579","1364","0","42.45","19.72"
"65","000","00","130","0033","0000","1938","905","1033","16","1954","4879","0","40.05","18.55"
"65","000","00","130","0033","1926","521","230","291","5","526","1264","0","41.61","18.20"
"65","000","00","130","0033","1927","397","173","224","4","401","1131","0","35.46","15.30"
"65","000","00","130","0033","1928","553","287","266","5","558","1306","0","42.73","21.98"
"65","000","00","130","0033","1929","467","215","252","2","469","1178","0","39.81","18.25"
"65","000","00","130","0034","0000","1432","615","817","17","1449","3854","0","37.60","15.96"
"65","000","00","130","0034","2013","442","208","234","6","448","1198","0","37.40","17.36"
"65","000","00","130","0034","2014","572","234","338","7","579","1443","0","40.12","16.22"
"65","000","00","130","0034","2015","418","173","245","4","422","1213","0","34.79","14.26"
"65","000","00","130","0035","0000","1627","776","851","17","1644","3997","0","41.13","19.41"
"65","000","00","130","0035","1946","458","213","245","2","460","1239","0","37.13","17.19"
"65","000","00","130","0035","1947","504","216","288","6","510","1314","0","38.81","16.44"
"65","000","00","130","0035","1948","665","347","318","9","674","1444","0","46.68","24.03"
"65","000","00","130","0036","0000","1974","887","1087","19","1993","4880","0","40.84","18.18"
"65","000","00","130","0036","1937","476","178","298","3","479","1117","0","42.88","15.94"
"65","000","00","130","0036","1938","502","224","278","2","504","1290","0","39.07","17.36"
"65","000","00","130","0036","1939","537","254","283","3","540","1342","0","40.24","18.93"
"65","000","00","130","0036","1940","459","231","228","11","470","1131","0","41.56","20.42"
"65","000","00","130","0037","0000","1439","732","707","11","1450","3873","0","37.44","18.90"
"65","000","00","130","0037","1919","485","253","232","9","494","1302","0","37.94","19.43"
"65","000","00","130","0037","1920","484","233","251","0","484","1333","0","36.31","17.48"
"65","000","00","130","0037","1921","470","246","224","2","472","1238","0","38.13","19.87"
"65","000","00","130","0038","0000","1811","877","934","19","1830","4972","0","36.81","17.64"
"65","000","00","130","0038","1998","465","243","222","5","470","1384","0","33.96","17.56"
"65","000","00","130","0038","1999","554","251","303","8","562","1556","0","36.12","16.13"
"65","000","00","130","0038","2000","792","383","409","6","798","2032","0","39.27","18.85"
"65","000","00","130","0039","0000","1294","539","755","8","1302","2895","0","44.97","18.62"
"65","000","00","130","0039","1952","573","258","315","5","578","1341","0","43.10","19.24"
"65","000","00","130","0039","1953","721","281","440","3","724","1554","0","46.59","18.08"
"65","000","00","130","0040","0000","2359","1132","1227","20","2379","5897","0","40.34","19.20"
"65","000","00","130","0040","2029","648","305","343","4","652","1527","0","42.70","19.97"
"65","000","00","130","0040","2030","532","253","279","8","540","1350","0","40.00","18.74"
"65","000","00","130","0040","2031","601","267","334","1","602","1493","0","40.32","17.88"
"65","000","00","130","0040","2032","578","307","271","7","585","1527","0","38.31","20.10"
"65","000","00","130","0041","0000","1215","591","624","9","1224","2851","0","42.93","20.73"
"65","000","00","130","0041","1975","634","302","332","3","637","1508","0","42.24","20.03"
"65","000","00","130","0041","1976","581","289","292","6","587","1343","0","43.71","21.52"
"65","000","00","130","0042","0000","1873","932","941","19","1892","4214","0","44.90","22.12"
"65","000","00","130","0042","1969","618","343","275","5","623","1431","0","43.54","23.97"
"65","000","00","130","0042","1970","607","284","323","4","611","1299","0","47.04","21.86"
"65","000","00","130","0042","1971","648","305","343","10","658","1484","0","44.34","20.55"
"65","000","00","130","0043","0000","2200","1152","1048","21","2221","5145","0","43.17","22.39"
"65","000","00","130","0043","1966","705","359","346","6","711","1689","0","42.10","21.26"
"65","000","00","130","0043","1967","703","354","349","7","710","1671","0","42.49","21.18"
"65","000","00","130","0043","1968","792","439","353","8","800","1785","0","44.82","24.59"
"65","000","00","130","0044","0000","1242","616","626","12","1254","3049","0","41.13","20.20"
"65","000","00","130","0044","1959","647","328","319","4","651","1592","0","40.89","20.60"
"65","000","00","130","0044","1960","595","288","307","8","603","1457","0","41.39","19.77"
"65","000","00","130","0045","0000","1080","476","604","3","1083","2621","0","41.32","18.16"
"65","000","00","130","0045","1988","622","277","345","0","622","1353","0","45.97","20.47"
"65","000","00","130","0045","1989","458","199","259","3","461","1268","0","36.36","15.69"
"65","000","00","130","0046","0000","1995","1136","859","15","2010","5390","0","37.29","21.08"
"65","000","00","130","0046","2004","468","278","190","2","470","1290","0","36.43","21.55"
"65","000","00","130","0046","2005","532","318","214","5","537","1377","0","39.00","23.09"
"65","000","00","130","0046","2006","495","267","228","6","501","1344","0","37.28","19.87"
"65","000","00","130","0046","2007","500","273","227","2","502","1379","0","36.40","19.80"
"65","000","00","130","0047","0000","1297","587","710","12","1309","3708","0","35.30","15.83"
"65","000","00","130","0047","2019","476","246","230","3","479","1358","0","35.27","18.11"
"65","000","00","130","0047","2020","373","169","204","4","377","1143","0","32.98","14.79"
"65","000","00","130","0047","2021","448","172","276","5","453","1207","0","37.53","14.25"
"65","000","00","140","0000","0000","67451","27510","39941","702","68153","170282","202131","40.02","16.16"
"65","000","00","140","0001","0000","4818","2171","2647","43","4861","11581","0","41.97","18.75"
"65","000","00","140","0001","0647","630","299","331","4","634","1574","0","40.28","19.00"
"65","000","00","140","0001","0648","768","358","410","6","774","1667","0","46.43","21.48"
"65","000","00","140","0001","0649","616","243","373","7","623","1537","0","40.53","15.81"
"65","000","00","140","0001","0650","831","397","434","4","835","1816","0","45.98","21.86"
"65","000","00","140","0001","0651","616","267","349","4","620","1588","0","39.04","16.81"
"65","000","00","140","0001","0652","711","329","382","10","721","1735","0","41.56","18.96"
"65","000","00","140","0001","0653","646","278","368","8","654","1664","0","39.30","16.71"
"65","000","00","140","0002","0000","2041","854","1187","22","2063","5216","0","39.55","16.37"
"65","000","00","140","0002","0638","560","272","288","10","570","1369","0","41.64","19.87"
"65","000","00","140","0002","0639","568","208","360","4","572","1342","0","42.62","15.50"
"65","000","00","140","0002","0640","454","169","285","1","455","1240","0","36.69","13.63"
"65","000","00","140","0002","0641","459","205","254","7","466","1265","0","36.84","16.21"
"65","000","00","140","0003","0000","1452","590","862","15","1467","3615","0","40.58","16.32"
"65","000","00","140","0003","0625","488","190","298","4","492","1311","0","37.53","14.49"
"65","000","00","140","0003","0626","598","244","354","8","606","1490","0","40.67","16.38"
"65","000","00","140","0003","0627","366","156","210","3","369","814","0","45.33","19.16"
"65","000","00","140","0004","0000","1917","772","1145","16","1933","4716","0","40.99","16.37"
"65","000","00","140","0004","0619","697","272","425","2","699","1591","0","43.93","17.10"
"65","000","00","140","0004","0620","611","239","372","8","619","1492","0","41.49","16.02"
"65","000","00","140","0004","0621","609","261","348","6","615","1633","0","37.66","15.98"
"65","000","00","140","0005","0000","1274","552","722","17","1291","3348","0","38.56","16.49"
"65","000","00","140","0005","0725","612","261","351","7","619","1636","0","37.84","15.95"
"65","000","00","140","0005","0726","662","291","371","10","672","1712","0","39.25","17.00"
"65","000","00","140","0006","0000","3640","1476","2164","41","3681","9167","0","40.15","16.10"
"65","000","00","140","0006","0715","766","324","442","11","777","1811","0","42.90","17.89"
"65","000","00","140","0006","0716","659","254","405","8","667","1803","0","36.99","14.09"
"65","000","00","140","0006","0717","760","300","460","7","767","1882","0","40.75","15.94"
"65","000","00","140","0006","0718","683","280","403","6","689","1805","0","38.17","15.51"
"65","000","00","140","0006","0719","772","318","454","9","781","1866","0","41.85","17.04"
"65","000","00","140","0007","0000","2455","1121","1334","24","2479","5872","0","42.22","19.09"
"65","000","00","140","0007","0671","664","323","341","7","671","1522","0","44.09","21.22"
"65","000","00","140","0007","0672","740","332","408","7","747","1714","0","43.58","19.37"
"65","000","00","140","0007","0673","434","179","255","3","437","1073","0","40.73","16.68"
"65","000","00","140","0007","0674","617","287","330","7","624","1563","0","39.92","18.36"
"65","000","00","140","0008","0000","1935","802","1133","21","1956","4812","0","40.65","16.67"
"65","000","00","140","0008","0685","711","300","411","6","717","1735","0","41.33","17.29"
"65","000","00","140","0008","0686","627","277","350","11","638","1573","0","40.56","17.61"
"65","000","00","140","0008","0687","597","225","372","4","601","1504","0","39.96","14.96"
"65","000","00","140","0009","0000","2242","1015","1227","17","2259","5571","0","40.55","18.22"
"65","000","00","140","0009","0688","515","220","295","4","519","1321","0","39.29","16.65"
"65","000","00","140","0009","0689","537","235","302","4","541","1380","0","39.20","17.03"
"65","000","00","140","0009","0690","506","216","290","5","511","1378","0","37.08","15.67"
"65","000","00","140","0009","0691","684","344","340","4","688","1492","0","46.11","23.06"
"65","000","00","140","0010","0000","1230","456","774","13","1243","2798","0","44.42","16.30"
"65","000","00","140","0010","0692","554","200","354","4","558","1306","0","42.73","15.31"
"65","000","00","140","0010","0693","676","256","420","9","685","1492","0","45.91","17.16"
"65","000","00","140","0011","0000","1294","550","744","17","1311","2888","0","45.39","19.04"
"65","000","00","140","0011","0706","693","305","388","9","702","1549","0","45.32","19.69"
"65","000","00","140","0011","0707","601","245","356","8","609","1339","0","45.48","18.30"
"65","000","00","140","0012","0000","939","390","549","13","952","2322","0","41.00","16.80"
"65","000","00","140","0012","0704","454","190","264","7","461","1151","0","40.05","16.51"
"65","000","00","140","0012","0705","485","200","285","6","491","1171","0","41.93","17.08"
"65","000","00","140","0013","0000","736","288","448","3","739","1885","0","39.20","15.28"
"65","000","00","140","0013","0694","736","288","448","3","739","1885","0","39.20","15.28"
"65","000","00","140","0014","0000","1178","490","688","11","1189","2972","0","40.01","16.49"
"65","000","00","140","0014","0700","538","248","290","5","543","1321","0","41.11","18.77"
"65","000","00","140","0014","0701","640","242","398","6","646","1651","0","39.13","14.66"
"65","000","00","140","0015","0000","1907","753","1154","31","1938","5162","0","37.54","14.59"
"65","000","00","140","0015","0654","578","213","365","8","586","1648","0","35.56","12.92"
"65","000","00","140","0015","0655","664","278","386","7","671","1726","0","38.88","16.11"
"65","000","00","140","0015","0656","665","262","403","16","681","1788","0","38.09","14.65"
"65","000","00","140","0016","0000","2137","889","1248","19","2156","5439","0","39.64","16.34"
"65","000","00","140","0016","0657","729","306","423","8","737","1869","0","39.43","16.37"
"65","000","00","140","0016","0658","684","285","399","4","688","1773","0","38.80","16.07"
"65","000","00","140","0016","0659","724","298","426","7","731","1797","0","40.68","16.58"
"65","000","00","140","0017","0000","2240","870","1370","31","2271","5948","0","38.18","14.63"
"65","000","00","140","0017","0664","503","174","329","3","506","1370","0","36.93","12.70"
"65","000","00","140","0017","0665","532","194","338","5","537","1452","0","36.98","13.36"
"65","000","00","140","0017","0666","574","241","333","17","591","1547","0","38.20","15.58"
"65","000","00","140","0017","0667","631","261","370","6","637","1579","0","40.34","16.53"
"65","000","00","140","0018","0000","1398","532","866","13","1411","3564","0","39.59","14.93"
"65","000","00","140","0018","0675","733","295","438","5","738","1798","0","41.05","16.41"
"65","000","00","140","0018","0676","665","237","428","8","673","1766","0","38.11","13.42"
"65","000","00","140","0019","0000","2193","956","1237","23","2216","5243","0","42.27","18.23"
"65","000","00","140","0019","0677","584","228","356","9","593","1439","0","41.21","15.84"
"65","000","00","140","0019","0678","557","243","314","4","561","1396","0","40.19","17.41"
"65","000","00","140","0019","0679","602","277","325","6","608","1362","0","44.64","20.34"
"65","000","00","140","0019","0680","450","208","242","4","454","1046","0","43.40","19.89"
"65","000","00","140","0020","0000","1357","494","863","11","1368","3166","0","43.21","15.60"
"65","000","00","140","0020","0681","676","248","428","5","681","1558","0","43.71","15.92"
"65","000","00","140","0020","0682","681","246","435","6","687","1608","0","42.72","15.30"
"65","000","00","140","0021","0000","3217","1274","1943","34","3251","8441","0","38.51","15.09"
"65","000","00","140","0021","0710","681","305","376","4","685","1706","0","40.15","17.88"
"65","000","00","140","0021","0711","584","218","366","6","590","1564","0","37.72","13.94"
"65","000","00","140","0021","0712","675","258","417","11","686","1798","0","38.15","14.35"
"65","000","00","140","0021","0713","655","227","428","7","662","1759","0","37.64","12.91"
"65","000","00","140","0021","0714","622","266","356","6","628","1614","0","38.91","16.48"
"65","000","00","140","0022","0000","1888","742","1146","16","1904","4663","0","40.83","15.91"
"65","000","00","140","0022","0720","654","256","398","6","660","1503","0","43.91","17.03"
"65","000","00","140","0022","0721","651","239","412","6","657","1644","0","39.96","14.54"
"65","000","00","140","0022","0722","583","247","336","4","587","1516","0","38.72","16.29"
"65","000","00","140","0023","0000","1019","415","604","14","1033","2855","0","36.18","14.54"
"65","000","00","140","0023","0645","459","190","269","4","463","1338","0","34.60","14.20"
"65","000","00","140","0023","0646","560","225","335","10","570","1517","0","37.57","14.83"
"65","000","00","140","0024","0000","1862","776","1086","8","1870","4834","0","38.68","16.05"
"65","000","00","140","0024","0631","619","253","366","2","621","1559","0","39.83","16.23"
"65","000","00","140","0024","0632","606","233","373","3","609","1595","0","38.18","14.61"
"65","000","00","140","0024","0633","637","290","347","3","640","1680","0","38.10","17.26"
"65","000","00","140","0025","0000","1252","496","756","13","1265","2975","0","42.52","16.67"
"65","000","00","140","0025","0636","637","210","427","4","641","1539","0","41.65","13.65"
"65","000","00","140","0025","0637","615","286","329","9","624","1436","0","43.45","19.92"
"65","000","00","140","0026","0000","1230","493","737","20","1250","2688","0","46.50","18.34"
"65","000","00","140","0026","0702","644","271","373","9","653","1327","0","49.21","20.42"
"65","000","00","140","0026","0703","586","222","364","11","597","1361","0","43.86","16.31"
"65","000","00","140","0027","0000","1965","773","1192","18","1983","4838","0","40.99","15.98"
"65","000","00","140","0027","0695","677","265","412","4","681","1714","0","39.73","15.46"
"65","000","00","140","0027","0696","670","281","389","6","676","1566","0","43.17","17.94"
"65","000","00","140","0027","0697","618","227","391","8","626","1558","0","40.18","14.57"
"65","000","00","140","0028","0000","1583","659","924","21","1604","4916","0","32.63","13.41"
"65","000","00","140","0028","0698","828","374","454","9","837","3136","0","26.69","11.93"
"65","000","00","140","0028","0699","755","285","470","12","767","1780","0","43.09","16.01"
"65","000","00","140","0029","0000","1705","683","1022","18","1723","4262","0","40.43","16.03"
"65","000","00","140","0029","0622","513","198","315","5","518","1319","0","39.27","15.01"
"65","000","00","140","0029","0623","562","195","367","5","567","1381","0","41.06","14.12"
"65","000","00","140","0029","0624","630","290","340","8","638","1562","0","40.85","18.57"
"65","000","00","140","0030","0000","1323","562","761","15","1338","3431","0","39.00","16.38"
"65","000","00","140","0030","0727","596","247","349","7","603","1560","0","38.65","15.83"
"65","000","00","140","0030","0728","727","315","412","8","735","1871","0","39.28","16.84"
"65","000","00","140","0031","0000","1623","569","1054","12","1635","4622","0","35.37","12.31"
"65","000","00","140","0031","0642","493","182","311","5","498","1537","0","32.40","11.84"
"65","000","00","140","0031","0643","577","191","386","2","579","1498","0","38.65","12.75"
"65","000","00","140","0031","0644","553","196","357","5","558","1587","0","35.16","12.35"
"65","000","00","140","0032","0000","1011","434","577","9","1020","2400","0","42.50","18.08"
"65","000","00","140","0032","0708","609","273","336","6","615","1483","0","41.47","18.41"
"65","000","00","140","0032","0709","402","161","241","3","405","917","0","44.17","17.56"
"65","000","00","140","0033","0000","875","310","565","6","881","2171","0","40.58","14.28"
"65","000","00","140","0033","0723","441","169","272","4","445","1183","0","37.62","14.29"
"65","000","00","140","0033","0724","434","141","293","2","436","988","0","44.13","14.27"
"65","000","00","140","0034","0000","1212","478","734","12","1224","2886","0","42.41","16.56"
"65","000","00","140","0034","0683","679","259","420","3","682","1655","0","41.21","15.65"
"65","000","00","140","0034","0684","533","219","314","9","542","1231","0","44.03","17.79"
"65","000","00","140","0035","0000","1835","663","1172","19","1854","4625","0","40.09","14.34"
"65","000","00","140","0035","0628","564","198","366","4","568","1367","0","41.55","14.48"
"65","000","00","140","0035","0629","695","276","419","11","706","1659","0","42.56","16.64"
"65","000","00","140","0035","0630","576","189","387","4","580","1599","0","36.27","11.82"
"65","000","00","140","0036","0000","1478","581","897","15","1493","3685","0","40.52","15.77"
"65","000","00","140","0036","0634","780","329","451","6","786","1897","0","41.43","17.34"
"65","000","00","140","0036","0635","698","252","446","9","707","1788","0","39.54","14.09"
"65","000","00","140","0037","0000","2585","1018","1567","31","2616","6695","0","39.07","15.21"
"65","000","00","140","0037","0660","618","255","363","7","625","1637","0","38.18","15.58"
"65","000","00","140","0037","0661","657","278","379","10","667","1729","0","38.58","16.08"
"65","000","00","140","0037","0662","677","264","413","9","686","1761","0","38.96","14.99"
"65","000","00","140","0037","0663","633","221","412","5","638","1568","0","40.69","14.09"
"65","000","00","140","0038","0000","1405","563","842","20","1425","4010","0","35.54","14.04"
"65","000","00","140","0038","0668","432","187","245","7","439","1382","0","31.77","13.53"
"65","000","00","140","0038","0669","517","197","320","2","519","1316","0","39.44","14.97"
"65","000","00","140","0038","0670","456","179","277","11","467","1312","0","35.59","13.64"
"65","000","00","150","0000","0000","30068","13354","16714","284","30352","76657","90027","39.59","17.42"
"65","000","00","150","0001","0000","1735","598","1137","16","1751","4197","0","41.72","14.25"
"65","000","00","150","0001","0243","574","189","385","2","576","1398","0","41.20","13.52"
"65","000","00","150","0001","0244","555","216","339","3","558","1495","0","37.32","14.45"
"65","000","00","150","0001","0245","606","193","413","11","617","1304","0","47.32","14.80"
"65","000","00","150","0002","0000","487","121","366","5","492","1073","0","45.85","11.28"
"65","000","00","150","0002","0246","487","121","366","5","492","1073","0","45.85","11.28"
"65","000","00","150","0003","0000","1481","669","812","15","1496","3475","0","43.05","19.25"
"65","000","00","150","0003","0248","691","283","408","9","700","1616","0","43.32","17.51"
"65","000","00","150","0003","0249","596","255","341","5","601","1381","0","43.52","18.46"
"65","000","00","150","0003","0250","194","131","63","1","195","478","0","40.79","27.41"
"65","000","00","150","0004","0000","495","152","343","4","499","1260","0","39.60","12.06"
"65","000","00","150","0004","0247","495","152","343","4","499","1260","0","39.60","12.06"
"65","000","00","150","0005","0000","1972","754","1218","19","1991","5457","0","36.49","13.82"
"65","000","00","150","0005","0255","547","195","352","5","552","1534","0","35.98","12.71"
"65","000","00","150","0005","0256","599","245","354","5","604","1546","0","39.07","15.85"
"65","000","00","150","0005","0257","382","141","241","2","384","1182","0","32.49","11.93"
"65","000","00","150","0005","0258","444","173","271","7","451","1195","0","37.74","14.48"
"65","000","00","150","0006","0000","2410","940","1470","19","2429","6462","0","37.59","14.55"
"65","000","00","150","0006","0259","684","309","375","4","688","2035","0","33.81","15.18"
"65","000","00","150","0006","0260","583","195","388","7","590","1499","0","39.36","13.01"
"65","000","00","150","0006","0261","551","203","348","2","553","1426","0","38.78","14.24"
"65","000","00","150","0006","0262","592","233","359","6","598","1502","0","39.81","15.51"
"65","000","00","150","0007","0000","524","134","390","3","527","1245","0","42.33","10.76"
"65","000","00","150","0007","0269","524","134","390","3","527","1245","0","42.33","10.76"
"65","000","00","150","0008","0000","1389","593","796","14","1403","3885","0","36.11","15.26"
"65","000","00","150","0008","0276","472","215","257","4","476","1638","0","29.06","13.13"
"65","000","00","150","0008","0277","487","227","260","7","494","1191","0","41.48","19.06"
"65","000","00","150","0008","0278","430","151","279","3","433","1056","0","41.00","14.30"
"65","000","00","150","0009","0000","1241","545","696","8","1249","3097","0","40.33","17.60"
"65","000","00","150","0009","0270","611","278","333","4","615","1519","0","40.49","18.30"
"65","000","00","150","0009","0271","630","267","363","4","634","1578","0","40.18","16.92"
"65","000","00","150","0010","0000","1950","929","1021","18","1968","4718","0","41.71","19.69"
"65","000","00","150","0010","0279","604","299","305","6","610","1591","0","38.34","18.79"
"65","000","00","150","0010","0280","623","295","328","3","626","1475","0","42.44","20.00"
"65","000","00","150","0010","0281","723","335","388","9","732","1652","0","44.31","20.28"
"65","000","00","150","0011","0000","1044","838","206","15","1059","2315","0","45.75","36.20"
"65","000","00","150","0011","0294","528","424","104","8","536","1133","0","47.31","37.42"
"65","000","00","150","0011","0295","516","414","102","7","523","1182","0","44.25","35.03"
"65","000","00","150","0012","0000","1244","890","354","16","1260","2648","0","47.58","33.61"
"65","000","00","150","0012","0292","697","474","223","11","708","1418","0","49.93","33.43"
"65","000","00","150","0012","0293","547","416","131","5","552","1230","0","44.88","33.82"
"65","000","00","150","0013","0000","1552","759","793","15","1567","3948","0","39.69","19.22"
"65","000","00","150","0013","0289","517","259","258","3","520","1439","0","36.14","18.00"
"65","000","00","150","0013","0290","562","284","278","3","565","1324","0","42.67","21.45"
"65","000","00","150","0013","0291","473","216","257","9","482","1185","0","40.68","18.23"
"65","000","00","150","0014","0000","1113","448","665","7","1120","3009","0","37.22","14.89"
"65","000","00","150","0014","0253","531","228","303","4","535","1530","0","34.97","14.90"
"65","000","00","150","0014","0254","582","220","362","3","585","1479","0","39.55","14.87"
"65","000","00","150","0015","0000","1353","672","681","21","1374","3460","0","39.71","19.42"
"65","000","00","150","0015","0272","663","320","343","15","678","1737","0","39.03","18.42"
"65","000","00","150","0015","0273","690","352","338","6","696","1723","0","40.39","20.43"
"65","000","00","150","0016","0000","1491","564","927","11","1502","3661","0","41.03","15.41"
"65","000","00","150","0016","0251","757","290","467","7","764","1876","0","40.72","15.46"
"65","000","00","150","0016","0252","734","274","460","4","738","1785","0","41.34","15.35"
"65","000","00","150","0017","0000","1303","611","692","8","1311","3192","0","41.07","19.14"
"65","000","00","150","0017","0274","570","264","306","1","571","1480","0","38.58","17.84"
"65","000","00","150","0017","0275","733","347","386","7","740","1712","0","43.22","20.27"
"65","000","00","150","0018","0000","3533","1553","1980","28","3561","9533","0","37.35","16.29"
"65","000","00","150","0018","0263","414","205","209","1","415","1230","0","33.74","16.67"
"65","000","00","150","0018","0264","403","201","202","2","405","1151","0","35.19","17.46"
"65","000","00","150","0018","0265","693","344","349","6","699","1879","0","37.20","18.31"
"65","000","00","150","0018","0266","598","236","362","7","605","1635","0","37.00","14.43"
"65","000","00","150","0018","0267","720","306","414","2","722","1808","0","39.93","16.92"
"65","000","00","150","0018","0268","705","261","444","10","715","1830","0","39.07","14.26"
"65","000","00","150","0019","0000","2731","1131","1600","31","2762","7004","0","39.43","16.15"
"65","000","00","150","0019","0284","543","223","320","6","549","1436","0","38.23","15.53"
"65","000","00","150","0019","0285","499","191","308","4","503","1317","0","38.19","14.50"
"65","000","00","150","0019","0286","549","241","308","8","557","1359","0","40.99","17.73"
"65","000","00","150","0019","0287","570","239","331","9","579","1483","0","39.04","16.12"
"65","000","00","150","0019","0288","570","237","333","4","574","1409","0","40.74","16.82"
"65","000","00","150","0020","0000","1020","453","567","11","1031","3018","0","34.16","15.01"
"65","000","00","150","0020","0282","506","208","298","6","512","1440","0","35.56","14.44"
"65","000","00","150","0020","0283","514","245","269","5","519","1578","0","32.89","15.53"
"65","000","00","160","0000","0000","26225","12537","13688","217","26442","64477","77862","41.01","19.44"
"65","000","00","160","0001","0000","325","131","194","3","328","822","0","39.90","15.94"
"65","000","00","160","0001","0296","228","82","146","3","231","646","0","35.76","12.69"
"65","000","00","160","0001","0297","97","49","48","0","97","176","0","55.11","27.84"
"65","000","00","160","0002","0000","1222","576","646","10","1232","3030","0","40.66","19.01"
"65","000","00","160","0002","0298","611","279","332","6","617","1445","0","42.70","19.31"
"65","000","00","160","0002","0299","611","297","314","4","615","1585","0","38.80","18.74"
"65","000","00","160","0003","0000","2242","1056","1186","15","2257","5956","0","37.89","17.73"
"65","000","00","160","0003","0300","619","322","297","4","623","1689","0","36.89","19.06"
"65","000","00","160","0003","0301","657","281","376","5","662","1784","0","37.11","15.75"
"65","000","00","160","0003","0302","426","233","193","3","429","1197","0","35.84","19.47"
"65","000","00","160","0003","0303","540","220","320","3","543","1286","0","42.22","17.11"
"65","000","00","160","0004","0000","987","464","523","16","1003","2521","0","39.79","18.41"
"65","000","00","160","0004","0304","488","247","241","7","495","1254","0","39.47","19.70"
"65","000","00","160","0004","0305","499","217","282","9","508","1267","0","40.09","17.13"
"65","000","00","160","0005","0000","1544","741","803","12","1556","3870","0","40.21","19.15"
"65","000","00","160","0005","0308","505","264","241","7","512","1283","0","39.91","20.58"
"65","000","00","160","0005","0309","480","214","266","1","481","1254","0","38.36","17.07"
"65","000","00","160","0005","0310","559","263","296","4","563","1333","0","42.24","19.73"
"65","000","00","160","0006","0000","1510","764","746","13","1523","3617","0","42.11","21.12"
"65","000","00","160","0006","0311","555","320","235","6","561","1312","0","42.76","24.39"
"65","000","00","160","0006","0312","542","261","281","5","547","1221","0","44.80","21.38"
"65","000","00","160","0006","0313","413","183","230","2","415","1084","0","38.28","16.88"
"65","000","00","160","0007","0000","1666","781","885","16","1682","4172","0","40.32","18.72"
"65","000","00","160","0007","0322","589","268","321","6","595","1404","0","42.38","19.09"
"65","000","00","160","0007","0323","538","238","300","6","544","1446","0","37.62","16.46"
"65","000","00","160","0007","0324","539","275","264","4","543","1322","0","41.07","20.80"
"65","000","00","160","0008","0000","1449","701","748","9","1458","3385","0","43.07","20.71"
"65","000","00","160","0008","0330","475","227","248","1","476","1277","0","37.27","17.78"
"65","000","00","160","0008","0331","475","232","243","2","477","1076","0","44.33","21.56"
"65","000","00","160","0008","0332","499","242","257","6","505","1032","0","48.93","23.45"
"65","000","00","160","0009","0000","1570","730","840","9","1579","3571","0","44.22","20.44"
"65","000","00","160","0009","0337","526","249","277","2","528","1227","0","43.03","20.29"
"65","000","00","160","0009","0338","604","271","333","2","606","1329","0","45.60","20.39"
"65","000","00","160","0009","0339","440","210","230","5","445","1015","0","43.84","20.69"
"65","000","00","160","0010","0000","1818","936","882","14","1832","4404","0","41.60","21.25"
"65","000","00","160","0010","0343","568","304","264","6","574","1387","0","41.38","21.92"
"65","000","00","160","0010","0344","572","251","321","7","579","1367","0","42.36","18.36"
"65","000","00","160","0010","0345","678","381","297","1","679","1650","0","41.15","23.09"
"65","000","00","160","0011","0000","1377","592","785","11","1388","3234","0","42.92","18.31"
"65","000","00","160","0011","0314","452","224","228","4","456","1085","0","42.03","20.65"
"65","000","00","160","0011","0315","468","197","271","2","470","1108","0","42.42","17.78"
"65","000","00","160","0011","0316","457","171","286","5","462","1041","0","44.38","16.43"
"65","000","00","160","0012","0000","2885","1320","1565","23","2908","7169","0","40.56","18.41"
"65","000","00","160","0012","0325","604","274","330","7","611","1520","0","40.20","18.03"
"65","000","00","160","0012","0326","635","261","374","8","643","1565","0","41.09","16.68"
"65","000","00","160","0012","0327","485","225","260","4","489","1310","0","37.33","17.18"
"65","000","00","160","0012","0328","583","297","286","2","585","1577","0","37.10","18.83"
"65","000","00","160","0012","0329","578","263","315","2","580","1197","0","48.45","21.97"
"65","000","00","160","0013","0000","769","384","385","4","773","1857","0","41.63","20.68"
"65","000","00","160","0013","0333","370","199","171","2","372","954","0","38.99","20.86"
"65","000","00","160","0013","0334","399","185","214","2","401","903","0","44.41","20.49"
"65","000","00","160","0014","0000","1145","521","624","12","1157","2868","0","40.34","18.17"
"65","000","00","160","0014","0335","561","247","314","4","565","1396","0","40.47","17.69"
"65","000","00","160","0014","0336","584","274","310","8","592","1472","0","40.22","18.61"
"65","000","00","160","0015","0000","1534","769","765","10","1544","3300","0","46.79","23.30"
"65","000","00","160","0015","0340","566","294","272","4","570","1110","0","51.35","26.49"
"65","000","00","160","0015","0341","478","263","215","1","479","1150","0","41.65","22.87"
"65","000","00","160","0015","0342","490","212","278","5","495","1040","0","47.60","20.38"
"65","000","00","160","0016","0000","1254","642","612","15","1269","3114","0","40.75","20.62"
"65","000","00","160","0016","0306","584","289","295","9","593","1513","0","39.19","19.10"
"65","000","00","160","0016","0307","670","353","317","6","676","1601","0","42.22","22.05"
"65","000","00","160","0017","0000","2928","1429","1499","25","2953","7587","0","38.92","18.83"
"65","000","00","160","0017","0317","538","262","276","6","544","1571","0","34.63","16.68"
"65","000","00","160","0017","0318","603","294","309","7","610","1584","0","38.51","18.56"
"65","000","00","160","0017","0319","726","368","358","5","731","1661","0","44.01","22.16"
"65","000","00","160","0017","0320","564","279","285","5","569","1479","0","38.47","18.86"
"65","000","00","160","0017","0321","497","226","271","2","499","1292","0","38.62","17.49"
"65","000","00","170","0000","0000","39403","20689","18714","353","39756","97167","123095","40.92","21.29"
"65","000","00","170","0001","0000","1227","529","698","13","1240","3528","0","35.15","14.99"
"65","000","00","170","0001","0167","390","157","233","3","393","1217","0","32.29","12.90"
"65","000","00","170","0001","0168","355","164","191","4","359","1114","0","32.23","14.72"
"65","000","00","170","0001","0169","482","208","274","6","488","1197","0","40.77","17.38"
"65","000","00","170","0002","0000","1734","857","877","13","1747","4811","0","36.31","17.81"
"65","000","00","170","0002","0170","508","265","243","6","514","1383","0","37.17","19.16"
"65","000","00","170","0002","0171","403","203","200","1","404","1157","0","34.92","17.55"
"65","000","00","170","0002","0172","419","194","225","5","424","1197","0","35.42","16.21"
"65","000","00","170","0002","0173","404","195","209","1","405","1074","0","37.71","18.16"
"65","000","00","170","0003","0000","3750","1947","1803","32","3782","9419","0","40.15","20.67"
"65","000","00","170","0003","0174","451","195","256","8","459","1292","0","35.53","15.09"
"65","000","00","170","0003","0175","385","200","185","4","389","1337","0","29.09","14.96"
"65","000","00","170","0003","0176","520","267","253","2","522","1367","0","38.19","19.53"
"65","000","00","170","0003","0177","636","346","290","4","640","1385","0","46.21","24.98"
"65","000","00","170","0003","0178","618","321","297","6","624","1351","0","46.19","23.76"
"65","000","00","170","0003","0179","563","280","283","4","567","1282","0","44.23","21.84"
"65","000","00","170","0003","0180","577","338","239","4","581","1405","0","41.35","24.06"
"65","000","00","170","0004","0000","1652","705","947","16","1668","3771","0","44.23","18.70"
"65","000","00","170","0004","0181","631","267","364","6","637","1345","0","47.36","19.85"
"65","000","00","170","0004","0182","422","142","280","7","429","1162","0","36.92","12.22"
"65","000","00","170","0004","0183","599","296","303","3","602","1264","0","47.63","23.42"
"65","000","00","170","0005","0000","1552","699","853","12","1564","4170","0","37.51","16.76"
"65","000","00","170","0005","0184","506","216","290","3","509","1348","0","37.76","16.02"
"65","000","00","170","0005","0185","455","247","208","5","460","1373","0","33.50","17.99"
"65","000","00","170","0005","0186","591","236","355","4","595","1449","0","41.06","16.29"
"65","000","00","170","0006","0000","612","226","386","11","623","1384","0","45.01","16.33"
"65","000","00","170","0006","0187","612","226","386","11","623","1384","0","45.01","16.33"
"65","000","00","170","0007","0000","8361","4736","3625","62","8423","20700","0","40.69","22.88"
"65","000","00","170","0007","0188","444","273","171","3","447","1181","0","37.85","23.12"
"65","000","00","170","0007","0189","450","268","182","2","452","1225","0","36.90","21.88"
"65","000","00","170","0007","0190","516","291","225","3","519","1363","0","38.08","21.35"
"65","000","00","170","0007","0191","553","327","226","5","558","1362","0","40.97","24.01"
"65","000","00","170","0007","0192","468","280","188","3","471","1228","0","38.36","22.80"
"65","000","00","170","0007","0193","504","305","199","3","507","1165","0","43.52","26.18"
"65","000","00","170","0007","0194","551","343","208","4","555","1168","0","47.52","29.37"
"65","000","00","170","0007","0195","644","365","279","5","649","1433","0","45.29","25.47"
"65","000","00","170","0007","0196","557","327","230","1","558","1194","0","46.73","27.39"
"65","000","00","170","0007","0197","511","302","209","3","514","1245","0","41.29","24.26"
"65","000","00","170","0007","0198","546","243","303","2","548","1353","0","40.50","17.96"
"65","000","00","170","0007","0199","468","219","249","8","476","1097","0","43.39","19.96"
"65","000","00","170","0007","0200","558","318","240","5","563","1447","0","38.91","21.98"
"65","000","00","170","0007","0201","508","266","242","2","510","1384","0","36.85","19.22"
"65","000","00","170","0007","0202","549","312","237","5","554","1421","0","38.99","21.96"
"65","000","00","170","0007","0203","534","297","237","8","542","1434","0","37.80","20.71"
"65","000","00","170","0008","0000","8644","4714","3930","81","8725","20299","0","42.98","23.22"
"65","000","00","170","0008","0204","559","245","314","4","563","1444","0","38.99","16.97"
"65","000","00","170","0008","0205","633","321","312","3","636","1365","0","46.59","23.52"
"65","000","00","170","0008","0206","504","226","278","9","513","1343","0","38.20","16.83"
"65","000","00","170","0008","0207","554","337","217","3","557","1258","0","44.28","26.79"
"65","000","00","170","0008","0208","568","308","260","8","576","1264","0","45.57","24.37"
"65","000","00","170","0008","0209","554","306","248","5","559","1274","0","43.88","24.02"
"65","000","00","170","0008","0210","621","343","278","2","623","1312","0","47.48","26.14"
"65","000","00","170","0008","0211","647","353","294","5","652","1413","0","46.14","24.98"
"65","000","00","170","0008","0212","556","323","233","5","561","1254","0","44.74","25.76"
"65","000","00","170","0008","0213","580","351","229","3","583","1351","0","43.15","25.98"
"65","000","00","170","0008","0214","542","304","238","3","545","1365","0","39.93","22.27"
"65","000","00","170","0008","0215","647","359","288","9","656","1702","0","38.54","21.09"
"65","000","00","170","0008","0216","590","316","274","9","599","1356","0","44.17","23.30"
"65","000","00","170","0008","0217","574","340","234","9","583","1379","0","42.28","24.66"
"65","000","00","170","0008","0218","515","282","233","4","519","1219","0","42.58","23.13"
"65","000","00","170","0009","0000","2724","1511","1213","25","2749","6489","0","42.36","23.29"
"65","000","00","170","0009","0230","519","294","225","7","526","1189","0","44.24","24.73"
"65","000","00","170","0009","0231","596","329","267","5","601","1262","0","47.62","26.07"
"65","000","00","170","0009","0232","489","298","191","3","492","1253","0","39.27","23.78"
"65","000","00","170","0009","0233","593","307","286","3","596","1315","0","45.32","23.35"
"65","000","00","170","0009","0234","527","283","244","7","534","1470","0","36.33","19.25"
"65","000","00","170","0010","0000","358","99","259","3","361","1010","0","35.74","9.80"
"65","000","00","170","0010","0238","358","99","259","3","361","1010","0","35.74","9.80"
"65","000","00","170","0011","0000","451","198","253","6","457","1229","0","37.18","16.11"
"65","000","00","170","0011","0239","451","198","253","6","457","1229","0","37.18","16.11"
"65","000","00","170","0012","0000","398","142","256","3","401","911","0","44.02","15.59"
"65","000","00","170","0012","0240","398","142","256","3","401","911","0","44.02","15.59"
"65","000","00","170","0013","0000","262","98","164","1","263","763","0","34.47","12.84"
"65","000","00","170","0013","0241","262","98","164","1","263","763","0","34.47","12.84"
"65","000","00","170","0014","0000","462","147","315","4","466","1461","0","31.90","10.06"
"65","000","00","170","0014","0242","462","147","315","4","466","1461","0","31.90","10.06"
"65","000","00","170","0015","0000","2516","1447","1069","20","2536","6006","0","42.22","24.09"
"65","000","00","170","0015","0219","405","224","181","8","413","1099","0","37.58","20.38"
"65","000","00","170","0015","0220","486","292","194","2","488","1157","0","42.18","25.24"
"65","000","00","170","0015","0221","455","262","193","3","458","1191","0","38.46","22.00"
"65","000","00","170","0015","0222","551","340","211","3","554","1190","0","46.55","28.57"
"65","000","00","170","0015","0223","619","329","290","4","623","1369","0","45.51","24.03"
"65","000","00","170","0016","0000","3148","1814","1334","30","3178","7589","0","41.88","23.90"
"65","000","00","170","0016","0224","569","340","229","3","572","1355","0","42.21","25.09"
"65","000","00","170","0016","0225","423","240","183","5","428","1140","0","37.54","21.05"
"65","000","00","170","0016","0226","479","295","184","6","485","1207","0","40.18","24.44"
"65","000","00","170","0016","0227","517","293","224","3","520","1233","0","42.17","23.76"
"65","000","00","170","0016","0228","580","329","251","9","589","1404","0","41.95","23.43"
"65","000","00","170","0016","0229","580","317","263","4","584","1250","0","46.72","25.36"
"65","000","00","170","0017","0000","1552","820","732","21","1573","3627","0","43.37","22.61"
"65","000","00","170","0017","0235","510","273","237","6","516","1308","0","39.45","20.87"
"65","000","00","170","0017","0236","501","264","237","2","503","1126","0","44.67","23.45"
"65","000","00","170","0017","0237","541","283","258","13","554","1193","0","46.44","23.72"
"65","000","00","180","0000","0000","8983","4739","4244","89","9072","20901","23730","43.40","22.67"
"65","000","00","180","0001","0000","1326","643","683","11","1337","3097","0","43.17","20.76"
"65","000","00","180","0001","2326","616","278","338","7","623","1536","0","40.56","18.10"
"65","000","00","180","0001","2327","710","365","345","4","714","1561","0","45.74","23.38"
"65","000","00","180","0002","0000","949","459","490","15","964","2316","0","41.62","19.82"
"65","000","00","180","0002","2320","446","200","246","4","450","1157","0","38.89","17.29"
"65","000","00","180","0002","2321","503","259","244","11","514","1159","0","44.35","22.35"
"65","000","00","180","0003","0000","1140","586","554","13","1153","2749","0","41.94","21.32"
"65","000","00","180","0003","2324","586","307","279","8","594","1376","0","43.17","22.31"
"65","000","00","180","0003","2325","554","279","275","5","559","1373","0","40.71","20.32"
"65","000","00","180","0004","0000","899","504","395","11","910","1926","0","47.25","26.17"
"65","000","00","180","0004","2332","343","143","200","6","349","765","0","45.62","18.69"
"65","000","00","180","0004","2333","556","361","195","5","561","1161","0","48.32","31.09"
"65","000","00","180","0005","0000","236","116","120","2","238","558","0","42.65","20.79"
"65","000","00","180","0005","2336","236","116","120","2","238","558","0","42.65","20.79"
"65","000","00","180","0006","0000","2423","1318","1105","24","2447","5654","0","43.28","23.31"
"65","000","00","180","0006","2328","615","342","273","6","621","1458","0","42.59","23.46"
"65","000","00","180","0006","2329","624","348","276","9","633","1402","0","45.15","24.82"
"65","000","00","180","0006","2330","552","304","248","4","556","1334","0","41.68","22.79"
"65","000","00","180","0006","2331","632","324","308","5","637","1460","0","43.63","22.19"
"65","000","00","180","0007","0000","1046","539","507","5","1051","2486","0","42.28","21.68"
"65","000","00","180","0007","2322","436","203","233","4","440","1063","0","41.39","19.10"
"65","000","00","180","0007","2323","610","336","274","1","611","1423","0","42.94","23.61"
"65","000","00","180","0008","0000","964","574","390","8","972","2115","0","45.96","27.14"
"65","000","00","180","0008","2334","617","375","242","7","624","1380","0","45.22","27.17"
"65","000","00","180","0008","2335","347","199","148","1","348","735","0","47.35","27.07"
"65","000","00","190","0000","0000","2606","1035","1571","26","2632","6790","7487","38.76","15.24"
"65","000","00","190","0001","0000","143","56","87","0","143","365","0","39.18","15.34"
"65","000","00","190","0001","2337","143","56","87","0","143","365","0","39.18","15.34"
"65","000","00","190","0002","0000","290","149","141","3","293","798","0","36.72","18.67"
"65","000","00","190","0002","2338","290","149","141","3","293","798","0","36.72","18.67"
"65","000","00","190","0003","0000","236","103","133","4","240","668","0","35.93","15.42"
"65","000","00","190","0003","2343","236","103","133","4","240","668","0","35.93","15.42"
"65","000","00","190","0004","0000","243","88","155","2","245","607","0","40.36","14.50"
"65","000","00","190","0004","2339","243","88","155","2","245","607","0","40.36","14.50"
"65","000","00","190","0005","0000","103","47","56","3","106","296","0","35.81","15.88"
"65","000","00","190","0005","2340","103","47","56","3","106","296","0","35.81","15.88"
"65","000","00","190","0006","0000","184","81","103","1","185","387","0","47.80","20.93"
"65","000","00","190","0006","2341","133","60","73","1","134","291","0","46.05","20.62"
"65","000","00","190","0006","2342","51","21","30","0","51","96","0","53.13","21.88"
"65","000","00","190","0007","0000","203","79","124","2","205","589","0","34.80","13.41"
"65","000","00","190","0007","2346","203","79","124","2","205","589","0","34.80","13.41"
"65","000","00","190","0008","0000","248","99","149","3","251","717","0","35.01","13.81"
"65","000","00","190","0008","2345","248","99","149","3","251","717","0","35.01","13.81"
"65","000","00","190","0009","0000","107","36","71","0","107","261","0","41.00","13.79"
"65","000","00","190","0009","2347","107","36","71","0","107","261","0","41.00","13.79"
"65","000","00","190","0010","0000","124","56","68","0","124","302","0","41.06","18.54"
"65","000","00","190","0010","2344","124","56","68","0","124","302","0","41.06","18.54"
"65","000","00","190","0011","0000","314","103","211","5","319","809","0","39.43","12.73"
"65","000","00","190","0011","2348","314","103","211","5","319","809","0","39.43","12.73"
"65","000","00","190","0012","0000","411","138","273","3","414","991","0","41.78","13.93"
"65","000","00","190","0012","2349","411","138","273","3","414","991","0","41.78","13.93"
"65","000","00","200","0000","0000","2197","822","1375","27","2224","6057","6670","36.72","13.57"
"65","000","00","200","0001","0000","321","139","182","6","327","853","0","38.34","16.30"
"65","000","00","200","0001","2354","219","86","133","3","222","583","0","38.08","14.75"
"65","000","00","200","0001","2355","102","53","49","3","105","270","0","38.89","19.63"
"65","000","00","200","0002","0000","499","197","302","3","502","1290","0","38.91","15.27"
"65","000","00","200","0002","2350","499","197","302","3","502","1290","0","38.91","15.27"
"65","000","00","200","0003","0000","439","123","316","5","444","1167","0","38.05","10.54"
"65","000","00","200","0003","2352","439","123","316","5","444","1167","0","38.05","10.54"
"65","000","00","200","0004","0000","134","46","88","5","139","420","0","33.10","10.95"
"65","000","00","200","0004","2353","134","46","88","5","139","420","0","33.10","10.95"
"65","000","00","200","0005","0000","280","136","144","4","284","836","0","33.97","16.27"
"65","000","00","200","0005","2356","110","35","75","2","112","350","0","32.00","10.00"
"65","000","00","200","0005","2357","170","101","69","2","172","486","0","35.39","20.78"
"65","000","00","200","0006","0000","212","85","127","0","212","631","0","33.60","13.47"
"65","000","00","200","0006","2351","212","85","127","0","212","631","0","33.60","13.47"
"65","000","00","200","0007","0000","312","96","216","4","316","860","0","36.74","11.16"
"65","000","00","200","0007","2358","162","51","111","0","162","402","0","40.30","12.69"
"65","000","00","200","0007","2359","150","45","105","4","154","458","0","33.62","9.83"
"65","000","00","210","0000","0000","6777","3506","3271","78","6855","19927","22460","34.40","17.59"
"65","000","00","210","0001","0000","106","30","76","1","107","311","0","34.41","9.65"
"65","000","00","210","0001","0011","106","30","76","1","107","311","0","34.41","9.65"
"65","000","00","210","0002","0000","1550","822","728","17","1567","4787","0","32.73","17.17"
"65","000","00","210","0002","0012","398","231","167","6","404","1228","0","32.90","18.81"
"65","000","00","210","0002","0013","424","223","201","8","432","1228","0","35.18","18.16"
"65","000","00","210","0002","0014","393","202","191","3","396","1250","0","31.68","16.16"
"65","000","00","210","0002","0015","335","166","169","0","335","1081","0","30.99","15.36"
"65","000","00","210","0003","0000","381","192","189","3","384","1113","0","34.50","17.25"
"65","000","00","210","0003","0016","381","192","189","3","384","1113","0","34.50","17.25"
"65","000","00","210","0004","0000","273","142","131","3","276","776","0","35.57","18.30"
"65","000","00","210","0004","0017","273","142","131","3","276","776","0","35.57","18.30"
"65","000","00","210","0005","0000","1890","1016","874","30","1920","6124","0","31.35","16.59"
"65","000","00","210","0005","0018","410","215","195","6","416","1267","0","32.83","16.97"
"65","000","00","210","0005","0019","399","200","199","9","408","1324","0","30.82","15.11"
"65","000","00","210","0005","0020","375","210","165","2","377","1174","0","32.11","17.89"
"65","000","00","210","0005","0021","347","175","172","6","353","1207","0","29.25","14.50"
"65","000","00","210","0005","0022","359","216","143","7","366","1152","0","31.77","18.75"
"65","000","00","210","0006","0000","277","150","127","2","279","604","0","46.19","24.83"
"65","000","00","210","0006","0023","277","150","127","2","279","604","0","46.19","24.83"
"65","000","00","210","0007","0000","160","94","66","2","162","477","0","33.96","19.71"
"65","000","00","210","0007","0024","160","94","66","2","162","477","0","33.96","19.71"
"65","000","00","210","0008","0000","280","126","154","5","285","661","0","43.12","19.06"
"65","000","00","210","0008","0025","280","126","154","5","285","661","0","43.12","19.06"
"65","000","00","210","0009","0000","777","467","310","3","780","2030","0","38.42","23.00"
"65","000","00","210","0009","0026","318","171","147","0","318","862","0","36.89","19.84"
"65","000","00","210","0009","0027","459","296","163","3","462","1168","0","39.55","25.34"
"65","000","00","210","0010","0000","302","154","148","2","304","762","0","39.90","20.21"
"65","000","00","210","0010","0028","302","154","148","2","304","762","0","39.90","20.21"
"65","000","00","210","0011","0000","157","65","92","1","158","532","0","29.70","12.22"
"65","000","00","210","0011","0029","157","65","92","1","158","532","0","29.70","12.22"
"65","000","00","210","0012","0000","191","76","115","1","192","580","0","33.10","13.10"
"65","000","00","210","0012","0030","191","76","115","1","192","580","0","33.10","13.10"
"65","000","00","210","0013","0000","433","172","261","8","441","1170","0","37.69","14.70"
"65","000","00","210","0013","0031","433","172","261","8","441","1170","0","37.69","14.70"
"65","000","00","220","0000","0000","3198","1618","1580","51","3249","10089","11303","32.20","16.04"
"65","000","00","220","0001","0000","334","149","185","8","342","1087","0","31.46","13.71"
"65","000","00","220","0001","0001","334","149","185","8","342","1087","0","31.46","13.71"
"65","000","00","220","0002","0000","484","244","240","4","488","1316","0","37.08","18.54"
"65","000","00","220","0002","0002","484","244","240","4","488","1316","0","37.08","18.54"
"65","000","00","220","0003","0000","627","301","326","9","636","2052","0","30.99","14.67"
"65","000","00","220","0003","0003","318","162","156","3","321","876","0","36.64","18.49"
"65","000","00","220","0003","0004","309","139","170","6","315","1176","0","26.79","11.82"
"65","000","00","220","0004","0000","265","132","133","5","270","867","0","31.14","15.22"
"65","000","00","220","0004","0005","265","132","133","5","270","867","0","31.14","15.22"
"65","000","00","220","0005","0000","514","284","230","11","525","1496","0","35.09","18.98"
"65","000","00","220","0005","0006","514","284","230","11","525","1496","0","35.09","18.98"
"65","000","00","220","0006","0000","423","220","203","10","433","1452","0","29.82","15.15"
"65","000","00","220","0006","0007","423","220","203","10","433","1452","0","29.82","15.15"
"65","000","00","220","0007","0000","99","53","46","1","100","315","0","31.75","16.83"
"65","000","00","220","0007","0008","99","53","46","1","100","315","0","31.75","16.83"
"65","000","00","220","0008","0000","192","100","92","2","194","589","0","32.94","16.98"
"65","000","00","220","0008","0009","192","100","92","2","194","589","0","32.94","16.98"
"65","000","00","220","0009","0000","260","135","125","1","261","915","0","28.52","14.75"
"65","000","00","220","0009","0010","260","135","125","1","261","915","0","28.52","14.75"
"65","000","00","230","0000","0000","12715","5541","7174","110","12825","34221","39799","37.48","16.19"
"65","000","00","230","0001","0000","2774","1335","1439","26","2800","6740","0","41.54","19.81"
"65","000","00","230","0001","0146","709","287","422","9","718","1851","0","38.79","15.51"
"65","000","00","230","0001","0147","716","391","325","5","721","1727","0","41.75","22.64"
"65","000","00","230","0001","0148","606","281","325","8","614","1504","0","40.82","18.68"
"65","000","00","230","0001","0149","743","376","367","4","747","1658","0","45.05","22.68"
"65","000","00","230","0002","0000","1193","572","621","6","1199","3256","0","36.82","17.57"
"65","000","00","230","0002","0150","617","294","323","4","621","1748","0","35.53","16.82"
"65","000","00","230","0002","0151","576","278","298","2","578","1508","0","38.33","18.44"
"65","000","00","230","0003","0000","1208","491","717","6","1214","3091","0","39.28","15.88"
"65","000","00","230","0003","0152","679","276","403","4","683","1611","0","42.40","17.13"
"65","000","00","230","0003","0153","529","215","314","2","531","1480","0","35.88","14.53"
"65","000","00","230","0004","0000","1414","591","823","11","1425","3745","0","38.05","15.78"
"65","000","00","230","0004","0154","626","238","388","3","629","1770","0","35.54","13.45"
"65","000","00","230","0004","0155","788","353","435","8","796","1975","0","40.30","17.87"
"65","000","00","230","0005","0000","782","346","436","5","787","2139","0","36.79","16.18"
"65","000","00","230","0005","0156","782","346","436","5","787","2139","0","36.79","16.18"
"65","000","00","230","0006","0000","2323","964","1359","18","2341","6501","0","36.01","14.83"
"65","000","00","230","0006","0157","583","225","358","5","588","1568","0","37.50","14.35"
"65","000","00","230","0006","0158","602","252","350","5","607","1630","0","37.24","15.46"
"65","000","00","230","0006","0159","593","253","340","4","597","1656","0","36.05","15.28"
"65","000","00","230","0006","0160","545","234","311","4","549","1647","0","33.33","14.21"
"65","000","00","230","0007","0000","1458","583","875","20","1478","4113","0","35.93","14.17"
"65","000","00","230","0007","0161","528","218","310","7","535","1388","0","38.54","15.71"
"65","000","00","230","0007","0162","439","175","264","4","443","1380","0","32.10","12.68"
"65","000","00","230","0007","0163","491","190","301","9","500","1345","0","37.17","14.13"
"65","000","00","230","0008","0000","561","245","316","4","565","1639","0","34.47","14.95"
"65","000","00","230","0008","0164","561","245","316","4","565","1639","0","34.47","14.95"
"65","000","00","230","0009","0000","507","198","309","8","515","1521","0","33.86","13.02"
"65","000","00","230","0009","0165","507","198","309","8","515","1521","0","33.86","13.02"
"65","000","00","230","0010","0000","495","216","279","6","501","1476","0","33.94","14.63"
"65","000","00","230","0010","0166","495","216","279","6","501","1476","0","33.94","14.63"
"65","000","00","240","0000","0000","1443","685","758","30","1473","4076","4354","36.14","16.81"
"65","000","00","240","0001","0000","134","53","81","0","134","361","0","37.12","14.68"
"65","000","00","240","0001","2367","134","53","81","0","134","361","0","37.12","14.68"
"65","000","00","240","0002","0000","85","53","32","0","85","226","0","37.61","23.45"
"65","000","00","240","0002","2368","85","53","32","0","85","226","0","37.61","23.45"
"65","000","00","240","0003","0000","95","43","52","2","97","229","0","42.36","18.78"
"65","000","00","240","0003","2369","95","43","52","2","97","229","0","42.36","18.78"
"65","000","00","240","0004","0000","158","52","106","3","161","417","0","38.61","12.47"
"65","000","00","240","0004","2370","158","52","106","3","161","417","0","38.61","12.47"
"65","000","00","240","0005","0000","102","66","36","0","102","247","0","41.30","26.72"
"65","000","00","240","0005","2371","102","66","36","0","102","247","0","41.30","26.72"
"65","000","00","240","0006","0000","177","84","93","3","180","586","0","30.72","14.33"
"65","000","00","240","0006","2372","177","84","93","3","180","586","0","30.72","14.33"
"65","000","00","240","0007","0000","157","73","84","3","160","406","0","39.41","17.98"
"65","000","00","240","0007","2373","157","73","84","3","160","406","0","39.41","17.98"
"65","000","00","240","0008","0000","57","24","33","1","58","154","0","37.66","15.58"
"65","000","00","240","0008","2375","57","24","33","1","58","154","0","37.66","15.58"
"65","000","00","240","0009","0000","119","57","62","5","124","337","0","36.80","16.91"
"65","000","00","240","0009","2376","119","57","62","5","124","337","0","36.80","16.91"
"65","000","00","240","0010","0000","72","31","41","0","72","164","0","43.90","18.90"
"65","000","00","240","0010","2378","72","31","41","0","72","164","0","43.90","18.90"
"65","000","00","240","0011","0000","247","130","117","13","260","798","0","32.58","16.29"
"65","000","00","240","0011","2374","247","130","117","13","260","798","0","32.58","16.29"
"65","000","00","240","0012","0000","40","19","21","0","40","151","0","26.49","12.58"
"65","000","00","240","0012","2377","40","19","21","0","40","151","0","26.49","12.58"
"65","000","00","250","0000","0000","2683","1261","1422","53","2736","7605","8307","35.98","16.58"
"65","000","00","250","0001","0000","176","101","75","3","179","444","0","40.32","22.75"
"65","000","00","250","0001","2425","176","101","75","3","179","444","0","40.32","22.75"
"65","000","00","250","0002","0000","133","56","77","1","134","363","0","36.91","15.43"
"65","000","00","250","0002","2437","133","56","77","1","134","363","0","36.91","15.43"
"65","000","00","250","0003","0000","295","164","131","9","304","713","0","42.64","23.00"
"65","000","00","250","0003","2426","121","74","47","1","122","268","0","45.52","27.61"
"65","000","00","250","0003","2427","174","90","84","8","182","445","0","40.90","20.22"
"65","000","00","250","0004","0000","231","101","130","3","234","678","0","34.51","14.90"
"65","000","00","250","0004","2438","108","32","76","1","109","337","0","32.34","9.50"
"65","000","00","250","0004","2439","123","69","54","2","125","341","0","36.66","20.23"
"65","000","00","250","0005","0000","122","51","71","2","124","345","0","35.94","14.78"
"65","000","00","250","0005","2428","122","51","71","2","124","345","0","35.94","14.78"
"65","000","00","250","0006","0000","490","228","262","12","502","1416","0","35.45","16.10"
"65","000","00","250","0006","2429","276","122","154","6","282","800","0","35.25","15.25"
"65","000","00","250","0006","2430","214","106","108","6","220","616","0","35.71","17.21"
"65","000","00","250","0007","0000","107","50","57","1","108","319","0","33.86","15.67"
"65","000","00","250","0007","2431","107","50","57","1","108","319","0","33.86","15.67"
"65","000","00","250","0008","0000","330","171","159","2","332","860","0","38.60","19.88"
"65","000","00","250","0008","2432","215","112","103","1","216","602","0","35.88","18.60"
"65","000","00","250","0008","2433","115","59","56","1","116","258","0","44.96","22.87"
"65","000","00","250","0009","0000","204","79","125","7","211","593","0","35.58","13.32"
"65","000","00","250","0009","2434","204","79","125","7","211","593","0","35.58","13.32"
"65","000","00","250","0010","0000","162","79","83","1","163","394","0","41.37","20.05"
"65","000","00","250","0010","2435","162","79","83","1","163","394","0","41.37","20.05"
"65","000","00","250","0011","0000","109","30","79","0","109","351","0","31.05","8.55"
"65","000","00","250","0011","2436","109","30","79","0","109","351","0","31.05","8.55"
"65","000","00","250","0012","0000","324","151","173","12","336","1129","0","29.76","13.37"
"65","000","00","250","0012","2440","324","151","173","12","336","1129","0","29.76","13.37"
"65","000","00","260","0000","0000","4143","1274","2869","62","4205","10765","11658","39.06","11.83"
"65","000","00","260","0001","0000","318","142","176","2","320","823","0","38.88","17.25"
"65","000","00","260","0001","2441","318","142","176","2","320","823","0","38.88","17.25"
"65","000","00","260","0002","0000","159","56","103","3","162","462","0","35.06","12.12"
"65","000","00","260","0002","2443","159","56","103","3","162","462","0","35.06","12.12"
"65","000","00","260","0003","0000","239","83","156","7","246","631","0","38.99","13.15"
"65","000","00","260","0003","2444","118","39","79","4","122","341","0","35.78","11.44"
"65","000","00","260","0003","2445","121","44","77","3","124","290","0","42.76","15.17"
"65","000","00","260","0004","0000","145","52","93","3","148","398","0","37.19","13.07"
"65","000","00","260","0004","2442","145","52","93","3","148","398","0","37.19","13.07"
"65","000","00","260","0005","0000","280","70","210","4","284","630","0","45.08","11.11"
"65","000","00","260","0005","2450","280","70","210","4","284","630","0","45.08","11.11"
"65","000","00","260","0006","0000","588","218","370","6","594","1599","0","37.15","13.63"
"65","000","00","260","0006","2448","289","118","171","4","293","776","0","37.76","15.21"
"65","000","00","260","0006","2449","299","100","199","2","301","823","0","36.57","12.15"
"65","000","00","260","0007","0000","730","228","502","11","741","1652","0","44.85","13.80"
"65","000","00","260","0007","2453","316","106","210","5","321","725","0","44.28","14.62"
"65","000","00","260","0007","2454","414","122","292","6","420","927","0","45.31","13.16"
"65","000","00","260","0008","0000","731","149","582","18","749","1987","0","37.70","7.50"
"65","000","00","260","0008","2451","388","89","299","13","401","1072","0","37.41","8.30"
"65","000","00","260","0008","2452","343","60","283","5","348","915","0","38.03","6.56"
"65","000","00","260","0009","0000","320","95","225","1","321","886","0","36.23","10.72"
"65","000","00","260","0009","2446","170","64","106","1","171","495","0","34.55","12.93"
"65","000","00","260","0009","2447","150","31","119","0","150","391","0","38.36","7.93"
"65","000","00","260","0010","0000","292","95","197","7","299","716","0","41.76","13.27"
"65","000","00","260","0010","2455","174","49","125","2","176","391","0","45.01","12.53"
"65","000","00","260","0010","2456","118","46","72","5","123","325","0","37.85","14.15"
"65","000","00","260","0011","0000","341","86","255","0","341","981","0","34.76","8.77"
"65","000","00","260","0011","2457","181","48","133","0","181","490","0","36.94","9.80"
"65","000","00","260","0011","2458","160","38","122","0","160","491","0","32.59","7.74"
"65","000","00","270","0000","0000","6505","2884","3621","73","6578","18573","20926","35.42","15.53"
"65","000","00","270","0001","0000","190","102","88","1","191","456","0","41.89","22.37"
"65","000","00","270","0001","2459","190","102","88","1","191","456","0","41.89","22.37"
"65","000","00","270","0002","0000","242","119","123","4","246","712","0","34.55","16.71"
"65","000","00","270","0002","2460","242","119","123","4","246","712","0","34.55","16.71"
"65","000","00","270","0003","0000","195","85","110","0","195","502","0","38.84","16.93"
"65","000","00","270","0003","2461","195","85","110","0","195","502","0","38.84","16.93"
"65","000","00","270","0004","0000","628","212","416","2","630","1719","0","36.65","12.33"
"65","000","00","270","0004","2462","283","92","191","0","283","802","0","35.29","11.47"
"65","000","00","270","0004","2463","345","120","225","2","347","917","0","37.84","13.09"
"65","000","00","270","0005","0000","1306","620","686","14","1320","3777","0","34.95","16.42"
"65","000","00","270","0005","2470","454","182","272","7","461","1241","0","37.15","14.67"
"65","000","00","270","0005","2471","406","186","220","4","410","1229","0","33.36","15.13"
"65","000","00","270","0005","2472","446","252","194","3","449","1307","0","34.35","19.28"
"65","000","00","270","0006","0000","599","295","304","6","605","1641","0","36.87","17.98"
"65","000","00","270","0006","2468","318","169","149","3","321","783","0","41.00","21.58"
"65","000","00","270","0006","2469","281","126","155","3","284","858","0","33.10","14.69"
"65","000","00","270","0007","0000","401","156","245","5","406","1182","0","34.35","13.20"
"65","000","00","270","0007","2473","401","156","245","5","406","1182","0","34.35","13.20"
"65","000","00","270","0008","0000","122","56","66","1","123","377","0","32.63","14.85"
"65","000","00","270","0008","2474","122","56","66","1","123","377","0","32.63","14.85"
"65","000","00","270","0009","0000","237","82","155","7","244","643","0","37.95","12.75"
"65","000","00","270","0009","2475","237","82","155","7","244","643","0","37.95","12.75"
"65","000","00","270","0010","0000","234","94","140","3","237","619","0","38.29","15.19"
"65","000","00","270","0010","2476","234","94","140","3","237","619","0","38.29","15.19"
"65","000","00","270","0011","0000","252","108","144","2","254","801","0","31.71","13.48"
"65","000","00","270","0011","2478","252","108","144","2","254","801","0","31.71","13.48"
"65","000","00","270","0012","0000","162","55","107","4","166","443","0","37.47","12.42"
"65","000","00","270","0012","2477","162","55","107","4","166","443","0","37.47","12.42"
"65","000","00","270","0013","0000","71","31","40","2","73","177","0","41.24","17.51"
"65","000","00","270","0013","2479","71","31","40","2","73","177","0","41.24","17.51"
"65","000","00","270","0014","0000","178","69","109","4","182","570","0","31.93","12.11"
"65","000","00","270","0014","2480","178","69","109","4","182","570","0","31.93","12.11"
"65","000","00","270","0015","0000","1688","800","888","18","1706","4954","0","34.44","16.15"
"65","000","00","270","0015","2464","441","195","246","3","444","1183","0","37.53","16.48"
"65","000","00","270","0015","2465","502","242","260","5","507","1352","0","37.50","17.90"
"65","000","00","270","0015","2466","406","196","210","3","409","1269","0","32.23","15.45"
"65","000","00","270","0015","2467","339","167","172","7","346","1150","0","30.09","14.52"
"65","000","00","280","0000","0000","6324","3039","3285","79","6403","19074","21542","33.57","15.93"
"65","000","00","280","0001","0000","1465","731","734","20","1485","4232","0","35.09","17.27"
"65","000","00","280","0001","2481","350","200","150","3","353","1004","0","35.16","19.92"
"65","000","00","280","0001","2482","286","134","152","6","292","903","0","32.34","14.84"
"65","000","00","280","0001","2483","361","175","186","2","363","937","0","38.74","18.68"
"65","000","00","280","0001","2484","468","222","246","9","477","1388","0","34.37","15.99"
"65","000","00","280","0002","0000","762","379","383","7","769","2548","0","30.18","14.87"
"65","000","00","280","0002","2487","364","195","169","3","367","1229","0","29.86","15.87"
"65","000","00","280","0002","2488","398","184","214","4","402","1319","0","30.48","13.95"
"65","000","00","280","0003","0000","1023","474","549","9","1032","3153","0","32.73","15.03"
"65","000","00","280","0003","2489","276","125","151","6","282","838","0","33.65","14.92"
"65","000","00","280","0003","2490","249","110","139","0","249","799","0","31.16","13.77"
"65","000","00","280","0003","2491","498","239","259","3","501","1516","0","33.05","15.77"
"65","000","00","280","0004","0000","942","464","478","17","959","2681","0","35.77","17.31"
"65","000","00","280","0004","2492","324","146","178","8","332","951","0","34.91","15.35"
"65","000","00","280","0004","2493","346","157","189","8","354","893","0","39.64","17.58"
"65","000","00","280","0004","2494","272","161","111","1","273","837","0","32.62","19.24"
"65","000","00","280","0005","0000","182","91","91","3","185","574","0","32.23","15.85"
"65","000","00","280","0005","2495","182","91","91","3","185","574","0","32.23","15.85"
"65","000","00","280","0006","0000","321","126","195","9","330","966","0","34.16","13.04"
"65","000","00","280","0006","2496","321","126","195","9","330","966","0","34.16","13.04"
"65","000","00","280","0007","0000","201","65","136","3","204","659","0","30.96","9.86"
"65","000","00","280","0007","2497","201","65","136","3","204","659","0","30.96","9.86"
"65","000","00","280","0008","0000","146","46","100","2","148","403","0","36.72","11.41"
"65","000","00","280","0008","2498","146","46","100","2","148","403","0","36.72","11.41"
"65","000","00","280","0009","0000","357","173","184","2","359","1107","0","32.43","15.63"
"65","000","00","280","0009","2499","357","173","184","2","359","1107","0","32.43","15.63"
"65","000","00","280","0010","0000","925","490","435","7","932","2751","0","33.88","17.81"
"65","000","00","280","0010","2485","473","264","209","5","478","1411","0","33.88","18.71"
"65","000","00","280","0010","2486","452","226","226","2","454","1340","0","33.88","16.87"
"65","000","00","290","0000","0000","1685","1011","674","22","1707","5261","6343","32.45","19.22"
"65","000","00","290","0001","0000","777","462","315","9","786","2348","0","33.48","19.68"
"65","000","00","290","0001","2362","446","246","200","3","449","1186","0","37.86","20.74"
"65","000","00","290","0001","2363","331","216","115","6","337","1162","0","29.00","18.59"
"65","000","00","290","0002","0000","534","327","207","4","538","1572","0","34.22","20.80"
"65","000","00","290","0002","2360","350","184","166","3","353","938","0","37.63","19.62"
"65","000","00","290","0002","2361","184","143","41","1","185","634","0","29.18","22.56"
"65","000","00","290","0003","0000","151","120","31","7","158","606","0","26.07","19.80"
"65","000","00","290","0003","2366","151","120","31","7","158","606","0","26.07","19.80"
"65","000","00","290","0004","0000","156","75","81","1","157","504","0","31.15","14.88"
"65","000","00","290","0004","2365","156","75","81","1","157","504","0","31.15","14.88"
"65","000","00","290","0005","0000","67","27","40","1","68","231","0","29.44","11.69"
"65","000","00","290","0005","2364","67","27","40","1","68","231","0","29.44","11.69"
"68","000","00","000","0000","0000","741648","395529","346119","6578","748226","1869908","2272459","40.01","21.15"
"68","000","00","010","0000","0000","153956","79630","74326","1298","155254","375012","458824","41.40","21.23"
"68","000","00","010","0001","0000","487","235","252","0","487","1024","0","47.56","22.95"
"68","000","00","010","0001","0036","487","235","252","0","487","1024","0","47.56","22.95"
"68","000","00","010","0002","0000","691","347","344","4","695","1396","0","49.79","24.86"
"68","000","00","010","0002","0038","691","347","344","4","695","1396","0","49.79","24.86"
"68","000","00","010","0003","0000","621","306","315","6","627","1628","0","38.51","18.80"
"68","000","00","010","0003","0047","621","306","315","6","627","1628","0","38.51","18.80"
"68","000","00","010","0004","0000","2540","1226","1314","20","2560","6940","0","36.89","17.67"
"68","000","00","010","0004","0001","552","264","288","6","558","1515","0","36.83","17.43"
"68","000","00","010","0004","0002","388","199","189","0","388","1110","0","34.95","17.93"
"68","000","00","010","0004","0003","470","229","241","6","476","1357","0","35.08","16.88"
"68","000","00","010","0004","0004","599","270","329","5","604","1422","0","42.48","18.99"
"68","000","00","010","0004","0005","531","264","267","3","534","1536","0","34.77","17.19"
"68","000","00","010","0005","0000","1367","777","590","10","1377","3581","0","38.45","21.70"
"68","000","00","010","0005","0219","693","412","281","8","701","1850","0","37.89","22.27"
"68","000","00","010","0005","0220","674","365","309","2","676","1731","0","39.05","21.09"
"68","000","00","010","0006","0000","3775","2198","1577","22","3797","9791","0","38.78","22.45"
"68","000","00","010","0006","0233","614","326","288","4","618","1612","0","38.34","20.22"
"68","000","00","010","0006","0234","585","338","247","4","589","1483","0","39.72","22.79"
"68","000","00","010","0006","0235","607","335","272","3","610","1694","0","36.01","19.78"
"68","000","00","010","0006","0236","676","398","278","2","678","1728","0","39.24","23.03"
"68","000","00","010","0006","0237","690","429","261","4","694","1709","0","40.61","25.10"
"68","000","00","010","0006","0238","603","372","231","5","608","1565","0","38.85","23.77"
"68","000","00","010","0007","0000","468","164","304","3","471","1005","0","46.87","16.32"
"68","000","00","010","0007","0048","468","164","304","3","471","1005","0","46.87","16.32"
"68","000","00","010","0008","0000","679","332","347","7","686","1649","0","41.60","20.13"
"68","000","00","010","0008","0040","679","332","347","7","686","1649","0","41.60","20.13"
"68","000","00","010","0009","0000","745","306","439","7","752","1820","0","41.32","16.81"
"68","000","00","010","0009","0041","745","306","439","7","752","1820","0","41.32","16.81"
"68","000","00","010","0010","0000","2594","1133","1461","21","2615","6542","0","39.97","17.32"
"68","000","00","010","0010","0215","845","381","464","9","854","2211","0","38.63","17.23"
"68","000","00","010","0010","0216","613","259","354","7","620","1496","0","41.44","17.31"
"68","000","00","010","0010","0217","572","287","285","5","577","1496","0","38.57","19.18"
"68","000","00","010","0010","0218","564","206","358","0","564","1339","0","42.12","15.38"
"68","000","00","010","0011","0000","2064","866","1198","22","2086","4520","0","46.15","19.16"
"68","000","00","010","0011","0131","631","300","331","8","639","1382","0","46.24","21.71"
"68","000","00","010","0011","0132","677","302","375","6","683","1577","0","43.31","19.15"
"68","000","00","010","0011","0133","756","264","492","8","764","1561","0","48.94","16.91"
"68","000","00","010","0012","0000","1874","836","1038","17","1891","4602","0","41.09","18.17"
"68","000","00","010","0012","0152","631","268","363","3","634","1668","0","38.01","16.07"
"68","000","00","010","0012","0153","629","301","328","5","634","1533","0","41.36","19.63"
"68","000","00","010","0012","0154","614","267","347","9","623","1401","0","44.47","19.06"
"68","000","00","010","0013","0000","1361","719","642","7","1368","3019","0","45.31","23.82"
"68","000","00","010","0013","0222","651","346","305","3","654","1512","0","43.25","22.88"
"68","000","00","010","0013","0223","710","373","337","4","714","1507","0","47.38","24.75"
"68","000","00","010","0014","0000","808","383","425","9","817","1896","0","43.09","20.20"
"68","000","00","010","0014","0221","808","383","425","9","817","1896","0","43.09","20.20"
"68","000","00","010","0015","0000","392","147","245","2","394","924","0","42.64","15.91"
"68","000","00","010","0015","0239","392","147","245","2","394","924","0","42.64","15.91"
"68","000","00","010","0016","0000","1483","645","838","9","1492","3527","0","42.30","18.29"
"68","000","00","010","0016","0155","696","272","424","2","698","1701","0","41.03","15.99"
"68","000","00","010","0016","0156","787","373","414","7","794","1826","0","43.48","20.43"
"68","000","00","010","0017","0000","978","371","607","8","986","2382","0","41.39","15.58"
"68","000","00","010","0017","0122","544","234","310","5","549","1327","0","41.37","17.63"
"68","000","00","010","0017","0123","434","137","297","3","437","1055","0","41.42","12.99"
"68","000","00","010","0018","0000","1332","544","788","13","1345","3082","0","43.64","17.65"
"68","000","00","010","0018","0148","817","327","490","9","826","2001","0","41.28","16.34"
"68","000","00","010","0018","0149","515","217","298","4","519","1081","0","48.01","20.07"
"68","000","00","010","0019","0000","637","310","327","7","644","1626","0","39.61","19.07"
"68","000","00","010","0019","0045","637","310","327","7","644","1626","0","39.61","19.07"
"68","000","00","010","0020","0000","613","265","348","9","622","1307","0","47.59","20.28"
"68","000","00","010","0020","0031","613","265","348","9","622","1307","0","47.59","20.28"
"68","000","00","010","0021","0000","381","147","234","3","384","778","0","49.36","18.89"
"68","000","00","010","0021","0037","381","147","234","3","384","778","0","49.36","18.89"
"68","000","00","010","0022","0000","4193","2334","1859","41","4234","9814","0","43.14","23.78"
"68","000","00","010","0022","0177","666","355","311","4","670","1694","0","39.55","20.96"
"68","000","00","010","0022","0178","754","418","336","3","757","1619","0","46.76","25.82"
"68","000","00","010","0022","0179","752","428","324","8","760","1575","0","48.25","27.17"
"68","000","00","010","0022","0180","713","390","323","14","727","1803","0","40.32","21.63"
"68","000","00","010","0022","0181","625","354","271","5","630","1462","0","43.09","24.21"
"68","000","00","010","0022","0182","683","389","294","7","690","1661","0","41.54","23.42"
"68","000","00","010","0023","0000","2874","1554","1320","23","2897","6789","0","42.67","22.89"
"68","000","00","010","0023","0054","687","365","322","4","691","1687","0","40.96","21.64"
"68","000","00","010","0023","0055","769","415","354","11","780","1721","0","45.32","24.11"
"68","000","00","010","0023","0056","646","342","304","3","649","1644","0","39.48","20.80"
"68","000","00","010","0023","0057","772","432","340","5","777","1737","0","44.73","24.87"
"68","000","00","010","0024","0000","2446","1209","1237","19","2465","6329","0","38.95","19.10"
"68","000","00","010","0024","0173","614","278","336","3","617","1665","0","37.06","16.70"
"68","000","00","010","0024","0174","593","345","248","5","598","1549","0","38.61","22.27"
"68","000","00","010","0024","0175","609","261","348","5","614","1518","0","40.45","17.19"
"68","000","00","010","0024","0176","630","325","305","6","636","1597","0","39.82","20.35"
"68","000","00","010","0025","0000","630","328","302","8","638","1430","0","44.62","22.94"
"68","000","00","010","0025","0046","630","328","302","8","638","1430","0","44.62","22.94"
"68","000","00","010","0026","0000","2475","1239","1236","25","2500","5908","0","42.32","20.97"
"68","000","00","010","0026","0049","862","421","441","10","872","2055","0","42.43","20.49"
"68","000","00","010","0026","0050","421","216","205","5","426","996","0","42.77","21.69"
"68","000","00","010","0026","0051","461","219","242","6","467","1063","0","43.93","20.60"
"68","000","00","010","0026","0052","731","383","348","4","735","1794","0","40.97","21.35"
"68","000","00","010","0027","0000","609","246","363","6","615","1365","0","45.05","18.02"
"68","000","00","010","0027","0053","609","246","363","6","615","1365","0","45.05","18.02"
"68","000","00","010","0028","0000","2061","942","1119","19","2080","4880","0","42.62","19.30"
"68","000","00","010","0028","0092","642","254","388","9","651","1424","0","45.72","17.84"
"68","000","00","010","0028","0093","458","213","245","3","461","1203","0","38.32","17.71"
"68","000","00","010","0028","0094","516","262","254","6","522","1137","0","45.91","23.04"
"68","000","00","010","0028","0095","445","213","232","1","446","1116","0","39.96","19.09"
"68","000","00","010","0029","0000","2254","1067","1187","21","2275","5722","0","39.76","18.65"
"68","000","00","010","0029","0065","547","204","343","4","551","1135","0","48.55","17.97"
"68","000","00","010","0029","0066","437","209","228","4","441","1231","0","35.82","16.98"
"68","000","00","010","0029","0067","809","363","446","7","816","1962","0","41.59","18.50"
"68","000","00","010","0029","0068","461","291","170","6","467","1394","0","33.50","20.88"
"68","000","00","010","0030","0000","2876","1541","1335","15","2891","6550","0","44.14","23.53"
"68","000","00","010","0030","0061","761","437","324","5","766","1565","0","48.95","27.92"
"68","000","00","010","0030","0062","670","336","334","1","671","1569","0","42.77","21.41"
"68","000","00","010","0030","0063","806","401","405","4","810","1914","0","42.32","20.95"
"68","000","00","010","0030","0064","639","367","272","5","644","1502","0","42.88","24.43"
"68","000","00","010","0031","0000","731","305","426","2","733","1710","0","42.87","17.84"
"68","000","00","010","0031","0039","731","305","426","2","733","1710","0","42.87","17.84"
"68","000","00","010","0032","0000","2628","1371","1257","22","2650","6053","0","43.78","22.65"
"68","000","00","010","0032","0016","662","299","363","3","665","1416","0","46.96","21.12"
"68","000","00","010","0032","0017","596","292","304","9","605","1425","0","42.46","20.49"
"68","000","00","010","0032","0018","641","337","304","3","644","1556","0","41.39","21.66"
"68","000","00","010","0032","0019","729","443","286","7","736","1656","0","44.44","26.75"
"68","000","00","010","0033","0000","2642","1343","1299","28","2670","5943","0","44.93","22.60"
"68","000","00","010","0033","0023","664","324","340","6","670","1409","0","47.55","23.00"
"68","000","00","010","0033","0024","748","371","377","8","756","1576","0","47.97","23.54"
"68","000","00","010","0033","0025","661","342","319","6","667","1515","0","44.03","22.57"
"68","000","00","010","0033","0026","569","306","263","8","577","1443","0","39.99","21.21"
"68","000","00","010","0034","0000","2137","972","1165","13","2150","4548","0","47.27","21.37"
"68","000","00","010","0034","0042","650","295","355","7","657","1579","0","41.61","18.68"
"68","000","00","010","0034","0043","727","324","403","4","731","1467","0","49.83","22.09"
"68","000","00","010","0034","0044","760","353","407","2","762","1502","0","50.73","23.50"
"68","000","00","010","0035","0000","1289","692","597","15","1304","3479","0","37.48","19.89"
"68","000","00","010","0035","0099","412","195","217","8","420","1135","0","37.00","17.18"
"68","000","00","010","0035","0100","451","271","180","2","453","1170","0","38.72","23.16"
"68","000","00","010","0035","0101","426","226","200","5","431","1174","0","36.71","19.25"
"68","000","00","010","0036","0000","2319","1356","963","26","2345","5803","0","40.41","23.37"
"68","000","00","010","0036","0106","592","331","261","4","596","1414","0","42.15","23.41"
"68","000","00","010","0036","0107","577","330","247","10","587","1557","0","37.70","21.19"
"68","000","00","010","0036","0108","610","372","238","8","618","1519","0","40.68","24.49"
"68","000","00","010","0036","0109","540","323","217","4","544","1313","0","41.43","24.60"
"68","000","00","010","0037","0000","1799","968","831","19","1818","3846","0","47.27","25.17"
"68","000","00","010","0037","0212","529","283","246","3","532","1124","0","47.33","25.18"
"68","000","00","010","0037","0213","598","317","281","7","605","1346","0","44.95","23.55"
"68","000","00","010","0037","0214","672","368","304","9","681","1376","0","49.49","26.74"
"68","000","00","010","0038","0000","1829","805","1024","18","1847","4213","0","43.84","19.11"
"68","000","00","010","0038","0224","546","236","310","4","550","1272","0","43.24","18.55"
"68","000","00","010","0038","0225","639","259","380","9","648","1458","0","44.44","17.76"
"68","000","00","010","0038","0226","644","310","334","5","649","1483","0","43.76","20.90"
"68","000","00","010","0039","0000","892","406","486","12","904","1970","0","45.89","20.61"
"68","000","00","010","0039","0231","492","217","275","7","499","1010","0","49.41","21.49"
"68","000","00","010","0039","0232","400","189","211","5","405","960","0","42.19","19.69"
"68","000","00","010","0040","0000","2458","1172","1286","18","2476","5681","0","43.58","20.63"
"68","000","00","010","0040","0032","582","301","281","5","587","1321","0","44.44","22.79"
"68","000","00","010","0040","0033","609","266","343","6","615","1458","0","42.18","18.24"
"68","000","00","010","0040","0034","703","294","409","7","710","1543","0","46.01","19.05"
"68","000","00","010","0040","0035","564","311","253","0","564","1359","0","41.50","22.88"
"68","000","00","010","0041","0000","2821","1421","1400","27","2848","6243","0","45.62","22.76"
"68","000","00","010","0041","0027","726","389","337","9","735","1654","0","44.44","23.52"
"68","000","00","010","0041","0028","710","359","351","4","714","1620","0","44.07","22.16"
"68","000","00","010","0041","0029","652","335","317","8","660","1478","0","44.65","22.67"
"68","000","00","010","0041","0030","733","338","395","6","739","1491","0","49.56","22.67"
"68","000","00","010","0042","0000","2205","1129","1076","41","2246","5129","0","43.79","22.01"
"68","000","00","010","0042","0012","559","279","280","10","569","1282","0","44.38","21.76"
"68","000","00","010","0042","0013","597","284","313","11","608","1393","0","43.65","20.39"
"68","000","00","010","0042","0014","509","285","224","9","518","1225","0","42.29","23.27"
"68","000","00","010","0042","0015","540","281","259","11","551","1229","0","44.83","22.86"
"68","000","00","010","0043","0000","2038","978","1060","19","2057","4911","0","41.89","19.91"
"68","000","00","010","0043","0009","721","351","370","8","729","1811","0","40.25","19.38"
"68","000","00","010","0043","0010","654","326","328","4","658","1554","0","42.34","20.98"
"68","000","00","010","0043","0011","663","301","362","7","670","1546","0","43.34","19.47"
"68","000","00","010","0044","0000","1751","910","841","15","1766","4122","0","42.84","22.08"
"68","000","00","010","0044","0020","542","307","235","2","544","1284","0","42.37","23.91"
"68","000","00","010","0044","0021","521","260","261","6","527","1373","0","38.38","18.94"
"68","000","00","010","0044","0022","688","343","345","7","695","1465","0","47.44","23.41"
"68","000","00","010","0045","0000","1970","1127","843","13","1983","4162","0","47.65","27.08"
"68","000","00","010","0045","0199","647","379","268","2","649","1412","0","45.96","26.84"
"68","000","00","010","0045","0200","712","415","297","5","717","1371","0","52.30","30.27"
"68","000","00","010","0045","0201","611","333","278","6","617","1379","0","44.74","24.15"
"68","000","00","010","0046","0000","1988","924","1064","14","2002","5398","0","37.09","17.12"
"68","000","00","010","0046","0209","610","273","337","4","614","1776","0","34.57","15.37"
"68","000","00","010","0046","0210","685","303","382","4","689","1801","0","38.26","16.82"
"68","000","00","010","0046","0211","693","348","345","6","699","1821","0","38.39","19.11"
"68","000","00","010","0047","0000","2246","1087","1159","19","2265","6093","0","37.17","17.84"
"68","000","00","010","0047","0227","593","286","307","3","596","1510","0","39.47","18.94"
"68","000","00","010","0047","0228","559","252","307","10","569","1429","0","39.82","17.63"
"68","000","00","010","0047","0229","577","278","299","4","581","1537","0","37.80","18.09"
"68","000","00","010","0047","0230","517","271","246","2","519","1617","0","32.10","16.76"
"68","000","00","010","0048","0000","2770","1307","1463","27","2797","6914","0","40.45","18.90"
"68","000","00","010","0048","0160","535","207","328","5","540","1304","0","41.41","15.87"
"68","000","00","010","0048","0161","472","224","248","1","473","1299","0","36.41","17.24"
"68","000","00","010","0048","0162","568","255","313","6","574","1385","0","41.44","18.41"
"68","000","00","010","0048","0163","605","293","312","5","610","1554","0","39.25","18.85"
"68","000","00","010","0048","0164","590","328","262","10","600","1372","0","43.73","23.91"
"68","000","00","010","0049","0000","2414","1336","1078","12","2426","6089","0","39.84","21.94"
"68","000","00","010","0049","0124","610","308","302","4","614","1473","0","41.68","20.91"
"68","000","00","010","0049","0125","625","321","304","2","627","1457","0","43.03","22.03"
"68","000","00","010","0049","0126","562","350","212","2","564","1674","0","33.69","20.91"
"68","000","00","010","0049","0127","617","357","260","4","621","1485","0","41.82","24.04"
"68","000","00","010","0050","0000","3887","1974","1913","22","3909","9540","0","40.97","20.69"
"68","000","00","010","0050","0134","784","429","355","4","788","1817","0","43.37","23.61"
"68","000","00","010","0050","0135","718","342","376","4","722","1956","0","36.91","17.48"
"68","000","00","010","0050","0136","810","408","402","6","816","1892","0","43.13","21.56"
"68","000","00","010","0050","0137","898","453","445","7","905","2195","0","41.23","20.64"
"68","000","00","010","0050","0138","677","342","335","1","678","1680","0","40.36","20.36"
"68","000","00","010","0051","0000","3705","2163","1542","24","3729","8779","0","42.48","24.64"
"68","000","00","010","0051","0168","713","413","300","5","718","1689","0","42.51","24.45"
"68","000","00","010","0051","0169","793","432","361","4","797","1772","0","44.98","24.38"
"68","000","00","010","0051","0170","683","378","305","1","684","1766","0","38.73","21.40"
"68","000","00","010","0051","0171","772","459","313","11","783","1837","0","42.62","24.99"
"68","000","00","010","0051","0172","744","481","263","3","747","1715","0","43.56","28.05"
"68","000","00","010","0052","0000","1764","932","832","13","1777","3991","0","44.53","23.35"
"68","000","00","010","0052","0090","814","407","407","6","820","1990","0","41.21","20.45"
"68","000","00","010","0052","0091","950","525","425","7","957","2001","0","47.83","26.24"
"68","000","00","010","0053","0000","1635","853","782","16","1651","3653","0","45.20","23.35"
"68","000","00","010","0053","0096","539","304","235","4","543","1225","0","44.33","24.82"
"68","000","00","010","0053","0097","596","293","303","7","603","1294","0","46.60","22.64"
"68","000","00","010","0053","0098","500","256","244","5","505","1134","0","44.53","22.57"
"68","000","00","010","0054","0000","1605","845","760","15","1620","3883","0","41.72","21.76"
"68","000","00","010","0054","0083","577","305","272","6","583","1263","0","46.16","24.15"
"68","000","00","010","0054","0084","480","246","234","4","484","1258","0","38.47","19.55"
"68","000","00","010","0054","0085","548","294","254","5","553","1362","0","40.60","21.59"
"68","000","00","010","0055","0000","2670","1343","1327","27","2697","6452","0","41.80","20.82"
"68","000","00","010","0055","0086","662","358","304","6","668","1637","0","40.81","21.87"
"68","000","00","010","0055","0087","594","309","285","7","601","1439","0","41.77","21.47"
"68","000","00","010","0055","0088","748","291","457","8","756","1571","0","48.12","18.52"
"68","000","00","010","0055","0089","666","385","281","6","672","1805","0","37.23","21.33"
"68","000","00","010","0056","0000","1819","1076","743","19","1838","4939","0","37.21","21.79"
"68","000","00","010","0056","0110","599","368","231","6","605","1619","0","37.37","22.73"
"68","000","00","010","0056","0111","575","334","241","8","583","1625","0","35.88","20.55"
"68","000","00","010","0056","0112","645","374","271","5","650","1695","0","38.35","22.06"
"68","000","00","010","0057","0000","2395","1387","1008","19","2414","6433","0","37.53","21.56"
"68","000","00","010","0057","0202","576","328","248","4","580","1570","0","36.94","20.89"
"68","000","00","010","0057","0203","565","349","216","8","573","1596","0","35.90","21.87"
"68","000","00","010","0057","0204","634","376","258","6","640","1631","0","39.24","23.05"
"68","000","00","010","0057","0205","620","334","286","1","621","1636","0","37.96","20.42"
"68","000","00","010","0058","0000","3156","1758","1398","23","3179","8491","0","37.44","20.70"
"68","000","00","010","0058","0243","586","332","254","5","591","1547","0","38.20","21.46"
"68","000","00","010","0058","0244","524","277","247","4","528","1359","0","38.85","20.38"
"68","000","00","010","0058","0245","502","266","236","3","505","1427","0","35.39","18.64"
"68","000","00","010","0058","0246","546","317","229","5","551","1709","0","32.24","18.55"
"68","000","00","010","0058","0247","563","328","235","5","568","1318","0","43.10","24.89"
"68","000","00","010","0058","0248","435","238","197","1","436","1131","0","38.55","21.04"
"68","000","00","010","0059","0000","2978","1661","1317","22","3000","9776","0","30.69","16.99"
"68","000","00","010","0059","0117","646","355","291","3","649","1561","0","41.58","22.74"
"68","000","00","010","0059","0118","482","258","224","4","486","3546","0","13.71","7.28"
"68","000","00","010","0059","0119","642","372","270","0","642","1647","0","38.98","22.59"
"68","000","00","010","0059","0120","565","309","256","7","572","1477","0","38.73","20.92"
"68","000","00","010","0059","0121","643","367","276","8","651","1545","0","42.14","23.75"
"68","000","00","010","0060","0000","2091","1093","998","25","2116","5408","0","39.13","20.21"
"68","000","00","010","0060","0102","542","250","292","5","547","1283","0","42.63","19.49"
"68","000","00","010","0060","0103","576","281","295","6","582","1448","0","40.19","19.41"
"68","000","00","010","0060","0104","508","284","224","8","516","1323","0","39.00","21.47"
"68","000","00","010","0060","0105","465","278","187","6","471","1354","0","34.79","20.53"
"68","000","00","010","0061","0000","3218","1760","1458","35","3253","7355","0","44.23","23.93"
"68","000","00","010","0061","0143","754","403","351","12","766","1721","0","44.51","23.42"
"68","000","00","010","0061","0144","586","319","267","11","597","1489","0","40.09","21.42"
"68","000","00","010","0061","0145","601","302","299","5","606","1401","0","43.25","21.56"
"68","000","00","010","0061","0146","603","356","247","2","605","1288","0","46.97","27.64"
"68","000","00","010","0061","0147","674","380","294","5","679","1456","0","46.63","26.10"
"68","000","00","010","0062","0000","2208","1163","1045","17","2225","5612","0","39.65","20.72"
"68","000","00","010","0062","0069","598","311","287","5","603","1319","0","45.72","23.58"
"68","000","00","010","0062","0070","567","291","276","4","571","1436","0","39.76","20.26"
"68","000","00","010","0062","0071","545","279","266","6","551","1426","0","38.64","19.57"
"68","000","00","010","0062","0072","498","282","216","2","500","1431","0","34.94","19.71"
"68","000","00","010","0063","0000","2198","1047","1151","12","2210","4931","0","44.82","21.23"
"68","000","00","010","0063","0157","770","370","400","8","778","1686","0","46.14","21.95"
"68","000","00","010","0063","0158","594","267","327","2","596","1351","0","44.12","19.76"
"68","000","00","010","0063","0159","834","410","424","2","836","1894","0","44.14","21.65"
"68","000","00","010","0064","0000","1953","1065","888","19","1972","4612","0","42.76","23.09"
"68","000","00","010","0064","0058","685","405","280","10","695","1749","0","39.74","23.16"
"68","000","00","010","0064","0059","705","378","327","5","710","1615","0","43.96","23.41"
"68","000","00","010","0064","0060","563","282","281","4","567","1248","0","45.43","22.60"
"68","000","00","010","0065","0000","2024","1152","872","9","2033","4570","0","44.49","25.21"
"68","000","00","010","0065","0073","678","390","288","0","678","1613","0","42.03","24.18"
"68","000","00","010","0065","0074","741","428","313","5","746","1562","0","47.76","27.40"
"68","000","00","010","0065","0075","605","334","271","4","609","1395","0","43.66","23.94"
"68","000","00","010","0066","0000","1825","1064","761","17","1842","4145","0","44.44","25.67"
"68","000","00","010","0066","0076","658","391","267","4","662","1502","0","44.07","26.03"
"68","000","00","010","0066","0077","531","297","234","8","539","1338","0","40.28","22.20"
"68","000","00","010","0066","0078","636","376","260","5","641","1305","0","49.12","28.81"
"68","000","00","010","0067","0000","2099","1037","1062","19","2118","4872","0","43.47","21.28"
"68","000","00","010","0067","0165","715","340","375","7","722","1649","0","43.78","20.62"
"68","000","00","010","0067","0166","713","341","372","7","720","1602","0","44.94","21.29"
"68","000","00","010","0067","0167","671","356","315","5","676","1621","0","41.70","21.96"
"68","000","00","010","0068","0000","2559","1406","1153","26","2585","6169","0","41.90","22.79"
"68","000","00","010","0068","0192","657","355","302","4","661","1510","0","43.77","23.51"
"68","000","00","010","0068","0193","715","392","323","11","726","1652","0","43.95","23.73"
"68","000","00","010","0068","0194","649","368","281","6","655","1639","0","39.96","22.45"
"68","000","00","010","0068","0195","538","291","247","5","543","1368","0","39.69","21.27"
"68","000","00","010","0069","0000","1914","1052","862","16","1930","4734","0","40.77","22.22"
"68","000","00","010","0069","0128","620","300","320","8","628","1573","0","39.92","19.07"
"68","000","00","010","0069","0129","659","402","257","3","662","1571","0","42.14","25.59"
"68","000","00","010","0069","0130","635","350","285","5","640","1590","0","40.25","22.01"
"68","000","00","010","0070","0000","2312","1408","904","17","2329","5481","0","42.49","25.69"
"68","000","00","010","0070","0079","504","328","176","4","508","1388","0","36.60","23.63"
"68","000","00","010","0070","0080","540","322","218","2","542","1281","0","42.31","25.14"
"68","000","00","010","0070","0081","587","330","257","8","595","1429","0","41.64","23.09"
"68","000","00","010","0070","0082","681","428","253","3","684","1383","0","49.46","30.95"
"68","000","00","010","0071","0000","2468","1281","1187","21","2489","6540","0","38.06","19.59"
"68","000","00","010","0071","0113","659","361","298","4","663","1601","0","41.41","22.55"
"68","000","00","010","0071","0114","619","292","327","4","623","1641","0","37.96","17.79"
"68","000","00","010","0071","0115","588","289","299","4","592","1685","0","35.13","17.15"
"68","000","00","010","0071","0116","602","339","263","9","611","1613","0","37.88","21.02"
"68","000","00","010","0072","0000","2584","1458","1126","20","2604","6061","0","42.96","24.06"
"68","000","00","010","0072","0139","648","370","278","3","651","1564","0","41.62","23.66"
"68","000","00","010","0072","0140","672","380","292","8","680","1538","0","44.21","24.71"
"68","000","00","010","0072","0141","625","351","274","5","630","1490","0","42.28","23.56"
"68","000","00","010","0072","0142","639","357","282","4","643","1469","0","43.77","24.30"
"68","000","00","010","0073","0000","1442","773","669","16","1458","3179","0","45.86","24.32"
"68","000","00","010","0073","0150","603","327","276","7","610","1412","0","43.20","23.16"
"68","000","00","010","0073","0151","839","446","393","9","848","1767","0","47.99","25.24"
"68","000","00","010","0074","0000","3089","1692","1397","30","3119","8113","0","38.44","20.86"
"68","000","00","010","0074","0187","609","350","259","8","617","1563","0","39.48","22.39"
"68","000","00","010","0074","0188","546","288","258","6","552","1624","0","33.99","17.73"
"68","000","00","010","0074","0189","617","334","283","7","624","1546","0","40.36","21.60"
"68","000","00","010","0074","0190","658","352","306","5","663","1637","0","40.50","21.50"
"68","000","00","010","0074","0191","659","368","291","4","663","1743","0","38.04","21.11"
"68","000","00","010","0075","0000","2263","1209","1054","14","2277","5936","0","38.36","20.37"
"68","000","00","010","0075","0183","521","257","264","2","523","1567","0","33.38","16.40"
"68","000","00","010","0075","0184","630","342","288","4","634","1483","0","42.75","23.06"
"68","000","00","010","0075","0185","591","335","256","4","595","1486","0","40.04","22.54"
"68","000","00","010","0075","0186","521","275","246","4","525","1400","0","37.50","19.64"
"68","000","00","010","0076","0000","1528","800","728","15","1543","3791","0","40.70","21.10"
"68","000","00","010","0076","0196","560","271","289","5","565","1360","0","41.54","19.93"
"68","000","00","010","0076","0197","434","221","213","7","441","1109","0","39.77","19.93"
"68","000","00","010","0076","0198","534","308","226","3","537","1322","0","40.62","23.30"
"68","000","00","010","0077","0000","1493","740","753","10","1503","3881","0","38.73","19.07"
"68","000","00","010","0077","0006","539","265","274","4","543","1445","0","37.58","18.34"
"68","000","00","010","0077","0007","486","231","255","3","489","1245","0","39.28","18.55"
"68","000","00","010","0077","0008","468","244","224","3","471","1191","0","39.55","20.49"
"68","000","00","010","0078","0000","2005","1086","919","12","2017","5006","0","40.29","21.69"
"68","000","00","010","0078","0206","748","383","365","5","753","1727","0","43.60","22.18"
"68","000","00","010","0078","0207","649","355","294","2","651","1658","0","39.26","21.41"
"68","000","00","010","0078","0208","608","348","260","5","613","1621","0","37.82","21.47"
"68","000","00","010","0079","0000","1834","1026","808","5","1839","4546","0","40.45","22.57"
"68","000","00","010","0079","0240","587","330","257","1","588","1367","0","43.01","24.14"
"68","000","00","010","0079","0241","717","388","329","3","720","1804","0","39.91","21.51"
"68","000","00","010","0079","0242","530","308","222","1","531","1375","0","38.62","22.40"
"68","000","00","020","0000","0000","143060","82343","60717","1174","144234","347023","422582","41.56","23.73"
"68","000","00","020","0001","0000","1288","984","304","12","1300","2898","0","44.86","33.95"
"68","000","00","020","0001","0712","658","523","135","6","664","1343","0","49.44","38.94"
"68","000","00","020","0001","0713","630","461","169","6","636","1555","0","40.90","29.65"
"68","000","00","020","0002","0000","2233","1440","793","25","2258","5428","0","41.60","26.53"
"68","000","00","020","0002","0708","678","446","232","9","687","1406","0","48.86","31.72"
"68","000","00","020","0002","0709","477","308","169","3","480","1263","0","38.00","24.39"
"68","000","00","020","0002","0710","558","358","200","6","564","1382","0","40.81","25.90"
"68","000","00","020","0002","0711","520","328","192","7","527","1377","0","38.27","23.82"
"68","000","00","020","0003","0000","1274","796","478","18","1292","3064","0","42.17","25.98"
"68","000","00","020","0003","0755","649","400","249","11","660","1595","0","41.38","25.08"
"68","000","00","020","0003","0756","625","396","229","7","632","1469","0","43.02","26.96"
"68","000","00","020","0004","0000","395","204","191","1","396","914","0","43.33","22.32"
"68","000","00","020","0004","0881","395","204","191","1","396","914","0","43.33","22.32"
"68","000","00","020","0005","0000","911","567","344","12","923","2196","0","42.03","25.82"
"68","000","00","020","0005","0793","449","265","184","6","455","1093","0","41.63","24.25"
"68","000","00","020","0005","0794","462","302","160","6","468","1103","0","42.43","27.38"
"68","000","00","020","0006","0000","1742","1046","696","18","1760","4380","0","40.18","23.88"
"68","000","00","020","0006","0795","638","373","265","8","646","1563","0","41.33","23.86"
"68","000","00","020","0006","0796","523","315","208","6","529","1513","0","34.96","20.82"
"68","000","00","020","0006","0797","581","358","223","4","585","1304","0","44.86","27.45"
"68","000","00","020","0007","0000","2381","1387","994","25","2406","5320","0","45.23","26.07"
"68","000","00","020","0007","0889","639","375","264","9","648","1498","0","43.26","25.03"
"68","000","00","020","0007","0890","462","246","216","3","465","1022","0","45.50","24.07"
"68","000","00","020","0007","0891","630","365","265","6","636","1398","0","45.49","26.11"
"68","000","00","020","0007","0892","650","401","249","7","657","1402","0","46.86","28.60"
"68","000","00","020","0008","0000","2336","1941","395","23","2359","5087","0","46.37","38.16"
"68","000","00","020","0008","0781","586","503","83","6","592","1239","0","47.78","40.60"
"68","000","00","020","0008","0782","590","497","93","7","597","1242","0","48.07","40.02"
"68","000","00","020","0008","0783","635","528","107","6","641","1313","0","48.82","40.21"
"68","000","00","020","0008","0784","525","413","112","4","529","1293","0","40.91","31.94"
"68","000","00","020","0009","0000","1534","1032","502","6","1540","3497","0","44.04","29.51"
"68","000","00","020","0009","0777","743","481","262","3","746","1642","0","45.43","29.29"
"68","000","00","020","0009","0778","791","551","240","3","794","1855","0","42.80","29.70"
"68","000","00","020","0010","0000","1503","992","511","14","1517","3778","0","40.15","26.26"
"68","000","00","020","0010","0764","596","380","216","5","601","1453","0","41.36","26.15"
"68","000","00","020","0010","0765","323","212","111","5","328","803","0","40.85","26.40"
"68","000","00","020","0010","0766","584","400","184","4","588","1522","0","38.63","26.28"
"68","000","00","020","0011","0000","1785","1007","778","18","1803","4305","0","41.88","23.39"
"68","000","00","020","0011","0696","512","293","219","5","517","1243","0","41.59","23.57"
"68","000","00","020","0011","0697","632","357","275","8","640","1469","0","43.57","24.30"
"68","000","00","020","0011","0698","641","357","284","5","646","1593","0","40.55","22.41"
"68","000","00","020","0012","0000","2204","1362","842","16","2220","5566","0","39.89","24.47"
"68","000","00","020","0012","0714","747","498","249","2","749","1853","0","40.42","26.88"
"68","000","00","020","0012","0715","435","274","161","9","444","1229","0","36.13","22.29"
"68","000","00","020","0012","0716","449","274","175","3","452","1105","0","40.90","24.80"
"68","000","00","020","0012","0717","573","316","257","2","575","1379","0","41.70","22.92"
"68","000","00","020","0013","0000","1294","724","570","7","1301","3006","0","43.28","24.09"
"68","000","00","020","0013","0753","649","364","285","4","653","1507","0","43.33","24.15"
"68","000","00","020","0013","0754","645","360","285","3","648","1499","0","43.23","24.02"
"68","000","00","020","0014","0000","981","518","463","6","987","2310","0","42.73","22.42"
"68","000","00","020","0014","0871","423","203","220","4","427","1114","0","38.33","18.22"
"68","000","00","020","0014","0872","558","315","243","2","560","1196","0","46.82","26.34"
"68","000","00","020","0015","0000","1638","876","762","9","1647","3407","0","48.34","25.71"
"68","000","00","020","0015","0830","668","383","285","2","670","1408","0","47.59","27.20"
"68","000","00","020","0015","0831","501","262","239","3","504","1042","0","48.37","25.14"
"68","000","00","020","0015","0832","469","231","238","4","473","957","0","49.43","24.14"
"68","000","00","020","0016","0000","1619","944","675","11","1630","4240","0","38.44","22.26"
"68","000","00","020","0016","0724","570","327","243","4","574","1395","0","41.15","23.44"
"68","000","00","020","0016","0725","525","297","228","3","528","1420","0","37.18","20.92"
"68","000","00","020","0016","0726","524","320","204","4","528","1425","0","37.05","22.46"
"68","000","00","020","0017","0000","1733","1045","688","15","1748","5599","0","31.22","18.66"
"68","000","00","020","0017","0740","600","358","242","5","605","1175","0","51.49","30.47"
"68","000","00","020","0017","0741","567","332","235","7","574","1204","0","47.67","27.57"
"68","000","00","020","0017","0742","566","355","211","3","569","3220","0","17.67","11.02"
"68","000","00","020","0018","0000","1574","883","691","12","1586","3943","0","40.22","22.39"
"68","000","00","020","0018","0748","512","276","236","5","517","1519","0","34.04","18.17"
"68","000","00","020","0018","0749","586","315","271","4","590","1316","0","44.83","23.94"
"68","000","00","020","0018","0750","476","292","184","3","479","1108","0","43.23","26.35"
"68","000","00","020","0019","0000","1985","1265","720","13","1998","5241","0","38.12","24.14"
"68","000","00","020","0019","0769","559","342","217","2","561","1661","0","33.77","20.59"
"68","000","00","020","0019","0770","687","445","242","5","692","1781","0","38.85","24.99"
"68","000","00","020","0019","0771","739","478","261","6","745","1799","0","41.41","26.57"
"68","000","00","020","0020","0000","1281","776","505","6","1287","3393","0","37.93","22.87"
"68","000","00","020","0020","0767","672","391","281","3","675","1721","0","39.22","22.72"
"68","000","00","020","0020","0768","609","385","224","3","612","1672","0","36.60","23.03"
"68","000","00","020","0021","0000","1483","783","700","12","1495","3315","0","45.10","23.62"
"68","000","00","020","0021","0842","686","366","320","6","692","1653","0","41.86","22.14"
"68","000","00","020","0021","0843","797","417","380","6","803","1662","0","48.32","25.09"
"68","000","00","020","0022","0000","2810","1409","1401","18","2828","6960","0","40.63","20.24"
"68","000","00","020","0022","0909","652","255","397","3","655","1850","0","35.41","13.78"
"68","000","00","020","0022","0910","808","422","386","3","811","1830","0","44.32","23.06"
"68","000","00","020","0022","0911","714","376","338","7","721","1657","0","43.51","22.69"
"68","000","00","020","0022","0912","636","356","280","5","641","1623","0","39.49","21.93"
"68","000","00","020","0023","0000","1000","599","401","10","1010","2660","0","37.97","22.52"
"68","000","00","020","0023","0775","456","267","189","4","460","1295","0","35.52","20.62"
"68","000","00","020","0023","0776","544","332","212","6","550","1365","0","40.29","24.32"
"68","000","00","020","0024","0000","1579","751","828","13","1592","3765","0","42.28","19.95"
"68","000","00","020","0024","0886","523","229","294","7","530","1251","0","42.37","18.31"
"68","000","00","020","0024","0887","513","224","289","1","514","1200","0","42.83","18.67"
"68","000","00","020","0024","0888","543","298","245","5","548","1314","0","41.70","22.68"
"68","000","00","020","0025","0000","1547","837","710","9","1556","3646","0","42.68","22.96"
"68","000","00","020","0025","0833","786","443","343","6","792","1804","0","43.90","24.56"
"68","000","00","020","0025","0834","761","394","367","3","764","1842","0","41.48","21.39"
"68","000","00","020","0026","0000","1560","840","720","8","1568","3654","0","42.91","22.99"
"68","000","00","020","0026","0800","541","235","306","1","542","1182","0","45.85","19.88"
"68","000","00","020","0026","0801","502","277","225","6","508","1242","0","40.90","22.30"
"68","000","00","020","0026","0802","517","328","189","1","518","1230","0","42.11","26.67"
"68","000","00","020","0027","0000","2451","1149","1302","15","2466","6882","0","35.83","16.70"
"68","000","00","020","0027","0824","439","189","250","4","443","1216","0","36.43","15.54"
"68","000","00","020","0027","0825","444","231","213","1","445","1212","0","36.72","19.06"
"68","000","00","020","0027","0826","532","240","292","3","535","1547","0","34.58","15.51"
"68","000","00","020","0027","0827","546","256","290","3","549","1629","0","33.70","15.72"
"68","000","00","020","0027","0828","490","233","257","4","494","1278","0","38.65","18.23"
"68","000","00","020","0028","0000","292","152","140","3","295","674","0","43.77","22.55"
"68","000","00","020","0028","0882","292","152","140","3","295","674","0","43.77","22.55"
"68","000","00","020","0029","0000","1997","1317","680","26","2023","4607","0","43.91","28.59"
"68","000","00","020","0029","0702","692","448","244","4","696","1627","0","42.78","27.54"
"68","000","00","020","0029","0703","657","426","231","12","669","1481","0","45.17","28.76"
"68","000","00","020","0029","0704","648","443","205","10","658","1499","0","43.90","29.55"
"68","000","00","020","0030","0000","1060","703","357","10","1070","2813","0","38.04","24.99"
"68","000","00","020","0030","0759","574","368","206","5","579","1530","0","37.84","24.05"
"68","000","00","020","0030","0760","486","335","151","5","491","1283","0","38.27","26.11"
"68","000","00","020","0031","0000","1500","720","780","15","1515","3634","0","41.69","19.81"
"68","000","00","020","0031","0847","436","159","277","7","443","1095","0","40.46","14.52"
"68","000","00","020","0031","0848","577","281","296","4","581","1340","0","43.36","20.97"
"68","000","00","020","0031","0849","487","280","207","4","491","1199","0","40.95","23.35"
"68","000","00","020","0032","0000","2623","1359","1264","21","2644","6486","0","40.76","20.95"
"68","000","00","020","0032","0867","680","343","337","1","681","1738","0","39.18","19.74"
"68","000","00","020","0032","0868","649","322","327","6","655","1632","0","40.13","19.73"
"68","000","00","020","0032","0869","733","378","355","7","740","1800","0","41.11","21.00"
"68","000","00","020","0032","0870","561","316","245","7","568","1316","0","43.16","24.01"
"68","000","00","020","0033","0000","3479","1963","1516","30","3509","9665","0","36.31","20.31"
"68","000","00","020","0033","0806","571","355","216","7","578","1504","0","38.43","23.60"
"68","000","00","020","0033","0807","556","338","218","5","561","1533","0","36.59","22.05"
"68","000","00","020","0033","0808","674","339","335","8","682","1820","0","37.47","18.63"
"68","000","00","020","0033","0809","586","300","286","2","588","1796","0","32.74","16.70"
"68","000","00","020","0033","0810","558","329","229","5","563","1562","0","36.04","21.06"
"68","000","00","020","0033","0811","534","302","232","3","537","1450","0","37.03","20.83"
"68","000","00","020","0034","0000","3395","1799","1596","26","3421","8837","0","38.71","20.36"
"68","000","00","020","0034","0816","505","254","251","5","510","1257","0","40.57","20.21"
"68","000","00","020","0034","0817","452","241","211","1","453","1221","0","37.10","19.74"
"68","000","00","020","0034","0818","503","254","249","2","505","1255","0","40.24","20.24"
"68","000","00","020","0034","0819","561","332","229","5","566","1522","0","37.19","21.81"
"68","000","00","020","0034","0820","671","327","344","6","677","1765","0","38.36","18.53"
"68","000","00","020","0034","0821","703","391","312","7","710","1817","0","39.08","21.52"
"68","000","00","020","0035","0000","848","389","459","14","862","1888","0","45.66","20.60"
"68","000","00","020","0035","0875","391","171","220","9","400","952","0","42.02","17.96"
"68","000","00","020","0035","0876","457","218","239","5","462","936","0","49.36","23.29"
"68","000","00","020","0036","0000","3163","1739","1424","25","3188","7822","0","40.76","22.23"
"68","000","00","020","0036","0853","508","254","254","2","510","1203","0","42.39","21.11"
"68","000","00","020","0036","0854","415","209","206","1","416","1109","0","37.51","18.85"
"68","000","00","020","0036","0855","566","339","227","6","572","1129","0","50.66","30.03"
"68","000","00","020","0036","0856","516","246","270","4","520","1336","0","38.92","18.41"
"68","000","00","020","0036","0857","583","356","227","9","592","1390","0","42.59","25.61"
"68","000","00","020","0036","0858","575","335","240","3","578","1655","0","34.92","20.24"
"68","000","00","020","0037","0000","1976","1161","815","14","1990","4334","0","45.92","26.79"
"68","000","00","020","0037","0734","651","367","284","5","656","1346","0","48.74","27.27"
"68","000","00","020","0037","0735","679","402","277","6","685","1428","0","47.97","28.15"
"68","000","00","020","0037","0736","646","392","254","3","649","1560","0","41.60","25.13"
"68","000","00","020","0038","0000","702","337","365","5","707","1585","0","44.61","21.26"
"68","000","00","020","0038","0829","702","337","365","5","707","1585","0","44.61","21.26"
"68","000","00","020","0039","0000","2060","1591","469","23","2083","4952","0","42.06","32.13"
"68","000","00","020","0039","0705","659","486","173","8","667","1661","0","40.16","29.26"
"68","000","00","020","0039","0706","685","552","133","8","693","1566","0","44.25","35.25"
"68","000","00","020","0039","0707","716","553","163","7","723","1725","0","41.91","32.06"
"68","000","00","020","0040","0000","447","191","256","4","451","991","0","45.51","19.27"
"68","000","00","020","0040","0884","447","191","256","4","451","991","0","45.51","19.27"
"68","000","00","020","0041","0000","1275","726","549","17","1292","3012","0","42.90","24.10"
"68","000","00","020","0041","0873","621","307","314","9","630","1395","0","45.16","22.01"
"68","000","00","020","0041","0874","654","419","235","8","662","1617","0","40.94","25.91"
"68","000","00","020","0042","0000","1829","1064","765","18","1847","4849","0","38.09","21.94"
"68","000","00","020","0042","0685","641","378","263","6","647","1542","0","41.96","24.51"
"68","000","00","020","0042","0686","562","317","245","7","569","1500","0","37.93","21.13"
"68","000","00","020","0042","0687","626","369","257","5","631","1807","0","34.92","20.42"
"68","000","00","020","0043","0000","3011","1452","1559","26","3037","7935","0","38.27","18.30"
"68","000","00","020","0043","0923","669","282","387","10","679","1535","0","44.23","18.37"
"68","000","00","020","0043","0924","557","281","276","7","564","1413","0","39.92","19.89"
"68","000","00","020","0043","0925","541","246","295","2","543","1432","0","37.92","17.18"
"68","000","00","020","0043","0926","615","318","297","2","617","1715","0","35.98","18.54"
"68","000","00","020","0043","0927","629","325","304","5","634","1840","0","34.46","17.66"
"68","000","00","020","0044","0000","2545","1301","1244","25","2570","6137","0","41.88","21.20"
"68","000","00","020","0044","0899","568","274","294","6","574","1392","0","41.24","19.68"
"68","000","00","020","0044","0900","650","288","362","3","653","1577","0","41.41","18.26"
"68","000","00","020","0044","0901","572","326","246","7","579","1466","0","39.50","22.24"
"68","000","00","020","0044","0902","755","413","342","9","764","1702","0","44.89","24.27"
"68","000","00","020","0045","0000","704","325","379","9","713","1460","0","48.84","22.26"
"68","000","00","020","0045","0885","704","325","379","9","713","1460","0","48.84","22.26"
"68","000","00","020","0046","0000","1710","749","961","15","1725","4196","0","41.11","17.85"
"68","000","00","020","0046","0906","592","242","350","6","598","1413","0","42.32","17.13"
"68","000","00","020","0046","0907","573","201","372","6","579","1297","0","44.64","15.50"
"68","000","00","020","0046","0908","545","306","239","3","548","1486","0","36.88","20.59"
"68","000","00","020","0047","0000","2099","733","1366","21","2120","5631","0","37.65","13.02"
"68","000","00","020","0047","0916","595","223","372","6","601","1509","0","39.83","14.78"
"68","000","00","020","0047","0917","460","166","294","8","468","1374","0","34.06","12.08"
"68","000","00","020","0047","0918","607","200","407","3","610","1589","0","38.39","12.59"
"68","000","00","020","0047","0919","437","144","293","4","441","1159","0","38.05","12.42"
"68","000","00","020","0048","0000","1267","563","704","9","1276","3254","0","39.21","17.30"
"68","000","00","020","0048","0897","623","275","348","4","627","1591","0","39.41","17.28"
"68","000","00","020","0048","0898","644","288","356","5","649","1663","0","39.03","17.32"
"68","000","00","020","0049","0000","1474","487","987","14","1488","3746","0","39.72","13.00"
"68","000","00","020","0049","0920","490","176","314","4","494","1266","0","39.02","13.90"
"68","000","00","020","0049","0921","513","159","354","4","517","1248","0","41.43","12.74"
"68","000","00","020","0049","0922","471","152","319","6","477","1232","0","38.72","12.34"
"68","000","00","020","0050","0000","382","188","194","4","386","827","0","46.67","22.73"
"68","000","00","020","0050","0883","382","188","194","4","386","827","0","46.67","22.73"
"68","000","00","020","0051","0000","2043","882","1161","16","2059","4787","0","43.01","18.42"
"68","000","00","020","0051","0913","700","307","393","5","705","1738","0","40.56","17.66"
"68","000","00","020","0051","0914","596","247","349","3","599","1429","0","41.92","17.28"
"68","000","00","020","0051","0915","747","328","419","8","755","1620","0","46.60","20.25"
"68","000","00","020","0052","0000","2099","1235","864","20","2119","4813","0","44.03","25.66"
"68","000","00","020","0052","0838","546","330","216","7","553","1234","0","44.81","26.74"
"68","000","00","020","0052","0839","536","318","218","5","541","1296","0","41.74","24.54"
"68","000","00","020","0052","0840","537","325","212","6","543","1221","0","44.47","26.62"
"68","000","00","020","0052","0841","480","262","218","2","482","1062","0","45.39","24.67"
"68","000","00","020","0053","0000","1149","674","475","5","1154","2583","0","44.68","26.09"
"68","000","00","020","0053","0732","560","331","229","2","562","1298","0","43.30","25.50"
"68","000","00","020","0053","0733","589","343","246","3","592","1285","0","46.07","26.69"
"68","000","00","020","0054","0000","1224","565","659","10","1234","2700","0","45.70","20.93"
"68","000","00","020","0054","0879","421","169","252","7","428","1018","0","42.04","16.60"
"68","000","00","020","0054","0880","803","396","407","3","806","1682","0","47.92","23.54"
"68","000","00","020","0055","0000","2220","1151","1069","14","2234","5435","0","41.10","21.18"
"68","000","00","020","0055","0893","515","221","294","4","519","1332","0","38.96","16.59"
"68","000","00","020","0055","0894","704","403","301","2","706","1491","0","47.35","27.03"
"68","000","00","020","0055","0895","505","249","256","6","511","1215","0","42.06","20.49"
"68","000","00","020","0055","0896","496","278","218","2","498","1397","0","35.65","19.90"
"68","000","00","020","0056","0000","2228","1240","988","17","2245","5563","0","40.36","22.29"
"68","000","00","020","0056","0812","509","282","227","1","510","1314","0","38.81","21.46"
"68","000","00","020","0056","0813","656","356","300","5","661","1492","0","44.30","23.86"
"68","000","00","020","0056","0814","405","222","183","1","406","1218","0","33.33","18.23"
"68","000","00","020","0056","0815","658","380","278","10","668","1539","0","43.40","24.69"
"68","000","00","020","0057","0000","1869","1125","744","18","1887","4591","0","41.10","24.50"
"68","000","00","020","0057","0803","735","418","317","7","742","1613","0","46.00","25.91"
"68","000","00","020","0057","0804","514","306","208","4","518","1432","0","36.17","21.37"
"68","000","00","020","0057","0805","620","401","219","7","627","1546","0","40.56","25.94"
"68","000","00","020","0058","0000","1211","722","489","12","1223","2834","0","43.15","25.48"
"68","000","00","020","0058","0798","569","315","254","8","577","1349","0","42.77","23.35"
"68","000","00","020","0058","0799","642","407","235","4","646","1485","0","43.50","27.41"
"68","000","00","020","0059","0000","1004","558","446","5","1009","2525","0","39.96","22.10"
"68","000","00","020","0059","0822","459","255","204","3","462","1264","0","36.55","20.17"
"68","000","00","020","0059","0823","545","303","242","2","547","1261","0","43.38","24.03"
"68","000","00","020","0060","0000","1446","827","619","13","1459","3252","0","44.86","25.43"
"68","000","00","020","0060","0727","779","438","341","7","786","1718","0","45.75","25.49"
"68","000","00","020","0060","0728","667","389","278","6","673","1534","0","43.87","25.36"
"68","000","00","020","0061","0000","1688","1042","646","10","1698","3683","0","46.10","28.29"
"68","000","00","020","0061","0729","626","384","242","5","631","1328","0","47.52","28.92"
"68","000","00","020","0061","0730","481","303","178","2","483","1109","0","43.55","27.32"
"68","000","00","020","0061","0731","581","355","226","3","584","1246","0","46.87","28.49"
"68","000","00","020","0062","0000","2038","1136","902","7","2045","4693","0","43.58","24.21"
"68","000","00","020","0062","0688","749","427","322","5","754","1701","0","44.33","25.10"
"68","000","00","020","0062","0689","607","330","277","2","609","1475","0","41.29","22.37"
"68","000","00","020","0062","0690","682","379","303","0","682","1517","0","44.96","24.98"
"68","000","00","020","0063","0000","1426","972","454","8","1434","3713","0","38.62","26.18"
"68","000","00","020","0063","0691","648","458","190","3","651","1627","0","40.01","28.15"
"68","000","00","020","0063","0692","778","514","264","5","783","2086","0","37.54","24.64"
"68","000","00","020","0064","0000","1487","735","752","14","1501","3620","0","41.46","20.30"
"68","000","00","020","0064","0903","449","196","253","3","452","1081","0","41.81","18.13"
"68","000","00","020","0064","0904","433","228","205","4","437","1147","0","38.10","19.88"
"68","000","00","020","0064","0905","605","311","294","7","612","1392","0","43.97","22.34"
"68","000","00","020","0065","0000","1776","1095","681","11","1787","4104","0","43.54","26.68"
"68","000","00","020","0065","0699","569","319","250","3","572","1339","0","42.72","23.82"
"68","000","00","020","0065","0700","614","378","236","6","620","1309","0","47.36","28.88"
"68","000","00","020","0065","0701","593","398","195","2","595","1456","0","40.87","27.34"
"68","000","00","020","0066","0000","1914","1052","862","12","1926","4282","0","44.98","24.57"
"68","000","00","020","0066","0737","639","339","300","6","645","1409","0","45.78","24.06"
"68","000","00","020","0066","0738","607","345","262","1","608","1379","0","44.09","25.02"
"68","000","00","020","0066","0739","668","368","300","5","673","1494","0","45.05","24.63"
"68","000","00","020","0067","0000","1012","782","230","8","1020","2050","0","49.76","38.15"
"68","000","00","020","0067","0751","448","348","100","4","452","960","0","47.08","36.25"
"68","000","00","020","0067","0752","564","434","130","4","568","1090","0","52.11","39.82"
"68","000","00","020","0068","0000","1831","1178","653","13","1844","4761","0","38.73","24.74"
"68","000","00","020","0068","0772","579","360","219","5","584","1506","0","38.78","23.90"
"68","000","00","020","0068","0773","674","428","246","6","680","1746","0","38.95","24.51"
"68","000","00","020","0068","0774","578","390","188","2","580","1509","0","38.44","25.84"
"68","000","00","020","0069","0000","1133","643","490","7","1140","2501","0","45.58","25.71"
"68","000","00","020","0069","0743","483","264","219","3","486","1112","0","43.71","23.74"
"68","000","00","020","0069","0744","650","379","271","4","654","1389","0","47.08","27.29"
"68","000","00","020","0070","0000","1595","845","750","14","1609","3783","0","42.53","22.34"
"68","000","00","020","0070","0745","510","284","226","5","515","1155","0","44.59","24.59"
"68","000","00","020","0070","0746","550","281","269","5","555","1321","0","42.01","21.27"
"68","000","00","020","0070","0747","535","280","255","4","539","1307","0","41.24","21.42"
"68","000","00","020","0071","0000","1483","1050","433","13","1496","3965","0","37.73","26.48"
"68","000","00","020","0071","0761","446","349","97","6","452","1028","0","43.97","33.95"
"68","000","00","020","0071","0762","457","305","152","3","460","1232","0","37.34","24.76"
"68","000","00","020","0071","0763","580","396","184","4","584","1705","0","34.25","23.23"
"68","000","00","020","0072","0000","1842","1215","627","16","1858","4804","0","38.68","25.29"
"68","000","00","020","0072","0718","691","461","230","3","694","1635","0","42.45","28.20"
"68","000","00","020","0072","0719","607","420","187","9","616","1578","0","39.04","26.62"
"68","000","00","020","0072","0720","544","334","210","4","548","1591","0","34.44","20.99"
"68","000","00","020","0073","0000","2447","1326","1121","17","2464","6095","0","40.43","21.76"
"68","000","00","020","0073","0859","660","308","352","3","663","1586","0","41.80","19.42"
"68","000","00","020","0073","0860","639","362","277","8","647","1706","0","37.92","21.22"
"68","000","00","020","0073","0861","521","278","243","2","523","1357","0","38.54","20.49"
"68","000","00","020","0073","0862","627","378","249","4","631","1446","0","43.64","26.14"
"68","000","00","020","0074","0000","2434","1250","1184","13","2447","5469","0","44.74","22.86"
"68","000","00","020","0074","0863","263","111","152","0","263","640","0","41.09","17.34"
"68","000","00","020","0074","0864","739","375","364","3","742","1523","0","48.72","24.62"
"68","000","00","020","0074","0865","707","362","345","5","712","1621","0","43.92","22.33"
"68","000","00","020","0074","0866","725","402","323","5","730","1685","0","43.32","23.86"
"68","000","00","020","0075","0000","1385","861","524","15","1400","3582","0","39.08","24.04"
"68","000","00","020","0075","0757","699","421","278","10","709","1740","0","40.75","24.20"
"68","000","00","020","0075","0758","686","440","246","5","691","1842","0","37.51","23.89"
"68","000","00","020","0076","0000","1354","875","479","17","1371","3555","0","38.57","24.61"
"68","000","00","020","0076","0721","450","283","167","7","457","1220","0","37.46","23.20"
"68","000","00","020","0076","0722","457","310","147","5","462","1102","0","41.92","28.13"
"68","000","00","020","0076","0723","447","282","165","5","452","1233","0","36.66","22.87"
"68","000","00","020","0077","0000","1619","1248","371","21","1640","3413","0","48.05","36.57"
"68","000","00","020","0077","0789","844","726","118","16","860","1711","0","50.26","42.43"
"68","000","00","020","0077","0790","775","522","253","5","780","1702","0","45.83","30.67"
"68","000","00","020","0078","0000","1652","1261","391","15","1667","3620","0","46.05","34.83"
"68","000","00","020","0078","0791","831","619","212","6","837","1830","0","45.74","33.83"
"68","000","00","020","0078","0792","821","642","179","9","830","1790","0","46.37","35.87"
"68","000","00","020","0079","0000","1908","1103","805","16","1924","4454","0","43.20","24.76"
"68","000","00","020","0079","0844","611","352","259","5","616","1393","0","44.22","25.27"
"68","000","00","020","0079","0845","615","374","241","8","623","1526","0","40.83","24.51"
"68","000","00","020","0079","0846","682","377","305","3","685","1535","0","44.63","24.56"
"68","000","00","020","0080","0000","1152","530","622","3","1155","2395","0","48.23","22.13"
"68","000","00","020","0080","0877","569","264","305","1","570","1222","0","46.64","21.60"
"68","000","00","020","0080","0878","583","266","317","2","585","1173","0","49.87","22.68"
"68","000","00","020","0081","0000","1351","871","480","11","1362","3376","0","40.34","25.80"
"68","000","00","020","0081","0779","624","408","216","2","626","1783","0","35.11","22.88"
"68","000","00","020","0081","0780","727","463","264","9","736","1593","0","46.20","29.06"
"68","000","00","020","0082","0000","2009","1326","683","13","2022","4787","0","42.24","27.70"
"68","000","00","020","0082","0693","506","290","216","1","507","1135","0","44.67","25.55"
"68","000","00","020","0082","0694","762","507","255","7","769","1881","0","40.88","26.95"
"68","000","00","020","0082","0695","741","529","212","5","746","1771","0","42.12","29.87"
"68","000","00","020","0083","0000","2296","1474","822","15","2311","5590","0","41.34","26.37"
"68","000","00","020","0083","0785","552","368","184","2","554","1376","0","40.26","26.74"
"68","000","00","020","0083","0786","542","357","185","5","547","1275","0","42.90","28.00"
"68","000","00","020","0083","0787","633","410","223","5","638","1523","0","41.89","26.92"
"68","000","00","020","0083","0788","569","339","230","3","572","1416","0","40.40","23.94"
"68","000","00","020","0084","0000","1701","1016","685","12","1713","3821","0","44.83","26.59"
"68","000","00","020","0084","0835","616","372","244","3","619","1346","0","45.99","27.64"
"68","000","00","020","0084","0836","511","305","206","1","512","1229","0","41.66","24.82"
"68","000","00","020","0084","0837","574","339","235","8","582","1246","0","46.71","27.21"
"68","000","00","020","0085","0000","2075","1312","763","17","2092","4035","0","51.85","32.52"
"68","000","00","020","0085","0850","732","477","255","9","741","1414","0","52.40","33.73"
"68","000","00","020","0085","0851","672","422","250","4","676","1341","0","50.41","31.47"
"68","000","00","020","0085","0852","671","413","258","4","675","1280","0","52.73","32.27"
"68","000","00","030","0000","0000","31077","14793","16284","337","31414","79690","95240","39.42","18.56"
"68","000","00","030","0001","0000","670","250","420","6","676","1435","0","47.11","17.42"
"68","000","00","030","0001","0611","670","250","420","6","676","1435","0","47.11","17.42"
"68","000","00","030","0002","0000","454","156","298","3","457","963","0","47.46","16.20"
"68","000","00","030","0002","0612","454","156","298","3","457","963","0","47.46","16.20"
"68","000","00","030","0003","0000","1822","810","1012","12","1834","4760","0","38.53","17.02"
"68","000","00","030","0003","0616","448","198","250","5","453","1140","0","39.74","17.37"
"68","000","00","030","0003","0617","501","226","275","4","505","1263","0","39.98","17.89"
"68","000","00","030","0003","0618","496","222","274","1","497","1213","0","40.97","18.30"
"68","000","00","030","0003","0619","377","164","213","2","379","1144","0","33.13","14.34"
"68","000","00","030","0004","0000","1997","777","1220","26","2023","5582","0","36.24","13.92"
"68","000","00","030","0004","0620","504","169","335","6","510","1224","0","41.67","13.81"
"68","000","00","030","0004","0621","448","213","235","5","453","1395","0","32.47","15.27"
"68","000","00","030","0004","0622","527","180","347","6","533","1415","0","37.67","12.72"
"68","000","00","030","0004","0623","518","215","303","9","527","1548","0","34.04","13.89"
"68","000","00","030","0005","0000","475","139","336","9","484","1237","0","39.13","11.24"
"68","000","00","030","0005","0624","475","139","336","9","484","1237","0","39.13","11.24"
"68","000","00","030","0006","0000","431","123","308","5","436","964","0","45.23","12.76"
"68","000","00","030","0006","0625","431","123","308","5","436","964","0","45.23","12.76"
"68","000","00","030","0007","0000","1234","448","786","11","1245","3069","0","40.57","14.60"
"68","000","00","030","0007","0629","465","164","301","2","467","1059","0","44.10","15.49"
"68","000","00","030","0007","0630","481","191","290","4","485","1253","0","38.71","15.24"
"68","000","00","030","0007","0631","288","93","195","5","293","757","0","38.71","12.29"
"68","000","00","030","0008","0000","896","298","598","11","907","2222","0","40.82","13.41"
"68","000","00","030","0008","0632","498","190","308","4","502","1271","0","39.50","14.95"
"68","000","00","030","0008","0633","398","108","290","7","405","951","0","42.59","11.36"
"68","000","00","030","0009","0000","345","117","228","8","353","859","0","41.09","13.62"
"68","000","00","030","0009","0634","345","117","228","8","353","859","0","41.09","13.62"
"68","000","00","030","0010","0000","305","109","196","4","309","808","0","38.24","13.49"
"68","000","00","030","0010","0635","305","109","196","4","309","808","0","38.24","13.49"
"68","000","00","030","0011","0000","580","174","406","7","587","1300","0","45.15","13.38"
"68","000","00","030","0011","0626","580","174","406","7","587","1300","0","45.15","13.38"
"68","000","00","030","0012","0000","726","256","470","5","731","1752","0","41.72","14.61"
"68","000","00","030","0012","0627","460","161","299","2","462","1114","0","41.47","14.45"
"68","000","00","030","0012","0628","266","95","171","3","269","638","0","42.16","14.89"
"68","000","00","030","0013","0000","1000","381","619","13","1013","2714","0","37.32","14.04"
"68","000","00","030","0013","0638","564","165","399","8","572","1403","0","40.77","11.76"
"68","000","00","030","0013","0639","436","216","220","5","441","1311","0","33.64","16.48"
"68","000","00","030","0014","0000","673","233","440","7","680","1519","0","44.77","15.34"
"68","000","00","030","0014","0636","362","117","245","5","367","827","0","44.38","14.15"
"68","000","00","030","0014","0637","311","116","195","2","313","692","0","45.23","16.76"
"68","000","00","030","0015","0000","1055","750","305","23","1078","2831","0","38.08","26.49"
"68","000","00","030","0015","0648","548","360","188","12","560","1447","0","38.70","24.88"
"68","000","00","030","0015","0649","507","390","117","11","518","1384","0","37.43","28.18"
"68","000","00","030","0016","0000","1091","903","188","7","1098","2488","0","44.13","36.29"
"68","000","00","030","0016","0646","601","536","65","5","606","1222","0","49.59","43.86"
"68","000","00","030","0016","0647","490","367","123","2","492","1266","0","38.86","28.99"
"68","000","00","030","0017","0000","1780","917","863","13","1793","4490","0","39.93","20.42"
"68","000","00","030","0017","0640","561","250","311","4","565","1488","0","37.97","16.80"
"68","000","00","030","0017","0641","501","285","216","4","505","1271","0","39.73","22.42"
"68","000","00","030","0017","0642","718","382","336","5","723","1731","0","41.77","22.07"
"68","000","00","030","0018","0000","1951","980","971","18","1969","5178","0","38.03","18.93"
"68","000","00","030","0018","0653","544","283","261","5","549","1345","0","40.82","21.04"
"68","000","00","030","0018","0654","481","222","259","9","490","1100","0","44.55","20.18"
"68","000","00","030","0018","0655","519","246","273","3","522","1337","0","39.04","18.40"
"68","000","00","030","0018","0656","407","229","178","1","408","1396","0","29.23","16.40"
"68","000","00","030","0019","0000","1268","701","567","9","1277","3244","0","39.36","21.61"
"68","000","00","030","0019","0657","722","383","339","8","730","1758","0","41.52","21.79"
"68","000","00","030","0019","0658","546","318","228","1","547","1486","0","36.81","21.40"
"68","000","00","030","0020","0000","600","303","297","3","603","1577","0","38.24","19.21"
"68","000","00","030","0020","0668","600","303","297","3","603","1577","0","38.24","19.21"
"68","000","00","030","0021","0000","1779","783","996","28","1807","5101","0","35.42","15.35"
"68","000","00","030","0021","0662","439","167","272","5","444","1174","0","37.82","14.22"
"68","000","00","030","0021","0663","490","197","293","7","497","1320","0","37.65","14.92"
"68","000","00","030","0021","0664","403","181","222","9","412","1290","0","31.94","14.03"
"68","000","00","030","0021","0665","447","238","209","7","454","1317","0","34.47","18.07"
"68","000","00","030","0022","0000","1449","641","808","11","1460","3734","0","39.10","17.17"
"68","000","00","030","0022","0671","464","218","246","8","472","1254","0","37.64","17.38"
"68","000","00","030","0022","0672","454","244","210","3","457","1156","0","39.53","21.11"
"68","000","00","030","0022","0673","531","179","352","0","531","1324","0","40.11","13.52"
"68","000","00","030","0023","0000","922","575","347","19","941","2437","0","38.61","23.59"
"68","000","00","030","0023","0666","426","250","176","12","438","1271","0","34.46","19.67"
"68","000","00","030","0023","0667","496","325","171","7","503","1166","0","43.14","27.87"
"68","000","00","030","0024","0000","1198","800","398","15","1213","3012","0","40.27","26.56"
"68","000","00","030","0024","0669","602","389","213","7","609","1470","0","41.43","26.46"
"68","000","00","030","0024","0670","596","411","185","8","604","1542","0","39.17","26.65"
"68","000","00","030","0025","0000","1846","709","1137","19","1865","4436","0","42.04","15.98"
"68","000","00","030","0025","0613","651","270","381","5","656","1541","0","42.57","17.52"
"68","000","00","030","0025","0614","610","220","390","9","619","1427","0","43.38","15.42"
"68","000","00","030","0025","0615","585","219","366","5","590","1468","0","40.19","14.92"
"68","000","00","030","0026","0000","1474","822","652","13","1487","3897","0","38.16","21.09"
"68","000","00","030","0026","0659","456","236","220","2","458","1378","0","33.24","17.13"
"68","000","00","030","0026","0660","411","262","149","4","415","1040","0","39.90","25.19"
"68","000","00","030","0026","0661","607","324","283","7","614","1479","0","41.51","21.91"
"68","000","00","030","0027","0000","1813","942","871","20","1833","4772","0","38.41","19.74"
"68","000","00","030","0027","0650","675","403","272","6","681","1647","0","41.35","24.47"
"68","000","00","030","0027","0651","565","267","298","9","574","1561","0","36.77","17.10"
"68","000","00","030","0027","0652","573","272","301","5","578","1564","0","36.96","17.39"
"68","000","00","030","0028","0000","1243","696","547","12","1255","3309","0","37.93","21.03"
"68","000","00","030","0028","0643","370","215","155","6","376","977","0","38.49","22.01"
"68","000","00","030","0028","0644","413","235","178","4","417","1074","0","38.83","21.88"
"68","000","00","030","0028","0645","460","246","214","2","462","1258","0","36.72","19.55"
"68","000","00","040","0000","0000","53947","31014","22933","434","54381","144349","176189","37.67","21.49"
"68","000","00","040","0001","0000","1577","952","625","7","1584","3845","0","41.20","24.76"
"68","000","00","040","0001","1104","554","296","258","1","555","1363","0","40.72","21.72"
"68","000","00","040","0001","1105","464","289","175","4","468","1274","0","36.73","22.68"
"68","000","00","040","0001","1106","559","367","192","2","561","1208","0","46.44","30.38"
"68","000","00","040","0002","0000","469","283","186","5","474","1054","0","44.97","26.85"
"68","000","00","040","0002","1107","469","283","186","5","474","1054","0","44.97","26.85"
"68","000","00","040","0003","0000","1091","649","442","9","1100","2595","0","42.39","25.01"
"68","000","00","040","0003","1110","468","271","197","2","470","1252","0","37.54","21.65"
"68","000","00","040","0003","1111","623","378","245","7","630","1343","0","46.91","28.15"
"68","000","00","040","0004","0000","2470","1409","1061","12","2482","7481","0","33.18","18.83"
"68","000","00","040","0004","1112","479","223","256","3","482","2073","0","23.25","10.76"
"68","000","00","040","0004","1113","641","344","297","2","643","1799","0","35.74","19.12"
"68","000","00","040","0004","1114","654","421","233","4","658","1744","0","37.73","24.14"
"68","000","00","040","0004","1115","696","421","275","3","699","1865","0","37.48","22.57"
"68","000","00","040","0005","0000","1136","707","429","8","1144","3148","0","36.34","22.46"
"68","000","00","040","0005","1116","532","346","186","3","535","1572","0","34.03","22.01"
"68","000","00","040","0005","1117","604","361","243","5","609","1576","0","38.64","22.91"
"68","000","00","040","0006","0000","989","450","539","6","995","2934","0","33.91","15.34"
"68","000","00","040","0006","1120","580","247","333","1","581","1761","0","32.99","14.03"
"68","000","00","040","0006","1121","409","203","206","5","414","1173","0","35.29","17.31"
"68","000","00","040","0007","0000","1606","863","743","14","1620","4097","0","39.54","21.06"
"68","000","00","040","0007","1155","576","315","261","6","582","1453","0","40.06","21.68"
"68","000","00","040","0007","1156","469","263","206","4","473","1337","0","35.38","19.67"
"68","000","00","040","0007","1157","561","285","276","4","565","1307","0","43.23","21.81"
"68","000","00","040","0008","0000","975","474","501","7","982","2632","0","37.31","18.01"
"68","000","00","040","0008","1139","446","207","239","4","450","1196","0","37.63","17.31"
"68","000","00","040","0008","1140","529","267","262","3","532","1436","0","37.05","18.59"
"68","000","00","040","0009","0000","797","487","310","5","802","1933","0","41.49","25.19"
"68","000","00","040","0009","1108","380","243","137","2","382","904","0","42.26","26.88"
"68","000","00","040","0009","1109","417","244","173","3","420","1029","0","40.82","23.71"
"68","000","00","040","0010","0000","1429","862","567","15","1444","3487","0","41.41","24.72"
"68","000","00","040","0010","1100","730","433","297","9","739","1782","0","41.47","24.30"
"68","000","00","040","0010","1101","699","429","270","6","705","1705","0","41.35","25.16"
"68","000","00","040","0011","0000","661","330","331","9","670","1355","0","49.45","24.35"
"68","000","00","040","0011","1063","661","330","331","9","670","1355","0","49.45","24.35"
"68","000","00","040","0012","0000","563","404","159","10","573","1396","0","41.05","28.94"
"68","000","00","040","0012","1066","563","404","159","10","573","1396","0","41.05","28.94"
"68","000","00","040","0013","0000","2155","1150","1005","16","2171","5757","0","37.71","19.98"
"68","000","00","040","0013","1072","644","322","322","6","650","1648","0","39.44","19.54"
"68","000","00","040","0013","1073","468","248","220","3","471","1349","0","34.91","18.38"
"68","000","00","040","0013","1074","513","280","233","2","515","1460","0","35.27","19.18"
"68","000","00","040","0013","1075","530","300","230","5","535","1300","0","41.15","23.08"
"68","000","00","040","0014","0000","1904","1183","721","13","1917","4609","0","41.59","25.67"
"68","000","00","040","0014","1067","692","429","263","3","695","1679","0","41.39","25.55"
"68","000","00","040","0014","1068","638","409","229","6","644","1487","0","43.31","27.51"
"68","000","00","040","0014","1069","574","345","229","4","578","1443","0","40.06","23.91"
"68","000","00","040","0015","0000","1457","870","587","14","1471","4143","0","35.51","21.00"
"68","000","00","040","0015","1080","522","311","211","6","528","1416","0","37.29","21.96"
"68","000","00","040","0015","1081","485","281","204","5","490","1379","0","35.53","20.38"
"68","000","00","040","0015","1082","450","278","172","3","453","1348","0","33.61","20.62"
"68","000","00","040","0016","0000","1248","754","494","12","1260","3760","0","33.51","20.05"
"68","000","00","040","0016","1141","407","264","143","5","412","1198","0","34.39","22.04"
"68","000","00","040","0016","1142","396","219","177","5","401","1287","0","31.16","17.02"
"68","000","00","040","0016","1143","445","271","174","2","447","1275","0","35.06","21.25"
"68","000","00","040","0017","0000","1377","677","700","10","1387","3518","0","39.43","19.24"
"68","000","00","040","0017","1149","718","336","382","5","723","1721","0","42.01","19.52"
"68","000","00","040","0017","1150","659","341","318","5","664","1797","0","36.95","18.98"
"68","000","00","040","0018","0000","1656","967","689","12","1668","3818","0","43.69","25.33"
"68","000","00","040","0018","1060","514","290","224","6","520","1214","0","42.83","23.89"
"68","000","00","040","0018","1061","625","350","275","3","628","1331","0","47.18","26.30"
"68","000","00","040","0018","1062","517","327","190","3","520","1273","0","40.85","25.69"
"68","000","00","040","0019","0000","1311","855","456","11","1322","3153","0","41.93","27.12"
"68","000","00","040","0019","1064","634","432","202","6","640","1522","0","42.05","28.38"
"68","000","00","040","0019","1065","677","423","254","5","682","1631","0","41.81","25.94"
"68","000","00","040","0020","0000","699","413","286","4","703","1787","0","39.34","23.11"
"68","000","00","040","0020","1125","358","224","134","3","361","929","0","38.86","24.11"
"68","000","00","040","0020","1126","341","189","152","1","342","858","0","39.86","22.03"
"68","000","00","040","0021","0000","1458","804","654","9","1467","3873","0","37.88","20.76"
"68","000","00","040","0021","1122","529","305","224","4","533","1290","0","41.32","23.64"
"68","000","00","040","0021","1123","446","263","183","2","448","1244","0","36.01","21.14"
"68","000","00","040","0021","1124","483","236","247","3","486","1339","0","36.30","17.63"
"68","000","00","040","0022","0000","1052","566","486","18","1070","2859","0","37.43","19.80"
"68","000","00","040","0022","1129","570","313","257","12","582","1616","0","36.01","19.37"
"68","000","00","040","0022","1130","482","253","229","6","488","1243","0","39.26","20.35"
"68","000","00","040","0023","0000","1186","661","525","23","1209","3757","0","32.18","17.59"
"68","000","00","040","0023","1158","427","224","203","8","435","1251","0","34.77","17.91"
"68","000","00","040","0023","1159","382","229","153","7","389","1192","0","32.63","19.21"
"68","000","00","040","0023","1160","377","208","169","8","385","1314","0","29.30","15.83"
"68","000","00","040","0024","0000","972","498","474","5","977","2794","0","34.97","17.82"
"68","000","00","040","0024","1131","458","255","203","2","460","1335","0","34.46","19.10"
"68","000","00","040","0024","1132","514","243","271","3","517","1459","0","35.44","16.66"
"68","000","00","040","0025","0000","1949","1114","835","19","1968","5853","0","33.62","19.03"
"68","000","00","040","0025","1135","572","313","259","6","578","1606","0","35.99","19.49"
"68","000","00","040","0025","1136","508","267","241","5","513","1456","0","35.23","18.34"
"68","000","00","040","0025","1137","438","273","165","2","440","1404","0","31.34","19.44"
"68","000","00","040","0025","1138","431","261","170","6","437","1387","0","31.51","18.82"
"68","000","00","040","0026","0000","1208","723","485","7","1215","2986","0","40.69","24.21"
"68","000","00","040","0026","1102","695","419","276","5","700","1687","0","41.49","24.84"
"68","000","00","040","0026","1103","513","304","209","2","515","1299","0","39.65","23.40"
"68","000","00","040","0027","0000","2751","1607","1144","14","2765","7742","0","35.71","20.76"
"68","000","00","040","0027","1091","545","339","206","6","551","1482","0","37.18","22.87"
"68","000","00","040","0027","1092","593","344","249","1","594","1483","0","40.05","23.20"
"68","000","00","040","0027","1093","514","301","213","0","514","1499","0","34.29","20.08"
"68","000","00","040","0027","1094","605","369","236","4","609","1727","0","35.26","21.37"
"68","000","00","040","0027","1095","494","254","240","3","497","1551","0","32.04","16.38"
"68","000","00","040","0028","0000","1646","1057","589","15","1661","4048","0","41.03","26.11"
"68","000","00","040","0028","1086","419","262","157","6","425","1406","0","30.23","18.63"
"68","000","00","040","0028","1087","627","394","233","3","630","1270","0","49.61","31.02"
"68","000","00","040","0028","1088","600","401","199","6","606","1372","0","44.17","29.23"
"68","000","00","040","0029","0000","1475","917","558","15","1490","3286","0","45.34","27.91"
"68","000","00","040","0029","1096","743","471","272","4","747","1612","0","46.34","29.22"
"68","000","00","040","0029","1097","732","446","286","11","743","1674","0","44.38","26.64"
"68","000","00","040","0030","0000","1331","698","633","13","1344","3311","0","40.59","21.08"
"68","000","00","040","0030","1118","702","359","343","11","713","1669","0","42.72","21.51"
"68","000","00","040","0030","1119","629","339","290","2","631","1642","0","38.43","20.65"
"68","000","00","040","0031","0000","1430","842","588","11","1441","4482","0","32.15","18.79"
"68","000","00","040","0031","1146","471","282","189","5","476","1506","0","31.61","18.73"
"68","000","00","040","0031","1147","487","266","221","3","490","1537","0","31.88","17.31"
"68","000","00","040","0031","1148","472","294","178","3","475","1439","0","33.01","20.43"
"68","000","00","040","0032","0000","1417","753","664","15","1432","3453","0","41.47","21.81"
"68","000","00","040","0032","1153","760","390","370","7","767","1740","0","44.08","22.41"
"68","000","00","040","0032","1154","657","363","294","8","665","1713","0","38.82","21.19"
"68","000","00","040","0033","0000","1416","746","670","13","1429","3233","0","44.20","23.07"
"68","000","00","040","0033","1151","725","426","299","10","735","1620","0","45.37","26.30"
"68","000","00","040","0033","1152","691","320","371","3","694","1613","0","43.03","19.84"
"68","000","00","040","0034","0000","2094","1272","822","10","2104","5934","0","35.46","21.44"
"68","000","00","040","0034","1076","539","355","184","4","543","1488","0","36.49","23.86"
"68","000","00","040","0034","1077","464","283","181","1","465","1445","0","32.18","19.58"
"68","000","00","040","0034","1078","541","287","254","3","544","1510","0","36.03","19.01"
"68","000","00","040","0034","1079","550","347","203","2","552","1491","0","37.02","23.27"
"68","000","00","040","0035","0000","741","446","295","8","749","1966","0","38.10","22.69"
"68","000","00","040","0035","1070","267","160","107","3","270","870","0","31.03","18.39"
"68","000","00","040","0035","1071","474","286","188","5","479","1096","0","43.70","26.09"
"68","000","00","040","0036","0000","1185","718","467","8","1193","3639","0","32.78","19.73"
"68","000","00","040","0036","1083","388","230","158","2","390","1309","0","29.79","17.57"
"68","000","00","040","0036","1084","459","295","164","3","462","1200","0","38.50","24.58"
"68","000","00","040","0036","1085","338","193","145","3","341","1130","0","30.18","17.08"
"68","000","00","040","0037","0000","972","509","463","7","979","2766","0","35.39","18.40"
"68","000","00","040","0037","1144","491","228","263","2","493","1442","0","34.19","15.81"
"68","000","00","040","0037","1145","481","281","200","5","486","1324","0","36.71","21.22"
"68","000","00","040","0038","0000","1024","523","501","9","1033","3030","0","34.09","17.26"
"68","000","00","040","0038","1127","504","229","275","3","507","1453","0","34.89","15.76"
"68","000","00","040","0038","1128","520","294","226","6","526","1577","0","33.35","18.64"
"68","000","00","040","0039","0000","853","530","323","2","855","2486","0","34.39","21.32"
"68","000","00","040","0039","1098","371","240","131","1","372","1277","0","29.13","18.79"
"68","000","00","040","0039","1099","482","290","192","1","483","1209","0","39.95","23.99"
"68","000","00","040","0040","0000","1194","718","476","7","1201","3449","0","34.82","20.82"
"68","000","00","040","0040","1089","636","387","249","5","641","1681","0","38.13","23.02"
"68","000","00","040","0040","1090","558","331","227","2","560","1768","0","31.67","18.72"
"68","000","00","040","0041","0000","1023","573","450","7","1030","2900","0","35.52","19.76"
"68","000","00","040","0041","1133","523","327","196","2","525","1315","0","39.92","24.87"
"68","000","00","040","0041","1134","500","246","254","5","505","1585","0","31.86","15.52"
"68","000","00","050","0000","0000","52588","24658","27930","463","53051","133965","166690","39.60","18.41"
"68","000","00","050","0001","0000","1246","414","832","12","1258","2950","0","42.64","14.03"
"68","000","00","050","0001","0463","675","232","443","4","679","1566","0","43.36","14.81"
"68","000","00","050","0001","0464","571","182","389","8","579","1384","0","41.84","13.15"
"68","000","00","050","0002","0000","1650","582","1068","18","1668","4062","0","41.06","14.33"
"68","000","00","050","0002","0465","589","205","384","6","595","1441","0","41.29","14.23"
"68","000","00","050","0002","0466","534","188","346","8","542","1358","0","39.91","13.84"
"68","000","00","050","0002","0467","527","189","338","4","531","1263","0","42.04","14.96"
"68","000","00","050","0003","0000","1993","799","1194","17","2010","5043","0","39.86","15.84"
"68","000","00","050","0003","0473","654","281","373","6","660","1683","0","39.22","16.70"
"68","000","00","050","0003","0474","448","177","271","2","450","1172","0","38.40","15.10"
"68","000","00","050","0003","0475","435","150","285","4","439","1103","0","39.80","13.60"
"68","000","00","050","0003","0476","456","191","265","5","461","1085","0","42.49","17.60"
"68","000","00","050","0004","0000","1932","915","1017","18","1950","4969","0","39.24","18.41"
"68","000","00","050","0004","0482","670","310","360","13","683","1733","0","39.41","17.89"
"68","000","00","050","0004","0483","601","298","303","1","602","1657","0","36.33","17.98"
"68","000","00","050","0004","0484","661","307","354","4","665","1579","0","42.12","19.44"
"68","000","00","050","0006","0000","1573","572","1001","15","1588","4036","0","39.35","14.17"
"68","000","00","050","0006","0486","452","137","315","6","458","1238","0","37.00","11.07"
"68","000","00","050","0006","0487","559","201","358","5","564","1366","0","41.29","14.71"
"68","000","00","050","0006","0488","562","234","328","4","566","1432","0","39.53","16.34"
"68","000","00","050","0007","0000","1538","742","796","11","1549","3675","0","42.15","20.19"
"68","000","00","050","0007","0507","522","240","282","4","526","1152","0","45.66","20.83"
"68","000","00","050","0007","0508","548","251","297","4","552","1361","0","40.56","18.44"
"68","000","00","050","0007","0509","468","251","217","3","471","1162","0","40.53","21.60"
"68","000","00","050","0008","0000","1608","743","865","12","1620","3906","0","41.47","19.02"
"68","000","00","050","0008","0510","563","260","303","9","572","1344","0","42.56","19.35"
"68","000","00","050","0008","0511","467","212","255","2","469","1152","0","40.71","18.40"
"68","000","00","050","0008","0512","578","271","307","1","579","1410","0","41.06","19.22"
"68","000","00","050","0009","0000","1022","517","505","4","1026","2425","0","42.31","21.32"
"68","000","00","050","0009","0519","580","292","288","1","581","1215","0","47.82","24.03"
"68","000","00","050","0009","0520","442","225","217","3","445","1210","0","36.78","18.60"
"68","000","00","050","0010","0000","915","340","575","9","924","2595","0","35.61","13.10"
"68","000","00","050","0010","0542","379","149","230","1","380","1343","0","28.29","11.09"
"68","000","00","050","0010","0543","536","191","345","8","544","1252","0","43.45","15.26"
"68","000","00","050","0011","0000","594","252","342","9","603","1778","0","33.91","14.17"
"68","000","00","050","0011","0544","594","252","342","9","603","1778","0","33.91","14.17"
"68","000","00","050","0012","0000","1309","438","871","18","1327","3579","0","37.08","12.24"
"68","000","00","050","0012","0545","438","151","287","11","449","1192","0","37.67","12.67"
"68","000","00","050","0012","0546","463","146","317","5","468","1218","0","38.42","11.99"
"68","000","00","050","0012","0547","408","141","267","2","410","1169","0","35.07","12.06"
"68","000","00","050","0013","0000","620","158","462","10","630","1486","0","42.40","10.63"
"68","000","00","050","0013","0548","620","158","462","10","630","1486","0","42.40","10.63"
"68","000","00","050","0014","0000","617","178","439","7","624","1673","0","37.30","10.64"
"68","000","00","050","0014","0549","617","178","439","7","624","1673","0","37.30","10.64"
"68","000","00","050","0015","0000","972","339","633","13","985","2501","0","39.38","13.55"
"68","000","00","050","0015","0550","528","178","350","6","534","1310","0","40.76","13.59"
"68","000","00","050","0015","0551","444","161","283","7","451","1191","0","37.87","13.52"
"68","000","00","050","0016","0000","927","466","461","12","939","2969","0","31.63","15.70"
"68","000","00","050","0016","0552","438","219","219","7","445","1485","0","29.97","14.75"
"68","000","00","050","0016","0553","489","247","242","5","494","1484","0","33.29","16.64"
"68","000","00","050","0017","0000","1522","746","776","19","1541","3532","0","43.63","21.12"
"68","000","00","050","0017","0505","833","368","465","8","841","1881","0","44.71","19.56"
"68","000","00","050","0017","0506","689","378","311","11","700","1651","0","42.40","22.90"
"68","000","00","050","0018","0000","2186","1188","998","18","2204","5162","0","42.70","23.01"
"68","000","00","050","0018","0489","483","262","221","6","489","1167","0","41.90","22.45"
"68","000","00","050","0018","0490","640","369","271","4","644","1347","0","47.81","27.39"
"68","000","00","050","0018","0491","519","270","249","2","521","1279","0","40.73","21.11"
"68","000","00","050","0018","0492","544","287","257","6","550","1369","0","40.18","20.96"
"68","000","00","050","0019","0000","860","387","473","9","869","2582","0","33.66","14.99"
"68","000","00","050","0019","0517","423","178","245","7","430","1148","0","37.46","15.51"
"68","000","00","050","0019","0518","437","209","228","2","439","1434","0","30.61","14.57"
"68","000","00","050","0020","0000","1322","629","693","12","1334","3128","0","42.65","20.11"
"68","000","00","050","0020","0513","624","252","372","5","629","1471","0","42.76","17.13"
"68","000","00","050","0020","0516","698","377","321","7","705","1657","0","42.55","22.75"
"68","000","00","050","0021","0000","578","156","422","3","581","1327","0","43.78","11.76"
"68","000","00","050","0021","0485","578","156","422","3","581","1327","0","43.78","11.76"
"68","000","00","050","0022","0000","1427","663","764","13","1440","3516","0","40.96","18.86"
"68","000","00","050","0022","0477","460","201","259","3","463","1181","0","39.20","17.02"
"68","000","00","050","0022","0478","720","336","384","3","723","1717","0","42.11","19.57"
"68","000","00","050","0022","0479","247","126","121","7","254","618","0","41.10","20.39"
"68","000","00","050","0023","0000","1165","464","701","14","1179","2982","0","39.54","15.56"
"68","000","00","050","0023","0480","628","233","395","7","635","1534","0","41.40","15.19"
"68","000","00","050","0023","0481","537","231","306","7","544","1448","0","37.57","15.95"
"68","000","00","050","0024","0000","1276","705","571","14","1290","3360","0","38.39","20.98"
"68","000","00","050","0024","0540","626","298","328","6","632","1645","0","38.42","18.12"
"68","000","00","050","0024","0541","650","407","243","8","658","1715","0","38.37","23.73"
"68","000","00","050","0025","0000","1933","1032","901","22","1955","4886","0","40.01","21.12"
"68","000","00","050","0025","0535","620","325","295","6","626","1506","0","41.57","21.58"
"68","000","00","050","0025","0536","699","413","286","6","705","1732","0","40.70","23.85"
"68","000","00","050","0025","0537","614","294","320","10","624","1648","0","37.86","17.84"
"68","000","00","050","0026","0000","1912","966","946","16","1928","4459","0","43.24","21.66"
"68","000","00","050","0026","0525","710","353","357","5","715","1624","0","44.03","21.74"
"68","000","00","050","0026","0526","639","334","305","5","644","1503","0","42.85","22.22"
"68","000","00","050","0026","0527","563","279","284","6","569","1332","0","42.72","20.95"
"68","000","00","050","0027","0000","1520","764","756","4","1524","3985","0","38.24","19.17"
"68","000","00","050","0027","0501","549","278","271","1","550","1579","0","34.83","17.61"
"68","000","00","050","0027","0502","443","199","244","1","444","1153","0","38.51","17.26"
"68","000","00","050","0027","0503","528","287","241","2","530","1253","0","42.30","22.91"
"68","000","00","050","0028","0000","1964","1095","869","9","1973","5062","0","38.98","21.63"
"68","000","00","050","0028","0493","670","380","290","1","671","1820","0","36.87","20.88"
"68","000","00","050","0028","0494","620","342","278","5","625","1628","0","38.39","21.01"
"68","000","00","050","0028","0495","674","373","301","3","677","1614","0","41.95","23.11"
"68","000","00","050","0029","0000","1352","704","648","6","1358","3442","0","39.45","20.45"
"68","000","00","050","0029","0496","673","367","306","3","676","1683","0","40.17","21.81"
"68","000","00","050","0029","0497","679","337","342","3","682","1759","0","38.77","19.16"
"68","000","00","050","0030","0000","596","265","331","5","601","1633","0","36.80","16.23"
"68","000","00","050","0030","0504","596","265","331","5","601","1633","0","36.80","16.23"
"68","000","00","050","0031","0000","2341","1297","1044","18","2359","5584","0","42.25","23.23"
"68","000","00","050","0031","0531","648","336","312","3","651","1522","0","42.77","22.08"
"68","000","00","050","0031","0532","527","312","215","5","532","1314","0","40.49","23.74"
"68","000","00","050","0031","0533","562","299","263","3","565","1352","0","41.79","22.12"
"68","000","00","050","0031","0534","604","350","254","7","611","1396","0","43.77","25.07"
"68","000","00","050","0032","0000","1747","1046","701","24","1771","3690","0","47.99","28.35"
"68","000","00","050","0032","0528","567","321","246","12","579","1190","0","48.66","26.97"
"68","000","00","050","0032","0529","682","458","224","8","690","1245","0","55.42","36.79"
"68","000","00","050","0032","0530","498","267","231","4","502","1255","0","40.00","21.27"
"68","000","00","050","0033","0000","1224","677","547","11","1235","3243","0","38.08","20.88"
"68","000","00","050","0033","0521","660","370","290","6","666","1711","0","38.92","21.62"
"68","000","00","050","0033","0522","564","307","257","5","569","1532","0","37.14","20.04"
"68","000","00","050","0034","0000","1176","568","608","6","1182","3227","0","36.63","17.60"
"68","000","00","050","0034","0523","582","268","314","3","585","1535","0","38.11","17.46"
"68","000","00","050","0034","0524","594","300","294","3","597","1692","0","35.28","17.73"
"68","000","00","050","0035","0000","1231","653","578","9","1240","2793","0","44.40","23.38"
"68","000","00","050","0035","0514","605","315","290","6","611","1423","0","42.94","22.14"
"68","000","00","050","0035","0515","626","338","288","3","629","1370","0","45.91","24.67"
"68","000","00","050","0036","0000","1810","857","953","15","1825","5074","0","35.97","16.89"
"68","000","00","050","0036","0470","602","303","299","3","605","1498","0","40.39","20.23"
"68","000","00","050","0036","0471","581","235","346","4","585","1805","0","32.41","13.02"
"68","000","00","050","0036","0472","627","319","308","8","635","1771","0","35.86","18.01"
"68","000","00","050","0037","0000","1373","657","716","6","1379","3380","0","40.80","19.44"
"68","000","00","050","0037","0468","658","285","373","3","661","1591","0","41.55","17.91"
"68","000","00","050","0037","0469","715","372","343","3","718","1789","0","40.13","20.79"
"68","000","00","050","0038","0000","1282","640","642","8","1290","3296","0","39.14","19.42"
"68","000","00","050","0038","0538","596","295","301","4","600","1597","0","37.57","18.47"
"68","000","00","050","0038","0539","686","345","341","4","690","1699","0","40.61","20.31"
"68","000","00","050","0039","0000","1516","721","795","4","1520","4443","0","34.21","16.23"
"68","000","00","050","0039","0498","495","216","279","2","497","1512","0","32.87","14.29"
"68","000","00","050","0039","0499","579","276","303","2","581","1576","0","36.87","17.51"
"68","000","00","050","0039","0500","442","229","213","0","442","1355","0","32.62","16.90"
"68","000","00","050","0040","0000","759","323","436","13","772","2532","0","30.49","12.76"
"68","000","00","050","0040","0554","361","167","194","6","367","1210","0","30.33","13.80"
"68","000","00","050","0040","0555","398","156","242","7","405","1322","0","30.64","11.80"
"68","000","00","060","0000","0000","27905","12498","15407","235","28140","77353","93663","36.38","16.16"
"68","000","00","060","0001","0000","2341","1069","1272","16","2357","6107","0","38.60","17.50"
"68","000","00","060","0001","0556","620","314","306","3","623","1523","0","40.91","20.62"
"68","000","00","060","0001","0557","532","246","286","1","533","1639","0","32.52","15.01"
"68","000","00","060","0001","0558","550","234","316","7","557","1405","0","39.64","16.65"
"68","000","00","060","0001","0559","639","275","364","5","644","1540","0","41.82","17.86"
"68","000","00","060","0002","0000","2517","1100","1417","21","2538","6972","0","36.40","15.78"
"68","000","00","060","0002","0560","467","182","285","6","473","1233","0","38.36","14.76"
"68","000","00","060","0002","0561","551","255","296","5","556","1503","0","36.99","16.97"
"68","000","00","060","0002","0562","455","207","248","3","458","1312","0","34.91","15.78"
"68","000","00","060","0002","0563","525","242","283","4","529","1462","0","36.18","16.55"
"68","000","00","060","0002","0564","519","214","305","3","522","1462","0","35.70","14.64"
"68","000","00","060","0003","0000","1475","639","836","15","1490","4705","0","31.67","13.58"
"68","000","00","060","0003","0565","489","233","256","5","494","1601","0","30.86","14.55"
"68","000","00","060","0003","0566","474","192","282","5","479","1438","0","33.31","13.35"
"68","000","00","060","0003","0567","512","214","298","5","517","1666","0","31.03","12.85"
"68","000","00","060","0004","0000","642","225","417","4","646","1612","0","40.07","13.96"
"68","000","00","060","0004","0568","642","225","417","4","646","1612","0","40.07","13.96"
"68","000","00","060","0005","0000","4567","2188","2379","38","4605","11610","0","39.66","18.85"
"68","000","00","060","0005","0569","479","193","286","2","481","1434","0","33.54","13.46"
"68","000","00","060","0005","0570","478","222","256","5","483","1352","0","35.72","16.42"
"68","000","00","060","0005","0571","518","251","267","7","525","1488","0","35.28","16.87"
"68","000","00","060","0005","0572","741","278","463","9","750","1630","0","46.01","17.06"
"68","000","00","060","0005","0573","663","322","341","5","668","1450","0","46.07","22.21"
"68","000","00","060","0005","0574","600","329","271","1","601","1462","0","41.11","22.50"
"68","000","00","060","0005","0575","591","344","247","4","595","1443","0","41.23","23.84"
"68","000","00","060","0005","0576","497","249","248","5","502","1351","0","37.16","18.43"
"68","000","00","060","0006","0000","1982","726","1256","16","1998","5222","0","38.26","13.90"
"68","000","00","060","0006","0577","598","199","399","8","606","1412","0","42.92","14.09"
"68","000","00","060","0006","0578","546","196","350","3","549","1417","0","38.74","13.83"
"68","000","00","060","0006","0579","515","175","340","4","519","1488","0","34.88","11.76"
"68","000","00","060","0006","0580","323","156","167","1","324","905","0","35.80","17.24"
"68","000","00","060","0007","0000","2153","910","1243","15","2168","5896","0","36.77","15.43"
"68","000","00","060","0007","0581","532","224","308","4","536","1496","0","35.83","14.97"
"68","000","00","060","0007","0582","507","250","257","2","509","1434","0","35.50","17.43"
"68","000","00","060","0007","0583","567","260","307","4","571","1555","0","36.72","16.72"
"68","000","00","060","0007","0584","547","176","371","5","552","1411","0","39.12","12.47"
"68","000","00","060","0008","0000","654","370","284","8","662","1650","0","40.12","22.42"
"68","000","00","060","0008","0585","654","370","284","8","662","1650","0","40.12","22.42"
"68","000","00","060","0010","0000","1204","499","705","11","1215","2851","0","42.62","17.50"
"68","000","00","060","0010","0586","544","199","345","6","550","1446","0","38.04","13.76"
"68","000","00","060","0010","0587","660","300","360","5","665","1405","0","47.33","21.35"
"68","000","00","060","0011","0000","2489","1134","1355","26","2515","7202","0","34.92","15.75"
"68","000","00","060","0011","0588","530","209","321","9","539","1454","0","37.07","14.37"
"68","000","00","060","0011","0589","512","226","286","7","519","1396","0","37.18","16.19"
"68","000","00","060","0011","0590","504","247","257","2","506","1531","0","33.05","16.13"
"68","000","00","060","0011","0591","515","255","260","3","518","1598","0","32.42","15.96"
"68","000","00","060","0011","0592","428","197","231","5","433","1223","0","35.40","16.11"
"68","000","00","060","0012","0000","1192","577","615","8","1200","3212","0","37.36","17.96"
"68","000","00","060","0012","0593","589","278","311","4","593","1638","0","36.20","16.97"
"68","000","00","060","0012","0594","603","299","304","4","607","1574","0","38.56","19.00"
"68","000","00","060","0013","0000","602","353","249","5","607","1863","0","32.58","18.95"
"68","000","00","060","0013","0595","314","161","153","2","316","904","0","34.96","17.81"
"68","000","00","060","0013","0596","288","192","96","3","291","959","0","30.34","20.02"
"68","000","00","060","0014","0000","881","409","472","7","888","2595","0","34.22","15.76"
"68","000","00","060","0014","0597","364","183","181","4","368","1174","0","31.35","15.59"
"68","000","00","060","0014","0598","517","226","291","3","520","1421","0","36.59","15.90"
"68","000","00","060","0015","0000","819","388","431","3","822","2523","0","32.58","15.38"
"68","000","00","060","0015","0599","440","203","237","1","441","1277","0","34.53","15.90"
"68","000","00","060","0015","0600","379","185","194","2","381","1246","0","30.58","14.85"
"68","000","00","060","0016","0000","944","397","547","10","954","2566","0","37.18","15.47"
"68","000","00","060","0016","0601","443","209","234","5","448","1224","0","36.60","17.08"
"68","000","00","060","0016","0602","501","188","313","5","506","1342","0","37.70","14.01"
"68","000","00","060","0017","0000","755","304","451","7","762","2154","0","35.38","14.11"
"68","000","00","060","0017","0603","392","151","241","1","393","1095","0","35.89","13.79"
"68","000","00","060","0017","0604","363","153","210","6","369","1059","0","34.84","14.45"
"68","000","00","060","0018","0000","954","365","589","13","967","2912","0","33.21","12.53"
"68","000","00","060","0018","0605","504","171","333","8","512","1343","0","38.12","12.73"
"68","000","00","060","0018","0606","450","194","256","5","455","1569","0","29.00","12.36"
"68","000","00","060","0019","0000","1734","845","889","12","1746","5701","0","30.63","14.82"
"68","000","00","060","0019","0607","441","217","224","5","446","1557","0","28.64","13.94"
"68","000","00","060","0019","0608","471","230","241","3","474","1587","0","29.87","14.49"
"68","000","00","060","0019","0609","510","237","273","2","512","1496","0","34.22","15.84"
"68","000","00","060","0019","0610","312","161","151","2","314","1061","0","29.59","15.17"
"68","000","00","070","0000","0000","54059","27496","26563","495","54554","138592","165716","39.36","19.84"
"68","000","00","070","0001","0000","1704","755","949","6","1710","3984","0","42.92","18.95"
"68","000","00","070","0001","0318","552","278","274","3","555","1269","0","43.74","21.91"
"68","000","00","070","0001","0319","492","167","325","2","494","1186","0","41.65","14.08"
"68","000","00","070","0001","0320","660","310","350","1","661","1529","0","43.23","20.27"
"68","000","00","070","0002","0000","2586","1278","1308","19","2605","6579","0","39.60","19.43"
"68","000","00","070","0002","0332","505","271","234","3","508","1129","0","45.00","24.00"
"68","000","00","070","0002","0333","524","264","260","4","528","1252","0","42.17","21.09"
"68","000","00","070","0002","0334","630","262","368","4","634","1480","0","42.84","17.70"
"68","000","00","070","0002","0335","455","254","201","3","458","1378","0","33.24","18.43"
"68","000","00","070","0002","0336","472","227","245","5","477","1340","0","35.60","16.94"
"68","000","00","070","0003","0000","1561","736","825","10","1571","4492","0","34.97","16.38"
"68","000","00","070","0003","0288","353","142","211","4","357","823","0","43.38","17.25"
"68","000","00","070","0003","0289","427","216","211","2","429","1282","0","33.46","16.85"
"68","000","00","070","0003","0290","374","190","184","1","375","1197","0","31.33","15.87"
"68","000","00","070","0003","0291","407","188","219","3","410","1190","0","34.45","15.80"
"68","000","00","070","0004","0000","2218","1124","1094","20","2238","5834","0","38.36","19.27"
"68","000","00","070","0004","0249","582","308","274","3","585","1562","0","37.45","19.72"
"68","000","00","070","0004","0250","571","288","283","4","575","1423","0","40.41","20.24"
"68","000","00","070","0004","0251","553","244","309","11","564","1645","0","34.29","14.83"
"68","000","00","070","0004","0252","512","284","228","2","514","1204","0","42.69","23.59"
"68","000","00","070","0005","0000","1266","610","656","15","1281","3262","0","39.27","18.70"
"68","000","00","070","0005","0270","730","349","381","8","738","1853","0","39.83","18.83"
"68","000","00","070","0005","0271","536","261","275","7","543","1409","0","38.54","18.52"
"68","000","00","070","0006","0000","1959","1000","959","16","1975","5439","0","36.31","18.39"
"68","000","00","070","0006","0267","619","298","321","5","624","1732","0","36.03","17.21"
"68","000","00","070","0006","0268","614","298","316","8","622","1922","0","32.36","15.50"
"68","000","00","070","0006","0269","726","404","322","3","729","1785","0","40.84","22.63"
"68","000","00","070","0007","0000","1772","1543","229","29","1801","3606","0","49.94","42.79"
"68","000","00","070","0007","0305","894","784","110","13","907","1738","0","52.19","45.11"
"68","000","00","070","0007","0306","878","759","119","16","894","1868","0","47.86","40.63"
"68","000","00","070","0008","0000","2157","1457","700","26","2183","5179","0","42.15","28.13"
"68","000","00","070","0008","0323","785","666","119","9","794","1616","0","49.13","41.21"
"68","000","00","070","0008","0324","666","432","234","14","680","1717","0","39.60","25.16"
"68","000","00","070","0008","0325","706","359","347","3","709","1846","0","38.41","19.45"
"68","000","00","070","0009","0000","626","289","337","7","633","1298","0","48.77","22.27"
"68","000","00","070","0009","0278","626","289","337","7","633","1298","0","48.77","22.27"
"68","000","00","070","0010","0000","1920","855","1065","14","1934","5523","0","35.02","15.48"
"68","000","00","070","0010","0326","765","346","419","8","773","2261","0","34.19","15.30"
"68","000","00","070","0010","0327","512","216","296","3","515","1546","0","33.31","13.97"
"68","000","00","070","0010","0328","643","293","350","3","646","1716","0","37.65","17.07"
"68","000","00","070","0011","0000","796","338","458","4","800","1874","0","42.69","18.04"
"68","000","00","070","0011","0298","796","338","458","4","800","1874","0","42.69","18.04"
"68","000","00","070","0012","0000","727","318","409","5","732","1975","0","37.06","16.10"
"68","000","00","070","0012","0253","356","176","180","2","358","983","0","36.42","17.90"
"68","000","00","070","0012","0254","371","142","229","3","374","992","0","37.70","14.31"
"68","000","00","070","0013","0000","1796","890","906","15","1811","4708","0","38.47","18.90"
"68","000","00","070","0013","0275","550","311","239","7","557","1612","0","34.55","19.29"
"68","000","00","070","0013","0276","681","318","363","6","687","1651","0","41.61","19.26"
"68","000","00","070","0013","0277","565","261","304","2","567","1445","0","39.24","18.06"
"68","000","00","070","0014","0000","1974","936","1038","26","2000","4790","0","41.75","19.54"
"68","000","00","070","0014","0272","676","321","355","6","682","1651","0","41.31","19.44"
"68","000","00","070","0014","0273","628","289","339","10","638","1480","0","43.11","19.53"
"68","000","00","070","0014","0274","670","326","344","10","680","1659","0","40.99","19.65"
"68","000","00","070","0015","0000","2286","1102","1184","27","2313","5265","0","43.93","20.93"
"68","000","00","070","0015","0307","640","319","321","2","642","1449","0","44.31","22.02"
"68","000","00","070","0015","0308","459","211","248","10","469","1021","0","45.94","20.67"
"68","000","00","070","0015","0309","526","257","269","4","530","1403","0","37.78","18.32"
"68","000","00","070","0015","0310","661","315","346","11","672","1392","0","48.28","22.63"
"68","000","00","070","0016","0000","1512","685","827","14","1526","4034","0","37.83","16.98"
"68","000","00","070","0016","0337","475","193","282","6","481","1222","0","39.36","15.79"
"68","000","00","070","0016","0338","601","293","308","5","606","1491","0","40.64","19.65"
"68","000","00","070","0016","0339","436","199","237","3","439","1321","0","33.23","15.06"
"68","000","00","070","0017","0000","693","219","474","4","697","1760","0","39.60","12.44"
"68","000","00","070","0017","0331","693","219","474","4","697","1760","0","39.60","12.44"
"68","000","00","070","0018","0000","1143","565","578","18","1161","2636","0","44.04","21.43"
"68","000","00","070","0018","0340","714","413","301","9","723","1578","0","45.82","26.17"
"68","000","00","070","0018","0341","429","152","277","9","438","1058","0","41.40","14.37"
"68","000","00","070","0019","0000","1403","663","740","13","1416","4111","0","34.44","16.13"
"68","000","00","070","0019","0255","462","229","233","1","463","1378","0","33.60","16.62"
"68","000","00","070","0019","0256","541","235","306","5","546","1472","0","37.09","15.96"
"68","000","00","070","0019","0257","400","199","201","7","407","1261","0","32.28","15.78"
"68","000","00","070","0020","0000","2732","1319","1413","19","2751","6959","0","39.53","18.95"
"68","000","00","070","0020","0279","716","321","395","8","724","1788","0","40.49","17.95"
"68","000","00","070","0020","0280","671","333","338","3","674","1712","0","39.37","19.45"
"68","000","00","070","0020","0281","710","360","350","3","713","1734","0","41.12","20.76"
"68","000","00","070","0020","0282","635","305","330","5","640","1725","0","37.10","17.68"
"68","000","00","070","0021","0000","910","429","481","8","918","2303","0","39.86","18.63"
"68","000","00","070","0021","0299","416","187","229","2","418","1137","0","36.76","16.45"
"68","000","00","070","0021","0300","494","242","252","6","500","1166","0","42.88","20.75"
"68","000","00","070","0022","0000","1690","876","814","17","1707","5268","0","32.40","16.63"
"68","000","00","070","0022","0292","593","339","254","7","600","1794","0","33.44","18.90"
"68","000","00","070","0022","0293","507","246","261","3","510","1622","0","31.44","15.17"
"68","000","00","070","0022","0294","590","291","299","7","597","1852","0","32.24","15.71"
"68","000","00","070","0023","0000","784","397","387","8","792","1960","0","40.41","20.26"
"68","000","00","070","0023","0321","605","312","293","7","612","1459","0","41.95","21.38"
"68","000","00","070","0023","0322","179","85","94","1","180","501","0","35.93","16.97"
"68","000","00","070","0024","0000","1329","593","736","20","1349","3423","0","39.41","17.32"
"68","000","00","070","0024","0329","789","345","444","11","800","1893","0","42.26","18.23"
"68","000","00","070","0024","0330","540","248","292","9","549","1530","0","35.88","16.21"
"68","000","00","070","0025","0000","2343","1168","1175","30","2373","6098","0","38.91","19.15"
"68","000","00","070","0025","0301","757","347","410","12","769","1934","0","39.76","17.94"
"68","000","00","070","0025","0302","500","261","239","4","504","1362","0","37.00","19.16"
"68","000","00","070","0025","0303","532","280","252","6","538","1420","0","37.89","19.72"
"68","000","00","070","0025","0304","554","280","274","8","562","1382","0","40.67","20.26"
"68","000","00","070","0026","0000","1407","703","704","10","1417","3965","0","35.74","17.73"
"68","000","00","070","0026","0313","458","234","224","3","461","1201","0","38.38","19.48"
"68","000","00","070","0026","0314","344","194","150","3","347","987","0","35.16","19.66"
"68","000","00","070","0026","0315","605","275","330","4","609","1777","0","34.27","15.48"
"68","000","00","070","0027","0000","2043","1050","993","13","2056","5410","0","38.00","19.41"
"68","000","00","070","0027","0258","650","333","317","3","653","1690","0","38.64","19.70"
"68","000","00","070","0027","0259","687","354","333","6","693","1854","0","37.38","19.09"
"68","000","00","070","0027","0260","706","363","343","4","710","1866","0","38.05","19.45"
"68","000","00","070","0028","0000","3524","1717","1807","29","3553","8945","0","39.72","19.20"
"68","000","00","070","0028","0261","557","252","305","5","562","1485","0","37.85","16.97"
"68","000","00","070","0028","0262","569","254","315","1","570","1387","0","41.10","18.31"
"68","000","00","070","0028","0263","651","344","307","7","658","1533","0","42.92","22.44"
"68","000","00","070","0028","0264","686","332","354","3","689","1675","0","41.13","19.82"
"68","000","00","070","0028","0265","519","240","279","5","524","1402","0","37.38","17.12"
"68","000","00","070","0028","0266","542","295","247","8","550","1463","0","37.59","20.16"
"68","000","00","070","0029","0000","1768","807","961","10","1778","4161","0","42.73","19.39"
"68","000","00","070","0029","0295","554","251","303","5","559","1426","0","39.20","17.60"
"68","000","00","070","0029","0296","564","254","310","1","565","1412","0","40.01","17.99"
"68","000","00","070","0029","0297","650","302","348","4","654","1323","0","49.43","22.83"
"68","000","00","070","0030","0000","930","598","332","12","942","3071","0","30.67","19.47"
"68","000","00","070","0030","0311","691","488","203","12","703","1528","0","46.01","31.94"
"68","000","00","070","0030","0312","239","110","129","0","239","1543","0","15.49","7.13"
"68","000","00","070","0031","0000","3129","1769","1360","20","3149","7571","0","41.59","23.37"
"68","000","00","070","0031","0283","609","342","267","1","610","1352","0","45.12","25.30"
"68","000","00","070","0031","0284","772","416","356","5","777","1899","0","40.92","21.91"
"68","000","00","070","0031","0285","510","302","208","6","516","1304","0","39.57","23.16"
"68","000","00","070","0031","0286","536","325","211","6","542","1365","0","39.71","23.81"
"68","000","00","070","0031","0287","702","384","318","2","704","1651","0","42.64","23.26"
"68","000","00","070","0032","0000","1371","707","664","11","1382","3109","0","44.45","22.74"
"68","000","00","070","0032","0316","719","371","348","5","724","1633","0","44.34","22.72"
"68","000","00","070","0032","0317","652","336","316","6","658","1476","0","44.58","22.76"
"68","000","00","080","0000","0000","67620","36297","31323","698","68318","172627","209448","39.58","21.03"
"68","000","00","080","0001","0000","2935","1605","1330","25","2960","9275","0","31.91","17.30"
"68","000","00","080","0001","0342","567","337","230","5","572","1693","0","33.79","19.91"
"68","000","00","080","0001","0343","564","285","279","8","572","1744","0","32.80","16.34"
"68","000","00","080","0001","0344","560","297","263","6","566","1597","0","35.44","18.60"
"68","000","00","080","0001","0345","520","300","220","2","522","1434","0","36.40","20.92"
"68","000","00","080","0001","0346","527","299","228","3","530","1402","0","37.80","21.33"
"68","000","00","080","0001","0347","197","87","110","1","198","1405","0","14.09","6.19"
"68","000","00","080","0002","0000","3364","1785","1579","27","3391","9960","0","34.05","17.92"
"68","000","00","080","0002","0348","598","308","290","5","603","1932","0","31.21","15.94"
"68","000","00","080","0002","0349","611","331","280","3","614","1941","0","31.63","17.05"
"68","000","00","080","0002","0350","660","354","306","9","669","1605","0","41.68","22.06"
"68","000","00","080","0002","0351","458","245","213","4","462","1536","0","30.08","15.95"
"68","000","00","080","0002","0352","563","309","254","6","569","1475","0","38.58","20.95"
"68","000","00","080","0002","0353","474","238","236","0","474","1471","0","32.22","16.18"
"68","000","00","080","0003","0000","1668","929","739","10","1678","4926","0","34.06","18.86"
"68","000","00","080","0003","0354","576","314","262","4","580","1519","0","38.18","20.67"
"68","000","00","080","0003","0355","629","352","277","2","631","1832","0","34.44","19.21"
"68","000","00","080","0003","0356","463","263","200","4","467","1575","0","29.65","16.70"
"68","000","00","080","0004","0000","1321","669","652","32","1353","3178","0","42.57","21.05"
"68","000","00","080","0004","0362","651","256","395","16","667","1582","0","42.16","16.18"
"68","000","00","080","0004","0363","670","413","257","16","686","1596","0","42.98","25.88"
"68","000","00","080","0005","0000","1343","845","498","25","1368","3521","0","38.85","24.00"
"68","000","00","080","0005","0364","691","431","260","13","704","1668","0","42.21","25.84"
"68","000","00","080","0005","0365","652","414","238","12","664","1853","0","35.83","22.34"
"68","000","00","080","0006","0000","1304","903","401","17","1321","3201","0","41.27","28.21"
"68","000","00","080","0006","0366","656","456","200","14","670","1588","0","42.19","28.72"
"68","000","00","080","0006","0367","648","447","201","3","651","1613","0","40.36","27.71"
"68","000","00","080","0007","0000","1261","595","666","15","1276","3233","0","39.47","18.40"
"68","000","00","080","0007","0370","639","304","335","9","648","1665","0","38.92","18.26"
"68","000","00","080","0007","0371","622","291","331","6","628","1568","0","40.05","18.56"
"68","000","00","080","0008","0000","1936","1068","868","29","1965","4536","0","43.32","23.54"
"68","000","00","080","0008","0372","769","455","314","18","787","1740","0","45.23","26.15"
"68","000","00","080","0008","0373","730","398","332","9","739","1776","0","41.61","22.41"
"68","000","00","080","0008","0374","437","215","222","2","439","1020","0","43.04","21.08"
"68","000","00","080","0009","0000","1255","643","612","13","1268","3596","0","35.26","17.88"
"68","000","00","080","0009","0375","634","314","320","9","643","1809","0","35.54","17.36"
"68","000","00","080","0009","0376","621","329","292","4","625","1787","0","34.97","18.41"
"68","000","00","080","0010","0000","826","386","440","10","836","2214","0","37.76","17.43"
"68","000","00","080","0010","0377","387","210","177","6","393","1091","0","36.02","19.25"
"68","000","00","080","0010","0378","439","176","263","4","443","1123","0","39.45","15.67"
"68","000","00","080","0011","0000","924","409","515","7","931","2537","0","36.70","16.12"
"68","000","00","080","0011","0384","474","223","251","3","477","1336","0","35.70","16.69"
"68","000","00","080","0011","0385","450","186","264","4","454","1201","0","37.80","15.49"
"68","000","00","080","0012","0000","1492","712","780","12","1504","3852","0","39.04","18.48"
"68","000","00","080","0012","0388","576","262","314","3","579","1366","0","42.39","19.18"
"68","000","00","080","0012","0389","410","205","205","6","416","1183","0","35.16","17.33"
"68","000","00","080","0012","0390","506","245","261","3","509","1303","0","39.06","18.80"
"68","000","00","080","0013","0000","1262","576","686","14","1276","3101","0","41.15","18.57"
"68","000","00","080","0013","0393","759","339","420","7","766","1902","0","40.27","17.82"
"68","000","00","080","0013","0394","503","237","266","7","510","1199","0","42.54","19.77"
"68","000","00","080","0014","0000","1473","652","821","10","1483","3930","0","37.74","16.59"
"68","000","00","080","0014","0395","588","267","321","2","590","1408","0","41.90","18.96"
"68","000","00","080","0014","0396","469","199","270","3","472","1273","0","37.08","15.63"
"68","000","00","080","0014","0397","416","186","230","5","421","1249","0","33.71","14.89"
"68","000","00","080","0015","0000","1371","632","739","16","1387","3486","0","39.79","18.13"
"68","000","00","080","0015","0405","527","208","319","5","532","1348","0","39.47","15.43"
"68","000","00","080","0015","0406","387","200","187","6","393","1052","0","37.36","19.01"
"68","000","00","080","0015","0407","457","224","233","5","462","1086","0","42.54","20.63"
"68","000","00","080","0016","0000","1515","783","732","9","1524","3792","0","40.19","20.65"
"68","000","00","080","0016","0409","518","274","244","6","524","1312","0","39.94","20.88"
"68","000","00","080","0016","0410","577","256","321","2","579","1356","0","42.70","18.88"
"68","000","00","080","0016","0411","420","253","167","1","421","1124","0","37.46","22.51"
"68","000","00","080","0017","0000","3006","1846","1160","31","3037","7352","0","41.31","25.11"
"68","000","00","080","0017","0418","571","390","181","5","576","1557","0","36.99","25.05"
"68","000","00","080","0017","0419","612","359","253","5","617","1341","0","46.01","26.77"
"68","000","00","080","0017","0420","572","348","224","4","576","1505","0","38.27","23.12"
"68","000","00","080","0017","0421","665","447","218","9","674","1575","0","42.79","28.38"
"68","000","00","080","0017","0422","586","302","284","8","594","1374","0","43.23","21.98"
"68","000","00","080","0018","0000","660","291","369","5","665","1505","0","44.19","19.34"
"68","000","00","080","0018","0431","660","291","369","5","665","1505","0","44.19","19.34"
"68","000","00","080","0019","0000","1426","680","746","11","1437","3312","0","43.39","20.53"
"68","000","00","080","0019","0433","712","289","423","5","717","1634","0","43.88","17.69"
"68","000","00","080","0019","0434","714","391","323","6","720","1678","0","42.91","23.30"
"68","000","00","080","0020","0000","1451","834","617","14","1465","3738","0","39.19","22.31"
"68","000","00","080","0020","0435","435","271","164","7","442","1219","0","36.26","22.23"
"68","000","00","080","0020","0436","502","243","259","4","506","1235","0","40.97","19.68"
"68","000","00","080","0020","0437","514","320","194","3","517","1284","0","40.26","24.92"
"68","000","00","080","0021","0000","712","397","315","8","720","1789","0","40.25","22.19"
"68","000","00","080","0021","0438","712","397","315","8","720","1789","0","40.25","22.19"
"68","000","00","080","0022","0000","2322","1238","1084","14","2336","5181","0","45.09","23.90"
"68","000","00","080","0022","0448","892","527","365","4","896","1752","0","51.14","30.08"
"68","000","00","080","0022","0449","727","359","368","5","732","1769","0","41.38","20.29"
"68","000","00","080","0022","0450","703","352","351","5","708","1660","0","42.65","21.20"
"68","000","00","080","0023","0000","1691","872","819","11","1702","4113","0","41.38","21.20"
"68","000","00","080","0023","0453","514","239","275","2","516","1303","0","39.60","18.34"
"68","000","00","080","0023","0454","553","300","253","7","560","1385","0","40.43","21.66"
"68","000","00","080","0023","0455","624","333","291","2","626","1425","0","43.93","23.37"
"68","000","00","080","0024","0000","1278","723","555","21","1299","3515","0","36.96","20.57"
"68","000","00","080","0024","0425","472","229","243","7","479","1470","0","32.59","15.58"
"68","000","00","080","0024","0426","279","244","35","9","288","624","0","46.15","39.10"
"68","000","00","080","0024","0427","527","250","277","5","532","1421","0","37.44","17.59"
"68","000","00","080","0025","0000","1060","576","484","10","1070","2531","0","42.28","22.76"
"68","000","00","080","0025","0414","559","291","268","5","564","1213","0","46.50","23.99"
"68","000","00","080","0025","0415","501","285","216","5","506","1318","0","38.39","21.62"
"68","000","00","080","0026","0000","1752","824","928","12","1764","4188","0","42.12","19.68"
"68","000","00","080","0026","0400","554","235","319","4","558","1227","0","45.48","19.15"
"68","000","00","080","0026","0401","618","302","316","7","625","1611","0","38.80","18.75"
"68","000","00","080","0026","0402","580","287","293","1","581","1350","0","43.04","21.26"
"68","000","00","080","0027","0000","1792","1123","669","13","1805","4256","0","42.41","26.39"
"68","000","00","080","0027","0439","609","378","231","3","612","1442","0","42.44","26.21"
"68","000","00","080","0027","0440","535","330","205","4","539","1327","0","40.62","24.87"
"68","000","00","080","0027","0441","648","415","233","6","654","1487","0","43.98","27.91"
"68","000","00","080","0028","0000","1576","801","775","13","1589","4161","0","38.19","19.25"
"68","000","00","080","0028","0359","625","310","315","5","630","1601","0","39.35","19.36"
"68","000","00","080","0028","0360","503","239","264","3","506","1234","0","41.00","19.37"
"68","000","00","080","0028","0361","448","252","196","5","453","1326","0","34.16","19.00"
"68","000","00","080","0029","0000","1186","637","549","19","1205","2848","0","42.31","22.37"
"68","000","00","080","0029","0423","572","291","281","14","586","1371","0","42.74","21.23"
"68","000","00","080","0029","0424","614","346","268","5","619","1477","0","41.91","23.43"
"68","000","00","080","0030","0000","1632","865","767","14","1646","4290","0","38.37","20.16"
"68","000","00","080","0030","0445","617","319","298","4","621","1461","0","42.51","21.83"
"68","000","00","080","0030","0446","505","277","228","8","513","1413","0","36.31","19.60"
"68","000","00","080","0030","0447","510","269","241","2","512","1416","0","36.16","19.00"
"68","000","00","080","0031","0000","1335","578","757","15","1350","3074","0","43.92","18.80"
"68","000","00","080","0031","0451","682","260","422","5","687","1546","0","44.44","16.82"
"68","000","00","080","0031","0452","653","318","335","10","663","1528","0","43.39","20.81"
"68","000","00","080","0032","0000","802","372","430","14","816","2030","0","40.20","18.33"
"68","000","00","080","0032","0398","425","193","232","11","436","1003","0","43.47","19.24"
"68","000","00","080","0032","0399","377","179","198","3","380","1027","0","37.00","17.43"
"68","000","00","080","0033","0000","1457","685","772","16","1473","3632","0","40.56","18.86"
"68","000","00","080","0033","0403","730","326","404","8","738","1878","0","39.30","17.36"
"68","000","00","080","0033","0404","727","359","368","8","735","1754","0","41.90","20.47"
"68","000","00","080","0034","0000","605","254","351","5","610","1474","0","41.38","17.23"
"68","000","00","080","0034","0408","605","254","351","5","610","1474","0","41.38","17.23"
"68","000","00","080","0035","0000","554","268","286","8","562","1414","0","39.75","18.95"
"68","000","00","080","0035","0432","554","268","286","8","562","1414","0","39.75","18.95"
"68","000","00","080","0036","0000","846","504","342","7","853","2222","0","38.39","22.68"
"68","000","00","080","0036","0458","434","271","163","6","440","1090","0","40.37","24.86"
"68","000","00","080","0036","0459","412","233","179","1","413","1132","0","36.48","20.58"
"68","000","00","080","0037","0000","764","384","380","11","775","1947","0","39.80","19.72"
"68","000","00","080","0037","0456","426","226","200","7","433","984","0","44.00","22.97"
"68","000","00","080","0037","0457","338","158","180","4","342","963","0","35.51","16.41"
"68","000","00","080","0038","0000","1773","945","828","17","1790","4778","0","37.46","19.78"
"68","000","00","080","0038","0381","670","371","299","8","678","1862","0","36.41","19.92"
"68","000","00","080","0038","0382","579","291","288","8","587","1457","0","40.29","19.97"
"68","000","00","080","0038","0383","524","283","241","1","525","1459","0","35.98","19.40"
"68","000","00","080","0039","0000","1235","639","596","8","1243","3114","0","39.92","20.52"
"68","000","00","080","0039","0391","633","324","309","4","637","1491","0","42.72","21.73"
"68","000","00","080","0039","0392","602","315","287","4","606","1623","0","37.34","19.41"
"68","000","00","080","0040","0000","1122","509","613","11","1133","2788","0","40.64","18.26"
"68","000","00","080","0040","0357","603","259","344","4","607","1554","0","39.06","16.67"
"68","000","00","080","0040","0358","519","250","269","7","526","1234","0","42.63","20.26"
"68","000","00","080","0041","0000","1066","601","465","14","1080","2512","0","42.99","23.93"
"68","000","00","080","0041","0412","515","276","239","9","524","1195","0","43.85","23.10"
"68","000","00","080","0041","0413","551","325","226","5","556","1317","0","42.22","24.68"
"68","000","00","080","0042","0000","1789","1025","764","9","1798","4144","0","43.39","24.73"
"68","000","00","080","0042","0442","577","332","245","1","578","1313","0","44.02","25.29"
"68","000","00","080","0042","0443","648","347","301","5","653","1440","0","45.35","24.10"
"68","000","00","080","0042","0444","564","346","218","3","567","1391","0","40.76","24.87"
"68","000","00","080","0043","0000","1530","888","642","14","1544","3923","0","39.36","22.64"
"68","000","00","080","0043","0460","567","344","223","7","574","1412","0","40.65","24.36"
"68","000","00","080","0043","0461","476","259","217","4","480","1234","0","38.90","20.99"
"68","000","00","080","0043","0462","487","285","202","3","490","1277","0","38.37","22.32"
"68","000","00","080","0044","0000","1200","591","609","12","1212","2667","0","45.44","22.16"
"68","000","00","080","0044","0368","559","235","324","5","564","1302","0","43.32","18.05"
"68","000","00","080","0044","0369","641","356","285","7","648","1365","0","47.47","26.08"
"68","000","00","080","0045","0000","950","743","207","13","963","2166","0","44.46","34.30"
"68","000","00","080","0045","0379","466","368","98","9","475","1151","0","41.27","31.97"
"68","000","00","080","0045","0380","484","375","109","4","488","1015","0","48.08","36.95"
"68","000","00","080","0046","0000","1723","1372","351","36","1759","4338","0","40.55","31.63"
"68","000","00","080","0046","0428","596","461","135","7","603","1490","0","40.47","30.94"
"68","000","00","080","0046","0429","625","536","89","17","642","1550","0","41.42","34.58"
"68","000","00","080","0046","0430","502","375","127","12","514","1298","0","39.60","28.89"
"68","000","00","080","0047","0000","1064","507","557","12","1076","2762","0","38.96","18.36"
"68","000","00","080","0047","0386","508","249","259","7","515","1340","0","38.43","18.58"
"68","000","00","080","0047","0387","556","258","298","5","561","1422","0","39.45","18.14"
"68","000","00","080","0048","0000","1011","533","478","9","1020","2525","0","40.40","21.11"
"68","000","00","080","0048","0416","488","283","205","5","493","1152","0","42.80","24.57"
"68","000","00","080","0048","0417","523","250","273","4","527","1373","0","38.38","18.21"
"68","000","00","090","0000","0000","41295","24765","16530","377","41672","103835","124481","40.13","23.85"
"68","000","00","090","0001","0000","1693","967","726","11","1704","4655","0","36.61","20.77"
"68","000","00","090","0001","1161","598","316","282","1","599","1609","0","37.23","19.64"
"68","000","00","090","0001","1162","516","317","199","4","520","1528","0","34.03","20.75"
"68","000","00","090","0001","1163","579","334","245","6","585","1518","0","38.54","22.00"
"68","000","00","090","0002","0000","2281","1290","991","34","2315","5884","0","39.34","21.92"
"68","000","00","090","0002","1166","736","368","368","9","745","2241","0","33.24","16.42"
"68","000","00","090","0002","1167","418","256","162","4","422","990","0","42.63","25.86"
"68","000","00","090","0002","1168","428","224","204","6","434","1055","0","41.14","21.23"
"68","000","00","090","0002","1169","699","442","257","15","714","1598","0","44.68","27.66"
"68","000","00","090","0003","0000","1589","942","647","14","1603","4416","0","36.30","21.33"
"68","000","00","090","0003","1172","502","260","242","7","509","1476","0","34.49","17.62"
"68","000","00","090","0003","1173","497","286","211","4","501","1595","0","31.41","17.93"
"68","000","00","090","0003","1174","590","396","194","3","593","1345","0","44.09","29.44"
"68","000","00","090","0004","0000","1196","608","588","8","1204","3205","0","37.57","18.97"
"68","000","00","090","0004","1226","638","347","291","3","641","1634","0","39.23","21.24"
"68","000","00","090","0004","1227","558","261","297","5","563","1571","0","35.84","16.61"
"68","000","00","090","0006","0000","1325","757","568","9","1334","3744","0","35.63","20.22"
"68","000","00","090","0006","1178","485","270","215","1","486","1287","0","37.76","20.98"
"68","000","00","090","0006","1179","458","271","187","4","462","1312","0","35.21","20.66"
"68","000","00","090","0006","1180","382","216","166","4","386","1145","0","33.71","18.86"
"68","000","00","090","0007","0000","1578","867","711","11","1589","4226","0","37.60","20.52"
"68","000","00","090","0007","1183","566","294","272","4","570","1419","0","40.17","20.72"
"68","000","00","090","0007","1184","450","257","193","4","454","1307","0","34.74","19.66"
"68","000","00","090","0007","1185","562","316","246","3","565","1500","0","37.67","21.07"
"68","000","00","090","0008","0000","276","86","190","7","283","652","0","43.40","13.19"
"68","000","00","090","0008","1233","276","86","190","7","283","652","0","43.40","13.19"
"68","000","00","090","0009","0000","1717","959","758","10","1727","4406","0","39.20","21.77"
"68","000","00","090","0009","1188","601","314","287","3","604","1769","0","34.14","17.75"
"68","000","00","090","0009","1189","572","317","255","5","577","1335","0","43.22","23.75"
"68","000","00","090","0009","1190","544","328","216","2","546","1302","0","41.94","25.19"
"68","000","00","090","0010","0000","2155","1392","763","8","2163","5430","0","39.83","25.64"
"68","000","00","090","0010","1196","591","365","226","4","595","1390","0","42.81","26.26"
"68","000","00","090","0010","1197","534","364","170","2","536","1343","0","39.91","27.10"
"68","000","00","090","0010","1198","496","322","174","2","498","1340","0","37.16","24.03"
"68","000","00","090","0010","1199","534","341","193","0","534","1357","0","39.35","25.13"
"68","000","00","090","0011","0000","837","437","400","5","842","1835","0","45.89","23.81"
"68","000","00","090","0011","1191","415","221","194","2","417","909","0","45.87","24.31"
"68","000","00","090","0011","1192","422","216","206","3","425","926","0","45.90","23.33"
"68","000","00","090","0012","0000","1621","833","788","22","1643","4539","0","36.20","18.35"
"68","000","00","090","0012","1228","597","280","317","14","611","1583","0","38.60","17.69"
"68","000","00","090","0012","1229","473","216","257","4","477","1395","0","34.19","15.48"
"68","000","00","090","0012","1230","551","337","214","4","555","1561","0","35.55","21.59"
"68","000","00","090","0013","0000","1440","873","567","11","1451","3741","0","38.79","23.34"
"68","000","00","090","0013","1202","571","367","204","5","576","1337","0","43.08","27.45"
"68","000","00","090","0013","1203","445","261","184","4","449","1293","0","34.73","20.19"
"68","000","00","090","0013","1204","424","245","179","2","426","1111","0","38.34","22.05"
"68","000","00","090","0014","0000","1569","986","583","15","1584","4232","0","37.43","23.30"
"68","000","00","090","0014","1210","475","310","165","6","481","1259","0","38.20","24.62"
"68","000","00","090","0014","1211","543","361","182","4","547","1406","0","38.90","25.68"
"68","000","00","090","0014","1212","551","315","236","5","556","1567","0","35.48","20.10"
"68","000","00","090","0015","0000","1562","1058","504","21","1583","3420","0","46.29","30.94"
"68","000","00","090","0015","1215","769","465","304","10","779","1765","0","44.14","26.35"
"68","000","00","090","0015","1216","793","593","200","11","804","1655","0","48.58","35.83"
"68","000","00","090","0016","0000","1187","741","446","7","1194","2574","0","46.39","28.79"
"68","000","00","090","0016","1231","318","138","180","5","323","857","0","37.69","16.10"
"68","000","00","090","0016","1232","869","603","266","2","871","1717","0","50.73","35.12"
"68","000","00","090","0017","0000","607","276","331","7","614","1466","0","41.88","18.83"
"68","000","00","090","0017","1217","607","276","331","7","614","1466","0","41.88","18.83"
"68","000","00","090","0018","0000","1036","575","461","4","1040","2332","0","44.60","24.66"
"68","000","00","090","0018","1218","551","297","254","2","553","1270","0","43.54","23.39"
"68","000","00","090","0018","1219","485","278","207","2","487","1062","0","45.86","26.18"
"68","000","00","090","0019","0000","1447","952","495","12","1459","3072","0","47.49","30.99"
"68","000","00","090","0019","1220","687","415","272","5","692","1581","0","43.77","26.25"
"68","000","00","090","0019","1221","760","537","223","7","767","1491","0","51.44","36.02"
"68","000","00","090","0020","0000","1075","597","478","16","1091","2825","0","38.62","21.13"
"68","000","00","090","0020","1164","491","274","217","9","500","1359","0","36.79","20.16"
"68","000","00","090","0020","1165","584","323","261","7","591","1466","0","40.31","22.03"
"68","000","00","090","0021","0000","1011","522","489","8","1019","2613","0","39.00","19.98"
"68","000","00","090","0021","1170","447","233","214","3","450","1213","0","37.10","19.21"
"68","000","00","090","0021","1171","564","289","275","5","569","1400","0","40.64","20.64"
"68","000","00","090","0022","0000","1965","1400","565","16","1981","4262","0","46.48","32.85"
"68","000","00","090","0022","1175","694","497","197","6","700","1532","0","45.69","32.44"
"68","000","00","090","0022","1176","697","477","220","5","702","1564","0","44.88","30.50"
"68","000","00","090","0022","1177","574","426","148","5","579","1166","0","49.66","36.54"
"68","000","00","090","0023","0000","1279","794","485","13","1292","3487","0","37.05","22.77"
"68","000","00","090","0023","1181","650","386","264","5","655","1677","0","39.06","23.02"
"68","000","00","090","0023","1182","629","408","221","8","637","1810","0","35.19","22.54"
"68","000","00","090","0024","0000","1138","559","579","7","1145","2995","0","38.23","18.66"
"68","000","00","090","0024","1186","529","230","299","1","530","1344","0","39.43","17.11"
"68","000","00","090","0024","1187","609","329","280","6","615","1651","0","37.25","19.93"
"68","000","00","090","0025","0000","1830","1080","750","21","1851","4094","0","45.21","26.38"
"68","000","00","090","0025","1193","673","413","260","7","680","1424","0","47.75","29.00"
"68","000","00","090","0025","1194","450","239","211","10","460","1033","0","44.53","23.14"
"68","000","00","090","0025","1195","707","428","279","4","711","1637","0","43.43","26.15"
"68","000","00","090","0026","0000","1389","900","489","10","1399","3238","0","43.21","27.79"
"68","000","00","090","0026","1200","741","445","296","6","747","1719","0","43.46","25.89"
"68","000","00","090","0026","1201","648","455","193","4","652","1519","0","42.92","29.95"
"68","000","00","090","0027","0000","555","340","215","7","562","1491","0","37.69","22.80"
"68","000","00","090","0027","1205","555","340","215","7","562","1491","0","37.69","22.80"
"68","000","00","090","0028","0000","1470","1007","463","15","1485","3992","0","37.20","25.23"
"68","000","00","090","0028","1207","414","311","103","8","422","1322","0","31.92","23.52"
"68","000","00","090","0028","1208","462","312","150","4","466","1325","0","35.17","23.55"
"68","000","00","090","0028","1209","594","384","210","3","597","1345","0","44.39","28.55"
"68","000","00","090","0029","0000","766","499","267","15","781","2314","0","33.75","21.56"
"68","000","00","090","0029","1213","404","242","162","11","415","1280","0","32.42","18.91"
"68","000","00","090","0029","1214","362","257","105","4","366","1034","0","35.40","24.85"
"68","000","00","090","0030","0000","1785","1268","517","8","1793","3664","0","48.94","34.61"
"68","000","00","090","0030","1222","870","636","234","3","873","1832","0","47.65","34.72"
"68","000","00","090","0030","1223","915","632","283","5","920","1832","0","50.22","34.50"
"68","000","00","090","0031","0000","1438","968","470","15","1453","3448","0","42.14","28.07"
"68","000","00","090","0031","1224","722","484","238","4","726","1776","0","40.88","27.25"
"68","000","00","090","0031","1225","716","484","232","11","727","1672","0","43.48","28.95"
"68","000","00","090","0032","0000","478","232","246","10","488","1583","0","30.83","14.66"
"68","000","00","090","0032","1206","478","232","246","10","488","1583","0","30.83","14.66"
"68","000","00","100","0000","0000","76207","42834","33373","703","76910","187597","228672","41.00","22.83"
"68","000","00","100","0001","0000","1806","974","832","18","1824","4741","0","38.47","20.54"
"68","000","00","100","0001","0996","681","388","293","5","686","1721","0","39.86","22.55"
"68","000","00","100","0001","0997","570","291","279","5","575","1592","0","36.12","18.28"
"68","000","00","100","0001","0998","555","295","260","8","563","1428","0","39.43","20.66"
"68","000","00","100","0002","0000","1905","942","963","14","1919","4288","0","44.75","21.97"
"68","000","00","100","0002","0999","711","325","386","4","715","1682","0","42.51","19.32"
"68","000","00","100","0002","1000","543","251","292","3","546","1318","0","41.43","19.04"
"68","000","00","100","0002","1001","651","366","285","7","658","1288","0","51.09","28.42"
"68","000","00","100","0003","0000","2286","1348","938","15","2301","5412","0","42.52","24.91"
"68","000","00","100","0003","0981","573","348","225","4","577","1290","0","44.73","26.98"
"68","000","00","100","0003","0982","556","343","213","5","561","1357","0","41.34","25.28"
"68","000","00","100","0003","0983","579","315","264","3","582","1407","0","41.36","22.39"
"68","000","00","100","0003","0984","578","342","236","3","581","1358","0","42.78","25.18"
"68","000","00","100","0004","0000","2514","1349","1165","17","2531","5467","0","46.30","24.68"
"68","000","00","100","0004","0971","598","249","349","0","598","1293","0","46.25","19.26"
"68","000","00","100","0004","0972","582","314","268","4","586","1283","0","45.67","24.47"
"68","000","00","100","0004","0973","702","423","279","2","704","1411","0","49.89","29.98"
"68","000","00","100","0004","0974","632","363","269","11","643","1480","0","43.45","24.53"
"68","000","00","100","0005","0000","2055","1179","876","12","2067","5228","0","39.54","22.55"
"68","000","00","100","0005","0988","589","338","251","5","594","1353","0","43.90","24.98"
"68","000","00","100","0005","0989","567","327","240","2","569","1292","0","44.04","25.31"
"68","000","00","100","0005","0990","480","274","206","4","484","1303","0","37.15","21.03"
"68","000","00","100","0005","0991","419","240","179","1","420","1280","0","32.81","18.75"
"68","000","00","100","0006","0000","1666","899","767","19","1685","4332","0","38.90","20.75"
"68","000","00","100","0006","0964","587","305","282","6","593","1437","0","41.27","21.22"
"68","000","00","100","0006","0965","572","300","272","9","581","1466","0","39.63","20.46"
"68","000","00","100","0006","0966","507","294","213","4","511","1429","0","35.76","20.57"
"68","000","00","100","0007","0000","1582","843","739","13","1595","3659","0","43.59","23.04"
"68","000","00","100","0007","1007","464","249","215","3","467","1123","0","41.59","22.17"
"68","000","00","100","0007","1008","546","260","286","6","552","1253","0","44.05","20.75"
"68","000","00","100","0007","1009","572","334","238","4","576","1283","0","44.89","26.03"
"68","000","00","100","0008","0000","2358","1326","1032","32","2390","6520","0","36.66","20.34"
"68","000","00","100","0008","1015","456","247","209","5","461","2312","0","19.94","10.68"
"68","000","00","100","0008","1016","473","239","234","7","480","974","0","49.28","24.54"
"68","000","00","100","0008","1017","748","452","296","7","755","1569","0","48.12","28.81"
"68","000","00","100","0008","1018","681","388","293","13","694","1665","0","41.68","23.30"
"68","000","00","100","0009","0000","1161","583","578","9","1170","2424","0","48.27","24.05"
"68","000","00","100","0009","1002","592","290","302","4","596","1217","0","48.97","23.83"
"68","000","00","100","0009","1003","569","293","276","5","574","1207","0","47.56","24.28"
"68","000","00","100","0010","0000","1576","800","776","12","1588","3911","0","40.60","20.46"
"68","000","00","100","0010","1024","443","202","241","5","448","989","0","45.30","20.42"
"68","000","00","100","0010","1025","581","298","283","4","585","1454","0","40.23","20.50"
"68","000","00","100","0010","1026","552","300","252","3","555","1468","0","37.81","20.44"
"68","000","00","100","0011","0000","1697","892","805","16","1713","3974","0","43.11","22.45"
"68","000","00","100","0011","1029","585","272","313","8","593","1436","0","41.30","18.94"
"68","000","00","100","0011","1030","577","287","290","4","581","1386","0","41.92","20.71"
"68","000","00","100","0011","1031","535","333","202","4","539","1152","0","46.79","28.91"
"68","000","00","100","0012","0000","1670","880","790","18","1688","4457","0","37.87","19.74"
"68","000","00","100","0012","0928","503","246","257","3","506","1464","0","34.56","16.80"
"68","000","00","100","0012","0929","629","319","310","7","636","1551","0","41.01","20.57"
"68","000","00","100","0012","0930","538","315","223","8","546","1442","0","37.86","21.84"
"68","000","00","100","0013","0000","2261","1239","1022","18","2279","5771","0","39.49","21.47"
"68","000","00","100","0013","0933","609","328","281","3","612","1562","0","39.18","21.00"
"68","000","00","100","0013","0934","565","320","245","6","571","1364","0","41.86","23.46"
"68","000","00","100","0013","0935","582","320","262","6","588","1441","0","40.80","22.21"
"68","000","00","100","0013","0936","505","271","234","3","508","1404","0","36.18","19.30"
"68","000","00","100","0014","0000","1895","1188","707","28","1923","4674","0","41.14","25.42"
"68","000","00","100","0014","0956","478","291","187","6","484","1232","0","39.29","23.62"
"68","000","00","100","0014","0957","473","292","181","5","478","1183","0","40.41","24.68"
"68","000","00","100","0014","0958","405","301","104","10","415","1001","0","41.46","30.07"
"68","000","00","100","0014","0959","539","304","235","7","546","1258","0","43.40","24.17"
"68","000","00","100","0015","0000","907","558","349","8","915","2330","0","39.27","23.95"
"68","000","00","100","0015","0948","421","258","163","1","422","1134","0","37.21","22.75"
"68","000","00","100","0015","0949","486","300","186","7","493","1196","0","41.22","25.08"
"68","000","00","100","0016","0000","2112","1217","895","24","2136","5189","0","41.16","23.45"
"68","000","00","100","0016","0952","492","260","232","8","500","1328","0","37.65","19.58"
"68","000","00","100","0016","0953","513","303","210","10","523","1293","0","40.45","23.43"
"68","000","00","100","0016","0954","551","335","216","3","554","1304","0","42.48","25.69"
"68","000","00","100","0016","0955","556","319","237","3","559","1264","0","44.22","25.24"
"68","000","00","100","0017","0000","1115","738","377","14","1129","2791","0","40.45","26.44"
"68","000","00","100","0017","1050","529","362","167","7","536","1344","0","39.88","26.93"
"68","000","00","100","0017","1051","586","376","210","7","593","1447","0","40.98","25.98"
"68","000","00","100","0018","0000","1304","869","435","12","1316","3322","0","39.61","26.16"
"68","000","00","100","0018","1052","688","431","257","6","694","1699","0","40.85","25.37"
"68","000","00","100","0018","1053","616","438","178","6","622","1623","0","38.32","26.99"
"68","000","00","100","0019","0000","1066","780","286","16","1082","2548","0","42.46","30.61"
"68","000","00","100","0019","1057","453","312","141","3","456","1119","0","40.75","27.88"
"68","000","00","100","0019","1058","613","468","145","13","626","1429","0","43.81","32.75"
"68","000","00","100","0020","0000","919","632","287","9","928","1945","0","47.71","32.49"
"68","000","00","100","0020","1055","511","358","153","2","513","1087","0","47.19","32.93"
"68","000","00","100","0020","1056","408","274","134","7","415","858","0","48.37","31.93"
"68","000","00","100","0021","0000","600","442","158","5","605","1318","0","45.90","33.54"
"68","000","00","100","0021","1054","600","442","158","5","605","1318","0","45.90","33.54"
"68","000","00","100","0022","0000","702","530","172","12","714","1650","0","43.27","32.12"
"68","000","00","100","0022","1059","702","530","172","12","714","1650","0","43.27","32.12"
"68","000","00","100","0023","0000","1724","880","844","13","1737","4292","0","40.47","20.50"
"68","000","00","100","0023","1035","568","232","336","3","571","1260","0","45.32","18.41"
"68","000","00","100","0023","1036","643","379","264","6","649","1632","0","39.77","23.22"
"68","000","00","100","0023","1037","513","269","244","4","517","1400","0","36.93","19.21"
"68","000","00","100","0024","0000","2062","993","1069","13","2075","5410","0","38.35","18.35"
"68","000","00","100","0024","1046","409","155","254","2","411","1095","0","37.53","14.16"
"68","000","00","100","0024","1047","608","299","309","5","613","1440","0","42.57","20.76"
"68","000","00","100","0024","1048","525","223","302","1","526","1327","0","39.64","16.80"
"68","000","00","100","0024","1049","520","316","204","5","525","1548","0","33.91","20.41"
"68","000","00","100","0025","0000","1013","669","344","10","1023","2812","0","36.38","23.79"
"68","000","00","100","0025","1041","514","328","186","6","520","1377","0","37.76","23.82"
"68","000","00","100","0025","1042","499","341","158","4","503","1435","0","35.05","23.76"
"68","000","00","100","0026","0000","1591","949","642","25","1616","4358","0","37.08","21.78"
"68","000","00","100","0026","1043","537","323","214","9","546","1522","0","35.87","21.22"
"68","000","00","100","0026","1044","523","296","227","8","531","1471","0","36.10","20.12"
"68","000","00","100","0026","1045","531","330","201","8","539","1365","0","39.49","24.18"
"68","000","00","100","0027","0000","1200","566","634","15","1215","3084","0","39.40","18.35"
"68","000","00","100","0027","0931","558","244","314","7","565","1378","0","41.00","17.71"
"68","000","00","100","0027","0932","642","322","320","8","650","1706","0","38.10","18.87"
"68","000","00","100","0028","0000","2956","1558","1398","19","2975","6850","0","43.43","22.74"
"68","000","00","100","0028","0992","837","432","405","7","844","1785","0","47.28","24.20"
"68","000","00","100","0028","0993","707","349","358","3","710","1619","0","43.85","21.56"
"68","000","00","100","0028","0994","710","369","341","5","715","1672","0","42.76","22.07"
"68","000","00","100","0028","0995","702","408","294","4","706","1774","0","39.80","23.00"
"68","000","00","100","0029","0000","710","399","311","10","720","1755","0","41.03","22.74"
"68","000","00","100","0029","0960","710","399","311","10","720","1755","0","41.03","22.74"
"68","000","00","100","0030","0000","1539","922","617","17","1556","4511","0","34.49","20.44"
"68","000","00","100","0030","0961","567","323","244","5","572","1675","0","34.15","19.28"
"68","000","00","100","0030","0962","503","305","198","9","512","1408","0","36.36","21.66"
"68","000","00","100","0030","0963","469","294","175","3","472","1428","0","33.05","20.59"
"68","000","00","100","0031","0000","1705","824","881","14","1719","3871","0","44.41","21.29"
"68","000","00","100","0031","0975","627","310","317","5","632","1378","0","45.86","22.50"
"68","000","00","100","0031","0976","531","258","273","4","535","1241","0","43.11","20.79"
"68","000","00","100","0031","0977","547","256","291","5","552","1252","0","44.09","20.45"
"68","000","00","100","0032","0000","1437","769","668","12","1449","3429","0","42.26","22.43"
"68","000","00","100","0032","0950","680","329","351","8","688","1650","0","41.70","19.94"
"68","000","00","100","0032","0951","757","440","317","4","761","1779","0","42.78","24.73"
"68","000","00","100","0033","0000","2437","1409","1028","22","2459","6586","0","37.34","21.39"
"68","000","00","100","0033","0937","724","426","298","4","728","1825","0","39.89","23.34"
"68","000","00","100","0033","0938","525","317","208","8","533","1782","0","29.91","17.79"
"68","000","00","100","0033","0939","630","345","285","5","635","1470","0","43.20","23.47"
"68","000","00","100","0033","0940","558","321","237","5","563","1509","0","37.31","21.27"
"68","000","00","100","0034","0000","1530","820","710","11","1541","4222","0","36.50","19.42"
"68","000","00","100","0034","0978","582","306","276","5","587","1459","0","40.23","20.97"
"68","000","00","100","0034","0979","511","283","228","4","515","1402","0","36.73","20.19"
"68","000","00","100","0034","0980","437","231","206","2","439","1361","0","32.26","16.97"
"68","000","00","100","0035","0000","1366","687","679","14","1380","3064","0","45.04","22.42"
"68","000","00","100","0035","1022","663","334","329","6","669","1531","0","43.70","21.82"
"68","000","00","100","0035","1023","703","353","350","8","711","1533","0","46.38","23.03"
"68","000","00","100","0036","0000","1673","869","804","9","1682","3878","0","43.37","22.41"
"68","000","00","100","0036","1032","555","341","214","1","556","1375","0","40.44","24.80"
"68","000","00","100","0036","1033","564","275","289","3","567","1257","0","45.11","21.88"
"68","000","00","100","0036","1034","554","253","301","5","559","1246","0","44.86","20.30"
"68","000","00","100","0037","0000","2244","1237","1007","24","2268","5110","0","44.38","24.21"
"68","000","00","100","0037","1012","790","392","398","11","801","1719","0","46.60","22.80"
"68","000","00","100","0037","1013","803","478","325","6","809","1764","0","45.86","27.10"
"68","000","00","100","0037","1014","651","367","284","7","658","1627","0","40.44","22.56"
"68","000","00","100","0038","0000","1516","1009","507","20","1536","4282","0","35.87","23.56"
"68","000","00","100","0038","1038","503","340","163","10","513","1393","0","36.83","24.41"
"68","000","00","100","0038","1039","553","359","194","2","555","1337","0","41.51","26.85"
"68","000","00","100","0038","1040","460","310","150","8","468","1552","0","30.15","19.97"
"68","000","00","100","0039","0000","1262","712","550","12","1274","2823","0","45.13","25.22"
"68","000","00","100","0039","1027","595","328","267","7","602","1345","0","44.76","24.39"
"68","000","00","100","0039","1028","667","384","283","5","672","1478","0","45.47","25.98"
"68","000","00","100","0040","0000","732","350","382","4","736","1551","0","47.45","22.57"
"68","000","00","100","0040","1010","343","167","176","0","343","739","0","46.41","22.60"
"68","000","00","100","0040","1011","389","183","206","4","393","812","0","48.40","22.54"
"68","000","00","100","0041","0000","1728","1027","701","8","1736","3758","0","46.19","27.33"
"68","000","00","100","0041","1004","589","363","226","4","593","1271","0","46.66","28.56"
"68","000","00","100","0041","1005","641","350","291","3","644","1376","0","46.80","25.44"
"68","000","00","100","0041","1006","498","314","184","1","499","1111","0","44.91","28.26"
"68","000","00","100","0042","0000","2197","1197","1000","20","2217","4904","0","45.21","24.41"
"68","000","00","100","0042","0985","777","402","375","5","782","1789","0","43.71","22.47"
"68","000","00","100","0042","0986","635","360","275","5","640","1442","0","44.38","24.97"
"68","000","00","100","0042","0987","785","435","350","10","795","1673","0","47.52","26.00"
"68","000","00","100","0043","0000","2184","1278","906","13","2197","5498","0","39.96","23.24"
"68","000","00","100","0043","0967","532","320","212","6","538","1345","0","40.00","23.79"
"68","000","00","100","0043","0968","592","339","253","5","597","1408","0","42.40","24.08"
"68","000","00","100","0043","0969","522","298","224","1","523","1392","0","37.57","21.41"
"68","000","00","100","0043","0970","538","321","217","1","539","1353","0","39.84","23.73"
"68","000","00","100","0044","0000","1599","975","624","14","1613","3806","0","42.38","25.62"
"68","000","00","100","0044","1019","483","295","188","1","484","1199","0","40.37","24.60"
"68","000","00","100","0044","1020","509","301","208","5","514","1209","0","42.51","24.90"
"68","000","00","100","0044","1021","607","379","228","8","615","1398","0","43.99","27.11"
"68","000","00","100","0045","0000","2024","1063","961","23","2047","5085","0","40.26","20.90"
"68","000","00","100","0045","0941","690","323","367","7","697","1842","0","37.84","17.54"
"68","000","00","100","0045","0942","577","319","258","10","587","1436","0","40.88","22.21"
"68","000","00","100","0045","0943","757","421","336","6","763","1807","0","42.22","23.30"
"68","000","00","100","0046","0000","2621","1464","1157","20","2641","6707","0","39.38","21.83"
"68","000","00","100","0046","0944","648","322","326","4","652","1806","0","36.10","17.83"
"68","000","00","100","0046","0945","636","355","281","7","643","1652","0","38.92","21.49"
"68","000","00","100","0046","0946","667","390","277","3","670","1524","0","43.96","25.59"
"68","000","00","100","0046","0947","670","397","273","6","676","1725","0","39.19","23.01"
"68","000","00","110","0000","0000","16089","7816","8273","139","16228","42036","49237","38.61","18.59"
"68","000","00","110","0001","0000","1143","575","568","5","1148","2883","0","39.82","19.94"
"68","000","00","110","0001","1234","597","304","293","2","599","1446","0","41.42","21.02"
"68","000","00","110","0001","1235","546","271","275","3","549","1437","0","38.20","18.86"
"68","000","00","110","0002","0000","1561","842","719","10","1571","3991","0","39.36","21.10"
"68","000","00","110","0002","1236","498","272","226","3","501","1337","0","37.47","20.34"
"68","000","00","110","0002","1237","485","256","229","4","489","1263","0","38.72","20.27"
"68","000","00","110","0002","1238","578","314","264","3","581","1391","0","41.77","22.57"
"68","000","00","110","0003","0000","536","259","277","7","543","1517","0","35.79","17.07"
"68","000","00","110","0003","1239","536","259","277","7","543","1517","0","35.79","17.07"
"68","000","00","110","0004","0000","1456","742","714","4","1460","4096","0","35.64","18.12"
"68","000","00","110","0004","1240","536","260","276","1","537","1368","0","39.25","19.01"
"68","000","00","110","0004","1241","481","261","220","2","483","1341","0","36.02","19.46"
"68","000","00","110","0004","1242","439","221","218","1","440","1387","0","31.72","15.93"
"68","000","00","110","0005","0000","1724","855","869","12","1736","4467","0","38.86","19.14"
"68","000","00","110","0005","1251","557","300","257","5","562","1581","0","35.55","18.98"
"68","000","00","110","0005","1252","609","307","302","3","612","1424","0","42.98","21.56"
"68","000","00","110","0005","1253","558","248","310","4","562","1462","0","38.44","16.96"
"68","000","00","110","0006","0000","885","440","445","6","891","2563","0","34.76","17.17"
"68","000","00","110","0006","1247","443","214","229","4","447","1263","0","35.39","16.94"
"68","000","00","110","0006","1248","442","226","216","2","444","1300","0","34.15","17.38"
"68","000","00","110","0007","0000","889","400","489","10","899","2292","0","39.22","17.45"
"68","000","00","110","0007","1249","511","255","256","2","513","1252","0","40.97","20.37"
"68","000","00","110","0007","1250","378","145","233","8","386","1040","0","37.12","13.94"
"68","000","00","110","0008","0000","534","234","300","6","540","1356","0","39.82","17.26"
"68","000","00","110","0008","1246","534","234","300","6","540","1356","0","39.82","17.26"
"68","000","00","110","0009","0000","570","268","302","7","577","1466","0","39.36","18.28"
"68","000","00","110","0009","1245","570","268","302","7","577","1466","0","39.36","18.28"
"68","000","00","110","0010","0000","811","346","465","14","825","2076","0","39.74","16.67"
"68","000","00","110","0010","1243","385","168","217","8","393","979","0","40.14","17.16"
"68","000","00","110","0010","1244","426","178","248","6","432","1097","0","39.38","16.23"
"68","000","00","110","0011","0000","308","146","162","2","310","730","0","42.47","20.00"
"68","000","00","110","0011","1264","308","146","162","2","310","730","0","42.47","20.00"
"68","000","00","110","0012","0000","631","317","314","5","636","1727","0","36.83","18.36"
"68","000","00","110","0012","1266","631","317","314","5","636","1727","0","36.83","18.36"
"68","000","00","110","0013","0000","382","208","174","6","388","926","0","41.90","22.46"
"68","000","00","110","0013","1265","382","208","174","6","388","926","0","41.90","22.46"
"68","000","00","110","0014","0000","493","240","253","7","500","1310","0","38.17","18.32"
"68","000","00","110","0014","1267","493","240","253","7","500","1310","0","38.17","18.32"
"68","000","00","110","0015","0000","417","195","222","5","422","1021","0","41.33","19.10"
"68","000","00","110","0015","1263","417","195","222","5","422","1021","0","41.33","19.10"
"68","000","00","110","0016","0000","901","456","445","9","910","2201","0","41.34","20.72"
"68","000","00","110","0016","1261","419","206","213","5","424","1015","0","41.77","20.30"
"68","000","00","110","0016","1262","482","250","232","4","486","1186","0","40.98","21.08"
"68","000","00","110","0017","0000","411","223","188","6","417","1020","0","40.88","21.86"
"68","000","00","110","0017","1260","411","223","188","6","417","1020","0","40.88","21.86"
"68","000","00","110","0018","0000","245","115","130","0","245","639","0","38.34","18.00"
"68","000","00","110","0018","1258","245","115","130","0","245","639","0","38.34","18.00"
"68","000","00","110","0019","0000","336","118","218","2","338","900","0","37.56","13.11"
"68","000","00","110","0019","1257","336","118","218","2","338","900","0","37.56","13.11"
"68","000","00","110","0020","0000","413","182","231","6","419","1072","0","39.09","16.98"
"68","000","00","110","0020","1259","413","182","231","6","419","1072","0","39.09","16.98"
"68","000","00","110","0021","0000","451","232","219","4","455","1098","0","41.44","21.13"
"68","000","00","110","0021","1256","451","232","219","4","455","1098","0","41.44","21.13"
"68","000","00","110","0022","0000","478","203","275","3","481","1294","0","37.17","15.69"
"68","000","00","110","0022","1254","478","203","275","3","481","1294","0","37.17","15.69"
"68","000","00","110","0023","0000","514","220","294","3","517","1391","0","37.17","15.82"
"68","000","00","110","0023","1255","514","220","294","3","517","1391","0","37.17","15.82"
"68","000","00","120","0000","0000","21133","9509","11624","183","21316","57793","69326","36.88","16.45"
"68","000","00","120","0001","0000","996","489","507","7","1003","2767","0","36.25","17.67"
"68","000","00","120","0001","1268","531","263","268","3","534","1359","0","39.29","19.35"
"68","000","00","120","0001","1269","465","226","239","4","469","1408","0","33.31","16.05"
"68","000","00","120","0002","0000","373","191","182","2","375","875","0","42.86","21.83"
"68","000","00","120","0002","1270","373","191","182","2","375","875","0","42.86","21.83"
"68","000","00","120","0003","0000","484","248","236","7","491","1310","0","37.48","18.93"
"68","000","00","120","0003","1271","484","248","236","7","491","1310","0","37.48","18.93"
"68","000","00","120","0004","0000","804","281","523","8","812","1899","0","42.76","14.80"
"68","000","00","120","0004","1272","804","281","523","8","812","1899","0","42.76","14.80"
"68","000","00","120","0005","0000","379","175","204","1","380","912","0","41.67","19.19"
"68","000","00","120","0005","1275","379","175","204","1","380","912","0","41.67","19.19"
"68","000","00","120","0006","0000","814","373","441","8","822","2180","0","37.71","17.11"
"68","000","00","120","0006","1273","456","216","240","2","458","1329","0","34.46","16.25"
"68","000","00","120","0006","1274","358","157","201","6","364","851","0","42.77","18.45"
"68","000","00","120","0007","0000","370","189","181","5","375","854","0","43.91","22.13"
"68","000","00","120","0007","1276","370","189","181","5","375","854","0","43.91","22.13"
"68","000","00","120","0008","0000","298","140","158","2","300","705","0","42.55","19.86"
"68","000","00","120","0008","1277","298","140","158","2","300","705","0","42.55","19.86"
"68","000","00","120","0009","0000","608","279","329","3","611","1831","0","33.37","15.24"
"68","000","00","120","0009","1278","608","279","329","3","611","1831","0","33.37","15.24"
"68","000","00","120","0010","0000","926","437","489","9","935","2633","0","35.51","16.60"
"68","000","00","120","0010","1279","458","216","242","4","462","1278","0","36.15","16.90"
"68","000","00","120","0010","1280","468","221","247","5","473","1355","0","34.91","16.31"
"68","000","00","120","0011","0000","1046","454","592","6","1052","2621","0","40.14","17.32"
"68","000","00","120","0011","1281","515","250","265","2","517","1329","0","38.90","18.81"
"68","000","00","120","0011","1282","531","204","327","4","535","1292","0","41.41","15.79"
"68","000","00","120","0012","0000","1199","492","707","10","1209","3116","0","38.80","15.79"
"68","000","00","120","0012","1283","620","243","377","6","626","1534","0","40.81","15.84"
"68","000","00","120","0012","1284","579","249","330","4","583","1582","0","36.85","15.74"
"68","000","00","120","0013","0000","541","210","331","7","548","1484","0","36.93","14.15"
"68","000","00","120","0013","1285","541","210","331","7","548","1484","0","36.93","14.15"
"68","000","00","120","0014","0000","1918","740","1178","9","1927","4757","0","40.51","15.56"
"68","000","00","120","0014","1286","462","151","311","1","463","1123","0","41.23","13.45"
"68","000","00","120","0014","1287","468","164","304","4","472","1105","0","42.71","14.84"
"68","000","00","120","0014","1288","526","209","317","1","527","1228","0","42.92","17.02"
"68","000","00","120","0014","1289","462","216","246","3","465","1301","0","35.74","16.60"
"68","000","00","120","0015","0000","1479","737","742","12","1491","3918","0","38.06","18.81"
"68","000","00","120","0015","1290","474","220","254","2","476","1271","0","37.45","17.31"
"68","000","00","120","0015","1291","523","261","262","6","529","1468","0","36.04","17.78"
"68","000","00","120","0015","1292","482","256","226","4","486","1179","0","41.22","21.71"
"68","000","00","120","0016","0000","969","437","532","13","982","2458","0","39.95","17.78"
"68","000","00","120","0016","1293","440","186","254","7","447","1102","0","40.56","16.88"
"68","000","00","120","0016","1294","529","251","278","6","535","1356","0","39.45","18.51"
"68","000","00","120","0017","0000","1133","481","652","5","1138","2971","0","38.30","16.19"
"68","000","00","120","0017","1295","618","289","329","1","619","1435","0","43.14","20.14"
"68","000","00","120","0017","1296","515","192","323","4","519","1536","0","33.79","12.50"
"68","000","00","120","0018","0000","920","377","543","10","930","2482","0","37.47","15.19"
"68","000","00","120","0018","1297","473","187","286","5","478","1272","0","37.58","14.70"
"68","000","00","120","0018","1298","447","190","257","5","452","1210","0","37.36","15.70"
"68","000","00","120","0019","0000","340","150","190","5","345","1021","0","33.79","14.69"
"68","000","00","120","0019","1299","340","150","190","5","345","1021","0","33.79","14.69"
"68","000","00","120","0020","0000","776","283","493","7","783","1950","0","40.15","14.51"
"68","000","00","120","0020","1300","358","117","241","7","365","992","0","36.79","11.79"
"68","000","00","120","0020","1301","418","166","252","0","418","958","0","43.63","17.33"
"68","000","00","120","0021","0000","981","510","471","12","993","2935","0","33.83","17.38"
"68","000","00","120","0021","1302","524","213","311","7","531","1462","0","36.32","14.57"
"68","000","00","120","0021","1303","457","297","160","5","462","1473","0","31.36","20.16"
"68","000","00","120","0022","0000","1239","595","644","15","1254","4468","0","28.07","13.32"
"68","000","00","120","0022","1308","439","196","243","3","442","1381","0","32.01","14.19"
"68","000","00","120","0022","1309","401","206","195","3","404","1531","0","26.39","13.46"
"68","000","00","120","0022","1310","399","193","206","9","408","1556","0","26.22","12.40"
"68","000","00","120","0023","0000","653","290","363","5","658","1926","0","34.16","15.06"
"68","000","00","120","0023","1311","331","132","199","4","335","874","0","38.33","15.10"
"68","000","00","120","0023","1312","322","158","164","1","323","1052","0","30.70","15.02"
"68","000","00","120","0024","0000","1887","951","936","15","1902","5720","0","33.25","16.63"
"68","000","00","120","0024","1304","454","211","243","5","459","1372","0","33.45","15.38"
"68","000","00","120","0024","1305","512","260","252","3","515","1501","0","34.31","17.32"
"68","000","00","120","0024","1306","464","241","223","3","467","1355","0","34.46","17.79"
"68","000","00","120","0024","1307","457","239","218","4","461","1492","0","30.90","16.02"
"68","000","00","130","0000","0000","2712","1876","836","42","2754","10036","12391","27.44","18.69"
"68","000","00","130","0001","0000","666","348","318","15","681","2041","0","33.37","17.05"
"68","000","00","130","0001","0674","349","162","187","10","359","1020","0","35.20","15.88"
"68","000","00","130","0001","0675","317","186","131","5","322","1021","0","31.54","18.22"
"68","000","00","130","0002","0000","434","306","128","5","439","1426","0","30.79","21.46"
"68","000","00","130","0002","0676","434","306","128","5","439","1426","0","30.79","21.46"
"68","000","00","130","0003","0000","219","186","33","4","223","745","0","29.93","24.97"
"68","000","00","130","0003","0678","219","186","33","4","223","745","0","29.93","24.97"
"68","000","00","130","0004","0000","163","135","28","2","165","631","0","26.15","21.39"
"68","000","00","130","0004","0677","163","135","28","2","165","631","0","26.15","21.39"
"68","000","00","130","0005","0000","154","117","37","6","160","660","0","24.24","17.73"
"68","000","00","130","0005","0680","154","117","37","6","160","660","0","24.24","17.73"
"68","000","00","130","0006","0000","126","110","16","4","130","683","0","19.03","16.11"
"68","000","00","130","0006","0683","126","110","16","4","130","683","0","19.03","16.11"
"68","000","00","130","0007","0000","205","167","38","1","206","764","0","26.96","21.86"
"68","000","00","130","0007","0681","205","167","38","1","206","764","0","26.96","21.86"
"68","000","00","130","0008","0000","289","171","118","1","290","1265","0","22.92","13.52"
"68","000","00","130","0008","0684","289","171","118","1","290","1265","0","22.92","13.52"
"68","000","00","130","0009","0000","334","245","89","3","337","1067","0","31.58","22.96"
"68","000","00","130","0009","0679","334","245","89","3","337","1067","0","31.58","22.96"
"68","000","00","130","0010","0000","122","91","31","1","123","754","0","16.31","12.07"
"68","000","00","130","0010","0682","122","91","31","1","123","754","0","16.31","12.07"
"66","000","00","000","0000","0000","974736","476279","498457","9729","984465","2337667","2819081","42.11","20.37"
"66","000","00","010","0000","0000","6023","2761","3262","59","6082","14195","17930","42.85","19.45"
"66","000","00","010","0001","0000","641","265","376","6","647","1436","0","45.06","18.45"
"66","000","00","010","0001","1286","641","265","376","6","647","1436","0","45.06","18.45"
"66","000","00","010","0002","0000","823","382","441","5","828","1946","0","42.55","19.63"
"66","000","00","010","0002","1290","445","204","241","4","449","1121","0","40.05","18.20"
"66","000","00","010","0002","1291","378","178","200","1","379","825","0","45.94","21.58"
"66","000","00","010","0003","0000","681","295","386","6","687","1572","0","43.70","18.77"
"66","000","00","010","0003","1284","324","146","178","4","328","795","0","41.26","18.36"
"66","000","00","010","0003","1285","357","149","208","2","359","777","0","46.20","19.18"
"66","000","00","010","0004","0000","577","268","309","6","583","1353","0","43.09","19.81"
"66","000","00","010","0004","1287","577","268","309","6","583","1353","0","43.09","19.81"
"66","000","00","010","0005","0000","841","417","424","11","852","1913","0","44.54","21.80"
"66","000","00","010","0005","1288","462","235","227","5","467","1012","0","46.15","23.22"
"66","000","00","010","0005","1289","379","182","197","6","385","901","0","42.73","20.20"
"66","000","00","010","0006","0000","704","331","373","10","714","1884","0","37.90","17.57"
"66","000","00","010","0006","1292","408","179","229","5","413","1202","0","34.36","14.89"
"66","000","00","010","0006","1293","296","152","144","5","301","682","0","44.13","22.29"
"66","000","00","010","0007","0000","994","436","558","9","1003","2244","0","44.70","19.43"
"66","000","00","010","0007","1294","469","224","245","3","472","988","0","47.77","22.67"
"66","000","00","010","0007","1295","525","212","313","6","531","1256","0","42.28","16.88"
"66","000","00","010","0008","0000","762","367","395","6","768","1847","0","41.58","19.87"
"66","000","00","010","0008","1296","399","175","224","3","402","960","0","41.88","18.23"
"66","000","00","010","0008","1297","363","192","171","3","366","887","0","41.26","21.65"
"66","000","00","020","0000","0000","28807","13543","15264","300","29107","64617","75468","45.05","20.96"
"66","000","00","020","0001","0000","1167","525","642","9","1176","2974","0","39.54","17.65"
"66","000","00","020","0001","1298","369","152","217","2","371","1174","0","31.60","12.95"
"66","000","00","020","0001","1299","445","222","223","4","449","948","0","47.36","23.42"
"66","000","00","020","0001","1300","353","151","202","3","356","852","0","41.78","17.72"
"66","000","00","020","0002","0000","1425","571","854","18","1443","3053","0","47.26","18.70"
"66","000","00","020","0002","1301","526","222","304","6","532","1073","0","49.58","20.69"
"66","000","00","020","0002","1302","482","186","296","5","487","1098","0","44.35","16.94"
"66","000","00","020","0002","1303","417","163","254","7","424","882","0","48.07","18.48"
"66","000","00","020","0003","0000","1694","627","1067","22","1716","3732","0","45.98","16.80"
"66","000","00","020","0003","1304","587","246","341","10","597","1351","0","44.19","18.21"
"66","000","00","020","0003","1305","532","190","342","8","540","1201","0","44.96","15.82"
"66","000","00","020","0003","1306","575","191","384","4","579","1180","0","49.07","16.19"
"66","000","00","020","0004","0000","1242","530","712","16","1258","2791","0","45.07","18.99"
"66","000","00","020","0004","1307","585","250","335","4","589","1360","0","43.31","18.38"
"66","000","00","020","0004","1308","657","280","377","12","669","1431","0","46.75","19.57"
"66","000","00","020","0005","0000","913","434","479","9","922","1889","0","48.81","22.98"
"66","000","00","020","0005","1311","531","191","340","6","537","1122","0","47.86","17.02"
"66","000","00","020","0005","1312","382","243","139","3","385","767","0","50.20","31.68"
"66","000","00","020","0006","0000","927","399","528","9","936","2030","0","46.11","19.66"
"66","000","00","020","0006","1309","326","139","187","6","332","763","0","43.51","18.22"
"66","000","00","020","0006","1310","601","260","341","3","604","1267","0","47.67","20.52"
"66","000","00","020","0007","0000","1178","504","674","11","1189","2499","0","47.58","20.17"
"66","000","00","020","0007","1313","403","179","224","5","408","859","0","47.50","20.84"
"66","000","00","020","0007","1314","364","155","209","4","368","805","0","45.71","19.25"
"66","000","00","020","0007","1315","411","170","241","2","413","835","0","49.46","20.36"
"66","000","00","020","0008","0000","964","399","565","10","974","2244","0","43.40","17.78"
"66","000","00","020","0008","1316","515","211","304","3","518","1156","0","44.81","18.25"
"66","000","00","020","0008","1317","449","188","261","7","456","1088","0","41.91","17.28"
"66","000","00","020","0009","0000","3027","1210","1817","35","3062","6693","0","45.75","18.08"
"66","000","00","020","0009","1318","535","204","331","9","544","1158","0","46.98","17.62"
"66","000","00","020","0009","1319","430","157","273","6","436","1043","0","41.80","15.05"
"66","000","00","020","0009","1320","502","216","286","2","504","1172","0","43.00","18.43"
"66","000","00","020","0009","1321","668","243","425","12","680","1350","0","50.37","18.00"
"66","000","00","020","0009","1322","518","210","308","5","523","1089","0","48.03","19.28"
"66","000","00","020","0009","1323","374","180","194","1","375","881","0","42.57","20.43"
"66","000","00","020","0010","0000","2090","976","1114","15","2105","4732","0","44.48","20.63"
"66","000","00","020","0010","1324","551","259","292","3","554","1210","0","45.79","21.40"
"66","000","00","020","0010","1325","525","260","265","3","528","1164","0","45.36","22.34"
"66","000","00","020","0010","1326","522","233","289","5","527","1262","0","41.76","18.46"
"66","000","00","020","0010","1327","492","224","268","4","496","1096","0","45.26","20.44"
"66","000","00","020","0011","0000","1645","859","786","15","1660","3682","0","45.08","23.33"
"66","000","00","020","0011","1334","580","307","273","4","584","1306","0","44.72","23.51"
"66","000","00","020","0011","1335","518","240","278","2","520","1113","0","46.72","21.56"
"66","000","00","020","0011","1336","547","312","235","9","556","1263","0","44.02","24.70"
"66","000","00","020","0012","0000","1078","566","512","11","1089","2651","0","41.08","21.35"
"66","000","00","020","0012","1337","538","243","295","4","542","1307","0","41.47","18.59"
"66","000","00","020","0012","1338","540","323","217","7","547","1344","0","40.70","24.03"
"66","000","00","020","0013","0000","1676","1061","615","13","1689","3985","0","42.38","26.62"
"66","000","00","020","0013","1339","654","352","302","5","659","1410","0","46.74","24.96"
"66","000","00","020","0013","1340","444","258","186","3","447","1141","0","39.18","22.61"
"66","000","00","020","0013","1341","578","451","127","5","583","1434","0","40.66","31.45"
"66","000","00","020","0014","0000","761","498","263","6","767","1703","0","45.04","29.24"
"66","000","00","020","0014","1346","341","222","119","2","343","764","0","44.90","29.06"
"66","000","00","020","0014","1347","420","276","144","4","424","939","0","45.15","29.39"
"66","000","00","020","0015","0000","1836","1242","594","21","1857","4044","0","45.92","30.71"
"66","000","00","020","0015","1342","483","280","203","4","487","1172","0","41.55","23.89"
"66","000","00","020","0015","1343","433","361","72","6","439","914","0","48.03","39.50"
"66","000","00","020","0015","1344","492","267","225","8","500","993","0","50.35","26.89"
"66","000","00","020","0015","1345","428","334","94","3","431","965","0","44.66","34.61"
"66","000","00","020","0016","0000","3981","1694","2287","54","4035","8763","0","46.05","19.33"
"66","000","00","020","0016","1348","614","293","321","5","619","1254","0","49.36","23.37"
"66","000","00","020","0016","1349","595","219","376","7","602","1277","0","47.14","17.15"
"66","000","00","020","0016","1350","456","242","214","2","458","1276","0","35.89","18.97"
"66","000","00","020","0016","1351","580","234","346","15","595","1265","0","47.04","18.50"
"66","000","00","020","0016","1352","608","210","398","9","617","1258","0","49.05","16.69"
"66","000","00","020","0016","1353","520","220","300","8","528","1226","0","43.07","17.94"
"66","000","00","020","0016","1354","608","276","332","8","616","1207","0","51.04","22.87"
"66","000","00","020","0017","0000","3203","1448","1755","26","3229","7152","0","45.15","20.25"
"66","000","00","020","0017","1328","598","292","306","6","604","1228","0","49.19","23.78"
"66","000","00","020","0017","1329","452","190","262","2","454","1091","0","41.61","17.42"
"66","000","00","020","0017","1330","393","166","227","3","396","956","0","41.42","17.36"
"66","000","00","020","0017","1331","602","281","321","5","607","1293","0","46.95","21.73"
"66","000","00","020","0017","1332","608","260","348","7","615","1304","0","47.16","19.94"
"66","000","00","020","0017","1333","550","259","291","3","553","1280","0","43.20","20.23"
"66","000","00","030","0000","0000","46705","23054","23651","425","47130","105752","126574","44.57","21.80"
"66","000","00","030","0001","0000","1607","733","874","12","1619","3502","0","46.23","20.93"
"66","000","00","030","0001","1359","549","231","318","4","553","1194","0","46.31","19.35"
"66","000","00","030","0001","1360","529","257","272","8","537","1108","0","48.47","23.19"
"66","000","00","030","0001","1361","529","245","284","0","529","1200","0","44.08","20.42"
"66","000","00","030","0002","0000","1676","740","936","20","1696","3745","0","45.29","19.76"
"66","000","00","030","0002","1362","561","255","306","4","565","1213","0","46.58","21.02"
"66","000","00","030","0002","1363","543","230","313","6","549","1251","0","43.88","18.39"
"66","000","00","030","0002","1364","572","255","317","10","582","1281","0","45.43","19.91"
"66","000","00","030","0003","0000","1621","760","861","19","1640","3412","0","48.07","22.27"
"66","000","00","030","0003","1365","580","270","310","3","583","1156","0","50.43","23.36"
"66","000","00","030","0003","1366","568","281","287","11","579","1180","0","49.07","23.81"
"66","000","00","030","0003","1367","473","209","264","5","478","1076","0","44.42","19.42"
"66","000","00","030","0004","0000","1345","673","672","17","1362","2840","0","47.96","23.70"
"66","000","00","030","0004","1368","692","377","315","8","700","1361","0","51.43","27.70"
"66","000","00","030","0004","1369","653","296","357","9","662","1479","0","44.76","20.01"
"66","000","00","030","0005","0000","1146","511","635","12","1158","2506","0","46.21","20.39"
"66","000","00","030","0005","1370","522","227","295","7","529","1133","0","46.69","20.04"
"66","000","00","030","0005","1371","624","284","340","5","629","1373","0","45.81","20.68"
"66","000","00","030","0006","0000","1328","653","675","14","1342","2714","0","49.45","24.06"
"66","000","00","030","0006","1372","657","310","347","7","664","1324","0","50.15","23.41"
"66","000","00","030","0006","1373","671","343","328","7","678","1390","0","48.78","24.68"
"66","000","00","030","0007","0000","1897","1005","892","17","1914","4415","0","43.35","22.76"
"66","000","00","030","0007","1374","641","362","279","2","643","1505","0","42.72","24.05"
"66","000","00","030","0007","1375","651","342","309","6","657","1490","0","44.09","22.95"
"66","000","00","030","0007","1376","605","301","304","9","614","1420","0","43.24","21.20"
"66","000","00","030","0008","0000","1821","871","950","9","1830","3817","0","47.94","22.82"
"66","000","00","030","0008","1377","675","311","364","5","680","1314","0","51.75","23.67"
"66","000","00","030","0008","1378","609","261","348","2","611","1292","0","47.29","20.20"
"66","000","00","030","0008","1379","537","299","238","2","539","1211","0","44.51","24.69"
"66","000","00","030","0009","0000","2311","1107","1204","22","2333","5297","0","44.04","20.90"
"66","000","00","030","0009","1380","549","268","281","9","558","1305","0","42.76","20.54"
"66","000","00","030","0009","1381","621","308","313","4","625","1390","0","44.96","22.16"
"66","000","00","030","0009","1382","564","243","321","2","566","1292","0","43.81","18.81"
"66","000","00","030","0009","1383","577","288","289","7","584","1310","0","44.58","21.98"
"66","000","00","030","0010","0000","1555","763","792","13","1568","4091","0","38.33","18.65"
"66","000","00","030","0010","1388","610","286","324","1","611","1533","0","39.86","18.66"
"66","000","00","030","0010","1389","507","280","227","5","512","1216","0","42.11","23.03"
"66","000","00","030","0010","1390","438","197","241","7","445","1342","0","33.16","14.68"
"66","000","00","030","0011","0000","3515","1809","1706","24","3539","7871","0","44.96","22.98"
"66","000","00","030","0011","1399","470","236","234","3","473","1097","0","43.12","21.51"
"66","000","00","030","0011","1400","611","306","305","3","614","1260","0","48.73","24.29"
"66","000","00","030","0011","1401","596","325","271","4","600","1326","0","45.25","24.51"
"66","000","00","030","0011","1402","523","292","231","8","531","1330","0","39.92","21.95"
"66","000","00","030","0011","1403","601","301","300","3","604","1432","0","42.18","21.02"
"66","000","00","030","0011","1404","714","349","365","3","717","1426","0","50.28","24.47"
"66","000","00","030","0012","0000","5050","2473","2577","37","5087","11718","0","43.41","21.10"
"66","000","00","030","0012","1409","550","265","285","7","557","1458","0","38.20","18.18"
"66","000","00","030","0012","1410","571","310","261","1","572","1489","0","38.42","20.82"
"66","000","00","030","0012","1411","668","321","347","4","672","1437","0","46.76","22.34"
"66","000","00","030","0012","1412","709","330","379","9","718","1515","0","47.39","21.78"
"66","000","00","030","0012","1413","649","300","349","6","655","1498","0","43.72","20.03"
"66","000","00","030","0012","1414","605","308","297","4","609","1462","0","41.66","21.07"
"66","000","00","030","0012","1415","635","301","334","1","636","1435","0","44.32","20.98"
"66","000","00","030","0012","1416","663","338","325","5","668","1424","0","46.91","23.74"
"66","000","00","030","0013","0000","3751","1945","1806","36","3787","8372","0","45.23","23.23"
"66","000","00","030","0013","1422","600","314","286","4","604","1341","0","45.04","23.42"
"66","000","00","030","0013","1423","617","334","283","9","626","1430","0","43.78","23.36"
"66","000","00","030","0013","1424","649","343","306","4","653","1338","0","48.80","25.64"
"66","000","00","030","0013","1425","557","260","297","10","567","1309","0","43.32","19.86"
"66","000","00","030","0013","1426","628","346","282","2","630","1506","0","41.83","22.97"
"66","000","00","030","0013","1427","700","348","352","7","707","1448","0","48.83","24.03"
"66","000","00","030","0014","0000","1904","1004","900","19","1923","4215","0","45.62","23.82"
"66","000","00","030","0014","1428","638","319","319","6","644","1390","0","46.33","22.95"
"66","000","00","030","0014","1429","623","325","298","6","629","1386","0","45.38","23.45"
"66","000","00","030","0014","1430","643","360","283","7","650","1439","0","45.17","25.02"
"66","000","00","030","0015","0000","894","418","476","11","905","1865","0","48.53","22.41"
"66","000","00","030","0015","1355","432","185","247","8","440","897","0","49.05","20.62"
"66","000","00","030","0015","1356","462","233","229","3","465","968","0","48.04","24.07"
"66","000","00","030","0016","0000","1155","535","620","19","1174","2394","0","49.04","22.35"
"66","000","00","030","0016","1357","565","273","292","8","573","1220","0","46.97","22.38"
"66","000","00","030","0016","1358","590","262","328","11","601","1174","0","51.19","22.32"
"66","000","00","030","0017","0000","2414","1202","1212","22","2436","5566","0","43.77","21.60"
"66","000","00","030","0017","1384","685","353","332","6","691","1394","0","49.57","25.32"
"66","000","00","030","0017","1385","580","292","288","7","587","1395","0","42.08","20.93"
"66","000","00","030","0017","1386","593","256","337","7","600","1330","0","45.11","19.25"
"66","000","00","030","0017","1387","556","301","255","2","558","1447","0","38.56","20.80"
"66","000","00","030","0018","0000","1503","676","827","19","1522","3459","0","44.00","19.54"
"66","000","00","030","0018","1391","504","223","281","11","515","1156","0","44.55","19.29"
"66","000","00","030","0018","1392","495","209","286","3","498","1165","0","42.75","17.94"
"66","000","00","030","0018","1393","504","244","260","5","509","1138","0","44.73","21.44"
"66","000","00","030","0019","0000","2978","1586","1392","27","3005","7374","0","40.75","21.51"
"66","000","00","030","0019","1394","684","359","325","4","688","1463","0","47.03","24.54"
"66","000","00","030","0019","1395","636","343","293","7","643","1961","0","32.79","17.49"
"66","000","00","030","0019","1396","539","281","258","6","545","1351","0","40.34","20.80"
"66","000","00","030","0019","1397","531","284","247","3","534","1339","0","39.88","21.21"
"66","000","00","030","0019","1398","588","319","269","7","595","1260","0","47.22","25.32"
"66","000","00","030","0020","0000","1949","971","978","13","1962","4610","0","42.56","21.06"
"66","000","00","030","0020","1405","481","233","248","4","485","1163","0","41.70","20.03"
"66","000","00","030","0020","1406","527","278","249","1","528","1243","0","42.48","22.37"
"66","000","00","030","0020","1407","488","239","249","4","492","1073","0","45.85","22.27"
"66","000","00","030","0020","1408","453","221","232","4","457","1131","0","40.41","19.54"
"66","000","00","030","0021","0000","2843","1444","1399","21","2864","6608","0","43.34","21.85"
"66","000","00","030","0021","1417","535","284","251","7","542","1367","0","39.65","20.78"
"66","000","00","030","0021","1418","556","285","271","4","560","1373","0","40.79","20.76"
"66","000","00","030","0021","1419","554","259","295","6","560","1360","0","41.18","19.04"
"66","000","00","030","0021","1420","674","353","321","4","678","1323","0","51.25","26.68"
"66","000","00","030","0021","1421","524","263","261","0","524","1185","0","44.22","22.19"
"66","000","00","030","0022","0000","2442","1175","1267","22","2464","5361","0","45.96","21.92"
"66","000","00","030","0022","1431","618","294","324","6","624","1259","0","49.56","23.35"
"66","000","00","030","0022","1432","631","286","345","9","640","1336","0","47.90","21.41"
"66","000","00","030","0022","1433","609","309","300","1","610","1358","0","44.92","22.75"
"66","000","00","030","0022","1434","584","286","298","6","590","1408","0","41.90","20.31"
"66","000","00","040","0000","0000","43118","20985","22133","375","43493","94273","113744","46.14","22.26"
"66","000","00","040","0001","0000","799","404","395","7","806","1694","0","47.58","23.85"
"66","000","00","040","0001","1210","366","186","180","1","367","787","0","46.63","23.63"
"66","000","00","040","0001","1211","433","218","215","6","439","907","0","48.40","24.04"
"66","000","00","040","0002","0000","620","351","269","10","630","1340","0","47.01","26.19"
"66","000","00","040","0002","1209","620","351","269","10","630","1340","0","47.01","26.19"
"66","000","00","040","0003","0000","803","407","396","3","806","2306","0","34.95","17.65"
"66","000","00","040","0003","1207","386","184","202","0","386","1504","0","25.66","12.23"
"66","000","00","040","0003","1208","417","223","194","3","420","802","0","52.37","27.81"
"66","000","00","040","0004","0000","1101","547","554","6","1107","2250","0","49.20","24.31"
"66","000","00","040","0004","1215","595","293","302","3","598","1175","0","50.89","24.94"
"66","000","00","040","0004","1216","506","254","252","3","509","1075","0","47.35","23.63"
"66","000","00","040","0005","0000","611","308","303","2","613","1370","0","44.74","22.48"
"66","000","00","040","0005","1212","611","308","303","2","613","1370","0","44.74","22.48"
"66","000","00","040","0006","0000","808","430","378","4","812","1840","0","44.13","23.37"
"66","000","00","040","0006","1213","431","234","197","1","432","967","0","44.67","24.20"
"66","000","00","040","0006","1214","377","196","181","3","380","873","0","43.53","22.45"
"66","000","00","040","0007","0000","2251","1075","1176","16","2267","4767","0","47.56","22.55"
"66","000","00","040","0007","1217","491","256","235","5","496","1078","0","46.01","23.75"
"66","000","00","040","0007","1218","569","272","297","4","573","1191","0","48.11","22.84"
"66","000","00","040","0007","1219","589","281","308","1","590","1233","0","47.85","22.79"
"66","000","00","040","0007","1220","602","266","336","6","608","1265","0","48.06","21.03"
"66","000","00","040","0008","0000","1843","924","919","22","1865","3884","0","48.02","23.79"
"66","000","00","040","0008","1221","618","308","310","6","624","1278","0","48.83","24.10"
"66","000","00","040","0008","1222","610","333","277","9","619","1306","0","47.40","25.50"
"66","000","00","040","0008","1223","615","283","332","7","622","1300","0","47.85","21.77"
"66","000","00","040","0009","0000","2513","1170","1343","20","2533","5582","0","45.38","20.96"
"66","000","00","040","0009","1224","646","308","338","5","651","1380","0","47.17","22.32"
"66","000","00","040","0009","1225","636","289","347","7","643","1356","0","47.42","21.31"
"66","000","00","040","0009","1226","518","266","252","3","521","1430","0","36.43","18.60"
"66","000","00","040","0009","1227","713","307","406","5","718","1416","0","50.71","21.68"
"66","000","00","040","0010","0000","990","419","571","7","997","2244","0","44.43","18.67"
"66","000","00","040","0010","1247","577","249","328","5","582","1271","0","45.79","19.59"
"66","000","00","040","0010","1248","413","170","243","2","415","973","0","42.65","17.47"
"66","000","00","040","0011","0000","1511","781","730","15","1526","3397","0","44.92","22.99"
"66","000","00","040","0011","1244","457","236","221","9","466","1021","0","45.64","23.11"
"66","000","00","040","0011","1245","671","341","330","1","672","1413","0","47.56","24.13"
"66","000","00","040","0011","1246","383","204","179","5","388","963","0","40.29","21.18"
"66","000","00","040","0012","0000","1486","713","773","14","1500","3447","0","43.52","20.68"
"66","000","00","040","0012","1249","432","197","235","3","435","1069","0","40.69","18.43"
"66","000","00","040","0012","1250","562","277","285","3","565","1208","0","46.77","22.93"
"66","000","00","040","0012","1251","492","239","253","8","500","1170","0","42.74","20.43"
"66","000","00","040","0013","0000","1367","654","713","17","1384","2776","0","49.86","23.56"
"66","000","00","040","0013","1228","640","331","309","6","646","1327","0","48.68","24.94"
"66","000","00","040","0013","1229","727","323","404","11","738","1449","0","50.93","22.29"
"66","000","00","040","0014","0000","2960","1530","1430","22","2982","6405","0","46.56","23.89"
"66","000","00","040","0014","1230","614","281","333","4","618","1318","0","46.89","21.32"
"66","000","00","040","0014","1231","600","334","266","5","605","1296","0","46.68","25.77"
"66","000","00","040","0014","1232","643","319","324","7","650","1282","0","50.70","24.88"
"66","000","00","040","0014","1233","580","312","268","5","585","1308","0","44.72","23.85"
"66","000","00","040","0014","1234","523","284","239","1","524","1201","0","43.63","23.65"
"66","000","00","040","0015","0000","2503","1175","1328","24","2527","5634","0","44.85","20.86"
"66","000","00","040","0015","1254","603","284","319","8","611","1433","0","42.64","19.82"
"66","000","00","040","0015","1255","609","272","337","2","611","1396","0","43.77","19.48"
"66","000","00","040","0015","1256","604","284","320","7","611","1385","0","44.12","20.51"
"66","000","00","040","0015","1257","687","335","352","7","694","1420","0","48.87","23.59"
"66","000","00","040","0016","0000","2678","1243","1435","21","2699","5653","0","47.74","21.99"
"66","000","00","040","0016","1275","517","224","293","3","520","1115","0","46.64","20.09"
"66","000","00","040","0016","1276","550","310","240","3","553","1117","0","49.51","27.75"
"66","000","00","040","0016","1277","537","256","281","1","538","1181","0","45.55","21.68"
"66","000","00","040","0016","1278","523","218","305","7","530","1082","0","48.98","20.15"
"66","000","00","040","0016","1279","551","235","316","7","558","1158","0","48.19","20.29"
"66","000","00","040","0017","0000","2911","1416","1495","31","2942","6172","0","47.67","22.94"
"66","000","00","040","0017","1266","523","260","263","5","528","1157","0","45.64","22.47"
"66","000","00","040","0017","1267","619","308","311","7","626","1252","0","50.00","24.60"
"66","000","00","040","0017","1268","550","240","310","7","557","1161","0","47.98","20.67"
"66","000","00","040","0017","1269","577","287","290","5","582","1270","0","45.83","22.60"
"66","000","00","040","0017","1270","642","321","321","7","649","1332","0","48.72","24.10"
"66","000","00","040","0018","0000","2568","1189","1379","22","2590","5619","0","46.09","21.16"
"66","000","00","040","0018","1235","433","222","211","2","435","904","0","48.12","24.56"
"66","000","00","040","0018","1236","518","226","292","10","528","1034","0","51.06","21.86"
"66","000","00","040","0018","1237","550","252","298","6","556","1267","0","43.88","19.89"
"66","000","00","040","0018","1238","512","223","289","2","514","1234","0","41.65","18.07"
"66","000","00","040","0018","1239","555","266","289","2","557","1180","0","47.20","22.54"
"66","000","00","040","0019","0000","2477","1183","1294","20","2497","5548","0","45.01","21.32"
"66","000","00","040","0019","1280","598","249","349","3","601","1416","0","42.44","17.58"
"66","000","00","040","0019","1281","616","287","329","4","620","1318","0","47.04","21.78"
"66","000","00","040","0019","1282","606","299","307","6","612","1398","0","43.78","21.39"
"66","000","00","040","0019","1283","657","348","309","7","664","1416","0","46.89","24.58"
"66","000","00","040","0020","0000","1261","545","716","14","1275","2725","0","46.79","20.00"
"66","000","00","040","0020","1261","649","276","373","9","658","1403","0","46.90","19.67"
"66","000","00","040","0020","1262","612","269","343","5","617","1322","0","46.67","20.35"
"66","000","00","040","0021","0000","1717","738","979","9","1726","3518","0","49.06","20.98"
"66","000","00","040","0021","1258","535","244","291","3","538","1148","0","46.86","21.25"
"66","000","00","040","0021","1259","625","261","364","4","629","1258","0","50.00","20.75"
"66","000","00","040","0021","1260","557","233","324","2","559","1112","0","50.27","20.95"
"66","000","00","040","0022","0000","2111","1119","992","22","2133","4905","0","43.49","22.81"
"66","000","00","040","0022","1271","530","252","278","4","534","1220","0","43.77","20.66"
"66","000","00","040","0022","1272","532","266","266","6","538","1239","0","43.42","21.47"
"66","000","00","040","0022","1273","518","289","229","3","521","1213","0","42.95","23.83"
"66","000","00","040","0022","1274","531","312","219","9","540","1233","0","43.80","25.30"
"66","000","00","040","0023","0000","1870","947","923","13","1883","4170","0","45.16","22.71"
"66","000","00","040","0023","1263","621","306","315","2","623","1395","0","44.66","21.94"
"66","000","00","040","0023","1264","591","297","294","4","595","1372","0","43.37","21.65"
"66","000","00","040","0023","1265","658","344","314","7","665","1403","0","47.40","24.52"
"66","000","00","040","0024","0000","1239","633","606","11","1250","2712","0","46.09","23.34"
"66","000","00","040","0024","1252","583","301","282","4","587","1310","0","44.81","22.98"
"66","000","00","040","0024","1253","656","332","324","7","663","1402","0","47.29","23.68"
"66","000","00","040","0025","0000","2120","1084","1036","23","2143","4315","0","49.66","25.12"
"66","000","00","040","0025","1240","606","351","255","7","613","1135","0","54.01","30.93"
"66","000","00","040","0025","1241","468","257","211","3","471","1074","0","43.85","23.93"
"66","000","00","040","0025","1242","521","231","290","7","528","1079","0","48.93","21.41"
"66","000","00","040","0025","1243","525","245","280","6","531","1027","0","51.70","23.86"
"66","000","00","050","0000","0000","54377","27954","26423","481","54858","124160","145438","44.18","22.51"
"66","000","00","050","0001","0000","838","383","455","13","851","2049","0","41.53","18.69"
"66","000","00","050","0001","1111","425","197","228","7","432","1064","0","40.60","18.52"
"66","000","00","050","0001","1112","413","186","227","6","419","985","0","42.54","18.88"
"66","000","00","050","0002","0000","1613","1021","592","24","1637","3331","0","49.14","30.65"
"66","000","00","050","0002","1113","454","214","240","10","464","924","0","50.22","23.16"
"66","000","00","050","0002","1114","430","236","194","5","435","960","0","45.31","24.58"
"66","000","00","050","0002","1115","729","571","158","9","738","1447","0","51.00","39.46"
"66","000","00","050","0003","0000","562","238","324","7","569","1343","0","42.37","17.72"
"66","000","00","050","0003","1118","562","238","324","7","569","1343","0","42.37","17.72"
"66","000","00","050","0004","0000","617","348","269","4","621","1453","0","42.74","23.95"
"66","000","00","050","0004","1123","307","194","113","2","309","705","0","43.83","27.52"
"66","000","00","050","0004","1124","310","154","156","2","312","748","0","41.71","20.59"
"66","000","00","050","0005","0000","776","363","413","5","781","1655","0","47.19","21.93"
"66","000","00","050","0005","1121","346","173","173","2","348","683","0","50.95","25.33"
"66","000","00","050","0005","1122","430","190","240","3","433","972","0","44.55","19.55"
"66","000","00","050","0006","0000","1151","891","260","11","1162","2490","0","46.67","35.78"
"66","000","00","050","0006","1125","686","560","126","7","693","1389","0","49.89","40.32"
"66","000","00","050","0006","1126","465","331","134","4","469","1101","0","42.60","30.06"
"66","000","00","050","0007","0000","1509","797","712","5","1514","3071","0","49.30","25.95"
"66","000","00","050","0007","1127","814","411","403","2","816","1685","0","48.43","24.39"
"66","000","00","050","0007","1128","695","386","309","3","698","1386","0","50.36","27.85"
"66","000","00","050","0008","0000","2293","1109","1184","19","2312","5570","0","41.51","19.91"
"66","000","00","050","0008","1129","558","209","349","7","565","1271","0","44.45","16.44"
"66","000","00","050","0008","1130","458","186","272","1","459","1026","0","44.74","18.13"
"66","000","00","050","0008","1131","670","372","298","8","678","1714","0","39.56","21.70"
"66","000","00","050","0008","1132","607","342","265","3","610","1559","0","39.13","21.94"
"66","000","00","050","0009","0000","1451","797","654","17","1468","3236","0","45.36","24.63"
"66","000","00","050","0009","1136","443","227","216","6","449","1042","0","43.09","21.79"
"66","000","00","050","0009","1137","514","291","223","5","519","1138","0","45.61","25.57"
"66","000","00","050","0009","1138","494","279","215","6","500","1056","0","47.35","26.42"
"66","000","00","050","0010","0000","1173","623","550","9","1182","2501","0","47.26","24.91"
"66","000","00","050","0010","1142","556","307","249","4","560","1200","0","46.67","25.58"
"66","000","00","050","0010","1143","617","316","301","5","622","1301","0","47.81","24.29"
"66","000","00","050","0011","0000","1847","977","870","12","1859","4247","0","43.77","23.00"
"66","000","00","050","0011","1144","624","340","284","2","626","1375","0","45.53","24.73"
"66","000","00","050","0011","1145","625","340","285","4","629","1426","0","44.11","23.84"
"66","000","00","050","0011","1146","598","297","301","6","604","1446","0","41.77","20.54"
"66","000","00","050","0012","0000","993","513","480","7","1000","2256","0","44.33","22.74"
"66","000","00","050","0012","1147","494","262","232","3","497","1194","0","41.62","21.94"
"66","000","00","050","0012","1148","499","251","248","4","503","1062","0","47.36","23.63"
"66","000","00","050","0013","0000","2451","1170","1281","22","2473","5454","0","45.34","21.45"
"66","000","00","050","0013","1149","511","255","256","4","515","1184","0","43.50","21.54"
"66","000","00","050","0013","1150","563","265","298","4","567","1203","0","47.13","22.03"
"66","000","00","050","0013","1151","509","244","265","8","517","1053","0","49.10","23.17"
"66","000","00","050","0013","1152","437","205","232","4","441","1030","0","42.82","19.90"
"66","000","00","050","0013","1153","431","201","230","2","433","984","0","44.00","20.43"
"66","000","00","050","0014","0000","1861","991","870","22","1883","4109","0","45.83","24.12"
"66","000","00","050","0014","1154","538","285","253","3","541","1231","0","43.95","23.15"
"66","000","00","050","0014","1155","675","333","342","13","688","1467","0","46.90","22.70"
"66","000","00","050","0014","1156","648","373","275","6","654","1411","0","46.35","26.44"
"66","000","00","050","0015","0000","1711","977","734","15","1726","5017","0","34.40","19.47"
"66","000","00","050","0015","1160","460","278","182","2","462","2015","0","22.93","13.80"
"66","000","00","050","0015","1161","670","383","287","6","676","1543","0","43.81","24.82"
"66","000","00","050","0015","1162","581","316","265","7","588","1459","0","40.30","21.66"
"66","000","00","050","0016","0000","1921","877","1044","19","1940","4300","0","45.12","20.40"
"66","000","00","050","0016","1177","596","258","338","5","601","1308","0","45.95","19.72"
"66","000","00","050","0016","1178","638","290","348","6","644","1403","0","45.90","20.67"
"66","000","00","050","0016","1179","687","329","358","8","695","1589","0","43.74","20.70"
"66","000","00","050","0017","0000","1660","833","827","9","1669","3585","0","46.56","23.24"
"66","000","00","050","0017","1180","722","381","341","6","728","1496","0","48.66","25.47"
"66","000","00","050","0017","1181","390","182","208","1","391","929","0","42.09","19.59"
"66","000","00","050","0017","1182","548","270","278","2","550","1160","0","47.41","23.28"
"66","000","00","050","0018","0000","2250","1092","1158","30","2280","5018","0","45.44","21.76"
"66","000","00","050","0018","1183","649","329","320","7","656","1456","0","45.05","22.60"
"66","000","00","050","0018","1184","486","234","252","8","494","1137","0","43.45","20.58"
"66","000","00","050","0018","1185","598","269","329","9","607","1255","0","48.37","21.43"
"66","000","00","050","0018","1186","517","260","257","6","523","1170","0","44.70","22.22"
"66","000","00","050","0019","0000","1137","555","582","12","1149","2573","0","44.66","21.57"
"66","000","00","050","0019","1205","590","271","319","8","598","1352","0","44.23","20.04"
"66","000","00","050","0019","1206","547","284","263","4","551","1221","0","45.13","23.26"
"66","000","00","050","0020","0000","1964","1081","883","13","1977","4459","0","44.34","24.24"
"66","000","00","050","0020","1139","650","343","307","6","656","1555","0","42.19","22.06"
"66","000","00","050","0020","1140","657","365","292","3","660","1501","0","43.97","24.32"
"66","000","00","050","0020","1141","657","373","284","4","661","1403","0","47.11","26.59"
"66","000","00","050","0021","0000","3055","1425","1630","28","3083","6438","0","47.89","22.13"
"66","000","00","050","0021","1187","660","315","345","4","664","1313","0","50.57","23.99"
"66","000","00","050","0021","1188","496","239","257","5","501","1049","0","47.76","22.78"
"66","000","00","050","0021","1189","576","268","308","9","585","1266","0","46.21","21.17"
"66","000","00","050","0021","1190","630","287","343","5","635","1265","0","50.20","22.69"
"66","000","00","050","0021","1191","693","316","377","5","698","1545","0","45.18","20.45"
"66","000","00","050","0022","0000","2320","1152","1168","16","2336","5217","0","44.78","22.08"
"66","000","00","050","0022","1192","566","272","294","2","568","1313","0","43.26","20.72"
"66","000","00","050","0022","1193","625","293","332","4","629","1343","0","46.84","21.82"
"66","000","00","050","0022","1194","584","303","281","6","590","1302","0","45.31","23.27"
"66","000","00","050","0022","1195","545","284","261","4","549","1259","0","43.61","22.56"
"66","000","00","050","0023","0000","2565","1274","1291","24","2589","5993","0","43.20","21.26"
"66","000","00","050","0023","1198","600","301","299","2","602","1457","0","41.32","20.66"
"66","000","00","050","0023","1199","615","301","314","5","620","1455","0","42.61","20.69"
"66","000","00","050","0023","1200","705","360","345","6","711","1524","0","46.65","23.62"
"66","000","00","050","0023","1201","645","312","333","11","656","1557","0","42.13","20.04"
"66","000","00","050","0024","0000","1576","850","726","10","1586","3763","0","42.15","22.59"
"66","000","00","050","0024","1172","560","295","265","2","562","1240","0","45.32","23.79"
"66","000","00","050","0024","1173","498","306","192","2","500","1282","0","39.00","23.87"
"66","000","00","050","0024","1174","518","249","269","6","524","1241","0","42.22","20.06"
"66","000","00","050","0025","0000","1644","929","715","11","1655","3730","0","44.37","24.91"
"66","000","00","050","0025","1166","577","308","269","1","578","1420","0","40.70","21.69"
"66","000","00","050","0025","1167","527","288","239","5","532","1153","0","46.14","24.98"
"66","000","00","050","0025","1168","540","333","207","5","545","1157","0","47.10","28.78"
"66","000","00","050","0026","0000","572","210","362","6","578","1309","0","44.16","16.04"
"66","000","00","050","0026","1109","572","210","362","6","578","1309","0","44.16","16.04"
"66","000","00","050","0027","0000","678","250","428","1","679","1727","0","39.32","14.48"
"66","000","00","050","0027","1110","678","250","428","1","679","1727","0","39.32","14.48"
"66","000","00","050","0028","0000","819","335","484","7","826","2153","0","38.37","15.56"
"66","000","00","050","0028","1116","463","191","272","3","466","1267","0","36.78","15.07"
"66","000","00","050","0028","1117","356","144","212","4","360","886","0","40.63","16.25"
"66","000","00","050","0029","0000","775","366","409","8","783","1840","0","42.55","19.89"
"66","000","00","050","0029","1119","423","227","196","4","427","994","0","42.96","22.84"
"66","000","00","050","0029","1120","352","139","213","4","356","846","0","42.08","16.43"
"66","000","00","050","0030","0000","1553","813","740","20","1573","3229","0","48.71","25.18"
"66","000","00","050","0030","1133","456","224","232","5","461","1044","0","44.16","21.46"
"66","000","00","050","0030","1134","559","310","249","12","571","1091","0","52.34","28.41"
"66","000","00","050","0030","1135","538","279","259","3","541","1094","0","49.45","25.50"
"66","000","00","050","0031","0000","1443","728","715","12","1455","3417","0","42.58","21.31"
"66","000","00","050","0031","1157","465","238","227","4","469","1113","0","42.14","21.38"
"66","000","00","050","0031","1158","492","239","253","8","500","1140","0","43.86","20.96"
"66","000","00","050","0031","1159","486","251","235","0","486","1164","0","41.75","21.56"
"66","000","00","050","0032","0000","1655","866","789","12","1667","4259","0","39.14","20.33"
"66","000","00","050","0032","1169","455","248","207","5","460","1162","0","39.59","21.34"
"66","000","00","050","0032","1170","620","322","298","2","622","1634","0","38.07","19.71"
"66","000","00","050","0032","1171","580","296","284","5","585","1463","0","39.99","20.23"
"66","000","00","050","0033","0000","1165","606","559","13","1178","2661","0","44.27","22.77"
"66","000","00","050","0033","1196","592","323","269","8","600","1340","0","44.78","24.10"
"66","000","00","050","0033","1197","573","283","290","5","578","1321","0","43.75","21.42"
"66","000","00","050","0034","0000","1548","856","692","13","1561","3755","0","41.57","22.80"
"66","000","00","050","0034","1202","499","270","229","6","505","1190","0","42.44","22.69"
"66","000","00","050","0034","1203","551","310","241","2","553","1292","0","42.80","23.99"
"66","000","00","050","0034","1204","498","276","222","5","503","1273","0","39.51","21.68"
"66","000","00","050","0035","0000","1397","718","679","9","1406","3190","0","44.08","22.51"
"66","000","00","050","0035","1175","683","369","314","4","687","1578","0","43.54","23.38"
"66","000","00","050","0035","1176","714","349","365","5","719","1612","0","44.60","21.65"
"66","000","00","050","0036","0000","1834","940","894","16","1850","3762","0","49.18","24.99"
"66","000","00","050","0036","1163","710","364","346","8","718","1327","0","54.11","27.43"
"66","000","00","050","0036","1164","602","303","299","5","607","1318","0","46.05","22.99"
"66","000","00","050","0036","1165","522","273","249","3","525","1117","0","47.00","24.44"
"66","000","00","060","0000","0000","80715","41950","38765","825","81540","188793","231415","43.19","22.22"
"66","000","00","060","0001","0000","2262","1101","1161","16","2278","5165","0","44.10","21.32"
"66","000","00","060","0001","0668","539","255","284","8","547","1268","0","43.14","20.11"
"66","000","00","060","0001","0669","578","281","297","0","578","1310","0","44.12","21.45"
"66","000","00","060","0001","0670","497","217","280","3","500","1079","0","46.34","20.11"
"66","000","00","060","0001","0671","648","348","300","5","653","1508","0","43.30","23.08"
"66","000","00","060","0002","0000","2436","1143","1293","12","2448","5884","0","41.60","19.43"
"66","000","00","060","0002","0679","501","203","298","4","505","1176","0","42.94","17.26"
"66","000","00","060","0002","0680","478","224","254","3","481","1159","0","41.50","19.33"
"66","000","00","060","0002","0681","496","233","263","2","498","1179","0","42.24","19.76"
"66","000","00","060","0002","0682","504","245","259","3","507","1207","0","42.00","20.30"
"66","000","00","060","0002","0683","457","238","219","0","457","1163","0","39.29","20.46"
"66","000","00","060","0003","0000","2270","1094","1176","26","2296","6268","0","36.63","17.45"
"66","000","00","060","0003","0684","542","285","257","9","551","1438","0","38.32","19.82"
"66","000","00","060","0003","0685","569","263","306","6","575","1406","0","40.90","18.71"
"66","000","00","060","0003","0686","643","300","343","7","650","1318","0","49.32","22.76"
"66","000","00","060","0003","0687","516","246","270","4","520","2106","0","24.69","11.68"
"66","000","00","060","0004","0000","409","160","249","7","416","833","0","49.94","19.21"
"66","000","00","060","0004","0688","409","160","249","7","416","833","0","49.94","19.21"
"66","000","00","060","0005","0000","6197","3243","2954","66","6263","14638","0","42.79","22.15"
"66","000","00","060","0005","0689","528","290","238","3","531","1292","0","41.10","22.45"
"66","000","00","060","0005","0690","514","278","236","2","516","1309","0","39.42","21.24"
"66","000","00","060","0005","0691","546","279","267","1","547","1331","0","41.10","20.96"
"66","000","00","060","0005","0692","521","271","250","5","526","1316","0","39.97","20.59"
"66","000","00","060","0005","0693","544","302","242","4","548","1309","0","41.86","23.07"
"66","000","00","060","0005","0694","646","311","335","12","658","1497","0","43.95","20.77"
"66","000","00","060","0005","0695","544","303","241","9","553","1271","0","43.51","23.84"
"66","000","00","060","0005","0696","758","402","356","11","769","1704","0","45.13","23.59"
"66","000","00","060","0005","0697","503","276","227","11","514","1229","0","41.82","22.46"
"66","000","00","060","0005","0698","591","268","323","4","595","1213","0","49.05","22.09"
"66","000","00","060","0005","0699","502","263","239","4","506","1167","0","43.36","22.54"
"66","000","00","060","0006","0000","1969","1046","923","24","1993","5016","0","39.73","20.85"
"66","000","00","060","0006","0700","514","288","226","1","515","1290","0","39.92","22.33"
"66","000","00","060","0006","0701","479","239","240","6","485","1201","0","40.38","19.90"
"66","000","00","060","0006","0702","476","263","213","6","482","1236","0","39.00","21.28"
"66","000","00","060","0006","0703","500","256","244","11","511","1289","0","39.64","19.86"
"66","000","00","060","0007","0000","1748","903","845","13","1761","4314","0","40.82","20.93"
"66","000","00","060","0007","0711","578","302","276","3","581","1517","0","38.30","19.91"
"66","000","00","060","0007","0712","577","310","267","7","584","1383","0","42.23","22.42"
"66","000","00","060","0007","0713","593","291","302","3","596","1414","0","42.15","20.58"
"66","000","00","060","0008","0000","1243","1072","171","14","1257","2619","0","48.00","40.93"
"66","000","00","060","0008","0718","634","559","75","6","640","1334","0","47.98","41.90"
"66","000","00","060","0008","0719","609","513","96","8","617","1285","0","48.02","39.92"
"66","000","00","060","0009","0000","2196","1049","1147","20","2216","5075","0","43.67","20.67"
"66","000","00","060","0009","0734","598","272","326","3","601","1329","0","45.22","20.47"
"66","000","00","060","0009","0735","530","262","268","4","534","1247","0","42.82","21.01"
"66","000","00","060","0009","0736","539","261","278","5","544","1331","0","40.87","19.61"
"66","000","00","060","0009","0737","529","254","275","8","537","1168","0","45.98","21.75"
"66","000","00","060","0010","0000","1351","636","715","10","1361","3200","0","42.53","19.88"
"66","000","00","060","0010","0720","442","213","229","5","447","1041","0","42.94","20.46"
"66","000","00","060","0010","0721","458","217","241","3","461","1017","0","45.33","21.34"
"66","000","00","060","0010","0722","451","206","245","2","453","1142","0","39.67","18.04"
"66","000","00","060","0011","0000","1800","775","1025","15","1815","3726","0","48.71","20.80"
"66","000","00","060","0011","0754","582","247","335","5","587","1232","0","47.65","20.05"
"66","000","00","060","0011","0755","647","265","382","5","652","1225","0","53.22","21.63"
"66","000","00","060","0011","0756","571","263","308","5","576","1269","0","45.39","20.72"
"66","000","00","060","0012","0000","1019","866","153","22","1041","2082","0","50.00","41.59"
"66","000","00","060","0012","0757","500","429","71","10","510","1013","0","50.35","42.35"
"66","000","00","060","0012","0758","519","437","82","12","531","1069","0","49.67","40.88"
"66","000","00","060","0013","0000","1358","772","586","15","1373","3255","0","42.18","23.72"
"66","000","00","060","0013","0759","421","236","185","8","429","1038","0","41.33","22.74"
"66","000","00","060","0013","0760","419","214","205","3","422","1068","0","39.51","20.04"
"66","000","00","060","0013","0761","518","322","196","4","522","1149","0","45.43","28.02"
"66","000","00","060","0014","0000","1999","1121","878","7","2006","4745","0","42.28","23.62"
"66","000","00","060","0014","0762","589","317","272","3","592","1226","0","48.29","25.86"
"66","000","00","060","0014","0763","493","299","194","1","494","1220","0","40.49","24.51"
"66","000","00","060","0014","0764","552","293","259","1","553","1331","0","41.55","22.01"
"66","000","00","060","0014","0765","365","212","153","2","367","968","0","37.91","21.90"
"66","000","00","060","0015","0000","2114","1026","1088","29","2143","4944","0","43.35","20.75"
"66","000","00","060","0015","0766","473","182","291","9","482","1149","0","41.95","15.84"
"66","000","00","060","0015","0767","570","305","265","8","578","1282","0","45.09","23.79"
"66","000","00","060","0015","0768","525","270","255","6","531","1213","0","43.78","22.26"
"66","000","00","060","0015","0769","546","269","277","6","552","1300","0","42.46","20.69"
"66","000","00","060","0016","0000","1044","443","601","8","1052","2324","0","45.27","19.06"
"66","000","00","060","0016","0770","563","232","331","6","569","1257","0","45.27","18.46"
"66","000","00","060","0016","0771","481","211","270","2","483","1067","0","45.27","19.78"
"66","000","00","060","0017","0000","1430","734","696","12","1442","3398","0","42.44","21.60"
"66","000","00","060","0017","0772","531","317","214","5","536","1117","0","47.99","28.38"
"66","000","00","060","0017","0773","488","221","267","4","492","1182","0","41.62","18.70"
"66","000","00","060","0017","0774","411","196","215","3","414","1099","0","37.67","17.83"
"66","000","00","060","0018","0000","4979","2594","2385","52","5031","12696","0","39.63","20.43"
"66","000","00","060","0018","0775","652","253","399","13","665","1561","0","42.60","16.21"
"66","000","00","060","0018","0776","634","368","266","7","641","1432","0","44.76","25.70"
"66","000","00","060","0018","0777","593","296","297","6","599","1367","0","43.82","21.65"
"66","000","00","060","0018","0778","534","313","221","4","538","1387","0","38.79","22.57"
"66","000","00","060","0018","0779","520","252","268","3","523","1356","0","38.57","18.58"
"66","000","00","060","0018","0780","560","293","267","6","566","1397","0","40.52","20.97"
"66","000","00","060","0018","0781","495","292","203","5","500","1400","0","35.71","20.86"
"66","000","00","060","0018","0782","496","290","206","4","500","1401","0","35.69","20.70"
"66","000","00","060","0018","0783","495","237","258","4","499","1395","0","35.77","16.99"
"66","000","00","060","0019","0000","1343","691","652","20","1363","2940","0","46.36","23.50"
"66","000","00","060","0019","0784","693","347","346","10","703","1552","0","45.30","22.36"
"66","000","00","060","0019","0785","650","344","306","10","660","1388","0","47.55","24.78"
"66","000","00","060","0020","0000","1934","871","1063","15","1949","4642","0","41.99","18.76"
"66","000","00","060","0020","0810","515","229","286","5","520","1253","0","41.50","18.28"
"66","000","00","060","0020","0811","491","201","290","4","495","1123","0","44.08","17.90"
"66","000","00","060","0020","0812","443","220","223","4","447","1130","0","39.56","19.47"
"66","000","00","060","0020","0813","485","221","264","2","487","1136","0","42.87","19.45"
"66","000","00","060","0021","0000","2645","1266","1379","31","2676","6083","0","43.99","20.81"
"66","000","00","060","0021","0738","601","307","294","7","608","1478","0","41.14","20.77"
"66","000","00","060","0021","0739","635","292","343","4","639","1405","0","45.48","20.78"
"66","000","00","060","0021","0740","610","287","323","6","616","1367","0","45.06","20.99"
"66","000","00","060","0021","0741","384","181","203","3","387","890","0","43.48","20.34"
"66","000","00","060","0021","0742","415","199","216","11","426","943","0","45.17","21.10"
"66","000","00","060","0022","0000","1570","778","792","15","1585","3633","0","43.63","21.41"
"66","000","00","060","0022","0743","529","258","271","4","533","1229","0","43.37","20.99"
"66","000","00","060","0022","0744","541","271","270","7","548","1171","0","46.80","23.14"
"66","000","00","060","0022","0745","500","249","251","4","504","1233","0","40.88","20.19"
"66","000","00","060","0023","0000","2864","1511","1353","30","2894","6639","0","43.59","22.76"
"66","000","00","060","0023","0749","536","277","259","8","544","1243","0","43.77","22.28"
"66","000","00","060","0023","0750","560","292","268","3","563","1257","0","44.79","23.23"
"66","000","00","060","0023","0751","561","288","273","6","567","1319","0","42.99","21.83"
"66","000","00","060","0023","0752","630","339","291","7","637","1430","0","44.55","23.71"
"66","000","00","060","0023","0753","577","315","262","6","583","1390","0","41.94","22.66"
"66","000","00","060","0024","0000","1955","1151","804","24","1979","4807","0","41.17","23.94"
"66","000","00","060","0024","0675","455","275","180","4","459","1133","0","40.51","24.27"
"66","000","00","060","0024","0676","511","287","224","6","517","1296","0","39.89","22.15"
"66","000","00","060","0024","0677","569","399","170","10","579","1232","0","47.00","32.39"
"66","000","00","060","0024","0678","420","190","230","4","424","1146","0","37.00","16.58"
"66","000","00","060","0025","0000","1962","1027","935","19","1981","4097","0","48.35","25.07"
"66","000","00","060","0025","0726","646","325","321","4","650","1333","0","48.76","24.38"
"66","000","00","060","0025","0727","682","390","292","7","689","1386","0","49.71","28.14"
"66","000","00","060","0025","0728","634","312","322","8","642","1378","0","46.59","22.64"
"66","000","00","060","0026","0000","1904","1036","868","23","1927","4381","0","43.99","23.65"
"66","000","00","060","0026","0672","688","396","292","9","697","1616","0","43.13","24.50"
"66","000","00","060","0026","0673","567","296","271","9","576","1292","0","44.58","22.91"
"66","000","00","060","0026","0674","649","344","305","5","654","1473","0","44.40","23.35"
"66","000","00","060","0027","0000","2294","1191","1103","33","2327","5223","0","44.55","22.80"
"66","000","00","060","0027","0704","637","327","310","5","642","1385","0","46.35","23.61"
"66","000","00","060","0027","0705","562","270","292","9","571","1303","0","43.82","20.72"
"66","000","00","060","0027","0706","523","293","230","10","533","1286","0","41.45","22.78"
"66","000","00","060","0027","0707","572","301","271","9","581","1249","0","46.52","24.10"
"66","000","00","060","0028","0000","1864","1030","834","22","1886","4120","0","45.78","25.00"
"66","000","00","060","0028","0708","663","356","307","11","674","1380","0","48.84","25.80"
"66","000","00","060","0028","0709","572","318","254","4","576","1350","0","42.67","23.56"
"66","000","00","060","0028","0710","629","356","273","7","636","1390","0","45.76","25.61"
"66","000","00","060","0029","0000","2427","1314","1113","23","2450","5257","0","46.60","25.00"
"66","000","00","060","0029","0714","653","319","334","9","662","1425","0","46.46","22.39"
"66","000","00","060","0029","0715","600","346","254","3","603","1214","0","49.67","28.50"
"66","000","00","060","0029","0716","607","338","269","8","615","1307","0","47.05","25.86"
"66","000","00","060","0029","0717","567","311","256","3","570","1311","0","43.48","23.72"
"66","000","00","060","0030","0000","1689","820","869","8","1697","3558","0","47.70","23.05"
"66","000","00","060","0030","0723","610","273","337","5","615","1179","0","52.16","23.16"
"66","000","00","060","0030","0724","544","277","267","2","546","1194","0","45.73","23.20"
"66","000","00","060","0030","0725","535","270","265","1","536","1185","0","45.23","22.78"
"66","000","00","060","0031","0000","3058","1537","1521","32","3090","7080","0","43.64","21.71"
"66","000","00","060","0031","0729","648","323","325","4","652","1438","0","45.34","22.46"
"66","000","00","060","0031","0730","584","282","302","9","593","1449","0","40.92","19.46"
"66","000","00","060","0031","0731","624","298","326","3","627","1402","0","44.72","21.26"
"66","000","00","060","0031","0732","640","319","321","7","647","1403","0","46.12","22.74"
"66","000","00","060","0031","0733","562","315","247","9","571","1388","0","41.14","22.69"
"66","000","00","060","0032","0000","1957","944","1013","17","1974","4322","0","45.67","21.84"
"66","000","00","060","0032","0746","643","327","316","3","646","1423","0","45.40","22.98"
"66","000","00","060","0032","0747","659","321","338","9","668","1428","0","46.78","22.48"
"66","000","00","060","0032","0748","655","296","359","5","660","1471","0","44.87","20.12"
"66","000","00","060","0033","0000","1760","703","1057","18","1778","4278","0","41.56","16.43"
"66","000","00","060","0033","0800","627","237","390","8","635","1474","0","43.08","16.08"
"66","000","00","060","0033","0801","583","218","365","3","586","1430","0","40.98","15.24"
"66","000","00","060","0033","0802","550","248","302","7","557","1374","0","40.54","18.05"
"66","000","00","060","0034","0000","1381","657","724","8","1389","3203","0","43.37","20.51"
"66","000","00","060","0034","0803","505","267","238","1","506","1105","0","45.79","24.16"
"66","000","00","060","0034","0804","467","200","267","4","471","1048","0","44.94","19.08"
"66","000","00","060","0034","0805","409","190","219","3","412","1050","0","39.24","18.10"
"66","000","00","060","0035","0000","2241","1203","1038","28","2269","4778","0","47.49","25.18"
"66","000","00","060","0035","0806","572","302","270","5","577","1252","0","46.09","24.12"
"66","000","00","060","0035","0807","535","286","249","6","541","1183","0","45.73","24.18"
"66","000","00","060","0035","0808","539","305","234","10","549","1195","0","45.94","25.52"
"66","000","00","060","0035","0809","595","310","285","7","602","1148","0","52.44","27.00"
"66","000","00","060","0036","0000","1113","591","522","17","1130","3166","0","35.69","18.67"
"66","000","00","060","0036","0798","572","317","255","9","581","1626","0","35.73","19.50"
"66","000","00","060","0036","0799","541","274","267","8","549","1540","0","35.65","17.79"
"66","000","00","060","0037","0000","1118","660","458","11","1129","2980","0","37.89","22.15"
"66","000","00","060","0037","0796","586","346","240","5","591","1523","0","38.80","22.72"
"66","000","00","060","0037","0797","532","314","218","6","538","1457","0","36.93","21.55"
"66","000","00","060","0038","0000","3358","1865","1493","38","3396","7655","0","44.36","24.36"
"66","000","00","060","0038","0790","499","276","223","1","500","1275","0","39.22","21.65"
"66","000","00","060","0038","0791","569","341","228","9","578","1255","0","46.06","27.17"
"66","000","00","060","0038","0792","623","334","289","6","629","1404","0","44.80","23.79"
"66","000","00","060","0038","0793","558","272","286","6","564","1235","0","45.67","22.02"
"66","000","00","060","0038","0794","591","347","244","10","601","1274","0","47.17","27.24"
"66","000","00","060","0038","0795","518","295","223","6","524","1212","0","43.23","24.34"
"66","000","00","060","0039","0000","2454","1326","1128","25","2479","5769","0","42.97","22.98"
"66","000","00","060","0039","0786","618","324","294","10","628","1410","0","44.54","22.98"
"66","000","00","060","0039","0787","634","342","292","2","636","1394","0","45.62","24.53"
"66","000","00","060","0039","0788","638","333","305","10","648","1541","0","42.05","21.61"
"66","000","00","060","0039","0789","564","327","237","3","567","1424","0","39.82","22.96"
"66","000","00","070","0000","0000","61976","30700","31276","610","62586","142512","176754","43.92","21.54"
"66","000","00","070","0001","0000","3775","1822","1953","46","3821","8528","0","44.81","21.36"
"66","000","00","070","0001","0814","529","273","256","13","542","1220","0","44.43","22.38"
"66","000","00","070","0001","0815","548","230","318","9","557","1255","0","44.38","18.33"
"66","000","00","070","0001","0816","493","177","316","6","499","1129","0","44.20","15.68"
"66","000","00","070","0001","0817","613","255","358","6","619","1326","0","46.68","19.23"
"66","000","00","070","0001","0818","555","295","260","5","560","1272","0","44.03","23.19"
"66","000","00","070","0001","0819","561","326","235","4","565","1203","0","46.97","27.10"
"66","000","00","070","0001","0820","476","266","210","3","479","1123","0","42.65","23.69"
"66","000","00","070","0002","0000","5219","2501","2718","48","5267","11358","0","46.37","22.02"
"66","000","00","070","0002","0821","596","253","343","4","600","1414","0","42.43","17.89"
"66","000","00","070","0002","0822","621","284","337","4","625","1396","0","44.77","20.34"
"66","000","00","070","0002","0823","726","380","346","5","731","1591","0","45.95","23.88"
"66","000","00","070","0002","0824","653","314","339","11","664","1440","0","46.11","21.81"
"66","000","00","070","0002","0825","591","294","297","5","596","1349","0","44.18","21.79"
"66","000","00","070","0002","0826","647","304","343","4","651","1365","0","47.69","22.27"
"66","000","00","070","0002","0827","695","332","363","3","698","1434","0","48.68","23.15"
"66","000","00","070","0002","0828","690","340","350","12","702","1369","0","51.28","24.84"
"66","000","00","070","0003","0000","2802","1288","1514","34","2836","5891","0","48.14","21.86"
"66","000","00","070","0003","0829","675","321","354","9","684","1480","0","46.22","21.69"
"66","000","00","070","0003","0830","732","311","421","7","739","1525","0","48.46","20.39"
"66","000","00","070","0003","0831","695","314","381","11","706","1412","0","50.00","22.24"
"66","000","00","070","0003","0832","700","342","358","7","707","1474","0","47.96","23.20"
"66","000","00","070","0004","0000","1858","775","1083","18","1876","4324","0","43.39","17.92"
"66","000","00","070","0004","0833","617","261","356","8","625","1498","0","41.72","17.42"
"66","000","00","070","0004","0834","586","257","329","6","592","1384","0","42.77","18.57"
"66","000","00","070","0004","0835","655","257","398","4","659","1442","0","45.70","17.82"
"66","000","00","070","0005","0000","2458","1285","1173","27","2485","6534","0","38.03","19.67"
"66","000","00","070","0005","0838","489","230","259","5","494","1156","0","42.73","19.90"
"66","000","00","070","0005","0839","523","289","234","3","526","1270","0","41.42","22.76"
"66","000","00","070","0005","0840","508","262","246","5","513","1282","0","40.02","20.44"
"66","000","00","070","0005","0841","508","267","241","9","517","1358","0","38.07","19.66"
"66","000","00","070","0005","0842","430","237","193","5","435","1468","0","29.63","16.14"
"66","000","00","070","0006","0000","492","248","244","5","497","1366","0","36.38","18.16"
"66","000","00","070","0006","0843","492","248","244","5","497","1366","0","36.38","18.16"
"66","000","00","070","0007","0000","4270","1999","2271","36","4306","11272","0","38.20","17.73"
"66","000","00","070","0007","0844","455","209","246","2","457","1326","0","34.46","15.76"
"66","000","00","070","0007","0845","505","258","247","7","512","1248","0","41.03","20.67"
"66","000","00","070","0007","0846","469","219","250","4","473","1233","0","38.36","17.76"
"66","000","00","070","0007","0847","526","266","260","8","534","1433","0","37.26","18.56"
"66","000","00","070","0007","0848","580","261","319","3","583","1434","0","40.66","18.20"
"66","000","00","070","0007","0849","501","233","268","6","507","1405","0","36.09","16.58"
"66","000","00","070","0007","0850","635","284","351","5","640","1489","0","42.98","19.07"
"66","000","00","070","0007","0851","599","269","330","1","600","1704","0","35.21","15.79"
"66","000","00","070","0008","0000","918","426","492","1","919","2301","0","39.94","18.51"
"66","000","00","070","0008","0856","436","184","252","1","437","956","0","45.71","19.25"
"66","000","00","070","0008","0857","482","242","240","0","482","1345","0","35.84","17.99"
"66","000","00","070","0009","0000","2132","946","1186","24","2156","5105","0","42.23","18.53"
"66","000","00","070","0009","0858","509","228","281","6","515","1227","0","41.97","18.58"
"66","000","00","070","0009","0859","495","215","280","4","499","1207","0","41.34","17.81"
"66","000","00","070","0009","0860","539","221","318","6","545","1292","0","42.18","17.11"
"66","000","00","070","0009","0861","589","282","307","8","597","1379","0","43.29","20.45"
"66","000","00","070","0010","0000","2976","1526","1450","36","3012","7137","0","42.20","21.38"
"66","000","00","070","0010","0862","606","260","346","9","615","1334","0","46.10","19.49"
"66","000","00","070","0010","0863","617","325","292","5","622","1400","0","44.43","23.21"
"66","000","00","070","0010","0864","571","288","283","4","575","1397","0","41.16","20.62"
"66","000","00","070","0010","0865","620","335","285","11","631","1581","0","39.91","21.19"
"66","000","00","070","0010","0866","562","318","244","7","569","1425","0","39.93","22.32"
"66","000","00","070","0011","0000","2627","1339","1288","23","2650","5220","0","50.77","25.65"
"66","000","00","070","0011","0882","595","289","306","3","598","1150","0","52.00","25.13"
"66","000","00","070","0011","0883","666","342","324","10","676","1358","0","49.78","25.18"
"66","000","00","070","0011","0884","706","330","376","5","711","1425","0","49.89","23.16"
"66","000","00","070","0011","0885","660","378","282","5","665","1287","0","51.67","29.37"
"66","000","00","070","0012","0000","2758","1285","1473","28","2786","6268","0","44.45","20.50"
"66","000","00","070","0012","0896","745","375","370","6","751","1580","0","47.53","23.73"
"66","000","00","070","0012","0897","704","295","409","4","708","1498","0","47.26","19.69"
"66","000","00","070","0012","0898","693","324","369","10","703","1634","0","43.02","19.83"
"66","000","00","070","0012","0899","616","291","325","8","624","1556","0","40.10","18.70"
"66","000","00","070","0013","0000","1958","1141","817","13","1971","4151","0","47.48","27.49"
"66","000","00","070","0013","0878","517","314","203","2","519","951","0","54.57","33.02"
"66","000","00","070","0013","0879","467","278","189","5","472","1051","0","44.91","26.45"
"66","000","00","070","0013","0880","427","256","171","1","428","974","0","43.94","26.28"
"66","000","00","070","0013","0881","547","293","254","5","552","1175","0","46.98","24.94"
"66","000","00","070","0014","0000","580","214","366","9","589","1357","0","43.40","15.77"
"66","000","00","070","0014","0836","244","102","142","6","250","578","0","43.25","17.65"
"66","000","00","070","0014","0837","336","112","224","3","339","779","0","43.52","14.38"
"66","000","00","070","0015","0000","2273","1086","1187","13","2286","4877","0","46.87","22.27"
"66","000","00","070","0015","0910","591","296","295","6","597","1375","0","43.42","21.53"
"66","000","00","070","0015","0911","520","237","283","4","524","1133","0","46.25","20.92"
"66","000","00","070","0015","0912","592","267","325","3","595","1183","0","50.30","22.57"
"66","000","00","070","0015","0913","570","286","284","0","570","1186","0","48.06","24.11"
"66","000","00","070","0016","0000","1720","880","840","27","1747","3803","0","45.94","23.14"
"66","000","00","070","0016","0903","587","318","269","14","601","1233","0","48.74","25.79"
"66","000","00","070","0016","0904","617","291","326","7","624","1430","0","43.64","20.35"
"66","000","00","070","0016","0905","516","271","245","6","522","1140","0","45.79","23.77"
"66","000","00","070","0017","0000","2230","1116","1114","36","2266","5223","0","43.39","21.37"
"66","000","00","070","0017","0906","620","360","260","6","626","1499","0","41.76","24.02"
"66","000","00","070","0017","0907","676","339","337","8","684","1567","0","43.65","21.63"
"66","000","00","070","0017","0908","453","199","254","11","464","1019","0","45.53","19.53"
"66","000","00","070","0017","0909","481","218","263","11","492","1138","0","43.23","19.16"
"66","000","00","070","0018","0000","2160","1082","1078","21","2181","5433","0","40.14","19.92"
"66","000","00","070","0018","0900","752","347","405","4","756","1634","0","46.27","21.24"
"66","000","00","070","0018","0901","757","378","379","9","766","2281","0","33.58","16.57"
"66","000","00","070","0018","0902","651","357","294","8","659","1518","0","43.41","23.52"
"66","000","00","070","0019","0000","1645","810","835","11","1656","3609","0","45.89","22.44"
"66","000","00","070","0019","0917","517","257","260","3","520","1099","0","47.32","23.38"
"66","000","00","070","0019","0918","598","304","294","3","601","1292","0","46.52","23.53"
"66","000","00","070","0019","0919","530","249","281","5","535","1218","0","43.92","20.44"
"66","000","00","070","0020","0000","1992","956","1036","19","2011","4436","0","45.33","21.55"
"66","000","00","070","0020","0914","618","307","311","5","623","1289","0","48.33","23.82"
"66","000","00","070","0020","0915","649","307","342","11","660","1587","0","41.59","19.34"
"66","000","00","070","0020","0916","725","342","383","3","728","1560","0","46.67","21.92"
"66","000","00","070","0021","0000","3017","1529","1488","20","3037","6517","0","46.60","23.46"
"66","000","00","070","0021","0886","569","311","258","4","573","1209","0","47.39","25.72"
"66","000","00","070","0021","0887","580","302","278","4","584","1313","0","44.48","23.00"
"66","000","00","070","0021","0888","554","282","272","5","559","1259","0","44.40","22.40"
"66","000","00","070","0021","0889","614","291","323","4","618","1429","0","43.25","20.36"
"66","000","00","070","0021","0890","700","343","357","3","703","1307","0","53.79","26.24"
"66","000","00","070","0022","0000","3379","1730","1649","29","3408","7565","0","45.05","22.87"
"66","000","00","070","0022","0891","731","360","371","5","736","1629","0","45.18","22.10"
"66","000","00","070","0022","0892","625","344","281","3","628","1434","0","43.79","23.99"
"66","000","00","070","0022","0893","637","339","298","4","641","1470","0","43.61","23.06"
"66","000","00","070","0022","0894","648","333","315","6","654","1442","0","45.35","23.09"
"66","000","00","070","0022","0895","738","354","384","11","749","1590","0","47.11","22.26"
"66","000","00","070","0023","0000","2059","1014","1045","15","2074","5266","0","39.38","19.26"
"66","000","00","070","0023","0852","510","231","279","5","515","1275","0","40.39","18.12"
"66","000","00","070","0023","0853","446","204","242","3","449","1224","0","36.68","16.67"
"66","000","00","070","0023","0854","544","293","251","3","547","1334","0","41.00","21.96"
"66","000","00","070","0023","0855","559","286","273","4","563","1433","0","39.29","19.96"
"66","000","00","070","0024","0000","3779","2095","1684","42","3821","8478","0","45.07","24.71"
"66","000","00","070","0024","0872","654","350","304","8","662","1420","0","46.62","24.65"
"66","000","00","070","0024","0873","683","437","246","8","691","1475","0","46.85","29.63"
"66","000","00","070","0024","0874","687","372","315","9","696","1551","0","44.87","23.98"
"66","000","00","070","0024","0875","623","327","296","6","629","1345","0","46.77","24.31"
"66","000","00","070","0024","0876","574","314","260","6","580","1316","0","44.07","23.86"
"66","000","00","070","0024","0877","558","295","263","5","563","1371","0","41.06","21.52"
"66","000","00","070","0025","0000","2899","1607","1292","29","2928","6493","0","45.09","24.75"
"66","000","00","070","0025","0867","588","318","270","4","592","1339","0","44.21","23.75"
"66","000","00","070","0025","0868","550","332","218","4","554","1304","0","42.48","25.46"
"66","000","00","070","0025","0869","614","367","247","7","621","1290","0","48.14","28.45"
"66","000","00","070","0025","0870","598","300","298","10","608","1303","0","46.66","23.02"
"66","000","00","070","0025","0871","549","290","259","4","553","1257","0","43.99","23.07"
"66","000","00","080","0000","0000","101533","53002","48531","877","102410","238830","289830","42.88","22.19"
"66","000","00","080","0001","0000","1428","735","693","14","1442","3133","0","46.03","23.46"
"66","000","00","080","0001","0974","361","184","177","3","364","894","0","40.72","20.58"
"66","000","00","080","0001","0975","550","285","265","5","555","1150","0","48.26","24.78"
"66","000","00","080","0001","0976","517","266","251","6","523","1089","0","48.03","24.43"
"66","000","00","080","0002","0000","1476","824","652","5","1481","3392","0","43.66","24.29"
"66","000","00","080","0002","0968","525","273","252","3","528","1199","0","44.04","22.77"
"66","000","00","080","0002","0969","451","262","189","1","452","1081","0","41.81","24.24"
"66","000","00","080","0002","0970","500","289","211","1","501","1112","0","45.05","25.99"
"66","000","00","080","0003","0000","3040","1654","1386","25","3065","6954","0","44.08","23.78"
"66","000","00","080","0003","0920","601","346","255","5","606","1156","0","52.42","29.93"
"66","000","00","080","0003","0921","506","290","216","5","511","1215","0","42.06","23.87"
"66","000","00","080","0003","0922","435","229","206","4","439","1180","0","37.20","19.41"
"66","000","00","080","0003","0923","506","261","245","4","510","1178","0","43.29","22.16"
"66","000","00","080","0003","0924","478","238","240","1","479","1135","0","42.20","20.97"
"66","000","00","080","0003","0925","514","290","224","6","520","1090","0","47.71","26.61"
"66","000","00","080","0004","0000","2398","1269","1129","18","2416","5705","0","42.35","22.24"
"66","000","00","080","0004","0982","436","258","178","1","437","1072","0","40.76","24.07"
"66","000","00","080","0004","0983","557","250","307","6","563","1241","0","45.37","20.15"
"66","000","00","080","0004","0984","481","227","254","3","484","1103","0","43.88","20.58"
"66","000","00","080","0004","0985","434","235","199","2","436","1122","0","38.86","20.94"
"66","000","00","080","0004","0986","490","299","191","6","496","1167","0","42.50","25.62"
"66","000","00","080","0005","0000","2092","1170","922","14","2106","5097","0","41.32","22.95"
"66","000","00","080","0005","0991","527","277","250","5","532","1209","0","44.00","22.91"
"66","000","00","080","0005","0992","500","302","198","2","502","1196","0","41.97","25.25"
"66","000","00","080","0005","0993","577","314","263","4","581","1390","0","41.80","22.59"
"66","000","00","080","0005","0994","488","277","211","3","491","1302","0","37.71","21.27"
"66","000","00","080","0006","0000","1937","985","952","22","1959","4595","0","42.63","21.44"
"66","000","00","080","0006","1046","454","227","227","5","459","1081","0","42.46","21.00"
"66","000","00","080","0006","1047","367","150","217","3","370","929","0","39.83","16.15"
"66","000","00","080","0006","1048","605","315","290","4","609","1260","0","48.33","25.00"
"66","000","00","080","0006","1049","511","293","218","10","521","1325","0","39.32","22.11"
"66","000","00","080","0007","0000","2930","1457","1473","23","2953","7211","0","40.95","20.21"
"66","000","00","080","0007","1104","770","387","383","8","778","1803","0","43.15","21.46"
"66","000","00","080","0007","1105","619","289","330","1","620","1632","0","37.99","17.71"
"66","000","00","080","0007","1106","558","273","285","7","565","1425","0","39.65","19.16"
"66","000","00","080","0007","1107","520","255","265","3","523","1241","0","42.14","20.55"
"66","000","00","080","0007","1108","463","253","210","4","467","1110","0","42.07","22.79"
"66","000","00","080","0008","0000","5903","2882","3021","49","5952","13462","0","44.21","21.41"
"66","000","00","080","0008","0952","512","261","251","2","514","1240","0","41.45","21.05"
"66","000","00","080","0008","0953","488","247","241","3","491","1191","0","41.23","20.74"
"66","000","00","080","0008","0954","516","260","256","6","522","1183","0","44.13","21.98"
"66","000","00","080","0008","0955","629","299","330","5","634","1279","0","49.57","23.38"
"66","000","00","080","0008","0956","571","250","321","2","573","1268","0","45.19","19.72"
"66","000","00","080","0008","0957","585","266","319","4","589","1272","0","46.31","20.91"
"66","000","00","080","0008","0958","568","278","290","2","570","1359","0","41.94","20.46"
"66","000","00","080","0008","0959","521","259","262","3","524","1234","0","42.46","20.99"
"66","000","00","080","0008","0960","542","292","250","10","552","1248","0","44.23","23.40"
"66","000","00","080","0008","0961","534","269","265","5","539","1171","0","46.03","22.97"
"66","000","00","080","0008","0962","437","201","236","7","444","1017","0","43.66","19.76"
"66","000","00","080","0009","0000","5435","2611","2824","55","5490","12347","0","44.46","21.15"
"66","000","00","080","0009","1079","506","242","264","9","515","1139","0","45.22","21.25"
"66","000","00","080","0009","1080","542","254","288","6","548","1194","0","45.90","21.27"
"66","000","00","080","0009","1081","599","300","299","2","601","1299","0","46.27","23.09"
"66","000","00","080","0009","1082","448","219","229","4","452","1172","0","38.57","18.69"
"66","000","00","080","0009","1083","518","284","234","3","521","1261","0","41.32","22.52"
"66","000","00","080","0009","1084","570","259","311","5","575","1201","0","47.88","21.57"
"66","000","00","080","0009","1085","627","289","338","5","632","1360","0","46.47","21.25"
"66","000","00","080","0009","1086","619","339","280","7","626","1336","0","46.86","25.37"
"66","000","00","080","0009","1087","487","228","259","4","491","1154","0","42.55","19.76"
"66","000","00","080","0009","1088","519","197","322","10","529","1231","0","42.97","16.00"
"66","000","00","080","0010","0000","4750","2324","2426","32","4782","11410","0","41.91","20.37"
"66","000","00","080","0010","1033","706","303","403","5","711","1594","0","44.60","19.01"
"66","000","00","080","0010","1034","501","203","298","4","505","1202","0","42.01","16.89"
"66","000","00","080","0010","1035","733","380","353","6","739","1444","0","51.18","26.32"
"66","000","00","080","0010","1036","605","323","282","4","609","1675","0","36.36","19.28"
"66","000","00","080","0010","1037","587","300","287","3","590","1364","0","43.26","21.99"
"66","000","00","080","0010","1038","472","253","219","5","477","1201","0","39.72","21.07"
"66","000","00","080","0010","1039","547","283","264","3","550","1529","0","35.97","18.51"
"66","000","00","080","0010","1040","599","279","320","2","601","1401","0","42.90","19.91"
"66","000","00","080","0011","0000","919","371","548","9","928","2030","0","45.71","18.28"
"66","000","00","080","0011","1044","519","206","313","5","524","1165","0","44.98","17.68"
"66","000","00","080","0011","1045","400","165","235","4","404","865","0","46.71","19.08"
"66","000","00","080","0012","0000","373","175","198","4","377","1008","0","37.40","17.36"
"66","000","00","080","0012","1019","373","175","198","4","377","1008","0","37.40","17.36"
"66","000","00","080","0013","0000","5450","2822","2628","42","5492","14177","0","38.74","19.91"
"66","000","00","080","0013","1096","702","382","320","6","708","2133","0","33.19","17.91"
"66","000","00","080","0013","1097","666","351","315","1","667","1606","0","41.53","21.86"
"66","000","00","080","0013","1098","556","244","312","3","559","1395","0","40.07","17.49"
"66","000","00","080","0013","1099","706","388","318","3","709","1774","0","39.97","21.87"
"66","000","00","080","0013","1100","604","314","290","4","608","1463","0","41.56","21.46"
"66","000","00","080","0013","1101","648","365","283","7","655","1773","0","36.94","20.59"
"66","000","00","080","0013","1102","915","457","458","10","925","2505","0","36.93","18.24"
"66","000","00","080","0013","1103","653","321","332","8","661","1528","0","43.26","21.01"
"66","000","00","080","0014","0000","906","434","472","12","918","2160","0","42.50","20.09"
"66","000","00","080","0014","0931","458","186","272","6","464","1063","0","43.65","17.50"
"66","000","00","080","0014","0932","448","248","200","6","454","1097","0","41.39","22.61"
"66","000","00","080","0015","0000","358","167","191","1","359","905","0","39.67","18.45"
"66","000","00","080","0015","1020","358","167","191","1","359","905","0","39.67","18.45"
"66","000","00","080","0016","0000","3857","2132","1725","44","3901","8784","0","44.41","24.27"
"66","000","00","080","0016","1054","508","274","234","9","517","1170","0","44.19","23.42"
"66","000","00","080","0016","1055","516","337","179","7","523","1113","0","46.99","30.28"
"66","000","00","080","0016","1056","537","255","282","3","540","1174","0","46.00","21.72"
"66","000","00","080","0016","1057","516","257","259","6","522","1126","0","46.36","22.82"
"66","000","00","080","0016","1058","624","355","269","5","629","1416","0","44.42","25.07"
"66","000","00","080","0016","1059","570","323","247","9","579","1337","0","43.31","24.16"
"66","000","00","080","0016","1060","586","331","255","5","591","1448","0","40.81","22.86"
"66","000","00","080","0017","0000","3503","1777","1726","30","3533","9231","0","38.27","19.25"
"66","000","00","080","0017","0937","510","247","263","6","516","1107","0","46.61","22.31"
"66","000","00","080","0017","0938","496","271","225","1","497","1201","0","41.38","22.56"
"66","000","00","080","0017","0939","279","148","131","1","280","1948","0","14.37","7.60"
"66","000","00","080","0017","0940","529","241","288","8","537","1165","0","46.09","20.69"
"66","000","00","080","0017","0941","565","310","255","5","570","1231","0","46.30","25.18"
"66","000","00","080","0017","0942","513","250","263","5","518","1282","0","40.41","19.50"
"66","000","00","080","0017","0943","611","310","301","4","615","1297","0","47.42","23.90"
"66","000","00","080","0018","0000","3996","1980","2016","19","4015","9374","0","42.83","21.12"
"66","000","00","080","0018","0944","411","209","202","1","412","1044","0","39.46","20.02"
"66","000","00","080","0018","0945","445","236","209","0","445","1141","0","39.00","20.68"
"66","000","00","080","0018","0946","621","311","310","4","625","1323","0","47.24","23.51"
"66","000","00","080","0018","0947","491","243","248","2","493","1250","0","39.44","19.44"
"66","000","00","080","0018","0948","624","294","330","4","628","1543","0","40.70","19.05"
"66","000","00","080","0018","0949","696","330","366","6","702","1601","0","43.85","20.61"
"66","000","00","080","0018","0950","708","357","351","2","710","1472","0","48.23","24.25"
"66","000","00","080","0019","0000","690","343","347","7","697","1525","0","45.70","22.49"
"66","000","00","080","0019","0977","690","343","347","7","697","1525","0","45.70","22.49"
"66","000","00","080","0020","0000","4319","2552","1767","38","4357","9850","0","44.23","25.91"
"66","000","00","080","0020","1025","539","332","207","4","543","1258","0","43.16","26.39"
"66","000","00","080","0020","1026","421","252","169","6","427","1016","0","42.03","24.80"
"66","000","00","080","0020","1027","609","368","241","6","615","1250","0","49.20","29.44"
"66","000","00","080","0020","1028","547","291","256","3","550","1324","0","41.54","21.98"
"66","000","00","080","0020","1029","535","324","211","5","540","1210","0","44.63","26.78"
"66","000","00","080","0020","1030","512","303","209","6","518","1178","0","43.97","25.72"
"66","000","00","080","0020","1031","568","310","258","3","571","1337","0","42.71","23.19"
"66","000","00","080","0020","1032","588","372","216","5","593","1277","0","46.44","29.13"
"66","000","00","080","0021","0000","2399","1263","1136","22","2421","5327","0","45.45","23.71"
"66","000","00","080","0021","1021","700","327","373","7","707","1527","0","46.30","21.41"
"66","000","00","080","0021","1022","563","317","246","6","569","1230","0","46.26","25.77"
"66","000","00","080","0021","1023","545","292","253","4","549","1287","0","42.66","22.69"
"66","000","00","080","0021","1024","591","327","264","5","596","1283","0","46.45","25.49"
"66","000","00","080","0022","0000","476","280","196","6","482","1046","0","46.08","26.77"
"66","000","00","080","0022","0951","476","280","196","6","482","1046","0","46.08","26.77"
"66","000","00","080","0023","0000","2963","1496","1467","39","3002","6614","0","45.39","22.62"
"66","000","00","080","0023","0963","596","331","265","7","603","1355","0","44.50","24.43"
"66","000","00","080","0023","0964","554","296","258","7","561","1334","0","42.05","22.19"
"66","000","00","080","0023","0965","619","270","349","5","624","1246","0","50.08","21.67"
"66","000","00","080","0023","0966","610","330","280","12","622","1425","0","43.65","23.16"
"66","000","00","080","0023","0967","584","269","315","8","592","1254","0","47.21","21.45"
"66","000","00","080","0024","0000","1924","1090","834","20","1944","4564","0","42.59","23.88"
"66","000","00","080","0024","1089","607","325","282","8","615","1420","0","43.31","22.89"
"66","000","00","080","0024","1090","447","250","197","3","450","1078","0","41.74","23.19"
"66","000","00","080","0024","1091","394","197","197","8","402","1013","0","39.68","19.45"
"66","000","00","080","0024","1092","476","318","158","1","477","1053","0","45.30","30.20"
"66","000","00","080","0025","0000","1742","1012","730","15","1757","4248","0","41.36","23.82"
"66","000","00","080","0025","1093","588","331","257","6","594","1520","0","39.08","21.78"
"66","000","00","080","0025","1094","537","332","205","4","541","1223","0","44.24","27.15"
"66","000","00","080","0025","1095","617","349","268","5","622","1505","0","41.33","23.19"
"66","000","00","080","0026","0000","2356","1159","1197","21","2377","5130","0","46.34","22.59"
"66","000","00","080","0026","0987","516","263","253","5","521","1126","0","46.27","23.36"
"66","000","00","080","0026","0988","626","293","333","4","630","1263","0","49.88","23.20"
"66","000","00","080","0026","0989","586","306","280","5","591","1345","0","43.94","22.75"
"66","000","00","080","0026","0990","628","297","331","7","635","1396","0","45.49","21.28"
"66","000","00","080","0027","0000","1395","683","712","9","1404","3146","0","44.63","21.71"
"66","000","00","080","0027","1003","504","255","249","3","507","1079","0","46.99","23.63"
"66","000","00","080","0027","1004","390","179","211","3","393","958","0","41.02","18.68"
"66","000","00","080","0027","1005","501","249","252","3","504","1109","0","45.45","22.45"
"66","000","00","080","0028","0000","2608","1350","1258","19","2627","6176","0","42.54","21.86"
"66","000","00","080","0028","1009","557","279","278","4","561","1311","0","42.79","21.28"
"66","000","00","080","0028","1010","551","269","282","6","557","1311","0","42.49","20.52"
"66","000","00","080","0028","1011","541","293","248","3","544","1360","0","40.00","21.54"
"66","000","00","080","0028","1012","515","267","248","4","519","1215","0","42.72","21.98"
"66","000","00","080","0028","1013","444","242","202","2","446","979","0","45.56","24.72"
"66","000","00","080","0029","0000","2067","1044","1023","12","2079","4780","0","43.49","21.84"
"66","000","00","080","0029","1050","492","220","272","2","494","1120","0","44.11","19.64"
"66","000","00","080","0029","1051","436","202","234","2","438","1117","0","39.21","18.08"
"66","000","00","080","0029","1052","573","299","274","7","580","1350","0","42.96","22.15"
"66","000","00","080","0029","1053","566","323","243","1","567","1193","0","47.53","27.07"
"66","000","00","080","0030","0000","2249","1251","998","21","2270","5241","0","43.31","23.87"
"66","000","00","080","0030","1070","598","334","264","6","604","1269","0","47.60","26.32"
"66","000","00","080","0030","1071","545","333","212","4","549","1345","0","40.82","24.76"
"66","000","00","080","0030","1072","576","329","247","6","582","1286","0","45.26","25.58"
"66","000","00","080","0030","1073","530","255","275","5","535","1341","0","39.90","19.02"
"66","000","00","080","0031","0000","2255","1297","958","21","2276","4863","0","46.80","26.67"
"66","000","00","080","0031","0933","606","319","287","6","612","1356","0","45.13","23.53"
"66","000","00","080","0031","0934","463","256","207","7","470","1034","0","45.45","24.76"
"66","000","00","080","0031","0935","615","361","254","4","619","1282","0","48.28","28.16"
"66","000","00","080","0031","0936","571","361","210","4","575","1191","0","48.28","30.31"
"66","000","00","080","0032","0000","2722","1401","1321","19","2741","6705","0","40.88","20.89"
"66","000","00","080","0032","1074","509","248","261","1","510","1295","0","39.38","19.15"
"66","000","00","080","0032","1075","565","293","272","4","569","1323","0","43.01","22.15"
"66","000","00","080","0032","1076","544","285","259","3","547","1370","0","39.93","20.80"
"66","000","00","080","0032","1077","502","271","231","5","507","1265","0","40.08","21.42"
"66","000","00","080","0032","1078","602","304","298","6","608","1452","0","41.87","20.94"
"66","000","00","080","0033","0000","2244","1200","1044","26","2270","5153","0","44.05","23.29"
"66","000","00","080","0033","1066","489","240","249","6","495","1316","0","37.61","18.24"
"66","000","00","080","0033","1067","570","300","270","6","576","1235","0","46.64","24.29"
"66","000","00","080","0033","1068","557","314","243","8","565","1260","0","44.84","24.92"
"66","000","00","080","0033","1069","628","346","282","6","634","1342","0","47.24","25.78"
"66","000","00","080","0034","0000","1450","695","755","17","1467","3180","0","46.13","21.86"
"66","000","00","080","0034","0971","468","206","262","6","474","1083","0","43.77","19.02"
"66","000","00","080","0034","0972","401","178","223","4","405","879","0","46.08","20.25"
"66","000","00","080","0034","0973","581","311","270","7","588","1218","0","48.28","25.53"
"66","000","00","080","0035","0000","2014","1064","950","13","2027","4765","0","42.54","22.33"
"66","000","00","080","0035","0978","523","267","256","4","527","1164","0","45.27","22.94"
"66","000","00","080","0035","0979","488","277","211","3","491","1164","0","42.18","23.80"
"66","000","00","080","0035","0980","524","262","262","4","528","1211","0","43.60","21.64"
"66","000","00","080","0035","0981","479","258","221","2","481","1226","0","39.23","21.04"
"66","000","00","080","0036","0000","1596","883","713","16","1612","3560","0","45.28","24.80"
"66","000","00","080","0036","1006","574","298","276","5","579","1161","0","49.87","25.67"
"66","000","00","080","0036","1007","487","295","192","4","491","1210","0","40.58","24.38"
"66","000","00","080","0036","1008","535","290","245","7","542","1189","0","45.58","24.39"
"66","000","00","080","0037","0000","2476","1304","1172","18","2494","6410","0","38.91","20.34"
"66","000","00","080","0037","1061","485","238","247","4","489","1275","0","38.35","18.67"
"66","000","00","080","0037","1062","505","279","226","5","510","1210","0","42.15","23.06"
"66","000","00","080","0037","1063","429","226","203","2","431","1292","0","33.36","17.49"
"66","000","00","080","0037","1064","549","302","247","2","551","1303","0","42.29","23.18"
"66","000","00","080","0037","1065","508","259","249","5","513","1330","0","38.57","19.47"
"66","000","00","080","0038","0000","2063","1094","969","19","2082","4887","0","42.60","22.39"
"66","000","00","080","0038","0999","472","249","223","3","475","1151","0","41.27","21.63"
"66","000","00","080","0038","1000","542","292","250","6","548","1303","0","42.06","22.41"
"66","000","00","080","0038","1001","462","242","220","4","466","1166","0","39.97","20.75"
"66","000","00","080","0038","1002","587","311","276","6","593","1267","0","46.80","24.55"
"66","000","00","080","0039","0000","2717","1428","1289","28","2745","6741","0","40.72","21.18"
"66","000","00","080","0039","1014","487","252","235","6","493","1422","0","34.67","17.72"
"66","000","00","080","0039","1015","577","283","294","4","581","1458","0","39.85","19.41"
"66","000","00","080","0039","1016","501","226","275","1","502","1280","0","39.22","17.66"
"66","000","00","080","0039","1017","549","282","267","8","557","1302","0","42.78","21.66"
"66","000","00","080","0039","1018","603","385","218","9","612","1279","0","47.85","30.10"
"66","000","00","080","0040","0000","1870","964","906","20","1890","4376","0","43.19","22.03"
"66","000","00","080","0040","0995","471","246","225","4","475","1106","0","42.95","22.24"
"66","000","00","080","0040","0996","443","226","217","6","449","1033","0","43.47","21.88"
"66","000","00","080","0040","0997","489","268","221","7","496","1193","0","41.58","22.46"
"66","000","00","080","0040","0998","467","224","243","3","470","1044","0","45.02","21.46"
"66","000","00","080","0041","0000","2483","1372","1111","20","2503","5662","0","44.21","24.23"
"66","000","00","080","0041","0926","584","338","246","4","588","1383","0","42.52","24.44"
"66","000","00","080","0041","0927","527","291","236","3","530","1302","0","40.71","22.35"
"66","000","00","080","0041","0928","572","323","249","4","576","1144","0","50.35","28.23"
"66","000","00","080","0041","0929","410","239","171","5","415","967","0","42.92","24.72"
"66","000","00","080","0041","0930","390","181","209","4","394","866","0","45.50","20.90"
"66","000","00","080","0042","0000","1704","1008","696","13","1717","3906","0","43.96","25.81"
"66","000","00","080","0042","1041","591","361","230","9","600","1361","0","44.09","26.52"
"66","000","00","080","0042","1042","653","377","276","3","656","1447","0","45.34","26.05"
"66","000","00","080","0042","1043","460","270","190","1","461","1098","0","41.99","24.59"
"66","000","00","090","0000","0000","58734","26660","32074","605","59339","136820","165529","43.37","19.49"
"66","000","00","090","0001","0000","980","519","461","19","999","2243","0","44.54","23.14"
"66","000","00","090","0001","1674","361","168","193","11","372","933","0","39.87","18.01"
"66","000","00","090","0001","1675","619","351","268","8","627","1310","0","47.86","26.79"
"66","000","00","090","0002","0000","420","160","260","3","423","919","0","46.03","17.41"
"66","000","00","090","0002","1677","420","160","260","3","423","919","0","46.03","17.41"
"66","000","00","090","0003","0000","403","174","229","3","406","795","0","51.07","21.89"
"66","000","00","090","0003","1678","403","174","229","3","406","795","0","51.07","21.89"
"66","000","00","090","0004","0000","518","217","301","3","521","1106","0","47.11","19.62"
"66","000","00","090","0004","1676","518","217","301","3","521","1106","0","47.11","19.62"
"66","000","00","090","0005","0000","298","119","179","3","301","744","0","40.46","15.99"
"66","000","00","090","0005","1679","298","119","179","3","301","744","0","40.46","15.99"
"66","000","00","090","0006","0000","385","168","217","3","388","720","0","53.89","23.33"
"66","000","00","090","0006","1703","385","168","217","3","388","720","0","53.89","23.33"
"66","000","00","090","0007","0000","300","125","175","3","303","607","0","49.92","20.59"
"66","000","00","090","0007","1704","300","125","175","3","303","607","0","49.92","20.59"
"66","000","00","090","0008","0000","755","363","392","5","760","1595","0","47.65","22.76"
"66","000","00","090","0008","1698","755","363","392","5","760","1595","0","47.65","22.76"
"66","000","00","090","0009","0000","2178","1001","1177","17","2195","4781","0","45.91","20.94"
"66","000","00","090","0009","1705","571","277","294","1","572","1110","0","51.53","24.95"
"66","000","00","090","0009","1706","515","220","295","5","520","1225","0","42.45","17.96"
"66","000","00","090","0009","1707","543","250","293","7","550","1223","0","44.97","20.44"
"66","000","00","090","0009","1708","549","254","295","4","553","1223","0","45.22","20.77"
"66","000","00","090","0010","0000","1043","461","582","13","1056","2152","0","49.07","21.42"
"66","000","00","090","0010","1709","646","289","357","12","658","1286","0","51.17","22.47"
"66","000","00","090","0010","1710","397","172","225","1","398","866","0","45.96","19.86"
"66","000","00","090","0011","0000","663","302","361","7","670","1433","0","46.76","21.07"
"66","000","00","090","0011","1725","663","302","361","7","670","1433","0","46.76","21.07"
"66","000","00","090","0012","0000","467","178","289","5","472","1119","0","42.18","15.91"
"66","000","00","090","0012","1726","467","178","289","5","472","1119","0","42.18","15.91"
"66","000","00","090","0013","0000","1101","467","634","4","1105","2494","0","44.31","18.72"
"66","000","00","090","0013","1684","477","185","292","3","480","1068","0","44.94","17.32"
"66","000","00","090","0013","1685","624","282","342","1","625","1426","0","43.83","19.78"
"66","000","00","090","0014","0000","1280","661","619","19","1299","2882","0","45.07","22.94"
"66","000","00","090","0014","1686","628","328","300","8","636","1435","0","44.32","22.86"
"66","000","00","090","0014","1687","652","333","319","11","663","1447","0","45.82","23.01"
"66","000","00","090","0015","0000","1661","640","1021","15","1676","3976","0","42.15","16.10"
"66","000","00","090","0015","1688","571","210","361","6","577","1464","0","39.41","14.34"
"66","000","00","090","0015","1689","588","228","360","6","594","1377","0","43.14","16.56"
"66","000","00","090","0015","1690","502","202","300","3","505","1135","0","44.49","17.80"
"66","000","00","090","0016","0000","3836","1631","2205","39","3875","9125","0","42.47","17.87"
"66","000","00","090","0016","1691","588","225","363","12","600","1367","0","43.89","16.46"
"66","000","00","090","0016","1692","643","251","392","5","648","1439","0","45.03","17.44"
"66","000","00","090","0016","1693","411","176","235","3","414","1050","0","39.43","16.76"
"66","000","00","090","0016","1694","600","291","309","11","611","1428","0","42.79","20.38"
"66","000","00","090","0016","1695","455","201","254","2","457","1107","0","41.28","18.16"
"66","000","00","090","0016","1696","604","263","341","1","605","1364","0","44.35","19.28"
"66","000","00","090","0016","1697","535","224","311","5","540","1370","0","39.42","16.35"
"66","000","00","090","0017","0000","593","248","345","7","600","1231","0","48.74","20.15"
"66","000","00","090","0017","1699","593","248","345","7","600","1231","0","48.74","20.15"
"66","000","00","090","0018","0000","1497","713","784","11","1508","3367","0","44.79","21.18"
"66","000","00","090","0018","1700","540","272","268","4","544","1212","0","44.88","22.44"
"66","000","00","090","0018","1701","498","227","271","3","501","1065","0","47.04","21.31"
"66","000","00","090","0018","1702","459","214","245","4","463","1090","0","42.48","19.63"
"66","000","00","090","0019","0000","3877","1841","2036","53","3930","9864","0","39.84","18.66"
"66","000","00","090","0019","1713","508","230","278","10","518","1263","0","41.01","18.21"
"66","000","00","090","0019","1714","564","314","250","11","575","1411","0","40.75","22.25"
"66","000","00","090","0019","1715","535","270","265","13","548","1397","0","39.23","19.33"
"66","000","00","090","0019","1716","447","224","223","4","451","1418","0","31.81","15.80"
"66","000","00","090","0019","1717","583","304","279","5","588","1451","0","40.52","20.95"
"66","000","00","090","0019","1718","638","231","407","6","644","1415","0","45.51","16.33"
"66","000","00","090","0019","1719","602","268","334","4","606","1509","0","40.16","17.76"
"66","000","00","090","0020","0000","2788","1258","1530","29","2817","6283","0","44.84","20.02"
"66","000","00","090","0020","1720","543","250","293","9","552","1151","0","47.96","21.72"
"66","000","00","090","0020","1721","521","261","260","6","527","1164","0","45.27","22.42"
"66","000","00","090","0020","1722","603","279","324","3","606","1402","0","43.22","19.90"
"66","000","00","090","0020","1723","557","210","347","5","562","1228","0","45.77","17.10"
"66","000","00","090","0020","1724","564","258","306","6","570","1338","0","42.60","19.28"
"66","000","00","090","0021","0000","1236","688","548","14","1250","2877","0","43.45","23.91"
"66","000","00","090","0021","1711","582","299","283","6","588","1397","0","42.09","21.40"
"66","000","00","090","0021","1712","654","389","265","8","662","1480","0","44.73","26.28"
"66","000","00","090","0022","0000","2488","1143","1345","22","2510","6296","0","39.87","18.15"
"66","000","00","090","0022","1727","622","284","338","8","630","1991","0","31.64","14.26"
"66","000","00","090","0022","1728","629","297","332","8","637","1437","0","44.33","20.67"
"66","000","00","090","0022","1729","582","230","352","3","585","1370","0","42.70","16.79"
"66","000","00","090","0022","1730","655","332","323","3","658","1498","0","43.93","22.16"
"66","000","00","090","0023","0000","4246","1854","2392","46","4292","10193","0","42.11","18.19"
"66","000","00","090","0023","1731","653","256","397","11","664","1443","0","46.02","17.74"
"66","000","00","090","0023","1732","631","264","367","8","639","1446","0","44.19","18.26"
"66","000","00","090","0023","1733","593","214","379","10","603","1478","0","40.80","14.48"
"66","000","00","090","0023","1734","578","265","313","1","579","1443","0","40.12","18.36"
"66","000","00","090","0023","1735","595","258","337","5","600","1465","0","40.96","17.61"
"66","000","00","090","0023","1736","540","287","253","8","548","1383","0","39.62","20.75"
"66","000","00","090","0023","1737","656","310","346","3","659","1535","0","42.93","20.20"
"66","000","00","090","0024","0000","1996","918","1078","25","2021","4633","0","43.62","19.81"
"66","000","00","090","0024","1738","648","256","392","6","654","1537","0","42.55","16.66"
"66","000","00","090","0024","1739","647","316","331","12","659","1492","0","44.17","21.18"
"66","000","00","090","0024","1740","701","346","355","7","708","1604","0","44.14","21.57"
"66","000","00","090","0025","0000","4394","2080","2314","31","4425","10538","0","41.99","19.74"
"66","000","00","090","0025","1743","481","205","276","5","486","1243","0","39.10","16.49"
"66","000","00","090","0025","1744","538","295","243","8","546","1324","0","41.24","22.28"
"66","000","00","090","0025","1745","624","288","336","2","626","1402","0","44.65","20.54"
"66","000","00","090","0025","1746","621","294","327","4","625","1365","0","45.79","21.54"
"66","000","00","090","0025","1747","541","271","270","3","544","1364","0","39.88","19.87"
"66","000","00","090","0025","1748","546","264","282","4","550","1283","0","42.87","20.58"
"66","000","00","090","0025","1749","509","218","291","3","512","1200","0","42.67","18.17"
"66","000","00","090","0025","1750","534","245","289","2","536","1357","0","39.50","18.05"
"66","000","00","090","0026","0000","1164","559","605","11","1175","2631","0","44.66","21.25"
"66","000","00","090","0026","1741","523","250","273","6","529","1174","0","45.06","21.29"
"66","000","00","090","0026","1742","641","309","332","5","646","1457","0","44.34","21.21"
"66","000","00","090","0027","0000","5433","2579","2854","48","5481","12989","0","42.20","19.86"
"66","000","00","090","0027","1751","613","309","304","3","616","1520","0","40.53","20.33"
"66","000","00","090","0027","1752","610","275","335","6","616","1446","0","42.60","19.02"
"66","000","00","090","0027","1753","592","308","284","7","599","1448","0","41.37","21.27"
"66","000","00","090","0027","1754","651","288","363","0","651","1558","0","41.78","18.49"
"66","000","00","090","0027","1755","653","299","354","10","663","1499","0","44.23","19.95"
"66","000","00","090","0027","1756","611","295","316","6","617","1434","0","43.03","20.57"
"66","000","00","090","0027","1757","621","317","304","4","625","1469","0","42.55","21.58"
"66","000","00","090","0027","1758","505","249","256","7","512","1246","0","41.09","19.98"
"66","000","00","090","0027","1759","577","239","338","5","582","1369","0","42.51","17.46"
"66","000","00","090","0028","0000","2260","1079","1181","16","2276","5045","0","45.11","21.39"
"66","000","00","090","0028","1680","601","260","341","4","605","1333","0","45.39","19.50"
"66","000","00","090","0028","1681","548","262","286","4","552","1275","0","43.29","20.55"
"66","000","00","090","0028","1682","622","308","314","4","626","1371","0","45.66","22.47"
"66","000","00","090","0028","1683","489","249","240","4","493","1066","0","46.25","23.36"
"66","000","00","090","0029","0000","728","293","435","9","737","1574","0","46.82","18.61"
"66","000","00","090","0029","1760","728","293","435","9","737","1574","0","46.82","18.61"
"66","000","00","090","0030","0000","2314","996","1318","28","2342","5234","0","44.75","19.03"
"66","000","00","090","0030","1761","600","218","382","7","607","1400","0","43.36","15.57"
"66","000","00","090","0030","1762","575","246","329","6","581","1183","0","49.11","20.79"
"66","000","00","090","0030","1763","539","237","302","5","544","1198","0","45.41","19.78"
"66","000","00","090","0030","1764","600","295","305","10","610","1453","0","41.98","20.30"
"66","000","00","090","0031","0000","1392","575","817","16","1408","3175","0","44.35","18.11"
"66","000","00","090","0031","1765","451","209","242","4","455","1086","0","41.90","19.24"
"66","000","00","090","0031","1766","488","193","295","8","496","1085","0","45.71","17.79"
"66","000","00","090","0031","1767","453","173","280","4","457","1004","0","45.52","17.23"
"66","000","00","090","0032","0000","1437","599","838","20","1457","3377","0","43.14","17.74"
"66","000","00","090","0032","1768","481","199","282","1","482","1048","0","45.99","18.99"
"66","000","00","090","0032","1769","449","192","257","12","461","1096","0","42.06","17.52"
"66","000","00","090","0032","1770","507","208","299","7","514","1233","0","41.69","16.87"
"66","000","00","090","0033","0000","970","493","477","15","985","2265","0","43.49","21.77"
"66","000","00","090","0033","1771","490","255","235","5","495","1109","0","44.63","22.99"
"66","000","00","090","0033","1772","480","238","242","10","490","1156","0","42.39","20.59"
"66","000","00","090","0034","0000","1325","636","689","17","1342","3221","0","41.66","19.75"
"66","000","00","090","0034","1773","452","232","220","9","461","1053","0","43.78","22.03"
"66","000","00","090","0034","1774","429","177","252","5","434","1080","0","40.19","16.39"
"66","000","00","090","0034","1775","444","227","217","3","447","1088","0","41.08","20.86"
"66","000","00","090","0035","0000","952","407","545","13","965","2049","0","47.10","19.86"
"66","000","00","090","0035","1776","433","196","237","5","438","944","0","46.40","20.76"
"66","000","00","090","0035","1777","519","211","308","8","527","1105","0","47.69","19.10"
"66","000","00","090","0036","0000","1356","515","841","13","1369","3287","0","41.65","15.67"
"66","000","00","090","0036","1778","489","194","295","7","496","1089","0","45.55","17.81"
"66","000","00","090","0036","1779","426","163","263","0","426","1036","0","41.12","15.73"
"66","000","00","090","0036","1780","441","158","283","6","447","1162","0","38.47","13.60"
"66","000","00","100","0000","0000","16844","9378","7466","250","17094","42357","48747","40.36","22.14"
"66","000","00","100","0001","0000","491","313","178","9","500","1297","0","38.55","24.13"
"66","000","00","100","0001","1843","491","313","178","9","500","1297","0","38.55","24.13"
"66","000","00","100","0002","0000","364","235","129","7","371","833","0","44.54","28.21"
"66","000","00","100","0002","1842","364","235","129","7","371","833","0","44.54","28.21"
"66","000","00","100","0003","0000","431","255","176","2","433","996","0","43.47","25.60"
"66","000","00","100","0003","1841","431","255","176","2","433","996","0","43.47","25.60"
"66","000","00","100","0004","0000","805","537","268","7","812","1754","0","46.29","30.62"
"66","000","00","100","0004","1839","396","267","129","4","400","913","0","43.81","29.24"
"66","000","00","100","0004","1840","409","270","139","3","412","841","0","48.99","32.10"
"66","000","00","100","0005","0000","910","503","407","7","917","2138","0","42.89","23.53"
"66","000","00","100","0005","1837","470","279","191","2","472","1124","0","41.99","24.82"
"66","000","00","100","0005","1838","440","224","216","5","445","1014","0","43.89","22.09"
"66","000","00","100","0006","0000","423","267","156","2","425","951","0","44.69","28.08"
"66","000","00","100","0006","1835","423","267","156","2","425","951","0","44.69","28.08"
"66","000","00","100","0007","0000","571","336","235","8","579","1403","0","41.27","23.95"
"66","000","00","100","0007","1836","571","336","235","8","579","1403","0","41.27","23.95"
"66","000","00","100","0008","0000","1447","903","544","14","1461","3402","0","42.95","26.54"
"66","000","00","100","0008","1832","449","258","191","9","458","1103","0","41.52","23.39"
"66","000","00","100","0008","1833","548","364","184","1","549","1259","0","43.61","28.91"
"66","000","00","100","0008","1834","450","281","169","4","454","1040","0","43.65","27.02"
"66","000","00","100","0009","0000","666","393","273","12","678","1835","0","36.95","21.42"
"66","000","00","100","0009","1830","306","189","117","8","314","849","0","36.98","22.26"
"66","000","00","100","0009","1831","360","204","156","4","364","986","0","36.92","20.69"
"66","000","00","100","0010","0000","1451","846","605","30","1481","3709","0","39.93","22.81"
"66","000","00","100","0010","1826","481","299","182","13","494","1166","0","42.37","25.64"
"66","000","00","100","0010","1827","575","324","251","7","582","1411","0","41.25","22.96"
"66","000","00","100","0010","1828","395","223","172","10","405","1132","0","35.78","19.70"
"66","000","00","100","0011","0000","487","276","211","4","491","1418","0","34.63","19.46"
"66","000","00","100","0011","1829","487","276","211","4","491","1418","0","34.63","19.46"
"66","000","00","100","0012","0000","1894","989","905","14","1908","4812","0","39.65","20.55"
"66","000","00","100","0012","1822","452","215","237","6","458","1276","0","35.89","16.85"
"66","000","00","100","0012","1823","463","263","200","3","466","1144","0","40.73","22.99"
"66","000","00","100","0012","1824","504","242","262","2","506","1236","0","40.94","19.58"
"66","000","00","100","0012","1825","475","269","206","3","478","1156","0","41.35","23.27"
"66","000","00","100","0013","0000","666","324","342","12","678","1616","0","41.96","20.05"
"66","000","00","100","0013","1820","391","170","221","7","398","901","0","44.17","18.87"
"66","000","00","100","0013","1821","275","154","121","5","280","715","0","39.16","21.54"
"66","000","00","100","0014","0000","427","227","200","10","437","963","0","45.38","23.57"
"66","000","00","100","0014","1818","427","227","200","10","437","963","0","45.38","23.57"
"66","000","00","100","0015","0000","360","175","185","12","372","832","0","44.71","21.03"
"66","000","00","100","0015","1819","360","175","185","12","372","832","0","44.71","21.03"
"66","000","00","100","0016","0000","690","312","378","21","711","1825","0","38.96","17.10"
"66","000","00","100","0016","1816","352","154","198","16","368","988","0","37.25","15.59"
"66","000","00","100","0016","1817","338","158","180","5","343","837","0","40.98","18.88"
"66","000","00","100","0017","0000","375","193","182","5","380","1233","0","30.82","15.65"
"66","000","00","100","0017","1815","375","193","182","5","380","1233","0","30.82","15.65"
"66","000","00","100","0018","0000","855","535","320","11","866","1954","0","44.32","27.38"
"66","000","00","100","0018","1848","414","258","156","4","418","956","0","43.72","26.99"
"66","000","00","100","0018","1849","441","277","164","7","448","998","0","44.89","27.76"
"66","000","00","100","0019","0000","839","451","388","12","851","2023","0","42.07","22.29"
"66","000","00","100","0019","1844","295","175","120","3","298","723","0","41.22","24.20"
"66","000","00","100","0019","1845","544","276","268","9","553","1300","0","42.54","21.23"
"66","000","00","100","0020","0000","649","332","317","18","667","1651","0","40.40","20.11"
"66","000","00","100","0020","1846","419","205","214","9","428","1010","0","42.38","20.30"
"66","000","00","100","0020","1847","230","127","103","9","239","641","0","37.29","19.81"
"66","000","00","100","0021","0000","455","201","254","5","460","1172","0","39.25","17.15"
"66","000","00","100","0021","1850","455","201","254","5","460","1172","0","39.25","17.15"
"66","000","00","100","0022","0000","621","341","280","6","627","1817","0","34.51","18.77"
"66","000","00","100","0022","1851","259","127","132","3","262","901","0","29.08","14.10"
"66","000","00","100","0022","1852","362","214","148","3","365","916","0","39.85","23.36"
"66","000","00","100","0023","0000","226","121","105","2","228","701","0","32.52","17.26"
"66","000","00","100","0023","1853","226","121","105","2","228","701","0","32.52","17.26"
"66","000","00","100","0024","0000","285","111","174","6","291","657","0","44.29","16.89"
"66","000","00","100","0024","1854","285","111","174","6","291","657","0","44.29","16.89"
"66","000","00","100","0025","0000","456","202","254","14","470","1365","0","34.43","14.80"
"66","000","00","100","0025","1855","456","202","254","14","470","1365","0","34.43","14.80"
"66","000","00","110","0000","0000","23332","10986","12346","252","23584","62481","75819","37.75","17.58"
"66","000","00","110","0001","0000","575","259","316","7","582","1331","0","43.73","19.46"
"66","000","00","110","0001","0001","575","259","316","7","582","1331","0","43.73","19.46"
"66","000","00","110","0002","0000","432","194","238","6","438","991","0","44.20","19.58"
"66","000","00","110","0002","0002","432","194","238","6","438","991","0","44.20","19.58"
"66","000","00","110","0003","0000","684","299","385","3","687","1532","0","44.84","19.52"
"66","000","00","110","0003","0003","322","150","172","3","325","695","0","46.76","21.58"
"66","000","00","110","0003","0004","362","149","213","0","362","837","0","43.25","17.80"
"66","000","00","110","0004","0000","287","149","138","3","290","748","0","38.77","19.92"
"66","000","00","110","0004","0005","287","149","138","3","290","748","0","38.77","19.92"
"66","000","00","110","0005","0000","785","357","428","11","796","2008","0","39.64","17.78"
"66","000","00","110","0005","0006","364","173","191","7","371","864","0","42.94","20.02"
"66","000","00","110","0005","0007","421","184","237","4","425","1144","0","37.15","16.08"
"66","000","00","110","0006","0000","883","392","491","11","894","2055","0","43.50","19.08"
"66","000","00","110","0006","0008","383","148","235","8","391","899","0","43.49","16.46"
"66","000","00","110","0006","0009","500","244","256","3","503","1156","0","43.51","21.11"
"66","000","00","110","0007","0000","1330","648","682","15","1345","3394","0","39.63","19.09"
"66","000","00","110","0007","0010","414","200","214","7","421","1062","0","39.64","18.83"
"66","000","00","110","0007","0011","481","219","262","4","485","1276","0","38.01","17.16"
"66","000","00","110","0007","0012","435","229","206","4","439","1056","0","41.57","21.69"
"66","000","00","110","0008","0000","771","374","397","7","778","2042","0","38.10","18.32"
"66","000","00","110","0008","0013","388","168","220","4","392","1015","0","38.62","16.55"
"66","000","00","110","0008","0014","383","206","177","3","386","1027","0","37.59","20.06"
"66","000","00","110","0009","0000","1711","893","818","24","1735","4515","0","38.43","19.78"
"66","000","00","110","0009","0015","425","219","206","6","431","1112","0","38.76","19.69"
"66","000","00","110","0009","0016","425","207","218","10","435","1133","0","38.39","18.27"
"66","000","00","110","0009","0017","466","266","200","4","470","1282","0","36.66","20.75"
"66","000","00","110","0009","0018","395","201","194","4","399","988","0","40.38","20.34"
"66","000","00","110","0010","0000","328","164","164","3","331","813","0","40.71","20.17"
"66","000","00","110","0010","0019","328","164","164","3","331","813","0","40.71","20.17"
"66","000","00","110","0011","0000","397","170","227","5","402","860","0","46.74","19.77"
"66","000","00","110","0011","0020","397","170","227","5","402","860","0","46.74","19.77"
"66","000","00","110","0012","0000","1141","550","591","9","1150","3232","0","35.58","17.02"
"66","000","00","110","0012","0021","575","262","313","3","578","1628","0","35.50","16.09"
"66","000","00","110","0012","0022","566","288","278","6","572","1604","0","35.66","17.96"
"66","000","00","110","0013","0000","453","235","218","3","456","1160","0","39.31","20.26"
"66","000","00","110","0013","0023","453","235","218","3","456","1160","0","39.31","20.26"
"66","000","00","110","0014","0000","354","126","228","2","356","1073","0","33.18","11.74"
"66","000","00","110","0014","0024","354","126","228","2","356","1073","0","33.18","11.74"
"66","000","00","110","0015","0000","701","333","368","4","705","1810","0","38.95","18.40"
"66","000","00","110","0015","0025","390","195","195","1","391","966","0","40.48","20.19"
"66","000","00","110","0015","0026","311","138","173","3","314","844","0","37.20","16.35"
"66","000","00","110","0016","0000","2068","1032","1036","20","2088","5206","0","40.11","19.82"
"66","000","00","110","0016","0027","536","278","258","8","544","1322","0","41.15","21.03"
"66","000","00","110","0016","0028","436","202","234","1","437","1082","0","40.39","18.67"
"66","000","00","110","0016","0029","469","237","232","4","473","1161","0","40.74","20.41"
"66","000","00","110","0016","0030","380","190","190","7","387","955","0","40.52","19.90"
"66","000","00","110","0016","0031","247","125","122","0","247","686","0","36.01","18.22"
"66","000","00","110","0017","0000","790","406","384","10","800","1996","0","40.08","20.34"
"66","000","00","110","0017","0032","501","250","251","6","507","1241","0","40.85","20.15"
"66","000","00","110","0017","0033","289","156","133","4","293","755","0","38.81","20.66"
"66","000","00","110","0018","0000","634","267","367","4","638","1755","0","36.35","15.21"
"66","000","00","110","0018","0034","297","94","203","1","298","770","0","38.70","12.21"
"66","000","00","110","0018","0035","337","173","164","3","340","985","0","34.52","17.56"
"66","000","00","110","0019","0000","467","218","249","1","468","1356","0","34.51","16.08"
"66","000","00","110","0019","0036","467","218","249","1","468","1356","0","34.51","16.08"
"66","000","00","110","0020","0000","1671","777","894","15","1686","4450","0","37.89","17.46"
"66","000","00","110","0020","0037","456","206","250","3","459","1319","0","34.80","15.62"
"66","000","00","110","0020","0038","436","216","220","5","441","1156","0","38.15","18.69"
"66","000","00","110","0020","0039","357","152","205","5","362","928","0","39.01","16.38"
"66","000","00","110","0020","0040","422","203","219","2","424","1047","0","40.50","19.39"
"66","000","00","110","0021","0000","428","181","247","9","437","1233","0","35.44","14.68"
"66","000","00","110","0021","0041","428","181","247","9","437","1233","0","35.44","14.68"
"66","000","00","110","0022","0000","1373","602","771","12","1385","3909","0","35.43","15.40"
"66","000","00","110","0022","0042","525","241","284","5","530","1363","0","38.88","17.68"
"66","000","00","110","0022","0043","351","148","203","4","355","1160","0","30.60","12.76"
"66","000","00","110","0022","0044","497","213","284","3","500","1386","0","36.08","15.37"
"66","000","00","110","0023","0000","854","360","494","10","864","2515","0","34.35","14.31"
"66","000","00","110","0023","0045","389","139","250","3","392","1119","0","35.03","12.42"
"66","000","00","110","0023","0046","465","221","244","7","472","1396","0","33.81","15.83"
"66","000","00","110","0024","0000","1807","882","925","21","1828","5476","0","33.38","16.11"
"66","000","00","110","0024","0047","453","190","263","2","455","1231","0","36.96","15.43"
"66","000","00","110","0024","0048","476","232","244","7","483","1473","0","32.79","15.75"
"66","000","00","110","0024","0049","432","224","208","5","437","1415","0","30.88","15.83"
"66","000","00","110","0024","0050","446","236","210","7","453","1357","0","33.38","17.39"
"66","000","00","110","0025","0000","573","267","306","10","583","1475","0","39.53","18.10"
"66","000","00","110","0025","0051","253","138","115","6","259","640","0","40.47","21.56"
"66","000","00","110","0025","0052","320","129","191","4","324","835","0","38.80","15.45"
"66","000","00","110","0026","0000","589","283","306","12","601","1649","0","36.45","17.16"
"66","000","00","110","0026","0053","303","135","168","6","309","869","0","35.56","15.54"
"66","000","00","110","0026","0054","286","148","138","6","292","780","0","37.44","18.97"
"66","000","00","110","0027","0000","434","196","238","7","441","1340","0","32.91","14.63"
"66","000","00","110","0027","0055","434","196","238","7","441","1340","0","32.91","14.63"
"66","000","00","110","0028","0000","375","188","187","1","376","1111","0","33.84","16.92"
"66","000","00","110","0028","0056","375","188","187","1","376","1111","0","33.84","16.92"
"66","000","00","110","0029","0000","437","184","253","7","444","1446","0","30.71","12.72"
"66","000","00","110","0029","0057","437","184","253","7","444","1446","0","30.71","12.72"
"66","000","00","120","0000","0000","28461","12763","15698","312","28773","73629","88227","39.08","17.33"
"66","000","00","120","0001","0000","463","213","250","6","469","1063","0","44.12","20.04"
"66","000","00","120","0001","0099","463","213","250","6","469","1063","0","44.12","20.04"
"66","000","00","120","0002","0000","460","206","254","6","466","930","0","50.11","22.15"
"66","000","00","120","0002","0100","460","206","254","6","466","930","0","50.11","22.15"
"66","000","00","120","0003","0000","915","405","510","6","921","2049","0","44.95","19.77"
"66","000","00","120","0003","0101","378","149","229","2","380","892","0","42.60","16.70"
"66","000","00","120","0003","0102","537","256","281","4","541","1157","0","46.76","22.13"
"66","000","00","120","0004","0000","308","140","168","6","314","661","0","47.50","21.18"
"66","000","00","120","0004","0103","308","140","168","6","314","661","0","47.50","21.18"
"66","000","00","120","0005","0000","762","336","426","4","766","1743","0","43.95","19.28"
"66","000","00","120","0005","0104","378","166","212","4","382","853","0","44.78","19.46"
"66","000","00","120","0005","0105","384","170","214","0","384","890","0","43.15","19.10"
"66","000","00","120","0006","0000","657","275","382","6","663","1553","0","42.69","17.71"
"66","000","00","120","0006","0106","657","275","382","6","663","1553","0","42.69","17.71"
"66","000","00","120","0007","0000","329","149","180","2","331","673","0","49.18","22.14"
"66","000","00","120","0007","0107","329","149","180","2","331","673","0","49.18","22.14"
"66","000","00","120","0008","0000","207","90","117","4","211","391","0","53.96","23.02"
"66","000","00","120","0008","0108","207","90","117","4","211","391","0","53.96","23.02"
"66","000","00","120","0009","0000","952","410","542","14","966","2191","0","44.09","18.71"
"66","000","00","120","0009","0109","616","262","354","11","627","1424","0","44.03","18.40"
"66","000","00","120","0009","0110","336","148","188","3","339","767","0","44.20","19.30"
"66","000","00","120","0010","0000","4112","1898","2214","31","4143","9925","0","41.74","19.12"
"66","000","00","120","0010","0111","554","242","312","2","556","1315","0","42.28","18.40"
"66","000","00","120","0010","0112","671","284","387","7","678","1676","0","40.45","16.95"
"66","000","00","120","0010","0113","530","258","272","3","533","1327","0","40.17","19.44"
"66","000","00","120","0010","0114","626","336","290","2","628","1352","0","46.45","24.85"
"66","000","00","120","0010","0115","548","247","301","3","551","1392","0","39.58","17.74"
"66","000","00","120","0010","0116","628","291","337","10","638","1553","0","41.08","18.74"
"66","000","00","120","0010","0117","555","240","315","4","559","1310","0","42.67","18.32"
"66","000","00","120","0011","0000","539","236","303","5","544","1448","0","37.57","16.30"
"66","000","00","120","0011","0118","539","236","303","5","544","1448","0","37.57","16.30"
"66","000","00","120","0012","0000","591","277","314","8","599","1505","0","39.80","18.41"
"66","000","00","120","0012","0119","591","277","314","8","599","1505","0","39.80","18.41"
"66","000","00","120","0013","0000","1747","847","900","15","1762","4370","0","40.32","19.38"
"66","000","00","120","0013","0120","580","269","311","6","586","1508","0","38.86","17.84"
"66","000","00","120","0013","0121","676","334","342","5","681","1611","0","42.27","20.73"
"66","000","00","120","0013","0122","491","244","247","4","495","1251","0","39.57","19.50"
"66","000","00","120","0014","0000","1237","506","731","15","1252","3341","0","37.47","15.15"
"66","000","00","120","0014","0123","427","154","273","4","431","1170","0","36.84","13.16"
"66","000","00","120","0014","0124","494","219","275","4","498","1310","0","38.02","16.72"
"66","000","00","120","0014","0125","316","133","183","7","323","861","0","37.51","15.45"
"66","000","00","120","0015","0000","791","318","473","14","805","2104","0","38.26","15.11"
"66","000","00","120","0015","0126","429","162","267","7","436","1082","0","40.30","14.97"
"66","000","00","120","0015","0127","362","156","206","7","369","1022","0","36.11","15.26"
"66","000","00","120","0016","0000","2292","974","1318","22","2314","6655","0","34.77","14.64"
"66","000","00","120","0016","0128","575","263","312","2","577","1529","0","37.74","17.20"
"66","000","00","120","0016","0129","554","202","352","2","556","1473","0","37.75","13.71"
"66","000","00","120","0016","0130","654","295","359","10","664","2246","0","29.56","13.13"
"66","000","00","120","0016","0131","509","214","295","8","517","1407","0","36.74","15.21"
"66","000","00","120","0017","0000","1184","832","352","8","1192","2801","0","42.56","29.70"
"66","000","00","120","0017","0132","764","620","144","7","771","1641","0","46.98","37.78"
"66","000","00","120","0017","0133","420","212","208","1","421","1160","0","36.29","18.28"
"66","000","00","120","0018","0000","396","226","170","6","402","1278","0","31.46","17.68"
"66","000","00","120","0018","0134","396","226","170","6","402","1278","0","31.46","17.68"
"66","000","00","120","0019","0000","445","194","251","6","451","1330","0","33.91","14.59"
"66","000","00","120","0019","0135","445","194","251","6","451","1330","0","33.91","14.59"
"66","000","00","120","0020","0000","410","176","234","9","419","1234","0","33.95","14.26"
"66","000","00","120","0020","0136","410","176","234","9","419","1234","0","33.95","14.26"
"66","000","00","120","0021","0000","335","151","184","2","337","1155","0","29.18","13.07"
"66","000","00","120","0021","0137","335","151","184","2","337","1155","0","29.18","13.07"
"66","000","00","120","0022","0000","447","221","226","5","452","1309","0","34.53","16.88"
"66","000","00","120","0022","0138","447","221","226","5","452","1309","0","34.53","16.88"
"66","000","00","120","0023","0000","659","223","436","9","668","2039","0","32.76","10.94"
"66","000","00","120","0023","0139","340","110","230","2","342","1134","0","30.16","9.70"
"66","000","00","120","0023","0140","319","113","206","7","326","905","0","36.02","12.49"
"66","000","00","120","0024","0000","895","350","545","9","904","2252","0","40.14","15.54"
"66","000","00","120","0024","0141","460","182","278","7","467","1111","0","42.03","16.38"
"66","000","00","120","0024","0142","435","168","267","2","437","1141","0","38.30","14.72"
"66","000","00","120","0025","0000","594","274","320","10","604","1765","0","34.22","15.52"
"66","000","00","120","0025","0143","313","165","148","4","317","835","0","37.96","19.76"
"66","000","00","120","0025","0144","281","109","172","6","287","930","0","30.86","11.72"
"66","000","00","120","0026","0000","809","294","515","9","818","2488","0","32.88","11.82"
"66","000","00","120","0026","0145","456","181","275","5","461","1394","0","33.07","12.98"
"66","000","00","120","0026","0146","353","113","240","4","357","1094","0","32.63","10.33"
"66","000","00","120","0027","0000","2940","1191","1749","35","2975","7404","0","40.18","16.09"
"66","000","00","120","0027","0147","496","201","295","5","501","1346","0","37.22","14.93"
"66","000","00","120","0027","0148","591","236","355","7","598","1446","0","41.36","16.32"
"66","000","00","120","0027","0149","561","206","355","9","570","1336","0","42.66","15.42"
"66","000","00","120","0027","0150","738","328","410","10","748","1771","0","42.24","18.52"
"66","000","00","120","0027","0151","554","220","334","4","558","1505","0","37.08","14.62"
"66","000","00","120","0028","0000","1066","467","599","11","1077","2764","0","38.97","16.90"
"66","000","00","120","0028","0152","479","226","253","7","486","1340","0","36.27","16.87"
"66","000","00","120","0028","0153","587","241","346","4","591","1424","0","41.50","16.92"
"66","000","00","120","0029","0000","421","211","210","10","431","1197","0","36.01","17.63"
"66","000","00","120","0029","0154","421","211","210","10","431","1197","0","36.01","17.63"
"66","000","00","120","0030","0000","438","171","267","2","440","1156","0","38.06","14.79"
"66","000","00","120","0030","0156","438","171","267","2","440","1156","0","38.06","14.79"
"66","000","00","120","0031","0000","496","241","255","7","503","1390","0","36.19","17.34"
"66","000","00","120","0031","0157","496","241","255","7","503","1390","0","36.19","17.34"
"66","000","00","120","0032","0000","564","261","303","10","574","1465","0","39.18","17.82"
"66","000","00","120","0032","0155","564","261","303","10","574","1465","0","39.18","17.82"
"66","000","00","130","0000","0000","32914","15857","17057","325","33239","76561","95562","43.42","20.71"
"66","000","00","130","0001","0000","606","252","354","4","610","1364","0","44.72","18.48"
"66","000","00","130","0001","0198","376","140","236","2","378","765","0","49.41","18.30"
"66","000","00","130","0001","0199","230","112","118","2","232","599","0","38.73","18.70"
"66","000","00","130","0002","0000","1024","484","540","11","1035","1976","0","52.38","24.49"
"66","000","00","130","0002","0200","399","180","219","4","403","830","0","48.55","21.69"
"66","000","00","130","0002","0201","625","304","321","7","632","1146","0","55.15","26.53"
"66","000","00","130","0003","0000","466","175","291","3","469","893","0","52.52","19.60"
"66","000","00","130","0003","0202","466","175","291","3","469","893","0","52.52","19.60"
"66","000","00","130","0004","0000","234","115","119","4","238","489","0","48.67","23.52"
"66","000","00","130","0004","0203","234","115","119","4","238","489","0","48.67","23.52"
"66","000","00","130","0005","0000","1073","506","567","13","1086","2409","0","45.08","21.00"
"66","000","00","130","0005","0204","341","168","173","1","342","769","0","44.47","21.85"
"66","000","00","130","0005","0205","419","205","214","7","426","932","0","45.71","22.00"
"66","000","00","130","0005","0206","313","133","180","5","318","708","0","44.92","18.79"
"66","000","00","130","0006","0000","1980","924","1056","20","2000","4364","0","45.83","21.17"
"66","000","00","130","0006","0210","495","242","253","1","496","1058","0","46.88","22.87"
"66","000","00","130","0006","0211","468","217","251","5","473","974","0","48.56","22.28"
"66","000","00","130","0006","0212","604","265","339","10","614","1415","0","43.39","18.73"
"66","000","00","130","0006","0213","413","200","213","4","417","917","0","45.47","21.81"
"66","000","00","130","0007","0000","2323","1018","1305","31","2354","5345","0","44.04","19.05"
"66","000","00","130","0007","0214","513","234","279","10","523","1202","0","43.51","19.47"
"66","000","00","130","0007","0215","515","245","270","7","522","1205","0","43.32","20.33"
"66","000","00","130","0007","0216","614","234","380","6","620","1392","0","44.54","16.81"
"66","000","00","130","0007","0217","681","305","376","8","689","1546","0","44.57","19.73"
"66","000","00","130","0008","0000","3132","1219","1913","20","3152","6799","0","46.36","17.93"
"66","000","00","130","0008","0218","496","187","309","0","496","1176","0","42.18","15.90"
"66","000","00","130","0008","0219","517","188","329","4","521","1149","0","45.34","16.36"
"66","000","00","130","0008","0220","510","193","317","6","516","1155","0","44.68","16.71"
"66","000","00","130","0008","0221","497","169","328","4","501","1044","0","47.99","16.19"
"66","000","00","130","0008","0222","536","198","338","1","537","1143","0","46.98","17.32"
"66","000","00","130","0008","0223","576","284","292","5","581","1132","0","51.33","25.09"
"66","000","00","130","0009","0000","3084","1535","1549","31","3115","7344","0","42.42","20.90"
"66","000","00","130","0009","0224","386","212","174","8","394","936","0","42.09","22.65"
"66","000","00","130","0009","0225","371","173","198","1","372","879","0","42.32","19.68"
"66","000","00","130","0009","0226","468","256","212","4","472","1074","0","43.95","23.84"
"66","000","00","130","0009","0227","456","225","231","4","460","1103","0","41.70","20.40"
"66","000","00","130","0009","0228","423","177","246","4","427","1133","0","37.69","15.62"
"66","000","00","130","0009","0229","521","278","243","5","526","1137","0","46.26","24.45"
"66","000","00","130","0009","0230","459","214","245","5","464","1082","0","42.88","19.78"
"66","000","00","130","0010","0000","472","208","264","5","477","1089","0","43.80","19.10"
"66","000","00","130","0010","0231","472","208","264","5","477","1089","0","43.80","19.10"
"66","000","00","130","0011","0000","1868","923","945","19","1887","4904","0","38.48","18.82"
"66","000","00","130","0011","0235","377","169","208","5","382","974","0","39.22","17.35"
"66","000","00","130","0011","0236","374","203","171","3","377","919","0","41.02","22.09"
"66","000","00","130","0011","0237","419","185","234","4","423","1054","0","40.13","17.55"
"66","000","00","130","0011","0238","362","191","171","4","366","1025","0","35.71","18.63"
"66","000","00","130","0011","0239","336","175","161","3","339","932","0","36.37","18.78"
"66","000","00","130","0012","0000","1609","827","782","14","1623","3843","0","42.23","21.52"
"66","000","00","130","0012","0232","570","267","303","7","577","1403","0","41.13","19.03"
"66","000","00","130","0012","0233","499","279","220","3","502","1137","0","44.15","24.54"
"66","000","00","130","0012","0234","540","281","259","4","544","1303","0","41.75","21.57"
"66","000","00","130","0013","0000","772","353","419","11","783","1748","0","44.79","20.19"
"66","000","00","130","0013","0240","287","114","173","5","292","698","0","41.83","16.33"
"66","000","00","130","0013","0241","485","239","246","6","491","1050","0","46.76","22.76"
"66","000","00","130","0014","0000","2210","1026","1184","18","2228","5388","0","41.35","19.04"
"66","000","00","130","0014","0242","593","268","325","3","596","1434","0","41.56","18.69"
"66","000","00","130","0014","0243","474","210","264","6","480","1186","0","40.47","17.71"
"66","000","00","130","0014","0244","510","224","286","3","513","1272","0","40.33","17.61"
"66","000","00","130","0014","0245","633","324","309","6","639","1496","0","42.71","21.66"
"66","000","00","130","0015","0000","1405","714","691","14","1419","3381","0","41.97","21.12"
"66","000","00","130","0015","0246","298","149","149","4","302","729","0","41.43","20.44"
"66","000","00","130","0015","0247","369","188","181","1","370","853","0","43.38","22.04"
"66","000","00","130","0015","0248","423","206","217","8","431","1041","0","41.40","19.79"
"66","000","00","130","0015","0249","315","171","144","1","316","758","0","41.69","22.56"
"66","000","00","130","0016","0000","2511","1305","1206","22","2533","5682","0","44.58","22.97"
"66","000","00","130","0016","0250","542","252","290","2","544","1276","0","42.63","19.75"
"66","000","00","130","0016","0251","427","236","191","7","434","995","0","43.62","23.72"
"66","000","00","130","0016","0252","395","212","183","4","399","1026","0","38.89","20.66"
"66","000","00","130","0016","0253","540","244","296","5","545","1113","0","48.97","21.92"
"66","000","00","130","0016","0254","607","361","246","4","611","1272","0","48.03","28.38"
"66","000","00","130","0017","0000","1794","1017","777","29","1823","4396","0","41.47","23.13"
"66","000","00","130","0017","0261","529","269","260","8","537","1404","0","38.25","19.16"
"66","000","00","130","0017","0262","365","270","95","8","373","890","0","41.91","30.34"
"66","000","00","130","0017","0263","384","204","180","8","392","945","0","41.48","21.59"
"66","000","00","130","0017","0264","516","274","242","5","521","1157","0","45.03","23.68"
"66","000","00","130","0018","0000","1018","570","448","12","1030","2331","0","44.19","24.45"
"66","000","00","130","0018","0265","561","277","284","6","567","1296","0","43.75","21.37"
"66","000","00","130","0018","0266","457","293","164","6","463","1035","0","44.73","28.31"
"66","000","00","130","0019","0000","852","474","378","12","864","2130","0","40.56","22.25"
"66","000","00","130","0019","0267","456","236","220","8","464","1128","0","41.13","20.92"
"66","000","00","130","0019","0268","396","238","158","4","400","1002","0","39.92","23.75"
"66","000","00","130","0020","0000","1451","637","814","13","1464","3365","0","43.51","18.93"
"66","000","00","130","0020","0207","526","209","317","7","533","1294","0","41.19","16.15"
"66","000","00","130","0020","0208","502","237","265","3","505","1109","0","45.54","21.37"
"66","000","00","130","0020","0209","423","191","232","3","426","962","0","44.28","19.85"
"66","000","00","130","0021","0000","3030","1575","1455","19","3049","7321","0","41.65","21.51"
"66","000","00","130","0021","0255","605","304","301","11","616","1353","0","45.53","22.47"
"66","000","00","130","0021","0256","534","252","282","0","534","1340","0","39.85","18.81"
"66","000","00","130","0021","0257","504","276","228","2","506","1141","0","44.35","24.19"
"66","000","00","130","0021","0258","400","203","197","3","403","1000","0","40.30","20.30"
"66","000","00","130","0021","0259","319","165","154","0","319","886","0","36.00","18.62"
"66","000","00","130","0021","0260","668","375","293","3","671","1601","0","41.91","23.42"
"66","000","00","140","0000","0000","18613","8427","10186","203","18816","48591","59487","38.72","17.34"
"66","000","00","140","0001","0000","1433","662","771","7","1440","3632","0","39.65","18.23"
"66","000","00","140","0001","0158","441","181","260","1","442","1103","0","40.07","16.41"
"66","000","00","140","0001","0159","457","218","239","3","460","1200","0","38.33","18.17"
"66","000","00","140","0001","0160","535","263","272","3","538","1329","0","40.48","19.79"
"66","000","00","140","0002","0000","836","370","466","7","843","1967","0","42.86","18.81"
"66","000","00","140","0002","0161","483","202","281","3","486","1109","0","43.82","18.21"
"66","000","00","140","0002","0162","353","168","185","4","357","858","0","41.61","19.58"
"66","000","00","140","0003","0000","1491","737","754","16","1507","3879","0","38.85","19.00"
"66","000","00","140","0003","0163","400","187","213","6","406","1016","0","39.96","18.41"
"66","000","00","140","0003","0164","574","286","288","8","582","1440","0","40.42","19.86"
"66","000","00","140","0003","0165","517","264","253","2","519","1423","0","36.47","18.55"
"66","000","00","140","0004","0000","225","98","127","1","226","484","0","46.69","20.25"
"66","000","00","140","0004","0166","225","98","127","1","226","484","0","46.69","20.25"
"66","000","00","140","0005","0000","489","236","253","5","494","1161","0","42.55","20.33"
"66","000","00","140","0005","0167","489","236","253","5","494","1161","0","42.55","20.33"
"66","000","00","140","0006","0000","330","151","179","2","332","780","0","42.56","19.36"
"66","000","00","140","0006","0168","330","151","179","2","332","780","0","42.56","19.36"
"66","000","00","140","0007","0000","2413","1110","1303","23","2436","6132","0","39.73","18.10"
"66","000","00","140","0007","0169","373","180","193","6","379","993","0","38.17","18.13"
"66","000","00","140","0007","0170","565","250","315","4","569","1334","0","42.65","18.74"
"66","000","00","140","0007","0171","378","144","234","3","381","1020","0","37.35","14.12"
"66","000","00","140","0007","0172","552","273","279","5","557","1389","0","40.10","19.65"
"66","000","00","140","0007","0173","545","263","282","5","550","1396","0","39.40","18.84"
"66","000","00","140","0008","0000","1971","829","1142","25","1996","5294","0","37.70","15.66"
"66","000","00","140","0008","0174","476","177","299","3","479","1282","0","37.36","13.81"
"66","000","00","140","0008","0175","475","193","282","8","483","1292","0","37.38","14.94"
"66","000","00","140","0008","0176","502","198","304","5","507","1267","0","40.02","15.63"
"66","000","00","140","0008","0177","518","261","257","9","527","1453","0","36.27","17.96"
"66","000","00","140","0009","0000","1750","767","983","18","1768","4953","0","35.70","15.49"
"66","000","00","140","0009","0178","462","188","274","6","468","1231","0","38.02","15.27"
"66","000","00","140","0009","0179","412","179","233","3","415","1235","0","33.60","14.49"
"66","000","00","140","0009","0180","452","210","242","6","458","1237","0","37.03","16.98"
"66","000","00","140","0009","0181","424","190","234","3","427","1250","0","34.16","15.20"
"66","000","00","140","0010","0000","2874","1308","1566","42","2916","7509","0","38.83","17.42"
"66","000","00","140","0010","0182","407","196","211","9","416","962","0","43.24","20.37"
"66","000","00","140","0010","0183","478","217","261","4","482","1238","0","38.93","17.53"
"66","000","00","140","0010","0184","528","190","338","8","536","1409","0","38.04","13.48"
"66","000","00","140","0010","0185","422","196","226","8","430","1181","0","36.41","16.60"
"66","000","00","140","0010","0186","464","240","224","4","468","1254","0","37.32","19.14"
"66","000","00","140","0010","0187","575","269","306","9","584","1465","0","39.86","18.36"
"66","000","00","140","0011","0000","2190","1008","1182","24","2214","5687","0","38.93","17.72"
"66","000","00","140","0011","0188","552","249","303","1","553","1466","0","37.72","16.98"
"66","000","00","140","0011","0189","516","256","260","9","525","1348","0","38.95","18.99"
"66","000","00","140","0011","0190","475","201","274","7","482","1289","0","37.39","15.59"
"66","000","00","140","0011","0191","647","302","345","7","654","1584","0","41.29","19.07"
"66","000","00","140","0012","0000","828","364","464","9","837","2322","0","36.05","15.68"
"66","000","00","140","0012","0192","360","181","179","3","363","1034","0","35.11","17.50"
"66","000","00","140","0012","0193","468","183","285","6","474","1288","0","36.80","14.21"
"66","000","00","140","0013","0000","856","360","496","15","871","2298","0","37.90","15.67"
"66","000","00","140","0013","0194","399","156","243","4","403","1077","0","37.42","14.48"
"66","000","00","140","0013","0195","457","204","253","11","468","1221","0","38.33","16.71"
"66","000","00","140","0014","0000","927","427","500","9","936","2493","0","37.55","17.13"
"66","000","00","140","0014","0196","508","234","274","5","513","1394","0","36.80","16.79"
"66","000","00","140","0014","0197","419","193","226","4","423","1099","0","38.49","17.56"
"66","000","00","150","0000","0000","17385","8463","8922","224","17609","45052","54126","39.09","18.78"
"66","000","00","150","0001","0000","775","505","270","20","795","2076","0","38.29","24.33"
"66","000","00","150","0001","0456","328","202","126","7","335","882","0","37.98","22.90"
"66","000","00","150","0001","0457","447","303","144","13","460","1194","0","38.53","25.38"
"66","000","00","150","0002","0000","388","200","188","5","393","1031","0","38.12","19.40"
"66","000","00","150","0002","0458","388","200","188","5","393","1031","0","38.12","19.40"
"66","000","00","150","0003","0000","1188","690","498","16","1204","3086","0","39.01","22.36"
"66","000","00","150","0003","0459","408","222","186","1","409","1085","0","37.70","20.46"
"66","000","00","150","0003","0460","393","255","138","9","402","1020","0","39.41","25.00"
"66","000","00","150","0003","0461","387","213","174","6","393","981","0","40.06","21.71"
"66","000","00","150","0004","0000","1562","781","781","15","1577","3652","0","43.18","21.39"
"66","000","00","150","0004","0464","497","254","243","4","501","1169","0","42.86","21.73"
"66","000","00","150","0004","0465","509","238","271","7","516","1156","0","44.64","20.59"
"66","000","00","150","0004","0466","556","289","267","4","560","1327","0","42.20","21.78"
"66","000","00","150","0005","0000","828","407","421","12","840","2136","0","39.33","19.05"
"66","000","00","150","0005","0467","392","187","205","2","394","991","0","39.76","18.87"
"66","000","00","150","0005","0468","436","220","216","10","446","1145","0","38.95","19.21"
"66","000","00","150","0006","0000","1915","968","947","23","1938","4739","0","40.89","20.43"
"66","000","00","150","0006","0469","442","236","206","9","451","1171","0","38.51","20.15"
"66","000","00","150","0006","0470","491","256","235","3","494","1133","0","43.60","22.59"
"66","000","00","150","0006","0471","448","212","236","5","453","1252","0","36.18","16.93"
"66","000","00","150","0006","0472","534","264","270","6","540","1183","0","45.65","22.32"
"66","000","00","150","0007","0000","765","329","436","2","767","1917","0","40.01","17.16"
"66","000","00","150","0007","0473","371","175","196","1","372","954","0","38.99","18.34"
"66","000","00","150","0007","0474","394","154","240","1","395","963","0","41.02","15.99"
"66","000","00","150","0008","0000","1331","605","726","11","1342","3347","0","40.10","18.08"
"66","000","00","150","0008","0475","487","232","255","3","490","1173","0","41.77","19.78"
"66","000","00","150","0008","0476","459","193","266","2","461","1136","0","40.58","16.99"
"66","000","00","150","0008","0477","385","180","205","6","391","1038","0","37.67","17.34"
"66","000","00","150","0009","0000","1426","612","814","19","1445","3538","0","40.84","17.30"
"66","000","00","150","0009","0478","570","256","314","10","580","1278","0","45.38","20.03"
"66","000","00","150","0009","0479","407","163","244","4","411","1102","0","37.30","14.79"
"66","000","00","150","0009","0480","449","193","256","5","454","1158","0","39.21","16.67"
"66","000","00","150","0010","0000","933","408","525","18","951","2376","0","40.03","17.17"
"66","000","00","150","0010","0481","464","205","259","13","477","1179","0","40.46","17.39"
"66","000","00","150","0010","0482","469","203","266","5","474","1197","0","39.60","16.96"
"66","000","00","150","0011","0000","817","384","433","13","830","2187","0","37.95","17.56"
"66","000","00","150","0011","0483","451","211","240","8","459","1183","0","38.80","17.84"
"66","000","00","150","0011","0484","366","173","193","5","371","1004","0","36.95","17.23"
"66","000","00","150","0012","0000","616","275","341","6","622","1559","0","39.90","17.64"
"66","000","00","150","0012","0485","275","129","146","3","278","696","0","39.94","18.53"
"66","000","00","150","0012","0486","341","146","195","3","344","863","0","39.86","16.92"
"66","000","00","150","0013","0000","706","331","375","6","712","2131","0","33.41","15.53"
"66","000","00","150","0013","0487","355","181","174","4","359","1051","0","34.16","17.22"
"66","000","00","150","0013","0488","351","150","201","2","353","1080","0","32.69","13.89"
"66","000","00","150","0014","0000","1144","583","561","12","1156","3198","0","36.15","18.23"
"66","000","00","150","0014","0489","385","175","210","5","390","1084","0","35.98","16.14"
"66","000","00","150","0014","0490","424","212","212","5","429","1118","0","38.37","18.96"
"66","000","00","150","0014","0491","335","196","139","2","337","996","0","33.84","19.68"
"66","000","00","150","0015","0000","521","225","296","5","526","1393","0","37.76","16.15"
"66","000","00","150","0015","0496","521","225","296","5","526","1393","0","37.76","16.15"
"66","000","00","150","0016","0000","733","313","420","17","750","2139","0","35.06","14.63"
"66","000","00","150","0016","0494","380","147","233","7","387","1032","0","37.50","14.24"
"66","000","00","150","0016","0495","353","166","187","10","363","1107","0","32.79","15.00"
"66","000","00","150","0017","0000","771","301","470","10","781","1956","0","39.93","15.39"
"66","000","00","150","0017","0492","399","171","228","4","403","986","0","40.87","17.34"
"66","000","00","150","0017","0493","372","130","242","6","378","970","0","38.97","13.40"
"66","000","00","150","0018","0000","966","546","420","14","980","2591","0","37.82","21.07"
"66","000","00","150","0018","0462","483","278","205","6","489","1380","0","35.43","20.14"
"66","000","00","150","0018","0463","483","268","215","8","491","1211","0","40.55","22.13"
"66","000","00","160","0000","0000","21595","8956","12639","213","21808","54903","65143","39.72","16.31"
"66","000","00","160","0001","0000","1237","595","642","11","1248","3173","0","39.33","18.75"
"66","000","00","160","0001","0497","407","186","221","6","413","1055","0","39.15","17.63"
"66","000","00","160","0001","0498","398","197","201","2","400","978","0","40.90","20.14"
"66","000","00","160","0001","0499","432","212","220","3","435","1140","0","38.16","18.60"
"66","000","00","160","0002","0000","954","434","520","11","965","2296","0","42.03","18.90"
"66","000","00","160","0002","0500","497","225","272","7","504","1240","0","40.65","18.15"
"66","000","00","160","0002","0501","457","209","248","4","461","1056","0","43.66","19.79"
"66","000","00","160","0003","0000","1055","446","609","9","1064","2611","0","40.75","17.08"
"66","000","00","160","0003","0502","520","222","298","1","521","1298","0","40.14","17.10"
"66","000","00","160","0003","0503","535","224","311","8","543","1313","0","41.36","17.06"
"66","000","00","160","0004","0000","937","342","595","8","945","2220","0","42.57","15.41"
"66","000","00","160","0004","0504","474","154","320","6","480","1138","0","42.18","13.53"
"66","000","00","160","0004","0505","463","188","275","2","465","1082","0","42.98","17.38"
"66","000","00","160","0005","0000","2841","1199","1642","17","2858","7481","0","38.20","16.03"
"66","000","00","160","0005","0514","459","198","261","3","462","1258","0","36.72","15.74"
"66","000","00","160","0005","0515","460","201","259","4","464","1250","0","37.12","16.08"
"66","000","00","160","0005","0516","491","208","283","5","496","1377","0","36.02","15.11"
"66","000","00","160","0005","0517","447","199","248","0","447","1131","0","39.52","17.60"
"66","000","00","160","0005","0518","479","184","295","0","479","1232","0","38.88","14.94"
"66","000","00","160","0005","0519","505","209","296","5","510","1233","0","41.36","16.95"
"66","000","00","160","0006","0000","2093","787","1306","19","2112","5257","0","40.18","14.97"
"66","000","00","160","0006","0520","473","184","289","5","478","1379","0","34.66","13.34"
"66","000","00","160","0006","0521","528","184","344","4","532","1150","0","46.26","16.00"
"66","000","00","160","0006","0522","580","224","356","4","584","1442","0","40.50","15.53"
"66","000","00","160","0006","0523","512","195","317","6","518","1286","0","40.28","15.16"
"66","000","00","160","0007","0000","1081","402","679","7","1088","2555","0","42.58","15.73"
"66","000","00","160","0007","0524","530","205","325","3","533","1170","0","45.56","17.52"
"66","000","00","160","0007","0525","551","197","354","4","555","1385","0","40.07","14.22"
"66","000","00","160","0008","0000","1183","430","753","14","1197","2845","0","42.07","15.11"
"66","000","00","160","0008","0530","642","237","405","5","647","1444","0","44.81","16.41"
"66","000","00","160","0008","0531","541","193","348","9","550","1401","0","39.26","13.78"
"66","000","00","160","0009","0000","1687","761","926","11","1698","4465","0","38.03","17.04"
"66","000","00","160","0009","0526","480","194","286","3","483","1118","0","43.20","17.35"
"66","000","00","160","0009","0527","449","191","258","1","450","1124","0","40.04","16.99"
"66","000","00","160","0009","0528","340","182","158","5","345","1005","0","34.33","18.11"
"66","000","00","160","0009","0529","418","194","224","2","420","1218","0","34.48","15.93"
"66","000","00","160","0010","0000","2787","1170","1617","27","2814","7152","0","39.35","16.36"
"66","000","00","160","0010","0532","425","197","228","1","426","1229","0","34.66","16.03"
"66","000","00","160","0010","0533","478","192","286","3","481","1303","0","36.91","14.74"
"66","000","00","160","0010","0534","428","158","270","5","433","1075","0","40.28","14.70"
"66","000","00","160","0010","0535","546","226","320","6","552","1311","0","42.11","17.24"
"66","000","00","160","0010","0536","403","163","240","8","411","1024","0","40.14","15.92"
"66","000","00","160","0010","0537","507","234","273","4","511","1210","0","42.23","19.34"
"66","000","00","160","0011","0000","1075","412","663","19","1094","2539","0","43.09","16.23"
"66","000","00","160","0011","0538","540","200","340","5","545","1215","0","44.86","16.46"
"66","000","00","160","0011","0539","535","212","323","14","549","1324","0","41.47","16.01"
"66","000","00","160","0012","0000","1108","446","662","17","1125","2800","0","40.18","15.93"
"66","000","00","160","0012","0540","546","245","301","7","553","1464","0","37.77","16.73"
"66","000","00","160","0012","0541","562","201","361","10","572","1336","0","42.81","15.04"
"66","000","00","160","0013","0000","887","419","468","18","905","2268","0","39.90","18.47"
"66","000","00","160","0013","0506","507","203","304","10","517","1199","0","43.12","16.93"
"66","000","00","160","0013","0507","380","216","164","8","388","1069","0","36.30","20.21"
"66","000","00","160","0014","0000","1458","591","867","13","1471","4135","0","35.57","14.29"
"66","000","00","160","0014","0510","478","176","302","1","479","1301","0","36.82","13.53"
"66","000","00","160","0014","0511","529","217","312","9","538","1396","0","38.54","15.54"
"66","000","00","160","0014","0512","451","198","253","3","454","1438","0","31.57","13.77"
"66","000","00","160","0015","0000","800","383","417","8","808","2090","0","38.66","18.33"
"66","000","00","160","0015","0508","395","174","221","3","398","887","0","44.87","19.62"
"66","000","00","160","0015","0509","405","209","196","5","410","1203","0","34.08","17.37"
"66","000","00","160","0016","0000","412","139","273","4","416","1016","0","40.94","13.68"
"66","000","00","160","0016","0513","412","139","273","4","416","1016","0","40.94","13.68"
"66","000","00","170","0000","0000","37610","18118","19492","349","37959","91035","109158","41.70","19.90"
"66","000","00","170","0001","0000","4314","2020","2294","38","4352","10990","0","39.60","18.38"
"66","000","00","170","0001","0600","459","199","260","5","464","1184","0","39.19","16.81"
"66","000","00","170","0001","0601","467","215","252","3","470","1267","0","37.10","16.97"
"66","000","00","170","0001","0602","494","193","301","4","498","1322","0","37.67","14.60"
"66","000","00","170","0001","0603","386","188","198","5","391","987","0","39.61","19.05"
"66","000","00","170","0001","0604","566","263","303","3","569","1376","0","41.35","19.11"
"66","000","00","170","0001","0605","590","312","278","9","599","1485","0","40.34","21.01"
"66","000","00","170","0001","0606","471","226","245","3","474","1199","0","39.53","18.85"
"66","000","00","170","0001","0607","460","233","227","2","462","1120","0","41.25","20.80"
"66","000","00","170","0001","0608","421","191","230","4","425","1050","0","40.48","18.19"
"66","000","00","170","0002","0000","595","224","371","7","602","1262","0","47.70","17.75"
"66","000","00","170","0002","0597","595","224","371","7","602","1262","0","47.70","17.75"
"66","000","00","170","0003","0000","1020","539","481","5","1025","2378","0","43.10","22.67"
"66","000","00","170","0003","0598","485","263","222","4","489","1119","0","43.70","23.50"
"66","000","00","170","0003","0599","535","276","259","1","536","1259","0","42.57","21.92"
"66","000","00","170","0004","0000","4181","2165","2016","28","4209","10488","0","40.13","20.64"
"66","000","00","170","0004","0609","554","274","280","3","557","1308","0","42.58","20.95"
"66","000","00","170","0004","0610","521","277","244","4","525","1379","0","38.07","20.09"
"66","000","00","170","0004","0611","465","229","236","2","467","1426","0","32.75","16.06"
"66","000","00","170","0004","0612","462","243","219","5","467","1145","0","40.79","21.22"
"66","000","00","170","0004","0613","610","333","277","5","615","1425","0","43.16","23.37"
"66","000","00","170","0004","0614","633","309","324","5","638","1463","0","43.61","21.12"
"66","000","00","170","0004","0615","559","321","238","3","562","1339","0","41.97","23.97"
"66","000","00","170","0004","0616","377","179","198","1","378","1003","0","37.69","17.85"
"66","000","00","170","0005","0000","2273","1159","1114","23","2296","5345","0","42.96","21.68"
"66","000","00","170","0005","0617","653","327","326","7","660","1422","0","46.41","23.00"
"66","000","00","170","0005","0618","519","266","253","7","526","1365","0","38.53","19.49"
"66","000","00","170","0005","0619","565","295","270","6","571","1269","0","45.00","23.25"
"66","000","00","170","0005","0620","536","271","265","3","539","1289","0","41.82","21.02"
"66","000","00","170","0006","0000","3864","1944","1920","30","3894","9332","0","41.73","20.83"
"66","000","00","170","0006","0635","598","327","271","8","606","1324","0","45.77","24.70"
"66","000","00","170","0006","0636","611","309","302","6","617","1311","0","47.06","23.57"
"66","000","00","170","0006","0637","550","266","284","2","552","1372","0","40.23","19.39"
"66","000","00","170","0006","0638","604","266","338","1","605","1407","0","43.00","18.91"
"66","000","00","170","0006","0639","533","274","259","5","538","1325","0","40.60","20.68"
"66","000","00","170","0006","0640","460","230","230","2","462","1298","0","35.59","17.72"
"66","000","00","170","0006","0641","508","272","236","6","514","1295","0","39.69","21.00"
"66","000","00","170","0007","0000","5012","2299","2713","44","5056","12018","0","42.07","19.13"
"66","000","00","170","0007","0642","557","276","281","5","562","1369","0","41.05","20.16"
"66","000","00","170","0007","0643","594","265","329","2","596","1354","0","44.02","19.57"
"66","000","00","170","0007","0644","547","208","339","7","554","1268","0","43.69","16.40"
"66","000","00","170","0007","0645","604","291","313","7","611","1458","0","41.91","19.96"
"66","000","00","170","0007","0646","578","283","295","8","586","1250","0","46.88","22.64"
"66","000","00","170","0007","0647","513","269","244","8","521","1219","0","42.74","22.07"
"66","000","00","170","0007","0648","540","249","291","2","542","1470","0","36.87","16.94"
"66","000","00","170","0007","0649","596","250","346","3","599","1314","0","45.59","19.03"
"66","000","00","170","0007","0650","483","208","275","2","485","1316","0","36.85","15.81"
"66","000","00","170","0008","0000","1215","540","675","10","1225","2801","0","43.73","19.28"
"66","000","00","170","0008","0651","622","251","371","5","627","1453","0","43.15","17.27"
"66","000","00","170","0008","0652","593","289","304","5","598","1348","0","44.36","21.44"
"66","000","00","170","0009","0000","2547","1124","1423","28","2575","6066","0","42.45","18.53"
"66","000","00","170","0009","0653","625","299","326","4","629","1464","0","42.96","20.42"
"66","000","00","170","0009","0654","598","271","327","10","608","1529","0","39.76","17.72"
"66","000","00","170","0009","0655","652","283","369","6","658","1544","0","42.62","18.33"
"66","000","00","170","0009","0656","672","271","401","8","680","1529","0","44.47","17.72"
"66","000","00","170","0010","0000","2111","878","1233","24","2135","4733","0","45.11","18.55"
"66","000","00","170","0010","0657","554","261","293","5","559","1303","0","42.90","20.03"
"66","000","00","170","0010","0658","479","200","279","6","485","1066","0","45.50","18.76"
"66","000","00","170","0010","0659","538","225","313","6","544","1234","0","44.08","18.23"
"66","000","00","170","0010","0660","540","192","348","7","547","1130","0","48.41","16.99"
"66","000","00","170","0011","0000","1604","846","758","24","1628","3997","0","40.73","21.17"
"66","000","00","170","0011","0661","568","366","202","10","578","1442","0","40.08","25.38"
"66","000","00","170","0011","0662","592","289","303","7","599","1447","0","41.40","19.97"
"66","000","00","170","0011","0663","444","191","253","7","451","1108","0","40.70","17.24"
"66","000","00","170","0012","0000","661","250","411","6","667","1536","0","43.42","16.28"
"66","000","00","170","0012","0664","661","250","411","6","667","1536","0","43.42","16.28"
"66","000","00","170","0013","0000","1574","734","840","22","1596","4262","0","37.45","17.22"
"66","000","00","170","0013","0665","559","237","322","8","567","1374","0","41.27","17.25"
"66","000","00","170","0013","0666","556","278","278","9","565","1421","0","39.76","19.56"
"66","000","00","170","0013","0667","459","219","240","5","464","1467","0","31.63","14.93"
"66","000","00","170","0014","0000","1763","870","893","11","1774","4319","0","41.07","20.14"
"66","000","00","170","0014","0621","490","247","243","4","494","1307","0","37.80","18.90"
"66","000","00","170","0014","0622","551","304","247","4","555","1219","0","45.53","24.94"
"66","000","00","170","0014","0623","306","119","187","0","306","711","0","43.04","16.74"
"66","000","00","170","0014","0624","416","200","216","3","419","1082","0","38.72","18.48"
"66","000","00","170","0015","0000","2892","1518","1374","22","2914","6933","0","42.03","21.90"
"66","000","00","170","0015","0625","504","264","240","4","508","1302","0","39.02","20.28"
"66","000","00","170","0015","0626","462","259","203","3","465","1045","0","44.50","24.78"
"66","000","00","170","0015","0627","494","271","223","2","496","1155","0","42.94","23.46"
"66","000","00","170","0015","0628","512","283","229","2","514","1231","0","41.75","22.99"
"66","000","00","170","0015","0629","444","196","248","5","449","998","0","44.99","19.64"
"66","000","00","170","0015","0630","476","245","231","6","482","1202","0","40.10","20.38"
"66","000","00","170","0016","0000","1984","1008","976","27","2011","4575","0","43.96","22.03"
"66","000","00","170","0016","0631","635","304","331","4","639","1360","0","46.99","22.35"
"66","000","00","170","0016","0632","527","288","239","10","537","1215","0","44.20","23.70"
"66","000","00","170","0016","0633","396","205","191","4","400","901","0","44.40","22.75"
"66","000","00","170","0016","0634","426","211","215","9","435","1099","0","39.58","19.20"
"66","000","00","180","0000","0000","30349","15104","15245","306","30655","78438","95800","39.08","19.26"
"66","000","00","180","0001","0000","1783","883","900","20","1803","4325","0","41.69","20.42"
"66","000","00","180","0001","0546","592","311","281","6","598","1407","0","42.50","22.10"
"66","000","00","180","0001","0547","602","296","306","7","609","1456","0","41.83","20.33"
"66","000","00","180","0001","0548","589","276","313","7","596","1462","0","40.77","18.88"
"66","000","00","180","0002","0000","3618","1653","1965","34","3652","9201","0","39.69","17.97"
"66","000","00","180","0002","0578","586","277","309","6","592","1527","0","38.77","18.14"
"66","000","00","180","0002","0579","619","309","310","3","622","1547","0","40.21","19.97"
"66","000","00","180","0002","0580","591","267","324","6","597","1502","0","39.75","17.78"
"66","000","00","180","0002","0581","607","274","333","9","616","1502","0","41.01","18.24"
"66","000","00","180","0002","0582","562","240","322","4","566","1577","0","35.89","15.22"
"66","000","00","180","0002","0583","653","286","367","6","659","1546","0","42.63","18.50"
"66","000","00","180","0003","0000","2399","1285","1114","25","2424","6208","0","39.05","20.70"
"66","000","00","180","0003","0584","542","388","154","7","549","1489","0","36.87","26.06"
"66","000","00","180","0003","0585","701","301","400","3","704","1673","0","42.08","17.99"
"66","000","00","180","0003","0586","525","306","219","7","532","1495","0","35.59","20.47"
"66","000","00","180","0003","0587","631","290","341","8","639","1551","0","41.20","18.70"
"66","000","00","180","0004","0000","1342","607","735","14","1356","3353","0","40.44","18.10"
"66","000","00","180","0004","0588","406","180","226","9","415","1002","0","41.42","17.96"
"66","000","00","180","0004","0589","481","207","274","2","483","1182","0","40.86","17.51"
"66","000","00","180","0004","0590","455","220","235","3","458","1169","0","39.18","18.82"
"66","000","00","180","0005","0000","1297","959","338","16","1313","3594","0","36.53","26.68"
"66","000","00","180","0005","0594","364","293","71","5","369","1107","0","33.33","26.47"
"66","000","00","180","0005","0595","424","295","129","6","430","1175","0","36.60","25.11"
"66","000","00","180","0005","0596","509","371","138","5","514","1312","0","39.18","28.28"
"66","000","00","180","0006","0000","1698","804","894","21","1719","4313","0","39.86","18.64"
"66","000","00","180","0006","0591","563","254","309","6","569","1434","0","39.68","17.71"
"66","000","00","180","0006","0592","630","296","334","12","642","1557","0","41.23","19.01"
"66","000","00","180","0006","0593","505","254","251","3","508","1322","0","38.43","19.21"
"66","000","00","180","0007","0000","2032","978","1054","32","2064","5252","0","39.30","18.62"
"66","000","00","180","0007","0553","521","254","267","9","530","1293","0","40.99","19.64"
"66","000","00","180","0007","0554","598","263","335","11","609","1464","0","41.60","17.96"
"66","000","00","180","0007","0555","427","208","219","8","435","1194","0","36.43","17.42"
"66","000","00","180","0007","0556","486","253","233","4","490","1301","0","37.66","19.45"
"66","000","00","180","0008","0000","1756","797","959","13","1769","4779","0","37.02","16.68"
"66","000","00","180","0008","0564","556","254","302","3","559","1664","0","33.59","15.26"
"66","000","00","180","0008","0565","607","277","330","1","608","1558","0","39.02","17.78"
"66","000","00","180","0008","0566","593","266","327","9","602","1557","0","38.66","17.08"
"66","000","00","180","0009","0000","2294","1058","1236","22","2316","6244","0","37.09","16.94"
"66","000","00","180","0009","0567","588","272","316","2","590","1557","0","37.89","17.47"
"66","000","00","180","0009","0568","561","261","300","7","568","1511","0","37.59","17.27"
"66","000","00","180","0009","0569","530","220","310","8","538","1529","0","35.19","14.39"
"66","000","00","180","0009","0570","615","305","310","5","620","1647","0","37.64","18.52"
"66","000","00","180","0010","0000","2310","1166","1144","20","2330","5915","0","39.39","19.71"
"66","000","00","180","0010","0557","599","297","302","4","603","1450","0","41.59","20.48"
"66","000","00","180","0010","0558","563","260","303","7","570","1525","0","37.38","17.05"
"66","000","00","180","0010","0559","612","322","290","6","618","1467","0","42.13","21.95"
"66","000","00","180","0010","0560","536","287","249","3","539","1473","0","36.59","19.48"
"66","000","00","180","0011","0000","1927","996","931","11","1938","4622","0","41.93","21.55"
"66","000","00","180","0011","0561","664","355","309","4","668","1599","0","41.78","22.20"
"66","000","00","180","0011","0562","617","321","296","2","619","1526","0","40.56","21.04"
"66","000","00","180","0011","0563","646","320","326","5","651","1497","0","43.49","21.38"
"66","000","00","180","0012","0000","2269","1074","1195","25","2294","6037","0","38.00","17.79"
"66","000","00","180","0012","0542","578","309","269","5","583","1504","0","38.76","20.55"
"66","000","00","180","0012","0543","567","236","331","2","569","1478","0","38.50","15.97"
"66","000","00","180","0012","0544","501","198","303","8","509","1538","0","33.09","12.87"
"66","000","00","180","0012","0545","623","331","292","10","633","1517","0","41.73","21.82"
"66","000","00","180","0013","0000","2346","1231","1115","20","2366","6021","0","39.30","20.45"
"66","000","00","180","0013","0549","579","345","234","6","585","1530","0","38.24","22.55"
"66","000","00","180","0013","0550","610","336","274","2","612","1547","0","39.56","21.72"
"66","000","00","180","0013","0551","626","296","330","4","630","1499","0","42.03","19.75"
"66","000","00","180","0013","0552","531","254","277","8","539","1445","0","37.30","17.58"
"66","000","00","180","0014","0000","1952","945","1007","20","1972","5029","0","39.21","18.79"
"66","000","00","180","0014","0571","473","242","231","7","480","1310","0","36.64","18.47"
"66","000","00","180","0014","0572","523","253","270","5","528","1313","0","40.21","19.27"
"66","000","00","180","0014","0573","486","234","252","4","490","1210","0","40.50","19.34"
"66","000","00","180","0014","0574","470","216","254","4","474","1196","0","39.63","18.06"
"66","000","00","180","0015","0000","1326","668","658","13","1339","3545","0","37.77","18.84"
"66","000","00","180","0015","0575","390","185","205","5","395","1034","0","38.20","17.89"
"66","000","00","180","0015","0576","480","243","237","3","483","1122","0","43.05","21.66"
"66","000","00","180","0015","0577","456","240","216","5","461","1389","0","33.19","17.28"
"66","000","00","190","0000","0000","8041","4006","4035","137","8178","20710","23859","39.49","19.34"
"66","000","00","190","0001","0000","1366","739","627","21","1387","3261","0","42.53","22.66"
"66","000","00","190","0001","1792","448","228","220","7","455","1005","0","45.27","22.69"
"66","000","00","190","0001","1793","487","254","233","5","492","1181","0","41.66","21.51"
"66","000","00","190","0001","1794","431","257","174","9","440","1075","0","40.93","23.91"
"66","000","00","190","0002","0000","605","341","264","8","613","1835","0","33.41","18.58"
"66","000","00","190","0002","1795","300","161","139","2","302","906","0","33.33","17.77"
"66","000","00","190","0002","1796","305","180","125","6","311","929","0","33.48","19.38"
"66","000","00","190","0003","0000","536","278","258","7","543","1342","0","40.46","20.72"
"66","000","00","190","0003","1797","536","278","258","7","543","1342","0","40.46","20.72"
"66","000","00","190","0004","0000","379","153","226","10","389","986","0","39.45","15.52"
"66","000","00","190","0004","1798","379","153","226","10","389","986","0","39.45","15.52"
"66","000","00","190","0005","0000","467","156","311","5","472","1156","0","40.83","13.49"
"66","000","00","190","0005","1799","467","156","311","5","472","1156","0","40.83","13.49"
"66","000","00","190","0006","0000","723","374","349","14","737","1879","0","39.22","19.90"
"66","000","00","190","0006","1800","392","197","195","8","400","987","0","40.53","19.96"
"66","000","00","190","0006","1801","331","177","154","6","337","892","0","37.78","19.84"
"66","000","00","190","0007","0000","1157","455","702","20","1177","2983","0","39.46","15.25"
"66","000","00","190","0007","1802","379","182","197","6","385","1047","0","36.77","17.38"
"66","000","00","190","0007","1803","398","154","244","10","408","1060","0","38.49","14.53"
"66","000","00","190","0007","1804","380","119","261","4","384","876","0","43.84","13.58"
"66","000","00","190","0008","0000","265","200","65","2","267","582","0","45.88","34.36"
"66","000","00","190","0008","1805","265","200","65","2","267","582","0","45.88","34.36"
"66","000","00","190","0009","0000","1096","484","612","19","1115","2927","0","38.09","16.54"
"66","000","00","190","0009","1806","367","168","199","6","373","1004","0","37.15","16.73"
"66","000","00","190","0009","1807","358","135","223","10","368","909","0","40.48","14.85"
"66","000","00","190","0009","1808","371","181","190","3","374","1014","0","36.88","17.85"
"66","000","00","190","0010","0000","490","296","194","8","498","1187","0","41.95","24.94"
"66","000","00","190","0010","1809","490","296","194","8","498","1187","0","41.95","24.94"
"66","000","00","190","0011","0000","315","130","185","11","326","885","0","36.84","14.69"
"66","000","00","190","0011","1810","110","59","51","2","112","229","0","48.91","25.76"
"66","000","00","190","0011","1811","205","71","134","9","214","656","0","32.62","10.82"
"66","000","00","190","0012","0000","225","170","55","7","232","575","0","40.35","29.57"
"66","000","00","190","0012","1812","225","170","55","7","232","575","0","40.35","29.57"
"66","000","00","190","0013","0000","417","230","187","5","422","1112","0","37.95","20.68"
"66","000","00","190","0013","1813","322","157","165","4","326","897","0","36.34","17.50"
"66","000","00","190","0013","1814","95","73","22","1","96","215","0","44.65","33.95"
"66","000","00","200","0000","0000","5215","2757","2458","71","5286","12679","14532","41.69","21.74"
"66","000","00","200","0001","0000","440","223","217","6","446","1210","0","36.86","18.43"
"66","000","00","200","0001","1781","440","223","217","6","446","1210","0","36.86","18.43"
"66","000","00","200","0002","0000","650","328","322","6","656","1518","0","43.21","21.61"
"66","000","00","200","0002","1782","650","328","322","6","656","1518","0","43.21","21.61"
"66","000","00","200","0003","0000","521","266","255","5","526","1204","0","43.69","22.09"
"66","000","00","200","0003","1783","521","266","255","5","526","1204","0","43.69","22.09"
"66","000","00","200","0004","0000","459","221","238","10","469","1232","0","38.07","17.94"
"66","000","00","200","0004","1784","459","221","238","10","469","1232","0","38.07","17.94"
"66","000","00","200","0005","0000","260","120","140","3","263","638","0","41.22","18.81"
"66","000","00","200","0005","1785","260","120","140","3","263","638","0","41.22","18.81"
"66","000","00","200","0006","0000","621","323","298","6","627","1443","0","43.45","22.38"
"66","000","00","200","0006","1786","621","323","298","6","627","1443","0","43.45","22.38"
"66","000","00","200","0007","0000","750","395","355","14","764","1794","0","42.59","22.02"
"66","000","00","200","0007","1787","283","132","151","6","289","674","0","42.88","19.58"
"66","000","00","200","0007","1788","467","263","204","8","475","1120","0","42.41","23.48"
"66","000","00","200","0008","0000","412","238","174","9","421","1002","0","42.02","23.75"
"66","000","00","200","0008","1789","412","238","174","9","421","1002","0","42.02","23.75"
"66","000","00","200","0009","0000","573","334","239","8","581","1408","0","41.26","23.72"
"66","000","00","200","0009","1790","573","334","239","8","581","1408","0","41.26","23.72"
"66","000","00","200","0010","0000","529","309","220","4","533","1230","0","43.33","25.12"
"66","000","00","200","0010","1791","529","309","220","4","533","1230","0","43.33","25.12"
"66","000","00","210","0000","0000","9771","5064","4707","110","9881","27041","31790","36.54","18.73"
"66","000","00","210","0001","0000","386","199","187","4","390","1099","0","35.49","18.11"
"66","000","00","210","0001","0075","386","199","187","4","390","1099","0","35.49","18.11"
"66","000","00","210","0002","0000","778","424","354","2","780","2193","0","35.57","19.33"
"66","000","00","210","0002","0076","350","197","153","1","351","1038","0","33.82","18.98"
"66","000","00","210","0002","0077","428","227","201","1","429","1155","0","37.14","19.65"
"66","000","00","210","0003","0000","619","316","303","8","627","1887","0","33.23","16.75"
"66","000","00","210","0003","0087","393","206","187","5","398","1070","0","37.20","19.25"
"66","000","00","210","0003","0088","226","110","116","3","229","817","0","28.03","13.46"
"66","000","00","210","0004","0000","1762","975","787","19","1781","4680","0","38.06","20.83"
"66","000","00","210","0004","0078","417","235","182","4","421","1083","0","38.87","21.70"
"66","000","00","210","0004","0079","368","183","185","1","369","849","0","43.46","21.55"
"66","000","00","210","0004","0080","484","272","212","7","491","1305","0","37.62","20.84"
"66","000","00","210","0004","0081","493","285","208","7","500","1443","0","34.65","19.75"
"66","000","00","210","0005","0000","1253","634","619","16","1269","3392","0","37.41","18.69"
"66","000","00","210","0005","0089","399","202","197","6","405","1086","0","37.29","18.60"
"66","000","00","210","0005","0090","385","215","170","7","392","1086","0","36.10","19.80"
"66","000","00","210","0005","0091","469","217","252","3","472","1220","0","38.69","17.79"
"66","000","00","210","0006","0000","2333","1216","1117","29","2362","6342","0","37.24","19.17"
"66","000","00","210","0006","0082","420","215","205","5","425","1064","0","39.94","20.21"
"66","000","00","210","0006","0083","427","221","206","7","434","1212","0","35.81","18.23"
"66","000","00","210","0006","0084","436","227","209","5","441","1357","0","32.50","16.73"
"66","000","00","210","0006","0085","508","272","236","5","513","1367","0","37.53","19.90"
"66","000","00","210","0006","0086","542","281","261","7","549","1342","0","40.91","20.94"
"66","000","00","210","0007","0000","476","224","252","5","481","1384","0","34.75","16.18"
"66","000","00","210","0007","0095","476","224","252","5","481","1384","0","34.75","16.18"
"66","000","00","210","0008","0000","520","288","232","6","526","1210","0","43.47","23.80"
"66","000","00","210","0008","0094","520","288","232","6","526","1210","0","43.47","23.80"
"66","000","00","210","0009","0000","701","384","317","10","711","2115","0","33.62","18.16"
"66","000","00","210","0009","0092","292","164","128","5","297","944","0","31.46","17.37"
"66","000","00","210","0009","0093","409","220","189","5","414","1171","0","35.35","18.79"
"66","000","00","210","0010","0000","594","243","351","5","599","1581","0","37.89","15.37"
"66","000","00","210","0010","0096","297","107","190","1","298","815","0","36.56","13.13"
"66","000","00","210","0010","0097","297","136","161","4","301","766","0","39.30","17.75"
"66","000","00","210","0011","0000","349","161","188","6","355","1158","0","30.66","13.90"
"66","000","00","210","0011","0098","349","161","188","6","355","1158","0","30.66","13.90"
"66","000","00","220","0000","0000","5650","2530","3120","87","5737","16320","18688","35.15","15.50"
"66","000","00","220","0001","0000","354","129","225","8","362","1055","0","34.31","12.23"
"66","000","00","220","0001","0058","354","129","225","8","362","1055","0","34.31","12.23"
"66","000","00","220","0002","0000","356","161","195","1","357","1023","0","34.90","15.74"
"66","000","00","220","0002","0059","356","161","195","1","357","1023","0","34.90","15.74"
"66","000","00","220","0003","0000","857","372","485","11","868","2624","0","33.08","14.18"
"66","000","00","220","0003","0060","425","180","245","4","429","1210","0","35.45","14.88"
"66","000","00","220","0003","0061","432","192","240","7","439","1414","0","31.05","13.58"
"66","000","00","220","0004","0000","521","249","272","7","528","1502","0","35.15","16.58"
"66","000","00","220","0004","0064","355","171","184","6","361","872","0","41.40","19.61"
"66","000","00","220","0004","0065","166","78","88","1","167","630","0","26.51","12.38"
"66","000","00","220","0005","0000","392","152","240","8","400","1149","0","34.81","13.23"
"66","000","00","220","0005","0063","392","152","240","8","400","1149","0","34.81","13.23"
"66","000","00","220","0006","0000","445","185","260","5","450","1199","0","37.53","15.43"
"66","000","00","220","0006","0062","445","185","260","5","450","1199","0","37.53","15.43"
"66","000","00","220","0007","0000","337","157","180","9","346","889","0","38.92","17.66"
"66","000","00","220","0007","0066","337","157","180","9","346","889","0","38.92","17.66"
"66","000","00","220","0008","0000","556","262","294","14","570","1753","0","32.52","14.95"
"66","000","00","220","0008","0067","389","172","217","11","400","1291","0","30.98","13.32"
"66","000","00","220","0008","0068","167","90","77","3","170","462","0","36.80","19.48"
"66","000","00","220","0009","0000","336","150","186","2","338","1037","0","32.59","14.46"
"66","000","00","220","0009","0069","336","150","186","2","338","1037","0","32.59","14.46"
"66","000","00","220","0010","0000","450","239","211","4","454","1385","0","32.78","17.26"
"66","000","00","220","0010","0070","211","115","96","4","215","629","0","34.18","18.28"
"66","000","00","220","0010","0071","239","124","115","0","239","756","0","31.61","16.40"
"66","000","00","220","0011","0000","607","298","309","14","621","1738","0","35.73","17.15"
"66","000","00","220","0011","0072","340","140","200","8","348","938","0","37.10","14.93"
"66","000","00","220","0011","0073","267","158","109","6","273","800","0","34.13","19.75"
"66","000","00","220","0012","0000","439","176","263","4","443","966","0","45.86","18.22"
"66","000","00","220","0012","0074","439","176","263","4","443","966","0","45.86","18.22"
"66","000","00","230","0000","0000","28937","13536","15401","278","29215","63587","76907","45.94","21.29"
"66","000","00","230","0001","0000","4119","1900","2219","42","4161","8638","0","48.17","22.00"
"66","000","00","230","0001","0359","717","332","385","10","727","1437","0","50.59","23.10"
"66","000","00","230","0001","0360","619","290","329","3","622","1385","0","44.91","20.94"
"66","000","00","230","0001","0361","595","250","345","4","599","1271","0","47.13","19.67"
"66","000","00","230","0001","0362","697","311","386","3","700","1508","0","46.42","20.62"
"66","000","00","230","0001","0363","686","307","379","7","693","1415","0","48.98","21.70"
"66","000","00","230","0001","0364","805","410","395","15","820","1622","0","50.55","25.28"
"66","000","00","230","0002","0000","1150","515","635","14","1164","2486","0","46.82","20.72"
"66","000","00","230","0002","0365","588","251","337","9","597","1210","0","49.34","20.74"
"66","000","00","230","0002","0366","562","264","298","5","567","1276","0","44.44","20.69"
"66","000","00","230","0003","0000","2494","1218","1276","27","2521","5768","0","43.71","21.12"
"66","000","00","230","0003","0367","872","363","509","10","882","1785","0","49.41","20.34"
"66","000","00","230","0003","0368","688","316","372","7","695","1792","0","38.78","17.63"
"66","000","00","230","0003","0369","398","251","147","6","404","1012","0","39.92","24.80"
"66","000","00","230","0003","0370","536","288","248","4","540","1179","0","45.80","24.43"
"66","000","00","230","0004","0000","2457","1259","1198","20","2477","5795","0","42.74","21.73"
"66","000","00","230","0004","0371","660","345","315","4","664","1636","0","40.59","21.09"
"66","000","00","230","0004","0372","556","292","264","3","559","1379","0","40.54","21.17"
"66","000","00","230","0004","0373","609","306","303","9","618","1348","0","45.85","22.70"
"66","000","00","230","0004","0374","632","316","316","4","636","1432","0","44.41","22.07"
"66","000","00","230","0005","0000","1140","602","538","11","1151","2612","0","44.07","23.05"
"66","000","00","230","0005","0375","608","337","271","4","612","1389","0","44.06","24.26"
"66","000","00","230","0005","0376","532","265","267","7","539","1223","0","44.07","21.67"
"66","000","00","230","0006","0000","5794","2655","3139","36","5830","12829","0","45.44","20.70"
"66","000","00","230","0006","0377","746","339","407","6","752","1541","0","48.80","22.00"
"66","000","00","230","0006","0378","562","250","312","2","564","1305","0","43.22","19.16"
"66","000","00","230","0006","0379","606","265","341","5","611","1229","0","49.72","21.56"
"66","000","00","230","0006","0380","681","348","333","4","685","1492","0","45.91","23.32"
"66","000","00","230","0006","0381","496","167","329","2","498","1075","0","46.33","15.53"
"66","000","00","230","0006","0382","372","182","190","8","380","790","0","48.10","23.04"
"66","000","00","230","0006","0383","544","260","284","3","547","1426","0","38.36","18.23"
"66","000","00","230","0006","0384","578","237","341","2","580","1323","0","43.84","17.91"
"66","000","00","230","0006","0385","709","365","344","1","710","1419","0","50.04","25.72"
"66","000","00","230","0006","0386","500","242","258","3","503","1229","0","40.93","19.69"
"66","000","00","230","0007","0000","3560","1698","1862","34","3594","7556","0","47.56","22.47"
"66","000","00","230","0007","0387","648","273","375","11","659","1376","0","47.89","19.84"
"66","000","00","230","0007","0388","541","270","271","5","546","1280","0","42.66","21.09"
"66","000","00","230","0007","0389","689","363","326","1","690","1388","0","49.71","26.15"
"66","000","00","230","0007","0390","502","238","264","3","505","1069","0","47.24","22.26"
"66","000","00","230","0007","0391","597","286","311","6","603","1171","0","51.49","24.42"
"66","000","00","230","0007","0392","583","268","315","8","591","1272","0","46.46","21.07"
"66","000","00","230","0008","0000","800","314","486","7","807","1621","0","49.78","19.37"
"66","000","00","230","0008","0393","318","127","191","2","320","655","0","48.85","19.39"
"66","000","00","230","0008","0394","482","187","295","5","487","966","0","50.41","19.36"
"66","000","00","230","0009","0000","752","329","423","9","761","1676","0","45.41","19.63"
"66","000","00","230","0009","0395","752","329","423","9","761","1676","0","45.41","19.63"
"66","000","00","230","0010","0000","938","405","533","10","948","2095","0","45.25","19.33"
"66","000","00","230","0010","0396","394","155","239","4","398","884","0","45.02","17.53"
"66","000","00","230","0010","0397","544","250","294","6","550","1211","0","45.42","20.64"
"66","000","00","230","0011","0000","972","421","551","12","984","2196","0","44.81","19.17"
"66","000","00","230","0011","0398","545","259","286","5","550","1222","0","45.01","21.19"
"66","000","00","230","0011","0399","427","162","265","7","434","974","0","44.56","16.63"
"66","000","00","230","0012","0000","1923","861","1062","21","1944","4327","0","44.93","19.90"
"66","000","00","230","0012","0400","633","309","324","6","639","1383","0","46.20","22.34"
"66","000","00","230","0012","0401","737","337","400","9","746","1642","0","45.43","20.52"
"66","000","00","230","0012","0402","553","215","338","6","559","1302","0","42.93","16.51"
"66","000","00","230","0013","0000","1070","487","583","13","1083","2158","0","50.19","22.57"
"66","000","00","230","0013","0403","517","218","299","9","526","1037","0","50.72","21.02"
"66","000","00","230","0013","0404","553","269","284","4","557","1121","0","49.69","24.00"
"66","000","00","230","0014","0000","753","314","439","8","761","1651","0","46.09","19.02"
"66","000","00","230","0014","0405","753","314","439","8","761","1651","0","46.09","19.02"
"66","000","00","230","0015","0000","654","351","303","5","659","1350","0","48.81","26.00"
"66","000","00","230","0015","0406","654","351","303","5","659","1350","0","48.81","26.00"
"66","000","00","230","0016","0000","361","207","154","9","370","829","0","44.63","24.97"
"66","000","00","230","0016","0407","361","207","154","9","370","829","0","44.63","24.97"
"66","000","00","240","0000","0000","20491","9922","10569","197","20688","47755","56669","43.32","20.78"
"66","000","00","240","0001","0000","1736","756","980","21","1757","4325","0","40.62","17.48"
"66","000","00","240","0001","0320","628","265","363","9","637","1459","0","43.66","18.16"
"66","000","00","240","0001","0321","488","214","274","6","494","1373","0","35.98","15.59"
"66","000","00","240","0001","0322","620","277","343","6","626","1493","0","41.93","18.55"
"66","000","00","240","0002","0000","412","188","224","3","415","865","0","47.98","21.73"
"66","000","00","240","0002","0323","412","188","224","3","415","865","0","47.98","21.73"
"66","000","00","240","0003","0000","1495","682","813","7","1502","3486","0","43.09","19.56"
"66","000","00","240","0003","0324","569","276","293","5","574","1242","0","46.22","22.22"
"66","000","00","240","0003","0325","476","207","269","1","477","1254","0","38.04","16.51"
"66","000","00","240","0003","0326","450","199","251","1","451","990","0","45.56","20.10"
"66","000","00","240","0004","0000","637","308","329","11","648","1505","0","43.06","20.47"
"66","000","00","240","0004","0327","637","308","329","11","648","1505","0","43.06","20.47"
"66","000","00","240","0005","0000","1099","570","529","7","1106","2438","0","45.37","23.38"
"66","000","00","240","0005","0328","555","294","261","5","560","1188","0","47.14","24.75"
"66","000","00","240","0005","0329","544","276","268","2","546","1250","0","43.68","22.08"
"66","000","00","240","0006","0000","1124","566","558","10","1134","2601","0","43.60","21.76"
"66","000","00","240","0006","0330","580","294","286","6","586","1333","0","43.96","22.06"
"66","000","00","240","0006","0331","544","272","272","4","548","1268","0","43.22","21.45"
"66","000","00","240","0007","0000","1370","727","643","10","1380","3003","0","45.95","24.21"
"66","000","00","240","0007","0332","385","208","177","2","387","899","0","43.05","23.14"
"66","000","00","240","0007","0333","425","240","185","3","428","888","0","48.20","27.03"
"66","000","00","240","0007","0334","560","279","281","5","565","1216","0","46.46","22.94"
"66","000","00","240","0008","0000","1091","565","526","12","1103","2165","0","50.95","26.10"
"66","000","00","240","0008","0335","410","215","195","8","418","850","0","49.18","25.29"
"66","000","00","240","0008","0336","681","350","331","4","685","1315","0","52.09","26.62"
"66","000","00","240","0009","0000","397","204","193","6","403","819","0","49.21","24.91"
"66","000","00","240","0009","0337","397","204","193","6","403","819","0","49.21","24.91"
"66","000","00","240","0010","0000","730","352","378","4","734","1699","0","43.20","20.72"
"66","000","00","240","0010","0338","730","352","378","4","734","1699","0","43.20","20.72"
"66","000","00","240","0011","0000","768","331","437","8","776","1688","0","45.97","19.61"
"66","000","00","240","0011","0339","768","331","437","8","776","1688","0","45.97","19.61"
"66","000","00","240","0012","0000","369","211","158","5","374","943","0","39.66","22.38"
"66","000","00","240","0012","0340","369","211","158","5","374","943","0","39.66","22.38"
"66","000","00","240","0013","0000","573","277","296","11","584","1310","0","44.58","21.15"
"66","000","00","240","0013","0341","573","277","296","11","584","1310","0","44.58","21.15"
"66","000","00","240","0014","0000","3204","1659","1545","26","3230","7418","0","43.54","22.36"
"66","000","00","240","0014","0342","556","284","272","3","559","1316","0","42.48","21.58"
"66","000","00","240","0014","0343","519","235","284","7","526","1249","0","42.11","18.82"
"66","000","00","240","0014","0344","573","301","272","4","577","1369","0","42.15","21.99"
"66","000","00","240","0014","0345","537","269","268","2","539","1111","0","48.51","24.21"
"66","000","00","240","0014","0346","507","296","211","5","512","1213","0","42.21","24.40"
"66","000","00","240","0014","0347","512","274","238","5","517","1160","0","44.57","23.62"
"66","000","00","240","0015","0000","2050","947","1103","23","2073","5061","0","40.96","18.71"
"66","000","00","240","0015","0348","508","191","317","8","516","1197","0","43.11","15.96"
"66","000","00","240","0015","0349","566","261","305","8","574","1352","0","42.46","19.30"
"66","000","00","240","0015","0350","500","250","250","4","504","1212","0","41.58","20.63"
"66","000","00","240","0015","0351","476","245","231","3","479","1300","0","36.85","18.85"
"66","000","00","240","0016","0000","1939","787","1152","14","1953","4958","0","39.39","15.87"
"66","000","00","240","0016","0352","515","202","313","4","519","1302","0","39.86","15.51"
"66","000","00","240","0016","0353","480","185","295","1","481","1189","0","40.45","15.56"
"66","000","00","240","0016","0354","456","182","274","5","461","1192","0","38.67","15.27"
"66","000","00","240","0016","0355","488","218","270","4","492","1275","0","38.59","17.10"
"66","000","00","240","0017","0000","1497","792","705","19","1516","3471","0","43.68","22.82"
"66","000","00","240","0017","0356","469","197","272","6","475","1191","0","39.88","16.54"
"66","000","00","240","0017","0357","556","327","229","8","564","1187","0","47.51","27.55"
"66","000","00","240","0017","0358","472","268","204","5","477","1093","0","43.64","24.52"
"66","000","00","250","0000","0000","26519","12840","13679","262","26781","64759","78039","41.35","19.83"
"66","000","00","250","0001","0000","1237","634","603","7","1244","3019","0","41.21","21.00"
"66","000","00","250","0001","0269","381","178","203","1","382","932","0","40.99","19.10"
"66","000","00","250","0001","0270","324","163","161","1","325","852","0","38.15","19.13"
"66","000","00","250","0001","0271","532","293","239","5","537","1235","0","43.48","23.72"
"66","000","00","250","0002","0000","1156","549","607","9","1165","2849","0","40.89","19.27"
"66","000","00","250","0002","0272","578","259","319","8","586","1412","0","41.50","18.34"
"66","000","00","250","0002","0273","578","290","288","1","579","1437","0","40.29","20.18"
"66","000","00","250","0003","0000","772","417","355","12","784","1822","0","43.03","22.89"
"66","000","00","250","0003","0274","367","178","189","5","372","941","0","39.53","18.92"
"66","000","00","250","0003","0275","405","239","166","7","412","881","0","46.77","27.13"
"66","000","00","250","0004","0000","1579","735","844","15","1594","3624","0","43.98","20.28"
"66","000","00","250","0004","0276","564","252","312","5","569","1302","0","43.70","19.35"
"66","000","00","250","0004","0277","581","268","313","5","586","1264","0","46.36","21.20"
"66","000","00","250","0004","0278","434","215","219","5","439","1058","0","41.49","20.32"
"66","000","00","250","0005","0000","379","201","178","4","383","1043","0","36.72","19.27"
"66","000","00","250","0005","0279","379","201","178","4","383","1043","0","36.72","19.27"
"66","000","00","250","0006","0000","927","510","417","7","934","2271","0","41.13","22.46"
"66","000","00","250","0006","0280","553","326","227","4","557","1397","0","39.87","23.34"
"66","000","00","250","0006","0281","374","184","190","3","377","874","0","43.14","21.05"
"66","000","00","250","0007","0000","1988","865","1123","20","2008","5015","0","40.04","17.25"
"66","000","00","250","0007","0282","571","265","306","5","576","1465","0","39.32","18.09"
"66","000","00","250","0007","0283","581","295","286","7","588","1375","0","42.76","21.45"
"66","000","00","250","0007","0284","479","213","266","5","484","1318","0","36.72","16.16"
"66","000","00","250","0007","0285","357","92","265","3","360","857","0","42.01","10.74"
"66","000","00","250","0008","0000","1034","425","609","15","1049","2952","0","35.54","14.40"
"66","000","00","250","0008","0286","521","202","319","7","528","1533","0","34.44","13.18"
"66","000","00","250","0008","0287","513","223","290","8","521","1419","0","36.72","15.72"
"66","000","00","250","0009","0000","1969","801","1168","18","1987","4892","0","40.62","16.37"
"66","000","00","250","0009","0288","535","225","310","8","543","1172","0","46.33","19.20"
"66","000","00","250","0009","0289","473","176","297","4","477","1293","0","36.89","13.61"
"66","000","00","250","0009","0290","508","238","270","3","511","1256","0","40.68","18.95"
"66","000","00","250","0009","0291","453","162","291","3","456","1171","0","38.94","13.83"
"66","000","00","250","0010","0000","2180","970","1210","31","2211","5745","0","38.49","16.88"
"66","000","00","250","0010","0292","570","257","313","6","576","1510","0","38.15","17.02"
"66","000","00","250","0010","0293","519","222","297","8","527","1421","0","37.09","15.62"
"66","000","00","250","0010","0294","526","255","271","7","533","1470","0","36.26","17.35"
"66","000","00","250","0010","0295","565","236","329","10","575","1344","0","42.78","17.56"
"66","000","00","250","0011","0000","3091","1500","1591","29","3120","7612","0","40.99","19.71"
"66","000","00","250","0011","0296","568","302","266","7","575","1456","0","39.49","20.74"
"66","000","00","250","0011","0297","564","239","325","7","571","1565","0","36.49","15.27"
"66","000","00","250","0011","0298","630","309","321","3","633","1434","0","44.14","21.55"
"66","000","00","250","0011","0299","398","190","208","2","400","941","0","42.51","20.19"
"66","000","00","250","0011","0300","372","187","185","5","377","918","0","41.07","20.37"
"66","000","00","250","0011","0301","559","273","286","5","564","1298","0","43.45","21.03"
"66","000","00","250","0012","0000","1082","508","574","4","1086","2640","0","41.14","19.24"
"66","000","00","250","0012","0302","558","271","287","3","561","1489","0","37.68","18.20"
"66","000","00","250","0012","0303","524","237","287","1","525","1151","0","45.61","20.59"
"66","000","00","250","0013","0000","2524","1223","1301","26","2550","6354","0","40.13","19.25"
"66","000","00","250","0013","0304","551","266","285","5","556","1492","0","37.27","17.83"
"66","000","00","250","0013","0305","445","224","221","5","450","1197","0","37.59","18.71"
"66","000","00","250","0013","0306","442","245","197","7","449","1116","0","40.23","21.95"
"66","000","00","250","0013","0307","482","209","273","5","487","1155","0","42.16","18.10"
"66","000","00","250","0013","0308","604","279","325","4","608","1394","0","43.62","20.01"
"66","000","00","250","0014","0000","702","297","405","9","711","1558","0","45.64","19.06"
"66","000","00","250","0014","0309","702","297","405","9","711","1558","0","45.64","19.06"
"66","000","00","250","0015","0000","2079","1071","1008","18","2097","4747","0","44.18","22.56"
"66","000","00","250","0015","0310","483","232","251","8","491","1087","0","45.17","21.34"
"66","000","00","250","0015","0311","448","216","232","1","449","996","0","45.08","21.69"
"66","000","00","250","0015","0312","589","333","256","3","592","1404","0","42.17","23.72"
"66","000","00","250","0015","0313","559","290","269","6","565","1260","0","44.84","23.02"
"66","000","00","250","0016","0000","3820","2134","1686","38","3858","8616","0","44.78","24.77"
"66","000","00","250","0016","0314","582","319","263","6","588","1380","0","42.61","23.12"
"66","000","00","250","0016","0315","661","396","265","6","667","1523","0","43.80","26.00"
"66","000","00","250","0016","0316","680","320","360","5","685","1546","0","44.31","20.70"
"66","000","00","250","0016","0317","631","369","262","10","641","1423","0","45.05","25.93"
"66","000","00","250","0016","0318","643","354","289","5","648","1348","0","48.07","26.26"
"66","000","00","250","0016","0319","623","376","247","6","629","1396","0","45.06","26.93"
"66","000","00","260","0000","0000","24629","11768","12861","222","24851","55248","64801","44.98","21.30"
"66","000","00","260","0001","0000","538","260","278","8","546","1194","0","45.73","21.78"
"66","000","00","260","0001","0408","538","260","278","8","546","1194","0","45.73","21.78"
"66","000","00","260","0002","0000","3990","1972","2018","34","4024","9381","0","42.90","21.02"
"66","000","00","260","0002","0409","477","230","247","5","482","1155","0","41.73","19.91"
"66","000","00","260","0002","0410","521","248","273","4","525","1129","0","46.50","21.97"
"66","000","00","260","0002","0411","505","265","240","3","508","1253","0","40.54","21.15"
"66","000","00","260","0002","0412","461","223","238","0","461","1116","0","41.31","19.98"
"66","000","00","260","0002","0413","414","173","241","6","420","1037","0","40.50","16.68"
"66","000","00","260","0002","0414","486","271","215","7","493","1161","0","42.46","23.34"
"66","000","00","260","0002","0415","543","234","309","4","547","1248","0","43.83","18.75"
"66","000","00","260","0002","0416","583","328","255","5","588","1282","0","45.87","25.59"
"66","000","00","260","0003","0000","1970","1010","960","16","1986","4671","0","42.52","21.62"
"66","000","00","260","0003","0417","475","231","244","5","480","1103","0","43.52","20.94"
"66","000","00","260","0003","0418","505","273","232","5","510","1253","0","40.70","21.79"
"66","000","00","260","0003","0419","504","274","230","3","507","1196","0","42.39","22.91"
"66","000","00","260","0003","0420","486","232","254","3","489","1119","0","43.70","20.73"
"66","000","00","260","0004","0000","1095","508","587","4","1099","2320","0","47.37","21.90"
"66","000","00","260","0004","0421","537","243","294","2","539","1066","0","50.56","22.80"
"66","000","00","260","0004","0422","558","265","293","2","560","1254","0","44.66","21.13"
"66","000","00","260","0005","0000","997","511","486","6","1003","2025","0","49.53","25.23"
"66","000","00","260","0005","0423","587","328","259","6","593","1153","0","51.43","28.45"
"66","000","00","260","0005","0424","410","183","227","0","410","872","0","47.02","20.99"
"66","000","00","260","0006","0000","564","280","284","4","568","1224","0","46.41","22.88"
"66","000","00","260","0006","0425","564","280","284","4","568","1224","0","46.41","22.88"
"66","000","00","260","0007","0000","489","207","282","7","496","1045","0","47.46","19.81"
"66","000","00","260","0007","0426","489","207","282","7","496","1045","0","47.46","19.81"
"66","000","00","260","0008","0000","2659","1413","1246","19","2678","5783","0","46.31","24.43"
"66","000","00","260","0008","0427","524","271","253","2","526","1031","0","51.02","26.29"
"66","000","00","260","0008","0428","605","330","275","2","607","1250","0","48.56","26.40"
"66","000","00","260","0008","0429","544","303","241","6","550","1180","0","46.61","25.68"
"66","000","00","260","0008","0430","533","279","254","7","540","1268","0","42.59","22.00"
"66","000","00","260","0008","0431","453","230","223","2","455","1054","0","43.17","21.82"
"66","000","00","260","0009","0000","1330","696","634","15","1345","2918","0","46.09","23.85"
"66","000","00","260","0009","0450","486","283","203","4","490","1071","0","45.75","26.42"
"66","000","00","260","0009","0451","422","193","229","3","425","995","0","42.71","19.40"
"66","000","00","260","0009","0452","422","220","202","8","430","852","0","50.47","25.82"
"66","000","00","260","0010","0000","1758","790","968","10","1768","3965","0","44.59","19.92"
"66","000","00","260","0010","0432","549","273","276","4","553","1280","0","43.20","21.33"
"66","000","00","260","0010","0433","563","243","320","4","567","1289","0","43.99","18.85"
"66","000","00","260","0010","0434","646","274","372","2","648","1396","0","46.42","19.63"
"66","000","00","260","0011","0000","911","431","480","11","922","1860","0","49.57","23.17"
"66","000","00","260","0011","0435","501","237","264","4","505","995","0","50.75","23.82"
"66","000","00","260","0011","0436","410","194","216","7","417","865","0","48.21","22.43"
"66","000","00","260","0012","0000","1030","447","583","9","1039","2470","0","42.06","18.10"
"66","000","00","260","0012","0437","560","261","299","5","565","1360","0","41.54","19.19"
"66","000","00","260","0012","0438","470","186","284","4","474","1110","0","42.70","16.76"
"66","000","00","260","0013","0000","1192","562","630","19","1211","2651","0","45.68","21.20"
"66","000","00","260","0013","0439","628","308","320","11","639","1346","0","47.47","22.88"
"66","000","00","260","0013","0440","564","254","310","8","572","1305","0","43.83","19.46"
"66","000","00","260","0014","0000","1103","474","629","9","1112","2577","0","43.15","18.39"
"66","000","00","260","0014","0446","543","209","334","4","547","1294","0","42.27","16.15"
"66","000","00","260","0014","0447","560","265","295","5","565","1283","0","44.04","20.65"
"66","000","00","260","0015","0000","881","402","479","9","890","2046","0","43.50","19.65"
"66","000","00","260","0015","0448","413","171","242","4","417","973","0","42.86","17.57"
"66","000","00","260","0015","0449","468","231","237","5","473","1073","0","44.08","21.53"
"66","000","00","260","0016","0000","434","167","267","2","436","1104","0","39.49","15.13"
"66","000","00","260","0016","0453","434","167","267","2","436","1104","0","39.49","15.13"
"66","000","00","260","0017","0000","1111","437","674","16","1127","2352","0","47.92","18.58"
"66","000","00","260","0017","0454","543","195","348","7","550","1151","0","47.78","16.94"
"66","000","00","260","0017","0455","568","242","326","9","577","1201","0","48.04","20.15"
"66","000","00","260","0018","0000","1069","409","660","18","1087","2284","0","47.59","17.91"
"66","000","00","260","0018","0441","565","243","322","5","570","1132","0","50.35","21.47"
"66","000","00","260","0018","0442","504","166","338","13","517","1152","0","44.88","14.41"
"66","000","00","260","0019","0000","951","531","420","3","954","2071","0","46.06","25.64"
"66","000","00","260","0019","0443","458","267","191","2","460","1018","0","45.19","26.23"
"66","000","00","260","0019","0444","493","264","229","1","494","1053","0","46.91","25.07"
"66","000","00","260","0020","0000","557","261","296","3","560","1307","0","42.85","19.97"
"66","000","00","260","0020","0445","557","261","296","3","560","1307","0","42.85","19.97"
"66","000","00","270","0000","0000","62538","30263","32275","655","63193","162482","195494","38.89","18.63"
"66","000","00","270","0001","0000","2169","921","1248","31","2200","5378","0","40.91","17.13"
"66","000","00","270","0001","1435","547","255","292","8","555","1314","0","42.24","19.41"
"66","000","00","270","0001","1436","566","235","331","10","576","1428","0","40.34","16.46"
"66","000","00","270","0001","1437","519","210","309","9","528","1350","0","39.11","15.56"
"66","000","00","270","0001","1438","537","221","316","4","541","1286","0","42.07","17.19"
"66","000","00","270","0002","0000","2410","1179","1231","25","2435","6193","0","39.32","19.04"
"66","000","00","270","0002","1439","675","295","380","10","685","1545","0","44.34","19.09"
"66","000","00","270","0002","1440","526","252","274","6","532","1378","0","38.61","18.29"
"66","000","00","270","0002","1441","538","288","250","4","542","1555","0","34.86","18.52"
"66","000","00","270","0002","1442","671","344","327","5","676","1715","0","39.42","20.06"
"66","000","00","270","0003","0000","1588","690","898","14","1602","4030","0","39.75","17.12"
"66","000","00","270","0003","1448","578","260","318","6","584","1468","0","39.78","17.71"
"66","000","00","270","0003","1449","515","218","297","2","517","1277","0","40.49","17.07"
"66","000","00","270","0003","1450","495","212","283","6","501","1285","0","38.99","16.50"
"66","000","00","270","0004","0000","1327","572","755","13","1340","3192","0","41.98","17.92"
"66","000","00","270","0004","1456","437","205","232","6","443","993","0","44.61","20.64"
"66","000","00","270","0004","1457","437","189","248","5","442","1124","0","39.32","16.81"
"66","000","00","270","0004","1458","453","178","275","2","455","1075","0","42.33","16.56"
"66","000","00","270","0005","0000","1119","516","603","19","1138","2873","0","39.61","17.96"
"66","000","00","270","0005","1470","480","243","237","9","489","1357","0","36.04","17.91"
"66","000","00","270","0005","1471","639","273","366","10","649","1516","0","42.81","18.01"
"66","000","00","270","0006","0000","1527","683","844","15","1542","4108","0","37.54","16.63"
"66","000","00","270","0006","1462","494","208","286","3","497","1474","0","33.72","14.11"
"66","000","00","270","0006","1463","513","209","304","5","518","1376","0","37.65","15.19"
"66","000","00","270","0006","1464","520","266","254","7","527","1258","0","41.89","21.14"
"66","000","00","270","0007","0000","2313","1044","1269","24","2337","6203","0","37.68","16.83"
"66","000","00","270","0007","1493","666","318","348","7","673","1721","0","39.11","18.48"
"66","000","00","270","0007","1494","557","236","321","6","563","1539","0","36.58","15.33"
"66","000","00","270","0007","1495","567","250","317","8","575","1468","0","39.17","17.03"
"66","000","00","270","0007","1496","523","240","283","3","526","1475","0","35.66","16.27"
"66","000","00","270","0008","0000","1272","735","537","11","1283","3727","0","34.42","19.72"
"66","000","00","270","0008","1488","677","433","244","4","681","1674","0","40.68","25.87"
"66","000","00","270","0008","1489","595","302","293","7","602","2053","0","29.32","14.71"
"66","000","00","270","0009","0000","1445","834","611","12","1457","3294","0","44.23","25.32"
"66","000","00","270","0009","1474","495","275","220","7","502","1128","0","44.50","24.38"
"66","000","00","270","0009","1475","476","262","214","2","478","1071","0","44.63","24.46"
"66","000","00","270","0009","1476","474","297","177","3","477","1095","0","43.56","27.12"
"66","000","00","270","0010","0000","2075","1134","941","28","2103","5188","0","40.54","21.86"
"66","000","00","270","0010","1481","586","306","280","16","602","1345","0","44.76","22.75"
"66","000","00","270","0010","1482","637","394","243","4","641","1550","0","41.35","25.42"
"66","000","00","270","0010","1483","436","193","243","4","440","1139","0","38.63","16.94"
"66","000","00","270","0010","1484","416","241","175","4","420","1154","0","36.40","20.88"
"66","000","00","270","0011","0000","2765","1441","1324","19","2784","7707","0","36.12","18.70"
"66","000","00","270","0011","1504","524","292","232","6","530","1491","0","35.55","19.58"
"66","000","00","270","0011","1505","617","317","300","5","622","1566","0","39.72","20.24"
"66","000","00","270","0011","1506","500","248","252","1","501","1590","0","31.51","15.60"
"66","000","00","270","0011","1507","610","299","311","6","616","1579","0","39.01","18.94"
"66","000","00","270","0011","1508","514","285","229","1","515","1481","0","34.77","19.24"
"66","000","00","270","0012","0000","3075","1469","1606","39","3114","7600","0","40.97","19.33"
"66","000","00","270","0012","1517","561","220","341","1","562","1373","0","40.93","16.02"
"66","000","00","270","0012","1518","599","285","314","11","610","1482","0","41.16","19.23"
"66","000","00","270","0012","1519","603","297","306","6","609","1445","0","42.15","20.55"
"66","000","00","270","0012","1520","659","359","300","12","671","1643","0","40.84","21.85"
"66","000","00","270","0012","1521","653","308","345","9","662","1657","0","39.95","18.59"
"66","000","00","270","0013","0000","2735","1390","1345","25","2760","6669","0","41.39","20.84"
"66","000","00","270","0013","1531","654","342","312","4","658","1433","0","45.92","23.87"
"66","000","00","270","0013","1532","462","202","260","3","465","1223","0","38.02","16.52"
"66","000","00","270","0013","1533","497","268","229","6","503","1184","0","42.48","22.64"
"66","000","00","270","0013","1534","499","267","232","6","505","1376","0","36.70","19.40"
"66","000","00","270","0013","1535","623","311","312","6","629","1453","0","43.29","21.40"
"66","000","00","270","0014","0000","656","319","337","9","665","1767","0","37.63","18.05"
"66","000","00","270","0014","1536","339","171","168","7","346","870","0","39.77","19.66"
"66","000","00","270","0014","1537","317","148","169","2","319","897","0","35.56","16.50"
"66","000","00","270","0015","0000","400","163","237","7","407","1199","0","33.94","13.59"
"66","000","00","270","0015","1539","400","163","237","7","407","1199","0","33.94","13.59"
"66","000","00","270","0016","0000","1179","579","600","18","1197","3227","0","37.09","17.94"
"66","000","00","270","0016","1540","571","312","259","4","575","1651","0","34.83","18.90"
"66","000","00","270","0016","1541","608","267","341","14","622","1576","0","39.47","16.94"
"66","000","00","270","0017","0000","1187","428","759","8","1195","3052","0","39.15","14.02"
"66","000","00","270","0017","1546","591","194","397","4","595","1486","0","40.04","13.06"
"66","000","00","270","0017","1547","596","234","362","4","600","1566","0","38.31","14.94"
"66","000","00","270","0018","0000","1772","731","1041","20","1792","4742","0","37.79","15.42"
"66","000","00","270","0018","1550","446","170","276","7","453","1123","0","40.34","15.14"
"66","000","00","270","0018","1551","425","167","258","4","429","1258","0","34.10","13.28"
"66","000","00","270","0018","1552","475","208","267","3","478","1052","0","45.44","19.77"
"66","000","00","270","0018","1553","426","186","240","6","432","1309","0","33.00","14.21"
"66","000","00","270","0019","0000","245","102","143","8","253","649","0","38.98","15.72"
"66","000","00","270","0019","1545","245","102","143","8","253","649","0","38.98","15.72"
"66","000","00","270","0020","0000","2527","1160","1367","27","2554","6807","0","37.52","17.04"
"66","000","00","270","0020","1443","521","230","291","6","527","1351","0","39.01","17.02"
"66","000","00","270","0020","1444","438","203","235","4","442","1323","0","33.41","15.34"
"66","000","00","270","0020","1445","525","254","271","7","532","1397","0","38.08","18.18"
"66","000","00","270","0020","1446","549","253","296","4","553","1369","0","40.39","18.48"
"66","000","00","270","0020","1447","494","220","274","6","500","1367","0","36.58","16.09"
"66","000","00","270","0021","0000","1533","691","842","10","1543","4018","0","38.40","17.20"
"66","000","00","270","0021","1459","508","243","265","6","514","1387","0","37.06","17.52"
"66","000","00","270","0021","1460","516","218","298","3","519","1279","0","40.58","17.04"
"66","000","00","270","0021","1461","509","230","279","1","510","1352","0","37.72","17.01"
"66","000","00","270","0022","0000","1450","612","838","17","1467","3985","0","36.81","15.36"
"66","000","00","270","0022","1465","455","172","283","4","459","1207","0","38.03","14.25"
"66","000","00","270","0022","1466","501","217","284","7","508","1430","0","35.52","15.17"
"66","000","00","270","0022","1467","494","223","271","6","500","1348","0","37.09","16.54"
"66","000","00","270","0023","0000","1022","485","537","10","1032","2818","0","36.62","17.21"
"66","000","00","270","0023","1468","510","234","276","5","515","1415","0","36.40","16.54"
"66","000","00","270","0023","1469","512","251","261","5","517","1403","0","36.85","17.89"
"66","000","00","270","0024","0000","1391","644","747","13","1404","3701","0","37.94","17.40"
"66","000","00","270","0024","1451","451","215","236","3","454","1168","0","38.87","18.41"
"66","000","00","270","0024","1452","451","196","255","7","458","1191","0","38.46","16.46"
"66","000","00","270","0024","1453","489","233","256","3","492","1342","0","36.66","17.36"
"66","000","00","270","0025","0000","870","376","494","10","880","2204","0","39.93","17.06"
"66","000","00","270","0025","1454","445","180","265","6","451","1190","0","37.90","15.13"
"66","000","00","270","0025","1455","425","196","229","4","429","1014","0","42.31","19.33"
"66","000","00","270","0026","0000","1004","461","543","4","1008","2894","0","34.83","15.93"
"66","000","00","270","0026","1472","521","226","295","2","523","1465","0","35.70","15.43"
"66","000","00","270","0026","1473","483","235","248","2","485","1429","0","33.94","16.45"
"66","000","00","270","0027","0000","2243","1070","1173","22","2265","5508","0","41.12","19.43"
"66","000","00","270","0027","1522","514","228","286","4","518","1237","0","41.88","18.43"
"66","000","00","270","0027","1523","583","296","287","5","588","1351","0","43.52","21.91"
"66","000","00","270","0027","1524","584","281","303","6","590","1470","0","40.14","19.12"
"66","000","00","270","0027","1525","562","265","297","7","569","1450","0","39.24","18.28"
"66","000","00","270","0028","0000","3236","1616","1620","27","3263","8031","0","40.63","20.12"
"66","000","00","270","0028","1526","575","272","303","7","582","1458","0","39.92","18.66"
"66","000","00","270","0028","1527","658","360","298","5","663","1546","0","42.88","23.29"
"66","000","00","270","0028","1528","570","278","292","5","575","1545","0","37.22","17.99"
"66","000","00","270","0028","1529","537","275","262","3","540","1438","0","37.55","19.12"
"66","000","00","270","0028","1530","896","431","465","7","903","2044","0","44.18","21.09"
"66","000","00","270","0029","0000","2198","1166","1032","21","2219","5692","0","38.98","20.48"
"66","000","00","270","0029","1509","595","296","299","3","598","1449","0","41.27","20.43"
"66","000","00","270","0029","1510","480","259","221","5","485","1346","0","36.03","19.24"
"66","000","00","270","0029","1511","472","249","223","7","479","1255","0","38.17","19.84"
"66","000","00","270","0029","1512","651","362","289","6","657","1642","0","40.01","22.05"
"66","000","00","270","0030","0000","1942","1025","917","22","1964","5664","0","34.68","18.10"
"66","000","00","270","0030","1513","479","242","237","4","483","1312","0","36.81","18.45"
"66","000","00","270","0030","1514","512","290","222","5","517","1527","0","33.86","18.99"
"66","000","00","270","0030","1515","418","212","206","6","424","1321","0","32.10","16.05"
"66","000","00","270","0030","1516","533","281","252","7","540","1504","0","35.90","18.68"
"66","000","00","270","0031","0000","2302","1197","1105","21","2323","6055","0","38.36","19.77"
"66","000","00","270","0031","1497","571","313","258","3","574","1587","0","36.17","19.72"
"66","000","00","270","0031","1498","680","358","322","9","689","1573","0","43.80","22.76"
"66","000","00","270","0031","1499","529","265","264","2","531","1417","0","37.47","18.70"
"66","000","00","270","0031","1500","522","261","261","7","529","1478","0","35.79","17.66"
"66","000","00","270","0032","0000","1398","603","795","16","1414","3821","0","37.01","15.78"
"66","000","00","270","0032","1501","628","243","385","9","637","1479","0","43.07","16.43"
"66","000","00","270","0032","1502","410","179","231","1","411","1212","0","33.91","14.77"
"66","000","00","270","0032","1503","360","181","179","6","366","1130","0","32.39","16.02"
"66","000","00","270","0033","0000","1504","868","636","9","1513","3832","0","39.48","22.65"
"66","000","00","270","0033","1485","500","292","208","4","504","1256","0","40.13","23.25"
"66","000","00","270","0033","1486","449","235","214","2","451","1175","0","38.38","20.00"
"66","000","00","270","0033","1487","555","341","214","3","558","1401","0","39.83","24.34"
"66","000","00","270","0034","0000","1905","1038","867","20","1925","4323","0","44.53","24.01"
"66","000","00","270","0034","1490","701","404","297","6","707","1549","0","45.64","26.08"
"66","000","00","270","0034","1491","592","287","305","6","598","1426","0","41.94","20.13"
"66","000","00","270","0034","1492","612","347","265","8","620","1348","0","45.99","25.74"
"66","000","00","270","0035","0000","930","449","481","9","939","2539","0","36.98","17.68"
"66","000","00","270","0035","1477","576","294","282","5","581","1495","0","38.86","19.67"
"66","000","00","270","0035","1478","354","155","199","4","358","1044","0","34.29","14.85"
"66","000","00","270","0036","0000","896","529","367","14","910","2139","0","42.54","24.73"
"66","000","00","270","0036","1479","486","285","201","7","493","1081","0","45.61","26.36"
"66","000","00","270","0036","1480","410","244","166","7","417","1058","0","39.41","23.06"
"66","000","00","270","0037","0000","586","261","325","8","594","1536","0","38.67","16.99"
"66","000","00","270","0037","1538","586","261","325","8","594","1536","0","38.67","16.99"
"66","000","00","270","0038","0000","1451","651","800","14","1465","3631","0","40.35","17.93"
"66","000","00","270","0038","1542","495","191","304","4","499","1249","0","39.95","15.29"
"66","000","00","270","0038","1543","617","303","314","9","626","1501","0","41.71","20.19"
"66","000","00","270","0038","1544","339","157","182","1","340","881","0","38.59","17.82"
"66","000","00","270","0039","0000","891","431","460","16","907","2486","0","36.48","17.34"
"66","000","00","270","0039","1548","416","191","225","10","426","1191","0","35.77","16.04"
"66","000","00","270","0039","1549","475","240","235","6","481","1295","0","37.14","18.53"
"66","000","00","280","0000","0000","70865","32878","37987","681","71546","174651","212710","40.97","18.82"
"66","000","00","280","0001","0000","1533","702","831","20","1553","3731","0","41.62","18.82"
"66","000","00","280","0001","1563","568","247","321","9","577","1381","0","41.78","17.89"
"66","000","00","280","0001","1564","536","258","278","5","541","1231","0","43.95","20.96"
"66","000","00","280","0001","1565","429","197","232","6","435","1119","0","38.87","17.61"
"66","000","00","280","0002","0000","4240","1967","2273","28","4268","10438","0","40.89","18.84"
"66","000","00","280","0002","1566","685","296","389","3","688","1641","0","41.93","18.04"
"66","000","00","280","0002","1567","905","451","454","6","911","2900","0","31.41","15.55"
"66","000","00","280","0002","1568","666","295","371","4","670","1710","0","39.18","17.25"
"66","000","00","280","0002","1569","589","260","329","7","596","1334","0","44.68","19.49"
"66","000","00","280","0002","1570","578","338","240","1","579","1144","0","50.61","29.55"
"66","000","00","280","0002","1571","817","327","490","7","824","1709","0","48.22","19.13"
"66","000","00","280","0003","0000","1556","608","948","16","1572","3621","0","43.41","16.79"
"66","000","00","280","0003","1576","515","192","323","7","522","1172","0","44.54","16.38"
"66","000","00","280","0003","1577","531","220","311","2","533","1317","0","40.47","16.70"
"66","000","00","280","0003","1578","510","196","314","7","517","1132","0","45.67","17.31"
"66","000","00","280","0004","0000","2900","1345","1555","29","2929","6901","0","42.44","19.49"
"66","000","00","280","0004","1619","589","266","323","5","594","1372","0","43.29","19.39"
"66","000","00","280","0004","1620","511","244","267","11","522","1365","0","38.24","17.88"
"66","000","00","280","0004","1621","621","258","363","2","623","1335","0","46.67","19.33"
"66","000","00","280","0004","1622","571","249","322","7","578","1331","0","43.43","18.71"
"66","000","00","280","0004","1623","608","328","280","4","612","1498","0","40.85","21.90"
"66","000","00","280","0005","0000","3087","1368","1719","34","3121","7279","0","42.88","18.79"
"66","000","00","280","0005","1579","710","301","409","5","715","1624","0","44.03","18.53"
"66","000","00","280","0005","1580","528","226","302","4","532","1251","0","42.53","18.07"
"66","000","00","280","0005","1581","657","292","365","8","665","1614","0","41.20","18.09"
"66","000","00","280","0005","1582","677","338","339","10","687","1666","0","41.24","20.29"
"66","000","00","280","0005","1583","515","211","304","7","522","1124","0","46.44","18.77"
"66","000","00","280","0006","0000","1815","883","932","20","1835","4162","0","44.09","21.22"
"66","000","00","280","0006","1633","572","300","272","5","577","1293","0","44.62","23.20"
"66","000","00","280","0006","1634","567","272","295","6","573","1257","0","45.58","21.64"
"66","000","00","280","0006","1635","676","311","365","9","685","1612","0","42.49","19.29"
"66","000","00","280","0007","0000","2201","1015","1186","20","2221","5520","0","40.24","18.39"
"66","000","00","280","0007","1636","540","239","301","6","546","1415","0","38.59","16.89"
"66","000","00","280","0007","1637","554","233","321","2","556","1363","0","40.79","17.09"
"66","000","00","280","0007","1638","542","270","272","5","547","1413","0","38.71","19.11"
"66","000","00","280","0007","1639","565","273","292","7","572","1329","0","43.04","20.54"
"66","000","00","280","0008","0000","3382","1718","1664","24","3406","8350","0","40.79","20.57"
"66","000","00","280","0008","1584","566","293","273","4","570","1350","0","42.22","21.70"
"66","000","00","280","0008","1585","616","328","288","3","619","1476","0","41.94","22.22"
"66","000","00","280","0008","1586","553","271","282","5","558","1368","0","40.79","19.81"
"66","000","00","280","0008","1587","550","280","270","5","555","1395","0","39.78","20.07"
"66","000","00","280","0008","1588","599","290","309","5","604","1452","0","41.60","19.97"
"66","000","00","280","0008","1589","498","256","242","2","500","1309","0","38.20","19.56"
"66","000","00","280","0009","0000","1411","664","747","20","1431","3400","0","42.09","19.53"
"66","000","00","280","0009","1594","698","342","356","13","711","1707","0","41.65","20.04"
"66","000","00","280","0009","1595","713","322","391","7","720","1693","0","42.53","19.02"
"66","000","00","280","0010","0000","1968","861","1107","26","1994","5356","0","37.23","16.08"
"66","000","00","280","0010","1652","520","226","294","8","528","1387","0","38.07","16.29"
"66","000","00","280","0010","1653","448","196","252","4","452","1272","0","35.53","15.41"
"66","000","00","280","0010","1654","506","260","246","7","513","1415","0","36.25","18.37"
"66","000","00","280","0010","1655","494","179","315","7","501","1282","0","39.08","13.96"
"66","000","00","280","0011","0000","3231","1450","1781","35","3266","7841","0","41.65","18.49"
"66","000","00","280","0011","1661","556","258","298","5","561","1424","0","39.40","18.12"
"66","000","00","280","0011","1662","731","336","395","12","743","1644","0","45.19","20.44"
"66","000","00","280","0011","1663","707","316","391","6","713","1727","0","41.29","18.30"
"66","000","00","280","0011","1664","666","268","398","7","673","1522","0","44.22","17.61"
"66","000","00","280","0011","1665","571","272","299","5","576","1524","0","37.80","17.85"
"66","000","00","280","0012","0000","1871","797","1074","23","1894","4167","0","45.45","19.13"
"66","000","00","280","0012","1596","515","227","288","4","519","1129","0","45.97","20.11"
"66","000","00","280","0012","1597","716","272","444","9","725","1539","0","47.11","17.67"
"66","000","00","280","0012","1598","640","298","342","10","650","1499","0","43.36","19.88"
"66","000","00","280","0013","0000","464","162","302","5","469","982","0","47.76","16.50"
"66","000","00","280","0013","1599","464","162","302","5","469","982","0","47.76","16.50"
"66","000","00","280","0014","0000","3119","1363","1756","34","3153","8402","0","37.53","16.22"
"66","000","00","280","0014","1600","551","254","297","3","554","1493","0","37.11","17.01"
"66","000","00","280","0014","1601","476","185","291","6","482","1330","0","36.24","13.91"
"66","000","00","280","0014","1602","500","220","280","7","507","1299","0","39.03","16.94"
"66","000","00","280","0014","1603","521","213","308","6","527","1435","0","36.72","14.84"
"66","000","00","280","0014","1604","535","232","303","9","544","1415","0","38.45","16.40"
"66","000","00","280","0014","1605","536","259","277","3","539","1430","0","37.69","18.11"
"66","000","00","280","0015","0000","1694","748","946","21","1715","4704","0","36.46","15.90"
"66","000","00","280","0015","1610","548","220","328","10","558","1419","0","39.32","15.50"
"66","000","00","280","0015","1611","605","248","357","7","612","1702","0","35.96","14.57"
"66","000","00","280","0015","1612","541","280","261","4","545","1583","0","34.43","17.69"
"66","000","00","280","0016","0000","3187","1374","1813","40","3227","8359","0","38.61","16.44"
"66","000","00","280","0016","1613","505","226","279","5","510","1419","0","35.94","15.93"
"66","000","00","280","0016","1614","561","283","278","13","574","1394","0","41.18","20.30"
"66","000","00","280","0016","1615","584","245","339","3","587","1441","0","40.74","17.00"
"66","000","00","280","0016","1616","478","186","292","5","483","1311","0","36.84","14.19"
"66","000","00","280","0016","1617","477","183","294","6","483","1312","0","36.81","13.95"
"66","000","00","280","0016","1618","582","251","331","8","590","1482","0","39.81","16.94"
"66","000","00","280","0017","0000","4482","2087","2395","36","4518","11593","0","38.97","18.00"
"66","000","00","280","0017","1666","503","207","296","4","507","1354","0","37.44","15.29"
"66","000","00","280","0017","1667","605","308","297","2","607","1445","0","42.01","21.31"
"66","000","00","280","0017","1668","564","288","276","5","569","1521","0","37.41","18.93"
"66","000","00","280","0017","1669","561","260","301","7","568","1441","0","39.42","18.04"
"66","000","00","280","0017","1670","631","326","305","3","634","1485","0","42.69","21.95"
"66","000","00","280","0017","1671","478","202","276","4","482","1486","0","32.44","13.59"
"66","000","00","280","0017","1672","488","208","280","7","495","1364","0","36.29","15.25"
"66","000","00","280","0017","1673","652","288","364","4","656","1497","0","43.82","19.24"
"66","000","00","280","0018","0000","3741","1754","1987","33","3774","9507","0","39.70","18.45"
"66","000","00","280","0018","1646","624","293","331","5","629","1589","0","39.58","18.44"
"66","000","00","280","0018","1647","632","324","308","6","638","1631","0","39.12","19.87"
"66","000","00","280","0018","1648","625","270","355","2","627","1441","0","43.51","18.74"
"66","000","00","280","0018","1649","628","290","338","4","632","1620","0","39.01","17.90"
"66","000","00","280","0018","1650","656","301","355","8","664","1743","0","38.10","17.27"
"66","000","00","280","0018","1651","576","276","300","8","584","1483","0","39.38","18.61"
"66","000","00","280","0019","0000","4015","1879","2136","41","4056","10403","0","38.99","18.06"
"66","000","00","280","0019","1554","604","320","284","7","611","1624","0","37.62","19.70"
"66","000","00","280","0019","1555","586","276","310","5","591","1597","0","37.01","17.28"
"66","000","00","280","0019","1556","552","252","300","3","555","1650","0","33.64","15.27"
"66","000","00","280","0019","1557","543","245","298","6","549","1291","0","42.53","18.98"
"66","000","00","280","0019","1558","586","249","337","5","591","1439","0","41.07","17.30"
"66","000","00","280","0019","1559","490","247","243","10","500","1191","0","41.98","20.74"
"66","000","00","280","0019","1560","654","290","364","5","659","1611","0","40.91","18.00"
"66","000","00","280","0020","0000","1164","500","664","15","1179","2803","0","42.06","17.84"
"66","000","00","280","0020","1561","621","260","361","4","625","1402","0","44.58","18.54"
"66","000","00","280","0020","1562","543","240","303","11","554","1401","0","39.54","17.13"
"66","000","00","280","0021","0000","2450","1234","1216","17","2467","5719","0","43.14","21.58"
"66","000","00","280","0021","1572","620","334","286","3","623","1417","0","43.97","23.57"
"66","000","00","280","0021","1573","556","259","297","2","558","1410","0","39.57","18.37"
"66","000","00","280","0021","1574","714","359","355","9","723","1564","0","46.23","22.95"
"66","000","00","280","0021","1575","560","282","278","3","563","1328","0","42.39","21.23"
"66","000","00","280","0022","0000","1676","763","913","11","1687","4144","0","40.71","18.41"
"66","000","00","280","0022","1624","577","270","307","4","581","1495","0","38.86","18.06"
"66","000","00","280","0022","1625","503","223","280","4","507","1251","0","40.53","17.83"
"66","000","00","280","0022","1626","596","270","326","3","599","1398","0","42.85","19.31"
"66","000","00","280","0023","0000","4420","2248","2172","29","4449","9667","0","46.02","23.25"
"66","000","00","280","0023","1627","773","395","378","4","777","1621","0","47.93","24.37"
"66","000","00","280","0023","1628","699","338","361","6","705","1552","0","45.43","21.78"
"66","000","00","280","0023","1629","785","404","381","4","789","1589","0","49.65","25.42"
"66","000","00","280","0023","1630","727","376","351","5","732","1612","0","45.41","23.33"
"66","000","00","280","0023","1631","706","371","335","8","714","1616","0","44.18","22.96"
"66","000","00","280","0023","1632","730","364","366","2","732","1677","0","43.65","21.71"
"66","000","00","280","0024","0000","3796","1882","1914","45","3841","8636","0","44.48","21.79"
"66","000","00","280","0024","1640","625","313","312","8","633","1498","0","42.26","20.89"
"66","000","00","280","0024","1641","637","335","302","4","641","1387","0","46.21","24.15"
"66","000","00","280","0024","1642","626","313","313","10","636","1387","0","45.85","22.57"
"66","000","00","280","0024","1643","650","287","363","10","660","1351","0","48.85","21.24"
"66","000","00","280","0024","1644","628","310","318","10","638","1486","0","42.93","20.86"
"66","000","00","280","0024","1645","630","324","306","3","633","1527","0","41.45","21.22"
"66","000","00","280","0025","0000","2122","1076","1046","21","2143","5389","0","39.77","19.97"
"66","000","00","280","0025","1590","495","241","254","2","497","1278","0","38.89","18.86"
"66","000","00","280","0025","1591","515","263","252","5","520","1315","0","39.54","20.00"
"66","000","00","280","0025","1592","582","315","267","7","589","1507","0","39.08","20.90"
"66","000","00","280","0025","1593","530","257","273","7","537","1289","0","41.66","19.94"
"66","000","00","280","0026","0000","3019","1398","1621","26","3045","7712","0","39.48","18.13"
"66","000","00","280","0026","1656","627","290","337","5","632","1585","0","39.87","18.30"
"66","000","00","280","0026","1657","622","286","336","8","630","1574","0","40.03","18.17"
"66","000","00","280","0026","1658","561","240","321","4","565","1512","0","37.37","15.87"
"66","000","00","280","0026","1659","635","319","316","6","641","1630","0","39.33","19.57"
"66","000","00","280","0026","1660","574","263","311","3","577","1411","0","40.89","18.64"
"66","000","00","280","0027","0000","2321","1032","1289","12","2333","5865","0","39.78","17.60"
"66","000","00","280","0027","1606","635","261","374","1","636","1566","0","40.61","16.67"
"66","000","00","280","0027","1607","568","281","287","6","574","1464","0","39.21","19.19"
"66","000","00","280","0027","1608","440","187","253","3","443","1161","0","38.16","16.11"
"66","000","00","280","0027","1609","678","303","375","2","680","1674","0","40.62","18.10"
"66","000","00","290","0000","0000","2989","2054","935","38","3027","9436","10841","32.08","21.77"
"66","000","00","290","0001","0000","646","411","235","14","660","1883","0","35.05","21.83"
"66","000","00","290","0001","1856","318","164","154","8","326","936","0","34.83","17.52"
"66","000","00","290","0001","1857","328","247","81","6","334","947","0","35.27","26.08"
"66","000","00","290","0002","0000","141","71","70","4","145","456","0","31.80","15.57"
"66","000","00","290","0002","1858","141","71","70","4","145","456","0","31.80","15.57"
"66","000","00","290","0003","0000","528","390","138","7","535","1641","0","32.60","23.77"
"66","000","00","290","0003","1859","319","239","80","2","321","999","0","32.13","23.92"
"66","000","00","290","0003","1860","209","151","58","5","214","642","0","33.33","23.52"
"66","000","00","290","0004","0000","192","131","61","3","195","461","0","42.30","28.42"
"66","000","00","290","0004","1866","192","131","61","3","195","461","0","42.30","28.42"
"66","000","00","290","0005","0000","423","323","100","2","425","1081","0","39.32","29.88"
"66","000","00","290","0005","1861","101","62","39","0","101","291","0","34.71","21.31"
"66","000","00","290","0005","1862","175","154","21","1","176","459","0","38.34","33.55"
"66","000","00","290","0005","1863","147","107","40","1","148","331","0","44.71","32.33"
"66","000","00","290","0006","0000","420","297","123","2","422","1107","0","38.12","26.83"
"66","000","00","290","0006","1864","289","190","99","2","291","755","0","38.54","25.17"
"66","000","00","290","0006","1865","131","107","24","0","131","352","0","37.22","30.40"
"66","000","00","290","0007","0000","429","272","157","4","433","1939","0","22.33","14.03"
"66","000","00","290","0007","1867","80","43","37","1","81","346","0","23.41","12.43"
"66","000","00","290","0007","1868","159","105","54","2","161","755","0","21.32","13.91"
"66","000","00","290","0007","1869","131","87","44","1","132","566","0","23.32","15.37"
"66","000","00","290","0007","1870","59","37","22","0","59","272","0","21.69","13.60"
"66","000","00","290","0008","0000","210","159","51","2","212","868","0","24.42","18.32"
"66","000","00","290","0008","1871","35","26","9","0","35","149","0","23.49","17.45"
"66","000","00","290","0008","1872","175","133","42","2","177","719","0","24.62","18.50"
"67","000","00","000","0000","0000","647854","237964","409890","6320","654174","1592388","1868739","41.08","14.94"
"67","000","00","010","0000","0000","25147","10556","14591","221","25368","63992","76027","39.64","16.50"
"67","000","00","010","0001","0000","1942","1018","924","12","1954","4561","0","42.84","22.32"
"67","000","00","010","0001","0139","499","267","232","0","499","1274","0","39.17","20.96"
"67","000","00","010","0001","0140","443","250","193","5","448","1112","0","40.29","22.48"
"67","000","00","010","0001","0141","477","229","248","2","479","1035","0","46.28","22.13"
"67","000","00","010","0001","0142","523","272","251","5","528","1140","0","46.32","23.86"
"67","000","00","010","0002","0000","912","403","509","5","917","2212","0","41.46","18.22"
"67","000","00","010","0002","0143","481","186","295","4","485","1156","0","41.96","16.09"
"67","000","00","010","0002","0144","431","217","214","1","432","1056","0","40.91","20.55"
"67","000","00","010","0003","0000","1152","481","671","4","1156","2807","0","41.18","17.14"
"67","000","00","010","0003","0145","562","232","330","3","565","1366","0","41.36","16.98"
"67","000","00","010","0003","0146","590","249","341","1","591","1441","0","41.01","17.28"
"67","000","00","010","0007","0000","1168","487","681","11","1179","2795","0","42.18","17.42"
"67","000","00","010","0007","0150","424","187","237","5","429","1014","0","42.31","18.44"
"67","000","00","010","0007","0151","367","149","218","0","367","892","0","41.14","16.70"
"67","000","00","010","0007","0152","377","151","226","6","383","889","0","43.08","16.99"
"67","000","00","010","0008","0000","1578","699","879","11","1589","4010","0","39.63","17.43"
"67","000","00","010","0008","0153","514","228","286","7","521","1314","0","39.65","17.35"
"67","000","00","010","0008","0154","478","222","256","2","480","1311","0","36.61","16.93"
"67","000","00","010","0008","0155","586","249","337","2","588","1385","0","42.45","17.98"
"67","000","00","010","0009","0000","475","197","278","2","477","1131","0","42.18","17.42"
"67","000","00","010","0009","0161","475","197","278","2","477","1131","0","42.18","17.42"
"67","000","00","010","0010","0000","568","178","390","9","577","1430","0","40.35","12.45"
"67","000","00","010","0010","0162","568","178","390","9","577","1430","0","40.35","12.45"
"67","000","00","010","0012","0000","885","395","490","6","891","2371","0","37.58","16.66"
"67","000","00","010","0012","0165","450","183","267","4","454","1166","0","38.94","15.69"
"67","000","00","010","0012","0166","435","212","223","2","437","1205","0","36.27","17.59"
"67","000","00","010","0013","0000","730","363","367","12","742","1734","0","42.79","20.93"
"67","000","00","010","0013","0163","327","185","142","6","333","816","0","40.81","22.67"
"67","000","00","010","0013","0164","403","178","225","6","409","918","0","44.55","19.39"
"67","000","00","010","0014","0000","1199","471","728","13","1212","3194","0","37.95","14.75"
"67","000","00","010","0014","0167","388","155","233","4","392","1000","0","39.20","15.50"
"67","000","00","010","0014","0168","356","135","221","5","361","1000","0","36.10","13.50"
"67","000","00","010","0014","0169","455","181","274","4","459","1194","0","38.44","15.16"
"67","000","00","010","0015","0000","1644","638","1006","17","1661","4405","0","37.71","14.48"
"67","000","00","010","0015","0178","449","189","260","1","450","1256","0","35.83","15.05"
"67","000","00","010","0015","0179","363","121","242","5","368","912","0","40.35","13.27"
"67","000","00","010","0015","0180","377","167","210","6","383","1038","0","36.90","16.09"
"67","000","00","010","0015","0181","455","161","294","5","460","1199","0","38.37","13.43"
"67","000","00","010","0016","0000","640","231","409","14","654","1632","0","40.07","14.15"
"67","000","00","010","0016","0182","371","128","243","7","378","921","0","41.04","13.90"
"67","000","00","010","0016","0183","269","103","166","7","276","711","0","38.82","14.49"
"67","000","00","010","0017","0000","514","164","350","2","516","1333","0","38.71","12.30"
"67","000","00","010","0017","0184","514","164","350","2","516","1333","0","38.71","12.30"
"67","000","00","010","0018","0000","598","159","439","7","605","1724","0","35.09","9.22"
"67","000","00","010","0018","0185","481","121","360","5","486","1456","0","33.38","8.31"
"67","000","00","010","0018","0186","117","38","79","2","119","268","0","44.40","14.18"
"67","000","00","010","0019","0000","657","195","462","5","662","1696","0","39.03","11.50"
"67","000","00","010","0019","0187","384","123","261","2","386","939","0","41.11","13.10"
"67","000","00","010","0019","0188","273","72","201","3","276","757","0","36.46","9.51"
"67","000","00","010","0020","0000","1322","579","743","13","1335","3665","0","36.43","15.80"
"67","000","00","010","0020","0189","431","165","266","4","435","1169","0","37.21","14.11"
"67","000","00","010","0020","0190","484","212","272","4","488","1361","0","35.86","15.58"
"67","000","00","010","0020","0191","407","202","205","5","412","1135","0","36.30","17.80"
"67","000","00","010","0021","0000","657","233","424","8","665","1880","0","35.37","12.39"
"67","000","00","010","0021","0192","357","124","233","3","360","1038","0","34.68","11.95"
"67","000","00","010","0021","0193","300","109","191","5","305","842","0","36.22","12.95"
"67","000","00","010","0025","0000","607","156","451","8","615","1555","0","39.55","10.03"
"67","000","00","010","0025","0196","246","70","176","3","249","670","0","37.16","10.45"
"67","000","00","010","0025","0197","361","86","275","5","366","885","0","41.36","9.72"
"67","000","00","010","0026","0000","342","105","237","5","347","897","0","38.68","11.71"
"67","000","00","010","0026","0194","209","57","152","2","211","507","0","41.62","11.24"
"67","000","00","010","0026","0195","133","48","85","3","136","390","0","34.87","12.31"
"67","000","00","010","0027","0000","1882","859","1023","14","1896","4874","0","38.90","17.62"
"67","000","00","010","0027","0170","494","213","281","5","499","1254","0","39.79","16.99"
"67","000","00","010","0027","0171","453","210","243","3","456","1274","0","35.79","16.48"
"67","000","00","010","0027","0172","428","200","228","3","431","1082","0","39.83","18.48"
"67","000","00","010","0027","0173","507","236","271","3","510","1264","0","40.35","18.67"
"67","000","00","010","0028","0000","2047","852","1195","9","2056","5086","0","40.42","16.75"
"67","000","00","010","0028","0174","559","207","352","1","560","1369","0","40.91","15.12"
"67","000","00","010","0028","0175","507","245","262","3","510","1265","0","40.32","19.37"
"67","000","00","010","0028","0176","457","197","260","2","459","1171","0","39.20","16.82"
"67","000","00","010","0028","0177","524","203","321","3","527","1281","0","41.14","15.85"
"67","000","00","010","0029","0000","2498","1225","1273","23","2521","6401","0","39.38","19.14"
"67","000","00","010","0029","0156","494","216","278","1","495","1252","0","39.54","17.25"
"67","000","00","010","0029","0157","521","286","235","3","524","1310","0","40.00","21.83"
"67","000","00","010","0029","0158","446","197","249","4","450","1215","0","37.04","16.21"
"67","000","00","010","0029","0159","517","261","256","7","524","1294","0","40.49","20.17"
"67","000","00","010","0029","0160","520","265","255","8","528","1330","0","39.70","19.92"
"67","000","00","010","0030","0000","1130","468","662","11","1141","2599","0","43.90","18.01"
"67","000","00","010","0030","0147","399","173","226","0","399","867","0","46.02","19.95"
"67","000","00","010","0030","0148","429","166","263","7","436","1004","0","43.43","16.53"
"67","000","00","010","0030","0149","302","129","173","4","306","728","0","42.03","17.72"
"67","000","00","020","0000","0000","8315","2655","5660","118","8433","21950","24892","38.42","12.10"
"67","000","00","020","0001","0000","589","192","397","5","594","1549","0","38.35","12.40"
"67","000","00","020","0001","0108","403","119","284","4","407","1074","0","37.90","11.08"
"67","000","00","020","0001","0109","186","73","113","1","187","475","0","39.37","15.37"
"67","000","00","020","0008","0000","1296","459","837","13","1309","3724","0","35.15","12.33"
"67","000","00","020","0008","0116","411","133","278","4","415","1093","0","37.97","12.17"
"67","000","00","020","0008","0117","474","177","297","8","482","1366","0","35.29","12.96"
"67","000","00","020","0008","0118","411","149","262","1","412","1265","0","32.57","11.78"
"67","000","00","020","0010","0000","306","39","267","18","324","875","0","37.03","4.46"
"67","000","00","020","0010","0122","306","39","267","18","324","875","0","37.03","4.46"
"67","000","00","020","0011","0000","1443","519","924","20","1463","3815","0","38.35","13.60"
"67","000","00","020","0011","0119","521","190","331","6","527","1434","0","36.75","13.25"
"67","000","00","020","0011","0120","544","194","350","5","549","1289","0","42.59","15.05"
"67","000","00","020","0011","0121","378","135","243","9","387","1092","0","35.44","12.36"
"67","000","00","020","0014","0000","606","181","425","8","614","1621","0","37.88","11.17"
"67","000","00","020","0014","0130","355","122","233","5","360","903","0","39.87","13.51"
"67","000","00","020","0014","0131","251","59","192","3","254","718","0","35.38","8.22"
"67","000","00","020","0026","0000","607","221","386","8","615","1413","0","43.52","15.64"
"67","000","00","020","0026","0110","248","90","158","3","251","626","0","40.10","14.38"
"67","000","00","020","0026","0111","138","55","83","3","141","308","0","45.78","17.86"
"67","000","00","020","0026","0112","221","76","145","2","223","479","0","46.56","15.87"
"67","000","00","020","0027","0000","651","278","373","2","653","1575","0","41.46","17.65"
"67","000","00","020","0027","0113","308","131","177","0","308","761","0","40.47","17.21"
"67","000","00","020","0027","0114","128","50","78","0","128","315","0","40.63","15.87"
"67","000","00","020","0027","0115","215","97","118","2","217","499","0","43.49","19.44"
"67","000","00","020","0028","0000","621","143","478","6","627","1519","0","41.28","9.41"
"67","000","00","020","0028","0125","336","62","274","2","338","770","0","43.90","8.05"
"67","000","00","020","0028","0126","116","32","84","2","118","282","0","41.84","11.35"
"67","000","00","020","0028","0127","169","49","120","2","171","467","0","36.62","10.49"
"67","000","00","020","0029","0000","562","157","405","8","570","1545","0","36.89","10.16"
"67","000","00","020","0029","0123","301","79","222","4","305","817","0","37.33","9.67"
"67","000","00","020","0029","0124","261","78","183","4","265","728","0","36.40","10.71"
"67","000","00","020","0030","0000","366","109","257","3","369","981","0","37.61","11.11"
"67","000","00","020","0030","0128","237","71","166","3","240","597","0","40.20","11.89"
"67","000","00","020","0030","0129","129","38","91","0","129","384","0","33.59","9.90"
"67","000","00","020","0031","0000","436","107","329","8","444","1073","0","41.38","9.97"
"67","000","00","020","0031","0135","304","73","231","6","310","724","0","42.82","10.08"
"67","000","00","020","0031","0136","132","34","98","2","134","349","0","38.40","9.74"
"67","000","00","020","0032","0000","369","119","250","7","376","900","0","41.78","13.22"
"67","000","00","020","0032","0132","107","31","76","3","110","211","0","52.13","14.69"
"67","000","00","020","0032","0133","131","52","79","4","135","382","0","35.34","13.61"
"67","000","00","020","0032","0134","131","36","95","0","131","307","0","42.67","11.73"
"67","000","00","020","0033","0000","463","131","332","12","475","1360","0","34.93","9.63"
"67","000","00","020","0033","0137","318","82","236","5","323","903","0","35.77","9.08"
"67","000","00","020","0033","0138","145","49","96","7","152","457","0","33.26","10.72"
"67","000","00","030","0000","0000","9130","2847","6283","130","9260","24122","26978","38.39","11.80"
"67","000","00","030","0001","0000","670","216","454","4","674","1688","0","39.93","12.80"
"67","000","00","030","0001","0030","374","113","261","0","374","953","0","39.24","11.86"
"67","000","00","030","0001","0031","296","103","193","4","300","735","0","40.82","14.01"
"67","000","00","030","0002","0000","1266","415","851","12","1278","2937","0","43.51","14.13"
"67","000","00","030","0002","0032","394","121","273","2","396","864","0","45.83","14.00"
"67","000","00","030","0002","0033","408","133","275","8","416","966","0","43.06","13.77"
"67","000","00","030","0002","0034","464","161","303","2","466","1107","0","42.10","14.54"
"67","000","00","030","0003","0000","546","176","370","4","550","1364","0","40.32","12.90"
"67","000","00","030","0003","0035","546","176","370","4","550","1364","0","40.32","12.90"
"67","000","00","030","0004","0000","645","201","444","7","652","1596","0","40.85","12.59"
"67","000","00","030","0004","0036","291","85","206","5","296","699","0","42.35","12.16"
"67","000","00","030","0004","0037","354","116","238","2","356","897","0","39.69","12.93"
"67","000","00","030","0005","0000","337","105","232","5","342","874","0","39.13","12.01"
"67","000","00","030","0005","0038","337","105","232","5","342","874","0","39.13","12.01"
"67","000","00","030","0006","0000","541","175","366","13","554","1334","0","41.53","13.12"
"67","000","00","030","0006","0039","339","108","231","9","348","793","0","43.88","13.62"
"67","000","00","030","0006","0040","202","67","135","4","206","541","0","38.08","12.38"
"67","000","00","030","0007","0000","175","64","111","3","178","440","0","40.45","14.55"
"67","000","00","030","0007","0041","175","64","111","3","178","440","0","40.45","14.55"
"67","000","00","030","0008","0000","182","42","140","1","183","560","0","32.68","7.50"
"67","000","00","030","0008","0042","182","42","140","1","183","560","0","32.68","7.50"
"67","000","00","030","0009","0000","122","39","83","1","123","369","0","33.33","10.57"
"67","000","00","030","0009","0043","122","39","83","1","123","369","0","33.33","10.57"
"67","000","00","030","0010","0000","160","36","124","2","162","487","0","33.26","7.39"
"67","000","00","030","0010","0044","160","36","124","2","162","487","0","33.26","7.39"
"67","000","00","030","0011","0000","382","143","239","6","388","1178","0","32.94","12.14"
"67","000","00","030","0011","0047","142","79","63","1","143","431","0","33.18","18.33"
"67","000","00","030","0011","0048","240","64","176","5","245","747","0","32.80","8.57"
"67","000","00","030","0012","0000","333","95","238","4","337","1001","0","33.67","9.49"
"67","000","00","030","0012","0045","213","54","159","0","213","617","0","34.52","8.75"
"67","000","00","030","0012","0046","120","41","79","4","124","384","0","32.29","10.68"
"67","000","00","030","0014","0000","492","158","334","6","498","1380","0","36.09","11.45"
"67","000","00","030","0014","0051","256","79","177","3","259","698","0","37.11","11.32"
"67","000","00","030","0014","0052","236","79","157","3","239","682","0","35.04","11.58"
"67","000","00","030","0018","0000","317","108","209","8","325","836","0","38.88","12.92"
"67","000","00","030","0018","0055","317","108","209","8","325","836","0","38.88","12.92"
"67","000","00","030","0019","0000","190","85","105","4","194","705","0","27.52","12.06"
"67","000","00","030","0019","0056","190","85","105","4","194","705","0","27.52","12.06"
"67","000","00","030","0020","0000","477","141","336","6","483","1303","0","37.07","10.82"
"67","000","00","030","0020","0057","477","141","336","6","483","1303","0","37.07","10.82"
"67","000","00","030","0021","0000","276","69","207","9","285","707","0","40.31","9.76"
"67","000","00","030","0021","0058","276","69","207","9","285","707","0","40.31","9.76"
"67","000","00","030","0022","0000","251","76","175","6","257","657","0","39.12","11.57"
"67","000","00","030","0022","0059","251","76","175","6","257","657","0","39.12","11.57"
"67","000","00","030","0025","0000","741","214","527","14","755","1930","0","39.12","11.09"
"67","000","00","030","0025","0049","320","71","249","4","324","781","0","41.49","9.09"
"67","000","00","030","0025","0050","421","143","278","10","431","1149","0","37.51","12.45"
"67","000","00","030","0026","0000","586","164","422","4","590","1458","0","40.47","11.25"
"67","000","00","030","0026","0053","227","73","154","0","227","620","0","36.61","11.77"
"67","000","00","030","0026","0054","359","91","268","4","363","838","0","43.32","10.86"
"67","000","00","030","0027","0000","441","125","316","11","452","1318","0","34.29","9.48"
"67","000","00","030","0027","0060","285","95","190","8","293","817","0","35.86","11.63"
"67","000","00","030","0027","0061","156","30","126","3","159","501","0","31.74","5.99"
"67","000","00","040","0000","0000","7157","2326","4831","75","7232","18522","20733","39.05","12.56"
"67","000","00","040","0001","0000","712","236","476","9","721","1825","0","39.51","12.93"
"67","000","00","040","0001","0198","436","133","303","8","444","1142","0","38.88","11.65"
"67","000","00","040","0001","0199","276","103","173","1","277","683","0","40.56","15.08"
"67","000","00","040","0002","0000","705","258","447","3","708","1608","0","44.03","16.04"
"67","000","00","040","0002","0200","325","126","199","0","325","731","0","44.46","17.24"
"67","000","00","040","0002","0201","380","132","248","3","383","877","0","43.67","15.05"
"67","000","00","040","0003","0000","444","166","278","9","453","1107","0","40.92","15.00"
"67","000","00","040","0003","0202","444","166","278","9","453","1107","0","40.92","15.00"
"67","000","00","040","0004","0000","1095","385","710","7","1102","2722","0","40.48","14.14"
"67","000","00","040","0004","0203","348","108","240","3","351","880","0","39.89","12.27"
"67","000","00","040","0004","0204","390","142","248","4","394","981","0","40.16","14.48"
"67","000","00","040","0004","0205","357","135","222","0","357","861","0","41.46","15.68"
"67","000","00","040","0005","0000","504","158","346","7","511","1368","0","37.35","11.55"
"67","000","00","040","0005","0206","504","158","346","7","511","1368","0","37.35","11.55"
"67","000","00","040","0006","0000","296","106","190","2","298","727","0","40.99","14.58"
"67","000","00","040","0006","0207","172","66","106","1","173","398","0","43.47","16.58"
"67","000","00","040","0006","0208","124","40","84","1","125","329","0","37.99","12.16"
"67","000","00","040","0007","0000","602","202","400","14","616","1454","0","42.37","13.89"
"67","000","00","040","0007","0209","320","121","199","8","328","701","0","46.79","17.26"
"67","000","00","040","0007","0210","282","81","201","6","288","753","0","38.25","10.76"
"67","000","00","040","0008","0000","646","183","463","6","652","1738","0","37.51","10.53"
"67","000","00","040","0008","0211","258","62","196","4","262","690","0","37.97","8.99"
"67","000","00","040","0008","0212","293","97","196","2","295","768","0","38.41","12.63"
"67","000","00","040","0008","0213","95","24","71","0","95","280","0","33.93","8.57"
"67","000","00","040","0009","0000","469","137","332","6","475","1275","0","37.25","10.75"
"67","000","00","040","0009","0214","222","76","146","4","226","666","0","33.93","11.41"
"67","000","00","040","0009","0215","247","61","186","2","249","609","0","40.89","10.02"
"67","000","00","040","0010","0000","256","61","195","2","258","652","0","39.57","9.36"
"67","000","00","040","0010","0216","256","61","195","2","258","652","0","39.57","9.36"
"67","000","00","040","0011","0000","484","139","345","6","490","1337","0","36.65","10.40"
"67","000","00","040","0011","0217","407","121","286","4","411","1139","0","36.08","10.62"
"67","000","00","040","0011","0218","77","18","59","2","79","198","0","39.90","9.09"
"67","000","00","040","0012","0000","438","132","306","3","441","1192","0","37.00","11.07"
"67","000","00","040","0012","0219","358","99","259","2","360","1033","0","34.85","9.58"
"67","000","00","040","0012","0220","80","33","47","1","81","159","0","50.94","20.75"
"67","000","00","040","0013","0000","506","163","343","1","507","1517","0","33.42","10.74"
"67","000","00","040","0013","0221","266","91","175","1","267","858","0","31.12","10.61"
"67","000","00","040","0013","0222","184","52","132","0","184","491","0","37.47","10.59"
"67","000","00","040","0013","0223","56","20","36","0","56","168","0","33.33","11.90"
"67","000","00","050","0000","0000","8033","2517","5516","121","8154","20265","22532","40.24","12.42"
"67","000","00","050","0001","0000","690","259","431","7","697","1620","0","43.02","15.99"
"67","000","00","050","0001","0001","313","112","201","4","317","717","0","44.21","15.62"
"67","000","00","050","0001","0002","377","147","230","3","380","903","0","42.08","16.28"
"67","000","00","050","0002","0000","507","160","347","4","511","1264","0","40.43","12.66"
"67","000","00","050","0002","0003","306","108","198","3","309","748","0","41.31","14.44"
"67","000","00","050","0002","0004","201","52","149","1","202","516","0","39.15","10.08"
"67","000","00","050","0003","0000","481","152","329","4","485","1275","0","38.04","11.92"
"67","000","00","050","0003","0005","381","126","255","4","385","1039","0","37.05","12.13"
"67","000","00","050","0003","0006","100","26","74","0","100","236","0","42.37","11.02"
"67","000","00","050","0004","0000","526","131","395","6","532","1304","0","40.80","10.05"
"67","000","00","050","0004","0007","195","57","138","4","199","459","0","43.36","12.42"
"67","000","00","050","0004","0008","331","74","257","2","333","845","0","39.41","8.76"
"67","000","00","050","0010","0000","573","120","453","8","581","1336","0","43.49","8.98"
"67","000","00","050","0010","0021","410","80","330","5","415","902","0","46.01","8.87"
"67","000","00","050","0010","0022","163","40","123","3","166","434","0","38.25","9.22"
"67","000","00","050","0011","0000","603","191","412","10","613","1610","0","38.07","11.86"
"67","000","00","050","0011","0023","245","80","165","7","252","639","0","39.44","12.52"
"67","000","00","050","0011","0024","358","111","247","3","361","971","0","37.18","11.43"
"67","000","00","050","0012","0000","479","181","298","12","491","1223","0","40.15","14.80"
"67","000","00","050","0012","0025","479","181","298","12","491","1223","0","40.15","14.80"
"67","000","00","050","0013","0000","506","190","316","7","513","1216","0","42.19","15.63"
"67","000","00","050","0013","0026","265","104","161","5","270","659","0","40.97","15.78"
"67","000","00","050","0013","0027","241","86","155","2","243","557","0","43.63","15.44"
"67","000","00","050","0014","0000","682","225","457","8","690","1753","0","39.36","12.84"
"67","000","00","050","0014","0028","223","52","171","4","227","603","0","37.65","8.62"
"67","000","00","050","0014","0029","459","173","286","4","463","1150","0","40.26","15.04"
"67","000","00","050","0018","0000","560","187","373","11","571","1379","0","41.41","13.56"
"67","000","00","050","0018","0013","141","48","93","2","143","349","0","40.97","13.75"
"67","000","00","050","0018","0014","264","78","186","2","266","636","0","41.82","12.26"
"67","000","00","050","0018","0015","155","61","94","7","162","394","0","41.12","15.48"
"67","000","00","050","0019","0000","302","82","220","5","307","966","0","31.78","8.49"
"67","000","00","050","0019","0016","167","42","125","2","169","515","0","32.82","8.16"
"67","000","00","050","0019","0017","135","40","95","3","138","451","0","30.60","8.87"
"67","000","00","050","0022","0000","817","254","563","17","834","1961","0","42.53","12.95"
"67","000","00","050","0022","0018","365","134","231","12","377","953","0","39.56","14.06"
"67","000","00","050","0022","0019","232","54","178","3","235","476","0","49.37","11.34"
"67","000","00","050","0022","0020","220","66","154","2","222","532","0","41.73","12.41"
"67","000","00","050","0023","0000","861","241","620","12","873","2164","0","40.34","11.14"
"67","000","00","050","0023","0009","427","121","306","9","436","1052","0","41.44","11.50"
"67","000","00","050","0023","0010","434","120","314","3","437","1112","0","39.30","10.79"
"67","000","00","050","0024","0000","446","144","302","10","456","1194","0","38.19","12.06"
"67","000","00","050","0024","0011","288","88","200","5","293","749","0","39.12","11.75"
"67","000","00","050","0024","0012","158","56","102","5","163","445","0","36.63","12.58"
"67","000","00","060","0000","0000","5738","1952","3786","79","5817","17960","19922","32.39","10.87"
"67","000","00","060","0001","0000","477","205","272","5","482","1400","0","34.43","14.64"
"67","000","00","060","0001","0224","477","205","272","5","482","1400","0","34.43","14.64"
"67","000","00","060","0002","0000","868","327","541","7","875","2475","0","35.35","13.21"
"67","000","00","060","0002","0225","445","159","286","2","447","1166","0","38.34","13.64"
"67","000","00","060","0002","0226","423","168","255","5","428","1309","0","32.70","12.83"
"67","000","00","060","0003","0000","470","139","331","2","472","1405","0","33.59","9.89"
"67","000","00","060","0003","0227","228","64","164","0","228","715","0","31.89","8.95"
"67","000","00","060","0003","0228","242","75","167","2","244","690","0","35.36","10.87"
"67","000","00","060","0004","0000","286","82","204","2","288","920","0","31.30","8.91"
"67","000","00","060","0004","0230","286","82","204","2","288","920","0","31.30","8.91"
"67","000","00","060","0005","0000","295","98","197","3","298","1058","0","28.17","9.26"
"67","000","00","060","0005","0229","295","98","197","3","298","1058","0","28.17","9.26"
"67","000","00","060","0006","0000","414","125","289","10","424","1193","0","35.54","10.48"
"67","000","00","060","0006","0231","168","60","108","5","173","633","0","27.33","9.48"
"67","000","00","060","0006","0232","246","65","181","5","251","560","0","44.82","11.61"
"67","000","00","060","0007","0000","292","74","218","8","300","826","0","36.32","8.96"
"67","000","00","060","0007","0233","292","74","218","8","300","826","0","36.32","8.96"
"67","000","00","060","0008","0000","117","31","86","1","118","420","0","28.10","7.38"
"67","000","00","060","0008","0237","117","31","86","1","118","420","0","28.10","7.38"
"67","000","00","060","0009","0000","106","31","75","0","106","376","0","28.19","8.24"
"67","000","00","060","0009","0238","106","31","75","0","106","376","0","28.19","8.24"
"67","000","00","060","0010","0000","135","43","92","5","140","370","0","37.84","11.62"
"67","000","00","060","0010","0239","135","43","92","5","140","370","0","37.84","11.62"
"67","000","00","060","0011","0000","618","231","387","10","628","2040","0","30.78","11.32"
"67","000","00","060","0011","0240","370","117","253","8","378","1181","0","32.01","9.91"
"67","000","00","060","0011","0241","248","114","134","2","250","859","0","29.10","13.27"
"67","000","00","060","0012","0000","146","51","95","2","148","647","0","22.87","7.88"
"67","000","00","060","0012","0242","146","51","95","2","148","647","0","22.87","7.88"
"67","000","00","060","0013","0000","278","81","197","2","280","1054","0","26.57","7.69"
"67","000","00","060","0013","0243","278","81","197","2","280","1054","0","26.57","7.69"
"67","000","00","060","0014","0000","301","111","190","3","304","1052","0","28.90","10.55"
"67","000","00","060","0014","0244","301","111","190","3","304","1052","0","28.90","10.55"
"67","000","00","060","0015","0000","219","110","109","2","221","877","0","25.20","12.54"
"67","000","00","060","0015","0245","219","110","109","2","221","877","0","25.20","12.54"
"67","000","00","060","0016","0000","716","213","503","17","733","1847","0","39.69","11.53"
"67","000","00","060","0016","0234","306","83","223","5","311","756","0","41.14","10.98"
"67","000","00","060","0016","0235","171","47","124","6","177","481","0","36.80","9.77"
"67","000","00","060","0016","0236","239","83","156","6","245","610","0","40.16","13.61"
"67","000","00","070","0000","0000","16385","4269","12116","200","16585","37508","43610","44.22","11.38"
"67","000","00","070","0003","0000","1120","377","743","12","1132","2562","0","44.18","14.72"
"67","000","00","070","0003","0388","397","129","268","3","400","945","0","42.33","13.65"
"67","000","00","070","0003","0389","371","127","244","6","377","800","0","47.13","15.88"
"67","000","00","070","0003","0390","352","121","231","3","355","817","0","43.45","14.81"
"67","000","00","070","0004","0000","1102","304","798","18","1120","2463","0","45.47","12.34"
"67","000","00","070","0004","0391","328","83","245","5","333","737","0","45.18","11.26"
"67","000","00","070","0004","0392","356","107","249","7","363","826","0","43.95","12.95"
"67","000","00","070","0004","0393","418","114","304","6","424","900","0","47.11","12.67"
"67","000","00","070","0005","0000","965","312","653","10","975","2086","0","46.74","14.96"
"67","000","00","070","0005","0386","441","132","309","7","448","915","0","48.96","14.43"
"67","000","00","070","0005","0387","524","180","344","3","527","1171","0","45.00","15.37"
"67","000","00","070","0006","0000","847","268","579","11","858","1936","0","44.32","13.84"
"67","000","00","070","0006","0394","459","148","311","9","468","990","0","47.27","14.95"
"67","000","00","070","0006","0395","388","120","268","2","390","946","0","41.23","12.68"
"67","000","00","070","0007","0000","650","179","471","3","653","1433","0","45.57","12.49"
"67","000","00","070","0007","0396","391","123","268","0","391","768","0","50.91","16.02"
"67","000","00","070","0007","0397","259","56","203","3","262","665","0","39.40","8.42"
"67","000","00","070","0009","0000","1588","407","1181","15","1603","3474","0","46.14","11.72"
"67","000","00","070","0009","0398","528","158","370","6","534","1107","0","48.24","14.27"
"67","000","00","070","0009","0399","563","130","433","2","565","1273","0","44.38","10.21"
"67","000","00","070","0009","0400","497","119","378","7","504","1094","0","46.07","10.88"
"67","000","00","070","0010","0000","457","73","384","4","461","1093","0","42.18","6.68"
"67","000","00","070","0010","0401","457","73","384","4","461","1093","0","42.18","6.68"
"67","000","00","070","0011","0000","1246","358","888","13","1259","2846","0","44.24","12.58"
"67","000","00","070","0011","0402","401","137","264","4","405","852","0","47.54","16.08"
"67","000","00","070","0011","0403","386","95","291","3","389","918","0","42.37","10.35"
"67","000","00","070","0011","0404","459","126","333","6","465","1076","0","43.22","11.71"
"67","000","00","070","0014","0000","992","348","644","8","1000","2315","0","43.20","15.03"
"67","000","00","070","0014","0407","293","105","188","4","297","689","0","43.11","15.24"
"67","000","00","070","0014","0408","338","142","196","2","340","782","0","43.48","18.16"
"67","000","00","070","0014","0409","361","101","260","2","363","844","0","43.01","11.97"
"67","000","00","070","0015","0000","744","148","596","7","751","1645","0","45.65","9.00"
"67","000","00","070","0015","0410","344","69","275","2","346","804","0","43.03","8.58"
"67","000","00","070","0015","0411","400","79","321","5","405","841","0","48.16","9.39"
"67","000","00","070","0017","0000","950","169","781","13","963","2284","0","42.16","7.40"
"67","000","00","070","0017","0412","525","94","431","9","534","1321","0","40.42","7.12"
"67","000","00","070","0017","0413","425","75","350","4","429","963","0","44.55","7.79"
"67","000","00","070","0019","0000","827","200","627","20","847","2089","0","40.55","9.57"
"67","000","00","070","0019","0414","377","98","279","10","387","985","0","39.29","9.95"
"67","000","00","070","0019","0415","278","72","206","7","285","648","0","43.98","11.11"
"67","000","00","070","0019","0416","172","30","142","3","175","456","0","38.38","6.58"
"67","000","00","070","0021","0000","517","131","386","7","524","1232","0","42.53","10.63"
"67","000","00","070","0021","0417","517","131","386","7","524","1232","0","42.53","10.63"
"67","000","00","070","0022","0000","443","96","347","6","449","1171","0","38.34","8.20"
"67","000","00","070","0022","0418","443","96","347","6","449","1171","0","38.34","8.20"
"67","000","00","070","0024","0000","625","127","498","8","633","1297","0","48.80","9.79"
"67","000","00","070","0024","0419","279","64","215","3","282","539","0","52.32","11.87"
"67","000","00","070","0024","0420","346","63","283","5","351","758","0","46.31","8.31"
"67","000","00","070","0028","0000","376","95","281","3","379","925","0","40.97","10.27"
"67","000","00","070","0028","0423","376","95","281","3","379","925","0","40.97","10.27"
"67","000","00","070","0030","0000","797","194","603","8","805","1871","0","43.03","10.37"
"67","000","00","070","0030","0384","502","125","377","6","508","1192","0","42.62","10.49"
"67","000","00","070","0030","0385","295","69","226","2","297","679","0","43.74","10.16"
"67","000","00","070","0031","0000","768","145","623","20","788","1633","0","48.25","8.88"
"67","000","00","070","0031","0421","403","85","318","14","417","844","0","49.41","10.07"
"67","000","00","070","0031","0422","365","60","305","6","371","789","0","47.02","7.60"
"67","000","00","070","0032","0000","751","168","583","9","760","1704","0","44.60","9.86"
"67","000","00","070","0032","0424","487","96","391","5","492","1110","0","44.32","8.65"
"67","000","00","070","0032","0425","264","72","192","4","268","594","0","45.12","12.12"
"67","000","00","070","0033","0000","620","170","450","5","625","1449","0","43.13","11.73"
"67","000","00","070","0033","0405","299","100","199","1","300","691","0","43.42","14.47"
"67","000","00","070","0033","0406","321","70","251","4","325","758","0","42.88","9.23"
"67","000","00","080","0000","0000","7831","2501","5330","89","7920","20418","23214","38.79","12.25"
"67","000","00","080","0001","0000","616","229","387","5","621","1503","0","41.32","15.24"
"67","000","00","080","0001","0270","315","118","197","3","318","759","0","41.90","15.55"
"67","000","00","080","0001","0271","301","111","190","2","303","744","0","40.73","14.92"
"67","000","00","080","0002","0000","698","231","467","9","707","1925","0","36.73","12.00"
"67","000","00","080","0002","0272","321","103","218","4","325","951","0","34.17","10.83"
"67","000","00","080","0002","0273","377","128","249","5","382","974","0","39.22","13.14"
"67","000","00","080","0003","0000","606","231","375","8","614","1601","0","38.35","14.43"
"67","000","00","080","0003","0274","275","101","174","3","278","735","0","37.82","13.74"
"67","000","00","080","0003","0275","331","130","201","5","336","866","0","38.80","15.01"
"67","000","00","080","0004","0000","610","223","387","5","615","1555","0","39.55","14.34"
"67","000","00","080","0004","0276","300","112","188","2","302","730","0","41.37","15.34"
"67","000","00","080","0004","0277","310","111","199","3","313","825","0","37.94","13.45"
"67","000","00","080","0005","0000","682","236","446","4","686","1945","0","35.27","12.13"
"67","000","00","080","0005","0278","345","137","208","2","347","994","0","34.91","13.78"
"67","000","00","080","0005","0279","337","99","238","2","339","951","0","35.65","10.41"
"67","000","00","080","0006","0000","805","293","512","13","818","2079","0","39.35","14.09"
"67","000","00","080","0006","0280","380","120","260","8","388","1036","0","37.45","11.58"
"67","000","00","080","0006","0281","425","173","252","5","430","1043","0","41.23","16.59"
"67","000","00","080","0011","0000","727","212","515","8","735","1817","0","40.45","11.67"
"67","000","00","080","0011","0286","372","108","264","3","375","919","0","40.81","11.75"
"67","000","00","080","0011","0287","355","104","251","5","360","898","0","40.09","11.58"
"67","000","00","080","0012","0000","387","89","298","10","397","866","0","45.84","10.28"
"67","000","00","080","0012","0288","387","89","298","10","397","866","0","45.84","10.28"
"67","000","00","080","0013","0000","425","131","294","2","427","1269","0","33.65","10.32"
"67","000","00","080","0013","0289","227","73","154","1","228","647","0","35.24","11.28"
"67","000","00","080","0013","0290","198","58","140","1","199","622","0","31.99","9.32"
"67","000","00","080","0016","0000","852","222","630","7","859","2146","0","40.03","10.34"
"67","000","00","080","0016","0284","459","122","337","4","463","1099","0","42.13","11.10"
"67","000","00","080","0016","0285","393","100","293","3","396","1047","0","37.82","9.55"
"67","000","00","080","0017","0000","564","197","367","10","574","1539","0","37.30","12.80"
"67","000","00","080","0017","0282","255","80","175","6","261","700","0","37.29","11.43"
"67","000","00","080","0017","0283","309","117","192","4","313","839","0","37.31","13.95"
"67","000","00","080","0018","0000","859","207","652","8","867","2173","0","39.90","9.53"
"67","000","00","080","0018","0291","463","118","345","7","470","1138","0","41.30","10.37"
"67","000","00","080","0018","0292","396","89","307","1","397","1035","0","38.36","8.60"
"67","000","00","090","0000","0000","7003","2202","4801","97","7100","18759","21572","37.85","11.74"
"67","000","00","090","0001","0000","1057","345","712","13","1070","2866","0","37.33","12.04"
"67","000","00","090","0001","0293","303","108","195","2","305","795","0","38.36","13.58"
"67","000","00","090","0001","0294","229","86","143","0","229","627","0","36.52","13.72"
"67","000","00","090","0001","0295","525","151","374","11","536","1444","0","37.12","10.46"
"67","000","00","090","0002","0000","954","281","673","17","971","2601","0","37.33","10.80"
"67","000","00","090","0002","0296","570","179","391","10","580","1483","0","39.11","12.07"
"67","000","00","090","0002","0297","384","102","282","7","391","1118","0","34.97","9.12"
"67","000","00","090","0003","0000","545","181","364","7","552","1327","0","41.60","13.64"
"67","000","00","090","0003","0298","545","181","364","7","552","1327","0","41.60","13.64"
"67","000","00","090","0005","0000","694","202","492","10","704","1910","0","36.86","10.58"
"67","000","00","090","0005","0299","338","103","235","4","342","1014","0","33.73","10.16"
"67","000","00","090","0005","0300","356","99","257","6","362","896","0","40.40","11.05"
"67","000","00","090","0006","0000","1257","391","866","17","1274","3299","0","38.62","11.85"
"67","000","00","090","0006","0301","531","153","378","4","535","1369","0","39.08","11.18"
"67","000","00","090","0006","0302","343","116","227","8","351","938","0","37.42","12.37"
"67","000","00","090","0006","0303","383","122","261","5","388","992","0","39.11","12.30"
"67","000","00","090","0007","0000","765","223","542","11","776","2062","0","37.63","10.81"
"67","000","00","090","0007","0304","437","121","316","4","441","1168","0","37.76","10.36"
"67","000","00","090","0007","0305","328","102","226","7","335","894","0","37.47","11.41"
"67","000","00","090","0008","0000","612","206","406","12","624","1583","0","39.42","13.01"
"67","000","00","090","0008","0306","226","74","152","3","229","603","0","37.98","12.27"
"67","000","00","090","0008","0307","386","132","254","9","395","980","0","40.31","13.47"
"67","000","00","090","0009","0000","475","164","311","5","480","1229","0","39.06","13.34"
"67","000","00","090","0009","0308","475","164","311","5","480","1229","0","39.06","13.34"
"67","000","00","090","0010","0000","265","103","162","3","268","583","0","45.97","17.67"
"67","000","00","090","0010","0309","265","103","162","3","268","583","0","45.97","17.67"
"67","000","00","090","0011","0000","195","55","140","1","196","719","0","27.26","7.65"
"67","000","00","090","0011","0310","195","55","140","1","196","719","0","27.26","7.65"
"67","000","00","090","0012","0000","184","51","133","1","185","580","0","31.90","8.79"
"67","000","00","090","0012","0311","184","51","133","1","185","580","0","31.90","8.79"
"67","000","00","100","0000","0000","7635","2207","5428","92","7727","18603","21123","41.54","11.86"
"67","000","00","100","0001","0000","812","269","543","5","817","2045","0","39.95","13.15"
"67","000","00","100","0001","0426","439","166","273","2","441","1070","0","41.21","15.51"
"67","000","00","100","0001","0427","373","103","270","3","376","975","0","38.56","10.56"
"67","000","00","100","0002","0000","1313","302","1011","17","1330","3141","0","42.34","9.61"
"67","000","00","100","0002","0428","444","112","332","4","448","1017","0","44.05","11.01"
"67","000","00","100","0002","0429","394","85","309","7","401","1037","0","38.67","8.20"
"67","000","00","100","0002","0430","475","105","370","6","481","1087","0","44.25","9.66"
"67","000","00","100","0005","0000","143","50","93","3","146","402","0","36.32","12.44"
"67","000","00","100","0005","0433","143","50","93","3","146","402","0","36.32","12.44"
"67","000","00","100","0006","0000","785","296","489","8","793","1948","0","40.71","15.20"
"67","000","00","100","0006","0434","427","158","269","5","432","934","0","46.25","16.92"
"67","000","00","100","0006","0435","358","138","220","3","361","1014","0","35.60","13.61"
"67","000","00","100","0007","0000","1409","536","873","16","1425","3476","0","41.00","15.42"
"67","000","00","100","0007","0436","330","102","228","2","332","923","0","35.97","11.05"
"67","000","00","100","0007","0437","513","204","309","8","521","1208","0","43.13","16.89"
"67","000","00","100","0007","0438","566","230","336","6","572","1345","0","42.53","17.10"
"67","000","00","100","0008","0000","455","119","336","6","461","1243","0","37.09","9.57"
"67","000","00","100","0008","0439","455","119","336","6","461","1243","0","37.09","9.57"
"67","000","00","100","0013","0000","314","69","245","2","316","855","0","36.96","8.07"
"67","000","00","100","0013","0446","314","69","245","2","316","855","0","36.96","8.07"
"67","000","00","100","0014","0000","521","134","387","4","525","1197","0","43.86","11.19"
"67","000","00","100","0014","0431","401","82","319","4","405","928","0","43.64","8.84"
"67","000","00","100","0014","0432","120","52","68","0","120","269","0","44.61","19.33"
"67","000","00","100","0015","0000","1080","333","747","20","1100","2498","0","44.04","13.33"
"67","000","00","100","0015","0442","231","84","147","2","233","497","0","46.88","16.90"
"67","000","00","100","0015","0443","312","101","211","7","319","706","0","45.18","14.31"
"67","000","00","100","0015","0444","336","97","239","4","340","785","0","43.31","12.36"
"67","000","00","100","0015","0445","201","51","150","7","208","510","0","40.78","10.00"
"67","000","00","100","0016","0000","803","99","704","11","814","1798","0","45.27","5.51"
"67","000","00","100","0016","0440","555","67","488","7","562","1215","0","46.26","5.51"
"67","000","00","100","0016","0441","248","32","216","4","252","583","0","43.22","5.49"
"67","000","00","110","0000","0000","3185","974","2211","44","3229","8312","9096","38.85","11.72"
"67","000","00","110","0001","0000","384","126","258","5","389","992","0","39.21","12.70"
"67","000","00","110","0001","0480","291","70","221","4","295","743","0","39.70","9.42"
"67","000","00","110","0001","0481","93","56","37","1","94","249","0","37.75","22.49"
"67","000","00","110","0002","0000","229","52","177","6","235","619","0","37.96","8.40"
"67","000","00","110","0002","0482","229","52","177","6","235","619","0","37.96","8.40"
"67","000","00","110","0003","0000","522","133","389","7","529","1411","0","37.49","9.43"
"67","000","00","110","0003","0483","522","133","389","7","529","1411","0","37.49","9.43"
"67","000","00","110","0004","0000","327","127","200","3","330","885","0","37.29","14.35"
"67","000","00","110","0004","0484","327","127","200","3","330","885","0","37.29","14.35"
"67","000","00","110","0005","0000","350","122","228","6","356","744","0","47.85","16.40"
"67","000","00","110","0005","0485","350","122","228","6","356","744","0","47.85","16.40"
"67","000","00","110","0006","0000","250","70","180","2","252","598","0","42.14","11.71"
"67","000","00","110","0006","0486","250","70","180","2","252","598","0","42.14","11.71"
"67","000","00","110","0007","0000","337","104","233","3","340","969","0","35.09","10.73"
"67","000","00","110","0007","0487","337","104","233","3","340","969","0","35.09","10.73"
"67","000","00","110","0008","0000","235","72","163","6","241","722","0","33.38","9.97"
"67","000","00","110","0008","0488","235","72","163","6","241","722","0","33.38","9.97"
"67","000","00","110","0009","0000","328","117","211","3","331","822","0","40.27","14.23"
"67","000","00","110","0009","0489","328","117","211","3","331","822","0","40.27","14.23"
"67","000","00","110","0010","0000","223","51","172","3","226","550","0","41.09","9.27"
"67","000","00","110","0010","0490","223","51","172","3","226","550","0","41.09","9.27"
"67","000","00","120","0000","0000","19712","6470","13242","161","19873","49901","58600","39.82","12.97"
"67","000","00","120","0001","0000","992","327","665","15","1007","2192","0","45.94","14.92"
"67","000","00","120","0001","0337","484","143","341","7","491","1081","0","45.42","13.23"
"67","000","00","120","0001","0338","508","184","324","8","516","1111","0","46.44","16.56"
"67","000","00","120","0002","0000","1081","331","750","8","1089","2827","0","38.52","11.71"
"67","000","00","120","0002","0339","553","163","390","6","559","1371","0","40.77","11.89"
"67","000","00","120","0002","0340","528","168","360","2","530","1456","0","36.40","11.54"
"67","000","00","120","0003","0000","2160","684","1476","10","2170","5534","0","39.21","12.36"
"67","000","00","120","0003","0341","432","139","293","2","434","1083","0","40.07","12.83"
"67","000","00","120","0003","0342","424","138","286","1","425","1102","0","38.57","12.52"
"67","000","00","120","0003","0343","411","144","267","1","412","1066","0","38.65","13.51"
"67","000","00","120","0003","0344","432","150","282","1","433","1127","0","38.42","13.31"
"67","000","00","120","0003","0345","461","113","348","5","466","1156","0","40.31","9.78"
"67","000","00","120","0004","0000","1607","553","1054","8","1615","4239","0","38.10","13.05"
"67","000","00","120","0004","0355","407","127","280","1","408","1034","0","39.46","12.28"
"67","000","00","120","0004","0356","383","141","242","2","385","999","0","38.54","14.11"
"67","000","00","120","0004","0357","425","146","279","2","427","1164","0","36.68","12.54"
"67","000","00","120","0004","0358","392","139","253","3","395","1042","0","37.91","13.34"
"67","000","00","120","0005","0000","2280","787","1493","16","2296","5723","0","40.12","13.75"
"67","000","00","120","0005","0346","429","153","276","4","433","1034","0","41.88","14.80"
"67","000","00","120","0005","0347","455","161","294","2","457","1155","0","39.57","13.94"
"67","000","00","120","0005","0348","418","144","274","2","420","1097","0","38.29","13.13"
"67","000","00","120","0005","0349","521","188","333","3","524","1234","0","42.46","15.24"
"67","000","00","120","0005","0350","457","141","316","5","462","1203","0","38.40","11.72"
"67","000","00","120","0006","0000","1569","591","978","21","1590","3989","0","39.86","14.82"
"67","000","00","120","0006","0363","540","176","364","8","548","1367","0","40.09","12.87"
"67","000","00","120","0006","0364","515","190","325","5","520","1338","0","38.86","14.20"
"67","000","00","120","0006","0365","514","225","289","8","522","1284","0","40.65","17.52"
"67","000","00","120","0007","0000","810","242","568","9","819","2115","0","38.72","11.44"
"67","000","00","120","0007","0366","428","137","291","8","436","1146","0","38.05","11.95"
"67","000","00","120","0007","0367","382","105","277","1","383","969","0","39.53","10.84"
"67","000","00","120","0012","0000","769","239","530","12","781","2153","0","36.27","11.10"
"67","000","00","120","0012","0372","422","141","281","3","425","1148","0","37.02","12.28"
"67","000","00","120","0012","0373","347","98","249","9","356","1005","0","35.42","9.75"
"67","000","00","120","0019","0000","663","234","429","4","667","1660","0","40.18","14.10"
"67","000","00","120","0019","0379","512","127","385","2","514","1290","0","39.84","9.84"
"67","000","00","120","0019","0380","151","107","44","2","153","370","0","41.35","28.92"
"67","000","00","120","0020","0000","987","259","728","11","998","2328","0","42.87","11.13"
"67","000","00","120","0020","0381","286","65","221","5","291","677","0","42.98","9.60"
"67","000","00","120","0020","0382","297","95","202","2","299","739","0","40.46","12.86"
"67","000","00","120","0020","0383","404","99","305","4","408","912","0","44.74","10.86"
"67","000","00","120","0022","0000","400","133","267","8","408","1045","0","39.04","12.73"
"67","000","00","120","0022","0370","265","85","180","7","272","689","0","39.48","12.34"
"67","000","00","120","0022","0371","135","48","87","1","136","356","0","38.20","13.48"
"67","000","00","120","0023","0000","2024","787","1237","5","2029","5063","0","40.08","15.54"
"67","000","00","120","0023","0351","465","182","283","2","467","1180","0","39.58","15.42"
"67","000","00","120","0023","0352","534","203","331","1","535","1337","0","40.01","15.18"
"67","000","00","120","0023","0353","511","187","324","0","511","1309","0","39.04","14.29"
"67","000","00","120","0023","0354","514","215","299","2","516","1237","0","41.71","17.38"
"67","000","00","120","0024","0000","900","253","647","8","908","2103","0","43.18","12.03"
"67","000","00","120","0024","0368","471","124","347","6","477","1162","0","41.05","10.67"
"67","000","00","120","0024","0369","429","129","300","2","431","941","0","45.80","13.71"
"67","000","00","120","0025","0000","724","227","497","1","725","1786","0","40.59","12.71"
"67","000","00","120","0025","0374","374","110","264","0","374","856","0","43.69","12.85"
"67","000","00","120","0025","0375","350","117","233","1","351","930","0","37.74","12.58"
"67","000","00","120","0026","0000","1055","270","785","15","1070","2729","0","39.21","9.89"
"67","000","00","120","0026","0376","437","112","325","5","442","1006","0","43.94","11.13"
"67","000","00","120","0026","0377","319","92","227","5","324","944","0","34.32","9.75"
"67","000","00","120","0026","0378","299","66","233","5","304","779","0","39.02","8.47"
"67","000","00","120","0027","0000","1691","553","1138","10","1701","4415","0","38.53","12.53"
"67","000","00","120","0027","0359","382","149","233","1","383","1070","0","35.79","13.93"
"67","000","00","120","0027","0360","405","105","300","2","407","1131","0","35.99","9.28"
"67","000","00","120","0027","0361","361","124","237","2","363","942","0","38.54","13.16"
"67","000","00","120","0027","0362","543","175","368","5","548","1272","0","43.08","13.76"
"67","000","00","130","0000","0000","8645","2501","6144","85","8730","22220","25121","39.29","11.26"
"67","000","00","130","0001","0000","1586","489","1097","11","1597","3771","0","42.35","12.97"
"67","000","00","130","0001","0088","423","116","307","3","426","953","0","44.70","12.17"
"67","000","00","130","0001","0089","466","149","317","1","467","1083","0","43.12","13.76"
"67","000","00","130","0001","0090","378","107","271","1","379","886","0","42.78","12.08"
"67","000","00","130","0001","0091","319","117","202","6","325","849","0","38.28","13.78"
"67","000","00","130","0002","0000","884","262","622","6","890","2308","0","38.56","11.35"
"67","000","00","130","0002","0095","396","102","294","3","399","1064","0","37.50","9.59"
"67","000","00","130","0002","0096","488","160","328","3","491","1244","0","39.47","12.86"
"67","000","00","130","0003","0000","458","105","353","0","458","1207","0","37.95","8.70"
"67","000","00","130","0003","0101","308","64","244","0","308","821","0","37.52","7.80"
"67","000","00","130","0003","0102","150","41","109","0","150","386","0","38.86","10.62"
"67","000","00","130","0004","0000","280","85","195","7","287","771","0","37.22","11.02"
"67","000","00","130","0004","0103","280","85","195","7","287","771","0","37.22","11.02"
"67","000","00","130","0005","0000","778","274","504","4","782","1967","0","39.76","13.93"
"67","000","00","130","0005","0085","282","105","177","1","283","625","0","45.28","16.80"
"67","000","00","130","0005","0086","318","96","222","3","321","924","0","34.74","10.39"
"67","000","00","130","0005","0087","178","73","105","0","178","418","0","42.58","17.46"
"67","000","00","130","0006","0000","954","278","676","12","966","2463","0","39.22","11.29"
"67","000","00","130","0006","0080","308","91","217","5","313","848","0","36.91","10.73"
"67","000","00","130","0006","0081","250","71","179","3","253","663","0","38.16","10.71"
"67","000","00","130","0006","0082","396","116","280","4","400","952","0","42.02","12.18"
"67","000","00","130","0007","0000","780","191","589","4","784","1887","0","41.55","10.12"
"67","000","00","130","0007","0083","418","86","332","3","421","1058","0","39.79","8.13"
"67","000","00","130","0007","0084","362","105","257","1","363","829","0","43.79","12.67"
"67","000","00","130","0008","0000","446","101","345","5","451","1175","0","38.38","8.60"
"67","000","00","130","0008","0098","446","101","345","5","451","1175","0","38.38","8.60"
"67","000","00","130","0009","0000","373","59","314","4","377","1001","0","37.66","5.89"
"67","000","00","130","0009","0104","373","59","314","4","377","1001","0","37.66","5.89"
"67","000","00","130","0010","0000","784","267","517","13","797","2054","0","38.80","13.00"
"67","000","00","130","0010","0092","296","121","175","6","302","712","0","42.42","16.99"
"67","000","00","130","0010","0093","263","95","168","3","266","743","0","35.80","12.79"
"67","000","00","130","0010","0094","225","51","174","4","229","599","0","38.23","8.51"
"67","000","00","130","0011","0000","380","109","271","5","385","939","0","41.00","11.61"
"67","000","00","130","0011","0097","380","109","271","5","385","939","0","41.00","11.61"
"67","000","00","130","0012","0000","475","142","333","8","483","1310","0","36.87","10.84"
"67","000","00","130","0012","0105","199","58","141","5","204","578","0","35.29","10.03"
"67","000","00","130","0012","0106","137","49","88","1","138","405","0","34.07","12.10"
"67","000","00","130","0012","0107","139","35","104","2","141","327","0","43.12","10.70"
"67","000","00","130","0013","0000","467","139","328","6","473","1367","0","34.60","10.17"
"67","000","00","130","0013","0099","279","86","193","3","282","808","0","34.90","10.64"
"67","000","00","130","0013","0100","188","53","135","3","191","559","0","34.17","9.48"
"67","000","00","140","0000","0000","8084","2241","5843","93","8177","21470","24521","38.09","10.44"
"67","000","00","140","0001","0000","1234","368","866","21","1255","3112","0","40.33","11.83"
"67","000","00","140","0001","0516","386","139","247","7","393","920","0","42.72","15.11"
"67","000","00","140","0001","0517","400","98","302","6","406","884","0","45.93","11.09"
"67","000","00","140","0001","0518","448","131","317","8","456","1308","0","34.86","10.02"
"67","000","00","140","0002","0000","978","240","738","13","991","2413","0","41.07","9.95"
"67","000","00","140","0002","0522","688","191","497","10","698","1682","0","41.50","11.36"
"67","000","00","140","0002","0523","290","49","241","3","293","731","0","40.08","6.70"
"67","000","00","140","0003","0000","601","159","442","2","603","1625","0","37.11","9.78"
"67","000","00","140","0003","0524","441","140","301","1","442","1217","0","36.32","11.50"
"67","000","00","140","0003","0525","160","19","141","1","161","408","0","39.46","4.66"
"67","000","00","140","0004","0000","541","142","399","9","550","1640","0","33.54","8.66"
"67","000","00","140","0004","0526","296","72","224","5","301","778","0","38.69","9.25"
"67","000","00","140","0004","0527","245","70","175","4","249","862","0","28.89","8.12"
"67","000","00","140","0005","0000","499","114","385","8","507","1436","0","35.31","7.94"
"67","000","00","140","0005","0528","499","114","385","8","507","1436","0","35.31","7.94"
"67","000","00","140","0006","0000","474","127","347","2","476","1456","0","32.69","8.72"
"67","000","00","140","0006","0529","474","127","347","2","476","1456","0","32.69","8.72"
"67","000","00","140","0007","0000","315","84","231","4","319","758","0","42.08","11.08"
"67","000","00","140","0007","0530","315","84","231","4","319","758","0","42.08","11.08"
"67","000","00","140","0008","0000","492","141","351","9","501","1338","0","37.44","10.54"
"67","000","00","140","0008","0531","492","141","351","9","501","1338","0","37.44","10.54"
"67","000","00","140","0009","0000","556","135","421","5","561","1342","0","41.80","10.06"
"67","000","00","140","0009","0532","556","135","421","5","561","1342","0","41.80","10.06"
"67","000","00","140","0010","0000","539","135","404","4","543","1352","0","40.16","9.99"
"67","000","00","140","0010","0533","340","87","253","3","343","961","0","35.69","9.05"
"67","000","00","140","0010","0534","199","48","151","1","200","391","0","51.15","12.28"
"67","000","00","140","0011","0000","281","110","171","5","286","805","0","35.53","13.66"
"67","000","00","140","0011","0535","281","110","171","5","286","805","0","35.53","13.66"
"67","000","00","140","0012","0000","1574","486","1088","11","1585","4193","0","37.80","11.59"
"67","000","00","140","0012","0519","487","165","322","3","490","1354","0","36.19","12.19"
"67","000","00","140","0012","0520","564","173","391","4","568","1294","0","43.89","13.37"
"67","000","00","140","0012","0521","523","148","375","4","527","1545","0","34.11","9.58"
"67","000","00","150","0000","0000","7062","1851","5211","81","7143","19595","21996","36.45","9.45"
"67","000","00","150","0001","0000","393","96","297","0","393","998","0","39.38","9.62"
"67","000","00","150","0001","0312","189","49","140","0","189","518","0","36.49","9.46"
"67","000","00","150","0001","0313","204","47","157","0","204","480","0","42.50","9.79"
"67","000","00","150","0002","0000","233","50","183","3","236","648","0","36.42","7.72"
"67","000","00","150","0002","0314","233","50","183","3","236","648","0","36.42","7.72"
"67","000","00","150","0004","0000","306","97","209","2","308","820","0","37.56","11.83"
"67","000","00","150","0004","0315","306","97","209","2","308","820","0","37.56","11.83"
"67","000","00","150","0005","0000","308","94","214","3","311","809","0","38.44","11.62"
"67","000","00","150","0005","0316","308","94","214","3","311","809","0","38.44","11.62"
"67","000","00","150","0006","0000","164","43","121","1","165","444","0","37.16","9.68"
"67","000","00","150","0006","0317","164","43","121","1","165","444","0","37.16","9.68"
"67","000","00","150","0007","0000","154","32","122","1","155","410","0","37.80","7.80"
"67","000","00","150","0007","0318","154","32","122","1","155","410","0","37.80","7.80"
"67","000","00","150","0008","0000","607","123","484","9","616","1608","0","38.31","7.65"
"67","000","00","150","0008","0320","314","72","242","6","320","832","0","38.46","8.65"
"67","000","00","150","0008","0321","293","51","242","3","296","776","0","38.14","6.57"
"67","000","00","150","0009","0000","129","47","82","0","129","343","0","37.61","13.70"
"67","000","00","150","0009","0322","129","47","82","0","129","343","0","37.61","13.70"
"67","000","00","150","0010","0000","344","72","272","3","347","861","0","40.30","8.36"
"67","000","00","150","0010","0323","344","72","272","3","347","861","0","40.30","8.36"
"67","000","00","150","0011","0000","276","80","196","5","281","775","0","36.26","10.32"
"67","000","00","150","0011","0324","276","80","196","5","281","775","0","36.26","10.32"
"67","000","00","150","0012","0000","884","204","680","8","892","2548","0","35.01","8.01"
"67","000","00","150","0012","0325","272","75","197","1","273","856","0","31.89","8.76"
"67","000","00","150","0012","0326","287","62","225","2","289","811","0","35.64","7.64"
"67","000","00","150","0012","0327","325","67","258","5","330","881","0","37.46","7.60"
"67","000","00","150","0015","0000","626","130","496","9","635","1894","0","33.53","6.86"
"67","000","00","150","0015","0328","393","78","315","4","397","1185","0","33.50","6.58"
"67","000","00","150","0015","0329","233","52","181","5","238","709","0","33.57","7.33"
"67","000","00","150","0017","0000","236","58","178","3","239","683","0","34.99","8.49"
"67","000","00","150","0017","0319","236","58","178","3","239","683","0","34.99","8.49"
"67","000","00","150","0018","0000","481","137","344","9","490","1214","0","40.36","11.29"
"67","000","00","150","0018","0330","236","63","173","7","243","605","0","40.17","10.41"
"67","000","00","150","0018","0331","245","74","171","2","247","609","0","40.56","12.15"
"67","000","00","150","0019","0000","706","198","508","11","717","1858","0","38.59","10.66"
"67","000","00","150","0019","0332","425","122","303","6","431","1170","0","36.84","10.43"
"67","000","00","150","0019","0333","281","76","205","5","286","688","0","41.57","11.05"
"67","000","00","150","0021","0000","344","121","223","4","348","992","0","35.08","12.20"
"67","000","00","150","0021","0334","344","121","223","4","348","992","0","35.08","12.20"
"67","000","00","150","0022","0000","442","122","320","4","446","1329","0","33.56","9.18"
"67","000","00","150","0022","0335","442","122","320","4","446","1329","0","33.56","9.18"
"67","000","00","150","0023","0000","429","147","282","6","435","1361","0","31.96","10.80"
"67","000","00","150","0023","0336","429","147","282","6","435","1361","0","31.96","10.80"
"67","000","00","160","0000","0000","6207","1573","4634","83","6290","17313","18966","36.33","9.09"
"67","000","00","160","0001","0000","430","130","300","9","439","1136","0","38.64","11.44"
"67","000","00","160","0001","0246","430","130","300","9","439","1136","0","38.64","11.44"
"67","000","00","160","0013","0000","260","54","206","3","263","821","0","32.03","6.58"
"67","000","00","160","0013","0262","260","54","206","3","263","821","0","32.03","6.58"
"67","000","00","160","0014","0000","182","62","120","5","187","636","0","29.40","9.75"
"67","000","00","160","0014","0263","182","62","120","5","187","636","0","29.40","9.75"
"67","000","00","160","0015","0000","447","99","348","7","454","1312","0","34.60","7.55"
"67","000","00","160","0015","0264","263","55","208","4","267","673","0","39.67","8.17"
"67","000","00","160","0015","0265","184","44","140","3","187","639","0","29.26","6.89"
"67","000","00","160","0016","0000","426","93","333","9","435","1171","0","37.15","7.94"
"67","000","00","160","0016","0266","426","93","333","9","435","1171","0","37.15","7.94"
"67","000","00","160","0017","0000","658","128","530","4","662","1862","0","35.55","6.87"
"67","000","00","160","0017","0267","238","39","199","1","239","800","0","29.88","4.88"
"67","000","00","160","0017","0268","420","89","331","3","423","1062","0","39.83","8.38"
"67","000","00","160","0018","0000","273","60","213","5","278","946","0","29.39","6.34"
"67","000","00","160","0018","0269","273","60","213","5","278","946","0","29.39","6.34"
"67","000","00","160","0019","0000","470","96","374","3","473","1166","0","40.57","8.23"
"67","000","00","160","0019","0257","261","53","208","2","263","614","0","42.83","8.63"
"67","000","00","160","0019","0258","209","43","166","1","210","552","0","38.04","7.79"
"67","000","00","160","0020","0000","913","256","657","7","920","2358","0","39.02","10.86"
"67","000","00","160","0020","0247","560","161","399","4","564","1453","0","38.82","11.08"
"67","000","00","160","0020","0248","353","95","258","3","356","905","0","39.34","10.50"
"67","000","00","160","0021","0000","844","246","598","17","861","2413","0","35.68","10.19"
"67","000","00","160","0021","0249","204","72","132","4","208","490","0","42.45","14.69"
"67","000","00","160","0021","0250","348","91","257","5","353","1065","0","33.15","8.54"
"67","000","00","160","0021","0251","167","43","124","7","174","516","0","33.72","8.33"
"67","000","00","160","0021","0252","125","40","85","1","126","342","0","36.84","11.70"
"67","000","00","160","0022","0000","758","200","558","10","768","1964","0","39.10","10.18"
"67","000","00","160","0022","0253","203","59","144","2","205","556","0","36.87","10.61"
"67","000","00","160","0022","0254","158","31","127","3","161","395","0","40.76","7.85"
"67","000","00","160","0022","0255","218","60","158","2","220","560","0","39.29","10.71"
"67","000","00","160","0022","0256","179","50","129","3","182","453","0","40.18","11.04"
"67","000","00","160","0023","0000","546","149","397","4","550","1528","0","35.99","9.75"
"67","000","00","160","0023","0259","193","49","144","2","195","569","0","34.27","8.61"
"67","000","00","160","0023","0260","198","58","140","0","198","543","0","36.46","10.68"
"67","000","00","160","0023","0261","155","42","113","2","157","416","0","37.74","10.10"
"67","000","00","170","0000","0000","3029","974","2055","37","3066","9549","10460","32.11","10.20"
"67","000","00","170","0001","0000","382","127","255","7","389","1309","0","29.72","9.70"
"67","000","00","170","0001","0068","213","59","154","5","218","711","0","30.66","8.30"
"67","000","00","170","0001","0069","169","68","101","2","171","598","0","28.60","11.37"
"67","000","00","170","0002","0000","146","47","99","3","149","451","0","33.04","10.42"
"67","000","00","170","0002","0073","146","47","99","3","149","451","0","33.04","10.42"
"67","000","00","170","0005","0000","271","101","170","1","272","820","0","33.17","12.32"
"67","000","00","170","0005","0064","168","69","99","0","168","454","0","37.00","15.20"
"67","000","00","170","0005","0065","103","32","71","1","104","366","0","28.42","8.74"
"67","000","00","170","0006","0000","249","90","159","2","251","909","0","27.61","9.90"
"67","000","00","170","0006","0074","249","90","159","2","251","909","0","27.61","9.90"
"67","000","00","170","0007","0000","396","140","256","4","400","1152","0","34.72","12.15"
"67","000","00","170","0007","0076","205","63","142","3","208","647","0","32.15","9.74"
"67","000","00","170","0007","0077","191","77","114","1","192","505","0","38.02","15.25"
"67","000","00","170","0009","0000","242","61","181","5","247","702","0","35.19","8.69"
"67","000","00","170","0009","0066","134","34","100","2","136","344","0","39.53","9.88"
"67","000","00","170","0009","0067","108","27","81","3","111","358","0","31.01","7.54"
"67","000","00","170","0011","0000","199","58","141","2","201","726","0","27.69","7.99"
"67","000","00","170","0011","0075","199","58","141","2","201","726","0","27.69","7.99"
"67","000","00","170","0013","0000","281","102","179","4","285","843","0","33.81","12.10"
"67","000","00","170","0013","0062","162","44","118","2","164","454","0","36.12","9.69"
"67","000","00","170","0013","0063","119","58","61","2","121","389","0","31.11","14.91"
"67","000","00","170","0014","0000","430","137","293","2","432","1415","0","30.53","9.68"
"67","000","00","170","0014","0070","156","51","105","0","156","567","0","27.51","8.99"
"67","000","00","170","0014","0071","177","70","107","1","178","539","0","33.02","12.99"
"67","000","00","170","0014","0072","97","16","81","1","98","309","0","31.72","5.18"
"67","000","00","170","0015","0000","433","111","322","7","440","1222","0","36.01","9.08"
"67","000","00","170","0015","0078","203","48","155","3","206","606","0","33.99","7.92"
"67","000","00","170","0015","0079","230","63","167","4","234","616","0","37.99","10.23"
"67","000","00","180","0000","0000","14701","5582","9119","163","14864","37315","43049","39.83","14.96"
"67","000","00","180","0001","0000","1351","581","770","12","1363","3038","0","44.87","19.12"
"67","000","00","180","0001","1020","331","168","163","3","334","722","0","46.26","23.27"
"67","000","00","180","0001","1021","464","191","273","5","469","1094","0","42.87","17.46"
"67","000","00","180","0001","1022","174","68","106","1","175","334","0","52.40","20.36"
"67","000","00","180","0001","1023","382","154","228","3","385","888","0","43.36","17.34"
"67","000","00","180","0002","0000","1579","656","923","14","1593","3973","0","40.10","16.51"
"67","000","00","180","0002","1024","485","221","264","4","489","1178","0","41.51","18.76"
"67","000","00","180","0002","1025","329","101","228","3","332","822","0","40.39","12.29"
"67","000","00","180","0002","1026","356","150","206","3","359","921","0","38.98","16.29"
"67","000","00","180","0002","1027","409","184","225","4","413","1052","0","39.26","17.49"
"67","000","00","180","0003","0000","1078","421","657","10","1088","2724","0","39.94","15.46"
"67","000","00","180","0003","1028","411","148","263","3","414","912","0","45.39","16.23"
"67","000","00","180","0003","1029","319","142","177","3","322","810","0","39.75","17.53"
"67","000","00","180","0003","1030","348","131","217","4","352","1002","0","35.13","13.07"
"67","000","00","180","0004","0000","1832","703","1129","17","1849","4411","0","41.92","15.94"
"67","000","00","180","0004","1031","564","207","357","11","575","1338","0","42.97","15.47"
"67","000","00","180","0004","1032","403","172","231","2","405","1025","0","39.51","16.78"
"67","000","00","180","0004","1033","492","182","310","2","494","1256","0","39.33","14.49"
"67","000","00","180","0004","1034","373","142","231","2","375","792","0","47.35","17.93"
"67","000","00","180","0009","0000","1281","487","794","19","1300","3203","0","40.59","15.20"
"67","000","00","180","0009","1035","381","122","259","5","386","984","0","39.23","12.40"
"67","000","00","180","0009","1036","382","158","224","7","389","991","0","39.25","15.94"
"67","000","00","180","0009","1037","518","207","311","7","525","1228","0","42.75","16.86"
"67","000","00","180","0010","0000","853","289","564","8","861","2153","0","39.99","13.42"
"67","000","00","180","0010","1038","478","197","281","3","481","1160","0","41.47","16.98"
"67","000","00","180","0010","1039","375","92","283","5","380","993","0","38.27","9.26"
"67","000","00","180","0011","0000","560","195","365","6","566","1482","0","38.19","13.16"
"67","000","00","180","0011","1040","560","195","365","6","566","1482","0","38.19","13.16"
"67","000","00","180","0012","0000","1201","501","700","19","1220","3226","0","37.82","15.53"
"67","000","00","180","0012","1041","454","180","274","7","461","1224","0","37.66","14.71"
"67","000","00","180","0012","1042","436","201","235","5","441","1245","0","35.42","16.14"
"67","000","00","180","0012","1043","311","120","191","7","318","757","0","42.01","15.85"
"67","000","00","180","0013","0000","1090","462","628","15","1105","2804","0","39.41","16.48"
"67","000","00","180","0013","1044","459","171","288","11","470","1366","0","34.41","12.52"
"67","000","00","180","0013","1045","631","291","340","4","635","1438","0","44.16","20.24"
"67","000","00","180","0014","0000","851","260","591","7","858","2123","0","40.41","12.25"
"67","000","00","180","0014","1046","393","118","275","2","395","1011","0","39.07","11.67"
"67","000","00","180","0014","1047","458","142","316","5","463","1112","0","41.64","12.77"
"67","000","00","180","0015","0000","832","306","526","10","842","2155","0","39.07","14.20"
"67","000","00","180","0015","1048","474","166","308","7","481","1177","0","40.87","14.10"
"67","000","00","180","0015","1049","358","140","218","3","361","978","0","36.91","14.31"
"67","000","00","180","0016","0000","564","177","387","7","571","1679","0","34.01","10.54"
"67","000","00","180","0016","1050","335","100","235","6","341","962","0","35.45","10.40"
"67","000","00","180","0016","1051","229","77","152","1","230","717","0","32.08","10.74"
"67","000","00","180","0017","0000","160","36","124","2","162","425","0","38.12","8.47"
"67","000","00","180","0017","1052","160","36","124","2","162","425","0","38.12","8.47"
"67","000","00","180","0018","0000","737","301","436","8","745","2087","0","35.70","14.42"
"67","000","00","180","0018","1053","359","148","211","0","359","1051","0","34.16","14.08"
"67","000","00","180","0018","1054","378","153","225","8","386","1036","0","37.26","14.77"
"67","000","00","180","0019","0000","355","136","219","2","357","899","0","39.71","15.13"
"67","000","00","180","0019","1055","355","136","219","2","357","899","0","39.71","15.13"
"67","000","00","180","0020","0000","377","71","306","7","384","933","0","41.16","7.61"
"67","000","00","180","0020","1056","377","71","306","7","384","933","0","41.16","7.61"
"67","000","00","190","0000","0000","16670","5564","11106","181","16851","41406","51052","40.70","13.44"
"67","000","00","190","0001","0000","434","170","264","10","444","1123","0","39.54","15.14"
"67","000","00","190","0001","0447","434","170","264","10","444","1123","0","39.54","15.14"
"67","000","00","190","0002","0000","1562","621","941","13","1575","3901","0","40.37","15.92"
"67","000","00","190","0002","0448","607","281","326","4","611","1398","0","43.71","20.10"
"67","000","00","190","0002","0449","497","176","321","3","500","1169","0","42.77","15.06"
"67","000","00","190","0002","0450","458","164","294","6","464","1334","0","34.78","12.29"
"67","000","00","190","0003","0000","2205","848","1357","24","2229","5414","0","41.17","15.66"
"67","000","00","190","0003","0451","571","213","358","3","574","1342","0","42.77","15.87"
"67","000","00","190","0003","0452","598","221","377","3","601","1363","0","44.09","16.21"
"67","000","00","190","0003","0453","576","232","344","12","588","1496","0","39.30","15.51"
"67","000","00","190","0003","0454","460","182","278","6","466","1213","0","38.42","15.00"
"67","000","00","190","0004","0000","1013","357","656","9","1022","2685","0","38.06","13.30"
"67","000","00","190","0004","0455","583","213","370","5","588","1531","0","38.41","13.91"
"67","000","00","190","0004","0456","430","144","286","4","434","1154","0","37.61","12.48"
"67","000","00","190","0005","0000","735","231","504","5","740","1791","0","41.32","12.90"
"67","000","00","190","0005","0457","377","109","268","4","381","946","0","40.27","11.52"
"67","000","00","190","0005","0458","358","122","236","1","359","845","0","42.49","14.44"
"67","000","00","190","0008","0000","626","203","423","5","631","1601","0","39.41","12.68"
"67","000","00","190","0008","0460","626","203","423","5","631","1601","0","39.41","12.68"
"67","000","00","190","0009","0000","529","106","423","8","537","1235","0","43.48","8.58"
"67","000","00","190","0009","0461","529","106","423","8","537","1235","0","43.48","8.58"
"67","000","00","190","0010","0000","840","245","595","11","851","2010","0","42.34","12.19"
"67","000","00","190","0010","0462","447","125","322","7","454","1063","0","42.71","11.76"
"67","000","00","190","0010","0463","393","120","273","4","397","947","0","41.92","12.67"
"67","000","00","190","0011","0000","496","146","350","2","498","1226","0","40.62","11.91"
"67","000","00","190","0011","0464","496","146","350","2","498","1226","0","40.62","11.91"
"67","000","00","190","0012","0000","843","295","548","6","849","1944","0","43.67","15.17"
"67","000","00","190","0012","0465","441","157","284","1","442","1018","0","43.42","15.42"
"67","000","00","190","0012","0466","402","138","264","5","407","926","0","43.95","14.90"
"67","000","00","190","0013","0000","283","59","224","3","286","677","0","42.25","8.71"
"67","000","00","190","0013","0467","283","59","224","3","286","677","0","42.25","8.71"
"67","000","00","190","0014","0000","392","97","295","5","397","1041","0","38.14","9.32"
"67","000","00","190","0014","0468","392","97","295","5","397","1041","0","38.14","9.32"
"67","000","00","190","0015","0000","667","181","486","13","680","1684","0","40.38","10.75"
"67","000","00","190","0015","0469","667","181","486","13","680","1684","0","40.38","10.75"
"67","000","00","190","0018","0000","676","220","456","14","690","1608","0","42.91","13.68"
"67","000","00","190","0018","0472","676","220","456","14","690","1608","0","42.91","13.68"
"67","000","00","190","0019","0000","640","187","453","7","647","1587","0","40.77","11.78"
"67","000","00","190","0019","0473","640","187","453","7","647","1587","0","40.77","11.78"
"67","000","00","190","0020","0000","428","96","332","2","430","1068","0","40.26","8.99"
"67","000","00","190","0020","0474","428","96","332","2","430","1068","0","40.26","8.99"
"67","000","00","190","0021","0000","1676","603","1073","19","1695","4425","0","38.31","13.63"
"67","000","00","190","0021","0475","587","184","403","8","595","1414","0","42.08","13.01"
"67","000","00","190","0021","0476","554","203","351","7","561","1410","0","39.79","14.40"
"67","000","00","190","0021","0477","535","216","319","4","539","1601","0","33.67","13.49"
"67","000","00","190","0022","0000","482","188","294","2","484","1117","0","43.33","16.83"
"67","000","00","190","0022","0459","482","188","294","2","484","1117","0","43.33","16.83"
"67","000","00","190","0023","0000","778","220","558","12","790","1945","0","40.62","11.31"
"67","000","00","190","0023","0470","447","115","332","7","454","1083","0","41.92","10.62"
"67","000","00","190","0023","0471","331","105","226","5","336","862","0","38.98","12.18"
"67","000","00","190","0024","0000","1365","491","874","11","1376","3324","0","41.40","14.77"
"67","000","00","190","0024","0478","743","284","459","7","750","1824","0","41.12","15.57"
"67","000","00","190","0024","0479","622","207","415","4","626","1500","0","41.73","13.80"
"67","000","00","200","0000","0000","12178","4084","8094","129","12307","31369","37721","39.23","13.02"
"67","000","00","200","0001","0000","1140","411","729","13","1153","2990","0","38.56","13.75"
"67","000","00","200","0001","0829","358","135","223","2","360","964","0","37.34","14.00"
"67","000","00","200","0001","0830","455","159","296","7","462","1090","0","42.39","14.59"
"67","000","00","200","0001","0831","327","117","210","4","331","936","0","35.36","12.50"
"67","000","00","200","0002","0000","2648","969","1679","29","2677","6488","0","41.26","14.94"
"67","000","00","200","0002","0832","513","168","345","6","519","1253","0","41.42","13.41"
"67","000","00","200","0002","0833","543","189","354","2","545","1258","0","43.32","15.02"
"67","000","00","200","0002","0834","428","192","236","5","433","1056","0","41.00","18.18"
"67","000","00","200","0002","0835","444","172","272","6","450","1082","0","41.59","15.90"
"67","000","00","200","0002","0836","422","159","263","6","428","976","0","43.85","16.29"
"67","000","00","200","0002","0837","298","89","209","4","302","863","0","34.99","10.31"
"67","000","00","200","0003","0000","1114","336","778","6","1120","2768","0","40.46","12.14"
"67","000","00","200","0003","0838","393","114","279","2","395","932","0","42.38","12.23"
"67","000","00","200","0003","0839","401","147","254","2","403","1038","0","38.82","14.16"
"67","000","00","200","0003","0840","320","75","245","2","322","798","0","40.35","9.40"
"67","000","00","200","0004","0000","313","87","226","5","318","714","0","44.54","12.18"
"67","000","00","200","0004","0841","313","87","226","5","318","714","0","44.54","12.18"
"67","000","00","200","0005","0000","317","94","223","3","320","870","0","36.78","10.80"
"67","000","00","200","0005","0842","317","94","223","3","320","870","0","36.78","10.80"
"67","000","00","200","0006","0000","607","197","410","6","613","1563","0","39.22","12.60"
"67","000","00","200","0006","0843","338","102","236","5","343","910","0","37.69","11.21"
"67","000","00","200","0006","0844","269","95","174","1","270","653","0","41.35","14.55"
"67","000","00","200","0007","0000","1244","473","771","16","1260","3380","0","37.28","13.99"
"67","000","00","200","0007","0845","387","175","212","5","392","1124","0","34.88","15.57"
"67","000","00","200","0007","0846","445","166","279","2","447","1131","0","39.52","14.68"
"67","000","00","200","0007","0847","412","132","280","9","421","1125","0","37.42","11.73"
"67","000","00","200","0008","0000","1724","492","1232","16","1740","4530","0","38.41","10.86"
"67","000","00","200","0008","0848","446","153","293","5","451","1195","0","37.74","12.80"
"67","000","00","200","0008","0849","368","105","263","4","372","1048","0","35.50","10.02"
"67","000","00","200","0008","0850","471","126","345","6","477","1237","0","38.56","10.19"
"67","000","00","200","0008","0851","439","108","331","1","440","1050","0","41.90","10.29"
"67","000","00","200","0009","0000","677","188","489","5","682","1790","0","38.10","10.50"
"67","000","00","200","0009","0852","324","88","236","3","327","866","0","37.76","10.16"
"67","000","00","200","0009","0853","353","100","253","2","355","924","0","38.42","10.82"
"67","000","00","200","0010","0000","1166","381","785","14","1180","3330","0","35.44","11.44"
"67","000","00","200","0010","0854","296","133","163","2","298","913","0","32.64","14.57"
"67","000","00","200","0010","0855","431","108","323","7","438","1239","0","35.35","8.72"
"67","000","00","200","0010","0856","439","140","299","5","444","1178","0","37.69","11.88"
"67","000","00","200","0011","0000","1228","456","772","16","1244","2946","0","42.23","15.48"
"67","000","00","200","0011","0857","297","106","191","5","302","700","0","43.14","15.14"
"67","000","00","200","0011","0858","422","150","272","5","427","1056","0","40.44","14.20"
"67","000","00","200","0011","0859","509","200","309","6","515","1190","0","43.28","16.81"
"67","000","00","210","0000","0000","10646","3315","7331","124","10770","26163","30286","41.17","12.67"
"67","000","00","210","0001","0000","906","264","642","18","924","2065","0","44.75","12.78"
"67","000","00","210","0001","0536","546","171","375","8","554","1207","0","45.90","14.17"
"67","000","00","210","0001","0537","360","93","267","10","370","858","0","43.12","10.84"
"67","000","00","210","0002","0000","773","250","523","12","785","2038","0","38.52","12.27"
"67","000","00","210","0002","0538","417","146","271","8","425","1143","0","37.18","12.77"
"67","000","00","210","0002","0539","356","104","252","4","360","895","0","40.22","11.62"
"67","000","00","210","0003","0000","568","178","390","2","570","1381","0","41.27","12.89"
"67","000","00","210","0003","0540","251","83","168","2","253","653","0","38.74","12.71"
"67","000","00","210","0003","0541","317","95","222","0","317","728","0","43.54","13.05"
"67","000","00","210","0004","0000","887","284","603","15","902","2194","0","41.11","12.94"
"67","000","00","210","0004","0542","443","122","321","6","449","1112","0","40.38","10.97"
"67","000","00","210","0004","0543","444","162","282","9","453","1082","0","41.87","14.97"
"67","000","00","210","0006","0000","585","182","403","7","592","1485","0","39.87","12.26"
"67","000","00","210","0006","0544","274","76","198","5","279","726","0","38.43","10.47"
"67","000","00","210","0006","0545","311","106","205","2","313","759","0","41.24","13.97"
"67","000","00","210","0007","0000","718","225","493","7","725","1715","0","42.27","13.12"
"67","000","00","210","0007","0546","344","110","234","2","346","823","0","42.04","13.37"
"67","000","00","210","0007","0547","374","115","259","5","379","892","0","42.49","12.89"
"67","000","00","210","0008","0000","1188","402","786","13","1201","2901","0","41.40","13.86"
"67","000","00","210","0008","0548","484","189","295","5","489","1122","0","43.58","16.84"
"67","000","00","210","0008","0549","414","119","295","7","421","977","0","43.09","12.18"
"67","000","00","210","0008","0550","290","94","196","1","291","802","0","36.28","11.72"
"67","000","00","210","0009","0000","1092","316","776","11","1103","2658","0","41.50","11.89"
"67","000","00","210","0009","0551","528","133","395","8","536","1348","0","39.76","9.87"
"67","000","00","210","0009","0552","564","183","381","3","567","1310","0","43.28","13.97"
"67","000","00","210","0012","0000","317","105","212","0","317","715","0","44.34","14.69"
"67","000","00","210","0012","0555","317","105","212","0","317","715","0","44.34","14.69"
"67","000","00","210","0013","0000","976","299","677","8","984","2448","0","40.20","12.21"
"67","000","00","210","0013","0556","477","161","316","4","481","1260","0","38.17","12.78"
"67","000","00","210","0013","0557","499","138","361","4","503","1188","0","42.34","11.62"
"67","000","00","210","0014","0000","1033","334","699","13","1046","2574","0","40.64","12.98"
"67","000","00","210","0014","0558","510","149","361","6","516","1180","0","43.73","12.63"
"67","000","00","210","0014","0559","523","185","338","7","530","1394","0","38.02","13.27"
"67","000","00","210","0017","0000","679","188","491","5","684","1609","0","42.51","11.68"
"67","000","00","210","0017","0560","402","103","299","5","407","998","0","40.78","10.32"
"67","000","00","210","0017","0561","277","85","192","0","277","611","0","45.34","13.91"
"67","000","00","210","0018","0000","924","288","636","13","937","2380","0","39.37","12.10"
"67","000","00","210","0018","0553","488","132","356","4","492","1168","0","42.12","11.30"
"67","000","00","210","0018","0554","436","156","280","9","445","1212","0","36.72","12.87"
"67","000","00","220","0000","0000","2310","814","1496","38","2348","6378","7053","36.81","12.76"
"67","000","00","220","0001","0000","572","209","363","8","580","1662","0","34.90","12.58"
"67","000","00","220","0001","0562","285","106","179","4","289","848","0","34.08","12.50"
"67","000","00","220","0001","0563","287","103","184","4","291","814","0","35.75","12.65"
"67","000","00","220","0002","0000","642","214","428","9","651","1522","0","42.77","14.06"
"67","000","00","220","0002","0564","320","116","204","5","325","740","0","43.92","15.68"
"67","000","00","220","0002","0565","322","98","224","4","326","782","0","41.69","12.53"
"67","000","00","220","0003","0000","338","125","213","9","347","961","0","36.11","13.01"
"67","000","00","220","0003","0566","338","125","213","9","347","961","0","36.11","13.01"
"67","000","00","220","0004","0000","301","88","213","6","307","930","0","33.01","9.46"
"67","000","00","220","0004","0567","301","88","213","6","307","930","0","33.01","9.46"
"67","000","00","220","0005","0000","198","71","127","1","199","560","0","35.54","12.68"
"67","000","00","220","0005","0568","198","71","127","1","199","560","0","35.54","12.68"
"67","000","00","220","0006","0000","138","64","74","0","138","351","0","39.32","18.23"
"67","000","00","220","0006","0569","138","64","74","0","138","351","0","39.32","18.23"
"67","000","00","220","0007","0000","121","43","78","5","126","392","0","32.14","10.97"
"67","000","00","220","0007","0570","121","43","78","5","126","392","0","32.14","10.97"
"67","000","00","230","0000","0000","4352","2026","2326","68","4420","12025","13483","36.76","16.85"
"67","000","00","230","0001","0000","450","243","207","4","454","1202","0","37.77","20.22"
"67","000","00","230","0001","0491","450","243","207","4","454","1202","0","37.77","20.22"
"67","000","00","230","0002","0000","1263","651","612","17","1280","3556","0","36.00","18.31"
"67","000","00","230","0002","0492","338","194","144","5","343","960","0","35.73","20.21"
"67","000","00","230","0002","0493","290","138","152","3","293","811","0","36.13","17.02"
"67","000","00","230","0002","0494","278","135","143","5","283","822","0","34.43","16.42"
"67","000","00","230","0002","0495","357","184","173","4","361","963","0","37.49","19.11"
"67","000","00","230","0003","0000","485","216","269","6","491","1198","0","40.98","18.03"
"67","000","00","230","0003","0496","226","106","120","3","229","590","0","38.81","17.97"
"67","000","00","230","0003","0497","259","110","149","3","262","608","0","43.09","18.09"
"67","000","00","230","0004","0000","478","219","259","8","486","1398","0","34.76","15.67"
"67","000","00","230","0004","0498","310","142","168","6","316","899","0","35.15","15.80"
"67","000","00","230","0004","0499","168","77","91","2","170","499","0","34.07","15.43"
"67","000","00","230","0005","0000","193","87","106","11","204","497","0","41.05","17.51"
"67","000","00","230","0005","0500","193","87","106","11","204","497","0","41.05","17.51"
"67","000","00","230","0006","0000","176","64","112","1","177","490","0","36.12","13.06"
"67","000","00","230","0006","0501","176","64","112","1","177","490","0","36.12","13.06"
"67","000","00","230","0007","0000","291","119","172","4","295","731","0","40.36","16.28"
"67","000","00","230","0007","0502","291","119","172","4","295","731","0","40.36","16.28"
"67","000","00","230","0008","0000","497","217","280","4","501","1428","0","35.08","15.20"
"67","000","00","230","0008","0503","270","141","129","3","273","651","0","41.94","21.66"
"67","000","00","230","0008","0504","227","76","151","1","228","777","0","29.34","9.78"
"67","000","00","230","0009","0000","203","75","128","5","208","580","0","35.86","12.93"
"67","000","00","230","0009","0505","203","75","128","5","208","580","0","35.86","12.93"
"67","000","00","230","0010","0000","316","135","181","8","324","945","0","34.29","14.29"
"67","000","00","230","0010","0506","316","135","181","8","324","945","0","34.29","14.29"
"67","000","00","240","0000","0000","2629","1335","1294","35","2664","8230","9115","32.37","16.22"
"67","000","00","240","0001","0000","585","334","251","9","594","1779","0","33.39","18.77"
"67","000","00","240","0001","0507","315","180","135","5","320","950","0","33.68","18.95"
"67","000","00","240","0001","0508","270","154","116","4","274","829","0","33.05","18.58"
"67","000","00","240","0002","0000","291","131","160","3","294","1071","0","27.45","12.23"
"67","000","00","240","0002","0509","291","131","160","3","294","1071","0","27.45","12.23"
"67","000","00","240","0003","0000","201","100","101","3","204","681","0","29.96","14.68"
"67","000","00","240","0003","0510","201","100","101","3","204","681","0","29.96","14.68"
"67","000","00","240","0004","0000","306","129","177","2","308","951","0","32.39","13.56"
"67","000","00","240","0004","0511","306","129","177","2","308","951","0","32.39","13.56"
"67","000","00","240","0005","0000","313","176","137","4","317","894","0","35.46","19.69"
"67","000","00","240","0005","0512","313","176","137","4","317","894","0","35.46","19.69"
"67","000","00","240","0006","0000","204","93","111","4","208","639","0","32.55","14.55"
"67","000","00","240","0006","0513","204","93","111","4","208","639","0","32.55","14.55"
"67","000","00","240","0007","0000","729","372","357","10","739","2215","0","33.36","16.79"
"67","000","00","240","0007","0514","385","191","194","8","393","1176","0","33.42","16.24"
"67","000","00","240","0007","0515","344","181","163","2","346","1039","0","33.30","17.42"
"67","000","00","250","0000","0000","2289","1044","1245","33","2322","7508","8305","30.93","13.91"
"67","000","00","250","0001","0000","536","227","309","10","546","1343","0","40.66","16.90"
"67","000","00","250","0001","0581","255","117","138","5","260","664","0","39.16","17.62"
"67","000","00","250","0001","0582","281","110","171","5","286","679","0","42.12","16.20"
"67","000","00","250","0002","0000","216","96","120","3","219","764","0","28.66","12.57"
"67","000","00","250","0002","0583","216","96","120","3","219","764","0","28.66","12.57"
"67","000","00","250","0003","0000","116","53","63","3","119","404","0","29.46","13.12"
"67","000","00","250","0003","0586","116","53","63","3","119","404","0","29.46","13.12"
"67","000","00","250","0004","0000","202","74","128","3","205","547","0","37.48","13.53"
"67","000","00","250","0004","0587","202","74","128","3","205","547","0","37.48","13.53"
"67","000","00","250","0005","0000","175","71","104","1","176","620","0","28.39","11.45"
"67","000","00","250","0005","0584","175","71","104","1","176","620","0","28.39","11.45"
"67","000","00","250","0006","0000","210","98","112","1","211","725","0","29.10","13.52"
"67","000","00","250","0006","0585","210","98","112","1","211","725","0","29.10","13.52"
"67","000","00","250","0007","0000","345","179","166","2","347","1130","0","30.71","15.84"
"67","000","00","250","0007","0588","345","179","166","2","347","1130","0","30.71","15.84"
"67","000","00","250","0008","0000","308","140","168","6","314","1027","0","30.57","13.63"
"67","000","00","250","0008","0589","308","140","168","6","314","1027","0","30.57","13.63"
"67","000","00","250","0009","0000","181","106","75","4","185","948","0","19.51","11.18"
"67","000","00","250","0009","0590","181","106","75","4","185","948","0","19.51","11.18"
"67","000","00","260","0000","0000","1488","543","945","34","1522","4192","4475","36.31","12.95"
"67","000","00","260","0001","0000","125","54","71","1","126","359","0","35.10","15.04"
"67","000","00","260","0001","0571","125","54","71","1","126","359","0","35.10","15.04"
"67","000","00","260","0002","0000","226","71","155","5","231","612","0","37.75","11.60"
"67","000","00","260","0002","0572","226","71","155","5","231","612","0","37.75","11.60"
"67","000","00","260","0003","0000","157","51","106","5","162","456","0","35.53","11.18"
"67","000","00","260","0003","0573","157","51","106","5","162","456","0","35.53","11.18"
"67","000","00","260","0004","0000","233","115","118","3","236","717","0","32.91","16.04"
"67","000","00","260","0004","0574","233","115","118","3","236","717","0","32.91","16.04"
"67","000","00","260","0005","0000","115","48","67","6","121","333","0","36.34","14.41"
"67","000","00","260","0005","0575","115","48","67","6","121","333","0","36.34","14.41"
"67","000","00","260","0006","0000","149","69","80","2","151","355","0","42.54","19.44"
"67","000","00","260","0006","0576","149","69","80","2","151","355","0","42.54","19.44"
"67","000","00","260","0007","0000","163","34","129","7","170","488","0","34.84","6.97"
"67","000","00","260","0007","0580","163","34","129","7","170","488","0","34.84","6.97"
"67","000","00","260","0008","0000","137","44","93","0","137","407","0","33.66","10.81"
"67","000","00","260","0008","0577","137","44","93","0","137","407","0","33.66","10.81"
"67","000","00","260","0009","0000","94","36","58","4","98","286","0","34.27","12.59"
"67","000","00","260","0009","0578","94","36","58","4","98","286","0","34.27","12.59"
"67","000","00","260","0010","0000","89","21","68","1","90","179","0","50.28","11.73"
"67","000","00","260","0010","0579","89","21","68","1","90","179","0","50.28","11.73"
"67","000","00","270","0000","0000","27434","10335","17099","279","27713","65371","76229","42.39","15.81"
"67","000","00","270","0001","0000","2399","690","1709","24","2423","5421","0","44.70","12.73"
"67","000","00","270","0001","1384","605","158","447","10","615","1331","0","46.21","11.87"
"67","000","00","270","0001","1385","606","210","396","6","612","1418","0","43.16","14.81"
"67","000","00","270","0001","1386","630","161","469","4","634","1435","0","44.18","11.22"
"67","000","00","270","0001","1387","558","161","397","4","562","1237","0","45.43","13.02"
"67","000","00","270","0002","0000","1247","328","919","15","1262","2737","0","46.11","11.98"
"67","000","00","270","0002","1388","666","182","484","7","673","1432","0","47.00","12.71"
"67","000","00","270","0002","1389","581","146","435","8","589","1305","0","45.13","11.19"
"67","000","00","270","0003","0000","1111","406","705","13","1124","2570","0","43.74","15.80"
"67","000","00","270","0003","1390","541","211","330","8","549","1318","0","41.65","16.01"
"67","000","00","270","0003","1391","570","195","375","5","575","1252","0","45.93","15.58"
"67","000","00","270","0004","0000","3047","1225","1822","26","3073","7630","0","40.28","16.06"
"67","000","00","270","0004","1392","440","154","286","8","448","1109","0","40.40","13.89"
"67","000","00","270","0004","1393","446","169","277","3","449","1092","0","41.12","15.48"
"67","000","00","270","0004","1394","434","156","278","1","435","1074","0","40.50","14.53"
"67","000","00","270","0004","1395","414","170","244","5","419","1175","0","35.66","14.47"
"67","000","00","270","0004","1396","578","287","291","3","581","1431","0","40.60","20.06"
"67","000","00","270","0004","1397","386","152","234","3","389","949","0","40.99","16.02"
"67","000","00","270","0004","1398","349","137","212","3","352","800","0","44.00","17.13"
"67","000","00","270","0005","0000","3923","1491","2432","29","3952","9033","0","43.75","16.51"
"67","000","00","270","0005","1399","652","253","399","0","652","1441","0","45.25","17.56"
"67","000","00","270","0005","1400","564","197","367","7","571","1347","0","42.39","14.63"
"67","000","00","270","0005","1401","686","303","383","6","692","1477","0","46.85","20.51"
"67","000","00","270","0005","1402","491","189","302","1","492","1208","0","40.73","15.65"
"67","000","00","270","0005","1403","553","234","319","6","559","1348","0","41.47","17.36"
"67","000","00","270","0005","1404","484","168","316","4","488","1067","0","45.74","15.75"
"67","000","00","270","0005","1405","493","147","346","5","498","1145","0","43.49","12.84"
"67","000","00","270","0006","0000","1469","505","964","10","1479","3381","0","43.74","14.94"
"67","000","00","270","0006","1406","522","147","375","3","525","1247","0","42.10","11.79"
"67","000","00","270","0006","1407","448","164","284","3","451","971","0","46.45","16.89"
"67","000","00","270","0006","1408","499","194","305","4","503","1163","0","43.25","16.68"
"67","000","00","270","0007","0000","3800","1364","2436","26","3826","9317","0","41.06","14.64"
"67","000","00","270","0007","1409","564","184","380","6","570","1393","0","40.92","13.21"
"67","000","00","270","0007","1410","636","207","429","3","639","1453","0","43.98","14.25"
"67","000","00","270","0007","1411","575","201","374","3","578","1399","0","41.32","14.37"
"67","000","00","270","0007","1412","535","184","351","5","540","1332","0","40.54","13.81"
"67","000","00","270","0007","1413","447","164","283","6","453","1229","0","36.86","13.34"
"67","000","00","270","0007","1414","368","148","220","1","369","937","0","39.38","15.80"
"67","000","00","270","0007","1415","437","176","261","1","438","1027","0","42.65","17.14"
"67","000","00","270","0007","1416","238","100","138","1","239","547","0","43.69","18.28"
"67","000","00","270","0008","0000","2348","783","1565","31","2379","6025","0","39.49","13.00"
"67","000","00","270","0008","1417","327","107","220","6","333","846","0","39.36","12.65"
"67","000","00","270","0008","1418","312","95","217","3","315","759","0","41.50","12.52"
"67","000","00","270","0008","1419","548","195","353","4","552","1435","0","38.47","13.59"
"67","000","00","270","0008","1420","291","93","198","3","294","764","0","38.48","12.17"
"67","000","00","270","0008","1421","386","112","274","6","392","998","0","39.28","11.22"
"67","000","00","270","0008","1422","484","181","303","9","493","1223","0","40.31","14.80"
"67","000","00","270","0011","0000","1078","373","705","10","1088","2705","0","40.22","13.79"
"67","000","00","270","0011","1425","568","178","390","5","573","1380","0","41.52","12.90"
"67","000","00","270","0011","1426","510","195","315","5","515","1325","0","38.87","14.72"
"67","000","00","270","0012","0000","2107","1095","1012","25","2132","4809","0","44.33","22.77"
"67","000","00","270","0012","1427","628","315","313","8","636","1400","0","45.43","22.50"
"67","000","00","270","0012","1428","605","315","290","9","614","1333","0","46.06","23.63"
"67","000","00","270","0012","1429","587","345","242","8","595","1431","0","41.58","24.11"
"67","000","00","270","0012","1430","287","120","167","0","287","645","0","44.50","18.60"
"67","000","00","270","0013","0000","686","551","135","13","699","1493","0","46.82","36.91"
"67","000","00","270","0013","1431","686","551","135","13","699","1493","0","46.82","36.91"
"67","000","00","270","0014","0000","530","286","244","3","533","1211","0","44.01","23.62"
"67","000","00","270","0014","1432","530","286","244","3","533","1211","0","44.01","23.62"
"67","000","00","270","0015","0000","815","297","518","10","825","2102","0","39.25","14.13"
"67","000","00","270","0015","1433","464","179","285","7","471","1147","0","41.06","15.61"
"67","000","00","270","0015","1434","351","118","233","3","354","955","0","37.07","12.36"
"67","000","00","270","0016","0000","881","275","606","14","895","2110","0","42.42","13.03"
"67","000","00","270","0016","1435","417","125","292","6","423","935","0","45.24","13.37"
"67","000","00","270","0016","1436","464","150","314","8","472","1175","0","40.17","12.77"
"67","000","00","270","0017","0000","1071","350","721","18","1089","2612","0","41.69","13.40"
"67","000","00","270","0017","1437","495","148","347","8","503","1159","0","43.40","12.77"
"67","000","00","270","0017","1438","576","202","374","10","586","1453","0","40.33","13.90"
"67","000","00","270","0019","0000","922","316","606","12","934","2215","0","42.17","14.27"
"67","000","00","270","0019","1423","510","178","332","6","516","1252","0","41.21","14.22"
"67","000","00","270","0019","1424","412","138","274","6","418","963","0","43.41","14.33"
"67","000","00","280","0000","0000","23820","7925","15895","211","24031","57425","68074","41.85","13.80"
"67","000","00","280","0001","0000","2432","809","1623","15","2447","5856","0","41.79","13.81"
"67","000","00","280","0001","1439","484","172","312","3","487","1201","0","40.55","14.32"
"67","000","00","280","0001","1440","504","177","327","5","509","1154","0","44.11","15.34"
"67","000","00","280","0001","1441","429","144","285","2","431","1001","0","43.06","14.39"
"67","000","00","280","0001","1442","514","185","329","4","518","1212","0","42.74","15.26"
"67","000","00","280","0001","1443","501","131","370","1","502","1288","0","38.98","10.17"
"67","000","00","280","0002","0000","1379","418","961","9","1388","3838","0","36.16","10.89"
"67","000","00","280","0002","1448","345","107","238","2","347","967","0","35.88","11.07"
"67","000","00","280","0002","1449","263","81","182","2","265","961","0","27.58","8.43"
"67","000","00","280","0002","1450","380","100","280","2","382","957","0","39.92","10.45"
"67","000","00","280","0002","1451","391","130","261","3","394","953","0","41.34","13.64"
"67","000","00","280","0003","0000","920","358","562","13","933","2285","0","40.83","15.67"
"67","000","00","280","0003","1481","531","192","339","10","541","1255","0","43.11","15.30"
"67","000","00","280","0003","1482","389","166","223","3","392","1030","0","38.06","16.12"
"67","000","00","280","0004","0000","1343","440","903","11","1354","3225","0","41.98","13.64"
"67","000","00","280","0004","1454","458","157","301","5","463","1040","0","44.52","15.10"
"67","000","00","280","0004","1455","410","135","275","5","415","1073","0","38.68","12.58"
"67","000","00","280","0004","1456","475","148","327","1","476","1112","0","42.81","13.31"
"67","000","00","280","0005","0000","1340","478","862","8","1348","3248","0","41.50","14.72"
"67","000","00","280","0005","1460","413","174","239","5","418","1045","0","40.00","16.65"
"67","000","00","280","0005","1461","490","163","327","1","491","1125","0","43.64","14.49"
"67","000","00","280","0005","1462","437","141","296","2","439","1078","0","40.72","13.08"
"67","000","00","280","0006","0000","1319","447","872","17","1336","3254","0","41.06","13.74"
"67","000","00","280","0006","1466","457","165","292","3","460","1142","0","40.28","14.45"
"67","000","00","280","0006","1467","425","131","294","6","431","1040","0","41.44","12.60"
"67","000","00","280","0006","1468","437","151","286","8","445","1072","0","41.51","14.09"
"67","000","00","280","0007","0000","926","299","627","13","939","2155","0","43.57","13.87"
"67","000","00","280","0007","1469","468","147","321","6","474","1081","0","43.85","13.60"
"67","000","00","280","0007","1470","458","152","306","7","465","1074","0","43.30","14.15"
"67","000","00","280","0008","0000","764","273","491","8","772","1781","0","43.35","15.33"
"67","000","00","280","0008","1471","445","148","297","5","450","1012","0","44.47","14.62"
"67","000","00","280","0008","1472","319","125","194","3","322","769","0","41.87","16.25"
"67","000","00","280","0009","0000","1358","445","913","15","1373","3017","0","45.51","14.75"
"67","000","00","280","0009","1473","455","144","311","7","462","1055","0","43.79","13.65"
"67","000","00","280","0009","1474","411","140","271","3","414","917","0","45.15","15.27"
"67","000","00","280","0009","1475","492","161","331","5","497","1045","0","47.56","15.41"
"67","000","00","280","0010","0000","277","89","188","2","279","692","0","40.32","12.86"
"67","000","00","280","0010","1476","277","89","188","2","279","692","0","40.32","12.86"
"67","000","00","280","0011","0000","746","211","535","6","752","1871","0","40.19","11.28"
"67","000","00","280","0011","1477","412","122","290","3","415","995","0","41.71","12.26"
"67","000","00","280","0011","1478","334","89","245","3","337","876","0","38.47","10.16"
"67","000","00","280","0012","0000","646","223","423","5","651","1767","0","36.84","12.62"
"67","000","00","280","0012","1479","354","129","225","2","356","872","0","40.83","14.79"
"67","000","00","280","0012","1480","292","94","198","3","295","895","0","32.96","10.50"
"67","000","00","280","0013","0000","1182","402","780","5","1187","2678","0","44.32","15.01"
"67","000","00","280","0013","1483","394","137","257","2","396","848","0","46.70","16.16"
"67","000","00","280","0013","1484","367","131","236","2","369","862","0","42.81","15.20"
"67","000","00","280","0013","1485","421","134","287","1","422","968","0","43.60","13.84"
"67","000","00","280","0014","0000","1407","473","934","20","1427","3293","0","43.33","14.36"
"67","000","00","280","0014","1486","314","131","183","3","317","742","0","42.72","17.65"
"67","000","00","280","0014","1487","401","130","271","7","408","897","0","45.48","14.49"
"67","000","00","280","0014","1488","378","100","278","6","384","859","0","44.70","11.64"
"67","000","00","280","0014","1489","314","112","202","4","318","795","0","40.00","14.09"
"67","000","00","280","0015","0000","843","243","600","10","853","1938","0","44.01","12.54"
"67","000","00","280","0015","1490","388","118","270","3","391","938","0","41.68","12.58"
"67","000","00","280","0015","1491","455","125","330","7","462","1000","0","46.20","12.50"
"67","000","00","280","0016","0000","739","215","524","6","745","1652","0","45.10","13.01"
"67","000","00","280","0016","1492","420","129","291","6","426","940","0","45.32","13.72"
"67","000","00","280","0016","1493","319","86","233","0","319","712","0","44.80","12.08"
"67","000","00","280","0017","0000","1280","421","859","7","1287","3037","0","42.38","13.86"
"67","000","00","280","0017","1494","393","137","256","5","398","1022","0","38.94","13.41"
"67","000","00","280","0017","1495","437","114","323","1","438","936","0","46.79","12.18"
"67","000","00","280","0017","1496","450","170","280","1","451","1079","0","41.80","15.76"
"67","000","00","280","0018","0000","1773","627","1146","14","1787","4221","0","42.34","14.85"
"67","000","00","280","0018","1444","418","171","247","3","421","1012","0","41.60","16.90"
"67","000","00","280","0018","1445","468","160","308","5","473","1109","0","42.65","14.43"
"67","000","00","280","0018","1446","451","162","289","3","454","1045","0","43.44","15.50"
"67","000","00","280","0018","1447","436","134","302","3","439","1055","0","41.61","12.70"
"67","000","00","280","0019","0000","967","301","666","7","974","2447","0","39.80","12.30"
"67","000","00","280","0019","1463","341","104","237","0","341","883","0","38.62","11.78"
"67","000","00","280","0019","1464","423","146","277","6","429","1020","0","42.06","14.31"
"67","000","00","280","0019","1465","203","51","152","1","204","544","0","37.50","9.38"
"67","000","00","280","0020","0000","961","316","645","5","966","2218","0","43.55","14.25"
"67","000","00","280","0020","1452","481","155","326","2","483","1107","0","43.63","14.00"
"67","000","00","280","0020","1453","480","161","319","3","483","1111","0","43.47","14.49"
"67","000","00","280","0021","0000","1218","437","781","15","1233","2952","0","41.77","14.80"
"67","000","00","280","0021","1457","411","147","264","4","415","959","0","43.27","15.33"
"67","000","00","280","0021","1458","390","159","231","4","394","919","0","42.87","17.30"
"67","000","00","280","0021","1459","417","131","286","7","424","1074","0","39.48","12.20"
"67","000","00","290","0000","0000","12203","3901","8302","149","12352","29940","33986","41.26","13.03"
"67","000","00","290","0001","0000","957","324","633","22","979","2249","0","43.53","14.41"
"67","000","00","290","0001","1497","399","128","271","12","411","961","0","42.77","13.32"
"67","000","00","290","0001","1498","558","196","362","10","568","1288","0","44.10","15.22"
"67","000","00","290","0002","0000","853","256","597","7","860","2011","0","42.76","12.73"
"67","000","00","290","0002","1499","368","125","243","4","372","968","0","38.43","12.91"
"67","000","00","290","0002","1500","485","131","354","3","488","1043","0","46.79","12.56"
"67","000","00","290","0003","0000","1436","526","910","13","1449","3209","0","45.15","16.39"
"67","000","00","290","0003","1501","443","175","268","10","453","953","0","47.53","18.36"
"67","000","00","290","0003","1502","439","151","288","1","440","1001","0","43.96","15.08"
"67","000","00","290","0003","1503","554","200","354","2","556","1255","0","44.30","15.94"
"67","000","00","290","0004","0000","1037","313","724","18","1055","2473","0","42.66","12.66"
"67","000","00","290","0004","1504","557","174","383","9","566","1288","0","43.94","13.51"
"67","000","00","290","0004","1505","480","139","341","9","489","1185","0","41.27","11.73"
"67","000","00","290","0005","0000","370","102","268","5","375","1038","0","36.13","9.83"
"67","000","00","290","0005","1506","370","102","268","5","375","1038","0","36.13","9.83"
"67","000","00","290","0006","0000","286","84","202","0","286","695","0","41.15","12.09"
"67","000","00","290","0006","1507","286","84","202","0","286","695","0","41.15","12.09"
"67","000","00","290","0007","0000","1270","446","824","12","1282","3182","0","40.29","14.02"
"67","000","00","290","0007","1508","451","165","286","6","457","1105","0","41.36","14.93"
"67","000","00","290","0007","1509","436","148","288","4","440","1063","0","41.39","13.92"
"67","000","00","290","0007","1510","383","133","250","2","385","1014","0","37.97","13.12"
"67","000","00","290","0008","0000","1207","399","808","18","1225","3141","0","39.00","12.70"
"67","000","00","290","0008","1511","407","118","289","8","415","1112","0","37.32","10.61"
"67","000","00","290","0008","1512","347","150","197","6","353","981","0","35.98","15.29"
"67","000","00","290","0008","1513","453","131","322","4","457","1048","0","43.61","12.50"
"67","000","00","290","0009","0000","753","224","529","11","764","1949","0","39.20","11.49"
"67","000","00","290","0009","1514","345","99","246","5","350","965","0","36.27","10.26"
"67","000","00","290","0009","1515","408","125","283","6","414","984","0","42.07","12.70"
"67","000","00","290","0012","0000","593","209","384","5","598","1468","0","40.74","14.24"
"67","000","00","290","0012","1520","329","107","222","2","331","772","0","42.88","13.86"
"67","000","00","290","0012","1521","264","102","162","3","267","696","0","38.36","14.66"
"67","000","00","290","0013","0000","471","128","343","10","481","1183","0","40.66","10.82"
"67","000","00","290","0013","1522","327","97","230","8","335","826","0","40.56","11.74"
"67","000","00","290","0013","1523","144","31","113","2","146","357","0","40.90","8.68"
"67","000","00","290","0016","0000","773","223","550","6","779","1936","0","40.24","11.52"
"67","000","00","290","0016","1526","349","116","233","1","350","903","0","38.76","12.85"
"67","000","00","290","0016","1527","424","107","317","5","429","1033","0","41.53","10.36"
"67","000","00","290","0017","0000","204","74","130","5","209","470","0","44.47","15.74"
"67","000","00","290","0017","1528","204","74","130","5","209","470","0","44.47","15.74"
"67","000","00","290","0018","0000","1386","423","963","12","1398","3442","0","40.62","12.29"
"67","000","00","290","0018","1516","332","90","242","5","337","762","0","44.23","11.81"
"67","000","00","290","0018","1517","288","104","184","1","289","623","0","46.39","16.69"
"67","000","00","290","0018","1518","397","120","277","5","402","965","0","41.66","12.44"
"67","000","00","290","0018","1519","369","109","260","1","370","1092","0","33.88","9.98"
"67","000","00","290","0019","0000","607","170","437","5","612","1494","0","40.96","11.38"
"67","000","00","290","0019","1524","335","82","253","1","336","791","0","42.48","10.37"
"67","000","00","290","0019","1525","272","88","184","4","276","703","0","39.26","12.52"
"67","000","00","300","0000","0000","1302","485","817","20","1322","3545","3720","37.29","13.68"
"67","000","00","300","0001","0000","373","123","250","7","380","990","0","38.38","12.42"
"67","000","00","300","0001","1529","373","123","250","7","380","990","0","38.38","12.42"
"67","000","00","300","0002","0000","209","60","149","4","213","601","0","35.44","9.98"
"67","000","00","300","0002","1530","209","60","149","4","213","601","0","35.44","9.98"
"67","000","00","300","0003","0000","53","19","34","0","53","152","0","34.87","12.50"
"67","000","00","300","0003","1531","53","19","34","0","53","152","0","34.87","12.50"
"67","000","00","300","0004","0000","159","56","103","1","160","371","0","43.13","15.09"
"67","000","00","300","0004","1532","159","56","103","1","160","371","0","43.13","15.09"
"67","000","00","300","0005","0000","128","50","78","2","130","300","0","43.33","16.67"
"67","000","00","300","0005","1533","128","50","78","2","130","300","0","43.33","16.67"
"67","000","00","300","0006","0000","125","63","62","1","126","286","0","44.06","22.03"
"67","000","00","300","0006","1534","125","63","62","1","126","286","0","44.06","22.03"
"67","000","00","300","0007","0000","120","67","53","2","122","416","0","29.33","16.11"
"67","000","00","300","0007","1535","120","67","53","2","122","416","0","29.33","16.11"
"67","000","00","300","0008","0000","135","47","88","3","138","429","0","32.17","10.96"
"67","000","00","300","0008","1536","135","47","88","3","138","429","0","32.17","10.96"
"67","000","00","310","0000","0000","78862","31809","47053","690","79552","196894","235327","40.40","16.16"
"67","000","00","310","0001","0000","2208","898","1310","16","2224","5645","0","39.40","15.91"
"67","000","00","310","0001","0860","568","254","314","1","569","1365","0","41.68","18.61"
"67","000","00","310","0001","0861","538","213","325","5","543","1453","0","37.37","14.66"
"67","000","00","310","0001","0862","607","221","386","5","612","1410","0","43.40","15.67"
"67","000","00","310","0001","0863","495","210","285","5","500","1417","0","35.29","14.82"
"67","000","00","310","0002","0000","2737","1059","1678","28","2765","6942","0","39.83","15.25"
"67","000","00","310","0002","0871","573","194","379","9","582","1418","0","41.04","13.68"
"67","000","00","310","0002","0872","494","219","275","5","499","1322","0","37.75","16.57"
"67","000","00","310","0002","0873","545","204","341","4","549","1314","0","41.78","15.53"
"67","000","00","310","0002","0874","521","211","310","3","524","1337","0","39.19","15.78"
"67","000","00","310","0002","0875","604","231","373","7","611","1551","0","39.39","14.89"
"67","000","00","310","0003","0000","3078","1204","1874","18","3096","8806","0","35.16","13.67"
"67","000","00","310","0003","0882","596","244","352","6","602","1412","0","42.63","17.28"
"67","000","00","310","0003","0883","535","203","332","1","536","1364","0","39.30","14.88"
"67","000","00","310","0003","0884","535","181","354","2","537","1409","0","38.11","12.85"
"67","000","00","310","0003","0885","455","191","264","1","456","1318","0","34.60","14.49"
"67","000","00","310","0003","0886","357","143","214","0","357","1784","0","20.01","8.02"
"67","000","00","310","0003","0887","600","242","358","8","608","1519","0","40.03","15.93"
"67","000","00","310","0004","0000","2853","1028","1825","25","2878","7154","0","40.23","14.37"
"67","000","00","310","0004","0888","429","133","296","6","435","1045","0","41.63","12.73"
"67","000","00","310","0004","0889","438","187","251","3","441","1166","0","37.82","16.04"
"67","000","00","310","0004","0890","464","182","282","3","467","1185","0","39.41","15.36"
"67","000","00","310","0004","0891","596","221","375","4","600","1401","0","42.83","15.77"
"67","000","00","310","0004","0892","425","134","291","2","427","1068","0","39.98","12.55"
"67","000","00","310","0004","0893","501","171","330","7","508","1289","0","39.41","13.27"
"67","000","00","310","0005","0000","2336","1001","1335","16","2352","5595","0","42.04","17.89"
"67","000","00","310","0005","0903","491","209","282","4","495","1123","0","44.08","18.61"
"67","000","00","310","0005","0904","450","201","249","4","454","1145","0","39.65","17.55"
"67","000","00","310","0005","0905","490","192","298","3","493","1124","0","43.86","17.08"
"67","000","00","310","0005","0906","454","195","259","2","456","1116","0","40.86","17.47"
"67","000","00","310","0005","0907","451","204","247","3","454","1087","0","41.77","18.77"
"67","000","00","310","0006","0000","1005","304","701","9","1014","2455","0","41.30","12.38"
"67","000","00","310","0006","0949","533","143","390","6","539","1247","0","43.22","11.47"
"67","000","00","310","0006","0950","472","161","311","3","475","1208","0","39.32","13.33"
"67","000","00","310","0007","0000","1089","400","689","11","1100","2791","0","39.41","14.33"
"67","000","00","310","0007","0951","537","176","361","8","545","1346","0","40.49","13.08"
"67","000","00","310","0007","0952","552","224","328","3","555","1445","0","38.41","15.50"
"67","000","00","310","0008","0000","708","222","486","5","713","1847","0","38.60","12.02"
"67","000","00","310","0008","0920","346","104","242","1","347","935","0","37.11","11.12"
"67","000","00","310","0008","0921","362","118","244","4","366","912","0","40.13","12.94"
"67","000","00","310","0009","0000","651","241","410","10","661","1503","0","43.98","16.03"
"67","000","00","310","0009","0922","428","180","248","4","432","958","0","45.09","18.79"
"67","000","00","310","0009","0923","223","61","162","6","229","545","0","42.02","11.19"
"67","000","00","310","0010","0000","2062","678","1384","15","2077","4855","0","42.78","13.96"
"67","000","00","310","0010","0924","537","186","351","5","542","1293","0","41.92","14.39"
"67","000","00","310","0010","0925","541","163","378","5","546","1218","0","44.83","13.38"
"67","000","00","310","0010","0926","506","156","350","2","508","1198","0","42.40","13.02"
"67","000","00","310","0010","0927","478","173","305","3","481","1146","0","41.97","15.10"
"67","000","00","310","0011","0000","983","300","683","5","988","2226","0","44.38","13.48"
"67","000","00","310","0011","0936","348","135","213","1","349","887","0","39.35","15.22"
"67","000","00","310","0011","0937","635","165","470","4","639","1339","0","47.72","12.32"
"67","000","00","310","0012","0000","1415","411","1004","9","1424","3408","0","41.78","12.06"
"67","000","00","310","0012","0960","454","115","339","0","454","1147","0","39.58","10.03"
"67","000","00","310","0012","0961","427","122","305","4","431","1014","0","42.50","12.03"
"67","000","00","310","0012","0962","534","174","360","5","539","1247","0","43.22","13.95"
"67","000","00","310","0013","0000","1425","414","1011","19","1444","3440","0","41.98","12.03"
"67","000","00","310","0013","0963","470","140","330","7","477","1124","0","42.44","12.46"
"67","000","00","310","0013","0964","445","119","326","5","450","1154","0","38.99","10.31"
"67","000","00","310","0013","0965","510","155","355","7","517","1162","0","44.49","13.34"
"67","000","00","310","0014","0000","2999","1059","1940","25","3024","7237","0","41.79","14.63"
"67","000","00","310","0014","0966","500","139","361","2","502","1210","0","41.49","11.49"
"67","000","00","310","0014","0967","493","162","331","9","502","1113","0","45.10","14.56"
"67","000","00","310","0014","0968","519","195","324","1","520","1358","0","38.29","14.36"
"67","000","00","310","0014","0969","483","165","318","4","487","1140","0","42.72","14.47"
"67","000","00","310","0014","0970","529","211","318","3","532","1200","0","44.33","17.58"
"67","000","00","310","0014","0971","475","187","288","6","481","1216","0","39.56","15.38"
"67","000","00","310","0015","0000","1559","460","1099","12","1571","3833","0","40.99","12.00"
"67","000","00","310","0015","0972","546","149","397","4","550","1335","0","41.20","11.16"
"67","000","00","310","0015","0973","513","143","370","5","518","1239","0","41.81","11.54"
"67","000","00","310","0015","0974","500","168","332","3","503","1259","0","39.95","13.34"
"67","000","00","310","0016","0000","2521","863","1658","23","2544","5820","0","43.71","14.83"
"67","000","00","310","0016","0975","477","200","277","5","482","1136","0","42.43","17.61"
"67","000","00","310","0016","0976","539","157","382","1","540","1220","0","44.26","12.87"
"67","000","00","310","0016","0977","543","188","355","9","552","1220","0","45.25","15.41"
"67","000","00","310","0016","0978","501","185","316","6","507","1136","0","44.63","16.29"
"67","000","00","310","0016","0979","461","133","328","2","463","1108","0","41.79","12.00"
"67","000","00","310","0017","0000","1651","540","1111","15","1666","4081","0","40.82","13.23"
"67","000","00","310","0017","0980","577","193","384","4","581","1481","0","39.23","13.03"
"67","000","00","310","0017","0981","551","173","378","4","555","1344","0","41.29","12.87"
"67","000","00","310","0017","0982","523","174","349","7","530","1256","0","42.20","13.85"
"67","000","00","310","0018","0000","823","271","552","9","832","2121","0","39.23","12.78"
"67","000","00","310","0018","0958","391","140","251","6","397","1032","0","38.47","13.57"
"67","000","00","310","0018","0959","432","131","301","3","435","1089","0","39.94","12.03"
"67","000","00","310","0019","0000","705","479","226","13","718","1919","0","37.42","24.96"
"67","000","00","310","0019","0987","358","252","106","7","365","1036","0","35.23","24.32"
"67","000","00","310","0019","0988","347","227","120","6","353","883","0","39.98","25.71"
"67","000","00","310","0020","0000","3318","1695","1623","24","3342","8455","0","39.53","20.05"
"67","000","00","310","0020","0992","604","308","296","6","610","1313","0","46.46","23.46"
"67","000","00","310","0020","0993","563","303","260","3","566","1463","0","38.69","20.71"
"67","000","00","310","0020","0994","457","208","249","2","459","1339","0","34.28","15.53"
"67","000","00","310","0020","0995","415","212","203","2","417","1112","0","37.50","19.06"
"67","000","00","310","0020","0996","422","193","229","1","423","1277","0","33.12","15.11"
"67","000","00","310","0020","0997","332","175","157","4","336","812","0","41.38","21.55"
"67","000","00","310","0020","0998","525","296","229","6","531","1139","0","46.62","25.99"
"67","000","00","310","0021","0000","768","464","304","15","783","1905","0","41.10","24.36"
"67","000","00","310","0021","0990","347","240","107","10","357","864","0","41.32","27.78"
"67","000","00","310","0021","0991","421","224","197","5","426","1041","0","40.92","21.52"
"67","000","00","310","0022","0000","465","240","225","6","471","1264","0","37.26","18.99"
"67","000","00","310","0022","1006","465","240","225","6","471","1264","0","37.26","18.99"
"67","000","00","310","0023","0000","2419","849","1570","31","2450","6123","0","40.01","13.87"
"67","000","00","310","0023","0953","463","170","293","9","472","1230","0","38.37","13.82"
"67","000","00","310","0023","0954","465","180","285","7","472","1174","0","40.20","15.33"
"67","000","00","310","0023","0955","504","165","339","3","507","1264","0","40.11","13.05"
"67","000","00","310","0023","0956","507","175","332","5","512","1266","0","40.44","13.82"
"67","000","00","310","0023","0957","480","159","321","7","487","1189","0","40.96","13.37"
"67","000","00","310","0024","0000","835","582","253","13","848","2032","0","41.73","28.64"
"67","000","00","310","0024","1007","439","331","108","8","447","1022","0","43.74","32.39"
"67","000","00","310","0024","1008","396","251","145","5","401","1010","0","39.70","24.85"
"67","000","00","310","0025","0000","1385","694","691","12","1397","3317","0","42.12","20.92"
"67","000","00","310","0025","1011","442","227","215","2","444","1113","0","39.89","20.40"
"67","000","00","310","0025","1012","470","226","244","7","477","1128","0","42.29","20.04"
"67","000","00","310","0025","1013","473","241","232","3","476","1076","0","44.24","22.40"
"67","000","00","310","0026","0000","2960","1448","1512","29","2989","7661","0","39.02","18.90"
"67","000","00","310","0026","1014","553","249","304","4","557","1301","0","42.81","19.14"
"67","000","00","310","0026","1015","461","217","244","6","467","1207","0","38.69","17.98"
"67","000","00","310","0026","1016","412","188","224","0","412","1132","0","36.40","16.61"
"67","000","00","310","0026","1017","476","235","241","7","483","1396","0","34.60","16.83"
"67","000","00","310","0026","1018","520","247","273","5","525","1369","0","38.35","18.04"
"67","000","00","310","0026","1019","538","312","226","7","545","1256","0","43.39","24.84"
"67","000","00","310","0027","0000","2299","718","1581","20","2319","6139","0","37.77","11.70"
"67","000","00","310","0027","0941","479","148","331","3","482","1235","0","39.03","11.98"
"67","000","00","310","0027","0942","486","138","348","7","493","1279","0","38.55","10.79"
"67","000","00","310","0027","0943","457","138","319","5","462","1288","0","35.87","10.71"
"67","000","00","310","0027","0944","485","170","315","3","488","1307","0","37.34","13.01"
"67","000","00","310","0027","0945","392","124","268","2","394","1030","0","38.25","12.04"
"67","000","00","310","0028","0000","196","138","58","1","197","527","0","37.38","26.19"
"67","000","00","310","0028","0989","196","138","58","1","197","527","0","37.38","26.19"
"67","000","00","310","0029","0000","2379","969","1410","17","2396","5686","0","42.14","17.04"
"67","000","00","310","0029","0931","447","133","314","3","450","1175","0","38.30","11.32"
"67","000","00","310","0029","0932","431","134","297","1","432","1010","0","42.77","13.27"
"67","000","00","310","0029","0933","527","334","193","1","528","1201","0","43.96","27.81"
"67","000","00","310","0029","0934","482","191","291","9","491","1121","0","43.80","17.04"
"67","000","00","310","0029","0935","492","177","315","3","495","1179","0","41.98","15.01"
"67","000","00","310","0030","0000","3144","1457","1687","33","3177","7749","0","41.00","18.80"
"67","000","00","310","0030","0876","439","214","225","6","445","1212","0","36.72","17.66"
"67","000","00","310","0030","0877","550","262","288","5","555","1359","0","40.84","19.28"
"67","000","00","310","0030","0878","495","243","252","5","500","1244","0","40.19","19.53"
"67","000","00","310","0030","0879","536","249","287","5","541","1262","0","42.87","19.73"
"67","000","00","310","0030","0880","532","241","291","7","539","1296","0","41.59","18.60"
"67","000","00","310","0030","0881","592","248","344","5","597","1376","0","43.39","18.02"
"67","000","00","310","0031","0000","2251","987","1264","13","2264","5449","0","41.55","18.11"
"67","000","00","310","0031","0867","536","197","339","2","538","1310","0","41.07","15.04"
"67","000","00","310","0031","0868","575","208","367","3","578","1365","0","42.34","15.24"
"67","000","00","310","0031","0869","538","258","280","3","541","1392","0","38.86","18.53"
"67","000","00","310","0031","0870","602","324","278","5","607","1382","0","43.92","23.44"
"67","000","00","310","0032","0000","1396","606","790","12","1408","3456","0","40.74","17.53"
"67","000","00","310","0032","0864","485","228","257","4","489","1139","0","42.93","20.02"
"67","000","00","310","0032","0865","472","213","259","4","476","1146","0","41.54","18.59"
"67","000","00","310","0032","0866","439","165","274","4","443","1171","0","37.83","14.09"
"67","000","00","310","0033","0000","2798","1081","1717","20","2818","7184","0","39.23","15.05"
"67","000","00","310","0033","0908","677","272","405","4","681","1629","0","41.80","16.70"
"67","000","00","310","0033","0909","700","259","441","2","702","1671","0","42.01","15.50"
"67","000","00","310","0033","0910","648","261","387","5","653","1747","0","37.38","14.94"
"67","000","00","310","0033","0911","283","96","187","3","286","667","0","42.88","14.39"
"67","000","00","310","0033","0912","490","193","297","6","496","1470","0","33.74","13.13"
"67","000","00","310","0034","0000","1867","766","1101","13","1880","4806","0","39.12","15.94"
"67","000","00","310","0034","0916","425","191","234","4","429","1106","0","38.79","17.27"
"67","000","00","310","0034","0917","481","184","297","3","484","1356","0","35.69","13.57"
"67","000","00","310","0034","0918","483","192","291","3","486","1217","0","39.93","15.78"
"67","000","00","310","0034","0919","478","199","279","3","481","1127","0","42.68","17.66"
"67","000","00","310","0035","0000","1241","478","763","12","1253","3018","0","41.52","15.84"
"67","000","00","310","0035","0913","385","147","238","5","390","946","0","41.23","15.54"
"67","000","00","310","0035","0914","433","164","269","5","438","1068","0","41.01","15.36"
"67","000","00","310","0035","0915","423","167","256","2","425","1004","0","42.33","16.63"
"67","000","00","310","0036","0000","1642","547","1095","13","1655","3737","0","44.29","14.64"
"67","000","00","310","0036","0938","567","167","400","4","571","1168","0","48.89","14.30"
"67","000","00","310","0036","0939","485","126","359","7","492","1138","0","43.23","11.07"
"67","000","00","310","0036","0940","590","254","336","2","592","1431","0","41.37","17.75"
"67","000","00","310","0037","0000","3639","1792","1847","30","3669","9242","0","39.70","19.39"
"67","000","00","310","0037","0999","568","285","283","6","574","1490","0","38.52","19.13"
"67","000","00","310","0037","1000","492","248","244","0","492","1382","0","35.60","17.95"
"67","000","00","310","0037","1001","482","227","255","8","490","1208","0","40.56","18.79"
"67","000","00","310","0037","1002","558","281","277","2","560","1281","0","43.72","21.94"
"67","000","00","310","0037","1003","557","279","278","8","565","1337","0","42.26","20.87"
"67","000","00","310","0037","1004","544","266","278","3","547","1434","0","38.15","18.55"
"67","000","00","310","0037","1005","438","206","232","3","441","1110","0","39.73","18.56"
"67","000","00","310","0038","0000","3030","1124","1906","19","3049","7578","0","40.23","14.83"
"67","000","00","310","0038","0897","553","182","371","1","554","1295","0","42.78","14.05"
"67","000","00","310","0038","0898","500","198","302","5","505","1159","0","43.57","17.08"
"67","000","00","310","0038","0899","481","172","309","4","485","1189","0","40.79","14.47"
"67","000","00","310","0038","0900","532","158","374","3","535","1283","0","41.70","12.31"
"67","000","00","310","0038","0901","489","206","283","1","490","1326","0","36.95","15.54"
"67","000","00","310","0038","0902","475","208","267","5","480","1326","0","36.20","15.69"
"67","000","00","310","0039","0000","1329","674","655","12","1341","2787","0","48.12","24.18"
"67","000","00","310","0039","1009","702","368","334","10","712","1441","0","49.41","25.54"
"67","000","00","310","0039","1010","627","306","321","2","629","1346","0","46.73","22.73"
"67","000","00","310","0040","0000","2035","773","1262","18","2053","4977","0","41.25","15.53"
"67","000","00","310","0040","0983","541","204","337","5","546","1294","0","42.19","15.77"
"67","000","00","310","0040","0984","472","203","269","7","479","1206","0","39.72","16.83"
"67","000","00","310","0040","0985","561","215","346","2","563","1300","0","43.31","16.54"
"67","000","00","310","0040","0986","461","151","310","4","465","1177","0","39.51","12.83"
"67","000","00","310","0041","0000","1450","541","909","13","1463","3732","0","39.20","14.50"
"67","000","00","310","0041","0894","431","164","267","5","436","1141","0","38.21","14.37"
"67","000","00","310","0041","0895","511","183","328","6","517","1255","0","41.20","14.58"
"67","000","00","310","0041","0896","508","194","314","2","510","1336","0","38.17","14.52"
"67","000","00","310","0042","0000","1854","845","1009","21","1875","4598","0","40.78","18.38"
"67","000","00","310","0042","0946","626","286","340","9","635","1595","0","39.81","17.93"
"67","000","00","310","0042","0947","570","275","295","5","575","1438","0","39.99","19.12"
"67","000","00","310","0042","0948","658","284","374","7","665","1565","0","42.49","18.15"
"67","000","00","310","0043","0000","1354","509","845","10","1364","3794","0","35.95","13.42"
"67","000","00","310","0043","0928","398","137","261","3","401","1118","0","35.87","12.25"
"67","000","00","310","0043","0929","462","190","272","4","466","1410","0","33.05","13.48"
"67","000","00","310","0043","0930","494","182","312","3","497","1266","0","39.26","14.38"
"67","000","00","320","0000","0000","67760","30407","37353","606","68366","151996","183689","44.98","20.01"
"67","000","00","320","0001","0000","962","377","585","8","970","2144","0","45.24","17.58"
"67","000","00","320","0001","1379","488","197","291","0","488","1065","0","45.82","18.50"
"67","000","00","320","0001","1380","474","180","294","8","482","1079","0","44.67","16.68"
"67","000","00","320","0002","0000","1297","569","728","12","1309","2857","0","45.82","19.92"
"67","000","00","320","0002","1374","656","283","373","11","667","1493","0","44.68","18.96"
"67","000","00","320","0002","1375","641","286","355","1","642","1364","0","47.07","20.97"
"67","000","00","320","0003","0000","2803","1390","1413","18","2821","6524","0","43.24","21.31"
"67","000","00","320","0003","1310","508","207","301","4","512","1319","0","38.82","15.69"
"67","000","00","320","0003","1311","649","351","298","4","653","1353","0","48.26","25.94"
"67","000","00","320","0003","1312","554","293","261","6","560","1242","0","45.09","23.59"
"67","000","00","320","0003","1313","545","283","262","3","548","1297","0","42.25","21.82"
"67","000","00","320","0003","1314","547","256","291","1","548","1313","0","41.74","19.50"
"67","000","00","320","0004","0000","1282","537","745","16","1298","2838","0","45.74","18.92"
"67","000","00","320","0004","1256","414","183","231","6","420","897","0","46.82","20.40"
"67","000","00","320","0004","1257","440","166","274","6","446","942","0","47.35","17.62"
"67","000","00","320","0004","1258","428","188","240","4","432","999","0","43.24","18.82"
"67","000","00","320","0005","0000","2061","841","1220","23","2084","4536","0","45.94","18.54"
"67","000","00","320","0005","1280","506","205","301","7","513","1156","0","44.38","17.73"
"67","000","00","320","0005","1281","483","195","288","4","487","1052","0","46.29","18.54"
"67","000","00","320","0005","1282","629","256","373","7","636","1367","0","46.53","18.73"
"67","000","00","320","0005","1283","443","185","258","5","448","961","0","46.62","19.25"
"67","000","00","320","0006","0000","1874","812","1062","16","1890","4489","0","42.10","18.09"
"67","000","00","320","0006","1318","607","271","336","4","611","1451","0","42.11","18.68"
"67","000","00","320","0006","1319","598","286","312","5","603","1463","0","41.22","19.55"
"67","000","00","320","0006","1320","669","255","414","7","676","1575","0","42.92","16.19"
"67","000","00","320","0007","0000","1182","480","702","17","1199","2816","0","42.58","17.05"
"67","000","00","320","0007","1352","352","135","217","3","355","857","0","41.42","15.75"
"67","000","00","320","0007","1353","418","169","249","7","425","965","0","44.04","17.51"
"67","000","00","320","0007","1354","412","176","236","7","419","994","0","42.15","17.71"
"67","000","00","320","0008","0000","2189","1033","1156","21","2210","4731","0","46.71","21.83"
"67","000","00","320","0008","1355","634","268","366","9","643","1332","0","48.27","20.12"
"67","000","00","320","0008","1356","441","196","245","6","447","1033","0","43.27","18.97"
"67","000","00","320","0008","1357","523","297","226","3","526","1208","0","43.54","24.59"
"67","000","00","320","0008","1358","591","272","319","3","594","1158","0","51.30","23.49"
"67","000","00","320","0009","0000","1154","548","606","5","1159","2370","0","48.90","23.12"
"67","000","00","320","0009","1369","526","250","276","3","529","1092","0","48.44","22.89"
"67","000","00","320","0009","1370","628","298","330","2","630","1278","0","49.30","23.32"
"67","000","00","320","0010","0000","1339","609","730","13","1352","2931","0","46.13","20.78"
"67","000","00","320","0010","1266","431","201","230","4","435","978","0","44.48","20.55"
"67","000","00","320","0010","1267","399","193","206","4","403","853","0","47.25","22.63"
"67","000","00","320","0010","1268","509","215","294","5","514","1100","0","46.73","19.55"
"67","000","00","320","0011","0000","538","210","328","3","541","1309","0","41.33","16.04"
"67","000","00","320","0011","1269","538","210","328","3","541","1309","0","41.33","16.04"
"67","000","00","320","0012","0000","1823","875","948","10","1833","3981","0","46.04","21.98"
"67","000","00","320","0012","1381","637","334","303","5","642","1357","0","47.31","24.61"
"67","000","00","320","0012","1382","556","262","294","4","560","1219","0","45.94","21.49"
"67","000","00","320","0012","1383","630","279","351","1","631","1405","0","44.91","19.86"
"67","000","00","320","0013","0000","2174","1004","1170","20","2194","5154","0","42.57","19.48"
"67","000","00","320","0013","1336","545","250","295","9","554","1344","0","41.22","18.60"
"67","000","00","320","0013","1337","579","274","305","2","581","1229","0","47.27","22.29"
"67","000","00","320","0013","1338","516","249","267","5","521","1311","0","39.74","18.99"
"67","000","00","320","0013","1339","534","231","303","4","538","1270","0","42.36","18.19"
"67","000","00","320","0014","0000","2107","872","1235","25","2132","5004","0","42.61","17.43"
"67","000","00","320","0014","1321","565","212","353","4","569","1246","0","45.67","17.01"
"67","000","00","320","0014","1322","580","244","336","10","590","1399","0","42.17","17.44"
"67","000","00","320","0014","1323","512","227","285","4","516","1272","0","40.57","17.85"
"67","000","00","320","0014","1324","450","189","261","7","457","1087","0","42.04","17.39"
"67","000","00","320","0015","0000","734","370","364","5","739","1574","0","46.95","23.51"
"67","000","00","320","0015","1276","734","370","364","5","739","1574","0","46.95","23.51"
"67","000","00","320","0016","0000","652","280","372","6","658","1465","0","44.91","19.11"
"67","000","00","320","0016","1275","652","280","372","6","658","1465","0","44.91","19.11"
"67","000","00","320","0017","0000","2069","1009","1060","19","2088","4496","0","46.44","22.44"
"67","000","00","320","0017","1342","493","228","265","3","496","1103","0","44.97","20.67"
"67","000","00","320","0017","1343","507","236","271","3","510","1059","0","48.16","22.29"
"67","000","00","320","0017","1344","501","273","228","7","508","1104","0","46.01","24.73"
"67","000","00","320","0017","1345","568","272","296","6","574","1230","0","46.67","22.11"
"67","000","00","320","0018","0000","651","287","364","8","659","1504","0","43.82","19.08"
"67","000","00","320","0018","1373","651","287","364","8","659","1504","0","43.82","19.08"
"67","000","00","320","0019","0000","2196","900","1296","17","2213","4969","0","44.54","18.11"
"67","000","00","320","0019","1295","647","257","390","10","657","1409","0","46.63","18.24"
"67","000","00","320","0019","1296","547","227","320","5","552","1370","0","40.29","16.57"
"67","000","00","320","0019","1297","580","237","343","2","582","1272","0","45.75","18.63"
"67","000","00","320","0019","1298","422","179","243","0","422","918","0","45.97","19.50"
"67","000","00","320","0020","0000","1928","754","1174","23","1951","4395","0","44.39","17.16"
"67","000","00","320","0020","1376","621","217","404","5","626","1416","0","44.21","15.32"
"67","000","00","320","0020","1377","582","246","336","9","591","1415","0","41.77","17.39"
"67","000","00","320","0020","1378","725","291","434","9","734","1564","0","46.93","18.61"
"67","000","00","320","0021","0000","863","360","503","5","868","1797","0","48.30","20.03"
"67","000","00","320","0021","1264","521","215","306","3","524","1038","0","50.48","20.71"
"67","000","00","320","0021","1265","342","145","197","2","344","759","0","45.32","19.10"
"67","000","00","320","0022","0000","1832","901","931","11","1843","4122","0","44.71","21.86"
"67","000","00","320","0022","1365","456","221","235","4","460","1038","0","44.32","21.29"
"67","000","00","320","0022","1366","506","263","243","2","508","1052","0","48.29","25.00"
"67","000","00","320","0022","1367","463","210","253","3","466","1083","0","43.03","19.39"
"67","000","00","320","0022","1368","407","207","200","2","409","949","0","43.10","21.81"
"67","000","00","320","0023","0000","518","243","275","3","521","1038","0","50.19","23.41"
"67","000","00","320","0023","1259","518","243","275","3","521","1038","0","50.19","23.41"
"67","000","00","320","0024","0000","2151","940","1211","13","2164","4589","0","47.16","20.48"
"67","000","00","320","0024","1284","426","179","247","1","427","924","0","46.21","19.37"
"67","000","00","320","0024","1285","603","280","323","2","605","1265","0","47.83","22.13"
"67","000","00","320","0024","1286","412","177","235","3","415","935","0","44.39","18.93"
"67","000","00","320","0024","1287","710","304","406","7","717","1465","0","48.94","20.75"
"67","000","00","320","0025","0000","2270","942","1328","22","2292","5079","0","45.13","18.55"
"67","000","00","320","0025","1325","547","226","321","5","552","1287","0","42.89","17.56"
"67","000","00","320","0025","1326","630","243","387","3","633","1346","0","47.03","18.05"
"67","000","00","320","0025","1327","506","231","275","7","513","1159","0","44.26","19.93"
"67","000","00","320","0025","1328","587","242","345","7","594","1287","0","46.15","18.80"
"67","000","00","320","0026","0000","1412","542","870","14","1426","3195","0","44.63","16.96"
"67","000","00","320","0026","1315","473","186","287","7","480","1083","0","44.32","17.17"
"67","000","00","320","0026","1316","601","216","385","4","605","1339","0","45.18","16.13"
"67","000","00","320","0026","1317","338","140","198","3","341","773","0","44.11","18.11"
"67","000","00","320","0027","0000","1552","742","810","8","1560","3480","0","44.83","21.32"
"67","000","00","320","0027","1362","501","234","267","1","502","1124","0","44.66","20.82"
"67","000","00","320","0027","1363","573","300","273","6","579","1242","0","46.62","24.15"
"67","000","00","320","0027","1364","478","208","270","1","479","1114","0","43.00","18.67"
"67","000","00","320","0028","0000","727","300","427","8","735","1609","0","45.68","18.65"
"67","000","00","320","0028","1274","727","300","427","8","735","1609","0","45.68","18.65"
"67","000","00","320","0029","0000","1933","932","1001","24","1957","4148","0","47.18","22.47"
"67","000","00","320","0029","1270","439","222","217","5","444","975","0","45.54","22.77"
"67","000","00","320","0029","1271","463","190","273","8","471","1025","0","45.95","18.54"
"67","000","00","320","0029","1272","532","262","270","9","541","1086","0","49.82","24.13"
"67","000","00","320","0029","1273","499","258","241","2","501","1062","0","47.18","24.29"
"67","000","00","320","0030","0000","1107","569","538","6","1113","2346","0","47.44","24.25"
"67","000","00","320","0030","1371","494","277","217","2","496","1100","0","45.09","25.18"
"67","000","00","320","0030","1372","613","292","321","4","617","1246","0","49.52","23.43"
"67","000","00","320","0031","0000","1341","616","725","9","1350","2853","0","47.32","21.59"
"67","000","00","320","0031","1359","422","219","203","1","423","883","0","47.90","24.80"
"67","000","00","320","0031","1360","428","186","242","3","431","913","0","47.21","20.37"
"67","000","00","320","0031","1361","491","211","280","5","496","1057","0","46.93","19.96"
"67","000","00","320","0032","0000","2067","967","1100","20","2087","4400","0","47.43","21.98"
"67","000","00","320","0032","1291","591","303","288","5","596","1179","0","50.55","25.70"
"67","000","00","320","0032","1292","538","235","303","4","542","1152","0","47.05","20.40"
"67","000","00","320","0032","1293","495","237","258","7","502","1080","0","46.48","21.94"
"67","000","00","320","0032","1294","443","192","251","4","447","989","0","45.20","19.41"
"67","000","00","320","0033","0000","1200","546","654","11","1211","2747","0","44.08","19.88"
"67","000","00","320","0033","1307","361","170","191","3","364","824","0","44.17","20.63"
"67","000","00","320","0033","1308","438","218","220","3","441","1030","0","42.82","21.17"
"67","000","00","320","0033","1309","401","158","243","5","406","893","0","45.46","17.69"
"67","000","00","320","0034","0000","924","383","541","15","939","2206","0","42.57","17.36"
"67","000","00","320","0034","1340","437","170","267","9","446","1092","0","40.84","15.57"
"67","000","00","320","0034","1341","487","213","274","6","493","1114","0","44.25","19.12"
"67","000","00","320","0035","0000","1269","583","686","10","1279","2925","0","43.73","19.93"
"67","000","00","320","0035","1299","407","178","229","2","409","938","0","43.60","18.98"
"67","000","00","320","0035","1300","475","210","265","5","480","1072","0","44.78","19.59"
"67","000","00","320","0035","1301","387","195","192","3","390","915","0","42.62","21.31"
"67","000","00","320","0036","0000","832","332","500","10","842","1800","0","46.78","18.44"
"67","000","00","320","0036","1262","381","166","215","2","383","865","0","44.28","19.19"
"67","000","00","320","0036","1263","451","166","285","8","459","935","0","49.09","17.75"
"67","000","00","320","0037","0000","834","401","433","5","839","1924","0","43.61","20.84"
"67","000","00","320","0037","1260","447","201","246","4","451","987","0","45.69","20.36"
"67","000","00","320","0037","1261","387","200","187","1","388","937","0","41.41","21.34"
"67","000","00","320","0038","0000","1240","534","706","14","1254","2848","0","44.03","18.75"
"67","000","00","320","0038","1277","327","142","185","3","330","810","0","40.74","17.53"
"67","000","00","320","0038","1278","450","196","254","8","458","969","0","47.27","20.23"
"67","000","00","320","0038","1279","463","196","267","3","466","1069","0","43.59","18.33"
"67","000","00","320","0039","0000","1878","864","1014","13","1891","3861","0","48.98","22.38"
"67","000","00","320","0039","1288","681","301","380","5","686","1363","0","50.33","22.08"
"67","000","00","320","0039","1289","618","285","333","4","622","1219","0","51.03","23.38"
"67","000","00","320","0039","1290","579","278","301","4","583","1279","0","45.58","21.74"
"67","000","00","320","0040","0000","1553","618","935","15","1568","4399","0","35.64","14.05"
"67","000","00","320","0040","1253","554","199","355","8","562","2040","0","27.55","9.75"
"67","000","00","320","0040","1254","585","253","332","4","589","1324","0","44.49","19.11"
"67","000","00","320","0040","1255","414","166","248","3","417","1035","0","40.29","16.04"
"67","000","00","320","0041","0000","2590","1244","1346","15","2605","5808","0","44.85","21.42"
"67","000","00","320","0041","1302","528","254","274","2","530","1097","0","48.31","23.15"
"67","000","00","320","0041","1303","543","259","284","4","547","1301","0","42.04","19.91"
"67","000","00","320","0041","1304","558","252","306","1","559","1279","0","43.71","19.70"
"67","000","00","320","0041","1305","515","274","241","5","520","1169","0","44.48","23.44"
"67","000","00","320","0041","1306","446","205","241","3","449","962","0","46.67","21.31"
"67","000","00","320","0042","0000","1461","563","898","19","1480","3284","0","45.07","17.14"
"67","000","00","320","0042","1333","517","180","337","9","526","1179","0","44.61","15.27"
"67","000","00","320","0042","1334","410","175","235","5","415","1038","0","39.98","16.86"
"67","000","00","320","0042","1335","534","208","326","5","539","1067","0","50.52","19.49"
"67","000","00","320","0043","0000","2108","1079","1029","16","2124","4654","0","45.64","23.18"
"67","000","00","320","0043","1329","562","262","300","5","567","1181","0","48.01","22.18"
"67","000","00","320","0043","1330","538","288","250","7","545","1093","0","49.86","26.35"
"67","000","00","320","0043","1331","512","283","229","2","514","1211","0","42.44","23.37"
"67","000","00","320","0043","1332","496","246","250","2","498","1169","0","42.60","21.04"
"67","000","00","320","0044","0000","1129","530","599","11","1140","2522","0","45.20","21.02"
"67","000","00","320","0044","1346","525","229","296","5","530","1141","0","46.45","20.07"
"67","000","00","320","0044","1347","604","301","303","6","610","1381","0","44.17","21.80"
"67","000","00","320","0045","0000","1954","919","1035","24","1978","4275","0","46.27","21.50"
"67","000","00","320","0045","1348","499","220","279","2","501","1104","0","45.38","19.93"
"67","000","00","320","0045","1349","521","237","284","11","532","1079","0","49.30","21.96"
"67","000","00","320","0045","1350","463","242","221","4","467","1067","0","43.77","22.68"
"67","000","00","320","0045","1351","471","220","251","7","478","1025","0","46.63","21.46"
"67","000","00","330","0000","0000","47432","17260","30172","397","47829","108304","123057","44.16","15.94"
"67","000","00","330","0001","0000","822","394","428","7","829","1623","0","51.08","24.28"
"67","000","00","330","0001","1170","381","195","186","3","384","799","0","48.06","24.41"
"67","000","00","330","0001","1171","441","199","242","4","445","824","0","54.00","24.15"
"67","000","00","330","0003","0000","546","272","274","6","552","1383","0","39.91","19.67"
"67","000","00","330","0003","1172","546","272","274","6","552","1383","0","39.91","19.67"
"67","000","00","330","0004","0000","798","345","453","3","801","1753","0","45.69","19.68"
"67","000","00","330","0004","1173","430","210","220","1","431","985","0","43.76","21.32"
"67","000","00","330","0004","1174","368","135","233","2","370","768","0","48.18","17.58"
"67","000","00","330","0005","0000","1077","364","713","11","1088","2226","0","48.88","16.35"
"67","000","00","330","0005","1183","530","173","357","3","533","1117","0","47.72","15.49"
"67","000","00","330","0005","1184","547","191","356","8","555","1109","0","50.05","17.22"
"67","000","00","330","0006","0000","951","367","584","11","962","2173","0","44.27","16.89"
"67","000","00","330","0006","1185","502","182","320","3","505","1199","0","42.12","15.18"
"67","000","00","330","0006","1186","449","185","264","8","457","974","0","46.92","18.99"
"67","000","00","330","0007","0000","1246","476","770","11","1257","2697","0","46.61","17.65"
"67","000","00","330","0007","1178","423","175","248","2","425","884","0","48.08","19.80"
"67","000","00","330","0007","1179","409","144","265","5","414","889","0","46.57","16.20"
"67","000","00","330","0007","1180","414","157","257","4","418","924","0","45.24","16.99"
"67","000","00","330","0008","0000","1376","548","828","8","1384","3096","0","44.70","17.70"
"67","000","00","330","0008","1175","426","159","267","2","428","953","0","44.91","16.68"
"67","000","00","330","0008","1176","545","248","297","2","547","1173","0","46.63","21.14"
"67","000","00","330","0008","1177","405","141","264","4","409","970","0","42.16","14.54"
"67","000","00","330","0009","0000","1241","417","824","4","1245","2875","0","43.30","14.50"
"67","000","00","330","0009","1198","421","129","292","2","423","964","0","43.88","13.38"
"67","000","00","330","0009","1199","411","139","272","2","413","881","0","46.88","15.78"
"67","000","00","330","0009","1200","409","149","260","0","409","1030","0","39.71","14.47"
"67","000","00","330","0011","0000","1768","558","1210","21","1789","4140","0","43.21","13.48"
"67","000","00","330","0011","1205","412","104","308","7","419","945","0","44.34","11.01"
"67","000","00","330","0011","1206","411","161","250","4","415","947","0","43.82","17.00"
"67","000","00","330","0011","1207","490","132","358","8","498","1179","0","42.24","11.20"
"67","000","00","330","0011","1208","455","161","294","2","457","1069","0","42.75","15.06"
"67","000","00","330","0013","0000","1586","543","1043","15","1601","3510","0","45.61","15.47"
"67","000","00","330","0013","1209","463","146","317","5","468","1060","0","44.15","13.77"
"67","000","00","330","0013","1210","498","174","324","5","503","1099","0","45.77","15.83"
"67","000","00","330","0013","1211","625","223","402","5","630","1351","0","46.63","16.51"
"67","000","00","330","0014","0000","904","239","665","6","910","2071","0","43.94","11.54"
"67","000","00","330","0014","1238","476","146","330","3","479","1131","0","42.35","12.91"
"67","000","00","330","0014","1239","428","93","335","3","431","940","0","45.85","9.89"
"67","000","00","330","0015","0000","954","224","730","8","962","2143","0","44.89","10.45"
"67","000","00","330","0015","1235","453","122","331","2","455","1096","0","41.51","11.13"
"67","000","00","330","0015","1236","501","102","399","6","507","1047","0","48.42","9.74"
"67","000","00","330","0016","0000","543","110","433","3","546","1191","0","45.84","9.24"
"67","000","00","330","0016","1237","543","110","433","3","546","1191","0","45.84","9.24"
"67","000","00","330","0017","0000","1479","416","1063","8","1487","3849","0","38.63","10.81"
"67","000","00","330","0017","1240","551","121","430","1","552","1280","0","43.13","9.45"
"67","000","00","330","0017","1241","450","169","281","3","453","1303","0","34.77","12.97"
"67","000","00","330","0017","1242","478","126","352","4","482","1266","0","38.07","9.95"
"67","000","00","330","0018","0000","1097","311","786","11","1108","2639","0","41.99","11.78"
"67","000","00","330","0018","1251","437","102","335","8","445","1067","0","41.71","9.56"
"67","000","00","330","0018","1252","660","209","451","3","663","1572","0","42.18","13.30"
"67","000","00","330","0019","0000","944","274","670","4","948","2169","0","43.71","12.63"
"67","000","00","330","0019","1249","490","161","329","1","491","1137","0","43.18","14.16"
"67","000","00","330","0019","1250","454","113","341","3","457","1032","0","44.28","10.95"
"67","000","00","330","0020","0000","1055","262","793","8","1063","2471","0","43.02","10.60"
"67","000","00","330","0020","1247","523","119","404","2","525","1136","0","46.21","10.48"
"67","000","00","330","0020","1248","532","143","389","6","538","1335","0","40.30","10.71"
"67","000","00","330","0021","0000","1040","538","502","7","1047","2187","0","47.87","24.60"
"67","000","00","330","0021","1161","506","243","263","5","511","1095","0","46.67","22.19"
"67","000","00","330","0021","1162","534","295","239","2","536","1092","0","49.08","27.01"
"67","000","00","330","0022","0000","2012","888","1124","20","2032","4438","0","45.79","20.01"
"67","000","00","330","0022","1163","539","198","341","3","542","1189","0","45.58","16.65"
"67","000","00","330","0022","1164","488","237","251","5","493","997","0","49.45","23.77"
"67","000","00","330","0022","1165","383","187","196","4","387","955","0","40.52","19.58"
"67","000","00","330","0022","1166","602","266","336","8","610","1297","0","47.03","20.51"
"67","000","00","330","0023","0000","1456","661","795","12","1468","3368","0","43.59","19.63"
"67","000","00","330","0023","1158","413","188","225","3","416","904","0","46.02","20.80"
"67","000","00","330","0023","1159","506","217","289","5","511","1245","0","41.04","17.43"
"67","000","00","330","0023","1160","537","256","281","4","541","1219","0","44.38","21.00"
"67","000","00","330","0024","0000","1506","1054","452","14","1520","3347","0","45.41","31.49"
"67","000","00","330","0024","1167","451","304","147","1","452","1065","0","42.44","28.54"
"67","000","00","330","0024","1168","548","416","132","8","556","1127","0","49.33","36.91"
"67","000","00","330","0024","1169","507","334","173","5","512","1155","0","44.33","28.92"
"67","000","00","330","0025","0000","1055","386","669","4","1059","2222","0","47.66","17.37"
"67","000","00","330","0025","1181","567","216","351","3","570","1195","0","47.70","18.08"
"67","000","00","330","0025","1182","488","170","318","1","489","1027","0","47.61","16.55"
"67","000","00","330","0026","0000","1433","410","1023","12","1445","3277","0","44.10","12.51"
"67","000","00","330","0026","1215","720","210","510","6","726","1567","0","46.33","13.40"
"67","000","00","330","0026","1216","713","200","513","6","719","1710","0","42.05","11.70"
"67","000","00","330","0027","0000","1479","566","913","14","1493","3213","0","46.47","17.62"
"67","000","00","330","0027","1187","488","179","309","4","492","1116","0","44.09","16.04"
"67","000","00","330","0027","1188","479","170","309","5","484","1041","0","46.49","16.33"
"67","000","00","330","0027","1189","512","217","295","5","517","1056","0","48.96","20.55"
"67","000","00","330","0028","0000","2118","780","1338","21","2139","4948","0","43.23","15.76"
"67","000","00","330","0028","1194","527","202","325","4","531","1249","0","42.51","16.17"
"67","000","00","330","0028","1195","517","181","336","8","525","1293","0","40.60","14.00"
"67","000","00","330","0028","1196","504","187","317","6","510","1192","0","42.79","15.69"
"67","000","00","330","0028","1197","570","210","360","3","573","1214","0","47.20","17.30"
"67","000","00","330","0029","0000","930","345","585","13","943","2683","0","35.15","12.86"
"67","000","00","330","0029","1223","503","183","320","8","511","1660","0","30.78","11.02"
"67","000","00","330","0029","1224","427","162","265","5","432","1023","0","42.23","15.84"
"67","000","00","330","0030","0000","2365","863","1502","17","2382","5627","0","42.33","15.34"
"67","000","00","330","0030","1227","679","295","384","5","684","1666","0","41.06","17.71"
"67","000","00","330","0030","1228","479","174","305","4","483","1166","0","41.42","14.92"
"67","000","00","330","0030","1229","548","173","375","3","551","1282","0","42.98","13.49"
"67","000","00","330","0030","1230","659","221","438","5","664","1513","0","43.89","14.61"
"67","000","00","330","0031","0000","658","217","441","3","661","1531","0","43.17","14.17"
"67","000","00","330","0031","1231","352","115","237","2","354","903","0","39.20","12.74"
"67","000","00","330","0031","1232","306","102","204","1","307","628","0","48.89","16.24"
"67","000","00","330","0032","0000","2313","753","1560","13","2326","5014","0","46.39","15.02"
"67","000","00","330","0032","1219","575","187","388","4","579","1210","0","47.85","15.45"
"67","000","00","330","0032","1220","522","189","333","1","523","1114","0","46.95","16.97"
"67","000","00","330","0032","1221","573","180","393","2","575","1241","0","46.33","14.50"
"67","000","00","330","0032","1222","643","197","446","6","649","1449","0","44.79","13.60"
"67","000","00","330","0033","0000","1550","551","999","26","1576","3483","0","45.25","15.82"
"67","000","00","330","0033","1217","645","214","431","9","654","1472","0","44.43","14.54"
"67","000","00","330","0033","1218","905","337","568","17","922","2011","0","45.85","16.76"
"67","000","00","330","0034","0000","1928","719","1209","18","1946","4744","0","41.02","15.16"
"67","000","00","330","0034","1212","688","276","412","11","699","1720","0","40.64","16.05"
"67","000","00","330","0034","1213","621","241","380","1","622","1543","0","40.31","15.62"
"67","000","00","330","0034","1214","619","202","417","6","625","1481","0","42.20","13.64"
"67","000","00","330","0035","0000","2274","879","1395","18","2292","4978","0","46.04","17.66"
"67","000","00","330","0035","1190","466","176","290","2","468","1139","0","41.09","15.45"
"67","000","00","330","0035","1191","507","221","286","3","510","1152","0","44.27","19.18"
"67","000","00","330","0035","1192","691","273","418","4","695","1353","0","51.37","20.18"
"67","000","00","330","0035","1193","610","209","401","9","619","1334","0","46.40","15.67"
"67","000","00","330","0036","0000","687","238","449","6","693","1717","0","40.36","13.86"
"67","000","00","330","0036","1233","401","137","264","4","405","952","0","42.54","14.39"
"67","000","00","330","0036","1234","286","101","185","2","288","765","0","37.65","13.20"
"67","000","00","330","0037","0000","815","209","606","8","823","1752","0","46.97","11.93"
"67","000","00","330","0037","1245","504","109","395","4","508","1039","0","48.89","10.49"
"67","000","00","330","0037","1246","311","100","211","4","315","713","0","44.18","14.03"
"67","000","00","330","0038","0000","768","204","564","11","779","1700","0","45.82","12.00"
"67","000","00","330","0038","1243","413","107","306","6","419","963","0","43.51","11.11"
"67","000","00","330","0038","1244","355","97","258","5","360","737","0","48.85","13.16"
"67","000","00","330","0039","0000","980","349","631","6","986","2425","0","40.66","14.39"
"67","000","00","330","0039","1225","470","167","303","2","472","1193","0","39.56","14.00"
"67","000","00","330","0039","1226","510","182","328","4","514","1232","0","41.72","14.77"
"67","000","00","330","0040","0000","1678","530","1148","9","1687","3641","0","46.33","14.56"
"67","000","00","330","0040","1201","398","108","290","5","403","896","0","44.98","12.05"
"67","000","00","330","0040","1202","352","111","241","2","354","807","0","43.87","13.75"
"67","000","00","330","0040","1203","517","148","369","1","518","1025","0","50.54","14.44"
"67","000","00","330","0040","1204","411","163","248","1","412","913","0","45.13","17.85"
"67","000","00","340","0000","0000","48008","20049","27959","434","48442","109685","129057","44.16","18.28"
"67","000","00","340","0001","0000","1446","617","829","12","1458","3350","0","43.52","18.42"
"67","000","00","340","0001","0732","461","224","237","5","466","1150","0","40.52","19.48"
"67","000","00","340","0001","0733","510","198","312","5","515","1097","0","46.95","18.05"
"67","000","00","340","0001","0734","475","195","280","2","477","1103","0","43.25","17.68"
"67","000","00","340","0004","0000","932","495","437","9","941","1911","0","49.24","25.90"
"67","000","00","340","0004","0745","460","273","187","5","465","1003","0","46.36","27.22"
"67","000","00","340","0004","0746","472","222","250","4","476","908","0","52.42","24.45"
"67","000","00","340","0005","0000","1091","536","555","10","1101","2358","0","46.69","22.73"
"67","000","00","340","0005","0741","479","224","255","4","483","1160","0","41.64","19.31"
"67","000","00","340","0005","0742","612","312","300","6","618","1198","0","51.59","26.04"
"67","000","00","340","0007","0000","872","351","521","10","882","1929","0","45.72","18.20"
"67","000","00","340","0007","0750","424","165","259","3","427","931","0","45.86","17.72"
"67","000","00","340","0007","0751","448","186","262","7","455","998","0","45.59","18.64"
"67","000","00","340","0008","0000","1089","488","601","9","1098","2173","0","50.53","22.46"
"67","000","00","340","0008","0752","582","259","323","6","588","1135","0","51.81","22.82"
"67","000","00","340","0008","0753","507","229","278","3","510","1038","0","49.13","22.06"
"67","000","00","340","0018","0000","1680","575","1105","12","1692","4183","0","40.45","13.75"
"67","000","00","340","0018","0822","419","142","277","3","422","1018","0","41.45","13.95"
"67","000","00","340","0018","0823","374","111","263","3","377","1012","0","37.25","10.97"
"67","000","00","340","0018","0824","415","156","259","4","419","985","0","42.54","15.84"
"67","000","00","340","0018","0825","472","166","306","2","474","1168","0","40.58","14.21"
"67","000","00","340","0019","0000","880","426","454","7","887","1829","0","48.50","23.29"
"67","000","00","340","0019","0743","485","249","236","3","488","991","0","49.24","25.13"
"67","000","00","340","0019","0744","395","177","218","4","399","838","0","47.61","21.12"
"67","000","00","340","0020","0000","2200","895","1305","16","2216","4751","0","46.64","18.84"
"67","000","00","340","0020","0797","572","256","316","5","577","1250","0","46.16","20.48"
"67","000","00","340","0020","0798","496","221","275","4","500","1089","0","45.91","20.29"
"67","000","00","340","0020","0799","599","234","365","5","604","1298","0","46.53","18.03"
"67","000","00","340","0020","0800","533","184","349","2","535","1114","0","48.03","16.52"
"67","000","00","340","0023","0000","1381","454","927","14","1395","3128","0","44.60","14.51"
"67","000","00","340","0023","0780","496","176","320","4","500","1110","0","45.05","15.86"
"67","000","00","340","0023","0781","418","132","286","2","420","934","0","44.97","14.13"
"67","000","00","340","0023","0782","467","146","321","8","475","1084","0","43.82","13.47"
"67","000","00","340","0024","0000","1934","682","1252","9","1943","4481","0","43.36","15.22"
"67","000","00","340","0024","0783","687","225","462","3","690","1543","0","44.72","14.58"
"67","000","00","340","0024","0784","670","244","426","5","675","1545","0","43.69","15.79"
"67","000","00","340","0024","0785","577","213","364","1","578","1393","0","41.49","15.29"
"67","000","00","340","0025","0000","1440","542","898","14","1454","3391","0","42.88","15.98"
"67","000","00","340","0025","0811","439","163","276","6","445","1036","0","42.95","15.73"
"67","000","00","340","0025","0812","504","191","313","3","507","1277","0","39.70","14.96"
"67","000","00","340","0025","0813","497","188","309","5","502","1078","0","46.57","17.44"
"67","000","00","340","0026","0000","2369","902","1467","18","2387","5281","0","45.20","17.08"
"67","000","00","340","0026","0817","430","119","311","2","432","877","0","49.26","13.57"
"67","000","00","340","0026","0818","409","142","267","1","410","946","0","43.34","15.01"
"67","000","00","340","0026","0819","422","154","268","7","429","1020","0","42.06","15.10"
"67","000","00","340","0026","0820","505","238","267","1","506","1099","0","46.04","21.66"
"67","000","00","340","0026","0821","603","249","354","7","610","1339","0","45.56","18.60"
"67","000","00","340","0032","0000","652","272","380","8","660","1388","0","47.55","19.60"
"67","000","00","340","0032","0754","652","272","380","8","660","1388","0","47.55","19.60"
"67","000","00","340","0033","0000","811","396","415","14","825","1809","0","45.61","21.89"
"67","000","00","340","0033","0769","400","211","189","9","409","856","0","47.78","24.65"
"67","000","00","340","0033","0770","411","185","226","5","416","953","0","43.65","19.41"
"67","000","00","340","0038","0000","1596","732","864","12","1608","4041","0","39.79","18.11"
"67","000","00","340","0038","0735","622","293","329","3","625","1626","0","38.44","18.02"
"67","000","00","340","0038","0736","400","190","210","4","404","1037","0","38.96","18.32"
"67","000","00","340","0038","0737","574","249","325","5","579","1378","0","42.02","18.07"
"67","000","00","340","0039","0000","1352","571","781","18","1370","3012","0","45.48","18.96"
"67","000","00","340","0039","0755","671","309","362","10","681","1498","0","45.46","20.63"
"67","000","00","340","0039","0756","681","262","419","8","689","1514","0","45.51","17.31"
"67","000","00","340","0040","0000","1897","800","1097","21","1918","4329","0","44.31","18.48"
"67","000","00","340","0040","0793","507","197","310","2","509","1159","0","43.92","17.00"
"67","000","00","340","0040","0794","487","196","291","8","495","1121","0","44.16","17.48"
"67","000","00","340","0040","0795","506","220","286","3","509","1141","0","44.61","19.28"
"67","000","00","340","0040","0796","397","187","210","8","405","908","0","44.60","20.59"
"67","000","00","340","0041","0000","1329","493","836","5","1334","2933","0","45.48","16.81"
"67","000","00","340","0041","0805","473","183","290","0","473","1015","0","46.60","18.03"
"67","000","00","340","0041","0806","430","141","289","1","431","938","0","45.95","15.03"
"67","000","00","340","0041","0807","426","169","257","4","430","980","0","43.88","17.24"
"67","000","00","340","0042","0000","1550","472","1078","11","1561","3603","0","43.33","13.10"
"67","000","00","340","0042","0814","552","161","391","5","557","1249","0","44.60","12.89"
"67","000","00","340","0042","0815","541","171","370","3","544","1179","0","46.14","14.50"
"67","000","00","340","0042","0816","457","140","317","3","460","1175","0","39.15","11.91"
"67","000","00","340","0043","0000","1643","596","1047","16","1659","3566","0","46.52","16.71"
"67","000","00","340","0043","0826","542","194","348","8","550","1149","0","47.87","16.88"
"67","000","00","340","0043","0827","553","226","327","2","555","1268","0","43.77","17.82"
"67","000","00","340","0043","0828","548","176","372","6","554","1149","0","48.22","15.32"
"67","000","00","340","0044","0000","1703","1062","641","26","1729","3781","0","45.73","28.09"
"67","000","00","340","0044","0747","532","262","270","8","540","1193","0","45.26","21.96"
"67","000","00","340","0044","0748","584","449","135","9","593","1336","0","44.39","33.61"
"67","000","00","340","0044","0749","587","351","236","9","596","1252","0","47.60","28.04"
"67","000","00","340","0045","0000","1541","664","877","8","1549","3378","0","45.86","19.66"
"67","000","00","340","0045","0738","575","261","314","2","577","1275","0","45.25","20.47"
"67","000","00","340","0045","0739","483","193","290","4","487","1058","0","46.03","18.24"
"67","000","00","340","0045","0740","483","210","273","2","485","1045","0","46.41","20.10"
"67","000","00","340","0046","0000","2190","974","1216","21","2211","5163","0","42.82","18.87"
"67","000","00","340","0046","0757","387","217","170","5","392","989","0","39.64","21.94"
"67","000","00","340","0046","0758","472","265","207","5","477","1047","0","45.56","25.31"
"67","000","00","340","0046","0759","398","149","249","3","401","942","0","42.57","15.82"
"67","000","00","340","0046","0760","450","168","282","5","455","1038","0","43.83","16.18"
"67","000","00","340","0046","0761","483","175","308","3","486","1147","0","42.37","15.26"
"67","000","00","340","0047","0000","1586","613","973","22","1608","3826","0","42.03","16.02"
"67","000","00","340","0047","0776","376","141","235","10","386","924","0","41.77","15.26"
"67","000","00","340","0047","0777","369","128","241","6","375","831","0","45.13","15.40"
"67","000","00","340","0047","0778","399","179","220","1","400","923","0","43.34","19.39"
"67","000","00","340","0047","0779","442","165","277","5","447","1148","0","38.94","14.37"
"67","000","00","340","0048","0000","2035","1219","816","19","2054","4747","0","43.27","25.68"
"67","000","00","340","0048","0762","547","375","172","6","553","1284","0","43.07","29.21"
"67","000","00","340","0048","0763","441","325","116","4","445","1034","0","43.04","31.43"
"67","000","00","340","0048","0764","540","339","201","3","543","1318","0","41.20","25.72"
"67","000","00","340","0048","0765","507","180","327","6","513","1111","0","46.17","16.20"
"67","000","00","340","0049","0000","1261","525","736","13","1274","2929","0","43.50","17.92"
"67","000","00","340","0049","0766","407","148","259","3","410","966","0","42.44","15.32"
"67","000","00","340","0049","0767","454","188","266","6","460","993","0","46.32","18.93"
"67","000","00","340","0049","0768","400","189","211","4","404","970","0","41.65","19.48"
"67","000","00","340","0050","0000","1128","434","694","7","1135","2655","0","42.75","16.35"
"67","000","00","340","0050","0774","558","194","364","5","563","1250","0","45.04","15.52"
"67","000","00","340","0050","0775","570","240","330","2","572","1405","0","40.71","17.08"
"67","000","00","340","0051","0000","1463","544","919","9","1472","3987","0","36.92","13.64"
"67","000","00","340","0051","0771","538","189","349","2","540","1251","0","43.17","15.11"
"67","000","00","340","0051","0772","502","191","311","6","508","1230","0","41.30","15.53"
"67","000","00","340","0051","0773","423","164","259","1","424","1506","0","28.15","10.89"
"67","000","00","340","0052","0000","1557","605","952","15","1572","3631","0","43.29","16.66"
"67","000","00","340","0052","0786","465","192","273","6","471","1081","0","43.57","17.76"
"67","000","00","340","0052","0787","672","262","410","5","677","1560","0","43.40","16.79"
"67","000","00","340","0052","0788","420","151","269","4","424","990","0","42.83","15.25"
"67","000","00","340","0053","0000","1949","805","1144","17","1966","4418","0","44.50","18.22"
"67","000","00","340","0053","0789","433","185","248","4","437","980","0","44.59","18.88"
"67","000","00","340","0053","0790","479","186","293","4","483","1137","0","42.48","16.36"
"67","000","00","340","0053","0791","510","214","296","2","512","1102","0","46.46","19.42"
"67","000","00","340","0053","0792","527","220","307","7","534","1199","0","44.54","18.35"
"67","000","00","340","0054","0000","1112","387","725","8","1120","2467","0","45.40","15.69"
"67","000","00","340","0054","0801","554","213","341","5","559","1343","0","41.62","15.86"
"67","000","00","340","0054","0802","558","174","384","3","561","1124","0","49.91","15.48"
"67","000","00","340","0055","0000","1015","414","601","9","1024","2258","0","45.35","18.33"
"67","000","00","340","0055","0803","481","218","263","4","485","1060","0","45.75","20.57"
"67","000","00","340","0055","0804","534","196","338","5","539","1198","0","44.99","16.36"
"67","000","00","340","0056","0000","1324","508","816","15","1339","2999","0","44.65","16.94"
"67","000","00","340","0056","0808","488","194","294","5","493","1033","0","47.73","18.78"
"67","000","00","340","0056","0809","396","166","230","8","404","936","0","43.16","17.74"
"67","000","00","340","0056","0810","440","148","292","2","442","1030","0","42.91","14.37"
"67","000","00","350","0000","0000","63581","20748","42833","534","64115","163001","196238","39.33","12.73"
"67","000","00","350","0001","0000","1134","396","738","10","1144","2798","0","40.89","14.15"
"67","000","00","350","0001","0591","548","188","360","6","554","1403","0","39.49","13.40"
"67","000","00","350","0001","0592","586","208","378","4","590","1395","0","42.29","14.91"
"67","000","00","350","0002","0000","1904","679","1225","22","1926","4730","0","40.72","14.36"
"67","000","00","350","0002","0605","448","158","290","10","458","1194","0","38.36","13.23"
"67","000","00","350","0002","0606","464","153","311","5","469","1181","0","39.71","12.96"
"67","000","00","350","0002","0607","525","182","343","4","529","1185","0","44.64","15.36"
"67","000","00","350","0002","0608","467","186","281","3","470","1170","0","40.17","15.90"
"67","000","00","350","0003","0000","1797","596","1201","13","1810","4668","0","38.77","12.77"
"67","000","00","350","0003","0593","453","162","291","3","456","1080","0","42.22","15.00"
"67","000","00","350","0003","0594","504","150","354","4","508","1247","0","40.74","12.03"
"67","000","00","350","0003","0595","407","128","279","2","409","1167","0","35.05","10.97"
"67","000","00","350","0003","0596","433","156","277","4","437","1174","0","37.22","13.29"
"67","000","00","350","0004","0000","1973","672","1301","18","1991","5017","0","39.69","13.39"
"67","000","00","350","0004","0597","491","163","328","2","493","1196","0","41.22","13.63"
"67","000","00","350","0004","0598","554","168","386","4","558","1371","0","40.70","12.25"
"67","000","00","350","0004","0599","509","199","310","7","516","1310","0","39.39","15.19"
"67","000","00","350","0004","0600","419","142","277","5","424","1140","0","37.19","12.46"
"67","000","00","350","0005","0000","1815","592","1223","12","1827","4446","0","41.09","13.32"
"67","000","00","350","0005","0601","464","157","307","4","468","1206","0","38.81","13.02"
"67","000","00","350","0005","0602","441","142","299","4","445","1100","0","40.45","12.91"
"67","000","00","350","0005","0603","476","130","346","1","477","1137","0","41.95","11.43"
"67","000","00","350","0005","0604","434","163","271","3","437","1003","0","43.57","16.25"
"67","000","00","350","0006","0000","1179","391","788","10","1189","2762","0","43.05","14.16"
"67","000","00","350","0006","0634","610","229","381","4","614","1454","0","42.23","15.75"
"67","000","00","350","0006","0635","569","162","407","6","575","1308","0","43.96","12.39"
"67","000","00","350","0007","0000","1441","466","975","11","1452","3488","0","41.63","13.36"
"67","000","00","350","0007","0627","506","145","361","4","510","1159","0","44.00","12.51"
"67","000","00","350","0007","0628","465","146","319","7","472","1197","0","39.43","12.20"
"67","000","00","350","0007","0629","470","175","295","0","470","1132","0","41.52","15.46"
"67","000","00","350","0008","0000","1871","580","1291","17","1888","4518","0","41.79","12.84"
"67","000","00","350","0008","0614","423","151","272","4","427","1187","0","35.97","12.72"
"67","000","00","350","0008","0615","453","151","302","3","456","1057","0","43.14","14.29"
"67","000","00","350","0008","0616","490","100","390","7","497","1141","0","43.56","8.76"
"67","000","00","350","0008","0617","505","178","327","3","508","1133","0","44.84","15.71"
"67","000","00","350","0009","0000","2499","806","1693","22","2521","6006","0","41.97","13.42"
"67","000","00","350","0009","0618","530","146","384","3","533","1198","0","44.49","12.19"
"67","000","00","350","0009","0619","494","151","343","6","500","1327","0","37.68","11.38"
"67","000","00","350","0009","0620","505","167","338","5","510","1258","0","40.54","13.28"
"67","000","00","350","0009","0621","498","177","321","3","501","1103","0","45.42","16.05"
"67","000","00","350","0009","0622","472","165","307","5","477","1120","0","42.59","14.73"
"67","000","00","350","0010","0000","2499","883","1616","14","2513","6119","0","41.07","14.43"
"67","000","00","350","0010","0609","457","170","287","4","461","1230","0","37.48","13.82"
"67","000","00","350","0010","0610","574","194","380","4","578","1421","0","40.68","13.65"
"67","000","00","350","0010","0611","560","219","341","1","561","1297","0","43.25","16.89"
"67","000","00","350","0010","0612","438","133","305","2","440","1090","0","40.37","12.20"
"67","000","00","350","0010","0613","470","167","303","3","473","1081","0","43.76","15.45"
"67","000","00","350","0011","0000","865","307","558","7","872","2171","0","40.17","14.14"
"67","000","00","350","0011","0654","491","178","313","4","495","1193","0","41.49","14.92"
"67","000","00","350","0011","0655","374","129","245","3","377","978","0","38.55","13.19"
"67","000","00","350","0012","0000","737","230","507","8","745","1811","0","41.14","12.70"
"67","000","00","350","0012","0662","373","108","265","3","376","938","0","40.09","11.51"
"67","000","00","350","0012","0663","364","122","242","5","369","873","0","42.27","13.97"
"67","000","00","350","0013","0000","1840","581","1259","7","1847","4706","0","39.25","12.35"
"67","000","00","350","0013","0656","499","161","338","1","500","1373","0","36.42","11.73"
"67","000","00","350","0013","0657","412","115","297","3","415","1040","0","39.90","11.06"
"67","000","00","350","0013","0658","453","150","303","1","454","1106","0","41.05","13.56"
"67","000","00","350","0013","0659","476","155","321","2","478","1187","0","40.27","13.06"
"67","000","00","350","0014","0000","459","129","330","3","462","1148","0","40.24","11.24"
"67","000","00","350","0014","0660","459","129","330","3","462","1148","0","40.24","11.24"
"67","000","00","350","0015","0000","2003","601","1402","9","2012","5528","0","36.40","10.87"
"67","000","00","350","0015","0647","410","124","286","0","410","1307","0","31.37","9.49"
"67","000","00","350","0015","0648","537","152","385","1","538","1446","0","37.21","10.51"
"67","000","00","350","0015","0649","518","166","352","5","523","1356","0","38.57","12.24"
"67","000","00","350","0015","0650","538","159","379","3","541","1419","0","38.13","11.21"
"67","000","00","350","0016","0000","1089","373","716","8","1097","2803","0","39.14","13.31"
"67","000","00","350","0016","0677","605","202","403","6","611","1502","0","40.68","13.45"
"67","000","00","350","0016","0678","484","171","313","2","486","1301","0","37.36","13.14"
"67","000","00","350","0017","0000","1005","320","685","5","1010","2365","0","42.71","13.53"
"67","000","00","350","0017","0712","541","166","375","0","541","1290","0","41.94","12.87"
"67","000","00","350","0017","0713","464","154","310","5","469","1075","0","43.63","14.33"
"67","000","00","350","0018","0000","2670","928","1742","28","2698","7823","0","34.49","11.86"
"67","000","00","350","0018","0679","485","163","322","8","493","1371","0","35.96","11.89"
"67","000","00","350","0018","0680","490","173","317","2","492","1272","0","38.68","13.60"
"67","000","00","350","0018","0681","449","143","306","9","458","1270","0","36.06","11.26"
"67","000","00","350","0018","0682","438","138","300","4","442","1342","0","32.94","10.28"
"67","000","00","350","0018","0683","528","206","322","3","531","1323","0","40.14","15.57"
"67","000","00","350","0018","0684","280","105","175","2","282","1245","0","22.65","8.43"
"67","000","00","350","0019","0000","649","281","368","10","659","1587","0","41.52","17.71"
"67","000","00","350","0019","0730","288","120","168","5","293","796","0","36.81","15.08"
"67","000","00","350","0019","0731","361","161","200","5","366","791","0","46.27","20.35"
"67","000","00","350","0020","0000","1717","550","1167","14","1731","4730","0","36.60","11.63"
"67","000","00","350","0020","0685","417","125","292","5","422","1260","0","33.49","9.92"
"67","000","00","350","0020","0686","396","105","291","2","398","1105","0","36.02","9.50"
"67","000","00","350","0020","0687","445","152","293","4","449","1135","0","39.56","13.39"
"67","000","00","350","0020","0688","459","168","291","3","462","1230","0","37.56","13.66"
"67","000","00","350","0021","0000","1146","372","774","12","1158","3591","0","32.25","10.36"
"67","000","00","350","0021","0674","420","133","287","5","425","1329","0","31.98","10.01"
"67","000","00","350","0021","0675","393","131","262","4","397","1283","0","30.94","10.21"
"67","000","00","350","0021","0676","333","108","225","3","336","979","0","34.32","11.03"
"67","000","00","350","0022","0000","1196","400","796","7","1203","3358","0","35.82","11.91"
"67","000","00","350","0022","0669","342","95","247","0","342","1040","0","32.88","9.13"
"67","000","00","350","0022","0670","366","124","242","5","371","1026","0","36.16","12.09"
"67","000","00","350","0022","0671","488","181","307","2","490","1292","0","37.93","14.01"
"67","000","00","350","0023","0000","716","236","480","5","721","2107","0","34.22","11.20"
"67","000","00","350","0023","0672","304","108","196","4","308","991","0","31.08","10.90"
"67","000","00","350","0023","0673","412","128","284","1","413","1116","0","37.01","11.47"
"67","000","00","350","0024","0000","447","144","303","3","450","1031","0","43.65","13.97"
"67","000","00","350","0024","0668","447","144","303","3","450","1031","0","43.65","13.97"
"67","000","00","350","0025","0000","643","153","490","10","653","1831","0","35.66","8.36"
"67","000","00","350","0025","0664","347","94","253","5","352","866","0","40.65","10.85"
"67","000","00","350","0025","0665","296","59","237","5","301","965","0","31.19","6.11"
"67","000","00","350","0026","0000","792","239","553","11","803","2484","0","32.33","9.62"
"67","000","00","350","0026","0666","369","129","240","4","373","1240","0","30.08","10.40"
"67","000","00","350","0026","0667","423","110","313","7","430","1244","0","34.57","8.84"
"67","000","00","350","0027","0000","526","190","336","3","529","1572","0","33.65","12.09"
"67","000","00","350","0027","0714","281","98","183","1","282","812","0","34.73","12.07"
"67","000","00","350","0027","0715","245","92","153","2","247","760","0","32.50","12.11"
"67","000","00","350","0028","0000","589","154","435","7","596","1569","0","37.99","9.82"
"67","000","00","350","0028","0721","346","82","264","2","348","905","0","38.45","9.06"
"67","000","00","350","0028","0722","243","72","171","5","248","664","0","37.35","10.84"
"67","000","00","350","0029","0000","400","151","249","5","405","1050","0","38.57","14.38"
"67","000","00","350","0029","0723","400","151","249","5","405","1050","0","38.57","14.38"
"67","000","00","350","0030","0000","1136","345","791","15","1151","3209","0","35.87","10.75"
"67","000","00","350","0030","0716","335","79","256","2","337","845","0","39.88","9.35"
"67","000","00","350","0030","0717","328","116","212","6","334","1010","0","33.07","11.49"
"67","000","00","350","0030","0718","473","150","323","7","480","1354","0","35.45","11.08"
"67","000","00","350","0031","0000","505","132","373","6","511","1442","0","35.44","9.15"
"67","000","00","350","0031","0720","505","132","373","6","511","1442","0","35.44","9.15"
"67","000","00","350","0032","0000","451","135","316","5","456","1507","0","30.26","8.96"
"67","000","00","350","0032","0719","451","135","316","5","456","1507","0","30.26","8.96"
"67","000","00","350","0033","0000","505","144","361","7","512","1292","0","39.63","11.15"
"67","000","00","350","0033","0724","236","60","176","4","240","597","0","40.20","10.05"
"67","000","00","350","0033","0725","269","84","185","3","272","695","0","39.14","12.09"
"67","000","00","350","0035","0000","279","112","167","6","285","888","0","32.09","12.61"
"67","000","00","350","0035","0727","279","112","167","6","285","888","0","32.09","12.61"
"67","000","00","350","0036","0000","739","269","470","4","743","1882","0","39.48","14.29"
"67","000","00","350","0036","0728","409","170","239","2","411","1021","0","40.25","16.65"
"67","000","00","350","0036","0729","330","99","231","2","332","861","0","38.56","11.50"
"67","000","00","350","0037","0000","893","253","640","5","898","2122","0","42.32","11.92"
"67","000","00","350","0037","0625","461","127","334","2","463","1145","0","40.44","11.09"
"67","000","00","350","0037","0626","432","126","306","3","435","977","0","44.52","12.90"
"67","000","00","350","0038","0000","1213","424","789","11","1224","2749","0","44.53","15.42"
"67","000","00","350","0038","0623","638","191","447","6","644","1394","0","46.20","13.70"
"67","000","00","350","0038","0624","575","233","342","5","580","1355","0","42.80","17.20"
"67","000","00","350","0039","0000","1885","666","1219","12","1897","4392","0","43.19","15.16"
"67","000","00","350","0039","0630","473","162","311","3","476","1089","0","43.71","14.88"
"67","000","00","350","0039","0631","510","179","331","4","514","1177","0","43.67","15.21"
"67","000","00","350","0039","0632","443","139","304","2","445","1073","0","41.47","12.95"
"67","000","00","350","0039","0633","459","186","273","3","462","1053","0","43.87","17.66"
"67","000","00","350","0040","0000","1238","362","876","12","1250","3015","0","41.46","12.01"
"67","000","00","350","0040","0692","434","134","300","3","437","1013","0","43.14","13.23"
"67","000","00","350","0040","0693","414","112","302","6","420","1038","0","40.46","10.79"
"67","000","00","350","0040","0694","390","116","274","3","393","964","0","40.77","12.03"
"67","000","00","350","0041","0000","1794","510","1284","17","1811","4278","0","42.33","11.92"
"67","000","00","350","0041","0695","589","170","419","6","595","1351","0","44.04","12.58"
"67","000","00","350","0041","0696","580","159","421","4","584","1418","0","41.18","11.21"
"67","000","00","350","0041","0697","625","181","444","7","632","1509","0","41.88","11.99"
"67","000","00","350","0042","0000","1558","431","1127","14","1572","3596","0","43.72","11.99"
"67","000","00","350","0042","0709","505","149","356","5","510","1151","0","44.31","12.95"
"67","000","00","350","0042","0710","518","147","371","6","524","1217","0","43.06","12.08"
"67","000","00","350","0042","0711","535","135","400","3","538","1228","0","43.81","10.99"
"67","000","00","350","0043","0000","1662","589","1073","8","1670","4402","0","37.94","13.38"
"67","000","00","350","0043","0636","626","230","396","4","630","1551","0","40.62","14.83"
"67","000","00","350","0043","0637","529","188","341","2","531","1483","0","35.81","12.68"
"67","000","00","350","0043","0638","507","171","336","2","509","1368","0","37.21","12.50"
"67","000","00","350","0044","0000","1618","567","1051","12","1630","4025","0","40.50","14.09"
"67","000","00","350","0044","0639","420","156","264","1","421","1057","0","39.83","14.76"
"67","000","00","350","0044","0640","475","158","317","3","478","1061","0","45.05","14.89"
"67","000","00","350","0044","0641","304","103","201","4","308","944","0","32.63","10.91"
"67","000","00","350","0044","0642","419","150","269","4","423","963","0","43.93","15.58"
"67","000","00","350","0045","0000","1902","558","1344","18","1920","4467","0","42.98","12.49"
"67","000","00","350","0045","0643","416","108","308","1","417","1115","0","37.40","9.69"
"67","000","00","350","0045","0644","480","135","345","3","483","1098","0","43.99","12.30"
"67","000","00","350","0045","0645","546","173","373","8","554","1253","0","44.21","13.81"
"67","000","00","350","0045","0646","460","142","318","6","466","1001","0","46.55","14.19"
"67","000","00","350","0046","0000","1626","600","1026","7","1633","3943","0","41.42","15.22"
"67","000","00","350","0046","0700","442","156","286","3","445","980","0","45.41","15.92"
"67","000","00","350","0046","0701","394","141","253","1","395","1034","0","38.20","13.64"
"67","000","00","350","0046","0702","407","155","252","3","410","999","0","41.04","15.52"
"67","000","00","350","0046","0703","383","148","235","0","383","930","0","41.18","15.91"
"67","000","00","350","0047","0000","1256","387","869","13","1269","3321","0","38.21","11.65"
"67","000","00","350","0047","0689","381","138","243","3","384","974","0","39.43","14.17"
"67","000","00","350","0047","0690","465","140","325","6","471","1227","0","38.39","11.41"
"67","000","00","350","0047","0691","410","109","301","4","414","1120","0","36.96","9.73"
"67","000","00","350","0048","0000","579","189","390","4","583","1480","0","39.39","12.77"
"67","000","00","350","0048","0661","579","189","390","4","583","1480","0","39.39","12.77"
"67","000","00","350","0049","0000","1147","362","785","9","1156","2718","0","42.53","13.32"
"67","000","00","350","0049","0698","482","134","348","4","486","1182","0","41.12","11.34"
"67","000","00","350","0049","0699","665","228","437","5","670","1536","0","43.62","14.84"
"67","000","00","350","0050","0000","2060","648","1412","23","2083","5393","0","38.62","12.02"
"67","000","00","350","0050","0704","350","82","268","4","354","1006","0","35.19","8.15"
"67","000","00","350","0050","0705","464","147","317","5","469","1235","0","37.98","11.90"
"67","000","00","350","0050","0706","447","163","284","7","454","1138","0","39.89","14.32"
"67","000","00","350","0050","0707","389","120","269","0","389","1094","0","35.56","10.97"
"67","000","00","350","0050","0708","410","136","274","7","417","920","0","45.33","14.78"
"67","000","00","350","0051","0000","1453","475","978","10","1463","3607","0","40.56","13.17"
"67","000","00","350","0051","0651","424","163","261","4","428","1076","0","39.78","15.15"
"67","000","00","350","0051","0652","500","158","342","4","504","1217","0","41.41","12.98"
"67","000","00","350","0051","0653","529","154","375","2","531","1314","0","40.41","11.72"
"67","000","00","350","0052","0000","481","190","291","5","486","1456","0","33.38","13.05"
"67","000","00","350","0052","0726","481","190","291","5","486","1456","0","33.38","13.05"
"67","000","00","360","0000","0000","22996","9241","13755","178","23174","56716","67297","40.86","16.29"
"67","000","00","360","0002","0000","824","362","462","5","829","2012","0","41.20","17.99"
"67","000","00","360","0002","1099","324","125","199","2","326","895","0","36.42","13.97"
"67","000","00","360","0002","1100","500","237","263","3","503","1117","0","45.03","21.22"
"67","000","00","360","0004","0000","197","66","131","3","200","435","0","45.98","15.17"
"67","000","00","360","0004","1091","197","66","131","3","200","435","0","45.98","15.17"
"67","000","00","360","0005","0000","2092","811","1281","16","2108","5116","0","41.20","15.85"
"67","000","00","360","0005","1061","480","205","275","1","481","1243","0","38.70","16.49"
"67","000","00","360","0005","1062","515","196","319","3","518","1165","0","44.46","16.82"
"67","000","00","360","0005","1063","525","186","339","8","533","1312","0","40.63","14.18"
"67","000","00","360","0005","1064","572","224","348","4","576","1396","0","41.26","16.05"
"67","000","00","360","0006","0000","1676","697","979","14","1690","4196","0","40.28","16.61"
"67","000","00","360","0006","1065","561","242","319","7","568","1458","0","38.96","16.60"
"67","000","00","360","0006","1066","551","215","336","4","555","1385","0","40.07","15.52"
"67","000","00","360","0006","1067","564","240","324","3","567","1353","0","41.91","17.74"
"67","000","00","360","0007","0000","2006","810","1196","21","2027","4827","0","41.99","16.78"
"67","000","00","360","0007","1068","530","222","308","7","537","1199","0","44.79","18.52"
"67","000","00","360","0007","1069","458","178","280","5","463","1233","0","37.55","14.44"
"67","000","00","360","0007","1070","500","213","287","0","500","1210","0","41.32","17.60"
"67","000","00","360","0007","1071","518","197","321","9","527","1185","0","44.47","16.62"
"67","000","00","360","0008","0000","2716","1101","1615","15","2731","7232","0","37.76","15.22"
"67","000","00","360","0008","1072","487","186","301","3","490","1482","0","33.06","12.55"
"67","000","00","360","0008","1073","574","248","326","3","577","1402","0","41.16","17.69"
"67","000","00","360","0008","1074","475","189","286","4","479","1393","0","34.39","13.57"
"67","000","00","360","0008","1075","566","224","342","3","569","1476","0","38.55","15.18"
"67","000","00","360","0008","1076","614","254","360","2","616","1479","0","41.65","17.17"
"67","000","00","360","0009","0000","2254","945","1309","16","2270","5000","0","45.40","18.90"
"67","000","00","360","0009","1057","524","203","321","3","527","1130","0","46.64","17.96"
"67","000","00","360","0009","1058","508","208","300","4","512","1153","0","44.41","18.04"
"67","000","00","360","0009","1059","585","244","341","4","589","1353","0","43.53","18.03"
"67","000","00","360","0009","1060","637","290","347","5","642","1364","0","47.07","21.26"
"67","000","00","360","0010","0000","3059","1276","1783","19","3078","7593","0","40.54","16.80"
"67","000","00","360","0010","1085","604","227","377","5","609","1345","0","45.28","16.88"
"67","000","00","360","0010","1086","567","243","324","0","567","1244","0","45.58","19.53"
"67","000","00","360","0010","1087","506","230","276","3","509","1252","0","40.65","18.37"
"67","000","00","360","0010","1088","554","260","294","5","559","1307","0","42.77","19.89"
"67","000","00","360","0010","1089","452","180","272","4","456","1202","0","37.94","14.98"
"67","000","00","360","0010","1090","376","136","240","2","378","1243","0","30.41","10.94"
"67","000","00","360","0011","0000","2956","1321","1635","27","2983","7951","0","37.52","16.61"
"67","000","00","360","0011","1079","479","191","288","6","485","1364","0","35.56","14.00"
"67","000","00","360","0011","1080","529","247","282","11","540","1300","0","41.54","19.00"
"67","000","00","360","0011","1081","508","247","261","0","508","1333","0","38.11","18.53"
"67","000","00","360","0011","1082","459","202","257","5","464","1286","0","36.08","15.71"
"67","000","00","360","0011","1083","528","225","303","0","528","1379","0","38.29","16.32"
"67","000","00","360","0011","1084","453","209","244","5","458","1289","0","35.53","16.21"
"67","000","00","360","0012","0000","1306","503","803","10","1316","3031","0","43.42","16.60"
"67","000","00","360","0012","1077","651","258","393","8","659","1510","0","43.64","17.09"
"67","000","00","360","0012","1078","655","245","410","2","657","1521","0","43.20","16.11"
"67","000","00","360","0015","0000","1450","521","929","8","1458","3301","0","44.17","15.78"
"67","000","00","360","0015","1092","760","286","474","3","763","1666","0","45.80","17.17"
"67","000","00","360","0015","1093","690","235","455","5","695","1635","0","42.51","14.37"
"67","000","00","360","0016","0000","1380","454","926","15","1395","3261","0","42.78","13.92"
"67","000","00","360","0016","1094","484","194","290","7","491","1105","0","44.43","17.56"
"67","000","00","360","0016","1095","430","133","297","5","435","1093","0","39.80","12.17"
"67","000","00","360","0016","1096","466","127","339","3","469","1063","0","44.12","11.95"
"67","000","00","360","0017","0000","1080","374","706","9","1089","2761","0","39.44","13.55"
"67","000","00","360","0017","1097","557","203","354","4","561","1383","0","40.56","14.68"
"67","000","00","360","0017","1098","523","171","352","5","528","1378","0","38.32","12.41"
"67","000","00","370","0000","0000","28895","10881","18014","211","29106","64466","78163","45.15","16.88"
"67","000","00","370","0005","0000","1660","572","1088","8","1668","3653","0","45.66","15.66"
"67","000","00","370","0005","1101","542","182","360","3","545","1290","0","42.25","14.11"
"67","000","00","370","0005","1102","598","222","376","2","600","1182","0","50.76","18.78"
"67","000","00","370","0005","1103","520","168","352","3","523","1181","0","44.28","14.23"
"67","000","00","370","0007","0000","1328","554","774","9","1337","3036","0","44.04","18.25"
"67","000","00","370","0007","1104","674","301","373","4","678","1552","0","43.69","19.39"
"67","000","00","370","0007","1105","654","253","401","5","659","1484","0","44.41","17.05"
"67","000","00","370","0009","0000","1235","551","684","12","1247","2678","0","46.56","20.58"
"67","000","00","370","0009","1106","596","244","352","9","605","1315","0","46.01","18.56"
"67","000","00","370","0009","1107","639","307","332","3","642","1363","0","47.10","22.52"
"67","000","00","370","0011","0000","1004","354","650","6","1010","2406","0","41.98","14.71"
"67","000","00","370","0011","1108","511","173","338","3","514","1251","0","41.09","13.83"
"67","000","00","370","0011","1109","493","181","312","3","496","1155","0","42.94","15.67"
"67","000","00","370","0016","0000","1132","427","705","12","1144","2516","0","45.47","16.97"
"67","000","00","370","0016","1110","577","225","352","5","582","1280","0","45.47","17.58"
"67","000","00","370","0016","1111","555","202","353","7","562","1236","0","45.47","16.34"
"67","000","00","370","0022","0000","1470","507","963","12","1482","3287","0","45.09","15.42"
"67","000","00","370","0022","1112","331","121","210","2","333","762","0","43.70","15.88"
"67","000","00","370","0022","1113","421","118","303","4","425","936","0","45.41","12.61"
"67","000","00","370","0022","1114","369","134","235","4","373","797","0","46.80","16.81"
"67","000","00","370","0022","1115","349","134","215","2","351","792","0","44.32","16.92"
"67","000","00","370","0025","0000","1616","554","1062","17","1633","3479","0","46.94","15.92"
"67","000","00","370","0025","1116","465","149","316","4","469","1026","0","45.71","14.52"
"67","000","00","370","0025","1117","540","180","360","5","545","1149","0","47.43","15.67"
"67","000","00","370","0025","1118","611","225","386","8","619","1304","0","47.47","17.25"
"67","000","00","370","0031","0000","1123","433","690","10","1133","2515","0","45.05","17.22"
"67","000","00","370","0031","1119","571","212","359","3","574","1289","0","44.53","16.45"
"67","000","00","370","0031","1120","552","221","331","7","559","1226","0","45.60","18.03"
"67","000","00","370","0033","0000","2631","1100","1531","22","2653","5665","0","46.83","19.42"
"67","000","00","370","0033","1121","714","315","399","4","718","1410","0","50.92","22.34"
"67","000","00","370","0033","1122","649","250","399","6","655","1394","0","46.99","17.93"
"67","000","00","370","0033","1123","689","309","380","8","697","1615","0","43.16","19.13"
"67","000","00","370","0033","1124","579","226","353","4","583","1246","0","46.79","18.14"
"67","000","00","370","0034","0000","2332","913","1419","13","2345","4932","0","47.55","18.51"
"67","000","00","370","0034","1125","623","234","389","3","626","1306","0","47.93","17.92"
"67","000","00","370","0034","1126","571","225","346","4","575","1190","0","48.32","18.91"
"67","000","00","370","0034","1127","554","205","349","3","557","1193","0","46.69","17.18"
"67","000","00","370","0034","1128","584","249","335","3","587","1243","0","47.22","20.03"
"67","000","00","370","0039","0000","1653","586","1067","8","1661","3667","0","45.30","15.98"
"67","000","00","370","0039","1129","363","143","220","4","367","870","0","42.18","16.44"
"67","000","00","370","0039","1130","400","119","281","2","402","863","0","46.58","13.79"
"67","000","00","370","0039","1131","453","181","272","0","453","1038","0","43.64","17.44"
"67","000","00","370","0039","1132","437","143","294","2","439","896","0","49.00","15.96"
"67","000","00","370","0040","0000","1375","477","898","2","1377","3143","0","43.81","15.18"
"67","000","00","370","0040","1133","482","171","311","0","482","1100","0","43.82","15.55"
"67","000","00","370","0040","1134","484","170","314","1","485","1073","0","45.20","15.84"
"67","000","00","370","0040","1135","409","136","273","1","410","970","0","42.27","14.02"
"67","000","00","370","0041","0000","1181","545","636","5","1186","2478","0","47.86","21.99"
"67","000","00","370","0041","1136","599","312","287","3","602","1252","0","48.08","24.92"
"67","000","00","370","0041","1137","582","233","349","2","584","1226","0","47.63","19.00"
"67","000","00","370","0042","0000","1347","576","771","8","1355","3070","0","44.14","18.76"
"67","000","00","370","0042","1138","480","218","262","2","482","1116","0","43.19","19.53"
"67","000","00","370","0042","1139","475","203","272","3","478","1067","0","44.80","19.03"
"67","000","00","370","0042","1140","392","155","237","3","395","887","0","44.53","17.47"
"67","000","00","370","0043","0000","871","311","560","9","880","1972","0","44.62","15.77"
"67","000","00","370","0043","1141","432","139","293","5","437","1061","0","41.19","13.10"
"67","000","00","370","0043","1142","439","172","267","4","443","911","0","48.63","18.88"
"67","000","00","370","0044","0000","1567","499","1068","19","1586","3846","0","41.24","12.97"
"67","000","00","370","0044","1143","479","158","321","7","486","1403","0","34.64","11.26"
"67","000","00","370","0044","1144","518","140","378","7","525","1199","0","43.79","11.68"
"67","000","00","370","0044","1145","570","201","369","5","575","1244","0","46.22","16.16"
"67","000","00","370","0045","0000","1067","378","689","6","1073","2485","0","43.18","15.21"
"67","000","00","370","0045","1146","564","179","385","3","567","1274","0","44.51","14.05"
"67","000","00","370","0045","1147","503","199","304","3","506","1211","0","41.78","16.43"
"67","000","00","370","0046","0000","828","288","540","8","836","1878","0","44.52","15.34"
"67","000","00","370","0046","1148","438","124","314","5","443","982","0","45.11","12.63"
"67","000","00","370","0046","1149","390","164","226","3","393","896","0","43.86","18.30"
"67","000","00","370","0047","0000","1702","574","1128","9","1711","3913","0","43.73","14.67"
"67","000","00","370","0047","1150","486","171","315","3","489","1072","0","45.62","15.95"
"67","000","00","370","0047","1151","409","132","277","2","411","855","0","48.07","15.44"
"67","000","00","370","0047","1152","414","140","274","0","414","1021","0","40.55","13.71"
"67","000","00","370","0047","1153","393","131","262","4","397","965","0","41.14","13.58"
"67","000","00","370","0048","0000","1773","682","1091","16","1789","3847","0","46.50","17.73"
"67","000","00","370","0048","1154","396","123","273","4","400","887","0","45.10","13.87"
"67","000","00","370","0048","1155","545","186","359","4","549","1144","0","47.99","16.26"
"67","000","00","370","0048","1156","473","207","266","6","479","1001","0","47.85","20.68"
"67","000","00","370","0048","1157","359","166","193","2","361","815","0","44.29","20.37"
"64","000","00","000","0000","0000","986149","392910","593239","8368","994517","2353773","2755491","42.25","16.69"
"64","000","00","010","0000","0000","9920","3596","6324","78","9998","20951","23272","47.72","17.16"
"64","000","00","010","0001","0000","630","205","425","3","633","1261","0","50.20","16.26"
"64","000","00","010","0001","1297","630","205","425","3","633","1261","0","50.20","16.26"
"64","000","00","010","0002","0000","154","48","106","2","156","321","0","48.60","14.95"
"64","000","00","010","0002","1298","154","48","106","2","156","321","0","48.60","14.95"
"64","000","00","010","0003","0000","328","106","222","3","331","626","0","52.88","16.93"
"64","000","00","010","0003","1299","328","106","222","3","331","626","0","52.88","16.93"
"64","000","00","010","0004","0000","537","243","294","9","546","1222","0","44.68","19.89"
"64","000","00","010","0004","1300","537","243","294","9","546","1222","0","44.68","19.89"
"64","000","00","010","0005","0000","597","245","352","6","603","1240","0","48.63","19.76"
"64","000","00","010","0005","1301","597","245","352","6","603","1240","0","48.63","19.76"
"64","000","00","010","0006","0000","929","357","572","7","936","1941","0","48.22","18.39"
"64","000","00","010","0006","1302","408","169","239","5","413","830","0","49.76","20.36"
"64","000","00","010","0006","1303","521","188","333","2","523","1111","0","47.07","16.92"
"64","000","00","010","0007","0000","416","170","246","0","416","805","0","51.68","21.12"
"64","000","00","010","0007","1304","416","170","246","0","416","805","0","51.68","21.12"
"64","000","00","010","0008","0000","301","99","202","1","302","569","0","53.08","17.40"
"64","000","00","010","0008","1305","301","99","202","1","302","569","0","53.08","17.40"
"64","000","00","010","0009","0000","577","189","388","8","585","1394","0","41.97","13.56"
"64","000","00","010","0009","1306","577","189","388","8","585","1394","0","41.97","13.56"
"64","000","00","010","0010","0000","360","136","224","3","363","733","0","49.52","18.55"
"64","000","00","010","0010","1307","360","136","224","3","363","733","0","49.52","18.55"
"64","000","00","010","0011","0000","787","293","494","4","791","1581","0","50.03","18.53"
"64","000","00","010","0011","1308","372","137","235","3","375","801","0","46.82","17.10"
"64","000","00","010","0011","1309","415","156","259","1","416","780","0","53.33","20.00"
"64","000","00","010","0012","0000","331","100","231","3","334","721","0","46.32","13.87"
"64","000","00","010","0012","1310","331","100","231","3","334","721","0","46.32","13.87"
"64","000","00","010","0013","0000","421","155","266","5","426","935","0","45.56","16.58"
"64","000","00","010","0013","1311","421","155","266","5","426","935","0","45.56","16.58"
"64","000","00","010","0014","0000","500","166","334","4","504","1042","0","48.37","15.93"
"64","000","00","010","0014","1312","500","166","334","4","504","1042","0","48.37","15.93"
"64","000","00","010","0015","0000","488","170","318","2","490","1023","0","47.90","16.62"
"64","000","00","010","0015","1313","488","170","318","2","490","1023","0","47.90","16.62"
"64","000","00","010","0016","0000","378","158","220","3","381","775","0","49.16","20.39"
"64","000","00","010","0016","1314","378","158","220","3","381","775","0","49.16","20.39"
"64","000","00","010","0017","0000","864","319","545","4","868","1989","0","43.64","16.04"
"64","000","00","010","0017","1315","477","179","298","1","478","1046","0","45.70","17.11"
"64","000","00","010","0017","1316","387","140","247","3","390","943","0","41.36","14.85"
"64","000","00","010","0018","0000","511","189","322","4","515","1114","0","46.23","16.97"
"64","000","00","010","0018","1317","511","189","322","4","515","1114","0","46.23","16.97"
"64","000","00","010","0019","0000","279","99","180","0","279","547","0","51.01","18.10"
"64","000","00","010","0019","1318","279","99","180","0","279","547","0","51.01","18.10"
"64","000","00","010","0020","0000","271","100","171","4","275","543","0","50.64","18.42"
"64","000","00","010","0020","1319","271","100","171","4","275","543","0","50.64","18.42"
"64","000","00","010","0021","0000","261","49","212","3","264","569","0","46.40","8.61"
"64","000","00","010","0021","1320","261","49","212","3","264","569","0","46.40","8.61"
"64","000","00","020","0000","0000","50684","22267","28417","369","51053","116097","141101","43.97","19.18"
"64","000","00","020","0001","0000","846","473","373","6","852","1923","0","44.31","24.60"
"64","000","00","020","0001","1214","420","239","181","3","423","953","0","44.39","25.08"
"64","000","00","020","0001","1215","426","234","192","3","429","970","0","44.23","24.12"
"64","000","00","020","0002","0000","824","552","272","7","831","1924","0","43.19","28.69"
"64","000","00","020","0002","1216","361","254","107","5","366","881","0","41.54","28.83"
"64","000","00","020","0002","1217","463","298","165","2","465","1043","0","44.58","28.57"
"64","000","00","020","0003","0000","1945","983","962","17","1962","4040","0","48.56","24.33"
"64","000","00","020","0003","1218","709","299","410","6","715","1453","0","49.21","20.58"
"64","000","00","020","0003","1219","655","346","309","7","662","1382","0","47.90","25.04"
"64","000","00","020","0003","1220","581","338","243","4","585","1205","0","48.55","28.05"
"64","000","00","020","0004","0000","1557","481","1076","11","1568","3318","0","47.26","14.50"
"64","000","00","020","0004","1221","469","144","325","6","475","1026","0","46.30","14.04"
"64","000","00","020","0004","1222","530","166","364","1","531","1149","0","46.21","14.45"
"64","000","00","020","0004","1223","558","171","387","4","562","1143","0","49.17","14.96"
"64","000","00","020","0005","0000","639","239","400","5","644","1257","0","51.23","19.01"
"64","000","00","020","0005","1224","639","239","400","5","644","1257","0","51.23","19.01"
"64","000","00","020","0006","0000","485","142","343","3","488","1072","0","45.52","13.25"
"64","000","00","020","0006","1225","485","142","343","3","488","1072","0","45.52","13.25"
"64","000","00","020","0007","0000","1082","445","637","9","1091","2405","0","45.36","18.50"
"64","000","00","020","0007","1226","547","218","329","5","552","1167","0","47.30","18.68"
"64","000","00","020","0007","1227","535","227","308","4","539","1238","0","43.54","18.34"
"64","000","00","020","0008","0000","1552","617","935","10","1562","3652","0","42.77","16.89"
"64","000","00","020","0008","1228","555","230","325","3","558","1259","0","44.32","18.27"
"64","000","00","020","0008","1229","450","166","284","3","453","1194","0","37.94","13.90"
"64","000","00","020","0008","1230","547","221","326","4","551","1199","0","45.95","18.43"
"64","000","00","020","0009","0000","374","338","36","1","375","703","0","53.34","48.08"
"64","000","00","020","0009","1231","374","338","36","1","375","703","0","53.34","48.08"
"64","000","00","020","0010","0000","518","202","316","3","521","1210","0","43.06","16.69"
"64","000","00","020","0010","1232","518","202","316","3","521","1210","0","43.06","16.69"
"64","000","00","020","0011","0000","854","251","603","10","864","1928","0","44.81","13.02"
"64","000","00","020","0011","1233","854","251","603","10","864","1928","0","44.81","13.02"
"64","000","00","020","0012","0000","1604","532","1072","7","1611","3346","0","48.15","15.90"
"64","000","00","020","0012","1234","798","248","550","2","800","1689","0","47.37","14.68"
"64","000","00","020","0012","1235","806","284","522","5","811","1657","0","48.94","17.14"
"64","000","00","020","0013","0000","1213","417","796","8","1221","2539","0","48.09","16.42"
"64","000","00","020","0013","1236","607","199","408","5","612","1243","0","49.24","16.01"
"64","000","00","020","0013","1237","606","218","388","3","609","1296","0","46.99","16.82"
"64","000","00","020","0014","0000","1353","461","892","11","1364","2970","0","45.93","15.52"
"64","000","00","020","0014","1238","574","212","362","6","580","1219","0","47.58","17.39"
"64","000","00","020","0014","1239","779","249","530","5","784","1751","0","44.77","14.22"
"64","000","00","020","0015","0000","6586","2954","3632","58","6644","15526","0","42.79","19.03"
"64","000","00","020","0015","1240","648","321","327","3","651","1435","0","45.37","22.37"
"64","000","00","020","0015","1241","646","260","386","8","654","1489","0","43.92","17.46"
"64","000","00","020","0015","1242","674","265","409","8","682","1517","0","44.96","17.47"
"64","000","00","020","0015","1243","664","320","344","6","670","1608","0","41.67","19.90"
"64","000","00","020","0015","1244","662","301","361","2","664","1581","0","42.00","19.04"
"64","000","00","020","0015","1245","632","323","309","3","635","1613","0","39.37","20.02"
"64","000","00","020","0015","1246","639","308","331","2","641","1582","0","40.52","19.47"
"64","000","00","020","0015","1247","699","291","408","11","710","1553","0","45.72","18.74"
"64","000","00","020","0015","1248","703","283","420","7","710","1620","0","43.83","17.47"
"64","000","00","020","0015","1249","619","282","337","8","627","1528","0","41.03","18.46"
"64","000","00","020","0016","0000","9772","4590","5182","58","9830","22850","0","43.02","20.09"
"64","000","00","020","0016","1250","668","278","390","4","672","1607","0","41.82","17.30"
"64","000","00","020","0016","1251","755","336","419","2","757","1869","0","40.50","17.98"
"64","000","00","020","0016","1252","877","448","429","4","881","2030","0","43.40","22.07"
"64","000","00","020","0016","1253","704","346","358","3","707","1661","0","42.56","20.83"
"64","000","00","020","0016","1254","760","319","441","10","770","1840","0","41.85","17.34"
"64","000","00","020","0016","1255","801","448","353","1","802","1856","0","43.21","24.14"
"64","000","00","020","0016","1256","720","324","396","5","725","1683","0","43.08","19.25"
"64","000","00","020","0016","1257","739","389","350","4","743","1710","0","43.45","22.75"
"64","000","00","020","0016","1258","828","385","443","3","831","1799","0","46.19","21.40"
"64","000","00","020","0016","1259","800","328","472","7","807","1880","0","42.93","17.45"
"64","000","00","020","0016","1260","726","336","390","4","730","1623","0","44.98","20.70"
"64","000","00","020","0016","1261","695","316","379","8","703","1642","0","42.81","19.24"
"64","000","00","020","0016","1262","699","337","362","3","702","1650","0","42.55","20.42"
"64","000","00","020","0017","0000","6795","3397","3398","30","6825","16357","0","41.73","20.77"
"64","000","00","020","0017","1263","648","343","305","2","650","1658","0","39.20","20.69"
"64","000","00","020","0017","1264","718","342","376","2","720","1699","0","42.38","20.13"
"64","000","00","020","0017","1265","653","345","308","4","657","1621","0","40.53","21.28"
"64","000","00","020","0017","1266","686","349","337","3","689","1733","0","39.76","20.14"
"64","000","00","020","0017","1267","694","331","363","2","696","1643","0","42.36","20.15"
"64","000","00","020","0017","1268","694","287","407","4","698","1562","0","44.69","18.37"
"64","000","00","020","0017","1269","677","326","351","2","679","1672","0","40.61","19.50"
"64","000","00","020","0017","1270","695","359","336","4","699","1574","0","44.41","22.81"
"64","000","00","020","0017","1271","676","390","286","5","681","1590","0","42.83","24.53"
"64","000","00","020","0017","1272","654","325","329","2","656","1605","0","40.87","20.25"
"64","000","00","020","0018","0000","1643","842","801","14","1657","3836","0","43.20","21.95"
"64","000","00","020","0018","1273","767","399","368","8","775","1830","0","42.35","21.80"
"64","000","00","020","0018","1274","876","443","433","6","882","2006","0","43.97","22.08"
"64","000","00","020","0019","0000","1426","739","687","9","1435","3144","0","45.64","23.51"
"64","000","00","020","0019","1275","699","393","306","5","704","1540","0","45.71","25.52"
"64","000","00","020","0019","1276","727","346","381","4","731","1604","0","45.57","21.57"
"64","000","00","020","0020","0000","1144","680","464","7","1151","2453","0","46.92","27.72"
"64","000","00","020","0020","1277","509","278","231","4","513","1102","0","46.55","25.23"
"64","000","00","020","0020","1278","635","402","233","3","638","1351","0","47.22","29.76"
"64","000","00","020","0021","0000","474","157","317","8","482","1125","0","42.84","13.96"
"64","000","00","020","0021","1279","474","157","317","8","482","1125","0","42.84","13.96"
"64","000","00","020","0022","0000","565","169","396","4","569","1113","0","51.12","15.18"
"64","000","00","020","0022","1280","565","169","396","4","569","1113","0","51.12","15.18"
"64","000","00","020","0023","0000","520","188","332","4","524","1920","0","27.29","9.79"
"64","000","00","020","0023","1281","520","188","332","4","524","1920","0","27.29","9.79"
"64","000","00","020","0024","0000","559","190","369","6","565","1241","0","45.53","15.31"
"64","000","00","020","0024","1282","559","190","369","6","565","1241","0","45.53","15.31"
"64","000","00","020","0025","0000","532","214","318","3","535","1207","0","44.32","17.73"
"64","000","00","020","0025","1283","532","214","318","3","535","1207","0","44.32","17.73"
"64","000","00","020","0026","0000","602","274","328","8","610","1306","0","46.71","20.98"
"64","000","00","020","0026","1284","602","274","328","8","610","1306","0","46.71","20.98"
"64","000","00","020","0027","0000","560","230","330","2","562","1301","0","43.20","17.68"
"64","000","00","020","0027","1285","560","230","330","2","562","1301","0","43.20","17.68"
"64","000","00","020","0028","0000","614","212","402","6","620","1361","0","45.55","15.58"
"64","000","00","020","0028","1286","614","212","402","6","620","1361","0","45.55","15.58"
"64","000","00","020","0029","0000","256","97","159","2","258","605","0","42.64","16.03"
"64","000","00","020","0029","1287","256","97","159","2","258","605","0","42.64","16.03"
"64","000","00","020","0030","0000","354","108","246","4","358","778","0","46.02","13.88"
"64","000","00","020","0030","1288","354","108","246","4","358","778","0","46.02","13.88"
"64","000","00","020","0031","0000","419","139","280","5","424","928","0","45.69","14.98"
"64","000","00","020","0031","1289","419","139","280","5","424","928","0","45.69","14.98"
"64","000","00","020","0032","0000","421","117","304","2","423","955","0","44.29","12.25"
"64","000","00","020","0032","1290","421","117","304","2","423","955","0","44.29","12.25"
"64","000","00","020","0033","0000","361","100","261","5","366","715","0","51.19","13.99"
"64","000","00","020","0033","1291","361","100","261","5","366","715","0","51.19","13.99"
"64","000","00","020","0034","0000","579","194","385","2","581","1190","0","48.82","16.30"
"64","000","00","020","0034","1292","579","194","385","2","581","1190","0","48.82","16.30"
"64","000","00","020","0035","0000","472","139","333","5","477","1102","0","43.28","12.61"
"64","000","00","020","0035","1293","472","139","333","5","477","1102","0","43.28","12.61"
"64","000","00","020","0036","0000","524","144","380","8","532","1307","0","40.70","11.02"
"64","000","00","020","0036","1294","524","144","380","8","532","1307","0","40.70","11.02"
"64","000","00","020","0037","0000","426","177","249","6","432","963","0","44.86","18.38"
"64","000","00","020","0037","1295","426","177","249","6","432","963","0","44.86","18.38"
"64","000","00","020","0038","0000","234","83","151","5","239","527","0","45.35","15.75"
"64","000","00","020","0038","1296","234","83","151","5","239","527","0","45.35","15.75"
"64","000","00","030","0000","0000","69513","33689","35824","546","70059","164087","196916","42.70","20.53"
"64","000","00","030","0001","0000","648","312","336","5","653","2636","0","24.77","11.84"
"64","000","00","030","0001","0651","243","125","118","2","245","1669","0","14.68","7.49"
"64","000","00","030","0001","0652","405","187","218","3","408","967","0","42.19","19.34"
"64","000","00","030","0002","0000","476","149","327","5","481","973","0","49.43","15.31"
"64","000","00","030","0002","0653","476","149","327","5","481","973","0","49.43","15.31"
"64","000","00","030","0003","0000","270","96","174","4","274","512","0","53.52","18.75"
"64","000","00","030","0003","0654","270","96","174","4","274","512","0","53.52","18.75"
"64","000","00","030","0004","0000","298","61","237","6","304","603","0","50.41","10.12"
"64","000","00","030","0004","0655","298","61","237","6","304","603","0","50.41","10.12"
"64","000","00","030","0005","0000","244","69","175","1","245","496","0","49.40","13.91"
"64","000","00","030","0005","0656","244","69","175","1","245","496","0","49.40","13.91"
"64","000","00","030","0006","0000","408","92","316","4","412","799","0","51.56","11.51"
"64","000","00","030","0006","0657","408","92","316","4","412","799","0","51.56","11.51"
"64","000","00","030","0007","0000","403","101","302","5","408","839","0","48.63","12.04"
"64","000","00","030","0007","0658","403","101","302","5","408","839","0","48.63","12.04"
"64","000","00","030","0008","0000","325","91","234","3","328","705","0","46.52","12.91"
"64","000","00","030","0008","0659","325","91","234","3","328","705","0","46.52","12.91"
"64","000","00","030","0009","0000","1404","540","864","10","1414","3265","0","43.31","16.54"
"64","000","00","030","0009","0660","649","242","407","3","652","1515","0","43.04","15.97"
"64","000","00","030","0009","0661","755","298","457","7","762","1750","0","43.54","17.03"
"64","000","00","030","0011","0000","637","440","197","15","652","1512","0","43.12","29.10"
"64","000","00","030","0011","0662","637","440","197","15","652","1512","0","43.12","29.10"
"64","000","00","030","0012","0000","148","118","30","0","148","331","0","44.71","35.65"
"64","000","00","030","0012","0663","148","118","30","0","148","331","0","44.71","35.65"
"64","000","00","030","0013","0000","189","135","54","2","191","600","0","31.83","22.50"
"64","000","00","030","0013","0664","189","135","54","2","191","600","0","31.83","22.50"
"64","000","00","030","0015","0000","731","436","295","4","735","1687","0","43.57","25.84"
"64","000","00","030","0015","0665","731","436","295","4","735","1687","0","43.57","25.84"
"64","000","00","030","0016","0000","1026","528","498","12","1038","2403","0","43.20","21.97"
"64","000","00","030","0016","0666","489","270","219","8","497","1166","0","42.62","23.16"
"64","000","00","030","0016","0667","537","258","279","4","541","1237","0","43.73","20.86"
"64","000","00","030","0017","0000","1243","1116","127","11","1254","2489","0","50.38","44.84"
"64","000","00","030","0017","0668","644","577","67","7","651","1259","0","51.71","45.83"
"64","000","00","030","0017","0669","599","539","60","4","603","1230","0","49.02","43.82"
"64","000","00","030","0019","0000","289","197","92","2","291","611","0","47.63","32.24"
"64","000","00","030","0019","0670","289","197","92","2","291","611","0","47.63","32.24"
"64","000","00","030","0021","0000","445","105","340","5","450","907","0","49.61","11.58"
"64","000","00","030","0021","0671","445","105","340","5","450","907","0","49.61","11.58"
"64","000","00","030","0022","0000","366","100","266","3","369","711","0","51.90","14.06"
"64","000","00","030","0022","0672","366","100","266","3","369","711","0","51.90","14.06"
"64","000","00","030","0023","0000","156","46","110","0","156","329","0","47.42","13.98"
"64","000","00","030","0023","0673","156","46","110","0","156","329","0","47.42","13.98"
"64","000","00","030","0024","0000","253","75","178","2","255","522","0","48.85","14.37"
"64","000","00","030","0024","0674","253","75","178","2","255","522","0","48.85","14.37"
"64","000","00","030","0025","0000","242","70","172","1","243","491","0","49.49","14.26"
"64","000","00","030","0025","0675","242","70","172","1","243","491","0","49.49","14.26"
"64","000","00","030","0026","0000","367","106","261","2","369","690","0","53.48","15.36"
"64","000","00","030","0026","0676","367","106","261","2","369","690","0","53.48","15.36"
"64","000","00","030","0027","0000","191","35","156","6","197","391","0","50.38","8.95"
"64","000","00","030","0027","0677","191","35","156","6","197","391","0","50.38","8.95"
"64","000","00","030","0028","0000","296","94","202","0","296","575","0","51.48","16.35"
"64","000","00","030","0028","0678","296","94","202","0","296","575","0","51.48","16.35"
"64","000","00","030","0029","0000","405","165","240","1","406","842","0","48.22","19.60"
"64","000","00","030","0029","0679","405","165","240","1","406","842","0","48.22","19.60"
"64","000","00","030","0030","0000","559","339","220","9","568","1260","0","45.08","26.90"
"64","000","00","030","0030","0680","559","339","220","9","568","1260","0","45.08","26.90"
"64","000","00","030","0031","0000","414","154","260","5","419","920","0","45.54","16.74"
"64","000","00","030","0031","0681","414","154","260","5","419","920","0","45.54","16.74"
"64","000","00","030","0032","0000","2711","2198","513","32","2743","5561","0","49.33","39.53"
"64","000","00","030","0032","0682","702","542","160","7","709","1439","0","49.27","37.67"
"64","000","00","030","0032","0683","509","411","98","9","518","1129","0","45.88","36.40"
"64","000","00","030","0032","0684","378","311","67","4","382","794","0","48.11","39.17"
"64","000","00","030","0032","0685","498","408","90","6","504","969","0","52.01","42.11"
"64","000","00","030","0032","0686","624","526","98","6","630","1230","0","51.22","42.76"
"64","000","00","030","0034","0000","1349","777","572","8","1357","3147","0","43.12","24.69"
"64","000","00","030","0034","0687","728","422","306","4","732","1564","0","46.80","26.98"
"64","000","00","030","0034","0688","621","355","266","4","625","1583","0","39.48","22.43"
"64","000","00","030","0035","0000","363","206","157","4","367","907","0","40.46","22.71"
"64","000","00","030","0035","0689","363","206","157","4","367","907","0","40.46","22.71"
"64","000","00","030","0036","0000","1266","1004","262","8","1274","2680","0","47.54","37.46"
"64","000","00","030","0036","0690","728","631","97","4","732","1460","0","50.14","43.22"
"64","000","00","030","0036","0691","538","373","165","4","542","1220","0","44.43","30.57"
"64","000","00","030","0037","0000","694","531","163","7","701","1445","0","48.51","36.75"
"64","000","00","030","0037","0692","694","531","163","7","701","1445","0","48.51","36.75"
"64","000","00","030","0038","0000","663","521","142","6","669","1540","0","43.44","33.83"
"64","000","00","030","0038","0693","663","521","142","6","669","1540","0","43.44","33.83"
"64","000","00","030","0039","0000","5899","2884","3015","49","5948","13601","0","43.73","21.20"
"64","000","00","030","0039","0694","634","309","325","4","638","1476","0","43.22","20.93"
"64","000","00","030","0039","0695","721","334","387","9","730","1538","0","47.46","21.72"
"64","000","00","030","0039","0696","610","326","284","6","616","1363","0","45.19","23.92"
"64","000","00","030","0039","0697","624","286","338","8","632","1529","0","41.33","18.71"
"64","000","00","030","0039","0698","635","326","309","3","638","1512","0","42.20","21.56"
"64","000","00","030","0039","0699","625","325","300","2","627","1518","0","41.30","21.41"
"64","000","00","030","0039","0700","709","318","391","5","714","1562","0","45.71","20.36"
"64","000","00","030","0039","0701","673","363","310","6","679","1535","0","44.23","23.65"
"64","000","00","030","0039","0702","668","297","371","6","674","1568","0","42.98","18.94"
"64","000","00","030","0040","0000","10903","4645","6258","77","10980","25163","0","43.64","18.46"
"64","000","00","030","0040","0703","745","310","435","3","748","1524","0","49.08","20.34"
"64","000","00","030","0040","0704","768","265","503","8","776","1588","0","48.87","16.69"
"64","000","00","030","0040","0705","725","271","454","7","732","1556","0","47.04","17.42"
"64","000","00","030","0040","0706","693","269","424","4","697","1623","0","42.95","16.57"
"64","000","00","030","0040","0707","593","270","323","4","597","1468","0","40.67","18.39"
"64","000","00","030","0040","0708","625","345","280","6","631","1641","0","38.45","21.02"
"64","000","00","030","0040","0709","644","259","385","3","647","1563","0","41.39","16.57"
"64","000","00","030","0040","0710","754","323","431","2","756","1639","0","46.13","19.71"
"64","000","00","030","0040","0711","730","327","403","6","736","1605","0","45.86","20.37"
"64","000","00","030","0040","0712","706","322","384","10","716","1682","0","42.57","19.14"
"64","000","00","030","0040","0713","642","297","345","6","648","1536","0","42.19","19.34"
"64","000","00","030","0040","0714","743","304","439","4","747","1631","0","45.80","18.64"
"64","000","00","030","0040","0715","685","282","403","5","690","1674","0","41.22","16.85"
"64","000","00","030","0040","0716","618","246","372","4","622","1524","0","40.81","16.14"
"64","000","00","030","0040","0717","662","287","375","3","665","1610","0","41.30","17.83"
"64","000","00","030","0040","0718","570","268","302","2","572","1299","0","44.03","20.63"
"64","000","00","030","0041","0000","2177","644","1533","20","2197","4725","0","46.50","13.63"
"64","000","00","030","0041","0719","707","233","474","7","714","1646","0","43.38","14.16"
"64","000","00","030","0041","0720","734","178","556","6","740","1464","0","50.55","12.16"
"64","000","00","030","0041","0721","736","233","503","7","743","1615","0","46.01","14.43"
"64","000","00","030","0042","0000","5751","2631","3120","35","5786","13461","0","42.98","19.55"
"64","000","00","030","0042","0722","609","232","377","4","613","1299","0","47.19","17.86"
"64","000","00","030","0042","0723","681","293","388","4","685","1574","0","43.52","18.61"
"64","000","00","030","0042","0724","583","276","307","4","587","1453","0","40.40","19.00"
"64","000","00","030","0042","0725","644","276","368","5","649","1518","0","42.75","18.18"
"64","000","00","030","0042","0726","651","293","358","5","656","1452","0","45.18","20.18"
"64","000","00","030","0042","0727","733","329","404","6","739","1681","0","43.96","19.57"
"64","000","00","030","0042","0728","632","295","337","3","635","1514","0","41.94","19.48"
"64","000","00","030","0042","0729","580","274","306","2","582","1521","0","38.26","18.01"
"64","000","00","030","0042","0730","638","363","275","2","640","1449","0","44.17","25.05"
"64","000","00","030","0043","0000","11536","5220","6316","92","11628","28382","0","40.97","18.39"
"64","000","00","030","0043","0731","622","267","355","6","628","1523","0","41.23","17.53"
"64","000","00","030","0043","0732","626","266","360","4","630","1529","0","41.20","17.40"
"64","000","00","030","0043","0733","668","270","398","7","675","1588","0","42.51","17.00"
"64","000","00","030","0043","0734","607","219","388","5","612","1466","0","41.75","14.94"
"64","000","00","030","0043","0735","556","222","334","2","558","1463","0","38.14","15.17"
"64","000","00","030","0043","0736","589","269","320","2","591","1450","0","40.76","18.55"
"64","000","00","030","0043","0737","636","298","338","3","639","1603","0","39.86","18.59"
"64","000","00","030","0043","0738","582","255","327","6","588","1516","0","38.79","16.82"
"64","000","00","030","0043","0739","614","269","345","2","616","1505","0","40.93","17.87"
"64","000","00","030","0043","0740","659","307","352","6","665","1533","0","43.38","20.03"
"64","000","00","030","0043","0741","619","301","318","4","623","1429","0","43.60","21.06"
"64","000","00","030","0043","0742","681","310","371","4","685","1661","0","41.24","18.66"
"64","000","00","030","0043","0743","734","346","388","8","742","1778","0","41.73","19.46"
"64","000","00","030","0043","0744","705","341","364","10","715","1674","0","42.71","20.37"
"64","000","00","030","0043","0745","626","299","327","9","635","1721","0","36.90","17.37"
"64","000","00","030","0043","0746","673","339","334","6","679","1739","0","39.05","19.49"
"64","000","00","030","0043","0747","637","263","374","2","639","1566","0","40.80","16.79"
"64","000","00","030","0043","0748","702","379","323","6","708","1638","0","43.22","23.14"
"64","000","00","030","0044","0000","13768","6658","7110","85","13853","35376","0","39.16","18.82"
"64","000","00","030","0044","0749","591","305","286","4","595","1546","0","38.49","19.73"
"64","000","00","030","0044","0750","596","297","299","4","600","1625","0","36.92","18.28"
"64","000","00","030","0044","0751","583","300","283","3","586","1626","0","36.04","18.45"
"64","000","00","030","0044","0752","594","290","304","3","597","1538","0","38.82","18.86"
"64","000","00","030","0044","0753","687","394","293","6","693","1671","0","41.47","23.58"
"64","000","00","030","0044","0754","682","317","365","5","687","1654","0","41.54","19.17"
"64","000","00","030","0044","0755","600","270","330","2","602","1634","0","36.84","16.52"
"64","000","00","030","0044","0756","666","363","303","4","670","1604","0","41.77","22.63"
"64","000","00","030","0044","0757","584","271","313","1","585","1493","0","39.18","18.15"
"64","000","00","030","0044","0758","637","249","388","4","641","1613","0","39.74","15.44"
"64","000","00","030","0044","0759","613","302","311","5","618","1628","0","37.96","18.55"
"64","000","00","030","0044","0760","595","265","330","3","598","1627","0","36.75","16.29"
"64","000","00","030","0044","0761","554","281","273","4","558","1584","0","35.23","17.74"
"64","000","00","030","0044","0762","698","355","343","6","704","1732","0","40.65","20.50"
"64","000","00","030","0044","0763","635","276","359","1","636","1709","0","37.21","16.15"
"64","000","00","030","0044","0764","685","313","372","2","687","1777","0","38.66","17.61"
"64","000","00","030","0044","0765","677","328","349","6","683","1685","0","40.53","19.47"
"64","000","00","030","0044","0766","657","270","387","5","662","1605","0","41.25","16.82"
"64","000","00","030","0044","0767","541","254","287","0","541","1434","0","37.73","17.71"
"64","000","00","030","0044","0768","699","300","399","6","705","1634","0","43.15","18.36"
"64","000","00","030","0044","0769","608","350","258","6","614","1450","0","42.34","24.14"
"64","000","00","030","0044","0770","586","308","278","5","591","1507","0","39.22","20.44"
"64","000","00","040","0000","0000","64562","27105","37457","481","65043","156746","189931","41.50","17.29"
"64","000","00","040","0001","0000","8657","3369","5288","72","8729","21636","0","40.34","15.57"
"64","000","00","040","0001","0523","441","141","300","0","441","1036","0","42.57","13.61"
"64","000","00","040","0001","0524","477","156","321","5","482","1027","0","46.93","15.19"
"64","000","00","040","0001","0525","547","195","352","4","551","1244","0","44.29","15.68"
"64","000","00","040","0001","0526","468","194","274","3","471","1336","0","35.25","14.52"
"64","000","00","040","0001","0527","626","212","414","5","631","1425","0","44.28","14.88"
"64","000","00","040","0001","0528","547","231","316","2","549","1503","0","36.53","15.37"
"64","000","00","040","0001","0529","530","216","314","6","536","1292","0","41.49","16.72"
"64","000","00","040","0001","0530","498","185","313","5","503","1250","0","40.24","14.80"
"64","000","00","040","0001","0531","502","238","264","8","510","1235","0","41.30","19.27"
"64","000","00","040","0001","0532","576","226","350","7","583","1375","0","42.40","16.44"
"64","000","00","040","0001","0533","607","262","345","6","613","1418","0","43.23","18.48"
"64","000","00","040","0001","0534","490","219","271","3","493","1340","0","36.79","16.34"
"64","000","00","040","0001","0535","720","273","447","5","725","1707","0","42.47","15.99"
"64","000","00","040","0001","0536","508","196","312","2","510","1390","0","36.69","14.10"
"64","000","00","040","0001","0537","541","217","324","4","545","1437","0","37.93","15.10"
"64","000","00","040","0001","0538","579","208","371","7","586","1621","0","36.15","12.83"
"64","000","00","040","0002","0000","1753","674","1079","11","1764","4264","0","41.37","15.81"
"64","000","00","040","0002","0539","576","247","329","4","580","1373","0","42.24","17.99"
"64","000","00","040","0002","0540","554","172","382","2","556","1416","0","39.27","12.15"
"64","000","00","040","0002","0541","623","255","368","5","628","1475","0","42.58","17.29"
"64","000","00","040","0003","0000","2365","852","1513","12","2377","6356","0","37.40","13.40"
"64","000","00","040","0003","0542","542","193","349","6","548","1389","0","39.45","13.89"
"64","000","00","040","0003","0543","488","160","328","3","491","1229","0","39.95","13.02"
"64","000","00","040","0003","0544","474","168","306","0","474","1308","0","36.24","12.84"
"64","000","00","040","0003","0545","442","163","279","1","443","1245","0","35.58","13.09"
"64","000","00","040","0003","0546","419","168","251","2","421","1185","0","35.53","14.18"
"64","000","00","040","0004","0000","1271","439","832","4","1275","3150","0","40.48","13.94"
"64","000","00","040","0004","0547","432","126","306","2","434","1008","0","43.06","12.50"
"64","000","00","040","0004","0548","425","156","269","1","426","1075","0","39.63","14.51"
"64","000","00","040","0004","0549","414","157","257","1","415","1067","0","38.89","14.71"
"64","000","00","040","0005","0000","1327","421","906","17","1344","3252","0","41.33","12.95"
"64","000","00","040","0005","0553","655","222","433","10","665","1642","0","40.50","13.52"
"64","000","00","040","0005","0554","672","199","473","7","679","1610","0","42.17","12.36"
"64","000","00","040","0006","0000","1045","394","651","5","1050","3163","0","33.20","12.46"
"64","000","00","040","0006","0550","294","73","221","2","296","1231","0","24.05","5.93"
"64","000","00","040","0006","0551","395","156","239","2","397","977","0","40.63","15.97"
"64","000","00","040","0006","0552","356","165","191","1","357","955","0","37.38","17.28"
"64","000","00","040","0007","0000","1732","677","1055","18","1750","3884","0","45.06","17.43"
"64","000","00","040","0007","0555","604","216","388","5","609","1266","0","48.10","17.06"
"64","000","00","040","0007","0556","577","250","327","8","585","1323","0","44.22","18.90"
"64","000","00","040","0007","0557","551","211","340","5","556","1295","0","42.93","16.29"
"64","000","00","040","0008","0000","2017","1022","995","16","2033","4669","0","43.54","21.89"
"64","000","00","040","0008","0558","473","211","262","5","478","1153","0","41.46","18.30"
"64","000","00","040","0008","0559","486","238","248","5","491","1123","0","43.72","21.19"
"64","000","00","040","0008","0560","468","250","218","2","470","1088","0","43.20","22.98"
"64","000","00","040","0008","0561","590","323","267","4","594","1305","0","45.52","24.75"
"64","000","00","040","0009","0000","1350","332","1018","17","1367","2830","0","48.30","11.73"
"64","000","00","040","0009","0562","380","132","248","8","388","825","0","47.03","16.00"
"64","000","00","040","0009","0563","413","88","325","7","420","851","0","49.35","10.34"
"64","000","00","040","0009","0564","557","112","445","2","559","1154","0","48.44","9.71"
"64","000","00","040","0010","0000","1019","221","798","13","1032","2059","0","50.12","10.73"
"64","000","00","040","0010","0565","462","89","373","7","469","918","0","51.09","9.69"
"64","000","00","040","0010","0566","557","132","425","6","563","1141","0","49.34","11.57"
"64","000","00","040","0011","0000","1668","440","1228","17","1685","3828","0","44.02","11.49"
"64","000","00","040","0011","0567","525","137","388","4","529","1164","0","45.45","11.77"
"64","000","00","040","0011","0568","633","192","441","7","640","1566","0","40.87","12.26"
"64","000","00","040","0011","0569","510","111","399","6","516","1098","0","46.99","10.11"
"64","000","00","040","0012","0000","719","144","575","5","724","1375","0","52.65","10.47"
"64","000","00","040","0012","0570","719","144","575","5","724","1375","0","52.65","10.47"
"64","000","00","040","0013","0000","1397","511","886","13","1410","3487","0","40.44","14.65"
"64","000","00","040","0013","0571","443","148","295","2","445","1061","0","41.94","13.95"
"64","000","00","040","0013","0572","515","185","330","8","523","1268","0","41.25","14.59"
"64","000","00","040","0013","0573","439","178","261","3","442","1158","0","38.17","15.37"
"64","000","00","040","0014","0000","6098","3117","2981","34","6132","16189","0","37.88","19.25"
"64","000","00","040","0014","0574","571","286","285","3","574","1565","0","36.68","18.27"
"64","000","00","040","0014","0575","556","328","228","4","560","1554","0","36.04","21.11"
"64","000","00","040","0014","0576","528","281","247","3","531","1449","0","36.65","19.39"
"64","000","00","040","0014","0577","601","301","300","5","606","1502","0","40.35","20.04"
"64","000","00","040","0014","0578","568","288","280","4","572","1444","0","39.61","19.94"
"64","000","00","040","0014","0579","568","295","273","3","571","1455","0","39.24","20.27"
"64","000","00","040","0014","0580","549","280","269","1","550","1394","0","39.45","20.09"
"64","000","00","040","0014","0581","532","234","298","4","536","1444","0","37.12","16.20"
"64","000","00","040","0014","0582","491","252","239","2","493","1441","0","34.21","17.49"
"64","000","00","040","0014","0583","546","302","244","3","549","1434","0","38.28","21.06"
"64","000","00","040","0014","0584","588","270","318","2","590","1507","0","39.15","17.92"
"64","000","00","040","0015","0000","356","188","168","3","359","657","0","54.64","28.61"
"64","000","00","040","0015","0585","356","188","168","3","359","657","0","54.64","28.61"
"64","000","00","040","0016","0000","1053","458","595","7","1060","2064","0","51.36","22.19"
"64","000","00","040","0016","0586","515","239","276","6","521","1040","0","50.10","22.98"
"64","000","00","040","0016","0587","538","219","319","1","539","1024","0","52.64","21.39"
"64","000","00","040","0017","0000","1080","546","534","6","1086","2417","0","44.93","22.59"
"64","000","00","040","0017","0588","494","230","264","2","496","956","0","51.88","24.06"
"64","000","00","040","0017","0589","586","316","270","4","590","1461","0","40.38","21.63"
"64","000","00","040","0018","0000","1271","565","706","9","1280","2885","0","44.37","19.58"
"64","000","00","040","0018","0590","661","242","419","5","666","1446","0","46.06","16.74"
"64","000","00","040","0018","0591","610","323","287","4","614","1439","0","42.67","22.45"
"64","000","00","040","0019","0000","1066","492","574","7","1073","2765","0","38.81","17.79"
"64","000","00","040","0019","0592","564","270","294","3","567","1487","0","38.13","18.16"
"64","000","00","040","0019","0593","502","222","280","4","506","1278","0","39.59","17.37"
"64","000","00","040","0020","0000","773","364","409","8","781","2046","0","38.17","17.79"
"64","000","00","040","0020","0594","375","158","217","4","379","994","0","38.13","15.90"
"64","000","00","040","0020","0595","398","206","192","4","402","1052","0","38.21","19.58"
"64","000","00","040","0021","0000","960","354","606","11","971","2023","0","48.00","17.50"
"64","000","00","040","0021","0596","434","153","281","6","440","911","0","48.30","16.79"
"64","000","00","040","0021","0597","526","201","325","5","531","1112","0","47.75","18.08"
"64","000","00","040","0022","0000","2316","1117","1199","15","2331","5347","0","43.59","20.89"
"64","000","00","040","0022","0598","614","291","323","4","618","1318","0","46.89","22.08"
"64","000","00","040","0022","0599","574","262","312","3","577","1416","0","40.75","18.50"
"64","000","00","040","0022","0600","546","260","286","3","549","1273","0","43.13","20.42"
"64","000","00","040","0022","0601","582","304","278","5","587","1340","0","43.81","22.69"
"64","000","00","040","0023","0000","562","223","339","6","568","1397","0","40.66","15.96"
"64","000","00","040","0023","0602","562","223","339","6","568","1397","0","40.66","15.96"
"64","000","00","040","0024","0000","1808","732","1076","14","1822","4314","0","42.23","16.97"
"64","000","00","040","0024","0603","426","171","255","3","429","1042","0","41.17","16.41"
"64","000","00","040","0024","0604","476","182","294","2","478","1102","0","43.38","16.52"
"64","000","00","040","0024","0605","415","183","232","5","420","1050","0","40.00","17.43"
"64","000","00","040","0024","0606","491","196","295","4","495","1120","0","44.20","17.50"
"64","000","00","040","0025","0000","1075","480","595","2","1077","2534","0","42.50","18.94"
"64","000","00","040","0025","0607","544","213","331","1","545","1262","0","43.19","16.88"
"64","000","00","040","0025","0608","531","267","264","1","532","1272","0","41.82","20.99"
"64","000","00","040","0026","0000","1390","633","757","11","1401","3221","0","43.50","19.65"
"64","000","00","040","0026","0609","528","241","287","1","529","1156","0","45.76","20.85"
"64","000","00","040","0026","0610","388","151","237","4","392","924","0","42.42","16.34"
"64","000","00","040","0026","0611","474","241","233","6","480","1141","0","42.07","21.12"
"64","000","00","040","0027","0000","886","418","468","7","893","1997","0","44.72","20.93"
"64","000","00","040","0027","0612","446","198","248","5","451","957","0","47.13","20.69"
"64","000","00","040","0027","0613","440","220","220","2","442","1040","0","42.50","21.15"
"64","000","00","040","0028","0000","1537","727","810","7","1544","3122","0","49.46","23.29"
"64","000","00","040","0028","0614","549","282","267","3","552","1112","0","49.64","25.36"
"64","000","00","040","0028","0615","491","245","246","3","494","1000","0","49.40","24.50"
"64","000","00","040","0028","0616","497","200","297","1","498","1010","0","49.31","19.80"
"64","000","00","040","0029","0000","1392","651","741","13","1405","3235","0","43.43","20.12"
"64","000","00","040","0029","0617","465","210","255","2","467","1088","0","42.92","19.30"
"64","000","00","040","0029","0618","454","196","258","7","461","1053","0","43.78","18.61"
"64","000","00","040","0029","0619","473","245","228","4","477","1094","0","43.60","22.39"
"64","000","00","040","0030","0000","947","472","475","5","952","2104","0","45.25","22.43"
"64","000","00","040","0030","0620","456","220","236","2","458","1048","0","43.70","20.99"
"64","000","00","040","0030","0621","491","252","239","3","494","1056","0","46.78","23.86"
"64","000","00","040","0031","0000","1855","758","1097","8","1863","4652","0","40.05","16.29"
"64","000","00","040","0031","0622","493","178","315","3","496","1164","0","42.61","15.29"
"64","000","00","040","0031","0623","408","178","230","2","410","1194","0","34.34","14.91"
"64","000","00","040","0031","0624","463","181","282","3","466","1157","0","40.28","15.64"
"64","000","00","040","0031","0625","491","221","270","0","491","1137","0","43.18","19.44"
"64","000","00","040","0032","0000","1430","599","831","8","1438","3394","0","42.37","17.65"
"64","000","00","040","0032","0626","496","211","285","1","497","1161","0","42.81","18.17"
"64","000","00","040","0032","0627","447","185","262","4","451","1074","0","41.99","17.23"
"64","000","00","040","0032","0628","487","203","284","3","490","1159","0","42.28","17.52"
"64","000","00","040","0033","0000","3349","1713","1636","21","3370","8252","0","40.84","20.76"
"64","000","00","040","0033","0629","394","184","210","2","396","953","0","41.55","19.31"
"64","000","00","040","0033","0630","490","251","239","1","491","1107","0","44.35","22.67"
"64","000","00","040","0033","0631","461","240","221","2","463","1085","0","42.67","22.12"
"64","000","00","040","0033","0632","389","203","186","6","395","988","0","39.98","20.55"
"64","000","00","040","0033","0633","405","199","206","4","409","1028","0","39.79","19.36"
"64","000","00","040","0033","0634","402","216","186","1","403","1059","0","38.05","20.40"
"64","000","00","040","0033","0635","386","202","184","2","388","1026","0","37.82","19.69"
"64","000","00","040","0033","0636","422","218","204","3","425","1006","0","42.25","21.67"
"64","000","00","040","0034","0000","1933","981","952","19","1952","4959","0","39.36","19.78"
"64","000","00","040","0034","0637","506","267","239","2","508","1294","0","39.26","20.63"
"64","000","00","040","0034","0638","509","251","258","9","518","1310","0","39.54","19.16"
"64","000","00","040","0034","0639","465","229","236","5","470","1249","0","37.63","18.33"
"64","000","00","040","0034","0640","453","234","219","3","456","1106","0","41.23","21.16"
"64","000","00","040","0035","0000","2976","1321","1655","22","2998","7507","0","39.94","17.60"
"64","000","00","040","0035","0641","490","218","272","3","493","1201","0","41.05","18.15"
"64","000","00","040","0035","0642","564","248","316","3","567","1287","0","44.06","19.27"
"64","000","00","040","0035","0643","610","284","326","4","614","1375","0","44.65","20.65"
"64","000","00","040","0035","0644","525","219","306","5","530","1418","0","37.38","15.44"
"64","000","00","040","0035","0645","380","169","211","5","385","1112","0","34.62","15.20"
"64","000","00","040","0035","0646","407","183","224","2","409","1114","0","36.71","16.43"
"64","000","00","040","0036","0000","697","210","487","6","703","1558","0","45.12","13.48"
"64","000","00","040","0036","0647","697","210","487","6","703","1558","0","45.12","13.48"
"64","000","00","040","0037","0000","1432","490","942","12","1444","4154","0","34.76","11.80"
"64","000","00","040","0037","0648","481","143","338","3","484","1197","0","40.43","11.95"
"64","000","00","040","0037","0649","457","148","309","4","461","1300","0","35.46","11.38"
"64","000","00","040","0037","0650","494","199","295","5","499","1657","0","30.11","12.01"
"64","000","00","050","0000","0000","124582","48600","75982","913","125495","285944","334725","43.89","17.00"
"64","000","00","050","0001","0000","1549","544","1005","6","1555","3804","0","40.88","14.30"
"64","000","00","050","0001","0998","451","160","291","1","452","1213","0","37.26","13.19"
"64","000","00","050","0001","0999","545","211","334","0","545","1302","0","41.86","16.21"
"64","000","00","050","0001","1000","553","173","380","5","558","1289","0","43.29","13.42"
"64","000","00","050","0002","0000","3014","1241","1773","16","3030","7370","0","41.11","16.84"
"64","000","00","050","0002","1001","679","297","382","3","682","1617","0","42.18","18.37"
"64","000","00","050","0002","1002","655","267","388","1","656","1521","0","43.13","17.55"
"64","000","00","050","0002","1003","593","245","348","4","597","1452","0","41.12","16.87"
"64","000","00","050","0002","1004","568","237","331","2","570","1569","0","36.33","15.11"
"64","000","00","050","0002","1005","519","195","324","6","525","1211","0","43.35","16.10"
"64","000","00","050","0003","0000","1620","600","1020","16","1636","3793","0","43.13","15.82"
"64","000","00","050","0003","1006","582","190","392","7","589","1344","0","43.82","14.14"
"64","000","00","050","0003","1007","545","190","355","5","550","1305","0","42.15","14.56"
"64","000","00","050","0003","1008","493","220","273","4","497","1144","0","43.44","19.23"
"64","000","00","050","0004","0000","1696","650","1046","11","1707","3884","0","43.95","16.74"
"64","000","00","050","0004","1009","575","224","351","6","581","1449","0","40.10","15.46"
"64","000","00","050","0004","1010","668","261","407","2","670","1446","0","46.33","18.05"
"64","000","00","050","0004","1011","453","165","288","3","456","989","0","46.11","16.68"
"64","000","00","050","0005","0000","2839","1065","1774","14","2853","7030","0","40.58","15.15"
"64","000","00","050","0005","1012","600","258","342","3","603","1391","0","43.35","18.55"
"64","000","00","050","0005","1013","554","182","372","3","557","1321","0","42.17","13.78"
"64","000","00","050","0005","1014","555","194","361","3","558","1395","0","40.00","13.91"
"64","000","00","050","0005","1015","605","234","371","2","607","1498","0","40.52","15.62"
"64","000","00","050","0005","1016","525","197","328","3","528","1425","0","37.05","13.82"
"64","000","00","050","0006","0000","1586","523","1063","13","1599","3436","0","46.54","15.22"
"64","000","00","050","0006","1017","479","138","341","6","485","1011","0","47.97","13.65"
"64","000","00","050","0006","1018","525","173","352","4","529","1114","0","47.49","15.53"
"64","000","00","050","0006","1019","582","212","370","3","585","1311","0","44.62","16.17"
"64","000","00","050","0007","0000","9171","4198","4973","78","9249","20899","0","44.26","20.09"
"64","000","00","050","0007","1020","625","222","403","6","631","1480","0","42.64","15.00"
"64","000","00","050","0007","1021","585","293","292","8","593","1474","0","40.23","19.88"
"64","000","00","050","0007","1022","649","307","342","5","654","1497","0","43.69","20.51"
"64","000","00","050","0007","1023","624","283","341","3","627","1399","0","44.82","20.23"
"64","000","00","050","0007","1024","632","202","430","6","638","1469","0","43.43","13.75"
"64","000","00","050","0007","1025","634","223","411","10","644","1494","0","43.11","14.93"
"64","000","00","050","0007","1026","643","267","376","4","647","1509","0","42.88","17.69"
"64","000","00","050","0007","1027","625","269","356","2","627","1509","0","41.55","17.83"
"64","000","00","050","0007","1028","682","338","344","3","685","1517","0","45.15","22.28"
"64","000","00","050","0007","1029","720","365","355","8","728","1501","0","48.50","24.32"
"64","000","00","050","0007","1030","659","322","337","8","667","1516","0","44.00","21.24"
"64","000","00","050","0007","1031","771","396","375","9","780","1510","0","51.66","26.23"
"64","000","00","050","0007","1032","627","353","274","4","631","1490","0","42.35","23.69"
"64","000","00","050","0007","1033","695","358","337","2","697","1534","0","45.44","23.34"
"64","000","00","050","0008","0000","3534","1373","2161","21","3555","8380","0","42.42","16.38"
"64","000","00","050","0008","1034","757","259","498","5","762","1732","0","44.00","14.95"
"64","000","00","050","0008","1035","775","314","461","6","781","1709","0","45.70","18.37"
"64","000","00","050","0008","1036","679","285","394","2","681","1535","0","44.36","18.57"
"64","000","00","050","0008","1037","624","230","394","3","627","1601","0","39.16","14.37"
"64","000","00","050","0008","1038","699","285","414","5","704","1803","0","39.05","15.81"
"64","000","00","050","0009","0000","3033","1191","1842","24","3057","6992","0","43.72","17.03"
"64","000","00","050","0009","1039","637","225","412","7","644","1372","0","46.94","16.40"
"64","000","00","050","0009","1040","631","250","381","5","636","1434","0","44.35","17.43"
"64","000","00","050","0009","1041","616","230","386","3","619","1367","0","45.28","16.83"
"64","000","00","050","0009","1042","552","210","342","5","557","1376","0","40.48","15.26"
"64","000","00","050","0009","1043","597","276","321","4","601","1443","0","41.65","19.13"
"64","000","00","050","0010","0000","867","328","539","8","875","1915","0","45.69","17.13"
"64","000","00","050","0010","1044","425","177","248","4","429","1017","0","42.18","17.40"
"64","000","00","050","0010","1045","442","151","291","4","446","898","0","49.67","16.82"
"64","000","00","050","0011","0000","713","241","472","5","718","1561","0","46.00","15.44"
"64","000","00","050","0011","1046","394","133","261","2","396","858","0","46.15","15.50"
"64","000","00","050","0011","1047","319","108","211","3","322","703","0","45.80","15.36"
"64","000","00","050","0012","0000","2193","871","1322","15","2208","4987","0","44.28","17.47"
"64","000","00","050","0012","1048","548","232","316","9","557","1309","0","42.55","17.72"
"64","000","00","050","0012","1049","538","174","364","1","539","1161","0","46.43","14.99"
"64","000","00","050","0012","1050","578","243","335","5","583","1301","0","44.81","18.68"
"64","000","00","050","0012","1051","529","222","307","0","529","1216","0","43.50","18.26"
"64","000","00","050","0013","0000","1923","828","1095","14","1937","4277","0","45.29","19.36"
"64","000","00","050","0013","1052","641","286","355","4","645","1476","0","43.70","19.38"
"64","000","00","050","0013","1053","624","277","347","2","626","1357","0","46.13","20.41"
"64","000","00","050","0013","1054","658","265","393","8","666","1444","0","46.12","18.35"
"64","000","00","050","0014","0000","1972","878","1094","13","1985","4461","0","44.50","19.68"
"64","000","00","050","0014","1055","641","285","356","5","646","1524","0","42.39","18.70"
"64","000","00","050","0014","1056","646","290","356","2","648","1454","0","44.57","19.94"
"64","000","00","050","0014","1057","685","303","382","6","691","1483","0","46.59","20.43"
"64","000","00","050","0015","0000","3225","1357","1868","21","3246","7143","0","45.44","19.00"
"64","000","00","050","0015","1058","736","295","441","3","739","1488","0","49.66","19.83"
"64","000","00","050","0015","1059","645","281","364","4","649","1521","0","42.67","18.47"
"64","000","00","050","0015","1060","633","266","367","6","639","1403","0","45.55","18.96"
"64","000","00","050","0015","1061","597","271","326","4","601","1308","0","45.95","20.72"
"64","000","00","050","0015","1062","614","244","370","4","618","1423","0","43.43","17.15"
"64","000","00","050","0016","0000","1621","658","963","8","1629","3486","0","46.73","18.88"
"64","000","00","050","0016","1063","432","177","255","3","435","1021","0","42.61","17.34"
"64","000","00","050","0016","1064","624","255","369","4","628","1291","0","48.64","19.75"
"64","000","00","050","0016","1065","565","226","339","1","566","1174","0","48.21","19.25"
"64","000","00","050","0017","0000","2075","799","1276","15","2090","4824","0","43.33","16.56"
"64","000","00","050","0017","1066","568","261","307","3","571","1249","0","45.72","20.90"
"64","000","00","050","0017","1067","453","200","253","1","454","1252","0","36.26","15.97"
"64","000","00","050","0017","1068","544","187","357","9","553","1171","0","47.22","15.97"
"64","000","00","050","0017","1069","510","151","359","2","512","1152","0","44.44","13.11"
"64","000","00","050","0018","0000","1521","554","967","15","1536","3831","0","40.09","14.46"
"64","000","00","050","0018","1070","501","188","313","7","508","1300","0","39.08","14.46"
"64","000","00","050","0018","1071","506","181","325","4","510","1224","0","41.67","14.79"
"64","000","00","050","0018","1072","514","185","329","4","518","1307","0","39.63","14.15"
"64","000","00","050","0019","0000","2743","1060","1683","19","2762","6396","0","43.18","16.57"
"64","000","00","050","0019","1073","654","232","422","4","658","1506","0","43.69","15.41"
"64","000","00","050","0019","1074","696","256","440","5","701","1569","0","44.68","16.32"
"64","000","00","050","0019","1075","703","301","402","3","706","1674","0","42.17","17.98"
"64","000","00","050","0019","1076","690","271","419","7","697","1647","0","42.32","16.45"
"64","000","00","050","0020","0000","1220","436","784","13","1233","2807","0","43.93","15.53"
"64","000","00","050","0020","1077","623","227","396","5","628","1481","0","42.40","15.33"
"64","000","00","050","0020","1078","597","209","388","8","605","1326","0","45.63","15.76"
"64","000","00","050","0021","0000","1353","617","736","5","1358","3089","0","43.96","19.97"
"64","000","00","050","0021","1079","673","330","343","4","677","1507","0","44.92","21.90"
"64","000","00","050","0021","1080","680","287","393","1","681","1582","0","43.05","18.14"
"64","000","00","050","0022","0000","3194","1308","1886","29","3223","7514","0","42.89","17.41"
"64","000","00","050","0022","1081","605","260","345","5","610","1433","0","42.57","18.14"
"64","000","00","050","0022","1082","573","215","358","6","579","1515","0","38.22","14.19"
"64","000","00","050","0022","1083","623","238","385","7","630","1486","0","42.40","16.02"
"64","000","00","050","0022","1084","678","294","384","5","683","1523","0","44.85","19.30"
"64","000","00","050","0022","1085","715","301","414","6","721","1557","0","46.31","19.33"
"64","000","00","050","0023","0000","1223","548","675","10","1233","3030","0","40.69","18.09"
"64","000","00","050","0023","1086","627","242","385","9","636","1554","0","40.93","15.57"
"64","000","00","050","0023","1087","596","306","290","1","597","1476","0","40.45","20.73"
"64","000","00","050","0024","0000","1077","417","660","12","1089","2557","0","42.59","16.31"
"64","000","00","050","0024","1088","542","226","316","6","548","1272","0","43.08","17.77"
"64","000","00","050","0024","1089","535","191","344","6","541","1285","0","42.10","14.86"
"64","000","00","050","0025","0000","2432","966","1466","9","2441","5630","0","43.36","17.16"
"64","000","00","050","0025","1090","592","217","375","3","595","1406","0","42.32","15.43"
"64","000","00","050","0025","1091","531","191","340","1","532","1245","0","42.73","15.34"
"64","000","00","050","0025","1092","548","231","317","3","551","1245","0","44.26","18.55"
"64","000","00","050","0025","1093","761","327","434","2","763","1734","0","44.00","18.86"
"64","000","00","050","0026","0000","2266","964","1302","15","2281","4748","0","48.04","20.30"
"64","000","00","050","0026","1094","804","311","493","7","811","1605","0","50.53","19.38"
"64","000","00","050","0026","1095","654","268","386","0","654","1432","0","45.67","18.72"
"64","000","00","050","0026","1096","808","385","423","8","816","1711","0","47.69","22.50"
"64","000","00","050","0027","0000","2798","1232","1566","23","2821","6808","0","41.44","18.10"
"64","000","00","050","0027","1097","570","230","340","4","574","1276","0","44.98","18.03"
"64","000","00","050","0027","1098","558","256","302","9","567","1336","0","42.44","19.16"
"64","000","00","050","0027","1099","519","234","285","3","522","1348","0","38.72","17.36"
"64","000","00","050","0027","1100","565","262","303","5","570","1427","0","39.94","18.36"
"64","000","00","050","0027","1101","586","250","336","2","588","1421","0","41.38","17.59"
"64","000","00","050","0028","0000","1890","769","1121","13","1903","3982","0","47.79","19.31"
"64","000","00","050","0028","1102","631","213","418","3","634","1365","0","46.45","15.60"
"64","000","00","050","0028","1103","763","372","391","5","768","1488","0","51.61","25.00"
"64","000","00","050","0028","1104","496","184","312","5","501","1129","0","44.38","16.30"
"64","000","00","050","0029","0000","2264","880","1384","9","2273","6719","0","33.83","13.10"
"64","000","00","050","0029","1105","744","294","450","2","746","3284","0","22.72","8.95"
"64","000","00","050","0029","1106","837","343","494","4","841","1758","0","47.84","19.51"
"64","000","00","050","0029","1107","683","243","440","3","686","1677","0","40.91","14.49"
"64","000","00","050","0030","0000","3294","1385","1909","14","3308","7920","0","41.77","17.49"
"64","000","00","050","0030","1108","697","257","440","3","700","1660","0","42.17","15.48"
"64","000","00","050","0030","1109","670","304","366","1","671","1525","0","44.00","19.93"
"64","000","00","050","0030","1110","591","262","329","3","594","1471","0","40.38","17.81"
"64","000","00","050","0030","1111","702","293","409","4","706","1642","0","43.00","17.84"
"64","000","00","050","0030","1112","634","269","365","3","637","1622","0","39.27","16.58"
"64","000","00","050","0031","0000","1504","606","898","9","1513","3836","0","39.44","15.80"
"64","000","00","050","0031","1113","503","172","331","4","507","1271","0","39.89","13.53"
"64","000","00","050","0031","1114","520","202","318","3","523","1311","0","39.89","15.41"
"64","000","00","050","0031","1115","481","232","249","2","483","1254","0","38.52","18.50"
"64","000","00","050","0032","0000","1014","339","675","12","1026","2898","0","35.40","11.70"
"64","000","00","050","0032","1116","452","149","303","4","456","1388","0","32.85","10.73"
"64","000","00","050","0032","1117","562","190","372","8","570","1510","0","37.75","12.58"
"64","000","00","050","0033","0000","2023","709","1314","11","2034","5297","0","38.40","13.38"
"64","000","00","050","0033","1118","641","206","435","4","645","1708","0","37.76","12.06"
"64","000","00","050","0033","1119","726","257","469","5","731","1817","0","40.23","14.14"
"64","000","00","050","0033","1120","656","246","410","2","658","1772","0","37.13","13.88"
"64","000","00","050","0034","0000","1050","413","637","6","1056","2586","0","40.84","15.97"
"64","000","00","050","0034","1121","464","170","294","5","469","1182","0","39.68","14.38"
"64","000","00","050","0034","1122","586","243","343","1","587","1404","0","41.81","17.31"
"64","000","00","050","0035","0000","771","213","558","8","779","1821","0","42.78","11.70"
"64","000","00","050","0035","1123","342","98","244","4","346","906","0","38.19","10.82"
"64","000","00","050","0035","1124","429","115","314","4","433","915","0","47.32","12.57"
"64","000","00","050","0036","0000","1427","411","1016","6","1433","3021","0","47.43","13.60"
"64","000","00","050","0036","1125","732","248","484","2","734","1594","0","46.05","15.56"
"64","000","00","050","0036","1126","695","163","532","4","699","1427","0","48.98","11.42"
"64","000","00","050","0037","0000","1382","539","843","8","1390","3493","0","39.79","15.43"
"64","000","00","050","0037","1127","419","174","245","1","420","1062","0","39.55","16.38"
"64","000","00","050","0037","1128","519","174","345","4","523","1159","0","45.13","15.01"
"64","000","00","050","0037","1129","444","191","253","3","447","1272","0","35.14","15.02"
"64","000","00","050","0038","0000","4708","1967","2741","42","4750","11804","0","40.24","16.66"
"64","000","00","050","0038","1130","599","210","389","7","606","1476","0","41.06","14.23"
"64","000","00","050","0038","1131","587","215","372","4","591","1544","0","38.28","13.92"
"64","000","00","050","0038","1132","599","276","323","6","605","1495","0","40.47","18.46"
"64","000","00","050","0038","1133","570","182","388","7","577","1385","0","41.66","13.14"
"64","000","00","050","0038","1134","628","284","344","5","633","1572","0","40.27","18.07"
"64","000","00","050","0038","1135","605","274","331","4","609","1501","0","40.57","18.25"
"64","000","00","050","0038","1136","591","274","317","7","598","1468","0","40.74","18.66"
"64","000","00","050","0038","1137","529","252","277","2","531","1363","0","38.96","18.49"
"64","000","00","050","0039","0000","1674","679","995","10","1684","3743","0","44.99","18.14"
"64","000","00","050","0039","1138","568","234","334","8","576","1273","0","45.25","18.38"
"64","000","00","050","0039","1139","601","250","351","0","601","1306","0","46.02","19.14"
"64","000","00","050","0039","1140","505","195","310","2","507","1164","0","43.56","16.75"
"64","000","00","050","0040","0000","802","276","526","5","807","1778","0","45.39","15.52"
"64","000","00","050","0040","1141","389","151","238","2","391","866","0","45.15","17.44"
"64","000","00","050","0040","1142","413","125","288","3","416","912","0","45.61","13.71"
"64","000","00","050","0041","0000","1013","392","621","9","1022","2499","0","40.90","15.69"
"64","000","00","050","0041","1143","553","237","316","4","557","1330","0","41.88","17.82"
"64","000","00","050","0041","1144","460","155","305","5","465","1169","0","39.78","13.26"
"64","000","00","050","0042","0000","1028","347","681","6","1034","2682","0","38.55","12.94"
"64","000","00","050","0042","1145","503","162","341","4","507","1379","0","36.77","11.75"
"64","000","00","050","0042","1146","525","185","340","2","527","1303","0","40.45","14.20"
"64","000","00","050","0043","0000","770","272","498","14","784","1744","0","44.95","15.60"
"64","000","00","050","0043","1147","370","118","252","7","377","832","0","45.31","14.18"
"64","000","00","050","0043","1148","400","154","246","7","407","912","0","44.63","16.89"
"64","000","00","050","0044","0000","1844","764","1080","21","1865","4294","0","43.43","17.79"
"64","000","00","050","0044","1149","533","256","277","6","539","1315","0","40.99","19.47"
"64","000","00","050","0044","1150","647","259","388","5","652","1454","0","44.84","17.81"
"64","000","00","050","0044","1151","664","249","415","10","674","1525","0","44.20","16.33"
"64","000","00","050","0045","0000","1909","759","1150","14","1923","4233","0","45.43","17.93"
"64","000","00","050","0045","1152","645","286","359","5","650","1414","0","45.97","20.23"
"64","000","00","050","0045","1153","615","237","378","5","620","1348","0","45.99","17.58"
"64","000","00","050","0045","1154","649","236","413","4","653","1471","0","44.39","16.04"
"64","000","00","050","0046","0000","1412","471","941","9","1421","2893","0","49.12","16.28"
"64","000","00","050","0046","1155","693","227","466","5","698","1425","0","48.98","15.93"
"64","000","00","050","0046","1156","719","244","475","4","723","1468","0","49.25","16.62"
"64","000","00","050","0047","0000","1157","386","771","13","1170","2309","0","50.67","16.72"
"64","000","00","050","0047","1157","516","169","347","4","520","1035","0","50.24","16.33"
"64","000","00","050","0047","1158","641","217","424","9","650","1274","0","51.02","17.03"
"64","000","00","050","0048","0000","641","200","441","2","643","1208","0","53.23","16.56"
"64","000","00","050","0048","1159","641","200","441","2","643","1208","0","53.23","16.56"
"64","000","00","050","0049","0000","716","232","484","11","727","1482","0","49.06","15.65"
"64","000","00","050","0049","1160","716","232","484","11","727","1482","0","49.06","15.65"
"64","000","00","050","0050","0000","663","219","444","3","666","1379","0","48.30","15.88"
"64","000","00","050","0050","1161","663","219","444","3","666","1379","0","48.30","15.88"
"64","000","00","050","0051","0000","405","141","264","1","406","882","0","46.03","15.99"
"64","000","00","050","0051","1162","405","141","264","1","406","882","0","46.03","15.99"
"64","000","00","050","0052","0000","1300","464","836","14","1314","2589","0","50.75","17.92"
"64","000","00","050","0052","1163","698","251","447","7","705","1399","0","50.39","17.94"
"64","000","00","050","0052","1164","602","213","389","7","609","1190","0","51.18","17.90"
"64","000","00","050","0053","0000","989","382","607","7","996","2030","0","49.06","18.82"
"64","000","00","050","0053","1165","502","189","313","5","507","966","0","52.48","19.57"
"64","000","00","050","0053","1166","487","193","294","2","489","1064","0","45.96","18.14"
"64","000","00","050","0054","0000","871","327","544","5","876","1812","0","48.34","18.05"
"64","000","00","050","0054","1167","432","170","262","3","435","917","0","47.44","18.54"
"64","000","00","050","0054","1168","439","157","282","2","441","895","0","49.27","17.54"
"64","000","00","050","0055","0000","694","225","469","5","699","1339","0","52.20","16.80"
"64","000","00","050","0055","1169","694","225","469","5","699","1339","0","52.20","16.80"
"64","000","00","050","0056","0000","392","126","266","4","396","748","0","52.94","16.84"
"64","000","00","050","0056","1170","392","126","266","4","396","748","0","52.94","16.84"
"64","000","00","050","0057","0000","570","192","378","3","573","1023","0","56.01","18.77"
"64","000","00","050","0057","1171","570","192","378","3","573","1023","0","56.01","18.77"
"64","000","00","050","0058","0000","696","243","453","5","701","1448","0","48.41","16.78"
"64","000","00","050","0058","1172","696","243","453","5","701","1448","0","48.41","16.78"
"64","000","00","050","0059","0000","1005","323","682","6","1011","1900","0","53.21","17.00"
"64","000","00","050","0059","1173","487","151","336","4","491","946","0","51.90","15.96"
"64","000","00","050","0059","1174","518","172","346","2","520","954","0","54.51","18.03"
"64","000","00","050","0060","0000","1466","488","978","9","1475","2953","0","49.95","16.53"
"64","000","00","050","0060","1175","746","237","509","4","750","1530","0","49.02","15.49"
"64","000","00","050","0060","1176","720","251","469","5","725","1423","0","50.95","17.64"
"64","000","00","050","0061","0000","1656","629","1027","20","1676","3633","0","46.13","17.31"
"64","000","00","050","0061","1177","532","195","337","10","542","1137","0","47.67","17.15"
"64","000","00","050","0061","1178","604","208","396","7","611","1287","0","47.47","16.16"
"64","000","00","050","0061","1179","520","226","294","3","523","1209","0","43.26","18.69"
"64","000","00","050","0062","0000","1723","612","1111","11","1734","3606","0","48.09","16.97"
"64","000","00","050","0062","1180","540","184","356","2","542","1222","0","44.35","15.06"
"64","000","00","050","0062","1181","640","210","430","6","646","1264","0","51.11","16.61"
"64","000","00","050","0062","1182","543","218","325","3","546","1120","0","48.75","19.46"
"64","000","00","050","0063","0000","753","231","522","2","755","1671","0","45.18","13.82"
"64","000","00","050","0063","1183","753","231","522","2","755","1671","0","45.18","13.82"
"64","000","00","050","0064","0000","834","290","544","3","837","1690","0","49.53","17.16"
"64","000","00","050","0064","1184","449","160","289","1","450","907","0","49.61","17.64"
"64","000","00","050","0064","1185","385","130","255","2","387","783","0","49.43","16.60"
"64","000","00","050","0065","0000","932","486","446","6","938","1992","0","47.09","24.40"
"64","000","00","050","0065","1186","533","331","202","3","536","1127","0","47.56","29.37"
"64","000","00","050","0065","1187","399","155","244","3","402","865","0","46.47","17.92"
"64","000","00","050","0066","0000","335","103","232","4","339","659","0","51.44","15.63"
"64","000","00","050","0066","1188","335","103","232","4","339","659","0","51.44","15.63"
"64","000","00","050","0067","0000","384","113","271","2","386","914","0","42.23","12.36"
"64","000","00","050","0067","1189","384","113","271","2","386","914","0","42.23","12.36"
"64","000","00","050","0068","0000","591","207","384","3","594","1341","0","44.30","15.44"
"64","000","00","050","0068","1190","591","207","384","3","594","1341","0","44.30","15.44"
"64","000","00","050","0069","0000","626","250","376","5","631","1337","0","47.20","18.70"
"64","000","00","050","0069","1191","626","250","376","5","631","1337","0","47.20","18.70"
"64","000","00","050","0070","0000","333","121","212","3","336","760","0","44.21","15.92"
"64","000","00","050","0070","1192","333","121","212","3","336","760","0","44.21","15.92"
"64","000","00","050","0072","0000","539","215","324","4","543","1126","0","48.22","19.09"
"64","000","00","050","0072","1193","539","215","324","4","543","1126","0","48.22","19.09"
"64","000","00","050","0073","0000","1840","708","1132","11","1851","3922","0","47.20","18.05"
"64","000","00","050","0073","1194","585","240","345","5","590","1299","0","45.42","18.48"
"64","000","00","050","0073","1195","620","210","410","3","623","1300","0","47.92","16.15"
"64","000","00","050","0073","1196","635","258","377","3","638","1323","0","48.22","19.50"
"64","000","00","050","0074","0000","424","185","239","2","426","1008","0","42.26","18.35"
"64","000","00","050","0074","1197","424","185","239","2","426","1008","0","42.26","18.35"
"64","000","00","050","0075","0000","446","194","252","5","451","1147","0","39.32","16.91"
"64","000","00","050","0075","1198","446","194","252","5","451","1147","0","39.32","16.91"
"64","000","00","050","0076","0000","863","360","503","7","870","1905","0","45.67","18.90"
"64","000","00","050","0076","1199","424","170","254","3","427","915","0","46.67","18.58"
"64","000","00","050","0076","1200","439","190","249","4","443","990","0","44.75","19.19"
"64","000","00","050","0077","0000","457","128","329","6","463","886","0","52.26","14.45"
"64","000","00","050","0077","1201","457","128","329","6","463","886","0","52.26","14.45"
"64","000","00","050","0078","0000","657","213","444","7","664","1307","0","50.80","16.30"
"64","000","00","050","0078","1202","657","213","444","7","664","1307","0","50.80","16.30"
"64","000","00","050","0079","0000","425","163","262","7","432","998","0","43.29","16.33"
"64","000","00","050","0079","1203","425","163","262","7","432","998","0","43.29","16.33"
"64","000","00","050","0081","0000","972","334","638","8","980","2347","0","41.76","14.23"
"64","000","00","050","0081","1204","484","165","319","5","489","1206","0","40.55","13.68"
"64","000","00","050","0081","1205","488","169","319","3","491","1141","0","43.03","14.81"
"64","000","00","050","0082","0000","529","189","340","2","531","1212","0","43.81","15.59"
"64","000","00","050","0082","1206","529","189","340","2","531","1212","0","43.81","15.59"
"64","000","00","050","0083","0000","503","191","312","4","507","1226","0","41.35","15.58"
"64","000","00","050","0083","1207","503","191","312","4","507","1226","0","41.35","15.58"
"64","000","00","050","0084","0000","493","175","318","3","496","1046","0","47.42","16.73"
"64","000","00","050","0084","1208","493","175","318","3","496","1046","0","47.42","16.73"
"64","000","00","050","0085","0000","577","231","346","7","584","1082","0","53.97","21.35"
"64","000","00","050","0085","1209","577","231","346","7","584","1082","0","53.97","21.35"
"64","000","00","050","0086","0000","554","220","334","5","559","1156","0","48.36","19.03"
"64","000","00","050","0086","1210","554","220","334","5","559","1156","0","48.36","19.03"
"64","000","00","050","0087","0000","458","159","299","5","463","1009","0","45.89","15.76"
"64","000","00","050","0087","1211","458","159","299","5","463","1009","0","45.89","15.76"
"64","000","00","050","0088","0000","876","307","569","9","885","1967","0","44.99","15.61"
"64","000","00","050","0088","1212","421","145","276","4","425","925","0","45.95","15.68"
"64","000","00","050","0088","1213","455","162","293","5","460","1042","0","44.15","15.55"
"64","000","00","060","0000","0000","20079","8201","11878","149","20228","43307","49925","46.71","18.94"
"64","000","00","060","0001","0000","837","403","434","3","840","1749","0","48.03","23.04"
"64","000","00","060","0001","1346","392","189","203","0","392","794","0","49.37","23.80"
"64","000","00","060","0001","1347","445","214","231","3","448","955","0","46.91","22.41"
"64","000","00","060","0002","0000","483","215","268","3","486","1026","0","47.37","20.96"
"64","000","00","060","0002","1348","483","215","268","3","486","1026","0","47.37","20.96"
"64","000","00","060","0003","0000","1297","571","726","13","1310","2842","0","46.09","20.09"
"64","000","00","060","0003","1349","663","275","388","6","669","1394","0","47.99","19.73"
"64","000","00","060","0003","1350","634","296","338","7","641","1448","0","44.27","20.44"
"64","000","00","060","0004","0000","494","221","273","2","496","1011","0","49.06","21.86"
"64","000","00","060","0004","1351","494","221","273","2","496","1011","0","49.06","21.86"
"64","000","00","060","0005","0000","646","272","374","3","649","1282","0","50.62","21.22"
"64","000","00","060","0005","1352","646","272","374","3","649","1282","0","50.62","21.22"
"64","000","00","060","0006","0000","301","156","145","6","307","626","0","49.04","24.92"
"64","000","00","060","0006","1353","301","156","145","6","307","626","0","49.04","24.92"
"64","000","00","060","0007","0000","419","165","254","2","421","979","0","43.00","16.85"
"64","000","00","060","0007","1354","419","165","254","2","421","979","0","43.00","16.85"
"64","000","00","060","0008","0000","831","348","483","1","832","1808","0","46.02","19.25"
"64","000","00","060","0008","1355","437","195","242","0","437","883","0","49.49","22.08"
"64","000","00","060","0008","1356","394","153","241","1","395","925","0","42.70","16.54"
"64","000","00","060","0009","0000","406","150","256","3","409","902","0","45.34","16.63"
"64","000","00","060","0009","1357","406","150","256","3","409","902","0","45.34","16.63"
"64","000","00","060","0010","0000","359","143","216","4","363","706","0","51.42","20.25"
"64","000","00","060","0010","1358","359","143","216","4","363","706","0","51.42","20.25"
"64","000","00","060","0011","0000","593","223","370","7","600","1289","0","46.55","17.30"
"64","000","00","060","0011","1359","593","223","370","7","600","1289","0","46.55","17.30"
"64","000","00","060","0012","0000","314","112","202","4","318","736","0","43.21","15.22"
"64","000","00","060","0012","1360","314","112","202","4","318","736","0","43.21","15.22"
"64","000","00","060","0013","0000","853","328","525","4","857","1998","0","42.89","16.42"
"64","000","00","060","0013","1361","459","165","294","2","461","1026","0","44.93","16.08"
"64","000","00","060","0013","1362","394","163","231","2","396","972","0","40.74","16.77"
"64","000","00","060","0014","0000","1319","547","772","9","1328","2739","0","48.48","19.97"
"64","000","00","060","0014","1363","727","297","430","6","733","1469","0","49.90","20.22"
"64","000","00","060","0014","1364","592","250","342","3","595","1270","0","46.85","19.69"
"64","000","00","060","0015","0000","1053","462","591","7","1060","2197","0","48.25","21.03"
"64","000","00","060","0015","1365","537","216","321","4","541","1173","0","46.12","18.41"
"64","000","00","060","0015","1366","516","246","270","3","519","1024","0","50.68","24.02"
"64","000","00","060","0016","0000","781","348","433","10","791","1572","0","50.32","22.14"
"64","000","00","060","0016","1367","360","163","197","4","364","697","0","52.22","23.39"
"64","000","00","060","0016","1368","421","185","236","6","427","875","0","48.80","21.14"
"64","000","00","060","0017","0000","1583","662","921","8","1591","3254","0","48.89","20.34"
"64","000","00","060","0017","1369","496","226","270","2","498","1064","0","46.80","21.24"
"64","000","00","060","0017","1370","508","202","306","2","510","1108","0","46.03","18.23"
"64","000","00","060","0017","1371","579","234","345","4","583","1082","0","53.88","21.63"
"64","000","00","060","0018","0000","589","287","302","1","590","1299","0","45.42","22.09"
"64","000","00","060","0018","1372","589","287","302","1","590","1299","0","45.42","22.09"
"64","000","00","060","0019","0000","454","158","296","6","460","1074","0","42.83","14.71"
"64","000","00","060","0019","1373","454","158","296","6","460","1074","0","42.83","14.71"
"64","000","00","060","0020","0000","384","146","238","4","388","801","0","48.44","18.23"
"64","000","00","060","0020","1374","384","146","238","4","388","801","0","48.44","18.23"
"64","000","00","060","0021","0000","437","163","274","2","439","996","0","44.08","16.37"
"64","000","00","060","0021","1375","437","163","274","2","439","996","0","44.08","16.37"
"64","000","00","060","0022","0000","983","333","650","13","996","1859","0","53.58","17.91"
"64","000","00","060","0022","1376","486","153","333","4","490","901","0","54.38","16.98"
"64","000","00","060","0022","1377","497","180","317","9","506","958","0","52.82","18.79"
"64","000","00","060","0023","0000","1074","479","595","5","1079","2712","0","39.79","17.66"
"64","000","00","060","0023","1378","450","202","248","2","452","1363","0","33.16","14.82"
"64","000","00","060","0023","1379","624","277","347","3","627","1349","0","46.48","20.53"
"64","000","00","060","0024","0000","307","115","192","2","309","692","0","44.65","16.62"
"64","000","00","060","0024","1380","307","115","192","2","309","692","0","44.65","16.62"
"64","000","00","060","0025","0000","477","177","300","2","479","1021","0","46.91","17.34"
"64","000","00","060","0025","1381","477","177","300","2","479","1021","0","46.91","17.34"
"64","000","00","060","0026","0000","415","151","264","4","419","960","0","43.65","15.73"
"64","000","00","060","0026","1382","415","151","264","4","419","960","0","43.65","15.73"
"64","000","00","060","0027","0000","387","156","231","5","392","934","0","41.97","16.70"
"64","000","00","060","0027","1383","387","156","231","5","392","934","0","41.97","16.70"
"64","000","00","060","0028","0000","385","126","259","2","387","919","0","42.11","13.71"
"64","000","00","060","0028","1384","385","126","259","2","387","919","0","42.11","13.71"
"64","000","00","060","0029","0000","388","127","261","3","391","785","0","49.81","16.18"
"64","000","00","060","0029","1385","388","127","261","3","391","785","0","49.81","16.18"
"64","000","00","060","0030","0000","326","113","213","3","329","685","0","48.03","16.50"
"64","000","00","060","0030","1386","326","113","213","3","329","685","0","48.03","16.50"
"64","000","00","060","0031","0000","331","150","181","3","334","702","0","47.58","21.37"
"64","000","00","060","0031","1387","331","150","181","3","334","702","0","47.58","21.37"
"64","000","00","060","0032","0000","573","194","379","5","578","1152","0","50.17","16.84"
"64","000","00","060","0032","1388","573","194","379","5","578","1152","0","50.17","16.84"
"64","000","00","070","0000","0000","11089","4583","6506","92","11181","23787","26498","47.00","19.27"
"64","000","00","070","0001","0000","326","88","238","2","328","658","0","49.85","13.37"
"64","000","00","070","0001","1321","326","88","238","2","328","658","0","49.85","13.37"
"64","000","00","070","0002","0000","486","222","264","5","491","983","0","49.95","22.58"
"64","000","00","070","0002","1322","486","222","264","5","491","983","0","49.95","22.58"
"64","000","00","070","0003","0000","580","201","379","6","586","1310","0","44.73","15.34"
"64","000","00","070","0003","1323","580","201","379","6","586","1310","0","44.73","15.34"
"64","000","00","070","0004","0000","372","136","236","1","373","809","0","46.11","16.81"
"64","000","00","070","0004","1324","372","136","236","1","373","809","0","46.11","16.81"
"64","000","00","070","0005","0000","472","165","307","2","474","957","0","49.53","17.24"
"64","000","00","070","0005","1325","472","165","307","2","474","957","0","49.53","17.24"
"64","000","00","070","0006","0000","1620","720","900","15","1635","3581","0","45.66","20.11"
"64","000","00","070","0006","1326","565","269","296","5","570","1215","0","46.91","22.14"
"64","000","00","070","0006","1327","582","239","343","6","588","1234","0","47.65","19.37"
"64","000","00","070","0006","1328","473","212","261","4","477","1132","0","42.14","18.73"
"64","000","00","070","0007","0000","309","130","179","2","311","662","0","46.98","19.64"
"64","000","00","070","0007","1329","309","130","179","2","311","662","0","46.98","19.64"
"64","000","00","070","0008","0000","532","222","310","3","535","1150","0","46.52","19.30"
"64","000","00","070","0008","1330","532","222","310","3","535","1150","0","46.52","19.30"
"64","000","00","070","0009","0000","810","323","487","13","823","1817","0","45.29","17.78"
"64","000","00","070","0009","1331","410","169","241","8","418","895","0","46.70","18.88"
"64","000","00","070","0009","1332","400","154","246","5","405","922","0","43.93","16.70"
"64","000","00","070","0010","0000","351","152","199","1","352","778","0","45.24","19.54"
"64","000","00","070","0010","1333","351","152","199","1","352","778","0","45.24","19.54"
"64","000","00","070","0011","0000","479","205","274","1","480","992","0","48.39","20.67"
"64","000","00","070","0011","1334","479","205","274","1","480","992","0","48.39","20.67"
"64","000","00","070","0012","0000","403","138","265","3","406","1030","0","39.42","13.40"
"64","000","00","070","0012","1335","403","138","265","3","406","1030","0","39.42","13.40"
"64","000","00","070","0013","0000","409","158","251","5","414","901","0","45.95","17.54"
"64","000","00","070","0013","1336","409","158","251","5","414","901","0","45.95","17.54"
"64","000","00","070","0014","0000","678","318","360","4","682","1424","0","47.89","22.33"
"64","000","00","070","0014","1337","324","163","161","1","325","698","0","46.56","23.35"
"64","000","00","070","0014","1338","354","155","199","3","357","726","0","49.17","21.35"
"64","000","00","070","0015","0000","508","239","269","2","510","1017","0","50.15","23.50"
"64","000","00","070","0015","1339","508","239","269","2","510","1017","0","50.15","23.50"
"64","000","00","070","0016","0000","466","196","270","1","467","986","0","47.36","19.88"
"64","000","00","070","0016","1340","466","196","270","1","467","986","0","47.36","19.88"
"64","000","00","070","0017","0000","816","380","436","10","826","1640","0","50.37","23.17"
"64","000","00","070","0017","1341","420","201","219","6","426","863","0","49.36","23.29"
"64","000","00","070","0017","1342","396","179","217","4","400","777","0","51.48","23.04"
"64","000","00","070","0018","0000","487","205","282","4","491","1043","0","47.08","19.65"
"64","000","00","070","0018","1343","487","205","282","4","491","1043","0","47.08","19.65"
"64","000","00","070","0019","0000","446","160","286","7","453","941","0","48.14","17.00"
"64","000","00","070","0019","1344","446","160","286","7","453","941","0","48.14","17.00"
"64","000","00","070","0020","0000","539","225","314","5","544","1108","0","49.10","20.31"
"64","000","00","070","0020","1345","539","225","314","5","544","1108","0","49.10","20.31"
"64","000","00","080","0000","0000","64802","27397","37405","461","65263","143752","166008","45.40","19.06"
"64","000","00","080","0001","0000","339","159","180","2","341","681","0","50.07","23.35"
"64","000","00","080","0001","1389","339","159","180","2","341","681","0","50.07","23.35"
"64","000","00","080","0002","0000","627","284","343","3","630","1496","0","42.11","18.98"
"64","000","00","080","0002","1390","332","151","181","3","335","785","0","42.68","19.24"
"64","000","00","080","0002","1391","295","133","162","0","295","711","0","41.49","18.71"
"64","000","00","080","0003","0000","502","216","286","6","508","1147","0","44.29","18.83"
"64","000","00","080","0003","1392","502","216","286","6","508","1147","0","44.29","18.83"
"64","000","00","080","0004","0000","701","270","431","13","714","1552","0","46.01","17.40"
"64","000","00","080","0004","1393","326","136","190","9","335","739","0","45.33","18.40"
"64","000","00","080","0004","1394","375","134","241","4","379","813","0","46.62","16.48"
"64","000","00","080","0005","0000","601","270","331","10","611","1384","0","44.15","19.51"
"64","000","00","080","0005","1395","296","135","161","0","296","681","0","43.47","19.82"
"64","000","00","080","0005","1396","305","135","170","10","315","703","0","44.81","19.20"
"64","000","00","080","0006","0000","601","202","399","3","604","1405","0","42.99","14.38"
"64","000","00","080","0006","1397","321","97","224","1","322","720","0","44.72","13.47"
"64","000","00","080","0006","1398","280","105","175","2","282","685","0","41.17","15.33"
"64","000","00","080","0007","0000","660","285","375","2","662","1540","0","42.99","18.51"
"64","000","00","080","0007","1399","315","153","162","0","315","773","0","40.75","19.79"
"64","000","00","080","0007","1400","345","132","213","2","347","767","0","45.24","17.21"
"64","000","00","080","0008","0000","259","102","157","1","260","506","0","51.38","20.16"
"64","000","00","080","0008","1401","259","102","157","1","260","506","0","51.38","20.16"
"64","000","00","080","0009","0000","799","331","468","7","806","1861","0","43.31","17.79"
"64","000","00","080","0009","1402","380","162","218","3","383","919","0","41.68","17.63"
"64","000","00","080","0009","1403","419","169","250","4","423","942","0","44.90","17.94"
"64","000","00","080","0010","0000","1382","654","728","12","1394","3663","0","38.06","17.85"
"64","000","00","080","0010","1404","464","191","273","2","466","1119","0","41.64","17.07"
"64","000","00","080","0010","1405","472","237","235","4","476","1305","0","36.48","18.16"
"64","000","00","080","0010","1406","446","226","220","6","452","1239","0","36.48","18.24"
"64","000","00","080","0011","0000","411","154","257","1","412","878","0","46.92","17.54"
"64","000","00","080","0011","1407","411","154","257","1","412","878","0","46.92","17.54"
"64","000","00","080","0012","0000","604","254","350","9","613","1259","0","48.69","20.17"
"64","000","00","080","0012","1408","604","254","350","9","613","1259","0","48.69","20.17"
"64","000","00","080","0013","0000","723","281","442","4","727","1714","0","42.42","16.39"
"64","000","00","080","0013","1409","370","139","231","1","371","881","0","42.11","15.78"
"64","000","00","080","0013","1410","353","142","211","3","356","833","0","42.74","17.05"
"64","000","00","080","0014","0000","635","282","353","4","639","1191","0","53.65","23.68"
"64","000","00","080","0014","1411","635","282","353","4","639","1191","0","53.65","23.68"
"64","000","00","080","0015","0000","817","279","538","5","822","1686","0","48.75","16.55"
"64","000","00","080","0015","1412","419","149","270","5","424","866","0","48.96","17.21"
"64","000","00","080","0015","1413","398","130","268","0","398","820","0","48.54","15.85"
"64","000","00","080","0016","0000","493","213","280","2","495","1085","0","45.62","19.63"
"64","000","00","080","0016","1414","493","213","280","2","495","1085","0","45.62","19.63"
"64","000","00","080","0017","0000","1370","576","794","12","1382","2948","0","46.88","19.54"
"64","000","00","080","0017","1415","477","196","281","5","482","959","0","50.26","20.44"
"64","000","00","080","0017","1416","469","186","283","2","471","987","0","47.72","18.84"
"64","000","00","080","0017","1417","424","194","230","5","429","1002","0","42.81","19.36"
"64","000","00","080","0018","0000","999","400","599","5","1004","2080","0","48.27","19.23"
"64","000","00","080","0018","1418","517","183","334","4","521","1045","0","49.86","17.51"
"64","000","00","080","0018","1419","482","217","265","1","483","1035","0","46.67","20.97"
"64","000","00","080","0019","0000","1384","559","825","11","1395","2971","0","46.95","18.82"
"64","000","00","080","0019","1420","484","178","306","0","484","1006","0","48.11","17.69"
"64","000","00","080","0019","1421","443","198","245","1","444","960","0","46.25","20.63"
"64","000","00","080","0019","1422","457","183","274","10","467","1005","0","46.47","18.21"
"64","000","00","080","0020","0000","897","388","509","7","904","1962","0","46.08","19.78"
"64","000","00","080","0020","1423","451","217","234","2","453","971","0","46.65","22.35"
"64","000","00","080","0020","1424","446","171","275","5","451","991","0","45.51","17.26"
"64","000","00","080","0021","0000","752","332","420","6","758","2551","0","29.71","13.01"
"64","000","00","080","0021","1425","566","243","323","4","570","1215","0","46.91","20.00"
"64","000","00","080","0021","1426","186","89","97","2","188","1336","0","14.07","6.66"
"64","000","00","080","0022","0000","1569","692","877","8","1577","3394","0","46.46","20.39"
"64","000","00","080","0022","1427","548","265","283","3","551","1116","0","49.37","23.75"
"64","000","00","080","0022","1428","559","235","324","2","561","1267","0","44.28","18.55"
"64","000","00","080","0022","1429","462","192","270","3","465","1011","0","45.99","18.99"
"64","000","00","080","0023","0000","1028","441","587","6","1034","2101","0","49.21","20.99"
"64","000","00","080","0023","1430","574","220","354","4","578","1182","0","48.90","18.61"
"64","000","00","080","0023","1431","454","221","233","2","456","919","0","49.62","24.05"
"64","000","00","080","0024","0000","1058","507","551","8","1066","2233","0","47.74","22.70"
"64","000","00","080","0024","1432","541","283","258","4","545","1113","0","48.97","25.43"
"64","000","00","080","0024","1433","517","224","293","4","521","1120","0","46.52","20.00"
"64","000","00","080","0025","0000","651","296","355","0","651","1434","0","45.40","20.64"
"64","000","00","080","0025","1434","320","142","178","0","320","702","0","45.58","20.23"
"64","000","00","080","0025","1435","331","154","177","0","331","732","0","45.22","21.04"
"64","000","00","080","0026","0000","317","95","222","6","323","666","0","48.50","14.26"
"64","000","00","080","0026","1436","317","95","222","6","323","666","0","48.50","14.26"
"64","000","00","080","0027","0000","556","170","386","3","559","1226","0","45.60","13.87"
"64","000","00","080","0027","1437","284","91","193","1","285","590","0","48.31","15.42"
"64","000","00","080","0027","1438","272","79","193","2","274","636","0","43.08","12.42"
"64","000","00","080","0028","0000","1211","461","750","10","1221","2632","0","46.39","17.52"
"64","000","00","080","0028","1439","395","141","254","3","398","846","0","47.04","16.67"
"64","000","00","080","0028","1440","426","159","267","3","429","873","0","49.14","18.21"
"64","000","00","080","0028","1441","390","161","229","4","394","913","0","43.15","17.63"
"64","000","00","080","0029","0000","663","278","385","4","667","1516","0","44.00","18.34"
"64","000","00","080","0029","1442","338","140","198","2","340","777","0","43.76","18.02"
"64","000","00","080","0029","1443","325","138","187","2","327","739","0","44.25","18.67"
"64","000","00","080","0030","0000","1250","494","756","9","1259","2734","0","46.05","18.07"
"64","000","00","080","0030","1444","450","171","279","2","452","975","0","46.36","17.54"
"64","000","00","080","0030","1445","407","148","259","3","410","904","0","45.35","16.37"
"64","000","00","080","0030","1446","393","175","218","4","397","855","0","46.43","20.47"
"64","000","00","080","0031","0000","875","418","457","5","880","1845","0","47.70","22.66"
"64","000","00","080","0031","1447","437","198","239","2","439","899","0","48.83","22.02"
"64","000","00","080","0031","1448","438","220","218","3","441","946","0","46.62","23.26"
"64","000","00","080","0032","0000","1307","673","634","7","1314","2771","0","47.42","24.29"
"64","000","00","080","0032","1449","413","227","186","1","414","866","0","47.81","26.21"
"64","000","00","080","0032","1450","443","226","217","3","446","905","0","49.28","24.97"
"64","000","00","080","0032","1451","451","220","231","3","454","1000","0","45.40","22.00"
"64","000","00","080","0033","0000","1266","564","702","12","1278","2724","0","46.92","20.70"
"64","000","00","080","0033","1452","449","214","235","5","454","923","0","49.19","23.19"
"64","000","00","080","0033","1453","398","177","221","3","401","855","0","46.90","20.70"
"64","000","00","080","0033","1454","419","173","246","4","423","946","0","44.71","18.29"
"64","000","00","080","0034","0000","693","295","398","7","700","1480","0","47.30","19.93"
"64","000","00","080","0034","1455","358","153","205","5","363","756","0","48.02","20.24"
"64","000","00","080","0034","1456","335","142","193","2","337","724","0","46.55","19.61"
"64","000","00","080","0035","0000","990","479","511","5","995","2090","0","47.61","22.92"
"64","000","00","080","0035","1457","466","238","228","3","469","1021","0","45.94","23.31"
"64","000","00","080","0035","1458","524","241","283","2","526","1069","0","49.20","22.54"
"64","000","00","080","0036","0000","942","505","437","0","942","2096","0","44.94","24.09"
"64","000","00","080","0036","1459","488","242","246","0","488","1054","0","46.30","22.96"
"64","000","00","080","0036","1460","454","263","191","0","454","1042","0","43.57","25.24"
"64","000","00","080","0037","0000","1106","493","613","7","1113","2380","0","46.76","20.71"
"64","000","00","080","0037","1461","598","247","351","2","600","1274","0","47.10","19.39"
"64","000","00","080","0037","1462","508","246","262","5","513","1106","0","46.38","22.24"
"64","000","00","080","0038","0000","710","328","382","7","717","1489","0","48.15","22.03"
"64","000","00","080","0038","1463","322","152","170","2","324","697","0","46.48","21.81"
"64","000","00","080","0038","1464","388","176","212","5","393","792","0","49.62","22.22"
"64","000","00","080","0039","0000","679","212","467","7","686","1389","0","49.39","15.26"
"64","000","00","080","0039","1465","326","110","216","4","330","705","0","46.81","15.60"
"64","000","00","080","0039","1466","353","102","251","3","356","684","0","52.05","14.91"
"64","000","00","080","0040","0000","784","284","500","13","797","1620","0","49.20","17.53"
"64","000","00","080","0040","1467","369","130","239","7","376","765","0","49.15","16.99"
"64","000","00","080","0040","1468","415","154","261","6","421","855","0","49.24","18.01"
"64","000","00","080","0041","0000","1094","496","598","10","1104","2086","0","52.92","23.78"
"64","000","00","080","0041","1469","589","254","335","4","593","1110","0","53.42","22.88"
"64","000","00","080","0041","1470","505","242","263","6","511","976","0","52.36","24.80"
"64","000","00","080","0042","0000","1733","712","1021","15","1748","3752","0","46.59","18.98"
"64","000","00","080","0042","1471","445","172","273","7","452","914","0","49.45","18.82"
"64","000","00","080","0042","1472","385","154","231","2","387","851","0","45.48","18.10"
"64","000","00","080","0042","1473","414","150","264","3","417","923","0","45.18","16.25"
"64","000","00","080","0042","1474","489","236","253","3","492","1064","0","46.24","22.18"
"64","000","00","080","0043","0000","836","384","452","0","836","1742","0","47.99","22.04"
"64","000","00","080","0043","1475","455","222","233","0","455","931","0","48.87","23.85"
"64","000","00","080","0043","1476","381","162","219","0","381","811","0","46.98","19.98"
"64","000","00","080","0044","0000","778","345","433","3","781","1748","0","44.68","19.74"
"64","000","00","080","0044","1477","398","190","208","1","399","855","0","46.67","22.22"
"64","000","00","080","0044","1478","380","155","225","2","382","893","0","42.78","17.36"
"64","000","00","080","0045","0000","1668","759","909","7","1675","3776","0","44.36","20.10"
"64","000","00","080","0045","1479","560","292","268","2","562","1250","0","44.96","23.36"
"64","000","00","080","0045","1480","608","257","351","2","610","1284","0","47.51","20.02"
"64","000","00","080","0045","1481","500","210","290","3","503","1242","0","40.50","16.91"
"64","000","00","080","0046","0000","816","301","515","6","822","1791","0","45.90","16.81"
"64","000","00","080","0046","1482","403","158","245","2","405","894","0","45.30","17.67"
"64","000","00","080","0046","1483","413","143","270","4","417","897","0","46.49","15.94"
"64","000","00","080","0047","0000","738","420","318","5","743","1489","0","49.90","28.21"
"64","000","00","080","0047","1484","372","187","185","4","376","774","0","48.58","24.16"
"64","000","00","080","0047","1485","366","233","133","1","367","715","0","51.33","32.59"
"64","000","00","080","0048","0000","617","241","376","6","623","1371","0","45.44","17.58"
"64","000","00","080","0048","1486","323","118","205","5","328","714","0","45.94","16.53"
"64","000","00","080","0048","1487","294","123","171","1","295","657","0","44.90","18.72"
"64","000","00","080","0049","0000","1132","396","736","9","1141","2410","0","47.34","16.43"
"64","000","00","080","0049","1488","561","213","348","4","565","1205","0","46.89","17.68"
"64","000","00","080","0049","1489","571","183","388","5","576","1205","0","47.80","15.19"
"64","000","00","080","0050","0000","525","230","295","5","530","1158","0","45.77","19.86"
"64","000","00","080","0050","1490","525","230","295","5","530","1158","0","45.77","19.86"
"64","000","00","080","0051","0000","452","216","236","5","457","1023","0","44.67","21.11"
"64","000","00","080","0051","1491","452","216","236","5","457","1023","0","44.67","21.11"
"64","000","00","080","0052","0000","854","288","566","6","860","1787","0","48.13","16.12"
"64","000","00","080","0052","1492","431","127","304","4","435","907","0","47.96","14.00"
"64","000","00","080","0052","1493","423","161","262","2","425","880","0","48.30","18.30"
"64","000","00","080","0053","0000","819","343","476","9","828","1974","0","41.95","17.38"
"64","000","00","080","0053","1494","445","181","264","6","451","1084","0","41.61","16.70"
"64","000","00","080","0053","1495","374","162","212","3","377","890","0","42.36","18.20"
"64","000","00","080","0054","0000","1073","428","645","6","1079","2537","0","42.53","16.87"
"64","000","00","080","0054","1496","516","186","330","3","519","1276","0","40.67","14.58"
"64","000","00","080","0054","1497","557","242","315","3","560","1261","0","44.41","19.19"
"64","000","00","080","0055","0000","1065","363","702","3","1068","2583","0","41.35","14.05"
"64","000","00","080","0055","1498","483","170","313","1","484","1278","0","37.87","13.30"
"64","000","00","080","0055","1499","582","193","389","2","584","1305","0","44.75","14.79"
"64","000","00","080","0056","0000","1095","451","644","6","1101","2521","0","43.67","17.89"
"64","000","00","080","0056","1500","499","186","313","2","501","1165","0","43.00","15.97"
"64","000","00","080","0056","1501","596","265","331","4","600","1356","0","44.25","19.54"
"64","000","00","080","0057","0000","782","284","498","6","788","1685","0","46.77","16.85"
"64","000","00","080","0057","1502","392","140","252","1","393","809","0","48.58","17.31"
"64","000","00","080","0057","1503","390","144","246","5","395","876","0","45.09","16.44"
"64","000","00","080","0058","0000","985","439","546","4","989","2051","0","48.22","21.40"
"64","000","00","080","0058","1504","531","244","287","2","533","1035","0","51.50","23.57"
"64","000","00","080","0058","1505","454","195","259","2","456","1016","0","44.88","19.19"
"64","000","00","080","0059","0000","989","397","592","8","997","2240","0","44.51","17.72"
"64","000","00","080","0059","1506","483","206","277","5","488","1092","0","44.69","18.86"
"64","000","00","080","0059","1507","506","191","315","3","509","1148","0","44.34","16.64"
"64","000","00","080","0060","0000","1201","511","690","8","1209","2641","0","45.78","19.35"
"64","000","00","080","0060","1508","407","189","218","3","410","872","0","47.02","21.67"
"64","000","00","080","0060","1509","331","146","185","1","332","772","0","43.01","18.91"
"64","000","00","080","0060","1510","463","176","287","4","467","997","0","46.84","17.65"
"64","000","00","080","0061","0000","1993","945","1048","19","2012","4822","0","41.73","19.60"
"64","000","00","080","0061","1511","542","275","267","4","546","1250","0","43.68","22.00"
"64","000","00","080","0061","1512","463","226","237","4","467","1057","0","44.18","21.38"
"64","000","00","080","0061","1513","489","202","287","5","494","1239","0","39.87","16.30"
"64","000","00","080","0061","1514","499","242","257","6","505","1276","0","39.58","18.97"
"64","000","00","080","0062","0000","1633","691","942","15","1648","3581","0","46.02","19.30"
"64","000","00","080","0062","1515","591","277","314","5","596","1189","0","50.13","23.30"
"64","000","00","080","0062","1516","504","199","305","5","509","1167","0","43.62","17.05"
"64","000","00","080","0062","1517","538","215","323","5","543","1225","0","44.33","17.55"
"64","000","00","080","0063","0000","1593","703","890","10","1603","3399","0","47.16","20.68"
"64","000","00","080","0063","1518","533","240","293","5","538","1149","0","46.82","20.89"
"64","000","00","080","0063","1519","507","213","294","2","509","1137","0","44.77","18.73"
"64","000","00","080","0063","1520","553","250","303","3","556","1113","0","49.96","22.46"
"64","000","00","080","0064","0000","1725","730","995","6","1731","4055","0","42.69","18.00"
"64","000","00","080","0064","1521","580","244","336","1","581","1372","0","42.35","17.78"
"64","000","00","080","0064","1522","536","228","308","4","540","1318","0","40.97","17.30"
"64","000","00","080","0064","1523","609","258","351","1","610","1365","0","44.69","18.90"
"64","000","00","080","0065","0000","1159","414","745","5","1164","2329","0","49.98","17.78"
"64","000","00","080","0065","1524","546","188","358","3","549","1155","0","47.53","16.28"
"64","000","00","080","0065","1525","613","226","387","2","615","1174","0","52.39","19.25"
"64","000","00","080","0066","0000","1006","449","557","6","1012","2409","0","42.01","18.64"
"64","000","00","080","0066","1526","485","208","277","2","487","1188","0","40.99","17.51"
"64","000","00","080","0066","1527","521","241","280","4","525","1221","0","43.00","19.74"
"64","000","00","080","0067","0000","1544","574","970","14","1558","3573","0","43.60","16.06"
"64","000","00","080","0067","1528","537","187","350","9","546","1192","0","45.81","15.69"
"64","000","00","080","0067","1529","500","201","299","2","502","1202","0","41.76","16.72"
"64","000","00","080","0067","1530","507","186","321","3","510","1179","0","43.26","15.78"
"64","000","00","080","0068","0000","799","289","510","7","806","1945","0","41.44","14.86"
"64","000","00","080","0068","1531","373","119","254","5","378","920","0","41.09","12.93"
"64","000","00","080","0068","1532","426","170","256","2","428","1025","0","41.76","16.59"
"64","000","00","080","0069","0000","887","422","465","3","890","1894","0","46.99","22.28"
"64","000","00","080","0069","1533","448","204","244","1","449","957","0","46.92","21.32"
"64","000","00","080","0069","1534","439","218","221","2","441","937","0","47.07","23.27"
"64","000","00","090","0000","0000","70050","27253","42797","597","70647","159582","184355","44.27","17.08"
"64","000","00","090","0001","0000","3581","1153","2428","39","3620","9285","0","38.99","12.42"
"64","000","00","090","0001","1787","428","133","295","5","433","956","0","45.29","13.91"
"64","000","00","090","0001","1788","209","77","132","4","213","419","0","50.84","18.38"
"64","000","00","090","0001","1789","489","163","326","8","497","1290","0","38.53","12.64"
"64","000","00","090","0001","1790","514","180","334","6","520","1318","0","39.45","13.66"
"64","000","00","090","0001","1791","458","138","320","5","463","1342","0","34.50","10.28"
"64","000","00","090","0001","1792","439","138","301","4","443","1252","0","35.38","11.02"
"64","000","00","090","0001","1793","498","156","342","4","502","1316","0","38.15","11.85"
"64","000","00","090","0001","1794","546","168","378","3","549","1392","0","39.44","12.07"
"64","000","00","090","0002","0000","974","308","666","14","988","2288","0","43.18","13.46"
"64","000","00","090","0002","1795","371","118","253","7","378","821","0","46.04","14.37"
"64","000","00","090","0002","1796","346","105","241","6","352","831","0","42.36","12.64"
"64","000","00","090","0002","1797","257","85","172","1","258","636","0","40.57","13.36"
"64","000","00","090","0003","0000","2215","735","1480","23","2238","4994","0","44.81","14.72"
"64","000","00","090","0003","1798","501","159","342","6","507","1106","0","45.84","14.38"
"64","000","00","090","0003","1799","443","161","282","4","447","1037","0","43.11","15.53"
"64","000","00","090","0003","1800","476","140","336","9","485","1066","0","45.50","13.13"
"64","000","00","090","0003","1801","340","119","221","2","342","718","0","47.63","16.57"
"64","000","00","090","0003","1802","455","156","299","2","457","1067","0","42.83","14.62"
"64","000","00","090","0004","0000","979","341","638","10","989","2203","0","44.89","15.48"
"64","000","00","090","0004","1803","475","205","270","6","481","1030","0","46.70","19.90"
"64","000","00","090","0004","1804","504","136","368","4","508","1173","0","43.31","11.59"
"64","000","00","090","0005","0000","570","161","409","3","573","1263","0","45.37","12.75"
"64","000","00","090","0005","1805","570","161","409","3","573","1263","0","45.37","12.75"
"64","000","00","090","0006","0000","732","279","453","7","739","1891","0","39.08","14.75"
"64","000","00","090","0006","1806","385","121","264","4","389","914","0","42.56","13.24"
"64","000","00","090","0006","1807","347","158","189","3","350","977","0","35.82","16.17"
"64","000","00","090","0007","0000","851","275","576","12","863","2883","0","29.93","9.54"
"64","000","00","090","0007","1808","474","144","330","11","485","1163","0","41.70","12.38"
"64","000","00","090","0007","1809","377","131","246","1","378","1720","0","21.98","7.62"
"64","000","00","090","0008","0000","242","58","184","5","247","606","0","40.76","9.57"
"64","000","00","090","0008","1810","242","58","184","5","247","606","0","40.76","9.57"
"64","000","00","090","0009","0000","624","155","469","9","633","1420","0","44.58","10.92"
"64","000","00","090","0009","1811","624","155","469","9","633","1420","0","44.58","10.92"
"64","000","00","090","0010","0000","635","172","463","5","640","1365","0","46.89","12.60"
"64","000","00","090","0010","1812","635","172","463","5","640","1365","0","46.89","12.60"
"64","000","00","090","0011","0000","915","313","602","8","923","2203","0","41.90","14.21"
"64","000","00","090","0011","1813","395","130","265","3","398","929","0","42.84","13.99"
"64","000","00","090","0011","1814","520","183","337","5","525","1274","0","41.21","14.36"
"64","000","00","090","0012","0000","442","117","325","7","449","1033","0","43.47","11.33"
"64","000","00","090","0012","1815","442","117","325","7","449","1033","0","43.47","11.33"
"64","000","00","090","0013","0000","314","91","223","3","317","656","0","48.32","13.87"
"64","000","00","090","0013","1816","314","91","223","3","317","656","0","48.32","13.87"
"64","000","00","090","0014","0000","311","69","242","0","311","673","0","46.21","10.25"
"64","000","00","090","0014","1817","311","69","242","0","311","673","0","46.21","10.25"
"64","000","00","090","0015","0000","599","175","424","5","604","1293","0","46.71","13.53"
"64","000","00","090","0015","1818","599","175","424","5","604","1293","0","46.71","13.53"
"64","000","00","090","0016","0000","831","240","591","5","836","1636","0","51.10","14.67"
"64","000","00","090","0016","1819","436","141","295","2","438","827","0","52.96","17.05"
"64","000","00","090","0016","1820","395","99","296","3","398","809","0","49.20","12.24"
"64","000","00","090","0017","0000","912","263","649","9","921","2041","0","45.12","12.89"
"64","000","00","090","0017","1821","467","137","330","7","474","1000","0","47.40","13.70"
"64","000","00","090","0017","1822","445","126","319","2","447","1041","0","42.94","12.10"
"64","000","00","090","0018","0000","856","263","593","8","864","1918","0","45.05","13.71"
"64","000","00","090","0018","1823","447","133","314","3","450","1022","0","44.03","13.01"
"64","000","00","090","0018","1824","409","130","279","5","414","896","0","46.21","14.51"
"64","000","00","090","0019","0000","1752","632","1120","12","1764","3979","0","44.33","15.88"
"64","000","00","090","0019","1825","547","181","366","2","549","1316","0","41.72","13.75"
"64","000","00","090","0019","1826","658","243","415","8","666","1396","0","47.71","17.41"
"64","000","00","090","0019","1827","547","208","339","2","549","1267","0","43.33","16.42"
"64","000","00","090","0020","0000","398","151","247","5","403","902","0","44.68","16.74"
"64","000","00","090","0020","1828","398","151","247","5","403","902","0","44.68","16.74"
"64","000","00","090","0021","0000","1248","552","696","9","1257","2779","0","45.23","19.86"
"64","000","00","090","0021","1829","646","296","350","5","651","1413","0","46.07","20.95"
"64","000","00","090","0021","1830","602","256","346","4","606","1366","0","44.36","18.74"
"64","000","00","090","0022","0000","365","124","241","2","367","802","0","45.76","15.46"
"64","000","00","090","0022","1831","365","124","241","2","367","802","0","45.76","15.46"
"64","000","00","090","0023","0000","499","167","332","5","504","1077","0","46.80","15.51"
"64","000","00","090","0023","1832","499","167","332","5","504","1077","0","46.80","15.51"
"64","000","00","090","0024","0000","2526","1741","785","24","2550","5166","0","49.36","33.70"
"64","000","00","090","0024","1833","621","528","93","8","629","1218","0","51.64","43.35"
"64","000","00","090","0024","1834","698","552","146","8","706","1393","0","50.68","39.63"
"64","000","00","090","0024","1835","543","398","145","5","548","1113","0","49.24","35.76"
"64","000","00","090","0024","1836","664","263","401","3","667","1442","0","46.26","18.24"
"64","000","00","090","0025","0000","983","809","174","15","998","1970","0","50.66","41.07"
"64","000","00","090","0025","1837","564","465","99","11","575","1023","0","56.21","45.45"
"64","000","00","090","0025","1838","419","344","75","4","423","947","0","44.67","36.33"
"64","000","00","090","0028","0000","1467","664","803","8","1475","3261","0","45.23","20.36"
"64","000","00","090","0028","1839","434","169","265","2","436","1006","0","43.34","16.80"
"64","000","00","090","0028","1840","513","228","285","1","514","1105","0","46.52","20.63"
"64","000","00","090","0028","1841","520","267","253","5","525","1150","0","45.65","23.22"
"64","000","00","090","0029","0000","1926","966","960","13","1939","3898","0","49.74","24.78"
"64","000","00","090","0029","1842","663","310","353","5","668","1253","0","53.31","24.74"
"64","000","00","090","0029","1843","691","345","346","3","694","1358","0","51.10","25.41"
"64","000","00","090","0029","1844","572","311","261","5","577","1287","0","44.83","24.16"
"64","000","00","090","0030","0000","583","255","328","9","592","1249","0","47.40","20.42"
"64","000","00","090","0030","1845","583","255","328","9","592","1249","0","47.40","20.42"
"64","000","00","090","0031","0000","1006","468","538","4","1010","2251","0","44.87","20.79"
"64","000","00","090","0031","1846","473","210","263","2","475","1077","0","44.10","19.50"
"64","000","00","090","0031","1847","533","258","275","2","535","1174","0","45.57","21.98"
"64","000","00","090","0032","0000","1357","708","649","5","1362","2750","0","49.53","25.75"
"64","000","00","090","0032","1848","717","355","362","4","721","1426","0","50.56","24.89"
"64","000","00","090","0032","1849","640","353","287","1","641","1324","0","48.41","26.66"
"64","000","00","090","0033","0000","909","327","582","5","914","2053","0","44.52","15.93"
"64","000","00","090","0033","1850","490","175","315","3","493","1007","0","48.96","17.38"
"64","000","00","090","0033","1851","419","152","267","2","421","1046","0","40.25","14.53"
"64","000","00","090","0034","0000","1110","545","565","3","1113","2633","0","42.27","20.70"
"64","000","00","090","0034","1852","587","301","286","3","590","1345","0","43.87","22.38"
"64","000","00","090","0034","1853","523","244","279","0","523","1288","0","40.61","18.94"
"64","000","00","090","0035","0000","1307","513","794","6","1313","2968","0","44.24","17.28"
"64","000","00","090","0035","1854","675","257","418","3","678","1474","0","46.00","17.44"
"64","000","00","090","0035","1855","632","256","376","3","635","1494","0","42.50","17.14"
"64","000","00","090","0036","0000","1295","537","758","15","1310","2985","0","43.89","17.99"
"64","000","00","090","0036","1856","472","202","270","3","475","1047","0","45.37","19.29"
"64","000","00","090","0036","1857","480","191","289","7","487","963","0","50.57","19.83"
"64","000","00","090","0036","1858","343","144","199","5","348","975","0","35.69","14.77"
"64","000","00","090","0037","0000","2487","1074","1413","19","2506","5492","0","45.63","19.56"
"64","000","00","090","0037","1859","596","209","387","6","602","1329","0","45.30","15.73"
"64","000","00","090","0037","1860","584","285","299","6","590","1249","0","47.24","22.82"
"64","000","00","090","0037","1861","626","237","389","3","629","1506","0","41.77","15.74"
"64","000","00","090","0037","1862","681","343","338","4","685","1408","0","48.65","24.36"
"64","000","00","090","0038","0000","1371","648","723","15","1386","2994","0","46.29","21.64"
"64","000","00","090","0038","1863","722","360","362","8","730","1606","0","45.45","22.42"
"64","000","00","090","0038","1864","649","288","361","7","656","1388","0","47.26","20.75"
"64","000","00","090","0039","0000","1175","449","726","11","1186","2585","0","45.88","17.37"
"64","000","00","090","0039","1865","541","184","357","4","545","1299","0","41.96","14.16"
"64","000","00","090","0039","1866","634","265","369","7","641","1286","0","49.84","20.61"
"64","000","00","090","0040","0000","1242","419","823","11","1253","2634","0","47.57","15.91"
"64","000","00","090","0040","1867","600","194","406","5","605","1323","0","45.73","14.66"
"64","000","00","090","0040","1868","642","225","417","6","648","1311","0","49.43","17.16"
"64","000","00","090","0041","0000","923","361","562","4","927","2104","0","44.06","17.16"
"64","000","00","090","0041","1869","434","168","266","1","435","1002","0","43.41","16.77"
"64","000","00","090","0041","1870","489","193","296","3","492","1102","0","44.65","17.51"
"64","000","00","090","0042","0000","2890","1220","1670","18","2908","6665","0","43.63","18.30"
"64","000","00","090","0042","1871","643","218","425","1","644","1470","0","43.81","14.83"
"64","000","00","090","0042","1872","665","254","411","8","673","1512","0","44.51","16.80"
"64","000","00","090","0042","1873","494","225","269","4","498","1038","0","47.98","21.68"
"64","000","00","090","0042","1874","576","260","316","1","577","1401","0","41.18","18.56"
"64","000","00","090","0042","1875","512","263","249","4","516","1244","0","41.48","21.14"
"64","000","00","090","0043","0000","1000","412","588","7","1007","2331","0","43.20","17.67"
"64","000","00","090","0043","1876","507","212","295","1","508","1111","0","45.72","19.08"
"64","000","00","090","0043","1877","493","200","293","6","499","1220","0","40.90","16.39"
"64","000","00","090","0044","0000","1830","779","1051","11","1841","3965","0","46.43","19.65"
"64","000","00","090","0044","1878","638","236","402","7","645","1382","0","46.67","17.08"
"64","000","00","090","0044","1879","615","251","364","1","616","1278","0","48.20","19.64"
"64","000","00","090","0044","1880","577","292","285","3","580","1305","0","44.44","22.38"
"64","000","00","090","0045","0000","1523","628","895","19","1542","3340","0","46.17","18.80"
"64","000","00","090","0045","1881","490","233","257","2","492","1172","0","41.98","19.88"
"64","000","00","090","0045","1882","463","189","274","9","472","977","0","48.31","19.34"
"64","000","00","090","0045","1883","570","206","364","8","578","1191","0","48.53","17.30"
"64","000","00","090","0046","0000","645","219","426","5","650","1563","0","41.59","14.01"
"64","000","00","090","0046","1884","363","96","267","3","366","822","0","44.53","11.68"
"64","000","00","090","0046","1885","282","123","159","2","284","741","0","38.33","16.60"
"64","000","00","090","0047","0000","1915","662","1253","11","1926","4567","0","42.17","14.50"
"64","000","00","090","0047","1886","405","129","276","2","407","1080","0","37.69","11.94"
"64","000","00","090","0047","1887","505","149","356","2","507","1224","0","41.42","12.17"
"64","000","00","090","0047","1888","424","149","275","3","427","963","0","44.34","15.47"
"64","000","00","090","0047","1889","581","235","346","4","585","1300","0","45.00","18.08"
"64","000","00","090","0048","0000","1080","378","702","14","1094","2650","0","41.28","14.26"
"64","000","00","090","0048","1890","546","186","360","6","552","1341","0","41.16","13.87"
"64","000","00","090","0048","1891","534","192","342","8","542","1309","0","41.41","14.67"
"64","000","00","090","0049","0000","1892","724","1168","11","1903","4492","0","42.36","16.12"
"64","000","00","090","0049","1892","441","151","290","3","444","1083","0","41.00","13.94"
"64","000","00","090","0049","1893","523","201","322","4","527","1254","0","42.03","16.03"
"64","000","00","090","0049","1894","443","172","271","2","445","1033","0","43.08","16.65"
"64","000","00","090","0049","1895","485","200","285","2","487","1122","0","43.40","17.83"
"64","000","00","090","0050","0000","938","292","646","7","945","2252","0","41.96","12.97"
"64","000","00","090","0050","1896","496","172","324","4","500","1202","0","41.60","14.31"
"64","000","00","090","0050","1897","442","120","322","3","445","1050","0","42.38","11.43"
"64","000","00","090","0051","0000","789","253","536","5","794","1810","0","43.87","13.98"
"64","000","00","090","0051","1898","404","140","264","4","408","933","0","43.73","15.01"
"64","000","00","090","0051","1899","385","113","272","1","386","877","0","44.01","12.88"
"64","000","00","090","0052","0000","1600","578","1022","13","1613","3473","0","46.44","16.64"
"64","000","00","090","0052","1900","555","188","367","3","558","1118","0","49.91","16.82"
"64","000","00","090","0052","1901","513","158","355","4","517","1067","0","48.45","14.81"
"64","000","00","090","0052","1902","532","232","300","6","538","1288","0","41.77","18.01"
"64","000","00","090","0053","0000","1491","518","973","13","1504","3408","0","44.13","15.20"
"64","000","00","090","0053","1903","497","160","337","7","504","1127","0","44.72","14.20"
"64","000","00","090","0053","1904","416","150","266","2","418","958","0","43.63","15.66"
"64","000","00","090","0053","1905","578","208","370","4","582","1323","0","43.99","15.72"
"64","000","00","090","0054","0000","1351","438","913","15","1366","3140","0","43.50","13.95"
"64","000","00","090","0054","1906","661","191","470","7","668","1547","0","43.18","12.35"
"64","000","00","090","0054","1907","690","247","443","8","698","1593","0","43.82","15.51"
"64","000","00","090","0055","0000","1061","289","772","12","1073","2484","0","43.20","11.63"
"64","000","00","090","0055","1908","519","155","364","4","523","1248","0","41.91","12.42"
"64","000","00","090","0055","1909","542","134","408","8","550","1236","0","44.50","10.84"
"64","000","00","090","0056","0000","1141","386","755","5","1146","2474","0","46.32","15.60"
"64","000","00","090","0056","1910","543","190","353","2","545","1138","0","47.89","16.70"
"64","000","00","090","0056","1911","598","196","402","3","601","1336","0","44.99","14.67"
"64","000","00","090","0057","0000","1080","327","753","7","1087","2446","0","44.44","13.37"
"64","000","00","090","0057","1912","537","169","368","5","542","1193","0","45.43","14.17"
"64","000","00","090","0057","1913","543","158","385","2","545","1253","0","43.50","12.61"
"64","000","00","090","0058","0000","1065","409","656","12","1077","2518","0","42.77","16.24"
"64","000","00","090","0058","1914","583","226","357","9","592","1338","0","44.25","16.89"
"64","000","00","090","0058","1915","482","183","299","3","485","1180","0","41.10","15.51"
"64","000","00","090","0059","0000","987","294","693","7","994","2355","0","42.21","12.48"
"64","000","00","090","0059","1916","465","151","314","4","469","1144","0","41.00","13.20"
"64","000","00","090","0059","1917","522","143","379","3","525","1211","0","43.35","11.81"
"64","000","00","090","0060","0000","1950","758","1192","19","1969","4394","0","44.81","17.25"
"64","000","00","090","0060","1918","601","253","348","5","606","1372","0","44.17","18.44"
"64","000","00","090","0060","1919","646","200","446","5","651","1456","0","44.71","13.74"
"64","000","00","090","0060","1920","703","305","398","9","712","1566","0","45.47","19.48"
"64","000","00","090","0061","0000","1310","411","899","14","1324","3072","0","43.10","13.38"
"64","000","00","090","0061","1921","390","121","269","7","397","970","0","40.93","12.47"
"64","000","00","090","0061","1922","405","97","308","5","410","911","0","45.01","10.65"
"64","000","00","090","0061","1923","515","193","322","2","517","1191","0","43.41","16.20"
"64","000","00","100","0000","0000","9200","2773","6427","85","9285","24346","27515","38.14","11.39"
"64","000","00","100","0001","0000","510","141","369","5","515","1181","0","43.61","11.94"
"64","000","00","100","0001","1767","510","141","369","5","515","1181","0","43.61","11.94"
"64","000","00","100","0002","0000","382","140","242","6","388","1056","0","36.74","13.26"
"64","000","00","100","0002","1768","382","140","242","6","388","1056","0","36.74","13.26"
"64","000","00","100","0003","0000","618","179","439","10","628","1544","0","40.67","11.59"
"64","000","00","100","0003","1769","618","179","439","10","628","1544","0","40.67","11.59"
"64","000","00","100","0004","0000","790","227","563","5","795","2240","0","35.49","10.13"
"64","000","00","100","0004","1770","416","138","278","4","420","1157","0","36.30","11.93"
"64","000","00","100","0004","1771","374","89","285","1","375","1083","0","34.63","8.22"
"64","000","00","100","0005","0000","993","408","585","8","1001","2922","0","34.26","13.96"
"64","000","00","100","0005","1772","488","177","311","1","489","1437","0","34.03","12.32"
"64","000","00","100","0005","1773","505","231","274","7","512","1485","0","34.48","15.56"
"64","000","00","100","0006","0000","640","171","469","1","641","1497","0","42.82","11.42"
"64","000","00","100","0006","1774","640","171","469","1","641","1497","0","42.82","11.42"
"64","000","00","100","0007","0000","501","310","191","12","513","1394","0","36.80","22.24"
"64","000","00","100","0007","1775","501","310","191","12","513","1394","0","36.80","22.24"
"64","000","00","100","0008","0000","868","287","581","10","878","2620","0","33.51","10.95"
"64","000","00","100","0008","1776","421","155","266","6","427","1346","0","31.72","11.52"
"64","000","00","100","0008","1777","447","132","315","4","451","1274","0","35.40","10.36"
"64","000","00","100","0009","0000","779","186","593","9","788","2021","0","38.99","9.20"
"64","000","00","100","0009","1778","357","105","252","3","360","952","0","37.82","11.03"
"64","000","00","100","0009","1779","422","81","341","6","428","1069","0","40.04","7.58"
"64","000","00","100","0010","0000","1033","221","812","9","1042","2749","0","37.90","8.04"
"64","000","00","100","0010","1780","429","80","349","5","434","1092","0","39.74","7.33"
"64","000","00","100","0010","1781","604","141","463","4","608","1657","0","36.69","8.51"
"64","000","00","100","0011","0000","743","190","553","2","745","1802","0","41.34","10.54"
"64","000","00","100","0011","1782","445","111","334","0","445","1033","0","43.08","10.75"
"64","000","00","100","0011","1783","298","79","219","2","300","769","0","39.01","10.27"
"64","000","00","100","0012","0000","332","62","270","0","332","863","0","38.47","7.18"
"64","000","00","100","0012","1784","332","62","270","0","332","863","0","38.47","7.18"
"64","000","00","100","0013","0000","1011","251","760","8","1019","2457","0","41.47","10.22"
"64","000","00","100","0013","1785","532","109","423","2","534","1184","0","45.10","9.21"
"64","000","00","100","0013","1786","479","142","337","6","485","1273","0","38.10","11.15"
"64","000","00","110","0000","0000","52861","19178","33683","410","53271","132828","156580","40.11","14.44"
"64","000","00","110","0001","0000","977","362","615","10","987","2204","0","44.78","16.42"
"64","000","00","110","0001","1924","518","235","283","7","525","1075","0","48.84","21.86"
"64","000","00","110","0001","1925","459","127","332","3","462","1129","0","40.92","11.25"
"64","000","00","110","0002","0000","1376","628","748","5","1381","3080","0","44.84","20.39"
"64","000","00","110","0002","1926","720","318","402","1","721","1483","0","48.62","21.44"
"64","000","00","110","0002","1927","656","310","346","4","660","1597","0","41.33","19.41"
"64","000","00","110","0003","0000","995","475","520","10","1005","2455","0","40.94","19.35"
"64","000","00","110","0003","1928","457","245","212","2","459","1061","0","43.26","23.09"
"64","000","00","110","0003","1929","538","230","308","8","546","1394","0","39.17","16.50"
"64","000","00","110","0004","0000","656","238","418","4","660","1658","0","39.81","14.35"
"64","000","00","110","0004","1930","656","238","418","4","660","1658","0","39.81","14.35"
"64","000","00","110","0005","0000","1122","394","728","8","1130","3006","0","37.59","13.11"
"64","000","00","110","0005","1931","591","183","408","5","596","1561","0","38.18","11.72"
"64","000","00","110","0005","1932","531","211","320","3","534","1445","0","36.96","14.60"
"64","000","00","110","0006","0000","1085","385","700","10","1095","2482","0","44.12","15.51"
"64","000","00","110","0006","1933","514","170","344","2","516","1158","0","44.56","14.68"
"64","000","00","110","0006","1934","571","215","356","8","579","1324","0","43.73","16.24"
"64","000","00","110","0007","0000","901","325","576","3","904","2715","0","33.30","11.97"
"64","000","00","110","0007","1935","385","133","252","1","386","1434","0","26.92","9.27"
"64","000","00","110","0007","1936","516","192","324","2","518","1281","0","40.44","14.99"
"64","000","00","110","0008","0000","1013","367","646","7","1020","2209","0","46.17","16.61"
"64","000","00","110","0008","1937","541","195","346","5","546","1146","0","47.64","17.02"
"64","000","00","110","0008","1938","472","172","300","2","474","1063","0","44.59","16.18"
"64","000","00","110","0009","0000","991","316","675","8","999","2601","0","38.41","12.15"
"64","000","00","110","0009","1939","534","177","357","4","538","1405","0","38.29","12.60"
"64","000","00","110","0009","1940","457","139","318","4","461","1196","0","38.55","11.62"
"64","000","00","110","0010","0000","2248","777","1471","18","2266","5620","0","40.32","13.83"
"64","000","00","110","0010","1941","648","208","440","6","654","1560","0","41.92","13.33"
"64","000","00","110","0010","1942","484","158","326","6","490","1215","0","40.33","13.00"
"64","000","00","110","0010","1943","507","195","312","3","510","1422","0","35.86","13.71"
"64","000","00","110","0010","1944","609","216","393","3","612","1423","0","43.01","15.18"
"64","000","00","110","0011","0000","1051","392","659","10","1061","2419","0","43.86","16.21"
"64","000","00","110","0011","1945","507","188","319","3","510","1183","0","43.11","15.89"
"64","000","00","110","0011","1946","544","204","340","7","551","1236","0","44.58","16.50"
"64","000","00","110","0012","0000","1417","446","971","6","1423","3563","0","39.94","12.52"
"64","000","00","110","0012","1947","509","169","340","2","511","1301","0","39.28","12.99"
"64","000","00","110","0012","1948","453","146","307","1","454","1118","0","40.61","13.06"
"64","000","00","110","0012","1949","455","131","324","3","458","1144","0","40.03","11.45"
"64","000","00","110","0013","0000","1185","431","754","10","1195","2779","0","43.00","15.51"
"64","000","00","110","0013","1950","553","198","355","4","557","1394","0","39.96","14.20"
"64","000","00","110","0013","1951","632","233","399","6","638","1385","0","46.06","16.82"
"64","000","00","110","0014","0000","1471","614","857","12","1483","3906","0","37.97","15.72"
"64","000","00","110","0014","1952","507","216","291","1","508","1387","0","36.63","15.57"
"64","000","00","110","0014","1953","470","200","270","8","478","1227","0","38.96","16.30"
"64","000","00","110","0014","1954","494","198","296","3","497","1292","0","38.47","15.33"
"64","000","00","110","0015","0000","1727","669","1058","4","1731","4344","0","39.85","15.40"
"64","000","00","110","0015","1955","597","201","396","1","598","1495","0","40.00","13.44"
"64","000","00","110","0015","1956","564","232","332","1","565","1437","0","39.32","16.14"
"64","000","00","110","0015","1957","566","236","330","2","568","1412","0","40.23","16.71"
"64","000","00","110","0016","0000","1086","400","686","6","1092","2502","0","43.65","15.99"
"64","000","00","110","0016","1958","508","156","352","1","509","1227","0","41.48","12.71"
"64","000","00","110","0016","1959","578","244","334","5","583","1275","0","45.73","19.14"
"64","000","00","110","0017","0000","1209","455","754","9","1218","3165","0","38.48","14.38"
"64","000","00","110","0017","1960","609","252","357","2","611","1609","0","37.97","15.66"
"64","000","00","110","0017","1961","600","203","397","7","607","1556","0","39.01","13.05"
"64","000","00","110","0018","0000","1143","529","614","5","1148","2869","0","40.01","18.44"
"64","000","00","110","0018","1962","575","249","326","2","577","1423","0","40.55","17.50"
"64","000","00","110","0018","1963","568","280","288","3","571","1446","0","39.49","19.36"
"64","000","00","110","0019","0000","1008","601","407","7","1015","2305","0","44.03","26.07"
"64","000","00","110","0019","1964","501","329","172","4","505","1078","0","46.85","30.52"
"64","000","00","110","0019","1965","507","272","235","3","510","1227","0","41.56","22.17"
"64","000","00","110","0020","0000","1662","778","884","14","1676","4066","0","41.22","19.13"
"64","000","00","110","0020","1966","631","302","329","6","637","1441","0","44.21","20.96"
"64","000","00","110","0020","1967","576","279","297","3","579","1435","0","40.35","19.44"
"64","000","00","110","0020","1968","455","197","258","5","460","1190","0","38.66","16.55"
"64","000","00","110","0021","0000","1335","482","853","9","1344","3176","0","42.32","15.18"
"64","000","00","110","0021","1969","668","254","414","3","671","1549","0","43.32","16.40"
"64","000","00","110","0021","1970","667","228","439","6","673","1627","0","41.36","14.01"
"64","000","00","110","0022","0000","4223","1446","2777","36","4259","11217","0","37.97","12.89"
"64","000","00","110","0022","1971","440","135","305","2","442","1297","0","34.08","10.41"
"64","000","00","110","0022","1972","583","208","375","2","585","1352","0","43.27","15.38"
"64","000","00","110","0022","1973","517","169","348","4","521","1327","0","39.26","12.74"
"64","000","00","110","0022","1974","626","221","405","6","632","1605","0","39.38","13.77"
"64","000","00","110","0022","1975","510","163","347","6","516","1266","0","40.76","12.88"
"64","000","00","110","0022","1976","471","186","285","3","474","1322","0","35.85","14.07"
"64","000","00","110","0022","1977","559","166","393","8","567","1404","0","40.38","11.82"
"64","000","00","110","0022","1978","517","198","319","5","522","1644","0","31.75","12.04"
"64","000","00","110","0023","0000","1597","557","1040","8","1605","4154","0","38.64","13.41"
"64","000","00","110","0023","1979","467","168","299","2","469","1296","0","36.19","12.96"
"64","000","00","110","0023","1980","583","191","392","4","587","1467","0","40.01","13.02"
"64","000","00","110","0023","1981","547","198","349","2","549","1391","0","39.47","14.23"
"64","000","00","110","0024","0000","1003","354","649","9","1012","2549","0","39.70","13.89"
"64","000","00","110","0024","1982","477","172","305","4","481","1207","0","39.85","14.25"
"64","000","00","110","0024","1983","526","182","344","5","531","1342","0","39.57","13.56"
"64","000","00","110","0025","0000","1327","518","809","15","1342","3066","0","43.77","16.89"
"64","000","00","110","0025","1984","731","278","453","5","736","1598","0","46.06","17.40"
"64","000","00","110","0025","1985","596","240","356","10","606","1468","0","41.28","16.35"
"64","000","00","110","0026","0000","1113","362","751","15","1128","2844","0","39.66","12.73"
"64","000","00","110","0026","1986","527","152","375","11","538","1262","0","42.63","12.04"
"64","000","00","110","0026","1987","586","210","376","4","590","1582","0","37.29","13.27"
"64","000","00","110","0027","0000","2184","737","1447","14","2198","6006","0","36.60","12.27"
"64","000","00","110","0027","1988","486","152","334","5","491","1214","0","40.44","12.52"
"64","000","00","110","0027","1989","402","141","261","1","403","1201","0","33.56","11.74"
"64","000","00","110","0027","1990","494","157","337","2","496","1181","0","42.00","13.29"
"64","000","00","110","0027","1991","323","111","212","2","325","1036","0","31.37","10.71"
"64","000","00","110","0027","1992","479","176","303","4","483","1374","0","35.15","12.81"
"64","000","00","110","0028","0000","1932","718","1214","16","1948","4655","0","41.85","15.42"
"64","000","00","110","0028","1993","609","190","419","3","612","1210","0","50.58","15.70"
"64","000","00","110","0028","1994","473","168","305","3","476","1209","0","39.37","13.90"
"64","000","00","110","0028","1995","485","231","254","7","492","1244","0","39.55","18.57"
"64","000","00","110","0028","1996","365","129","236","3","368","992","0","37.10","13.00"
"64","000","00","110","0029","0000","1478","567","911","18","1496","3839","0","38.97","14.77"
"64","000","00","110","0029","1997","550","224","326","8","558","1396","0","39.97","16.05"
"64","000","00","110","0029","1998","487","153","334","6","493","1096","0","44.98","13.96"
"64","000","00","110","0029","1999","441","190","251","4","445","1347","0","33.04","14.11"
"64","000","00","110","0030","0000","1143","377","766","8","1151","2569","0","44.80","14.67"
"64","000","00","110","0030","2000","539","179","360","4","543","1179","0","46.06","15.18"
"64","000","00","110","0030","2001","604","198","406","4","608","1390","0","43.74","14.24"
"64","000","00","110","0031","0000","3077","1089","1988","18","3095","7687","0","40.26","14.17"
"64","000","00","110","0031","2002","602","178","424","2","604","1467","0","41.17","12.13"
"64","000","00","110","0031","2003","646","218","428","6","652","1572","0","41.48","13.87"
"64","000","00","110","0031","2004","626","226","400","4","630","1545","0","40.78","14.63"
"64","000","00","110","0031","2005","586","234","352","4","590","1512","0","39.02","15.48"
"64","000","00","110","0031","2006","617","233","384","2","619","1591","0","38.91","14.64"
"64","000","00","110","0032","0000","1361","490","871","10","1371","3630","0","37.77","13.50"
"64","000","00","110","0032","2007","423","152","271","4","427","1076","0","39.68","14.13"
"64","000","00","110","0032","2008","505","176","329","3","508","1356","0","37.46","12.98"
"64","000","00","110","0032","2009","433","162","271","3","436","1198","0","36.39","13.52"
"64","000","00","110","0033","0000","1215","408","807","14","1229","3132","0","39.24","13.03"
"64","000","00","110","0033","2010","564","184","380","7","571","1415","0","40.35","13.00"
"64","000","00","110","0033","2011","651","224","427","7","658","1717","0","38.32","13.05"
"64","000","00","110","0034","0000","1188","385","803","9","1197","3059","0","39.13","12.59"
"64","000","00","110","0034","2012","589","167","422","7","596","1505","0","39.60","11.10"
"64","000","00","110","0034","2013","599","218","381","2","601","1554","0","38.67","14.03"
"64","000","00","110","0035","0000","888","223","665","16","904","2196","0","41.17","10.15"
"64","000","00","110","0035","2014","431","95","336","10","441","1069","0","41.25","8.89"
"64","000","00","110","0035","2015","457","128","329","6","463","1127","0","41.08","11.36"
"64","000","00","110","0036","0000","1204","321","883","10","1214","3013","0","40.29","10.65"
"64","000","00","110","0036","2016","609","162","447","6","615","1475","0","41.69","10.98"
"64","000","00","110","0036","2017","595","159","436","4","599","1538","0","38.95","10.34"
"64","000","00","110","0037","0000","928","261","667","7","935","2483","0","37.66","10.51"
"64","000","00","110","0037","2018","492","144","348","3","495","1249","0","39.63","11.53"
"64","000","00","110","0037","2019","436","117","319","4","440","1234","0","35.66","9.48"
"64","000","00","110","0038","0000","1342","301","1041","12","1354","3605","0","37.56","8.35"
"64","000","00","110","0038","2020","442","104","338","3","445","1067","0","41.71","9.75"
"64","000","00","110","0038","2021","472","111","361","3","475","1292","0","36.76","8.59"
"64","000","00","110","0038","2022","428","86","342","6","434","1246","0","34.83","6.90"
"64","000","00","120","0000","0000","127545","54481","73064","992","128537","302069","358785","42.55","18.04"
"64","000","00","120","0001","0000","174","71","103","2","176","406","0","43.35","17.49"
"64","000","00","120","0001","1587","174","71","103","2","176","406","0","43.35","17.49"
"64","000","00","120","0002","0000","275","99","176","6","281","599","0","46.91","16.53"
"64","000","00","120","0002","1586","275","99","176","6","281","599","0","46.91","16.53"
"64","000","00","120","0003","0000","569","246","323","9","578","1288","0","44.88","19.10"
"64","000","00","120","0003","1588","569","246","323","9","578","1288","0","44.88","19.10"
"64","000","00","120","0004","0000","429","212","217","1","430","847","0","50.77","25.03"
"64","000","00","120","0004","1601","429","212","217","1","430","847","0","50.77","25.03"
"64","000","00","120","0005","0000","415","161","254","0","415","864","0","48.03","18.63"
"64","000","00","120","0005","1594","415","161","254","0","415","864","0","48.03","18.63"
"64","000","00","120","0006","0000","964","437","527","6","970","2199","0","44.11","19.87"
"64","000","00","120","0006","1589","348","148","200","5","353","712","0","49.58","20.79"
"64","000","00","120","0006","1590","616","289","327","1","617","1487","0","41.49","19.44"
"64","000","00","120","0007","0000","491","229","262","3","494","1023","0","48.29","22.39"
"64","000","00","120","0007","1535","491","229","262","3","494","1023","0","48.29","22.39"
"64","000","00","120","0008","0000","1589","800","789","11","1600","3304","0","48.43","24.21"
"64","000","00","120","0008","1614","540","232","308","4","544","1132","0","48.06","20.49"
"64","000","00","120","0008","1615","504","297","207","5","509","1118","0","45.53","26.57"
"64","000","00","120","0008","1616","545","271","274","2","547","1054","0","51.90","25.71"
"64","000","00","120","0009","0000","3715","1471","2244","29","3744","10134","0","36.94","14.52"
"64","000","00","120","0009","1546","616","221","395","4","620","1472","0","42.12","15.01"
"64","000","00","120","0009","1547","448","178","270","0","448","1439","0","31.13","12.37"
"64","000","00","120","0009","1548","634","274","360","4","638","1718","0","37.14","15.95"
"64","000","00","120","0009","1549","412","170","242","5","417","1249","0","33.39","13.61"
"64","000","00","120","0009","1550","521","207","314","1","522","1462","0","35.70","14.16"
"64","000","00","120","0009","1551","441","192","249","5","446","1360","0","32.79","14.12"
"64","000","00","120","0009","1552","643","229","414","10","653","1434","0","45.54","15.97"
"64","000","00","120","0010","0000","360","175","185","1","361","800","0","45.13","21.88"
"64","000","00","120","0010","1536","360","175","185","1","361","800","0","45.13","21.88"
"64","000","00","120","0011","0000","1514","598","916","10","1524","3583","0","42.53","16.69"
"64","000","00","120","0011","1557","557","178","379","4","561","1263","0","44.42","14.09"
"64","000","00","120","0011","1558","469","191","278","2","471","1071","0","43.98","17.83"
"64","000","00","120","0011","1559","488","229","259","4","492","1249","0","39.39","18.33"
"64","000","00","120","0012","0000","2155","898","1257","18","2173","4831","0","44.98","18.59"
"64","000","00","120","0012","1539","540","233","307","3","543","1150","0","47.22","20.26"
"64","000","00","120","0012","1540","525","203","322","5","530","1202","0","44.09","16.89"
"64","000","00","120","0012","1541","568","231","337","5","573","1306","0","43.87","17.69"
"64","000","00","120","0012","1542","522","231","291","5","527","1173","0","44.93","19.69"
"64","000","00","120","0013","0000","956","399","557","3","959","2419","0","39.64","16.49"
"64","000","00","120","0013","1622","477","215","262","2","479","1268","0","37.78","16.96"
"64","000","00","120","0013","1623","479","184","295","1","480","1151","0","41.70","15.99"
"64","000","00","120","0014","0000","2508","1206","1302","16","2524","5862","0","43.06","20.57"
"64","000","00","120","0014","1645","633","246","387","4","637","1501","0","42.44","16.39"
"64","000","00","120","0014","1646","551","220","331","2","553","1355","0","40.81","16.24"
"64","000","00","120","0014","1647","653","361","292","2","655","1511","0","43.35","23.89"
"64","000","00","120","0014","1648","671","379","292","8","679","1495","0","45.42","25.35"
"64","000","00","120","0015","0000","1872","1511","361","20","1892","4101","0","46.14","36.84"
"64","000","00","120","0015","1649","511","340","171","4","515","1178","0","43.72","28.86"
"64","000","00","120","0015","1650","687","575","112","9","696","1617","0","43.04","35.56"
"64","000","00","120","0015","1651","674","596","78","7","681","1306","0","52.14","45.64"
"64","000","00","120","0016","0000","1969","784","1185","18","1987","4690","0","42.37","16.72"
"64","000","00","120","0016","1729","550","210","340","5","555","1243","0","44.65","16.89"
"64","000","00","120","0016","1730","421","176","245","4","425","980","0","43.37","17.96"
"64","000","00","120","0016","1731","510","189","321","5","515","1337","0","38.52","14.14"
"64","000","00","120","0016","1732","488","209","279","4","492","1130","0","43.54","18.50"
"64","000","00","120","0017","0000","2793","927","1866","17","2810","6676","0","42.09","13.89"
"64","000","00","120","0017","1690","550","173","377","2","552","1280","0","43.13","13.52"
"64","000","00","120","0017","1691","675","230","445","5","680","1584","0","42.93","14.52"
"64","000","00","120","0017","1692","684","231","453","5","689","1622","0","42.48","14.24"
"64","000","00","120","0017","1693","447","152","295","2","449","1137","0","39.49","13.37"
"64","000","00","120","0017","1694","437","141","296","3","440","1053","0","41.79","13.39"
"64","000","00","120","0018","0000","2117","993","1124","19","2136","5045","0","42.34","19.68"
"64","000","00","120","0018","1624","514","224","290","8","522","1193","0","43.76","18.78"
"64","000","00","120","0018","1625","509","228","281","2","511","1197","0","42.69","19.05"
"64","000","00","120","0018","1626","525","290","235","2","527","1285","0","41.01","22.57"
"64","000","00","120","0018","1627","569","251","318","7","576","1370","0","42.04","18.32"
"64","000","00","120","0019","0000","2046","962","1084","22","2068","4468","0","46.28","21.53"
"64","000","00","120","0019","1605","427","193","234","2","429","951","0","45.11","20.29"
"64","000","00","120","0019","1606","401","193","208","6","407","939","0","43.34","20.55"
"64","000","00","120","0019","1607","537","308","229","4","541","1243","0","43.52","24.78"
"64","000","00","120","0019","1608","681","268","413","10","691","1335","0","51.76","20.07"
"64","000","00","120","0020","0000","1684","858","826","13","1697","3708","0","45.77","23.14"
"64","000","00","120","0020","1617","539","249","290","2","541","1210","0","44.71","20.58"
"64","000","00","120","0020","1618","608","332","276","6","614","1259","0","48.77","26.37"
"64","000","00","120","0020","1619","537","277","260","5","542","1239","0","43.74","22.36"
"64","000","00","120","0021","0000","714","271","443","5","719","3408","0","21.10","7.95"
"64","000","00","120","0021","1596","509","175","334","4","513","1041","0","49.28","16.81"
"64","000","00","120","0021","1597","205","96","109","1","206","2367","0","8.70","4.06"
"64","000","00","120","0022","0000","1253","707","546","9","1262","2855","0","44.20","24.76"
"64","000","00","120","0022","1652","586","334","252","5","591","1352","0","43.71","24.70"
"64","000","00","120","0022","1653","667","373","294","4","671","1503","0","44.64","24.82"
"64","000","00","120","0024","0000","1494","572","922","9","1503","3386","0","44.39","16.89"
"64","000","00","120","0024","1555","698","249","449","5","703","1628","0","43.18","15.29"
"64","000","00","120","0024","1556","796","323","473","4","800","1758","0","45.51","18.37"
"64","000","00","120","0025","0000","1336","530","806","17","1353","2970","0","45.56","17.85"
"64","000","00","120","0025","1670","687","277","410","10","697","1474","0","47.29","18.79"
"64","000","00","120","0025","1671","649","253","396","7","656","1496","0","43.85","16.91"
"64","000","00","120","0026","0000","2009","765","1244","12","2021","4656","0","43.41","16.43"
"64","000","00","120","0026","1666","422","153","269","6","428","952","0","44.96","16.07"
"64","000","00","120","0026","1667","533","201","332","3","536","1185","0","45.23","16.96"
"64","000","00","120","0026","1668","493","189","304","1","494","1155","0","42.77","16.36"
"64","000","00","120","0026","1669","561","222","339","2","563","1364","0","41.28","16.28"
"64","000","00","120","0027","0000","2607","865","1742","23","2630","6047","0","43.49","14.30"
"64","000","00","120","0027","1711","552","215","337","8","560","1375","0","40.73","15.64"
"64","000","00","120","0027","1712","469","138","331","3","472","1070","0","44.11","12.90"
"64","000","00","120","0027","1713","544","173","371","6","550","1212","0","45.38","14.27"
"64","000","00","120","0027","1714","487","158","329","2","489","1194","0","40.95","13.23"
"64","000","00","120","0027","1715","555","181","374","4","559","1196","0","46.74","15.13"
"64","000","00","120","0028","0000","1257","411","846","12","1269","3158","0","40.18","13.01"
"64","000","00","120","0028","1721","362","105","257","4","366","905","0","40.44","11.60"
"64","000","00","120","0028","1722","475","151","324","5","480","1177","0","40.78","12.83"
"64","000","00","120","0028","1723","420","155","265","3","423","1076","0","39.31","14.41"
"64","000","00","120","0029","0000","2332","765","1567","20","2352","5638","0","41.72","13.57"
"64","000","00","120","0029","1757","439","164","275","3","442","984","0","44.92","16.67"
"64","000","00","120","0029","1758","465","139","326","4","469","1089","0","43.07","12.76"
"64","000","00","120","0029","1759","523","158","365","3","526","1250","0","42.08","12.64"
"64","000","00","120","0029","1760","497","154","343","6","503","1229","0","40.93","12.53"
"64","000","00","120","0029","1761","408","150","258","4","412","1086","0","37.94","13.81"
"64","000","00","120","0030","0000","2221","1218","1003","20","2241","5295","0","42.32","23.00"
"64","000","00","120","0030","1631","493","240","253","6","499","1355","0","36.83","17.71"
"64","000","00","120","0030","1632","619","486","133","8","627","1247","0","50.28","38.97"
"64","000","00","120","0030","1633","519","244","275","3","522","1273","0","41.01","19.17"
"64","000","00","120","0030","1634","590","248","342","3","593","1420","0","41.76","17.46"
"64","000","00","120","0031","0000","2009","1010","999","23","2032","4791","0","42.41","21.08"
"64","000","00","120","0031","1628","632","309","323","8","640","1497","0","42.75","20.64"
"64","000","00","120","0031","1629","600","361","239","5","605","1565","0","38.66","23.07"
"64","000","00","120","0031","1630","777","340","437","10","787","1729","0","45.52","19.66"
"64","000","00","120","0032","0000","1504","539","965","9","1513","3443","0","43.94","15.65"
"64","000","00","120","0032","1749","501","171","330","3","504","1117","0","45.12","15.31"
"64","000","00","120","0032","1750","502","196","306","2","504","1176","0","42.86","16.67"
"64","000","00","120","0032","1751","501","172","329","4","505","1150","0","43.91","14.96"
"64","000","00","120","0033","0000","2309","936","1373","11","2320","5183","0","44.76","18.06"
"64","000","00","120","0033","1680","605","216","389","2","607","1404","0","43.23","15.38"
"64","000","00","120","0033","1681","504","185","319","3","507","1188","0","42.68","15.57"
"64","000","00","120","0033","1682","651","267","384","2","653","1422","0","45.92","18.78"
"64","000","00","120","0033","1683","549","268","281","4","553","1169","0","47.31","22.93"
"64","000","00","120","0034","0000","1593","694","899","10","1603","3682","0","43.54","18.85"
"64","000","00","120","0034","1654","493","208","285","5","498","1162","0","42.86","17.90"
"64","000","00","120","0034","1655","527","238","289","2","529","1201","0","44.05","19.82"
"64","000","00","120","0034","1656","573","248","325","3","576","1319","0","43.67","18.80"
"64","000","00","120","0035","0000","2682","1173","1509","16","2698","6156","0","43.83","19.05"
"64","000","00","120","0035","1641","631","261","370","4","635","1397","0","45.45","18.68"
"64","000","00","120","0035","1642","671","282","389","8","679","1578","0","43.03","17.87"
"64","000","00","120","0035","1643","659","295","364","2","661","1528","0","43.26","19.31"
"64","000","00","120","0035","1644","721","335","386","2","723","1653","0","43.74","20.27"
"64","000","00","120","0036","0000","1644","620","1024","10","1654","3986","0","41.50","15.55"
"64","000","00","120","0036","1687","482","184","298","4","486","1195","0","40.67","15.40"
"64","000","00","120","0036","1688","562","169","393","4","566","1318","0","42.94","12.82"
"64","000","00","120","0036","1689","600","267","333","2","602","1473","0","40.87","18.13"
"64","000","00","120","0037","0000","1481","667","814","7","1488","3202","0","46.47","20.83"
"64","000","00","120","0037","1657","484","215","269","2","486","1074","0","45.25","20.02"
"64","000","00","120","0037","1658","505","220","285","5","510","1110","0","45.95","19.82"
"64","000","00","120","0037","1659","492","232","260","0","492","1018","0","48.33","22.79"
"64","000","00","120","0038","0000","1063","353","710","10","1073","2412","0","44.49","14.64"
"64","000","00","120","0038","1660","532","167","365","8","540","1177","0","45.88","14.19"
"64","000","00","120","0038","1661","531","186","345","2","533","1235","0","43.16","15.06"
"64","000","00","120","0039","0000","3788","1840","1948","24","3812","8807","0","43.28","20.89"
"64","000","00","120","0039","1571","627","314","313","4","631","1397","0","45.17","22.48"
"64","000","00","120","0039","1572","651","363","288","4","655","1414","0","46.32","25.67"
"64","000","00","120","0039","1573","619","274","345","1","620","1444","0","42.94","18.98"
"64","000","00","120","0039","1574","647","323","324","9","656","1536","0","42.71","21.03"
"64","000","00","120","0039","1575","602","270","332","3","605","1525","0","39.67","17.70"
"64","000","00","120","0039","1576","642","296","346","3","645","1491","0","43.26","19.85"
"64","000","00","120","0040","0000","5106","2068","3038","26","5132","13720","0","37.41","15.07"
"64","000","00","120","0040","1703","627","236","391","3","630","1730","0","36.42","13.64"
"64","000","00","120","0040","1704","621","256","365","1","622","1675","0","37.13","15.28"
"64","000","00","120","0040","1705","658","258","400","3","661","1703","0","38.81","15.15"
"64","000","00","120","0040","1706","612","203","409","6","618","1703","0","36.29","11.92"
"64","000","00","120","0040","1707","619","294","325","4","623","1713","0","36.37","17.16"
"64","000","00","120","0040","1708","670","306","364","4","674","1734","0","38.87","17.65"
"64","000","00","120","0040","1709","665","286","379","2","667","1668","0","39.99","17.15"
"64","000","00","120","0040","1710","634","229","405","3","637","1794","0","35.51","12.76"
"64","000","00","120","0041","0000","878","403","475","5","883","1878","0","47.02","21.46"
"64","000","00","120","0041","1537","415","186","229","1","416","845","0","49.23","22.01"
"64","000","00","120","0041","1538","463","217","246","4","467","1033","0","45.21","21.01"
"64","000","00","120","0042","0000","1517","665","852","14","1531","3300","0","46.39","20.15"
"64","000","00","120","0042","1598","480","250","230","1","481","1073","0","44.83","23.30"
"64","000","00","120","0042","1599","525","213","312","7","532","1112","0","47.84","19.15"
"64","000","00","120","0042","1600","512","202","310","6","518","1115","0","46.46","18.12"
"64","000","00","120","0043","0000","1325","491","834","8","1333","2954","0","45.13","16.62"
"64","000","00","120","0043","1755","699","250","449","2","701","1515","0","46.27","16.50"
"64","000","00","120","0043","1756","626","241","385","6","632","1439","0","43.92","16.75"
"64","000","00","120","0044","0000","2444","1156","1288","14","2458","5599","0","43.90","20.65"
"64","000","00","120","0044","1609","468","192","276","6","474","1162","0","40.79","16.52"
"64","000","00","120","0044","1610","439","212","227","1","440","983","0","44.76","21.57"
"64","000","00","120","0044","1611","480","234","246","1","481","1095","0","43.93","21.37"
"64","000","00","120","0044","1612","578","279","299","2","580","1305","0","44.44","21.38"
"64","000","00","120","0044","1613","479","239","240","4","483","1054","0","45.83","22.68"
"64","000","00","120","0045","0000","888","496","392","11","899","1995","0","45.06","24.86"
"64","000","00","120","0045","1620","469","266","203","4","473","1017","0","46.51","26.16"
"64","000","00","120","0045","1621","419","230","189","7","426","978","0","43.56","23.52"
"64","000","00","120","0046","0000","2037","889","1148","19","2056","4606","0","44.64","19.30"
"64","000","00","120","0046","1591","712","303","409","5","717","1536","0","46.68","19.73"
"64","000","00","120","0046","1592","661","286","375","9","670","1542","0","43.45","18.55"
"64","000","00","120","0046","1593","664","300","364","5","669","1528","0","43.78","19.63"
"64","000","00","120","0047","0000","1465","772","693","16","1481","3154","0","46.96","24.48"
"64","000","00","120","0047","1602","464","210","254","5","469","997","0","47.04","21.06"
"64","000","00","120","0047","1603","468","274","194","2","470","1011","0","46.49","27.10"
"64","000","00","120","0047","1604","533","288","245","9","542","1146","0","47.29","25.13"
"64","000","00","120","0048","0000","2713","1010","1703","19","2732","6154","0","44.39","16.41"
"64","000","00","120","0048","1566","527","200","327","6","533","1297","0","41.09","15.42"
"64","000","00","120","0048","1567","661","257","404","1","662","1505","0","43.99","17.08"
"64","000","00","120","0048","1568","469","140","329","4","473","1044","0","45.31","13.41"
"64","000","00","120","0048","1569","554","166","388","3","557","1215","0","45.84","13.66"
"64","000","00","120","0048","1570","502","247","255","5","507","1093","0","46.39","22.60"
"64","000","00","120","0049","0000","1960","723","1237","20","1980","4554","0","43.48","15.88"
"64","000","00","120","0049","1764","638","236","402","9","647","1464","0","44.19","16.12"
"64","000","00","120","0049","1765","665","293","372","4","669","1625","0","41.17","18.03"
"64","000","00","120","0049","1766","657","194","463","7","664","1465","0","45.32","13.24"
"64","000","00","120","0050","0000","1005","571","434","20","1025","2537","0","40.40","22.51"
"64","000","00","120","0050","1635","528","318","210","15","543","1258","0","43.16","25.28"
"64","000","00","120","0050","1636","477","253","224","5","482","1279","0","37.69","19.78"
"64","000","00","120","0051","0000","505","219","286","7","512","1040","0","49.23","21.06"
"64","000","00","120","0051","1595","505","219","286","7","512","1040","0","49.23","21.06"
"64","000","00","120","0053","0000","1664","663","1001","18","1682","3969","0","42.38","16.70"
"64","000","00","120","0053","1543","627","262","365","6","633","1454","0","43.54","18.02"
"64","000","00","120","0053","1544","525","211","314","5","530","1268","0","41.80","16.64"
"64","000","00","120","0053","1545","512","190","322","7","519","1247","0","41.62","15.24"
"64","000","00","120","0054","0000","730","271","459","8","738","1831","0","40.31","14.80"
"64","000","00","120","0054","1733","391","158","233","4","395","950","0","41.58","16.63"
"64","000","00","120","0054","1734","339","113","226","4","343","881","0","38.93","12.83"
"64","000","00","120","0055","0000","3518","1188","2330","25","3543","8197","0","43.22","14.49"
"64","000","00","120","0055","1743","554","168","386","5","559","1298","0","43.07","12.94"
"64","000","00","120","0055","1744","577","191","386","2","579","1256","0","46.10","15.21"
"64","000","00","120","0055","1745","597","207","390","4","601","1626","0","36.96","12.73"
"64","000","00","120","0055","1746","620","225","395","7","627","1405","0","44.63","16.01"
"64","000","00","120","0055","1747","597","200","397","6","603","1399","0","43.10","14.30"
"64","000","00","120","0055","1748","573","197","376","1","574","1213","0","47.32","16.24"
"64","000","00","120","0056","0000","3604","1897","1707","30","3634","8181","0","44.42","23.19"
"64","000","00","120","0056","1560","708","595","113","12","720","1615","0","44.58","36.84"
"64","000","00","120","0056","1561","546","226","320","4","550","1162","0","47.33","19.45"
"64","000","00","120","0056","1562","570","226","344","4","574","1262","0","45.48","17.91"
"64","000","00","120","0056","1563","553","279","274","2","555","1488","0","37.30","18.75"
"64","000","00","120","0056","1564","555","284","271","5","560","1158","0","48.36","24.53"
"64","000","00","120","0056","1565","672","287","385","3","675","1496","0","45.12","19.18"
"64","000","00","120","0057","0000","1701","581","1120","17","1718","4349","0","39.50","13.36"
"64","000","00","120","0057","1752","522","180","342","5","527","1394","0","37.80","12.91"
"64","000","00","120","0057","1753","557","181","376","8","565","1408","0","40.13","12.86"
"64","000","00","120","0057","1754","622","220","402","4","626","1547","0","40.47","14.22"
"64","000","00","120","0058","0000","1043","407","636","10","1053","2612","0","40.31","15.58"
"64","000","00","120","0058","1553","620","253","367","7","627","1420","0","44.15","17.82"
"64","000","00","120","0058","1554","423","154","269","3","426","1192","0","35.74","12.92"
"64","000","00","120","0059","0000","1684","757","927","10","1694","4036","0","41.97","18.76"
"64","000","00","120","0059","1577","483","237","246","1","484","1266","0","38.23","18.72"
"64","000","00","120","0059","1578","609","251","358","6","615","1409","0","43.65","17.81"
"64","000","00","120","0059","1579","592","269","323","3","595","1361","0","43.72","19.76"
"64","000","00","120","0060","0000","4077","1888","2189","25","4102","9452","0","43.40","19.97"
"64","000","00","120","0060","1580","813","407","406","5","818","1790","0","45.70","22.74"
"64","000","00","120","0060","1581","718","312","406","6","724","1681","0","43.07","18.56"
"64","000","00","120","0060","1582","633","306","327","3","636","1565","0","40.64","19.55"
"64","000","00","120","0060","1583","657","285","372","2","659","1445","0","45.61","19.72"
"64","000","00","120","0060","1584","589","282","307","5","594","1353","0","43.90","20.84"
"64","000","00","120","0060","1585","667","296","371","4","671","1618","0","41.47","18.29"
"64","000","00","120","0061","0000","811","519","292","8","819","2046","0","40.03","25.37"
"64","000","00","120","0061","1637","339","179","160","4","343","804","0","42.66","22.26"
"64","000","00","120","0061","1638","472","340","132","4","476","1242","0","38.33","27.38"
"64","000","00","120","0062","0000","1068","589","479","12","1080","2686","0","40.21","21.93"
"64","000","00","120","0062","1639","582","344","238","8","590","1490","0","39.60","23.09"
"64","000","00","120","0062","1640","486","245","241","4","490","1196","0","40.97","20.48"
"64","000","00","120","0063","0000","1179","572","607","7","1186","2531","0","46.86","22.60"
"64","000","00","120","0063","1662","603","280","323","5","608","1330","0","45.71","21.05"
"64","000","00","120","0063","1663","576","292","284","2","578","1201","0","48.13","24.31"
"64","000","00","120","0064","0000","1011","401","610","7","1018","2292","0","44.42","17.50"
"64","000","00","120","0064","1664","509","189","320","3","512","1098","0","46.63","17.21"
"64","000","00","120","0064","1665","502","212","290","4","506","1194","0","42.38","17.76"
"64","000","00","120","0065","0000","1672","689","983","11","1683","3737","0","45.04","18.44"
"64","000","00","120","0065","1684","441","156","285","4","445","1085","0","41.01","14.38"
"64","000","00","120","0065","1685","524","202","322","3","527","1162","0","45.35","17.38"
"64","000","00","120","0065","1686","707","331","376","4","711","1490","0","47.72","22.21"
"64","000","00","120","0066","0000","1041","352","689","12","1053","2353","0","44.75","14.96"
"64","000","00","120","0066","1672","576","193","383","6","582","1271","0","45.79","15.18"
"64","000","00","120","0066","1673","465","159","306","6","471","1082","0","43.53","14.70"
"64","000","00","120","0067","0000","1812","752","1060","9","1821","4273","0","42.62","17.60"
"64","000","00","120","0067","1677","540","214","326","2","542","1334","0","40.63","16.04"
"64","000","00","120","0067","1678","585","227","358","1","586","1382","0","42.40","16.43"
"64","000","00","120","0067","1679","687","311","376","6","693","1557","0","44.51","19.97"
"64","000","00","120","0068","0000","1639","750","889","9","1648","4006","0","41.14","18.72"
"64","000","00","120","0068","1674","581","244","337","3","584","1449","0","40.30","16.84"
"64","000","00","120","0068","1675","556","278","278","2","558","1329","0","41.99","20.92"
"64","000","00","120","0068","1676","502","228","274","4","506","1228","0","41.21","18.57"
"64","000","00","120","0069","0000","1062","462","600","10","1072","2454","0","43.68","18.83"
"64","000","00","120","0069","1698","523","239","284","3","526","1174","0","44.80","20.36"
"64","000","00","120","0069","1699","539","223","316","7","546","1280","0","42.66","17.42"
"64","000","00","120","0070","0000","1739","749","990","14","1753","4441","0","39.47","16.87"
"64","000","00","120","0070","1700","552","255","297","5","557","1447","0","38.49","17.62"
"64","000","00","120","0070","1701","605","253","352","5","610","1411","0","43.23","17.93"
"64","000","00","120","0070","1702","582","241","341","4","586","1583","0","37.02","15.22"
"64","000","00","120","0071","0000","1828","656","1172","20","1848","4469","0","41.35","14.68"
"64","000","00","120","0071","1695","634","258","376","11","645","1487","0","43.38","17.35"
"64","000","00","120","0071","1696","602","196","406","3","605","1543","0","39.21","12.70"
"64","000","00","120","0071","1697","592","202","390","6","598","1439","0","41.56","14.04"
"64","000","00","120","0072","0000","1916","681","1235","16","1932","4472","0","43.20","15.23"
"64","000","00","120","0072","1724","637","193","444","4","641","1452","0","44.15","13.29"
"64","000","00","120","0072","1725","616","237","379","3","619","1425","0","43.44","16.63"
"64","000","00","120","0072","1726","663","251","412","9","672","1595","0","42.13","15.74"
"64","000","00","120","0073","0000","1131","364","767","7","1138","2740","0","41.53","13.28"
"64","000","00","120","0073","1727","570","194","376","3","573","1336","0","42.89","14.52"
"64","000","00","120","0073","1728","561","170","391","4","565","1404","0","40.24","12.11"
"64","000","00","120","0074","0000","984","385","599","8","992","2367","0","41.91","16.27"
"64","000","00","120","0074","1739","456","154","302","5","461","1058","0","43.57","14.56"
"64","000","00","120","0074","1740","528","231","297","3","531","1309","0","40.57","17.65"
"64","000","00","120","0075","0000","2064","771","1293","13","2077","5524","0","37.60","13.96"
"64","000","00","120","0075","1735","457","188","269","2","459","1280","0","35.86","14.69"
"64","000","00","120","0075","1736","482","194","288","4","486","1368","0","35.53","14.18"
"64","000","00","120","0075","1737","564","182","382","2","566","1454","0","38.93","12.52"
"64","000","00","120","0075","1738","561","207","354","5","566","1422","0","39.80","14.56"
"64","000","00","120","0076","0000","1102","403","699","9","1111","2597","0","42.78","15.52"
"64","000","00","120","0076","1741","583","200","383","7","590","1373","0","42.97","14.57"
"64","000","00","120","0076","1742","519","203","316","2","521","1224","0","42.57","16.58"
"64","000","00","120","0077","0000","1092","328","764","7","1099","2652","0","41.44","12.37"
"64","000","00","120","0077","1762","543","135","408","7","550","1314","0","41.86","10.27"
"64","000","00","120","0077","1763","549","193","356","0","549","1338","0","41.03","14.42"
"64","000","00","120","0078","0000","2639","970","1669","20","2659","6389","0","41.62","15.18"
"64","000","00","120","0078","1716","571","205","366","6","577","1337","0","43.16","15.33"
"64","000","00","120","0078","1717","588","225","363","4","592","1334","0","44.38","16.87"
"64","000","00","120","0078","1718","523","188","335","4","527","1298","0","40.60","14.48"
"64","000","00","120","0078","1719","506","185","321","3","509","1176","0","43.28","15.73"
"64","000","00","120","0078","1720","451","167","284","3","454","1244","0","36.50","13.42"
"64","000","00","130","0000","0000","22959","7086","15873","253","23212","59161","69161","39.24","11.98"
"64","000","00","130","0001","0000","1022","313","709","5","1027","2799","0","36.69","11.18"
"64","000","00","130","0001","0947","505","171","334","3","508","1213","0","41.88","14.10"
"64","000","00","130","0001","0948","517","142","375","2","519","1586","0","32.72","8.95"
"64","000","00","130","0002","0000","1244","416","828","17","1261","3070","0","41.07","13.55"
"64","000","00","130","0002","0949","420","145","275","6","426","1074","0","39.66","13.50"
"64","000","00","130","0002","0950","374","124","250","4","378","981","0","38.53","12.64"
"64","000","00","130","0002","0951","450","147","303","7","457","1015","0","45.02","14.48"
"64","000","00","130","0003","0000","1537","470","1067","16","1553","4129","0","37.61","11.38"
"64","000","00","130","0003","0952","541","156","385","5","546","1369","0","39.88","11.40"
"64","000","00","130","0003","0953","479","150","329","7","486","1244","0","39.07","12.06"
"64","000","00","130","0003","0954","517","164","353","4","521","1516","0","34.37","10.82"
"64","000","00","130","0004","0000","1062","396","666","16","1078","2749","0","39.21","14.41"
"64","000","00","130","0004","0955","588","209","379","7","595","1414","0","42.08","14.78"
"64","000","00","130","0004","0956","474","187","287","9","483","1335","0","36.18","14.01"
"64","000","00","130","0005","0000","1239","480","759","15","1254","2981","0","42.07","16.10"
"64","000","00","130","0005","0957","601","180","421","8","609","1479","0","41.18","12.17"
"64","000","00","130","0005","0958","638","300","338","7","645","1502","0","42.94","19.97"
"64","000","00","130","0006","0000","982","322","660","19","1001","2474","0","40.46","13.02"
"64","000","00","130","0006","0959","474","161","313","9","483","1230","0","39.27","13.09"
"64","000","00","130","0006","0960","508","161","347","10","518","1244","0","41.64","12.94"
"64","000","00","130","0007","0000","1773","533","1240","18","1791","4546","0","39.40","11.72"
"64","000","00","130","0007","0961","438","127","311","3","441","1118","0","39.45","11.36"
"64","000","00","130","0007","0962","517","150","367","3","520","1357","0","38.32","11.05"
"64","000","00","130","0007","0963","370","117","253","4","374","909","0","41.14","12.87"
"64","000","00","130","0007","0964","448","139","309","8","456","1162","0","39.24","11.96"
"64","000","00","130","0008","0000","751","201","550","11","762","1795","0","42.45","11.20"
"64","000","00","130","0008","0965","375","105","270","4","379","939","0","40.36","11.18"
"64","000","00","130","0008","0966","376","96","280","7","383","856","0","44.74","11.21"
"64","000","00","130","0009","0000","1302","322","980","16","1318","3401","0","38.75","9.47"
"64","000","00","130","0009","0967","395","94","301","2","397","1083","0","36.66","8.68"
"64","000","00","130","0009","0968","426","107","319","9","435","1067","0","40.77","10.03"
"64","000","00","130","0009","0969","481","121","360","5","486","1251","0","38.85","9.67"
"64","000","00","130","0010","0000","705","165","540","8","713","1671","0","42.67","9.87"
"64","000","00","130","0010","0970","705","165","540","8","713","1671","0","42.67","9.87"
"64","000","00","130","0011","0000","527","178","349","3","530","1576","0","33.63","11.29"
"64","000","00","130","0011","0971","197","101","96","3","200","581","0","34.42","17.38"
"64","000","00","130","0011","0972","330","77","253","0","330","995","0","33.17","7.74"
"64","000","00","130","0012","0000","718","317","401","5","723","1960","0","36.89","16.17"
"64","000","00","130","0012","0973","417","155","262","3","420","981","0","42.81","15.80"
"64","000","00","130","0012","0974","301","162","139","2","303","979","0","30.95","16.55"
"64","000","00","130","0013","0000","1613","554","1059","16","1629","4087","0","39.86","13.56"
"64","000","00","130","0013","0975","623","218","405","5","628","1603","0","39.18","13.60"
"64","000","00","130","0013","0976","507","171","336","7","514","1294","0","39.72","13.21"
"64","000","00","130","0013","0977","483","165","318","4","487","1190","0","40.92","13.87"
"64","000","00","130","0014","0000","479","159","320","3","482","1274","0","37.83","12.48"
"64","000","00","130","0014","0978","479","159","320","3","482","1274","0","37.83","12.48"
"64","000","00","130","0015","0000","850","241","609","9","859","1939","0","44.30","12.43"
"64","000","00","130","0015","0979","451","131","320","3","454","1055","0","43.03","12.42"
"64","000","00","130","0015","0980","399","110","289","6","405","884","0","45.81","12.44"
"64","000","00","130","0016","0000","710","164","546","12","722","1726","0","41.83","9.50"
"64","000","00","130","0016","0981","352","62","290","6","358","820","0","43.66","7.56"
"64","000","00","130","0016","0982","358","102","256","6","364","906","0","40.18","11.26"
"64","000","00","130","0017","0000","692","148","544","9","701","1767","0","39.67","8.38"
"64","000","00","130","0017","0983","379","72","307","4","383","998","0","38.38","7.21"
"64","000","00","130","0017","0984","313","76","237","5","318","769","0","41.35","9.88"
"64","000","00","130","0018","0000","318","87","231","3","321","883","0","36.35","9.85"
"64","000","00","130","0018","0985","318","87","231","3","321","883","0","36.35","9.85"
"64","000","00","130","0019","0000","263","58","205","1","264","729","0","36.21","7.96"
"64","000","00","130","0019","0986","263","58","205","1","264","729","0","36.21","7.96"
"64","000","00","130","0020","0000","1203","348","855","9","1212","2918","0","41.54","11.93"
"64","000","00","130","0020","0987","661","196","465","3","664","1445","0","45.95","13.56"
"64","000","00","130","0020","0988","542","152","390","6","548","1473","0","37.20","10.32"
"64","000","00","130","0021","0000","1010","394","616","13","1023","2393","0","42.75","16.46"
"64","000","00","130","0021","0989","565","242","323","7","572","1368","0","41.81","17.69"
"64","000","00","130","0021","0990","445","152","293","6","451","1025","0","44.00","14.83"
"64","000","00","130","0022","0000","1339","404","935","11","1350","3366","0","40.11","12.00"
"64","000","00","130","0022","0991","494","138","356","4","498","1180","0","42.20","11.69"
"64","000","00","130","0022","0992","409","117","292","5","414","1113","0","37.20","10.51"
"64","000","00","130","0022","0993","436","149","287","2","438","1073","0","40.82","13.89"
"64","000","00","130","0023","0000","856","265","591","5","861","2660","0","32.37","9.96"
"64","000","00","130","0023","0994","488","172","316","4","492","1359","0","36.20","12.66"
"64","000","00","130","0023","0995","368","93","275","1","369","1301","0","28.36","7.15"
"64","000","00","130","0024","0000","764","151","613","13","777","2268","0","34.26","6.66"
"64","000","00","130","0024","0996","420","77","343","4","424","1134","0","37.39","6.79"
"64","000","00","130","0024","0997","344","74","270","9","353","1134","0","31.13","6.53"
"64","000","00","140","0000","0000","39075","14372","24703","400","39475","97638","112129","40.43","14.72"
"64","000","00","140","0001","0000","588","153","435","9","597","1391","0","42.92","11.00"
"64","000","00","140","0001","0861","291","67","224","4","295","691","0","42.69","9.70"
"64","000","00","140","0001","0862","297","86","211","5","302","700","0","43.14","12.29"
"64","000","00","140","0002","0000","2105","794","1311","15","2120","5790","0","36.61","13.71"
"64","000","00","140","0002","0863","513","173","340","2","515","1246","0","41.33","13.88"
"64","000","00","140","0002","0864","322","117","205","4","326","909","0","35.86","12.87"
"64","000","00","140","0002","0865","284","91","193","4","288","756","0","38.10","12.04"
"64","000","00","140","0002","0866","174","64","110","1","175","425","0","41.18","15.06"
"64","000","00","140","0002","0867","469","184","285","4","473","1233","0","38.36","14.92"
"64","000","00","140","0002","0868","343","165","178","0","343","1221","0","28.09","13.51"
"64","000","00","140","0003","0000","2393","748","1645","33","2426","6676","0","36.34","11.20"
"64","000","00","140","0003","0869","447","145","302","6","453","1302","0","34.79","11.14"
"64","000","00","140","0003","0870","498","173","325","7","505","1389","0","36.36","12.46"
"64","000","00","140","0003","0871","538","185","353","9","547","1469","0","37.24","12.59"
"64","000","00","140","0003","0872","482","116","366","7","489","1399","0","34.95","8.29"
"64","000","00","140","0003","0873","428","129","299","4","432","1117","0","38.68","11.55"
"64","000","00","140","0004","0000","983","265","718","9","992","2414","0","41.09","10.98"
"64","000","00","140","0004","0874","480","138","342","5","485","1208","0","40.15","11.42"
"64","000","00","140","0004","0875","503","127","376","4","507","1206","0","42.04","10.53"
"64","000","00","140","0005","0000","1873","616","1257","17","1890","4615","0","40.95","13.35"
"64","000","00","140","0005","0876","562","184","378","3","565","1362","0","41.48","13.51"
"64","000","00","140","0005","0877","479","171","308","3","482","1196","0","40.30","14.30"
"64","000","00","140","0005","0878","432","162","270","4","436","1075","0","40.56","15.07"
"64","000","00","140","0005","0879","400","99","301","7","407","982","0","41.45","10.08"
"64","000","00","140","0006","0000","1976","565","1411","12","1988","4639","0","42.85","12.18"
"64","000","00","140","0006","0880","557","166","391","4","561","1307","0","42.92","12.70"
"64","000","00","140","0006","0881","753","222","531","5","758","1733","0","43.74","12.81"
"64","000","00","140","0006","0882","666","177","489","3","669","1599","0","41.84","11.07"
"64","000","00","140","0007","0000","1751","442","1309","17","1768","3885","0","45.51","11.38"
"64","000","00","140","0007","0883","570","151","419","7","577","1235","0","46.72","12.23"
"64","000","00","140","0007","0884","609","151","458","3","612","1382","0","44.28","10.93"
"64","000","00","140","0007","0885","572","140","432","7","579","1268","0","45.66","11.04"
"64","000","00","140","0008","0000","1080","435","645","17","1097","2318","0","47.33","18.77"
"64","000","00","140","0008","0886","592","269","323","10","602","1286","0","46.81","20.92"
"64","000","00","140","0008","0887","488","166","322","7","495","1032","0","47.97","16.09"
"64","000","00","140","0009","0000","4178","1462","2716","41","4219","10756","0","39.22","13.59"
"64","000","00","140","0009","0888","567","180","387","4","571","1357","0","42.08","13.26"
"64","000","00","140","0009","0889","482","188","294","6","488","1287","0","37.92","14.61"
"64","000","00","140","0009","0890","449","161","288","8","457","1283","0","35.62","12.55"
"64","000","00","140","0009","0891","542","186","356","4","546","1421","0","38.42","13.09"
"64","000","00","140","0009","0892","566","215","351","5","571","1381","0","41.35","15.57"
"64","000","00","140","0009","0893","502","176","326","5","507","1283","0","39.52","13.72"
"64","000","00","140","0009","0894","543","212","331","5","548","1365","0","40.15","15.53"
"64","000","00","140","0009","0895","527","144","383","4","531","1379","0","38.51","10.44"
"64","000","00","140","0010","0000","3092","1246","1846","20","3112","7626","0","40.81","16.34"
"64","000","00","140","0010","0896","524","200","324","3","527","1238","0","42.57","16.16"
"64","000","00","140","0010","0897","336","140","196","1","337","910","0","37.03","15.38"
"64","000","00","140","0010","0898","468","190","278","5","473","1127","0","41.97","16.86"
"64","000","00","140","0010","0899","317","124","193","2","319","719","0","44.37","17.25"
"64","000","00","140","0010","0900","368","171","197","2","370","963","0","38.42","17.76"
"64","000","00","140","0010","0901","552","224","328","4","556","1349","0","41.22","16.60"
"64","000","00","140","0010","0902","527","197","330","3","530","1320","0","40.15","14.92"
"64","000","00","140","0011","0000","750","219","531","10","760","1803","0","42.15","12.15"
"64","000","00","140","0011","0903","454","139","315","7","461","1045","0","44.11","13.30"
"64","000","00","140","0011","0904","296","80","216","3","299","758","0","39.45","10.55"
"64","000","00","140","0012","0000","594","170","424","5","599","1666","0","35.95","10.20"
"64","000","00","140","0012","0905","319","112","207","1","320","928","0","34.48","12.07"
"64","000","00","140","0012","0906","275","58","217","4","279","738","0","37.80","7.86"
"64","000","00","140","0013","0000","992","323","669","11","1003","2472","0","40.57","13.07"
"64","000","00","140","0013","0907","470","151","319","5","475","1200","0","39.58","12.58"
"64","000","00","140","0013","0908","522","172","350","6","528","1272","0","41.51","13.52"
"64","000","00","140","0014","0000","1182","308","874","15","1197","2917","0","41.04","10.56"
"64","000","00","140","0014","0909","400","102","298","3","403","988","0","40.79","10.32"
"64","000","00","140","0014","0910","342","78","264","3","345","934","0","36.94","8.35"
"64","000","00","140","0014","0911","440","128","312","9","449","995","0","45.13","12.86"
"64","000","00","140","0015","0000","591","198","393","4","595","1538","0","38.69","12.87"
"64","000","00","140","0015","0912","325","106","219","2","327","826","0","39.59","12.83"
"64","000","00","140","0015","0913","266","92","174","2","268","712","0","37.64","12.92"
"64","000","00","140","0016","0000","2335","977","1358","27","2362","6229","0","37.92","15.68"
"64","000","00","140","0016","0914","432","146","286","3","435","1152","0","37.76","12.67"
"64","000","00","140","0016","0915","501","186","315","4","505","1212","0","41.67","15.35"
"64","000","00","140","0016","0916","463","201","262","7","470","1130","0","41.59","17.79"
"64","000","00","140","0016","0917","368","169","199","2","370","1338","0","27.65","12.63"
"64","000","00","140","0016","0918","571","275","296","11","582","1397","0","41.66","19.69"
"64","000","00","140","0017","0000","2967","1447","1520","27","2994","7455","0","40.16","19.41"
"64","000","00","140","0017","0919","445","131","314","1","446","1061","0","42.04","12.35"
"64","000","00","140","0017","0920","436","198","238","4","440","1236","0","35.60","16.02"
"64","000","00","140","0017","0921","510","283","227","1","511","1159","0","44.09","24.42"
"64","000","00","140","0017","0922","521","288","233","7","528","1271","0","41.54","22.66"
"64","000","00","140","0017","0923","557","279","278","5","562","1518","0","37.02","18.38"
"64","000","00","140","0017","0924","498","268","230","9","507","1210","0","41.90","22.15"
"64","000","00","140","0018","0000","243","152","91","5","248","541","0","45.84","28.10"
"64","000","00","140","0018","0925","243","152","91","5","248","541","0","45.84","28.10"
"64","000","00","140","0019","0000","2768","1013","1755","21","2789","6812","0","40.94","14.87"
"64","000","00","140","0019","0926","377","152","225","6","383","1050","0","36.48","14.48"
"64","000","00","140","0019","0927","529","206","323","2","531","1241","0","42.79","16.60"
"64","000","00","140","0019","0928","449","184","265","6","455","1038","0","43.83","17.73"
"64","000","00","140","0019","0929","500","149","351","1","501","1219","0","41.10","12.22"
"64","000","00","140","0019","0930","458","171","287","1","459","1097","0","41.84","15.59"
"64","000","00","140","0019","0931","455","151","304","5","460","1167","0","39.42","12.94"
"64","000","00","140","0020","0000","953","292","661","14","967","2201","0","43.93","13.27"
"64","000","00","140","0020","0932","428","124","304","9","437","972","0","44.96","12.76"
"64","000","00","140","0020","0933","525","168","357","5","530","1229","0","43.12","13.67"
"64","000","00","140","0021","0000","675","221","454","7","682","1545","0","44.14","14.30"
"64","000","00","140","0021","0934","304","93","211","4","308","713","0","43.20","13.04"
"64","000","00","140","0021","0935","371","128","243","3","374","832","0","44.95","15.38"
"64","000","00","140","0022","0000","811","249","562","10","821","1851","0","44.35","13.45"
"64","000","00","140","0022","0936","417","126","291","3","420","930","0","45.16","13.55"
"64","000","00","140","0022","0937","394","123","271","7","401","921","0","43.54","13.36"
"64","000","00","140","0023","0000","1398","399","999","14","1412","3723","0","37.93","10.72"
"64","000","00","140","0023","0938","491","140","351","4","495","1272","0","38.92","11.01"
"64","000","00","140","0023","0939","441","111","330","6","447","1164","0","38.40","9.54"
"64","000","00","140","0023","0940","466","148","318","4","470","1287","0","36.52","11.50"
"64","000","00","140","0024","0000","42","28","14","4","46","111","0","41.44","25.23"
"64","000","00","140","0024","0941","42","28","14","4","46","111","0","41.44","25.23"
"64","000","00","140","0025","0000","2755","1650","1105","36","2791","6664","0","41.88","24.76"
"64","000","00","140","0025","0942","577","399","178","9","586","1392","0","42.10","28.66"
"64","000","00","140","0025","0943","617","359","258","4","621","1376","0","45.13","26.09"
"64","000","00","140","0025","0944","514","301","213","9","523","1327","0","39.41","22.68"
"64","000","00","140","0025","0945","545","286","259","8","553","1299","0","42.57","22.02"
"64","000","00","140","0025","0946","502","305","197","6","508","1270","0","40.00","24.02"
"64","000","00","150","0000","0000","14959","4784","10175","152","15111","36462","41549","41.44","13.12"
"64","000","00","150","0001","0000","1121","419","702","5","1126","2680","0","42.01","15.63"
"64","000","00","150","0001","0198","545","178","367","3","548","1328","0","41.27","13.40"
"64","000","00","150","0001","0199","576","241","335","2","578","1352","0","42.75","17.83"
"64","000","00","150","0002","0000","1908","755","1153","18","1926","5186","0","37.14","14.56"
"64","000","00","150","0002","0200","436","172","264","0","436","1273","0","34.25","13.51"
"64","000","00","150","0002","0201","413","157","256","8","421","1228","0","34.28","12.79"
"64","000","00","150","0002","0202","545","206","339","5","550","1351","0","40.71","15.25"
"64","000","00","150","0002","0203","514","220","294","5","519","1334","0","38.91","16.49"
"64","000","00","150","0003","0000","1731","691","1040","22","1753","4079","0","42.98","16.94"
"64","000","00","150","0003","0204","587","263","324","4","591","1411","0","41.89","18.64"
"64","000","00","150","0003","0205","577","229","348","8","585","1315","0","44.49","17.41"
"64","000","00","150","0003","0206","567","199","368","10","577","1353","0","42.65","14.71"
"64","000","00","150","0004","0000","1021","326","695","15","1036","2313","0","44.79","14.09"
"64","000","00","150","0004","0207","449","116","333","7","456","1076","0","42.38","10.78"
"64","000","00","150","0004","0208","572","210","362","8","580","1237","0","46.89","16.98"
"64","000","00","150","0005","0000","1015","283","732","7","1022","2219","0","46.06","12.75"
"64","000","00","150","0005","0209","483","139","344","5","488","1113","0","43.85","12.49"
"64","000","00","150","0005","0210","532","144","388","2","534","1106","0","48.28","13.02"
"64","000","00","150","0006","0000","1348","417","931","9","1357","3451","0","39.32","12.08"
"64","000","00","150","0006","0211","477","133","344","2","479","1261","0","37.99","10.55"
"64","000","00","150","0006","0212","427","148","279","2","429","1065","0","40.28","13.90"
"64","000","00","150","0006","0213","444","136","308","5","449","1125","0","39.91","12.09"
"64","000","00","150","0007","0000","418","88","330","3","421","1026","0","41.03","8.58"
"64","000","00","150","0007","0214","418","88","330","3","421","1026","0","41.03","8.58"
"64","000","00","150","0008","0000","403","113","290","3","406","994","0","40.85","11.37"
"64","000","00","150","0008","0215","403","113","290","3","406","994","0","40.85","11.37"
"64","000","00","150","0009","0000","437","104","333","3","440","962","0","45.74","10.81"
"64","000","00","150","0009","0216","437","104","333","3","440","962","0","45.74","10.81"
"64","000","00","150","0010","0000","563","172","391","8","571","1434","0","39.82","11.99"
"64","000","00","150","0010","0217","563","172","391","8","571","1434","0","39.82","11.99"
"64","000","00","150","0011","0000","652","148","504","5","657","1505","0","43.65","9.83"
"64","000","00","150","0011","0218","322","75","247","3","325","741","0","43.86","10.12"
"64","000","00","150","0011","0219","330","73","257","2","332","764","0","43.46","9.55"
"64","000","00","150","0012","0000","564","172","392","10","574","1311","0","43.78","13.12"
"64","000","00","150","0012","0220","564","172","392","10","574","1311","0","43.78","13.12"
"64","000","00","150","0013","0000","764","131","633","11","775","1752","0","44.24","7.48"
"64","000","00","150","0013","0221","433","70","363","9","442","879","0","50.28","7.96"
"64","000","00","150","0013","0222","331","61","270","2","333","873","0","38.14","6.99"
"64","000","00","150","0014","0000","995","246","749","15","1010","2492","0","40.53","9.87"
"64","000","00","150","0014","0223","496","127","369","3","499","1262","0","39.54","10.06"
"64","000","00","150","0014","0224","499","119","380","12","511","1230","0","41.54","9.67"
"64","000","00","150","0015","0000","379","150","229","1","380","994","0","38.23","15.09"
"64","000","00","150","0015","0225","379","150","229","1","380","994","0","38.23","15.09"
"64","000","00","150","0016","0000","626","171","455","6","632","1539","0","41.07","11.11"
"64","000","00","150","0016","0226","311","96","215","2","313","792","0","39.52","12.12"
"64","000","00","150","0016","0227","315","75","240","4","319","747","0","42.70","10.04"
"64","000","00","150","0017","0000","750","312","438","9","759","1855","0","40.92","16.82"
"64","000","00","150","0017","0228","423","108","315","4","427","980","0","43.57","11.02"
"64","000","00","150","0017","0229","327","204","123","5","332","875","0","37.94","23.31"
"64","000","00","150","0018","0000","264","86","178","2","266","670","0","39.70","12.84"
"64","000","00","150","0018","0230","264","86","178","2","266","670","0","39.70","12.84"
"64","000","00","160","0000","0000","12602","4165","8437","141","12743","30109","34208","42.32","13.83"
"64","000","00","160","0001","0000","319","121","198","2","321","899","0","35.71","13.46"
"64","000","00","160","0001","0231","319","121","198","2","321","899","0","35.71","13.46"
"64","000","00","160","0002","0000","1410","494","916","20","1430","3267","0","43.77","15.12"
"64","000","00","160","0002","0232","471","131","340","11","482","1026","0","46.98","12.77"
"64","000","00","160","0002","0233","465","200","265","4","469","1115","0","42.06","17.94"
"64","000","00","160","0002","0234","474","163","311","5","479","1126","0","42.54","14.48"
"64","000","00","160","0003","0000","2045","714","1331","17","2062","4936","0","41.77","14.47"
"64","000","00","160","0003","0235","422","142","280","3","425","1034","0","41.10","13.73"
"64","000","00","160","0003","0236","353","106","247","6","359","1005","0","35.72","10.55"
"64","000","00","160","0003","0237","460","139","321","1","461","1041","0","44.28","13.35"
"64","000","00","160","0003","0238","469","182","287","4","473","1030","0","45.92","17.67"
"64","000","00","160","0003","0239","341","145","196","3","344","826","0","41.65","17.55"
"64","000","00","160","0004","0000","694","195","499","5","699","1648","0","42.42","11.83"
"64","000","00","160","0004","0258","301","62","239","3","304","697","0","43.62","8.90"
"64","000","00","160","0004","0259","393","133","260","2","395","951","0","41.54","13.99"
"64","000","00","160","0005","0000","1173","370","803","15","1188","2706","0","43.90","13.67"
"64","000","00","160","0005","0243","430","144","286","6","436","1062","0","41.05","13.56"
"64","000","00","160","0005","0244","377","119","258","5","382","882","0","43.31","13.49"
"64","000","00","160","0005","0245","366","107","259","4","370","762","0","48.56","14.04"
"64","000","00","160","0006","0000","2410","756","1654","27","2437","5416","0","45.00","13.96"
"64","000","00","160","0006","0246","562","170","392","10","572","1111","0","51.49","15.30"
"64","000","00","160","0006","0247","484","157","327","6","490","1158","0","42.31","13.56"
"64","000","00","160","0006","0248","450","131","319","6","456","1079","0","42.26","12.14"
"64","000","00","160","0006","0249","462","163","299","2","464","1034","0","44.87","15.76"
"64","000","00","160","0006","0250","452","135","317","3","455","1034","0","44.00","13.06"
"64","000","00","160","0007","0000","1910","667","1243","19","1929","4948","0","38.99","13.48"
"64","000","00","160","0007","0251","505","164","341","2","507","1270","0","39.92","12.91"
"64","000","00","160","0007","0252","497","183","314","6","503","1270","0","39.61","14.41"
"64","000","00","160","0007","0253","512","179","333","6","518","1248","0","41.51","14.34"
"64","000","00","160","0007","0254","396","141","255","5","401","1160","0","34.57","12.16"
"64","000","00","160","0008","0000","1333","438","895","15","1348","3171","0","42.51","13.81"
"64","000","00","160","0008","0255","497","141","356","7","504","1108","0","45.49","12.73"
"64","000","00","160","0008","0256","445","162","283","4","449","1153","0","38.94","14.05"
"64","000","00","160","0008","0257","391","135","256","4","395","910","0","43.41","14.84"
"64","000","00","160","0009","0000","1308","410","898","21","1329","3118","0","42.62","13.15"
"64","000","00","160","0009","0240","419","147","272","6","425","1053","0","40.36","13.96"
"64","000","00","160","0009","0241","451","147","304","6","457","1048","0","43.61","14.03"
"64","000","00","160","0009","0242","438","116","322","9","447","1017","0","43.95","11.41"
"64","000","00","170","0000","0000","32161","11619","20542","249","32410","78723","92846","41.17","14.76"
"64","000","00","170","0001","0000","1835","647","1188","10","1845","4416","0","41.78","14.65"
"64","000","00","170","0001","0771","654","222","432","2","656","1456","0","45.05","15.25"
"64","000","00","170","0001","0772","626","217","409","6","632","1568","0","40.31","13.84"
"64","000","00","170","0001","0773","555","208","347","2","557","1392","0","40.01","14.94"
"64","000","00","170","0002","0000","3149","1135","2014","23","3172","7950","0","39.90","14.28"
"64","000","00","170","0002","0774","561","186","375","5","566","1398","0","40.49","13.30"
"64","000","00","170","0002","0775","505","160","345","2","507","1202","0","42.18","13.31"
"64","000","00","170","0002","0776","488","144","344","6","494","1203","0","41.06","11.97"
"64","000","00","170","0002","0777","475","171","304","6","481","1330","0","36.17","12.86"
"64","000","00","170","0002","0778","529","210","319","1","530","1316","0","40.27","15.96"
"64","000","00","170","0002","0779","591","264","327","3","594","1501","0","39.57","17.59"
"64","000","00","170","0003","0000","1216","466","750","8","1224","2625","0","46.63","17.75"
"64","000","00","170","0003","0780","588","209","379","3","591","1319","0","44.81","15.85"
"64","000","00","170","0003","0781","628","257","371","5","633","1306","0","48.47","19.68"
"64","000","00","170","0004","0000","1368","491","877","13","1381","3764","0","36.69","13.04"
"64","000","00","170","0004","0782","449","175","274","6","455","1194","0","38.11","14.66"
"64","000","00","170","0004","0783","371","112","259","5","376","1182","0","31.81","9.48"
"64","000","00","170","0004","0784","548","204","344","2","550","1388","0","39.63","14.70"
"64","000","00","170","0005","0000","324","108","216","8","332","849","0","39.10","12.72"
"64","000","00","170","0005","0785","324","108","216","8","332","849","0","39.10","12.72"
"64","000","00","170","0006","0000","2035","654","1381","20","2055","5452","0","37.69","12.00"
"64","000","00","170","0006","0786","562","181","381","6","568","1372","0","41.40","13.19"
"64","000","00","170","0006","0787","397","153","244","0","397","1387","0","28.62","11.03"
"64","000","00","170","0006","0788","582","153","429","7","589","1364","0","43.18","11.22"
"64","000","00","170","0006","0789","494","167","327","7","501","1329","0","37.70","12.57"
"64","000","00","170","0007","0000","3767","1303","2464","26","3793","9055","0","41.89","14.39"
"64","000","00","170","0007","0790","695","202","493","6","701","1596","0","43.92","12.66"
"64","000","00","170","0007","0791","648","247","401","2","650","1609","0","40.40","15.35"
"64","000","00","170","0007","0792","601","183","418","4","605","1455","0","41.58","12.58"
"64","000","00","170","0007","0793","626","262","364","6","632","1501","0","42.11","17.46"
"64","000","00","170","0007","0794","608","223","385","6","614","1392","0","44.11","16.02"
"64","000","00","170","0007","0795","589","186","403","2","591","1502","0","39.35","12.38"
"64","000","00","170","0008","0000","1012","214","798","13","1025","2172","0","47.19","9.85"
"64","000","00","170","0008","0796","508","101","407","4","512","1031","0","49.66","9.80"
"64","000","00","170","0008","0797","504","113","391","9","513","1141","0","44.96","9.90"
"64","000","00","170","0009","0000","7045","2777","4268","47","7092","17709","0","40.05","15.68"
"64","000","00","170","0009","0798","576","183","393","2","578","1358","0","42.56","13.48"
"64","000","00","170","0009","0799","658","250","408","5","663","1495","0","44.35","16.72"
"64","000","00","170","0009","0800","612","267","345","3","615","1460","0","42.12","18.29"
"64","000","00","170","0009","0801","610","226","384","1","611","1445","0","42.28","15.64"
"64","000","00","170","0009","0802","506","192","314","5","511","1315","0","38.86","14.60"
"64","000","00","170","0009","0803","555","213","342","5","560","1455","0","38.49","14.64"
"64","000","00","170","0009","0804","510","217","293","0","510","1417","0","35.99","15.31"
"64","000","00","170","0009","0805","580","245","335","6","586","1421","0","41.24","17.24"
"64","000","00","170","0009","0806","563","218","345","4","567","1392","0","40.73","15.66"
"64","000","00","170","0009","0807","600","290","310","2","602","1418","0","42.45","20.45"
"64","000","00","170","0009","0808","560","184","376","8","568","1415","0","40.14","13.00"
"64","000","00","170","0009","0809","715","292","423","6","721","2118","0","34.04","13.79"
"64","000","00","170","0010","0000","1087","395","692","14","1101","2610","0","42.18","15.13"
"64","000","00","170","0010","0810","574","193","381","7","581","1363","0","42.63","14.16"
"64","000","00","170","0010","0811","513","202","311","7","520","1247","0","41.70","16.20"
"64","000","00","170","0011","0000","1065","275","790","8","1073","2542","0","42.21","10.82"
"64","000","00","170","0011","0812","538","136","402","3","541","1237","0","43.73","10.99"
"64","000","00","170","0011","0813","527","139","388","5","532","1305","0","40.77","10.65"
"64","000","00","170","0012","0000","646","257","389","4","650","1606","0","40.47","16.00"
"64","000","00","170","0012","0814","646","257","389","4","650","1606","0","40.47","16.00"
"64","000","00","170","0013","0000","1999","736","1263","11","2010","5171","0","38.87","14.23"
"64","000","00","170","0013","0815","457","150","307","4","461","1249","0","36.91","12.01"
"64","000","00","170","0013","0816","495","168","327","0","495","1234","0","40.11","13.61"
"64","000","00","170","0013","0817","499","230","269","2","501","1327","0","37.75","17.33"
"64","000","00","170","0013","0818","548","188","360","5","553","1361","0","40.63","13.81"
"64","000","00","170","0014","0000","1695","651","1044","17","1712","3838","0","44.61","16.96"
"64","000","00","170","0014","0819","572","219","353","9","581","1268","0","45.82","17.27"
"64","000","00","170","0014","0820","544","214","330","5","549","1277","0","42.99","16.76"
"64","000","00","170","0014","0821","579","218","361","3","582","1293","0","45.01","16.86"
"64","000","00","170","0015","0000","2856","1098","1758","16","2872","6762","0","42.47","16.24"
"64","000","00","170","0015","0822","600","218","382","6","606","1390","0","43.60","15.68"
"64","000","00","170","0015","0823","561","205","356","4","565","1341","0","42.13","15.29"
"64","000","00","170","0015","0824","557","236","321","2","559","1330","0","42.03","17.74"
"64","000","00","170","0015","0825","556","234","322","2","558","1318","0","42.34","17.75"
"64","000","00","170","0015","0826","582","205","377","2","584","1383","0","42.23","14.82"
"64","000","00","170","0016","0000","1062","412","650","11","1073","2202","0","48.73","18.71"
"64","000","00","170","0016","0827","518","207","311","7","525","1077","0","48.75","19.22"
"64","000","00","170","0016","0828","544","205","339","4","548","1125","0","48.71","18.22"
"64","000","00","180","0000","0000","18004","6890","11114","111","18115","39800","44727","45.52","17.31"
"64","000","00","180","0001","0000","4428","1742","2686","30","4458","10418","0","42.79","16.72"
"64","000","00","180","0001","0829","533","208","325","2","535","1207","0","44.32","17.23"
"64","000","00","180","0001","0830","590","241","349","1","591","1254","0","47.13","19.22"
"64","000","00","180","0001","0831","548","209","339","3","551","1301","0","42.35","16.06"
"64","000","00","180","0001","0832","620","250","370","5","625","1342","0","46.57","18.63"
"64","000","00","180","0001","0833","538","228","310","4","542","1420","0","38.17","16.06"
"64","000","00","180","0001","0834","532","246","286","5","537","1295","0","41.47","19.00"
"64","000","00","180","0001","0835","523","197","326","5","528","1283","0","41.15","15.35"
"64","000","00","180","0001","0836","544","163","381","5","549","1316","0","41.72","12.39"
"64","000","00","180","0002","0000","2314","955","1359","9","2323","4917","0","47.24","19.42"
"64","000","00","180","0002","0837","684","285","399","3","687","1419","0","48.41","20.08"
"64","000","00","180","0002","0838","580","190","390","2","582","1159","0","50.22","16.39"
"64","000","00","180","0002","0839","466","214","252","2","468","1101","0","42.51","19.44"
"64","000","00","180","0002","0840","584","266","318","2","586","1238","0","47.33","21.49"
"64","000","00","180","0003","0000","4813","2084","2729","25","4838","9866","0","49.04","21.12"
"64","000","00","180","0003","0841","653","230","423","4","657","1243","0","52.86","18.50"
"64","000","00","180","0003","0842","645","303","342","1","646","1337","0","48.32","22.66"
"64","000","00","180","0003","0843","617","257","360","4","621","1285","0","48.33","20.00"
"64","000","00","180","0003","0844","554","247","307","0","554","1156","0","47.92","21.37"
"64","000","00","180","0003","0845","482","238","244","5","487","1070","0","45.51","22.24"
"64","000","00","180","0003","0846","666","293","373","1","667","1319","0","50.57","22.21"
"64","000","00","180","0003","0847","617","227","390","6","623","1207","0","51.62","18.81"
"64","000","00","180","0003","0848","579","289","290","4","583","1249","0","46.68","23.14"
"64","000","00","180","0004","0000","1632","542","1090","11","1643","3551","0","46.27","15.26"
"64","000","00","180","0004","0849","558","189","369","2","560","1211","0","46.24","15.61"
"64","000","00","180","0004","0850","556","206","350","6","562","1213","0","46.33","16.98"
"64","000","00","180","0004","0851","518","147","371","3","521","1127","0","46.23","13.04"
"64","000","00","180","0005","0000","2752","843","1909","21","2773","6496","0","42.69","12.98"
"64","000","00","180","0005","0852","565","134","431","3","568","1245","0","45.62","10.76"
"64","000","00","180","0005","0853","673","210","463","4","677","1502","0","45.07","13.98"
"64","000","00","180","0005","0854","531","166","365","5","536","1387","0","38.64","11.97"
"64","000","00","180","0005","0855","539","186","353","4","543","1313","0","41.36","14.17"
"64","000","00","180","0005","0856","444","147","297","5","449","1049","0","42.80","14.01"
"64","000","00","180","0006","0000","335","99","236","2","337","678","0","49.71","14.60"
"64","000","00","180","0006","0857","335","99","236","2","337","678","0","49.71","14.60"
"64","000","00","180","0007","0000","1730","625","1105","13","1743","3874","0","44.99","16.13"
"64","000","00","180","0007","0858","592","195","397","7","599","1345","0","44.54","14.50"
"64","000","00","180","0007","0859","528","207","321","2","530","1248","0","42.47","16.59"
"64","000","00","180","0007","0860","610","223","387","4","614","1281","0","47.93","17.41"
"64","000","00","190","0000","0000","34577","14579","19998","306","34883","81201","96433","42.96","17.95"
"64","000","00","190","0001","0000","473","197","276","3","476","1073","0","44.36","18.36"
"64","000","00","190","0001","0375","473","197","276","3","476","1073","0","44.36","18.36"
"64","000","00","190","0002","0000","1670","652","1018","12","1682","4363","0","38.55","14.94"
"64","000","00","190","0002","0368","555","260","295","8","563","1338","0","42.08","19.43"
"64","000","00","190","0002","0369","359","108","251","0","359","1084","0","33.12","9.96"
"64","000","00","190","0002","0370","385","160","225","3","388","1056","0","36.74","15.15"
"64","000","00","190","0002","0371","371","124","247","1","372","885","0","42.03","14.01"
"64","000","00","190","0003","0000","1436","643","793","12","1448","3149","0","45.98","20.42"
"64","000","00","190","0003","0372","414","168","246","2","416","893","0","46.58","18.81"
"64","000","00","190","0003","0373","476","205","271","3","479","1063","0","45.06","19.29"
"64","000","00","190","0003","0374","546","270","276","7","553","1193","0","46.35","22.63"
"64","000","00","190","0004","0000","416","152","264","4","420","985","0","42.64","15.43"
"64","000","00","190","0004","0376","416","152","264","4","420","985","0","42.64","15.43"
"64","000","00","190","0005","0000","1694","816","878","16","1710","4134","0","41.36","19.74"
"64","000","00","190","0005","0381","559","210","349","6","565","1346","0","41.98","15.60"
"64","000","00","190","0005","0382","587","262","325","5","592","1369","0","43.24","19.14"
"64","000","00","190","0005","0383","548","344","204","5","553","1419","0","38.97","24.24"
"64","000","00","190","0006","0000","635","162","473","9","644","1366","0","47.14","11.86"
"64","000","00","190","0006","0377","635","162","473","9","644","1366","0","47.14","11.86"
"64","000","00","190","0007","0000","1317","1019","298","20","1337","2810","0","47.58","36.26"
"64","000","00","190","0007","0433","589","467","122","9","598","1316","0","45.44","35.49"
"64","000","00","190","0007","0434","560","474","86","10","570","1163","0","49.01","40.76"
"64","000","00","190","0007","0435","168","78","90","1","169","331","0","51.06","23.56"
"64","000","00","190","0008","0000","152","66","86","2","154","300","0","51.33","22.00"
"64","000","00","190","0008","0440","152","66","86","2","154","300","0","51.33","22.00"
"64","000","00","190","0009","0000","1182","458","724","16","1198","2809","0","42.65","16.30"
"64","000","00","190","0009","0401","562","219","343","7","569","1296","0","43.90","16.90"
"64","000","00","190","0009","0402","620","239","381","9","629","1513","0","41.57","15.80"
"64","000","00","190","0010","0000","709","212","497","5","714","1401","0","50.96","15.13"
"64","000","00","190","0010","0417","709","212","497","5","714","1401","0","50.96","15.13"
"64","000","00","190","0011","0000","1614","686","928","21","1635","3572","0","45.77","19.20"
"64","000","00","190","0011","0412","542","250","292","11","553","1283","0","43.10","19.49"
"64","000","00","190","0011","0413","490","225","265","3","493","1014","0","48.62","22.19"
"64","000","00","190","0011","0414","582","211","371","7","589","1275","0","46.20","16.55"
"64","000","00","190","0012","0000","2226","1041","1185","20","2246","5458","0","41.15","19.07"
"64","000","00","190","0012","0408","517","207","310","8","525","1271","0","41.31","16.29"
"64","000","00","190","0012","0409","598","271","327","8","606","1376","0","44.04","19.69"
"64","000","00","190","0012","0410","582","297","285","1","583","1330","0","43.83","22.33"
"64","000","00","190","0012","0411","529","266","263","3","532","1481","0","35.92","17.96"
"64","000","00","190","0013","0000","659","367","292","2","661","1556","0","42.48","23.59"
"64","000","00","190","0013","0438","358","194","164","1","359","828","0","43.36","23.43"
"64","000","00","190","0013","0439","301","173","128","1","302","728","0","41.48","23.76"
"64","000","00","190","0014","0000","335","86","249","5","340","761","0","44.68","11.30"
"64","000","00","190","0014","0428","335","86","249","5","340","761","0","44.68","11.30"
"64","000","00","190","0015","0000","365","79","286","4","369","867","0","42.56","9.11"
"64","000","00","190","0015","0431","365","79","286","4","369","867","0","42.56","9.11"
"64","000","00","190","0016","0000","1503","618","885","11","1514","3290","0","46.02","18.78"
"64","000","00","190","0016","0405","490","165","325","5","495","1036","0","47.78","15.93"
"64","000","00","190","0016","0406","511","207","304","4","515","1055","0","48.82","19.62"
"64","000","00","190","0016","0407","502","246","256","2","504","1199","0","42.04","20.52"
"64","000","00","190","0017","0000","1543","626","917","10","1553","3822","0","40.63","16.38"
"64","000","00","190","0017","0384","467","188","279","4","471","1258","0","37.44","14.94"
"64","000","00","190","0017","0385","496","199","297","3","499","1199","0","41.62","16.60"
"64","000","00","190","0017","0386","580","239","341","3","583","1365","0","42.71","17.51"
"64","000","00","190","0018","0000","1710","749","961","20","1730","4091","0","42.29","18.31"
"64","000","00","190","0018","0378","539","212","327","6","545","1301","0","41.89","16.30"
"64","000","00","190","0018","0379","595","259","336","7","602","1380","0","43.62","18.77"
"64","000","00","190","0018","0380","576","278","298","7","583","1410","0","41.35","19.72"
"64","000","00","190","0019","0000","2659","1043","1616","13","2672","6810","0","39.24","15.32"
"64","000","00","190","0019","0387","457","201","256","1","458","1257","0","36.44","15.99"
"64","000","00","190","0019","0388","553","188","365","1","554","1310","0","42.29","14.35"
"64","000","00","190","0019","0389","542","225","317","3","545","1341","0","40.64","16.78"
"64","000","00","190","0019","0390","568","220","348","4","572","1421","0","40.25","15.48"
"64","000","00","190","0019","0391","539","209","330","4","543","1481","0","36.66","14.11"
"64","000","00","190","0020","0000","2313","855","1458","12","2325","5811","0","40.01","14.71"
"64","000","00","190","0020","0392","649","231","418","2","651","1569","0","41.49","14.72"
"64","000","00","190","0020","0393","655","249","406","2","657","1647","0","39.89","15.12"
"64","000","00","190","0020","0394","526","207","319","6","532","1423","0","37.39","14.55"
"64","000","00","190","0020","0395","483","168","315","2","485","1172","0","41.38","14.33"
"64","000","00","190","0021","0000","769","278","491","4","773","1862","0","41.51","14.93"
"64","000","00","190","0021","0397","402","151","251","4","406","1000","0","40.60","15.10"
"64","000","00","190","0021","0398","367","127","240","0","367","862","0","42.58","14.73"
"64","000","00","190","0022","0000","781","305","476","7","788","1933","0","40.77","15.78"
"64","000","00","190","0022","0418","384","105","279","4","388","867","0","44.75","12.11"
"64","000","00","190","0022","0419","397","200","197","3","400","1066","0","37.52","18.76"
"64","000","00","190","0023","0000","885","317","568","7","892","1850","0","48.22","17.14"
"64","000","00","190","0023","0420","384","105","279","4","388","845","0","45.92","12.43"
"64","000","00","190","0023","0421","501","212","289","3","504","1005","0","50.15","21.09"
"64","000","00","190","0024","0000","473","183","290","2","475","1048","0","45.32","17.46"
"64","000","00","190","0024","0422","473","183","290","2","475","1048","0","45.32","17.46"
"64","000","00","190","0025","0000","675","224","451","7","682","1683","0","40.52","13.31"
"64","000","00","190","0025","0399","329","111","218","5","334","821","0","40.68","13.52"
"64","000","00","190","0025","0400","346","113","233","2","348","862","0","40.37","13.11"
"64","000","00","190","0026","0000","1394","371","1023","14","1408","3339","0","42.17","11.11"
"64","000","00","190","0026","0423","441","121","320","4","445","1013","0","43.93","11.94"
"64","000","00","190","0026","0424","409","120","289","3","412","996","0","41.37","12.05"
"64","000","00","190","0026","0425","544","130","414","7","551","1330","0","41.43","9.77"
"64","000","00","190","0027","0000","771","266","505","14","785","1747","0","44.93","15.23"
"64","000","00","190","0027","0426","618","221","397","12","630","1442","0","43.69","15.33"
"64","000","00","190","0027","0427","153","45","108","2","155","305","0","50.82","14.75"
"64","000","00","190","0028","0000","747","141","606","9","756","1567","0","48.25","9.00"
"64","000","00","190","0028","0429","338","78","260","6","344","723","0","47.58","10.79"
"64","000","00","190","0028","0430","409","63","346","3","412","844","0","48.82","7.46"
"64","000","00","190","0029","0000","364","133","231","2","366","984","0","37.20","13.52"
"64","000","00","190","0029","0432","364","133","231","2","366","984","0","37.20","13.52"
"64","000","00","190","0030","0000","867","446","421","3","870","2090","0","41.63","21.34"
"64","000","00","190","0030","0415","361","175","186","1","362","875","0","41.37","20.00"
"64","000","00","190","0030","0416","506","271","235","2","508","1215","0","41.81","22.30"
"64","000","00","190","0031","0000","291","92","199","2","293","631","0","46.43","14.58"
"64","000","00","190","0031","0396","291","92","199","2","293","631","0","46.43","14.58"
"64","000","00","190","0032","0000","965","430","535","7","972","2230","0","43.59","19.28"
"64","000","00","190","0032","0403","419","175","244","2","421","954","0","44.13","18.34"
"64","000","00","190","0032","0404","546","255","291","5","551","1276","0","43.18","19.98"
"64","000","00","190","0033","0000","984","866","118","11","995","1809","0","55.00","47.87"
"64","000","00","190","0033","0436","481","429","52","8","489","887","0","55.13","48.37"
"64","000","00","190","0033","0437","503","437","66","3","506","922","0","54.88","47.40"
"64","000","00","200","0000","0000","15822","5046","10776","161","15983","34350","39528","46.53","14.69"
"64","000","00","200","0001","0000","942","345","597","9","951","2052","0","46.35","16.81"
"64","000","00","200","0001","0489","451","151","300","6","457","944","0","48.41","16.00"
"64","000","00","200","0001","0490","491","194","297","3","494","1108","0","44.58","17.51"
"64","000","00","200","0002","0000","541","167","374","5","546","1060","0","51.51","15.75"
"64","000","00","200","0002","0491","541","167","374","5","546","1060","0","51.51","15.75"
"64","000","00","200","0003","0000","1132","358","774","7","1139","2289","0","49.76","15.64"
"64","000","00","200","0003","0492","593","187","406","4","597","1211","0","49.30","15.44"
"64","000","00","200","0003","0493","539","171","368","3","542","1078","0","50.28","15.86"
"64","000","00","200","0004","0000","1249","446","803","13","1262","2597","0","48.59","17.17"
"64","000","00","200","0004","0494","635","230","405","6","641","1338","0","47.91","17.19"
"64","000","00","200","0004","0495","614","216","398","7","621","1259","0","49.32","17.16"
"64","000","00","200","0005","0000","557","169","388","5","562","1196","0","46.99","14.13"
"64","000","00","200","0005","0496","557","169","388","5","562","1196","0","46.99","14.13"
"64","000","00","200","0006","0000","1074","286","788","12","1086","2294","0","47.34","12.47"
"64","000","00","200","0006","0497","478","131","347","7","485","1025","0","47.32","12.78"
"64","000","00","200","0006","0498","596","155","441","5","601","1269","0","47.36","12.21"
"64","000","00","200","0007","0000","650","163","487","5","655","1371","0","47.78","11.89"
"64","000","00","200","0007","0499","335","74","261","2","337","668","0","50.45","11.08"
"64","000","00","200","0007","0500","315","89","226","3","318","703","0","45.23","12.66"
"64","000","00","200","0008","0000","1437","492","945","16","1453","3241","0","44.83","15.18"
"64","000","00","200","0008","0501","531","156","375","4","535","1274","0","41.99","12.24"
"64","000","00","200","0008","0502","552","194","358","5","557","1230","0","45.28","15.77"
"64","000","00","200","0008","0503","354","142","212","7","361","737","0","48.98","19.27"
"64","000","00","200","0009","0000","729","203","526","5","734","1506","0","48.74","13.48"
"64","000","00","200","0009","0504","425","109","316","4","429","918","0","46.73","11.87"
"64","000","00","200","0009","0505","304","94","210","1","305","588","0","51.87","15.99"
"64","000","00","200","0010","0000","1859","707","1152","13","1872","4359","0","42.95","16.22"
"64","000","00","200","0010","0506","410","116","294","1","411","803","0","51.18","14.45"
"64","000","00","200","0010","0507","165","43","122","5","170","334","0","50.90","12.87"
"64","000","00","200","0010","0508","525","214","311","1","526","1367","0","38.48","15.65"
"64","000","00","200","0010","0509","358","156","202","5","363","888","0","40.88","17.57"
"64","000","00","200","0010","0510","401","178","223","1","402","967","0","41.57","18.41"
"64","000","00","200","0011","0000","927","309","618","19","946","2139","0","44.23","14.45"
"64","000","00","200","0011","0511","543","162","381","14","557","1208","0","46.11","13.41"
"64","000","00","200","0011","0512","384","147","237","5","389","931","0","41.78","15.79"
"64","000","00","200","0012","0000","1070","338","732","15","1085","2401","0","45.19","14.08"
"64","000","00","200","0012","0513","521","156","365","10","531","1196","0","44.40","13.04"
"64","000","00","200","0012","0514","549","182","367","5","554","1205","0","45.98","15.10"
"64","000","00","200","0013","0000","593","190","403","4","597","1340","0","44.55","14.18"
"64","000","00","200","0013","0515","593","190","403","4","597","1340","0","44.55","14.18"
"64","000","00","200","0014","0000","282","52","230","3","285","662","0","43.05","7.85"
"64","000","00","200","0014","0516","282","52","230","3","285","662","0","43.05","7.85"
"64","000","00","200","0015","0000","1757","532","1225","22","1779","3625","0","49.08","14.68"
"64","000","00","200","0015","0517","588","174","414","7","595","1212","0","49.09","14.36"
"64","000","00","200","0015","0518","599","172","427","8","607","1234","0","49.19","13.94"
"64","000","00","200","0015","0519","570","186","384","7","577","1179","0","48.94","15.78"
"64","000","00","200","0016","0000","669","208","461","5","674","1442","0","46.74","14.42"
"64","000","00","200","0016","0520","400","127","273","4","404","816","0","49.51","15.56"
"64","000","00","200","0016","0521","269","81","188","1","270","626","0","43.13","12.94"
"64","000","00","200","0017","0000","354","81","273","3","357","776","0","46.01","10.44"
"64","000","00","200","0017","0522","354","81","273","3","357","776","0","46.01","10.44"
"64","000","00","210","0000","0000","10322","3665","6657","128","10450","25855","29312","40.42","14.18"
"64","000","00","210","0001","0000","434","133","301","1","435","1096","0","39.69","12.14"
"64","000","00","210","0001","0173","434","133","301","1","435","1096","0","39.69","12.14"
"64","000","00","210","0002","0000","912","292","620","10","922","2055","0","44.87","14.21"
"64","000","00","210","0002","0174","504","167","337","6","510","1110","0","45.95","15.05"
"64","000","00","210","0002","0175","408","125","283","4","412","945","0","43.60","13.23"
"64","000","00","210","0003","0000","1384","466","918","28","1412","3308","0","42.68","14.09"
"64","000","00","210","0003","0176","454","126","328","6","460","1011","0","45.50","12.46"
"64","000","00","210","0003","0177","423","145","278","2","425","1072","0","39.65","13.53"
"64","000","00","210","0003","0178","409","113","296","6","415","1011","0","41.05","11.18"
"64","000","00","210","0003","0179","98","82","16","14","112","214","0","52.34","38.32"
"64","000","00","210","0004","0000","1141","421","720","17","1158","2690","0","43.05","15.65"
"64","000","00","210","0004","0180","437","176","261","10","447","935","0","47.81","18.82"
"64","000","00","210","0004","0181","271","60","211","1","272","620","0","43.87","9.68"
"64","000","00","210","0004","0182","433","185","248","6","439","1135","0","38.68","16.30"
"64","000","00","210","0005","0000","1049","364","685","10","1059","2471","0","42.86","14.73"
"64","000","00","210","0005","0183","475","139","336","3","478","1097","0","43.57","12.67"
"64","000","00","210","0005","0184","574","225","349","7","581","1374","0","42.29","16.38"
"64","000","00","210","0006","0000","165","80","85","6","171","464","0","36.85","17.24"
"64","000","00","210","0006","0185","165","80","85","6","171","464","0","36.85","17.24"
"64","000","00","210","0007","0000","873","306","567","9","882","2315","0","38.10","13.22"
"64","000","00","210","0007","0186","434","139","295","6","440","1191","0","36.94","11.67"
"64","000","00","210","0007","0187","439","167","272","3","442","1124","0","39.32","14.86"
"64","000","00","210","0008","0000","1498","605","893","15","1513","3871","0","39.09","15.63"
"64","000","00","210","0008","0188","471","165","306","6","477","1131","0","42.18","14.59"
"64","000","00","210","0008","0189","505","221","284","6","511","1389","0","36.79","15.91"
"64","000","00","210","0008","0190","522","219","303","3","525","1351","0","38.86","16.21"
"64","000","00","210","0009","0000","1278","451","827","12","1290","3315","0","38.91","13.60"
"64","000","00","210","0009","0191","412","138","274","5","417","958","0","43.53","14.41"
"64","000","00","210","0009","0192","427","154","273","6","433","1081","0","40.06","14.25"
"64","000","00","210","0009","0193","439","159","280","1","440","1276","0","34.48","12.46"
"64","000","00","210","0010","0000","703","240","463","5","708","1874","0","37.78","12.81"
"64","000","00","210","0010","0194","314","93","221","1","315","763","0","41.28","12.19"
"64","000","00","210","0010","0195","389","147","242","4","393","1111","0","35.37","13.23"
"64","000","00","210","0011","0000","885","307","578","15","900","2396","0","37.56","12.81"
"64","000","00","210","0011","0196","543","183","360","10","553","1371","0","40.34","13.35"
"64","000","00","210","0011","0197","342","124","218","5","347","1025","0","33.85","12.10"
"64","000","00","220","0000","0000","2313","697","1616","44","2357","6357","6860","37.08","10.96"
"64","000","00","220","0001","0000","142","52","90","0","142","347","0","40.92","14.99"
"64","000","00","220","0001","0161","142","52","90","0","142","347","0","40.92","14.99"
"64","000","00","220","0002","0000","363","106","257","11","374","1016","0","36.81","10.43"
"64","000","00","220","0002","0162","215","74","141","4","219","637","0","34.38","11.62"
"64","000","00","220","0002","0163","148","32","116","7","155","379","0","40.90","8.44"
"64","000","00","220","0003","0000","141","29","112","2","143","364","0","39.29","7.97"
"64","000","00","220","0003","0164","141","29","112","2","143","364","0","39.29","7.97"
"64","000","00","220","0004","0000","128","34","94","1","129","364","0","35.44","9.34"
"64","000","00","220","0004","0165","128","34","94","1","129","364","0","35.44","9.34"
"64","000","00","220","0005","0000","224","55","169","3","227","594","0","38.22","9.26"
"64","000","00","220","0005","0166","224","55","169","3","227","594","0","38.22","9.26"
"64","000","00","220","0006","0000","344","140","204","4","348","914","0","38.07","15.32"
"64","000","00","220","0006","0167","344","140","204","4","348","914","0","38.07","15.32"
"64","000","00","220","0007","0000","254","87","167","7","261","777","0","33.59","11.20"
"64","000","00","220","0007","0168","254","87","167","7","261","777","0","33.59","11.20"
"64","000","00","220","0008","0000","109","41","68","3","112","333","0","33.63","12.31"
"64","000","00","220","0008","0169","109","41","68","3","112","333","0","33.63","12.31"
"64","000","00","220","0009","0000","159","41","118","3","162","484","0","33.47","8.47"
"64","000","00","220","0009","0170","159","41","118","3","162","484","0","33.47","8.47"
"64","000","00","220","0010","0000","449","112","337","10","459","1164","0","39.43","9.62"
"64","000","00","220","0010","0171","217","43","174","4","221","574","0","38.50","7.49"
"64","000","00","220","0010","0172","232","69","163","6","238","590","0","40.34","11.69"
"64","000","00","230","0000","0000","9350","2990","6360","109","9459","24309","28170","38.91","12.30"
"64","000","00","230","0001","0000","483","128","355","6","489","1283","0","38.11","9.98"
"64","000","00","230","0001","0137","483","128","355","6","489","1283","0","38.11","9.98"
"64","000","00","230","0002","0000","824","181","643","11","835","1973","0","42.32","9.17"
"64","000","00","230","0002","0138","452","97","355","5","457","1086","0","42.08","8.93"
"64","000","00","230","0002","0139","372","84","288","6","378","887","0","42.62","9.47"
"64","000","00","230","0003","0000","461","118","343","6","467","1209","0","38.63","9.76"
"64","000","00","230","0003","0140","461","118","343","6","467","1209","0","38.63","9.76"
"64","000","00","230","0004","0000","871","351","520","6","877","2122","0","41.33","16.54"
"64","000","00","230","0004","0141","288","125","163","2","290","682","0","42.52","18.33"
"64","000","00","230","0004","0142","344","136","208","1","345","876","0","39.38","15.53"
"64","000","00","230","0004","0143","239","90","149","3","242","564","0","42.91","15.96"
"64","000","00","230","0005","0000","274","103","171","5","279","761","0","36.66","13.53"
"64","000","00","230","0005","0144","274","103","171","5","279","761","0","36.66","13.53"
"64","000","00","230","0006","0000","1790","576","1214","18","1808","4888","0","36.99","11.78"
"64","000","00","230","0006","0145","454","133","321","7","461","1226","0","37.60","10.85"
"64","000","00","230","0006","0146","443","158","285","3","446","1153","0","38.68","13.70"
"64","000","00","230","0006","0147","412","125","287","2","414","1222","0","33.88","10.23"
"64","000","00","230","0006","0148","481","160","321","6","487","1287","0","37.84","12.43"
"64","000","00","230","0007","0000","952","294","658","12","964","2590","0","37.22","11.35"
"64","000","00","230","0007","0149","308","88","220","1","309","893","0","34.60","9.85"
"64","000","00","230","0007","0150","309","90","219","5","314","831","0","37.79","10.83"
"64","000","00","230","0007","0151","335","116","219","6","341","866","0","39.38","13.39"
"64","000","00","230","0008","0000","916","276","640","12","928","2291","0","40.51","12.05"
"64","000","00","230","0008","0152","424","133","291","5","429","1057","0","40.59","12.58"
"64","000","00","230","0008","0153","492","143","349","7","499","1234","0","40.44","11.59"
"64","000","00","230","0009","0000","562","211","351","5","567","1541","0","36.79","13.69"
"64","000","00","230","0009","0154","562","211","351","5","567","1541","0","36.79","13.69"
"64","000","00","230","0010","0000","628","220","408","12","640","1648","0","38.83","13.35"
"64","000","00","230","0010","0155","325","86","239","4","329","852","0","38.62","10.09"
"64","000","00","230","0010","0156","303","134","169","8","311","796","0","39.07","16.83"
"64","000","00","230","0011","0000","456","97","359","10","466","1043","0","44.68","9.30"
"64","000","00","230","0011","0157","456","97","359","10","466","1043","0","44.68","9.30"
"64","000","00","230","0012","0000","1133","435","698","6","1139","2960","0","38.48","14.70"
"64","000","00","230","0012","0158","408","141","267","2","410","1082","0","37.89","13.03"
"64","000","00","230","0012","0159","373","158","215","3","376","1054","0","35.67","14.99"
"64","000","00","230","0012","0160","352","136","216","1","353","824","0","42.84","16.50"
"64","000","00","240","0000","0000","17118","6310","10808","181","17299","43320","51490","39.93","14.57"
"64","000","00","240","0001","0000","1151","431","720","9","1160","3254","0","35.65","13.25"
"64","000","00","240","0001","0311","382","139","243","3","385","1004","0","38.35","13.84"
"64","000","00","240","0001","0312","359","103","256","1","360","1055","0","34.12","9.76"
"64","000","00","240","0001","0313","410","189","221","5","415","1195","0","34.73","15.82"
"64","000","00","240","0002","0000","469","165","304","6","475","1144","0","41.52","14.42"
"64","000","00","240","0002","0314","469","165","304","6","475","1144","0","41.52","14.42"
"64","000","00","240","0003","0000","439","151","288","10","449","1195","0","37.57","12.64"
"64","000","00","240","0003","0315","439","151","288","10","449","1195","0","37.57","12.64"
"64","000","00","240","0004","0000","433","150","283","4","437","1098","0","39.80","13.66"
"64","000","00","240","0004","0316","433","150","283","4","437","1098","0","39.80","13.66"
"64","000","00","240","0005","0000","568","190","378","6","574","1220","0","47.05","15.57"
"64","000","00","240","0005","0317","568","190","378","6","574","1220","0","47.05","15.57"
"64","000","00","240","0006","0000","901","326","575","8","909","2211","0","41.11","14.74"
"64","000","00","240","0006","0318","419","166","253","3","422","1120","0","37.68","14.82"
"64","000","00","240","0006","0319","482","160","322","5","487","1091","0","44.64","14.67"
"64","000","00","240","0007","0000","816","286","530","10","826","2084","0","39.64","13.72"
"64","000","00","240","0007","0320","407","145","262","4","411","942","0","43.63","15.39"
"64","000","00","240","0007","0321","409","141","268","6","415","1142","0","36.34","12.35"
"64","000","00","240","0008","0000","1199","524","675","12","1211","3276","0","36.97","16.00"
"64","000","00","240","0008","0322","389","162","227","2","391","1014","0","38.56","15.98"
"64","000","00","240","0008","0323","403","196","207","4","407","996","0","40.86","19.68"
"64","000","00","240","0008","0324","407","166","241","6","413","1266","0","32.62","13.11"
"64","000","00","240","0009","0000","965","316","649","11","976","2623","0","37.21","12.05"
"64","000","00","240","0009","0325","324","114","210","2","326","854","0","38.17","13.35"
"64","000","00","240","0009","0326","302","109","193","5","307","827","0","37.12","13.18"
"64","000","00","240","0009","0327","339","93","246","4","343","942","0","36.41","9.87"
"64","000","00","240","0010","0000","650","195","455","12","662","1825","0","36.27","10.68"
"64","000","00","240","0010","0328","279","93","186","4","283","787","0","35.96","11.82"
"64","000","00","240","0010","0329","371","102","269","8","379","1038","0","36.51","9.83"
"64","000","00","240","0011","0000","1386","559","827","8","1394","3439","0","40.54","16.25"
"64","000","00","240","0011","0330","373","142","231","0","373","912","0","40.90","15.57"
"64","000","00","240","0011","0331","322","133","189","5","327","717","0","45.61","18.55"
"64","000","00","240","0011","0332","332","139","193","1","333","914","0","36.43","15.21"
"64","000","00","240","0011","0333","359","145","214","2","361","896","0","40.29","16.18"
"64","000","00","240","0012","0000","870","345","525","6","876","2163","0","40.50","15.95"
"64","000","00","240","0012","0334","393","151","242","3","396","1026","0","38.60","14.72"
"64","000","00","240","0012","0335","477","194","283","3","480","1137","0","42.22","17.06"
"64","000","00","240","0013","0000","1145","391","754","12","1157","2976","0","38.88","13.14"
"64","000","00","240","0013","0336","377","128","249","1","378","952","0","39.71","13.45"
"64","000","00","240","0013","0337","415","158","257","8","423","1036","0","40.83","15.25"
"64","000","00","240","0013","0338","353","105","248","3","356","988","0","36.03","10.63"
"64","000","00","240","0014","0000","1013","418","595","10","1023","2337","0","43.77","17.89"
"64","000","00","240","0014","0339","513","200","313","3","516","1234","0","41.82","16.21"
"64","000","00","240","0014","0340","500","218","282","7","507","1103","0","45.97","19.76"
"64","000","00","240","0015","0000","356","109","247","4","360","841","0","42.81","12.96"
"64","000","00","240","0015","0341","356","109","247","4","360","841","0","42.81","12.96"
"64","000","00","240","0016","0000","771","277","494","8","779","1908","0","40.83","14.52"
"64","000","00","240","0016","0342","430","157","273","4","434","971","0","44.70","16.17"
"64","000","00","240","0016","0343","341","120","221","4","345","937","0","36.82","12.81"
"64","000","00","240","0017","0000","678","214","464","11","689","1711","0","40.27","12.51"
"64","000","00","240","0017","0344","302","100","202","2","304","823","0","36.94","12.15"
"64","000","00","240","0017","0345","376","114","262","9","385","888","0","43.36","12.84"
"64","000","00","240","0018","0000","330","99","231","3","333","846","0","39.36","11.70"
"64","000","00","240","0018","0346","330","99","231","3","333","846","0","39.36","11.70"
"64","000","00","240","0019","0000","1165","442","723","11","1176","2643","0","44.49","16.72"
"64","000","00","240","0019","0347","417","146","271","1","418","921","0","45.39","15.85"
"64","000","00","240","0019","0348","384","158","226","4","388","849","0","45.70","18.61"
"64","000","00","240","0019","0349","364","138","226","6","370","873","0","42.38","15.81"
"64","000","00","240","0020","0000","1813","722","1091","20","1833","4526","0","40.50","15.95"
"64","000","00","240","0020","0350","385","137","248","4","389","902","0","43.13","15.19"
"64","000","00","240","0020","0351","367","140","227","6","373","858","0","43.47","16.32"
"64","000","00","240","0020","0352","311","118","193","3","314","913","0","34.39","12.92"
"64","000","00","240","0020","0353","348","145","203","4","352","894","0","39.37","16.22"
"64","000","00","240","0020","0354","402","182","220","3","405","959","0","42.23","18.98"
"64","000","00","250","0000","0000","10012","3337","6675","95","10107","25813","29772","39.15","12.93"
"64","000","00","250","0001","0000","476","157","319","4","480","1070","0","44.86","14.67"
"64","000","00","250","0001","0284","476","157","319","4","480","1070","0","44.86","14.67"
"64","000","00","250","0002","0000","391","115","276","4","395","981","0","40.27","11.72"
"64","000","00","250","0002","0285","391","115","276","4","395","981","0","40.27","11.72"
"64","000","00","250","0003","0000","357","101","256","3","360","768","0","46.88","13.15"
"64","000","00","250","0003","0286","357","101","256","3","360","768","0","46.88","13.15"
"64","000","00","250","0004","0000","853","307","546","9","862","2214","0","38.93","13.87"
"64","000","00","250","0004","0287","418","148","270","6","424","1104","0","38.41","13.41"
"64","000","00","250","0004","0288","435","159","276","3","438","1110","0","39.46","14.32"
"64","000","00","250","0005","0000","1027","263","764","6","1033","2648","0","39.01","9.93"
"64","000","00","250","0005","0289","351","79","272","1","352","889","0","39.60","8.89"
"64","000","00","250","0005","0290","338","84","254","4","342","876","0","39.04","9.59"
"64","000","00","250","0005","0291","338","100","238","1","339","883","0","38.39","11.33"
"64","000","00","250","0006","0000","1443","559","884","8","1451","3677","0","39.46","15.20"
"64","000","00","250","0006","0292","320","119","201","3","323","882","0","36.62","13.49"
"64","000","00","250","0006","0293","390","127","263","0","390","914","0","42.67","13.89"
"64","000","00","250","0006","0294","381","164","217","1","382","930","0","41.08","17.63"
"64","000","00","250","0006","0295","352","149","203","4","356","951","0","37.43","15.67"
"64","000","00","250","0007","0000","397","148","249","6","403","997","0","40.42","14.84"
"64","000","00","250","0007","0296","397","148","249","6","403","997","0","40.42","14.84"
"64","000","00","250","0008","0000","1471","564","907","16","1487","3781","0","39.33","14.92"
"64","000","00","250","0008","0297","322","123","199","3","325","795","0","40.88","15.47"
"64","000","00","250","0008","0298","357","106","251","6","363","778","0","46.66","13.62"
"64","000","00","250","0008","0299","374","165","209","6","380","1059","0","35.88","15.58"
"64","000","00","250","0008","0300","418","170","248","1","419","1149","0","36.47","14.80"
"64","000","00","250","0009","0000","717","183","534","8","725","1752","0","41.38","10.45"
"64","000","00","250","0009","0301","412","97","315","3","415","913","0","45.45","10.62"
"64","000","00","250","0009","0302","305","86","219","5","310","839","0","36.95","10.25"
"64","000","00","250","0010","0000","483","153","330","2","485","1198","0","40.48","12.77"
"64","000","00","250","0010","0303","483","153","330","2","485","1198","0","40.48","12.77"
"64","000","00","250","0011","0000","767","200","567","5","772","2155","0","35.82","9.28"
"64","000","00","250","0011","0304","369","90","279","0","369","1074","0","34.36","8.38"
"64","000","00","250","0011","0305","398","110","288","5","403","1081","0","37.28","10.18"
"64","000","00","250","0012","0000","423","119","304","7","430","1133","0","37.95","10.50"
"64","000","00","250","0012","0306","423","119","304","7","430","1133","0","37.95","10.50"
"64","000","00","250","0013","0000","275","84","191","2","277","700","0","39.57","12.00"
"64","000","00","250","0013","0307","275","84","191","2","277","700","0","39.57","12.00"
"64","000","00","250","0014","0000","932","384","548","15","947","2739","0","34.57","14.02"
"64","000","00","250","0014","0308","343","146","197","5","348","935","0","37.22","15.61"
"64","000","00","250","0014","0309","326","141","185","6","332","961","0","34.55","14.67"
"64","000","00","250","0014","0310","263","97","166","4","267","843","0","31.67","11.51"
"64","000","00","260","0000","0000","9745","3185","6560","84","9829","26119","29883","37.63","12.19"
"64","000","00","260","0001","0000","422","106","316","2","424","955","0","44.40","11.10"
"64","000","00","260","0001","0260","422","106","316","2","424","955","0","44.40","11.10"
"64","000","00","260","0002","0000","333","106","227","4","337","854","0","39.46","12.41"
"64","000","00","260","0002","0261","333","106","227","4","337","854","0","39.46","12.41"
"64","000","00","260","0003","0000","685","266","419","4","689","1718","0","40.10","15.48"
"64","000","00","260","0003","0262","376","153","223","2","378","899","0","42.05","17.02"
"64","000","00","260","0003","0263","309","113","196","2","311","819","0","37.97","13.80"
"64","000","00","260","0004","0000","1450","474","976","11","1461","3784","0","38.61","12.53"
"64","000","00","260","0004","0264","412","140","272","3","415","1247","0","33.28","11.23"
"64","000","00","260","0004","0265","538","177","361","6","544","1323","0","41.12","13.38"
"64","000","00","260","0004","0266","500","157","343","2","502","1214","0","41.35","12.93"
"64","000","00","260","0005","0000","665","249","416","5","670","1771","0","37.83","14.06"
"64","000","00","260","0005","0267","338","142","196","2","340","945","0","35.98","15.03"
"64","000","00","260","0005","0268","327","107","220","3","330","826","0","39.95","12.95"
"64","000","00","260","0006","0000","418","105","313","5","423","1100","0","38.45","9.55"
"64","000","00","260","0006","0274","418","105","313","5","423","1100","0","38.45","9.55"
"64","000","00","260","0007","0000","1115","328","787","6","1121","2955","0","37.94","11.10"
"64","000","00","260","0007","0275","523","148","375","1","524","1303","0","40.21","11.36"
"64","000","00","260","0007","0276","592","180","412","5","597","1652","0","36.14","10.90"
"64","000","00","260","0008","0000","306","99","207","2","308","919","0","33.51","10.77"
"64","000","00","260","0008","0278","306","99","207","2","308","919","0","33.51","10.77"
"64","000","00","260","0009","0000","340","118","222","4","344","1060","0","32.45","11.13"
"64","000","00","260","0009","0277","340","118","222","4","344","1060","0","32.45","11.13"
"64","000","00","260","0010","0000","434","115","319","4","438","1114","0","39.32","10.32"
"64","000","00","260","0010","0279","434","115","319","4","438","1114","0","39.32","10.32"
"64","000","00","260","0011","0000","763","266","497","6","769","2061","0","37.31","12.91"
"64","000","00","260","0011","0269","302","112","190","3","305","823","0","37.06","13.61"
"64","000","00","260","0011","0270","461","154","307","3","464","1238","0","37.48","12.44"
"64","000","00","260","0012","0000","381","98","283","3","384","1067","0","35.99","9.18"
"64","000","00","260","0012","0271","381","98","283","3","384","1067","0","35.99","9.18"
"64","000","00","260","0013","0000","314","110","204","2","316","966","0","32.71","11.39"
"64","000","00","260","0013","0272","314","110","204","2","316","966","0","32.71","11.39"
"64","000","00","260","0014","0000","458","139","319","3","461","1116","0","41.31","12.46"
"64","000","00","260","0014","0273","458","139","319","3","461","1116","0","41.31","12.46"
"64","000","00","260","0015","0000","1661","606","1055","23","1684","4679","0","35.99","12.95"
"64","000","00","260","0015","0280","426","173","253","8","434","1073","0","40.45","16.12"
"64","000","00","260","0015","0281","424","148","276","10","434","1133","0","38.31","13.06"
"64","000","00","260","0015","0282","369","131","238","4","373","1135","0","32.86","11.54"
"64","000","00","260","0015","0283","442","154","288","1","443","1338","0","33.11","11.51"
"64","000","00","270","0000","0000","4585","1605","2980","51","4636","11982","13609","38.69","13.40"
"64","000","00","270","0001","0000","638","252","386","4","642","1558","0","41.21","16.17"
"64","000","00","270","0001","0355","335","136","199","3","338","751","0","45.01","18.11"
"64","000","00","270","0001","0356","303","116","187","1","304","807","0","37.67","14.37"
"64","000","00","270","0002","0000","732","255","477","9","741","1799","0","41.19","14.17"
"64","000","00","270","0002","0357","375","128","247","6","381","849","0","44.88","15.08"
"64","000","00","270","0002","0358","357","127","230","3","360","950","0","37.89","13.37"
"64","000","00","270","0003","0000","879","278","601","13","892","2291","0","38.93","12.13"
"64","000","00","270","0003","0359","319","102","217","3","322","818","0","39.36","12.47"
"64","000","00","270","0003","0360","311","86","225","6","317","832","0","38.10","10.34"
"64","000","00","270","0003","0361","249","90","159","4","253","641","0","39.47","14.04"
"64","000","00","270","0004","0000","140","32","108","2","142","374","0","37.97","8.56"
"64","000","00","270","0004","0362","140","32","108","2","142","374","0","37.97","8.56"
"64","000","00","270","0005","0000","944","371","573","9","953","2564","0","37.17","14.47"
"64","000","00","270","0005","0363","495","201","294","2","497","1343","0","37.01","14.97"
"64","000","00","270","0005","0364","449","170","279","7","456","1221","0","37.35","13.92"
"64","000","00","270","0006","0000","1252","417","835","14","1266","3396","0","37.28","12.28"
"64","000","00","270","0006","0365","443","120","323","5","448","1137","0","39.40","10.55"
"64","000","00","270","0006","0366","403","122","281","2","405","1085","0","37.33","11.24"
"64","000","00","270","0006","0367","406","175","231","7","413","1174","0","35.18","14.91"
"64","000","00","280","0000","0000","6565","2540","4025","79","6644","16271","18759","40.83","15.61"
"64","000","00","280","0001","0000","500","163","337","5","505","1250","0","40.40","13.04"
"64","000","00","280","0001","0441","500","163","337","5","505","1250","0","40.40","13.04"
"64","000","00","280","0002","0000","778","280","498","9","787","1846","0","42.63","15.17"
"64","000","00","280","0002","0442","399","146","253","2","401","893","0","44.90","16.35"
"64","000","00","280","0002","0443","379","134","245","7","386","953","0","40.50","14.06"
"64","000","00","280","0003","0000","212","105","107","3","215","533","0","40.34","19.70"
"64","000","00","280","0003","0444","212","105","107","3","215","533","0","40.34","19.70"
"64","000","00","280","0004","0000","343","162","181","2","345","738","0","46.75","21.95"
"64","000","00","280","0004","0445","343","162","181","2","345","738","0","46.75","21.95"
"64","000","00","280","0005","0000","738","298","440","5","743","1710","0","43.45","17.43"
"64","000","00","280","0005","0446","362","162","200","3","365","815","0","44.79","19.88"
"64","000","00","280","0005","0447","376","136","240","2","378","895","0","42.23","15.20"
"64","000","00","280","0006","0000","622","229","393","7","629","1565","0","40.19","14.63"
"64","000","00","280","0006","0448","301","106","195","2","303","761","0","39.82","13.93"
"64","000","00","280","0006","0449","321","123","198","5","326","804","0","40.55","15.30"
"64","000","00","280","0007","0000","670","229","441","11","681","1681","0","40.51","13.62"
"64","000","00","280","0007","0450","340","117","223","2","342","858","0","39.86","13.64"
"64","000","00","280","0007","0451","330","112","218","9","339","823","0","41.19","13.61"
"64","000","00","280","0008","0000","803","297","506","7","810","2007","0","40.36","14.80"
"64","000","00","280","0008","0453","400","134","266","6","406","1000","0","40.60","13.40"
"64","000","00","280","0008","0454","403","163","240","1","404","1007","0","40.12","16.19"
"64","000","00","280","0009","0000","357","133","224","7","364","918","0","39.65","14.49"
"64","000","00","280","0009","0452","357","133","224","7","364","918","0","39.65","14.49"
"64","000","00","280","0010","0000","290","134","156","7","297","804","0","36.94","16.67"
"64","000","00","280","0010","0455","290","134","156","7","297","804","0","36.94","16.67"
"64","000","00","280","0011","0000","453","212","241","5","458","1134","0","40.39","18.69"
"64","000","00","280","0011","0456","453","212","241","5","458","1134","0","40.39","18.69"
"64","000","00","280","0012","0000","799","298","501","11","810","2085","0","38.85","14.29"
"64","000","00","280","0012","0457","479","190","289","6","485","1228","0","39.50","15.47"
"64","000","00","280","0012","0458","320","108","212","5","325","857","0","37.92","12.60"
"64","000","00","290","0000","0000","12967","4078","8889","123","13090","30908","35292","42.35","13.19"
"64","000","00","290","0001","0000","909","259","650","7","916","2095","0","43.72","12.36"
"64","000","00","290","0001","0459","439","117","322","3","442","1053","0","41.98","11.11"
"64","000","00","290","0001","0460","470","142","328","4","474","1042","0","45.49","13.63"
"64","000","00","290","0002","0000","822","263","559","8","830","2030","0","40.89","12.96"
"64","000","00","290","0002","0461","401","125","276","1","402","942","0","42.68","13.27"
"64","000","00","290","0002","0462","421","138","283","7","428","1088","0","39.34","12.68"
"64","000","00","290","0003","0000","1089","334","755","10","1099","2213","0","49.66","15.09"
"64","000","00","290","0003","0463","386","120","266","4","390","814","0","47.91","14.74"
"64","000","00","290","0003","0464","309","85","224","1","310","632","0","49.05","13.45"
"64","000","00","290","0003","0465","394","129","265","5","399","767","0","52.02","16.82"
"64","000","00","290","0004","0000","658","193","465","12","670","1476","0","45.39","13.08"
"64","000","00","290","0004","0466","658","193","465","12","670","1476","0","45.39","13.08"
"64","000","00","290","0005","0000","560","180","380","3","563","1154","0","48.79","15.60"
"64","000","00","290","0005","0467","560","180","380","3","563","1154","0","48.79","15.60"
"64","000","00","290","0006","0000","766","216","550","8","774","1791","0","43.22","12.06"
"64","000","00","290","0006","0472","468","141","327","5","473","1102","0","42.92","12.79"
"64","000","00","290","0006","0473","298","75","223","3","301","689","0","43.69","10.89"
"64","000","00","290","0007","0000","796","196","600","10","806","2055","0","39.22","9.54"
"64","000","00","290","0007","0477","407","91","316","6","413","1033","0","39.98","8.81"
"64","000","00","290","0007","0478","389","105","284","4","393","1022","0","38.45","10.27"
"64","000","00","290","0008","0000","1125","370","755","5","1130","2858","0","39.54","12.95"
"64","000","00","290","0008","0479","443","110","333","2","445","1216","0","36.60","9.05"
"64","000","00","290","0008","0480","314","100","214","3","317","787","0","40.28","12.71"
"64","000","00","290","0008","0481","368","160","208","0","368","855","0","43.04","18.71"
"64","000","00","290","0009","0000","876","307","569","6","882","2313","0","38.13","13.27"
"64","000","00","290","0009","0482","281","100","181","3","284","814","0","34.89","12.29"
"64","000","00","290","0009","0483","595","207","388","3","598","1499","0","39.89","13.81"
"64","000","00","290","0010","0000","386","123","263","3","389","970","0","40.10","12.68"
"64","000","00","290","0010","0468","386","123","263","3","389","970","0","40.10","12.68"
"64","000","00","290","0011","0000","1533","472","1061","9","1542","3701","0","41.66","12.75"
"64","000","00","290","0011","0469","586","168","418","4","590","1353","0","43.61","12.42"
"64","000","00","290","0011","0470","521","168","353","1","522","1270","0","41.10","13.23"
"64","000","00","290","0011","0471","426","136","290","4","430","1078","0","39.89","12.62"
"64","000","00","290","0012","0000","909","253","656","8","917","2221","0","41.29","11.39"
"64","000","00","290","0012","0474","507","134","373","4","511","1290","0","39.61","10.39"
"64","000","00","290","0012","0475","402","119","283","4","406","931","0","43.61","12.78"
"64","000","00","290","0013","0000","339","124","215","7","346","801","0","43.20","15.48"
"64","000","00","290","0013","0476","339","124","215","7","346","801","0","43.20","15.48"
"64","000","00","290","0014","0000","903","300","603","12","915","2258","0","40.52","13.29"
"64","000","00","290","0014","0484","513","179","334","6","519","1142","0","45.45","15.67"
"64","000","00","290","0014","0485","390","121","269","6","396","1116","0","35.48","10.84"
"64","000","00","290","0015","0000","1296","488","808","15","1311","2972","0","44.11","16.42"
"64","000","00","290","0015","0486","538","166","372","6","544","1230","0","44.23","13.50"
"64","000","00","290","0015","0487","312","79","233","5","317","764","0","41.49","10.34"
"64","000","00","290","0015","0488","446","243","203","4","450","978","0","46.01","24.85"
"64","000","00","300","0000","0000","11715","4418","7297","159","11874","31152","35449","38.12","14.18"
"64","000","00","300","0001","0000","832","341","491","9","841","2165","0","38.85","15.75"
"64","000","00","300","0001","0064","458","188","270","1","459","1066","0","43.06","17.64"
"64","000","00","300","0001","0065","374","153","221","8","382","1099","0","34.76","13.92"
"64","000","00","300","0002","0000","918","415","503","13","931","2273","0","40.96","18.26"
"64","000","00","300","0002","0066","412","194","218","3","415","1071","0","38.75","18.11"
"64","000","00","300","0002","0067","506","221","285","10","516","1202","0","42.93","18.39"
"64","000","00","300","0003","0000","579","215","364","6","585","1578","0","37.07","13.62"
"64","000","00","300","0003","0068","303","120","183","5","308","874","0","35.24","13.73"
"64","000","00","300","0003","0069","276","95","181","1","277","704","0","39.35","13.49"
"64","000","00","300","0004","0000","584","222","362","11","595","1802","0","33.02","12.32"
"64","000","00","300","0004","0070","358","128","230","8","366","1071","0","34.17","11.95"
"64","000","00","300","0004","0071","226","94","132","3","229","731","0","31.33","12.86"
"64","000","00","300","0005","0000","454","218","236","6","460","1418","0","32.44","15.37"
"64","000","00","300","0005","0072","340","135","205","2","342","1075","0","31.81","12.56"
"64","000","00","300","0005","0073","114","83","31","4","118","343","0","34.40","24.20"
"64","000","00","300","0006","0000","412","182","230","9","421","1338","0","31.46","13.60"
"64","000","00","300","0006","0074","255","89","166","5","260","840","0","30.95","10.60"
"64","000","00","300","0006","0075","157","93","64","4","161","498","0","32.33","18.67"
"64","000","00","300","0007","0000","384","90","294","3","387","1008","0","38.39","8.93"
"64","000","00","300","0007","0076","384","90","294","3","387","1008","0","38.39","8.93"
"64","000","00","300","0008","0000","317","115","202","9","326","759","0","42.95","15.15"
"64","000","00","300","0008","0077","317","115","202","9","326","759","0","42.95","15.15"
"64","000","00","300","0009","0000","837","246","591","17","854","2092","0","40.82","11.76"
"64","000","00","300","0009","0078","394","120","274","9","403","917","0","43.95","13.09"
"64","000","00","300","0009","0079","443","126","317","8","451","1175","0","38.38","10.72"
"64","000","00","300","0010","0000","67","18","49","1","68","179","0","37.99","10.06"
"64","000","00","300","0010","0080","67","18","49","1","68","179","0","37.99","10.06"
"64","000","00","300","0011","0000","806","323","483","10","816","1924","0","42.41","16.79"
"64","000","00","300","0011","0082","400","185","215","4","404","926","0","43.63","19.98"
"64","000","00","300","0011","0083","406","138","268","6","412","998","0","41.28","13.83"
"64","000","00","300","0012","0000","389","176","213","3","392","983","0","39.88","17.90"
"64","000","00","300","0012","0081","389","176","213","3","392","983","0","39.88","17.90"
"64","000","00","300","0013","0000","571","247","324","6","577","1544","0","37.37","16.00"
"64","000","00","300","0013","0084","335","137","198","5","340","876","0","38.81","15.64"
"64","000","00","300","0013","0085","236","110","126","1","237","668","0","35.48","16.47"
"64","000","00","300","0014","0000","750","281","469","11","761","1999","0","38.07","14.06"
"64","000","00","300","0014","0086","364","118","246","2","366","943","0","38.81","12.51"
"64","000","00","300","0014","0087","386","163","223","9","395","1056","0","37.41","15.44"
"64","000","00","300","0015","0000","1111","408","703","9","1120","3245","0","34.51","12.57"
"64","000","00","300","0015","0088","420","150","270","5","425","1085","0","39.17","13.82"
"64","000","00","300","0015","0089","312","132","180","3","315","1056","0","29.83","12.50"
"64","000","00","300","0015","0090","379","126","253","1","380","1104","0","34.42","11.41"
"64","000","00","300","0016","0000","829","332","497","10","839","2216","0","37.86","14.98"
"64","000","00","300","0016","0091","344","170","174","5","349","949","0","36.78","17.91"
"64","000","00","300","0016","0092","238","96","142","3","241","608","0","39.64","15.79"
"64","000","00","300","0016","0093","247","66","181","2","249","659","0","37.78","10.02"
"64","000","00","300","0017","0000","326","65","261","2","328","705","0","46.52","9.22"
"64","000","00","300","0017","0094","326","65","261","2","328","705","0","46.52","9.22"
"64","000","00","300","0018","0000","480","151","329","7","487","1254","0","38.84","12.04"
"64","000","00","300","0018","0095","480","151","329","7","487","1254","0","38.84","12.04"
"64","000","00","300","0019","0000","324","92","232","6","330","797","0","41.41","11.54"
"64","000","00","300","0019","0096","324","92","232","6","330","797","0","41.41","11.54"
"64","000","00","300","0020","0000","522","163","359","8","530","1262","0","42.00","12.92"
"64","000","00","300","0020","0097","522","163","359","8","530","1262","0","42.00","12.92"
"64","000","00","300","0021","0000","223","118","105","3","226","611","0","36.99","19.31"
"64","000","00","300","0021","0098","223","118","105","3","226","611","0","36.99","19.31"
"64","000","00","310","0000","0000","12619","6015","6604","145","12764","34303","38209","37.21","17.53"
"64","000","00","310","0001","0000","987","446","541","7","994","2547","0","39.03","17.51"
"64","000","00","310","0001","0099","466","212","254","3","469","1141","0","41.10","18.58"
"64","000","00","310","0001","0100","233","114","119","2","235","689","0","34.11","16.55"
"64","000","00","310","0001","0101","288","120","168","2","290","717","0","40.45","16.74"
"64","000","00","310","0002","0000","832","447","385","10","842","2321","0","36.28","19.26"
"64","000","00","310","0002","0102","356","187","169","5","361","958","0","37.68","19.52"
"64","000","00","310","0002","0103","240","124","116","1","241","655","0","36.79","18.93"
"64","000","00","310","0002","0104","236","136","100","4","240","708","0","33.90","19.21"
"64","000","00","310","0003","0000","969","498","471","13","982","2552","0","38.48","19.51"
"64","000","00","310","0003","0105","478","230","248","9","487","1295","0","37.61","17.76"
"64","000","00","310","0003","0106","491","268","223","4","495","1257","0","39.38","21.32"
"64","000","00","310","0004","0000","702","374","328","4","706","1978","0","35.69","18.91"
"64","000","00","310","0004","0107","345","188","157","2","347","968","0","35.85","19.42"
"64","000","00","310","0004","0108","357","186","171","2","359","1010","0","35.54","18.42"
"64","000","00","310","0005","0000","537","326","211","9","546","1462","0","37.35","22.30"
"64","000","00","310","0005","0109","537","326","211","9","546","1462","0","37.35","22.30"
"64","000","00","310","0006","0000","690","336","354","9","699","2113","0","33.08","15.90"
"64","000","00","310","0006","0110","356","169","187","8","364","1105","0","32.94","15.29"
"64","000","00","310","0006","0111","334","167","167","1","335","1008","0","33.23","16.57"
"64","000","00","310","0007","0000","955","413","542","14","969","2433","0","39.83","16.97"
"64","000","00","310","0007","0112","538","207","331","11","549","1428","0","38.45","14.50"
"64","000","00","310","0007","0113","417","206","211","3","420","1005","0","41.79","20.50"
"64","000","00","310","0008","0000","531","250","281","6","537","1382","0","38.86","18.09"
"64","000","00","310","0008","0114","274","138","136","3","277","646","0","42.88","21.36"
"64","000","00","310","0008","0115","257","112","145","3","260","736","0","35.33","15.22"
"64","000","00","310","0009","0000","467","204","263","6","473","1299","0","36.41","15.70"
"64","000","00","310","0009","0116","467","204","263","6","473","1299","0","36.41","15.70"
"64","000","00","310","0010","0000","426","179","247","6","432","1158","0","37.31","15.46"
"64","000","00","310","0010","0117","426","179","247","6","432","1158","0","37.31","15.46"
"64","000","00","310","0011","0000","756","388","368","8","764","2066","0","36.98","18.78"
"64","000","00","310","0011","0118","344","158","186","3","347","880","0","39.43","17.95"
"64","000","00","310","0011","0119","412","230","182","5","417","1186","0","35.16","19.39"
"64","000","00","310","0012","0000","427","179","248","4","431","1184","0","36.40","15.12"
"64","000","00","310","0012","0120","427","179","248","4","431","1184","0","36.40","15.12"
"64","000","00","310","0013","0000","611","308","303","4","615","1527","0","40.28","20.17"
"64","000","00","310","0013","0121","277","125","152","2","279","718","0","38.86","17.41"
"64","000","00","310","0013","0122","334","183","151","2","336","809","0","41.53","22.62"
"64","000","00","310","0014","0000","787","360","427","9","796","2186","0","36.41","16.47"
"64","000","00","310","0014","0123","366","158","208","2","368","1066","0","34.52","14.82"
"64","000","00","310","0014","0124","421","202","219","7","428","1120","0","38.21","18.04"
"64","000","00","310","0015","0000","663","313","350","2","665","1720","0","38.66","18.20"
"64","000","00","310","0015","0125","336","164","172","2","338","944","0","35.81","17.37"
"64","000","00","310","0015","0126","327","149","178","0","327","776","0","42.14","19.20"
"64","000","00","310","0016","0000","680","299","381","11","691","1826","0","37.84","16.37"
"64","000","00","310","0016","0127","318","146","172","8","326","918","0","35.51","15.90"
"64","000","00","310","0016","0128","362","153","209","3","365","908","0","40.20","16.85"
"64","000","00","310","0017","0000","499","260","239","3","502","1334","0","37.63","19.49"
"64","000","00","310","0017","0129","499","260","239","3","502","1334","0","37.63","19.49"
"64","000","00","310","0018","0000","591","215","376","7","598","1779","0","33.61","12.09"
"64","000","00","310","0018","0130","310","121","189","2","312","903","0","34.55","13.40"
"64","000","00","310","0018","0131","281","94","187","5","286","876","0","32.65","10.73"
"64","000","00","310","0019","0000","509","220","289","13","522","1436","0","36.35","15.32"
"64","000","00","310","0019","0132","296","136","160","9","305","782","0","39.00","17.39"
"64","000","00","310","0019","0133","213","84","129","4","217","654","0","33.18","12.84"
"64","000","00","320","0000","0000","3211","1247","1964","60","3271","10933","12236","29.92","11.41"
"64","000","00","320","0001","0000","227","75","152","5","232","714","0","32.49","10.50"
"64","000","00","320","0001","0021","227","75","152","5","232","714","0","32.49","10.50"
"64","000","00","320","0002","0000","191","63","128","4","195","649","0","30.05","9.71"
"64","000","00","320","0002","0022","191","63","128","4","195","649","0","30.05","9.71"
"64","000","00","320","0003","0000","237","80","157","5","242","626","0","38.66","12.78"
"64","000","00","320","0003","0023","237","80","157","5","242","626","0","38.66","12.78"
"64","000","00","320","0004","0000","224","78","146","2","226","926","0","24.41","8.42"
"64","000","00","320","0004","0024","224","78","146","2","226","926","0","24.41","8.42"
"64","000","00","320","0005","0000","331","112","219","3","334","1359","0","24.58","8.24"
"64","000","00","320","0005","0025","331","112","219","3","334","1359","0","24.58","8.24"
"64","000","00","320","0006","0000","238","83","155","4","242","942","0","25.69","8.81"
"64","000","00","320","0006","0026","238","83","155","4","242","942","0","25.69","8.81"
"64","000","00","320","0007","0000","352","158","194","3","355","1029","0","34.50","15.35"
"64","000","00","320","0007","0027","352","158","194","3","355","1029","0","34.50","15.35"
"64","000","00","320","0008","0000","221","65","156","6","227","785","0","28.92","8.28"
"64","000","00","320","0008","0028","221","65","156","6","227","785","0","28.92","8.28"
"64","000","00","320","0009","0000","458","251","207","11","469","1363","0","34.41","18.42"
"64","000","00","320","0009","0029","458","251","207","11","469","1363","0","34.41","18.42"
"64","000","00","320","0010","0000","240","93","147","7","247","858","0","28.79","10.84"
"64","000","00","320","0010","0030","240","93","147","7","247","858","0","28.79","10.84"
"64","000","00","320","0011","0000","368","147","221","8","376","1379","0","27.27","10.66"
"64","000","00","320","0011","0031","368","147","221","8","376","1379","0","27.27","10.66"
"64","000","00","320","0012","0000","124","42","82","2","126","303","0","41.58","13.86"
"64","000","00","320","0012","0032","124","42","82","2","126","303","0","41.58","13.86"
"64","000","00","330","0000","0000","1687","851","836","23","1710","5257","5798","32.53","16.19"
"64","000","00","330","0001","0000","109","57","52","3","112","445","0","25.17","12.81"
"64","000","00","330","0001","0013","109","57","52","3","112","445","0","25.17","12.81"
"64","000","00","330","0002","0000","353","227","126","3","356","835","0","42.63","27.19"
"64","000","00","330","0002","0014","353","227","126","3","356","835","0","42.63","27.19"
"64","000","00","330","0003","0000","230","142","88","4","234","668","0","35.03","21.26"
"64","000","00","330","0003","0015","230","142","88","4","234","668","0","35.03","21.26"
"64","000","00","330","0004","0000","444","217","227","4","448","1557","0","28.77","13.94"
"64","000","00","330","0004","0016","172","64","108","1","173","657","0","26.33","9.74"
"64","000","00","330","0004","0017","272","153","119","3","275","900","0","30.56","17.00"
"64","000","00","330","0005","0000","222","64","158","2","224","651","0","34.41","9.83"
"64","000","00","330","0005","0018","222","64","158","2","224","651","0","34.41","9.83"
"64","000","00","330","0006","0000","199","84","115","5","204","587","0","34.75","14.31"
"64","000","00","330","0006","0019","199","84","115","5","204","587","0","34.75","14.31"
"64","000","00","330","0007","0000","130","60","70","2","132","514","0","25.68","11.67"
"64","000","00","330","0007","0020","130","60","70","2","132","514","0","25.68","11.67"
"64","000","00","340","0000","0000","3037","1287","1750","53","3090","10258","11365","30.12","12.55"
"64","000","00","340","0001","0000","167","52","115","2","169","597","0","28.31","8.71"
"64","000","00","340","0001","0033","167","52","115","2","169","597","0","28.31","8.71"
"64","000","00","340","0002","0000","155","50","105","3","158","655","0","24.12","7.63"
"64","000","00","340","0002","0034","155","50","105","3","158","655","0","24.12","7.63"
"64","000","00","340","0003","0000","325","106","219","4","329","1230","0","26.75","8.62"
"64","000","00","340","0003","0035","325","106","219","4","329","1230","0","26.75","8.62"
"64","000","00","340","0004","0000","478","221","257","11","489","1464","0","33.40","15.10"
"64","000","00","340","0004","0036","298","168","130","4","302","984","0","30.69","17.07"
"64","000","00","340","0004","0037","180","53","127","7","187","480","0","38.96","11.04"
"64","000","00","340","0005","0000","461","225","236","11","472","1537","0","30.71","14.64"
"64","000","00","340","0005","0038","308","165","143","9","317","975","0","32.51","16.92"
"64","000","00","340","0005","0039","153","60","93","2","155","562","0","27.58","10.68"
"64","000","00","340","0006","0000","549","270","279","9","558","1603","0","34.81","16.84"
"64","000","00","340","0006","0040","364","209","155","9","373","996","0","37.45","20.98"
"64","000","00","340","0006","0041","185","61","124","0","185","607","0","30.48","10.05"
"64","000","00","340","0007","0000","383","149","234","9","392","1207","0","32.48","12.34"
"64","000","00","340","0007","0044","383","149","234","9","392","1207","0","32.48","12.34"
"64","000","00","340","0008","0000","519","214","305","4","523","1965","0","26.62","10.89"
"64","000","00","340","0008","0042","308","93","215","3","311","979","0","31.77","9.50"
"64","000","00","340","0008","0043","211","121","90","1","212","986","0","21.50","12.27"
"64","000","00","350","0000","0000","3940","1547","2393","63","4003","12595","13870","31.78","12.28"
"64","000","00","350","0001","0000","247","95","152","2","249","931","0","26.75","10.20"
"64","000","00","350","0001","0045","247","95","152","2","249","931","0","26.75","10.20"
"64","000","00","350","0002","0000","204","66","138","5","209","627","0","33.33","10.53"
"64","000","00","350","0002","0046","204","66","138","5","209","627","0","33.33","10.53"
"64","000","00","350","0003","0000","287","115","172","5","292","955","0","30.58","12.04"
"64","000","00","350","0003","0047","287","115","172","5","292","955","0","30.58","12.04"
"64","000","00","350","0004","0000","119","57","62","1","120","413","0","29.06","13.80"
"64","000","00","350","0004","0048","119","57","62","1","120","413","0","29.06","13.80"
"64","000","00","350","0005","0000","120","44","76","1","121","384","0","31.51","11.46"
"64","000","00","350","0005","0049","120","44","76","1","121","384","0","31.51","11.46"
"64","000","00","350","0006","0000","117","44","73","1","118","493","0","23.94","8.92"
"64","000","00","350","0006","0050","117","44","73","1","118","493","0","23.94","8.92"
"64","000","00","350","0007","0000","363","161","202","5","368","963","0","38.21","16.72"
"64","000","00","350","0007","0051","363","161","202","5","368","963","0","38.21","16.72"
"64","000","00","350","0008","0000","364","136","228","5","369","1176","0","31.38","11.56"
"64","000","00","350","0008","0052","364","136","228","5","369","1176","0","31.38","11.56"
"64","000","00","350","0009","0000","558","253","305","9","567","1682","0","33.71","15.04"
"64","000","00","350","0009","0053","265","111","154","5","270","822","0","32.85","13.50"
"64","000","00","350","0009","0054","293","142","151","4","297","860","0","34.53","16.51"
"64","000","00","350","0010","0000","174","98","76","3","177","537","0","32.96","18.25"
"64","000","00","350","0010","0055","174","98","76","3","177","537","0","32.96","18.25"
"64","000","00","350","0011","0000","280","97","183","5","285","765","0","37.25","12.68"
"64","000","00","350","0011","0056","280","97","183","5","285","765","0","37.25","12.68"
"64","000","00","350","0012","0000","102","44","58","1","103","403","0","25.56","10.92"
"64","000","00","350","0012","0057","102","44","58","1","103","403","0","25.56","10.92"
"64","000","00","350","0013","0000","150","49","101","2","152","474","0","32.07","10.34"
"64","000","00","350","0013","0058","150","49","101","2","152","474","0","32.07","10.34"
"64","000","00","350","0014","0000","195","69","126","6","201","638","0","31.50","10.82"
"64","000","00","350","0014","0059","195","69","126","6","201","638","0","31.50","10.82"
"64","000","00","350","0015","0000","186","52","134","2","188","589","0","31.92","8.83"
"64","000","00","350","0015","0060","186","52","134","2","188","589","0","31.92","8.83"
"64","000","00","350","0016","0000","163","27","136","5","168","602","0","27.91","4.49"
"64","000","00","350","0016","0061","163","27","136","5","168","602","0","27.91","4.49"
"64","000","00","350","0017","0000","119","60","59","3","122","318","0","38.36","18.87"
"64","000","00","350","0017","0062","119","60","59","3","122","318","0","38.36","18.87"
"64","000","00","350","0018","0000","192","80","112","2","194","645","0","30.08","12.40"
"64","000","00","350","0018","0063","192","80","112","2","194","645","0","30.08","12.40"
"64","000","00","360","0000","0000","506","404","102","6","512","1559","1879","32.84","25.91"
"64","000","00","360","0001","0000","226","181","45","0","226","712","0","31.74","25.42"
"64","000","00","360","0001","0136","226","181","45","0","226","712","0","31.74","25.42"
"64","000","00","360","0002","0000","134","98","36","2","136","356","0","38.20","27.53"
"64","000","00","360","0002","0135","134","98","36","2","136","356","0","38.20","27.53"
"64","000","00","360","0003","0000","146","125","21","4","150","491","0","30.55","25.46"
"64","000","00","360","0003","0134","146","125","21","4","150","491","0","30.55","25.46"
"64","000","00","370","0000","0000","720","555","165","16","736","3415","4205","21.55","16.25"
"64","000","00","370","0001","0000","141","115","26","5","146","766","0","19.06","15.01"
"64","000","00","370","0001","0005","141","115","26","5","146","766","0","19.06","15.01"
"64","000","00","370","0002","0000","101","82","19","4","105","458","0","22.93","17.90"
"64","000","00","370","0002","0008","101","82","19","4","105","458","0","22.93","17.90"
"64","000","00","370","0003","0000","99","78","21","1","100","587","0","17.04","13.29"
"64","000","00","370","0003","0007","99","78","21","1","100","587","0","17.04","13.29"
"64","000","00","370","0004","0000","133","101","32","0","133","620","0","21.45","16.29"
"64","000","00","370","0004","0006","133","101","32","0","133","620","0","21.45","16.29"
"64","000","00","370","0005","0000","45","28","17","1","46","212","0","21.70","13.21"
"64","000","00","370","0005","0004","45","28","17","1","46","212","0","21.70","13.21"
"64","000","00","370","0006","0000","61","58","3","1","62","287","0","21.60","20.21"
"64","000","00","370","0006","0003","61","58","3","1","62","287","0","21.60","20.21"
"64","000","00","370","0007","0000","70","40","30","2","72","230","0","31.30","17.39"
"64","000","00","370","0007","0002","70","40","30","2","72","230","0","31.30","17.39"
"64","000","00","370","0008","0000","70","53","17","2","72","255","0","28.24","20.78"
"64","000","00","370","0008","0001","70","53","17","2","72","255","0","28.24","20.78"
"64","000","00","380","0000","0000","691","515","176","3","694","2427","3141","28.59","21.22"
"64","000","00","380","0001","0000","336","273","63","3","339","1343","0","25.24","20.33"
"64","000","00","380","0001","0009","178","152","26","1","179","747","0","23.96","20.35"
"64","000","00","380","0001","0010","158","121","37","2","160","596","0","26.85","20.30"
"64","000","00","380","0002","0000","202","174","28","0","202","602","0","33.55","28.90"
"64","000","00","380","0002","0011","202","174","28","0","202","602","0","33.55","28.90"
"64","000","00","380","0003","0000","153","68","85","0","153","482","0","31.74","14.11"
"64","000","00","380","0003","0012","153","68","85","0","153","482","0","31.74","14.11"
"10","004","00","000","0000","0000","178063","110309","67754","1837","179900","461638","573385","38.97","23.90"
"10","004","00","010","0000","0000","62524","35123","27401","569","63093","150431","203904","41.94","23.35"
"10","004","00","010","0001","0000","2991","1689","1302","22","3013","6791","0","44.37","24.87"
"10","004","00","010","0001","0053","594","333","261","3","597","1344","0","44.42","24.78"
"10","004","00","010","0001","0054","551","310","241","3","554","1272","0","43.55","24.37"
"10","004","00","010","0001","0055","604","357","247","7","611","1269","0","48.15","28.13"
"10","004","00","010","0001","0056","584","333","251","3","587","1290","0","45.50","25.81"
"10","004","00","010","0001","0057","658","356","302","6","664","1616","0","41.09","22.03"
"10","004","00","010","0002","0000","4846","2680","2166","38","4884","10611","0","46.03","25.26"
"10","004","00","010","0002","0001","590","325","265","4","594","1244","0","47.75","26.13"
"10","004","00","010","0002","0002","567","314","253","2","569","1275","0","44.63","24.63"
"10","004","00","010","0002","0003","565","344","221","3","568","1289","0","44.07","26.69"
"10","004","00","010","0002","0004","629","339","290","2","631","1292","0","48.84","26.24"
"10","004","00","010","0002","0005","562","329","233","7","569","1324","0","42.98","24.85"
"10","004","00","010","0002","0006","618","352","266","6","624","1357","0","45.98","25.94"
"10","004","00","010","0002","0007","721","359","362","8","729","1480","0","49.26","24.26"
"10","004","00","010","0002","0008","594","318","276","6","600","1350","0","44.44","23.56"
"10","004","00","010","0003","0000","5437","2759","2678","40","5477","11738","0","46.66","23.50"
"10","004","00","010","0003","0009","508","258","250","11","519","1107","0","46.88","23.31"
"10","004","00","010","0003","0010","567","307","260","3","570","1201","0","47.46","25.56"
"10","004","00","010","0003","0011","542","283","259","2","544","1187","0","45.83","23.84"
"10","004","00","010","0003","0012","498","248","250","2","500","1133","0","44.13","21.89"
"10","004","00","010","0003","0013","535","286","249","7","542","1215","0","44.61","23.54"
"10","004","00","010","0003","0014","623","317","306","4","627","1324","0","47.36","23.94"
"10","004","00","010","0003","0015","575","266","309","7","582","1205","0","48.30","22.07"
"10","004","00","010","0003","0016","591","287","304","0","591","1193","0","49.54","24.06"
"10","004","00","010","0003","0017","484","257","227","2","486","1023","0","47.51","25.12"
"10","004","00","010","0003","0018","514","250","264","2","516","1150","0","44.87","21.74"
"10","004","00","010","0004","0000","3788","2064","1724","38","3826","8015","0","47.74","25.75"
"10","004","00","010","0004","0019","666","334","332","7","673","1490","0","45.17","22.42"
"10","004","00","010","0004","0020","609","336","273","8","617","1251","0","49.32","26.86"
"10","004","00","010","0004","0021","695","376","319","8","703","1430","0","49.16","26.29"
"10","004","00","010","0004","0022","682","355","327","3","685","1373","0","49.89","25.86"
"10","004","00","010","0004","0023","638","338","300","9","647","1249","0","51.80","27.06"
"10","004","00","010","0004","0024","498","325","173","3","501","1222","0","41.00","26.60"
"10","004","00","010","0005","0000","1310","721","589","10","1320","2974","0","44.38","24.24"
"10","004","00","010","0005","0025","481","285","196","3","484","1086","0","44.57","26.24"
"10","004","00","010","0005","0026","458","237","221","3","461","1022","0","45.11","23.19"
"10","004","00","010","0005","0027","371","199","172","4","375","866","0","43.30","22.98"
"10","004","00","010","0006","0000","1097","747","350","14","1111","2997","0","37.07","24.92"
"10","004","00","010","0006","0028","365","245","120","3","368","1019","0","36.11","24.04"
"10","004","00","010","0006","0029","396","284","112","5","401","1061","0","37.79","26.77"
"10","004","00","010","0006","0030","336","218","118","6","342","917","0","37.30","23.77"
"10","004","00","010","0007","0000","2902","1741","1161","13","2915","7661","0","38.05","22.73"
"10","004","00","010","0007","0071","530","310","220","0","530","1255","0","42.23","24.70"
"10","004","00","010","0007","0072","442","286","156","4","446","1309","0","34.07","21.85"
"10","004","00","010","0007","0073","547","311","236","3","550","1605","0","34.27","19.38"
"10","004","00","010","0007","0074","418","244","174","3","421","1190","0","35.38","20.50"
"10","004","00","010","0007","0075","498","294","204","1","499","1112","0","44.87","26.44"
"10","004","00","010","0007","0076","467","296","171","2","469","1190","0","39.41","24.87"
"10","004","00","010","0008","0000","3512","2220","1292","45","3557","8745","0","40.67","25.39"
"10","004","00","010","0008","0077","388","255","133","8","396","1040","0","38.08","24.52"
"10","004","00","010","0008","0078","405","253","152","2","407","1068","0","38.11","23.69"
"10","004","00","010","0008","0079","425","278","147","5","430","1151","0","37.36","24.15"
"10","004","00","010","0008","0080","446","294","152","10","456","1101","0","41.42","26.70"
"10","004","00","010","0008","0081","485","260","225","3","488","1090","0","44.77","23.85"
"10","004","00","010","0008","0082","534","352","182","8","542","1185","0","45.74","29.70"
"10","004","00","010","0008","0083","415","257","158","4","419","1064","0","39.38","24.15"
"10","004","00","010","0008","0084","414","271","143","5","419","1046","0","40.06","25.91"
"10","004","00","010","0009","0000","2075","1240","835","19","2094","5860","0","35.73","21.16"
"10","004","00","010","0009","0088","528","314","214","5","533","1331","0","40.05","23.59"
"10","004","00","010","0009","0089","377","212","165","6","383","1088","0","35.20","19.49"
"10","004","00","010","0009","0090","477","303","174","2","479","1163","0","41.19","26.05"
"10","004","00","010","0009","0091","430","257","173","3","433","1129","0","38.35","22.76"
"10","004","00","010","0009","0092","263","154","109","3","266","1149","0","23.15","13.40"
"10","004","00","010","0010","0000","2234","1396","838","19","2253","5932","0","37.98","23.53"
"10","004","00","010","0010","0093","512","327","185","2","514","1336","0","38.47","24.48"
"10","004","00","010","0010","0094","506","305","201","6","512","1260","0","40.63","24.21"
"10","004","00","010","0010","0095","389","251","138","3","392","1078","0","36.36","23.28"
"10","004","00","010","0010","0096","432","279","153","3","435","1222","0","35.60","22.83"
"10","004","00","010","0010","0097","395","234","161","5","400","1036","0","38.61","22.59"
"10","004","00","010","0011","0000","2684","1622","1062","29","2713","7074","0","38.35","22.93"
"10","004","00","010","0011","0098","483","302","181","4","487","1191","0","40.89","25.36"
"10","004","00","010","0011","0099","478","294","184","5","483","1166","0","41.42","25.21"
"10","004","00","010","0011","0100","431","264","167","5","436","1151","0","37.88","22.94"
"10","004","00","010","0011","0101","383","222","161","3","386","1022","0","37.77","21.72"
"10","004","00","010","0011","0102","412","260","152","9","421","1171","0","35.95","22.20"
"10","004","00","010","0011","0103","497","280","217","3","500","1373","0","36.42","20.39"
"10","004","00","010","0012","0000","1770","1036","734","23","1793","4441","0","40.37","23.33"
"10","004","00","010","0012","0109","394","229","165","9","403","1092","0","36.90","20.97"
"10","004","00","010","0012","0110","349","205","144","5","354","862","0","41.07","23.78"
"10","004","00","010","0012","0111","522","295","227","7","529","1259","0","42.02","23.43"
"10","004","00","010","0012","0112","505","307","198","2","507","1228","0","41.29","25.00"
"10","004","00","010","0013","0000","751","384","367","6","757","1986","0","38.12","19.34"
"10","004","00","010","0013","0113","341","166","175","2","343","859","0","39.93","19.32"
"10","004","00","010","0013","0114","410","218","192","4","414","1127","0","36.73","19.34"
"10","004","00","010","0014","0000","1037","525","512","9","1046","2468","0","42.38","21.27"
"10","004","00","010","0014","0115","476","251","225","1","477","1097","0","43.48","22.88"
"10","004","00","010","0014","0116","561","274","287","8","569","1371","0","41.50","19.99"
"10","004","00","010","0015","0000","795","412","383","18","813","2202","0","36.92","18.71"
"10","004","00","010","0015","0118","338","186","152","13","351","984","0","35.67","18.90"
"10","004","00","010","0015","0119","457","226","231","5","462","1218","0","37.93","18.56"
"10","004","00","010","0016","0000","495","183","312","8","503","1218","0","41.30","15.02"
"10","004","00","010","0016","0120","495","183","312","8","503","1218","0","41.30","15.02"
"10","004","00","010","0017","0000","639","251","388","5","644","1607","0","40.07","15.62"
"10","004","00","010","0017","0123","383","156","227","2","385","940","0","40.96","16.60"
"10","004","00","010","0017","0124","256","95","161","3","259","667","0","38.83","14.24"
"10","004","00","010","0018","0000","750","271","479","6","756","1914","0","39.50","14.16"
"10","004","00","010","0018","0127","391","146","245","4","395","966","0","40.89","15.11"
"10","004","00","010","0018","0128","359","125","234","2","361","948","0","38.08","13.19"
"10","004","00","010","0019","0000","691","372","319","9","700","1741","0","40.21","21.37"
"10","004","00","010","0019","0121","368","189","179","5","373","935","0","39.89","20.21"
"10","004","00","010","0019","0122","323","183","140","4","327","806","0","40.57","22.70"
"10","004","00","010","0020","0000","619","250","369","10","629","1683","0","37.37","14.85"
"10","004","00","010","0020","0125","325","124","201","3","328","832","0","39.42","14.90"
"10","004","00","010","0020","0126","294","126","168","7","301","851","0","35.37","14.81"
"10","004","00","010","0021","0000","3049","1663","1386","23","3072","6632","0","46.32","25.08"
"10","004","00","010","0021","0041","576","290","286","4","580","1203","0","48.21","24.11"
"10","004","00","010","0021","0042","537","305","232","9","546","1095","0","49.86","27.85"
"10","004","00","010","0021","0043","512","283","229","3","515","1102","0","46.73","25.68"
"10","004","00","010","0021","0044","595","324","271","5","600","1257","0","47.73","25.78"
"10","004","00","010","0021","0045","436","230","206","2","438","1009","0","43.41","22.79"
"10","004","00","010","0021","0046","393","231","162","0","393","966","0","40.68","23.91"
"10","004","00","010","0022","0000","2308","1277","1031","23","2331","6000","0","38.85","21.28"
"10","004","00","010","0022","0104","457","266","191","2","459","1110","0","41.35","23.96"
"10","004","00","010","0022","0105","447","233","214","1","448","1209","0","37.06","19.27"
"10","004","00","010","0022","0106","408","229","179","12","420","1165","0","36.05","19.66"
"10","004","00","010","0022","0107","481","243","238","4","485","1295","0","37.45","18.76"
"10","004","00","010","0022","0108","515","306","209","4","519","1221","0","42.51","25.06"
"10","004","00","010","0023","0000","398","226","172","6","404","1064","0","37.97","21.24"
"10","004","00","010","0023","0117","398","226","172","6","404","1064","0","37.97","21.24"
"10","004","00","010","0024","0000","1651","1029","622","14","1665","3833","0","43.44","26.85"
"10","004","00","010","0024","0063","521","322","199","7","528","1196","0","44.15","26.92"
"10","004","00","010","0024","0064","605","370","235","3","608","1366","0","44.51","27.09"
"10","004","00","010","0024","0065","525","337","188","4","529","1271","0","41.62","26.51"
"10","004","00","010","0025","0000","2518","1467","1051","29","2547","6255","0","40.72","23.45"
"10","004","00","010","0025","0066","452","281","171","7","459","1187","0","38.67","23.67"
"10","004","00","010","0025","0067","554","318","236","9","563","1312","0","42.91","24.24"
"10","004","00","010","0025","0068","503","291","212","3","506","1191","0","42.49","24.43"
"10","004","00","010","0025","0069","550","321","229","5","555","1239","0","44.79","25.91"
"10","004","00","010","0025","0070","459","256","203","5","464","1326","0","34.99","19.31"
"10","004","00","010","0026","0000","1353","844","509","5","1358","3262","0","41.63","25.87"
"10","004","00","010","0026","0085","432","281","151","1","433","1027","0","42.16","27.36"
"10","004","00","010","0026","0086","506","308","198","3","509","1130","0","45.04","27.26"
"10","004","00","010","0026","0087","415","255","160","1","416","1105","0","37.65","23.08"
"10","004","00","010","0027","0000","2847","1441","1406","25","2872","7126","0","40.30","20.22"
"10","004","00","010","0027","0031","465","244","221","6","471","1182","0","39.85","20.64"
"10","004","00","010","0027","0032","489","287","202","4","493","1198","0","41.15","23.96"
"10","004","00","010","0027","0033","511","224","287","1","512","1202","0","42.60","18.64"
"10","004","00","010","0027","0034","488","210","278","4","492","1285","0","38.29","16.34"
"10","004","00","010","0027","0035","481","229","252","8","489","1123","0","43.54","20.39"
"10","004","00","010","0027","0036","413","247","166","2","415","1136","0","36.53","21.74"
"10","004","00","010","0028","0000","2179","1123","1056","22","2201","5571","0","39.51","20.16"
"10","004","00","010","0028","0037","581","307","274","4","585","1430","0","40.91","21.47"
"10","004","00","010","0028","0038","514","269","245","4","518","1361","0","38.06","19.76"
"10","004","00","010","0028","0039","536","275","261","4","540","1427","0","37.84","19.27"
"10","004","00","010","0028","0040","548","272","276","10","558","1353","0","41.24","20.10"
"10","004","00","010","0029","0000","1472","911","561","14","1486","3538","0","42.00","25.75"
"10","004","00","010","0029","0047","489","302","187","3","492","1202","0","40.93","25.12"
"10","004","00","010","0029","0048","495","308","187","3","498","1125","0","44.27","27.38"
"10","004","00","010","0029","0049","488","301","187","8","496","1211","0","40.96","24.86"
"10","004","00","010","0030","0000","1500","903","597","14","1514","3337","0","45.37","27.06"
"10","004","00","010","0030","0050","519","318","201","7","526","1136","0","46.30","27.99"
"10","004","00","010","0030","0051","473","299","174","4","477","1041","0","45.82","28.72"
"10","004","00","010","0030","0052","508","286","222","3","511","1160","0","44.05","24.66"
"10","004","00","010","0031","0000","2826","1676","1150","13","2839","6155","0","46.13","27.23"
"10","004","00","010","0031","0058","601","400","201","2","603","1221","0","49.39","32.76"
"10","004","00","010","0031","0059","556","321","235","1","557","1176","0","47.36","27.30"
"10","004","00","010","0031","0060","498","263","235","1","499","1201","0","41.55","21.90"
"10","004","00","010","0031","0061","538","334","204","4","542","1200","0","45.17","27.83"
"10","004","00","010","0031","0062","633","358","275","5","638","1357","0","47.02","26.38"
"10","004","00","020","0000","0000","29940","20307","9633","293","30233","80187","96850","37.70","25.32"
"10","004","00","020","0001","0000","99","72","27","1","100","303","0","33.00","23.76"
"10","004","00","020","0001","0129","99","72","27","1","100","303","0","33.00","23.76"
"10","004","00","020","0002","0000","136","84","52","1","137","402","0","34.08","20.90"
"10","004","00","020","0002","0130","136","84","52","1","137","402","0","34.08","20.90"
"10","004","00","020","0003","0000","133","92","41","1","134","369","0","36.31","24.93"
"10","004","00","020","0003","0131","133","92","41","1","134","369","0","36.31","24.93"
"10","004","00","020","0004","0000","833","607","226","6","839","2251","0","37.27","26.97"
"10","004","00","020","0004","0132","376","264","112","2","378","1092","0","34.62","24.18"
"10","004","00","020","0004","0133","457","343","114","4","461","1159","0","39.78","29.59"
"10","004","00","020","0005","0000","1254","893","361","10","1264","3227","0","39.17","27.67"
"10","004","00","020","0005","0142","378","281","97","6","384","995","0","38.59","28.24"
"10","004","00","020","0005","0143","409","294","115","2","411","1185","0","34.68","24.81"
"10","004","00","020","0005","0144","467","318","149","2","469","1047","0","44.79","30.37"
"10","004","00","020","0006","0000","3266","2374","892","36","3302","9255","0","35.68","25.65"
"10","004","00","020","0006","0134","421","296","125","11","432","1189","0","36.33","24.89"
"10","004","00","020","0006","0135","487","389","98","0","487","1217","0","40.02","31.96"
"10","004","00","020","0006","0136","476","340","136","7","483","1278","0","37.79","26.60"
"10","004","00","020","0006","0137","336","242","94","2","338","1345","0","25.13","17.99"
"10","004","00","020","0006","0138","413","309","104","4","417","1204","0","34.63","25.66"
"10","004","00","020","0006","0139","388","290","98","1","389","917","0","42.42","31.62"
"10","004","00","020","0006","0140","328","206","122","3","331","939","0","35.25","21.94"
"10","004","00","020","0006","0141","417","302","115","8","425","1166","0","36.45","25.90"
"10","004","00","020","0007","0000","1601","1123","478","18","1619","4597","0","35.22","24.43"
"10","004","00","020","0007","0147","356","226","130","5","361","1125","0","32.09","20.09"
"10","004","00","020","0007","0148","344","253","91","5","349","1044","0","33.43","24.23"
"10","004","00","020","0007","0149","476","335","141","5","481","1266","0","37.99","26.46"
"10","004","00","020","0007","0150","425","309","116","3","428","1162","0","36.83","26.59"
"10","004","00","020","0008","0000","311","204","107","0","311","643","0","48.37","31.73"
"10","004","00","020","0008","0154","311","204","107","0","311","643","0","48.37","31.73"
"10","004","00","020","0009","0000","986","717","269","8","994","3051","0","32.58","23.50"
"10","004","00","020","0009","0155","277","207","70","3","280","984","0","28.46","21.04"
"10","004","00","020","0009","0156","400","299","101","3","403","969","0","41.59","30.86"
"10","004","00","020","0009","0157","309","211","98","2","311","1098","0","28.32","19.22"
"10","004","00","020","0010","0000","578","348","230","10","588","1321","0","44.51","26.34"
"10","004","00","020","0010","0158","275","165","110","5","280","579","0","48.36","28.50"
"10","004","00","020","0010","0159","303","183","120","5","308","742","0","41.51","24.66"
"10","004","00","020","0011","0000","595","412","183","3","598","1352","0","44.23","30.47"
"10","004","00","020","0011","0169","305","214","91","2","307","693","0","44.30","30.88"
"10","004","00","020","0011","0170","290","198","92","1","291","659","0","44.16","30.05"
"10","004","00","020","0012","0000","1367","953","414","7","1374","3726","0","36.88","25.58"
"10","004","00","020","0012","0162","321","226","95","1","322","923","0","34.89","24.49"
"10","004","00","020","0012","0163","302","211","91","1","303","949","0","31.93","22.23"
"10","004","00","020","0012","0164","330","259","71","1","331","901","0","36.74","28.75"
"10","004","00","020","0012","0165","414","257","157","4","418","953","0","43.86","26.97"
"10","004","00","020","0013","0000","1271","851","420","11","1282","3284","0","39.04","25.91"
"10","004","00","020","0013","0166","384","266","118","2","386","962","0","40.12","27.65"
"10","004","00","020","0013","0167","435","296","139","5","440","1159","0","37.96","25.54"
"10","004","00","020","0013","0168","452","289","163","4","456","1163","0","39.21","24.85"
"10","004","00","020","0014","0000","2409","1650","759","24","2433","7516","0","32.37","21.95"
"10","004","00","020","0014","0177","379","253","126","4","383","1248","0","30.69","20.27"
"10","004","00","020","0014","0178","298","189","109","2","300","1254","0","23.92","15.07"
"10","004","00","020","0014","0179","409","283","126","10","419","1219","0","34.37","23.22"
"10","004","00","020","0014","0180","331","225","106","0","331","1139","0","29.06","19.75"
"10","004","00","020","0014","0181","591","403","188","3","594","1554","0","38.22","25.93"
"10","004","00","020","0014","0182","401","297","104","5","406","1102","0","36.84","26.95"
"10","004","00","020","0015","0000","2368","1571","797","24","2392","6371","0","37.55","24.66"
"10","004","00","020","0015","0184","382","246","136","3","385","1078","0","35.71","22.82"
"10","004","00","020","0015","0185","313","215","98","3","316","1061","0","29.78","20.26"
"10","004","00","020","0015","0186","378","237","141","6","384","977","0","39.30","24.26"
"10","004","00","020","0015","0187","393","263","130","2","395","1090","0","36.24","24.13"
"10","004","00","020","0015","0188","444","277","167","4","448","1086","0","41.25","25.51"
"10","004","00","020","0015","0189","458","333","125","6","464","1079","0","43.00","30.86"
"10","004","00","020","0016","0000","1890","1195","695","21","1911","4492","0","42.54","26.60"
"10","004","00","020","0016","0200","476","296","180","7","483","1108","0","43.59","26.71"
"10","004","00","020","0016","0201","500","329","171","2","502","1181","0","42.51","27.86"
"10","004","00","020","0016","0202","470","289","181","7","477","1124","0","42.44","25.71"
"10","004","00","020","0016","0203","444","281","163","5","449","1079","0","41.61","26.04"
"10","004","00","020","0017","0000","776","488","288","6","782","1905","0","41.05","25.62"
"10","004","00","020","0017","0204","372","220","152","6","378","989","0","38.22","22.24"
"10","004","00","020","0017","0205","404","268","136","0","404","916","0","44.10","29.26"
"10","004","00","020","0018","0000","232","139","93","3","235","585","0","40.17","23.76"
"10","004","00","020","0018","0206","232","139","93","3","235","585","0","40.17","23.76"
"10","004","00","020","0019","0000","4406","2733","1673","39","4445","11579","0","38.39","23.60"
"10","004","00","020","0019","0190","508","333","175","5","513","1184","0","43.33","28.13"
"10","004","00","020","0019","0191","321","194","127","2","323","907","0","35.61","21.39"
"10","004","00","020","0019","0192","803","508","295","11","814","1559","0","52.21","32.58"
"10","004","00","020","0019","0193","266","136","130","2","268","847","0","31.64","16.06"
"10","004","00","020","0019","0194","312","151","161","4","316","946","0","33.40","15.96"
"10","004","00","020","0019","0195","485","261","224","4","489","1282","0","38.14","20.36"
"10","004","00","020","0019","0196","427","281","146","1","428","1186","0","36.09","23.69"
"10","004","00","020","0019","0197","334","212","122","0","334","1228","0","27.20","17.26"
"10","004","00","020","0019","0198","442","305","137","3","445","1202","0","37.02","25.37"
"10","004","00","020","0019","0199","508","352","156","7","515","1238","0","41.60","28.43"
"10","004","00","020","0020","0000","642","474","168","9","651","1672","0","38.94","28.35"
"10","004","00","020","0020","0151","288","229","59","6","294","812","0","36.21","28.20"
"10","004","00","020","0020","0152","354","245","109","3","357","860","0","41.51","28.49"
"10","004","00","020","0021","0000","832","553","279","15","847","2198","0","38.54","25.16"
"10","004","00","020","0021","0145","346","235","111","9","355","895","0","39.66","26.26"
"10","004","00","020","0021","0146","486","318","168","6","492","1303","0","37.76","24.41"
"10","004","00","020","0022","0000","434","306","128","2","436","1002","0","43.51","30.54"
"10","004","00","020","0022","0153","434","306","128","2","436","1002","0","43.51","30.54"
"10","004","00","020","0023","0000","2716","1916","800","29","2745","6974","0","39.36","27.47"
"10","004","00","020","0023","0171","443","336","107","8","451","1165","0","38.71","28.84"
"10","004","00","020","0023","0172","467","327","140","2","469","1119","0","41.91","29.22"
"10","004","00","020","0023","0173","448","316","132","5","453","1135","0","39.91","27.84"
"10","004","00","020","0023","0174","484","332","152","6","490","1219","0","40.20","27.24"
"10","004","00","020","0023","0175","452","311","141","4","456","1213","0","37.59","25.64"
"10","004","00","020","0023","0176","422","294","128","4","426","1123","0","37.93","26.18"
"10","004","00","020","0024","0000","560","384","176","6","566","1533","0","36.92","25.05"
"10","004","00","020","0024","0160","273","181","92","4","277","730","0","37.95","24.79"
"10","004","00","020","0024","0161","287","203","84","2","289","803","0","35.99","25.28"
"10","004","00","020","0025","0000","245","168","77","3","248","579","0","42.83","29.02"
"10","004","00","020","0025","0183","245","168","77","3","248","579","0","42.83","29.02"
"10","004","00","030","0000","0000","11847","7059","4788","140","11987","29144","32991","41.13","24.22"
"10","004","00","030","0001","0000","408","228","180","9","417","1106","0","37.70","20.61"
"10","004","00","030","0001","0227","408","228","180","9","417","1106","0","37.70","20.61"
"10","004","00","030","0002","0000","368","231","137","5","373","857","0","43.52","26.95"
"10","004","00","030","0002","0228","368","231","137","5","373","857","0","43.52","26.95"
"10","004","00","030","0003","0000","1815","1141","674","14","1829","4469","0","40.93","25.53"
"10","004","00","030","0003","0229","376","228","148","7","383","1052","0","36.41","21.67"
"10","004","00","030","0003","0230","430","274","156","4","434","1008","0","43.06","27.18"
"10","004","00","030","0003","0231","391","270","121","1","392","1010","0","38.81","26.73"
"10","004","00","030","0003","0232","618","369","249","2","620","1399","0","44.32","26.38"
"10","004","00","030","0004","0000","725","458","267","6","731","1976","0","36.99","23.18"
"10","004","00","030","0004","0216","375","246","129","4","379","979","0","38.71","25.13"
"10","004","00","030","0004","0217","350","212","138","2","352","997","0","35.31","21.26"
"10","004","00","030","0005","0000","1383","780","603","10","1393","3266","0","42.65","23.88"
"10","004","00","030","0005","0218","544","328","216","4","548","1174","0","46.68","27.94"
"10","004","00","030","0005","0219","456","258","198","3","459","1110","0","41.35","23.24"
"10","004","00","030","0005","0220","383","194","189","3","386","982","0","39.31","19.76"
"10","004","00","030","0006","0000","682","408","274","7","689","1753","0","39.30","23.27"
"10","004","00","030","0006","0214","347","226","121","2","349","894","0","39.04","25.28"
"10","004","00","030","0006","0215","335","182","153","5","340","859","0","39.58","21.19"
"10","004","00","030","0007","0000","1255","803","452","12","1267","3147","0","40.26","25.52"
"10","004","00","030","0007","0210","363","247","116","5","368","908","0","40.53","27.20"
"10","004","00","030","0007","0211","278","182","96","2","280","707","0","39.60","25.74"
"10","004","00","030","0007","0212","401","238","163","5","406","1025","0","39.61","23.22"
"10","004","00","030","0007","0213","213","136","77","0","213","507","0","42.01","26.82"
"10","004","00","030","0008","0000","403","253","150","4","407","964","0","42.22","26.24"
"10","004","00","030","0008","0207","403","253","150","4","407","964","0","42.22","26.24"
"10","004","00","030","0009","0000","250","140","110","3","253","558","0","45.34","25.09"
"10","004","00","030","0009","0208","250","140","110","3","253","558","0","45.34","25.09"
"10","004","00","030","0010","0000","454","317","137","3","457","1011","0","45.20","31.36"
"10","004","00","030","0010","0209","454","317","137","3","457","1011","0","45.20","31.36"
"10","004","00","030","0011","0000","698","422","276","17","715","1823","0","39.22","23.15"
"10","004","00","030","0011","0233","391","215","176","3","394","960","0","41.04","22.40"
"10","004","00","030","0011","0234","307","207","100","14","321","863","0","37.20","23.99"
"10","004","00","030","0012","0000","1050","624","426","13","1063","2507","0","42.40","24.89"
"10","004","00","030","0012","0235","368","210","158","3","371","828","0","44.81","25.36"
"10","004","00","030","0012","0236","349","207","142","5","354","807","0","43.87","25.65"
"10","004","00","030","0012","0237","333","207","126","5","338","872","0","38.76","23.74"
"10","004","00","030","0013","0000","432","244","188","4","436","977","0","44.63","24.97"
"10","004","00","030","0013","0238","432","244","188","4","436","977","0","44.63","24.97"
"10","004","00","030","0014","0000","255","141","114","5","260","642","0","40.50","21.96"
"10","004","00","030","0014","0239","255","141","114","5","260","642","0","40.50","21.96"
"10","004","00","030","0015","0000","489","242","247","8","497","1082","0","45.93","22.37"
"10","004","00","030","0015","0226","489","242","247","8","497","1082","0","45.93","22.37"
"10","004","00","030","0016","0000","476","269","207","10","486","1332","0","36.49","20.20"
"10","004","00","030","0016","0221","236","115","121","7","243","730","0","33.29","15.75"
"10","004","00","030","0016","0222","240","154","86","3","243","602","0","40.37","25.58"
"10","004","00","030","0017","0000","188","95","93","2","190","403","0","47.15","23.57"
"10","004","00","030","0017","0223","188","95","93","2","190","403","0","47.15","23.57"
"10","004","00","030","0018","0000","278","126","152","2","280","701","0","39.94","17.97"
"10","004","00","030","0018","0224","278","126","152","2","280","701","0","39.94","17.97"
"10","004","00","030","0019","0000","238","137","101","6","244","570","0","42.81","24.04"
"10","004","00","030","0019","0225","238","137","101","6","244","570","0","42.81","24.04"
"10","004","00","040","0000","0000","9230","5889","3341","131","9361","24047","27521","38.93","24.49"
"10","004","00","040","0001","0000","223","167","56","1","224","472","0","47.46","35.38"
"10","004","00","040","0001","0240","223","167","56","1","224","472","0","47.46","35.38"
"10","004","00","040","0002","0000","766","538","228","5","771","1896","0","40.66","28.38"
"10","004","00","040","0002","0241","359","255","104","5","364","896","0","40.63","28.46"
"10","004","00","040","0002","0242","407","283","124","0","407","1000","0","40.70","28.30"
"10","004","00","040","0003","0000","290","194","96","4","294","677","0","43.43","28.66"
"10","004","00","040","0003","0243","290","194","96","4","294","677","0","43.43","28.66"
"10","004","00","040","0004","0000","1443","950","493","21","1464","3579","0","40.91","26.54"
"10","004","00","040","0004","0244","510","331","179","8","518","1144","0","45.28","28.93"
"10","004","00","040","0004","0245","487","310","177","5","492","1170","0","42.05","26.50"
"10","004","00","040","0004","0246","446","309","137","8","454","1265","0","35.89","24.43"
"10","004","00","040","0005","0000","398","240","158","9","407","960","0","42.40","25.00"
"10","004","00","040","0005","0248","398","240","158","9","407","960","0","42.40","25.00"
"10","004","00","040","0006","0000","320","186","134","4","324","756","0","42.86","24.60"
"10","004","00","040","0006","0247","320","186","134","4","324","756","0","42.86","24.60"
"10","004","00","040","0007","0000","346","199","147","13","359","1025","0","35.02","19.41"
"10","004","00","040","0007","0249","346","199","147","13","359","1025","0","35.02","19.41"
"10","004","00","040","0008","0000","1310","856","454","11","1321","3726","0","35.45","22.97"
"10","004","00","040","0008","0250","418","279","139","5","423","1200","0","35.25","23.25"
"10","004","00","040","0008","0251","471","297","174","2","473","1290","0","36.67","23.02"
"10","004","00","040","0008","0252","421","280","141","4","425","1236","0","34.39","22.65"
"10","004","00","040","0009","0000","447","282","165","6","453","1248","0","36.30","22.60"
"10","004","00","040","0009","0254","447","282","165","6","453","1248","0","36.30","22.60"
"10","004","00","040","0010","0000","167","94","73","6","173","529","0","32.70","17.77"
"10","004","00","040","0010","0256","167","94","73","6","173","529","0","32.70","17.77"
"10","004","00","040","0011","0000","207","135","72","2","209","549","0","38.07","24.59"
"10","004","00","040","0011","0258","207","135","72","2","209","549","0","38.07","24.59"
"10","004","00","040","0012","0000","285","193","92","3","288","904","0","31.86","21.35"
"10","004","00","040","0012","0259","285","193","92","3","288","904","0","31.86","21.35"
"10","004","00","040","0013","0000","129","67","62","3","132","431","0","30.63","15.55"
"10","004","00","040","0013","0257","129","67","62","3","132","431","0","30.63","15.55"
"10","004","00","040","0014","0000","347","169","178","3","350","787","0","44.47","21.47"
"10","004","00","040","0014","0260","347","169","178","3","350","787","0","44.47","21.47"
"10","004","00","040","0015","0000","656","413","243","6","662","1735","0","38.16","23.80"
"10","004","00","040","0015","0261","355","243","112","2","357","861","0","41.46","28.22"
"10","004","00","040","0015","0262","301","170","131","4","305","874","0","34.90","19.45"
"10","004","00","040","0016","0000","325","215","110","6","331","798","0","41.48","26.94"
"10","004","00","040","0016","0264","325","215","110","6","331","798","0","41.48","26.94"
"10","004","00","040","0017","0000","214","153","61","3","217","537","0","40.41","28.49"
"10","004","00","040","0017","0265","214","153","61","3","217","537","0","40.41","28.49"
"10","004","00","040","0018","0000","308","184","124","12","320","799","0","40.05","23.03"
"10","004","00","040","0018","0266","308","184","124","12","320","799","0","40.05","23.03"
"10","004","00","040","0019","0000","324","191","133","6","330","824","0","40.05","23.18"
"10","004","00","040","0019","0253","324","191","133","6","330","824","0","40.05","23.18"
"10","004","00","040","0020","0000","315","211","104","4","319","889","0","35.88","23.73"
"10","004","00","040","0020","0255","315","211","104","4","319","889","0","35.88","23.73"
"10","004","00","040","0021","0000","410","252","158","3","413","926","0","44.60","27.21"
"10","004","00","040","0021","0263","410","252","158","3","413","926","0","44.60","27.21"
"10","004","00","050","0000","0000","23501","15345","8156","240","23741","65720","79420","36.12","23.35"
"10","004","00","050","0001","0000","516","350","166","7","523","1181","0","44.28","29.64"
"10","004","00","050","0001","0280","516","350","166","7","523","1181","0","44.28","29.64"
"10","004","00","050","0002","0000","378","241","137","4","382","855","0","44.68","28.19"
"10","004","00","050","0002","0279","378","241","137","4","382","855","0","44.68","28.19"
"10","004","00","050","0003","0000","1557","1005","552","24","1581","3959","0","39.93","25.39"
"10","004","00","050","0003","0276","498","302","196","7","505","1347","0","37.49","22.42"
"10","004","00","050","0003","0277","548","383","165","11","559","1295","0","43.17","29.58"
"10","004","00","050","0003","0278","511","320","191","6","517","1317","0","39.26","24.30"
"10","004","00","050","0004","0000","1940","1229","711","22","1962","5246","0","37.40","23.43"
"10","004","00","050","0004","0285","500","320","180","7","507","1441","0","35.18","22.21"
"10","004","00","050","0004","0286","465","299","166","4","469","1148","0","40.85","26.05"
"10","004","00","050","0004","0287","453","265","188","4","457","1367","0","33.43","19.39"
"10","004","00","050","0004","0288","522","345","177","7","529","1290","0","41.01","26.74"
"10","004","00","050","0005","0000","1245","796","449","13","1258","3221","0","39.06","24.71"
"10","004","00","050","0005","0281","722","473","249","8","730","1946","0","37.51","24.31"
"10","004","00","050","0005","0282","523","323","200","5","528","1275","0","41.41","25.33"
"10","004","00","050","0006","0000","1670","1053","617","15","1685","4921","0","34.24","21.40"
"10","004","00","050","0006","0272","404","263","141","6","410","1124","0","36.48","23.40"
"10","004","00","050","0006","0273","480","283","197","6","486","1307","0","37.18","21.65"
"10","004","00","050","0006","0274","372","249","123","1","373","1200","0","31.08","20.75"
"10","004","00","050","0006","0275","414","258","156","2","416","1290","0","32.25","20.00"
"10","004","00","050","0007","0000","1022","589","433","6","1028","2816","0","36.51","20.92"
"10","004","00","050","0007","0267","463","251","212","3","466","1317","0","35.38","19.06"
"10","004","00","050","0007","0268","559","338","221","3","562","1499","0","37.49","22.55"
"10","004","00","050","0008","0000","1115","717","398","12","1127","3163","0","35.63","22.67"
"10","004","00","050","0008","0294","425","274","151","6","431","1177","0","36.62","23.28"
"10","004","00","050","0008","0295","308","205","103","5","313","785","0","39.87","26.11"
"10","004","00","050","0008","0296","382","238","144","1","383","1201","0","31.89","19.82"
"10","004","00","050","0009","0000","370","233","137","2","372","1045","0","35.60","22.30"
"10","004","00","050","0009","0297","370","233","137","2","372","1045","0","35.60","22.30"
"10","004","00","050","0010","0000","1062","669","393","12","1074","2753","0","39.01","24.30"
"10","004","00","050","0010","0298","474","311","163","5","479","1302","0","36.79","23.89"
"10","004","00","050","0010","0299","588","358","230","7","595","1451","0","41.01","24.67"
"10","004","00","050","0011","0000","1001","731","270","16","1017","2452","0","41.48","29.81"
"10","004","00","050","0011","0300","515","372","143","11","526","1227","0","42.87","30.32"
"10","004","00","050","0011","0301","486","359","127","5","491","1225","0","40.08","29.31"
"10","004","00","050","0012","0000","608","416","192","4","612","1495","0","40.94","27.83"
"10","004","00","050","0012","0302","608","416","192","4","612","1495","0","40.94","27.83"
"10","004","00","050","0013","0000","745","466","279","7","752","2217","0","33.92","21.02"
"10","004","00","050","0013","0292","356","203","153","7","363","1088","0","33.36","18.66"
"10","004","00","050","0013","0293","389","263","126","0","389","1129","0","34.46","23.29"
"10","004","00","050","0014","0000","1625","1061","564","15","1640","5086","0","32.25","20.86"
"10","004","00","050","0014","0308","340","244","96","1","341","1050","0","32.48","23.24"
"10","004","00","050","0014","0309","371","229","142","7","378","1289","0","29.33","17.77"
"10","004","00","050","0014","0310","449","301","148","2","451","1279","0","35.26","23.53"
"10","004","00","050","0014","0311","465","287","178","5","470","1468","0","32.02","19.55"
"10","004","00","050","0015","0000","1171","844","327","11","1182","3248","0","36.39","25.99"
"10","004","00","050","0015","0315","345","230","115","2","347","1076","0","32.25","21.38"
"10","004","00","050","0015","0316","479","372","107","7","486","1196","0","40.64","31.10"
"10","004","00","050","0015","0317","347","242","105","2","349","976","0","35.76","24.80"
"10","004","00","050","0016","0000","1883","1350","533","21","1904","6149","0","30.96","21.95"
"10","004","00","050","0016","0303","431","335","96","8","439","1387","0","31.65","24.15"
"10","004","00","050","0016","0304","336","269","67","4","340","1016","0","33.46","26.48"
"10","004","00","050","0016","0305","372","252","120","5","377","1196","0","31.52","21.07"
"10","004","00","050","0016","0306","404","285","119","2","406","1403","0","28.94","20.31"
"10","004","00","050","0016","0307","340","209","131","2","342","1147","0","29.82","18.22"
"10","004","00","050","0017","0000","1419","899","520","10","1429","3854","0","37.08","23.33"
"10","004","00","050","0017","0289","390","236","154","3","393","966","0","40.68","24.43"
"10","004","00","050","0017","0290","393","243","150","1","394","1164","0","33.85","20.88"
"10","004","00","050","0017","0291","636","420","216","6","642","1724","0","37.24","24.36"
"10","004","00","050","0018","0000","1345","839","506","13","1358","3485","0","38.97","24.07"
"10","004","00","050","0018","0283","612","365","247","5","617","1458","0","42.32","25.03"
"10","004","00","050","0018","0284","733","474","259","8","741","2027","0","36.56","23.38"
"10","004","00","050","0019","0000","1467","903","564","10","1477","4375","0","33.76","20.64"
"10","004","00","050","0019","0269","398","233","165","1","399","1220","0","32.70","19.10"
"10","004","00","050","0019","0270","485","300","185","5","490","1551","0","31.59","19.34"
"10","004","00","050","0019","0271","584","370","214","4","588","1604","0","36.66","23.07"
"10","004","00","050","0020","0000","1362","954","408","16","1378","4199","0","32.82","22.72"
"10","004","00","050","0020","0312","512","334","178","3","515","1475","0","34.92","22.64"
"10","004","00","050","0020","0313","432","299","133","3","435","1439","0","30.23","20.78"
"10","004","00","050","0020","0314","418","321","97","10","428","1285","0","33.31","24.98"
"10","004","00","060","0000","0000","16874","10252","6622","187","17061","46779","57654","36.47","21.92"
"10","004","00","060","0001","0000","399","227","172","10","409","1086","0","37.66","20.90"
"10","004","00","060","0001","0318","399","227","172","10","409","1086","0","37.66","20.90"
"10","004","00","060","0002","0000","626","337","289","10","636","1798","0","35.37","18.74"
"10","004","00","060","0002","0326","265","136","129","6","271","795","0","34.09","17.11"
"10","004","00","060","0002","0327","361","201","160","4","365","1003","0","36.39","20.04"
"10","004","00","060","0003","0000","652","386","266","6","658","1867","0","35.24","20.67"
"10","004","00","060","0003","0319","291","179","112","3","294","883","0","33.30","20.27"
"10","004","00","060","0003","0320","361","207","154","3","364","984","0","36.99","21.04"
"10","004","00","060","0004","0000","1017","452","565","7","1024","2772","0","36.94","16.31"
"10","004","00","060","0004","0329","331","159","172","5","336","995","0","33.77","15.98"
"10","004","00","060","0004","0330","333","137","196","1","334","858","0","38.93","15.97"
"10","004","00","060","0004","0331","353","156","197","1","354","919","0","38.52","16.97"
"10","004","00","060","0005","0000","572","347","225","7","579","1847","0","31.35","18.79"
"10","004","00","060","0005","0324","330","200","130","3","333","956","0","34.83","20.92"
"10","004","00","060","0005","0325","242","147","95","4","246","891","0","27.61","16.50"
"10","004","00","060","0006","0000","308","126","182","5","313","833","0","37.58","15.13"
"10","004","00","060","0006","0328","308","126","182","5","313","833","0","37.58","15.13"
"10","004","00","060","0007","0000","1092","684","408","13","1105","3202","0","34.51","21.36"
"10","004","00","060","0007","0321","377","245","132","2","379","990","0","38.28","24.75"
"10","004","00","060","0007","0322","371","228","143","2","373","1123","0","33.21","20.30"
"10","004","00","060","0007","0323","344","211","133","9","353","1089","0","32.42","19.38"
"10","004","00","060","0008","0000","1748","1101","647","30","1778","5247","0","33.89","20.98"
"10","004","00","060","0008","0346","362","222","140","6","368","977","0","37.67","22.72"
"10","004","00","060","0008","0347","401","253","148","10","411","1054","0","38.99","24.00"
"10","004","00","060","0008","0348","301","193","108","3","304","1062","0","28.63","18.17"
"10","004","00","060","0008","0349","314","195","119","7","321","1013","0","31.69","19.25"
"10","004","00","060","0008","0350","370","238","132","4","374","1141","0","32.78","20.86"
"10","004","00","060","0009","0000","730","339","391","3","733","2073","0","35.36","16.35"
"10","004","00","060","0009","0332","331","132","199","2","333","1022","0","32.58","12.92"
"10","004","00","060","0009","0333","399","207","192","1","400","1051","0","38.06","19.70"
"10","004","00","060","0010","0000","987","674","313","5","992","2634","0","37.66","25.59"
"10","004","00","060","0010","0334","508","361","147","2","510","1352","0","37.72","26.70"
"10","004","00","060","0010","0335","479","313","166","3","482","1282","0","37.60","24.41"
"10","004","00","060","0011","0000","1708","1108","600","15","1723","4372","0","39.41","25.34"
"10","004","00","060","0011","0354","452","301","151","4","456","1117","0","40.82","26.95"
"10","004","00","060","0011","0355","389","259","130","4","393","1052","0","37.36","24.62"
"10","004","00","060","0011","0356","447","283","164","5","452","1201","0","37.64","23.56"
"10","004","00","060","0011","0357","420","265","155","2","422","1002","0","42.12","26.45"
"10","004","00","060","0012","0000","570","365","205","13","583","1508","0","38.66","24.20"
"10","004","00","060","0012","0343","273","161","112","9","282","758","0","37.20","21.24"
"10","004","00","060","0012","0344","297","204","93","4","301","750","0","40.13","27.20"
"10","004","00","060","0013","0000","395","239","156","7","402","1044","0","38.51","22.89"
"10","004","00","060","0013","0345","395","239","156","7","402","1044","0","38.51","22.89"
"10","004","00","060","0014","0000","1344","870","474","12","1356","3558","0","38.11","24.45"
"10","004","00","060","0014","0336","471","303","168","4","475","1308","0","36.31","23.17"
"10","004","00","060","0014","0337","454","284","170","3","457","1124","0","40.66","25.27"
"10","004","00","060","0014","0338","419","283","136","5","424","1126","0","37.66","25.13"
"10","004","00","060","0015","0000","1705","1095","610","18","1723","4427","0","38.92","24.73"
"10","004","00","060","0015","0339","391","247","144","4","395","1114","0","35.46","22.17"
"10","004","00","060","0015","0340","384","254","130","5","389","1007","0","38.63","25.22"
"10","004","00","060","0015","0341","429","276","153","3","432","1065","0","40.56","25.92"
"10","004","00","060","0015","0342","501","318","183","6","507","1241","0","40.85","25.62"
"10","004","00","060","0016","0000","2025","1269","756","13","2038","5803","0","35.12","21.87"
"10","004","00","060","0016","0358","428","265","163","5","433","1107","0","39.11","23.94"
"10","004","00","060","0016","0359","428","257","171","2","430","1175","0","36.60","21.87"
"10","004","00","060","0016","0360","419","279","140","1","420","1184","0","35.47","23.56"
"10","004","00","060","0016","0361","348","227","121","0","348","1016","0","34.25","22.34"
"10","004","00","060","0016","0362","402","241","161","5","407","1321","0","30.81","18.24"
"10","004","00","060","0017","0000","996","633","363","13","1009","2708","0","37.26","23.38"
"10","004","00","060","0017","0351","307","203","104","3","310","926","0","33.48","21.92"
"10","004","00","060","0017","0352","282","175","107","5","287","820","0","35.00","21.34"
"10","004","00","060","0017","0353","407","255","152","5","412","962","0","42.83","26.51"
"10","004","00","070","0000","0000","7091","4694","2397","79","7170","17504","19888","40.96","26.82"
"10","004","00","070","0001","0000","200","148","52","0","200","491","0","40.73","30.14"
"10","004","00","070","0001","0364","200","148","52","0","200","491","0","40.73","30.14"
"10","004","00","070","0002","0000","166","119","47","3","169","384","0","44.01","30.99"
"10","004","00","070","0002","0363","166","119","47","3","169","384","0","44.01","30.99"
"10","004","00","070","0003","0000","364","272","92","4","368","934","0","39.40","29.12"
"10","004","00","070","0003","0365","364","272","92","4","368","934","0","39.40","29.12"
"10","004","00","070","0004","0000","158","120","38","1","159","409","0","38.88","29.34"
"10","004","00","070","0004","0366","158","120","38","1","159","409","0","38.88","29.34"
"10","004","00","070","0005","0000","1015","692","323","11","1026","2655","0","38.64","26.06"
"10","004","00","070","0005","0367","507","355","152","3","510","1267","0","40.25","28.02"
"10","004","00","070","0005","0368","508","337","171","8","516","1388","0","37.18","24.28"
"10","004","00","070","0006","0000","588","381","207","9","597","1577","0","37.86","24.16"
"10","004","00","070","0006","0369","301","181","120","5","306","787","0","38.88","23.00"
"10","004","00","070","0006","0370","287","200","87","4","291","790","0","36.84","25.32"
"10","004","00","070","0007","0000","238","171","67","5","243","626","0","38.82","27.32"
"10","004","00","070","0007","0371","238","171","67","5","243","626","0","38.82","27.32"
"10","004","00","070","0008","0000","308","189","119","6","314","779","0","40.31","24.26"
"10","004","00","070","0008","0372","308","189","119","6","314","779","0","40.31","24.26"
"10","004","00","070","0009","0000","926","646","280","10","936","2349","0","39.85","27.50"
"10","004","00","070","0009","0373","445","288","157","6","451","1261","0","35.77","22.84"
"10","004","00","070","0009","0374","481","358","123","4","485","1088","0","44.58","32.90"
"10","004","00","070","0010","0000","655","403","252","10","665","1559","0","42.66","25.85"
"10","004","00","070","0010","0375","289","174","115","8","297","681","0","43.61","25.55"
"10","004","00","070","0010","0376","366","229","137","2","368","878","0","41.91","26.08"
"10","004","00","070","0011","0000","1990","1248","742","16","2006","4643","0","43.20","26.88"
"10","004","00","070","0011","0377","510","333","177","4","514","1165","0","44.12","28.58"
"10","004","00","070","0011","0378","577","370","207","3","580","1366","0","42.46","27.09"
"10","004","00","070","0011","0379","520","292","228","6","526","1047","0","50.24","27.89"
"10","004","00","070","0011","0380","383","253","130","3","386","1065","0","36.24","23.76"
"10","004","00","070","0012","0000","483","305","178","4","487","1098","0","44.35","27.78"
"10","004","00","070","0012","0381","483","305","178","4","487","1098","0","44.35","27.78"
"10","004","00","080","0000","0000","4312","3031","1281","74","4386","11007","12408","39.85","27.54"
"10","004","00","080","0001","0000","1217","836","381","21","1238","3300","0","37.52","25.33"
"10","004","00","080","0001","0382","478","322","156","8","486","1176","0","41.33","27.38"
"10","004","00","080","0001","0383","369","256","113","7","376","1021","0","36.83","25.07"
"10","004","00","080","0001","0384","370","258","112","6","376","1103","0","34.09","23.39"
"10","004","00","080","0002","0000","341","210","131","6","347","847","0","40.97","24.79"
"10","004","00","080","0002","0385","341","210","131","6","347","847","0","40.97","24.79"
"10","004","00","080","0003","0000","79","57","22","1","80","180","0","44.44","31.67"
"10","004","00","080","0003","0386","79","57","22","1","80","180","0","44.44","31.67"
"10","004","00","080","0004","0000","75","44","31","2","77","203","0","37.93","21.67"
"10","004","00","080","0004","0387","75","44","31","2","77","203","0","37.93","21.67"
"10","004","00","080","0005","0000","120","83","37","2","122","320","0","38.13","25.94"
"10","004","00","080","0005","0388","120","83","37","2","122","320","0","38.13","25.94"
"10","004","00","080","0006","0000","343","243","100","7","350","882","0","39.68","27.55"
"10","004","00","080","0006","0389","343","243","100","7","350","882","0","39.68","27.55"
"10","004","00","080","0007","0000","162","104","58","4","166","419","0","39.62","24.82"
"10","004","00","080","0007","0392","162","104","58","4","166","419","0","39.62","24.82"
"10","004","00","080","0008","0000","410","273","137","8","418","938","0","44.56","29.10"
"10","004","00","080","0008","0393","293","200","93","7","300","675","0","44.44","29.63"
"10","004","00","080","0008","0394","117","73","44","1","118","263","0","44.87","27.76"
"10","004","00","080","0009","0000","621","470","151","13","634","1488","0","42.61","31.59"
"10","004","00","080","0009","0395","272","206","66","3","275","661","0","41.60","31.16"
"10","004","00","080","0009","0396","349","264","85","10","359","827","0","43.41","31.92"
"10","004","00","080","0010","0000","606","461","145","6","612","1628","0","37.59","28.32"
"10","004","00","080","0010","0397","314","243","71","4","318","832","0","38.22","29.21"
"10","004","00","080","0010","0398","292","218","74","2","294","796","0","36.93","27.39"
"10","004","00","080","0011","0000","338","250","88","4","342","802","0","42.64","31.17"
"10","004","00","080","0011","0390","141","107","34","1","142","273","0","52.01","39.19"
"10","004","00","080","0011","0391","197","143","54","3","200","529","0","37.81","27.03"
"10","004","00","090","0000","0000","2936","2000","936","32","2968","7870","8864","37.71","25.41"
"10","004","00","090","0001","0000","411","276","135","4","415","1117","0","37.15","24.71"
"10","004","00","090","0001","0399","411","276","135","4","415","1117","0","37.15","24.71"
"10","004","00","090","0002","0000","414","291","123","8","422","1142","0","36.95","25.48"
"10","004","00","090","0002","0400","414","291","123","8","422","1142","0","36.95","25.48"
"10","004","00","090","0003","0000","935","624","311","8","943","2547","0","37.02","24.50"
"10","004","00","090","0003","0402","357","236","121","4","361","918","0","39.32","25.71"
"10","004","00","090","0003","0403","286","196","90","3","289","793","0","36.44","24.72"
"10","004","00","090","0003","0404","292","192","100","1","293","836","0","35.05","22.97"
"10","004","00","090","0004","0000","278","170","108","4","282","818","0","34.47","20.78"
"10","004","00","090","0004","0405","278","170","108","4","282","818","0","34.47","20.78"
"10","004","00","090","0005","0000","181","133","48","0","181","363","0","49.86","36.64"
"10","004","00","090","0005","0406","181","133","48","0","181","363","0","49.86","36.64"
"10","004","00","090","0006","0000","271","206","65","1","272","720","0","37.78","28.61"
"10","004","00","090","0006","0407","271","206","65","1","272","720","0","37.78","28.61"
"10","004","00","090","0007","0000","185","131","54","2","187","541","0","34.57","24.21"
"10","004","00","090","0007","0401","185","131","54","2","187","541","0","34.57","24.21"
"10","004","00","090","0008","0000","141","98","43","3","144","325","0","44.31","30.15"
"10","004","00","090","0008","0408","141","98","43","3","144","325","0","44.31","30.15"
"10","004","00","090","0009","0000","120","71","49","2","122","297","0","41.08","23.91"
"10","004","00","090","0009","0409","120","71","49","2","122","297","0","41.08","23.91"
"10","004","00","100","0000","0000","5140","3210","1930","44","5184","13015","14570","39.83","24.66"
"10","004","00","100","0001","0000","1014","618","396","8","1022","2659","0","38.44","23.24"
"10","004","00","100","0001","0410","392","231","161","1","393","1101","0","35.69","20.98"
"10","004","00","100","0001","0411","622","387","235","7","629","1558","0","40.37","24.84"
"10","004","00","100","0002","0000","872","536","336","7","879","2006","0","43.82","26.72"
"10","004","00","100","0002","0414","459","290","169","3","462","975","0","47.38","29.74"
"10","004","00","100","0002","0415","413","246","167","4","417","1031","0","40.45","23.86"
"10","004","00","100","0003","0000","397","241","156","7","404","1015","0","39.80","23.74"
"10","004","00","100","0003","0416","397","241","156","7","404","1015","0","39.80","23.74"
"10","004","00","100","0004","0000","427","254","173","3","430","1168","0","36.82","21.75"
"10","004","00","100","0004","0417","427","254","173","3","430","1168","0","36.82","21.75"
"10","004","00","100","0005","0000","326","206","120","1","327","794","0","41.18","25.94"
"10","004","00","100","0005","0419","326","206","120","1","327","794","0","41.18","25.94"
"10","004","00","100","0006","0000","231","155","76","2","233","731","0","31.87","21.20"
"10","004","00","100","0006","0418","231","155","76","2","233","731","0","31.87","21.20"
"10","004","00","100","0007","0000","247","159","88","2","249","541","0","46.03","29.39"
"10","004","00","100","0007","0422","247","159","88","2","249","541","0","46.03","29.39"
"10","004","00","100","0008","0000","342","216","126","5","347","847","0","40.97","25.50"
"10","004","00","100","0008","0420","342","216","126","5","347","847","0","40.97","25.50"
"10","004","00","100","0009","0000","251","166","85","1","252","578","0","43.60","28.72"
"10","004","00","100","0009","0421","251","166","85","1","252","578","0","43.60","28.72"
"10","004","00","100","0010","0000","1033","659","374","8","1041","2676","0","38.90","24.63"
"10","004","00","100","0010","0412","585","359","226","5","590","1507","0","39.15","23.82"
"10","004","00","100","0010","0413","448","300","148","3","451","1169","0","38.58","25.66"
"10","004","00","110","0000","0000","1946","1237","709","22","1968","4838","5323","40.68","25.57"
"10","004","00","110","0001","0000","368","257","111","7","375","815","0","46.01","31.53"
"10","004","00","110","0001","0423","368","257","111","7","375","815","0","46.01","31.53"
"10","004","00","110","0002","0000","267","156","111","6","273","665","0","41.05","23.46"
"10","004","00","110","0002","0424","267","156","111","6","273","665","0","41.05","23.46"
"10","004","00","110","0003","0000","242","158","84","0","242","563","0","42.98","28.06"
"10","004","00","110","0003","0425","242","158","84","0","242","563","0","42.98","28.06"
"10","004","00","110","0004","0000","493","316","177","3","496","1340","0","37.01","23.58"
"10","004","00","110","0004","0428","240","165","75","2","242","646","0","37.46","25.54"
"10","004","00","110","0004","0429","253","151","102","1","254","694","0","36.60","21.76"
"10","004","00","110","0005","0000","248","157","91","1","249","605","0","41.16","25.95"
"10","004","00","110","0005","0426","142","92","50","1","143","343","0","41.69","26.82"
"10","004","00","110","0005","0427","106","65","41","0","106","262","0","40.46","24.81"
"10","004","00","110","0006","0000","328","193","135","5","333","850","0","39.18","22.71"
"10","004","00","110","0006","0430","186","112","74","1","187","448","0","41.74","25.00"
"10","004","00","110","0006","0431","142","81","61","4","146","402","0","36.32","20.15"
"10","004","00","120","0000","0000","1712","1358","354","17","1729","7360","9561","23.49","18.45"
"10","004","00","120","0001","0000","168","128","40","1","169","587","0","28.79","21.81"
"10","004","00","120","0001","0434","69","49","20","0","69","217","0","31.80","22.58"
"10","004","00","120","0001","0435","99","79","20","1","100","370","0","27.03","21.35"
"10","004","00","120","0002","0000","269","213","56","2","271","818","0","33.13","26.04"
"10","004","00","120","0002","0432","145","118","27","2","147","457","0","32.17","25.82"
"10","004","00","120","0002","0433","124","95","29","0","124","361","0","34.35","26.32"
"10","004","00","120","0003","0000","313","269","44","5","318","1210","0","26.28","22.23"
"10","004","00","120","0003","0436","206","174","32","4","210","734","0","28.61","23.71"
"10","004","00","120","0003","0437","107","95","12","1","108","476","0","22.69","19.96"
"10","004","00","120","0004","0000","202","172","30","2","204","626","0","32.59","27.48"
"10","004","00","120","0004","0440","202","172","30","2","204","626","0","32.59","27.48"
"10","004","00","120","0005","0000","257","211","46","1","258","1161","0","22.22","18.17"
"10","004","00","120","0005","0438","110","89","21","1","111","532","0","20.86","16.73"
"10","004","00","120","0005","0439","147","122","25","0","147","629","0","23.37","19.40"
"10","004","00","120","0006","0000","242","169","73","2","244","1329","0","18.36","12.72"
"10","004","00","120","0006","0441","110","87","23","1","111","613","0","18.11","14.19"
"10","004","00","120","0006","0442","85","61","24","1","86","589","0","14.60","10.36"
"10","004","00","120","0006","0443","47","21","26","0","47","127","0","37.01","16.54"
"10","004","00","120","0007","0000","261","196","65","4","265","1629","0","16.27","12.03"
"10","004","00","120","0007","0444","92","80","12","1","93","488","0","19.06","16.39"
"10","004","00","120","0007","0445","109","88","21","3","112","825","0","13.58","10.67"
"10","004","00","120","0007","0446","60","28","32","0","60","316","0","18.99","8.86"
"10","004","00","130","0000","0000","1010","804","206","9","1019","3736","4431","27.28","21.52"
"10","004","00","130","0001","0000","346","304","42","4","350","1281","0","27.32","23.73"
"10","004","00","130","0001","0447","172","155","17","2","174","632","0","27.53","24.53"
"10","004","00","130","0001","0448","174","149","25","2","176","649","0","27.12","22.96"
"10","004","00","130","0002","0000","205","160","45","1","206","711","0","28.97","22.50"
"10","004","00","130","0002","0451","205","160","45","1","206","711","0","28.97","22.50"
"10","004","00","130","0003","0000","100","79","21","0","100","377","0","26.53","20.95"
"10","004","00","130","0003","0452","100","79","21","0","100","377","0","26.53","20.95"
"10","004","00","130","0004","0000","359","261","98","4","363","1367","0","26.55","19.09"
"10","004","00","130","0004","0449","144","106","38","1","145","535","0","27.10","19.81"
"10","004","00","130","0004","0450","215","155","60","3","218","832","0","26.20","18.63"
"10","005","00","000","0000","0000","169836","105241","64595","1703","171539","457991","540312","37.45","22.98"
"10","005","00","010","0000","0000","29521","20430","9091","265","29786","73644","87384","40.45","27.74"
"10","005","00","010","0001","0000","477","328","149","2","479","1116","0","42.92","29.39"
"10","005","00","010","0001","0001","477","328","149","2","479","1116","0","42.92","29.39"
"10","005","00","010","0002","0000","1694","1201","493","12","1706","4048","0","42.14","29.67"
"10","005","00","010","0002","0049","410","290","120","0","410","1004","0","40.84","28.88"
"10","005","00","010","0002","0050","452","291","161","1","453","997","0","45.44","29.19"
"10","005","00","010","0002","0051","392","284","108","5","397","1050","0","37.81","27.05"
"10","005","00","010","0002","0052","440","336","104","6","446","997","0","44.73","33.70"
"10","005","00","010","0003","0000","361","243","118","4","365","1005","0","36.32","24.18"
"10","005","00","010","0003","0002","361","243","118","4","365","1005","0","36.32","24.18"
"10","005","00","010","0004","0000","1031","750","281","7","1038","2166","0","47.92","34.63"
"10","005","00","010","0004","0009","521","374","147","4","525","1082","0","48.52","34.57"
"10","005","00","010","0004","0010","510","376","134","3","513","1084","0","47.32","34.69"
"10","005","00","010","0005","0000","1530","1105","425","16","1546","3579","0","43.20","30.87"
"10","005","00","010","0005","0011","433","285","148","6","439","1096","0","40.05","26.00"
"10","005","00","010","0005","0012","527","397","130","6","533","1248","0","42.71","31.81"
"10","005","00","010","0005","0013","570","423","147","4","574","1235","0","46.48","34.25"
"10","005","00","010","0006","0000","1493","1083","410","18","1511","3590","0","42.09","30.17"
"10","005","00","010","0006","0006","524","382","142","8","532","1189","0","44.74","32.13"
"10","005","00","010","0006","0007","519","395","124","3","522","1272","0","41.04","31.05"
"10","005","00","010","0006","0008","450","306","144","7","457","1129","0","40.48","27.10"
"10","005","00","010","0007","0000","1224","889","335","12","1236","3260","0","37.91","27.27"
"10","005","00","010","0007","0003","410","313","97","4","414","1093","0","37.88","28.64"
"10","005","00","010","0007","0004","412","303","109","4","416","1088","0","38.24","27.85"
"10","005","00","010","0007","0005","402","273","129","4","406","1079","0","37.63","25.30"
"10","005","00","010","0008","0000","321","223","98","2","323","805","0","40.12","27.70"
"10","005","00","010","0008","0014","321","223","98","2","323","805","0","40.12","27.70"
"10","005","00","010","0009","0000","1208","832","376","5","1213","3216","0","37.72","25.87"
"10","005","00","010","0009","0015","351","238","113","2","353","963","0","36.66","24.71"
"10","005","00","010","0009","0016","412","275","137","1","413","1117","0","36.97","24.62"
"10","005","00","010","0009","0017","445","319","126","2","447","1136","0","39.35","28.08"
"10","005","00","010","0010","0000","360","228","132","8","368","856","0","42.99","26.64"
"10","005","00","010","0010","0019","360","228","132","8","368","856","0","42.99","26.64"
"10","005","00","010","0011","0000","231","146","85","3","234","497","0","47.08","29.38"
"10","005","00","010","0011","0020","231","146","85","3","234","497","0","47.08","29.38"
"10","005","00","010","0012","0000","355","215","140","2","357","841","0","42.45","25.56"
"10","005","00","010","0012","0018","355","215","140","2","357","841","0","42.45","25.56"
"10","005","00","010","0013","0000","1653","1129","524","7","1660","3843","0","43.20","29.38"
"10","005","00","010","0013","0024","507","348","159","1","508","1203","0","42.23","28.93"
"10","005","00","010","0013","0025","482","342","140","2","484","1112","0","43.53","30.76"
"10","005","00","010","0013","0026","360","256","104","1","361","772","0","46.76","33.16"
"10","005","00","010","0013","0027","304","183","121","3","307","756","0","40.61","24.21"
"10","005","00","010","0014","0000","500","321","179","8","508","1333","0","38.11","24.08"
"10","005","00","010","0014","0021","500","321","179","8","508","1333","0","38.11","24.08"
"10","005","00","010","0015","0000","669","433","236","10","679","1503","0","45.18","28.81"
"10","005","00","010","0015","0031","273","194","79","5","278","574","0","48.43","33.80"
"10","005","00","010","0015","0032","396","239","157","5","401","929","0","43.16","25.73"
"10","005","00","010","0016","0000","2073","1407","666","17","2090","5025","0","41.59","28.00"
"10","005","00","010","0016","0033","509","346","163","4","513","1192","0","43.04","29.03"
"10","005","00","010","0016","0034","551","374","177","5","556","1433","0","38.80","26.10"
"10","005","00","010","0016","0035","488","334","154","3","491","1165","0","42.15","28.67"
"10","005","00","010","0016","0036","525","353","172","5","530","1235","0","42.91","28.58"
"10","005","00","010","0017","0000","1387","959","428","10","1397","3087","0","45.25","31.07"
"10","005","00","010","0017","0028","416","284","132","3","419","1000","0","41.90","28.40"
"10","005","00","010","0017","0029","514","368","146","6","520","1128","0","46.10","32.62"
"10","005","00","010","0017","0030","457","307","150","1","458","959","0","47.76","32.01"
"10","005","00","010","0018","0000","1381","956","425","12","1393","3365","0","41.40","28.41"
"10","005","00","010","0018","0037","490","343","147","6","496","1177","0","42.14","29.14"
"10","005","00","010","0018","0038","431","292","139","4","435","1042","0","41.75","28.02"
"10","005","00","010","0018","0039","460","321","139","2","462","1146","0","40.31","28.01"
"10","005","00","010","0019","0000","1572","1058","514","15","1587","4152","0","38.22","25.48"
"10","005","00","010","0019","0040","545","373","172","6","551","1409","0","39.11","26.47"
"10","005","00","010","0019","0041","506","337","169","0","506","1342","0","37.70","25.11"
"10","005","00","010","0019","0042","521","348","173","9","530","1401","0","37.83","24.84"
"10","005","00","010","0020","0000","440","300","140","8","448","1166","0","38.42","25.73"
"10","005","00","010","0020","0063","440","300","140","8","448","1166","0","38.42","25.73"
"10","005","00","010","0021","0000","1605","1106","499","8","1613","4041","0","39.92","27.37"
"10","005","00","010","0021","0057","531","366","165","2","533","1307","0","40.78","28.00"
"10","005","00","010","0021","0058","516","344","172","3","519","1350","0","38.44","25.48"
"10","005","00","010","0021","0059","558","396","162","3","561","1384","0","40.53","28.61"
"10","005","00","010","0022","0000","2048","1431","617","17","2065","5344","0","38.64","26.78"
"10","005","00","010","0022","0053","412","292","120","2","414","1079","0","38.37","27.06"
"10","005","00","010","0022","0054","462","339","123","2","464","1165","0","39.83","29.10"
"10","005","00","010","0022","0055","625","425","200","9","634","1484","0","42.72","28.64"
"10","005","00","010","0022","0056","549","375","174","4","553","1616","0","34.22","23.21"
"10","005","00","010","0023","0000","940","648","292","8","948","2448","0","38.73","26.47"
"10","005","00","010","0023","0022","520","351","169","3","523","1382","0","37.84","25.40"
"10","005","00","010","0023","0023","420","297","123","5","425","1066","0","39.87","27.86"
"10","005","00","010","0024","0000","569","375","194","7","576","1664","0","34.62","22.54"
"10","005","00","010","0024","0066","264","194","70","5","269","793","0","33.92","24.46"
"10","005","00","010","0024","0067","305","181","124","2","307","871","0","35.25","20.78"
"10","005","00","010","0025","0000","1254","887","367","13","1267","3443","0","36.80","25.76"
"10","005","00","010","0025","0043","467","321","146","3","470","1250","0","37.60","25.68"
"10","005","00","010","0025","0044","388","275","113","8","396","984","0","40.24","27.95"
"10","005","00","010","0025","0045","399","291","108","2","401","1209","0","33.17","24.07"
"10","005","00","010","0026","0000","1239","878","361","15","1254","2769","0","45.29","31.71"
"10","005","00","010","0026","0046","395","283","112","4","399","998","0","39.98","28.36"
"10","005","00","010","0026","0047","402","293","109","6","408","835","0","48.86","35.09"
"10","005","00","010","0026","0048","442","302","140","5","447","936","0","47.76","32.26"
"10","005","00","010","0027","0000","645","446","199","5","650","1926","0","33.75","23.16"
"10","005","00","010","0027","0064","349","239","110","2","351","1039","0","33.78","23.00"
"10","005","00","010","0027","0065","296","207","89","3","299","887","0","33.71","23.34"
"10","005","00","010","0028","0000","1261","853","408","14","1275","3556","0","35.85","23.99"
"10","005","00","010","0028","0060","492","355","137","4","496","1274","0","38.93","27.86"
"10","005","00","010","0028","0061","471","306","165","5","476","1390","0","34.24","22.01"
"10","005","00","010","0028","0062","298","192","106","5","303","892","0","33.97","21.52"
"10","005","00","020","0000","0000","13649","5947","7702","114","13763","38502","44437","35.75","15.45"
"10","005","00","020","0001","0000","820","394","426","7","827","2145","0","38.55","18.37"
"10","005","00","020","0001","0068","357","175","182","4","361","847","0","42.62","20.66"
"10","005","00","020","0001","0069","463","219","244","3","466","1298","0","35.90","16.87"
"10","005","00","020","0002","0000","604","260","344","1","605","1435","0","42.16","18.12"
"10","005","00","020","0002","0070","354","156","198","1","355","754","0","47.08","20.69"
"10","005","00","020","0002","0071","250","104","146","0","250","681","0","36.71","15.27"
"10","005","00","020","0003","0000","361","152","209","5","366","878","0","41.69","17.31"
"10","005","00","020","0003","0072","361","152","209","5","366","878","0","41.69","17.31"
"10","005","00","020","0004","0000","575","225","350","3","578","1612","0","35.86","13.96"
"10","005","00","020","0004","0073","296","138","158","1","297","832","0","35.70","16.59"
"10","005","00","020","0004","0074","279","87","192","2","281","780","0","36.03","11.15"
"10","005","00","020","0005","0000","416","126","290","7","423","1191","0","35.52","10.58"
"10","005","00","020","0005","0075","416","126","290","7","423","1191","0","35.52","10.58"
"10","005","00","020","0006","0000","710","295","415","4","714","1961","0","36.41","15.04"
"10","005","00","020","0006","0076","423","185","238","3","426","1130","0","37.70","16.37"
"10","005","00","020","0006","0077","287","110","177","1","288","831","0","34.66","13.24"
"10","005","00","020","0007","0000","344","133","211","2","346","1037","0","33.37","12.83"
"10","005","00","020","0007","0078","344","133","211","2","346","1037","0","33.37","12.83"
"10","005","00","020","0008","0000","773","336","437","4","777","2186","0","35.54","15.37"
"10","005","00","020","0008","0079","389","170","219","2","391","1098","0","35.61","15.48"
"10","005","00","020","0008","0080","384","166","218","2","386","1088","0","35.48","15.26"
"10","005","00","020","0009","0000","1519","684","835","9","1528","3952","0","38.66","17.31"
"10","005","00","020","0009","0081","517","223","294","4","521","1415","0","36.82","15.76"
"10","005","00","020","0009","0082","481","218","263","3","484","1285","0","37.67","16.96"
"10","005","00","020","0009","0083","521","243","278","2","523","1252","0","41.77","19.41"
"10","005","00","020","0010","0000","711","307","404","6","717","2128","0","33.69","14.43"
"10","005","00","020","0010","0084","359","150","209","3","362","1054","0","34.35","14.23"
"10","005","00","020","0010","0085","352","157","195","3","355","1074","0","33.05","14.62"
"10","005","00","020","0011","0000","285","99","186","0","285","912","0","31.25","10.86"
"10","005","00","020","0011","0086","285","99","186","0","285","912","0","31.25","10.86"
"10","005","00","020","0012","0000","224","76","148","0","224","628","0","35.67","12.10"
"10","005","00","020","0012","0087","224","76","148","0","224","628","0","35.67","12.10"
"10","005","00","020","0013","0000","536","250","286","5","541","1353","0","39.99","18.48"
"10","005","00","020","0013","0088","536","250","286","5","541","1353","0","39.99","18.48"
"10","005","00","020","0014","0000","485","213","272","1","486","1350","0","36.00","15.78"
"10","005","00","020","0014","0089","241","77","164","1","242","665","0","36.39","11.58"
"10","005","00","020","0014","0090","244","136","108","0","244","685","0","35.62","19.85"
"10","005","00","020","0015","0000","623","300","323","10","633","1788","0","35.40","16.78"
"10","005","00","020","0015","0091","321","152","169","6","327","893","0","36.62","17.02"
"10","005","00","020","0015","0092","302","148","154","4","306","895","0","34.19","16.54"
"10","005","00","020","0016","0000","426","202","224","4","430","1235","0","34.82","16.36"
"10","005","00","020","0016","0093","426","202","224","4","430","1235","0","34.82","16.36"
"10","005","00","020","0017","0000","185","94","91","2","187","546","0","34.25","17.22"
"10","005","00","020","0017","0094","185","94","91","2","187","546","0","34.25","17.22"
"10","005","00","020","0018","0000","276","144","132","1","277","770","0","35.97","18.70"
"10","005","00","020","0018","0095","276","144","132","1","277","770","0","35.97","18.70"
"10","005","00","020","0019","0000","770","318","452","10","780","2413","0","32.32","13.18"
"10","005","00","020","0019","0103","362","158","204","5","367","1137","0","32.28","13.90"
"10","005","00","020","0019","0104","408","160","248","5","413","1276","0","32.37","12.54"
"10","005","00","020","0020","0000","567","210","357","7","574","1649","0","34.81","12.73"
"10","005","00","020","0020","0097","297","109","188","3","300","881","0","34.05","12.37"
"10","005","00","020","0020","0098","270","101","169","4","274","768","0","35.68","13.15"
"10","005","00","020","0021","0000","559","260","299","11","570","1604","0","35.54","16.21"
"10","005","00","020","0021","0099","270","159","111","4","274","781","0","35.08","20.36"
"10","005","00","020","0021","0100","289","101","188","7","296","823","0","35.97","12.27"
"10","005","00","020","0022","0000","558","243","315","4","562","1758","0","31.97","13.82"
"10","005","00","020","0022","0101","273","102","171","1","274","827","0","33.13","12.33"
"10","005","00","020","0022","0102","285","141","144","3","288","931","0","30.93","15.15"
"10","005","00","020","0023","0000","224","84","140","1","225","680","0","33.09","12.35"
"10","005","00","020","0023","0096","224","84","140","1","225","680","0","33.09","12.35"
"10","005","00","020","0024","0000","437","221","216","6","443","1419","0","31.22","15.57"
"10","005","00","020","0024","0105","437","221","216","6","443","1419","0","31.22","15.57"
"10","005","00","020","0025","0000","661","321","340","4","665","1872","0","35.52","17.15"
"10","005","00","020","0025","0106","356","187","169","1","357","987","0","36.17","18.95"
"10","005","00","020","0025","0107","305","134","171","3","308","885","0","34.80","15.14"
"10","005","00","030","0000","0000","9738","4574","5164","102","9840","28819","32701","34.14","15.87"
"10","005","00","030","0001","0000","407","181","226","4","411","1064","0","38.63","17.01"
"10","005","00","030","0001","0108","407","181","226","4","411","1064","0","38.63","17.01"
"10","005","00","030","0002","0000","795","374","421","3","798","1916","0","41.65","19.52"
"10","005","00","030","0002","0109","385","167","218","2","387","864","0","44.79","19.33"
"10","005","00","030","0002","0110","410","207","203","1","411","1052","0","39.07","19.68"
"10","005","00","030","0003","0000","720","322","398","8","728","1805","0","40.33","17.84"
"10","005","00","030","0003","0111","366","151","215","3","369","973","0","37.92","15.52"
"10","005","00","030","0003","0112","354","171","183","5","359","832","0","43.15","20.55"
"10","005","00","030","0004","0000","513","216","297","10","523","1531","0","34.16","14.11"
"10","005","00","030","0004","0116","260","126","134","6","266","737","0","36.09","17.10"
"10","005","00","030","0004","0117","253","90","163","4","257","794","0","32.37","11.34"
"10","005","00","030","0005","0000","247","110","137","3","250","676","0","36.98","16.27"
"10","005","00","030","0005","0115","247","110","137","3","250","676","0","36.98","16.27"
"10","005","00","030","0006","0000","877","400","477","4","881","2637","0","33.41","15.17"
"10","005","00","030","0006","0118","345","164","181","0","345","929","0","37.14","17.65"
"10","005","00","030","0006","0119","305","129","176","3","308","938","0","32.84","13.75"
"10","005","00","030","0006","0120","227","107","120","1","228","770","0","29.61","13.90"
"10","005","00","030","0007","0000","225","106","119","2","227","658","0","34.50","16.11"
"10","005","00","030","0007","0127","225","106","119","2","227","658","0","34.50","16.11"
"10","005","00","030","0008","0000","311","137","174","11","322","903","0","35.66","15.17"
"10","005","00","030","0008","0128","311","137","174","11","322","903","0","35.66","15.17"
"10","005","00","030","0009","0000","291","119","172","3","294","769","0","38.23","15.47"
"10","005","00","030","0009","0129","291","119","172","3","294","769","0","38.23","15.47"
"10","005","00","030","0010","0000","223","118","105","6","229","622","0","36.82","18.97"
"10","005","00","030","0010","0130","223","118","105","6","229","622","0","36.82","18.97"
"10","005","00","030","0011","0000","393","211","182","7","400","1189","0","33.64","17.75"
"10","005","00","030","0011","0131","393","211","182","7","400","1189","0","33.64","17.75"
"10","005","00","030","0012","0000","440","215","225","6","446","1325","0","33.66","16.23"
"10","005","00","030","0012","0132","440","215","225","6","446","1325","0","33.66","16.23"
"10","005","00","030","0013","0000","460","191","269","2","462","1379","0","33.50","13.85"
"10","005","00","030","0013","0133","246","121","125","0","246","628","0","39.17","19.27"
"10","005","00","030","0013","0134","214","70","144","2","216","751","0","28.76","9.32"
"10","005","00","030","0014","0000","527","249","278","5","532","1822","0","29.20","13.67"
"10","005","00","030","0014","0121","202","89","113","4","206","734","0","28.07","12.13"
"10","005","00","030","0014","0122","325","160","165","1","326","1088","0","29.96","14.71"
"10","005","00","030","0015","0000","145","82","63","0","145","415","0","34.94","19.76"
"10","005","00","030","0015","0123","145","82","63","0","145","415","0","34.94","19.76"
"10","005","00","030","0016","0000","294","187","107","2","296","856","0","34.58","21.85"
"10","005","00","030","0016","0124","294","187","107","2","296","856","0","34.58","21.85"
"10","005","00","030","0017","0000","124","84","40","0","124","385","0","32.21","21.82"
"10","005","00","030","0017","0125","124","84","40","0","124","385","0","32.21","21.82"
"10","005","00","030","0018","0000","226","121","105","4","230","770","0","29.87","15.71"
"10","005","00","030","0018","0126","226","121","105","4","230","770","0","29.87","15.71"
"10","005","00","030","0019","0000","629","308","321","4","633","2187","0","28.94","14.08"
"10","005","00","030","0019","0135","321","140","181","3","324","1075","0","30.14","13.02"
"10","005","00","030","0019","0136","308","168","140","1","309","1112","0","27.79","15.11"
"10","005","00","030","0020","0000","338","112","226","2","340","1078","0","31.54","10.39"
"10","005","00","030","0020","0137","338","112","226","2","340","1078","0","31.54","10.39"
"10","005","00","030","0021","0000","222","93","129","1","223","709","0","31.45","13.12"
"10","005","00","030","0021","0138","222","93","129","1","223","709","0","31.45","13.12"
"10","005","00","030","0022","0000","426","224","202","4","430","1405","0","30.60","15.94"
"10","005","00","030","0022","0139","224","120","104","3","227","607","0","37.40","19.77"
"10","005","00","030","0022","0140","202","104","98","1","203","798","0","25.44","13.03"
"10","005","00","030","0023","0000","230","107","123","1","231","709","0","32.58","15.09"
"10","005","00","030","0023","0141","230","107","123","1","231","709","0","32.58","15.09"
"10","005","00","030","0024","0000","675","307","368","10","685","2009","0","34.10","15.28"
"10","005","00","030","0024","0113","356","167","189","1","357","1023","0","34.90","16.32"
"10","005","00","030","0024","0114","319","140","179","9","328","986","0","33.27","14.20"
"10","005","00","040","0000","0000","26329","14736","11593","258","26587","70266","87307","37.84","20.97"
"10","005","00","040","0001","0000","813","474","339","2","815","1893","0","43.05","25.04"
"10","005","00","040","0001","0142","431","243","188","0","431","987","0","43.67","24.62"
"10","005","00","040","0001","0143","382","231","151","2","384","906","0","42.38","25.50"
"10","005","00","040","0002","0000","1440","772","668","14","1454","3293","0","44.15","23.44"
"10","005","00","040","0002","0144","415","215","200","2","417","998","0","41.78","21.54"
"10","005","00","040","0002","0145","585","348","237","7","592","1310","0","45.19","26.56"
"10","005","00","040","0002","0146","440","209","231","5","445","985","0","45.18","21.22"
"10","005","00","040","0003","0000","970","490","480","5","975","2715","0","35.91","18.05"
"10","005","00","040","0003","0147","539","268","271","3","542","1453","0","37.30","18.44"
"10","005","00","040","0003","0148","431","222","209","2","433","1262","0","34.31","17.59"
"10","005","00","040","0004","0000","2000","1131","869","21","2021","4759","0","42.47","23.77"
"10","005","00","040","0004","0149","472","272","200","3","475","1184","0","40.12","22.97"
"10","005","00","040","0004","0150","476","291","185","4","480","1125","0","42.67","25.87"
"10","005","00","040","0004","0151","495","275","220","3","498","1162","0","42.86","23.67"
"10","005","00","040","0004","0152","557","293","264","11","568","1288","0","44.10","22.75"
"10","005","00","040","0005","0000","2098","1270","828","25","2123","5205","0","40.79","24.40"
"10","005","00","040","0005","0153","520","280","240","6","526","1227","0","42.87","22.82"
"10","005","00","040","0005","0154","467","290","177","4","471","1235","0","38.14","23.48"
"10","005","00","040","0005","0155","317","199","118","7","324","667","0","48.58","29.84"
"10","005","00","040","0005","0156","439","266","173","6","445","1123","0","39.63","23.69"
"10","005","00","040","0005","0157","355","235","120","2","357","953","0","37.46","24.66"
"10","005","00","040","0006","0000","1325","693","632","15","1340","3484","0","38.46","19.89"
"10","005","00","040","0006","0158","389","181","208","3","392","1039","0","37.73","17.42"
"10","005","00","040","0006","0159","470","265","205","5","475","1134","0","41.89","23.37"
"10","005","00","040","0006","0160","466","247","219","7","473","1311","0","36.08","18.84"
"10","005","00","040","0007","0000","1364","785","579","11","1375","3366","0","40.85","23.32"
"10","005","00","040","0007","0161","473","260","213","1","474","1179","0","40.20","22.05"
"10","005","00","040","0007","0162","412","264","148","4","416","1066","0","39.02","24.77"
"10","005","00","040","0007","0163","479","261","218","6","485","1121","0","43.26","23.28"
"10","005","00","040","0008","0000","1047","573","474","9","1056","3259","0","32.40","17.58"
"10","005","00","040","0008","0164","408","240","168","4","412","1246","0","33.07","19.26"
"10","005","00","040","0008","0165","301","159","142","2","303","956","0","31.69","16.63"
"10","005","00","040","0008","0166","338","174","164","3","341","1057","0","32.26","16.46"
"10","005","00","040","0009","0000","749","415","334","7","756","2041","0","37.04","20.33"
"10","005","00","040","0009","0171","364","201","163","3","367","1040","0","35.29","19.33"
"10","005","00","040","0009","0172","385","214","171","4","389","1001","0","38.86","21.38"
"10","005","00","040","0010","0000","1657","997","660","16","1673","4916","0","34.03","20.28"
"10","005","00","040","0010","0173","380","217","163","3","383","1238","0","30.94","17.53"
"10","005","00","040","0010","0174","432","259","173","5","437","1034","0","42.26","25.05"
"10","005","00","040","0010","0175","402","260","142","4","406","1376","0","29.51","18.90"
"10","005","00","040","0010","0176","443","261","182","4","447","1268","0","35.25","20.58"
"10","005","00","040","0011","0000","403","228","175","5","408","1080","0","37.78","21.11"
"10","005","00","040","0011","0180","403","228","175","5","408","1080","0","37.78","21.11"
"10","005","00","040","0012","0000","1157","648","509","9","1166","2759","0","42.26","23.49"
"10","005","00","040","0012","0181","333","166","167","0","333","817","0","40.76","20.32"
"10","005","00","040","0012","0182","295","192","103","3","298","795","0","37.48","24.15"
"10","005","00","040","0012","0183","529","290","239","6","535","1147","0","46.64","25.28"
"10","005","00","040","0013","0000","537","301","236","2","539","1520","0","35.46","19.80"
"10","005","00","040","0013","0184","293","161","132","2","295","820","0","35.98","19.63"
"10","005","00","040","0013","0185","244","140","104","0","244","700","0","34.86","20.00"
"10","005","00","040","0014","0000","723","413","310","2","725","1941","0","37.35","21.28"
"10","005","00","040","0014","0186","377","217","160","0","377","973","0","38.75","22.30"
"10","005","00","040","0014","0187","346","196","150","2","348","968","0","35.95","20.25"
"10","005","00","040","0015","0000","439","229","210","3","442","1207","0","36.62","18.97"
"10","005","00","040","0015","0188","439","229","210","3","442","1207","0","36.62","18.97"
"10","005","00","040","0016","0000","1355","758","597","7","1362","4107","0","33.16","18.46"
"10","005","00","040","0016","0189","503","278","225","0","503","1463","0","34.38","19.00"
"10","005","00","040","0016","0190","440","242","198","5","445","1404","0","31.70","17.24"
"10","005","00","040","0016","0191","412","238","174","2","414","1240","0","33.39","19.19"
"10","005","00","040","0017","0000","827","454","373","7","834","2198","0","37.94","20.66"
"10","005","00","040","0017","0192","310","182","128","2","312","892","0","34.98","20.40"
"10","005","00","040","0017","0193","309","174","135","3","312","767","0","40.68","22.69"
"10","005","00","040","0017","0194","208","98","110","2","210","539","0","38.96","18.18"
"10","005","00","040","0018","0000","376","251","125","5","381","1138","0","33.48","22.06"
"10","005","00","040","0018","0195","376","251","125","5","381","1138","0","33.48","22.06"
"10","005","00","040","0019","0000","1555","857","698","15","1570","4771","0","32.91","17.96"
"10","005","00","040","0019","0196","702","402","300","6","708","2138","0","33.12","18.80"
"10","005","00","040","0019","0197","470","269","201","2","472","1483","0","31.83","18.14"
"10","005","00","040","0019","0198","383","186","197","7","390","1150","0","33.91","16.17"
"10","005","00","040","0020","0000","792","410","382","18","810","2066","0","39.21","19.85"
"10","005","00","040","0020","0199","413","195","218","11","424","1091","0","38.86","17.87"
"10","005","00","040","0020","0200","379","215","164","7","386","975","0","39.59","22.05"
"10","005","00","040","0021","0000","1399","778","621","18","1417","3817","0","37.12","20.38"
"10","005","00","040","0021","0201","210","124","86","4","214","529","0","40.45","23.44"
"10","005","00","040","0021","0202","391","238","153","4","395","1074","0","36.78","22.16"
"10","005","00","040","0021","0203","326","137","189","4","330","845","0","39.05","16.21"
"10","005","00","040","0021","0204","472","279","193","6","478","1369","0","34.92","20.38"
"10","005","00","040","0022","0000","365","191","174","4","369","1009","0","36.57","18.93"
"10","005","00","040","0022","0205","365","191","174","4","369","1009","0","36.57","18.93"
"10","005","00","040","0023","0000","1191","622","569","22","1213","3241","0","37.43","19.19"
"10","005","00","040","0023","0177","442","229","213","6","448","1141","0","39.26","20.07"
"10","005","00","040","0023","0178","391","216","175","10","401","1104","0","36.32","19.57"
"10","005","00","040","0023","0179","358","177","181","6","364","996","0","36.55","17.77"
"10","005","00","040","0024","0000","840","510","330","5","845","2154","0","39.23","23.68"
"10","005","00","040","0024","0169","491","317","174","5","496","1297","0","38.24","24.44"
"10","005","00","040","0024","0170","349","193","156","0","349","857","0","40.72","22.52"
"10","005","00","040","0025","0000","907","486","421","11","918","2327","0","39.45","20.89"
"10","005","00","040","0025","0167","461","244","217","3","464","1178","0","39.39","20.71"
"10","005","00","040","0025","0168","446","242","204","8","454","1149","0","39.51","21.06"
"10","005","00","050","0000","0000","31871","21536","10335","291","32162","85736","104902","37.51","25.12"
"10","005","00","050","0001","0000","708","490","218","9","717","2182","0","32.86","22.46"
"10","005","00","050","0001","0206","359","237","122","4","363","1109","0","32.73","21.37"
"10","005","00","050","0001","0207","349","253","96","5","354","1073","0","32.99","23.58"
"10","005","00","050","0002","0000","621","419","202","3","624","1710","0","36.49","24.50"
"10","005","00","050","0002","0208","316","233","83","3","319","886","0","36.00","26.30"
"10","005","00","050","0002","0209","305","186","119","0","305","824","0","37.01","22.57"
"10","005","00","050","0003","0000","1083","785","298","10","1093","2890","0","37.82","27.16"
"10","005","00","050","0003","0210","396","295","101","4","400","1058","0","37.81","27.88"
"10","005","00","050","0003","0211","369","266","103","1","370","934","0","39.61","28.48"
"10","005","00","050","0003","0212","318","224","94","5","323","898","0","35.97","24.94"
"10","005","00","050","0004","0000","1414","1029","385","14","1428","3743","0","38.15","27.49"
"10","005","00","050","0004","0213","474","336","138","6","480","1160","0","41.38","28.97"
"10","005","00","050","0004","0214","337","253","84","3","340","1030","0","33.01","24.56"
"10","005","00","050","0004","0215","603","440","163","5","608","1553","0","39.15","28.33"
"10","005","00","050","0005","0000","1628","1102","526","14","1642","4464","0","36.78","24.69"
"10","005","00","050","0005","0216","335","237","98","4","339","915","0","37.05","25.90"
"10","005","00","050","0005","0217","389","241","148","2","391","1209","0","32.34","19.93"
"10","005","00","050","0005","0218","535","386","149","7","542","1474","0","36.77","26.19"
"10","005","00","050","0005","0219","369","238","131","1","370","866","0","42.73","27.48"
"10","005","00","050","0006","0000","917","654","263","11","928","2565","0","36.18","25.50"
"10","005","00","050","0006","0220","546","401","145","4","550","1360","0","40.44","29.49"
"10","005","00","050","0006","0221","371","253","118","7","378","1205","0","31.37","21.00"
"10","005","00","050","0007","0000","371","222","149","2","373","1018","0","36.64","21.81"
"10","005","00","050","0007","0222","371","222","149","2","373","1018","0","36.64","21.81"
"10","005","00","050","0008","0000","1178","793","385","13","1191","3264","0","36.49","24.30"
"10","005","00","050","0008","0223","357","237","120","2","359","1061","0","33.84","22.34"
"10","005","00","050","0008","0224","415","306","109","7","422","1049","0","40.23","29.17"
"10","005","00","050","0008","0225","406","250","156","4","410","1154","0","35.53","21.66"
"10","005","00","050","0009","0000","1288","936","352","13","1301","3066","0","42.43","30.53"
"10","005","00","050","0009","0226","474","347","127","4","478","1018","0","46.95","34.09"
"10","005","00","050","0009","0227","421","300","121","4","425","1043","0","40.75","28.76"
"10","005","00","050","0009","0228","393","289","104","5","398","1005","0","39.60","28.76"
"10","005","00","050","0010","0000","577","385","192","3","580","1574","0","36.85","24.46"
"10","005","00","050","0010","0232","267","177","90","1","268","773","0","34.67","22.90"
"10","005","00","050","0010","0233","310","208","102","2","312","801","0","38.95","25.97"
"10","005","00","050","0011","0000","335","223","112","6","341","977","0","34.90","22.82"
"10","005","00","050","0011","0231","335","223","112","6","341","977","0","34.90","22.82"
"10","005","00","050","0012","0000","490","297","193","3","493","1036","0","47.59","28.67"
"10","005","00","050","0012","0238","490","297","193","3","493","1036","0","47.59","28.67"
"10","005","00","050","0013","0000","789","565","224","10","799","2007","0","39.81","28.15"
"10","005","00","050","0013","0261","393","292","101","4","397","998","0","39.78","29.26"
"10","005","00","050","0013","0262","396","273","123","6","402","1009","0","39.84","27.06"
"10","005","00","050","0014","0000","1535","1050","485","13","1548","4392","0","35.25","23.91"
"10","005","00","050","0014","0265","544","382","162","4","548","1497","0","36.61","25.52"
"10","005","00","050","0014","0266","485","346","139","8","493","1434","0","34.38","24.13"
"10","005","00","050","0014","0267","506","322","184","1","507","1461","0","34.70","22.04"
"10","005","00","050","0015","0000","1716","1065","651","16","1732","4339","0","39.92","24.54"
"10","005","00","050","0015","0242","564","348","216","6","570","1356","0","42.04","25.66"
"10","005","00","050","0015","0243","568","371","197","3","571","1486","0","38.43","24.97"
"10","005","00","050","0015","0244","584","346","238","7","591","1497","0","39.48","23.11"
"10","005","00","050","0016","0000","1534","1031","503","17","1551","4022","0","38.56","25.63"
"10","005","00","050","0016","0239","557","377","180","5","562","1294","0","43.43","29.13"
"10","005","00","050","0016","0240","503","325","178","6","509","1424","0","35.74","22.82"
"10","005","00","050","0016","0241","474","329","145","6","480","1304","0","36.81","25.23"
"10","005","00","050","0017","0000","1183","795","388","4","1187","3306","0","35.90","24.05"
"10","005","00","050","0017","0252","436","276","160","2","438","1129","0","38.80","24.45"
"10","005","00","050","0017","0253","415","306","109","1","416","1152","0","36.11","26.56"
"10","005","00","050","0017","0254","332","213","119","1","333","1025","0","32.49","20.78"
"10","005","00","050","0018","0000","1411","942","469","7","1418","3987","0","35.57","23.63"
"10","005","00","050","0018","0268","446","309","137","5","451","1266","0","35.62","24.41"
"10","005","00","050","0018","0269","482","309","173","2","484","1341","0","36.09","23.04"
"10","005","00","050","0018","0270","483","324","159","0","483","1380","0","35.00","23.48"
"10","005","00","050","0019","0000","500","291","209","7","507","1289","0","39.33","22.58"
"10","005","00","050","0019","0273","500","291","209","7","507","1289","0","39.33","22.58"
"10","005","00","050","0020","0000","643","410","233","11","654","2144","0","30.50","19.12"
"10","005","00","050","0020","0234","353","234","119","7","360","938","0","38.38","24.95"
"10","005","00","050","0020","0235","290","176","114","4","294","1206","0","24.38","14.59"
"10","005","00","050","0021","0000","887","596","291","8","895","2511","0","35.64","23.74"
"10","005","00","050","0021","0236","406","276","130","7","413","1185","0","34.85","23.29"
"10","005","00","050","0021","0237","481","320","161","1","482","1326","0","36.35","24.13"
"10","005","00","050","0022","0000","523","370","153","4","527","1295","0","40.69","28.57"
"10","005","00","050","0022","0274","523","370","153","4","527","1295","0","40.69","28.57"
"10","005","00","050","0023","0000","916","645","271","6","922","2511","0","36.72","25.69"
"10","005","00","050","0023","0276","474","350","124","2","476","1278","0","37.25","27.39"
"10","005","00","050","0023","0277","442","295","147","4","446","1233","0","36.17","23.93"
"10","005","00","050","0024","0000","364","255","109","8","372","878","0","42.37","29.04"
"10","005","00","050","0024","0275","364","255","109","8","372","878","0","42.37","29.04"
"10","005","00","050","0025","0000","828","601","227","9","837","2216","0","37.77","27.12"
"10","005","00","050","0025","0278","400","301","99","5","405","1068","0","37.92","28.18"
"10","005","00","050","0025","0279","428","300","128","4","432","1148","0","37.63","26.13"
"10","005","00","050","0026","0000","859","530","329","8","867","2277","0","38.08","23.28"
"10","005","00","050","0026","0263","445","282","163","2","447","1137","0","39.31","24.80"
"10","005","00","050","0026","0264","414","248","166","6","420","1140","0","36.84","21.75"
"10","005","00","050","0027","0000","824","548","276","9","833","2362","0","35.27","23.20"
"10","005","00","050","0027","0271","395","273","122","5","400","1222","0","32.73","22.34"
"10","005","00","050","0027","0272","429","275","154","4","433","1140","0","37.98","24.12"
"10","005","00","050","0028","0000","1382","915","467","9","1391","3387","0","41.07","27.02"
"10","005","00","050","0028","0255","488","315","173","1","489","1261","0","38.78","24.98"
"10","005","00","050","0028","0256","456","307","149","3","459","1115","0","41.17","27.53"
"10","005","00","050","0028","0257","438","293","145","5","443","1011","0","43.82","28.98"
"10","005","00","050","0029","0000","1315","935","380","16","1331","3570","0","37.28","26.19"
"10","005","00","050","0029","0258","446","322","124","8","454","1144","0","39.69","28.15"
"10","005","00","050","0029","0259","466","316","150","3","469","1278","0","36.70","24.73"
"10","005","00","050","0029","0260","403","297","106","5","408","1148","0","35.54","25.87"
"10","005","00","050","0030","0000","782","519","263","2","784","1951","0","40.18","26.60"
"10","005","00","050","0030","0229","412","267","145","1","413","948","0","43.57","28.16"
"10","005","00","050","0030","0230","370","252","118","1","371","1003","0","36.99","25.12"
"10","005","00","050","0031","0000","919","608","311","7","926","2514","0","36.83","24.18"
"10","005","00","050","0031","0245","419","278","141","3","422","1206","0","34.99","23.05"
"10","005","00","050","0031","0246","500","330","170","4","504","1308","0","38.53","25.23"
"10","005","00","050","0032","0000","1342","847","495","12","1354","3515","0","38.52","24.10"
"10","005","00","050","0032","0247","398","270","128","4","402","1115","0","36.05","24.22"
"10","005","00","050","0032","0248","475","281","194","2","477","1131","0","42.18","24.85"
"10","005","00","050","0032","0249","469","296","173","6","475","1269","0","37.43","23.33"
"10","005","00","050","0033","0000","1009","683","326","7","1016","2774","0","36.63","24.62"
"10","005","00","050","0033","0250","524","380","144","5","529","1400","0","37.79","27.14"
"10","005","00","050","0033","0251","485","303","182","2","487","1374","0","35.44","22.05"
"10","005","00","060","0000","0000","10182","5436","4746","128","10310","30244","34941","34.09","17.97"
"10","005","00","060","0001","0000","461","243","218","5","466","1399","0","33.31","17.37"
"10","005","00","060","0001","0280","177","100","77","1","178","573","0","31.06","17.45"
"10","005","00","060","0001","0281","284","143","141","4","288","826","0","34.87","17.31"
"10","005","00","060","0002","0000","315","157","158","3","318","731","0","43.50","21.48"
"10","005","00","060","0002","0282","315","157","158","3","318","731","0","43.50","21.48"
"10","005","00","060","0003","0000","499","244","255","5","504","1248","0","40.38","19.55"
"10","005","00","060","0003","0283","247","108","139","4","251","623","0","40.29","17.34"
"10","005","00","060","0003","0284","252","136","116","1","253","625","0","40.48","21.76"
"10","005","00","060","0004","0000","1473","815","658","9","1482","4216","0","35.15","19.33"
"10","005","00","060","0004","0285","381","210","171","3","384","1108","0","34.66","18.95"
"10","005","00","060","0004","0286","433","235","198","2","435","1258","0","34.58","18.68"
"10","005","00","060","0004","0287","352","190","162","1","353","983","0","35.91","19.33"
"10","005","00","060","0004","0288","307","180","127","3","310","867","0","35.76","20.76"
"10","005","00","060","0005","0000","692","391","301","9","701","2258","0","31.05","17.32"
"10","005","00","060","0005","0303","328","188","140","5","333","1062","0","31.36","17.70"
"10","005","00","060","0005","0304","364","203","161","4","368","1196","0","30.77","16.97"
"10","005","00","060","0006","0000","511","346","165","4","515","1219","0","42.25","28.38"
"10","005","00","060","0006","0293","511","346","165","4","515","1219","0","42.25","28.38"
"10","005","00","060","0007","0000","391","268","123","7","398","1026","0","38.79","26.12"
"10","005","00","060","0007","0294","391","268","123","7","398","1026","0","38.79","26.12"
"10","005","00","060","0008","0000","848","465","383","13","861","2669","0","32.26","17.42"
"10","005","00","060","0008","0295","297","158","139","4","301","936","0","32.16","16.88"
"10","005","00","060","0008","0296","308","161","147","3","311","899","0","34.59","17.91"
"10","005","00","060","0008","0297","243","146","97","6","249","834","0","29.86","17.51"
"10","005","00","060","0009","0000","492","288","204","4","496","1304","0","38.04","22.09"
"10","005","00","060","0009","0298","263","152","111","3","266","685","0","38.83","22.19"
"10","005","00","060","0009","0299","229","136","93","1","230","619","0","37.16","21.97"
"10","005","00","060","0010","0000","240","118","122","3","243","679","0","35.79","17.38"
"10","005","00","060","0010","0300","240","118","122","3","243","679","0","35.79","17.38"
"10","005","00","060","0011","0000","445","218","227","4","449","1462","0","30.71","14.91"
"10","005","00","060","0011","0289","198","84","114","2","200","649","0","30.82","12.94"
"10","005","00","060","0011","0290","247","134","113","2","249","813","0","30.63","16.48"
"10","005","00","060","0012","0000","496","236","260","4","500","1503","0","33.27","15.70"
"10","005","00","060","0012","0301","247","120","127","1","248","723","0","34.30","16.60"
"10","005","00","060","0012","0302","249","116","133","3","252","780","0","32.31","14.87"
"10","005","00","060","0013","0000","377","179","198","11","388","1231","0","31.52","14.54"
"10","005","00","060","0013","0291","377","179","198","11","388","1231","0","31.52","14.54"
"10","005","00","060","0014","0000","305","136","169","6","311","957","0","32.50","14.21"
"10","005","00","060","0014","0292","305","136","169","6","311","957","0","32.50","14.21"
"10","005","00","060","0015","0000","301","182","119","4","305","982","0","31.06","18.53"
"10","005","00","060","0015","0305","301","182","119","4","305","982","0","31.06","18.53"
"10","005","00","060","0016","0000","269","126","143","5","274","897","0","30.55","14.05"
"10","005","00","060","0016","0306","269","126","143","5","274","897","0","30.55","14.05"
"10","005","00","060","0017","0000","240","114","126","3","243","682","0","35.63","16.72"
"10","005","00","060","0017","0307","240","114","126","3","243","682","0","35.63","16.72"
"10","005","00","060","0018","0000","337","166","171","6","343","1023","0","33.53","16.23"
"10","005","00","060","0018","0308","337","166","171","6","343","1023","0","33.53","16.23"
"10","005","00","060","0019","0000","209","111","98","4","213","591","0","36.04","18.78"
"10","005","00","060","0019","0309","209","111","98","4","213","591","0","36.04","18.78"
"10","005","00","060","0020","0000","404","172","232","9","413","1251","0","33.01","13.75"
"10","005","00","060","0020","0310","404","172","232","9","413","1251","0","33.01","13.75"
"10","005","00","060","0021","0000","214","110","104","2","216","718","0","30.08","15.32"
"10","005","00","060","0021","0311","214","110","104","2","216","718","0","30.08","15.32"
"10","005","00","060","0022","0000","307","174","133","3","310","1010","0","30.69","17.23"
"10","005","00","060","0022","0312","118","62","56","1","119","405","0","29.38","15.31"
"10","005","00","060","0022","0313","189","112","77","2","191","605","0","31.57","18.51"
"10","005","00","060","0023","0000","356","177","179","5","361","1188","0","30.39","14.90"
"10","005","00","060","0023","0314","218","125","93","4","222","720","0","30.83","17.36"
"10","005","00","060","0023","0315","138","52","86","1","139","468","0","29.70","11.11"
"10","005","00","070","0000","0000","5308","2706","2602","48","5356","14189","16007","37.75","19.07"
"10","005","00","070","0001","0000","317","162","155","1","318","698","0","45.56","23.21"
"10","005","00","070","0001","0319","317","162","155","1","318","698","0","45.56","23.21"
"10","005","00","070","0002","0000","599","331","268","7","606","1479","0","40.97","22.38"
"10","005","00","070","0002","0320","311","178","133","2","313","765","0","40.92","23.27"
"10","005","00","070","0002","0321","288","153","135","5","293","714","0","41.04","21.43"
"10","005","00","070","0003","0000","757","355","402","4","761","1991","0","38.22","17.83"
"10","005","00","070","0003","0325","298","129","169","1","299","842","0","35.51","15.32"
"10","005","00","070","0003","0326","298","127","171","2","300","787","0","38.12","16.14"
"10","005","00","070","0003","0327","161","99","62","1","162","362","0","44.75","27.35"
"10","005","00","070","0004","0000","350","162","188","7","357","937","0","38.10","17.29"
"10","005","00","070","0004","0322","350","162","188","7","357","937","0","38.10","17.29"
"10","005","00","070","0005","0000","239","140","99","0","239","674","0","35.46","20.77"
"10","005","00","070","0005","0323","239","140","99","0","239","674","0","35.46","20.77"
"10","005","00","070","0006","0000","272","154","118","3","275","923","0","29.79","16.68"
"10","005","00","070","0006","0333","272","154","118","3","275","923","0","29.79","16.68"
"10","005","00","070","0007","0000","742","372","370","8","750","1876","0","39.98","19.83"
"10","005","00","070","0007","0316","374","187","187","3","377","895","0","42.12","20.89"
"10","005","00","070","0007","0317","368","185","183","5","373","981","0","38.02","18.86"
"10","005","00","070","0008","0000","423","186","237","7","430","1056","0","40.72","17.61"
"10","005","00","070","0008","0318","423","186","237","7","430","1056","0","40.72","17.61"
"10","005","00","070","0009","0000","742","365","377","2","744","2071","0","35.92","17.62"
"10","005","00","070","0009","0328","237","109","128","1","238","640","0","37.19","17.03"
"10","005","00","070","0009","0329","257","109","148","0","257","746","0","34.45","14.61"
"10","005","00","070","0009","0330","248","147","101","1","249","685","0","36.35","21.46"
"10","005","00","070","0010","0000","267","128","139","3","270","702","0","38.46","18.23"
"10","005","00","070","0010","0324","267","128","139","3","270","702","0","38.46","18.23"
"10","005","00","070","0011","0000","346","191","155","3","349","1067","0","32.71","17.90"
"10","005","00","070","0011","0331","346","191","155","3","349","1067","0","32.71","17.90"
"10","005","00","070","0012","0000","254","160","94","3","257","715","0","35.94","22.38"
"10","005","00","070","0012","0332","254","160","94","3","257","715","0","35.94","22.38"
"10","005","00","080","0000","0000","4117","2862","1255","43","4160","12068","13686","34.47","23.72"
"10","005","00","080","0001","0000","634","458","176","4","638","1539","0","41.46","29.76"
"10","005","00","080","0001","0334","308","222","86","1","309","696","0","44.40","31.90"
"10","005","00","080","0001","0335","326","236","90","3","329","843","0","39.03","28.00"
"10","005","00","080","0002","0000","256","206","50","1","257","557","0","46.14","36.98"
"10","005","00","080","0002","0336","256","206","50","1","257","557","0","46.14","36.98"
"10","005","00","080","0003","0000","593","447","146","10","603","1714","0","35.18","26.08"
"10","005","00","080","0003","0338","260","204","56","7","267","840","0","31.79","24.29"
"10","005","00","080","0003","0339","333","243","90","3","336","874","0","38.44","27.80"
"10","005","00","080","0004","0000","392","248","144","4","396","1323","0","29.93","18.75"
"10","005","00","080","0004","0340","392","248","144","4","396","1323","0","29.93","18.75"
"10","005","00","080","0005","0000","169","130","39","6","175","529","0","33.08","24.57"
"10","005","00","080","0005","0341","169","130","39","6","175","529","0","33.08","24.57"
"10","005","00","080","0006","0000","424","298","126","3","427","1155","0","36.97","25.80"
"10","005","00","080","0006","0337","424","298","126","3","427","1155","0","36.97","25.80"
"10","005","00","080","0007","0000","221","146","75","1","222","599","0","37.06","24.37"
"10","005","00","080","0007","0342","221","146","75","1","222","599","0","37.06","24.37"
"10","005","00","080","0008","0000","430","273","157","6","436","1448","0","30.11","18.85"
"10","005","00","080","0008","0345","186","110","76","0","186","621","0","29.95","17.71"
"10","005","00","080","0008","0346","244","163","81","6","250","827","0","30.23","19.71"
"10","005","00","080","0009","0000","234","160","74","3","237","739","0","32.07","21.65"
"10","005","00","080","0009","0343","234","160","74","3","237","739","0","32.07","21.65"
"10","005","00","080","0010","0000","183","134","49","1","184","484","0","38.02","27.69"
"10","005","00","080","0010","0344","183","134","49","1","184","484","0","38.02","27.69"
"10","005","00","080","0011","0000","281","187","94","1","282","988","0","28.54","18.93"
"10","005","00","080","0011","0347","281","187","94","1","282","988","0","28.54","18.93"
"10","005","00","080","0012","0000","300","175","125","3","303","993","0","30.51","17.62"
"10","005","00","080","0012","0348","300","175","125","3","303","993","0","30.51","17.62"
"10","005","00","090","0000","0000","10613","7081","3532","109","10722","27661","32119","38.76","25.60"
"10","005","00","090","0001","0000","645","397","248","3","648","1507","0","43.00","26.34"
"10","005","00","090","0001","0349","339","205","134","0","339","751","0","45.14","27.30"
"10","005","00","090","0001","0350","306","192","114","3","309","756","0","40.87","25.40"
"10","005","00","090","0002","0000","933","657","276","5","938","2286","0","41.03","28.74"
"10","005","00","090","0002","0351","426","312","114","3","429","1064","0","40.32","29.32"
"10","005","00","090","0002","0352","507","345","162","2","509","1222","0","41.65","28.23"
"10","005","00","090","0003","0000","1258","855","403","15","1273","3412","0","37.31","25.06"
"10","005","00","090","0003","0353","432","301","131","7","439","1142","0","38.44","26.36"
"10","005","00","090","0003","0354","421","282","139","4","425","1176","0","36.14","23.98"
"10","005","00","090","0003","0355","405","272","133","4","409","1094","0","37.39","24.86"
"10","005","00","090","0004","0000","349","215","134","5","354","921","0","38.44","23.34"
"10","005","00","090","0004","0360","349","215","134","5","354","921","0","38.44","23.34"
"10","005","00","090","0005","0000","766","503","263","9","775","2259","0","34.31","22.27"
"10","005","00","090","0005","0356","418","292","126","6","424","1175","0","36.09","24.85"
"10","005","00","090","0005","0357","348","211","137","3","351","1084","0","32.38","19.46"
"10","005","00","090","0006","0000","921","591","330","6","927","2296","0","40.37","25.74"
"10","005","00","090","0006","0358","509","326","183","2","511","1248","0","40.95","26.12"
"10","005","00","090","0006","0359","412","265","147","4","416","1048","0","39.69","25.29"
"10","005","00","090","0007","0000","522","378","144","2","524","1448","0","36.19","26.10"
"10","005","00","090","0007","0365","273","193","80","0","273","684","0","39.91","28.22"
"10","005","00","090","0007","0366","249","185","64","2","251","764","0","32.85","24.21"
"10","005","00","090","0008","0000","396","282","114","1","397","995","0","39.90","28.34"
"10","005","00","090","0008","0361","396","282","114","1","397","995","0","39.90","28.34"
"10","005","00","090","0009","0000","786","521","265","11","797","2019","0","39.47","25.80"
"10","005","00","090","0009","0363","322","212","110","7","329","820","0","40.12","25.85"
"10","005","00","090","0009","0364","464","309","155","4","468","1199","0","39.03","25.77"
"10","005","00","090","0010","0000","103","77","26","3","106","280","0","37.86","27.50"
"10","005","00","090","0010","0367","103","77","26","3","106","280","0","37.86","27.50"
"10","005","00","090","0011","0000","160","83","77","2","162","339","0","47.79","24.48"
"10","005","00","090","0011","0362","160","83","77","2","162","339","0","47.79","24.48"
"10","005","00","090","0012","0000","860","528","332","14","874","2213","0","39.49","23.86"
"10","005","00","090","0012","0368","508","318","190","10","518","1304","0","39.72","24.39"
"10","005","00","090","0012","0369","352","210","142","4","356","909","0","39.16","23.10"
"10","005","00","090","0013","0000","532","369","163","8","540","1453","0","37.16","25.40"
"10","005","00","090","0013","0370","303","215","88","5","308","731","0","42.13","29.41"
"10","005","00","090","0013","0371","229","154","75","3","232","722","0","32.13","21.33"
"10","005","00","090","0014","0000","646","455","191","4","650","1579","0","41.17","28.82"
"10","005","00","090","0014","0372","337","240","97","2","339","871","0","38.92","27.55"
"10","005","00","090","0014","0373","309","215","94","2","311","708","0","43.93","30.37"
"10","005","00","090","0015","0000","534","363","171","6","540","1427","0","37.84","25.44"
"10","005","00","090","0015","0374","223","154","69","2","225","678","0","33.19","22.71"
"10","005","00","090","0015","0375","311","209","102","4","315","749","0","42.06","27.90"
"10","005","00","090","0016","0000","476","324","152","6","482","1270","0","37.95","25.51"
"10","005","00","090","0016","0378","476","324","152","6","482","1270","0","37.95","25.51"
"10","005","00","090","0017","0000","536","346","190","6","542","1415","0","38.30","24.45"
"10","005","00","090","0017","0376","273","169","104","2","275","705","0","39.01","23.97"
"10","005","00","090","0017","0377","263","177","86","4","267","710","0","37.61","24.93"
"10","005","00","090","0018","0000","87","72","15","2","89","213","0","41.78","33.80"
"10","005","00","090","0018","0379","87","72","15","2","89","213","0","41.78","33.80"
"10","005","00","090","0019","0000","103","65","38","1","104","329","0","31.61","19.76"
"10","005","00","090","0019","0380","103","65","38","1","104","329","0","31.61","19.76"
"10","005","00","100","0000","0000","5623","3955","1668","59","5682","14892","17039","38.15","26.56"
"10","005","00","100","0001","0000","410","343","67","2","412","940","0","43.83","36.49"
"10","005","00","100","0001","0387","410","343","67","2","412","940","0","43.83","36.49"
"10","005","00","100","0002","0000","1717","1208","509","21","1738","4334","0","40.10","27.87"
"10","005","00","100","0002","0381","385","278","107","4","389","850","0","45.76","32.71"
"10","005","00","100","0002","0382","450","296","154","4","454","1006","0","45.13","29.42"
"10","005","00","100","0002","0383","483","352","131","7","490","1293","0","37.90","27.22"
"10","005","00","100","0002","0384","399","282","117","6","405","1185","0","34.18","23.80"
"10","005","00","100","0003","0000","680","485","195","6","686","1617","0","42.42","29.99"
"10","005","00","100","0003","0388","378","285","93","4","382","909","0","42.02","31.35"
"10","005","00","100","0003","0389","302","200","102","2","304","708","0","42.94","28.25"
"10","005","00","100","0004","0000","404","275","129","9","413","1247","0","33.12","22.05"
"10","005","00","100","0004","0385","404","275","129","9","413","1247","0","33.12","22.05"
"10","005","00","100","0005","0000","417","292","125","5","422","1142","0","36.95","25.57"
"10","005","00","100","0005","0386","417","292","125","5","422","1142","0","36.95","25.57"
"10","005","00","100","0006","0000","331","239","92","0","331","1021","0","32.42","23.41"
"10","005","00","100","0006","0390","331","239","92","0","331","1021","0","32.42","23.41"
"10","005","00","100","0007","0000","1102","742","360","12","1114","3115","0","35.76","23.82"
"10","005","00","100","0007","0391","418","267","151","6","424","1070","0","39.63","24.95"
"10","005","00","100","0007","0392","279","200","79","1","280","830","0","33.73","24.10"
"10","005","00","100","0007","0393","405","275","130","5","410","1215","0","33.74","22.63"
"10","005","00","100","0008","0000","189","119","70","2","191","540","0","35.37","22.04"
"10","005","00","100","0008","0394","189","119","70","2","191","540","0","35.37","22.04"
"10","005","00","100","0009","0000","144","97","47","1","145","411","0","35.28","23.60"
"10","005","00","100","0009","0395","144","97","47","1","145","411","0","35.28","23.60"
"10","005","00","100","0010","0000","229","155","74","1","230","525","0","43.81","29.52"
"10","005","00","100","0010","0396","229","155","74","1","230","525","0","43.81","29.52"
"10","005","00","110","0000","0000","2842","2082","760","46","2888","8353","9430","34.57","24.93"
"10","005","00","110","0001","0000","416","307","109","5","421","1102","0","38.20","27.86"
"10","005","00","110","0001","0397","416","307","109","5","421","1102","0","38.20","27.86"
"10","005","00","110","0002","0000","221","154","67","4","225","609","0","36.95","25.29"
"10","005","00","110","0002","0398","221","154","67","4","225","609","0","36.95","25.29"
"10","005","00","110","0003","0000","366","278","88","8","374","1283","0","29.15","21.67"
"10","005","00","110","0003","0399","366","278","88","8","374","1283","0","29.15","21.67"
"10","005","00","110","0004","0000","273","181","92","4","277","793","0","34.93","22.82"
"10","005","00","110","0004","0400","273","181","92","4","277","793","0","34.93","22.82"
"10","005","00","110","0005","0000","263","183","80","5","268","793","0","33.80","23.08"
"10","005","00","110","0005","0401","263","183","80","5","268","793","0","33.80","23.08"
"10","005","00","110","0006","0000","466","342","124","6","472","1037","0","45.52","32.98"
"10","005","00","110","0006","0402","466","342","124","6","472","1037","0","45.52","32.98"
"10","005","00","110","0007","0000","381","262","119","4","385","986","0","39.05","26.57"
"10","005","00","110","0007","0403","381","262","119","4","385","986","0","39.05","26.57"
"10","005","00","110","0008","0000","229","183","46","5","234","838","0","27.92","21.84"
"10","005","00","110","0008","0404","229","183","46","5","234","838","0","27.92","21.84"
"10","005","00","110","0009","0000","227","192","35","5","232","912","0","25.44","21.05"
"10","005","00","110","0009","0405","227","192","35","5","232","912","0","25.44","21.05"
"10","005","00","120","0000","0000","3667","2531","1136","42","3709","9023","10112","41.11","28.05"
"10","005","00","120","0001","0000","981","700","281","7","988","2420","0","40.83","28.93"
"10","005","00","120","0001","0406","475","343","132","5","480","1287","0","37.30","26.65"
"10","005","00","120","0001","0407","506","357","149","2","508","1133","0","44.84","31.51"
"10","005","00","120","0002","0000","684","452","232","9","693","1786","0","38.80","25.31"
"10","005","00","120","0002","0413","305","206","99","1","306","817","0","37.45","25.21"
"10","005","00","120","0002","0414","379","246","133","8","387","969","0","39.94","25.39"
"10","005","00","120","0003","0000","244","178","66","2","246","687","0","35.81","25.91"
"10","005","00","120","0003","0410","244","178","66","2","246","687","0","35.81","25.91"
"10","005","00","120","0004","0000","652","458","194","8","660","1635","0","40.37","28.01"
"10","005","00","120","0004","0408","308","214","94","4","312","756","0","41.27","28.31"
"10","005","00","120","0004","0409","344","244","100","4","348","879","0","39.59","27.76"
"10","005","00","120","0005","0000","394","271","123","5","399","848","0","47.05","31.96"
"10","005","00","120","0005","0411","394","271","123","5","399","848","0","47.05","31.96"
"10","005","00","120","0006","0000","161","110","51","4","165","377","0","43.77","29.18"
"10","005","00","120","0006","0412","161","110","51","4","165","377","0","43.77","29.18"
"10","005","00","120","0007","0000","427","287","140","3","430","968","0","44.42","29.65"
"10","005","00","120","0007","0415","330","232","98","2","332","758","0","43.80","30.61"
"10","005","00","120","0007","0416","97","55","42","1","98","210","0","46.67","26.19"
"10","005","00","120","0008","0000","124","75","49","4","128","302","0","42.38","24.83"
"10","005","00","120","0008","0417","124","75","49","4","128","302","0","42.38","24.83"
"10","005","00","130","0000","0000","5299","3522","1777","53","5352","13373","15480","40.02","26.34"
"10","005","00","130","0001","0000","1595","1101","494","11","1606","3909","0","41.08","28.17"
"10","005","00","130","0001","0418","313","227","86","2","315","793","0","39.72","28.63"
"10","005","00","130","0001","0419","401","285","116","3","404","935","0","43.21","30.48"
"10","005","00","130","0001","0420","409","268","141","1","410","1024","0","40.04","26.17"
"10","005","00","130","0001","0421","472","321","151","5","477","1157","0","41.23","27.74"
"10","005","00","130","0002","0000","690","467","223","5","695","1787","0","38.89","26.13"
"10","005","00","130","0002","0427","364","246","118","3","367","979","0","37.49","25.13"
"10","005","00","130","0002","0428","326","221","105","2","328","808","0","40.59","27.35"
"10","005","00","130","0003","0000","487","331","156","3","490","1321","0","37.09","25.06"
"10","005","00","130","0003","0425","270","179","91","1","271","727","0","37.28","24.62"
"10","005","00","130","0003","0426","217","152","65","2","219","594","0","36.87","25.59"
"10","005","00","130","0004","0000","1326","844","482","16","1342","3286","0","40.84","25.68"
"10","005","00","130","0004","0422","360","241","119","9","369","994","0","37.12","24.25"
"10","005","00","130","0004","0423","454","281","173","1","455","1094","0","41.59","25.69"
"10","005","00","130","0004","0424","512","322","190","6","518","1198","0","43.24","26.88"
"10","005","00","130","0005","0000","567","425","142","10","577","1427","0","40.43","29.78"
"10","005","00","130","0005","0429","286","215","71","6","292","684","0","42.69","31.43"
"10","005","00","130","0005","0430","281","210","71","4","285","743","0","38.36","28.26"
"10","005","00","130","0006","0000","168","123","45","2","170","402","0","42.29","30.60"
"10","005","00","130","0006","0431","168","123","45","2","170","402","0","42.29","30.60"
"10","005","00","130","0007","0000","466","231","235","6","472","1241","0","38.03","18.61"
"10","005","00","130","0007","0432","219","117","102","2","221","619","0","35.70","18.90"
"10","005","00","130","0007","0433","247","114","133","4","251","622","0","40.35","18.33"
"10","005","00","140","0000","0000","2104","1528","576","30","2134","6133","6635","34.80","24.91"
"10","005","00","140","0001","0000","229","184","45","5","234","595","0","39.33","30.92"
"10","005","00","140","0001","0434","229","184","45","5","234","595","0","39.33","30.92"
"10","005","00","140","0002","0000","193","149","44","5","198","564","0","35.11","26.42"
"10","005","00","140","0002","0435","193","149","44","5","198","564","0","35.11","26.42"
"10","005","00","140","0003","0000","279","200","79","4","283","790","0","35.82","25.32"
"10","005","00","140","0003","0436","279","200","79","4","283","790","0","35.82","25.32"
"10","005","00","140","0004","0000","205","160","45","2","207","627","0","33.01","25.52"
"10","005","00","140","0004","0437","205","160","45","2","207","627","0","33.01","25.52"
"10","005","00","140","0005","0000","180","137","43","2","182","482","0","37.76","28.42"
"10","005","00","140","0005","0440","180","137","43","2","182","482","0","37.76","28.42"
"10","005","00","140","0006","0000","149","95","54","3","152","446","0","34.08","21.30"
"10","005","00","140","0006","0439","149","95","54","3","152","446","0","34.08","21.30"
"10","005","00","140","0007","0000","315","212","103","3","318","871","0","36.51","24.34"
"10","005","00","140","0007","0438","315","212","103","3","318","871","0","36.51","24.34"
"10","005","00","140","0008","0000","339","243","96","4","343","1112","0","30.85","21.85"
"10","005","00","140","0008","0441","339","243","96","4","343","1112","0","30.85","21.85"
"10","005","00","140","0009","0000","215","148","67","2","217","646","0","33.59","22.91"
"10","005","00","140","0009","0442","215","148","67","2","217","646","0","33.59","22.91"
"10","005","00","150","0000","0000","3909","2529","1380","34","3943","10732","12084","36.74","23.57"
"10","005","00","150","0001","0000","756","523","233","6","762","2010","0","37.91","26.02"
"10","005","00","150","0001","0443","426","292","134","3","429","1135","0","37.80","25.73"
"10","005","00","150","0001","0444","330","231","99","3","333","875","0","38.06","26.40"
"10","005","00","150","0002","0000","176","124","52","0","176","442","0","39.82","28.05"
"10","005","00","150","0002","0445","176","124","52","0","176","442","0","39.82","28.05"
"10","005","00","150","0003","0000","378","249","129","3","381","969","0","39.32","25.70"
"10","005","00","150","0003","0446","378","249","129","3","381","969","0","39.32","25.70"
"10","005","00","150","0004","0000","1202","803","399","9","1211","3315","0","36.53","24.22"
"10","005","00","150","0004","0447","417","248","169","3","420","1163","0","36.11","21.32"
"10","005","00","150","0004","0448","404","305","99","4","408","1043","0","39.12","29.24"
"10","005","00","150","0004","0449","381","250","131","2","383","1109","0","34.54","22.54"
"10","005","00","150","0005","0000","183","126","57","2","185","479","0","38.62","26.30"
"10","005","00","150","0005","0450","183","126","57","2","185","479","0","38.62","26.30"
"10","005","00","150","0006","0000","190","124","66","2","192","485","0","39.59","25.57"
"10","005","00","150","0006","0451","190","124","66","2","192","485","0","39.59","25.57"
"10","005","00","150","0007","0000","435","241","194","5","440","1252","0","35.14","19.25"
"10","005","00","150","0007","0452","435","241","194","5","440","1252","0","35.14","19.25"
"10","005","00","150","0008","0000","289","183","106","4","293","837","0","35.01","21.86"
"10","005","00","150","0008","0453","289","183","106","4","293","837","0","35.01","21.86"
"10","005","00","150","0009","0000","300","156","144","3","303","943","0","32.13","16.54"
"10","005","00","150","0009","0454","300","156","144","3","303","943","0","32.13","16.54"
"10","005","00","160","0000","0000","2131","1486","645","34","2165","5579","6259","38.81","26.64"
"10","005","00","160","0001","0000","770","524","246","5","775","2118","0","36.59","24.74"
"10","005","00","160","0001","0455","388","263","125","3","391","965","0","40.52","27.25"
"10","005","00","160","0001","0456","382","261","121","2","384","1153","0","33.30","22.64"
"10","005","00","160","0002","0000","267","195","72","6","273","613","0","44.54","31.81"
"10","005","00","160","0002","0457","267","195","72","6","273","613","0","44.54","31.81"
"10","005","00","160","0003","0000","320","233","87","5","325","822","0","39.54","28.35"
"10","005","00","160","0003","0458","320","233","87","5","325","822","0","39.54","28.35"
"10","005","00","160","0004","0000","72","45","27","2","74","227","0","32.60","19.82"
"10","005","00","160","0004","0459","72","45","27","2","74","227","0","32.60","19.82"
"10","005","00","160","0005","0000","162","105","57","4","166","517","0","32.11","20.31"
"10","005","00","160","0005","0460","162","105","57","4","166","517","0","32.11","20.31"
"10","005","00","160","0006","0000","201","136","65","3","204","523","0","39.01","26.00"
"10","005","00","160","0006","0461","201","136","65","3","204","523","0","39.01","26.00"
"10","005","00","160","0007","0000","181","123","58","3","184","391","0","47.06","31.46"
"10","005","00","160","0007","0462","181","123","58","3","184","391","0","47.06","31.46"
"10","005","00","160","0008","0000","158","125","33","6","164","368","0","44.57","33.97"
"10","005","00","160","0008","0463","158","125","33","6","164","368","0","44.57","33.97"
"10","005","00","170","0000","0000","1411","1017","394","28","1439","3782","4094","38.05","26.89"
"10","005","00","170","0001","0000","93","78","15","2","95","322","0","29.50","24.22"
"10","005","00","170","0001","0464","93","78","15","2","95","322","0","29.50","24.22"
"10","005","00","170","0002","0000","203","143","60","5","208","531","0","39.17","26.93"
"10","005","00","170","0002","0465","203","143","60","5","208","531","0","39.17","26.93"
"10","005","00","170","0003","0000","319","222","97","5","324","869","0","37.28","25.55"
"10","005","00","170","0003","0466","319","222","97","5","324","869","0","37.28","25.55"
"10","005","00","170","0004","0000","197","134","63","3","200","539","0","37.11","24.86"
"10","005","00","170","0004","0467","197","134","63","3","200","539","0","37.11","24.86"
"10","005","00","170","0005","0000","197","148","49","8","205","548","0","37.41","27.01"
"10","005","00","170","0005","0468","197","148","49","8","205","548","0","37.41","27.01"
"10","005","00","170","0006","0000","124","89","35","2","126","323","0","39.01","27.55"
"10","005","00","170","0006","0469","124","89","35","2","126","323","0","39.01","27.55"
"10","005","00","170","0007","0000","278","203","75","3","281","650","0","43.23","31.23"
"10","005","00","170","0007","0470","278","203","75","3","281","650","0","43.23","31.23"
"10","005","00","180","0000","0000","1522","1283","239","19","1541","4995","5695","30.85","25.69"
"10","005","00","180","0001","0000","85","64","21","1","86","336","0","25.60","19.05"
"10","005","00","180","0001","0471","85","64","21","1","86","336","0","25.60","19.05"
"10","005","00","180","0002","0000","315","265","50","1","316","1070","0","29.53","24.77"
"10","005","00","180","0002","0472","109","93","16","0","109","455","0","23.96","20.44"
"10","005","00","180","0002","0473","206","172","34","1","207","615","0","33.66","27.97"
"10","005","00","180","0003","0000","289","234","55","4","293","871","0","33.64","26.87"
"10","005","00","180","0003","0474","197","157","40","3","200","567","0","35.27","27.69"
"10","005","00","180","0003","0475","92","77","15","1","93","304","0","30.59","25.33"
"10","005","00","180","0004","0000","190","169","21","2","192","480","0","40.00","35.21"
"10","005","00","180","0004","0476","190","169","21","2","192","480","0","40.00","35.21"
"10","005","00","180","0005","0000","131","109","22","0","131","501","0","26.15","21.76"
"10","005","00","180","0005","0477","131","109","22","0","131","501","0","26.15","21.76"
"10","005","00","180","0006","0000","135","111","24","2","137","481","0","28.48","23.08"
"10","005","00","180","0006","0478","135","111","24","2","137","481","0","28.48","23.08"
"10","005","00","180","0007","0000","181","152","29","2","183","666","0","27.48","22.82"
"10","005","00","180","0007","0479","181","152","29","2","183","666","0","27.48","22.82"
"10","005","00","180","0008","0000","196","179","17","7","203","590","0","34.41","30.34"
"10","005","00","180","0008","0480","196","179","17","7","203","590","0","34.41","30.34"
"10","007","00","000","0000","0000","390124","187142","202982","4389","394513","1061571","1260388","37.16","17.63"
"10","007","00","010","0000","0000","79642","39190","40452","732","80374","189909","229765","42.32","20.64"
"10","007","00","010","0001","0000","531","265","266","5","536","1253","0","42.78","21.15"
"10","007","00","010","0001","0119","295","142","153","3","298","666","0","44.74","21.32"
"10","007","00","010","0001","0120","236","123","113","2","238","587","0","40.55","20.95"
"10","007","00","010","0002","0000","2122","1060","1062","16","2138","4972","0","43.00","21.32"
"10","007","00","010","0002","0127","429","208","221","4","433","1101","0","39.33","18.89"
"10","007","00","010","0002","0128","413","216","197","2","415","1020","0","40.69","21.18"
"10","007","00","010","0002","0129","451","219","232","4","455","1012","0","44.96","21.64"
"10","007","00","010","0002","0130","389","210","179","3","392","898","0","43.65","23.39"
"10","007","00","010","0002","0131","440","207","233","3","443","941","0","47.08","22.00"
"10","007","00","010","0003","0000","680","323","357","2","682","1603","0","42.55","20.15"
"10","007","00","010","0003","0114","329","160","169","1","330","753","0","43.82","21.25"
"10","007","00","010","0003","0115","351","163","188","1","352","850","0","41.41","19.18"
"10","007","00","010","0004","0000","376","183","193","4","380","760","0","50.00","24.08"
"10","007","00","010","0004","0116","376","183","193","4","380","760","0","50.00","24.08"
"10","007","00","010","0005","0000","572","290","282","7","579","1331","0","43.50","21.79"
"10","007","00","010","0005","0117","282","132","150","4","286","639","0","44.76","20.66"
"10","007","00","010","0005","0118","290","158","132","3","293","692","0","42.34","22.83"
"10","007","00","010","0006","0000","746","350","396","7","753","1723","0","43.70","20.31"
"10","007","00","010","0006","0121","384","180","204","4","388","906","0","42.83","19.87"
"10","007","00","010","0006","0122","362","170","192","3","365","817","0","44.68","20.81"
"10","007","00","010","0007","0000","1716","835","881","17","1733","3835","0","45.19","21.77"
"10","007","00","010","0007","0123","445","210","235","5","450","976","0","46.11","21.52"
"10","007","00","010","0007","0124","437","236","201","6","443","944","0","46.93","25.00"
"10","007","00","010","0007","0125","379","167","212","3","382","827","0","46.19","20.19"
"10","007","00","010","0007","0126","455","222","233","3","458","1088","0","42.10","20.40"
"10","007","00","010","0008","0000","2257","1061","1196","24","2281","5212","0","43.76","20.36"
"10","007","00","010","0008","0107","520","223","297","9","529","1170","0","45.21","19.06"
"10","007","00","010","0008","0108","394","181","213","4","398","919","0","43.31","19.70"
"10","007","00","010","0008","0109","397","167","230","4","401","943","0","42.52","17.71"
"10","007","00","010","0008","0110","398","210","188","3","401","965","0","41.55","21.76"
"10","007","00","010","0008","0111","548","280","268","4","552","1215","0","45.43","23.05"
"10","007","00","010","0009","0000","769","382","387","5","774","1718","0","45.05","22.24"
"10","007","00","010","0009","0112","365","165","200","1","366","849","0","43.11","19.43"
"10","007","00","010","0009","0113","404","217","187","4","408","869","0","46.95","24.97"
"10","007","00","010","0010","0000","832","404","428","3","835","1895","0","44.06","21.32"
"10","007","00","010","0010","0105","434","220","214","0","434","1001","0","43.36","21.98"
"10","007","00","010","0010","0106","398","184","214","3","401","894","0","44.85","20.58"
"10","007","00","010","0011","0000","345","197","148","2","347","762","0","45.54","25.85"
"10","007","00","010","0011","0104","345","197","148","2","347","762","0","45.54","25.85"
"10","007","00","010","0012","0000","641","329","312","8","649","1377","0","47.13","23.89"
"10","007","00","010","0012","0102","316","147","169","2","318","646","0","49.23","22.76"
"10","007","00","010","0012","0103","325","182","143","6","331","731","0","45.28","24.90"
"10","007","00","010","0013","0000","396","156","240","2","398","862","0","46.17","18.10"
"10","007","00","010","0013","0100","396","156","240","2","398","862","0","46.17","18.10"
"10","007","00","010","0014","0000","264","96","168","2","266","642","0","41.43","14.95"
"10","007","00","010","0014","0099","264","96","168","2","266","642","0","41.43","14.95"
"10","007","00","010","0015","0000","362","162","200","0","362","706","0","51.27","22.95"
"10","007","00","010","0015","0101","362","162","200","0","362","706","0","51.27","22.95"
"10","007","00","010","0016","0000","383","139","244","1","384","864","0","44.44","16.09"
"10","007","00","010","0016","0054","383","139","244","1","384","864","0","44.44","16.09"
"10","007","00","010","0017","0000","372","151","221","5","377","748","0","50.40","20.19"
"10","007","00","010","0017","0051","372","151","221","5","377","748","0","50.40","20.19"
"10","007","00","010","0018","0000","389","155","234","4","393","863","0","45.54","17.96"
"10","007","00","010","0018","0052","389","155","234","4","393","863","0","45.54","17.96"
"10","007","00","010","0019","0000","465","210","255","5","470","1067","0","44.05","19.68"
"10","007","00","010","0019","0053","465","210","255","5","470","1067","0","44.05","19.68"
"10","007","00","010","0020","0000","1469","716","753","10","1479","3304","0","44.76","21.67"
"10","007","00","010","0020","0056","464","215","249","3","467","1035","0","45.12","20.77"
"10","007","00","010","0020","0057","569","283","286","4","573","1251","0","45.80","22.62"
"10","007","00","010","0020","0058","436","218","218","3","439","1018","0","43.12","21.41"
"10","007","00","010","0021","0000","1553","837","716","16","1569","3585","0","43.77","23.35"
"10","007","00","010","0021","0059","536","290","246","1","537","1147","0","46.82","25.28"
"10","007","00","010","0021","0060","498","257","241","10","508","1260","0","40.32","20.40"
"10","007","00","010","0021","0061","519","290","229","5","524","1178","0","44.48","24.62"
"10","007","00","010","0022","0000","530","274","256","2","532","1129","0","47.12","24.27"
"10","007","00","010","0022","0065","530","274","256","2","532","1129","0","47.12","24.27"
"10","007","00","010","0023","0000","1328","677","651","16","1344","3158","0","42.56","21.44"
"10","007","00","010","0023","0062","457","221","236","6","463","1037","0","44.65","21.31"
"10","007","00","010","0023","0063","475","232","243","6","481","1078","0","44.62","21.52"
"10","007","00","010","0023","0064","396","224","172","4","400","1043","0","38.35","21.48"
"10","007","00","010","0024","0000","1526","782","744","14","1540","4175","0","36.89","18.73"
"10","007","00","010","0024","0066","379","199","180","5","384","1010","0","38.02","19.70"
"10","007","00","010","0024","0067","387","189","198","1","388","1081","0","35.89","17.48"
"10","007","00","010","0024","0068","351","169","182","3","354","943","0","37.54","17.92"
"10","007","00","010","0024","0069","409","225","184","5","414","1141","0","36.28","19.72"
"10","007","00","010","0025","0000","458","189","269","2","460","930","0","49.46","20.32"
"10","007","00","010","0025","0055","458","189","269","2","460","930","0","49.46","20.32"
"10","007","00","010","0026","0000","1389","647","742","14","1403","3505","0","40.03","18.46"
"10","007","00","010","0026","0091","419","191","228","3","422","1182","0","35.70","16.16"
"10","007","00","010","0026","0092","472","211","261","3","475","1074","0","44.23","19.65"
"10","007","00","010","0026","0093","498","245","253","8","506","1249","0","40.51","19.62"
"10","007","00","010","0027","0000","881","427","454","12","893","2137","0","41.79","19.98"
"10","007","00","010","0027","0089","464","237","227","6","470","1166","0","40.31","20.33"
"10","007","00","010","0027","0090","417","190","227","6","423","971","0","43.56","19.57"
"10","007","00","010","0028","0000","731","337","394","8","739","1884","0","39.23","17.89"
"10","007","00","010","0028","0087","322","122","200","2","324","839","0","38.62","14.54"
"10","007","00","010","0028","0088","409","215","194","6","415","1045","0","39.71","20.57"
"10","007","00","010","0029","0000","1322","626","696","13","1335","3079","0","43.36","20.33"
"10","007","00","010","0029","0084","370","186","184","2","372","885","0","42.03","21.02"
"10","007","00","010","0029","0085","484","234","250","8","492","1109","0","44.36","21.10"
"10","007","00","010","0029","0086","468","206","262","3","471","1085","0","43.41","18.99"
"10","007","00","010","0030","0000","1265","617","648","11","1276","3285","0","38.84","18.78"
"10","007","00","010","0030","0094","439","207","232","0","439","1190","0","36.89","17.39"
"10","007","00","010","0030","0095","441","220","221","6","447","1024","0","43.65","21.48"
"10","007","00","010","0030","0096","385","190","195","5","390","1071","0","36.41","17.74"
"10","007","00","010","0031","0000","1680","820","860","17","1697","4235","0","40.07","19.36"
"10","007","00","010","0031","0070","393","182","211","4","397","973","0","40.80","18.71"
"10","007","00","010","0031","0071","446","195","251","3","449","1136","0","39.52","17.17"
"10","007","00","010","0031","0072","426","228","198","5","431","1079","0","39.94","21.13"
"10","007","00","010","0031","0073","415","215","200","5","420","1047","0","40.11","20.53"
"10","007","00","010","0032","0000","962","484","478","6","968","2424","0","39.93","19.97"
"10","007","00","010","0032","0001","385","200","185","3","388","881","0","44.04","22.70"
"10","007","00","010","0032","0002","204","104","100","1","205","663","0","30.92","15.69"
"10","007","00","010","0032","0003","373","180","193","2","375","880","0","42.61","20.45"
"10","007","00","010","0033","0000","1088","594","494","14","1102","2437","0","45.22","24.37"
"10","007","00","010","0033","0097","513","265","248","9","522","1196","0","43.65","22.16"
"10","007","00","010","0033","0098","575","329","246","5","580","1241","0","46.74","26.51"
"10","007","00","010","0034","0000","675","314","361","8","683","1511","0","45.20","20.78"
"10","007","00","010","0034","0004","329","151","178","6","335","751","0","44.61","20.11"
"10","007","00","010","0034","0005","346","163","183","2","348","760","0","45.79","21.45"
"10","007","00","010","0035","0000","453","211","242","5","458","974","0","47.02","21.66"
"10","007","00","010","0035","0010","453","211","242","5","458","974","0","47.02","21.66"
"10","007","00","010","0036","0000","545","267","278","2","547","1169","0","46.79","22.84"
"10","007","00","010","0036","0011","545","267","278","2","547","1169","0","46.79","22.84"
"10","007","00","010","0037","0000","747","422","325","6","753","1770","0","42.54","23.84"
"10","007","00","010","0037","0008","315","192","123","1","316","741","0","42.65","25.91"
"10","007","00","010","0037","0009","432","230","202","5","437","1029","0","42.47","22.35"
"10","007","00","010","0038","0000","632","309","323","7","639","1426","0","44.81","21.67"
"10","007","00","010","0038","0006","299","166","133","3","302","699","0","43.20","23.75"
"10","007","00","010","0038","0007","333","143","190","4","337","727","0","46.35","19.67"
"10","007","00","010","0039","0000","3240","1614","1626","15","3255","7458","0","43.64","21.64"
"10","007","00","010","0039","0035","400","205","195","3","403","1022","0","39.43","20.06"
"10","007","00","010","0039","0036","491","247","244","1","492","1090","0","45.14","22.66"
"10","007","00","010","0039","0037","536","275","261","4","540","1193","0","45.26","23.05"
"10","007","00","010","0039","0038","487","224","263","1","488","1094","0","44.61","20.48"
"10","007","00","010","0039","0039","488","253","235","1","489","1105","0","44.25","22.90"
"10","007","00","010","0039","0040","403","197","206","1","404","1013","0","39.88","19.45"
"10","007","00","010","0039","0041","435","213","222","4","439","941","0","46.65","22.64"
"10","007","00","010","0040","0000","656","318","338","4","660","1470","0","44.90","21.63"
"10","007","00","010","0040","0042","330","153","177","3","333","694","0","47.98","22.05"
"10","007","00","010","0040","0043","326","165","161","1","327","776","0","42.14","21.26"
"10","007","00","010","0041","0000","2082","1014","1068","21","2103","4938","0","42.59","20.53"
"10","007","00","010","0041","0025","458","238","220","5","463","1173","0","39.47","20.29"
"10","007","00","010","0041","0026","416","219","197","3","419","1040","0","40.29","21.06"
"10","007","00","010","0041","0027","586","247","339","6","592","1350","0","43.85","18.30"
"10","007","00","010","0041","0028","622","310","312","7","629","1375","0","45.75","22.55"
"10","007","00","010","0042","0000","3132","1512","1620","21","3153","7515","0","41.96","20.12"
"10","007","00","010","0042","0029","587","267","320","6","593","1363","0","43.51","19.59"
"10","007","00","010","0042","0030","421","199","222","2","423","1063","0","39.79","18.72"
"10","007","00","010","0042","0031","486","237","249","1","487","1222","0","39.85","19.39"
"10","007","00","010","0042","0032","579","264","315","2","581","1267","0","45.86","20.84"
"10","007","00","010","0042","0033","536","277","259","2","538","1323","0","40.67","20.94"
"10","007","00","010","0042","0034","523","268","255","8","531","1277","0","41.58","20.99"
"10","007","00","010","0043","0000","1218","587","631","13","1231","2775","0","44.36","21.15"
"10","007","00","010","0043","0045","377","179","198","5","382","835","0","45.75","21.44"
"10","007","00","010","0043","0046","398","188","210","5","403","899","0","44.83","20.91"
"10","007","00","010","0043","0047","443","220","223","3","446","1041","0","42.84","21.13"
"10","007","00","010","0044","0000","1247","575","672","20","1267","2845","0","44.53","20.21"
"10","007","00","010","0044","0048","416","199","217","9","425","1011","0","42.04","19.68"
"10","007","00","010","0044","0049","377","143","234","5","382","855","0","44.68","16.73"
"10","007","00","010","0044","0050","454","233","221","6","460","979","0","46.99","23.80"
"10","007","00","010","0045","0000","640","319","321","1","641","1419","0","45.17","22.48"
"10","007","00","010","0045","0014","351","178","173","0","351","797","0","44.04","22.33"
"10","007","00","010","0045","0015","289","141","148","1","290","622","0","46.62","22.67"
"10","007","00","010","0046","0000","957","568","389","7","964","2598","0","37.11","21.86"
"10","007","00","010","0046","0016","574","380","194","4","578","1206","0","47.93","31.51"
"10","007","00","010","0046","0017","383","188","195","3","386","1392","0","27.73","13.51"
"10","007","00","010","0047","0000","3770","1935","1835","27","3797","8962","0","42.37","21.59"
"10","007","00","010","0047","0018","536","284","252","5","541","1315","0","41.14","21.60"
"10","007","00","010","0047","0019","523","277","246","4","527","1214","0","43.41","22.82"
"10","007","00","010","0047","0020","474","259","215","4","478","1157","0","41.31","22.39"
"10","007","00","010","0047","0021","491","213","278","5","496","1274","0","38.93","16.72"
"10","007","00","010","0047","0022","684","347","337","5","689","1518","0","45.39","22.86"
"10","007","00","010","0047","0023","509","254","255","3","512","1167","0","43.87","21.77"
"10","007","00","010","0047","0024","553","301","252","1","554","1317","0","42.07","22.85"
"10","007","00","010","0048","0000","1016","565","451","12","1028","2240","0","45.89","25.22"
"10","007","00","010","0048","0012","495","266","229","5","500","1082","0","46.21","24.58"
"10","007","00","010","0048","0013","521","299","222","7","528","1158","0","45.60","25.82"
"10","007","00","010","0049","0000","449","215","234","10","459","981","0","46.79","21.92"
"10","007","00","010","0049","0044","449","215","234","10","459","981","0","46.79","21.92"
"10","007","00","010","0050","0000","1311","631","680","13","1324","3193","0","41.47","19.76"
"10","007","00","010","0050","0180","418","184","234","6","424","994","0","42.66","18.51"
"10","007","00","010","0050","0181","455","245","210","5","460","1095","0","42.01","22.37"
"10","007","00","010","0050","0182","438","202","236","2","440","1104","0","39.86","18.30"
"10","007","00","010","0051","0000","636","336","300","8","644","1653","0","38.96","20.33"
"10","007","00","010","0051","0156","313","186","127","3","316","782","0","40.41","23.79"
"10","007","00","010","0051","0157","323","150","173","5","328","871","0","37.66","17.22"
"10","007","00","010","0052","0000","783","373","410","12","795","1899","0","41.86","19.64"
"10","007","00","010","0052","0177","362","174","188","5","367","930","0","39.46","18.71"
"10","007","00","010","0052","0178","421","199","222","7","428","969","0","44.17","20.54"
"10","007","00","010","0053","0000","1300","603","697","21","1321","3295","0","40.09","18.30"
"10","007","00","010","0053","0158","404","183","221","5","409","972","0","42.08","18.83"
"10","007","00","010","0053","0159","452","194","258","10","462","1172","0","39.42","16.55"
"10","007","00","010","0053","0160","444","226","218","6","450","1151","0","39.10","19.64"
"10","007","00","010","0054","0000","1236","528","708","19","1255","2951","0","42.53","17.89"
"10","007","00","010","0054","0161","392","162","230","5","397","889","0","44.66","18.22"
"10","007","00","010","0054","0162","447","207","240","8","455","1071","0","42.48","19.33"
"10","007","00","010","0054","0163","397","159","238","6","403","991","0","40.67","16.04"
"10","007","00","010","0055","0000","2716","1211","1505","28","2744","6731","0","40.77","17.99"
"10","007","00","010","0055","0171","436","208","228","4","440","1123","0","39.18","18.52"
"10","007","00","010","0055","0172","451","222","229","2","453","1253","0","36.15","17.72"
"10","007","00","010","0055","0173","486","213","273","4","490","1155","0","42.42","18.44"
"10","007","00","010","0055","0174","486","212","274","5","491","1188","0","41.33","17.85"
"10","007","00","010","0055","0175","471","191","280","10","481","1091","0","44.09","17.51"
"10","007","00","010","0055","0176","386","165","221","3","389","921","0","42.24","17.92"
"10","007","00","010","0056","0000","963","435","528","10","973","2426","0","40.11","17.93"
"10","007","00","010","0056","0154","460","235","225","4","464","1331","0","34.86","17.66"
"10","007","00","010","0056","0155","503","200","303","6","509","1095","0","46.48","18.26"
"10","007","00","010","0057","0000","434","198","236","5","439","1183","0","37.11","16.74"
"10","007","00","010","0057","0179","434","198","236","5","439","1183","0","37.11","16.74"
"10","007","00","010","0058","0000","1018","458","560","12","1030","2414","0","42.67","18.97"
"10","007","00","010","0058","0168","327","143","184","5","332","754","0","44.03","18.97"
"10","007","00","010","0058","0169","377","171","206","5","382","881","0","43.36","19.41"
"10","007","00","010","0058","0170","314","144","170","2","316","779","0","40.56","18.49"
"10","007","00","010","0059","0000","477","230","247","11","488","1222","0","39.93","18.82"
"10","007","00","010","0059","0136","477","230","247","11","488","1222","0","39.93","18.82"
"10","007","00","010","0060","0000","383","189","194","5","388","936","0","41.45","20.19"
"10","007","00","010","0060","0132","383","189","194","5","388","936","0","41.45","20.19"
"10","007","00","010","0061","0000","1238","618","620","17","1255","2915","0","43.05","21.20"
"10","007","00","010","0061","0133","407","204","203","6","413","941","0","43.89","21.68"
"10","007","00","010","0061","0134","395","174","221","7","402","956","0","42.05","18.20"
"10","007","00","010","0061","0135","436","240","196","4","440","1018","0","43.22","23.58"
"10","007","00","010","0062","0000","3338","1750","1588","28","3366","8423","0","39.96","20.78"
"10","007","00","010","0062","0140","520","280","240","1","521","1160","0","44.91","24.14"
"10","007","00","010","0062","0141","452","252","200","6","458","1317","0","34.78","19.13"
"10","007","00","010","0062","0142","465","239","226","2","467","1191","0","39.21","20.07"
"10","007","00","010","0062","0143","457","258","199","1","458","1123","0","40.78","22.97"
"10","007","00","010","0062","0144","490","263","227","6","496","1278","0","38.81","20.58"
"10","007","00","010","0062","0145","428","217","211","8","436","1157","0","37.68","18.76"
"10","007","00","010","0062","0146","526","241","285","4","530","1197","0","44.28","20.13"
"10","007","00","010","0063","0000","929","421","508","5","934","2377","0","39.29","17.71"
"10","007","00","010","0063","0137","346","155","191","2","348","799","0","43.55","19.40"
"10","007","00","010","0063","0138","328","145","183","2","330","878","0","37.59","16.51"
"10","007","00","010","0063","0139","255","121","134","1","256","700","0","36.57","17.29"
"10","007","00","010","0064","0000","1775","921","854","19","1794","4046","0","44.34","22.76"
"10","007","00","010","0064","0150","412","206","206","7","419","969","0","43.24","21.26"
"10","007","00","010","0064","0151","420","209","211","3","423","920","0","45.98","22.72"
"10","007","00","010","0064","0152","459","262","197","6","465","1095","0","42.47","23.93"
"10","007","00","010","0064","0153","484","244","240","3","487","1062","0","45.86","22.98"
"10","007","00","010","0065","0000","1124","570","554","8","1132","2634","0","42.98","21.64"
"10","007","00","010","0065","0147","402","189","213","1","403","855","0","47.13","22.11"
"10","007","00","010","0065","0148","342","176","166","4","346","851","0","40.66","20.68"
"10","007","00","010","0065","0149","380","205","175","3","383","928","0","41.27","22.09"
"10","007","00","010","0066","0000","418","198","220","5","423","1132","0","37.37","17.49"
"10","007","00","010","0066","0187","418","198","220","5","423","1132","0","37.37","17.49"
"10","007","00","010","0067","0000","468","218","250","5","473","1249","0","37.87","17.45"
"10","007","00","010","0067","0186","468","218","250","5","473","1249","0","37.87","17.45"
"10","007","00","010","0068","0000","322","134","188","2","324","840","0","38.57","15.95"
"10","007","00","010","0068","0185","322","134","188","2","324","840","0","38.57","15.95"
"10","007","00","010","0069","0000","360","172","188","0","360","885","0","40.68","19.44"
"10","007","00","010","0069","0183","360","172","188","0","360","885","0","40.68","19.44"
"10","007","00","010","0070","0000","458","213","245","3","461","1114","0","41.38","19.12"
"10","007","00","010","0070","0184","458","213","245","3","461","1114","0","41.38","19.12"
"10","007","00","010","0071","0000","1667","930","737","9","1676","4349","0","38.54","21.38"
"10","007","00","010","0071","0164","416","238","178","2","418","1032","0","40.50","23.06"
"10","007","00","010","0071","0165","400","199","201","2","402","1129","0","35.61","17.63"
"10","007","00","010","0071","0166","428","253","175","4","432","1123","0","38.47","22.53"
"10","007","00","010","0071","0167","423","240","183","1","424","1065","0","39.81","22.54"
"10","007","00","010","0072","0000","2249","1144","1105","19","2268","5297","0","42.82","21.60"
"10","007","00","010","0072","0074","517","276","241","5","522","1231","0","42.40","22.42"
"10","007","00","010","0072","0075","470","230","240","3","473","1067","0","44.33","21.56"
"10","007","00","010","0072","0076","428","223","205","3","431","1025","0","42.05","21.76"
"10","007","00","010","0072","0077","420","191","229","2","422","969","0","43.55","19.71"
"10","007","00","010","0072","0078","414","224","190","6","420","1005","0","41.79","22.29"
"10","007","00","010","0073","0000","2180","1189","991","15","2195","5234","0","41.94","22.72"
"10","007","00","010","0073","0079","515","307","208","0","515","1147","0","44.90","26.77"
"10","007","00","010","0073","0080","368","182","186","2","370","933","0","39.66","19.51"
"10","007","00","010","0073","0081","414","193","221","2","416","988","0","42.11","19.53"
"10","007","00","010","0073","0082","437","259","178","6","443","1012","0","43.77","25.59"
"10","007","00","010","0073","0083","446","248","198","5","451","1154","0","39.08","21.49"
"10","007","00","020","0000","0000","25933","11229","14704","275","26208","70613","86115","37.11","15.90"
"10","007","00","020","0001","0000","465","169","296","4","469","1109","0","42.29","15.24"
"10","007","00","020","0001","0247","465","169","296","4","469","1109","0","42.29","15.24"
"10","007","00","020","0002","0000","220","75","145","1","221","506","0","43.68","14.82"
"10","007","00","020","0002","0248","220","75","145","1","221","506","0","43.68","14.82"
"10","007","00","020","0003","0000","312","122","190","3","315","847","0","37.19","14.40"
"10","007","00","020","0003","0249","312","122","190","3","315","847","0","37.19","14.40"
"10","007","00","020","0004","0000","377","152","225","2","379","906","0","41.83","16.78"
"10","007","00","020","0004","0250","377","152","225","2","379","906","0","41.83","16.78"
"10","007","00","020","0005","0000","2879","1217","1662","25","2904","7832","0","37.08","15.54"
"10","007","00","020","0005","0308","470","171","299","6","476","1330","0","35.79","12.86"
"10","007","00","020","0005","0309","524","228","296","3","527","1348","0","39.09","16.91"
"10","007","00","020","0005","0310","501","225","276","6","507","1535","0","33.03","14.66"
"10","007","00","020","0005","0311","475","201","274","7","482","1129","0","42.69","17.80"
"10","007","00","020","0005","0312","438","180","258","1","439","1209","0","36.31","14.89"
"10","007","00","020","0005","0313","471","212","259","2","473","1281","0","36.92","16.55"
"10","007","00","020","0006","0000","1811","768","1043","20","1831","5195","0","35.25","14.78"
"10","007","00","020","0006","0304","391","186","205","4","395","1207","0","32.73","15.41"
"10","007","00","020","0006","0305","445","189","256","7","452","1192","0","37.92","15.86"
"10","007","00","020","0006","0306","452","154","298","3","455","1297","0","35.08","11.87"
"10","007","00","020","0006","0307","523","239","284","6","529","1499","0","35.29","15.94"
"10","007","00","020","0007","0000","1920","708","1212","27","1947","5046","0","38.59","14.03"
"10","007","00","020","0007","0251","360","122","238","3","363","973","0","37.31","12.54"
"10","007","00","020","0007","0252","463","164","299","4","467","1104","0","42.30","14.86"
"10","007","00","020","0007","0253","287","110","177","5","292","829","0","35.22","13.27"
"10","007","00","020","0007","0254","284","130","154","2","286","731","0","39.12","17.78"
"10","007","00","020","0007","0255","526","182","344","13","539","1409","0","38.25","12.92"
"10","007","00","020","0008","0000","1596","537","1059","16","1612","4391","0","36.71","12.23"
"10","007","00","020","0008","0258","391","113","278","4","395","1033","0","38.24","10.94"
"10","007","00","020","0008","0259","449","135","314","6","455","1098","0","41.44","12.30"
"10","007","00","020","0008","0260","360","120","240","3","363","1072","0","33.86","11.19"
"10","007","00","020","0008","0261","396","169","227","3","399","1188","0","33.59","14.23"
"10","007","00","020","0009","0000","218","75","143","0","218","521","0","41.84","14.40"
"10","007","00","020","0009","0262","218","75","143","0","218","521","0","41.84","14.40"
"10","007","00","020","0010","0000","397","136","261","3","400","837","0","47.79","16.25"
"10","007","00","020","0010","0256","397","136","261","3","400","837","0","47.79","16.25"
"10","007","00","020","0011","0000","448","161","287","4","452","1126","0","40.14","14.30"
"10","007","00","020","0011","0257","448","161","287","4","452","1126","0","40.14","14.30"
"10","007","00","020","0012","0000","474","225","249","1","475","1084","0","43.82","20.76"
"10","007","00","020","0012","0267","474","225","249","1","475","1084","0","43.82","20.76"
"10","007","00","020","0013","0000","497","210","287","2","499","1130","0","44.16","18.58"
"10","007","00","020","0013","0268","497","210","287","2","499","1130","0","44.16","18.58"
"10","007","00","020","0014","0000","124","62","62","0","124","267","0","46.44","23.22"
"10","007","00","020","0014","0269","124","62","62","0","124","267","0","46.44","23.22"
"10","007","00","020","0015","0000","279","117","162","5","284","618","0","45.95","18.93"
"10","007","00","020","0015","0271","279","117","162","5","284","618","0","45.95","18.93"
"10","007","00","020","0016","0000","249","100","149","2","251","574","0","43.73","17.42"
"10","007","00","020","0016","0270","249","100","149","2","251","574","0","43.73","17.42"
"10","007","00","020","0017","0000","406","118","288","7","413","877","0","47.09","13.45"
"10","007","00","020","0017","0272","406","118","288","7","413","877","0","47.09","13.45"
"10","007","00","020","0018","0000","1001","388","613","7","1008","2170","0","46.45","17.88"
"10","007","00","020","0018","0273","506","173","333","4","510","1047","0","48.71","16.52"
"10","007","00","020","0018","0274","495","215","280","3","498","1123","0","44.35","19.15"
"10","007","00","020","0019","0000","1328","695","633","12","1340","3879","0","34.54","17.92"
"10","007","00","020","0019","0291","497","265","232","4","501","1529","0","32.77","17.33"
"10","007","00","020","0019","0292","431","229","202","4","435","1101","0","39.51","20.80"
"10","007","00","020","0019","0293","400","201","199","4","404","1249","0","32.35","16.09"
"10","007","00","020","0020","0000","902","438","464","14","916","2598","0","35.26","16.86"
"10","007","00","020","0020","0294","259","114","145","5","264","858","0","30.77","13.29"
"10","007","00","020","0020","0295","258","159","99","4","262","704","0","37.22","22.59"
"10","007","00","020","0020","0296","385","165","220","5","390","1036","0","37.64","15.93"
"10","007","00","020","0021","0000","1323","690","633","16","1339","4105","0","32.62","16.81"
"10","007","00","020","0021","0301","482","245","237","8","490","1431","0","34.24","17.12"
"10","007","00","020","0021","0302","376","212","164","4","380","1223","0","31.07","17.33"
"10","007","00","020","0021","0303","465","233","232","4","469","1451","0","32.32","16.06"
"10","007","00","020","0022","0000","1458","775","683","13","1471","4124","0","35.67","18.79"
"10","007","00","020","0022","0297","325","192","133","5","330","928","0","35.56","20.69"
"10","007","00","020","0022","0298","369","168","201","5","374","1102","0","33.94","15.25"
"10","007","00","020","0022","0299","357","211","146","3","360","882","0","40.82","23.92"
"10","007","00","020","0022","0300","407","204","203","0","407","1212","0","33.58","16.83"
"10","007","00","020","0023","0000","1164","620","544","12","1176","3189","0","36.88","19.44"
"10","007","00","020","0023","0283","379","218","161","4","383","1006","0","38.07","21.67"
"10","007","00","020","0023","0284","381","197","184","4","385","1026","0","37.52","19.20"
"10","007","00","020","0023","0285","404","205","199","4","408","1157","0","35.26","17.72"
"10","007","00","020","0024","0000","717","389","328","11","728","2191","0","33.23","17.75"
"10","007","00","020","0024","0286","340","196","144","6","346","1181","0","29.30","16.60"
"10","007","00","020","0024","0287","377","193","184","5","382","1010","0","37.82","19.11"
"10","007","00","020","0025","0000","1062","460","602","6","1068","3032","0","35.22","15.17"
"10","007","00","020","0025","0288","371","144","227","2","373","1051","0","35.49","13.70"
"10","007","00","020","0025","0289","356","155","201","2","358","1006","0","35.59","15.41"
"10","007","00","020","0025","0290","335","161","174","2","337","975","0","34.56","16.51"
"10","007","00","020","0026","0000","1182","489","693","12","1194","3575","0","33.40","13.68"
"10","007","00","020","0026","0277","428","179","249","6","434","1154","0","37.61","15.51"
"10","007","00","020","0026","0278","399","177","222","5","404","1208","0","33.44","14.65"
"10","007","00","020","0026","0279","355","133","222","1","356","1213","0","29.35","10.96"
"10","007","00","020","0027","0000","664","289","375","9","673","2076","0","32.42","13.92"
"10","007","00","020","0027","0275","412","188","224","6","418","1326","0","31.52","14.18"
"10","007","00","020","0027","0276","252","101","151","3","255","750","0","34.00","13.47"
"10","007","00","020","0028","0000","896","379","517","20","916","2425","0","37.77","15.63"
"10","007","00","020","0028","0280","310","167","143","3","313","950","0","32.95","17.58"
"10","007","00","020","0028","0281","295","110","185","15","310","735","0","42.18","14.97"
"10","007","00","020","0028","0282","291","102","189","2","293","740","0","39.59","13.78"
"10","007","00","020","0029","0000","1564","665","899","21","1585","4383","0","36.16","15.17"
"10","007","00","020","0029","0263","402","190","212","5","407","1153","0","35.30","16.48"
"10","007","00","020","0029","0264","402","162","240","9","411","1138","0","36.12","14.24"
"10","007","00","020","0029","0265","388","173","215","3","391","1066","0","36.68","16.23"
"10","007","00","020","0029","0266","372","140","232","4","376","1026","0","36.65","13.65"
"10","007","00","030","0000","0000","27366","13128","14238","268","27634","75185","89825","36.75","17.46"
"10","007","00","030","0001","0000","2143","1015","1128","18","2161","6113","0","35.35","16.60"
"10","007","00","030","0001","0386","397","193","204","3","400","1157","0","34.57","16.68"
"10","007","00","030","0001","0387","422","138","284","5","427","1327","0","32.18","10.40"
"10","007","00","030","0001","0388","473","257","216","1","474","1318","0","35.96","19.50"
"10","007","00","030","0001","0389","482","259","223","4","486","1301","0","37.36","19.91"
"10","007","00","030","0001","0390","369","168","201","5","374","1010","0","37.03","16.63"
"10","007","00","030","0002","0000","1643","809","834","15","1658","4323","0","38.35","18.71"
"10","007","00","030","0002","0391","360","167","193","6","366","1064","0","34.40","15.70"
"10","007","00","030","0002","0392","398","192","206","2","400","1007","0","39.72","19.07"
"10","007","00","030","0002","0393","396","199","197","5","401","1004","0","39.94","19.82"
"10","007","00","030","0002","0394","489","251","238","2","491","1248","0","39.34","20.11"
"10","007","00","030","0003","0000","181","104","77","0","181","398","0","45.48","26.13"
"10","007","00","030","0003","0395","181","104","77","0","181","398","0","45.48","26.13"
"10","007","00","030","0004","0000","625","304","321","5","630","1796","0","35.08","16.93"
"10","007","00","030","0004","0396","318","150","168","2","320","816","0","39.22","18.38"
"10","007","00","030","0004","0397","307","154","153","3","310","980","0","31.63","15.71"
"10","007","00","030","0005","0000","1212","602","610","17","1229","3164","0","38.84","19.03"
"10","007","00","030","0005","0398","421","207","214","7","428","1035","0","41.35","20.00"
"10","007","00","030","0005","0399","399","199","200","6","405","1094","0","37.02","18.19"
"10","007","00","030","0005","0400","392","196","196","4","396","1035","0","38.26","18.94"
"10","007","00","030","0006","0000","1020","480","540","6","1026","2785","0","36.84","17.24"
"10","007","00","030","0006","0401","522","209","313","6","528","1406","0","37.55","14.86"
"10","007","00","030","0006","0402","498","271","227","0","498","1379","0","36.11","19.65"
"10","007","00","030","0007","0000","546","266","280","4","550","1672","0","32.89","15.91"
"10","007","00","030","0007","0403","268","129","139","0","268","816","0","32.84","15.81"
"10","007","00","030","0007","0404","278","137","141","4","282","856","0","32.94","16.00"
"10","007","00","030","0008","0000","341","184","157","2","343","847","0","40.50","21.72"
"10","007","00","030","0008","0444","341","184","157","2","343","847","0","40.50","21.72"
"10","007","00","030","0009","0000","803","389","414","7","810","2119","0","38.23","18.36"
"10","007","00","030","0009","0405","506","245","261","3","509","1351","0","37.68","18.13"
"10","007","00","030","0009","0406","297","144","153","4","301","768","0","39.19","18.75"
"10","007","00","030","0010","0000","1059","514","545","11","1070","2869","0","37.30","17.92"
"10","007","00","030","0010","0407","499","236","263","7","506","1457","0","34.73","16.20"
"10","007","00","030","0010","0408","560","278","282","4","564","1412","0","39.94","19.69"
"10","007","00","030","0011","0000","466","236","230","2","468","1464","0","31.97","16.12"
"10","007","00","030","0011","0409","208","86","122","2","210","673","0","31.20","12.78"
"10","007","00","030","0011","0410","258","150","108","0","258","791","0","32.62","18.96"
"10","007","00","030","0012","0000","618","313","305","7","625","1857","0","33.66","16.86"
"10","007","00","030","0012","0411","327","168","159","2","329","970","0","33.92","17.32"
"10","007","00","030","0012","0412","291","145","146","5","296","887","0","33.37","16.35"
"10","007","00","030","0013","0000","810","390","420","8","818","2204","0","37.11","17.70"
"10","007","00","030","0013","0413","425","186","239","4","429","1151","0","37.27","16.16"
"10","007","00","030","0013","0414","385","204","181","4","389","1053","0","36.94","19.37"
"10","007","00","030","0014","0000","458","201","257","5","463","1318","0","35.13","15.25"
"10","007","00","030","0014","0415","458","201","257","5","463","1318","0","35.13","15.25"
"10","007","00","030","0015","0000","2004","972","1032","12","2016","5228","0","38.56","18.59"
"10","007","00","030","0015","0416","446","225","221","5","451","1162","0","38.81","19.36"
"10","007","00","030","0015","0417","494","228","266","1","495","1285","0","38.52","17.74"
"10","007","00","030","0015","0418","492","242","250","1","493","1248","0","39.50","19.39"
"10","007","00","030","0015","0419","572","277","295","5","577","1533","0","37.64","18.07"
"10","007","00","030","0016","0000","723","361","362","9","732","1959","0","37.37","18.43"
"10","007","00","030","0016","0422","412","203","209","4","416","1029","0","40.43","19.73"
"10","007","00","030","0016","0423","311","158","153","5","316","930","0","33.98","16.99"
"10","007","00","030","0017","0000","1064","496","568","9","1073","2669","0","40.20","18.58"
"10","007","00","030","0017","0426","521","244","277","8","529","1322","0","40.02","18.46"
"10","007","00","030","0017","0427","543","252","291","1","544","1347","0","40.39","18.71"
"10","007","00","030","0018","0000","762","366","396","10","772","2034","0","37.95","17.99"
"10","007","00","030","0018","0424","397","173","224","5","402","1016","0","39.57","17.03"
"10","007","00","030","0018","0425","365","193","172","5","370","1018","0","36.35","18.96"
"10","007","00","030","0019","0000","1187","530","657","14","1201","3450","0","34.81","15.36"
"10","007","00","030","0019","0428","402","179","223","3","405","1157","0","35.00","15.47"
"10","007","00","030","0019","0429","386","165","221","7","393","1105","0","35.57","14.93"
"10","007","00","030","0019","0430","399","186","213","4","403","1188","0","33.92","15.66"
"10","007","00","030","0020","0000","356","144","212","8","364","868","0","41.94","16.59"
"10","007","00","030","0020","0431","356","144","212","8","364","868","0","41.94","16.59"
"10","007","00","030","0021","0000","966","480","486","17","983","2388","0","41.16","20.10"
"10","007","00","030","0021","0432","442","202","240","7","449","1115","0","40.27","18.12"
"10","007","00","030","0021","0433","524","278","246","10","534","1273","0","41.95","21.84"
"10","007","00","030","0022","0000","918","400","518","10","928","2277","0","40.76","17.57"
"10","007","00","030","0022","0434","426","192","234","7","433","1077","0","40.20","17.83"
"10","007","00","030","0022","0435","492","208","284","3","495","1200","0","41.25","17.33"
"10","007","00","030","0023","0000","363","166","197","5","368","1109","0","33.18","14.97"
"10","007","00","030","0023","0436","363","166","197","5","368","1109","0","33.18","14.97"
"10","007","00","030","0024","0000","1054","484","570","11","1065","2845","0","37.43","17.01"
"10","007","00","030","0024","0437","339","164","175","7","346","914","0","37.86","17.94"
"10","007","00","030","0024","0438","360","158","202","2","362","972","0","37.24","16.26"
"10","007","00","030","0024","0439","355","162","193","2","357","959","0","37.23","16.89"
"10","007","00","030","0025","0000","1557","819","738","12","1569","4308","0","36.42","19.01"
"10","007","00","030","0025","0440","362","192","170","3","365","985","0","37.06","19.49"
"10","007","00","030","0025","0441","424","243","181","2","426","1054","0","40.42","23.06"
"10","007","00","030","0025","0442","402","202","200","3","405","1160","0","34.91","17.41"
"10","007","00","030","0025","0443","369","182","187","4","373","1109","0","33.63","16.41"
"10","007","00","030","0026","0000","589","308","281","6","595","1748","0","34.04","17.62"
"10","007","00","030","0026","0445","287","146","141","3","290","865","0","33.53","16.88"
"10","007","00","030","0026","0446","302","162","140","3","305","883","0","34.54","18.35"
"10","007","00","030","0027","0000","245","136","109","2","247","842","0","29.33","16.15"
"10","007","00","030","0027","0447","245","136","109","2","247","842","0","29.33","16.15"
"10","007","00","030","0028","0000","449","175","274","3","452","1196","0","37.79","14.63"
"10","007","00","030","0028","0448","449","175","274","3","452","1196","0","37.79","14.63"
"10","007","00","030","0029","0000","625","286","339","7","632","2038","0","31.01","14.03"
"10","007","00","030","0029","0449","379","170","209","1","380","1088","0","34.93","15.63"
"10","007","00","030","0029","0450","246","116","130","6","252","950","0","26.53","12.21"
"10","007","00","030","0030","0000","1122","507","615","15","1137","3033","0","37.49","16.72"
"10","007","00","030","0030","0451","368","168","200","7","375","1022","0","36.69","16.44"
"10","007","00","030","0030","0452","403","176","227","5","408","1006","0","40.56","17.50"
"10","007","00","030","0030","0453","351","163","188","3","354","1005","0","35.22","16.22"
"10","007","00","030","0031","0000","564","253","311","5","569","1548","0","36.76","16.34"
"10","007","00","030","0031","0454","236","107","129","3","239","684","0","34.94","15.64"
"10","007","00","030","0031","0455","328","146","182","2","330","864","0","38.19","16.90"
"10","007","00","030","0032","0000","893","438","455","6","899","2716","0","33.10","16.13"
"10","007","00","030","0032","0420","457","200","257","1","458","1363","0","33.60","14.67"
"10","007","00","030","0032","0421","436","238","198","5","441","1353","0","32.59","17.59"
"10","007","00","040","0000","0000","4848","2609","2239","47","4895","14031","16573","34.89","18.59"
"10","007","00","040","0001","0000","435","265","170","1","436","1187","0","36.73","22.33"
"10","007","00","040","0001","0485","435","265","170","1","436","1187","0","36.73","22.33"
"10","007","00","040","0002","0000","825","490","335","14","839","2276","0","36.86","21.53"
"10","007","00","040","0002","0484","387","209","178","6","393","1042","0","37.72","20.06"
"10","007","00","040","0002","0486","438","281","157","8","446","1234","0","36.14","22.77"
"10","007","00","040","0003","0000","778","407","371","10","788","2324","0","33.91","17.51"
"10","007","00","040","0003","0487","382","199","183","5","387","1195","0","32.38","16.65"
"10","007","00","040","0003","0488","396","208","188","5","401","1129","0","35.52","18.42"
"10","007","00","040","0004","0000","441","218","223","2","443","1240","0","35.73","17.58"
"10","007","00","040","0004","0489","441","218","223","2","443","1240","0","35.73","17.58"
"10","007","00","040","0005","0000","384","195","189","2","386","1223","0","31.56","15.94"
"10","007","00","040","0005","0490","384","195","189","2","386","1223","0","31.56","15.94"
"10","007","00","040","0006","0000","680","313","367","9","689","1914","0","36.00","16.35"
"10","007","00","040","0006","0491","346","153","193","3","349","966","0","36.13","15.84"
"10","007","00","040","0006","0492","334","160","174","6","340","948","0","35.86","16.88"
"10","007","00","040","0007","0000","799","443","356","4","803","2519","0","31.88","17.59"
"10","007","00","040","0007","0493","420","244","176","0","420","1233","0","34.06","19.79"
"10","007","00","040","0007","0494","379","199","180","4","383","1286","0","29.78","15.47"
"10","007","00","040","0008","0000","506","278","228","5","511","1348","0","37.91","20.62"
"10","007","00","040","0008","0495","506","278","228","5","511","1348","0","37.91","20.62"
"10","007","00","050","0000","0000","10262","5068","5194","93","10355","31273","37802","33.11","16.21"
"10","007","00","050","0001","0000","526","235","291","10","536","1748","0","30.66","13.44"
"10","007","00","050","0001","0471","293","106","187","8","301","883","0","34.09","12.00"
"10","007","00","050","0001","0472","233","129","104","2","235","865","0","27.17","14.91"
"10","007","00","050","0002","0000","417","125","292","4","421","1157","0","36.39","10.80"
"10","007","00","050","0002","0473","417","125","292","4","421","1157","0","36.39","10.80"
"10","007","00","050","0003","0000","481","237","244","5","486","1484","0","32.75","15.97"
"10","007","00","050","0003","0478","481","237","244","5","486","1484","0","32.75","15.97"
"10","007","00","050","0004","0000","693","298","395","4","697","2048","0","34.03","14.55"
"10","007","00","050","0004","0462","285","121","164","1","286","927","0","30.85","13.05"
"10","007","00","050","0004","0463","408","177","231","3","411","1121","0","36.66","15.79"
"10","007","00","050","0005","0000","676","372","304","5","681","1990","0","34.22","18.69"
"10","007","00","050","0005","0468","354","185","169","3","357","1078","0","33.12","17.16"
"10","007","00","050","0005","0469","322","187","135","2","324","912","0","35.53","20.50"
"10","007","00","050","0006","0000","458","216","242","3","461","1273","0","36.21","16.97"
"10","007","00","050","0006","0470","458","216","242","3","461","1273","0","36.21","16.97"
"10","007","00","050","0007","0000","665","329","336","6","671","1826","0","36.75","18.02"
"10","007","00","050","0007","0458","366","199","167","2","368","948","0","38.82","20.99"
"10","007","00","050","0007","0459","299","130","169","4","303","878","0","34.51","14.81"
"10","007","00","050","0008","0000","499","323","176","7","506","1714","0","29.52","18.84"
"10","007","00","050","0008","0460","248","169","79","6","254","818","0","31.05","20.66"
"10","007","00","050","0008","0461","251","154","97","1","252","896","0","28.13","17.19"
"10","007","00","050","0009","0000","844","431","413","13","857","2652","0","32.32","16.25"
"10","007","00","050","0009","0464","478","253","225","9","487","1365","0","35.68","18.53"
"10","007","00","050","0009","0465","366","178","188","4","370","1287","0","28.75","13.83"
"10","007","00","050","0010","0000","1717","831","886","9","1726","5173","0","33.37","16.06"
"10","007","00","050","0010","0474","502","242","260","0","502","1359","0","36.94","17.81"
"10","007","00","050","0010","0475","428","209","219","1","429","1345","0","31.90","15.54"
"10","007","00","050","0010","0476","371","161","210","4","375","1170","0","32.05","13.76"
"10","007","00","050","0010","0477","416","219","197","4","420","1299","0","32.33","16.86"
"10","007","00","050","0011","0000","619","355","264","7","626","2344","0","26.71","15.15"
"10","007","00","050","0011","0466","301","179","122","4","305","1101","0","27.70","16.26"
"10","007","00","050","0011","0467","318","176","142","3","321","1243","0","25.82","14.16"
"10","007","00","050","0012","0000","958","441","517","4","962","2622","0","36.69","16.82"
"10","007","00","050","0012","0456","486","229","257","2","488","1194","0","40.87","19.18"
"10","007","00","050","0012","0457","472","212","260","2","474","1428","0","33.19","14.85"
"10","007","00","050","0013","0000","983","500","483","6","989","3002","0","32.94","16.66"
"10","007","00","050","0013","0479","348","166","182","1","349","992","0","35.18","16.73"
"10","007","00","050","0013","0480","326","195","131","4","330","1008","0","32.74","19.35"
"10","007","00","050","0013","0481","309","139","170","1","310","1002","0","30.94","13.87"
"10","007","00","050","0014","0000","726","375","351","10","736","2240","0","32.86","16.74"
"10","007","00","050","0014","0482","344","170","174","5","349","1098","0","31.79","15.48"
"10","007","00","050","0014","0483","382","205","177","5","387","1142","0","33.89","17.95"
"10","007","00","060","0000","0000","13160","5736","7424","158","13318","39495","46114","33.72","14.52"
"10","007","00","060","0001","0000","528","156","372","4","532","1480","0","35.95","10.54"
"10","007","00","060","0001","0326","528","156","372","4","532","1480","0","35.95","10.54"
"10","007","00","060","0002","0000","490","204","286","5","495","1453","0","34.07","14.04"
"10","007","00","060","0002","0325","490","204","286","5","495","1453","0","34.07","14.04"
"10","007","00","060","0003","0000","448","201","247","7","455","1237","0","36.78","16.25"
"10","007","00","060","0003","0320","448","201","247","7","455","1237","0","36.78","16.25"
"10","007","00","060","0004","0000","505","190","315","8","513","1505","0","34.09","12.62"
"10","007","00","060","0004","0318","229","84","145","3","232","708","0","32.77","11.86"
"10","007","00","060","0004","0319","276","106","170","5","281","797","0","35.26","13.30"
"10","007","00","060","0005","0000","421","154","267","4","425","1168","0","36.39","13.18"
"10","007","00","060","0005","0317","421","154","267","4","425","1168","0","36.39","13.18"
"10","007","00","060","0006","0000","451","201","250","4","455","1273","0","35.74","15.79"
"10","007","00","060","0006","0316","451","201","250","4","455","1273","0","35.74","15.79"
"10","007","00","060","0007","0000","530","210","320","13","543","1360","0","39.93","15.44"
"10","007","00","060","0007","0314","530","210","320","13","543","1360","0","39.93","15.44"
"10","007","00","060","0008","0000","368","146","222","1","369","832","0","44.35","17.55"
"10","007","00","060","0008","0315","368","146","222","1","369","832","0","44.35","17.55"
"10","007","00","060","0009","0000","725","345","380","6","731","2397","0","30.50","14.39"
"10","007","00","060","0009","0321","454","208","246","1","455","1453","0","31.31","14.32"
"10","007","00","060","0009","0322","271","137","134","5","276","944","0","29.24","14.51"
"10","007","00","060","0010","0000","933","433","500","10","943","2653","0","35.54","16.32"
"10","007","00","060","0010","0323","447","209","238","5","452","1302","0","34.72","16.05"
"10","007","00","060","0010","0324","486","224","262","5","491","1351","0","36.34","16.58"
"10","007","00","060","0011","0000","814","350","464","9","823","2550","0","32.27","13.73"
"10","007","00","060","0011","0331","329","138","191","4","333","1082","0","30.78","12.75"
"10","007","00","060","0011","0332","485","212","273","5","490","1468","0","33.38","14.44"
"10","007","00","060","0012","0000","368","189","179","5","373","1172","0","31.83","16.13"
"10","007","00","060","0012","0338","368","189","179","5","373","1172","0","31.83","16.13"
"10","007","00","060","0013","0000","375","110","265","12","387","1047","0","36.96","10.51"
"10","007","00","060","0013","0339","375","110","265","12","387","1047","0","36.96","10.51"
"10","007","00","060","0014","0000","632","260","372","12","644","2180","0","29.54","11.93"
"10","007","00","060","0014","0346","313","123","190","2","315","1041","0","30.26","11.82"
"10","007","00","060","0014","0347","319","137","182","10","329","1139","0","28.88","12.03"
"10","007","00","060","0015","0000","586","286","300","7","593","1856","0","31.95","15.41"
"10","007","00","060","0015","0344","300","137","163","1","301","891","0","33.78","15.38"
"10","007","00","060","0015","0345","286","149","137","6","292","965","0","30.26","15.44"
"10","007","00","060","0016","0000","647","343","304","8","655","2276","0","28.78","15.07"
"10","007","00","060","0016","0342","297","154","143","4","301","992","0","30.34","15.52"
"10","007","00","060","0016","0343","350","189","161","4","354","1284","0","27.57","14.72"
"10","007","00","060","0017","0000","329","187","142","7","336","1276","0","26.33","14.66"
"10","007","00","060","0017","0341","329","187","142","7","336","1276","0","26.33","14.66"
"10","007","00","060","0018","0000","457","187","270","4","461","1275","0","36.16","14.67"
"10","007","00","060","0018","0340","457","187","270","4","461","1275","0","36.16","14.67"
"10","007","00","060","0019","0000","1293","547","746","10","1303","3643","0","35.77","15.02"
"10","007","00","060","0019","0333","464","184","280","4","468","1255","0","37.29","14.66"
"10","007","00","060","0019","0334","446","211","235","5","451","1273","0","35.43","16.58"
"10","007","00","060","0019","0335","383","152","231","1","384","1115","0","34.44","13.63"
"10","007","00","060","0020","0000","819","380","439","10","829","2581","0","32.12","14.72"
"10","007","00","060","0020","0336","359","161","198","5","364","1154","0","31.54","13.95"
"10","007","00","060","0020","0337","460","219","241","5","465","1427","0","32.59","15.35"
"10","007","00","060","0021","0000","750","330","420","3","753","2364","0","31.85","13.96"
"10","007","00","060","0021","0329","303","125","178","2","305","1038","0","29.38","12.04"
"10","007","00","060","0021","0330","447","205","242","1","448","1326","0","33.79","15.46"
"10","007","00","060","0022","0000","691","327","364","9","700","1917","0","36.52","17.06"
"10","007","00","060","0022","0327","298","130","168","2","300","886","0","33.86","14.67"
"10","007","00","060","0022","0328","393","197","196","7","400","1031","0","38.80","19.11"
"10","007","00","070","0000","0000","12469","5853","6616","119","12588","32451","38830","38.79","18.04"
"10","007","00","070","0001","0000","685","276","409","6","691","1676","0","41.23","16.47"
"10","007","00","070","0001","0348","314","145","169","3","317","810","0","39.14","17.90"
"10","007","00","070","0001","0349","371","131","240","3","374","866","0","43.19","15.13"
"10","007","00","070","0002","0000","851","361","490","9","860","2038","0","42.20","17.71"
"10","007","00","070","0002","0350","428","183","245","3","431","1028","0","41.93","17.80"
"10","007","00","070","0002","0351","423","178","245","6","429","1010","0","42.48","17.62"
"10","007","00","070","0003","0000","1041","563","478","6","1047","2642","0","39.63","21.31"
"10","007","00","070","0003","0352","384","198","186","1","385","981","0","39.25","20.18"
"10","007","00","070","0003","0353","302","168","134","2","304","802","0","37.91","20.95"
"10","007","00","070","0003","0354","355","197","158","3","358","859","0","41.68","22.93"
"10","007","00","070","0004","0000","634","318","316","10","644","1828","0","35.23","17.40"
"10","007","00","070","0004","0357","322","167","155","2","324","930","0","34.84","17.96"
"10","007","00","070","0004","0358","312","151","161","8","320","898","0","35.63","16.82"
"10","007","00","070","0005","0000","502","277","225","6","508","1438","0","35.33","19.26"
"10","007","00","070","0005","0355","239","121","118","4","243","680","0","35.74","17.79"
"10","007","00","070","0005","0356","263","156","107","2","265","758","0","34.96","20.58"
"10","007","00","070","0006","0000","1482","737","745","18","1500","3871","0","38.75","19.04"
"10","007","00","070","0006","0359","359","183","176","4","363","861","0","42.16","21.25"
"10","007","00","070","0006","0360","329","181","148","0","329","857","0","38.39","21.12"
"10","007","00","070","0006","0361","404","170","234","8","412","1050","0","39.24","16.19"
"10","007","00","070","0006","0362","390","203","187","6","396","1103","0","35.90","18.40"
"10","007","00","070","0007","0000","1273","580","693","6","1279","3154","0","40.55","18.39"
"10","007","00","070","0007","0363","302","143","159","1","303","717","0","42.26","19.94"
"10","007","00","070","0007","0364","399","152","247","1","400","1011","0","39.56","15.03"
"10","007","00","070","0007","0365","318","162","156","2","320","783","0","40.87","20.69"
"10","007","00","070","0007","0366","254","123","131","2","256","643","0","39.81","19.13"
"10","007","00","070","0008","0000","893","403","490","11","904","2279","0","39.67","17.68"
"10","007","00","070","0008","0367","286","137","149","3","289","732","0","39.48","18.72"
"10","007","00","070","0008","0368","259","118","141","1","260","661","0","39.33","17.85"
"10","007","00","070","0008","0369","348","148","200","7","355","886","0","40.07","16.70"
"10","007","00","070","0009","0000","509","261","248","5","514","1479","0","34.75","17.65"
"10","007","00","070","0009","0370","234","124","110","2","236","723","0","32.64","17.15"
"10","007","00","070","0009","0371","275","137","138","3","278","756","0","36.77","18.12"
"10","007","00","070","0010","0000","1686","805","881","11","1697","4523","0","37.52","17.80"
"10","007","00","070","0010","0372","323","148","175","2","325","907","0","35.83","16.32"
"10","007","00","070","0010","0373","293","140","153","3","296","827","0","35.79","16.93"
"10","007","00","070","0010","0374","298","157","141","2","300","842","0","35.63","18.65"
"10","007","00","070","0010","0375","392","181","211","2","394","1004","0","39.24","18.03"
"10","007","00","070","0010","0376","380","179","201","2","382","943","0","40.51","18.98"
"10","007","00","070","0011","0000","841","378","463","11","852","1939","0","43.94","19.49"
"10","007","00","070","0011","0377","354","150","204","4","358","855","0","41.87","17.54"
"10","007","00","070","0011","0378","487","228","259","7","494","1084","0","45.57","21.03"
"10","007","00","070","0012","0000","633","309","324","7","640","1677","0","38.16","18.43"
"10","007","00","070","0012","0379","322","153","169","2","324","892","0","36.32","17.15"
"10","007","00","070","0012","0380","311","156","155","5","316","785","0","40.25","19.87"
"10","007","00","070","0013","0000","670","271","399","3","673","1737","0","38.74","15.60"
"10","007","00","070","0013","0381","326","141","185","1","327","810","0","40.37","17.41"
"10","007","00","070","0013","0382","344","130","214","2","346","927","0","37.32","14.02"
"10","007","00","070","0014","0000","769","314","455","10","779","2170","0","35.90","14.47"
"10","007","00","070","0014","0383","227","111","116","3","230","672","0","34.23","16.52"
"10","007","00","070","0014","0384","232","118","114","3","235","660","0","35.61","17.88"
"10","007","00","070","0014","0385","310","85","225","4","314","838","0","37.47","10.14"
"10","007","00","080","0000","0000","14493","7425","7068","164","14657","38651","45018","37.92","19.21"
"10","007","00","080","0001","0000","1319","668","651","18","1337","3179","0","42.06","21.01"
"10","007","00","080","0001","0188","353","176","177","5","358","895","0","40.00","19.66"
"10","007","00","080","0001","0189","403","224","179","5","408","964","0","42.32","23.24"
"10","007","00","080","0001","0190","563","268","295","8","571","1320","0","43.26","20.30"
"10","007","00","080","0002","0000","676","332","344","13","689","1758","0","39.19","18.89"
"10","007","00","080","0002","0191","305","151","154","7","312","783","0","39.85","19.28"
"10","007","00","080","0002","0192","371","181","190","6","377","975","0","38.67","18.56"
"10","007","00","080","0003","0000","919","468","451","8","927","2329","0","39.80","20.09"
"10","007","00","080","0003","0193","436","209","227","3","439","1108","0","39.62","18.86"
"10","007","00","080","0003","0194","483","259","224","5","488","1221","0","39.97","21.21"
"10","007","00","080","0004","0000","456","186","270","8","464","1069","0","43.41","17.40"
"10","007","00","080","0004","0196","456","186","270","8","464","1069","0","43.41","17.40"
"10","007","00","080","0005","0000","559","251","308","5","564","1419","0","39.75","17.69"
"10","007","00","080","0005","0195","559","251","308","5","564","1419","0","39.75","17.69"
"10","007","00","080","0006","0000","752","394","358","11","763","1892","0","40.33","20.82"
"10","007","00","080","0006","0197","336","170","166","4","340","901","0","37.74","18.87"
"10","007","00","080","0006","0198","416","224","192","7","423","991","0","42.68","22.60"
"10","007","00","080","0007","0000","294","136","158","3","297","721","0","41.19","18.86"
"10","007","00","080","0007","0201","294","136","158","3","297","721","0","41.19","18.86"
"10","007","00","080","0008","0000","730","373","357","7","737","1803","0","40.88","20.69"
"10","007","00","080","0008","0199","477","253","224","4","481","1114","0","43.18","22.71"
"10","007","00","080","0008","0200","253","120","133","3","256","689","0","37.16","17.42"
"10","007","00","080","0009","0000","1890","1018","872","18","1908","4928","0","38.72","20.66"
"10","007","00","080","0009","0210","440","254","186","2","442","1127","0","39.22","22.54"
"10","007","00","080","0009","0211","494","242","252","6","500","1291","0","38.73","18.75"
"10","007","00","080","0009","0212","507","287","220","6","513","1279","0","40.11","22.44"
"10","007","00","080","0009","0213","449","235","214","4","453","1231","0","36.80","19.09"
"10","007","00","080","0010","0000","1139","566","573","8","1147","3092","0","37.10","18.31"
"10","007","00","080","0010","0202","372","176","196","1","373","980","0","38.06","17.96"
"10","007","00","080","0010","0203","346","179","167","0","346","956","0","36.19","18.72"
"10","007","00","080","0010","0204","421","211","210","7","428","1156","0","37.02","18.25"
"10","007","00","080","0011","0000","1707","902","805","20","1727","4602","0","37.53","19.60"
"10","007","00","080","0011","0205","407","234","173","3","410","1129","0","36.32","20.73"
"10","007","00","080","0011","0206","375","209","166","4","379","1118","0","33.90","18.69"
"10","007","00","080","0011","0207","467","219","248","8","475","1237","0","38.40","17.70"
"10","007","00","080","0011","0208","458","240","218","5","463","1118","0","41.41","21.47"
"10","007","00","080","0012","0000","517","227","290","6","523","1340","0","39.03","16.94"
"10","007","00","080","0012","0209","517","227","290","6","523","1340","0","39.03","16.94"
"10","007","00","080","0013","0000","1154","623","531","13","1167","3298","0","35.39","18.89"
"10","007","00","080","0013","0214","366","200","166","3","369","1153","0","32.00","17.35"
"10","007","00","080","0013","0215","369","200","169","2","371","1019","0","36.41","19.63"
"10","007","00","080","0013","0216","419","223","196","8","427","1126","0","37.92","19.80"
"10","007","00","080","0014","0000","311","179","132","1","312","890","0","35.06","20.11"
"10","007","00","080","0014","0217","311","179","132","1","312","890","0","35.06","20.11"
"10","007","00","080","0015","0000","334","167","167","8","342","932","0","36.70","17.92"
"10","007","00","080","0015","0218","334","167","167","8","342","932","0","36.70","17.92"
"10","007","00","080","0016","0000","667","365","302","3","670","1906","0","35.15","19.15"
"10","007","00","080","0016","0219","355","211","144","1","356","967","0","36.81","21.82"
"10","007","00","080","0016","0220","312","154","158","2","314","939","0","33.44","16.40"
"10","007","00","080","0017","0000","578","299","279","5","583","1888","0","30.88","15.84"
"10","007","00","080","0017","0221","417","218","199","5","422","1369","0","30.83","15.92"
"10","007","00","080","0017","0222","161","81","80","0","161","519","0","31.02","15.61"
"10","007","00","080","0018","0000","491","271","220","9","500","1605","0","31.15","16.88"
"10","007","00","080","0018","0223","280","162","118","5","285","891","0","31.99","18.18"
"10","007","00","080","0018","0224","211","109","102","4","215","714","0","30.11","15.27"
"10","007","00","090","0000","0000","7198","3257","3941","114","7312","20114","22927","36.35","16.19"
"10","007","00","090","0001","0000","587","287","300","9","596","1743","0","34.19","16.47"
"10","007","00","090","0001","0225","320","164","156","4","324","945","0","34.29","17.35"
"10","007","00","090","0001","0226","267","123","144","5","272","798","0","34.09","15.41"
"10","007","00","090","0002","0000","468","217","251","8","476","1387","0","34.32","15.65"
"10","007","00","090","0002","0227","228","107","121","4","232","678","0","34.22","15.78"
"10","007","00","090","0002","0228","240","110","130","4","244","709","0","34.41","15.51"
"10","007","00","090","0003","0000","675","343","332","9","684","1754","0","39.00","19.56"
"10","007","00","090","0003","0229","396","187","209","3","399","920","0","43.37","20.33"
"10","007","00","090","0003","0230","279","156","123","6","285","834","0","34.17","18.71"
"10","007","00","090","0004","0000","859","389","470","12","871","2452","0","35.52","15.86"
"10","007","00","090","0004","0232","426","189","237","6","432","1210","0","35.70","15.62"
"10","007","00","090","0004","0233","433","200","233","6","439","1242","0","35.35","16.10"
"10","007","00","090","0005","0000","893","376","517","9","902","2344","0","38.48","16.04"
"10","007","00","090","0005","0234","416","186","230","3","419","1186","0","35.33","15.68"
"10","007","00","090","0005","0235","477","190","287","6","483","1158","0","41.71","16.41"
"10","007","00","090","0006","0000","652","350","302","15","667","1622","0","41.12","21.58"
"10","007","00","090","0006","0236","411","204","207","11","422","1045","0","40.38","19.52"
"10","007","00","090","0006","0237","241","146","95","4","245","577","0","42.46","25.30"
"10","007","00","090","0007","0000","302","132","170","2","304","877","0","34.66","15.05"
"10","007","00","090","0007","0238","302","132","170","2","304","877","0","34.66","15.05"
"10","007","00","090","0008","0000","413","158","255","4","417","1142","0","36.51","13.84"
"10","007","00","090","0008","0239","413","158","255","4","417","1142","0","36.51","13.84"
"10","007","00","090","0009","0000","213","93","120","10","223","647","0","34.47","14.37"
"10","007","00","090","0009","0240","213","93","120","10","223","647","0","34.47","14.37"
"10","007","00","090","0010","0000","626","271","355","10","636","1646","0","38.64","16.46"
"10","007","00","090","0010","0241","298","123","175","5","303","807","0","37.55","15.24"
"10","007","00","090","0010","0242","328","148","180","5","333","839","0","39.69","17.64"
"10","007","00","090","0011","0000","348","170","178","1","349","965","0","36.17","17.62"
"10","007","00","090","0011","0243","348","170","178","1","349","965","0","36.17","17.62"
"10","007","00","090","0012","0000","382","153","229","7","389","1139","0","34.15","13.43"
"10","007","00","090","0012","0244","382","153","229","7","389","1139","0","34.15","13.43"
"10","007","00","090","0013","0000","256","95","161","7","263","854","0","30.80","11.12"
"10","007","00","090","0013","0245","256","95","161","7","263","854","0","30.80","11.12"
"10","007","00","090","0014","0000","325","116","209","4","329","966","0","34.06","12.01"
"10","007","00","090","0014","0246","325","116","209","4","329","966","0","34.06","12.01"
"10","007","00","090","0015","0000","199","107","92","7","206","576","0","35.76","18.58"
"10","007","00","090","0015","0231","199","107","92","7","206","576","0","35.76","18.58"
"10","007","00","100","0000","0000","40098","20005","20093","427","40525","101543","123460","39.91","19.70"
"10","007","00","100","0001","0000","409","235","174","5","414","1051","0","39.39","22.36"
"10","007","00","100","0001","0519","409","235","174","5","414","1051","0","39.39","22.36"
"10","007","00","100","0002","0000","1083","563","520","5","1088","2683","0","40.55","20.98"
"10","007","00","100","0002","0520","360","187","173","1","361","894","0","40.38","20.92"
"10","007","00","100","0002","0521","351","164","187","1","352","910","0","38.68","18.02"
"10","007","00","100","0002","0522","372","212","160","3","375","879","0","42.66","24.12"
"10","007","00","100","0003","0000","1303","705","598","13","1316","3068","0","42.89","22.98"
"10","007","00","100","0003","0543","362","207","155","4","366","835","0","43.83","24.79"
"10","007","00","100","0003","0544","491","272","219","4","495","1166","0","42.45","23.33"
"10","007","00","100","0003","0545","450","226","224","5","455","1067","0","42.64","21.18"
"10","007","00","100","0004","0000","1100","572","528","7","1107","2540","0","43.58","22.52"
"10","007","00","100","0004","0546","354","171","183","3","357","834","0","42.81","20.50"
"10","007","00","100","0004","0547","396","209","187","1","397","887","0","44.76","23.56"
"10","007","00","100","0004","0548","350","192","158","3","353","819","0","43.10","23.44"
"10","007","00","100","0005","0000","334","149","185","5","339","695","0","48.78","21.44"
"10","007","00","100","0005","0549","334","149","185","5","339","695","0","48.78","21.44"
"10","007","00","100","0006","0000","1100","563","537","12","1112","2785","0","39.93","20.22"
"10","007","00","100","0006","0550","360","194","166","4","364","860","0","42.33","22.56"
"10","007","00","100","0006","0551","360","187","173","3","363","872","0","41.63","21.44"
"10","007","00","100","0006","0552","380","182","198","5","385","1053","0","36.56","17.28"
"10","007","00","100","0007","0000","347","173","174","4","351","754","0","46.55","22.94"
"10","007","00","100","0007","0553","347","173","174","4","351","754","0","46.55","22.94"
"10","007","00","100","0008","0000","287","144","143","1","288","571","0","50.44","25.22"
"10","007","00","100","0008","0554","287","144","143","1","288","571","0","50.44","25.22"
"10","007","00","100","0009","0000","682","340","342","7","689","1808","0","38.11","18.81"
"10","007","00","100","0009","0523","307","149","158","4","311","844","0","36.85","17.65"
"10","007","00","100","0009","0524","375","191","184","3","378","964","0","39.21","19.81"
"10","007","00","100","0010","0000","2273","1094","1179","18","2291","5571","0","41.12","19.64"
"10","007","00","100","0010","0525","396","175","221","2","398","1075","0","37.02","16.28"
"10","007","00","100","0010","0526","464","223","241","4","468","1084","0","43.17","20.57"
"10","007","00","100","0010","0527","420","197","223","4","424","1048","0","40.46","18.80"
"10","007","00","100","0010","0528","533","268","265","6","539","1261","0","42.74","21.25"
"10","007","00","100","0010","0529","460","231","229","2","462","1103","0","41.89","20.94"
"10","007","00","100","0011","0000","950","480","470","12","962","2460","0","39.11","19.51"
"10","007","00","100","0011","0577","457","237","220","5","462","1206","0","38.31","19.65"
"10","007","00","100","0011","0578","493","243","250","7","500","1254","0","39.87","19.38"
"10","007","00","100","0012","0000","1741","860","881","21","1762","4122","0","42.75","20.86"
"10","007","00","100","0012","0579","559","263","296","7","566","1347","0","42.02","19.52"
"10","007","00","100","0012","0580","467","234","233","4","471","1083","0","43.49","21.61"
"10","007","00","100","0012","0581","361","183","178","3","364","802","0","45.39","22.82"
"10","007","00","100","0012","0582","354","180","174","7","361","890","0","40.56","20.22"
"10","007","00","100","0013","0000","2120","1042","1078","16","2136","5313","0","40.20","19.61"
"10","007","00","100","0013","0583","667","343","324","5","672","1640","0","40.98","20.91"
"10","007","00","100","0013","0584","496","235","261","5","501","1297","0","38.63","18.12"
"10","007","00","100","0013","0585","476","232","244","1","477","1323","0","36.05","17.54"
"10","007","00","100","0013","0586","481","232","249","5","486","1053","0","46.15","22.03"
"10","007","00","100","0014","0000","1823","956","867","19","1842","4646","0","39.65","20.58"
"10","007","00","100","0014","0587","353","145","208","2","355","835","0","42.51","17.37"
"10","007","00","100","0014","0588","319","172","147","1","320","802","0","39.90","21.45"
"10","007","00","100","0014","0589","373","204","169","4","377","931","0","40.49","21.91"
"10","007","00","100","0014","0590","363","213","150","8","371","981","0","37.82","21.71"
"10","007","00","100","0014","0591","415","222","193","4","419","1097","0","38.20","20.24"
"10","007","00","100","0015","0000","568","234","334","10","578","1675","0","34.51","13.97"
"10","007","00","100","0015","0592","310","123","187","4","314","868","0","36.18","14.17"
"10","007","00","100","0015","0593","258","111","147","6","264","807","0","32.71","13.75"
"10","007","00","100","0016","0000","737","363","374","14","751","2088","0","35.97","17.39"
"10","007","00","100","0016","0594","454","218","236","6","460","1207","0","38.11","18.06"
"10","007","00","100","0016","0595","283","145","138","8","291","881","0","33.03","16.46"
"10","007","00","100","0017","0000","1061","521","540","9","1070","2693","0","39.73","19.35"
"10","007","00","100","0017","0555","495","245","250","1","496","1307","0","37.95","18.75"
"10","007","00","100","0017","0556","566","276","290","8","574","1386","0","41.41","19.91"
"10","007","00","100","0018","0000","2364","1231","1133","25","2389","6107","0","39.12","20.16"
"10","007","00","100","0018","0561","509","275","234","4","513","1118","0","45.89","24.60"
"10","007","00","100","0018","0562","290","159","131","2","292","843","0","34.64","18.86"
"10","007","00","100","0018","0563","417","221","196","5","422","1115","0","37.85","19.82"
"10","007","00","100","0018","0564","409","213","196","10","419","1186","0","35.33","17.96"
"10","007","00","100","0018","0565","387","212","175","3","390","953","0","40.92","22.25"
"10","007","00","100","0018","0566","352","151","201","1","353","892","0","39.57","16.93"
"10","007","00","100","0019","0000","1182","621","561","17","1199","2880","0","41.63","21.56"
"10","007","00","100","0019","0567","403","188","215","4","407","952","0","42.75","19.75"
"10","007","00","100","0019","0568","421","243","178","6","427","984","0","43.39","24.70"
"10","007","00","100","0019","0569","358","190","168","7","365","944","0","38.67","20.13"
"10","007","00","100","0020","0000","686","318","368","14","700","1929","0","36.29","16.49"
"10","007","00","100","0020","0530","358","194","164","8","366","1067","0","34.30","18.18"
"10","007","00","100","0020","0531","328","124","204","6","334","862","0","38.75","14.39"
"10","007","00","100","0021","0000","1051","489","562","16","1067","2485","0","42.94","19.68"
"10","007","00","100","0021","0532","524","222","302","7","531","1303","0","40.75","17.04"
"10","007","00","100","0021","0533","527","267","260","9","536","1182","0","45.35","22.59"
"10","007","00","100","0022","0000","1376","688","688","11","1387","3290","0","42.16","20.91"
"10","007","00","100","0022","0534","412","200","212","3","415","1028","0","40.37","19.46"
"10","007","00","100","0022","0535","443","227","216","3","446","1030","0","43.30","22.04"
"10","007","00","100","0022","0536","521","261","260","5","526","1232","0","42.69","21.19"
"10","007","00","100","0023","0000","889","380","509","13","902","2363","0","38.17","16.08"
"10","007","00","100","0023","0537","507","210","297","6","513","1280","0","40.08","16.41"
"10","007","00","100","0023","0538","382","170","212","7","389","1083","0","35.92","15.70"
"10","007","00","100","0024","0000","1517","804","713","21","1538","3631","0","42.36","22.14"
"10","007","00","100","0024","0539","299","147","152","5","304","847","0","35.89","17.36"
"10","007","00","100","0024","0540","454","245","209","4","458","1097","0","41.75","22.33"
"10","007","00","100","0024","0541","386","186","200","6","392","818","0","47.92","22.74"
"10","007","00","100","0024","0542","378","226","152","6","384","869","0","44.19","26.01"
"10","007","00","100","0025","0000","877","482","395","7","884","2304","0","38.37","20.92"
"10","007","00","100","0025","0496","385","247","138","6","391","1018","0","38.41","24.26"
"10","007","00","100","0025","0497","492","235","257","1","493","1286","0","38.34","18.27"
"10","007","00","100","0026","0000","1022","557","465","5","1027","2698","0","38.07","20.64"
"10","007","00","100","0026","0498","528","262","266","3","531","1375","0","38.62","19.05"
"10","007","00","100","0026","0499","494","295","199","2","496","1323","0","37.49","22.30"
"10","007","00","100","0027","0000","968","444","524","16","984","2788","0","35.29","15.93"
"10","007","00","100","0027","0500","355","164","191","6","361","1061","0","34.02","15.46"
"10","007","00","100","0027","0501","321","165","156","5","326","955","0","34.14","17.28"
"10","007","00","100","0027","0502","292","115","177","5","297","772","0","38.47","14.90"
"10","007","00","100","0028","0000","582","221","361","7","589","1640","0","35.91","13.48"
"10","007","00","100","0028","0503","297","123","174","2","299","826","0","36.20","14.89"
"10","007","00","100","0028","0504","285","98","187","5","290","814","0","35.63","12.04"
"10","007","00","100","0029","0000","431","164","267","4","435","1187","0","36.65","13.82"
"10","007","00","100","0029","0505","431","164","267","4","435","1187","0","36.65","13.82"
"10","007","00","100","0030","0000","278","171","107","3","281","713","0","39.41","23.98"
"10","007","00","100","0030","0506","278","171","107","3","281","713","0","39.41","23.98"
"10","007","00","100","0031","0000","714","347","367","6","720","1974","0","36.47","17.58"
"10","007","00","100","0031","0507","410","209","201","2","412","1122","0","36.72","18.63"
"10","007","00","100","0031","0508","304","138","166","4","308","852","0","36.15","16.20"
"10","007","00","100","0032","0000","767","372","395","13","780","2175","0","35.86","17.10"
"10","007","00","100","0032","0509","399","196","203","7","406","1083","0","37.49","18.10"
"10","007","00","100","0032","0510","368","176","192","6","374","1092","0","34.25","16.12"
"10","007","00","100","0033","0000","711","288","423","12","723","1938","0","37.31","14.86"
"10","007","00","100","0033","0511","326","125","201","6","332","961","0","34.55","13.01"
"10","007","00","100","0033","0512","385","163","222","6","391","977","0","40.02","16.68"
"10","007","00","100","0034","0000","610","271","339","4","614","1738","0","35.33","15.59"
"10","007","00","100","0034","0513","343","153","190","3","346","980","0","35.31","15.61"
"10","007","00","100","0034","0514","267","118","149","1","268","758","0","35.36","15.57"
"10","007","00","100","0035","0000","604","313","291","9","613","1748","0","35.07","17.91"
"10","007","00","100","0035","0515","300","172","128","3","303","871","0","34.79","19.75"
"10","007","00","100","0035","0516","304","141","163","6","310","877","0","35.35","16.08"
"10","007","00","100","0036","0000","832","392","440","11","843","2262","0","37.27","17.33"
"10","007","00","100","0036","0517","404","188","216","5","409","1044","0","39.18","18.01"
"10","007","00","100","0036","0518","428","204","224","6","434","1218","0","35.63","16.75"
"10","007","00","100","0037","0000","1240","650","590","12","1252","2953","0","42.40","22.01"
"10","007","00","100","0037","0570","369","206","163","3","372","961","0","38.71","21.44"
"10","007","00","100","0037","0571","403","213","190","6","409","880","0","46.48","24.20"
"10","007","00","100","0037","0572","468","231","237","3","471","1112","0","42.36","20.77"
"10","007","00","100","0038","0000","987","552","435","7","994","2262","0","43.94","24.40"
"10","007","00","100","0038","0573","511","314","197","4","515","1213","0","42.46","25.89"
"10","007","00","100","0038","0574","476","238","238","3","479","1049","0","45.66","22.69"
"10","007","00","100","0039","0000","1109","544","565","6","1115","2449","0","45.53","22.21"
"10","007","00","100","0039","0575","559","290","269","0","559","1294","0","43.20","22.41"
"10","007","00","100","0039","0576","550","254","296","6","556","1155","0","48.14","21.99"
"10","007","00","100","0040","0000","564","285","279","2","566","1328","0","42.62","21.46"
"10","007","00","100","0040","0559","300","160","140","1","301","721","0","41.75","22.19"
"10","007","00","100","0040","0560","264","125","139","1","265","607","0","43.66","20.59"
"10","007","00","100","0041","0000","819","427","392","8","827","2178","0","37.97","19.61"
"10","007","00","100","0041","0557","496","251","245","7","503","1289","0","39.02","19.47"
"10","007","00","100","0041","0558","323","176","147","1","324","889","0","36.45","19.80"
"10","007","00","110","0000","0000","15710","7860","7850","148","15858","44726","54577","35.46","17.57"
"10","007","00","110","0001","0000","489","227","262","4","493","1156","0","42.65","19.64"
"10","007","00","110","0001","0661","489","227","262","4","493","1156","0","42.65","19.64"
"10","007","00","110","0002","0000","294","142","152","2","296","623","0","47.51","22.79"
"10","007","00","110","0002","0662","294","142","152","2","296","623","0","47.51","22.79"
"10","007","00","110","0003","0000","643","339","304","3","646","1780","0","36.29","19.04"
"10","007","00","110","0003","0663","303","149","154","1","304","801","0","37.95","18.60"
"10","007","00","110","0003","0664","340","190","150","2","342","979","0","34.93","19.41"
"10","007","00","110","0004","0000","176","104","72","2","178","420","0","42.38","24.76"
"10","007","00","110","0004","0665","176","104","72","2","178","420","0","42.38","24.76"
"10","007","00","110","0005","0000","1188","641","547","11","1199","3356","0","35.73","19.10"
"10","007","00","110","0005","0675","383","193","190","3","386","1111","0","34.74","17.37"
"10","007","00","110","0005","0676","405","222","183","5","410","1128","0","36.35","19.68"
"10","007","00","110","0005","0677","400","226","174","3","403","1117","0","36.08","20.23"
"10","007","00","110","0006","0000","840","452","388","13","853","2176","0","39.20","20.77"
"10","007","00","110","0006","0678","462","245","217","4","466","1193","0","39.06","20.54"
"10","007","00","110","0006","0679","378","207","171","9","387","983","0","39.37","21.06"
"10","007","00","110","0007","0000","1182","651","531","4","1186","3446","0","34.42","18.89"
"10","007","00","110","0007","0680","384","215","169","3","387","1189","0","32.55","18.08"
"10","007","00","110","0007","0681","346","173","173","0","346","1021","0","33.89","16.94"
"10","007","00","110","0007","0682","452","263","189","1","453","1236","0","36.65","21.28"
"10","007","00","110","0008","0000","449","203","246","5","454","1421","0","31.95","14.29"
"10","007","00","110","0008","0683","449","203","246","5","454","1421","0","31.95","14.29"
"10","007","00","110","0009","0000","993","481","512","13","1006","3018","0","33.33","15.94"
"10","007","00","110","0009","0684","329","138","191","4","333","1025","0","32.49","13.46"
"10","007","00","110","0009","0685","329","166","163","6","335","998","0","33.57","16.63"
"10","007","00","110","0009","0686","335","177","158","3","338","995","0","33.97","17.79"
"10","007","00","110","0010","0000","901","477","424","14","915","2433","0","37.61","19.61"
"10","007","00","110","0010","0687","494","258","236","9","503","1280","0","39.30","20.16"
"10","007","00","110","0010","0688","407","219","188","5","412","1153","0","35.73","18.99"
"10","007","00","110","0011","0000","827","433","394","6","833","2297","0","36.26","18.85"
"10","007","00","110","0011","0689","489","251","238","6","495","1327","0","37.30","18.91"
"10","007","00","110","0011","0690","338","182","156","0","338","970","0","34.85","18.76"
"10","007","00","110","0012","0000","283","112","171","7","290","814","0","35.63","13.76"
"10","007","00","110","0012","0691","283","112","171","7","290","814","0","35.63","13.76"
"10","007","00","110","0013","0000","607","298","309","5","612","1829","0","33.46","16.29"
"10","007","00","110","0013","0692","274","131","143","1","275","920","0","29.89","14.24"
"10","007","00","110","0013","0693","333","167","166","4","337","909","0","37.07","18.37"
"10","007","00","110","0014","0000","756","403","353","8","764","2278","0","33.54","17.69"
"10","007","00","110","0014","0670","397","222","175","1","398","1107","0","35.95","20.05"
"10","007","00","110","0014","0671","359","181","178","7","366","1171","0","31.26","15.46"
"10","007","00","110","0015","0000","300","137","163","0","300","817","0","36.72","16.77"
"10","007","00","110","0015","0674","300","137","163","0","300","817","0","36.72","16.77"
"10","007","00","110","0016","0000","457","181","276","3","460","1353","0","34.00","13.38"
"10","007","00","110","0016","0703","457","181","276","3","460","1353","0","34.00","13.38"
"10","007","00","110","0017","0000","702","356","346","6","708","1836","0","38.56","19.39"
"10","007","00","110","0017","0672","299","155","144","4","303","920","0","32.93","16.85"
"10","007","00","110","0017","0673","403","201","202","2","405","916","0","44.21","21.94"
"10","007","00","110","0018","0000","1605","797","808","12","1617","4595","0","35.19","17.34"
"10","007","00","110","0018","0666","344","152","192","5","349","1065","0","32.77","14.27"
"10","007","00","110","0018","0667","388","193","195","2","390","1129","0","34.54","17.09"
"10","007","00","110","0018","0668","419","223","196","2","421","1160","0","36.29","19.22"
"10","007","00","110","0018","0669","454","229","225","3","457","1241","0","36.83","18.45"
"10","007","00","110","0019","0000","204","100","104","3","207","641","0","32.29","15.60"
"10","007","00","110","0019","0694","204","100","104","3","207","641","0","32.29","15.60"
"10","007","00","110","0020","0000","474","254","220","4","478","1250","0","38.24","20.32"
"10","007","00","110","0020","0695","474","254","220","4","478","1250","0","38.24","20.32"
"10","007","00","110","0021","0000","237","115","122","3","240","694","0","34.58","16.57"
"10","007","00","110","0021","0696","237","115","122","3","240","694","0","34.58","16.57"
"10","007","00","110","0022","0000","443","234","209","6","449","1362","0","32.97","17.18"
"10","007","00","110","0022","0697","443","234","209","6","449","1362","0","32.97","17.18"
"10","007","00","110","0023","0000","385","146","239","5","390","1250","0","31.20","11.68"
"10","007","00","110","0023","0698","385","146","239","5","390","1250","0","31.20","11.68"
"10","007","00","110","0024","0000","706","301","405","8","714","2168","0","32.93","13.88"
"10","007","00","110","0024","0701","341","142","199","6","347","1074","0","32.31","13.22"
"10","007","00","110","0024","0702","365","159","206","2","367","1094","0","33.55","14.53"
"10","007","00","110","0025","0000","569","276","293","1","570","1713","0","33.27","16.11"
"10","007","00","110","0025","0699","328","144","184","0","328","956","0","34.31","15.06"
"10","007","00","110","0025","0700","241","132","109","1","242","757","0","31.97","17.44"
"10","007","00","120","0000","0000","12928","6322","6606","140","13068","34682","40379","37.68","18.23"
"10","007","00","120","0001","0000","268","120","148","2","270","816","0","33.09","14.71"
"10","007","00","120","0001","0766","268","120","148","2","270","816","0","33.09","14.71"
"10","007","00","120","0002","0000","368","219","149","3","371","1037","0","35.78","21.12"
"10","007","00","120","0002","0767","368","219","149","3","371","1037","0","35.78","21.12"
"10","007","00","120","0003","0000","277","153","124","5","282","748","0","37.70","20.45"
"10","007","00","120","0003","0768","277","153","124","5","282","748","0","37.70","20.45"
"10","007","00","120","0004","0000","532","291","241","9","541","1496","0","36.16","19.45"
"10","007","00","120","0004","0769","254","120","134","3","257","757","0","33.95","15.85"
"10","007","00","120","0004","0770","278","171","107","6","284","739","0","38.43","23.14"
"10","007","00","120","0005","0000","522","295","227","8","530","1448","0","36.60","20.37"
"10","007","00","120","0005","0771","261","154","107","6","267","717","0","37.24","21.48"
"10","007","00","120","0005","0772","261","141","120","2","263","731","0","35.98","19.29"
"10","007","00","120","0006","0000","462","220","242","8","470","1226","0","38.34","17.94"
"10","007","00","120","0006","0773","462","220","242","8","470","1226","0","38.34","17.94"
"10","007","00","120","0007","0000","644","289","355","4","648","1756","0","36.90","16.46"
"10","007","00","120","0007","0776","313","134","179","2","315","835","0","37.72","16.05"
"10","007","00","120","0007","0777","331","155","176","2","333","921","0","36.16","16.83"
"10","007","00","120","0008","0000","255","107","148","1","256","580","0","44.14","18.45"
"10","007","00","120","0008","0778","255","107","148","1","256","580","0","44.14","18.45"
"10","007","00","120","0009","0000","1304","705","599","13","1317","3269","0","40.29","21.57"
"10","007","00","120","0009","0779","386","199","187","5","391","1047","0","37.34","19.01"
"10","007","00","120","0009","0780","460","250","210","5","465","1116","0","41.67","22.40"
"10","007","00","120","0009","0781","458","256","202","3","461","1106","0","41.68","23.15"
"10","007","00","120","0010","0000","932","444","488","4","936","2363","0","39.61","18.79"
"10","007","00","120","0010","0782","505","245","260","1","506","1270","0","39.84","19.29"
"10","007","00","120","0010","0783","427","199","228","3","430","1093","0","39.34","18.21"
"10","007","00","120","0011","0000","403","184","219","3","406","1041","0","39.00","17.68"
"10","007","00","120","0011","0784","403","184","219","3","406","1041","0","39.00","17.68"
"10","007","00","120","0012","0000","451","193","258","3","454","1106","0","41.05","17.45"
"10","007","00","120","0012","0785","451","193","258","3","454","1106","0","41.05","17.45"
"10","007","00","120","0013","0000","806","403","403","7","813","1942","0","41.86","20.75"
"10","007","00","120","0013","0786","398","199","199","1","399","938","0","42.54","21.22"
"10","007","00","120","0013","0787","408","204","204","6","414","1004","0","41.24","20.32"
"10","007","00","120","0014","0000","936","477","459","7","943","2399","0","39.31","19.88"
"10","007","00","120","0014","0774","388","201","187","4","392","1055","0","37.16","19.05"
"10","007","00","120","0014","0775","548","276","272","3","551","1344","0","41.00","20.54"
"10","007","00","120","0015","0000","570","204","366","6","576","1560","0","36.92","13.08"
"10","007","00","120","0015","0789","313","113","200","2","315","797","0","39.52","14.18"
"10","007","00","120","0015","0790","257","91","166","4","261","763","0","34.21","11.93"
"10","007","00","120","0016","0000","441","210","231","7","448","1292","0","34.67","16.25"
"10","007","00","120","0016","0791","441","210","231","7","448","1292","0","34.67","16.25"
"10","007","00","120","0017","0000","630","298","332","12","642","1814","0","35.39","16.43"
"10","007","00","120","0017","0792","307","148","159","7","314","879","0","35.72","16.84"
"10","007","00","120","0017","0793","323","150","173","5","328","935","0","35.08","16.04"
"10","007","00","120","0018","0000","1528","769","759","16","1544","4178","0","36.96","18.41"
"10","007","00","120","0018","0794","376","210","166","6","382","1049","0","36.42","20.02"
"10","007","00","120","0018","0795","355","159","196","2","357","996","0","35.84","15.96"
"10","007","00","120","0018","0796","371","186","185","4","375","1058","0","35.44","17.58"
"10","007","00","120","0018","0797","426","214","212","4","430","1075","0","40.00","19.91"
"10","007","00","120","0019","0000","433","191","242","10","443","1271","0","34.85","15.03"
"10","007","00","120","0019","0788","433","191","242","10","443","1271","0","34.85","15.03"
"10","007","00","120","0020","0000","516","271","245","2","518","1561","0","33.18","17.36"
"10","007","00","120","0020","0798","245","126","119","2","247","766","0","32.25","16.45"
"10","007","00","120","0020","0799","271","145","126","0","271","795","0","34.09","18.24"
"10","007","00","120","0021","0000","327","146","181","2","329","913","0","36.04","15.99"
"10","007","00","120","0021","0800","327","146","181","2","329","913","0","36.04","15.99"
"10","007","00","120","0022","0000","323","133","190","8","331","866","0","38.22","15.36"
"10","007","00","120","0022","0801","323","133","190","8","331","866","0","38.22","15.36"
"10","007","00","130","0000","0000","11818","5705","6113","115","11933","33111","39085","36.04","17.23"
"10","007","00","130","0001","0000","1257","625","632","13","1270","3428","0","37.05","18.23"
"10","007","00","130","0001","0596","368","180","188","2","370","1055","0","35.07","17.06"
"10","007","00","130","0001","0597","407","206","201","4","411","1063","0","38.66","19.38"
"10","007","00","130","0001","0598","482","239","243","7","489","1310","0","37.33","18.24"
"10","007","00","130","0002","0000","580","276","304","4","584","1546","0","37.77","17.85"
"10","007","00","130","0002","0599","288","142","146","1","289","816","0","35.42","17.40"
"10","007","00","130","0002","0600","292","134","158","3","295","730","0","40.41","18.36"
"10","007","00","130","0003","0000","524","242","282","4","528","1493","0","35.37","16.21"
"10","007","00","130","0003","0604","524","242","282","4","528","1493","0","35.37","16.21"
"10","007","00","130","0004","0000","434","220","214","6","440","1209","0","36.39","18.20"
"10","007","00","130","0004","0601","434","220","214","6","440","1209","0","36.39","18.20"
"10","007","00","130","0005","0000","384","162","222","4","388","1172","0","33.11","13.82"
"10","007","00","130","0005","0611","384","162","222","4","388","1172","0","33.11","13.82"
"10","007","00","130","0006","0000","1583","804","779","19","1602","4186","0","38.27","19.21"
"10","007","00","130","0006","0614","466","272","194","6","472","1144","0","41.26","23.78"
"10","007","00","130","0006","0615","296","126","170","3","299","875","0","34.17","14.40"
"10","007","00","130","0006","0616","413","220","193","6","419","1139","0","36.79","19.32"
"10","007","00","130","0006","0618","408","186","222","4","412","1028","0","40.08","18.09"
"10","007","00","130","0007","0000","759","397","362","4","763","2092","0","36.47","18.98"
"10","007","00","130","0007","0619","433","224","209","2","435","1078","0","40.35","20.78"
"10","007","00","130","0007","0620","326","173","153","2","328","1014","0","32.35","17.06"
"10","007","00","130","0008","0000","865","421","444","9","874","2569","0","34.02","16.39"
"10","007","00","130","0008","0625","445","200","245","5","450","1232","0","36.53","16.23"
"10","007","00","130","0008","0626","420","221","199","4","424","1337","0","31.71","16.53"
"10","007","00","130","0009","0000","580","287","293","4","584","1569","0","37.22","18.29"
"10","007","00","130","0009","0602","268","130","138","1","269","692","0","38.87","18.79"
"10","007","00","130","0009","0603","312","157","155","3","315","877","0","35.92","17.90"
"10","007","00","130","0010","0000","536","256","280","5","541","1528","0","35.41","16.75"
"10","007","00","130","0010","0607","273","130","143","4","277","718","0","38.58","18.11"
"10","007","00","130","0010","0608","263","126","137","1","264","810","0","32.59","15.56"
"10","007","00","130","0011","0000","545","278","267","1","546","1420","0","38.45","19.58"
"10","007","00","130","0011","0617","545","278","267","1","546","1420","0","38.45","19.58"
"10","007","00","130","0012","0000","702","365","337","5","707","2033","0","34.78","17.95"
"10","007","00","130","0012","0605","314","195","119","2","316","832","0","37.98","23.44"
"10","007","00","130","0012","0606","388","170","218","3","391","1201","0","32.56","14.15"
"10","007","00","130","0013","0000","556","251","305","7","563","1624","0","34.67","15.46"
"10","007","00","130","0013","0609","294","153","141","4","298","806","0","36.97","18.98"
"10","007","00","130","0013","0610","262","98","164","3","265","818","0","32.40","11.98"
"10","007","00","130","0014","0000","969","445","524","15","984","2635","0","37.34","16.89"
"10","007","00","130","0014","0612","505","248","257","8","513","1353","0","37.92","18.33"
"10","007","00","130","0014","0613","464","197","267","7","471","1282","0","36.74","15.37"
"10","007","00","130","0015","0000","787","367","420","8","795","2428","0","32.74","15.12"
"10","007","00","130","0015","0621","358","161","197","5","363","1096","0","33.12","14.69"
"10","007","00","130","0015","0622","429","206","223","3","432","1332","0","32.43","15.47"
"10","007","00","130","0016","0000","757","309","448","7","764","2179","0","35.06","14.18"
"10","007","00","130","0016","0623","387","145","242","2","389","1054","0","36.91","13.76"
"10","007","00","130","0016","0624","370","164","206","5","375","1125","0","33.33","14.58"
"10","007","00","140","0000","0000","9439","5158","4281","133","9572","27733","31833","34.51","18.60"
"10","007","00","140","0001","0000","670","405","265","8","678","1664","0","40.75","24.34"
"10","007","00","140","0001","0704","356","182","174","6","362","906","0","39.96","20.09"
"10","007","00","140","0001","0705","314","223","91","2","316","758","0","41.69","29.42"
"10","007","00","140","0002","0000","547","278","269","6","553","1536","0","36.00","18.10"
"10","007","00","140","0002","0706","282","151","131","2","284","746","0","38.07","20.24"
"10","007","00","140","0002","0707","265","127","138","4","269","790","0","34.05","16.08"
"10","007","00","140","0003","0000","457","265","192","2","459","1251","0","36.69","21.18"
"10","007","00","140","0003","0708","457","265","192","2","459","1251","0","36.69","21.18"
"10","007","00","140","0004","0000","335","202","133","6","341","889","0","38.36","22.72"
"10","007","00","140","0004","0709","335","202","133","6","341","889","0","38.36","22.72"
"10","007","00","140","0005","0000","603","318","285","9","612","1750","0","34.97","18.17"
"10","007","00","140","0005","0710","317","174","143","3","320","882","0","36.28","19.73"
"10","007","00","140","0005","0711","286","144","142","6","292","868","0","33.64","16.59"
"10","007","00","140","0006","0000","330","166","164","4","334","939","0","35.57","17.68"
"10","007","00","140","0006","0712","330","166","164","4","334","939","0","35.57","17.68"
"10","007","00","140","0007","0000","444","208","236","13","457","1306","0","34.99","15.93"
"10","007","00","140","0007","0713","444","208","236","13","457","1306","0","34.99","15.93"
"10","007","00","140","0008","0000","384","190","194","3","387","1086","0","35.64","17.50"
"10","007","00","140","0008","0714","384","190","194","3","387","1086","0","35.64","17.50"
"10","007","00","140","0009","0000","272","161","111","4","276","656","0","42.07","24.54"
"10","007","00","140","0009","0715","272","161","111","4","276","656","0","42.07","24.54"
"10","007","00","140","0010","0000","422","213","209","4","426","1199","0","35.53","17.76"
"10","007","00","140","0010","0716","422","213","209","4","426","1199","0","35.53","17.76"
"10","007","00","140","0011","0000","552","307","245","6","558","1781","0","31.33","17.24"
"10","007","00","140","0011","0717","284","151","133","5","289","870","0","33.22","17.36"
"10","007","00","140","0011","0718","268","156","112","1","269","911","0","29.53","17.12"
"10","007","00","140","0012","0000","636","343","293","10","646","2059","0","31.37","16.66"
"10","007","00","140","0012","0719","300","139","161","7","307","1001","0","30.67","13.89"
"10","007","00","140","0012","0720","336","204","132","3","339","1058","0","32.04","19.28"
"10","007","00","140","0013","0000","396","179","217","4","400","1194","0","33.50","14.99"
"10","007","00","140","0013","0721","396","179","217","4","400","1194","0","33.50","14.99"
"10","007","00","140","0014","0000","186","111","75","2","188","456","0","41.23","24.34"
"10","007","00","140","0014","0722","186","111","75","2","188","456","0","41.23","24.34"
"10","007","00","140","0015","0000","375","202","173","4","379","1101","0","34.42","18.35"
"10","007","00","140","0015","0723","375","202","173","4","379","1101","0","34.42","18.35"
"10","007","00","140","0016","0000","308","164","144","8","316","848","0","37.26","19.34"
"10","007","00","140","0016","0724","308","164","144","8","316","848","0","37.26","19.34"
"10","007","00","140","0017","0000","392","180","212","7","399","1437","0","27.77","12.53"
"10","007","00","140","0017","0725","198","87","111","2","200","753","0","26.56","11.55"
"10","007","00","140","0017","0726","194","93","101","5","199","684","0","29.09","13.60"
"10","007","00","140","0018","0000","253","153","100","7","260","838","0","31.03","18.26"
"10","007","00","140","0018","0727","253","153","100","7","260","838","0","31.03","18.26"
"10","007","00","140","0019","0000","471","263","208","11","482","1538","0","31.34","17.10"
"10","007","00","140","0019","0728","229","134","95","6","235","813","0","28.91","16.48"
"10","007","00","140","0019","0729","242","129","113","5","247","725","0","34.07","17.79"
"10","007","00","140","0020","0000","508","343","165","6","514","1523","0","33.75","22.52"
"10","007","00","140","0020","0730","246","165","81","1","247","735","0","33.61","22.45"
"10","007","00","140","0020","0731","262","178","84","5","267","788","0","33.88","22.59"
"10","007","00","140","0021","0000","450","235","215","6","456","1368","0","33.33","17.18"
"10","007","00","140","0021","0732","254","123","131","3","257","709","0","36.25","17.35"
"10","007","00","140","0021","0733","196","112","84","3","199","659","0","30.20","17.00"
"10","007","00","140","0022","0000","448","272","176","3","451","1314","0","34.32","20.70"
"10","007","00","140","0022","0734","448","272","176","3","451","1314","0","34.32","20.70"
"10","007","00","150","0000","0000","10846","4874","5972","121","10967","29651","34223","36.99","16.44"
"10","007","00","150","0001","0000","1360","634","726","11","1371","3555","0","38.57","17.83"
"10","007","00","150","0001","0735","425","193","232","5","430","1109","0","38.77","17.40"
"10","007","00","150","0001","0736","446","198","248","2","448","1176","0","38.10","16.84"
"10","007","00","150","0001","0737","489","243","246","4","493","1270","0","38.82","19.13"
"10","007","00","150","0002","0000","464","199","265","3","467","1250","0","37.36","15.92"
"10","007","00","150","0002","0738","464","199","265","3","467","1250","0","37.36","15.92"
"10","007","00","150","0003","0000","611","316","295","7","618","1556","0","39.72","20.31"
"10","007","00","150","0003","0739","333","167","166","4","337","903","0","37.32","18.49"
"10","007","00","150","0003","0740","278","149","129","3","281","653","0","43.03","22.82"
"10","007","00","150","0004","0000","447","239","208","8","455","1258","0","36.17","19.00"
"10","007","00","150","0004","0741","447","239","208","8","455","1258","0","36.17","19.00"
"10","007","00","150","0005","0000","659","276","383","2","661","1740","0","37.99","15.86"
"10","007","00","150","0005","0742","217","101","116","0","217","610","0","35.57","16.56"
"10","007","00","150","0005","0743","442","175","267","2","444","1130","0","39.29","15.49"
"10","007","00","150","0006","0000","762","345","417","9","771","1976","0","39.02","17.46"
"10","007","00","150","0006","0744","417","191","226","4","421","1065","0","39.53","17.93"
"10","007","00","150","0006","0745","345","154","191","5","350","911","0","38.42","16.90"
"10","007","00","150","0007","0000","560","227","333","5","565","1422","0","39.73","15.96"
"10","007","00","150","0007","0746","292","98","194","1","293","762","0","38.45","12.86"
"10","007","00","150","0007","0747","268","129","139","4","272","660","0","41.21","19.55"
"10","007","00","150","0008","0000","654","301","353","7","661","1976","0","33.45","15.23"
"10","007","00","150","0008","0750","292","129","163","3","295","950","0","31.05","13.58"
"10","007","00","150","0008","0751","362","172","190","4","366","1026","0","35.67","16.76"
"10","007","00","150","0009","0000","892","373","519","7","899","2348","0","38.29","15.89"
"10","007","00","150","0009","0748","488","218","270","2","490","1354","0","36.19","16.10"
"10","007","00","150","0009","0749","404","155","249","5","409","994","0","41.15","15.59"
"10","007","00","150","0010","0000","227","108","119","2","229","658","0","34.80","16.41"
"10","007","00","150","0010","0752","227","108","119","2","229","658","0","34.80","16.41"
"10","007","00","150","0011","0000","436","205","231","7","443","1265","0","35.02","16.21"
"10","007","00","150","0011","0753","436","205","231","7","443","1265","0","35.02","16.21"
"10","007","00","150","0012","0000","573","247","326","4","577","1491","0","38.70","16.57"
"10","007","00","150","0012","0754","290","114","176","3","293","754","0","38.86","15.12"
"10","007","00","150","0012","0755","283","133","150","1","284","737","0","38.53","18.05"
"10","007","00","150","0013","0000","360","148","212","10","370","1065","0","34.74","13.90"
"10","007","00","150","0013","0756","360","148","212","10","370","1065","0","34.74","13.90"
"10","007","00","150","0014","0000","339","166","173","2","341","963","0","35.41","17.24"
"10","007","00","150","0014","0757","339","166","173","2","341","963","0","35.41","17.24"
"10","007","00","150","0015","0000","429","159","270","5","434","1305","0","33.26","12.18"
"10","007","00","150","0015","0760","224","83","141","4","228","667","0","34.18","12.44"
"10","007","00","150","0015","0761","205","76","129","1","206","638","0","32.29","11.91"
"10","007","00","150","0016","0000","662","261","401","9","671","1842","0","36.43","14.17"
"10","007","00","150","0016","0758","325","121","204","2","327","909","0","35.97","13.31"
"10","007","00","150","0016","0759","337","140","197","7","344","933","0","36.87","15.01"
"10","007","00","150","0017","0000","523","223","300","8","531","1436","0","36.98","15.53"
"10","007","00","150","0017","0763","523","223","300","8","531","1436","0","36.98","15.53"
"10","007","00","150","0018","0000","316","146","170","6","322","893","0","36.06","16.35"
"10","007","00","150","0018","0762","316","146","170","6","322","893","0","36.06","16.35"
"10","007","00","150","0019","0000","251","124","127","1","252","736","0","34.24","16.85"
"10","007","00","150","0019","0764","251","124","127","1","252","736","0","34.24","16.85"
"10","007","00","150","0020","0000","321","177","144","8","329","916","0","35.92","19.32"
"10","007","00","150","0020","0765","321","177","144","8","329","916","0","35.92","19.32"
"10","007","00","160","0000","0000","11377","5285","6092","141","11518","30808","36061","37.39","17.15"
"10","007","00","160","0001","0000","326","178","148","3","329","761","0","43.23","23.39"
"10","007","00","160","0001","0637","326","178","148","3","329","761","0","43.23","23.39"
"10","007","00","160","0002","0000","605","281","324","1","606","1503","0","40.32","18.70"
"10","007","00","160","0002","0638","285","125","160","0","285","695","0","41.01","17.99"
"10","007","00","160","0002","0639","320","156","164","1","321","808","0","39.73","19.31"
"10","007","00","160","0003","0000","729","365","364","9","738","1800","0","41.00","20.28"
"10","007","00","160","0003","0640","418","207","211","5","423","994","0","42.56","20.82"
"10","007","00","160","0003","0641","311","158","153","4","315","806","0","39.08","19.60"
"10","007","00","160","0004","0000","781","386","395","8","789","2147","0","36.75","17.98"
"10","007","00","160","0004","0642","413","194","219","4","417","1095","0","38.08","17.72"
"10","007","00","160","0004","0643","368","192","176","4","372","1052","0","35.36","18.25"
"10","007","00","160","0005","0000","656","302","354","12","668","1704","0","39.20","17.72"
"10","007","00","160","0005","0644","361","159","202","10","371","914","0","40.59","17.40"
"10","007","00","160","0005","0645","295","143","152","2","297","790","0","37.59","18.10"
"10","007","00","160","0006","0000","533","261","272","7","540","1438","0","37.55","18.15"
"10","007","00","160","0006","0646","311","161","150","3","314","813","0","38.62","19.80"
"10","007","00","160","0006","0647","222","100","122","4","226","625","0","36.16","16.00"
"10","007","00","160","0007","0000","384","127","257","4","388","1059","0","36.64","11.99"
"10","007","00","160","0007","0648","384","127","257","4","388","1059","0","36.64","11.99"
"10","007","00","160","0008","0000","354","204","150","7","361","1065","0","33.90","19.15"
"10","007","00","160","0008","0649","354","204","150","7","361","1065","0","33.90","19.15"
"10","007","00","160","0009","0000","975","483","492","14","989","2670","0","37.04","18.09"
"10","007","00","160","0009","0650","540","272","268","8","548","1429","0","38.35","19.03"
"10","007","00","160","0009","0651","435","211","224","6","441","1241","0","35.54","17.00"
"10","007","00","160","0010","0000","563","209","354","8","571","1368","0","41.74","15.28"
"10","007","00","160","0010","0632","252","86","166","5","257","653","0","39.36","13.17"
"10","007","00","160","0010","0633","311","123","188","3","314","715","0","43.92","17.20"
"10","007","00","160","0011","0000","362","171","191","3","365","1220","0","29.92","14.02"
"10","007","00","160","0011","0627","362","171","191","3","365","1220","0","29.92","14.02"
"10","007","00","160","0012","0000","555","228","327","6","561","1624","0","34.54","14.04"
"10","007","00","160","0012","0630","229","92","137","3","232","700","0","33.14","13.14"
"10","007","00","160","0012","0631","326","136","190","3","329","924","0","35.61","14.72"
"10","007","00","160","0013","0000","667","293","374","8","675","1908","0","35.38","15.36"
"10","007","00","160","0013","0628","324","146","178","3","327","883","0","37.03","16.53"
"10","007","00","160","0013","0629","343","147","196","5","348","1025","0","33.95","14.34"
"10","007","00","160","0014","0000","608","307","301","8","616","1558","0","39.54","19.70"
"10","007","00","160","0014","0634","271","113","158","3","274","742","0","36.93","15.23"
"10","007","00","160","0014","0635","337","194","143","5","342","816","0","41.91","23.77"
"10","007","00","160","0015","0000","515","236","279","6","521","1400","0","37.21","16.86"
"10","007","00","160","0015","0636","515","236","279","6","521","1400","0","37.21","16.86"
"10","007","00","160","0016","0000","259","126","133","3","262","825","0","31.76","15.27"
"10","007","00","160","0016","0652","259","126","133","3","262","825","0","31.76","15.27"
"10","007","00","160","0017","0000","244","118","126","1","245","710","0","34.51","16.62"
"10","007","00","160","0017","0653","244","118","126","1","245","710","0","34.51","16.62"
"10","007","00","160","0018","0000","304","118","186","5","309","736","0","41.98","16.03"
"10","007","00","160","0018","0654","304","118","186","5","309","736","0","41.98","16.03"
"10","007","00","160","0019","0000","253","105","148","3","256","654","0","39.14","16.06"
"10","007","00","160","0019","0655","253","105","148","3","256","654","0","39.14","16.06"
"10","007","00","160","0020","0000","310","152","158","5","315","847","0","37.19","17.95"
"10","007","00","160","0020","0656","310","152","158","5","315","847","0","37.19","17.95"
"10","007","00","160","0021","0000","292","137","155","7","299","809","0","36.96","16.93"
"10","007","00","160","0021","0657","292","137","155","7","299","809","0","36.96","16.93"
"10","007","00","160","0022","0000","243","135","108","3","246","637","0","38.62","21.19"
"10","007","00","160","0022","0658","243","135","108","3","246","637","0","38.62","21.19"
"10","007","00","160","0023","0000","356","191","165","3","359","1075","0","33.40","17.77"
"10","007","00","160","0023","0659","356","191","165","3","359","1075","0","33.40","17.77"
"10","007","00","160","0024","0000","503","172","331","7","510","1290","0","39.53","13.33"
"10","007","00","160","0024","0660","503","172","331","7","510","1290","0","39.53","13.33"
"10","007","00","170","0000","0000","13018","5808","7210","158","13176","35988","42279","36.61","16.14"
"10","007","00","170","0001","0000","1036","418","618","8","1044","2749","0","37.98","15.21"
"10","007","00","170","0001","0802","301","105","196","2","303","783","0","38.70","13.41"
"10","007","00","170","0001","0803","400","174","226","4","404","994","0","40.64","17.51"
"10","007","00","170","0001","0804","335","139","196","2","337","972","0","34.67","14.30"
"10","007","00","170","0002","0000","503","246","257","8","511","1460","0","35.00","16.85"
"10","007","00","170","0002","0809","269","135","134","2","271","765","0","35.42","17.65"
"10","007","00","170","0002","0810","234","111","123","6","240","695","0","34.53","15.97"
"10","007","00","170","0003","0000","425","154","271","4","429","1121","0","38.27","13.74"
"10","007","00","170","0003","0829","425","154","271","4","429","1121","0","38.27","13.74"
"10","007","00","170","0004","0000","1573","677","896","18","1591","4439","0","35.84","15.25"
"10","007","00","170","0004","0805","358","148","210","2","360","1002","0","35.93","14.77"
"10","007","00","170","0004","0806","346","161","185","4","350","1078","0","32.47","14.94"
"10","007","00","170","0004","0807","450","187","263","8","458","1191","0","38.46","15.70"
"10","007","00","170","0004","0808","419","181","238","4","423","1168","0","36.22","15.50"
"10","007","00","170","0005","0000","342","145","197","5","347","914","0","37.96","15.86"
"10","007","00","170","0005","0814","342","145","197","5","347","914","0","37.96","15.86"
"10","007","00","170","0006","0000","422","187","235","7","429","1096","0","39.14","17.06"
"10","007","00","170","0006","0836","422","187","235","7","429","1096","0","39.14","17.06"
"10","007","00","170","0007","0000","1045","509","536","7","1052","2717","0","38.72","18.73"
"10","007","00","170","0007","0822","307","149","158","3","310","704","0","44.03","21.16"
"10","007","00","170","0007","0823","334","165","169","0","334","901","0","37.07","18.31"
"10","007","00","170","0007","0824","404","195","209","4","408","1112","0","36.69","17.54"
"10","007","00","170","0008","0000","756","337","419","14","770","2068","0","37.23","16.30"
"10","007","00","170","0008","0815","390","162","228","8","398","996","0","39.96","16.27"
"10","007","00","170","0008","0816","366","175","191","6","372","1072","0","34.70","16.32"
"10","007","00","170","0009","0000","235","126","109","3","238","754","0","31.56","16.71"
"10","007","00","170","0009","0831","235","126","109","3","238","754","0","31.56","16.71"
"10","007","00","170","0010","0000","335","160","175","4","339","905","0","37.46","17.68"
"10","007","00","170","0010","0827","335","160","175","4","339","905","0","37.46","17.68"
"10","007","00","170","0011","0000","565","231","334","9","574","1712","0","33.53","13.49"
"10","007","00","170","0011","0820","265","100","165","3","268","728","0","36.81","13.74"
"10","007","00","170","0011","0821","300","131","169","6","306","984","0","31.10","13.31"
"10","007","00","170","0012","0000","298","159","139","6","304","968","0","31.40","16.43"
"10","007","00","170","0012","0835","298","159","139","6","304","968","0","31.40","16.43"
"10","007","00","170","0013","0000","456","217","239","8","464","1252","0","37.06","17.33"
"10","007","00","170","0013","0826","456","217","239","8","464","1252","0","37.06","17.33"
"10","007","00","170","0014","0000","545","250","295","6","551","1401","0","39.33","17.84"
"10","007","00","170","0014","0817","282","135","147","4","286","730","0","39.18","18.49"
"10","007","00","170","0014","0818","263","115","148","2","265","671","0","39.49","17.14"
"10","007","00","170","0015","0000","361","165","196","1","362","961","0","37.67","17.17"
"10","007","00","170","0015","0832","361","165","196","1","362","961","0","37.67","17.17"
"10","007","00","170","0016","0000","373","201","172","6","379","980","0","38.67","20.51"
"10","007","00","170","0016","0825","373","201","172","6","379","980","0","38.67","20.51"
"10","007","00","170","0017","0000","462","213","249","8","470","1204","0","39.04","17.69"
"10","007","00","170","0017","0819","462","213","249","8","470","1204","0","39.04","17.69"
"10","007","00","170","0018","0000","271","102","169","1","272","806","0","33.75","12.66"
"10","007","00","170","0018","0837","271","102","169","1","272","806","0","33.75","12.66"
"10","007","00","170","0019","0000","627","286","341","7","634","1581","0","40.10","18.09"
"10","007","00","170","0019","0812","352","142","210","5","357","867","0","41.18","16.38"
"10","007","00","170","0019","0813","275","144","131","2","277","714","0","38.80","20.17"
"10","007","00","170","0020","0000","338","130","208","5","343","977","0","35.11","13.31"
"10","007","00","170","0020","0830","338","130","208","5","343","977","0","35.11","13.31"
"10","007","00","170","0021","0000","511","203","308","5","516","1487","0","34.70","13.65"
"10","007","00","170","0021","0838","280","110","170","1","281","759","0","37.02","14.49"
"10","007","00","170","0021","0839","231","93","138","4","235","728","0","32.28","12.77"
"10","007","00","170","0022","0000","380","153","227","4","384","1028","0","37.35","14.88"
"10","007","00","170","0022","0811","380","153","227","4","384","1028","0","37.35","14.88"
"10","007","00","170","0023","0000","419","220","199","6","425","1260","0","33.73","17.46"
"10","007","00","170","0023","0828","419","220","199","6","425","1260","0","33.73","17.46"
"10","007","00","170","0024","0000","740","319","421","8","748","2148","0","34.82","14.85"
"10","007","00","170","0024","0833","389","184","205","4","393","1096","0","35.86","16.79"
"10","007","00","170","0024","0834","351","135","216","4","355","1052","0","33.75","12.83"
"10","007","00","180","0000","0000","5028","2349","2679","81","5109","12827","14488","39.83","18.31"
"10","007","00","180","0001","0000","310","138","172","1","311","821","0","37.88","16.81"
"10","007","00","180","0001","0842","310","138","172","1","311","821","0","37.88","16.81"
"10","007","00","180","0002","0000","367","154","213","11","378","916","0","41.27","16.81"
"10","007","00","180","0002","0843","367","154","213","11","378","916","0","41.27","16.81"
"10","007","00","180","0003","0000","239","115","124","2","241","610","0","39.51","18.85"
"10","007","00","180","0003","0844","239","115","124","2","241","610","0","39.51","18.85"
"10","007","00","180","0004","0000","254","117","137","1","255","609","0","41.87","19.21"
"10","007","00","180","0004","0845","254","117","137","1","255","609","0","41.87","19.21"
"10","007","00","180","0005","0000","377","180","197","4","381","883","0","43.15","20.39"
"10","007","00","180","0005","0847","377","180","197","4","381","883","0","43.15","20.39"
"10","007","00","180","0006","0000","365","196","169","1","366","933","0","39.23","21.01"
"10","007","00","180","0006","0846","365","196","169","1","366","933","0","39.23","21.01"
"10","007","00","180","0007","0000","314","150","164","9","323","776","0","41.62","19.33"
"10","007","00","180","0007","0849","314","150","164","9","323","776","0","41.62","19.33"
"10","007","00","180","0008","0000","194","126","68","6","200","438","0","45.66","28.77"
"10","007","00","180","0008","0848","194","126","68","6","200","438","0","45.66","28.77"
"10","007","00","180","0009","0000","368","178","190","4","372","996","0","37.35","17.87"
"10","007","00","180","0009","0851","368","178","190","4","372","996","0","37.35","17.87"
"10","007","00","180","0010","0000","333","142","191","7","340","801","0","42.45","17.73"
"10","007","00","180","0010","0850","333","142","191","7","340","801","0","42.45","17.73"
"10","007","00","180","0011","0000","262","96","166","5","267","776","0","34.41","12.37"
"10","007","00","180","0011","0852","262","96","166","5","267","776","0","34.41","12.37"
"10","007","00","180","0012","0000","289","154","135","2","291","779","0","37.36","19.77"
"10","007","00","180","0012","0853","289","154","135","2","291","779","0","37.36","19.77"
"10","007","00","180","0013","0000","262","106","156","6","268","665","0","40.30","15.94"
"10","007","00","180","0013","0854","262","106","156","6","268","665","0","40.30","15.94"
"10","007","00","180","0014","0000","235","117","118","4","239","597","0","40.03","19.60"
"10","007","00","180","0014","0855","235","117","118","4","239","597","0","40.03","19.60"
"10","007","00","180","0015","0000","218","106","112","1","219","562","0","38.97","18.86"
"10","007","00","180","0015","0856","218","106","112","1","219","562","0","38.97","18.86"
"10","007","00","180","0016","0000","373","157","216","14","387","1000","0","38.70","15.70"
"10","007","00","180","0016","0840","373","157","216","14","387","1000","0","38.70","15.70"
"10","007","00","180","0017","0000","268","117","151","3","271","665","0","40.75","17.59"
"10","007","00","180","0017","0841","268","117","151","3","271","665","0","40.75","17.59"
"10","007","00","190","0000","0000","10021","4768","5253","99","10120","27801","33351","36.40","17.15"
"10","007","00","190","0001","0000","677","328","349","9","686","1771","0","38.74","18.52"
"10","007","00","190","0001","0868","328","147","181","8","336","799","0","42.05","18.40"
"10","007","00","190","0001","0869","349","181","168","1","350","972","0","36.01","18.62"
"10","007","00","190","0002","0000","302","159","143","2","304","770","0","39.48","20.65"
"10","007","00","190","0002","0870","302","159","143","2","304","770","0","39.48","20.65"
"10","007","00","190","0003","0000","225","84","141","2","227","535","0","42.43","15.70"
"10","007","00","190","0003","0871","225","84","141","2","227","535","0","42.43","15.70"
"10","007","00","190","0004","0000","281","128","153","1","282","656","0","42.99","19.51"
"10","007","00","190","0004","0872","281","128","153","1","282","656","0","42.99","19.51"
"10","007","00","190","0005","0000","520","207","313","4","524","1406","0","37.27","14.72"
"10","007","00","190","0005","0873","272","108","164","2","274","648","0","42.28","16.67"
"10","007","00","190","0005","0874","248","99","149","2","250","758","0","32.98","13.06"
"10","007","00","190","0006","0000","537","321","216","3","540","1257","0","42.96","25.54"
"10","007","00","190","0006","0875","271","158","113","1","272","624","0","43.59","25.32"
"10","007","00","190","0006","0876","266","163","103","2","268","633","0","42.34","25.75"
"10","007","00","190","0007","0000","827","363","464","8","835","2278","0","36.65","15.94"
"10","007","00","190","0007","0877","410","181","229","2","412","1131","0","36.43","16.00"
"10","007","00","190","0007","0878","417","182","235","6","423","1147","0","36.88","15.87"
"10","007","00","190","0008","0000","1120","553","567","12","1132","3114","0","36.35","17.76"
"10","007","00","190","0008","0879","380","196","184","5","385","989","0","38.93","19.82"
"10","007","00","190","0008","0880","386","201","185","3","389","1068","0","36.42","18.82"
"10","007","00","190","0008","0881","354","156","198","4","358","1057","0","33.87","14.76"
"10","007","00","190","0009","0000","410","183","227","5","415","1307","0","31.75","14.00"
"10","007","00","190","0009","0882","410","183","227","5","415","1307","0","31.75","14.00"
"10","007","00","190","0010","0000","1740","831","909","18","1758","4588","0","38.32","18.11"
"10","007","00","190","0010","0862","414","222","192","3","417","1109","0","37.60","20.02"
"10","007","00","190","0010","0863","465","235","230","4","469","1080","0","43.43","21.76"
"10","007","00","190","0010","0864","465","194","271","7","472","1195","0","39.50","16.23"
"10","007","00","190","0010","0865","396","180","216","4","400","1204","0","33.22","14.95"
"10","007","00","190","0011","0000","549","287","262","7","556","1694","0","32.82","16.94"
"10","007","00","190","0011","0866","226","113","113","1","227","750","0","30.27","15.07"
"10","007","00","190","0011","0867","323","174","149","6","329","944","0","34.85","18.43"
"10","007","00","190","0012","0000","949","418","531","9","958","2702","0","35.46","15.47"
"10","007","00","190","0012","0857","331","149","182","5","336","915","0","36.72","16.28"
"10","007","00","190","0012","0858","304","126","178","3","307","918","0","33.44","13.73"
"10","007","00","190","0012","0859","314","143","171","1","315","869","0","36.25","16.46"
"10","007","00","190","0013","0000","703","291","412","5","708","1904","0","37.18","15.28"
"10","007","00","190","0013","0860","403","196","207","2","405","1103","0","36.72","17.77"
"10","007","00","190","0013","0861","300","95","205","3","303","801","0","37.83","11.86"
"10","007","00","190","0014","0000","591","302","289","7","598","2028","0","29.49","14.89"
"10","007","00","190","0014","0883","302","145","157","5","307","1086","0","28.27","13.35"
"10","007","00","190","0014","0884","289","157","132","2","291","942","0","30.89","16.67"
"10","007","00","190","0015","0000","590","313","277","7","597","1791","0","33.33","17.48"
"10","007","00","190","0015","0885","281","150","131","2","283","841","0","33.65","17.84"
"10","007","00","190","0015","0886","309","163","146","5","314","950","0","33.05","17.16"
"10","007","00","200","0000","0000","13324","7051","6273","230","13554","42339","49337","32.01","16.65"
"10","007","00","200","0001","0000","676","320","356","7","683","2094","0","32.62","15.28"
"10","007","00","200","0001","0971","286","136","150","2","288","838","0","34.37","16.23"
"10","007","00","200","0001","0972","390","184","206","5","395","1256","0","31.45","14.65"
"10","007","00","200","0002","0000","1111","644","467","16","1127","3227","0","34.92","19.96"
"10","007","00","200","0002","0973","368","208","160","6","374","1020","0","36.67","20.39"
"10","007","00","200","0002","0974","398","242","156","4","402","1125","0","35.73","21.51"
"10","007","00","200","0002","0975","345","194","151","6","351","1082","0","32.44","17.93"
"10","007","00","200","0003","0000","485","252","233","4","489","1498","0","32.64","16.82"
"10","007","00","200","0003","0976","485","252","233","4","489","1498","0","32.64","16.82"
"10","007","00","200","0004","0000","952","453","499","16","968","2966","0","32.64","15.27"
"10","007","00","200","0004","0977","323","151","172","7","330","985","0","33.50","15.33"
"10","007","00","200","0004","0978","300","132","168","5","305","1016","0","30.02","12.99"
"10","007","00","200","0004","0979","329","170","159","4","333","965","0","34.51","17.62"
"10","007","00","200","0005","0000","441","264","177","11","452","1610","0","28.07","16.40"
"10","007","00","200","0005","0980","203","122","81","3","206","660","0","31.21","18.48"
"10","007","00","200","0005","0981","238","142","96","8","246","950","0","25.89","14.95"
"10","007","00","200","0006","0000","383","211","172","10","393","1341","0","29.31","15.73"
"10","007","00","200","0006","0982","383","211","172","10","393","1341","0","29.31","15.73"
"10","007","00","200","0007","0000","299","134","165","3","302","1010","0","29.90","13.27"
"10","007","00","200","0007","0983","299","134","165","3","302","1010","0","29.90","13.27"
"10","007","00","200","0008","0000","270","144","126","5","275","976","0","28.18","14.75"
"10","007","00","200","0008","0984","270","144","126","5","275","976","0","28.18","14.75"
"10","007","00","200","0009","0000","390","233","157","7","397","1145","0","34.67","20.35"
"10","007","00","200","0009","0985","390","233","157","7","397","1145","0","34.67","20.35"
"10","007","00","200","0010","0000","519","296","223","8","527","1598","0","32.98","18.52"
"10","007","00","200","0010","0986","233","122","111","2","235","779","0","30.17","15.66"
"10","007","00","200","0010","0987","286","174","112","6","292","819","0","35.65","21.25"
"10","007","00","200","0011","0000","1116","647","469","20","1136","3312","0","34.30","19.54"
"10","007","00","200","0011","0988","297","159","138","8","305","987","0","30.90","16.11"
"10","007","00","200","0011","0989","373","235","138","6","379","1053","0","35.99","22.32"
"10","007","00","200","0011","0990","446","253","193","6","452","1272","0","35.53","19.89"
"10","007","00","200","0012","0000","744","357","387","4","748","2497","0","29.96","14.30"
"10","007","00","200","0012","0968","194","84","110","1","195","721","0","27.05","11.65"
"10","007","00","200","0012","0969","279","146","133","2","281","1003","0","28.02","14.56"
"10","007","00","200","0012","0970","271","127","144","1","272","773","0","35.19","16.43"
"10","007","00","200","0013","0000","362","199","163","10","372","1309","0","28.42","15.20"
"10","007","00","200","0013","0991","362","199","163","10","372","1309","0","28.42","15.20"
"10","007","00","200","0014","0000","465","248","217","16","481","1557","0","30.89","15.93"
"10","007","00","200","0014","0992","228","112","116","6","234","720","0","32.50","15.56"
"10","007","00","200","0014","0993","237","136","101","10","247","837","0","29.51","16.25"
"10","007","00","200","0015","0000","331","175","156","8","339","1180","0","28.73","14.83"
"10","007","00","200","0015","0994","331","175","156","8","339","1180","0","28.73","14.83"
"10","007","00","200","0016","0000","260","142","118","5","265","770","0","34.42","18.44"
"10","007","00","200","0016","0995","260","142","118","5","265","770","0","34.42","18.44"
"10","007","00","200","0017","0000","507","253","254","2","509","1485","0","34.28","17.04"
"10","007","00","200","0017","0996","320","154","166","0","320","837","0","38.23","18.40"
"10","007","00","200","0017","0997","187","99","88","2","189","648","0","29.17","15.28"
"10","007","00","200","0018","0000","353","153","200","4","357","1259","0","28.36","12.15"
"10","007","00","200","0018","0998","353","153","200","4","357","1259","0","28.36","12.15"
"10","007","00","200","0019","0000","333","171","162","7","340","1071","0","31.75","15.97"
"10","007","00","200","0019","0999","333","171","162","7","340","1071","0","31.75","15.97"
"10","007","00","200","0020","0000","1123","667","456","16","1139","3551","0","32.08","18.78"
"10","007","00","200","0020","1000","350","225","125","8","358","1171","0","30.57","19.21"
"10","007","00","200","0020","1001","439","251","188","4","443","1323","0","33.48","18.97"
"10","007","00","200","0020","1002","334","191","143","4","338","1057","0","31.98","18.07"
"10","007","00","200","0021","0000","294","151","143","9","303","958","0","31.63","15.76"
"10","007","00","200","0021","1004","294","151","143","9","303","958","0","31.63","15.76"
"10","007","00","200","0022","0000","287","170","117","12","299","1107","0","27.01","15.36"
"10","007","00","200","0022","1003","287","170","117","12","299","1107","0","27.01","15.36"
"10","007","00","200","0023","0000","245","120","125","5","250","886","0","28.22","13.54"
"10","007","00","200","0023","1005","245","120","125","5","250","886","0","28.22","13.54"
"10","007","00","200","0024","0000","482","242","240","8","490","1220","0","40.16","19.84"
"10","007","00","200","0024","1006","482","242","240","8","490","1220","0","40.16","19.84"
"10","007","00","200","0025","0000","337","176","161","3","340","1041","0","32.66","16.91"
"10","007","00","200","0025","1007","337","176","161","3","340","1041","0","32.66","16.91"
"10","007","00","200","0026","0000","359","139","220","8","367","967","0","37.95","14.37"
"10","007","00","200","0026","1008","359","139","220","8","367","967","0","37.95","14.37"
"10","007","00","200","0027","0000","200","90","110","6","206","704","0","29.26","12.78"
"10","007","00","200","0027","1009","200","90","110","6","206","704","0","29.26","12.78"
"10","007","00","210","0000","0000","8374","3883","4491","109","8483","22884","26569","37.07","16.97"
"10","007","00","210","0001","0000","492","239","253","8","500","1279","0","39.09","18.69"
"10","007","00","210","0001","0887","492","239","253","8","500","1279","0","39.09","18.69"
"10","007","00","210","0002","0000","270","151","119","3","273","793","0","34.43","19.04"
"10","007","00","210","0002","0897","270","151","119","3","273","793","0","34.43","19.04"
"10","007","00","210","0003","0000","960","493","467","7","967","2570","0","37.63","19.18"
"10","007","00","210","0003","0895","556","296","260","4","560","1396","0","40.11","21.20"
"10","007","00","210","0003","0896","404","197","207","3","407","1174","0","34.67","16.78"
"10","007","00","210","0004","0000","358","162","196","5","363","1054","0","34.44","15.37"
"10","007","00","210","0004","0906","358","162","196","5","363","1054","0","34.44","15.37"
"10","007","00","210","0005","0000","283","124","159","5","288","751","0","38.35","16.51"
"10","007","00","210","0005","0910","283","124","159","5","288","751","0","38.35","16.51"
"10","007","00","210","0006","0000","418","180","238","4","422","1022","0","41.29","17.61"
"10","007","00","210","0006","0911","418","180","238","4","422","1022","0","41.29","17.61"
"10","007","00","210","0007","0000","367","176","191","8","375","1202","0","31.20","14.64"
"10","007","00","210","0007","0908","367","176","191","8","375","1202","0","31.20","14.64"
"10","007","00","210","0008","0000","224","96","128","3","227","613","0","37.03","15.66"
"10","007","00","210","0008","0909","224","96","128","3","227","613","0","37.03","15.66"
"10","007","00","210","0009","0000","481","207","274","6","487","1329","0","36.64","15.58"
"10","007","00","210","0009","0907","481","207","274","6","487","1329","0","36.64","15.58"
"10","007","00","210","0010","0000","457","189","268","7","464","1280","0","36.25","14.77"
"10","007","00","210","0010","0894","457","189","268","7","464","1280","0","36.25","14.77"
"10","007","00","210","0011","0000","576","236","340","14","590","1535","0","38.44","15.37"
"10","007","00","210","0011","0892","247","109","138","7","254","658","0","38.60","16.57"
"10","007","00","210","0011","0893","329","127","202","7","336","877","0","38.31","14.48"
"10","007","00","210","0012","0000","439","198","241","5","444","1216","0","36.51","16.28"
"10","007","00","210","0012","0888","439","198","241","5","444","1216","0","36.51","16.28"
"10","007","00","210","0013","0000","670","320","350","8","678","1724","0","39.33","18.56"
"10","007","00","210","0013","0889","409","181","228","4","413","1027","0","40.21","17.62"
"10","007","00","210","0013","0890","261","139","122","4","265","697","0","38.02","19.94"
"10","007","00","210","0014","0000","417","211","206","4","421","941","0","44.74","22.42"
"10","007","00","210","0014","0902","417","211","206","4","421","941","0","44.74","22.42"
"10","007","00","210","0015","0000","300","143","157","3","303","870","0","34.83","16.44"
"10","007","00","210","0015","0903","300","143","157","3","303","870","0","34.83","16.44"
"10","007","00","210","0016","0000","456","204","252","2","458","1365","0","33.55","14.95"
"10","007","00","210","0016","0904","267","120","147","1","268","790","0","33.92","15.19"
"10","007","00","210","0016","0905","189","84","105","1","190","575","0","33.04","14.61"
"10","007","00","210","0017","0000","549","255","294","8","557","1594","0","34.94","16.00"
"10","007","00","210","0017","0898","222","127","95","4","226","635","0","35.59","20.00"
"10","007","00","210","0017","0899","327","128","199","4","331","959","0","34.52","13.35"
"10","007","00","210","0018","0000","93","45","48","1","94","258","0","36.43","17.44"
"10","007","00","210","0018","0900","93","45","48","1","94","258","0","36.43","17.44"
"10","007","00","210","0019","0000","221","86","135","5","226","613","0","36.87","14.03"
"10","007","00","210","0019","0901","221","86","135","5","226","613","0","36.87","14.03"
"10","007","00","210","0020","0000","343","168","175","3","346","875","0","39.54","19.20"
"10","007","00","210","0020","0891","343","168","175","3","346","875","0","39.54","19.20"
"10","007","00","220","0000","0000","8380","3873","4507","138","8518","25354","29860","33.60","15.28"
"10","007","00","220","0001","0000","771","375","396","11","782","2433","0","32.14","15.41"
"10","007","00","220","0001","0912","399","167","232","3","402","1127","0","35.67","14.82"
"10","007","00","220","0001","0913","372","208","164","8","380","1306","0","29.10","15.93"
"10","007","00","220","0002","0000","577","269","308","7","584","1785","0","32.72","15.07"
"10","007","00","220","0002","0914","329","164","165","6","335","973","0","34.43","16.86"
"10","007","00","220","0002","0915","248","105","143","1","249","812","0","30.67","12.93"
"10","007","00","220","0003","0000","571","216","355","13","584","1565","0","37.32","13.80"
"10","007","00","220","0003","0916","258","90","168","6","264","693","0","38.10","12.99"
"10","007","00","220","0003","0917","313","126","187","7","320","872","0","36.70","14.45"
"10","007","00","220","0004","0000","640","379","261","16","656","2256","0","29.08","16.80"
"10","007","00","220","0004","0918","284","158","126","6","290","1110","0","26.13","14.23"
"10","007","00","220","0004","0919","356","221","135","10","366","1146","0","31.94","19.28"
"10","007","00","220","0005","0000","408","197","211","3","411","1230","0","33.41","16.02"
"10","007","00","220","0005","0920","408","197","211","3","411","1230","0","33.41","16.02"
"10","007","00","220","0006","0000","517","237","280","14","531","1561","0","34.02","15.18"
"10","007","00","220","0006","0921","274","130","144","11","285","888","0","32.09","14.64"
"10","007","00","220","0006","0922","243","107","136","3","246","673","0","36.55","15.90"
"10","007","00","220","0007","0000","1175","648","527","10","1185","3254","0","36.42","19.91"
"10","007","00","220","0007","0923","411","211","200","2","413","1034","0","39.94","20.41"
"10","007","00","220","0007","0924","430","264","166","6","436","1319","0","33.06","20.02"
"10","007","00","220","0007","0925","334","173","161","2","336","901","0","37.29","19.20"
"10","007","00","220","0008","0000","675","348","327","11","686","2210","0","31.04","15.75"
"10","007","00","220","0008","0926","288","153","135","3","291","995","0","29.25","15.38"
"10","007","00","220","0008","0927","387","195","192","8","395","1215","0","32.51","16.05"
"10","007","00","220","0009","0000","234","97","137","6","240","710","0","33.80","13.66"
"10","007","00","220","0009","0928","234","97","137","6","240","710","0","33.80","13.66"
"10","007","00","220","0010","0000","206","95","111","0","206","558","0","36.92","17.03"
"10","007","00","220","0010","0929","206","95","111","0","206","558","0","36.92","17.03"
"10","007","00","220","0011","0000","487","250","237","10","497","1486","0","33.45","16.82"
"10","007","00","220","0011","0930","228","128","100","5","233","750","0","31.07","17.07"
"10","007","00","220","0011","0931","259","122","137","5","264","736","0","35.87","16.58"
"10","007","00","220","0012","0000","337","101","236","4","341","1021","0","33.40","9.89"
"10","007","00","220","0012","0932","337","101","236","4","341","1021","0","33.40","9.89"
"10","007","00","220","0013","0000","245","99","146","5","250","807","0","30.98","12.27"
"10","007","00","220","0013","0933","245","99","146","5","250","807","0","30.98","12.27"
"10","007","00","220","0014","0000","355","119","236","5","360","1052","0","34.22","11.31"
"10","007","00","220","0014","0934","355","119","236","5","360","1052","0","34.22","11.31"
"10","007","00","220","0015","0000","509","205","304","4","513","1457","0","35.21","14.07"
"10","007","00","220","0015","0935","254","103","151","1","255","729","0","34.98","14.13"
"10","007","00","220","0015","0936","255","102","153","3","258","728","0","35.44","14.01"
"10","007","00","220","0016","0000","332","124","208","11","343","1056","0","32.48","11.74"
"10","007","00","220","0016","0937","332","124","208","11","343","1056","0","32.48","11.74"
"10","007","00","220","0017","0000","341","114","227","8","349","913","0","38.23","12.49"
"10","007","00","220","0017","0938","341","114","227","8","349","913","0","38.23","12.49"
"10","007","00","230","0000","0000","8258","3607","4651","140","8398","28593","32372","29.37","12.61"
"10","007","00","230","0001","0000","251","90","161","6","257","928","0","27.69","9.70"
"10","007","00","230","0001","1027","251","90","161","6","257","928","0","27.69","9.70"
"10","007","00","230","0002","0000","146","65","81","3","149","395","0","37.72","16.46"
"10","007","00","230","0002","1028","146","65","81","3","149","395","0","37.72","16.46"
"10","007","00","230","0003","0000","222","117","105","4","226","735","0","30.75","15.92"
"10","007","00","230","0003","1029","222","117","105","4","226","735","0","30.75","15.92"
"10","007","00","230","0004","0000","131","59","72","3","134","522","0","25.67","11.30"
"10","007","00","230","0004","1030","131","59","72","3","134","522","0","25.67","11.30"
"10","007","00","230","0005","0000","231","121","110","3","234","949","0","24.66","12.75"
"10","007","00","230","0005","1031","231","121","110","3","234","949","0","24.66","12.75"
"10","007","00","230","0006","0000","669","306","363","12","681","2090","0","32.58","14.64"
"10","007","00","230","0006","1032","395","179","216","7","402","1248","0","32.21","14.34"
"10","007","00","230","0006","1033","274","127","147","5","279","842","0","33.14","15.08"
"10","007","00","230","0007","0000","407","204","203","3","410","1329","0","30.85","15.35"
"10","007","00","230","0007","1034","195","109","86","1","196","696","0","28.16","15.66"
"10","007","00","230","0007","1035","212","95","117","2","214","633","0","33.81","15.01"
"10","007","00","230","0008","0000","101","49","52","3","104","475","0","21.89","10.32"
"10","007","00","230","0008","1051","101","49","52","3","104","475","0","21.89","10.32"
"10","007","00","230","0009","0000","176","87","89","5","181","630","0","28.73","13.81"
"10","007","00","230","0009","1037","176","87","89","5","181","630","0","28.73","13.81"
"10","007","00","230","0010","0000","218","121","97","3","221","785","0","28.15","15.41"
"10","007","00","230","0010","1038","218","121","97","3","221","785","0","28.15","15.41"
"10","007","00","230","0011","0000","229","108","121","4","233","973","0","23.95","11.10"
"10","007","00","230","0011","1039","229","108","121","4","233","973","0","23.95","11.10"
"10","007","00","230","0012","0000","182","78","104","2","184","575","0","32.00","13.57"
"10","007","00","230","0012","1040","182","78","104","2","184","575","0","32.00","13.57"
"10","007","00","230","0013","0000","171","76","95","3","174","557","0","31.24","13.64"
"10","007","00","230","0013","1041","171","76","95","3","174","557","0","31.24","13.64"
"10","007","00","230","0014","0000","196","76","120","6","202","769","0","26.27","9.88"
"10","007","00","230","0014","1036","196","76","120","6","202","769","0","26.27","9.88"
"10","007","00","230","0015","0000","633","198","435","17","650","2116","0","30.72","9.36"
"10","007","00","230","0015","1042","339","94","245","8","347","1068","0","32.49","8.80"
"10","007","00","230","0015","1043","294","104","190","9","303","1048","0","28.91","9.92"
"10","007","00","230","0016","0000","242","70","172","6","248","673","0","36.85","10.40"
"10","007","00","230","0016","1044","242","70","172","6","248","673","0","36.85","10.40"
"10","007","00","230","0017","0000","208","85","123","7","215","727","0","29.57","11.69"
"10","007","00","230","0017","1045","208","85","123","7","215","727","0","29.57","11.69"
"10","007","00","230","0018","0000","214","69","145","2","216","665","0","32.48","10.38"
"10","007","00","230","0018","1048","214","69","145","2","216","665","0","32.48","10.38"
"10","007","00","230","0019","0000","375","121","254","4","379","1278","0","29.66","9.47"
"10","007","00","230","0019","1046","157","57","100","2","159","572","0","27.80","9.97"
"10","007","00","230","0019","1047","218","64","154","2","220","706","0","31.16","9.07"
"10","007","00","230","0020","0000","489","181","308","6","495","1656","0","29.89","10.93"
"10","007","00","230","0020","1049","225","104","121","4","229","897","0","25.53","11.59"
"10","007","00","230","0020","1050","264","77","187","2","266","759","0","35.05","10.14"
"10","007","00","230","0021","0000","445","224","221","5","450","1420","0","31.69","15.77"
"10","007","00","230","0021","1052","346","165","181","4","350","1103","0","31.73","14.96"
"10","007","00","230","0021","1053","99","59","40","1","100","317","0","31.55","18.61"
"10","007","00","230","0022","0000","234","106","128","3","237","1062","0","22.32","9.98"
"10","007","00","230","0022","1057","234","106","128","3","237","1062","0","22.32","9.98"
"10","007","00","230","0023","0000","590","260","330","2","592","2059","0","28.75","12.63"
"10","007","00","230","0023","1054","301","141","160","0","301","1100","0","27.36","12.82"
"10","007","00","230","0023","1055","289","119","170","2","291","959","0","30.34","12.41"
"10","007","00","230","0024","0000","215","117","98","7","222","762","0","29.13","15.35"
"10","007","00","230","0024","1056","215","117","98","7","222","762","0","29.13","15.35"
"10","007","00","230","0025","0000","331","155","176","8","339","1304","0","26.00","11.89"
"10","007","00","230","0025","1058","160","89","71","3","163","558","0","29.21","15.95"
"10","007","00","230","0025","1059","171","66","105","5","176","746","0","23.59","8.85"
"10","007","00","230","0026","0000","952","464","488","13","965","3159","0","30.55","14.69"
"10","007","00","230","0026","1060","269","120","149","4","273","865","0","31.56","13.87"
"10","007","00","230","0026","1061","376","185","191","5","381","1194","0","31.91","15.49"
"10","007","00","230","0026","1062","307","159","148","4","311","1100","0","28.27","14.45"
"10","007","00","240","0000","0000","3813","2111","1702","74","3887","14194","15893","27.38","14.87"
"10","007","00","240","0001","0000","314","125","189","4","318","1065","0","29.86","11.74"
"10","007","00","240","0001","1011","314","125","189","4","318","1065","0","29.86","11.74"
"10","007","00","240","0002","0000","315","194","121","6","321","1069","0","30.03","18.15"
"10","007","00","240","0002","1015","140","89","51","2","142","516","0","27.52","17.25"
"10","007","00","240","0002","1016","175","105","70","4","179","553","0","32.37","18.99"
"10","007","00","240","0003","0000","377","198","179","6","383","1296","0","29.55","15.28"
"10","007","00","240","0003","1013","377","198","179","6","383","1296","0","29.55","15.28"
"10","007","00","240","0004","0000","224","125","99","2","226","798","0","28.32","15.66"
"10","007","00","240","0004","1014","224","125","99","2","226","798","0","28.32","15.66"
"10","007","00","240","0005","0000","334","196","138","7","341","929","0","36.71","21.10"
"10","007","00","240","0005","1012","334","196","138","7","341","929","0","36.71","21.10"
"10","007","00","240","0006","0000","227","137","90","4","231","1048","0","22.04","13.07"
"10","007","00","240","0006","1022","227","137","90","4","231","1048","0","22.04","13.07"
"10","007","00","240","0007","0000","314","169","145","4","318","1256","0","25.32","13.46"
"10","007","00","240","0007","1010","314","169","145","4","318","1256","0","25.32","13.46"
"10","007","00","240","0008","0000","164","99","65","5","169","662","0","25.53","14.95"
"10","007","00","240","0008","1017","164","99","65","5","169","662","0","25.53","14.95"
"10","007","00","240","0009","0000","182","96","86","1","183","663","0","27.60","14.48"
"10","007","00","240","0009","1025","182","96","86","1","183","663","0","27.60","14.48"
"10","007","00","240","0010","0000","302","179","123","8","310","1045","0","29.67","17.13"
"10","007","00","240","0010","1018","109","70","39","1","110","373","0","29.49","18.77"
"10","007","00","240","0010","1019","193","109","84","7","200","672","0","29.76","16.22"
"10","007","00","240","0011","0000","225","115","110","5","230","861","0","26.71","13.36"
"10","007","00","240","0011","1026","225","115","110","5","230","861","0","26.71","13.36"
"10","007","00","240","0012","0000","276","171","105","2","278","1164","0","23.88","14.69"
"10","007","00","240","0012","1023","276","171","105","2","278","1164","0","23.88","14.69"
"10","007","00","240","0013","0000","237","154","83","7","244","867","0","28.14","17.76"
"10","007","00","240","0013","1024","237","154","83","7","244","867","0","28.14","17.76"
"10","007","00","240","0014","0000","213","91","122","7","220","845","0","26.04","10.77"
"10","007","00","240","0014","1020","213","91","122","7","220","845","0","26.04","10.77"
"10","007","00","240","0015","0000","109","62","47","6","115","626","0","18.37","9.90"
"10","007","00","240","0015","1021","109","62","47","6","115","626","0","18.37","9.90"
"10","007","00","250","0000","0000","4030","1717","2313","48","4078","12543","14669","32.51","13.69"
"10","007","00","250","0001","0000","387","195","192","3","390","1148","0","33.97","16.99"
"10","007","00","250","0001","1063","387","195","192","3","390","1148","0","33.97","16.99"
"10","007","00","250","0002","0000","644","330","314","4","648","1936","0","33.47","17.05"
"10","007","00","250","0002","1064","314","149","165","1","315","968","0","32.54","15.39"
"10","007","00","250","0002","1065","330","181","149","3","333","968","0","34.40","18.70"
"10","007","00","250","0003","0000","230","116","114","7","237","699","0","33.91","16.60"
"10","007","00","250","0003","1066","230","116","114","7","237","699","0","33.91","16.60"
"10","007","00","250","0004","0000","218","114","104","3","221","753","0","29.35","15.14"
"10","007","00","250","0004","1067","218","114","104","3","221","753","0","29.35","15.14"
"10","007","00","250","0005","0000","466","163","303","5","471","1527","0","30.84","10.67"
"10","007","00","250","0005","1068","234","76","158","2","236","771","0","30.61","9.86"
"10","007","00","250","0005","1069","232","87","145","3","235","756","0","31.08","11.51"
"10","007","00","250","0006","0000","207","69","138","4","211","641","0","32.92","10.76"
"10","007","00","250","0006","1070","207","69","138","4","211","641","0","32.92","10.76"
"10","007","00","250","0007","0000","324","137","187","4","328","1052","0","31.18","13.02"
"10","007","00","250","0007","1071","324","137","187","4","328","1052","0","31.18","13.02"
"10","007","00","250","0008","0000","348","137","211","4","352","1083","0","32.50","12.65"
"10","007","00","250","0008","1072","348","137","211","4","352","1083","0","32.50","12.65"
"10","007","00","250","0009","0000","173","65","108","1","174","471","0","36.94","13.80"
"10","007","00","250","0009","1073","173","65","108","1","174","471","0","36.94","13.80"
"10","007","00","250","0010","0000","236","110","126","2","238","785","0","30.32","14.01"
"10","007","00","250","0010","1074","236","110","126","2","238","785","0","30.32","14.01"
"10","007","00","250","0011","0000","219","102","117","1","220","626","0","35.14","16.29"
"10","007","00","250","0011","1075","219","102","117","1","220","626","0","35.14","16.29"
"10","007","00","250","0012","0000","187","49","138","2","189","536","0","35.26","9.14"
"10","007","00","250","0012","1076","187","49","138","2","189","536","0","35.26","9.14"
"10","007","00","250","0013","0000","246","80","166","5","251","750","0","33.47","10.67"
"10","007","00","250","0013","1077","246","80","166","5","251","750","0","33.47","10.67"
"10","007","00","250","0014","0000","145","50","95","3","148","536","0","27.61","9.33"
"10","007","00","250","0014","1078","145","50","95","3","148","536","0","27.61","9.33"
"10","007","00","260","0000","0000","8291","3271","5020","117","8408","25072","28983","33.54","13.05"
"10","007","00","260","0001","0000","598","244","354","6","604","1828","0","33.04","13.35"
"10","007","00","260","0001","0939","280","122","158","4","284","777","0","36.55","15.70"
"10","007","00","260","0001","0940","318","122","196","2","320","1051","0","30.45","11.61"
"10","007","00","260","0002","0000","499","206","293","5","504","1430","0","35.24","14.41"
"10","007","00","260","0002","0949","269","116","153","5","274","702","0","39.03","16.52"
"10","007","00","260","0002","0950","230","90","140","0","230","728","0","31.59","12.36"
"10","007","00","260","0003","0000","301","151","150","1","302","1131","0","26.70","13.35"
"10","007","00","260","0003","0955","301","151","150","1","302","1131","0","26.70","13.35"
"10","007","00","260","0004","0000","486","125","361","8","494","1499","0","32.96","8.34"
"10","007","00","260","0004","0966","192","47","145","3","195","675","0","28.89","6.96"
"10","007","00","260","0004","0967","294","78","216","5","299","824","0","36.29","9.47"
"10","007","00","260","0005","0000","251","98","153","2","253","699","0","36.19","14.02"
"10","007","00","260","0005","0941","251","98","153","2","253","699","0","36.19","14.02"
"10","007","00","260","0006","0000","464","195","269","5","469","1461","0","32.10","13.35"
"10","007","00","260","0006","0951","252","117","135","3","255","786","0","32.44","14.89"
"10","007","00","260","0006","0952","212","78","134","2","214","675","0","31.70","11.56"
"10","007","00","260","0007","0000","249","113","136","5","254","813","0","31.24","13.90"
"10","007","00","260","0007","0961","249","113","136","5","254","813","0","31.24","13.90"
"10","007","00","260","0008","0000","363","124","239","1","364","839","0","43.38","14.78"
"10","007","00","260","0008","0942","363","124","239","1","364","839","0","43.38","14.78"
"10","007","00","260","0009","0000","574","219","355","11","585","1977","0","29.59","11.08"
"10","007","00","260","0009","0953","329","119","210","6","335","1065","0","31.46","11.17"
"10","007","00","260","0009","0954","245","100","145","5","250","912","0","27.41","10.96"
"10","007","00","260","0010","0000","198","72","126","3","201","693","0","29.00","10.39"
"10","007","00","260","0010","0962","198","72","126","3","201","693","0","29.00","10.39"
"10","007","00","260","0011","0000","584","265","319","7","591","1516","0","38.98","17.48"
"10","007","00","260","0011","0943","260","109","151","1","261","632","0","41.30","17.25"
"10","007","00","260","0011","0944","324","156","168","6","330","884","0","37.33","17.65"
"10","007","00","260","0012","0000","508","206","302","6","514","1799","0","28.57","11.45"
"10","007","00","260","0012","0956","240","90","150","3","243","937","0","25.93","9.61"
"10","007","00","260","0012","0957","268","116","152","3","271","862","0","31.44","13.46"
"10","007","00","260","0013","0000","250","99","151","7","257","831","0","30.93","11.91"
"10","007","00","260","0013","0963","250","99","151","7","257","831","0","30.93","11.91"
"10","007","00","260","0014","0000","660","299","361","9","669","1827","0","36.62","16.37"
"10","007","00","260","0014","0945","340","159","181","5","345","959","0","35.97","16.58"
"10","007","00","260","0014","0946","320","140","180","4","324","868","0","37.33","16.13"
"10","007","00","260","0015","0000","546","175","371","12","558","1863","0","29.95","9.39"
"10","007","00","260","0015","0958","262","86","176","7","269","852","0","31.57","10.09"
"10","007","00","260","0015","0959","284","89","195","5","289","1011","0","28.59","8.80"
"10","007","00","260","0016","0000","435","177","258","11","446","1255","0","35.54","14.10"
"10","007","00","260","0016","0965","435","177","258","11","446","1255","0","35.54","14.10"
"10","007","00","260","0017","0000","720","303","417","5","725","1915","0","37.86","15.82"
"10","007","00","260","0017","0947","388","153","235","3","391","1077","0","36.30","14.21"
"10","007","00","260","0017","0948","332","150","182","2","334","838","0","39.86","17.90"
"10","007","00","260","0018","0000","280","143","137","7","287","850","0","33.76","16.82"
"10","007","00","260","0018","0960","280","143","137","7","287","850","0","33.76","16.82"
"10","007","00","260","0019","0000","325","57","268","6","331","846","0","39.13","6.74"
"10","007","00","260","0019","0964","325","57","268","6","331","846","0","39.13","6.74"
"10","008","00","000","0000","0000","155785","83498","72287","1780","157565","420687","487743","37.45","19.85"
"10","008","00","010","0000","0000","34673","19246","15427","315","34988","83549","98736","41.88","23.04"
"10","008","00","010","0001","0000","381","186","195","0","381","910","0","41.87","20.44"
"10","008","00","010","0001","0001","381","186","195","0","381","910","0","41.87","20.44"
"10","008","00","010","0002","0000","637","326","311","4","641","1370","0","46.79","23.80"
"10","008","00","010","0002","0002","309","169","140","4","313","624","0","50.16","27.08"
"10","008","00","010","0002","0003","328","157","171","0","328","746","0","43.97","21.05"
"10","008","00","010","0003","0000","332","169","163","1","333","772","0","43.13","21.89"
"10","008","00","010","0003","0004","332","169","163","1","333","772","0","43.13","21.89"
"10","008","00","010","0004","0000","259","112","147","1","260","486","0","53.50","23.05"
"10","008","00","010","0004","0005","259","112","147","1","260","486","0","53.50","23.05"
"10","008","00","010","0005","0000","262","124","138","1","263","574","0","45.82","21.60"
"10","008","00","010","0005","0006","262","124","138","1","263","574","0","45.82","21.60"
"10","008","00","010","0006","0000","194","81","113","2","196","366","0","53.55","22.13"
"10","008","00","010","0006","0007","194","81","113","2","196","366","0","53.55","22.13"
"10","008","00","010","0007","0000","424","210","214","3","427","933","0","45.77","22.51"
"10","008","00","010","0007","0008","424","210","214","3","427","933","0","45.77","22.51"
"10","008","00","010","0008","0000","1089","545","544","9","1098","2566","0","42.79","21.24"
"10","008","00","010","0008","0058","561","262","299","4","565","1347","0","41.95","19.45"
"10","008","00","010","0008","0059","528","283","245","5","533","1219","0","43.72","23.22"
"10","008","00","010","0009","0000","2825","1544","1281","26","2851","7006","0","40.69","22.04"
"10","008","00","010","0009","0060","511","305","206","5","516","1201","0","42.96","25.40"
"10","008","00","010","0009","0061","483","267","216","4","487","1305","0","37.32","20.46"
"10","008","00","010","0009","0062","427","203","224","7","434","1047","0","41.45","19.39"
"10","008","00","010","0009","0063","421","216","205","3","424","1029","0","41.21","20.99"
"10","008","00","010","0009","0064","508","300","208","4","512","1311","0","39.05","22.88"
"10","008","00","010","0009","0065","475","253","222","3","478","1113","0","42.95","22.73"
"10","008","00","010","0010","0000","1705","901","804","20","1725","4577","0","37.69","19.69"
"10","008","00","010","0010","0032","486","250","236","3","489","1326","0","36.88","18.85"
"10","008","00","010","0010","0033","539","285","254","12","551","1402","0","39.30","20.33"
"10","008","00","010","0010","0034","539","283","256","3","542","1497","0","36.21","18.90"
"10","008","00","010","0010","0035","141","83","58","2","143","352","0","40.63","23.58"
"10","008","00","010","0011","0000","146","70","76","4","150","376","0","39.89","18.62"
"10","008","00","010","0011","0036","146","70","76","4","150","376","0","39.89","18.62"
"10","008","00","010","0012","0000","2433","1326","1107","23","2456","6024","0","40.77","22.01"
"10","008","00","010","0012","0022","362","174","188","7","369","983","0","37.54","17.70"
"10","008","00","010","0012","0023","338","210","128","3","341","843","0","40.45","24.91"
"10","008","00","010","0012","0024","406","224","182","2","408","931","0","43.82","24.06"
"10","008","00","010","0012","0025","460","239","221","4","464","1121","0","41.39","21.32"
"10","008","00","010","0012","0026","426","229","197","4","430","980","0","43.88","23.37"
"10","008","00","010","0012","0027","441","250","191","3","444","1166","0","38.08","21.44"
"10","008","00","010","0013","0000","850","375","475","11","861","2053","0","41.94","18.27"
"10","008","00","010","0013","0028","242","115","127","3","245","597","0","41.04","19.26"
"10","008","00","010","0013","0029","300","124","176","7","307","745","0","41.21","16.64"
"10","008","00","010","0013","0030","308","136","172","1","309","711","0","43.46","19.13"
"10","008","00","010","0014","0000","404","198","206","6","410","1008","0","40.67","19.64"
"10","008","00","010","0014","0031","404","198","206","6","410","1008","0","40.67","19.64"
"10","008","00","010","0015","0000","2214","1250","964","20","2234","5330","0","41.91","23.45"
"10","008","00","010","0015","0009","501","244","257","4","505","1174","0","43.02","20.78"
"10","008","00","010","0015","0010","602","354","248","6","608","1511","0","40.24","23.43"
"10","008","00","010","0015","0011","487","293","194","3","490","1193","0","41.07","24.56"
"10","008","00","010","0015","0012","624","359","265","7","631","1452","0","43.46","24.72"
"10","008","00","010","0016","0000","1249","672","577","10","1259","2691","0","46.79","24.97"
"10","008","00","010","0016","0013","446","247","199","6","452","1023","0","44.18","24.14"
"10","008","00","010","0016","0014","298","167","131","3","301","653","0","46.09","25.57"
"10","008","00","010","0016","0015","505","258","247","1","506","1015","0","49.85","25.42"
"10","008","00","010","0017","0000","795","327","468","4","799","2109","0","37.89","15.50"
"10","008","00","010","0017","0016","423","165","258","2","425","1134","0","37.48","14.55"
"10","008","00","010","0017","0017","372","162","210","2","374","975","0","38.36","16.62"
"10","008","00","010","0018","0000","1668","871","797","17","1685","4405","0","38.25","19.77"
"10","008","00","010","0018","0018","503","289","214","5","508","1080","0","47.04","26.76"
"10","008","00","010","0018","0019","365","212","153","3","368","992","0","37.10","21.37"
"10","008","00","010","0018","0020","416","171","245","5","421","1115","0","37.76","15.34"
"10","008","00","010","0018","0021","384","199","185","4","388","1218","0","31.86","16.34"
"10","008","00","010","0019","0000","670","368","302","14","684","1866","0","36.66","19.72"
"10","008","00","010","0019","0083","328","158","170","9","337","977","0","34.49","16.17"
"10","008","00","010","0019","0084","342","210","132","5","347","889","0","39.03","23.62"
"10","008","00","010","0020","0000","253","119","134","8","261","779","0","33.50","15.28"
"10","008","00","010","0020","0081","253","119","134","8","261","779","0","33.50","15.28"
"10","008","00","010","0021","0000","200","64","136","2","202","606","0","33.33","10.56"
"10","008","00","010","0021","0082","200","64","136","2","202","606","0","33.33","10.56"
"10","008","00","010","0022","0000","340","113","227","5","345","1073","0","32.15","10.53"
"10","008","00","010","0022","0080","340","113","227","5","345","1073","0","32.15","10.53"
"10","008","00","010","0023","0000","2032","1071","961","17","2049","5387","0","38.04","19.88"
"10","008","00","010","0023","0066","566","308","258","4","570","1398","0","40.77","22.03"
"10","008","00","010","0023","0067","421","221","200","2","423","1058","0","39.98","20.89"
"10","008","00","010","0023","0068","591","310","281","4","595","1529","0","38.91","20.27"
"10","008","00","010","0023","0069","454","232","222","7","461","1402","0","32.88","16.55"
"10","008","00","010","0024","0000","1780","952","828","15","1795","4997","0","35.92","19.05"
"10","008","00","010","0024","0070","413","206","207","5","418","1057","0","39.55","19.49"
"10","008","00","010","0024","0071","458","231","227","2","460","1248","0","36.86","18.51"
"10","008","00","010","0024","0072","369","197","172","5","374","1272","0","29.40","15.49"
"10","008","00","010","0024","0073","540","318","222","3","543","1420","0","38.24","22.39"
"10","008","00","010","0025","0000","1096","545","551","8","1104","2815","0","39.22","19.36"
"10","008","00","010","0025","0074","344","178","166","3","347","823","0","42.16","21.63"
"10","008","00","010","0025","0075","375","186","189","2","377","973","0","38.75","19.12"
"10","008","00","010","0025","0076","377","181","196","3","380","1019","0","37.29","17.76"
"10","008","00","010","0026","0000","1131","538","593","11","1142","3015","0","37.88","17.84"
"10","008","00","010","0026","0077","362","177","185","4","366","957","0","38.24","18.50"
"10","008","00","010","0026","0078","389","171","218","4","393","997","0","39.42","17.15"
"10","008","00","010","0026","0079","380","190","190","3","383","1061","0","36.10","17.91"
"10","008","00","010","0027","0000","3084","2112","972","20","3104","5877","0","52.82","35.94"
"10","008","00","010","0027","0039","455","285","170","4","459","926","0","49.57","30.78"
"10","008","00","010","0027","0040","481","312","169","4","485","944","0","51.38","33.05"
"10","008","00","010","0027","0041","544","383","161","3","547","1015","0","53.89","37.73"
"10","008","00","010","0027","0042","576","420","156","2","578","1058","0","54.63","39.70"
"10","008","00","010","0027","0043","577","399","178","4","581","1079","0","53.85","36.98"
"10","008","00","010","0027","0044","451","313","138","3","454","855","0","53.10","36.61"
"10","008","00","010","0028","0000","1077","620","457","7","1084","2381","0","45.53","26.04"
"10","008","00","010","0028","0037","515","296","219","4","519","1124","0","46.17","26.33"
"10","008","00","010","0028","0038","562","324","238","3","565","1257","0","44.95","25.78"
"10","008","00","010","0029","0000","2959","1888","1071","24","2983","6642","0","44.91","28.43"
"10","008","00","010","0029","0045","490","271","219","3","493","1203","0","40.98","22.53"
"10","008","00","010","0029","0046","505","304","201","9","514","1115","0","46.10","27.26"
"10","008","00","010","0029","0047","584","360","224","6","590","1266","0","46.60","28.44"
"10","008","00","010","0029","0048","474","332","142","3","477","1095","0","43.56","30.32"
"10","008","00","010","0029","0049","625","449","176","1","626","1318","0","47.50","34.07"
"10","008","00","010","0029","0050","281","172","109","2","283","645","0","43.88","26.67"
"10","008","00","010","0030","0000","567","279","288","7","574","1402","0","40.94","19.90"
"10","008","00","010","0030","0051","277","125","152","4","281","688","0","40.84","18.17"
"10","008","00","010","0030","0052","290","154","136","3","293","714","0","41.04","21.57"
"10","008","00","010","0031","0000","360","292","68","3","363","738","0","49.19","39.57"
"10","008","00","010","0031","0057","360","292","68","3","363","738","0","49.19","39.57"
"10","008","00","010","0032","0000","504","417","87","5","509","993","0","51.26","41.99"
"10","008","00","010","0032","0054","224","191","33","2","226","469","0","48.19","40.72"
"10","008","00","010","0032","0055","280","226","54","3","283","524","0","54.01","43.13"
"10","008","00","010","0033","0000","467","394","73","3","470","908","0","51.76","43.39"
"10","008","00","010","0033","0056","467","394","73","3","470","908","0","51.76","43.39"
"10","008","00","010","0034","0000","286","187","99","4","290","514","0","56.42","36.38"
"10","008","00","010","0034","0053","286","187","99","4","290","514","0","56.42","36.38"
"10","008","00","020","0000","0000","24651","13832","10819","273","24924","67679","78732","36.83","20.44"
"10","008","00","020","0001","0000","1090","601","489","15","1105","2573","0","42.95","23.36"
"10","008","00","020","0001","0085","318","172","146","5","323","788","0","40.99","21.83"
"10","008","00","020","0001","0086","331","188","143","3","334","757","0","44.12","24.83"
"10","008","00","020","0001","0087","441","241","200","7","448","1028","0","43.58","23.44"
"10","008","00","020","0002","0000","404","198","206","4","408","785","0","51.97","25.22"
"10","008","00","020","0002","0106","404","198","206","4","408","785","0","51.97","25.22"
"10","008","00","020","0003","0000","1102","587","515","6","1108","2927","0","37.85","20.05"
"10","008","00","020","0003","0103","358","174","184","1","359","840","0","42.74","20.71"
"10","008","00","020","0003","0104","318","154","164","2","320","957","0","33.44","16.09"
"10","008","00","020","0003","0105","426","259","167","3","429","1130","0","37.96","22.92"
"10","008","00","020","0004","0000","832","500","332","6","838","2457","0","34.11","20.35"
"10","008","00","020","0004","0107","373","225","148","3","376","1216","0","30.92","18.50"
"10","008","00","020","0004","0108","459","275","184","3","462","1241","0","37.23","22.16"
"10","008","00","020","0005","0000","806","469","337","11","817","2163","0","37.77","21.68"
"10","008","00","020","0005","0122","415","231","184","6","421","1106","0","38.07","20.89"
"10","008","00","020","0005","0123","391","238","153","5","396","1057","0","37.46","22.52"
"10","008","00","020","0006","0000","473","256","217","2","475","997","0","47.64","25.68"
"10","008","00","020","0006","0127","473","256","217","2","475","997","0","47.64","25.68"
"10","008","00","020","0007","0000","1269","738","531","18","1287","3608","0","35.67","20.45"
"10","008","00","020","0007","0124","448","274","174","3","451","1103","0","40.89","24.84"
"10","008","00","020","0007","0125","458","275","183","6","464","1244","0","37.30","22.11"
"10","008","00","020","0007","0126","363","189","174","9","372","1261","0","29.50","14.99"
"10","008","00","020","0008","0000","2129","1232","897","19","2148","5729","0","37.49","21.50"
"10","008","00","020","0008","0128","296","163","133","4","300","927","0","32.36","17.58"
"10","008","00","020","0008","0129","341","196","145","2","343","955","0","35.92","20.52"
"10","008","00","020","0008","0130","428","263","165","5","433","1008","0","42.96","26.09"
"10","008","00","020","0008","0131","334","179","155","2","336","859","0","39.12","20.84"
"10","008","00","020","0008","0132","368","224","144","3","371","972","0","38.17","23.05"
"10","008","00","020","0008","0133","362","207","155","3","365","1008","0","36.21","20.54"
"10","008","00","020","0009","0000","403","179","224","1","404","931","0","43.39","19.23"
"10","008","00","020","0009","0134","403","179","224","1","404","931","0","43.39","19.23"
"10","008","00","020","0010","0000","2611","1624","987","26","2637","7501","0","35.16","21.65"
"10","008","00","020","0010","0090","445","328","117","4","449","1276","0","35.19","25.71"
"10","008","00","020","0010","0091","329","211","118","4","333","864","0","38.54","24.42"
"10","008","00","020","0010","0092","414","223","191","9","423","1323","0","31.97","16.86"
"10","008","00","020","0010","0093","523","335","188","2","525","1310","0","40.08","25.57"
"10","008","00","020","0010","0094","451","282","169","3","454","1424","0","31.88","19.80"
"10","008","00","020","0010","0095","449","245","204","4","453","1304","0","34.74","18.79"
"10","008","00","020","0011","0000","1120","620","500","11","1131","3785","0","29.88","16.38"
"10","008","00","020","0011","0096","318","176","142","3","321","1138","0","28.21","15.47"
"10","008","00","020","0011","0097","344","191","153","4","348","1195","0","29.12","15.98"
"10","008","00","020","0011","0098","177","99","78","2","179","522","0","34.29","18.97"
"10","008","00","020","0011","0099","281","154","127","2","283","930","0","30.43","16.56"
"10","008","00","020","0012","0000","325","160","165","4","329","1019","0","32.29","15.70"
"10","008","00","020","0012","0100","325","160","165","4","329","1019","0","32.29","15.70"
"10","008","00","020","0013","0000","372","193","179","9","381","1106","0","34.45","17.45"
"10","008","00","020","0013","0101","372","193","179","9","381","1106","0","34.45","17.45"
"10","008","00","020","0014","0000","395","223","172","4","399","1116","0","35.75","19.98"
"10","008","00","020","0014","0102","395","223","172","4","399","1116","0","35.75","19.98"
"10","008","00","020","0015","0000","352","210","142","4","356","1007","0","35.35","20.85"
"10","008","00","020","0015","0135","352","210","142","4","356","1007","0","35.35","20.85"
"10","008","00","020","0016","0000","110","53","57","1","111","298","0","37.25","17.79"
"10","008","00","020","0016","0136","110","53","57","1","111","298","0","37.25","17.79"
"10","008","00","020","0017","0000","411","225","186","4","415","1324","0","31.34","16.99"
"10","008","00","020","0017","0137","411","225","186","4","415","1324","0","31.34","16.99"
"10","008","00","020","0018","0000","493","290","203","3","496","1412","0","35.13","20.54"
"10","008","00","020","0018","0138","250","151","99","1","251","691","0","36.32","21.85"
"10","008","00","020","0018","0139","243","139","104","2","245","721","0","33.98","19.28"
"10","008","00","020","0019","0000","598","327","271","13","611","1701","0","35.92","19.22"
"10","008","00","020","0019","0140","279","146","133","7","286","769","0","37.19","18.99"
"10","008","00","020","0019","0141","319","181","138","6","325","932","0","34.87","19.42"
"10","008","00","020","0020","0000","456","266","190","3","459","1348","0","34.05","19.73"
"10","008","00","020","0020","0142","321","191","130","1","322","952","0","33.82","20.06"
"10","008","00","020","0020","0143","135","75","60","2","137","396","0","34.60","18.94"
"10","008","00","020","0021","0000","259","132","127","6","265","661","0","40.09","19.97"
"10","008","00","020","0021","0144","259","132","127","6","265","661","0","40.09","19.97"
"10","008","00","020","0022","0000","393","259","134","5","398","988","0","40.28","26.21"
"10","008","00","020","0022","0145","393","259","134","5","398","988","0","40.28","26.21"
"10","008","00","020","0023","0000","362","205","157","4","366","1132","0","32.33","18.11"
"10","008","00","020","0023","0148","362","205","157","4","366","1132","0","32.33","18.11"
"10","008","00","020","0024","0000","221","132","89","1","222","580","0","38.28","22.76"
"10","008","00","020","0024","0149","221","132","89","1","222","580","0","38.28","22.76"
"10","008","00","020","0025","0000","336","130","206","3","339","962","0","35.24","13.51"
"10","008","00","020","0025","0150","336","130","206","3","339","962","0","35.24","13.51"
"10","008","00","020","0026","0000","1010","497","513","9","1019","2818","0","36.16","17.64"
"10","008","00","020","0026","0151","346","177","169","3","349","924","0","37.77","19.16"
"10","008","00","020","0026","0152","314","156","158","4","318","898","0","35.41","17.37"
"10","008","00","020","0026","0153","350","164","186","2","352","996","0","35.34","16.47"
"10","008","00","020","0027","0000","612","334","278","11","623","1661","0","37.51","20.11"
"10","008","00","020","0027","0117","264","124","140","6","270","734","0","36.78","16.89"
"10","008","00","020","0027","0118","348","210","138","5","353","927","0","38.08","22.65"
"10","008","00","020","0028","0000","859","459","400","16","875","2570","0","34.05","17.86"
"10","008","00","020","0028","0119","397","240","157","10","407","1185","0","34.35","20.25"
"10","008","00","020","0028","0120","311","157","154","4","315","938","0","33.58","16.74"
"10","008","00","020","0028","0121","151","62","89","2","153","447","0","34.23","13.87"
"10","008","00","020","0029","0000","572","253","319","7","579","1597","0","36.26","15.84"
"10","008","00","020","0029","0146","460","208","252","7","467","1300","0","35.92","16.00"
"10","008","00","020","0029","0147","112","45","67","0","112","297","0","37.71","15.15"
"10","008","00","020","0030","0000","1301","758","543","13","1314","3098","0","42.41","24.47"
"10","008","00","020","0030","0109","403","238","165","3","406","972","0","41.77","24.49"
"10","008","00","020","0030","0110","459","271","188","2","461","1099","0","41.95","24.66"
"10","008","00","020","0030","0111","439","249","190","8","447","1027","0","43.52","24.25"
"10","008","00","020","0031","0000","1001","533","468","13","1014","2585","0","39.23","20.62"
"10","008","00","020","0031","0088","535","267","268","5","540","1326","0","40.72","20.14"
"10","008","00","020","0031","0089","466","266","200","8","474","1259","0","37.65","21.13"
"10","008","00","020","0032","0000","1117","669","448","14","1131","3170","0","35.68","21.10"
"10","008","00","020","0032","0112","380","243","137","7","387","1003","0","38.58","24.23"
"10","008","00","020","0032","0113","358","217","141","4","362","1062","0","34.09","20.43"
"10","008","00","020","0032","0114","379","209","170","3","382","1105","0","34.57","18.91"
"10","008","00","020","0033","0000","857","520","337","7","864","2070","0","41.74","25.12"
"10","008","00","020","0033","0115","417","264","153","4","421","1065","0","39.53","24.79"
"10","008","00","020","0033","0116","440","256","184","3","443","1005","0","44.08","25.47"
"10","008","00","030","0000","0000","33805","17519","16286","346","34151","83201","97262","41.05","21.06"
"10","008","00","030","0001","0000","902","527","375","10","912","2084","0","43.76","25.29"
"10","008","00","030","0001","0154","414","218","196","5","419","974","0","43.02","22.38"
"10","008","00","030","0001","0155","488","309","179","5","493","1110","0","44.41","27.84"
"10","008","00","030","0002","0000","921","485","436","7","928","2059","0","45.07","23.56"
"10","008","00","030","0002","0159","457","245","212","3","460","1055","0","43.60","23.22"
"10","008","00","030","0002","0160","464","240","224","4","468","1004","0","46.61","23.90"
"10","008","00","030","0003","0000","509","244","265","3","512","1084","0","47.23","22.51"
"10","008","00","030","0003","0162","509","244","265","3","512","1084","0","47.23","22.51"
"10","008","00","030","0004","0000","2480","1346","1134","34","2514","6414","0","39.20","20.99"
"10","008","00","030","0004","0165","472","254","218","12","484","1243","0","38.94","20.43"
"10","008","00","030","0004","0166","408","246","162","7","415","1222","0","33.96","20.13"
"10","008","00","030","0004","0167","482","237","245","6","488","1232","0","39.61","19.24"
"10","008","00","030","0004","0168","561","299","262","6","567","1456","0","38.94","20.54"
"10","008","00","030","0004","0169","557","310","247","3","560","1261","0","44.41","24.58"
"10","008","00","030","0005","0000","3344","2002","1342","23","3367","7515","0","44.80","26.64"
"10","008","00","030","0005","0170","596","337","259","5","601","1196","0","50.25","28.18"
"10","008","00","030","0005","0171","471","296","175","3","474","1226","0","38.66","24.14"
"10","008","00","030","0005","0172","536","325","211","4","540","1186","0","45.53","27.40"
"10","008","00","030","0005","0173","502","311","191","1","503","1172","0","42.92","26.54"
"10","008","00","030","0005","0174","637","390","247","2","639","1373","0","46.54","28.40"
"10","008","00","030","0005","0175","602","343","259","8","610","1362","0","44.79","25.18"
"10","008","00","030","0006","0000","2533","1275","1258","20","2553","6652","0","38.38","19.17"
"10","008","00","030","0006","0209","553","282","271","4","557","1568","0","35.52","17.98"
"10","008","00","030","0006","0210","493","246","247","5","498","1229","0","40.52","20.02"
"10","008","00","030","0006","0211","397","195","202","0","397","1022","0","38.85","19.08"
"10","008","00","030","0006","0212","335","164","171","3","338","1036","0","32.63","15.83"
"10","008","00","030","0006","0213","483","262","221","5","488","1141","0","42.77","22.96"
"10","008","00","030","0006","0214","272","126","146","3","275","656","0","41.92","19.21"
"10","008","00","030","0007","0000","2383","1192","1191","32","2415","6108","0","39.54","19.52"
"10","008","00","030","0007","0191","554","298","256","5","559","1372","0","40.74","21.72"
"10","008","00","030","0007","0192","492","258","234","5","497","1157","0","42.96","22.30"
"10","008","00","030","0007","0193","537","275","262","7","544","1334","0","40.78","20.61"
"10","008","00","030","0007","0194","320","145","175","5","325","868","0","37.44","16.71"
"10","008","00","030","0007","0195","480","216","264","10","490","1377","0","35.58","15.69"
"10","008","00","030","0008","0000","1585","803","782","33","1618","4032","0","40.13","19.92"
"10","008","00","030","0008","0196","415","234","181","10","425","1000","0","42.50","23.40"
"10","008","00","030","0008","0197","431","258","173","5","436","1068","0","40.82","24.16"
"10","008","00","030","0008","0198","346","150","196","6","352","1002","0","35.13","14.97"
"10","008","00","030","0008","0199","393","161","232","12","405","962","0","42.10","16.74"
"10","008","00","030","0009","0000","1675","804","871","18","1693","4524","0","37.42","17.77"
"10","008","00","030","0009","0182","379","186","193","6","385","1062","0","36.25","17.51"
"10","008","00","030","0009","0183","433","204","229","9","442","1070","0","41.31","19.07"
"10","008","00","030","0009","0184","414","201","213","0","414","1149","0","36.03","17.49"
"10","008","00","030","0009","0185","449","213","236","3","452","1243","0","36.36","17.14"
"10","008","00","030","0010","0000","1045","602","443","4","1049","2446","0","42.89","24.61"
"10","008","00","030","0010","0186","622","360","262","2","624","1415","0","44.10","25.44"
"10","008","00","030","0010","0187","423","242","181","2","425","1031","0","41.22","23.47"
"10","008","00","030","0011","0000","1212","632","580","10","1222","2862","0","42.70","22.08"
"10","008","00","030","0011","0188","480","249","231","2","482","1057","0","45.60","23.56"
"10","008","00","030","0011","0189","353","175","178","6","359","856","0","41.94","20.44"
"10","008","00","030","0011","0190","379","208","171","2","381","949","0","40.15","21.92"
"10","008","00","030","0012","0000","1425","796","629","11","1436","3175","0","45.23","25.07"
"10","008","00","030","0012","0179","530","296","234","6","536","1141","0","46.98","25.94"
"10","008","00","030","0012","0180","434","252","182","1","435","1011","0","43.03","24.93"
"10","008","00","030","0012","0181","461","248","213","4","465","1023","0","45.45","24.24"
"10","008","00","030","0013","0000","1448","770","678","11","1459","3702","0","39.41","20.80"
"10","008","00","030","0013","0200","442","218","224","1","443","1183","0","37.45","18.43"
"10","008","00","030","0013","0201","500","285","215","4","504","1114","0","45.24","25.58"
"10","008","00","030","0013","0202","506","267","239","6","512","1405","0","36.44","19.00"
"10","008","00","030","0014","0000","1183","498","685","16","1199","2951","0","40.63","16.88"
"10","008","00","030","0014","0206","406","176","230","6","412","950","0","43.37","18.53"
"10","008","00","030","0014","0207","322","153","169","3","325","965","0","33.68","15.85"
"10","008","00","030","0014","0208","455","169","286","7","462","1036","0","44.59","16.31"
"10","008","00","030","0015","0000","582","291","291","4","586","1502","0","39.01","19.37"
"10","008","00","030","0015","0205","582","291","291","4","586","1502","0","39.01","19.37"
"10","008","00","030","0016","0000","938","429","509","6","944","2217","0","42.58","19.35"
"10","008","00","030","0016","0203","388","180","208","3","391","919","0","42.55","19.59"
"10","008","00","030","0016","0204","550","249","301","3","553","1298","0","42.60","19.18"
"10","008","00","030","0017","0000","722","326","396","13","735","1858","0","39.56","17.55"
"10","008","00","030","0017","0215","284","138","146","4","288","689","0","41.80","20.03"
"10","008","00","030","0017","0216","259","102","157","2","261","668","0","39.07","15.27"
"10","008","00","030","0017","0217","179","86","93","7","186","501","0","37.13","17.17"
"10","008","00","030","0018","0000","896","353","543","8","904","2029","0","44.55","17.40"
"10","008","00","030","0018","0218","468","183","285","7","475","1159","0","40.98","15.79"
"10","008","00","030","0018","0219","428","170","258","1","429","870","0","49.31","19.54"
"10","008","00","030","0019","0000","1551","693","858","8","1559","4072","0","38.29","17.02"
"10","008","00","030","0019","0220","418","199","219","1","419","1100","0","38.09","18.09"
"10","008","00","030","0019","0221","371","153","218","3","374","933","0","40.09","16.40"
"10","008","00","030","0019","0222","351","168","183","3","354","956","0","37.03","17.57"
"10","008","00","030","0019","0223","411","173","238","1","412","1083","0","38.04","15.97"
"10","008","00","030","0020","0000","602","351","251","2","604","1658","0","36.43","21.17"
"10","008","00","030","0020","0225","244","155","89","1","245","641","0","38.22","24.18"
"10","008","00","030","0020","0226","358","196","162","1","359","1017","0","35.30","19.27"
"10","008","00","030","0021","0000","398","202","196","1","399","1017","0","39.23","19.86"
"10","008","00","030","0021","0224","398","202","196","1","399","1017","0","39.23","19.86"
"10","008","00","030","0022","0000","692","348","344","14","706","2247","0","31.42","15.49"
"10","008","00","030","0022","0228","359","176","183","9","368","1160","0","31.72","15.17"
"10","008","00","030","0022","0229","333","172","161","5","338","1087","0","31.09","15.82"
"10","008","00","030","0023","0000","404","218","186","7","411","1070","0","38.41","20.37"
"10","008","00","030","0023","0227","404","218","186","7","411","1070","0","38.41","20.37"
"10","008","00","030","0024","0000","309","164","145","3","312","664","0","46.99","24.70"
"10","008","00","030","0024","0161","309","164","145","3","312","664","0","46.99","24.70"
"10","008","00","030","0025","0000","1095","510","585","9","1104","2330","0","47.38","21.89"
"10","008","00","030","0025","0163","460","238","222","3","463","939","0","49.31","25.35"
"10","008","00","030","0025","0164","635","272","363","6","641","1391","0","46.08","19.55"
"10","008","00","030","0026","0000","1549","836","713","22","1571","3714","0","42.30","22.51"
"10","008","00","030","0026","0156","630","324","306","8","638","1402","0","45.51","23.11"
"10","008","00","030","0026","0157","397","188","209","8","405","1071","0","37.82","17.55"
"10","008","00","030","0026","0158","522","324","198","6","528","1241","0","42.55","26.11"
"10","008","00","030","0027","0000","1422","822","600","17","1439","3215","0","44.76","25.57"
"10","008","00","030","0027","0176","433","232","201","5","438","974","0","44.97","23.82"
"10","008","00","030","0027","0177","584","369","215","8","592","1331","0","44.48","27.72"
"10","008","00","030","0027","0178","405","221","184","4","409","910","0","44.95","24.29"
"10","008","00","040","0000","0000","16494","8141","8353","196","16690","46058","53033","36.24","17.68"
"10","008","00","040","0001","0000","846","427","419","10","856","1957","0","43.74","21.82"
"10","008","00","040","0001","0230","483","255","228","6","489","1155","0","42.34","22.08"
"10","008","00","040","0001","0231","363","172","191","4","367","802","0","45.76","21.45"
"10","008","00","040","0002","0000","232","115","117","1","233","614","0","37.95","18.73"
"10","008","00","040","0002","0232","232","115","117","1","233","614","0","37.95","18.73"
"10","008","00","040","0003","0000","1680","850","830","19","1699","4553","0","37.32","18.67"
"10","008","00","040","0003","0233","356","169","187","3","359","884","0","40.61","19.12"
"10","008","00","040","0003","0234","391","197","194","2","393","1127","0","34.87","17.48"
"10","008","00","040","0003","0235","418","228","190","8","426","1196","0","35.62","19.06"
"10","008","00","040","0003","0236","515","256","259","6","521","1346","0","38.71","19.02"
"10","008","00","040","0004","0000","1331","711","620","9","1340","3463","0","38.69","20.53"
"10","008","00","040","0004","0237","450","252","198","2","452","1131","0","39.96","22.28"
"10","008","00","040","0004","0238","415","205","210","1","416","1073","0","38.77","19.11"
"10","008","00","040","0004","0239","466","254","212","6","472","1259","0","37.49","20.17"
"10","008","00","040","0005","0000","642","317","325","10","652","1752","0","37.21","18.09"
"10","008","00","040","0005","0271","288","145","143","3","291","790","0","36.84","18.35"
"10","008","00","040","0005","0272","354","172","182","7","361","962","0","37.53","17.88"
"10","008","00","040","0006","0000","462","242","220","10","472","1189","0","39.70","20.35"
"10","008","00","040","0006","0245","201","96","105","4","205","490","0","41.84","19.59"
"10","008","00","040","0006","0246","261","146","115","6","267","699","0","38.20","20.89"
"10","008","00","040","0007","0000","1271","624","647","15","1286","3652","0","35.21","17.09"
"10","008","00","040","0007","0242","461","233","228","5","466","1279","0","36.43","18.22"
"10","008","00","040","0007","0243","442","227","215","8","450","1324","0","33.99","17.15"
"10","008","00","040","0007","0244","368","164","204","2","370","1049","0","35.27","15.63"
"10","008","00","040","0008","0000","325","103","222","4","329","894","0","36.80","11.52"
"10","008","00","040","0008","0247","325","103","222","4","329","894","0","36.80","11.52"
"10","008","00","040","0009","0000","448","221","227","8","456","1401","0","32.55","15.77"
"10","008","00","040","0009","0248","448","221","227","8","456","1401","0","32.55","15.77"
"10","008","00","040","0010","0000","334","181","153","5","339","878","0","38.61","20.62"
"10","008","00","040","0010","0273","142","67","75","3","145","367","0","39.51","18.26"
"10","008","00","040","0010","0274","192","114","78","2","194","511","0","37.96","22.31"
"10","008","00","040","0011","0000","958","426","532","11","969","2802","0","34.58","15.20"
"10","008","00","040","0011","0261","400","191","209","3","403","1293","0","31.17","14.77"
"10","008","00","040","0011","0262","357","174","183","5","362","944","0","38.35","18.43"
"10","008","00","040","0011","0263","201","61","140","3","204","565","0","36.11","10.80"
"10","008","00","040","0012","0000","534","260","274","9","543","1678","0","32.36","15.49"
"10","008","00","040","0012","0259","269","132","137","5","274","891","0","30.75","14.81"
"10","008","00","040","0012","0260","265","128","137","4","269","787","0","34.18","16.26"
"10","008","00","040","0013","0000","317","156","161","3","320","839","0","38.14","18.59"
"10","008","00","040","0013","0264","317","156","161","3","320","839","0","38.14","18.59"
"10","008","00","040","0014","0000","1717","857","860","15","1732","4860","0","35.64","17.63"
"10","008","00","040","0014","0252","479","251","228","3","482","1435","0","33.59","17.49"
"10","008","00","040","0014","0253","455","237","218","4","459","1289","0","35.61","18.39"
"10","008","00","040","0014","0254","396","198","198","3","399","1085","0","36.77","18.25"
"10","008","00","040","0014","0255","387","171","216","5","392","1051","0","37.30","16.27"
"10","008","00","040","0015","0000","595","272","323","7","602","1818","0","33.11","14.96"
"10","008","00","040","0015","0265","389","171","218","5","394","1171","0","33.65","14.60"
"10","008","00","040","0015","0266","206","101","105","2","208","647","0","32.15","15.61"
"10","008","00","040","0016","0000","469","217","252","9","478","1312","0","36.43","16.54"
"10","008","00","040","0016","0267","469","217","252","9","478","1312","0","36.43","16.54"
"10","008","00","040","0017","0000","379","172","207","5","384","1132","0","33.92","15.19"
"10","008","00","040","0017","0268","379","172","207","5","384","1132","0","33.92","15.19"
"10","008","00","040","0018","0000","232","118","114","3","235","595","0","39.50","19.83"
"10","008","00","040","0018","0269","232","118","114","3","235","595","0","39.50","19.83"
"10","008","00","040","0019","0000","131","77","54","1","132","422","0","31.28","18.25"
"10","008","00","040","0019","0251","131","77","54","1","132","422","0","31.28","18.25"
"10","008","00","040","0020","0000","179","85","94","4","183","577","0","31.72","14.73"
"10","008","00","040","0020","0270","179","85","94","4","183","577","0","31.72","14.73"
"10","008","00","040","0021","0000","219","130","89","4","223","591","0","37.73","22.00"
"10","008","00","040","0021","0275","76","57","19","1","77","194","0","39.69","29.38"
"10","008","00","040","0021","0276","143","73","70","3","146","397","0","36.78","18.39"
"10","008","00","040","0022","0000","213","107","106","3","216","733","0","29.47","14.60"
"10","008","00","040","0022","0277","133","70","63","0","133","454","0","29.30","15.42"
"10","008","00","040","0022","0278","80","37","43","3","83","279","0","29.75","13.26"
"10","008","00","040","0023","0000","177","93","84","3","180","562","0","32.03","16.55"
"10","008","00","040","0023","0280","177","93","84","3","180","562","0","32.03","16.55"
"10","008","00","040","0024","0000","162","84","78","0","162","446","0","36.32","18.83"
"10","008","00","040","0024","0279","162","84","78","0","162","446","0","36.32","18.83"
"10","008","00","040","0025","0000","226","101","125","7","233","865","0","26.94","11.68"
"10","008","00","040","0025","0281","132","59","73","4","136","486","0","27.98","12.14"
"10","008","00","040","0025","0282","94","42","52","3","97","379","0","25.59","11.08"
"10","008","00","040","0026","0000","262","124","138","4","266","674","0","39.47","18.40"
"10","008","00","040","0026","0249","80","42","38","0","80","217","0","36.87","19.35"
"10","008","00","040","0026","0250","182","82","100","4","186","457","0","40.70","17.94"
"10","008","00","040","0027","0000","1324","650","674","8","1332","3551","0","37.51","18.30"
"10","008","00","040","0027","0256","469","240","229","4","473","1284","0","36.84","18.69"
"10","008","00","040","0027","0257","378","174","204","2","380","1034","0","36.75","16.83"
"10","008","00","040","0027","0258","477","236","241","2","479","1233","0","38.85","19.14"
"10","008","00","040","0028","0000","829","421","408","9","838","2248","0","37.28","18.73"
"10","008","00","040","0028","0240","426","223","203","4","430","1079","0","39.85","20.67"
"10","008","00","040","0028","0241","403","198","205","5","408","1169","0","34.90","16.94"
"10","008","00","050","0000","0000","3392","1844","1548","45","3437","9241","10350","37.19","19.95"
"10","008","00","050","0001","0000","446","275","171","6","452","1076","0","42.01","25.56"
"10","008","00","050","0001","0283","446","275","171","6","452","1076","0","42.01","25.56"
"10","008","00","050","0002","0000","330","186","144","7","337","872","0","38.65","21.33"
"10","008","00","050","0002","0284","330","186","144","7","337","872","0","38.65","21.33"
"10","008","00","050","0003","0000","196","95","101","3","199","549","0","36.25","17.30"
"10","008","00","050","0003","0285","196","95","101","3","199","549","0","36.25","17.30"
"10","008","00","050","0004","0000","387","192","195","5","392","1141","0","34.36","16.83"
"10","008","00","050","0004","0286","208","102","106","3","211","611","0","34.53","16.69"
"10","008","00","050","0004","0287","179","90","89","2","181","530","0","34.15","16.98"
"10","008","00","050","0005","0000","161","72","89","3","164","463","0","35.42","15.55"
"10","008","00","050","0005","0288","161","72","89","3","164","463","0","35.42","15.55"
"10","008","00","050","0006","0000","173","90","83","1","174","472","0","36.86","19.07"
"10","008","00","050","0006","0289","173","90","83","1","174","472","0","36.86","19.07"
"10","008","00","050","0007","0000","341","203","138","5","346","877","0","39.45","23.15"
"10","008","00","050","0007","0290","341","203","138","5","346","877","0","39.45","23.15"
"10","008","00","050","0008","0000","519","273","246","6","525","1415","0","37.10","19.29"
"10","008","00","050","0008","0291","306","167","139","2","308","756","0","40.74","22.09"
"10","008","00","050","0008","0292","213","106","107","4","217","659","0","32.93","16.08"
"10","008","00","050","0009","0000","353","180","173","4","357","943","0","37.86","19.09"
"10","008","00","050","0009","0293","353","180","173","4","357","943","0","37.86","19.09"
"10","008","00","050","0010","0000","193","104","89","1","194","544","0","35.66","19.12"
"10","008","00","050","0010","0296","193","104","89","1","194","544","0","35.66","19.12"
"10","008","00","050","0011","0000","293","174","119","4","297","889","0","33.41","19.57"
"10","008","00","050","0011","0294","169","102","67","4","173","489","0","35.38","20.86"
"10","008","00","050","0011","0295","124","72","52","0","124","400","0","31.00","18.00"
"10","008","00","060","0000","0000","12242","5333","6909","166","12408","32758","37230","37.88","16.28"
"10","008","00","060","0001","0000","422","202","220","1","423","1008","0","41.96","20.04"
"10","008","00","060","0001","0297","422","202","220","1","423","1008","0","41.96","20.04"
"10","008","00","060","0002","0000","1319","634","685","15","1334","3391","0","39.34","18.70"
"10","008","00","060","0002","0298","366","168","198","3","369","906","0","40.73","18.54"
"10","008","00","060","0002","0299","282","124","158","7","289","701","0","41.23","17.69"
"10","008","00","060","0002","0300","332","168","164","4","336","862","0","38.98","19.49"
"10","008","00","060","0002","0301","339","174","165","1","340","922","0","36.88","18.87"
"10","008","00","060","0003","0000","762","364","398","13","775","2202","0","35.20","16.53"
"10","008","00","060","0003","0302","343","172","171","4","347","1043","0","33.27","16.49"
"10","008","00","060","0003","0303","419","192","227","9","428","1159","0","36.93","16.57"
"10","008","00","060","0004","0000","610","286","324","4","614","1540","0","39.87","18.57"
"10","008","00","060","0004","0304","300","140","160","2","302","788","0","38.32","17.77"
"10","008","00","060","0004","0305","310","146","164","2","312","752","0","41.49","19.41"
"10","008","00","060","0005","0000","317","134","183","5","322","978","0","32.92","13.70"
"10","008","00","060","0005","0307","317","134","183","5","322","978","0","32.92","13.70"
"10","008","00","060","0006","0000","367","147","220","11","378","957","0","39.50","15.36"
"10","008","00","060","0006","0306","367","147","220","11","378","957","0","39.50","15.36"
"10","008","00","060","0007","0000","1587","653","934","22","1609","4169","0","38.59","15.66"
"10","008","00","060","0007","0308","332","87","245","2","334","896","0","37.28","9.71"
"10","008","00","060","0007","0309","395","182","213","5","400","1011","0","39.56","18.00"
"10","008","00","060","0007","0310","379","159","220","7","386","1003","0","38.48","15.85"
"10","008","00","060","0007","0311","481","225","256","8","489","1259","0","38.84","17.87"
"10","008","00","060","0008","0000","591","263","328","11","602","1625","0","37.05","16.18"
"10","008","00","060","0008","0312","280","112","168","5","285","734","0","38.83","15.26"
"10","008","00","060","0008","0313","311","151","160","6","317","891","0","35.58","16.95"
"10","008","00","060","0009","0000","366","138","228","6","372","922","0","40.35","14.97"
"10","008","00","060","0009","0315","366","138","228","6","372","922","0","40.35","14.97"
"10","008","00","060","0010","0000","437","174","263","2","439","1233","0","35.60","14.11"
"10","008","00","060","0010","0316","437","174","263","2","439","1233","0","35.60","14.11"
"10","008","00","060","0011","0000","709","231","478","15","724","1828","0","39.61","12.64"
"10","008","00","060","0011","0318","351","111","240","12","363","949","0","38.25","11.70"
"10","008","00","060","0011","0319","358","120","238","3","361","879","0","41.07","13.65"
"10","008","00","060","0012","0000","308","105","203","2","310","900","0","34.44","11.67"
"10","008","00","060","0012","0320","308","105","203","2","310","900","0","34.44","11.67"
"10","008","00","060","0013","0000","250","94","156","1","251","729","0","34.43","12.89"
"10","008","00","060","0013","0317","250","94","156","1","251","729","0","34.43","12.89"
"10","008","00","060","0014","0000","340","130","210","8","348","911","0","38.20","14.27"
"10","008","00","060","0014","0323","340","130","210","8","348","911","0","38.20","14.27"
"10","008","00","060","0015","0000","454","182","272","6","460","1160","0","39.66","15.69"
"10","008","00","060","0015","0321","277","115","162","5","282","641","0","43.99","17.94"
"10","008","00","060","0015","0322","177","67","110","1","178","519","0","34.30","12.91"
"10","008","00","060","0016","0000","537","231","306","2","539","1538","0","35.05","15.02"
"10","008","00","060","0016","0324","374","171","203","2","376","1102","0","34.12","15.52"
"10","008","00","060","0016","0325","163","60","103","0","163","436","0","37.39","13.76"
"10","008","00","060","0017","0000","569","226","343","7","576","1468","0","39.24","15.40"
"10","008","00","060","0017","0326","346","133","213","5","351","868","0","40.44","15.32"
"10","008","00","060","0017","0327","223","93","130","2","225","600","0","37.50","15.50"
"10","008","00","060","0018","0000","419","173","246","7","426","1137","0","37.47","15.22"
"10","008","00","060","0018","0328","419","173","246","7","426","1137","0","37.47","15.22"
"10","008","00","060","0019","0000","325","148","177","3","328","845","0","38.82","17.51"
"10","008","00","060","0019","0330","325","148","177","3","328","845","0","38.82","17.51"
"10","008","00","060","0020","0000","316","192","124","5","321","874","0","36.73","21.97"
"10","008","00","060","0020","0329","316","192","124","5","321","874","0","36.73","21.97"
"10","008","00","060","0021","0000","298","155","143","5","303","739","0","41.00","20.97"
"10","008","00","060","0021","0331","298","155","143","5","303","739","0","41.00","20.97"
"10","008","00","060","0022","0000","610","275","335","8","618","1737","0","35.58","15.83"
"10","008","00","060","0022","0332","283","110","173","4","287","761","0","37.71","14.45"
"10","008","00","060","0022","0333","327","165","162","4","331","976","0","33.91","16.91"
"10","008","00","060","0023","0000","329","196","133","7","336","867","0","38.75","22.61"
"10","008","00","060","0023","0314","329","196","133","7","336","867","0","38.75","22.61"
"10","008","00","070","0000","0000","5319","2898","2421","66","5385","15417","16983","34.93","18.80"
"10","008","00","070","0001","0000","656","346","310","7","663","1813","0","36.57","19.08"
"10","008","00","070","0001","0334","331","197","134","5","336","910","0","36.92","21.65"
"10","008","00","070","0001","0335","325","149","176","2","327","903","0","36.21","16.50"
"10","008","00","070","0002","0000","493","264","229","5","498","1402","0","35.52","18.83"
"10","008","00","070","0002","0350","237","133","104","3","240","709","0","33.85","18.76"
"10","008","00","070","0002","0351","256","131","125","2","258","693","0","37.23","18.90"
"10","008","00","070","0003","0000","464","287","177","6","470","1294","0","36.32","22.18"
"10","008","00","070","0003","0336","319","204","115","3","322","854","0","37.70","23.89"
"10","008","00","070","0003","0337","145","83","62","3","148","440","0","33.64","18.86"
"10","008","00","070","0004","0000","687","398","289","7","694","1909","0","36.35","20.85"
"10","008","00","070","0004","0338","310","186","124","1","311","807","0","38.54","23.05"
"10","008","00","070","0004","0339","377","212","165","6","383","1102","0","34.75","19.24"
"10","008","00","070","0005","0000","330","184","146","6","336","997","0","33.70","18.46"
"10","008","00","070","0005","0344","168","93","75","4","172","559","0","30.77","16.64"
"10","008","00","070","0005","0345","162","91","71","2","164","438","0","37.44","20.78"
"10","008","00","070","0006","0000","463","253","210","7","470","1463","0","32.13","17.29"
"10","008","00","070","0006","0347","208","104","104","2","210","700","0","30.00","14.86"
"10","008","00","070","0006","0348","255","149","106","5","260","763","0","34.08","19.53"
"10","008","00","070","0007","0000","329","201","128","4","333","902","0","36.92","22.28"
"10","008","00","070","0007","0349","329","201","128","4","333","902","0","36.92","22.28"
"10","008","00","070","0008","0000","221","149","72","4","225","620","0","36.29","24.03"
"10","008","00","070","0008","0346","221","149","72","4","225","620","0","36.29","24.03"
"10","008","00","070","0009","0000","464","225","239","2","466","1309","0","35.60","17.19"
"10","008","00","070","0009","0342","288","150","138","1","289","769","0","37.58","19.51"
"10","008","00","070","0009","0343","176","75","101","1","177","540","0","32.78","13.89"
"10","008","00","070","0010","0000","543","305","238","9","552","1562","0","35.34","19.53"
"10","008","00","070","0010","0340","259","158","101","6","265","726","0","36.50","21.76"
"10","008","00","070","0010","0341","284","147","137","3","287","836","0","34.33","17.58"
"10","008","00","070","0011","0000","215","86","129","5","220","747","0","29.45","11.51"
"10","008","00","070","0011","0352","215","86","129","5","220","747","0","29.45","11.51"
"10","008","00","070","0012","0000","256","119","137","1","257","689","0","37.30","17.27"
"10","008","00","070","0012","0353","256","119","137","1","257","689","0","37.30","17.27"
"10","008","00","070","0013","0000","198","81","117","3","201","710","0","28.31","11.41"
"10","008","00","070","0013","0354","198","81","117","3","201","710","0","28.31","11.41"
"10","008","00","080","0000","0000","4278","2112","2166","59","4337","12820","14137","33.83","16.47"
"10","008","00","080","0001","0000","260","92","168","2","262","773","0","33.89","11.90"
"10","008","00","080","0001","0355","260","92","168","2","262","773","0","33.89","11.90"
"10","008","00","080","0002","0000","171","88","83","3","174","470","0","37.02","18.72"
"10","008","00","080","0002","0356","95","44","51","1","96","251","0","38.25","17.53"
"10","008","00","080","0002","0357","76","44","32","2","78","219","0","35.62","20.09"
"10","008","00","080","0003","0000","268","136","132","2","270","773","0","34.93","17.59"
"10","008","00","080","0003","0358","142","72","70","1","143","344","0","41.57","20.93"
"10","008","00","080","0003","0359","126","64","62","1","127","429","0","29.60","14.92"
"10","008","00","080","0004","0000","197","98","99","2","199","639","0","31.14","15.34"
"10","008","00","080","0004","0362","197","98","99","2","199","639","0","31.14","15.34"
"10","008","00","080","0005","0000","219","112","107","4","223","683","0","32.65","16.40"
"10","008","00","080","0005","0360","112","56","56","2","114","373","0","30.56","15.01"
"10","008","00","080","0005","0361","107","56","51","2","109","310","0","35.16","18.06"
"10","008","00","080","0006","0000","548","286","262","5","553","1678","0","32.96","17.04"
"10","008","00","080","0006","0364","296","155","141","4","300","948","0","31.65","16.35"
"10","008","00","080","0006","0365","252","131","121","1","253","730","0","34.66","17.95"
"10","008","00","080","0007","0000","103","53","50","1","104","287","0","36.24","18.47"
"10","008","00","080","0007","0363","103","53","50","1","104","287","0","36.24","18.47"
"10","008","00","080","0008","0000","216","126","90","3","219","624","0","35.10","20.19"
"10","008","00","080","0008","0366","216","126","90","3","219","624","0","35.10","20.19"
"10","008","00","080","0009","0000","153","57","96","0","153","491","0","31.16","11.61"
"10","008","00","080","0009","0367","153","57","96","0","153","491","0","31.16","11.61"
"10","008","00","080","0010","0000","421","237","184","4","425","1319","0","32.22","17.97"
"10","008","00","080","0010","0368","103","55","48","1","104","325","0","32.00","16.92"
"10","008","00","080","0010","0369","318","182","136","3","321","994","0","32.29","18.31"
"10","008","00","080","0011","0000","367","172","195","6","373","1049","0","35.56","16.40"
"10","008","00","080","0011","0370","155","63","92","2","157","442","0","35.52","14.25"
"10","008","00","080","0011","0371","212","109","103","4","216","607","0","35.58","17.96"
"10","008","00","080","0012","0000","239","116","123","11","250","847","0","29.52","13.70"
"10","008","00","080","0012","0372","239","116","123","11","250","847","0","29.52","13.70"
"10","008","00","080","0013","0000","235","86","149","5","240","666","0","36.04","12.91"
"10","008","00","080","0013","0374","235","86","149","5","240","666","0","36.04","12.91"
"10","008","00","080","0014","0000","221","114","107","2","223","637","0","35.01","17.90"
"10","008","00","080","0014","0376","221","114","107","2","223","637","0","35.01","17.90"
"10","008","00","080","0015","0000","170","92","78","3","173","499","0","34.67","18.44"
"10","008","00","080","0015","0378","170","92","78","3","173","499","0","34.67","18.44"
"10","008","00","080","0016","0000","164","83","81","1","165","454","0","36.34","18.28"
"10","008","00","080","0016","0373","164","83","81","1","165","454","0","36.34","18.28"
"10","008","00","080","0017","0000","150","74","76","4","154","454","0","33.92","16.30"
"10","008","00","080","0017","0377","150","74","76","4","154","454","0","33.92","16.30"
"10","008","00","080","0018","0000","176","90","86","1","177","477","0","37.11","18.87"
"10","008","00","080","0018","0375","176","90","86","1","177","477","0","37.11","18.87"
"10","008","00","090","0000","0000","4462","2287","2175","59","4521","13636","15251","33.15","16.77"
"10","008","00","090","0001","0000","544","294","250","6","550","1550","0","35.48","18.97"
"10","008","00","090","0001","0381","227","131","96","5","232","724","0","32.04","18.09"
"10","008","00","090","0001","0382","317","163","154","1","318","826","0","38.50","19.73"
"10","008","00","090","0002","0000","664","354","310","3","667","1908","0","34.96","18.55"
"10","008","00","090","0002","0379","291","154","137","3","294","893","0","32.92","17.25"
"10","008","00","090","0002","0380","373","200","173","0","373","1015","0","36.75","19.70"
"10","008","00","090","0003","0000","306","146","160","5","311","994","0","31.29","14.69"
"10","008","00","090","0003","0397","158","74","84","4","162","573","0","28.27","12.91"
"10","008","00","090","0003","0398","148","72","76","1","149","421","0","35.39","17.10"
"10","008","00","090","0004","0000","452","213","239","3","455","1333","0","34.13","15.98"
"10","008","00","090","0004","0390","257","125","132","2","259","784","0","33.04","15.94"
"10","008","00","090","0004","0391","95","36","59","0","95","282","0","33.69","12.77"
"10","008","00","090","0004","0392","100","52","48","1","101","267","0","37.83","19.48"
"10","008","00","090","0005","0000","342","140","202","7","349","1061","0","32.89","13.20"
"10","008","00","090","0005","0383","168","62","106","5","173","485","0","35.67","12.78"
"10","008","00","090","0005","0384","174","78","96","2","176","576","0","30.56","13.54"
"10","008","00","090","0006","0000","328","162","166","7","335","1242","0","26.97","13.04"
"10","008","00","090","0006","0385","143","71","72","3","146","603","0","24.21","11.77"
"10","008","00","090","0006","0386","185","91","94","4","189","639","0","29.58","14.24"
"10","008","00","090","0007","0000","151","60","91","4","155","501","0","30.94","11.98"
"10","008","00","090","0007","0387","97","29","68","2","99","299","0","33.11","9.70"
"10","008","00","090","0007","0389","54","31","23","2","56","202","0","27.72","15.35"
"10","008","00","090","0008","0000","205","105","100","2","207","625","0","33.12","16.80"
"10","008","00","090","0008","0393","87","42","45","2","89","268","0","33.21","15.67"
"10","008","00","090","0008","0394","118","63","55","0","118","357","0","33.05","17.65"
"10","008","00","090","0009","0000","230","125","105","5","235","718","0","32.73","17.41"
"10","008","00","090","0009","0395","151","83","68","5","156","546","0","28.57","15.20"
"10","008","00","090","0009","0396","79","42","37","0","79","172","0","45.93","24.42"
"10","008","00","090","0010","0000","299","202","97","3","302","823","0","36.70","24.54"
"10","008","00","090","0010","0399","299","202","97","3","302","823","0","36.70","24.54"
"10","008","00","090","0011","0000","256","124","132","5","261","917","0","28.46","13.52"
"10","008","00","090","0011","0401","107","57","50","1","108","396","0","27.27","14.39"
"10","008","00","090","0011","0402","149","67","82","4","153","521","0","29.37","12.86"
"10","008","00","090","0012","0000","186","114","72","5","191","574","0","33.28","19.86"
"10","008","00","090","0012","0403","105","66","39","3","108","335","0","32.24","19.70"
"10","008","00","090","0012","0404","81","48","33","2","83","239","0","34.73","20.08"
"10","008","00","090","0013","0000","309","161","148","2","311","849","0","36.63","18.96"
"10","008","00","090","0013","0400","309","161","148","2","311","849","0","36.63","18.96"
"10","008","00","090","0014","0000","190","87","103","2","192","541","0","35.49","16.08"
"10","008","00","090","0014","0388","190","87","103","2","192","541","0","35.49","16.08"
"10","008","00","100","0000","0000","4978","2788","2190","88","5066","15914","17685","31.83","17.52"
"10","008","00","100","0001","0000","544","284","260","18","562","1641","0","34.25","17.31"
"10","008","00","100","0001","0405","302","153","149","12","314","942","0","33.33","16.24"
"10","008","00","100","0001","0406","242","131","111","6","248","699","0","35.48","18.74"
"10","008","00","100","0002","0000","550","333","217","10","560","1676","0","33.41","19.87"
"10","008","00","100","0002","0407","255","152","103","5","260","777","0","33.46","19.56"
"10","008","00","100","0002","0408","295","181","114","5","300","899","0","33.37","20.13"
"10","008","00","100","0003","0000","184","92","92","2","186","641","0","29.02","14.35"
"10","008","00","100","0003","0409","184","92","92","2","186","641","0","29.02","14.35"
"10","008","00","100","0004","0000","528","254","274","4","532","1823","0","29.18","13.93"
"10","008","00","100","0004","0414","294","146","148","2","296","987","0","29.99","14.79"
"10","008","00","100","0004","0415","234","108","126","2","236","836","0","28.23","12.92"
"10","008","00","100","0005","0000","367","230","137","8","375","1346","0","27.86","17.09"
"10","008","00","100","0005","0410","179","110","69","4","183","645","0","28.37","17.05"
"10","008","00","100","0005","0411","188","120","68","4","192","701","0","27.39","17.12"
"10","008","00","100","0006","0000","217","121","96","1","218","688","0","31.69","17.59"
"10","008","00","100","0006","0413","217","121","96","1","218","688","0","31.69","17.59"
"10","008","00","100","0007","0000","605","337","268","10","615","1766","0","34.82","19.08"
"10","008","00","100","0007","0416","314","182","132","6","320","877","0","36.49","20.75"
"10","008","00","100","0007","0417","291","155","136","4","295","889","0","33.18","17.44"
"10","008","00","100","0008","0000","249","133","116","7","256","789","0","32.45","16.86"
"10","008","00","100","0008","0418","249","133","116","7","256","789","0","32.45","16.86"
"10","008","00","100","0009","0000","370","228","142","2","372","1117","0","33.30","20.41"
"10","008","00","100","0009","0419","370","228","142","2","372","1117","0","33.30","20.41"
"10","008","00","100","0010","0000","497","230","267","12","509","1459","0","34.89","15.76"
"10","008","00","100","0010","0421","345","169","176","12","357","1056","0","33.81","16.00"
"10","008","00","100","0010","0422","152","61","91","0","152","403","0","37.72","15.14"
"10","008","00","100","0011","0000","477","300","177","9","486","1547","0","31.42","19.39"
"10","008","00","100","0011","0423","317","203","114","9","326","1002","0","32.53","20.26"
"10","008","00","100","0011","0424","160","97","63","0","160","545","0","29.36","17.80"
"10","008","00","100","0012","0000","207","119","88","3","210","691","0","30.39","17.22"
"10","008","00","100","0012","0420","207","119","88","3","210","691","0","30.39","17.22"
"10","008","00","100","0013","0000","183","127","56","2","185","730","0","25.34","17.40"
"10","008","00","100","0013","0412","183","127","56","2","185","730","0","25.34","17.40"
"10","008","00","110","0000","0000","5063","2747","2316","66","5129","14915","16810","34.39","18.42"
"10","008","00","110","0001","0000","218","124","94","3","221","726","0","30.44","17.08"
"10","008","00","110","0001","0425","218","124","94","3","221","726","0","30.44","17.08"
"10","008","00","110","0002","0000","185","92","93","2","187","420","0","44.52","21.90"
"10","008","00","110","0002","0430","185","92","93","2","187","420","0","44.52","21.90"
"10","008","00","110","0003","0000","450","222","228","4","454","1475","0","30.78","15.05"
"10","008","00","110","0003","0426","175","79","96","2","177","518","0","34.17","15.25"
"10","008","00","110","0003","0427","275","143","132","2","277","957","0","28.94","14.94"
"10","008","00","110","0004","0000","233","144","89","3","236","596","0","39.60","24.16"
"10","008","00","110","0004","0428","233","144","89","3","236","596","0","39.60","24.16"
"10","008","00","110","0005","0000","341","208","133","4","345","839","0","41.12","24.79"
"10","008","00","110","0005","0429","341","208","133","4","345","839","0","41.12","24.79"
"10","008","00","110","0006","0000","368","210","158","2","370","1004","0","36.85","20.92"
"10","008","00","110","0006","0433","368","210","158","2","370","1004","0","36.85","20.92"
"10","008","00","110","0007","0000","366","201","165","1","367","922","0","39.80","21.80"
"10","008","00","110","0007","0436","366","201","165","1","367","922","0","39.80","21.80"
"10","008","00","110","0008","0000","431","228","203","11","442","1346","0","32.84","16.94"
"10","008","00","110","0008","0437","236","106","130","6","242","759","0","31.88","13.97"
"10","008","00","110","0008","0438","195","122","73","5","200","587","0","34.07","20.78"
"10","008","00","110","0009","0000","376","191","185","5","381","1172","0","32.51","16.30"
"10","008","00","110","0009","0440","376","191","185","5","381","1172","0","32.51","16.30"
"10","008","00","110","0010","0000","165","103","62","4","169","436","0","38.76","23.62"
"10","008","00","110","0010","0431","165","103","62","4","169","436","0","38.76","23.62"
"10","008","00","110","0011","0000","156","106","50","2","158","621","0","25.44","17.07"
"10","008","00","110","0011","0432","156","106","50","2","158","621","0","25.44","17.07"
"10","008","00","110","0012","0000","73","41","32","0","73","203","0","35.96","20.20"
"10","008","00","110","0012","0441","73","41","32","0","73","203","0","35.96","20.20"
"10","008","00","110","0013","0000","125","85","40","3","128","318","0","40.25","26.73"
"10","008","00","110","0013","0442","125","85","40","3","128","318","0","40.25","26.73"
"10","008","00","110","0014","0000","344","199","145","6","350","1065","0","32.86","18.69"
"10","008","00","110","0014","0443","344","199","145","6","350","1065","0","32.86","18.69"
"10","008","00","110","0015","0000","247","113","134","6","253","841","0","30.08","13.44"
"10","008","00","110","0015","0439","247","113","134","6","253","841","0","30.08","13.44"
"10","008","00","110","0016","0000","125","51","74","2","127","313","0","40.58","16.29"
"10","008","00","110","0016","0445","125","51","74","2","127","313","0","40.58","16.29"
"10","008","00","110","0017","0000","252","102","150","2","254","813","0","31.24","12.55"
"10","008","00","110","0017","0446","252","102","150","2","254","813","0","31.24","12.55"
"10","008","00","110","0018","0000","95","51","44","2","97","278","0","34.89","18.35"
"10","008","00","110","0018","0444","95","51","44","2","97","278","0","34.89","18.35"
"10","008","00","110","0019","0000","513","276","237","4","517","1527","0","33.86","18.07"
"10","008","00","110","0019","0434","240","128","112","3","243","725","0","33.52","17.66"
"10","008","00","110","0019","0435","273","148","125","1","274","802","0","34.16","18.45"
"10","008","00","120","0000","0000","3279","2169","1110","62","3341","13002","15798","25.70","16.68"
"10","008","00","120","0001","0000","223","176","47","9","232","1166","0","19.90","15.09"
"10","008","00","120","0001","0464","167","142","25","5","172","906","0","18.98","15.67"
"10","008","00","120","0001","0465","56","34","22","4","60","260","0","23.08","13.08"
"10","008","00","120","0002","0000","254","208","46","4","258","920","0","28.04","22.61"
"10","008","00","120","0002","0466","254","208","46","4","258","920","0","28.04","22.61"
"10","008","00","120","0003","0000","122","109","13","3","125","558","0","22.40","19.53"
"10","008","00","120","0003","0468","122","109","13","3","125","558","0","22.40","19.53"
"10","008","00","120","0004","0000","504","339","165","5","509","1469","0","34.65","23.08"
"10","008","00","120","0004","0447","190","138","52","3","193","548","0","35.22","25.18"
"10","008","00","120","0004","0448","211","130","81","1","212","607","0","34.93","21.42"
"10","008","00","120","0004","0449","103","71","32","1","104","314","0","33.12","22.61"
"10","008","00","120","0005","0000","140","90","50","0","140","481","0","29.11","18.71"
"10","008","00","120","0005","0450","140","90","50","0","140","481","0","29.11","18.71"
"10","008","00","120","0006","0000","207","100","107","7","214","713","0","30.01","14.03"
"10","008","00","120","0006","0451","113","60","53","4","117","408","0","28.68","14.71"
"10","008","00","120","0006","0452","94","40","54","3","97","305","0","31.80","13.11"
"10","008","00","120","0007","0000","332","239","93","10","342","1338","0","25.56","17.86"
"10","008","00","120","0007","0455","142","89","53","5","147","658","0","22.34","13.53"
"10","008","00","120","0007","0456","190","150","40","5","195","680","0","28.68","22.06"
"10","008","00","120","0008","0000","322","200","122","8","330","1516","0","21.77","13.19"
"10","008","00","120","0008","0457","220","144","76","6","226","981","0","23.04","14.68"
"10","008","00","120","0008","0458","102","56","46","2","104","535","0","19.44","10.47"
"10","008","00","120","0009","0000","411","209","202","6","417","1399","0","29.81","14.94"
"10","008","00","120","0009","0459","295","152","143","4","299","925","0","32.32","16.43"
"10","008","00","120","0009","0460","116","57","59","2","118","474","0","24.89","12.03"
"10","008","00","120","0010","0000","159","93","66","6","165","629","0","26.23","14.79"
"10","008","00","120","0010","0461","107","57","50","5","112","484","0","23.14","11.78"
"10","008","00","120","0010","0462","52","36","16","1","53","145","0","36.55","24.83"
"10","008","00","120","0011","0000","219","150","69","1","220","988","0","22.27","15.18"
"10","008","00","120","0011","0463","219","150","69","1","220","988","0","22.27","15.18"
"10","008","00","120","0012","0000","78","58","20","1","79","610","0","12.95","9.51"
"10","008","00","120","0012","0467","78","58","20","1","79","610","0","12.95","9.51"
"10","008","00","120","0013","0000","150","117","33","1","151","587","0","25.72","19.93"
"10","008","00","120","0013","0454","150","117","33","1","151","587","0","25.72","19.93"
"10","008","00","120","0014","0000","158","81","77","1","159","628","0","25.32","12.90"
"10","008","00","120","0014","0453","158","81","77","1","159","628","0","25.32","12.90"
"10","008","00","130","0000","0000","3149","2582","567","39","3188","12497","15736","25.51","20.66"
"10","008","00","130","0001","0000","166","127","39","5","171","801","0","21.35","15.86"
"10","008","00","130","0001","0488","166","127","39","5","171","801","0","21.35","15.86"
"10","008","00","130","0002","0000","212","184","28","4","216","907","0","23.81","20.29"
"10","008","00","130","0002","0489","212","184","28","4","216","907","0","23.81","20.29"
"10","008","00","130","0003","0000","351","313","38","7","358","1143","0","31.32","27.38"
"10","008","00","130","0003","0490","197","177","20","4","201","693","0","29.00","25.54"
"10","008","00","130","0003","0491","154","136","18","3","157","450","0","34.89","30.22"
"10","008","00","130","0004","0000","162","145","17","1","163","398","0","40.95","36.43"
"10","008","00","130","0004","0492","162","145","17","1","163","398","0","40.95","36.43"
"10","008","00","130","0005","0000","98","79","19","2","100","504","0","19.84","15.67"
"10","008","00","130","0005","0481","98","79","19","2","100","504","0","19.84","15.67"
"10","008","00","130","0006","0000","142","115","27","1","143","749","0","19.09","15.35"
"10","008","00","130","0006","0479","98","76","22","1","99","376","0","26.33","20.21"
"10","008","00","130","0006","0480","44","39","5","0","44","373","0","11.80","10.46"
"10","008","00","130","0008","0000","247","207","40","3","250","1118","0","22.36","18.52"
"10","008","00","130","0008","0484","141","120","21","1","142","595","0","23.87","20.17"
"10","008","00","130","0008","0485","55","45","10","2","57","387","0","14.73","11.63"
"10","008","00","130","0008","0486","51","42","9","0","51","136","0","37.50","30.88"
"10","008","00","130","0009","0000","542","415","127","7","549","1616","0","33.97","25.68"
"10","008","00","130","0009","0471","228","174","54","7","235","838","0","28.04","20.76"
"10","008","00","130","0009","0472","178","136","42","0","178","470","0","37.87","28.94"
"10","008","00","130","0009","0473","136","105","31","0","136","308","0","44.16","34.09"
"10","008","00","130","0010","0000","378","294","84","3","381","1223","0","31.15","24.04"
"10","008","00","130","0010","0469","269","231","38","2","271","856","0","31.66","26.99"
"10","008","00","130","0010","0470","109","63","46","1","110","367","0","29.97","17.17"
"10","008","00","130","0011","0000","242","203","39","1","243","955","0","25.45","21.26"
"10","008","00","130","0011","0475","242","203","39","1","243","955","0","25.45","21.26"
"10","008","00","130","0012","0000","166","132","34","1","167","647","0","25.81","20.40"
"10","008","00","130","0012","0476","166","132","34","1","167","647","0","25.81","20.40"
"10","008","00","130","0013","0000","110","89","21","1","111","633","0","17.54","14.06"
"10","008","00","130","0013","0487","110","89","21","1","111","633","0","17.54","14.06"
"10","008","00","130","0014","0000","22","22","0","0","22","55","0","40.00","40.00"
"10","008","00","130","0014","0474","22","22","0","0","22","55","0","40.00","40.00"
"10","008","00","130","0015","0000","107","78","29","1","108","507","0","21.30","15.38"
"10","008","00","130","0015","0482","61","52","9","1","62","331","0","18.73","15.71"
"10","008","00","130","0015","0483","46","26","20","0","46","176","0","26.14","14.77"
"10","008","00","130","0016","0000","111","100","11","2","113","627","0","18.02","15.95"
"10","008","00","130","0016","0477","111","100","11","2","113","627","0","18.02","15.95"
"10","008","00","130","0017","0000","93","79","14","0","93","614","0","15.15","12.87"
"10","008","00","130","0017","0478","93","79","14","0","93","614","0","15.15","12.87"
"10","009","00","000","0000","0000","201035","85518","115517","2563","203598","577564","673309","35.25","14.81"
"10","009","00","010","0000","0000","36320","18477","17843","361","36681","90244","108508","40.65","20.47"
"10","009","00","010","0001","0000","630","327","303","5","635","1390","0","45.68","23.53"
"10","009","00","010","0001","0470","630","327","303","5","635","1390","0","45.68","23.53"
"10","009","00","010","0002","0000","479","216","263","2","481","1065","0","45.16","20.28"
"10","009","00","010","0002","0471","479","216","263","2","481","1065","0","45.16","20.28"
"10","009","00","010","0003","0000","307","138","169","2","309","609","0","50.74","22.66"
"10","009","00","010","0003","0445","307","138","169","2","309","609","0","50.74","22.66"
"10","009","00","010","0004","0000","274","128","146","7","281","599","0","46.91","21.37"
"10","009","00","010","0004","0446","274","128","146","7","281","599","0","46.91","21.37"
"10","009","00","010","0005","0000","336","183","153","5","341","756","0","45.11","24.21"
"10","009","00","010","0005","0447","336","183","153","5","341","756","0","45.11","24.21"
"10","009","00","010","0006","0000","340","188","152","3","343","767","0","44.72","24.51"
"10","009","00","010","0006","0448","340","188","152","3","343","767","0","44.72","24.51"
"10","009","00","010","0007","0000","310","150","160","4","314","707","0","44.41","21.22"
"10","009","00","010","0007","0449","310","150","160","4","314","707","0","44.41","21.22"
"10","009","00","010","0008","0000","1989","1098","891","21","2010","4843","0","41.50","22.67"
"10","009","00","010","0008","0458","513","297","216","6","519","1194","0","43.47","24.87"
"10","009","00","010","0008","0459","570","309","261","9","579","1309","0","44.23","23.61"
"10","009","00","010","0008","0460","480","269","211","6","486","1284","0","37.85","20.95"
"10","009","00","010","0008","0461","426","223","203","0","426","1056","0","40.34","21.12"
"10","009","00","010","0009","0000","1252","648","604","14","1266","3154","0","40.14","20.55"
"10","009","00","010","0009","0472","381","203","178","7","388","855","0","45.38","23.74"
"10","009","00","010","0009","0473","468","246","222","5","473","1272","0","37.19","19.34"
"10","009","00","010","0009","0474","403","199","204","2","405","1027","0","39.44","19.38"
"10","009","00","010","0010","0000","1159","639","520","15","1174","2723","0","43.11","23.47"
"10","009","00","010","0010","0465","506","250","256","5","511","1183","0","43.20","21.13"
"10","009","00","010","0010","0466","370","210","160","5","375","895","0","41.90","23.46"
"10","009","00","010","0010","0467","283","179","104","5","288","645","0","44.65","27.75"
"10","009","00","010","0011","0000","775","400","375","4","779","1734","0","44.93","23.07"
"10","009","00","010","0011","0489","366","178","188","2","368","804","0","45.77","22.14"
"10","009","00","010","0011","0490","409","222","187","2","411","930","0","44.19","23.87"
"10","009","00","010","0012","0000","1511","824","687","6","1517","3444","0","44.05","23.93"
"10","009","00","010","0012","0484","506","265","241","2","508","1061","0","47.88","24.98"
"10","009","00","010","0012","0485","532","307","225","2","534","1249","0","42.75","24.58"
"10","009","00","010","0012","0486","473","252","221","2","475","1134","0","41.89","22.22"
"10","009","00","010","0013","0000","1572","817","755","11","1583","4187","0","37.81","19.51"
"10","009","00","010","0013","0479","590","298","292","3","593","1461","0","40.59","20.40"
"10","009","00","010","0013","0480","477","253","224","3","480","1314","0","36.53","19.25"
"10","009","00","010","0013","0481","505","266","239","5","510","1412","0","36.12","18.84"
"10","009","00","010","0014","0000","821","383","438","6","827","2303","0","35.91","16.63"
"10","009","00","010","0014","0477","445","219","226","3","448","1153","0","38.86","18.99"
"10","009","00","010","0014","0478","376","164","212","3","379","1150","0","32.96","14.26"
"10","009","00","010","0015","0000","303","176","127","3","306","657","0","46.58","26.79"
"10","009","00","010","0015","0494","303","176","127","3","306","657","0","46.58","26.79"
"10","009","00","010","0016","0000","803","399","404","10","813","2185","0","37.21","18.26"
"10","009","00","010","0016","0495","290","122","168","4","294","750","0","39.20","16.27"
"10","009","00","010","0016","0496","513","277","236","6","519","1435","0","36.17","19.30"
"10","009","00","010","0017","0000","208","80","128","5","213","538","0","39.59","14.87"
"10","009","00","010","0017","0497","208","80","128","5","213","538","0","39.59","14.87"
"10","009","00","010","0018","0000","986","581","405","7","993","2450","0","40.53","23.71"
"10","009","00","010","0018","0492","444","266","178","2","446","1135","0","39.30","23.44"
"10","009","00","010","0018","0493","542","315","227","5","547","1315","0","41.60","23.95"
"10","009","00","010","0019","0000","573","257","316","6","579","1451","0","39.90","17.71"
"10","009","00","010","0019","0491","573","257","316","6","579","1451","0","39.90","17.71"
"10","009","00","010","0020","0000","981","539","442","9","990","2391","0","41.41","22.54"
"10","009","00","010","0020","0498","565","302","263","6","571","1426","0","40.04","21.18"
"10","009","00","010","0020","0499","416","237","179","3","419","965","0","43.42","24.56"
"10","009","00","010","0021","0000","729","317","412","13","742","1873","0","39.62","16.92"
"10","009","00","010","0021","0508","519","212","307","9","528","1363","0","38.74","15.55"
"10","009","00","010","0021","0509","210","105","105","4","214","510","0","41.96","20.59"
"10","009","00","010","0022","0000","2265","1170","1095","23","2288","5409","0","42.30","21.63"
"10","009","00","010","0022","0504","571","316","255","5","576","1447","0","39.81","21.84"
"10","009","00","010","0022","0505","632","312","320","5","637","1399","0","45.53","22.30"
"10","009","00","010","0022","0506","525","270","255","5","530","1246","0","42.54","21.67"
"10","009","00","010","0022","0507","537","272","265","8","545","1317","0","41.38","20.65"
"10","009","00","010","0023","0000","1243","596","647","10","1253","3399","0","36.86","17.53"
"10","009","00","010","0023","0502","628","325","303","7","635","1734","0","36.62","18.74"
"10","009","00","010","0023","0503","615","271","344","3","618","1665","0","37.12","16.28"
"10","009","00","010","0024","0000","715","316","399","10","725","1849","0","39.21","17.09"
"10","009","00","010","0024","0517","270","112","158","5","275","698","0","39.40","16.05"
"10","009","00","010","0024","0518","445","204","241","5","450","1151","0","39.10","17.72"
"10","009","00","010","0025","0000","414","174","240","4","418","1112","0","37.59","15.65"
"10","009","00","010","0025","0519","414","174","240","4","418","1112","0","37.59","15.65"
"10","009","00","010","0026","0000","1682","778","904","22","1704","4461","0","38.20","17.44"
"10","009","00","010","0026","0510","457","206","251","11","468","1232","0","37.99","16.72"
"10","009","00","010","0026","0511","437","171","266","3","440","1110","0","39.64","15.41"
"10","009","00","010","0026","0512","431","210","221","6","437","1132","0","38.60","18.55"
"10","009","00","010","0026","0513","357","191","166","2","359","987","0","36.37","19.35"
"10","009","00","010","0027","0000","376","163","213","4","380","1076","0","35.32","15.15"
"10","009","00","010","0027","0514","376","163","213","4","380","1076","0","35.32","15.15"
"10","009","00","010","0028","0000","690","332","358","8","698","2144","0","32.56","15.49"
"10","009","00","010","0028","0515","324","165","159","4","328","910","0","36.04","18.13"
"10","009","00","010","0028","0516","366","167","199","4","370","1234","0","29.98","13.53"
"10","009","00","010","0029","0000","1187","566","621","10","1197","3219","0","37.19","17.58"
"10","009","00","010","0029","0523","418","183","235","5","423","1089","0","38.84","16.80"
"10","009","00","010","0029","0524","275","111","164","4","279","818","0","34.11","13.57"
"10","009","00","010","0029","0525","494","272","222","1","495","1312","0","37.73","20.73"
"10","009","00","010","0030","0000","1110","493","617","12","1122","3070","0","36.55","16.06"
"10","009","00","010","0030","0520","515","229","286","4","519","1317","0","39.41","17.39"
"10","009","00","010","0030","0521","351","165","186","5","356","1062","0","33.52","15.54"
"10","009","00","010","0030","0522","244","99","145","3","247","691","0","35.75","14.33"
"10","009","00","010","0031","0000","423","148","275","8","431","1106","0","38.97","13.38"
"10","009","00","010","0031","0526","423","148","275","8","431","1106","0","38.97","13.38"
"10","009","00","010","0032","0000","1025","578","447","7","1032","2279","0","45.28","25.36"
"10","009","00","010","0032","0454","565","319","246","4","569","1217","0","46.75","26.21"
"10","009","00","010","0032","0455","460","259","201","3","463","1062","0","43.60","24.39"
"10","009","00","010","0033","0000","1439","730","709","7","1446","3722","0","38.85","19.61"
"10","009","00","010","0033","0450","470","270","200","2","472","1132","0","41.70","23.85"
"10","009","00","010","0033","0451","312","148","164","3","315","766","0","41.12","19.32"
"10","009","00","010","0033","0452","376","192","184","0","376","846","0","44.44","22.70"
"10","009","00","010","0033","0453","281","120","161","2","283","978","0","28.94","12.27"
"10","009","00","010","0034","0000","1154","634","520","17","1171","2734","0","42.83","23.19"
"10","009","00","010","0034","0475","572","331","241","9","581","1359","0","42.75","24.36"
"10","009","00","010","0034","0476","582","303","279","8","590","1375","0","42.91","22.04"
"10","009","00","010","0035","0000","956","516","440","14","970","2247","0","43.17","22.96"
"10","009","00","010","0035","0487","358","184","174","7","365","840","0","43.45","21.90"
"10","009","00","010","0035","0488","598","332","266","7","605","1407","0","43.00","23.60"
"10","009","00","010","0036","0000","855","471","384","10","865","2111","0","40.98","22.31"
"10","009","00","010","0036","0468","393","206","187","3","396","974","0","40.66","21.15"
"10","009","00","010","0036","0469","462","265","197","7","469","1137","0","41.25","23.31"
"10","009","00","010","0037","0000","1479","749","730","18","1497","3620","0","41.35","20.69"
"10","009","00","010","0037","0462","565","290","275","8","573","1302","0","44.01","22.27"
"10","009","00","010","0037","0463","432","232","200","5","437","1094","0","39.95","21.21"
"10","009","00","010","0037","0464","482","227","255","5","487","1224","0","39.79","18.55"
"10","009","00","010","0038","0000","1182","601","581","9","1191","2596","0","45.88","23.15"
"10","009","00","010","0038","0482","552","291","261","4","556","1189","0","46.76","24.47"
"10","009","00","010","0038","0483","630","310","320","5","635","1407","0","45.13","22.03"
"10","009","00","010","0039","0000","964","534","430","6","970","2294","0","42.28","23.28"
"10","009","00","010","0039","0456","475","241","234","2","477","1140","0","41.84","21.14"
"10","009","00","010","0039","0457","489","293","196","4","493","1154","0","42.72","25.39"
"10","009","00","010","0040","0000","823","440","383","4","827","1970","0","41.98","22.34"
"10","009","00","010","0040","0500","452","233","219","2","454","1040","0","43.65","22.40"
"10","009","00","010","0040","0501","371","207","164","2","373","930","0","40.11","22.26"
"10","009","00","020","0000","0000","14535","6526","8009","168","14703","37622","43841","39.08","17.35"
"10","009","00","020","0001","0000","508","224","284","5","513","1125","0","45.60","19.91"
"10","009","00","020","0001","0547","508","224","284","5","513","1125","0","45.60","19.91"
"10","009","00","020","0002","0000","888","457","431","5","893","2068","0","43.18","22.10"
"10","009","00","020","0002","0548","505","273","232","1","506","1100","0","46.00","24.82"
"10","009","00","020","0002","0549","383","184","199","4","387","968","0","39.98","19.01"
"10","009","00","020","0003","0000","813","354","459","13","826","2193","0","37.67","16.14"
"10","009","00","020","0003","0553","402","172","230","6","408","1177","0","34.66","14.61"
"10","009","00","020","0003","0554","411","182","229","7","418","1016","0","41.14","17.91"
"10","009","00","020","0004","0000","612","309","303","6","618","1430","0","43.22","21.61"
"10","009","00","020","0004","0555","612","309","303","6","618","1430","0","43.22","21.61"
"10","009","00","020","0005","0000","498","207","291","3","501","1217","0","41.17","17.01"
"10","009","00","020","0005","0556","498","207","291","3","501","1217","0","41.17","17.01"
"10","009","00","020","0006","0000","1012","448","564","9","1021","2651","0","38.51","16.90"
"10","009","00","020","0006","0565","527","237","290","5","532","1310","0","40.61","18.09"
"10","009","00","020","0006","0566","485","211","274","4","489","1341","0","36.47","15.73"
"10","009","00","020","0007","0000","505","201","304","4","509","1321","0","38.53","15.22"
"10","009","00","020","0007","0557","505","201","304","4","509","1321","0","38.53","15.22"
"10","009","00","020","0008","0000","318","127","191","3","321","738","0","43.50","17.21"
"10","009","00","020","0008","0558","318","127","191","3","321","738","0","43.50","17.21"
"10","009","00","020","0009","0000","282","139","143","4","286","860","0","33.26","16.16"
"10","009","00","020","0009","0560","282","139","143","4","286","860","0","33.26","16.16"
"10","009","00","020","0010","0000","261","107","154","5","266","705","0","37.73","15.18"
"10","009","00","020","0010","0561","261","107","154","5","266","705","0","37.73","15.18"
"10","009","00","020","0011","0000","386","172","214","7","393","1113","0","35.31","15.45"
"10","009","00","020","0011","0562","386","172","214","7","393","1113","0","35.31","15.45"
"10","009","00","020","0012","0000","621","244","377","9","630","1683","0","37.43","14.50"
"10","009","00","020","0012","0563","336","129","207","6","342","833","0","41.06","15.49"
"10","009","00","020","0012","0564","285","115","170","3","288","850","0","33.88","13.53"
"10","009","00","020","0013","0000","386","162","224","3","389","970","0","40.10","16.70"
"10","009","00","020","0013","0577","386","162","224","3","389","970","0","40.10","16.70"
"10","009","00","020","0014","0000","1050","409","641","14","1064","2768","0","38.44","14.78"
"10","009","00","020","0014","0578","531","194","337","10","541","1355","0","39.93","14.32"
"10","009","00","020","0014","0579","519","215","304","4","523","1413","0","37.01","15.22"
"10","009","00","020","0015","0000","796","345","451","7","803","2175","0","36.92","15.86"
"10","009","00","020","0015","0580","460","189","271","6","466","1212","0","38.45","15.59"
"10","009","00","020","0015","0581","336","156","180","1","337","963","0","34.99","16.20"
"10","009","00","020","0016","0000","1288","630","658","13","1301","3315","0","39.25","19.00"
"10","009","00","020","0016","0567","441","239","202","4","445","1065","0","41.78","22.44"
"10","009","00","020","0016","0568","426","222","204","4","430","1142","0","37.65","19.44"
"10","009","00","020","0016","0569","421","169","252","5","426","1108","0","38.45","15.25"
"10","009","00","020","0017","0000","319","140","179","6","325","854","0","38.06","16.39"
"10","009","00","020","0017","0572","319","140","179","6","325","854","0","38.06","16.39"
"10","009","00","020","0018","0000","306","163","143","4","310","792","0","39.14","20.58"
"10","009","00","020","0018","0573","306","163","143","4","310","792","0","39.14","20.58"
"10","009","00","020","0019","0000","311","161","150","1","312","823","0","37.91","19.56"
"10","009","00","020","0019","0574","311","161","150","1","312","823","0","37.91","19.56"
"10","009","00","020","0020","0000","521","211","310","9","530","1470","0","36.05","14.35"
"10","009","00","020","0020","0575","289","122","167","5","294","827","0","35.55","14.75"
"10","009","00","020","0020","0576","232","89","143","4","236","643","0","36.70","13.84"
"10","009","00","020","0021","0000","560","185","375","9","569","1433","0","39.71","12.91"
"10","009","00","020","0021","0582","560","185","375","9","569","1433","0","39.71","12.91"
"10","009","00","020","0022","0000","326","128","198","11","337","851","0","39.60","15.04"
"10","009","00","020","0022","0559","326","128","198","11","337","851","0","39.60","15.04"
"10","009","00","020","0023","0000","1137","592","545","8","1145","2831","0","40.45","20.91"
"10","009","00","020","0023","0550","359","207","152","4","363","933","0","38.91","22.19"
"10","009","00","020","0023","0551","369","173","196","2","371","963","0","38.53","17.96"
"10","009","00","020","0023","0552","409","212","197","2","411","935","0","43.96","22.67"
"10","009","00","020","0024","0000","831","411","420","10","841","2236","0","37.61","18.38"
"10","009","00","020","0024","0570","333","142","191","0","333","918","0","36.27","15.47"
"10","009","00","020","0024","0571","498","269","229","10","508","1318","0","38.54","20.41"
"10","009","00","030","0000","0000","21348","10270","11078","199","21547","58416","70772","36.89","17.58"
"10","009","00","030","0001","0000","366","179","187","2","368","914","0","40.26","19.58"
"10","009","00","030","0001","0129","366","179","187","2","368","914","0","40.26","19.58"
"10","009","00","030","0002","0000","647","330","317","3","650","1655","0","39.27","19.94"
"10","009","00","030","0002","0123","343","174","169","2","345","756","0","45.63","23.02"
"10","009","00","030","0002","0124","304","156","148","1","305","899","0","33.93","17.35"
"10","009","00","030","0003","0000","1020","537","483","8","1028","2525","0","40.71","21.27"
"10","009","00","030","0003","0121","520","274","246","6","526","1301","0","40.43","21.06"
"10","009","00","030","0003","0122","500","263","237","2","502","1224","0","41.01","21.49"
"10","009","00","030","0004","0000","1182","608","574","9","1191","2771","0","42.98","21.94"
"10","009","00","030","0004","0125","612","299","313","3","615","1400","0","43.93","21.36"
"10","009","00","030","0004","0126","570","309","261","6","576","1371","0","42.01","22.54"
"10","009","00","030","0005","0000","940","536","404","10","950","2473","0","38.41","21.67"
"10","009","00","030","0005","0127","452","242","210","5","457","1209","0","37.80","20.02"
"10","009","00","030","0005","0128","488","294","194","5","493","1264","0","39.00","23.26"
"10","009","00","030","0006","0000","1189","654","535","7","1196","3168","0","37.75","20.64"
"10","009","00","030","0006","0130","411","230","181","2","413","1002","0","41.22","22.95"
"10","009","00","030","0006","0131","399","232","167","4","403","1051","0","38.34","22.07"
"10","009","00","030","0006","0132","379","192","187","1","380","1115","0","34.08","17.22"
"10","009","00","030","0007","0000","613","333","280","4","617","1361","0","45.33","24.47"
"10","009","00","030","0007","0136","613","333","280","4","617","1361","0","45.33","24.47"
"10","009","00","030","0008","0000","1620","853","767","12","1632","4499","0","36.27","18.96"
"10","009","00","030","0008","0137","458","239","219","5","463","1396","0","33.17","17.12"
"10","009","00","030","0008","0138","498","257","241","3","501","1487","0","33.69","17.28"
"10","009","00","030","0008","0139","664","357","307","4","668","1616","0","41.34","22.09"
"10","009","00","030","0009","0000","870","434","436","9","879","2323","0","37.84","18.68"
"10","009","00","030","0009","0140","530","280","250","1","531","1305","0","40.69","21.46"
"10","009","00","030","0009","0141","340","154","186","8","348","1018","0","34.18","15.13"
"10","009","00","030","0010","0000","1448","677","771","12","1460","3807","0","38.35","17.78"
"10","009","00","030","0010","0142","498","218","280","6","504","1319","0","38.21","16.53"
"10","009","00","030","0010","0143","487","250","237","2","489","1333","0","36.68","18.75"
"10","009","00","030","0010","0144","463","209","254","4","467","1155","0","40.43","18.10"
"10","009","00","030","0011","0000","776","392","384","5","781","2017","0","38.72","19.43"
"10","009","00","030","0011","0145","408","198","210","2","410","1112","0","36.87","17.81"
"10","009","00","030","0011","0146","368","194","174","3","371","905","0","40.99","21.44"
"10","009","00","030","0012","0000","418","208","210","3","421","1123","0","37.49","18.52"
"10","009","00","030","0012","0147","418","208","210","3","421","1123","0","37.49","18.52"
"10","009","00","030","0013","0000","476","242","234","6","482","1313","0","36.71","18.43"
"10","009","00","030","0013","0170","476","242","234","6","482","1313","0","36.71","18.43"
"10","009","00","030","0014","0000","298","147","151","5","303","828","0","36.59","17.75"
"10","009","00","030","0014","0169","298","147","151","5","303","828","0","36.59","17.75"
"10","009","00","030","0015","0000","581","238","343","7","588","1952","0","30.12","12.19"
"10","009","00","030","0015","0168","581","238","343","7","588","1952","0","30.12","12.19"
"10","009","00","030","0016","0000","505","204","301","3","508","1478","0","34.37","13.80"
"10","009","00","030","0016","0166","505","204","301","3","508","1478","0","34.37","13.80"
"10","009","00","030","0017","0000","261","74","187","2","263","872","0","30.16","8.49"
"10","009","00","030","0017","0167","261","74","187","2","263","872","0","30.16","8.49"
"10","009","00","030","0018","0000","930","369","561","8","938","2607","0","35.98","14.15"
"10","009","00","030","0018","0149","505","232","273","2","507","1365","0","37.14","17.00"
"10","009","00","030","0018","0150","425","137","288","6","431","1242","0","34.70","11.03"
"10","009","00","030","0019","0000","296","147","149","5","301","844","0","35.66","17.42"
"10","009","00","030","0019","0151","296","147","149","5","301","844","0","35.66","17.42"
"10","009","00","030","0020","0000","577","235","342","14","591","1767","0","33.45","13.30"
"10","009","00","030","0020","0152","279","111","168","6","285","870","0","32.76","12.76"
"10","009","00","030","0020","0153","298","124","174","8","306","897","0","34.11","13.82"
"10","009","00","030","0021","0000","585","271","314","9","594","1633","0","36.37","16.60"
"10","009","00","030","0021","0154","307","156","151","5","312","848","0","36.79","18.40"
"10","009","00","030","0021","0155","278","115","163","4","282","785","0","35.92","14.65"
"10","009","00","030","0022","0000","1194","466","728","11","1205","3437","0","35.06","13.56"
"10","009","00","030","0022","0156","420","164","256","5","425","1271","0","33.44","12.90"
"10","009","00","030","0022","0157","342","104","238","4","346","958","0","36.12","10.86"
"10","009","00","030","0022","0158","432","198","234","2","434","1208","0","35.93","16.39"
"10","009","00","030","0023","0000","759","323","436","14","773","2304","0","33.55","14.02"
"10","009","00","030","0023","0159","382","186","196","8","390","1247","0","31.28","14.92"
"10","009","00","030","0023","0160","377","137","240","6","383","1057","0","36.23","12.96"
"10","009","00","030","0024","0000","825","320","505","12","837","2528","0","33.11","12.66"
"10","009","00","030","0024","0161","407","158","249","5","412","1281","0","32.16","12.33"
"10","009","00","030","0024","0162","418","162","256","7","425","1247","0","34.08","12.99"
"10","009","00","030","0025","0000","485","207","278","2","487","1339","0","36.37","15.46"
"10","009","00","030","0025","0163","485","207","278","2","487","1339","0","36.37","15.46"
"10","009","00","030","0026","0000","548","245","303","6","554","1501","0","36.91","16.32"
"10","009","00","030","0026","0164","548","245","303","6","554","1501","0","36.91","16.32"
"10","009","00","030","0027","0000","165","95","70","3","168","515","0","32.62","18.45"
"10","009","00","030","0027","0148","165","95","70","3","168","515","0","32.62","18.45"
"10","009","00","030","0028","0000","1393","771","622","7","1400","3651","0","38.35","21.12"
"10","009","00","030","0028","0133","447","265","182","3","450","1145","0","39.30","23.14"
"10","009","00","030","0028","0134","484","231","253","2","486","1254","0","38.76","18.42"
"10","009","00","030","0028","0135","462","275","187","2","464","1252","0","37.06","21.96"
"10","009","00","030","0029","0000","381","175","206","1","382","1211","0","31.54","14.45"
"10","009","00","030","0029","0165","381","175","206","1","382","1211","0","31.54","14.45"
"10","009","00","040","0000","0000","13612","4823","8789","169","13781","37855","45246","36.40","12.74"
"10","009","00","040","0001","0000","531","161","370","7","538","1509","0","35.65","10.67"
"10","009","00","040","0001","0364","266","68","198","3","269","760","0","35.39","8.95"
"10","009","00","040","0001","0365","265","93","172","4","269","749","0","35.91","12.42"
"10","009","00","040","0002","0000","651","267","384","11","662","1720","0","38.49","15.52"
"10","009","00","040","0002","0366","322","140","182","7","329","823","0","39.98","17.01"
"10","009","00","040","0002","0367","329","127","202","4","333","897","0","37.12","14.16"
"10","009","00","040","0003","0000","755","349","406","3","758","2061","0","36.78","16.93"
"10","009","00","040","0003","0368","383","170","213","2","385","1041","0","36.98","16.33"
"10","009","00","040","0003","0369","372","179","193","1","373","1020","0","36.57","17.55"
"10","009","00","040","0004","0000","1112","494","618","5","1117","2893","0","38.61","17.08"
"10","009","00","040","0004","0370","377","172","205","1","378","967","0","39.09","17.79"
"10","009","00","040","0004","0371","345","123","222","0","345","844","0","40.88","14.57"
"10","009","00","040","0004","0372","390","199","191","4","394","1082","0","36.41","18.39"
"10","009","00","040","0005","0000","150","56","94","1","151","325","0","46.46","17.23"
"10","009","00","040","0005","0373","150","56","94","1","151","325","0","46.46","17.23"
"10","009","00","040","0006","0000","235","87","148","1","236","549","0","42.99","15.85"
"10","009","00","040","0006","0374","235","87","148","1","236","549","0","42.99","15.85"
"10","009","00","040","0007","0000","224","90","134","2","226","568","0","39.79","15.85"
"10","009","00","040","0007","0375","224","90","134","2","226","568","0","39.79","15.85"
"10","009","00","040","0008","0000","372","153","219","7","379","1004","0","37.75","15.24"
"10","009","00","040","0008","0376","372","153","219","7","379","1004","0","37.75","15.24"
"10","009","00","040","0009","0000","1065","427","638","9","1074","2870","0","37.42","14.88"
"10","009","00","040","0009","0377","580","246","334","4","584","1447","0","40.36","17.00"
"10","009","00","040","0009","0378","485","181","304","5","490","1423","0","34.43","12.72"
"10","009","00","040","0010","0000","1595","580","1015","15","1610","4547","0","35.41","12.76"
"10","009","00","040","0010","0379","410","151","259","1","411","1080","0","38.06","13.98"
"10","009","00","040","0010","0380","344","137","207","4","348","1110","0","31.35","12.34"
"10","009","00","040","0010","0381","416","145","271","8","424","1098","0","38.62","13.21"
"10","009","00","040","0010","0382","425","147","278","2","427","1259","0","33.92","11.68"
"10","009","00","040","0011","0000","455","103","352","8","463","1277","0","36.26","8.07"
"10","009","00","040","0011","0383","455","103","352","8","463","1277","0","36.26","8.07"
"10","009","00","040","0012","0000","527","149","378","6","533","1475","0","36.14","10.10"
"10","009","00","040","0012","0384","527","149","378","6","533","1475","0","36.14","10.10"
"10","009","00","040","0013","0000","370","160","210","10","380","972","0","39.09","16.46"
"10","009","00","040","0013","0397","370","160","210","10","380","972","0","39.09","16.46"
"10","009","00","040","0014","0000","345","122","223","3","348","1105","0","31.49","11.04"
"10","009","00","040","0014","0398","345","122","223","3","348","1105","0","31.49","11.04"
"10","009","00","040","0015","0000","552","171","381","5","557","1776","0","31.36","9.63"
"10","009","00","040","0015","0399","271","91","180","4","275","909","0","30.25","10.01"
"10","009","00","040","0015","0400","281","80","201","1","282","867","0","32.53","9.23"
"10","009","00","040","0016","0000","505","129","376","9","514","1499","0","34.29","8.61"
"10","009","00","040","0016","0401","505","129","376","9","514","1499","0","34.29","8.61"
"10","009","00","040","0017","0000","561","187","374","7","568","1573","0","36.11","11.89"
"10","009","00","040","0017","0385","267","88","179","3","270","807","0","33.46","10.90"
"10","009","00","040","0017","0386","294","99","195","4","298","766","0","38.90","12.92"
"10","009","00","040","0018","0000","321","85","236","6","327","872","0","37.50","9.75"
"10","009","00","040","0018","0387","321","85","236","6","327","872","0","37.50","9.75"
"10","009","00","040","0019","0000","388","90","298","5","393","935","0","42.03","9.63"
"10","009","00","040","0019","0388","388","90","298","5","393","935","0","42.03","9.63"
"10","009","00","040","0020","0000","330","146","184","1","331","854","0","38.76","17.10"
"10","009","00","040","0020","0390","330","146","184","1","331","854","0","38.76","17.10"
"10","009","00","040","0021","0000","528","146","382","4","532","1477","0","36.02","9.88"
"10","009","00","040","0021","0389","528","146","382","4","532","1477","0","36.02","9.88"
"10","009","00","040","0022","0000","379","110","269","10","389","963","0","40.39","11.42"
"10","009","00","040","0022","0391","379","110","269","10","389","963","0","40.39","11.42"
"10","009","00","040","0023","0000","243","132","111","3","246","809","0","30.41","16.32"
"10","009","00","040","0023","0394","243","132","111","3","246","809","0","30.41","16.32"
"10","009","00","040","0024","0000","270","87","183","10","280","727","0","38.51","11.97"
"10","009","00","040","0024","0393","270","87","183","10","280","727","0","38.51","11.97"
"10","009","00","040","0025","0000","383","120","263","5","388","1287","0","30.15","9.32"
"10","009","00","040","0025","0392","383","120","263","5","388","1287","0","30.15","9.32"
"10","009","00","040","0026","0000","307","95","212","8","315","862","0","36.54","11.02"
"10","009","00","040","0026","0395","307","95","212","8","315","862","0","36.54","11.02"
"10","009","00","040","0027","0000","458","127","331","8","466","1346","0","34.62","9.44"
"10","009","00","040","0027","0396","458","127","331","8","466","1346","0","34.62","9.44"
"10","009","00","050","0000","0000","8220","3370","4850","103","8323","24096","28137","34.54","13.99"
"10","009","00","050","0001","0000","317","138","179","3","320","765","0","41.83","18.04"
"10","009","00","050","0001","0091","317","138","179","3","320","765","0","41.83","18.04"
"10","009","00","050","0002","0000","329","140","189","2","331","868","0","38.13","16.13"
"10","009","00","050","0002","0092","329","140","189","2","331","868","0","38.13","16.13"
"10","009","00","050","0003","0000","567","253","314","6","573","1345","0","42.60","18.81"
"10","009","00","050","0003","0093","262","95","167","4","266","649","0","40.99","14.64"
"10","009","00","050","0003","0094","305","158","147","2","307","696","0","44.11","22.70"
"10","009","00","050","0004","0000","450","235","215","1","451","1052","0","42.87","22.34"
"10","009","00","050","0004","0095","450","235","215","1","451","1052","0","42.87","22.34"
"10","009","00","050","0005","0000","338","133","205","6","344","1083","0","31.76","12.28"
"10","009","00","050","0005","0096","196","65","131","6","202","664","0","30.42","9.79"
"10","009","00","050","0005","0097","142","68","74","0","142","419","0","33.89","16.23"
"10","009","00","050","0006","0000","499","205","294","3","502","1401","0","35.83","14.63"
"10","009","00","050","0006","0101","214","86","128","2","216","629","0","34.34","13.67"
"10","009","00","050","0006","0102","285","119","166","1","286","772","0","37.05","15.41"
"10","009","00","050","0007","0000","403","168","235","7","410","1267","0","32.36","13.26"
"10","009","00","050","0007","0103","215","68","147","4","219","716","0","30.59","9.50"
"10","009","00","050","0007","0104","188","100","88","3","191","551","0","34.66","18.15"
"10","009","00","050","0008","0000","421","173","248","4","425","1221","0","34.81","14.17"
"10","009","00","050","0008","0105","248","82","166","3","251","707","0","35.50","11.60"
"10","009","00","050","0008","0106","173","91","82","1","174","514","0","33.85","17.70"
"10","009","00","050","0009","0000","309","118","191","6","315","854","0","36.89","13.82"
"10","009","00","050","0009","0111","309","118","191","6","315","854","0","36.89","13.82"
"10","009","00","050","0010","0000","905","419","486","15","920","2844","0","32.35","14.73"
"10","009","00","050","0010","0098","269","117","152","8","277","901","0","30.74","12.99"
"10","009","00","050","0010","0099","320","159","161","4","324","988","0","32.79","16.09"
"10","009","00","050","0010","0100","316","143","173","3","319","955","0","33.40","14.97"
"10","009","00","050","0011","0000","634","203","431","12","646","1845","0","35.01","11.00"
"10","009","00","050","0011","0112","295","91","204","5","300","886","0","33.86","10.27"
"10","009","00","050","0011","0113","339","112","227","7","346","959","0","36.08","11.68"
"10","009","00","050","0012","0000","610","259","351","11","621","1750","0","35.49","14.80"
"10","009","00","050","0012","0114","340","143","197","7","347","884","0","39.25","16.18"
"10","009","00","050","0012","0115","270","116","154","4","274","866","0","31.64","13.39"
"10","009","00","050","0013","0000","283","88","195","4","287","830","0","34.58","10.60"
"10","009","00","050","0013","0118","283","88","195","4","287","830","0","34.58","10.60"
"10","009","00","050","0014","0000","574","211","363","8","582","1773","0","32.83","11.90"
"10","009","00","050","0014","0116","303","112","191","5","308","890","0","34.61","12.58"
"10","009","00","050","0014","0117","271","99","172","3","274","883","0","31.03","11.21"
"10","009","00","050","0015","0000","684","273","411","5","689","2272","0","30.33","12.02"
"10","009","00","050","0015","0107","349","144","205","3","352","1177","0","29.91","12.23"
"10","009","00","050","0015","0108","335","129","206","2","337","1095","0","30.78","11.78"
"10","009","00","050","0016","0000","440","181","259","6","446","1501","0","29.71","12.06"
"10","009","00","050","0016","0109","256","98","158","5","261","811","0","32.18","12.08"
"10","009","00","050","0016","0110","184","83","101","1","185","690","0","26.81","12.03"
"10","009","00","050","0017","0000","457","173","284","4","461","1425","0","32.35","12.14"
"10","009","00","050","0017","0119","250","88","162","1","251","751","0","33.42","11.72"
"10","009","00","050","0017","0120","207","85","122","3","210","674","0","31.16","12.61"
"10","009","00","060","0000","0000","12546","4656","7890","133","12679","33096","38748","38.31","14.07"
"10","009","00","060","0001","0000","309","111","198","4","313","692","0","45.23","16.04"
"10","009","00","060","0001","0274","309","111","198","4","313","692","0","45.23","16.04"
"10","009","00","060","0002","0000","277","77","200","1","278","655","0","42.44","11.76"
"10","009","00","060","0002","0275","277","77","200","1","278","655","0","42.44","11.76"
"10","009","00","060","0003","0000","180","80","100","2","182","437","0","41.65","18.31"
"10","009","00","060","0003","0276","180","80","100","2","182","437","0","41.65","18.31"
"10","009","00","060","0004","0000","373","137","236","6","379","831","0","45.61","16.49"
"10","009","00","060","0004","0277","373","137","236","6","379","831","0","45.61","16.49"
"10","009","00","060","0005","0000","147","48","99","2","149","329","0","45.29","14.59"
"10","009","00","060","0005","0278","147","48","99","2","149","329","0","45.29","14.59"
"10","009","00","060","0006","0000","156","67","89","1","157","385","0","40.78","17.40"
"10","009","00","060","0006","0279","156","67","89","1","157","385","0","40.78","17.40"
"10","009","00","060","0007","0000","153","44","109","1","154","355","0","43.38","12.39"
"10","009","00","060","0007","0280","153","44","109","1","154","355","0","43.38","12.39"
"10","009","00","060","0008","0000","369","135","234","1","370","907","0","40.79","14.88"
"10","009","00","060","0008","0281","369","135","234","1","370","907","0","40.79","14.88"
"10","009","00","060","0009","0000","201","81","120","1","202","469","0","43.07","17.27"
"10","009","00","060","0009","0282","201","81","120","1","202","469","0","43.07","17.27"
"10","009","00","060","0010","0000","143","51","92","1","144","312","0","46.15","16.35"
"10","009","00","060","0010","0283","143","51","92","1","144","312","0","46.15","16.35"
"10","009","00","060","0011","0000","204","79","125","2","206","525","0","39.24","15.05"
"10","009","00","060","0011","0284","204","79","125","2","206","525","0","39.24","15.05"
"10","009","00","060","0012","0000","438","164","274","2","440","1132","0","38.87","14.49"
"10","009","00","060","0012","0285","189","74","115","1","190","415","0","45.78","17.83"
"10","009","00","060","0012","0286","249","90","159","1","250","717","0","34.87","12.55"
"10","009","00","060","0013","0000","202","95","107","5","207","425","0","48.71","22.35"
"10","009","00","060","0013","0287","202","95","107","5","207","425","0","48.71","22.35"
"10","009","00","060","0014","0000","1914","745","1169","19","1933","4762","0","40.59","15.64"
"10","009","00","060","0014","0288","452","184","268","5","457","1131","0","40.41","16.27"
"10","009","00","060","0014","0289","489","187","302","2","491","1181","0","41.57","15.83"
"10","009","00","060","0014","0290","407","153","254","7","414","1161","0","35.66","13.18"
"10","009","00","060","0014","0291","566","221","345","5","571","1289","0","44.30","17.15"
"10","009","00","060","0015","0000","629","301","328","6","635","1679","0","37.82","17.93"
"10","009","00","060","0015","0292","277","127","150","5","282","708","0","39.83","17.94"
"10","009","00","060","0015","0293","352","174","178","1","353","971","0","36.35","17.92"
"10","009","00","060","0016","0000","2353","1019","1334","25","2378","6248","0","38.06","16.31"
"10","009","00","060","0016","0296","510","231","279","4","514","1328","0","38.70","17.39"
"10","009","00","060","0016","0297","410","156","254","4","414","1075","0","38.51","14.51"
"10","009","00","060","0016","0298","602","295","307","8","610","1553","0","39.28","19.00"
"10","009","00","060","0016","0299","441","189","252","3","444","1144","0","38.81","16.52"
"10","009","00","060","0016","0300","390","148","242","6","396","1148","0","34.49","12.89"
"10","009","00","060","0017","0000","402","118","284","1","403","1122","0","35.92","10.52"
"10","009","00","060","0017","0301","402","118","284","1","403","1122","0","35.92","10.52"
"10","009","00","060","0018","0000","232","108","124","3","235","794","0","29.60","13.60"
"10","009","00","060","0018","0305","232","108","124","3","235","794","0","29.60","13.60"
"10","009","00","060","0019","0000","393","104","289","8","401","1344","0","29.84","7.74"
"10","009","00","060","0019","0306","190","51","139","5","195","614","0","31.76","8.31"
"10","009","00","060","0019","0307","203","53","150","3","206","730","0","28.22","7.26"
"10","009","00","060","0020","0000","384","117","267","4","388","1120","0","34.64","10.45"
"10","009","00","060","0020","0308","384","117","267","4","388","1120","0","34.64","10.45"
"10","009","00","060","0021","0000","338","100","238","5","343","969","0","35.40","10.32"
"10","009","00","060","0021","0302","145","45","100","4","149","541","0","27.54","8.32"
"10","009","00","060","0021","0303","193","55","138","1","194","428","0","45.33","12.85"
"10","009","00","060","0022","0000","232","69","163","5","237","760","0","31.18","9.08"
"10","009","00","060","0022","0309","232","69","163","5","237","760","0","31.18","9.08"
"10","009","00","060","0023","0000","174","44","130","3","177","537","0","32.96","8.19"
"10","009","00","060","0023","0310","174","44","130","3","177","537","0","32.96","8.19"
"10","009","00","060","0024","0000","534","180","354","9","543","1571","0","34.56","11.46"
"10","009","00","060","0024","0311","327","98","229","3","330","1009","0","32.71","9.71"
"10","009","00","060","0024","0312","207","82","125","6","213","562","0","37.90","14.59"
"10","009","00","060","0025","0000","1111","413","698","7","1118","2928","0","38.18","14.11"
"10","009","00","060","0025","0313","351","82","269","1","352","895","0","39.33","9.16"
"10","009","00","060","0025","0314","361","165","196","4","365","1007","0","36.25","16.39"
"10","009","00","060","0025","0315","399","166","233","2","401","1026","0","39.08","16.18"
"10","009","00","060","0026","0000","417","76","341","4","421","958","0","43.95","7.93"
"10","009","00","060","0026","0294","417","76","341","4","421","958","0","43.95","7.93"
"10","009","00","060","0027","0000","153","47","106","0","153","470","0","32.55","10.00"
"10","009","00","060","0027","0295","153","47","106","0","153","470","0","32.55","10.00"
"10","009","00","060","0028","0000","128","46","82","5","133","380","0","35.00","12.11"
"10","009","00","060","0028","0304","128","46","82","5","133","380","0","35.00","12.11"
"10","009","00","070","0000","0000","9522","4098","5424","123","9645","27042","30632","35.67","15.15"
"10","009","00","070","0001","0000","432","189","243","4","436","1190","0","36.64","15.88"
"10","009","00","070","0001","0593","432","189","243","4","436","1190","0","36.64","15.88"
"10","009","00","070","0002","0000","416","226","190","5","421","1080","0","38.98","20.93"
"10","009","00","070","0002","0594","416","226","190","5","421","1080","0","38.98","20.93"
"10","009","00","070","0003","0000","399","153","246","5","404","1106","0","36.53","13.83"
"10","009","00","070","0003","0592","399","153","246","5","404","1106","0","36.53","13.83"
"10","009","00","070","0004","0000","491","228","263","8","499","1397","0","35.72","16.32"
"10","009","00","070","0004","0590","399","172","227","4","403","1086","0","37.11","15.84"
"10","009","00","070","0004","0591","92","56","36","4","96","311","0","30.87","18.01"
"10","009","00","070","0005","0000","1047","441","606","12","1059","3146","0","33.66","14.02"
"10","009","00","070","0005","0587","352","154","198","5","357","938","0","38.06","16.42"
"10","009","00","070","0005","0588","380","163","217","5","385","1150","0","33.48","14.17"
"10","009","00","070","0005","0589","315","124","191","2","317","1058","0","29.96","11.72"
"10","009","00","070","0006","0000","584","215","369","9","593","1472","0","40.29","14.61"
"10","009","00","070","0006","0585","335","125","210","5","340","863","0","39.40","14.48"
"10","009","00","070","0006","0586","249","90","159","4","253","609","0","41.54","14.78"
"10","009","00","070","0007","0000","695","246","449","14","709","2048","0","34.62","12.01"
"10","009","00","070","0007","0583","362","139","223","4","366","1080","0","33.89","12.87"
"10","009","00","070","0007","0584","333","107","226","10","343","968","0","35.43","11.05"
"10","009","00","070","0008","0000","218","84","134","0","218","708","0","30.79","11.86"
"10","009","00","070","0008","0608","218","84","134","0","218","708","0","30.79","11.86"
"10","009","00","070","0009","0000","104","29","75","1","105","278","0","37.77","10.43"
"10","009","00","070","0009","0607","104","29","75","1","105","278","0","37.77","10.43"
"10","009","00","070","0010","0000","683","308","375","9","692","2109","0","32.81","14.60"
"10","009","00","070","0010","0601","330","147","183","3","333","976","0","34.12","15.06"
"10","009","00","070","0010","0602","353","161","192","6","359","1133","0","31.69","14.21"
"10","009","00","070","0011","0000","341","105","236","3","344","1061","0","32.42","9.90"
"10","009","00","070","0011","0609","341","105","236","3","344","1061","0","32.42","9.90"
"10","009","00","070","0012","0000","361","178","183","5","366","1155","0","31.69","15.41"
"10","009","00","070","0012","0606","361","178","183","5","366","1155","0","31.69","15.41"
"10","009","00","070","0013","0000","104","45","59","1","105","429","0","24.48","10.49"
"10","009","00","070","0013","0610","104","45","59","1","105","429","0","24.48","10.49"
"10","009","00","070","0014","0000","195","85","110","4","199","543","0","36.65","15.65"
"10","009","00","070","0014","0611","195","85","110","4","199","543","0","36.65","15.65"
"10","009","00","070","0015","0000","748","335","413","12","760","2065","0","36.80","16.22"
"10","009","00","070","0015","0603","403","173","230","7","410","1116","0","36.74","15.50"
"10","009","00","070","0015","0604","345","162","183","5","350","949","0","36.88","17.07"
"10","009","00","070","0016","0000","329","118","211","6","335","761","0","44.02","15.51"
"10","009","00","070","0016","0605","329","118","211","6","335","761","0","44.02","15.51"
"10","009","00","070","0017","0000","783","379","404","5","788","2241","0","35.16","16.91"
"10","009","00","070","0017","0595","406","200","206","5","411","1131","0","36.34","17.68"
"10","009","00","070","0017","0596","377","179","198","0","377","1110","0","33.96","16.13"
"10","009","00","070","0018","0000","764","372","392","13","777","2080","0","37.36","17.88"
"10","009","00","070","0018","0597","346","174","172","3","349","948","0","36.81","18.35"
"10","009","00","070","0018","0598","418","198","220","10","428","1132","0","37.81","17.49"
"10","009","00","070","0019","0000","582","248","334","2","584","1501","0","38.91","16.52"
"10","009","00","070","0019","0599","582","248","334","2","584","1501","0","38.91","16.52"
"10","009","00","070","0020","0000","246","114","132","5","251","672","0","37.35","16.96"
"10","009","00","070","0020","0600","246","114","132","5","251","672","0","37.35","16.96"
"10","009","00","080","0000","0000","5800","2232","3568","84","5884","16313","18555","36.07","13.68"
"10","009","00","080","0001","0000","288","125","163","3","291","737","0","39.48","16.96"
"10","009","00","080","0001","0527","288","125","163","3","291","737","0","39.48","16.96"
"10","009","00","080","0002","0000","806","308","498","11","817","2148","0","38.04","14.34"
"10","009","00","080","0002","0531","375","161","214","6","381","957","0","39.81","16.82"
"10","009","00","080","0002","0532","209","73","136","3","212","593","0","35.75","12.31"
"10","009","00","080","0002","0533","222","74","148","2","224","598","0","37.46","12.37"
"10","009","00","080","0003","0000","352","154","198","3","355","959","0","37.02","16.06"
"10","009","00","080","0003","0534","352","154","198","3","355","959","0","37.02","16.06"
"10","009","00","080","0004","0000","327","84","243","3","330","908","0","36.34","9.25"
"10","009","00","080","0004","0535","327","84","243","3","330","908","0","36.34","9.25"
"10","009","00","080","0005","0000","664","258","406","12","676","1893","0","35.71","13.63"
"10","009","00","080","0005","0538","501","186","315","9","510","1443","0","35.34","12.89"
"10","009","00","080","0005","0539","163","72","91","3","166","450","0","36.89","16.00"
"10","009","00","080","0006","0000","671","270","401","10","681","1830","0","37.21","14.75"
"10","009","00","080","0006","0540","479","203","276","6","485","1321","0","36.71","15.37"
"10","009","00","080","0006","0541","192","67","125","4","196","509","0","38.51","13.16"
"10","009","00","080","0007","0000","577","235","342","8","585","1532","0","38.19","15.34"
"10","009","00","080","0007","0536","239","79","160","5","244","555","0","43.96","14.23"
"10","009","00","080","0007","0537","338","156","182","3","341","977","0","34.90","15.97"
"10","009","00","080","0008","0000","383","131","252","7","390","1179","0","33.08","11.11"
"10","009","00","080","0008","0542","383","131","252","7","390","1179","0","33.08","11.11"
"10","009","00","080","0009","0000","238","70","168","5","243","716","0","33.94","9.78"
"10","009","00","080","0009","0528","238","70","168","5","243","716","0","33.94","9.78"
"10","009","00","080","0010","0000","198","90","108","2","200","583","0","34.31","15.44"
"10","009","00","080","0010","0529","198","90","108","2","200","583","0","34.31","15.44"
"10","009","00","080","0011","0000","323","127","196","6","329","1045","0","31.48","12.15"
"10","009","00","080","0011","0530","323","127","196","6","329","1045","0","31.48","12.15"
"10","009","00","080","0012","0000","273","122","151","3","276","743","0","37.15","16.42"
"10","009","00","080","0012","0543","273","122","151","3","276","743","0","37.15","16.42"
"10","009","00","080","0013","0000","241","84","157","6","247","670","0","36.87","12.54"
"10","009","00","080","0013","0544","241","84","157","6","247","670","0","36.87","12.54"
"10","009","00","080","0014","0000","237","85","152","2","239","669","0","35.72","12.71"
"10","009","00","080","0014","0545","237","85","152","2","239","669","0","35.72","12.71"
"10","009","00","080","0015","0000","222","89","133","3","225","701","0","32.10","12.70"
"10","009","00","080","0015","0546","222","89","133","3","225","701","0","32.10","12.70"
"10","009","00","090","0000","0000","9258","3424","5834","142","9400","24348","28143","38.61","14.06"
"10","009","00","090","0001","0000","1666","665","1001","21","1687","4116","0","40.99","16.16"
"10","009","00","090","0001","0402","372","169","203","11","383","989","0","38.73","17.09"
"10","009","00","090","0001","0403","316","113","203","1","317","895","0","35.42","12.63"
"10","009","00","090","0001","0404","433","176","257","1","434","943","0","46.02","18.66"
"10","009","00","090","0001","0405","545","207","338","8","553","1289","0","42.90","16.06"
"10","009","00","090","0002","0000","334","97","237","5","339","864","0","39.24","11.23"
"10","009","00","090","0002","0406","334","97","237","5","339","864","0","39.24","11.23"
"10","009","00","090","0003","0000","588","181","407","8","596","1530","0","38.95","11.83"
"10","009","00","090","0003","0407","333","90","243","5","338","774","0","43.67","11.63"
"10","009","00","090","0003","0408","255","91","164","3","258","756","0","34.13","12.04"
"10","009","00","090","0004","0000","499","186","313","8","507","1177","0","43.08","15.80"
"10","009","00","090","0004","0409","233","88","145","3","236","572","0","41.26","15.38"
"10","009","00","090","0004","0410","266","98","168","5","271","605","0","44.79","16.20"
"10","009","00","090","0005","0000","374","112","262","9","383","1068","0","35.86","10.49"
"10","009","00","090","0005","0411","374","112","262","9","383","1068","0","35.86","10.49"
"10","009","00","090","0006","0000","751","242","509","7","758","2015","0","37.62","12.01"
"10","009","00","090","0006","0412","382","138","244","6","388","1023","0","37.93","13.49"
"10","009","00","090","0006","0413","369","104","265","1","370","992","0","37.30","10.48"
"10","009","00","090","0007","0000","1190","503","687","9","1199","3053","0","39.27","16.48"
"10","009","00","090","0007","0414","421","195","226","2","423","1071","0","39.50","18.21"
"10","009","00","090","0007","0415","344","141","203","4","348","925","0","37.62","15.24"
"10","009","00","090","0007","0416","425","167","258","3","428","1057","0","40.49","15.80"
"10","009","00","090","0008","0000","521","202","319","9","530","1250","0","42.40","16.16"
"10","009","00","090","0008","0417","521","202","319","9","530","1250","0","42.40","16.16"
"10","009","00","090","0009","0000","392","142","250","9","401","1135","0","35.33","12.51"
"10","009","00","090","0009","0420","392","142","250","9","401","1135","0","35.33","12.51"
"10","009","00","090","0010","0000","686","265","421","11","697","1882","0","37.04","14.08"
"10","009","00","090","0010","0418","297","150","147","5","302","875","0","34.51","17.14"
"10","009","00","090","0010","0419","389","115","274","6","395","1007","0","39.23","11.42"
"10","009","00","090","0011","0000","627","265","362","8","635","1725","0","36.81","15.36"
"10","009","00","090","0011","0421","301","113","188","5","306","852","0","35.92","13.26"
"10","009","00","090","0011","0422","326","152","174","3","329","873","0","37.69","17.41"
"10","009","00","090","0012","0000","494","199","295","14","508","1453","0","34.96","13.70"
"10","009","00","090","0012","0423","299","110","189","7","306","932","0","32.83","11.80"
"10","009","00","090","0012","0424","195","89","106","7","202","521","0","38.77","17.08"
"10","009","00","090","0013","0000","466","161","305","6","472","1313","0","35.95","12.26"
"10","009","00","090","0013","0425","185","50","135","1","186","448","0","41.52","11.16"
"10","009","00","090","0013","0426","281","111","170","5","286","865","0","33.06","12.83"
"10","009","00","090","0014","0000","670","204","466","18","688","1767","0","38.94","11.54"
"10","009","00","090","0014","0427","432","106","326","10","442","1133","0","39.01","9.36"
"10","009","00","090","0014","0428","238","98","140","8","246","634","0","38.80","15.46"
"10","009","00","100","0000","0000","5297","2352","2945","76","5373","15106","17408","35.57","15.57"
"10","009","00","100","0001","0000","358","174","184","6","364","1004","0","36.25","17.33"
"10","009","00","100","0001","0429","358","174","184","6","364","1004","0","36.25","17.33"
"10","009","00","100","0002","0000","1292","590","702","21","1313","3548","0","37.01","16.63"
"10","009","00","100","0002","0430","455","189","266","11","466","1210","0","38.51","15.62"
"10","009","00","100","0002","0431","294","145","149","4","298","836","0","35.65","17.34"
"10","009","00","100","0002","0432","285","145","140","2","287","835","0","34.37","17.37"
"10","009","00","100","0002","0433","258","111","147","4","262","667","0","39.28","16.64"
"10","009","00","100","0003","0000","763","313","450","10","773","2097","0","36.86","14.93"
"10","009","00","100","0003","0434","484","237","247","8","492","1377","0","35.73","17.21"
"10","009","00","100","0003","0435","279","76","203","2","281","720","0","39.03","10.56"
"10","009","00","100","0004","0000","171","91","80","4","175","505","0","34.65","18.02"
"10","009","00","100","0004","0436","171","91","80","4","175","505","0","34.65","18.02"
"10","009","00","100","0005","0000","289","133","156","3","292","802","0","36.41","16.58"
"10","009","00","100","0005","0437","289","133","156","3","292","802","0","36.41","16.58"
"10","009","00","100","0006","0000","829","375","454","11","840","2594","0","32.38","14.46"
"10","009","00","100","0006","0438","416","194","222","9","425","1305","0","32.57","14.87"
"10","009","00","100","0006","0439","413","181","232","2","415","1289","0","32.20","14.04"
"10","009","00","100","0007","0000","227","87","140","1","228","627","0","36.36","13.88"
"10","009","00","100","0007","0440","227","87","140","1","228","627","0","36.36","13.88"
"10","009","00","100","0008","0000","383","177","206","8","391","1115","0","35.07","15.87"
"10","009","00","100","0008","0441","383","177","206","8","391","1115","0","35.07","15.87"
"10","009","00","100","0009","0000","345","187","158","4","349","1016","0","34.35","18.41"
"10","009","00","100","0009","0442","345","187","158","4","349","1016","0","34.35","18.41"
"10","009","00","100","0010","0000","640","225","415","8","648","1798","0","36.04","12.51"
"10","009","00","100","0010","0443","344","107","237","4","348","950","0","36.63","11.26"
"10","009","00","100","0010","0444","296","118","178","4","300","848","0","35.38","13.92"
"10","009","00","110","0000","0000","7888","2563","5325","107","7995","22786","25808","35.09","11.25"
"10","009","00","110","0001","0000","524","216","308","8","532","1442","0","36.89","14.98"
"10","009","00","110","0001","0337","289","121","168","5","294","838","0","35.08","14.44"
"10","009","00","110","0001","0338","235","95","140","3","238","604","0","39.40","15.73"
"10","009","00","110","0002","0000","626","253","373","7","633","1698","0","37.28","14.90"
"10","009","00","110","0002","0339","349","140","209","6","355","922","0","38.50","15.18"
"10","009","00","110","0002","0340","277","113","164","1","278","776","0","35.82","14.56"
"10","009","00","110","0003","0000","522","165","357","8","530","1596","0","33.21","10.34"
"10","009","00","110","0003","0341","161","52","109","1","162","603","0","26.87","8.62"
"10","009","00","110","0003","0342","361","113","248","7","368","993","0","37.06","11.38"
"10","009","00","110","0004","0000","504","165","339","10","514","1474","0","34.87","11.19"
"10","009","00","110","0004","0343","161","57","104","0","161","441","0","36.51","12.93"
"10","009","00","110","0004","0344","343","108","235","10","353","1033","0","34.17","10.45"
"10","009","00","110","0005","0000","412","186","226","6","418","1126","0","37.12","16.52"
"10","009","00","110","0005","0345","412","186","226","6","418","1126","0","37.12","16.52"
"10","009","00","110","0006","0000","646","218","428","5","651","1839","0","35.40","11.85"
"10","009","00","110","0006","0346","355","108","247","2","357","1019","0","35.03","10.60"
"10","009","00","110","0006","0347","291","110","181","3","294","820","0","35.85","13.41"
"10","009","00","110","0007","0000","301","97","204","6","307","861","0","35.66","11.27"
"10","009","00","110","0007","0348","301","97","204","6","307","861","0","35.66","11.27"
"10","009","00","110","0008","0000","341","87","254","3","344","873","0","39.40","9.97"
"10","009","00","110","0008","0351","341","87","254","3","344","873","0","39.40","9.97"
"10","009","00","110","0009","0000","279","55","224","3","282","748","0","37.70","7.35"
"10","009","00","110","0009","0352","279","55","224","3","282","748","0","37.70","7.35"
"10","009","00","110","0010","0000","456","107","349","7","463","1464","0","31.63","7.31"
"10","009","00","110","0010","0353","212","64","148","5","217","652","0","33.28","9.82"
"10","009","00","110","0010","0354","244","43","201","2","246","812","0","30.30","5.30"
"10","009","00","110","0011","0000","616","175","441","9","625","1782","0","35.07","9.82"
"10","009","00","110","0011","0355","370","84","286","5","375","1127","0","33.27","7.45"
"10","009","00","110","0011","0356","246","91","155","4","250","655","0","38.17","13.89"
"10","009","00","110","0012","0000","272","77","195","4","276","821","0","33.62","9.38"
"10","009","00","110","0012","0357","272","77","195","4","276","821","0","33.62","9.38"
"10","009","00","110","0013","0000","650","233","417","8","658","1719","0","38.28","13.55"
"10","009","00","110","0013","0358","435","183","252","7","442","1042","0","42.42","17.56"
"10","009","00","110","0013","0359","215","50","165","1","216","677","0","31.91","7.39"
"10","009","00","110","0014","0000","405","122","283","10","415","1223","0","33.93","9.98"
"10","009","00","110","0014","0360","405","122","283","10","415","1223","0","33.93","9.98"
"10","009","00","110","0015","0000","231","70","161","1","232","907","0","25.58","7.72"
"10","009","00","110","0015","0361","231","70","161","1","232","907","0","25.58","7.72"
"10","009","00","110","0016","0000","279","77","202","4","283","824","0","34.34","9.34"
"10","009","00","110","0016","0362","279","77","202","4","283","824","0","34.34","9.34"
"10","009","00","110","0017","0000","263","86","177","5","268","983","0","27.26","8.75"
"10","009","00","110","0017","0363","263","86","177","5","268","983","0","27.26","8.75"
"10","009","00","110","0018","0000","561","174","387","3","564","1406","0","40.11","12.38"
"10","009","00","110","0018","0349","322","99","223","2","324","798","0","40.60","12.41"
"10","009","00","110","0018","0350","239","75","164","1","240","608","0","39.47","12.34"
"10","009","00","120","0000","0000","6805","2693","4112","95","6900","20647","23741","33.42","13.04"
"10","009","00","120","0001","0000","421","170","251","3","424","1134","0","37.39","14.99"
"10","009","00","120","0001","0316","421","170","251","3","424","1134","0","37.39","14.99"
"10","009","00","120","0002","0000","502","227","275","10","512","1437","0","35.63","15.80"
"10","009","00","120","0002","0317","502","227","275","10","512","1437","0","35.63","15.80"
"10","009","00","120","0003","0000","832","378","454","4","836","2263","0","36.94","16.70"
"10","009","00","120","0003","0318","398","161","237","3","401","1093","0","36.69","14.73"
"10","009","00","120","0003","0319","434","217","217","1","435","1170","0","37.18","18.55"
"10","009","00","120","0004","0000","736","244","492","6","742","2078","0","35.71","11.74"
"10","009","00","120","0004","0320","409","143","266","2","411","1082","0","37.99","13.22"
"10","009","00","120","0004","0321","327","101","226","4","331","996","0","33.23","10.14"
"10","009","00","120","0005","0000","741","261","480","13","754","2042","0","36.92","12.78"
"10","009","00","120","0005","0322","348","144","204","8","356","958","0","37.16","15.03"
"10","009","00","120","0005","0323","393","117","276","5","398","1084","0","36.72","10.79"
"10","009","00","120","0006","0000","420","129","291","8","428","1250","0","34.24","10.32"
"10","009","00","120","0006","0324","420","129","291","8","428","1250","0","34.24","10.32"
"10","009","00","120","0007","0000","589","250","339","9","598","2022","0","29.57","12.36"
"10","009","00","120","0007","0325","239","119","120","4","243","1023","0","23.75","11.63"
"10","009","00","120","0007","0326","350","131","219","5","355","999","0","35.54","13.11"
"10","009","00","120","0008","0000","256","168","88","9","265","782","0","33.89","21.48"
"10","009","00","120","0008","0327","256","168","88","9","265","782","0","33.89","21.48"
"10","009","00","120","0009","0000","433","175","258","12","445","1484","0","29.99","11.79"
"10","009","00","120","0009","0328","178","68","110","5","183","686","0","26.68","9.91"
"10","009","00","120","0009","0329","255","107","148","7","262","798","0","32.83","13.41"
"10","009","00","120","0010","0000","502","190","312","6","508","1710","0","29.71","11.11"
"10","009","00","120","0010","0330","272","89","183","2","274","859","0","31.90","10.36"
"10","009","00","120","0010","0331","230","101","129","4","234","851","0","27.50","11.87"
"10","009","00","120","0011","0000","425","189","236","6","431","1413","0","30.50","13.38"
"10","009","00","120","0011","0332","203","93","110","2","205","668","0","30.69","13.92"
"10","009","00","120","0011","0333","222","96","126","4","226","745","0","30.34","12.89"
"10","009","00","120","0012","0000","270","104","166","2","272","1102","0","24.68","9.44"
"10","009","00","120","0012","0334","270","104","166","2","272","1102","0","24.68","9.44"
"10","009","00","120","0013","0000","444","118","326","4","448","1181","0","37.93","9.99"
"10","009","00","120","0013","0335","444","118","326","4","448","1181","0","37.93","9.99"
"10","009","00","120","0014","0000","234","90","144","3","237","749","0","31.64","12.02"
"10","009","00","120","0014","0336","234","90","144","3","237","749","0","31.64","12.02"
"10","009","00","130","0000","0000","9782","4741","5041","138","9920","39270","48001","25.26","12.07"
"10","009","00","130","0001","0000","1122","587","535","11","1133","4277","0","26.49","13.72"
"10","009","00","130","0001","0007","320","151","169","5","325","1135","0","28.63","13.30"
"10","009","00","130","0001","0008","264","148","116","2","266","957","0","27.80","15.46"
"10","009","00","130","0001","0009","302","167","135","4","306","1158","0","26.42","14.42"
"10","009","00","130","0001","0010","236","121","115","0","236","1027","0","22.98","11.78"
"10","009","00","130","0002","0000","1929","1017","912","24","1953","7460","0","26.18","13.63"
"10","009","00","130","0002","0001","318","177","141","2","320","1356","0","23.60","13.05"
"10","009","00","130","0002","0002","285","153","132","3","288","1247","0","23.10","12.27"
"10","009","00","130","0002","0003","377","198","179","6","383","1260","0","30.40","15.71"
"10","009","00","130","0002","0004","385","199","186","7","392","1494","0","26.24","13.32"
"10","009","00","130","0002","0005","314","159","155","3","317","1082","0","29.30","14.70"
"10","009","00","130","0002","0006","250","131","119","3","253","1021","0","24.78","12.83"
"10","009","00","130","0003","0000","513","186","327","10","523","1968","0","26.58","9.45"
"10","009","00","130","0003","0011","182","55","127","2","184","739","0","24.90","7.44"
"10","009","00","130","0003","0012","331","131","200","8","339","1229","0","27.58","10.66"
"10","009","00","130","0004","0000","755","312","443","10","765","2867","0","26.68","10.88"
"10","009","00","130","0004","0013","320","140","180","4","324","1178","0","27.50","11.88"
"10","009","00","130","0004","0014","262","98","164","2","264","1013","0","26.06","9.67"
"10","009","00","130","0004","0015","173","74","99","4","177","676","0","26.18","10.95"
"10","009","00","130","0005","0000","634","344","290","8","642","2721","0","23.59","12.64"
"10","009","00","130","0005","0025","318","183","135","6","324","1339","0","24.20","13.67"
"10","009","00","130","0005","0026","316","161","155","2","318","1382","0","23.01","11.65"
"10","009","00","130","0006","0000","658","385","273","10","668","3051","0","21.89","12.62"
"10","009","00","130","0006","0018","252","132","120","3","255","1075","0","23.72","12.28"
"10","009","00","130","0006","0019","205","145","60","4","209","942","0","22.19","15.39"
"10","009","00","130","0006","0020","201","108","93","3","204","1034","0","19.73","10.44"
"10","009","00","130","0007","0000","508","246","262","6","514","2216","0","23.19","11.10"
"10","009","00","130","0007","0016","248","127","121","4","252","1215","0","20.74","10.45"
"10","009","00","130","0007","0017","260","119","141","2","262","1001","0","26.17","11.89"
"10","009","00","130","0008","0000","515","232","283","7","522","2141","0","24.38","10.84"
"10","009","00","130","0008","0023","235","110","125","5","240","1001","0","23.98","10.99"
"10","009","00","130","0008","0024","280","122","158","2","282","1140","0","24.74","10.70"
"10","009","00","130","0009","0000","1007","468","539","14","1021","4026","0","25.36","11.62"
"10","009","00","130","0009","0027","285","146","139","3","288","1218","0","23.65","11.99"
"10","009","00","130","0009","0028","233","105","128","4","237","951","0","24.92","11.04"
"10","009","00","130","0009","0029","238","94","144","2","240","908","0","26.43","10.35"
"10","009","00","130","0009","0030","251","123","128","5","256","949","0","26.98","12.96"
"10","009","00","130","0010","0000","300","129","171","5","305","1156","0","26.38","11.16"
"10","009","00","130","0010","0031","300","129","171","5","305","1156","0","26.38","11.16"
"10","009","00","130","0011","0000","929","390","539","18","947","3617","0","26.18","10.78"
"10","009","00","130","0011","0032","355","160","195","8","363","1244","0","29.18","12.86"
"10","009","00","130","0011","0033","304","104","200","6","310","1255","0","24.70","8.29"
"10","009","00","130","0011","0034","270","126","144","4","274","1118","0","24.51","11.27"
"10","009","00","130","0012","0000","544","261","283","12","556","2222","0","25.02","11.75"
"10","009","00","130","0012","0035","324","166","158","6","330","1193","0","27.66","13.91"
"10","009","00","130","0012","0036","220","95","125","6","226","1029","0","21.96","9.23"
"10","009","00","130","0013","0000","368","184","184","3","371","1548","0","23.97","11.89"
"10","009","00","130","0013","0021","182","104","78","3","185","808","0","22.90","12.87"
"10","009","00","130","0013","0022","186","80","106","0","186","740","0","25.14","10.81"
"10","009","00","140","0000","0000","4011","1750","2261","57","4068","12612","13963","32.25","13.88"
"10","009","00","140","0001","0000","559","300","259","6","565","1442","0","39.18","20.80"
"10","009","00","140","0001","0065","330","173","157","2","332","863","0","38.47","20.05"
"10","009","00","140","0001","0066","229","127","102","4","233","579","0","40.24","21.93"
"10","009","00","140","0002","0000","383","190","193","5","388","1155","0","33.59","16.45"
"10","009","00","140","0002","0067","383","190","193","5","388","1155","0","33.59","16.45"
"10","009","00","140","0003","0000","438","179","259","5","443","1536","0","28.84","11.65"
"10","009","00","140","0003","0063","213","75","138","3","216","864","0","25.00","8.68"
"10","009","00","140","0003","0064","225","104","121","2","227","672","0","33.78","15.48"
"10","009","00","140","0004","0000","198","91","107","2","200","511","0","39.14","17.81"
"10","009","00","140","0004","0062","198","91","107","2","200","511","0","39.14","17.81"
"10","009","00","140","0005","0000","339","113","226","4","343","1160","0","29.57","9.74"
"10","009","00","140","0005","0061","339","113","226","4","343","1160","0","29.57","9.74"
"10","009","00","140","0006","0000","182","76","106","2","184","532","0","34.59","14.29"
"10","009","00","140","0006","0069","182","76","106","2","184","532","0","34.59","14.29"
"10","009","00","140","0007","0000","265","78","187","6","271","778","0","34.83","10.03"
"10","009","00","140","0007","0068","265","78","187","6","271","778","0","34.83","10.03"
"10","009","00","140","0008","0000","211","82","129","3","214","812","0","26.35","10.10"
"10","009","00","140","0008","0071","211","82","129","3","214","812","0","26.35","10.10"
"10","009","00","140","0009","0000","280","113","167","3","283","825","0","34.30","13.70"
"10","009","00","140","0009","0070","280","113","167","3","283","825","0","34.30","13.70"
"10","009","00","140","0010","0000","553","258","295","14","567","1857","0","30.53","13.89"
"10","009","00","140","0010","0072","266","128","138","9","275","888","0","30.97","14.41"
"10","009","00","140","0010","0073","287","130","157","5","292","969","0","30.13","13.42"
"10","009","00","140","0011","0000","314","143","171","1","315","1015","0","31.03","14.09"
"10","009","00","140","0011","0076","314","143","171","1","315","1015","0","31.03","14.09"
"10","009","00","140","0012","0000","289","127","162","6","295","989","0","29.83","12.84"
"10","009","00","140","0012","0074","161","95","66","5","166","590","0","28.14","16.10"
"10","009","00","140","0012","0075","128","32","96","1","129","399","0","32.33","8.02"
"10","009","00","150","0000","0000","3948","1609","2339","62","4010","10933","12368","36.68","14.72"
"10","009","00","150","0001","0000","697","302","395","9","706","1848","0","38.20","16.34"
"10","009","00","150","0001","0077","332","146","186","6","338","882","0","38.32","16.55"
"10","009","00","150","0001","0078","365","156","209","3","368","966","0","38.10","16.15"
"10","009","00","150","0002","0000","523","233","290","7","530","1415","0","37.46","16.47"
"10","009","00","150","0002","0079","266","114","152","6","272","726","0","37.47","15.70"
"10","009","00","150","0002","0080","257","119","138","1","258","689","0","37.45","17.27"
"10","009","00","150","0003","0000","518","204","314","6","524","1455","0","36.01","14.02"
"10","009","00","150","0003","0081","248","94","154","4","252","733","0","34.38","12.82"
"10","009","00","150","0003","0082","270","110","160","2","272","722","0","37.67","15.24"
"10","009","00","150","0004","0000","436","147","289","9","445","1158","0","38.43","12.69"
"10","009","00","150","0004","0085","178","60","118","2","180","453","0","39.74","13.25"
"10","009","00","150","0004","0086","258","87","171","7","265","705","0","37.59","12.34"
"10","009","00","150","0005","0000","507","184","323","8","515","1437","0","35.84","12.80"
"10","009","00","150","0005","0083","179","71","108","2","181","468","0","38.68","15.17"
"10","009","00","150","0005","0084","328","113","215","6","334","969","0","34.47","11.66"
"10","009","00","150","0006","0000","293","109","184","6","299","806","0","37.10","13.52"
"10","009","00","150","0006","0087","293","109","184","6","299","806","0","37.10","13.52"
"10","009","00","150","0007","0000","277","115","162","5","282","774","0","36.43","14.86"
"10","009","00","150","0007","0088","277","115","162","5","282","774","0","36.43","14.86"
"10","009","00","150","0008","0000","390","186","204","4","394","1187","0","33.19","15.67"
"10","009","00","150","0008","0089","390","186","204","4","394","1187","0","33.19","15.67"
"10","009","00","150","0009","0000","307","129","178","8","315","853","0","36.93","15.12"
"10","009","00","150","0009","0090","307","129","178","8","315","853","0","36.93","15.12"
"10","009","00","160","0000","0000","5487","2798","2689","106","5593","20367","22792","27.46","13.74"
"10","009","00","160","0001","0000","413","245","168","9","422","1177","0","35.85","20.82"
"10","009","00","160","0001","0037","413","245","168","9","422","1177","0","35.85","20.82"
"10","009","00","160","0002","0000","320","176","144","7","327","1060","0","30.85","16.60"
"10","009","00","160","0002","0039","320","176","144","7","327","1060","0","30.85","16.60"
"10","009","00","160","0003","0000","312","160","152","5","317","1093","0","29.00","14.64"
"10","009","00","160","0003","0038","312","160","152","5","317","1093","0","29.00","14.64"
"10","009","00","160","0004","0000","493","272","221","8","501","1980","0","25.30","13.74"
"10","009","00","160","0004","0040","228","115","113","2","230","988","0","23.28","11.64"
"10","009","00","160","0004","0041","265","157","108","6","271","992","0","27.32","15.83"
"10","009","00","160","0005","0000","363","163","200","8","371","1449","0","25.60","11.25"
"10","009","00","160","0005","0043","174","83","91","7","181","706","0","25.64","11.76"
"10","009","00","160","0005","0044","189","80","109","1","190","743","0","25.57","10.77"
"10","009","00","160","0006","0000","454","200","254","13","467","1828","0","25.55","10.94"
"10","009","00","160","0006","0045","302","115","187","8","310","1133","0","27.36","10.15"
"10","009","00","160","0006","0046","152","85","67","5","157","695","0","22.59","12.23"
"10","009","00","160","0007","0000","155","74","81","5","160","592","0","27.03","12.50"
"10","009","00","160","0007","0047","155","74","81","5","160","592","0","27.03","12.50"
"10","009","00","160","0008","0000","220","108","112","4","224","672","0","33.33","16.07"
"10","009","00","160","0008","0049","220","108","112","4","224","672","0","33.33","16.07"
"10","009","00","160","0009","0000","139","42","97","4","143","450","0","31.78","9.33"
"10","009","00","160","0009","0048","139","42","97","4","143","450","0","31.78","9.33"
"10","009","00","160","0010","0000","211","124","87","2","213","811","0","26.26","15.29"
"10","009","00","160","0010","0042","211","124","87","2","213","811","0","26.26","15.29"
"10","009","00","160","0011","0000","386","194","192","4","390","1466","0","26.60","13.23"
"10","009","00","160","0011","0052","279","123","156","1","280","1020","0","27.45","12.06"
"10","009","00","160","0011","0053","107","71","36","3","110","446","0","24.66","15.92"
"10","009","00","160","0012","0000","370","183","187","3","373","1332","0","28.00","13.74"
"10","009","00","160","0012","0054","216","120","96","2","218","775","0","28.13","15.48"
"10","009","00","160","0012","0055","154","63","91","1","155","557","0","27.83","11.31"
"10","009","00","160","0013","0000","759","357","402","19","778","2935","0","26.51","12.16"
"10","009","00","160","0013","0056","301","160","141","8","309","1031","0","29.97","15.52"
"10","009","00","160","0013","0057","258","118","140","6","264","960","0","27.50","12.29"
"10","009","00","160","0013","0058","200","79","121","5","205","944","0","21.72","8.37"
"10","009","00","160","0014","0000","428","247","181","10","438","1741","0","25.16","14.19"
"10","009","00","160","0014","0059","288","146","142","8","296","1162","0","25.47","12.56"
"10","009","00","160","0014","0060","140","101","39","2","142","579","0","24.53","17.44"
"10","009","00","160","0015","0000","464","253","211","5","469","1781","0","26.33","14.21"
"10","009","00","160","0015","0050","329","170","159","3","332","1214","0","27.35","14.00"
"10","009","00","160","0015","0051","135","83","52","2","137","567","0","24.16","14.64"
"10","009","00","170","0000","0000","6681","2412","4269","98","6779","21835","24426","31.05","11.05"
"10","009","00","170","0001","0000","1021","379","642","9","1030","3218","0","32.01","11.78"
"10","009","00","170","0001","0196","282","98","184","3","285","882","0","32.31","11.11"
"10","009","00","170","0001","0197","390","147","243","4","394","1238","0","31.83","11.87"
"10","009","00","170","0001","0198","349","134","215","2","351","1098","0","31.97","12.20"
"10","009","00","170","0002","0000","487","178","309","8","495","1454","0","34.04","12.24"
"10","009","00","170","0002","0199","235","84","151","2","237","698","0","33.95","12.03"
"10","009","00","170","0002","0200","252","94","158","6","258","756","0","34.13","12.43"
"10","009","00","170","0003","0000","408","144","264","6","414","1308","0","31.65","11.01"
"10","009","00","170","0003","0201","408","144","264","6","414","1308","0","31.65","11.01"
"10","009","00","170","0004","0000","229","70","159","6","235","705","0","33.33","9.93"
"10","009","00","170","0004","0202","229","70","159","6","235","705","0","33.33","9.93"
"10","009","00","170","0005","0000","290","122","168","4","294","936","0","31.41","13.03"
"10","009","00","170","0005","0203","290","122","168","4","294","936","0","31.41","13.03"
"10","009","00","170","0006","0000","297","98","199","5","302","1030","0","29.32","9.51"
"10","009","00","170","0006","0204","297","98","199","5","302","1030","0","29.32","9.51"
"10","009","00","170","0007","0000","288","136","152","4","292","890","0","32.81","15.28"
"10","009","00","170","0007","0205","288","136","152","4","292","890","0","32.81","15.28"
"10","009","00","170","0008","0000","256","64","192","10","266","715","0","37.20","8.95"
"10","009","00","170","0008","0206","256","64","192","10","266","715","0","37.20","8.95"
"10","009","00","170","0009","0000","174","85","89","5","179","570","0","31.40","14.91"
"10","009","00","170","0009","0207","174","85","89","5","179","570","0","31.40","14.91"
"10","009","00","170","0010","0000","221","106","115","1","222","836","0","26.56","12.68"
"10","009","00","170","0010","0208","221","106","115","1","222","836","0","26.56","12.68"
"10","009","00","170","0011","0000","138","30","108","2","140","351","0","39.89","8.55"
"10","009","00","170","0011","0209","138","30","108","2","140","351","0","39.89","8.55"
"10","009","00","170","0012","0000","294","97","197","3","297","1112","0","26.71","8.72"
"10","009","00","170","0012","0210","294","97","197","3","297","1112","0","26.71","8.72"
"10","009","00","170","0013","0000","439","180","259","7","446","1457","0","30.61","12.35"
"10","009","00","170","0013","0211","144","48","96","3","147","565","0","26.02","8.50"
"10","009","00","170","0013","0212","295","132","163","4","299","892","0","33.52","14.80"
"10","009","00","170","0014","0000","317","71","246","0","317","958","0","33.09","7.41"
"10","009","00","170","0014","0213","317","71","246","0","317","958","0","33.09","7.41"
"10","009","00","170","0015","0000","249","86","163","4","253","813","0","31.12","10.58"
"10","009","00","170","0015","0214","249","86","163","4","253","813","0","31.12","10.58"
"10","009","00","170","0016","0000","307","109","198","4","311","1127","0","27.60","9.67"
"10","009","00","170","0016","0215","307","109","198","4","311","1127","0","27.60","9.67"
"10","009","00","170","0017","0000","262","99","163","6","268","816","0","32.84","12.13"
"10","009","00","170","0017","0216","262","99","163","6","268","816","0","32.84","12.13"
"10","009","00","170","0018","0000","414","138","276","3","417","1472","0","28.33","9.38"
"10","009","00","170","0018","0217","179","59","120","3","182","645","0","28.22","9.15"
"10","009","00","170","0018","0218","235","79","156","0","235","827","0","28.42","9.55"
"10","009","00","170","0019","0000","172","54","118","1","173","578","0","29.93","9.34"
"10","009","00","170","0019","0219","172","54","118","1","173","578","0","29.93","9.34"
"10","009","00","170","0020","0000","191","74","117","9","200","803","0","24.91","9.22"
"10","009","00","170","0020","0220","191","74","117","9","200","803","0","24.91","9.22"
"10","009","00","170","0021","0000","227","92","135","1","228","686","0","33.24","13.41"
"10","009","00","170","0021","0221","227","92","135","1","228","686","0","33.24","13.41"
"10","009","00","180","0000","0000","5457","2309","3148","93","5550","20121","22100","27.58","11.48"
"10","009","00","180","0001","0000","585","266","319","4","589","1728","0","34.09","15.39"
"10","009","00","180","0001","0171","328","144","184","2","330","1061","0","31.10","13.57"
"10","009","00","180","0001","0172","257","122","135","2","259","667","0","38.83","18.29"
"10","009","00","180","0002","0000","185","69","116","1","186","626","0","29.71","11.02"
"10","009","00","180","0002","0176","185","69","116","1","186","626","0","29.71","11.02"
"10","009","00","180","0003","0000","259","103","156","0","259","902","0","28.71","11.42"
"10","009","00","180","0003","0177","259","103","156","0","259","902","0","28.71","11.42"
"10","009","00","180","0004","0000","257","95","162","6","263","883","0","29.78","10.76"
"10","009","00","180","0004","0178","257","95","162","6","263","883","0","29.78","10.76"
"10","009","00","180","0005","0000","748","378","370","16","764","2201","0","34.71","17.17"
"10","009","00","180","0005","0173","300","168","132","8","308","846","0","36.41","19.86"
"10","009","00","180","0005","0174","131","27","104","4","135","459","0","29.41","5.88"
"10","009","00","180","0005","0175","317","183","134","4","321","896","0","35.83","20.42"
"10","009","00","180","0006","0000","293","145","148","1","294","1152","0","25.52","12.59"
"10","009","00","180","0006","0181","293","145","148","1","294","1152","0","25.52","12.59"
"10","009","00","180","0007","0000","187","74","113","4","191","712","0","26.83","10.39"
"10","009","00","180","0007","0180","187","74","113","4","191","712","0","26.83","10.39"
"10","009","00","180","0008","0000","209","84","125","4","213","828","0","25.72","10.14"
"10","009","00","180","0008","0179","209","84","125","4","213","828","0","25.72","10.14"
"10","009","00","180","0009","0000","226","110","116","1","227","846","0","26.83","13.00"
"10","009","00","180","0009","0185","226","110","116","1","227","846","0","26.83","13.00"
"10","009","00","180","0010","0000","84","32","52","2","86","352","0","24.43","9.09"
"10","009","00","180","0010","0186","84","32","52","2","86","352","0","24.43","9.09"
"10","009","00","180","0011","0000","189","69","120","3","192","743","0","25.84","9.29"
"10","009","00","180","0011","0183","189","69","120","3","192","743","0","25.84","9.29"
"10","009","00","180","0012","0000","222","104","118","5","227","898","0","25.28","11.58"
"10","009","00","180","0012","0182","222","104","118","5","227","898","0","25.28","11.58"
"10","009","00","180","0013","0000","380","163","217","4","384","1669","0","23.01","9.77"
"10","009","00","180","0013","0187","180","75","105","3","183","872","0","20.99","8.60"
"10","009","00","180","0013","0188","200","88","112","1","201","797","0","25.22","11.04"
"10","009","00","180","0014","0000","178","83","95","2","180","782","0","23.02","10.61"
"10","009","00","180","0014","0189","178","83","95","2","180","782","0","23.02","10.61"
"10","009","00","180","0015","0000","135","67","68","3","138","683","0","20.20","9.81"
"10","009","00","180","0015","0190","135","67","68","3","138","683","0","20.20","9.81"
"10","009","00","180","0016","0000","238","73","165","6","244","878","0","27.79","8.31"
"10","009","00","180","0016","0191","238","73","165","6","244","878","0","27.79","8.31"
"10","009","00","180","0017","0000","278","102","176","6","284","1016","0","27.95","10.04"
"10","009","00","180","0017","0193","278","102","176","6","284","1016","0","27.95","10.04"
"10","009","00","180","0018","0000","215","104","111","10","225","958","0","23.49","10.86"
"10","009","00","180","0018","0194","215","104","111","10","225","958","0","23.49","10.86"
"10","009","00","180","0019","0000","164","83","81","5","169","724","0","23.34","11.46"
"10","009","00","180","0019","0195","164","83","81","5","169","724","0","23.34","11.46"
"10","009","00","180","0020","0000","157","52","105","3","160","533","0","30.02","9.76"
"10","009","00","180","0020","0184","157","52","105","3","160","533","0","30.02","9.76"
"10","009","00","180","0021","0000","268","53","215","7","275","1007","0","27.31","5.26"
"10","009","00","180","0021","0192","268","53","215","7","275","1007","0","27.31","5.26"
"10","009","00","190","0000","0000","7436","2306","5130","117","7553","23413","26186","32.26","9.85"
"10","009","00","190","0001","0000","377","172","205","6","383","1198","0","31.97","14.36"
"10","009","00","190","0001","0223","377","172","205","6","383","1198","0","31.97","14.36"
"10","009","00","190","0002","0000","349","149","200","6","355","1068","0","33.24","13.95"
"10","009","00","190","0002","0222","349","149","200","6","355","1068","0","33.24","13.95"
"10","009","00","190","0003","0000","167","72","95","0","167","614","0","27.20","11.73"
"10","009","00","190","0003","0224","167","72","95","0","167","614","0","27.20","11.73"
"10","009","00","190","0004","0000","262","79","183","3","265","851","0","31.14","9.28"
"10","009","00","190","0004","0226","262","79","183","3","265","851","0","31.14","9.28"
"10","009","00","190","0005","0000","254","80","174","4","258","694","0","37.18","11.53"
"10","009","00","190","0005","0225","254","80","174","4","258","694","0","37.18","11.53"
"10","009","00","190","0006","0000","349","82","267","4","353","973","0","36.28","8.43"
"10","009","00","190","0006","0227","349","82","267","4","353","973","0","36.28","8.43"
"10","009","00","190","0007","0000","402","101","301","13","415","1405","0","29.54","7.19"
"10","009","00","190","0007","0228","402","101","301","13","415","1405","0","29.54","7.19"
"10","009","00","190","0008","0000","546","178","368","8","554","2020","0","27.43","8.81"
"10","009","00","190","0008","0229","212","67","145","1","213","843","0","25.27","7.95"
"10","009","00","190","0008","0230","334","111","223","7","341","1177","0","28.97","9.43"
"10","009","00","190","0009","0000","403","134","269","8","411","1473","0","27.90","9.10"
"10","009","00","190","0009","0231","206","63","143","3","209","729","0","28.67","8.64"
"10","009","00","190","0009","0232","197","71","126","5","202","744","0","27.15","9.54"
"10","009","00","190","0010","0000","396","153","243","8","404","1410","0","28.65","10.85"
"10","009","00","190","0010","0233","396","153","243","8","404","1410","0","28.65","10.85"
"10","009","00","190","0011","0000","141","40","101","3","144","511","0","28.18","7.83"
"10","009","00","190","0011","0234","141","40","101","3","144","511","0","28.18","7.83"
"10","009","00","190","0012","0000","428","153","275","6","434","1493","0","29.07","10.25"
"10","009","00","190","0012","0235","428","153","275","6","434","1493","0","29.07","10.25"
"10","009","00","190","0013","0000","257","90","167","3","260","806","0","32.26","11.17"
"10","009","00","190","0013","0236","257","90","167","3","260","806","0","32.26","11.17"
"10","009","00","190","0014","0000","637","94","543","9","646","1888","0","34.22","4.98"
"10","009","00","190","0014","0237","129","26","103","2","131","361","0","36.29","7.20"
"10","009","00","190","0014","0238","233","37","196","4","237","754","0","31.43","4.91"
"10","009","00","190","0014","0239","275","31","244","3","278","773","0","35.96","4.01"
"10","009","00","190","0015","0000","282","105","177","5","287","896","0","32.03","11.72"
"10","009","00","190","0015","0240","282","105","177","5","287","896","0","32.03","11.72"
"10","009","00","190","0016","0000","297","70","227","5","302","980","0","30.82","7.14"
"10","009","00","190","0016","0246","297","70","227","5","302","980","0","30.82","7.14"
"10","009","00","190","0017","0000","327","116","211","10","337","925","0","36.43","12.54"
"10","009","00","190","0017","0244","327","116","211","10","337","925","0","36.43","12.54"
"10","009","00","190","0018","0000","230","78","152","2","232","686","0","33.82","11.37"
"10","009","00","190","0018","0245","230","78","152","2","232","686","0","33.82","11.37"
"10","009","00","190","0019","0000","662","192","470","6","668","1773","0","37.68","10.83"
"10","009","00","190","0019","0241","362","82","280","6","368","920","0","40.00","8.91"
"10","009","00","190","0019","0242","300","110","190","0","300","853","0","35.17","12.90"
"10","009","00","190","0020","0000","484","100","384","5","489","1154","0","42.37","8.67"
"10","009","00","190","0020","0243","484","100","384","5","489","1154","0","42.37","8.67"
"10","009","00","190","0021","0000","186","68","118","3","189","595","0","31.76","11.43"
"10","009","00","190","0021","0247","186","68","118","3","189","595","0","31.76","11.43"
"10","009","00","200","0000","0000","7082","2109","4973","132","7214","21442","23934","33.64","9.84"
"10","009","00","200","0001","0000","651","225","426","7","658","2131","0","30.88","10.56"
"10","009","00","200","0001","0248","368","127","241","4","372","1274","0","29.20","9.97"
"10","009","00","200","0001","0249","283","98","185","3","286","857","0","33.37","11.44"
"10","009","00","200","0002","0000","725","243","482","6","731","1971","0","37.09","12.33"
"10","009","00","200","0002","0250","449","148","301","2","451","1238","0","36.43","11.95"
"10","009","00","200","0002","0251","276","95","181","4","280","733","0","38.20","12.96"
"10","009","00","200","0003","0000","351","75","276","10","361","969","0","37.25","7.74"
"10","009","00","200","0003","0271","351","75","276","10","361","969","0","37.25","7.74"
"10","009","00","200","0004","0000","406","88","318","7","413","1149","0","35.94","7.66"
"10","009","00","200","0004","0272","406","88","318","7","413","1149","0","35.94","7.66"
"10","009","00","200","0005","0000","318","88","230","3","321","944","0","34.00","9.32"
"10","009","00","200","0005","0258","318","88","230","3","321","944","0","34.00","9.32"
"10","009","00","200","0006","0000","194","86","108","5","199","598","0","33.28","14.38"
"10","009","00","200","0006","0259","194","86","108","5","199","598","0","33.28","14.38"
"10","009","00","200","0007","0000","181","63","118","5","186","597","0","31.16","10.55"
"10","009","00","200","0007","0260","181","63","118","5","186","597","0","31.16","10.55"
"10","009","00","200","0008","0000","299","83","216","4","303","943","0","32.13","8.80"
"10","009","00","200","0008","0261","299","83","216","4","303","943","0","32.13","8.80"
"10","009","00","200","0009","0000","180","89","91","2","182","603","0","30.18","14.76"
"10","009","00","200","0009","0262","180","89","91","2","182","603","0","30.18","14.76"
"10","009","00","200","0010","0000","289","112","177","2","291","905","0","32.15","12.38"
"10","009","00","200","0010","0263","289","112","177","2","291","905","0","32.15","12.38"
"10","009","00","200","0011","0000","210","46","164","4","214","680","0","31.47","6.76"
"10","009","00","200","0011","0252","210","46","164","4","214","680","0","31.47","6.76"
"10","009","00","200","0012","0000","200","45","155","4","204","627","0","32.54","7.18"
"10","009","00","200","0012","0253","200","45","155","4","204","627","0","32.54","7.18"
"10","009","00","200","0013","0000","363","97","266","4","367","1006","0","36.48","9.64"
"10","009","00","200","0013","0256","363","97","266","4","367","1006","0","36.48","9.64"
"10","009","00","200","0014","0000","337","98","239","10","347","967","0","35.88","10.13"
"10","009","00","200","0014","0254","337","98","239","10","347","967","0","35.88","10.13"
"10","009","00","200","0015","0000","266","71","195","5","271","803","0","33.75","8.84"
"10","009","00","200","0015","0255","266","71","195","5","271","803","0","33.75","8.84"
"10","009","00","200","0016","0000","321","93","228","4","325","927","0","35.06","10.03"
"10","009","00","200","0016","0264","321","93","228","4","325","927","0","35.06","10.03"
"10","009","00","200","0017","0000","244","65","179","7","251","776","0","32.35","8.38"
"10","009","00","200","0017","0265","244","65","179","7","251","776","0","32.35","8.38"
"10","009","00","200","0018","0000","284","113","171","7","291","989","0","29.42","11.43"
"10","009","00","200","0018","0266","284","113","171","7","291","989","0","29.42","11.43"
"10","009","00","200","0019","0000","187","45","142","2","189","484","0","39.05","9.30"
"10","009","00","200","0019","0267","187","45","142","2","189","484","0","39.05","9.30"
"10","009","00","200","0020","0000","195","39","156","5","200","647","0","30.91","6.03"
"10","009","00","200","0020","0268","195","39","156","5","200","647","0","30.91","6.03"
"10","009","00","200","0021","0000","222","39","183","7","229","655","0","34.96","5.95"
"10","009","00","200","0021","0269","222","39","183","7","229","655","0","34.96","5.95"
"10","009","00","200","0022","0000","188","43","145","5","193","653","0","29.56","6.58"
"10","009","00","200","0022","0270","188","43","145","5","193","653","0","29.56","6.58"
"10","009","00","200","0023","0000","227","74","153","4","231","653","0","35.38","11.33"
"10","009","00","200","0023","0257","227","74","153","4","231","653","0","35.38","11.33"
"10","009","00","200","0024","0000","244","89","155","13","257","765","0","33.59","11.63"
"10","009","00","200","0024","0273","244","89","155","13","257","765","0","33.59","11.63"
"10","010","00","000","0000","0000","163788","61715","102073","2156","165944","436894","496440","37.98","14.13"
"10","010","00","010","0000","0000","12455","4572","7883","136","12591","32207","38651","39.09","14.20"
"10","010","00","010","0001","0000","873","391","482","8","881","2315","0","38.06","16.89"
"10","010","00","010","0001","0094","471","235","236","5","476","1259","0","37.81","18.67"
"10","010","00","010","0001","0095","402","156","246","3","405","1056","0","38.35","14.77"
"10","010","00","010","0002","0000","188","44","144","2","190","466","0","40.77","9.44"
"10","010","00","010","0002","0096","188","44","144","2","190","466","0","40.77","9.44"
"10","010","00","010","0003","0000","615","199","416","7","622","1453","0","42.81","13.70"
"10","010","00","010","0003","0097","318","104","214","3","321","719","0","44.65","14.46"
"10","010","00","010","0003","0098","297","95","202","4","301","734","0","41.01","12.94"
"10","010","00","010","0004","0000","731","273","458","5","736","1685","0","43.68","16.20"
"10","010","00","010","0004","0099","360","124","236","2","362","754","0","48.01","16.45"
"10","010","00","010","0004","0100","371","149","222","3","374","931","0","40.17","16.00"
"10","010","00","010","0005","0000","471","178","293","10","481","1133","0","42.45","15.71"
"10","010","00","010","0005","0101","320","123","197","5","325","748","0","43.45","16.44"
"10","010","00","010","0005","0102","151","55","96","5","156","385","0","40.52","14.29"
"10","010","00","010","0006","0000","380","116","264","6","386","1105","0","34.93","10.50"
"10","010","00","010","0006","0103","380","116","264","6","386","1105","0","34.93","10.50"
"10","010","00","010","0007","0000","329","130","199","4","333","817","0","40.76","15.91"
"10","010","00","010","0007","0104","329","130","199","4","333","817","0","40.76","15.91"
"10","010","00","010","0008","0000","769","330","439","4","773","1799","0","42.97","18.34"
"10","010","00","010","0008","0109","372","134","238","2","374","916","0","40.83","14.63"
"10","010","00","010","0008","0110","397","196","201","2","399","883","0","45.19","22.20"
"10","010","00","010","0009","0000","482","139","343","15","497","1244","0","39.95","11.17"
"10","010","00","010","0009","0111","238","70","168","5","243","631","0","38.51","11.09"
"10","010","00","010","0009","0112","244","69","175","10","254","613","0","41.44","11.26"
"10","010","00","010","0010","0000","905","335","570","11","916","2556","0","35.84","13.11"
"10","010","00","010","0010","0113","295","98","197","2","297","818","0","36.31","11.98"
"10","010","00","010","0010","0114","610","237","373","9","619","1738","0","35.62","13.64"
"10","010","00","010","0011","0000","292","97","195","2","294","724","0","40.61","13.40"
"10","010","00","010","0011","0115","191","59","132","1","192","483","0","39.75","12.22"
"10","010","00","010","0011","0116","101","38","63","1","102","241","0","42.32","15.77"
"10","010","00","010","0012","0000","218","84","134","3","221","547","0","40.40","15.36"
"10","010","00","010","0012","0117","121","36","85","3","124","300","0","41.33","12.00"
"10","010","00","010","0012","0118","97","48","49","0","97","247","0","39.27","19.43"
"10","010","00","010","0013","0000","1396","462","934","8","1404","3489","0","40.24","13.24"
"10","010","00","010","0013","0119","455","110","345","4","459","1084","0","42.34","10.15"
"10","010","00","010","0013","0120","330","131","199","1","331","824","0","40.17","15.90"
"10","010","00","010","0013","0121","358","127","231","1","359","968","0","37.09","13.12"
"10","010","00","010","0013","0122","253","94","159","2","255","613","0","41.60","15.33"
"10","010","00","010","0014","0000","1675","619","1056","19","1694","4625","0","36.63","13.38"
"10","010","00","010","0014","0123","309","114","195","1","310","945","0","32.80","12.06"
"10","010","00","010","0014","0124","387","130","257","1","388","893","0","43.45","14.56"
"10","010","00","010","0014","0125","351","132","219","4","355","936","0","37.93","14.10"
"10","010","00","010","0014","0126","325","132","193","7","332","971","0","34.19","13.59"
"10","010","00","010","0014","0127","303","111","192","6","309","880","0","35.11","12.61"
"10","010","00","010","0015","0000","709","204","505","7","716","1819","0","39.36","11.21"
"10","010","00","010","0015","0128","315","83","232","3","318","811","0","39.21","10.23"
"10","010","00","010","0015","0129","394","121","273","4","398","1008","0","39.48","12.00"
"10","010","00","010","0016","0000","1112","398","714","15","1127","3112","0","36.21","12.79"
"10","010","00","010","0016","0130","443","123","320","6","449","1189","0","37.76","10.34"
"10","010","00","010","0016","0131","375","165","210","7","382","1142","0","33.45","14.45"
"10","010","00","010","0016","0132","294","110","184","2","296","781","0","37.90","14.08"
"10","010","00","010","0017","0000","270","103","167","4","274","679","0","40.35","15.17"
"10","010","00","010","0017","0133","270","103","167","4","274","679","0","40.35","15.17"
"10","010","00","010","0018","0000","1040","470","570","6","1046","2639","0","39.64","17.81"
"10","010","00","010","0018","0105","64","22","42","2","66","212","0","31.13","10.38"
"10","010","00","010","0018","0106","287","86","201","1","288","706","0","40.79","12.18"
"10","010","00","010","0018","0107","351","198","153","1","352","893","0","39.42","22.17"
"10","010","00","010","0018","0108","338","164","174","2","340","828","0","41.06","19.81"
"10","010","00","020","0000","0000","13460","5040","8420","165","13625","34834","41439","39.11","14.47"
"10","010","00","020","0001","0000","720","345","375","7","727","1887","0","38.53","18.28"
"10","010","00","020","0001","0058","439","217","222","3","442","1140","0","38.77","19.04"
"10","010","00","020","0001","0059","281","128","153","4","285","747","0","38.15","17.14"
"10","010","00","020","0002","0000","941","426","515","11","952","2322","0","41.00","18.35"
"10","010","00","020","0002","0060","473","224","249","5","478","1219","0","39.21","18.38"
"10","010","00","020","0002","0061","468","202","266","6","474","1103","0","42.97","18.31"
"10","010","00","020","0003","0000","480","161","319","4","484","1092","0","44.32","14.74"
"10","010","00","020","0003","0062","480","161","319","4","484","1092","0","44.32","14.74"
"10","010","00","020","0004","0000","177","60","117","2","179","377","0","47.48","15.92"
"10","010","00","020","0004","0063","177","60","117","2","179","377","0","47.48","15.92"
"10","010","00","020","0005","0000","260","103","157","3","263","610","0","43.11","16.89"
"10","010","00","020","0005","0064","260","103","157","3","263","610","0","43.11","16.89"
"10","010","00","020","0006","0000","294","128","166","4","298","618","0","48.22","20.71"
"10","010","00","020","0006","0065","294","128","166","4","298","618","0","48.22","20.71"
"10","010","00","020","0007","0000","323","123","200","5","328","819","0","40.05","15.02"
"10","010","00","020","0007","0066","323","123","200","5","328","819","0","40.05","15.02"
"10","010","00","020","0008","0000","705","299","406","4","709","1676","0","42.30","17.84"
"10","010","00","020","0008","0067","310","121","189","3","313","748","0","41.84","16.18"
"10","010","00","020","0008","0068","395","178","217","1","396","928","0","42.67","19.18"
"10","010","00","020","0009","0000","931","309","622","11","942","2498","0","37.71","12.37"
"10","010","00","020","0009","0069","440","174","266","5","445","1110","0","40.09","15.68"
"10","010","00","020","0009","0070","491","135","356","6","497","1388","0","35.81","9.73"
"10","010","00","020","0010","0000","1733","748","985","13","1746","4243","0","41.15","17.63"
"10","010","00","020","0010","0071","581","280","301","5","586","1536","0","38.15","18.23"
"10","010","00","020","0010","0072","498","195","303","2","500","1222","0","40.92","15.96"
"10","010","00","020","0010","0073","654","273","381","6","660","1485","0","44.44","18.38"
"10","010","00","020","0011","0000","241","84","157","0","241","669","0","36.02","12.56"
"10","010","00","020","0011","0074","241","84","157","0","241","669","0","36.02","12.56"
"10","010","00","020","0012","0000","189","65","124","3","192","608","0","31.58","10.69"
"10","010","00","020","0012","0075","189","65","124","3","192","608","0","31.58","10.69"
"10","010","00","020","0013","0000","272","88","184","3","275","768","0","35.81","11.46"
"10","010","00","020","0013","0076","272","88","184","3","275","768","0","35.81","11.46"
"10","010","00","020","0014","0000","410","104","306","4","414","1015","0","40.79","10.25"
"10","010","00","020","0014","0077","410","104","306","4","414","1015","0","40.79","10.25"
"10","010","00","020","0015","0000","670","296","374","6","676","1769","0","38.21","16.73"
"10","010","00","020","0015","0078","670","296","374","6","676","1769","0","38.21","16.73"
"10","010","00","020","0016","0000","1100","393","707","23","1123","3190","0","35.20","12.32"
"10","010","00","020","0016","0079","470","174","296","13","483","1385","0","34.87","12.56"
"10","010","00","020","0016","0080","320","135","185","3","323","888","0","36.37","15.20"
"10","010","00","020","0016","0081","310","84","226","7","317","917","0","34.57","9.16"
"10","010","00","020","0017","0000","1080","436","644","15","1095","2926","0","37.42","14.90"
"10","010","00","020","0017","0082","545","167","378","11","556","1583","0","35.12","10.55"
"10","010","00","020","0017","0083","535","269","266","4","539","1343","0","40.13","20.03"
"10","010","00","020","0018","0000","246","88","158","6","252","742","0","33.96","11.86"
"10","010","00","020","0018","0084","246","88","158","6","252","742","0","33.96","11.86"
"10","010","00","020","0019","0000","412","156","256","4","416","1040","0","40.00","15.00"
"10","010","00","020","0019","0085","412","156","256","4","416","1040","0","40.00","15.00"
"10","010","00","020","0020","0000","327","95","232","7","334","870","0","38.39","10.92"
"10","010","00","020","0020","0086","327","95","232","7","334","870","0","38.39","10.92"
"10","010","00","020","0021","0000","114","37","77","1","115","246","0","46.75","15.04"
"10","010","00","020","0021","0088","114","37","77","1","115","246","0","46.75","15.04"
"10","010","00","020","0022","0000","270","79","191","5","275","709","0","38.79","11.14"
"10","010","00","020","0022","0087","270","79","191","5","275","709","0","38.79","11.14"
"10","010","00","020","0023","0000","264","85","179","2","266","767","0","34.68","11.08"
"10","010","00","020","0023","0089","264","85","179","2","266","767","0","34.68","11.08"
"10","010","00","020","0024","0000","269","128","141","4","273","678","0","40.27","18.88"
"10","010","00","020","0024","0090","269","128","141","4","273","678","0","40.27","18.88"
"10","010","00","020","0025","0000","416","82","334","6","422","1019","0","41.41","8.05"
"10","010","00","020","0025","0091","416","82","334","6","422","1019","0","41.41","8.05"
"10","010","00","020","0026","0000","422","92","330","7","429","1190","0","36.05","7.73"
"10","010","00","020","0026","0092","422","92","330","7","429","1190","0","36.05","7.73"
"10","010","00","020","0027","0000","194","30","164","5","199","486","0","40.95","6.17"
"10","010","00","020","0027","0093","194","30","164","5","199","486","0","40.95","6.17"
"10","010","00","030","0000","0000","8322","3182","5140","137","8459","23144","25692","36.55","13.75"
"10","010","00","030","0001","0000","230","117","113","2","232","593","0","39.12","19.73"
"10","010","00","030","0001","0134","230","117","113","2","232","593","0","39.12","19.73"
"10","010","00","030","0002","0000","143","70","73","4","147","356","0","41.29","19.66"
"10","010","00","030","0002","0135","143","70","73","4","147","356","0","41.29","19.66"
"10","010","00","030","0003","0000","781","348","433","21","802","2143","0","37.42","16.24"
"10","010","00","030","0003","0136","340","159","181","11","351","918","0","38.24","17.32"
"10","010","00","030","0003","0137","441","189","252","10","451","1225","0","36.82","15.43"
"10","010","00","030","0004","0000","387","165","222","2","389","1064","0","36.56","15.51"
"10","010","00","030","0004","0138","387","165","222","2","389","1064","0","36.56","15.51"
"10","010","00","030","0005","0000","680","320","360","10","690","1593","0","43.31","20.09"
"10","010","00","030","0005","0139","391","191","200","7","398","939","0","42.39","20.34"
"10","010","00","030","0005","0140","289","129","160","3","292","654","0","44.65","19.72"
"10","010","00","030","0006","0000","301","108","193","1","302","860","0","35.12","12.56"
"10","010","00","030","0006","0141","301","108","193","1","302","860","0","35.12","12.56"
"10","010","00","030","0007","0000","199","99","100","6","205","683","0","30.01","14.49"
"10","010","00","030","0007","0142","199","99","100","6","205","683","0","30.01","14.49"
"10","010","00","030","0008","0000","228","94","134","4","232","742","0","31.27","12.67"
"10","010","00","030","0008","0143","228","94","134","4","232","742","0","31.27","12.67"
"10","010","00","030","0009","0000","390","97","293","11","401","920","0","43.59","10.54"
"10","010","00","030","0009","0158","390","97","293","11","401","920","0","43.59","10.54"
"10","010","00","030","0010","0000","382","142","240","3","385","1287","0","29.91","11.03"
"10","010","00","030","0010","0159","382","142","240","3","385","1287","0","29.91","11.03"
"10","010","00","030","0011","0000","758","266","492","7","765","2276","0","33.61","11.69"
"10","010","00","030","0011","0160","357","125","232","2","359","1070","0","33.55","11.68"
"10","010","00","030","0011","0161","401","141","260","5","406","1206","0","33.67","11.69"
"10","010","00","030","0012","0000","332","113","219","8","340","1106","0","30.74","10.22"
"10","010","00","030","0012","0162","332","113","219","8","340","1106","0","30.74","10.22"
"10","010","00","030","0013","0000","360","173","187","9","369","1090","0","33.85","15.87"
"10","010","00","030","0013","0151","360","173","187","9","369","1090","0","33.85","15.87"
"10","010","00","030","0014","0000","686","240","446","10","696","1861","0","37.40","12.90"
"10","010","00","030","0014","0152","343","102","241","4","347","924","0","37.55","11.04"
"10","010","00","030","0014","0153","343","138","205","6","349","937","0","37.25","14.73"
"10","010","00","030","0015","0000","105","41","64","1","106","281","0","37.72","14.59"
"10","010","00","030","0015","0154","105","41","64","1","106","281","0","37.72","14.59"
"10","010","00","030","0016","0000","141","53","88","2","143","385","0","37.14","13.77"
"10","010","00","030","0016","0155","141","53","88","2","143","385","0","37.14","13.77"
"10","010","00","030","0017","0000","127","42","85","0","127","288","0","44.10","14.58"
"10","010","00","030","0017","0156","57","23","34","0","57","117","0","48.72","19.66"
"10","010","00","030","0017","0157","70","19","51","0","70","171","0","40.94","11.11"
"10","010","00","030","0018","0000","238","126","112","4","242","713","0","33.94","17.67"
"10","010","00","030","0018","0144","238","126","112","4","242","713","0","33.94","17.67"
"10","010","00","030","0019","0000","420","160","260","6","426","1117","0","38.14","14.32"
"10","010","00","030","0019","0145","420","160","260","6","426","1117","0","38.14","14.32"
"10","010","00","030","0020","0000","538","148","390","8","546","1286","0","42.46","11.51"
"10","010","00","030","0020","0147","538","148","390","8","546","1286","0","42.46","11.51"
"10","010","00","030","0021","0000","467","136","331","9","476","1350","0","35.26","10.07"
"10","010","00","030","0021","0146","467","136","331","9","476","1350","0","35.26","10.07"
"10","010","00","030","0022","0000","193","68","125","6","199","518","0","38.42","13.13"
"10","010","00","030","0022","0148","117","42","75","1","118","270","0","43.70","15.56"
"10","010","00","030","0022","0149","76","26","50","5","81","248","0","32.66","10.48"
"10","010","00","030","0023","0000","236","56","180","3","239","632","0","37.82","8.86"
"10","010","00","030","0023","0150","236","56","180","3","239","632","0","37.82","8.86"
"10","010","00","040","0000","0000","10563","4247","6316","143","10706","26546","30237","40.33","16.00"
"10","010","00","040","0001","0000","215","87","128","2","217","467","0","46.47","18.63"
"10","010","00","040","0001","0274","215","87","128","2","217","467","0","46.47","18.63"
"10","010","00","040","0002","0000","811","325","486","7","818","1816","0","45.04","17.90"
"10","010","00","040","0002","0275","374","147","227","4","378","892","0","42.38","16.48"
"10","010","00","040","0002","0276","437","178","259","3","440","924","0","47.62","19.26"
"10","010","00","040","0003","0000","383","175","208","4","387","885","0","43.73","19.77"
"10","010","00","040","0003","0277","383","175","208","4","387","885","0","43.73","19.77"
"10","010","00","040","0004","0000","2371","1057","1314","24","2395","5889","0","40.67","17.95"
"10","010","00","040","0004","0278","590","239","351","5","595","1407","0","42.29","16.99"
"10","010","00","040","0004","0279","545","253","292","6","551","1394","0","39.53","18.15"
"10","010","00","040","0004","0280","606","253","353","8","614","1520","0","40.39","16.64"
"10","010","00","040","0004","0281","630","312","318","5","635","1568","0","40.50","19.90"
"10","010","00","040","0005","0000","477","164","313","9","486","1127","0","43.12","14.55"
"10","010","00","040","0005","0282","477","164","313","9","486","1127","0","43.12","14.55"
"10","010","00","040","0006","0000","656","293","363","9","665","1783","0","37.30","16.43"
"10","010","00","040","0006","0283","656","293","363","9","665","1783","0","37.30","16.43"
"10","010","00","040","0007","0000","268","67","201","1","269","595","0","45.21","11.26"
"10","010","00","040","0007","0284","268","67","201","1","269","595","0","45.21","11.26"
"10","010","00","040","0008","0000","257","61","196","5","262","703","0","37.27","8.68"
"10","010","00","040","0008","0285","257","61","196","5","262","703","0","37.27","8.68"
"10","010","00","040","0009","0000","264","89","175","5","269","612","0","43.95","14.54"
"10","010","00","040","0009","0286","264","89","175","5","269","612","0","43.95","14.54"
"10","010","00","040","0010","0000","74","39","35","1","75","184","0","40.76","21.20"
"10","010","00","040","0010","0287","74","39","35","1","75","184","0","40.76","21.20"
"10","010","00","040","0011","0000","547","242","305","10","557","1563","0","35.64","15.48"
"10","010","00","040","0011","0288","547","242","305","10","557","1563","0","35.64","15.48"
"10","010","00","040","0012","0000","521","196","325","11","532","1405","0","37.86","13.95"
"10","010","00","040","0012","0289","521","196","325","11","532","1405","0","37.86","13.95"
"10","010","00","040","0013","0000","530","199","331","4","534","1327","0","40.24","15.00"
"10","010","00","040","0013","0290","400","159","241","4","404","979","0","41.27","16.24"
"10","010","00","040","0013","0291","130","40","90","0","130","348","0","37.36","11.49"
"10","010","00","040","0014","0000","317","125","192","6","323","793","0","40.73","15.76"
"10","010","00","040","0014","0292","317","125","192","6","323","793","0","40.73","15.76"
"10","010","00","040","0015","0000","637","187","450","15","652","1546","0","42.17","12.10"
"10","010","00","040","0015","0293","637","187","450","15","652","1546","0","42.17","12.10"
"10","010","00","040","0016","0000","729","296","433","11","740","2009","0","36.83","14.73"
"10","010","00","040","0016","0294","365","166","199","6","371","961","0","38.61","17.27"
"10","010","00","040","0016","0295","364","130","234","5","369","1048","0","35.21","12.40"
"10","010","00","040","0017","0000","346","118","228","4","350","905","0","38.67","13.04"
"10","010","00","040","0017","0296","346","118","228","4","350","905","0","38.67","13.04"
"10","010","00","040","0018","0000","253","124","129","5","258","656","0","39.33","18.90"
"10","010","00","040","0018","0297","253","124","129","5","258","656","0","39.33","18.90"
"10","010","00","040","0019","0000","272","121","151","5","277","644","0","43.01","18.79"
"10","010","00","040","0019","0298","272","121","151","5","277","644","0","43.01","18.79"
"10","010","00","040","0020","0000","292","142","150","4","296","817","0","36.23","17.38"
"10","010","00","040","0020","0299","292","142","150","4","296","817","0","36.23","17.38"
"10","010","00","040","0021","0000","343","140","203","1","344","820","0","41.95","17.07"
"10","010","00","040","0021","0300","343","140","203","1","344","820","0","41.95","17.07"
"10","010","00","050","0000","0000","24034","9583","14451","270","24304","61483","71044","39.53","15.59"
"10","010","00","050","0001","0000","937","412","525","7","944","2300","0","41.04","17.91"
"10","010","00","050","0001","0358","557","247","310","5","562","1280","0","43.91","19.30"
"10","010","00","050","0001","0359","380","165","215","2","382","1020","0","37.45","16.18"
"10","010","00","050","0002","0000","676","322","354","7","683","1528","0","44.70","21.07"
"10","010","00","050","0002","0360","676","322","354","7","683","1528","0","44.70","21.07"
"10","010","00","050","0003","0000","1399","542","857","9","1408","3338","0","42.18","16.24"
"10","010","00","050","0003","0361","741","279","462","3","744","1664","0","44.71","16.77"
"10","010","00","050","0003","0362","658","263","395","6","664","1674","0","39.67","15.71"
"10","010","00","050","0004","0000","874","324","550","9","883","2158","0","40.92","15.01"
"10","010","00","050","0004","0363","474","142","332","5","479","1080","0","44.35","13.15"
"10","010","00","050","0004","0364","400","182","218","4","404","1078","0","37.48","16.88"
"10","010","00","050","0005","0000","676","221","455","9","685","1567","0","43.71","14.10"
"10","010","00","050","0005","0365","676","221","455","9","685","1567","0","43.71","14.10"
"10","010","00","050","0006","0000","636","257","379","13","649","1827","0","35.52","14.07"
"10","010","00","050","0006","0366","235","93","142","6","241","701","0","34.38","13.27"
"10","010","00","050","0006","0367","401","164","237","7","408","1126","0","36.23","14.56"
"10","010","00","050","0007","0000","562","335","227","11","573","1469","0","39.01","22.80"
"10","010","00","050","0007","0368","562","335","227","11","573","1469","0","39.01","22.80"
"10","010","00","050","0008","0000","687","171","516","12","699","1708","0","40.93","10.01"
"10","010","00","050","0008","0369","387","106","281","8","395","956","0","41.32","11.09"
"10","010","00","050","0008","0370","300","65","235","4","304","752","0","40.43","8.64"
"10","010","00","050","0009","0000","365","157","208","4","369","962","0","38.36","16.32"
"10","010","00","050","0009","0371","365","157","208","4","369","962","0","38.36","16.32"
"10","010","00","050","0010","0000","348","123","225","5","353","817","0","43.21","15.06"
"10","010","00","050","0010","0372","348","123","225","5","353","817","0","43.21","15.06"
"10","010","00","050","0011","0000","345","102","243","4","349","821","0","42.51","12.42"
"10","010","00","050","0011","0373","345","102","243","4","349","821","0","42.51","12.42"
"10","010","00","050","0012","0000","833","377","456","11","844","2163","0","39.02","17.43"
"10","010","00","050","0012","0374","660","307","353","7","667","1752","0","38.07","17.52"
"10","010","00","050","0012","0375","173","70","103","4","177","411","0","43.07","17.03"
"10","010","00","050","0013","0000","597","260","337","11","608","1346","0","45.17","19.32"
"10","010","00","050","0013","0376","597","260","337","11","608","1346","0","45.17","19.32"
"10","010","00","050","0014","0000","207","80","127","2","209","523","0","39.96","15.30"
"10","010","00","050","0014","0377","207","80","127","2","209","523","0","39.96","15.30"
"10","010","00","050","0015","0000","457","188","269","13","470","1154","0","40.73","16.29"
"10","010","00","050","0015","0378","457","188","269","13","470","1154","0","40.73","16.29"
"10","010","00","050","0016","0000","669","253","416","4","673","1837","0","36.64","13.77"
"10","010","00","050","0016","0396","318","119","199","1","319","955","0","33.40","12.46"
"10","010","00","050","0016","0397","351","134","217","3","354","882","0","40.14","15.19"
"10","010","00","050","0017","0000","932","377","555","11","943","2740","0","34.42","13.76"
"10","010","00","050","0017","0398","468","182","286","4","472","1292","0","36.53","14.09"
"10","010","00","050","0017","0399","464","195","269","7","471","1448","0","32.53","13.47"
"10","010","00","050","0018","0000","853","306","547","5","858","1995","0","43.01","15.34"
"10","010","00","050","0018","0402","419","153","266","2","421","907","0","46.42","16.87"
"10","010","00","050","0018","0403","434","153","281","3","437","1088","0","40.17","14.06"
"10","010","00","050","0019","0000","994","433","561","11","1005","2450","0","41.02","17.67"
"10","010","00","050","0019","0404","554","223","331","6","560","1361","0","41.15","16.39"
"10","010","00","050","0019","0405","440","210","230","5","445","1089","0","40.86","19.28"
"10","010","00","050","0020","0000","1380","477","903","18","1398","3513","0","39.80","13.58"
"10","010","00","050","0020","0406","472","144","328","6","478","1232","0","38.80","11.69"
"10","010","00","050","0020","0407","473","165","308","4","477","1148","0","41.55","14.37"
"10","010","00","050","0020","0408","435","168","267","8","443","1133","0","39.10","14.83"
"10","010","00","050","0021","0000","513","150","363","7","520","1281","0","40.59","11.71"
"10","010","00","050","0021","0409","513","150","363","7","520","1281","0","40.59","11.71"
"10","010","00","050","0022","0000","1933","787","1146","16","1949","5279","0","36.92","14.91"
"10","010","00","050","0022","0379","614","227","387","4","618","1494","0","41.37","15.19"
"10","010","00","050","0022","0380","591","247","344","5","596","1633","0","36.50","15.13"
"10","010","00","050","0022","0381","267","104","163","4","271","750","0","36.13","13.87"
"10","010","00","050","0022","0382","461","209","252","3","464","1402","0","33.10","14.91"
"10","010","00","050","0023","0000","956","465","491","8","964","2449","0","39.36","18.99"
"10","010","00","050","0023","0383","471","219","252","7","478","1211","0","39.47","18.08"
"10","010","00","050","0023","0384","485","246","239","1","486","1238","0","39.26","19.87"
"10","010","00","050","0024","0000","882","357","525","11","893","2361","0","37.82","15.12"
"10","010","00","050","0024","0390","383","149","234","3","386","1014","0","38.07","14.69"
"10","010","00","050","0024","0391","499","208","291","8","507","1347","0","37.64","15.44"
"10","010","00","050","0025","0000","1029","341","688","16","1045","2602","0","40.16","13.11"
"10","010","00","050","0025","0392","629","204","425","11","640","1639","0","39.05","12.45"
"10","010","00","050","0025","0393","400","137","263","5","405","963","0","42.06","14.23"
"10","010","00","050","0026","0000","590","225","365","6","596","1690","0","35.27","13.31"
"10","010","00","050","0026","0394","388","140","248","4","392","1051","0","37.30","13.32"
"10","010","00","050","0026","0395","202","85","117","2","204","639","0","31.92","13.30"
"10","010","00","050","0027","0000","1136","477","659","9","1145","2956","0","38.73","16.14"
"10","010","00","050","0027","0400","521","197","324","4","525","1372","0","38.27","14.36"
"10","010","00","050","0027","0401","615","280","335","5","620","1584","0","39.14","17.68"
"10","010","00","050","0028","0000","2568","1064","1504","21","2589","6649","0","38.94","16.00"
"10","010","00","050","0028","0385","487","217","270","3","490","1301","0","37.66","16.68"
"10","010","00","050","0028","0386","517","237","280","2","519","1338","0","38.79","17.71"
"10","010","00","050","0028","0387","533","216","317","4","537","1390","0","38.63","15.54"
"10","010","00","050","0028","0388","490","219","271","3","493","1281","0","38.49","17.10"
"10","010","00","050","0028","0389","541","175","366","9","550","1339","0","41.08","13.07"
"10","010","00","060","0000","0000","4781","1446","3335","71","4852","12575","13890","38.58","11.50"
"10","010","00","060","0001","0000","513","193","320","5","518","1277","0","40.56","15.11"
"10","010","00","060","0001","0257","513","193","320","5","518","1277","0","40.56","15.11"
"10","010","00","060","0002","0000","291","100","191","4","295","653","0","45.18","15.31"
"10","010","00","060","0002","0258","291","100","191","4","295","653","0","45.18","15.31"
"10","010","00","060","0003","0000","232","79","153","4","236","636","0","37.11","12.42"
"10","010","00","060","0003","0259","135","40","95","3","138","382","0","36.13","10.47"
"10","010","00","060","0003","0260","97","39","58","1","98","254","0","38.58","15.35"
"10","010","00","060","0004","0000","396","92","304","3","399","952","0","41.91","9.66"
"10","010","00","060","0004","0273","396","92","304","3","399","952","0","41.91","9.66"
"10","010","00","060","0005","0000","260","54","206","3","263","656","0","40.09","8.23"
"10","010","00","060","0005","0272","260","54","206","3","263","656","0","40.09","8.23"
"10","010","00","060","0006","0000","279","80","199","5","284","758","0","37.47","10.55"
"10","010","00","060","0006","0266","279","80","199","5","284","758","0","37.47","10.55"
"10","010","00","060","0007","0000","260","62","198","4","264","803","0","32.88","7.72"
"10","010","00","060","0007","0267","260","62","198","4","264","803","0","32.88","7.72"
"10","010","00","060","0008","0000","361","91","270","12","373","1113","0","33.51","8.18"
"10","010","00","060","0008","0268","361","91","270","12","373","1113","0","33.51","8.18"
"10","010","00","060","0009","0000","330","97","233","5","335","971","0","34.50","9.99"
"10","010","00","060","0009","0269","330","97","233","5","335","971","0","34.50","9.99"
"10","010","00","060","0010","0000","365","121","244","8","373","921","0","40.50","13.14"
"10","010","00","060","0010","0270","214","62","152","5","219","538","0","40.71","11.52"
"10","010","00","060","0010","0271","151","59","92","3","154","383","0","40.21","15.40"
"10","010","00","060","0011","0000","498","164","334","9","507","1264","0","40.11","12.97"
"10","010","00","060","0011","0261","339","134","205","8","347","885","0","39.21","15.14"
"10","010","00","060","0011","0262","159","30","129","1","160","379","0","42.22","7.92"
"10","010","00","060","0012","0000","394","123","271","4","398","1013","0","39.29","12.14"
"10","010","00","060","0012","0263","394","123","271","4","398","1013","0","39.29","12.14"
"10","010","00","060","0013","0000","243","78","165","2","245","680","0","36.03","11.47"
"10","010","00","060","0013","0264","243","78","165","2","245","680","0","36.03","11.47"
"10","010","00","060","0014","0000","359","112","247","3","362","878","0","41.23","12.76"
"10","010","00","060","0014","0265","359","112","247","3","362","878","0","41.23","12.76"
"10","010","00","070","0000","0000","10844","3325","7519","144","10988","27120","30952","40.52","12.26"
"10","010","00","070","0001","0000","985","417","568","7","992","2204","0","45.01","18.92"
"10","010","00","070","0001","0324","479","185","294","3","482","1059","0","45.51","17.47"
"10","010","00","070","0001","0325","506","232","274","4","510","1145","0","44.54","20.26"
"10","010","00","070","0002","0000","652","223","429","8","660","1541","0","42.83","14.47"
"10","010","00","070","0002","0326","312","117","195","1","313","701","0","44.65","16.69"
"10","010","00","070","0002","0327","340","106","234","7","347","840","0","41.31","12.62"
"10","010","00","070","0003","0000","585","202","383","6","591","1424","0","41.50","14.19"
"10","010","00","070","0003","0328","268","102","166","3","271","666","0","40.69","15.32"
"10","010","00","070","0003","0329","317","100","217","3","320","758","0","42.22","13.19"
"10","010","00","070","0004","0000","634","245","389","8","642","1618","0","39.68","15.14"
"10","010","00","070","0004","0330","320","127","193","3","323","783","0","41.25","16.22"
"10","010","00","070","0004","0331","314","118","196","5","319","835","0","38.20","14.13"
"10","010","00","070","0005","0000","531","110","421","6","537","1375","0","39.05","8.00"
"10","010","00","070","0005","0332","260","61","199","4","264","689","0","38.32","8.85"
"10","010","00","070","0005","0333","271","49","222","2","273","686","0","39.80","7.14"
"10","010","00","070","0006","0000","644","181","463","9","653","1582","0","41.28","11.44"
"10","010","00","070","0006","0334","308","93","215","2","310","742","0","41.78","12.53"
"10","010","00","070","0006","0335","336","88","248","7","343","840","0","40.83","10.48"
"10","010","00","070","0007","0000","629","171","458","9","638","1618","0","39.43","10.57"
"10","010","00","070","0007","0336","308","79","229","6","314","782","0","40.15","10.10"
"10","010","00","070","0007","0337","321","92","229","3","324","836","0","38.76","11.00"
"10","010","00","070","0008","0000","380","144","236","4","384","931","0","41.25","15.47"
"10","010","00","070","0008","0338","380","144","236","4","384","931","0","41.25","15.47"
"10","010","00","070","0009","0000","214","52","162","3","217","549","0","39.53","9.47"
"10","010","00","070","0009","0339","214","52","162","3","217","549","0","39.53","9.47"
"10","010","00","070","0010","0000","357","55","302","10","367","886","0","41.42","6.21"
"10","010","00","070","0010","0340","357","55","302","10","367","886","0","41.42","6.21"
"10","010","00","070","0011","0000","165","29","136","7","172","465","0","36.99","6.24"
"10","010","00","070","0011","0341","165","29","136","7","172","465","0","36.99","6.24"
"10","010","00","070","0012","0000","194","61","133","3","197","486","0","40.53","12.55"
"10","010","00","070","0012","0342","194","61","133","3","197","486","0","40.53","12.55"
"10","010","00","070","0013","0000","748","195","553","15","763","1627","0","46.90","11.99"
"10","010","00","070","0013","0343","348","85","263","6","354","785","0","45.10","10.83"
"10","010","00","070","0013","0344","400","110","290","9","409","842","0","48.57","13.06"
"10","010","00","070","0014","0000","584","147","437","9","593","1538","0","38.56","9.56"
"10","010","00","070","0014","0345","283","65","218","5","288","798","0","36.09","8.15"
"10","010","00","070","0014","0346","301","82","219","4","305","740","0","41.22","11.08"
"10","010","00","070","0015","0000","511","129","382","3","514","1308","0","39.30","9.86"
"10","010","00","070","0015","0347","259","66","193","0","259","624","0","41.51","10.58"
"10","010","00","070","0015","0348","252","63","189","3","255","684","0","37.28","9.21"
"10","010","00","070","0016","0000","554","222","332","7","561","1492","0","37.60","14.88"
"10","010","00","070","0016","0351","245","84","161","3","248","599","0","41.40","14.02"
"10","010","00","070","0016","0352","309","138","171","4","313","893","0","35.05","15.45"
"10","010","00","070","0017","0000","406","148","258","5","411","1023","0","40.18","14.47"
"10","010","00","070","0017","0350","406","148","258","5","411","1023","0","40.18","14.47"
"10","010","00","070","0018","0000","371","126","245","6","377","947","0","39.81","13.31"
"10","010","00","070","0018","0349","371","126","245","6","377","947","0","39.81","13.31"
"10","010","00","070","0019","0000","357","83","274","5","362","985","0","36.75","8.43"
"10","010","00","070","0019","0353","357","83","274","5","362","985","0","36.75","8.43"
"10","010","00","070","0020","0000","425","117","308","8","433","1118","0","38.73","10.47"
"10","010","00","070","0020","0354","425","117","308","8","433","1118","0","38.73","10.47"
"10","010","00","070","0021","0000","382","118","264","3","385","1017","0","37.86","11.60"
"10","010","00","070","0021","0355","382","118","264","3","385","1017","0","37.86","11.60"
"10","010","00","070","0022","0000","209","56","153","0","209","548","0","38.14","10.22"
"10","010","00","070","0022","0356","209","56","153","0","209","548","0","38.14","10.22"
"10","010","00","070","0023","0000","327","94","233","3","330","838","0","39.38","11.22"
"10","010","00","070","0023","0357","327","94","233","3","330","838","0","39.38","11.22"
"10","010","00","080","0000","0000","7346","2275","5071","113","7459","20088","21914","37.13","11.33"
"10","010","00","080","0001","0000","437","175","262","3","440","1127","0","39.04","15.53"
"10","010","00","080","0001","0001","437","175","262","3","440","1127","0","39.04","15.53"
"10","010","00","080","0002","0000","271","102","169","5","276","788","0","35.03","12.94"
"10","010","00","080","0002","0002","271","102","169","5","276","788","0","35.03","12.94"
"10","010","00","080","0003","0000","322","89","233","3","325","829","0","39.20","10.74"
"10","010","00","080","0003","0003","322","89","233","3","325","829","0","39.20","10.74"
"10","010","00","080","0004","0000","99","63","36","1","100","211","0","47.39","29.86"
"10","010","00","080","0004","0004","99","63","36","1","100","211","0","47.39","29.86"
"10","010","00","080","0005","0000","424","139","285","6","430","1153","0","37.29","12.06"
"10","010","00","080","0005","0005","424","139","285","6","430","1153","0","37.29","12.06"
"10","010","00","080","0006","0000","365","163","202","8","373","1165","0","32.02","13.99"
"10","010","00","080","0006","0006","365","163","202","8","373","1165","0","32.02","13.99"
"10","010","00","080","0007","0000","325","84","241","10","335","861","0","38.91","9.76"
"10","010","00","080","0007","0007","325","84","241","10","335","861","0","38.91","9.76"
"10","010","00","080","0008","0000","241","62","179","10","251","615","0","40.81","10.08"
"10","010","00","080","0008","0008","241","62","179","10","251","615","0","40.81","10.08"
"10","010","00","080","0009","0000","259","64","195","6","265","725","0","36.55","8.83"
"10","010","00","080","0009","0009","198","51","147","4","202","557","0","36.27","9.16"
"10","010","00","080","0009","0010","61","13","48","2","63","168","0","37.50","7.74"
"10","010","00","080","0010","0000","264","41","223","6","270","677","0","39.88","6.06"
"10","010","00","080","0010","0016","264","41","223","6","270","677","0","39.88","6.06"
"10","010","00","080","0011","0000","397","105","292","2","399","996","0","40.06","10.54"
"10","010","00","080","0011","0017","397","105","292","2","399","996","0","40.06","10.54"
"10","010","00","080","0012","0000","307","104","203","5","312","905","0","34.48","11.49"
"10","010","00","080","0012","0018","307","104","203","5","312","905","0","34.48","11.49"
"10","010","00","080","0013","0000","359","105","254","3","362","1019","0","35.53","10.30"
"10","010","00","080","0013","0019","359","105","254","3","362","1019","0","35.53","10.30"
"10","010","00","080","0014","0000","485","136","349","5","490","1433","0","34.19","9.49"
"10","010","00","080","0014","0020","485","136","349","5","490","1433","0","34.19","9.49"
"10","010","00","080","0015","0000","202","62","140","2","204","594","0","34.34","10.44"
"10","010","00","080","0015","0021","202","62","140","2","204","594","0","34.34","10.44"
"10","010","00","080","0016","0000","146","29","117","4","150","467","0","32.12","6.21"
"10","010","00","080","0016","0022","146","29","117","4","150","467","0","32.12","6.21"
"10","010","00","080","0017","0000","213","63","150","2","215","611","0","35.19","10.31"
"10","010","00","080","0017","0023","213","63","150","2","215","611","0","35.19","10.31"
"10","010","00","080","0018","0000","292","97","195","2","294","838","0","35.08","11.58"
"10","010","00","080","0018","0024","292","97","195","2","294","838","0","35.08","11.58"
"10","010","00","080","0019","0000","593","161","432","9","602","1392","0","43.25","11.57"
"10","010","00","080","0019","0011","103","18","85","1","104","204","0","50.98","8.82"
"10","010","00","080","0019","0012","115","30","85","1","116","235","0","49.36","12.77"
"10","010","00","080","0019","0013","133","39","94","1","134","362","0","37.02","10.77"
"10","010","00","080","0019","0014","242","74","168","6","248","591","0","41.96","12.52"
"10","010","00","080","0020","0000","216","67","149","5","221","578","0","38.24","11.59"
"10","010","00","080","0020","0015","216","67","149","5","221","578","0","38.24","11.59"
"10","010","00","080","0021","0000","268","118","150","3","271","734","0","36.92","16.08"
"10","010","00","080","0021","0025","268","118","150","3","271","734","0","36.92","16.08"
"10","010","00","080","0022","0000","170","59","111","4","174","521","0","33.40","11.32"
"10","010","00","080","0022","0026","170","59","111","4","174","521","0","33.40","11.32"
"10","010","00","080","0023","0000","236","71","165","3","239","627","0","38.12","11.32"
"10","010","00","080","0023","0027","236","71","165","3","239","627","0","38.12","11.32"
"10","010","00","080","0024","0000","261","53","208","5","266","659","0","40.36","8.04"
"10","010","00","080","0024","0028","261","53","208","5","266","659","0","40.36","8.04"
"10","010","00","080","0025","0000","194","63","131","1","195","563","0","34.64","11.19"
"10","010","00","080","0025","0029","155","50","105","1","156","440","0","35.45","11.36"
"10","010","00","080","0025","0030","39","13","26","0","39","123","0","31.71","10.57"
"10","010","00","090","0000","0000","7229","2638","4591","140","7369","21235","23594","34.70","12.42"
"10","010","00","090","0001","0000","670","200","470","12","682","1898","0","35.93","10.54"
"10","010","00","090","0001","0031","670","200","470","12","682","1898","0","35.93","10.54"
"10","010","00","090","0002","0000","300","105","195","6","306","922","0","33.19","11.39"
"10","010","00","090","0002","0032","300","105","195","6","306","922","0","33.19","11.39"
"10","010","00","090","0003","0000","417","152","265","6","423","1320","0","32.05","11.52"
"10","010","00","090","0003","0033","417","152","265","6","423","1320","0","32.05","11.52"
"10","010","00","090","0004","0000","544","235","309","4","548","1622","0","33.79","14.49"
"10","010","00","090","0004","0034","544","235","309","4","548","1622","0","33.79","14.49"
"10","010","00","090","0005","0000","325","122","203","8","333","1120","0","29.73","10.89"
"10","010","00","090","0005","0035","325","122","203","8","333","1120","0","29.73","10.89"
"10","010","00","090","0006","0000","209","81","128","3","212","701","0","30.24","11.55"
"10","010","00","090","0006","0036","209","81","128","3","212","701","0","30.24","11.55"
"10","010","00","090","0007","0000","138","55","83","6","144","388","0","37.11","14.18"
"10","010","00","090","0007","0037","138","55","83","6","144","388","0","37.11","14.18"
"10","010","00","090","0008","0000","294","166","128","9","303","839","0","36.11","19.79"
"10","010","00","090","0008","0038","294","166","128","9","303","839","0","36.11","19.79"
"10","010","00","090","0009","0000","317","106","211","7","324","857","0","37.81","12.37"
"10","010","00","090","0009","0039","317","106","211","7","324","857","0","37.81","12.37"
"10","010","00","090","0010","0000","254","74","180","6","260","714","0","36.41","10.36"
"10","010","00","090","0010","0040","254","74","180","6","260","714","0","36.41","10.36"
"10","010","00","090","0011","0000","143","56","87","1","144","368","0","39.13","15.22"
"10","010","00","090","0011","0041","78","28","50","0","78","169","0","46.15","16.57"
"10","010","00","090","0011","0042","65","28","37","1","66","199","0","33.17","14.07"
"10","010","00","090","0012","0000","258","102","156","6","264","957","0","27.59","10.66"
"10","010","00","090","0012","0043","258","102","156","6","264","957","0","27.59","10.66"
"10","010","00","090","0013","0000","469","167","302","9","478","1185","0","40.34","14.09"
"10","010","00","090","0013","0047","469","167","302","9","478","1185","0","40.34","14.09"
"10","010","00","090","0014","0000","269","102","167","10","279","821","0","33.98","12.42"
"10","010","00","090","0014","0048","269","102","167","10","279","821","0","33.98","12.42"
"10","010","00","090","0015","0000","218","78","140","3","221","650","0","34.00","12.00"
"10","010","00","090","0015","0049","218","78","140","3","221","650","0","34.00","12.00"
"10","010","00","090","0016","0000","241","77","164","11","252","795","0","31.70","9.69"
"10","010","00","090","0016","0050","241","77","164","11","252","795","0","31.70","9.69"
"10","010","00","090","0017","0000","231","93","138","4","235","670","0","35.07","13.88"
"10","010","00","090","0017","0051","123","47","76","4","127","358","0","35.47","13.13"
"10","010","00","090","0017","0052","108","46","62","0","108","312","0","34.62","14.74"
"10","010","00","090","0018","0000","410","140","270","7","417","1074","0","38.83","13.04"
"10","010","00","090","0018","0053","410","140","270","7","417","1074","0","38.83","13.04"
"10","010","00","090","0019","0000","329","69","260","6","335","893","0","37.51","7.73"
"10","010","00","090","0019","0054","329","69","260","6","335","893","0","37.51","7.73"
"10","010","00","090","0020","0000","373","158","215","3","376","1167","0","32.22","13.54"
"10","010","00","090","0020","0055","373","158","215","3","376","1167","0","32.22","13.54"
"10","010","00","090","0021","0000","325","125","200","2","327","757","0","43.20","16.51"
"10","010","00","090","0021","0056","170","51","119","2","172","414","0","41.55","12.32"
"10","010","00","090","0021","0057","155","74","81","0","155","343","0","45.19","21.57"
"10","010","00","090","0022","0000","86","33","53","0","86","284","0","30.28","11.62"
"10","010","00","090","0022","0044","86","33","53","0","86","284","0","30.28","11.62"
"10","010","00","090","0023","0000","409","142","267","11","420","1233","0","34.06","11.52"
"10","010","00","090","0023","0045","313","106","207","9","322","1008","0","31.94","10.52"
"10","010","00","090","0023","0046","96","36","60","2","98","225","0","43.56","16.00"
"10","010","00","100","0000","0000","6197","2247","3950","112","6309","15973","17439","39.50","14.07"
"10","010","00","100","0001","0000","258","89","169","8","266","663","0","40.12","13.42"
"10","010","00","100","0001","0163","165","56","109","6","171","444","0","38.51","12.61"
"10","010","00","100","0001","0164","93","33","60","2","95","219","0","43.38","15.07"
"10","010","00","100","0002","0000","602","208","394","12","614","1416","0","43.36","14.69"
"10","010","00","100","0002","0165","363","122","241","5","368","782","0","47.06","15.60"
"10","010","00","100","0002","0166","239","86","153","7","246","634","0","38.80","13.56"
"10","010","00","100","0003","0000","452","205","247","9","461","1125","0","40.98","18.22"
"10","010","00","100","0003","0167","452","205","247","9","461","1125","0","40.98","18.22"
"10","010","00","100","0004","0000","354","153","201","4","358","829","0","43.18","18.46"
"10","010","00","100","0004","0168","354","153","201","4","358","829","0","43.18","18.46"
"10","010","00","100","0005","0000","282","107","175","5","287","749","0","38.32","14.29"
"10","010","00","100","0005","0169","282","107","175","5","287","749","0","38.32","14.29"
"10","010","00","100","0006","0000","466","152","314","9","475","1195","0","39.75","12.72"
"10","010","00","100","0006","0170","466","152","314","9","475","1195","0","39.75","12.72"
"10","010","00","100","0007","0000","148","57","91","1","149","368","0","40.49","15.49"
"10","010","00","100","0007","0171","148","57","91","1","149","368","0","40.49","15.49"
"10","010","00","100","0008","0000","172","79","93","5","177","412","0","42.96","19.17"
"10","010","00","100","0008","0172","128","57","71","2","130","312","0","41.67","18.27"
"10","010","00","100","0008","0173","44","22","22","3","47","100","0","47.00","22.00"
"10","010","00","100","0009","0000","320","128","192","9","329","721","0","45.63","17.75"
"10","010","00","100","0009","0174","320","128","192","9","329","721","0","45.63","17.75"
"10","010","00","100","0010","0000","173","55","118","1","174","422","0","41.23","13.03"
"10","010","00","100","0010","0175","173","55","118","1","174","422","0","41.23","13.03"
"10","010","00","100","0011","0000","185","86","99","3","188","417","0","45.08","20.62"
"10","010","00","100","0011","0176","185","86","99","3","188","417","0","45.08","20.62"
"10","010","00","100","0012","0000","248","94","154","4","252","591","0","42.64","15.91"
"10","010","00","100","0012","0177","248","94","154","4","252","591","0","42.64","15.91"
"10","010","00","100","0013","0000","479","177","302","6","485","1447","0","33.52","12.23"
"10","010","00","100","0013","0178","181","63","118","3","184","537","0","34.26","11.73"
"10","010","00","100","0013","0179","298","114","184","3","301","910","0","33.08","12.53"
"10","010","00","100","0014","0000","241","90","151","4","245","826","0","29.66","10.90"
"10","010","00","100","0014","0180","241","90","151","4","245","826","0","29.66","10.90"
"10","010","00","100","0015","0000","263","67","196","2","265","777","0","34.11","8.62"
"10","010","00","100","0015","0181","263","67","196","2","265","777","0","34.11","8.62"
"10","010","00","100","0016","0000","292","61","231","5","297","796","0","37.31","7.66"
"10","010","00","100","0016","0182","292","61","231","5","297","796","0","37.31","7.66"
"10","010","00","100","0017","0000","147","50","97","3","150","422","0","35.55","11.85"
"10","010","00","100","0017","0183","147","50","97","3","150","422","0","35.55","11.85"
"10","010","00","100","0018","0000","179","89","90","11","190","520","0","36.54","17.12"
"10","010","00","100","0018","0184","179","89","90","11","190","520","0","36.54","17.12"
"10","010","00","100","0019","0000","294","94","200","1","295","724","0","40.75","12.98"
"10","010","00","100","0019","0185","240","80","160","1","241","589","0","40.92","13.58"
"10","010","00","100","0019","0186","54","14","40","0","54","135","0","40.00","10.37"
"10","010","00","100","0020","0000","149","47","102","3","152","363","0","41.87","12.95"
"10","010","00","100","0020","0187","149","47","102","3","152","363","0","41.87","12.95"
"10","010","00","100","0021","0000","199","77","122","2","201","554","0","36.28","13.90"
"10","010","00","100","0021","0188","199","77","122","2","201","554","0","36.28","13.90"
"10","010","00","100","0022","0000","294","82","212","5","299","636","0","47.01","12.89"
"10","010","00","100","0022","0189","231","74","157","3","234","518","0","45.17","14.29"
"10","010","00","100","0022","0190","63","8","55","2","65","118","0","55.08","6.78"
"10","010","00","110","0000","0000","5032","1626","3406","71","5103","13469","14778","37.89","12.07"
"10","010","00","110","0001","0000","179","48","131","1","180","512","0","35.16","9.38"
"10","010","00","110","0001","0191","179","48","131","1","180","512","0","35.16","9.38"
"10","010","00","110","0002","0000","219","60","159","1","220","540","0","40.74","11.11"
"10","010","00","110","0002","0192","219","60","159","1","220","540","0","40.74","11.11"
"10","010","00","110","0003","0000","463","162","301","3","466","1289","0","36.15","12.57"
"10","010","00","110","0003","0193","463","162","301","3","466","1289","0","36.15","12.57"
"10","010","00","110","0004","0000","476","193","283","8","484","1319","0","36.69","14.63"
"10","010","00","110","0004","0194","476","193","283","8","484","1319","0","36.69","14.63"
"10","010","00","110","0005","0000","179","79","100","1","180","736","0","24.46","10.73"
"10","010","00","110","0005","0195","109","43","66","1","110","322","0","34.16","13.35"
"10","010","00","110","0005","0196","70","36","34","0","70","414","0","16.91","8.70"
"10","010","00","110","0006","0000","394","108","286","5","399","1002","0","39.82","10.78"
"10","010","00","110","0006","0197","394","108","286","5","399","1002","0","39.82","10.78"
"10","010","00","110","0007","0000","156","41","115","5","161","427","0","37.70","9.60"
"10","010","00","110","0007","0198","156","41","115","5","161","427","0","37.70","9.60"
"10","010","00","110","0008","0000","327","74","253","6","333","799","0","41.68","9.26"
"10","010","00","110","0008","0199","327","74","253","6","333","799","0","41.68","9.26"
"10","010","00","110","0009","0000","383","102","281","4","387","982","0","39.41","10.39"
"10","010","00","110","0009","0200","383","102","281","4","387","982","0","39.41","10.39"
"10","010","00","110","0010","0000","329","137","192","6","335","937","0","35.75","14.62"
"10","010","00","110","0010","0201","329","137","192","6","335","937","0","35.75","14.62"
"10","010","00","110","0011","0000","294","113","181","6","300","927","0","32.36","12.19"
"10","010","00","110","0011","0202","294","113","181","6","300","927","0","32.36","12.19"
"10","010","00","110","0012","0000","342","79","263","8","350","895","0","39.11","8.83"
"10","010","00","110","0012","0203","237","54","183","7","244","639","0","38.18","8.45"
"10","010","00","110","0012","0204","105","25","80","1","106","256","0","41.41","9.77"
"10","010","00","110","0013","0000","437","141","296","6","443","1126","0","39.34","12.52"
"10","010","00","110","0013","0205","303","92","211","5","308","842","0","36.58","10.93"
"10","010","00","110","0013","0206","134","49","85","1","135","284","0","47.54","17.25"
"10","010","00","110","0014","0000","578","176","402","7","585","1379","0","42.42","12.76"
"10","010","00","110","0014","0207","416","111","305","7","423","1004","0","42.13","11.06"
"10","010","00","110","0014","0208","162","65","97","0","162","375","0","43.20","17.33"
"10","010","00","110","0015","0000","276","113","163","4","280","599","0","46.74","18.86"
"10","010","00","110","0015","0209","143","67","76","2","145","323","0","44.89","20.74"
"10","010","00","110","0015","0210","133","46","87","2","135","276","0","48.91","16.67"
"10","010","00","120","0000","0000","17310","6766","10544","199","17509","43700","48786","40.07","15.48"
"10","010","00","120","0001","0000","1623","698","925","19","1642","4025","0","40.80","17.34"
"10","010","00","120","0001","0211","377","179","198","3","380","1017","0","37.36","17.60"
"10","010","00","120","0001","0212","449","180","269","8","457","1070","0","42.71","16.82"
"10","010","00","120","0001","0213","402","159","243","4","406","1069","0","37.98","14.87"
"10","010","00","120","0001","0214","395","180","215","4","399","869","0","45.91","20.71"
"10","010","00","120","0002","0000","1054","466","588","7","1061","2466","0","43.03","18.90"
"10","010","00","120","0002","0215","474","200","274","2","476","1129","0","42.16","17.71"
"10","010","00","120","0002","0216","580","266","314","5","585","1337","0","43.75","19.90"
"10","010","00","120","0003","0000","776","238","538","9","785","1615","0","48.61","14.74"
"10","010","00","120","0003","0224","318","108","210","0","318","613","0","51.88","17.62"
"10","010","00","120","0003","0225","309","93","216","4","313","640","0","48.91","14.53"
"10","010","00","120","0003","0226","149","37","112","5","154","362","0","42.54","10.22"
"10","010","00","120","0004","0000","786","271","515","8","794","2073","0","38.30","13.07"
"10","010","00","120","0004","0227","380","124","256","3","383","1025","0","37.37","12.10"
"10","010","00","120","0004","0228","406","147","259","5","411","1048","0","39.22","14.03"
"10","010","00","120","0005","0000","343","103","240","5","348","782","0","44.50","13.17"
"10","010","00","120","0005","0229","343","103","240","5","348","782","0","44.50","13.17"
"10","010","00","120","0006","0000","605","261","344","12","617","1540","0","40.06","16.95"
"10","010","00","120","0006","0217","482","209","273","7","489","1235","0","39.60","16.92"
"10","010","00","120","0006","0218","123","52","71","5","128","305","0","41.97","17.05"
"10","010","00","120","0007","0000","745","315","430","9","754","1867","0","40.39","16.87"
"10","010","00","120","0007","0219","274","114","160","5","279","653","0","42.73","17.46"
"10","010","00","120","0007","0220","471","201","270","4","475","1214","0","39.13","16.56"
"10","010","00","120","0008","0000","677","315","362","8","685","1779","0","38.50","17.71"
"10","010","00","120","0008","0221","352","162","190","5","357","1023","0","34.90","15.84"
"10","010","00","120","0008","0222","325","153","172","3","328","756","0","43.39","20.24"
"10","010","00","120","0009","0000","182","82","100","2","184","427","0","43.09","19.20"
"10","010","00","120","0009","0223","182","82","100","2","184","427","0","43.09","19.20"
"10","010","00","120","0010","0000","241","138","103","4","245","614","0","39.90","22.48"
"10","010","00","120","0010","0233","241","138","103","4","245","614","0","39.90","22.48"
"10","010","00","120","0011","0000","212","94","118","2","214","384","0","55.73","24.48"
"10","010","00","120","0011","0234","212","94","118","2","214","384","0","55.73","24.48"
"10","010","00","120","0012","0000","521","181","340","2","523","1345","0","38.88","13.46"
"10","010","00","120","0012","0235","333","121","212","1","334","758","0","44.06","15.96"
"10","010","00","120","0012","0236","188","60","128","1","189","587","0","32.20","10.22"
"10","010","00","120","0013","0000","833","256","577","10","843","1915","0","44.02","13.37"
"10","010","00","120","0013","0230","447","136","311","5","452","1029","0","43.93","13.22"
"10","010","00","120","0013","0231","386","120","266","5","391","886","0","44.13","13.54"
"10","010","00","120","0014","0000","423","142","281","9","432","1028","0","42.02","13.81"
"10","010","00","120","0014","0232","423","142","281","9","432","1028","0","42.02","13.81"
"10","010","00","120","0015","0000","718","278","440","8","726","2028","0","35.80","13.71"
"10","010","00","120","0015","0239","307","121","186","3","310","893","0","34.71","13.55"
"10","010","00","120","0015","0240","411","157","254","5","416","1135","0","36.65","13.83"
"10","010","00","120","0016","0000","798","261","537","7","805","1983","0","40.60","13.16"
"10","010","00","120","0016","0241","468","151","317","5","473","1068","0","44.29","14.14"
"10","010","00","120","0016","0242","330","110","220","2","332","915","0","36.28","12.02"
"10","010","00","120","0017","0000","686","326","360","6","692","1782","0","38.83","18.29"
"10","010","00","120","0017","0237","330","146","184","2","332","804","0","41.29","18.16"
"10","010","00","120","0017","0238","356","180","176","4","360","978","0","36.81","18.40"
"10","010","00","120","0018","0000","1648","622","1026","20","1668","4357","0","38.28","14.28"
"10","010","00","120","0018","0244","522","178","344","7","529","1373","0","38.53","12.96"
"10","010","00","120","0018","0245","570","212","358","8","578","1473","0","39.24","14.39"
"10","010","00","120","0018","0246","556","232","324","5","561","1511","0","37.13","15.35"
"10","010","00","120","0019","0000","1206","506","700","15","1221","2967","0","41.15","17.05"
"10","010","00","120","0019","0247","631","253","378","9","640","1505","0","42.52","16.81"
"10","010","00","120","0019","0248","575","253","322","6","581","1462","0","39.74","17.31"
"10","010","00","120","0020","0000","708","300","408","11","719","1853","0","38.80","16.19"
"10","010","00","120","0020","0252","429","171","258","5","434","1067","0","40.67","16.03"
"10","010","00","120","0020","0253","279","129","150","6","285","786","0","36.26","16.41"
"10","010","00","120","0021","0000","648","253","395","2","650","1779","0","36.54","14.22"
"10","010","00","120","0021","0250","408","149","259","2","410","1170","0","35.04","12.74"
"10","010","00","120","0021","0251","240","104","136","0","240","609","0","39.41","17.08"
"10","010","00","120","0022","0000","337","127","210","2","339","910","0","37.25","13.96"
"10","010","00","120","0022","0254","337","127","210","2","339","910","0","37.25","13.96"
"10","010","00","120","0023","0000","377","129","248","8","385","971","0","39.65","13.29"
"10","010","00","120","0023","0255","377","129","248","8","385","971","0","39.65","13.29"
"10","010","00","120","0024","0000","425","130","295","6","431","1239","0","34.79","10.49"
"10","010","00","120","0024","0256","425","130","295","6","431","1239","0","34.79","10.49"
"10","010","00","120","0025","0000","430","159","271","6","436","1179","0","36.98","13.49"
"10","010","00","120","0025","0243","430","159","271","6","436","1179","0","36.98","13.49"
"10","010","00","120","0026","0000","308","115","193","2","310","792","0","39.14","14.52"
"10","010","00","120","0026","0249","308","115","193","2","310","792","0","39.14","14.52"
"10","010","00","130","0000","0000","13980","5392","8588","152","14132","38789","43935","36.43","13.90"
"10","010","00","130","0001","0000","615","231","384","6","621","1790","0","34.69","12.91"
"10","010","00","130","0001","0465","248","88","160","4","252","670","0","37.61","13.13"
"10","010","00","130","0001","0466","367","143","224","2","369","1120","0","32.95","12.77"
"10","010","00","130","0002","0000","373","155","218","2","375","935","0","40.11","16.58"
"10","010","00","130","0002","0467","373","155","218","2","375","935","0","40.11","16.58"
"10","010","00","130","0003","0000","322","138","184","4","326","787","0","41.42","17.53"
"10","010","00","130","0003","0479","322","138","184","4","326","787","0","41.42","17.53"
"10","010","00","130","0004","0000","342","89","253","4","346","862","0","40.14","10.32"
"10","010","00","130","0004","0478","342","89","253","4","346","862","0","40.14","10.32"
"10","010","00","130","0005","0000","462","186","276","6","468","1500","0","31.20","12.40"
"10","010","00","130","0005","0468","238","98","140","4","242","770","0","31.43","12.73"
"10","010","00","130","0005","0469","224","88","136","2","226","730","0","30.96","12.05"
"10","010","00","130","0006","0000","1056","417","639","14","1070","2900","0","36.90","14.38"
"10","010","00","130","0006","0448","354","155","199","4","358","1046","0","34.23","14.82"
"10","010","00","130","0006","0449","314","115","199","6","320","816","0","39.22","14.09"
"10","010","00","130","0006","0450","388","147","241","4","392","1038","0","37.76","14.16"
"10","010","00","130","0007","0000","1238","479","759","11","1249","3322","0","37.60","14.42"
"10","010","00","130","0007","0451","517","218","299","4","521","1290","0","40.39","16.90"
"10","010","00","130","0007","0452","345","133","212","1","346","872","0","39.68","15.25"
"10","010","00","130","0007","0453","376","128","248","6","382","1160","0","32.93","11.03"
"10","010","00","130","0008","0000","2662","1128","1534","20","2682","7020","0","38.21","16.07"
"10","010","00","130","0008","0454","489","212","277","6","495","1391","0","35.59","15.24"
"10","010","00","130","0008","0455","520","250","270","1","521","1253","0","41.58","19.95"
"10","010","00","130","0008","0456","392","172","220","6","398","1081","0","36.82","15.91"
"10","010","00","130","0008","0457","506","193","313","2","508","1306","0","38.90","14.78"
"10","010","00","130","0008","0458","283","110","173","2","285","785","0","36.31","14.01"
"10","010","00","130","0008","0459","472","191","281","3","475","1204","0","39.45","15.86"
"10","010","00","130","0009","0000","2025","781","1244","27","2052","5652","0","36.31","13.82"
"10","010","00","130","0009","0460","415","165","250","3","418","1176","0","35.54","14.03"
"10","010","00","130","0009","0461","478","192","286","1","479","1344","0","35.64","14.29"
"10","010","00","130","0009","0462","336","140","196","2","338","981","0","34.45","14.27"
"10","010","00","130","0009","0463","365","153","212","10","375","971","0","38.62","15.76"
"10","010","00","130","0009","0464","431","131","300","11","442","1180","0","37.46","11.10"
"10","010","00","130","0010","0000","646","263","383","5","651","1825","0","35.67","14.41"
"10","010","00","130","0010","0470","258","112","146","4","262","771","0","33.98","14.53"
"10","010","00","130","0010","0471","388","151","237","1","389","1054","0","36.91","14.33"
"10","010","00","130","0011","0000","515","163","352","5","520","1490","0","34.90","10.94"
"10","010","00","130","0011","0472","208","54","154","3","211","574","0","36.76","9.41"
"10","010","00","130","0011","0473","307","109","198","2","309","916","0","33.73","11.90"
"10","010","00","130","0012","0000","712","277","435","11","723","2097","0","34.48","13.21"
"10","010","00","130","0012","0474","134","45","89","2","136","430","0","31.63","10.47"
"10","010","00","130","0012","0475","266","104","162","4","270","770","0","35.06","13.51"
"10","010","00","130","0012","0476","312","128","184","5","317","897","0","35.34","14.27"
"10","010","00","130","0013","0000","321","116","205","2","323","1020","0","31.67","11.37"
"10","010","00","130","0013","0477","321","116","205","2","323","1020","0","31.67","11.37"
"10","010","00","130","0014","0000","413","161","252","7","420","1122","0","37.43","14.35"
"10","010","00","130","0014","0480","99","48","51","0","99","280","0","35.36","17.14"
"10","010","00","130","0014","0481","314","113","201","7","321","842","0","38.12","13.42"
"10","010","00","130","0015","0000","344","107","237","4","348","932","0","37.34","11.48"
"10","010","00","130","0015","0482","344","107","237","4","348","932","0","37.34","11.48"
"10","010","00","130","0016","0000","658","216","442","7","665","1851","0","35.93","11.67"
"10","010","00","130","0016","0483","446","150","296","5","451","1187","0","37.99","12.64"
"10","010","00","130","0016","0484","212","66","146","2","214","664","0","32.23","9.94"
"10","010","00","130","0017","0000","225","96","129","2","227","723","0","31.40","13.28"
"10","010","00","130","0017","0487","225","96","129","2","227","723","0","31.40","13.28"
"10","010","00","130","0018","0000","340","118","222","5","345","966","0","35.71","12.22"
"10","010","00","130","0018","0488","166","69","97","1","167","462","0","36.15","14.94"
"10","010","00","130","0018","0489","174","49","125","4","178","504","0","35.32","9.72"
"10","010","00","130","0019","0000","196","55","141","1","197","634","0","31.07","8.68"
"10","010","00","130","0019","0486","196","55","141","1","197","634","0","31.07","8.68"
"10","010","00","130","0020","0000","257","101","156","5","262","714","0","36.69","14.15"
"10","010","00","130","0020","0485","257","101","156","5","262","714","0","36.69","14.15"
"10","010","00","130","0021","0000","154","64","90","2","156","356","0","43.82","17.98"
"10","010","00","130","0021","0490","154","64","90","2","156","356","0","43.82","17.98"
"10","010","00","130","0022","0000","104","51","53","2","106","291","0","36.43","17.53"
"10","010","00","130","0022","0491","104","51","53","2","106","291","0","36.43","17.53"
"10","010","00","140","0000","0000","10828","4166","6662","145","10973","30617","34503","35.84","13.61"
"10","010","00","140","0001","0000","960","386","574","11","971","2455","0","39.55","15.72"
"10","010","00","140","0001","0410","489","179","310","5","494","1292","0","38.24","13.85"
"10","010","00","140","0001","0411","471","207","264","6","477","1163","0","41.01","17.80"
"10","010","00","140","0002","0000","728","265","463","9","737","2167","0","34.01","12.23"
"10","010","00","140","0002","0412","344","127","217","3","347","973","0","35.66","13.05"
"10","010","00","140","0002","0413","384","138","246","6","390","1194","0","32.66","11.56"
"10","010","00","140","0003","0000","233","93","140","3","236","750","0","31.47","12.40"
"10","010","00","140","0003","0414","233","93","140","3","236","750","0","31.47","12.40"
"10","010","00","140","0004","0000","305","81","224","9","314","813","0","38.62","9.96"
"10","010","00","140","0004","0415","305","81","224","9","314","813","0","38.62","9.96"
"10","010","00","140","0005","0000","502","165","337","8","510","1212","0","42.08","13.61"
"10","010","00","140","0005","0416","502","165","337","8","510","1212","0","42.08","13.61"
"10","010","00","140","0006","0000","293","114","179","6","299","603","0","49.59","18.91"
"10","010","00","140","0006","0417","293","114","179","6","299","603","0","49.59","18.91"
"10","010","00","140","0007","0000","307","103","204","3","310","1025","0","30.24","10.05"
"10","010","00","140","0007","0418","307","103","204","3","310","1025","0","30.24","10.05"
"10","010","00","140","0008","0000","1986","885","1101","21","2007","5214","0","38.49","16.97"
"10","010","00","140","0008","0419","503","208","295","5","508","1289","0","39.41","16.14"
"10","010","00","140","0008","0420","505","226","279","10","515","1341","0","38.40","16.85"
"10","010","00","140","0008","0421","251","110","141","2","253","634","0","39.91","17.35"
"10","010","00","140","0008","0422","516","246","270","4","520","1389","0","37.44","17.71"
"10","010","00","140","0008","0423","211","95","116","0","211","561","0","37.61","16.93"
"10","010","00","140","0009","0000","548","206","342","5","553","1401","0","39.47","14.70"
"10","010","00","140","0009","0424","548","206","342","5","553","1401","0","39.47","14.70"
"10","010","00","140","0010","0000","466","193","273","9","475","1362","0","34.88","14.17"
"10","010","00","140","0010","0425","466","193","273","9","475","1362","0","34.88","14.17"
"10","010","00","140","0011","0000","620","223","397","10","630","1562","0","40.33","14.28"
"10","010","00","140","0011","0426","620","223","397","10","630","1562","0","40.33","14.28"
"10","010","00","140","0012","0000","485","167","318","5","490","1738","0","28.19","9.61"
"10","010","00","140","0012","0427","204","80","124","2","206","759","0","27.14","10.54"
"10","010","00","140","0012","0428","281","87","194","3","284","979","0","29.01","8.89"
"10","010","00","140","0013","0000","176","73","103","4","180","611","0","29.46","11.95"
"10","010","00","140","0013","0431","176","73","103","4","180","611","0","29.46","11.95"
"10","010","00","140","0014","0000","307","116","191","5","312","998","0","31.26","11.62"
"10","010","00","140","0014","0429","101","26","75","1","102","334","0","30.54","7.78"
"10","010","00","140","0014","0430","206","90","116","4","210","664","0","31.63","13.55"
"10","010","00","140","0015","0000","298","139","159","3","301","851","0","35.37","16.33"
"10","010","00","140","0015","0432","176","72","104","2","178","464","0","38.36","15.52"
"10","010","00","140","0015","0433","122","67","55","1","123","387","0","31.78","17.31"
"10","010","00","140","0016","0000","217","83","134","1","218","624","0","34.94","13.30"
"10","010","00","140","0016","0434","217","83","134","1","218","624","0","34.94","13.30"
"10","010","00","140","0017","0000","609","184","425","7","616","1756","0","35.08","10.48"
"10","010","00","140","0017","0435","74","25","49","1","75","211","0","35.55","11.85"
"10","010","00","140","0017","0436","535","159","376","6","541","1545","0","35.02","10.29"
"10","010","00","140","0018","0000","219","85","134","5","224","626","0","35.78","13.58"
"10","010","00","140","0018","0437","219","85","134","5","224","626","0","35.78","13.58"
"10","010","00","140","0019","0000","156","57","99","1","157","416","0","37.74","13.70"
"10","010","00","140","0019","0438","156","57","99","1","157","416","0","37.74","13.70"
"10","010","00","140","0020","0000","632","220","412","10","642","1845","0","34.80","11.92"
"10","010","00","140","0020","0439","342","112","230","5","347","902","0","38.47","12.42"
"10","010","00","140","0020","0440","290","108","182","5","295","943","0","31.28","11.45"
"10","010","00","140","0021","0000","267","119","148","6","273","903","0","30.23","13.18"
"10","010","00","140","0021","0441","233","93","140","4","237","797","0","29.74","11.67"
"10","010","00","140","0021","0442","34","26","8","2","36","106","0","33.96","24.53"
"10","010","00","140","0022","0000","66","16","50","0","66","238","0","27.73","6.72"
"10","010","00","140","0022","0443","66","16","50","0","66","238","0","27.73","6.72"
"10","010","00","140","0023","0000","242","89","153","0","242","766","0","31.59","11.62"
"10","010","00","140","0023","0444","84","39","45","0","84","318","0","26.42","12.26"
"10","010","00","140","0023","0445","158","50","108","0","158","448","0","35.27","11.16"
"10","010","00","140","0024","0000","206","104","102","4","210","681","0","30.84","15.27"
"10","010","00","140","0024","0446","138","68","70","2","140","434","0","32.26","15.67"
"10","010","00","140","0024","0447","68","36","32","2","70","247","0","28.34","14.57"
"10","010","00","150","0000","0000","5614","2328","3286","86","5700","16554","18481","34.43","14.06"
"10","010","00","150","0001","0000","801","305","496","15","816","2182","0","37.40","13.98"
"10","010","00","150","0001","0301","369","142","227","8","377","962","0","39.19","14.76"
"10","010","00","150","0001","0302","432","163","269","7","439","1220","0","35.98","13.36"
"10","010","00","150","0002","0000","353","177","176","3","356","869","0","40.97","20.37"
"10","010","00","150","0002","0303","353","177","176","3","356","869","0","40.97","20.37"
"10","010","00","150","0003","0000","193","73","120","3","196","540","0","36.30","13.52"
"10","010","00","150","0003","0307","193","73","120","3","196","540","0","36.30","13.52"
"10","010","00","150","0004","0000","1544","630","914","20","1564","4337","0","36.06","14.53"
"10","010","00","150","0004","0304","448","177","271","5","453","1142","0","39.67","15.50"
"10","010","00","150","0004","0305","470","181","289","3","473","1353","0","34.96","13.38"
"10","010","00","150","0004","0306","626","272","354","12","638","1842","0","34.64","14.77"
"10","010","00","150","0005","0000","146","56","90","3","149","393","0","37.91","14.25"
"10","010","00","150","0005","0308","146","56","90","3","149","393","0","37.91","14.25"
"10","010","00","150","0006","0000","181","80","101","2","183","500","0","36.60","16.00"
"10","010","00","150","0006","0314","181","80","101","2","183","500","0","36.60","16.00"
"10","010","00","150","0007","0000","107","33","74","3","110","355","0","30.99","9.30"
"10","010","00","150","0007","0315","107","33","74","3","110","355","0","30.99","9.30"
"10","010","00","150","0008","0000","180","73","107","5","185","579","0","31.95","12.61"
"10","010","00","150","0008","0309","180","73","107","5","185","579","0","31.95","12.61"
"10","010","00","150","0009","0000","555","207","348","8","563","1618","0","34.80","12.79"
"10","010","00","150","0009","0311","276","104","172","6","282","848","0","33.25","12.26"
"10","010","00","150","0009","0312","279","103","176","2","281","770","0","36.49","13.38"
"10","010","00","150","0010","0000","207","76","131","3","210","548","0","38.32","13.87"
"10","010","00","150","0010","0310","207","76","131","3","210","548","0","38.32","13.87"
"10","010","00","150","0011","0000","222","91","131","4","226","814","0","27.76","11.18"
"10","010","00","150","0011","0313","222","91","131","4","226","814","0","27.76","11.18"
"10","010","00","150","0012","0000","139","64","75","1","140","488","0","28.69","13.11"
"10","010","00","150","0012","0316","139","64","75","1","140","488","0","28.69","13.11"
"10","010","00","150","0013","0000","84","41","43","0","84","275","0","30.55","14.91"
"10","010","00","150","0013","0319","84","41","43","0","84","275","0","30.55","14.91"
"10","010","00","150","0014","0000","153","90","63","0","153","414","0","36.96","21.74"
"10","010","00","150","0014","0317","153","90","63","0","153","414","0","36.96","21.74"
"10","010","00","150","0015","0000","207","103","104","6","213","703","0","30.30","14.65"
"10","010","00","150","0015","0320","207","103","104","6","213","703","0","30.30","14.65"
"10","010","00","150","0016","0000","182","110","72","2","184","610","0","30.16","18.03"
"10","010","00","150","0016","0321","182","110","72","2","184","610","0","30.16","18.03"
"10","010","00","150","0017","0000","236","91","145","6","242","929","0","26.05","9.80"
"10","010","00","150","0017","0322","135","42","93","5","140","525","0","26.67","8.00"
"10","010","00","150","0017","0323","101","49","52","1","102","404","0","25.25","12.13"
"10","010","00","150","0018","0000","124","28","96","2","126","400","0","31.50","7.00"
"10","010","00","150","0018","0318","124","28","96","2","126","400","0","31.50","7.00"
"10","010","00","160","0000","0000","3350","1484","1866","35","3385","9931","11097","34.09","14.94"
"10","010","00","160","0001","0000","440","230","210","4","444","1143","0","38.85","20.12"
"10","010","00","160","0001","0492","440","230","210","4","444","1143","0","38.85","20.12"
"10","010","00","160","0002","0000","168","71","97","1","169","440","0","38.41","16.14"
"10","010","00","160","0002","0493","168","71","97","1","169","440","0","38.41","16.14"
"10","010","00","160","0003","0000","408","167","241","5","413","1282","0","32.22","13.03"
"10","010","00","160","0003","0494","261","110","151","2","263","749","0","35.11","14.69"
"10","010","00","160","0003","0495","147","57","90","3","150","533","0","28.14","10.69"
"10","010","00","160","0004","0000","670","296","374","5","675","1748","0","38.62","16.93"
"10","010","00","160","0004","0496","329","145","184","3","332","898","0","36.97","16.15"
"10","010","00","160","0004","0497","341","151","190","2","343","850","0","40.35","17.76"
"10","010","00","160","0005","0000","297","125","172","2","299","835","0","35.81","14.97"
"10","010","00","160","0005","0498","297","125","172","2","299","835","0","35.81","14.97"
"10","010","00","160","0006","0000","313","138","175","1","314","849","0","36.98","16.25"
"10","010","00","160","0006","0499","313","138","175","1","314","849","0","36.98","16.25"
"10","010","00","160","0007","0000","408","172","236","5","413","1220","0","33.85","14.10"
"10","010","00","160","0007","0500","209","146","63","4","213","794","0","26.83","18.39"
"10","010","00","160","0007","0501","199","26","173","1","200","426","0","46.95","6.10"
"10","010","00","160","0008","0000","153","54","99","7","160","596","0","26.85","9.06"
"10","010","00","160","0008","0502","153","54","99","7","160","596","0","26.85","9.06"
"10","010","00","160","0009","0000","249","106","143","2","251","956","0","26.26","11.09"
"10","010","00","160","0009","0503","104","44","60","0","104","314","0","33.12","14.01"
"10","010","00","160","0009","0504","145","62","83","2","147","642","0","22.90","9.66"
"10","010","00","160","0010","0000","146","59","87","2","148","498","0","29.72","11.85"
"10","010","00","160","0010","0505","146","59","87","2","148","498","0","29.72","11.85"
"10","010","00","160","0011","0000","98","66","32","1","99","364","0","27.20","18.13"
"10","010","00","160","0011","0506","46","27","19","0","46","160","0","28.75","16.88"
"10","010","00","160","0011","0507","52","39","13","1","53","204","0","25.98","19.12"
"10","010","00","170","0000","0000","998","428","570","16","1014","4008","4553","25.30","10.68"
"10","010","00","170","0001","0000","353","139","214","4","357","1448","0","24.65","9.60"
"10","010","00","170","0001","0521","190","81","109","2","192","723","0","26.56","11.20"
"10","010","00","170","0001","0522","163","58","105","2","165","725","0","22.76","8.00"
"10","010","00","170","0002","0000","171","59","112","3","174","650","0","26.77","9.08"
"10","010","00","170","0002","0523","76","33","43","2","78","342","0","22.81","9.65"
"10","010","00","170","0002","0524","95","26","69","1","96","308","0","31.17","8.44"
"10","010","00","170","0003","0000","117","64","53","1","118","420","0","28.10","15.24"
"10","010","00","170","0003","0525","44","24","20","0","44","181","0","24.31","13.26"
"10","010","00","170","0003","0526","73","40","33","1","74","239","0","30.96","16.74"
"10","010","00","170","0004","0000","183","78","105","5","188","923","0","20.37","8.45"
"10","010","00","170","0004","0527","93","23","70","1","94","484","0","19.42","4.75"
"10","010","00","170","0004","0528","56","39","17","0","56","196","0","28.57","19.90"
"10","010","00","170","0004","0529","34","16","18","4","38","243","0","15.64","6.58"
"10","010","00","170","0005","0000","174","88","86","3","177","567","0","31.22","15.52"
"10","010","00","170","0005","0530","174","88","86","3","177","567","0","31.22","15.52"
"10","010","00","180","0000","0000","1445","970","475","21","1466","4621","5455","31.72","20.99"
"10","010","00","180","0001","0000","111","61","50","1","112","367","0","30.52","16.62"
"10","010","00","180","0001","0508","111","61","50","1","112","367","0","30.52","16.62"
"10","010","00","180","0002","0000","65","43","22","0","65","184","0","35.33","23.37"
"10","010","00","180","0002","0509","65","43","22","0","65","184","0","35.33","23.37"
"10","010","00","180","0003","0000","42","28","14","0","42","142","0","29.58","19.72"
"10","010","00","180","0003","0510","42","28","14","0","42","142","0","29.58","19.72"
"10","010","00","180","0004","0000","80","46","34","3","83","316","0","26.27","14.56"
"10","010","00","180","0004","0511","54","28","26","3","57","235","0","24.26","11.91"
"10","010","00","180","0004","0512","26","18","8","0","26","81","0","32.10","22.22"
"10","010","00","180","0005","0000","129","97","32","1","130","292","0","44.52","33.22"
"10","010","00","180","0005","0514","129","97","32","1","130","292","0","44.52","33.22"
"10","010","00","180","0006","0000","82","47","35","1","83","303","0","27.39","15.51"
"10","010","00","180","0006","0513","82","47","35","1","83","303","0","27.39","15.51"
"10","010","00","180","0007","0000","248","194","54","3","251","819","0","30.65","23.69"
"10","010","00","180","0007","0516","248","194","54","3","251","819","0","30.65","23.69"
"10","010","00","180","0008","0000","299","185","114","8","307","939","0","32.69","19.70"
"10","010","00","180","0008","0515","299","185","114","8","307","939","0","32.69","19.70"
"10","010","00","180","0009","0000","86","67","19","0","86","244","0","35.25","27.46"
"10","010","00","180","0009","0517","86","67","19","0","86","244","0","35.25","27.46"
"10","010","00","180","0010","0000","129","101","28","2","131","472","0","27.75","21.40"
"10","010","00","180","0010","0518","129","101","28","2","131","472","0","27.75","21.40"
"10","010","00","180","0011","0000","92","65","27","2","94","289","0","32.53","22.49"
"10","010","00","180","0011","0519","92","65","27","2","94","289","0","32.53","22.49"
"10","010","00","180","0012","0000","82","36","46","0","82","254","0","32.28","14.17"
"10","010","00","180","0012","0520","82","36","46","0","82","254","0","32.28","14.17"
"10","013","00","000","0000","0000","278204","111353","166851","3086","281290","700254","807970","40.17","15.90"
"10","013","00","010","0000","0000","72442","33637","38805","649","73091","167496","196653","43.64","20.08"
"10","013","00","010","0012","0000","1142","435","707","9","1151","2604","0","44.20","16.71"
"10","013","00","010","0012","0006","568","203","365","3","571","1339","0","42.64","15.16"
"10","013","00","010","0012","0007","574","232","342","6","580","1265","0","45.85","18.34"
"10","013","00","010","0020","0000","600","275","325","3","603","1528","0","39.46","18.00"
"10","013","00","010","0020","0011","324","131","193","1","325","751","0","43.28","17.44"
"10","013","00","010","0020","0012","276","144","132","2","278","777","0","35.78","18.53"
"10","013","00","010","0021","0000","397","171","226","3","400","843","0","47.45","20.28"
"10","013","00","010","0021","0013","397","171","226","3","400","843","0","47.45","20.28"
"10","013","00","010","0022","0000","824","379","445","4","828","1836","0","45.10","20.64"
"10","013","00","010","0022","0029","415","176","239","4","419","906","0","46.25","19.43"
"10","013","00","010","0022","0030","409","203","206","0","409","930","0","43.98","21.83"
"10","013","00","010","0023","0000","1207","533","674","9","1216","2467","0","49.29","21.61"
"10","013","00","010","0023","0024","642","260","382","4","646","1277","0","50.59","20.36"
"10","013","00","010","0023","0025","565","273","292","5","570","1190","0","47.90","22.94"
"10","013","00","010","0024","0000","1639","823","816","15","1654","3454","0","47.89","23.83"
"10","013","00","010","0024","0026","459","260","199","6","465","1046","0","44.46","24.86"
"10","013","00","010","0024","0027","549","261","288","3","552","1134","0","48.68","23.02"
"10","013","00","010","0024","0028","631","302","329","6","637","1274","0","50.00","23.70"
"10","013","00","010","0025","0000","1720","802","918","6","1726","3905","0","44.20","20.54"
"10","013","00","010","0025","0021","576","259","317","3","579","1258","0","46.03","20.59"
"10","013","00","010","0025","0022","609","289","320","1","610","1325","0","46.04","21.81"
"10","013","00","010","0025","0023","535","254","281","2","537","1322","0","40.62","19.21"
"10","013","00","010","0026","0000","4206","2252","1954","31","4237","9028","0","46.93","24.94"
"10","013","00","010","0026","0014","590","314","276","3","593","1298","0","45.69","24.19"
"10","013","00","010","0026","0015","620","332","288","7","627","1358","0","46.17","24.45"
"10","013","00","010","0026","0016","636","342","294","7","643","1364","0","47.14","25.07"
"10","013","00","010","0026","0017","559","315","244","3","562","1259","0","44.64","25.02"
"10","013","00","010","0026","0018","598","337","261","2","600","1209","0","49.63","27.87"
"10","013","00","010","0026","0019","610","326","284","6","616","1281","0","48.09","25.45"
"10","013","00","010","0026","0020","593","286","307","3","596","1259","0","47.34","22.72"
"10","013","00","010","0027","0000","674","204","470","6","680","1482","0","45.88","13.77"
"10","013","00","010","0027","0037","674","204","470","6","680","1482","0","45.88","13.77"
"10","013","00","010","0028","0000","439","124","315","1","440","1032","0","42.64","12.02"
"10","013","00","010","0028","0036","439","124","315","1","440","1032","0","42.64","12.02"
"10","013","00","010","0029","0000","471","118","353","9","480","1115","0","43.05","10.58"
"10","013","00","010","0029","0038","471","118","353","9","480","1115","0","43.05","10.58"
"10","013","00","010","0030","0000","3123","1540","1583","31","3154","7115","0","44.33","21.64"
"10","013","00","010","0030","0031","634","311","323","7","641","1461","0","43.87","21.29"
"10","013","00","010","0030","0032","602","308","294","8","610","1435","0","42.51","21.46"
"10","013","00","010","0030","0033","691","355","336","3","694","1372","0","50.58","25.87"
"10","013","00","010","0030","0034","566","282","284","7","573","1426","0","40.18","19.78"
"10","013","00","010","0030","0035","630","284","346","6","636","1421","0","44.76","19.99"
"10","013","00","010","0031","0000","2270","949","1321","19","2289","5421","0","42.22","17.51"
"10","013","00","010","0031","0063","664","240","424","5","669","1449","0","46.17","16.56"
"10","013","00","010","0031","0064","579","221","358","8","587","1381","0","42.51","16.00"
"10","013","00","010","0031","0065","355","159","196","1","356","967","0","36.81","16.44"
"10","013","00","010","0031","0066","672","329","343","5","677","1624","0","41.69","20.26"
"10","013","00","010","0032","0000","239","73","166","2","241","510","0","47.25","14.31"
"10","013","00","010","0032","0067","239","73","166","2","241","510","0","47.25","14.31"
"10","013","00","010","0033","0000","1240","425","815","10","1250","2821","0","44.31","15.07"
"10","013","00","010","0033","0077","563","192","371","1","564","1223","0","46.12","15.70"
"10","013","00","010","0033","0078","677","233","444","9","686","1598","0","42.93","14.58"
"10","013","00","010","0034","0000","358","127","231","4","362","796","0","45.48","15.95"
"10","013","00","010","0034","0074","358","127","231","4","362","796","0","45.48","15.95"
"10","013","00","010","0035","0000","405","192","213","8","413","900","0","45.89","21.33"
"10","013","00","010","0035","0075","405","192","213","8","413","900","0","45.89","21.33"
"10","013","00","010","0036","0000","557","298","259","4","561","1173","0","47.83","25.40"
"10","013","00","010","0036","0079","557","298","259","4","561","1173","0","47.83","25.40"
"10","013","00","010","0037","0000","297","99","198","4","301","678","0","44.40","14.60"
"10","013","00","010","0037","0076","297","99","198","4","301","678","0","44.40","14.60"
"10","013","00","010","0038","0000","557","331","226","7","564","1104","0","51.09","29.98"
"10","013","00","010","0038","0080","557","331","226","7","564","1104","0","51.09","29.98"
"10","013","00","010","0039","0000","273","106","167","4","277","655","0","42.29","16.18"
"10","013","00","010","0039","0081","273","106","167","4","277","655","0","42.29","16.18"
"10","013","00","010","0040","0000","2911","1235","1676","20","2931","6960","0","42.11","17.74"
"10","013","00","010","0040","0082","504","177","327","8","512","1289","0","39.72","13.73"
"10","013","00","010","0040","0083","563","224","339","3","566","1403","0","40.34","15.97"
"10","013","00","010","0040","0084","644","311","333","3","647","1446","0","44.74","21.51"
"10","013","00","010","0040","0085","497","205","292","1","498","1314","0","37.90","15.60"
"10","013","00","010","0040","0086","703","318","385","5","708","1508","0","46.95","21.09"
"10","013","00","010","0041","0000","985","353","632","11","996","2467","0","40.37","14.31"
"10","013","00","010","0041","0060","563","166","397","6","569","1262","0","45.09","13.15"
"10","013","00","010","0041","0061","422","187","235","5","427","1205","0","35.44","15.52"
"10","013","00","010","0042","0000","670","207","463","9","679","1488","0","45.63","13.91"
"10","013","00","010","0042","0062","670","207","463","9","679","1488","0","45.63","13.91"
"10","013","00","010","0043","0000","925","315","610","14","939","2203","0","42.62","14.30"
"10","013","00","010","0043","0071","484","159","325","7","491","1183","0","41.50","13.44"
"10","013","00","010","0043","0072","441","156","285","7","448","1020","0","43.92","15.29"
"10","013","00","010","0044","0000","620","144","476","7","627","1481","0","42.34","9.72"
"10","013","00","010","0044","0073","620","144","476","7","627","1481","0","42.34","9.72"
"10","013","00","010","0045","0000","466","133","333","3","469","1083","0","43.31","12.28"
"10","013","00","010","0045","0068","466","133","333","3","469","1083","0","43.31","12.28"
"10","013","00","010","0046","0000","711","257","454","8","719","1791","0","40.15","14.35"
"10","013","00","010","0046","0069","336","141","195","3","339","870","0","38.97","16.21"
"10","013","00","010","0046","0070","375","116","259","5","380","921","0","41.26","12.60"
"10","013","00","010","0049","0000","840","291","549","13","853","1995","0","42.76","14.59"
"10","013","00","010","0049","0052","395","124","271","8","403","946","0","42.60","13.11"
"10","013","00","010","0049","0053","445","167","278","5","450","1049","0","42.90","15.92"
"10","013","00","010","0050","0000","449","179","270","5","454","1004","0","45.22","17.83"
"10","013","00","010","0050","0054","449","179","270","5","454","1004","0","45.22","17.83"
"10","013","00","010","0051","0000","521","133","388","9","530","1166","0","45.45","11.41"
"10","013","00","010","0051","0059","521","133","388","9","530","1166","0","45.45","11.41"
"10","013","00","010","0053","0000","3416","1566","1850","32","3448","8068","0","42.74","19.41"
"10","013","00","010","0053","0042","537","269","268","4","541","1239","0","43.66","21.71"
"10","013","00","010","0053","0043","500","231","269","2","502","1307","0","38.41","17.67"
"10","013","00","010","0053","0044","586","264","322","2","588","1390","0","42.30","18.99"
"10","013","00","010","0053","0045","585","236","349","8","593","1398","0","42.42","16.88"
"10","013","00","010","0053","0046","595","294","301","6","601","1359","0","44.22","21.63"
"10","013","00","010","0053","0047","613","272","341","10","623","1375","0","45.31","19.78"
"10","013","00","010","0054","0000","1216","435","781","8","1224","2872","0","42.62","15.15"
"10","013","00","010","0054","0057","605","233","372","5","610","1412","0","43.20","16.50"
"10","013","00","010","0054","0058","611","202","409","3","614","1460","0","42.05","13.84"
"10","013","00","010","0055","0000","1677","775","902","12","1689","4077","0","41.43","19.01"
"10","013","00","010","0055","0039","576","252","324","5","581","1334","0","43.55","18.89"
"10","013","00","010","0055","0040","530","264","266","3","533","1373","0","38.82","19.23"
"10","013","00","010","0055","0041","571","259","312","4","575","1370","0","41.97","18.91"
"10","013","00","010","0056","0000","837","305","532","8","845","1956","0","43.20","15.59"
"10","013","00","010","0056","0055","416","150","266","4","420","1031","0","40.74","14.55"
"10","013","00","010","0056","0056","421","155","266","4","425","925","0","45.95","16.76"
"10","013","00","010","0059","0000","756","377","379","7","763","1637","0","46.61","23.03"
"10","013","00","010","0059","0116","342","166","176","4","346","814","0","42.51","20.39"
"10","013","00","010","0059","0117","414","211","203","3","417","823","0","50.67","25.64"
"10","013","00","010","0060","0000","2003","1041","962","17","2020","4657","0","43.38","22.35"
"10","013","00","010","0060","0118","518","249","269","3","521","1164","0","44.76","21.39"
"10","013","00","010","0060","0119","428","214","214","0","428","1025","0","41.76","20.88"
"10","013","00","010","0060","0120","514","278","236","7","521","1229","0","42.39","22.62"
"10","013","00","010","0060","0121","543","300","243","7","550","1239","0","44.39","24.21"
"10","013","00","010","0061","0000","343","180","163","0","343","730","0","46.99","24.66"
"10","013","00","010","0061","0138","343","180","163","0","343","730","0","46.99","24.66"
"10","013","00","010","0062","0000","264","135","129","1","265","652","0","40.64","20.71"
"10","013","00","010","0062","0139","264","135","129","1","265","652","0","40.64","20.71"
"10","013","00","010","0063","0000","302","132","170","3","305","626","0","48.72","21.09"
"10","013","00","010","0063","0140","302","132","170","3","305","626","0","48.72","21.09"
"10","013","00","010","0064","0000","1967","1033","934","20","1987","4603","0","43.17","22.44"
"10","013","00","010","0064","0134","523","255","268","5","528","1118","0","47.23","22.81"
"10","013","00","010","0064","0135","487","253","234","7","494","1149","0","42.99","22.02"
"10","013","00","010","0064","0136","509","269","240","5","514","1203","0","42.73","22.36"
"10","013","00","010","0064","0137","448","256","192","3","451","1133","0","39.81","22.59"
"10","013","00","010","0065","0000","2027","1103","924","14","2041","5471","0","37.31","20.16"
"10","013","00","010","0065","0112","446","239","207","2","448","1773","0","25.27","13.48"
"10","013","00","010","0065","0113","501","280","221","1","502","1224","0","41.01","22.88"
"10","013","00","010","0065","0114","608","307","301","10","618","1310","0","47.18","23.44"
"10","013","00","010","0065","0115","472","277","195","1","473","1164","0","40.64","23.80"
"10","013","00","010","0066","0000","765","367","398","18","783","1912","0","40.95","19.19"
"10","013","00","010","0066","0106","374","174","200","13","387","913","0","42.39","19.06"
"10","013","00","010","0066","0107","391","193","198","5","396","999","0","39.64","19.32"
"10","013","00","010","0067","0000","989","457","532","9","998","2231","0","44.73","20.48"
"10","013","00","010","0067","0122","466","212","254","4","470","1085","0","43.32","19.54"
"10","013","00","010","0067","0123","523","245","278","5","528","1146","0","46.07","21.38"
"10","013","00","010","0068","0000","1084","488","596","11","1095","2284","0","47.94","21.37"
"10","013","00","010","0068","0132","612","284","328","5","617","1239","0","49.80","22.92"
"10","013","00","010","0068","0133","472","204","268","6","478","1045","0","45.74","19.52"
"10","013","00","010","0069","0000","2559","1344","1215","20","2579","6059","0","42.56","22.18"
"10","013","00","010","0069","0127","503","237","266","6","509","1220","0","41.72","19.43"
"10","013","00","010","0069","0128","544","299","245","4","548","1204","0","45.51","24.83"
"10","013","00","010","0069","0129","487","248","239","2","489","1196","0","40.89","20.74"
"10","013","00","010","0069","0130","509","266","243","3","512","1232","0","41.56","21.59"
"10","013","00","010","0069","0131","516","294","222","5","521","1207","0","43.16","24.36"
"10","013","00","010","0070","0000","1019","481","538","9","1028","2149","0","47.84","22.38"
"10","013","00","010","0070","0143","457","212","245","4","461","1001","0","46.05","21.18"
"10","013","00","010","0070","0144","562","269","293","5","567","1148","0","49.39","23.43"
"10","013","00","010","0071","0000","871","391","480","7","878","2058","0","42.66","19.00"
"10","013","00","010","0071","0110","465","179","286","4","469","1044","0","44.92","17.15"
"10","013","00","010","0071","0111","406","212","194","3","409","1014","0","40.34","20.91"
"10","013","00","010","0073","0000","5175","2954","2221","36","5211","12298","0","42.37","24.02"
"10","013","00","010","0073","0087","350","210","140","2","352","809","0","43.51","25.96"
"10","013","00","010","0073","0088","521","222","299","2","523","1266","0","41.31","17.54"
"10","013","00","010","0073","0089","503","272","231","0","503","1273","0","39.51","21.37"
"10","013","00","010","0073","0090","547","345","202","4","551","1346","0","40.94","25.63"
"10","013","00","010","0073","0091","518","264","254","4","522","1225","0","42.61","21.55"
"10","013","00","010","0073","0092","391","206","185","4","395","910","0","43.41","22.64"
"10","013","00","010","0073","0093","567","362","205","3","570","1392","0","40.95","26.01"
"10","013","00","010","0073","0094","606","361","245","6","612","1343","0","45.57","26.88"
"10","013","00","010","0073","0095","568","340","228","4","572","1310","0","43.66","25.95"
"10","013","00","010","0073","0096","604","372","232","7","611","1424","0","42.91","26.12"
"10","013","00","010","0074","0000","802","532","270","7","809","1655","0","48.88","32.15"
"10","013","00","010","0074","0108","399","260","139","5","404","810","0","49.88","32.10"
"10","013","00","010","0074","0109","403","272","131","2","405","845","0","47.93","32.19"
"10","013","00","010","0075","0000","4539","2679","1860","36","4575","11543","0","39.63","23.21"
"10","013","00","010","0075","0097","532","332","200","3","535","1434","0","37.31","23.15"
"10","013","00","010","0075","0098","457","282","175","8","465","1184","0","39.27","23.82"
"10","013","00","010","0075","0099","515","291","224","6","521","1320","0","39.47","22.05"
"10","013","00","010","0075","0100","548","321","227","3","551","1300","0","42.38","24.69"
"10","013","00","010","0075","0101","602","347","255","3","605","1430","0","42.31","24.27"
"10","013","00","010","0075","0102","499","294","205","5","504","1245","0","40.48","23.61"
"10","013","00","010","0075","0103","548","322","226","6","554","1388","0","39.91","23.20"
"10","013","00","010","0075","0104","280","177","103","1","281","773","0","36.35","22.90"
"10","013","00","010","0075","0105","558","313","245","1","559","1469","0","38.05","21.31"
"10","013","00","010","0076","0000","568","181","387","10","578","1324","0","43.66","13.67"
"10","013","00","010","0076","0124","568","181","387","10","578","1324","0","43.66","13.67"
"10","013","00","010","0077","0000","372","111","261","3","375","849","0","44.17","13.07"
"10","013","00","010","0077","0125","372","111","261","3","375","849","0","44.17","13.07"
"10","013","00","010","0078","0000","424","136","288","14","438","1089","0","40.22","12.49"
"10","013","00","010","0078","0126","424","136","288","14","438","1089","0","40.22","12.49"
"10","013","00","010","0079","0000","423","126","297","5","428","941","0","45.48","13.39"
"10","013","00","010","0079","0142","423","126","297","5","428","941","0","45.48","13.39"
"10","013","00","010","0080","0000","688","176","512","4","692","1560","0","44.36","11.28"
"10","013","00","010","0080","0141","688","176","512","4","692","1560","0","44.36","11.28"
"10","013","00","010","0081","0000","1251","913","338","13","1264","2890","0","43.74","31.59"
"10","013","00","010","0081","0048","598","479","119","7","605","1352","0","44.75","35.43"
"10","013","00","010","0081","0049","653","434","219","6","659","1538","0","42.85","28.22"
"10","013","00","010","0085","0000","537","176","361","2","539","1053","0","51.19","16.71"
"10","013","00","010","0085","0001","537","176","361","2","539","1053","0","51.19","16.71"
"10","013","00","010","0086","0000","290","149","141","6","296","675","0","43.85","22.07"
"10","013","00","010","0086","0002","290","149","141","6","296","675","0","43.85","22.07"
"10","013","00","010","0087","0000","631","269","362","3","634","1310","0","48.40","20.53"
"10","013","00","010","0087","0003","631","269","362","3","634","1310","0","48.40","20.53"
"10","013","00","010","0088","0000","558","212","346","3","561","1240","0","45.24","17.10"
"10","013","00","010","0088","0004","558","212","346","3","561","1240","0","45.24","17.10"
"10","013","00","010","0089","0000","306","102","204","1","307","654","0","46.94","15.60"
"10","013","00","010","0089","0005","306","102","204","1","307","654","0","46.94","15.60"
"10","013","00","010","0090","0000","599","206","393","8","607","1166","0","52.06","17.67"
"10","013","00","010","0090","0008","599","206","393","8","607","1166","0","52.06","17.67"
"10","013","00","010","0091","0000","488","197","291","1","489","1039","0","47.06","18.96"
"10","013","00","010","0091","0009","488","197","291","1","489","1039","0","47.06","18.96"
"10","013","00","010","0092","0000","510","187","323","5","515","1018","0","50.59","18.37"
"10","013","00","010","0092","0010","510","187","323","5","515","1018","0","50.59","18.37"
"10","013","00","010","0093","0000","216","114","102","1","217","525","0","41.33","21.71"
"10","013","00","010","0093","0050","216","114","102","1","217","525","0","41.33","21.71"
"10","013","00","010","0094","0000","234","104","130","7","241","520","0","46.35","20.00"
"10","013","00","010","0094","0051","234","104","130","7","241","520","0","46.35","20.00"
"10","013","00","020","0000","0000","18706","7565","11141","153","18859","46629","53851","40.44","16.22"
"10","013","00","020","0001","0000","224","116","108","2","226","505","0","44.75","22.97"
"10","013","00","020","0001","0145","224","116","108","2","226","505","0","44.75","22.97"
"10","013","00","020","0002","0000","300","104","196","2","302","582","0","51.89","17.87"
"10","013","00","020","0002","0151","300","104","196","2","302","582","0","51.89","17.87"
"10","013","00","020","0003","0000","552","219","333","3","555","1227","0","45.23","17.85"
"10","013","00","020","0003","0167","552","219","333","3","555","1227","0","45.23","17.85"
"10","013","00","020","0004","0000","415","157","258","2","417","983","0","42.42","15.97"
"10","013","00","020","0004","0166","415","157","258","2","417","983","0","42.42","15.97"
"10","013","00","020","0005","0000","1748","764","984","8","1756","4770","0","36.81","16.02"
"10","013","00","020","0005","0146","349","129","220","1","350","913","0","38.34","14.13"
"10","013","00","020","0005","0147","314","146","168","1","315","937","0","33.62","15.58"
"10","013","00","020","0005","0148","400","175","225","4","404","991","0","40.77","17.66"
"10","013","00","020","0005","0149","320","133","187","1","321","928","0","34.59","14.33"
"10","013","00","020","0005","0150","365","181","184","1","366","1001","0","36.56","18.08"
"10","013","00","020","0006","0000","374","108","266","4","378","859","0","44.00","12.57"
"10","013","00","020","0006","0152","374","108","266","4","378","859","0","44.00","12.57"
"10","013","00","020","0007","0000","2289","1028","1261","18","2307","5434","0","42.45","18.92"
"10","013","00","020","0007","0153","536","237","299","2","538","1261","0","42.66","18.79"
"10","013","00","020","0007","0154","682","298","384","8","690","1728","0","39.93","17.25"
"10","013","00","020","0007","0155","570","261","309","3","573","1254","0","45.69","20.81"
"10","013","00","020","0007","0156","501","232","269","5","506","1191","0","42.49","19.48"
"10","013","00","020","0008","0000","2767","1243","1524","18","2785","6463","0","43.09","19.23"
"10","013","00","020","0008","0157","508","213","295","4","512","1141","0","44.87","18.67"
"10","013","00","020","0008","0158","547","272","275","2","549","1347","0","40.76","20.19"
"10","013","00","020","0008","0159","587","274","313","4","591","1410","0","41.91","19.43"
"10","013","00","020","0008","0160","479","193","286","3","482","1097","0","43.94","17.59"
"10","013","00","020","0008","0161","646","291","355","5","651","1468","0","44.35","19.82"
"10","013","00","020","0009","0000","881","388","493","5","886","2106","0","42.07","18.42"
"10","013","00","020","0009","0162","359","156","203","3","362","868","0","41.71","17.97"
"10","013","00","020","0009","0163","522","232","290","2","524","1238","0","42.33","18.74"
"10","013","00","020","0010","0000","549","206","343","6","555","1387","0","40.01","14.85"
"10","013","00","020","0010","0168","549","206","343","6","555","1387","0","40.01","14.85"
"10","013","00","020","0011","0000","929","337","592","3","932","2401","0","38.82","14.04"
"10","013","00","020","0011","0169","524","213","311","0","524","1292","0","40.56","16.49"
"10","013","00","020","0011","0170","405","124","281","3","408","1109","0","36.79","11.18"
"10","013","00","020","0012","0000","920","369","551","8","928","2381","0","38.98","15.50"
"10","013","00","020","0012","0171","494","194","300","5","499","1336","0","37.35","14.52"
"10","013","00","020","0012","0172","426","175","251","3","429","1045","0","41.05","16.75"
"10","013","00","020","0013","0000","2663","1124","1539","23","2686","7120","0","37.72","15.79"
"10","013","00","020","0013","0173","420","151","269","4","424","1077","0","39.37","14.02"
"10","013","00","020","0013","0174","453","183","270","4","457","1240","0","36.85","14.76"
"10","013","00","020","0013","0175","472","228","244","4","476","1161","0","41.00","19.64"
"10","013","00","020","0013","0176","410","169","241","3","413","1106","0","37.34","15.28"
"10","013","00","020","0013","0177","466","185","281","4","470","1323","0","35.53","13.98"
"10","013","00","020","0013","0178","442","208","234","4","446","1213","0","36.77","17.15"
"10","013","00","020","0014","0000","449","189","260","6","455","1172","0","38.82","16.13"
"10","013","00","020","0014","0179","449","189","260","6","455","1172","0","38.82","16.13"
"10","013","00","020","0015","0000","554","219","335","7","561","1413","0","39.70","15.50"
"10","013","00","020","0015","0180","554","219","335","7","561","1413","0","39.70","15.50"
"10","013","00","020","0016","0000","314","109","205","0","314","881","0","35.64","12.37"
"10","013","00","020","0016","0181","314","109","205","0","314","881","0","35.64","12.37"
"10","013","00","020","0017","0000","168","59","109","1","169","468","0","36.11","12.61"
"10","013","00","020","0017","0182","168","59","109","1","169","468","0","36.11","12.61"
"10","013","00","020","0018","0000","621","176","445","13","634","1633","0","38.82","10.78"
"10","013","00","020","0018","0164","404","122","282","9","413","1149","0","35.94","10.62"
"10","013","00","020","0018","0165","217","54","163","4","221","484","0","45.66","11.16"
"10","013","00","020","0019","0000","693","255","438","9","702","1615","0","43.47","15.79"
"10","013","00","020","0019","0183","363","140","223","7","370","884","0","41.86","15.84"
"10","013","00","020","0019","0184","330","115","215","2","332","731","0","45.42","15.73"
"10","013","00","020","0020","0000","686","212","474","9","695","1694","0","41.03","12.51"
"10","013","00","020","0020","0185","325","99","226","5","330","900","0","36.67","11.00"
"10","013","00","020","0020","0186","361","113","248","4","365","794","0","45.97","14.23"
"10","013","00","020","0021","0000","610","183","427","6","616","1535","0","40.13","11.92"
"10","013","00","020","0021","0187","445","142","303","5","450","1185","0","37.97","11.98"
"10","013","00","020","0021","0188","165","41","124","1","166","350","0","47.43","11.71"
"10","013","00","030","0000","0000","15318","5091","10227","135","15453","39127","46590","39.49","13.01"
"10","013","00","030","0001","0000","951","305","646","6","957","1975","0","48.46","15.44"
"10","013","00","030","0001","0189","447","149","298","6","453","955","0","47.43","15.60"
"10","013","00","030","0001","0190","504","156","348","0","504","1020","0","49.41","15.29"
"10","013","00","030","0004","0000","240","95","145","3","243","631","0","38.51","15.06"
"10","013","00","030","0004","0192","240","95","145","3","243","631","0","38.51","15.06"
"10","013","00","030","0007","0000","596","171","425","7","603","1575","0","38.29","10.86"
"10","013","00","030","0007","0203","378","117","261","5","383","1022","0","37.48","11.45"
"10","013","00","030","0007","0204","218","54","164","2","220","553","0","39.78","9.76"
"10","013","00","030","0008","0000","332","114","218","1","333","734","0","45.37","15.53"
"10","013","00","030","0008","0205","332","114","218","1","333","734","0","45.37","15.53"
"10","013","00","030","0009","0000","439","153","286","2","441","1192","0","37.00","12.84"
"10","013","00","030","0009","0206","439","153","286","2","441","1192","0","37.00","12.84"
"10","013","00","030","0010","0000","240","79","161","2","242","559","0","43.29","14.13"
"10","013","00","030","0010","0207","240","79","161","2","242","559","0","43.29","14.13"
"10","013","00","030","0011","0000","491","122","369","4","495","1329","0","37.25","9.18"
"10","013","00","030","0011","0208","491","122","369","4","495","1329","0","37.25","9.18"
"10","013","00","030","0012","0000","705","192","513","5","710","1804","0","39.36","10.64"
"10","013","00","030","0012","0209","280","89","191","0","280","729","0","38.41","12.21"
"10","013","00","030","0012","0210","425","103","322","5","430","1075","0","40.00","9.58"
"10","013","00","030","0013","0000","1046","255","791","6","1052","2840","0","37.04","8.98"
"10","013","00","030","0013","0211","524","146","378","1","525","1361","0","38.57","10.73"
"10","013","00","030","0013","0212","522","109","413","5","527","1479","0","35.63","7.37"
"10","013","00","030","0014","0000","663","182","481","5","668","1680","0","39.76","10.83"
"10","013","00","030","0014","0213","331","75","256","5","336","817","0","41.13","9.18"
"10","013","00","030","0014","0214","332","107","225","0","332","863","0","38.47","12.40"
"10","013","00","030","0015","0000","526","194","332","10","536","1562","0","34.31","12.42"
"10","013","00","030","0015","0215","159","63","96","3","162","417","0","38.85","15.11"
"10","013","00","030","0015","0216","367","131","236","7","374","1145","0","32.66","11.44"
"10","013","00","030","0016","0000","2103","732","1371","14","2117","5363","0","39.47","13.65"
"10","013","00","030","0016","0217","411","121","290","5","416","1003","0","41.48","12.06"
"10","013","00","030","0016","0218","435","150","285","1","436","1017","0","42.87","14.75"
"10","013","00","030","0016","0219","354","148","206","4","358","998","0","35.87","14.83"
"10","013","00","030","0016","0220","392","147","245","1","393","1046","0","37.57","14.05"
"10","013","00","030","0016","0221","511","166","345","3","514","1299","0","39.57","12.78"
"10","013","00","030","0017","0000","788","170","618","16","804","1937","0","41.51","8.78"
"10","013","00","030","0017","0222","468","89","379","8","476","1201","0","39.63","7.41"
"10","013","00","030","0017","0223","320","81","239","8","328","736","0","44.57","11.01"
"10","013","00","030","0018","0000","595","180","415","5","600","1532","0","39.16","11.75"
"10","013","00","030","0018","0224","317","87","230","3","320","815","0","39.26","10.67"
"10","013","00","030","0018","0225","278","93","185","2","280","717","0","39.05","12.97"
"10","013","00","030","0019","0000","3484","1325","2159","23","3507","9392","0","37.34","14.11"
"10","013","00","030","0019","0193","343","128","215","2","345","896","0","38.50","14.29"
"10","013","00","030","0019","0194","423","172","251","5","428","1156","0","37.02","14.88"
"10","013","00","030","0019","0195","504","207","297","1","505","1436","0","35.17","14.42"
"10","013","00","030","0019","0196","431","173","258","2","433","1202","0","36.02","14.39"
"10","013","00","030","0019","0197","382","141","241","6","388","1110","0","34.95","12.70"
"10","013","00","030","0019","0198","451","174","277","2","453","1116","0","40.59","15.59"
"10","013","00","030","0019","0199","504","162","342","2","506","1182","0","42.81","13.71"
"10","013","00","030","0019","0200","446","168","278","3","449","1294","0","34.70","12.98"
"10","013","00","030","0020","0000","549","193","356","5","554","1324","0","41.84","14.58"
"10","013","00","030","0020","0201","549","193","356","5","554","1324","0","41.84","14.58"
"10","013","00","030","0021","0000","417","92","325","10","427","1049","0","40.71","8.77"
"10","013","00","030","0021","0226","417","92","325","10","427","1049","0","40.71","8.77"
"10","013","00","030","0022","0000","286","200","86","4","290","664","0","43.67","30.12"
"10","013","00","030","0022","0227","286","200","86","4","290","664","0","43.67","30.12"
"10","013","00","030","0029","0000","379","133","246","3","382","852","0","44.84","15.61"
"10","013","00","030","0029","0191","379","133","246","3","382","852","0","44.84","15.61"
"10","013","00","030","0030","0000","488","204","284","4","492","1133","0","43.42","18.01"
"10","013","00","030","0030","0202","488","204","284","4","492","1133","0","43.42","18.01"
"10","013","00","040","0000","0000","7387","3397","3990","91","7478","25502","30236","29.32","13.32"
"10","013","00","040","0001","0000","296","156","140","1","297","896","0","33.15","17.41"
"10","013","00","040","0001","0228","296","156","140","1","297","896","0","33.15","17.41"
"10","013","00","040","0002","0000","707","346","361","7","714","2205","0","32.38","15.69"
"10","013","00","040","0002","0229","216","103","113","2","218","706","0","30.88","14.59"
"10","013","00","040","0002","0230","257","127","130","3","260","755","0","34.44","16.82"
"10","013","00","040","0002","0231","234","116","118","2","236","744","0","31.72","15.59"
"10","013","00","040","0003","0000","321","163","158","7","328","1109","0","29.58","14.70"
"10","013","00","040","0003","0232","321","163","158","7","328","1109","0","29.58","14.70"
"10","013","00","040","0004","0000","1199","606","593","6","1205","4194","0","28.73","14.45"
"10","013","00","040","0004","0248","262","124","138","1","263","1028","0","25.58","12.06"
"10","013","00","040","0004","0249","356","187","169","0","356","1081","0","32.93","17.30"
"10","013","00","040","0004","0250","315","148","167","2","317","1035","0","30.63","14.30"
"10","013","00","040","0004","0251","266","147","119","3","269","1050","0","25.62","14.00"
"10","013","00","040","0005","0000","895","439","456","11","906","3117","0","29.07","14.08"
"10","013","00","040","0005","0233","284","141","143","3","287","1081","0","26.55","13.04"
"10","013","00","040","0005","0234","301","157","144","1","302","1011","0","29.87","15.53"
"10","013","00","040","0005","0235","310","141","169","7","317","1025","0","30.93","13.76"
"10","013","00","040","0006","0000","228","92","136","2","230","856","0","26.87","10.75"
"10","013","00","040","0006","0236","228","92","136","2","230","856","0","26.87","10.75"
"10","013","00","040","0007","0000","169","58","111","4","173","504","0","34.33","11.51"
"10","013","00","040","0007","0237","169","58","111","4","173","504","0","34.33","11.51"
"10","013","00","040","0008","0000","165","64","101","2","167","473","0","35.31","13.53"
"10","013","00","040","0008","0238","165","64","101","2","167","473","0","35.31","13.53"
"10","013","00","040","0009","0000","274","105","169","4","278","1021","0","27.23","10.28"
"10","013","00","040","0009","0239","274","105","169","4","278","1021","0","27.23","10.28"
"10","013","00","040","0010","0000","250","102","148","4","254","928","0","27.37","10.99"
"10","013","00","040","0010","0240","250","102","148","4","254","928","0","27.37","10.99"
"10","013","00","040","0011","0000","283","133","150","2","285","1079","0","26.41","12.33"
"10","013","00","040","0011","0241","283","133","150","2","285","1079","0","26.41","12.33"
"10","013","00","040","0012","0000","479","145","334","10","489","1560","0","31.35","9.29"
"10","013","00","040","0012","0242","239","56","183","5","244","776","0","31.44","7.22"
"10","013","00","040","0012","0243","240","89","151","5","245","784","0","31.25","11.35"
"10","013","00","040","0013","0000","533","265","268","8","541","2199","0","24.60","12.05"
"10","013","00","040","0013","0244","282","131","151","4","286","1089","0","26.26","12.03"
"10","013","00","040","0013","0245","251","134","117","4","255","1110","0","22.97","12.07"
"10","013","00","040","0014","0000","319","108","211","5","324","1388","0","23.34","7.78"
"10","013","00","040","0014","0246","164","63","101","2","166","683","0","24.30","9.22"
"10","013","00","040","0014","0247","155","45","110","3","158","705","0","22.41","6.38"
"10","013","00","040","0015","0000","477","243","234","7","484","1686","0","28.71","14.41"
"10","013","00","040","0015","0252","221","103","118","1","222","824","0","26.94","12.50"
"10","013","00","040","0015","0253","256","140","116","6","262","862","0","30.39","16.24"
"10","013","00","040","0016","0000","458","201","257","6","464","1205","0","38.51","16.68"
"10","013","00","040","0016","0254","256","118","138","1","257","585","0","43.93","20.17"
"10","013","00","040","0016","0255","202","83","119","5","207","620","0","33.39","13.39"
"10","013","00","040","0017","0000","334","171","163","5","339","1082","0","31.33","15.80"
"10","013","00","040","0017","0256","334","171","163","5","339","1082","0","31.33","15.80"
"10","013","00","050","0000","0000","17994","6020","11974","225","18219","43230","49955","42.14","13.93"
"10","013","00","050","0001","0000","245","70","175","1","246","587","0","41.91","11.93"
"10","013","00","050","0001","0271","245","70","175","1","246","587","0","41.91","11.93"
"10","013","00","050","0002","0000","361","138","223","2","363","817","0","44.43","16.89"
"10","013","00","050","0002","0266","361","138","223","2","363","817","0","44.43","16.89"
"10","013","00","050","0003","0000","1459","528","931","18","1477","3322","0","44.46","15.89"
"10","013","00","050","0003","0267","487","184","303","7","494","1113","0","44.38","16.53"
"10","013","00","050","0003","0268","458","185","273","5","463","1078","0","42.95","17.16"
"10","013","00","050","0003","0269","514","159","355","6","520","1131","0","45.98","14.06"
"10","013","00","050","0004","0000","241","84","157","0","241","711","0","33.90","11.81"
"10","013","00","050","0004","0270","241","84","157","0","241","711","0","33.90","11.81"
"10","013","00","050","0005","0000","612","247","365","5","617","1403","0","43.98","17.61"
"10","013","00","050","0005","0272","612","247","365","5","617","1403","0","43.98","17.61"
"10","013","00","050","0006","0000","857","345","512","10","867","2249","0","38.55","15.34"
"10","013","00","050","0006","0273","399","171","228","4","403","1090","0","36.97","15.69"
"10","013","00","050","0006","0274","458","174","284","6","464","1159","0","40.03","15.01"
"10","013","00","050","0007","0000","820","275","545","13","833","2047","0","40.69","13.43"
"10","013","00","050","0007","0275","398","132","266","9","407","969","0","42.00","13.62"
"10","013","00","050","0007","0276","422","143","279","4","426","1078","0","39.52","13.27"
"10","013","00","050","0008","0000","693","225","468","10","703","1671","0","42.07","13.46"
"10","013","00","050","0008","0277","341","124","217","7","348","862","0","40.37","14.39"
"10","013","00","050","0008","0278","352","101","251","3","355","809","0","43.88","12.48"
"10","013","00","050","0009","0000","1019","338","681","8","1027","2276","0","45.12","14.85"
"10","013","00","050","0009","0299","494","146","348","3","497","1036","0","47.97","14.09"
"10","013","00","050","0009","0300","525","192","333","5","530","1240","0","42.74","15.48"
"10","013","00","050","0010","0000","439","109","330","8","447","973","0","45.94","11.20"
"10","013","00","050","0010","0281","439","109","330","8","447","973","0","45.94","11.20"
"10","013","00","050","0011","0000","714","222","492","8","722","1835","0","39.35","12.10"
"10","013","00","050","0011","0282","376","126","250","8","384","956","0","40.17","13.18"
"10","013","00","050","0011","0283","338","96","242","0","338","879","0","38.45","10.92"
"10","013","00","050","0012","0000","683","190","493","9","692","1593","0","43.44","11.93"
"10","013","00","050","0012","0284","376","95","281","4","380","862","0","44.08","11.02"
"10","013","00","050","0012","0285","307","95","212","5","312","731","0","42.68","13.00"
"10","013","00","050","0013","0000","563","199","364","8","571","1407","0","40.58","14.14"
"10","013","00","050","0013","0286","563","199","364","8","571","1407","0","40.58","14.14"
"10","013","00","050","0014","0000","364","100","264","4","368","822","0","44.77","12.17"
"10","013","00","050","0014","0289","364","100","264","4","368","822","0","44.77","12.17"
"10","013","00","050","0015","0000","542","121","421","5","547","1248","0","43.83","9.70"
"10","013","00","050","0015","0290","542","121","421","5","547","1248","0","43.83","9.70"
"10","013","00","050","0016","0000","556","191","365","12","568","1471","0","38.61","12.98"
"10","013","00","050","0016","0291","556","191","365","12","568","1471","0","38.61","12.98"
"10","013","00","050","0017","0000","421","138","283","3","424","943","0","44.96","14.63"
"10","013","00","050","0017","0292","421","138","283","3","424","943","0","44.96","14.63"
"10","013","00","050","0018","0000","842","270","572","6","848","1968","0","43.09","13.72"
"10","013","00","050","0018","0293","352","107","245","2","354","802","0","44.14","13.34"
"10","013","00","050","0018","0294","490","163","327","4","494","1166","0","42.37","13.98"
"10","013","00","050","0019","0000","708","216","492","13","721","1666","0","43.28","12.97"
"10","013","00","050","0019","0297","415","132","283","3","418","953","0","43.86","13.85"
"10","013","00","050","0019","0298","293","84","209","10","303","713","0","42.50","11.78"
"10","013","00","050","0020","0000","709","190","519","15","724","1692","0","42.79","11.23"
"10","013","00","050","0020","0295","352","90","262","9","361","839","0","43.03","10.73"
"10","013","00","050","0020","0296","357","100","257","6","363","853","0","42.56","11.72"
"10","013","00","050","0021","0000","765","261","504","13","778","1694","0","45.93","15.41"
"10","013","00","050","0021","0279","360","120","240","5","365","800","0","45.63","15.00"
"10","013","00","050","0021","0280","405","141","264","8","413","894","0","46.20","15.77"
"10","013","00","050","0022","0000","871","342","529","7","878","2075","0","42.31","16.48"
"10","013","00","050","0022","0258","489","184","305","5","494","1168","0","42.29","15.75"
"10","013","00","050","0022","0259","382","158","224","2","384","907","0","42.34","17.42"
"10","013","00","050","0023","0000","623","213","410","7","630","1508","0","41.78","14.12"
"10","013","00","050","0023","0257","623","213","410","7","630","1508","0","41.78","14.12"
"10","013","00","050","0024","0000","450","131","319","4","454","977","0","46.47","13.41"
"10","013","00","050","0024","0287","450","131","319","4","454","977","0","46.47","13.41"
"10","013","00","050","0025","0000","726","327","399","7","733","2019","0","36.31","16.20"
"10","013","00","050","0025","0260","367","184","183","5","372","1003","0","37.09","18.34"
"10","013","00","050","0025","0261","359","143","216","2","361","1016","0","35.53","14.07"
"10","013","00","050","0026","0000","523","139","384","11","534","1343","0","39.76","10.35"
"10","013","00","050","0026","0288","523","139","384","11","534","1343","0","39.76","10.35"
"10","013","00","050","0027","0000","471","160","311","10","481","1145","0","42.01","13.97"
"10","013","00","050","0027","0263","471","160","311","10","481","1145","0","42.01","13.97"
"10","013","00","050","0028","0000","355","100","255","1","356","828","0","43.00","12.08"
"10","013","00","050","0028","0264","355","100","255","1","356","828","0","43.00","12.08"
"10","013","00","050","0029","0000","232","103","129","3","235","546","0","43.04","18.86"
"10","013","00","050","0029","0262","232","103","129","3","235","546","0","43.04","18.86"
"10","013","00","050","0030","0000","130","48","82","4","134","394","0","34.01","12.18"
"10","013","00","050","0030","0265","130","48","82","4","134","394","0","34.01","12.18"
"10","013","00","060","0000","0000","10953","4267","6686","107","11060","26079","29381","42.41","16.36"
"10","013","00","060","0001","0000","1108","455","653","12","1120","2655","0","42.18","17.14"
"10","013","00","060","0001","0301","426","147","279","5","431","1004","0","42.93","14.64"
"10","013","00","060","0001","0302","682","308","374","7","689","1651","0","41.73","18.66"
"10","013","00","060","0002","0000","1507","692","815","13","1520","3605","0","42.16","19.20"
"10","013","00","060","0002","0303","770","364","406","5","775","1846","0","41.98","19.72"
"10","013","00","060","0002","0304","737","328","409","8","745","1759","0","42.35","18.65"
"10","013","00","060","0003","0000","890","381","509","4","894","1921","0","46.54","19.83"
"10","013","00","060","0003","0305","434","213","221","2","436","966","0","45.13","22.05"
"10","013","00","060","0003","0306","456","168","288","2","458","955","0","47.96","17.59"
"10","013","00","060","0004","0000","1164","501","663","12","1176","2628","0","44.75","19.06"
"10","013","00","060","0004","0307","349","144","205","8","357","744","0","47.98","19.35"
"10","013","00","060","0004","0308","815","357","458","4","819","1884","0","43.47","18.95"
"10","013","00","060","0005","0000","477","211","266","2","479","1056","0","45.36","19.98"
"10","013","00","060","0005","0309","477","211","266","2","479","1056","0","45.36","19.98"
"10","013","00","060","0006","0000","406","164","242","4","410","859","0","47.73","19.09"
"10","013","00","060","0006","0314","406","164","242","4","410","859","0","47.73","19.09"
"10","013","00","060","0007","0000","467","162","305","5","472","1045","0","45.17","15.50"
"10","013","00","060","0007","0315","467","162","305","5","472","1045","0","45.17","15.50"
"10","013","00","060","0008","0000","665","244","421","9","674","1475","0","45.69","16.54"
"10","013","00","060","0008","0313","665","244","421","9","674","1475","0","45.69","16.54"
"10","013","00","060","0009","0000","701","294","407","4","705","1639","0","43.01","17.94"
"10","013","00","060","0009","0310","701","294","407","4","705","1639","0","43.01","17.94"
"10","013","00","060","0010","0000","523","161","362","6","529","1144","0","46.24","14.07"
"10","013","00","060","0010","0311","523","161","362","6","529","1144","0","46.24","14.07"
"10","013","00","060","0011","0000","270","74","196","3","273","743","0","36.74","9.96"
"10","013","00","060","0011","0312","270","74","196","3","273","743","0","36.74","9.96"
"10","013","00","060","0012","0000","920","230","690","10","930","2349","0","39.59","9.79"
"10","013","00","060","0012","0320","511","129","382","6","517","1218","0","42.45","10.59"
"10","013","00","060","0012","0321","409","101","308","4","413","1131","0","36.52","8.93"
"10","013","00","060","0013","0000","667","202","465","10","677","1719","0","39.38","11.75"
"10","013","00","060","0013","0316","301","92","209","4","305","813","0","37.52","11.32"
"10","013","00","060","0013","0317","366","110","256","6","372","906","0","41.06","12.14"
"10","013","00","060","0014","0000","483","156","327","7","490","1404","0","34.90","11.11"
"10","013","00","060","0014","0318","483","156","327","7","490","1404","0","34.90","11.11"
"10","013","00","060","0015","0000","400","149","251","5","405","1127","0","35.94","13.22"
"10","013","00","060","0015","0319","400","149","251","5","405","1127","0","35.94","13.22"
"10","013","00","060","0016","0000","305","191","114","1","306","710","0","43.10","26.90"
"10","013","00","060","0016","0322","305","191","114","1","306","710","0","43.10","26.90"
"10","013","00","070","0000","0000","4683","1599","3084","35","4718","9689","10711","48.69","16.50"
"10","013","00","070","0001","0000","1003","325","678","10","1013","2127","0","47.63","15.28"
"10","013","00","070","0001","0323","350","97","253","6","356","748","0","47.59","12.97"
"10","013","00","070","0001","0324","653","228","425","4","657","1379","0","47.64","16.53"
"10","013","00","070","0002","0000","436","156","280","3","439","925","0","47.46","16.86"
"10","013","00","070","0002","0325","436","156","280","3","439","925","0","47.46","16.86"
"10","013","00","070","0003","0000","739","262","477","5","744","1484","0","50.13","17.65"
"10","013","00","070","0003","0326","335","117","218","4","339","699","0","48.50","16.74"
"10","013","00","070","0003","0327","404","145","259","1","405","785","0","51.59","18.47"
"10","013","00","070","0004","0000","1182","404","778","8","1190","2480","0","47.98","16.29"
"10","013","00","070","0004","0328","559","171","388","4","563","1186","0","47.47","14.42"
"10","013","00","070","0004","0329","623","233","390","4","627","1294","0","48.45","18.01"
"10","013","00","070","0005","0000","557","175","382","3","560","1156","0","48.44","15.14"
"10","013","00","070","0005","0330","557","175","382","3","560","1156","0","48.44","15.14"
"10","013","00","070","0006","0000","417","157","260","4","421","846","0","49.76","18.56"
"10","013","00","070","0006","0331","417","157","260","4","421","846","0","49.76","18.56"
"10","013","00","070","0007","0000","349","120","229","2","351","671","0","52.31","17.88"
"10","013","00","070","0007","0332","349","120","229","2","351","671","0","52.31","17.88"
"10","013","00","080","0000","0000","8224","2297","5927","109","8333","19063","21784","43.71","12.05"
"10","013","00","080","0001","0000","598","160","438","5","603","1438","0","41.93","11.13"
"10","013","00","080","0001","0333","598","160","438","5","603","1438","0","41.93","11.13"
"10","013","00","080","0002","0000","585","149","436","7","592","1353","0","43.75","11.01"
"10","013","00","080","0002","0334","585","149","436","7","592","1353","0","43.75","11.01"
"10","013","00","080","0003","0000","789","202","587","10","799","1675","0","47.70","12.06"
"10","013","00","080","0003","0335","789","202","587","10","799","1675","0","47.70","12.06"
"10","013","00","080","0004","0000","508","136","372","12","520","1222","0","42.55","11.13"
"10","013","00","080","0004","0337","508","136","372","12","520","1222","0","42.55","11.13"
"10","013","00","080","0005","0000","472","144","328","6","478","1155","0","41.39","12.47"
"10","013","00","080","0005","0336","472","144","328","6","478","1155","0","41.39","12.47"
"10","013","00","080","0006","0000","607","144","463","7","614","1563","0","39.28","9.21"
"10","013","00","080","0006","0345","607","144","463","7","614","1563","0","39.28","9.21"
"10","013","00","080","0007","0000","797","169","628","23","820","1747","0","46.94","9.67"
"10","013","00","080","0007","0347","797","169","628","23","820","1747","0","46.94","9.67"
"10","013","00","080","0008","0000","539","137","402","6","545","1257","0","43.36","10.90"
"10","013","00","080","0008","0346","539","137","402","6","545","1257","0","43.36","10.90"
"10","013","00","080","0009","0000","614","180","434","11","625","1454","0","42.98","12.38"
"10","013","00","080","0009","0348","614","180","434","11","625","1454","0","42.98","12.38"
"10","013","00","080","0010","0000","2007","639","1368","14","2021","4613","0","43.81","13.85"
"10","013","00","080","0010","0340","319","96","223","1","320","666","0","48.05","14.41"
"10","013","00","080","0010","0341","502","133","369","5","507","1081","0","46.90","12.30"
"10","013","00","080","0010","0342","402","128","274","4","406","1001","0","40.56","12.79"
"10","013","00","080","0010","0343","473","166","307","3","476","1140","0","41.75","14.56"
"10","013","00","080","0010","0344","311","116","195","1","312","725","0","43.03","16.00"
"10","013","00","080","0011","0000","708","237","471","8","716","1586","0","45.15","14.94"
"10","013","00","080","0011","0338","415","121","294","5","420","1004","0","41.83","12.05"
"10","013","00","080","0011","0339","293","116","177","3","296","582","0","50.86","19.93"
"10","013","00","090","0000","0000","9153","2891","6262","125","9278","21985","25657","42.20","13.15"
"10","013","00","090","0001","0000","1305","410","895","15","1320","3156","0","41.83","12.99"
"10","013","00","090","0001","0349","650","211","439","3","653","1637","0","39.89","12.89"
"10","013","00","090","0001","0350","655","199","456","12","667","1519","0","43.91","13.10"
"10","013","00","090","0002","0000","470","167","303","11","481","1106","0","43.49","15.10"
"10","013","00","090","0002","0353","470","167","303","11","481","1106","0","43.49","15.10"
"10","013","00","090","0003","0000","341","97","244","3","344","840","0","40.95","11.55"
"10","013","00","090","0003","0354","341","97","244","3","344","840","0","40.95","11.55"
"10","013","00","090","0004","0000","579","186","393","3","582","1323","0","43.99","14.06"
"10","013","00","090","0004","0355","579","186","393","3","582","1323","0","43.99","14.06"
"10","013","00","090","0005","0000","817","247","570","10","827","1992","0","41.52","12.40"
"10","013","00","090","0005","0356","430","117","313","7","437","946","0","46.19","12.37"
"10","013","00","090","0005","0357","387","130","257","3","390","1046","0","37.28","12.43"
"10","013","00","090","0006","0000","597","183","414","6","603","1418","0","42.52","12.91"
"10","013","00","090","0006","0358","597","183","414","6","603","1418","0","42.52","12.91"
"10","013","00","090","0007","0000","635","159","476","10","645","1522","0","42.38","10.45"
"10","013","00","090","0007","0351","635","159","476","10","645","1522","0","42.38","10.45"
"10","013","00","090","0008","0000","595","155","440","6","601","1564","0","38.43","9.91"
"10","013","00","090","0008","0352","595","155","440","6","601","1564","0","38.43","9.91"
"10","013","00","090","0009","0000","655","162","493","11","666","1502","0","44.34","10.79"
"10","013","00","090","0009","0359","132","39","93","3","135","316","0","42.72","12.34"
"10","013","00","090","0009","0360","523","123","400","8","531","1186","0","44.77","10.37"
"10","013","00","090","0010","0000","984","230","754","18","1002","2297","0","43.62","10.01"
"10","013","00","090","0010","0361","397","93","304","11","408","973","0","41.93","9.56"
"10","013","00","090","0010","0362","587","137","450","7","594","1324","0","44.86","10.35"
"10","013","00","090","0011","0000","849","424","425","6","855","1980","0","43.18","21.41"
"10","013","00","090","0011","0363","633","241","392","4","637","1474","0","43.22","16.35"
"10","013","00","090","0011","0364","216","183","33","2","218","506","0","43.08","36.17"
"10","013","00","090","0012","0000","723","291","432","13","736","1815","0","40.55","16.03"
"10","013","00","090","0012","0365","321","136","185","7","328","813","0","40.34","16.73"
"10","013","00","090","0012","0366","402","155","247","6","408","1002","0","40.72","15.47"
"10","013","00","090","0013","0000","348","123","225","5","353","956","0","36.92","12.87"
"10","013","00","090","0013","0367","348","123","225","5","353","956","0","36.92","12.87"
"10","013","00","090","0014","0000","255","57","198","8","263","514","0","51.17","11.09"
"10","013","00","090","0014","0368","255","57","198","8","263","514","0","51.17","11.09"
"10","013","00","100","0000","0000","7681","3107","4574","112","7793","21921","24795","35.55","14.17"
"10","013","00","100","0001","0000","1080","332","748","18","1098","3077","0","35.68","10.79"
"10","013","00","100","0001","0382","356","109","247","6","362","1000","0","36.20","10.90"
"10","013","00","100","0001","0383","359","122","237","6","365","1079","0","33.83","11.31"
"10","013","00","100","0001","0384","365","101","264","6","371","998","0","37.17","10.12"
"10","013","00","100","0002","0000","901","299","602","13","914","2767","0","33.03","10.81"
"10","013","00","100","0002","0376","309","93","216","7","316","926","0","34.13","10.04"
"10","013","00","100","0002","0377","363","133","230","2","365","1031","0","35.40","12.90"
"10","013","00","100","0002","0378","229","73","156","4","233","810","0","28.77","9.01"
"10","013","00","100","0003","0000","579","262","317","10","589","1800","0","32.72","14.56"
"10","013","00","100","0003","0369","299","134","165","6","305","907","0","33.63","14.77"
"10","013","00","100","0003","0370","280","128","152","4","284","893","0","31.80","14.33"
"10","013","00","100","0004","0000","782","367","415","11","793","2311","0","34.31","15.88"
"10","013","00","100","0004","0371","359","185","174","5","364","1105","0","32.94","16.74"
"10","013","00","100","0004","0372","423","182","241","6","429","1206","0","35.57","15.09"
"10","013","00","100","0005","0000","558","261","297","8","566","1683","0","33.63","15.51"
"10","013","00","100","0005","0373","263","120","143","2","265","718","0","36.91","16.71"
"10","013","00","100","0005","0374","295","141","154","6","301","965","0","31.19","14.61"
"10","013","00","100","0006","0000","353","187","166","3","356","1022","0","34.83","18.30"
"10","013","00","100","0006","0375","353","187","166","3","356","1022","0","34.83","18.30"
"10","013","00","100","0007","0000","602","236","366","15","617","1803","0","34.22","13.09"
"10","013","00","100","0007","0379","301","110","191","7","308","874","0","35.24","12.59"
"10","013","00","100","0007","0380","301","126","175","8","309","929","0","33.26","13.56"
"10","013","00","100","0008","0000","215","60","155","1","216","537","0","40.22","11.17"
"10","013","00","100","0008","0391","215","60","155","1","216","537","0","40.22","11.17"
"10","013","00","100","0009","0000","343","144","199","8","351","908","0","38.66","15.86"
"10","013","00","100","0009","0381","343","144","199","8","351","908","0","38.66","15.86"
"10","013","00","100","0010","0000","640","260","380","8","648","1606","0","40.35","16.19"
"10","013","00","100","0010","0389","334","144","190","7","341","808","0","42.20","17.82"
"10","013","00","100","0010","0390","306","116","190","1","307","798","0","38.47","14.54"
"10","013","00","100","0011","0000","1246","546","700","13","1259","3450","0","36.49","15.83"
"10","013","00","100","0011","0385","387","182","205","3","390","1097","0","35.55","16.59"
"10","013","00","100","0011","0386","432","196","236","4","436","1139","0","38.28","17.21"
"10","013","00","100","0011","0387","427","168","259","6","433","1214","0","35.67","13.84"
"10","013","00","100","0012","0000","382","153","229","4","386","957","0","40.33","15.99"
"10","013","00","100","0012","0388","382","153","229","4","386","957","0","40.33","15.99"
"10","013","00","110","0000","0000","8502","2236","6266","133","8635","21162","23583","40.80","10.57"
"10","013","00","110","0001","0000","957","234","723","12","969","2093","0","46.30","11.18"
"10","013","00","110","0001","0392","424","112","312","7","431","877","0","49.14","12.77"
"10","013","00","110","0001","0393","533","122","411","5","538","1216","0","44.24","10.03"
"10","013","00","110","0002","0000","537","106","431","8","545","1236","0","44.09","8.58"
"10","013","00","110","0002","0394","537","106","431","8","545","1236","0","44.09","8.58"
"10","013","00","110","0003","0000","329","64","265","3","332","707","0","46.96","9.05"
"10","013","00","110","0003","0395","329","64","265","3","332","707","0","46.96","9.05"
"10","013","00","110","0004","0000","238","59","179","7","245","578","0","42.39","10.21"
"10","013","00","110","0004","0396","238","59","179","7","245","578","0","42.39","10.21"
"10","013","00","110","0005","0000","440","131","309","5","445","995","0","44.72","13.17"
"10","013","00","110","0005","0397","440","131","309","5","445","995","0","44.72","13.17"
"10","013","00","110","0006","0000","435","93","342","13","448","1135","0","39.47","8.19"
"10","013","00","110","0006","0398","435","93","342","13","448","1135","0","39.47","8.19"
"10","013","00","110","0007","0000","252","65","187","3","255","592","0","43.07","10.98"
"10","013","00","110","0007","0399","252","65","187","3","255","592","0","43.07","10.98"
"10","013","00","110","0008","0000","307","53","254","8","315","727","0","43.33","7.29"
"10","013","00","110","0008","0400","307","53","254","8","315","727","0","43.33","7.29"
"10","013","00","110","0009","0000","211","69","142","6","217","618","0","35.11","11.17"
"10","013","00","110","0009","0401","211","69","142","6","217","618","0","35.11","11.17"
"10","013","00","110","0010","0000","484","128","356","0","484","1183","0","40.91","10.82"
"10","013","00","110","0010","0402","484","128","356","0","484","1183","0","40.91","10.82"
"10","013","00","110","0011","0000","508","140","368","6","514","1416","0","36.30","9.89"
"10","013","00","110","0011","0403","265","66","199","3","268","731","0","36.66","9.03"
"10","013","00","110","0011","0404","243","74","169","3","246","685","0","35.91","10.80"
"10","013","00","110","0012","0000","656","209","447","10","666","1828","0","36.43","11.43"
"10","013","00","110","0012","0405","338","106","232","5","343","897","0","38.24","11.82"
"10","013","00","110","0012","0406","318","103","215","5","323","931","0","34.69","11.06"
"10","013","00","110","0013","0000","464","130","334","10","474","1231","0","38.51","10.56"
"10","013","00","110","0013","0407","464","130","334","10","474","1231","0","38.51","10.56"
"10","013","00","110","0014","0000","437","119","318","7","444","1041","0","42.65","11.43"
"10","013","00","110","0014","0408","437","119","318","7","444","1041","0","42.65","11.43"
"10","013","00","110","0015","0000","361","115","246","4","365","1085","0","33.64","10.60"
"10","013","00","110","0015","0409","361","115","246","4","365","1085","0","33.64","10.60"
"10","013","00","110","0016","0000","395","104","291","6","401","988","0","40.59","10.53"
"10","013","00","110","0016","0410","395","104","291","6","401","988","0","40.59","10.53"
"10","013","00","110","0017","0000","413","120","293","6","419","1054","0","39.75","11.39"
"10","013","00","110","0017","0411","413","120","293","6","419","1054","0","39.75","11.39"
"10","013","00","110","0018","0000","537","150","387","6","543","1172","0","46.33","12.80"
"10","013","00","110","0018","0412","352","70","282","4","356","698","0","51.00","10.03"
"10","013","00","110","0018","0413","185","80","105","2","187","474","0","39.45","16.88"
"10","013","00","110","0019","0000","541","147","394","13","554","1483","0","37.36","9.91"
"10","013","00","110","0019","0414","252","71","181","5","257","668","0","38.47","10.63"
"10","013","00","110","0019","0415","289","76","213","8","297","815","0","36.44","9.33"
"10","013","00","120","0000","0000","7199","2273","4926","93","7292","17504","20028","41.66","12.99"
"10","013","00","120","0001","0000","501","144","357","11","512","1171","0","43.72","12.30"
"10","013","00","120","0001","0416","501","144","357","11","512","1171","0","43.72","12.30"
"10","013","00","120","0002","0000","311","106","205","3","314","715","0","43.92","14.83"
"10","013","00","120","0002","0417","311","106","205","3","314","715","0","43.92","14.83"
"10","013","00","120","0003","0000","767","242","525","7","774","1663","0","46.54","14.55"
"10","013","00","120","0003","0418","396","120","276","3","399","912","0","43.75","13.16"
"10","013","00","120","0003","0419","371","122","249","4","375","751","0","49.93","16.25"
"10","013","00","120","0004","0000","405","111","294","5","410","885","0","46.33","12.54"
"10","013","00","120","0004","0420","405","111","294","5","410","885","0","46.33","12.54"
"10","013","00","120","0005","0000","272","64","208","4","276","530","0","52.08","12.08"
"10","013","00","120","0005","0421","272","64","208","4","276","530","0","52.08","12.08"
"10","013","00","120","0006","0000","482","186","296","10","492","1083","0","45.43","17.17"
"10","013","00","120","0006","0422","482","186","296","10","492","1083","0","45.43","17.17"
"10","013","00","120","0007","0000","474","168","306","9","483","990","0","48.79","16.97"
"10","013","00","120","0007","0423","474","168","306","9","483","990","0","48.79","16.97"
"10","013","00","120","0008","0000","581","197","384","6","587","1392","0","42.17","14.15"
"10","013","00","120","0008","0424","581","197","384","6","587","1392","0","42.17","14.15"
"10","013","00","120","0009","0000","786","221","565","9","795","1976","0","40.23","11.18"
"10","013","00","120","0009","0427","383","106","277","2","385","986","0","39.05","10.75"
"10","013","00","120","0009","0428","403","115","288","7","410","990","0","41.41","11.62"
"10","013","00","120","0010","0000","563","208","355","8","571","1657","0","34.46","12.55"
"10","013","00","120","0010","0425","290","108","182","4","294","829","0","35.46","13.03"
"10","013","00","120","0010","0426","273","100","173","4","277","828","0","33.45","12.08"
"10","013","00","120","0011","0000","622","163","459","6","628","1673","0","37.54","9.74"
"10","013","00","120","0011","0429","381","88","293","2","383","1043","0","36.72","8.44"
"10","013","00","120","0011","0430","241","75","166","4","245","630","0","38.89","11.90"
"10","013","00","120","0012","0000","529","200","329","3","532","1374","0","38.72","14.56"
"10","013","00","120","0012","0431","529","200","329","3","532","1374","0","38.72","14.56"
"10","013","00","120","0013","0000","479","113","366","7","486","1233","0","39.42","9.16"
"10","013","00","120","0013","0432","479","113","366","7","486","1233","0","39.42","9.16"
"10","013","00","120","0014","0000","427","150","277","5","432","1162","0","37.18","12.91"
"10","013","00","120","0014","0433","193","93","100","1","194","588","0","32.99","15.82"
"10","013","00","120","0014","0434","234","57","177","4","238","574","0","41.46","9.93"
"10","013","00","130","0000","0000","19084","7012","12072","216","19300","46892","52910","41.16","14.95"
"10","013","00","130","0001","0000","1615","661","954","18","1633","3943","0","41.42","16.76"
"10","013","00","130","0001","0435","546","214","332","7","553","1228","0","45.03","17.43"
"10","013","00","130","0001","0436","523","216","307","7","530","1259","0","42.10","17.16"
"10","013","00","130","0001","0437","546","231","315","4","550","1456","0","37.77","15.87"
"10","013","00","130","0002","0000","1290","485","805","7","1297","3127","0","41.48","15.51"
"10","013","00","130","0002","0438","597","214","383","4","601","1454","0","41.33","14.72"
"10","013","00","130","0002","0439","693","271","422","3","696","1673","0","41.60","16.20"
"10","013","00","130","0003","0000","597","212","385","7","604","1261","0","47.90","16.81"
"10","013","00","130","0003","0440","597","212","385","7","604","1261","0","47.90","16.81"
"10","013","00","130","0004","0000","248","79","169","1","249","565","0","44.07","13.98"
"10","013","00","130","0004","0441","248","79","169","1","249","565","0","44.07","13.98"
"10","013","00","130","0005","0000","924","357","567","10","934","2169","0","43.06","16.46"
"10","013","00","130","0005","0442","477","181","296","2","479","1113","0","43.04","16.26"
"10","013","00","130","0005","0443","447","176","271","8","455","1056","0","43.09","16.67"
"10","013","00","130","0006","0000","1136","470","666","9","1145","2795","0","40.97","16.82"
"10","013","00","130","0006","0444","563","200","363","6","569","1415","0","40.21","14.13"
"10","013","00","130","0006","0445","573","270","303","3","576","1380","0","41.74","19.57"
"10","013","00","130","0007","0000","1878","716","1162","15","1893","4356","0","43.46","16.44"
"10","013","00","130","0007","0446","665","260","405","7","672","1391","0","48.31","18.69"
"10","013","00","130","0007","0447","581","203","378","4","585","1453","0","40.26","13.97"
"10","013","00","130","0007","0448","632","253","379","4","636","1512","0","42.06","16.73"
"10","013","00","130","0008","0000","1252","468","784","8","1260","3045","0","41.38","15.37"
"10","013","00","130","0008","0449","558","195","363","2","560","1393","0","40.20","14.00"
"10","013","00","130","0008","0450","694","273","421","6","700","1652","0","42.37","16.53"
"10","013","00","130","0009","0000","766","268","498","3","769","1580","0","48.67","16.96"
"10","013","00","130","0009","0451","344","123","221","2","346","733","0","47.20","16.78"
"10","013","00","130","0009","0452","422","145","277","1","423","847","0","49.94","17.12"
"10","013","00","130","0010","0000","828","234","594","7","835","1847","0","45.21","12.67"
"10","013","00","130","0010","0453","404","118","286","4","408","939","0","43.45","12.57"
"10","013","00","130","0010","0454","424","116","308","3","427","908","0","47.03","12.78"
"10","013","00","130","0011","0000","795","255","540","10","805","1835","0","43.87","13.90"
"10","013","00","130","0011","0455","230","75","155","4","234","537","0","43.58","13.97"
"10","013","00","130","0011","0456","565","180","385","6","571","1298","0","43.99","13.87"
"10","013","00","130","0012","0000","1194","356","838","12","1206","2856","0","42.23","12.46"
"10","013","00","130","0012","0457","581","186","395","7","588","1283","0","45.83","14.50"
"10","013","00","130","0012","0458","613","170","443","5","618","1573","0","39.29","10.81"
"10","013","00","130","0013","0000","478","143","335","8","486","920","0","52.83","15.54"
"10","013","00","130","0013","0459","478","143","335","8","486","920","0","52.83","15.54"
"10","013","00","130","0014","0000","495","138","357","9","504","1079","0","46.71","12.79"
"10","013","00","130","0014","0460","495","138","357","9","504","1079","0","46.71","12.79"
"10","013","00","130","0015","0000","752","235","517","8","760","2282","0","33.30","10.30"
"10","013","00","130","0015","0461","367","114","253","5","372","1082","0","34.38","10.54"
"10","013","00","130","0015","0462","385","121","264","3","388","1200","0","32.33","10.08"
"10","013","00","130","0016","0000","551","131","420","8","559","1517","0","36.85","8.64"
"10","013","00","130","0016","0463","551","131","420","8","559","1517","0","36.85","8.64"
"10","013","00","130","0017","0000","881","408","473","16","897","2397","0","37.42","17.02"
"10","013","00","130","0017","0464","478","215","263","11","489","1200","0","40.75","17.92"
"10","013","00","130","0017","0465","403","193","210","5","408","1197","0","34.09","16.12"
"10","013","00","130","0018","0000","763","427","336","14","777","2350","0","33.06","18.17"
"10","013","00","130","0018","0466","429","235","194","8","437","1325","0","32.98","17.74"
"10","013","00","130","0018","0467","334","192","142","6","340","1025","0","33.17","18.73"
"10","013","00","130","0019","0000","360","145","215","7","367","782","0","46.93","18.54"
"10","013","00","130","0019","0468","360","145","215","7","367","782","0","46.93","18.54"
"10","013","00","130","0020","0000","699","272","427","13","712","1726","0","41.25","15.76"
"10","013","00","130","0020","0469","357","100","257","8","365","878","0","41.57","11.39"
"10","013","00","130","0020","0470","342","172","170","5","347","848","0","40.92","20.28"
"10","013","00","130","0021","0000","842","257","585","12","854","2405","0","35.51","10.69"
"10","013","00","130","0021","0471","435","145","290","3","438","1212","0","36.14","11.96"
"10","013","00","130","0021","0472","407","112","295","9","416","1193","0","34.87","9.39"
"10","013","00","130","0022","0000","409","148","261","10","419","1260","0","33.25","11.75"
"10","013","00","130","0022","0473","409","148","261","10","419","1260","0","33.25","11.75"
"10","013","00","130","0023","0000","331","147","184","4","335","795","0","42.14","18.49"
"10","013","00","130","0023","0474","331","147","184","4","335","795","0","42.14","18.49"
"10","013","00","140","0000","0000","6729","2332","4397","70","6799","14893","16409","45.65","15.66"
"10","013","00","140","0001","0000","660","247","413","5","665","1447","0","45.96","17.07"
"10","013","00","140","0001","0475","660","247","413","5","665","1447","0","45.96","17.07"
"10","013","00","140","0002","0000","410","117","293","4","414","868","0","47.70","13.48"
"10","013","00","140","0002","0476","410","117","293","4","414","868","0","47.70","13.48"
"10","013","00","140","0003","0000","331","119","212","7","338","676","0","50.00","17.60"
"10","013","00","140","0003","0477","331","119","212","7","338","676","0","50.00","17.60"
"10","013","00","140","0004","0000","277","90","187","4","281","577","0","48.70","15.60"
"10","013","00","140","0004","0478","277","90","187","4","281","577","0","48.70","15.60"
"10","013","00","140","0005","0000","573","169","404","4","577","1289","0","44.76","13.11"
"10","013","00","140","0005","0479","573","169","404","4","577","1289","0","44.76","13.11"
"10","013","00","140","0006","0000","475","163","312","2","477","969","0","49.23","16.82"
"10","013","00","140","0006","0480","475","163","312","2","477","969","0","49.23","16.82"
"10","013","00","140","0007","0000","316","117","199","2","318","621","0","51.21","18.84"
"10","013","00","140","0007","0481","316","117","199","2","318","621","0","51.21","18.84"
"10","013","00","140","0008","0000","252","71","181","2","254","459","0","55.34","15.47"
"10","013","00","140","0008","0482","252","71","181","2","254","459","0","55.34","15.47"
"10","013","00","140","0009","0000","1097","408","689","10","1107","2368","0","46.75","17.23"
"10","013","00","140","0009","0483","553","226","327","5","558","1201","0","46.46","18.82"
"10","013","00","140","0009","0484","544","182","362","5","549","1167","0","47.04","15.60"
"10","013","00","140","0010","0000","238","76","162","3","241","477","0","50.52","15.93"
"10","013","00","140","0010","0485","238","76","162","3","241","477","0","50.52","15.93"
"10","013","00","140","0011","0000","353","126","227","0","353","881","0","40.07","14.30"
"10","013","00","140","0011","0486","353","126","227","0","353","881","0","40.07","14.30"
"10","013","00","140","0012","0000","359","122","237","7","366","796","0","45.98","15.33"
"10","013","00","140","0012","0487","359","122","237","7","366","796","0","45.98","15.33"
"10","013","00","140","0013","0000","429","160","269","9","438","1099","0","39.85","14.56"
"10","013","00","140","0013","0488","429","160","269","9","438","1099","0","39.85","14.56"
"10","013","00","140","0014","0000","501","155","346","3","504","1186","0","42.50","13.07"
"10","013","00","140","0014","0489","501","155","346","3","504","1186","0","42.50","13.07"
"10","013","00","140","0015","0000","458","192","266","8","466","1180","0","39.49","16.27"
"10","013","00","140","0015","0490","458","192","266","8","466","1180","0","39.49","16.27"
"10","013","00","150","0000","0000","3375","1324","2051","46","3421","8649","9464","39.55","15.31"
"10","013","00","150","0001","0000","823","374","449","16","839","1959","0","42.83","19.09"
"10","013","00","150","0001","0491","314","143","171","6","320","717","0","44.63","19.94"
"10","013","00","150","0001","0492","370","164","206","10","380","938","0","40.51","17.48"
"10","013","00","150","0001","0493","139","67","72","0","139","304","0","45.72","22.04"
"10","013","00","150","0002","0000","530","205","325","4","534","1030","0","51.84","19.90"
"10","013","00","150","0002","0494","362","129","233","4","366","712","0","51.40","18.12"
"10","013","00","150","0002","0495","168","76","92","0","168","318","0","52.83","23.90"
"10","013","00","150","0003","0000","387","168","219","5","392","860","0","45.58","19.53"
"10","013","00","150","0003","0496","387","168","219","5","392","860","0","45.58","19.53"
"10","013","00","150","0004","0000","340","114","226","4","344","734","0","46.87","15.53"
"10","013","00","150","0004","0497","340","114","226","4","344","734","0","46.87","15.53"
"10","013","00","150","0005","0000","567","235","332","5","572","1713","0","33.39","13.72"
"10","013","00","150","0005","0498","162","48","114","0","162","368","0","44.02","13.04"
"10","013","00","150","0005","0499","218","105","113","3","221","665","0","33.23","15.79"
"10","013","00","150","0005","0500","187","82","105","2","189","680","0","27.79","12.06"
"10","013","00","150","0006","0000","361","127","234","7","368","1100","0","33.45","11.55"
"10","013","00","150","0006","0502","168","58","110","2","170","524","0","32.44","11.07"
"10","013","00","150","0006","0503","193","69","124","5","198","576","0","34.38","11.98"
"10","013","00","150","0007","0000","367","101","266","5","372","1253","0","29.69","8.06"
"10","013","00","150","0007","0501","367","101","266","5","372","1253","0","29.69","8.06"
"10","013","00","160","0000","0000","7948","2920","5028","92","8040","20786","23466","38.68","14.05"
"10","013","00","160","0001","0000","460","225","235","6","466","1196","0","38.96","18.81"
"10","013","00","160","0001","0504","460","225","235","6","466","1196","0","38.96","18.81"
"10","013","00","160","0002","0000","322","173","149","5","327","865","0","37.80","20.00"
"10","013","00","160","0002","0505","322","173","149","5","327","865","0","37.80","20.00"
"10","013","00","160","0003","0000","352","116","236","4","356","906","0","39.29","12.80"
"10","013","00","160","0003","0506","352","116","236","4","356","906","0","39.29","12.80"
"10","013","00","160","0004","0000","250","78","172","3","253","573","0","44.15","13.61"
"10","013","00","160","0004","0507","250","78","172","3","253","573","0","44.15","13.61"
"10","013","00","160","0005","0000","616","205","411","5","621","1578","0","39.35","12.99"
"10","013","00","160","0005","0508","316","105","211","1","317","834","0","38.01","12.59"
"10","013","00","160","0005","0509","300","100","200","4","304","744","0","40.86","13.44"
"10","013","00","160","0006","0000","1529","467","1062","20","1549","4151","0","37.32","11.25"
"10","013","00","160","0006","0510","339","102","237","3","342","1005","0","34.03","10.15"
"10","013","00","160","0006","0511","394","108","286","8","402","1033","0","38.92","10.45"
"10","013","00","160","0006","0512","400","130","270","6","406","1079","0","37.63","12.05"
"10","013","00","160","0006","0513","396","127","269","3","399","1034","0","38.59","12.28"
"10","013","00","160","0007","0000","800","260","540","9","809","1866","0","43.35","13.93"
"10","013","00","160","0007","0514","391","117","274","4","395","921","0","42.89","12.70"
"10","013","00","160","0007","0515","409","143","266","5","414","945","0","43.81","15.13"
"10","013","00","160","0008","0000","650","245","405","4","654","1416","0","46.19","17.30"
"10","013","00","160","0008","0516","332","121","211","2","334","694","0","48.13","17.44"
"10","013","00","160","0008","0517","318","124","194","2","320","722","0","44.32","17.17"
"10","013","00","160","0009","0000","826","305","521","10","836","2027","0","41.24","15.05"
"10","013","00","160","0009","0518","400","145","255","4","404","987","0","40.93","14.69"
"10","013","00","160","0009","0519","426","160","266","6","432","1040","0","41.54","15.38"
"10","013","00","160","0010","0000","248","63","185","5","253","695","0","36.40","9.06"
"10","013","00","160","0010","0520","248","63","185","5","253","695","0","36.40","9.06"
"10","013","00","160","0011","0000","236","90","146","1","237","874","0","27.12","10.30"
"10","013","00","160","0011","0521","236","90","146","1","237","874","0","27.12","10.30"
"10","013","00","160","0012","0000","287","130","157","5","292","927","0","31.50","14.02"
"10","013","00","160","0012","0526","287","130","157","5","292","927","0","31.50","14.02"
"10","013","00","160","0013","0000","121","57","64","1","122","428","0","28.50","13.32"
"10","013","00","160","0013","0527","121","57","64","1","122","428","0","28.50","13.32"
"10","013","00","160","0014","0000","1017","432","585","13","1030","2680","0","38.43","16.12"
"10","013","00","160","0014","0522","368","159","209","6","374","963","0","38.84","16.51"
"10","013","00","160","0014","0523","295","129","166","5","300","792","0","37.88","16.29"
"10","013","00","160","0014","0524","354","144","210","2","356","925","0","38.49","15.57"
"10","013","00","160","0015","0000","234","74","160","1","235","604","0","38.91","12.25"
"10","013","00","160","0015","0525","234","74","160","1","235","604","0","38.91","12.25"
"10","013","00","170","0000","0000","11617","3277","8340","149","11766","29974","33639","39.25","10.93"
"10","013","00","170","0001","0000","668","163","505","10","678","1629","0","41.62","10.01"
"10","013","00","170","0001","0528","330","87","243","6","336","809","0","41.53","10.75"
"10","013","00","170","0001","0529","338","76","262","4","342","820","0","41.71","9.27"
"10","013","00","170","0002","0000","910","283","627","9","919","2479","0","37.07","11.42"
"10","013","00","170","0002","0530","442","142","300","6","448","1212","0","36.96","11.72"
"10","013","00","170","0002","0531","468","141","327","3","471","1267","0","37.17","11.13"
"10","013","00","170","0003","0000","817","208","609","11","828","2135","0","38.78","9.74"
"10","013","00","170","0003","0532","381","95","286","5","386","1052","0","36.69","9.03"
"10","013","00","170","0003","0533","436","113","323","6","442","1083","0","40.81","10.43"
"10","013","00","170","0004","0000","306","104","202","2","308","807","0","38.17","12.89"
"10","013","00","170","0004","0534","306","104","202","2","308","807","0","38.17","12.89"
"10","013","00","170","0005","0000","359","119","240","4","363","820","0","44.27","14.51"
"10","013","00","170","0005","0535","359","119","240","4","363","820","0","44.27","14.51"
"10","013","00","170","0006","0000","825","312","513","14","839","2294","0","36.57","13.60"
"10","013","00","170","0006","0536","418","165","253","8","426","1185","0","35.95","13.92"
"10","013","00","170","0006","0537","407","147","260","6","413","1109","0","37.24","13.26"
"10","013","00","170","0007","0000","879","291","588","10","889","2190","0","40.59","13.29"
"10","013","00","170","0007","0538","422","152","270","4","426","1074","0","39.66","14.15"
"10","013","00","170","0007","0539","457","139","318","6","463","1116","0","41.49","12.46"
"10","013","00","170","0008","0000","498","146","352","11","509","1194","0","42.63","12.23"
"10","013","00","170","0008","0542","498","146","352","11","509","1194","0","42.63","12.23"
"10","013","00","170","0009","0000","903","241","662","5","908","2092","0","43.40","11.52"
"10","013","00","170","0009","0543","464","108","356","2","466","1058","0","44.05","10.21"
"10","013","00","170","0009","0544","439","133","306","3","442","1034","0","42.75","12.86"
"10","013","00","170","0010","0000","645","121","524","7","652","1553","0","41.98","7.79"
"10","013","00","170","0010","0545","330","57","273","2","332","843","0","39.38","6.76"
"10","013","00","170","0010","0546","315","64","251","5","320","710","0","45.07","9.01"
"10","013","00","170","0011","0000","565","135","430","11","576","1368","0","42.11","9.87"
"10","013","00","170","0011","0547","565","135","430","11","576","1368","0","42.11","9.87"
"10","013","00","170","0012","0000","797","252","545","10","807","2061","0","39.16","12.23"
"10","013","00","170","0012","0540","376","150","226","5","381","994","0","38.33","15.09"
"10","013","00","170","0012","0541","421","102","319","5","426","1067","0","39.93","9.56"
"10","013","00","170","0013","0000","1057","339","718","13","1070","2733","0","39.15","12.40"
"10","013","00","170","0013","0548","348","89","259","6","354","856","0","41.36","10.40"
"10","013","00","170","0013","0549","369","101","268","3","372","935","0","39.79","10.80"
"10","013","00","170","0013","0550","340","149","191","4","344","942","0","36.52","15.82"
"10","013","00","170","0014","0000","1612","401","1211","20","1632","4335","0","37.65","9.25"
"10","013","00","170","0014","0551","482","111","371","3","485","1398","0","34.69","7.94"
"10","013","00","170","0014","0552","669","164","505","10","679","1695","0","40.06","9.68"
"10","013","00","170","0014","0553","461","126","335","7","468","1242","0","37.68","10.14"
"10","013","00","170","0015","0000","776","162","614","12","788","2284","0","34.50","7.09"
"10","013","00","170","0015","0554","389","87","302","5","394","1080","0","36.48","8.06"
"10","013","00","170","0015","0555","387","75","312","7","394","1204","0","32.72","6.23"
"10","013","00","180","0000","0000","4682","1539","3143","57","4739","11939","15223","39.69","12.89"
"10","013","00","180","0001","0000","843","302","541","9","852","2220","0","38.38","13.60"
"10","013","00","180","0001","0556","455","153","302","5","460","1203","0","38.24","12.72"
"10","013","00","180","0001","0557","388","149","239","4","392","1017","0","38.54","14.65"
"10","013","00","180","0002","0000","795","303","492","7","802","1996","0","40.18","15.18"
"10","013","00","180","0002","0558","298","127","171","3","301","778","0","38.69","16.32"
"10","013","00","180","0002","0559","497","176","321","4","501","1218","0","41.13","14.45"
"10","013","00","180","0003","0000","491","168","323","6","497","1200","0","41.42","14.00"
"10","013","00","180","0003","0561","491","168","323","6","497","1200","0","41.42","14.00"
"10","013","00","180","0004","0000","505","149","356","8","513","1272","0","40.33","11.71"
"10","013","00","180","0004","0560","505","149","356","8","513","1272","0","40.33","11.71"
"10","013","00","180","0005","0000","369","119","250","4","373","1046","0","35.66","11.38"
"10","013","00","180","0005","0562","369","119","250","4","373","1046","0","35.66","11.38"
"10","013","00","180","0006","0000","602","188","414","13","615","1466","0","41.95","12.82"
"10","013","00","180","0006","0563","308","104","204","5","313","758","0","41.29","13.72"
"10","013","00","180","0006","0564","294","84","210","8","302","708","0","42.66","11.86"
"10","013","00","180","0007","0000","355","119","236","3","358","905","0","39.56","13.15"
"10","013","00","180","0007","0565","355","119","236","3","358","905","0","39.56","13.15"
"10","013","00","180","0008","0000","722","191","531","7","729","1834","0","39.75","10.41"
"10","013","00","180","0008","0566","325","84","241","3","328","874","0","37.53","9.61"
"10","013","00","180","0008","0567","397","107","290","4","401","960","0","41.77","11.15"
"10","013","00","190","0000","0000","6274","2039","4235","84","6358","15160","17145","41.94","13.45"
"10","013","00","190","0001","0000","624","202","422","6","630","1392","0","45.26","14.51"
"10","013","00","190","0001","0568","298","96","202","1","299","657","0","45.51","14.61"
"10","013","00","190","0001","0569","326","106","220","5","331","735","0","45.03","14.42"
"10","013","00","190","0002","0000","620","195","425","9","629","1509","0","41.68","12.92"
"10","013","00","190","0002","0570","353","107","246","7","360","856","0","42.06","12.50"
"10","013","00","190","0002","0571","267","88","179","2","269","653","0","41.19","13.48"
"10","013","00","190","0003","0000","691","219","472","9","700","1603","0","43.67","13.66"
"10","013","00","190","0003","0576","364","117","247","3","367","770","0","47.66","15.19"
"10","013","00","190","0003","0577","327","102","225","6","333","833","0","39.98","12.24"
"10","013","00","190","0004","0000","322","124","198","4","326","690","0","47.25","17.97"
"10","013","00","190","0004","0575","322","124","198","4","326","690","0","47.25","17.97"
"10","013","00","190","0005","0000","1376","420","956","14","1390","3098","0","44.87","13.56"
"10","013","00","190","0005","0572","482","150","332","3","485","1015","0","47.78","14.78"
"10","013","00","190","0005","0573","484","137","347","7","491","1126","0","43.61","12.17"
"10","013","00","190","0005","0574","410","133","277","4","414","957","0","43.26","13.90"
"10","013","00","190","0006","0000","646","244","402","8","654","1761","0","37.14","13.86"
"10","013","00","190","0006","0580","293","95","198","1","294","762","0","38.58","12.47"
"10","013","00","190","0006","0581","353","149","204","7","360","999","0","36.04","14.91"
"10","013","00","190","0007","0000","430","146","284","8","438","1241","0","35.29","11.76"
"10","013","00","190","0007","0579","430","146","284","8","438","1241","0","35.29","11.76"
"10","013","00","190","0008","0000","349","110","239","6","355","895","0","39.66","12.29"
"10","013","00","190","0008","0578","349","110","239","6","355","895","0","39.66","12.29"
"10","013","00","190","0009","0000","757","229","528","8","765","1885","0","40.58","12.15"
"10","013","00","190","0009","0582","480","160","320","6","486","1120","0","43.39","14.29"
"10","013","00","190","0009","0583","277","69","208","2","279","765","0","36.47","9.02"
"10","013","00","190","0010","0000","459","150","309","12","471","1086","0","43.37","13.81"
"10","013","00","190","0010","0584","459","150","309","12","471","1086","0","43.37","13.81"
"10","013","00","200","0000","0000","3879","1322","2557","43","3922","9254","10249","42.38","14.29"
"10","013","00","200","0001","0000","689","237","452","6","695","1652","0","42.07","14.35"
"10","013","00","200","0001","0585","351","122","229","4","355","844","0","42.06","14.45"
"10","013","00","200","0001","0586","338","115","223","2","340","808","0","42.08","14.23"
"10","013","00","200","0002","0000","397","147","250","2","399","908","0","43.94","16.19"
"10","013","00","200","0002","0587","397","147","250","2","399","908","0","43.94","16.19"
"10","013","00","200","0003","0000","219","82","137","4","223","487","0","45.79","16.84"
"10","013","00","200","0003","0590","219","82","137","4","223","487","0","45.79","16.84"
"10","013","00","200","0004","0000","309","181","128","2","311","673","0","46.21","26.89"
"10","013","00","200","0004","0591","309","181","128","2","311","673","0","46.21","26.89"
"10","013","00","200","0005","0000","365","132","233","4","369","1011","0","36.50","13.06"
"10","013","00","200","0005","0588","365","132","233","4","369","1011","0","36.50","13.06"
"10","013","00","200","0006","0000","366","132","234","2","368","965","0","38.13","13.68"
"10","013","00","200","0006","0589","366","132","234","2","368","965","0","38.13","13.68"
"10","013","00","200","0007","0000","456","175","281","4","460","1028","0","44.75","17.02"
"10","013","00","200","0007","0592","456","175","281","4","460","1028","0","44.75","17.02"
"10","013","00","200","0008","0000","423","74","349","8","431","1050","0","41.05","7.05"
"10","013","00","200","0008","0593","423","74","349","8","431","1050","0","41.05","7.05"
"10","013","00","200","0009","0000","421","96","325","5","426","965","0","44.15","9.95"
"10","013","00","200","0009","0594","421","96","325","5","426","965","0","44.15","9.95"
"10","013","00","200","0010","0000","234","66","168","6","240","515","0","46.60","12.82"
"10","013","00","200","0010","0595","234","66","168","6","240","515","0","46.60","12.82"
"10","013","00","210","0000","0000","6411","2027","4384","86","6497","16509","18414","39.35","12.28"
"10","013","00","210","0001","0000","585","215","370","5","590","1467","0","40.22","14.66"
"10","013","00","210","0001","0596","585","215","370","5","590","1467","0","40.22","14.66"
"10","013","00","210","0002","0000","544","189","355","4","548","1302","0","42.09","14.52"
"10","013","00","210","0002","0597","544","189","355","4","548","1302","0","42.09","14.52"
"10","013","00","210","0003","0000","341","96","245","4","345","733","0","47.07","13.10"
"10","013","00","210","0003","0598","341","96","245","4","345","733","0","47.07","13.10"
"10","013","00","210","0004","0000","691","240","451","5","696","1793","0","38.82","13.39"
"10","013","00","210","0004","0599","351","117","234","2","353","926","0","38.12","12.63"
"10","013","00","210","0004","0600","340","123","217","3","343","867","0","39.56","14.19"
"10","013","00","210","0005","0000","796","210","586","13","809","1922","0","42.09","10.93"
"10","013","00","210","0005","0601","380","108","272","6","386","928","0","41.59","11.64"
"10","013","00","210","0005","0602","416","102","314","7","423","994","0","42.56","10.26"
"10","013","00","210","0006","0000","792","198","594","14","806","2056","0","39.20","9.63"
"10","013","00","210","0006","0603","343","82","261","4","347","839","0","41.36","9.77"
"10","013","00","210","0006","0604","449","116","333","10","459","1217","0","37.72","9.53"
"10","013","00","210","0007","0000","397","123","274","13","410","936","0","43.80","13.14"
"10","013","00","210","0007","0605","397","123","274","13","410","936","0","43.80","13.14"
"10","013","00","210","0008","0000","274","89","185","3","277","674","0","41.10","13.20"
"10","013","00","210","0008","0606","274","89","185","3","277","674","0","41.10","13.20"
"10","013","00","210","0009","0000","449","119","330","5","454","1138","0","39.89","10.46"
"10","013","00","210","0009","0607","449","119","330","5","454","1138","0","39.89","10.46"
"10","013","00","210","0010","0000","412","105","307","7","419","1061","0","39.49","9.90"
"10","013","00","210","0010","0608","412","105","307","7","419","1061","0","39.49","9.90"
"10","013","00","210","0011","0000","358","122","236","2","360","1072","0","33.58","11.38"
"10","013","00","210","0011","0609","358","122","236","2","360","1072","0","33.58","11.38"
"10","013","00","210","0012","0000","772","321","451","11","783","2355","0","33.25","13.63"
"10","013","00","210","0012","0610","354","150","204","6","360","1229","0","29.29","12.21"
"10","013","00","210","0012","0611","418","171","247","5","423","1126","0","37.57","15.19"
"10","013","00","220","0000","0000","2109","1199","910","15","2124","10595","12095","20.05","11.32"
"10","013","00","220","0001","0000","501","254","247","3","504","2066","0","24.39","12.29"
"10","013","00","220","0001","0612","264","121","143","1","265","1093","0","24.25","11.07"
"10","013","00","220","0001","0613","237","133","104","2","239","973","0","24.56","13.67"
"10","013","00","220","0002","0000","271","140","131","3","274","1247","0","21.97","11.23"
"10","013","00","220","0002","0614","271","140","131","3","274","1247","0","21.97","11.23"
"10","013","00","220","0003","0000","223","158","65","3","226","975","0","23.18","16.21"
"10","013","00","220","0003","0615","223","158","65","3","226","975","0","23.18","16.21"
"10","013","00","220","0004","0000","292","176","116","1","293","1617","0","18.12","10.88"
"10","013","00","220","0004","0616","292","176","116","1","293","1617","0","18.12","10.88"
"10","013","00","220","0005","0000","193","111","82","1","194","1117","0","17.37","9.94"
"10","013","00","220","0005","0617","193","111","82","1","194","1117","0","17.37","9.94"
"10","013","00","220","0006","0000","198","113","85","0","198","1101","0","17.98","10.26"
"10","013","00","220","0006","0618","198","113","85","0","198","1101","0","17.98","10.26"
"10","013","00","220","0007","0000","260","157","103","2","262","1622","0","16.15","9.68"
"10","013","00","220","0007","0619","260","157","103","2","262","1622","0","16.15","9.68"
"10","013","00","220","0008","0000","171","90","81","2","173","850","0","20.35","10.59"
"10","013","00","220","0008","0620","171","90","81","2","173","850","0","20.35","10.59"
"10","013","00","230","0000","0000","2369","963","1406","32","2401","7290","8221","32.94","13.21"
"10","013","00","230","0001","0000","489","199","290","3","492","1315","0","37.41","15.13"
"10","013","00","230","0001","0623","176","66","110","2","178","470","0","37.87","14.04"
"10","013","00","230","0001","0624","313","133","180","1","314","845","0","37.16","15.74"
"10","013","00","230","0002","0000","225","61","164","2","227","534","0","42.51","11.42"
"10","013","00","230","0002","0625","225","61","164","2","227","534","0","42.51","11.42"
"10","013","00","230","0003","0000","157","61","96","1","158","610","0","25.90","10.00"
"10","013","00","230","0003","0622","157","61","96","1","158","610","0","25.90","10.00"
"10","013","00","230","0004","0000","204","91","113","4","208","717","0","29.01","12.69"
"10","013","00","230","0004","0621","204","91","113","4","208","717","0","29.01","12.69"
"10","013","00","230","0005","0000","111","48","63","0","111","370","0","30.00","12.97"
"10","013","00","230","0005","0626","111","48","63","0","111","370","0","30.00","12.97"
"10","013","00","230","0006","0000","269","112","157","4","273","837","0","32.62","13.38"
"10","013","00","230","0006","0627","269","112","157","4","273","837","0","32.62","13.38"
"10","013","00","230","0007","0000","352","156","196","8","360","1197","0","30.08","13.03"
"10","013","00","230","0007","0628","172","72","100","5","177","585","0","30.26","12.31"
"10","013","00","230","0007","0629","180","84","96","3","183","612","0","29.90","13.73"
"10","013","00","230","0008","0000","146","38","108","2","148","418","0","35.41","9.09"
"10","013","00","230","0008","0630","146","38","108","2","148","418","0","35.41","9.09"
"10","013","00","230","0009","0000","112","58","54","0","112","412","0","27.18","14.08"
"10","013","00","230","0009","0631","112","58","54","0","112","412","0","27.18","14.08"
"10","013","00","230","0010","0000","150","73","77","4","154","481","0","32.02","15.18"
"10","013","00","230","0010","0632","150","73","77","4","154","481","0","32.02","15.18"
"10","013","00","230","0011","0000","154","66","88","4","158","399","0","39.60","16.54"
"10","013","00","230","0011","0633","154","66","88","4","158","399","0","39.60","16.54"
"10","013","00","240","0000","0000","1907","839","1068","17","1924","6686","7397","28.78","12.55"
"10","013","00","240","0001","0000","422","203","219","5","427","1429","0","29.88","14.21"
"10","013","00","240","0001","0634","422","203","219","5","427","1429","0","29.88","14.21"
"10","013","00","240","0002","0000","119","56","63","1","120","392","0","30.61","14.29"
"10","013","00","240","0002","0635","119","56","63","1","120","392","0","30.61","14.29"
"10","013","00","240","0003","0000","371","171","200","3","374","1208","0","30.96","14.16"
"10","013","00","240","0003","0637","371","171","200","3","374","1208","0","30.96","14.16"
"10","013","00","240","0004","0000","392","129","263","3","395","1223","0","32.30","10.55"
"10","013","00","240","0004","0638","392","129","263","3","395","1223","0","32.30","10.55"
"10","013","00","240","0005","0000","148","47","101","0","148","526","0","28.14","8.94"
"10","013","00","240","0005","0636","148","47","101","0","148","526","0","28.14","8.94"
"10","013","00","240","0006","0000","267","143","124","5","272","1255","0","21.67","11.39"
"10","013","00","240","0006","0639","267","143","124","5","272","1255","0","21.67","11.39"
"10","013","00","240","0007","0000","90","43","47","0","90","348","0","25.86","12.36"
"10","013","00","240","0007","0640","90","43","47","0","90","348","0","25.86","12.36"
"10","013","00","240","0008","0000","98","47","51","0","98","305","0","32.13","15.41"
"10","013","00","240","0008","0641","98","47","51","0","98","305","0","32.13","15.41"
"10","013","00","250","0000","0000","1587","554","1033","21","1608","4637","5145","34.68","11.95"
"10","013","00","250","0001","0000","351","166","185","10","361","966","0","37.37","17.18"
"10","013","00","250","0001","0642","204","95","109","6","210","548","0","38.32","17.34"
"10","013","00","250","0001","0643","147","71","76","4","151","418","0","36.12","16.99"
"10","013","00","250","0002","0000","695","238","457","7","702","1872","0","37.50","12.71"
"10","013","00","250","0002","0644","336","97","239","2","338","901","0","37.51","10.77"
"10","013","00","250","0002","0645","359","141","218","5","364","971","0","37.49","14.52"
"10","013","00","250","0003","0000","292","74","218","2","294","962","0","30.56","7.69"
"10","013","00","250","0003","0646","292","74","218","2","294","962","0","30.56","7.69"
"10","013","00","250","0004","0000","249","76","173","2","251","837","0","29.99","9.08"
"10","013","00","250","0004","0647","249","76","173","2","251","837","0","29.99","9.08"
"10","013","00","260","0000","0000","1934","1491","443","39","1973","6401","7691","30.82","23.29"
"10","013","00","260","0001","0000","550","441","109","16","566","1460","0","38.77","30.21"
"10","013","00","260","0001","0651","550","441","109","16","566","1460","0","38.77","30.21"
"10","013","00","260","0002","0000","95","61","34","1","96","341","0","28.15","17.89"
"10","013","00","260","0002","0650","95","61","34","1","96","341","0","28.15","17.89"
"10","013","00","260","0003","0000","86","56","30","2","88","566","0","15.55","9.89"
"10","013","00","260","0003","0649","86","56","30","2","88","566","0","15.55","9.89"
"10","013","00","260","0004","0000","172","139","33","6","178","639","0","27.86","21.75"
"10","013","00","260","0004","0648","172","139","33","6","178","639","0","27.86","21.75"
"10","013","00","260","0005","0000","218","165","53","3","221","725","0","30.48","22.76"
"10","013","00","260","0005","0652","218","165","53","3","221","725","0","30.48","22.76"
"10","013","00","260","0006","0000","190","136","54","3","193","550","0","35.09","24.73"
"10","013","00","260","0006","0653","190","136","54","3","193","550","0","35.09","24.73"
"10","013","00","260","0007","0000","101","68","33","0","101","341","0","29.62","19.94"
"10","013","00","260","0007","0654","101","68","33","0","101","341","0","29.62","19.94"
"10","013","00","260","0008","0000","155","117","38","3","158","468","0","33.76","25.00"
"10","013","00","260","0008","0655","155","117","38","3","158","468","0","33.76","25.00"
"10","013","00","260","0009","0000","200","172","28","4","204","694","0","29.39","24.78"
"10","013","00","260","0009","0656","200","172","28","4","204","694","0","29.39","24.78"
"10","013","00","260","0010","0000","167","136","31","1","168","617","0","27.23","22.04"
"10","013","00","260","0010","0657","167","136","31","1","168","617","0","27.23","22.04"
"10","013","00","270","0000","0000","926","673","253","10","936","2842","3230","32.93","23.68"
"10","013","00","270","0001","0000","348","240","108","3","351","1089","0","32.23","22.04"
"10","013","00","270","0001","0658","115","79","36","0","115","314","0","36.62","25.16"
"10","013","00","270","0001","0659","179","135","44","2","181","614","0","29.48","21.99"
"10","013","00","270","0001","0660","54","26","28","1","55","161","0","34.16","16.15"
"10","013","00","270","0002","0000","106","93","13","1","107","297","0","36.03","31.31"
"10","013","00","270","0002","0662","106","93","13","1","107","297","0","36.03","31.31"
"10","013","00","270","0003","0000","72","54","18","0","72","183","0","39.34","29.51"
"10","013","00","270","0003","0661","72","54","18","0","72","183","0","39.34","29.51"
"10","013","00","270","0004","0000","66","42","24","2","68","441","0","15.42","9.52"
"10","013","00","270","0004","0665","66","42","24","2","68","441","0","15.42","9.52"
"10","013","00","270","0005","0000","150","127","23","1","151","356","0","42.42","35.67"
"10","013","00","270","0005","0664","150","127","23","1","151","356","0","42.42","35.67"
"10","013","00","270","0006","0000","184","117","67","3","187","476","0","39.29","24.58"
"10","013","00","270","0006","0663","184","117","67","3","187","476","0","39.29","24.58"
"10","013","00","280","0000","0000","1974","1560","414","18","1992","5610","6706","35.51","27.81"
"10","013","00","280","0001","0000","161","123","38","1","162","443","0","36.57","27.77"
"10","013","00","280","0001","0666","161","123","38","1","162","443","0","36.57","27.77"
"10","013","00","280","0002","0000","311","244","67","2","313","771","0","40.60","31.65"
"10","013","00","280","0002","0667","311","244","67","2","313","771","0","40.60","31.65"
"10","013","00","280","0003","0000","282","227","55","1","283","1041","0","27.19","21.81"
"10","013","00","280","0003","0671","282","227","55","1","283","1041","0","27.19","21.81"
"10","013","00","280","0004","0000","307","213","94","3","310","887","0","34.95","24.01"
"10","013","00","280","0004","0672","307","213","94","3","310","887","0","34.95","24.01"
"10","013","00","280","0005","0000","135","112","23","0","135","419","0","32.22","26.73"
"10","013","00","280","0005","0673","135","112","23","0","135","419","0","32.22","26.73"
"10","013","00","280","0006","0000","778","641","137","11","789","2049","0","38.51","31.28"
"10","013","00","280","0006","0668","237","187","50","5","242","655","0","36.95","28.55"
"10","013","00","280","0006","0669","289","250","39","2","291","711","0","40.93","35.16"
"10","013","00","280","0006","0670","252","204","48","4","256","683","0","37.48","29.87"
"10","013","00","290","0000","0000","1450","1173","277","17","1467","4332","5365","33.86","27.08"
"10","013","00","290","0001","0000","325","272","53","2","327","844","0","38.74","32.23"
"10","013","00","290","0001","0674","233","193","40","1","234","632","0","37.03","30.54"
"10","013","00","290","0001","0675","92","79","13","1","93","212","0","43.87","37.26"
"10","013","00","290","0002","0000","336","266","70","7","343","950","0","36.11","28.00"
"10","013","00","290","0002","0676","336","266","70","7","343","950","0","36.11","28.00"
"10","013","00","290","0003","0000","211","131","80","2","213","610","0","34.92","21.48"
"10","013","00","290","0003","0677","211","131","80","2","213","610","0","34.92","21.48"
"10","013","00","290","0004","0000","117","104","13","1","118","408","0","28.92","25.49"
"10","013","00","290","0004","0679","117","104","13","1","118","408","0","28.92","25.49"
"10","013","00","290","0005","0000","206","173","33","5","211","772","0","27.33","22.41"
"10","013","00","290","0005","0680","206","173","33","5","211","772","0","27.33","22.41"
"10","013","00","290","0006","0000","255","227","28","0","255","748","0","34.09","30.35"
"10","013","00","290","0006","0678","255","227","28","0","255","748","0","34.09","30.35"
"10","013","00","300","0000","0000","2168","1850","318","24","2192","6217","7400","35.26","29.76"
"10","013","00","300","0001","0000","257","215","42","1","258","909","0","28.38","23.65"
"10","013","00","300","0001","0681","257","215","42","1","258","909","0","28.38","23.65"
"10","013","00","300","0002","0000","194","153","41","3","197","586","0","33.62","26.11"
"10","013","00","300","0002","0682","130","107","23","3","133","355","0","37.46","30.14"
"10","013","00","300","0002","0683","64","46","18","0","64","231","0","27.71","19.91"
"10","013","00","300","0003","0000","262","228","34","0","262","709","0","36.95","32.16"
"10","013","00","300","0003","0684","162","141","21","0","162","434","0","37.33","32.49"
"10","013","00","300","0003","0685","100","87","13","0","100","275","0","36.36","31.64"
"10","013","00","300","0004","0000","404","342","62","5","409","1112","0","36.78","30.76"
"10","013","00","300","0004","0686","404","342","62","5","409","1112","0","36.78","30.76"
"10","013","00","300","0005","0000","295","247","48","4","299","840","0","35.60","29.40"
"10","013","00","300","0005","0687","295","247","48","4","299","840","0","35.60","29.40"
"10","013","00","300","0006","0000","347","315","32","3","350","864","0","40.51","36.46"
"10","013","00","300","0006","0688","347","315","32","3","350","864","0","40.51","36.46"
"10","013","00","300","0007","0000","409","350","59","8","417","1197","0","34.84","29.24"
"10","013","00","300","0007","0689","197","173","24","4","201","574","0","35.02","30.14"
"10","013","00","300","0007","0690","212","177","35","4","216","623","0","34.67","28.41"
"10","013","00","310","0000","0000","1009","776","233","30","1039","3975","4912","26.14","19.52"
"10","013","00","310","0001","0000","191","152","39","2","193","923","0","20.91","16.47"
"10","013","00","310","0001","0691","191","152","39","2","193","923","0","20.91","16.47"
"10","013","00","310","0002","0000","187","139","48","2","189","685","0","27.59","20.29"
"10","013","00","310","0002","0692","187","139","48","2","189","685","0","27.59","20.29"
"10","013","00","310","0003","0000","56","40","16","5","61","311","0","19.61","12.86"
"10","013","00","310","0003","0693","56","40","16","5","61","311","0","19.61","12.86"
"10","013","00","310","0004","0000","281","226","55","6","287","940","0","30.53","24.04"
"10","013","00","310","0004","0694","281","226","55","6","287","940","0","30.53","24.04"
"10","013","00","310","0005","0000","168","126","42","9","177","647","0","27.36","19.47"
"10","013","00","310","0005","0695","168","126","42","9","177","647","0","27.36","19.47"
"10","013","00","310","0006","0000","126","93","33","6","132","469","0","28.14","19.83"
"10","013","00","310","0006","0696","126","93","33","6","132","469","0","28.14","19.83"
"10","013","00","320","0000","0000","1288","1083","205","20","1308","4092","4805","31.96","26.47"
"10","013","00","320","0001","0000","222","187","35","4","226","702","0","32.19","26.64"
"10","013","00","320","0001","0697","222","187","35","4","226","702","0","32.19","26.64"
"10","013","00","320","0002","0000","203","176","27","4","207","759","0","27.27","23.19"
"10","013","00","320","0002","0698","203","176","27","4","207","759","0","27.27","23.19"
"10","013","00","320","0003","0000","213","183","30","4","217","626","0","34.66","29.23"
"10","013","00","320","0003","0699","213","183","30","4","217","626","0","34.66","29.23"
"10","013","00","320","0004","0000","73","61","12","0","73","229","0","31.88","26.64"
"10","013","00","320","0004","0700","73","61","12","0","73","229","0","31.88","26.64"
"10","013","00","320","0005","0000","97","77","20","1","98","293","0","33.45","26.28"
"10","013","00","320","0005","0701","97","77","20","1","98","293","0","33.45","26.28"
"10","013","00","320","0006","0000","147","122","25","0","147","490","0","30.00","24.90"
"10","013","00","320","0006","0702","147","122","25","0","147","490","0","30.00","24.90"
"10","013","00","320","0007","0000","221","186","35","4","225","624","0","36.06","29.81"
"10","013","00","320","0007","0703","221","186","35","4","225","624","0","36.06","29.81"
"10","013","00","320","0008","0000","112","91","21","3","115","369","0","31.17","24.66"
"10","013","00","320","0008","0704","112","91","21","3","115","369","0","31.17","24.66"
"10","013","00","330","0000","0000","1242","1020","222","33","1275","4134","4860","30.84","24.67"
"10","013","00","330","0001","0000","497","409","88","9","506","1579","0","32.05","25.90"
"10","013","00","330","0001","0705","257","214","43","5","262","732","0","35.79","29.23"
"10","013","00","330","0001","0706","115","96","19","1","116","520","0","22.31","18.46"
"10","013","00","330","0001","0707","125","99","26","3","128","327","0","39.14","30.28"
"10","013","00","330","0002","0000","220","192","28","9","229","645","0","35.50","29.77"
"10","013","00","330","0002","0708","220","192","28","9","229","645","0","35.50","29.77"
"10","013","00","330","0003","0000","148","123","25","2","150","435","0","34.48","28.28"
"10","013","00","330","0003","0709","148","123","25","2","150","435","0","34.48","28.28"
"10","013","00","330","0004","0000","123","93","30","7","130","359","0","36.21","25.91"
"10","013","00","330","0004","0710","123","93","30","7","130","359","0","36.21","25.91"
"10","013","00","330","0005","0000","149","120","29","3","152","567","0","26.81","21.16"
"10","013","00","330","0005","0711","149","120","29","3","152","567","0","26.81","21.16"
"10","013","00","330","0006","0000","105","83","22","3","108","549","0","19.67","15.12"
"10","013","00","330","0006","0712","105","83","22","3","108","549","0","19.67","15.12"
"10","002","00","000","0000","0000","145431","60169","85262","1610","147041","385260","451946","38.17","15.62"
"10","002","00","010","0000","0000","31161","14539","16622","274","31435","78886","95269","39.85","18.43"
"10","002","00","010","0001","0000","1048","552","496","15","1063","2534","0","41.95","21.78"
"10","002","00","010","0001","0024","280","153","127","2","282","625","0","45.12","24.48"
"10","002","00","010","0001","0025","416","221","195","4","420","937","0","44.82","23.59"
"10","002","00","010","0001","0026","352","178","174","9","361","972","0","37.14","18.31"
"10","002","00","010","0002","0000","596","317","279","5","601","1744","0","34.46","18.18"
"10","002","00","010","0002","0022","328","168","160","1","329","1037","0","31.73","16.20"
"10","002","00","010","0002","0023","268","149","119","4","272","707","0","38.47","21.07"
"10","002","00","010","0008","0000","920","456","464","11","931","2115","0","44.02","21.56"
"10","002","00","010","0008","0030","504","240","264","7","511","1130","0","45.22","21.24"
"10","002","00","010","0008","0031","416","216","200","4","420","985","0","42.64","21.93"
"10","002","00","010","0009","0000","525","232","293","5","530","1269","0","41.77","18.28"
"10","002","00","010","0009","0032","525","232","293","5","530","1269","0","41.77","18.28"
"10","002","00","010","0010","0000","845","354","491","6","851","1962","0","43.37","18.04"
"10","002","00","010","0010","0036","461","211","250","2","463","1126","0","41.12","18.74"
"10","002","00","010","0010","0037","384","143","241","4","388","836","0","46.41","17.11"
"10","002","00","010","0011","0000","876","493","383","14","890","2131","0","41.76","23.13"
"10","002","00","010","0011","0034","435","216","219","7","442","1010","0","43.76","21.39"
"10","002","00","010","0011","0035","441","277","164","7","448","1121","0","39.96","24.71"
"10","002","00","010","0012","0000","516","206","310","10","526","1298","0","40.52","15.87"
"10","002","00","010","0012","0033","516","206","310","10","526","1298","0","40.52","15.87"
"10","002","00","010","0013","0000","719","311","408","6","725","1846","0","39.27","16.85"
"10","002","00","010","0013","0052","360","163","197","2","362","938","0","38.59","17.38"
"10","002","00","010","0013","0053","359","148","211","4","363","908","0","39.98","16.30"
"10","002","00","010","0014","0000","844","392","452","8","852","2200","0","38.73","17.82"
"10","002","00","010","0014","0047","404","215","189","1","405","1072","0","37.78","20.06"
"10","002","00","010","0014","0048","440","177","263","7","447","1128","0","39.63","15.69"
"10","002","00","010","0015","0000","1189","593","596","13","1202","3263","0","36.84","18.17"
"10","002","00","010","0015","0041","407","182","225","5","412","1064","0","38.72","17.11"
"10","002","00","010","0015","0042","368","179","189","3","371","1111","0","33.39","16.11"
"10","002","00","010","0015","0043","414","232","182","5","419","1088","0","38.51","21.32"
"10","002","00","010","0016","0000","532","198","334","8","540","1459","0","37.01","13.57"
"10","002","00","010","0016","0054","292","93","199","6","298","765","0","38.95","12.16"
"10","002","00","010","0016","0055","240","105","135","2","242","694","0","34.87","15.13"
"10","002","00","010","0017","0000","604","297","307","7","611","1801","0","33.93","16.49"
"10","002","00","010","0017","0061","287","151","136","2","289","894","0","32.33","16.89"
"10","002","00","010","0017","0062","317","146","171","5","322","907","0","35.50","16.10"
"10","002","00","010","0018","0000","651","246","405","8","659","1464","0","45.01","16.80"
"10","002","00","010","0018","0028","323","122","201","4","327","686","0","47.67","17.78"
"10","002","00","010","0018","0029","328","124","204","4","332","778","0","42.67","15.94"
"10","002","00","010","0019","0000","401","140","261","1","402","951","0","42.27","14.72"
"10","002","00","010","0019","0057","401","140","261","1","402","951","0","42.27","14.72"
"10","002","00","010","0021","0000","636","270","366","5","641","1595","0","40.19","16.93"
"10","002","00","010","0021","0058","296","138","158","2","298","789","0","37.77","17.49"
"10","002","00","010","0021","0059","340","132","208","3","343","806","0","42.56","16.38"
"10","002","00","010","0022","0000","523","232","291","4","527","1334","0","39.51","17.39"
"10","002","00","010","0022","0060","523","232","291","4","527","1334","0","39.51","17.39"
"10","002","00","010","0023","0000","447","166","281","3","450","1122","0","40.11","14.80"
"10","002","00","010","0023","0056","447","166","281","3","450","1122","0","40.11","14.80"
"10","002","00","010","0024","0000","947","350","597","6","953","2678","0","35.59","13.07"
"10","002","00","010","0024","0066","299","109","190","1","300","890","0","33.71","12.25"
"10","002","00","010","0024","0067","277","86","191","3","280","797","0","35.13","10.79"
"10","002","00","010","0024","0068","371","155","216","2","373","991","0","37.64","15.64"
"10","002","00","010","0025","0000","764","330","434","11","775","2080","0","37.26","15.87"
"10","002","00","010","0025","0069","422","211","211","3","425","1103","0","38.53","19.13"
"10","002","00","010","0025","0070","342","119","223","8","350","977","0","35.82","12.18"
"10","002","00","010","0026","0000","823","304","519","12","835","2200","0","37.95","13.82"
"10","002","00","010","0026","0071","388","149","239","7","395","1102","0","35.84","13.52"
"10","002","00","010","0026","0072","435","155","280","5","440","1098","0","40.07","14.12"
"10","002","00","010","0027","0000","1159","437","722","4","1163","3159","0","36.82","13.83"
"10","002","00","010","0027","0073","382","157","225","0","382","972","0","39.30","16.15"
"10","002","00","010","0027","0074","398","141","257","3","401","1164","0","34.45","12.11"
"10","002","00","010","0027","0075","379","139","240","1","380","1023","0","37.15","13.59"
"10","002","00","010","0028","0000","484","182","302","8","492","1112","0","44.24","16.37"
"10","002","00","010","0028","0081","484","182","302","8","492","1112","0","44.24","16.37"
"10","002","00","010","0031","0000","346","150","196","4","350","902","0","38.80","16.63"
"10","002","00","010","0031","0078","346","150","196","4","350","902","0","38.80","16.63"
"10","002","00","010","0032","0000","738","269","469","7","745","1736","0","42.91","15.50"
"10","002","00","010","0032","0079","346","129","217","3","349","817","0","42.72","15.79"
"10","002","00","010","0032","0080","392","140","252","4","396","919","0","43.09","15.23"
"10","002","00","010","0034","0000","555","244","311","2","557","1330","0","41.88","18.35"
"10","002","00","010","0034","0076","280","147","133","1","281","616","0","45.62","23.86"
"10","002","00","010","0034","0077","275","97","178","1","276","714","0","38.66","13.59"
"10","002","00","010","0035","0000","1180","556","624","9","1189","2908","0","40.89","19.12"
"10","002","00","010","0035","0007","373","180","193","1","374","931","0","40.17","19.33"
"10","002","00","010","0035","0008","420","198","222","2","422","1000","0","42.20","19.80"
"10","002","00","010","0035","0009","387","178","209","6","393","977","0","40.23","18.22"
"10","002","00","010","0036","0000","938","492","446","10","948","2157","0","43.95","22.81"
"10","002","00","010","0036","0001","500","244","256","7","507","1107","0","45.80","22.04"
"10","002","00","010","0036","0002","438","248","190","3","441","1050","0","42.00","23.62"
"10","002","00","010","0037","0000","651","315","336","3","654","1576","0","41.50","19.99"
"10","002","00","010","0037","0003","347","165","182","2","349","834","0","41.85","19.78"
"10","002","00","010","0037","0004","304","150","154","1","305","742","0","41.11","20.22"
"10","002","00","010","0038","0000","1762","964","798","14","1776","4247","0","41.82","22.70"
"10","002","00","010","0038","0010","498","263","235","4","502","1055","0","47.58","24.93"
"10","002","00","010","0038","0011","380","221","159","3","383","1020","0","37.55","21.67"
"10","002","00","010","0038","0012","438","253","185","3","441","1056","0","41.76","23.96"
"10","002","00","010","0038","0013","446","227","219","4","450","1116","0","40.32","20.34"
"10","002","00","010","0039","0000","1229","629","600","7","1236","2966","0","41.67","21.21"
"10","002","00","010","0039","0016","367","178","189","2","369","885","0","41.69","20.11"
"10","002","00","010","0039","0017","384","215","169","4","388","944","0","41.10","22.78"
"10","002","00","010","0039","0018","478","236","242","1","479","1137","0","42.13","20.76"
"10","002","00","010","0040","0000","1082","583","499","7","1089","2613","0","41.68","22.31"
"10","002","00","010","0040","0019","375","260","115","4","379","870","0","43.56","29.89"
"10","002","00","010","0040","0020","340","164","176","2","342","779","0","43.90","21.05"
"10","002","00","010","0040","0021","367","159","208","1","368","964","0","38.17","16.49"
"10","002","00","010","0041","0000","1151","558","593","9","1160","3044","0","38.11","18.33"
"10","002","00","010","0041","0044","307","119","188","3","310","812","0","38.18","14.66"
"10","002","00","010","0041","0045","433","231","202","4","437","1146","0","38.13","20.16"
"10","002","00","010","0041","0046","411","208","203","2","413","1086","0","38.03","19.15"
"10","002","00","010","0042","0000","1175","595","580","8","1183","3099","0","38.17","19.20"
"10","002","00","010","0042","0049","455","239","216","4","459","1132","0","40.55","21.11"
"10","002","00","010","0042","0050","359","177","182","2","361","951","0","37.96","18.61"
"10","002","00","010","0042","0051","361","179","182","2","363","1016","0","35.73","17.62"
"10","002","00","010","0043","0000","1096","591","505","6","1102","2533","0","43.51","23.33"
"10","002","00","010","0043","0014","568","341","227","5","573","1294","0","44.28","26.35"
"10","002","00","010","0043","0015","528","250","278","1","529","1239","0","42.70","20.18"
"10","002","00","010","0044","0000","657","348","309","3","660","1969","0","33.52","17.67"
"10","002","00","010","0044","0005","340","182","158","0","340","1017","0","33.43","17.90"
"10","002","00","010","0044","0006","317","166","151","3","320","952","0","33.61","17.44"
"10","002","00","010","0045","0000","305","138","167","2","307","770","0","39.87","17.92"
"10","002","00","010","0045","0027","305","138","167","2","307","770","0","39.87","17.92"
"10","002","00","010","0046","0000","1015","478","537","6","1021","2844","0","35.90","16.81"
"10","002","00","010","0046","0063","439","208","231","3","442","1229","0","35.96","16.92"
"10","002","00","010","0046","0064","304","148","156","2","306","788","0","38.83","18.78"
"10","002","00","010","0046","0065","272","122","150","1","273","827","0","33.01","14.75"
"10","002","00","010","0047","0000","1232","571","661","7","1239","2875","0","43.10","19.86"
"10","002","00","010","0047","0038","433","193","240","3","436","990","0","44.04","19.49"
"10","002","00","010","0047","0039","383","183","200","1","384","905","0","42.43","20.22"
"10","002","00","010","0047","0040","416","195","221","3","419","980","0","42.76","19.90"
"10","002","00","020","0000","0000","23053","9509","13544","239","23292","56993","71097","40.87","16.68"
"10","002","00","020","0004","0000","617","252","365","8","625","1532","0","40.80","16.45"
"10","002","00","020","0004","0084","617","252","365","8","625","1532","0","40.80","16.45"
"10","002","00","020","0005","0000","1295","517","778","11","1306","3501","0","37.30","14.77"
"10","002","00","020","0005","0085","573","196","377","6","579","1443","0","40.12","13.58"
"10","002","00","020","0005","0086","368","170","198","3","371","1118","0","33.18","15.21"
"10","002","00","020","0005","0087","354","151","203","2","356","940","0","37.87","16.06"
"10","002","00","020","0006","0000","1051","358","693","8","1059","2687","0","39.41","13.32"
"10","002","00","020","0006","0088","589","187","402","5","594","1521","0","39.05","12.29"
"10","002","00","020","0006","0089","462","171","291","3","465","1166","0","39.88","14.67"
"10","002","00","020","0007","0000","1190","509","681","7","1197","3002","0","39.87","16.96"
"10","002","00","020","0007","0090","546","226","320","4","550","1304","0","42.18","17.33"
"10","002","00","020","0007","0091","339","145","194","2","341","829","0","41.13","17.49"
"10","002","00","020","0007","0092","305","138","167","1","306","869","0","35.21","15.88"
"10","002","00","020","0008","0000","872","385","487","8","880","2352","0","37.41","16.37"
"10","002","00","020","0008","0093","501","228","273","6","507","1477","0","34.33","15.44"
"10","002","00","020","0008","0094","371","157","214","2","373","875","0","42.63","17.94"
"10","002","00","020","0009","0000","551","228","323","6","557","1294","0","43.04","17.62"
"10","002","00","020","0009","0095","551","228","323","6","557","1294","0","43.04","17.62"
"10","002","00","020","0010","0000","630","249","381","3","633","1501","0","42.17","16.59"
"10","002","00","020","0010","0096","630","249","381","3","633","1501","0","42.17","16.59"
"10","002","00","020","0011","0000","486","207","279","4","490","1123","0","43.63","18.43"
"10","002","00","020","0011","0097","486","207","279","4","490","1123","0","43.63","18.43"
"10","002","00","020","0016","0000","1418","598","820","13","1431","3579","0","39.98","16.71"
"10","002","00","020","0016","0100","420","162","258","2","422","1025","0","41.17","15.80"
"10","002","00","020","0016","0101","537","246","291","5","542","1283","0","42.24","19.17"
"10","002","00","020","0016","0102","461","190","271","6","467","1271","0","36.74","14.95"
"10","002","00","020","0017","0000","1086","449","637","6","1092","2799","0","39.01","16.04"
"10","002","00","020","0017","0106","540","212","328","2","542","1413","0","38.36","15.00"
"10","002","00","020","0017","0107","546","237","309","4","550","1386","0","39.68","17.10"
"10","002","00","020","0018","0000","1085","443","642","17","1102","2795","0","39.43","15.85"
"10","002","00","020","0018","0108","435","159","276","6","441","1069","0","41.25","14.87"
"10","002","00","020","0018","0109","340","150","190","8","348","879","0","39.59","17.06"
"10","002","00","020","0018","0110","310","134","176","3","313","847","0","36.95","15.82"
"10","002","00","020","0019","0000","1381","620","761","22","1403","3502","0","40.06","17.70"
"10","002","00","020","0019","0115","560","257","303","8","568","1399","0","40.60","18.37"
"10","002","00","020","0019","0116","422","192","230","7","429","1083","0","39.61","17.73"
"10","002","00","020","0019","0117","399","171","228","7","406","1020","0","39.80","16.76"
"10","002","00","020","0020","0000","1124","443","681","14","1138","2641","0","43.09","16.77"
"10","002","00","020","0020","0118","576","229","347","5","581","1375","0","42.25","16.65"
"10","002","00","020","0020","0119","548","214","334","9","557","1266","0","44.00","16.90"
"10","002","00","020","0021","0000","369","151","218","5","374","1099","0","34.03","13.74"
"10","002","00","020","0021","0120","369","151","218","5","374","1099","0","34.03","13.74"
"10","002","00","020","0022","0000","1222","513","709","14","1236","2919","0","42.34","17.57"
"10","002","00","020","0022","0121","487","206","281","4","491","1057","0","46.45","19.49"
"10","002","00","020","0022","0122","428","186","242","6","434","1068","0","40.64","17.42"
"10","002","00","020","0022","0123","307","121","186","4","311","794","0","39.17","15.24"
"10","002","00","020","0023","0000","1156","459","697","18","1174","2844","0","41.28","16.14"
"10","002","00","020","0023","0127","366","144","222","9","375","953","0","39.35","15.11"
"10","002","00","020","0023","0128","400","151","249","4","404","952","0","42.44","15.86"
"10","002","00","020","0023","0129","390","164","226","5","395","939","0","42.07","17.47"
"10","002","00","020","0024","0000","1482","601","881","12","1494","3570","0","41.85","16.83"
"10","002","00","020","0024","0130","569","233","336","3","572","1370","0","41.75","17.01"
"10","002","00","020","0024","0131","445","174","271","3","448","1040","0","43.08","16.73"
"10","002","00","020","0024","0132","468","194","274","6","474","1160","0","40.86","16.72"
"10","002","00","020","0025","0000","1551","695","856","16","1567","3337","0","46.96","20.83"
"10","002","00","020","0025","0124","689","323","366","8","697","1354","0","51.48","23.86"
"10","002","00","020","0025","0125","403","182","221","5","408","847","0","48.17","21.49"
"10","002","00","020","0025","0126","459","190","269","3","462","1136","0","40.67","16.73"
"10","002","00","020","0026","0000","1768","766","1002","17","1785","4280","0","41.71","17.90"
"10","002","00","020","0026","0111","445","199","246","7","452","1092","0","41.39","18.22"
"10","002","00","020","0026","0112","505","220","285","4","509","1135","0","44.85","19.38"
"10","002","00","020","0026","0113","441","203","238","2","443","1108","0","39.98","18.32"
"10","002","00","020","0026","0114","377","144","233","4","381","945","0","40.32","15.24"
"10","002","00","020","0027","0000","1238","522","716","11","1249","2960","0","42.20","17.64"
"10","002","00","020","0027","0103","413","188","225","3","416","1020","0","40.78","18.43"
"10","002","00","020","0027","0104","416","178","238","4","420","965","0","43.52","18.45"
"10","002","00","020","0027","0105","409","156","253","4","413","975","0","42.36","16.00"
"10","002","00","020","0028","0000","568","216","352","8","576","1355","0","42.51","15.94"
"10","002","00","020","0028","0082","312","121","191","4","316","662","0","47.73","18.28"
"10","002","00","020","0028","0083","256","95","161","4","260","693","0","37.52","13.71"
"10","002","00","020","0029","0000","533","184","349","6","539","1343","0","40.13","13.70"
"10","002","00","020","0029","0099","533","184","349","6","539","1343","0","40.13","13.70"
"10","002","00","020","0030","0000","380","144","236","5","385","978","0","39.37","14.72"
"10","002","00","020","0030","0098","380","144","236","5","385","978","0","39.37","14.72"
"10","002","00","030","0000","0000","12269","4890","7379","175","12444","33916","38592","36.69","14.42"
"10","002","00","030","0001","0000","1196","420","776","23","1219","3347","0","36.42","12.55"
"10","002","00","030","0001","0133","287","110","177","3","290","859","0","33.76","12.81"
"10","002","00","030","0001","0134","285","93","192","6","291","802","0","36.28","11.60"
"10","002","00","030","0001","0135","286","102","184","8","294","797","0","36.89","12.80"
"10","002","00","030","0001","0136","338","115","223","6","344","889","0","38.70","12.94"
"10","002","00","030","0002","0000","378","125","253","7","385","1020","0","37.75","12.25"
"10","002","00","030","0002","0137","378","125","253","7","385","1020","0","37.75","12.25"
"10","002","00","030","0003","0000","1381","509","872","12","1393","3753","0","37.12","13.56"
"10","002","00","030","0003","0138","356","133","223","5","361","1063","0","33.96","12.51"
"10","002","00","030","0003","0139","362","140","222","1","363","970","0","37.42","14.43"
"10","002","00","030","0003","0140","369","134","235","4","373","929","0","40.15","14.42"
"10","002","00","030","0003","0141","294","102","192","2","296","791","0","37.42","12.90"
"10","002","00","030","0004","0000","347","114","233","5","352","861","0","40.88","13.24"
"10","002","00","030","0004","0142","209","78","131","4","213","543","0","39.23","14.36"
"10","002","00","030","0004","0143","138","36","102","1","139","318","0","43.71","11.32"
"10","002","00","030","0005","0000","496","187","309","10","506","1218","0","41.54","15.35"
"10","002","00","030","0005","0144","337","130","207","6","343","804","0","42.66","16.17"
"10","002","00","030","0005","0145","159","57","102","4","163","414","0","39.37","13.77"
"10","002","00","030","0007","0000","1150","429","721","12","1162","3062","0","37.95","14.01"
"10","002","00","030","0007","0146","356","122","234","4","360","1015","0","35.47","12.02"
"10","002","00","030","0007","0147","394","144","250","1","395","1049","0","37.65","13.73"
"10","002","00","030","0007","0148","400","163","237","7","407","998","0","40.78","16.33"
"10","002","00","030","0008","0000","571","213","358","14","585","1452","0","40.29","14.67"
"10","002","00","030","0008","0149","379","134","245","8","387","996","0","38.86","13.45"
"10","002","00","030","0008","0150","192","79","113","6","198","456","0","43.42","17.32"
"10","002","00","030","0009","0000","793","408","385","10","803","2219","0","36.19","18.39"
"10","002","00","030","0009","0154","214","126","88","1","215","557","0","38.60","22.62"
"10","002","00","030","0009","0155","279","146","133","4","283","841","0","33.65","17.36"
"10","002","00","030","0009","0156","300","136","164","5","305","821","0","37.15","16.57"
"10","002","00","030","0010","0000","888","380","508","6","894","2348","0","38.07","16.18"
"10","002","00","030","0010","0157","310","151","159","2","312","875","0","35.66","17.26"
"10","002","00","030","0010","0158","243","104","139","2","245","661","0","37.07","15.73"
"10","002","00","030","0010","0159","335","125","210","2","337","812","0","41.50","15.39"
"10","002","00","030","0011","0000","378","200","178","5","383","953","0","40.19","20.99"
"10","002","00","030","0011","0160","378","200","178","5","383","953","0","40.19","20.99"
"10","002","00","030","0012","0000","216","89","127","1","217","437","0","49.66","20.37"
"10","002","00","030","0012","0161","216","89","127","1","217","437","0","49.66","20.37"
"10","002","00","030","0013","0000","166","81","85","1","167","499","0","33.47","16.23"
"10","002","00","030","0013","0162","166","81","85","1","167","499","0","33.47","16.23"
"10","002","00","030","0014","0000","181","76","105","4","185","521","0","35.51","14.59"
"10","002","00","030","0014","0163","181","76","105","4","185","521","0","35.51","14.59"
"10","002","00","030","0015","0000","184","101","83","1","185","431","0","42.92","23.43"
"10","002","00","030","0015","0164","184","101","83","1","185","431","0","42.92","23.43"
"10","002","00","030","0016","0000","192","79","113","2","194","573","0","33.86","13.79"
"10","002","00","030","0016","0165","192","79","113","2","194","573","0","33.86","13.79"
"10","002","00","030","0017","0000","151","66","85","2","153","439","0","34.85","15.03"
"10","002","00","030","0017","0166","151","66","85","2","153","439","0","34.85","15.03"
"10","002","00","030","0018","0000","330","143","187","4","334","909","0","36.74","15.73"
"10","002","00","030","0018","0167","330","143","187","4","334","909","0","36.74","15.73"
"10","002","00","030","0019","0000","330","109","221","5","335","893","0","37.51","12.21"
"10","002","00","030","0019","0168","330","109","221","5","335","893","0","37.51","12.21"
"10","002","00","030","0020","0000","329","120","209","8","337","1052","0","32.03","11.41"
"10","002","00","030","0020","0169","153","68","85","5","158","485","0","32.58","14.02"
"10","002","00","030","0020","0170","176","52","124","3","179","567","0","31.57","9.17"
"10","002","00","030","0021","0000","426","189","237","12","438","1414","0","30.98","13.37"
"10","002","00","030","0021","0171","232","101","131","7","239","717","0","33.33","14.09"
"10","002","00","030","0021","0172","194","88","106","5","199","697","0","28.55","12.63"
"10","002","00","030","0022","0000","345","151","194","6","351","1011","0","34.72","14.94"
"10","002","00","030","0022","0173","345","151","194","6","351","1011","0","34.72","14.94"
"10","002","00","030","0023","0000","402","132","270","6","408","1165","0","35.02","11.33"
"10","002","00","030","0023","0174","221","88","133","6","227","625","0","36.32","14.08"
"10","002","00","030","0023","0175","181","44","137","0","181","540","0","33.52","8.15"
"10","002","00","030","0024","0000","87","44","43","4","91","330","0","27.58","13.33"
"10","002","00","030","0024","0176","87","44","43","4","91","330","0","27.58","13.33"
"10","002","00","030","0025","0000","222","76","146","4","226","691","0","32.71","11.00"
"10","002","00","030","0025","0177","222","76","146","4","226","691","0","32.71","11.00"
"10","002","00","030","0026","0000","211","62","149","5","216","584","0","36.99","10.62"
"10","002","00","030","0026","0178","118","35","83","2","120","356","0","33.71","9.83"
"10","002","00","030","0026","0179","93","27","66","3","96","228","0","42.11","11.84"
"10","002","00","030","0027","0000","919","387","532","6","925","2734","0","33.83","14.16"
"10","002","00","030","0027","0151","262","111","151","1","263","785","0","33.50","14.14"
"10","002","00","030","0027","0152","301","131","170","3","304","852","0","35.68","15.38"
"10","002","00","030","0027","0153","356","145","211","2","358","1097","0","32.63","13.22"
"10","002","00","040","0000","0000","8204","3907","4297","105","8309","24942","28673","33.31","15.66"
"10","002","00","040","0001","0000","81","27","54","0","81","304","0","26.64","8.88"
"10","002","00","040","0001","0180","81","27","54","0","81","304","0","26.64","8.88"
"10","002","00","040","0002","0000","191","93","98","5","196","676","0","28.99","13.76"
"10","002","00","040","0002","0181","191","93","98","5","196","676","0","28.99","13.76"
"10","002","00","040","0003","0000","262","94","168","5","267","874","0","30.55","10.76"
"10","002","00","040","0003","0183","262","94","168","5","267","874","0","30.55","10.76"
"10","002","00","040","0004","0000","85","39","46","1","86","345","0","24.93","11.30"
"10","002","00","040","0004","0184","85","39","46","1","86","345","0","24.93","11.30"
"10","002","00","040","0005","0000","355","155","200","7","362","1352","0","26.78","11.46"
"10","002","00","040","0005","0185","175","74","101","3","178","624","0","28.53","11.86"
"10","002","00","040","0005","0186","180","81","99","4","184","728","0","25.27","11.13"
"10","002","00","040","0006","0000","240","113","127","3","243","862","0","28.19","13.11"
"10","002","00","040","0006","0187","240","113","127","3","243","862","0","28.19","13.11"
"10","002","00","040","0007","0000","216","80","136","1","217","678","0","32.01","11.80"
"10","002","00","040","0007","0188","216","80","136","1","217","678","0","32.01","11.80"
"10","002","00","040","0008","0000","569","300","269","4","573","1576","0","36.36","19.04"
"10","002","00","040","0008","0189","300","151","149","4","304","853","0","35.64","17.70"
"10","002","00","040","0008","0190","269","149","120","0","269","723","0","37.21","20.61"
"10","002","00","040","0009","0000","477","222","255","5","482","1356","0","35.55","16.37"
"10","002","00","040","0009","0191","252","113","139","3","255","791","0","32.24","14.29"
"10","002","00","040","0009","0192","225","109","116","2","227","565","0","40.18","19.29"
"10","002","00","040","0010","0000","305","156","149","2","307","710","0","43.24","21.97"
"10","002","00","040","0010","0193","305","156","149","2","307","710","0","43.24","21.97"
"10","002","00","040","0011","0000","198","121","77","2","200","488","0","40.98","24.80"
"10","002","00","040","0011","0194","198","121","77","2","200","488","0","40.98","24.80"
"10","002","00","040","0012","0000","195","104","91","0","195","533","0","36.59","19.51"
"10","002","00","040","0012","0195","195","104","91","0","195","533","0","36.59","19.51"
"10","002","00","040","0013","0000","264","137","127","3","267","645","0","41.40","21.24"
"10","002","00","040","0013","0196","264","137","127","3","267","645","0","41.40","21.24"
"10","002","00","040","0014","0000","571","261","310","11","582","2076","0","28.03","12.57"
"10","002","00","040","0014","0197","287","101","186","3","290","1050","0","27.62","9.62"
"10","002","00","040","0014","0198","284","160","124","8","292","1026","0","28.46","15.59"
"10","002","00","040","0015","0000","699","336","363","9","708","2044","0","34.64","16.44"
"10","002","00","040","0015","0199","293","133","160","5","298","863","0","34.53","15.41"
"10","002","00","040","0015","0200","406","203","203","4","410","1181","0","34.72","17.19"
"10","002","00","040","0016","0000","716","364","352","10","726","2076","0","34.97","17.53"
"10","002","00","040","0016","0201","274","143","131","8","282","901","0","31.30","15.87"
"10","002","00","040","0016","0202","442","221","221","2","444","1175","0","37.79","18.81"
"10","002","00","040","0017","0000","293","141","152","6","299","931","0","32.12","15.15"
"10","002","00","040","0017","0203","293","141","152","6","299","931","0","32.12","15.15"
"10","002","00","040","0018","0000","590","303","287","8","598","1711","0","34.95","17.71"
"10","002","00","040","0018","0204","367","214","153","4","371","1025","0","36.20","20.88"
"10","002","00","040","0018","0205","223","89","134","4","227","686","0","33.09","12.97"
"10","002","00","040","0019","0000","226","111","115","1","227","692","0","32.80","16.04"
"10","002","00","040","0019","0206","226","111","115","1","227","692","0","32.80","16.04"
"10","002","00","040","0020","0000","488","227","261","5","493","1301","0","37.89","17.45"
"10","002","00","040","0020","0207","202","86","116","2","204","569","0","35.85","15.11"
"10","002","00","040","0020","0208","286","141","145","3","289","732","0","39.48","19.26"
"10","002","00","040","0021","0000","306","126","180","5","311","909","0","34.21","13.86"
"10","002","00","040","0021","0209","306","126","180","5","311","909","0","34.21","13.86"
"10","002","00","040","0022","0000","308","140","168","5","313","1008","0","31.05","13.89"
"10","002","00","040","0022","0210","308","140","168","5","313","1008","0","31.05","13.89"
"10","002","00","040","0023","0000","342","156","186","4","346","1090","0","31.74","14.31"
"10","002","00","040","0023","0211","342","156","186","4","346","1090","0","31.74","14.31"
"10","002","00","040","0024","0000","227","101","126","3","230","705","0","32.62","14.33"
"10","002","00","040","0024","0182","227","101","126","3","230","705","0","32.62","14.33"
"10","002","00","050","0000","0000","11371","4516","6855","140","11511","30794","35091","37.38","14.67"
"10","002","00","050","0001","0000","525","219","306","8","533","1601","0","33.29","13.68"
"10","002","00","050","0001","0212","368","149","219","4","372","1093","0","34.03","13.63"
"10","002","00","050","0001","0213","157","70","87","4","161","508","0","31.69","13.78"
"10","002","00","050","0002","0000","704","313","391","9","713","1954","0","36.49","16.02"
"10","002","00","050","0002","0214","330","132","198","3","333","987","0","33.74","13.37"
"10","002","00","050","0002","0215","374","181","193","6","380","967","0","39.30","18.72"
"10","002","00","050","0003","0000","1485","765","720","22","1507","3987","0","37.80","19.19"
"10","002","00","050","0003","0216","336","178","158","4","340","956","0","35.56","18.62"
"10","002","00","050","0003","0217","350","191","159","4","354","955","0","37.07","20.00"
"10","002","00","050","0003","0218","397","193","204","9","406","970","0","41.86","19.90"
"10","002","00","050","0003","0219","402","203","199","5","407","1106","0","36.80","18.35"
"10","002","00","050","0004","0000","918","442","476","16","934","2517","0","37.11","17.56"
"10","002","00","050","0004","0220","283","155","128","3","286","815","0","35.09","19.02"
"10","002","00","050","0004","0221","336","149","187","8","344","870","0","39.54","17.13"
"10","002","00","050","0004","0222","299","138","161","5","304","832","0","36.54","16.59"
"10","002","00","050","0005","0000","228","99","129","3","231","620","0","37.26","15.97"
"10","002","00","050","0005","0223","228","99","129","3","231","620","0","37.26","15.97"
"10","002","00","050","0006","0000","576","275","301","6","582","1372","0","42.42","20.04"
"10","002","00","050","0006","0224","260","131","129","3","263","576","0","45.66","22.74"
"10","002","00","050","0006","0225","316","144","172","3","319","796","0","40.08","18.09"
"10","002","00","050","0007","0000","447","147","300","1","448","1198","0","37.40","12.27"
"10","002","00","050","0007","0226","447","147","300","1","448","1198","0","37.40","12.27"
"10","002","00","050","0008","0000","518","151","367","12","530","1460","0","36.30","10.34"
"10","002","00","050","0008","0227","328","111","217","7","335","875","0","38.29","12.69"
"10","002","00","050","0008","0228","190","40","150","5","195","585","0","33.33","6.84"
"10","002","00","050","0009","0000","832","263","569","6","838","2114","0","39.64","12.44"
"10","002","00","050","0009","0229","349","118","231","4","353","920","0","38.37","12.83"
"10","002","00","050","0009","0230","483","145","338","2","485","1194","0","40.62","12.14"
"10","002","00","050","0010","0000","843","308","535","11","854","2406","0","35.49","12.80"
"10","002","00","050","0010","0231","296","102","194","6","302","844","0","35.78","12.09"
"10","002","00","050","0010","0232","231","98","133","2","233","643","0","36.24","15.24"
"10","002","00","050","0010","0233","316","108","208","3","319","919","0","34.71","11.75"
"10","002","00","050","0011","0000","343","115","228","3","346","1132","0","30.57","10.16"
"10","002","00","050","0011","0234","343","115","228","3","346","1132","0","30.57","10.16"
"10","002","00","050","0012","0000","293","121","172","4","297","830","0","35.78","14.58"
"10","002","00","050","0012","0235","293","121","172","4","297","830","0","35.78","14.58"
"10","002","00","050","0013","0000","420","153","267","6","426","1059","0","40.23","14.45"
"10","002","00","050","0013","0236","420","153","267","6","426","1059","0","40.23","14.45"
"10","002","00","050","0014","0000","479","175","304","4","483","1359","0","35.54","12.88"
"10","002","00","050","0014","0237","479","175","304","4","483","1359","0","35.54","12.88"
"10","002","00","050","0015","0000","1031","384","647","11","1042","2526","0","41.25","15.20"
"10","002","00","050","0015","0238","359","151","208","4","363","898","0","40.42","16.82"
"10","002","00","050","0015","0239","333","125","208","4","337","820","0","41.10","15.24"
"10","002","00","050","0015","0240","339","108","231","3","342","808","0","42.33","13.37"
"10","002","00","050","0016","0000","1222","407","815","14","1236","3316","0","37.27","12.27"
"10","002","00","050","0016","0241","435","149","286","6","441","1073","0","41.10","13.89"
"10","002","00","050","0016","0242","458","147","311","5","463","1215","0","38.11","12.10"
"10","002","00","050","0016","0243","329","111","218","3","332","1028","0","32.30","10.80"
"10","002","00","050","0017","0000","327","142","185","3","330","921","0","35.83","15.42"
"10","002","00","050","0017","0244","327","142","185","3","330","921","0","35.83","15.42"
"10","002","00","050","0018","0000","180","37","143","1","181","422","0","42.89","8.77"
"10","002","00","050","0018","0245","180","37","143","1","181","422","0","42.89","8.77"
"10","002","00","060","0000","0000","7781","2852","4929","103","7884","21700","24419","36.33","13.14"
"10","002","00","060","0001","0000","978","389","589","8","986","2606","0","37.84","14.93"
"10","002","00","060","0001","0246","361","147","214","2","363","899","0","40.38","16.35"
"10","002","00","060","0001","0247","289","107","182","3","292","778","0","37.53","13.75"
"10","002","00","060","0001","0248","328","135","193","3","331","929","0","35.63","14.53"
"10","002","00","060","0002","0000","692","291","401","5","697","1928","0","36.15","15.09"
"10","002","00","060","0002","0250","304","136","168","1","305","925","0","32.97","14.70"
"10","002","00","060","0002","0251","388","155","233","4","392","1003","0","39.08","15.45"
"10","002","00","060","0003","0000","364","128","236","7","371","931","0","39.85","13.75"
"10","002","00","060","0003","0252","364","128","236","7","371","931","0","39.85","13.75"
"10","002","00","060","0004","0000","281","86","195","2","283","979","0","28.91","8.78"
"10","002","00","060","0004","0253","281","86","195","2","283","979","0","28.91","8.78"
"10","002","00","060","0005","0000","518","165","353","7","525","1599","0","32.83","10.32"
"10","002","00","060","0005","0254","270","76","194","3","273","805","0","33.91","9.44"
"10","002","00","060","0005","0255","248","89","159","4","252","794","0","31.74","11.21"
"10","002","00","060","0006","0000","481","156","325","9","490","1492","0","32.84","10.46"
"10","002","00","060","0006","0256","266","80","186","8","274","785","0","34.90","10.19"
"10","002","00","060","0006","0257","215","76","139","1","216","707","0","30.55","10.75"
"10","002","00","060","0007","0000","304","97","207","4","308","792","0","38.89","12.25"
"10","002","00","060","0007","0258","304","97","207","4","308","792","0","38.89","12.25"
"10","002","00","060","0008","0000","874","319","555","12","886","2369","0","37.40","13.47"
"10","002","00","060","0008","0259","305","123","182","7","312","889","0","35.10","13.84"
"10","002","00","060","0008","0260","290","95","195","2","292","729","0","40.05","13.03"
"10","002","00","060","0008","0261","279","101","178","3","282","751","0","37.55","13.45"
"10","002","00","060","0009","0000","587","219","368","8","595","1580","0","37.66","13.86"
"10","002","00","060","0009","0262","246","97","149","3","249","661","0","37.67","14.67"
"10","002","00","060","0009","0263","341","122","219","5","346","919","0","37.65","13.28"
"10","002","00","060","0010","0000","499","169","330","7","506","1240","0","40.81","13.63"
"10","002","00","060","0010","0264","499","169","330","7","506","1240","0","40.81","13.63"
"10","002","00","060","0011","0000","848","339","509","12","860","2246","0","38.29","15.09"
"10","002","00","060","0011","0265","385","158","227","7","392","1103","0","35.54","14.32"
"10","002","00","060","0011","0266","463","181","282","5","468","1143","0","40.94","15.84"
"10","002","00","060","0012","0000","378","136","242","10","388","1058","0","36.67","12.85"
"10","002","00","060","0012","0267","378","136","242","10","388","1058","0","36.67","12.85"
"10","002","00","060","0013","0000","556","204","352","11","567","1756","0","32.29","11.62"
"10","002","00","060","0013","0268","271","113","158","5","276","945","0","29.21","11.96"
"10","002","00","060","0013","0269","285","91","194","6","291","811","0","35.88","11.22"
"10","002","00","060","0014","0000","421","154","267","1","422","1124","0","37.54","13.70"
"10","002","00","060","0014","0249","421","154","267","1","422","1124","0","37.54","13.70"
"10","002","00","070","0000","0000","10322","4009","6313","133","10455","28401","32189","36.81","14.12"
"10","002","00","070","0001","0000","2137","934","1203","26","2163","5810","0","37.23","16.08"
"10","002","00","070","0001","0270","580","260","320","9","589","1443","0","40.82","18.02"
"10","002","00","070","0001","0271","303","134","169","2","305","889","0","34.31","15.07"
"10","002","00","070","0001","0272","466","176","290","4","470","1254","0","37.48","14.04"
"10","002","00","070","0001","0273","382","175","207","8","390","1161","0","33.59","15.07"
"10","002","00","070","0001","0274","406","189","217","3","409","1063","0","38.48","17.78"
"10","002","00","070","0002","0000","754","385","369","12","766","2164","0","35.40","17.79"
"10","002","00","070","0002","0275","364","132","232","5","369","1017","0","36.28","12.98"
"10","002","00","070","0002","0276","390","253","137","7","397","1147","0","34.61","22.06"
"10","002","00","070","0003","0000","671","236","435","8","679","1676","0","40.51","14.08"
"10","002","00","070","0003","0277","344","119","225","2","346","904","0","38.27","13.16"
"10","002","00","070","0003","0278","327","117","210","6","333","772","0","43.13","15.16"
"10","002","00","070","0004","0000","555","253","302","2","557","1505","0","37.01","16.81"
"10","002","00","070","0004","0279","274","130","144","0","274","751","0","36.48","17.31"
"10","002","00","070","0004","0280","281","123","158","2","283","754","0","37.53","16.31"
"10","002","00","070","0005","0000","773","303","470","5","778","1941","0","40.08","15.61"
"10","002","00","070","0005","0281","410","159","251","2","412","1032","0","39.92","15.41"
"10","002","00","070","0005","0282","363","144","219","3","366","909","0","40.26","15.84"
"10","002","00","070","0006","0000","437","132","305","10","447","1249","0","35.79","10.57"
"10","002","00","070","0006","0283","437","132","305","10","447","1249","0","35.79","10.57"
"10","002","00","070","0007","0000","449","210","239","12","461","1436","0","32.10","14.62"
"10","002","00","070","0007","0284","195","90","105","6","201","564","0","35.64","15.96"
"10","002","00","070","0007","0285","254","120","134","6","260","872","0","29.82","13.76"
"10","002","00","070","0008","0000","227","71","156","3","230","608","0","37.83","11.68"
"10","002","00","070","0008","0286","152","41","111","2","154","383","0","40.21","10.70"
"10","002","00","070","0008","0287","75","30","45","1","76","225","0","33.78","13.33"
"10","002","00","070","0009","0000","653","244","409","8","661","1818","0","36.36","13.42"
"10","002","00","070","0009","0288","284","118","166","1","285","921","0","30.94","12.81"
"10","002","00","070","0009","0289","369","126","243","7","376","897","0","41.92","14.05"
"10","002","00","070","0010","0000","469","196","273","10","479","1340","0","35.75","14.63"
"10","002","00","070","0010","0290","228","87","141","5","233","613","0","38.01","14.19"
"10","002","00","070","0010","0291","241","109","132","5","246","727","0","33.84","14.99"
"10","002","00","070","0011","0000","872","251","621","3","875","2277","0","38.43","11.02"
"10","002","00","070","0011","0292","287","80","207","1","288","782","0","36.83","10.23"
"10","002","00","070","0011","0293","367","100","267","0","367","923","0","39.76","10.83"
"10","002","00","070","0011","0294","218","71","147","2","220","572","0","38.46","12.41"
"10","002","00","070","0012","0000","884","288","596","14","898","2403","0","37.37","11.99"
"10","002","00","070","0012","0295","342","115","227","2","344","881","0","39.05","13.05"
"10","002","00","070","0012","0296","276","82","194","6","282","734","0","38.42","11.17"
"10","002","00","070","0012","0297","266","91","175","6","272","788","0","34.52","11.55"
"10","002","00","070","0013","0000","306","117","189","3","309","888","0","34.80","13.18"
"10","002","00","070","0013","0298","306","117","189","3","309","888","0","34.80","13.18"
"10","002","00","070","0014","0000","341","109","232","4","345","926","0","37.26","11.77"
"10","002","00","070","0014","0299","341","109","232","4","345","926","0","37.26","11.77"
"10","002","00","070","0015","0000","351","138","213","3","354","997","0","35.51","13.84"
"10","002","00","070","0015","0300","351","138","213","3","354","997","0","35.51","13.84"
"10","002","00","070","0016","0000","443","142","301","10","453","1363","0","33.24","10.42"
"10","002","00","070","0016","0301","213","67","146","4","217","662","0","32.78","10.12"
"10","002","00","070","0016","0302","230","75","155","6","236","701","0","33.67","10.70"
"10","002","00","080","0000","0000","17807","6214","11593","203","18010","45636","52999","39.46","13.62"
"10","002","00","080","0001","0000","470","130","340","3","473","1262","0","37.48","10.30"
"10","002","00","080","0001","0329","470","130","340","3","473","1262","0","37.48","10.30"
"10","002","00","080","0002","0000","694","222","472","11","705","1625","0","43.38","13.66"
"10","002","00","080","0002","0303","354","111","243","4","358","824","0","43.45","13.47"
"10","002","00","080","0002","0304","340","111","229","7","347","801","0","43.32","13.86"
"10","002","00","080","0003","0000","453","177","276","5","458","1136","0","40.32","15.58"
"10","002","00","080","0003","0305","453","177","276","5","458","1136","0","40.32","15.58"
"10","002","00","080","0004","0000","321","114","207","1","322","894","0","36.02","12.75"
"10","002","00","080","0004","0306","321","114","207","1","322","894","0","36.02","12.75"
"10","002","00","080","0005","0000","346","81","265","9","355","867","0","40.95","9.34"
"10","002","00","080","0005","0307","346","81","265","9","355","867","0","40.95","9.34"
"10","002","00","080","0006","0000","542","182","360","8","550","1409","0","39.03","12.92"
"10","002","00","080","0006","0308","542","182","360","8","550","1409","0","39.03","12.92"
"10","002","00","080","0007","0000","1097","398","699","8","1105","2951","0","37.44","13.49"
"10","002","00","080","0007","0309","403","122","281","5","408","953","0","42.81","12.80"
"10","002","00","080","0007","0310","332","118","214","1","333","1060","0","31.42","11.13"
"10","002","00","080","0007","0311","362","158","204","2","364","938","0","38.81","16.84"
"10","002","00","080","0008","0000","1174","442","732","9","1183","2943","0","40.20","15.02"
"10","002","00","080","0008","0312","359","116","243","7","366","963","0","38.01","12.05"
"10","002","00","080","0008","0313","413","159","254","2","415","1073","0","38.68","14.82"
"10","002","00","080","0008","0314","402","167","235","0","402","907","0","44.32","18.41"
"10","002","00","080","0009","0000","315","120","195","5","320","673","0","47.55","17.83"
"10","002","00","080","0009","0316","315","120","195","5","320","673","0","47.55","17.83"
"10","002","00","080","0010","0000","281","65","216","3","284","709","0","40.06","9.17"
"10","002","00","080","0010","0315","281","65","216","3","284","709","0","40.06","9.17"
"10","002","00","080","0011","0000","646","204","442","9","655","1498","0","43.72","13.62"
"10","002","00","080","0011","0317","646","204","442","9","655","1498","0","43.72","13.62"
"10","002","00","080","0012","0000","358","116","242","3","361","870","0","41.49","13.33"
"10","002","00","080","0012","0318","358","116","242","3","361","870","0","41.49","13.33"
"10","002","00","080","0013","0000","544","155","389","5","549","1512","0","36.31","10.25"
"10","002","00","080","0013","0319","274","80","194","2","276","732","0","37.70","10.93"
"10","002","00","080","0013","0320","270","75","195","3","273","780","0","35.00","9.62"
"10","002","00","080","0014","0000","207","61","146","1","208","474","0","43.88","12.87"
"10","002","00","080","0014","0321","207","61","146","1","208","474","0","43.88","12.87"
"10","002","00","080","0015","0000","1829","637","1192","21","1850","4962","0","37.28","12.84"
"10","002","00","080","0015","0322","471","151","320","4","475","1222","0","38.87","12.36"
"10","002","00","080","0015","0323","472","155","317","6","478","1246","0","38.36","12.44"
"10","002","00","080","0015","0324","481","170","311","10","491","1342","0","36.59","12.67"
"10","002","00","080","0015","0325","405","161","244","1","406","1152","0","35.24","13.98"
"10","002","00","080","0016","0000","1186","399","787","19","1205","3096","0","38.92","12.89"
"10","002","00","080","0016","0326","496","167","329","9","505","1283","0","39.36","13.02"
"10","002","00","080","0016","0327","360","122","238","5","365","928","0","39.33","13.15"
"10","002","00","080","0016","0328","330","110","220","5","335","885","0","37.85","12.43"
"10","002","00","080","0017","0000","1896","720","1176","27","1923","4619","0","41.63","15.59"
"10","002","00","080","0017","0330","596","226","370","7","603","1488","0","40.52","15.19"
"10","002","00","080","0017","0331","394","155","239","7","401","900","0","44.56","17.22"
"10","002","00","080","0017","0332","475","189","286","7","482","1095","0","44.02","17.26"
"10","002","00","080","0017","0333","431","150","281","6","437","1136","0","38.47","13.20"
"10","002","00","080","0018","0000","1521","605","916","16","1537","3769","0","40.78","16.05"
"10","002","00","080","0018","0334","539","240","299","2","541","1315","0","41.14","18.25"
"10","002","00","080","0018","0335","521","208","313","7","528","1252","0","42.17","16.61"
"10","002","00","080","0018","0336","461","157","304","7","468","1202","0","38.94","13.06"
"10","002","00","080","0019","0000","884","275","609","10","894","2557","0","34.96","10.75"
"10","002","00","080","0019","0337","449","151","298","1","450","1296","0","34.72","11.65"
"10","002","00","080","0019","0338","435","124","311","9","444","1261","0","35.21","9.83"
"10","002","00","080","0020","0000","367","152","215","4","371","1080","0","34.35","14.07"
"10","002","00","080","0020","0339","367","152","215","4","371","1080","0","34.35","14.07"
"10","002","00","080","0021","0000","927","324","603","10","937","2509","0","37.35","12.91"
"10","002","00","080","0021","0340","514","153","361","4","518","1263","0","41.01","12.11"
"10","002","00","080","0021","0341","413","171","242","6","419","1246","0","33.63","13.72"
"10","002","00","080","0022","0000","689","269","420","9","698","1680","0","41.55","16.01"
"10","002","00","080","0022","0342","415","155","260","7","422","982","0","42.97","15.78"
"10","002","00","080","0022","0343","274","114","160","2","276","698","0","39.54","16.33"
"10","002","00","080","0023","0000","749","275","474","5","754","1761","0","42.82","15.62"
"10","002","00","080","0023","0344","389","137","252","4","393","887","0","44.31","15.45"
"10","002","00","080","0023","0345","360","138","222","1","361","874","0","41.30","15.79"
"10","002","00","080","0024","0000","311","91","220","2","313","780","0","40.13","11.67"
"10","002","00","080","0024","0346","311","91","220","2","313","780","0","40.13","11.67"
"10","002","00","090","0000","0000","13696","4907","8789","121","13817","35466","40343","38.96","13.84"
"10","002","00","090","0001","0000","801","258","543","9","810","2052","0","39.47","12.57"
"10","002","00","090","0001","0347","414","143","271","3","417","1094","0","38.12","13.07"
"10","002","00","090","0001","0348","387","115","272","6","393","958","0","41.02","12.00"
"10","002","00","090","0002","0000","786","335","451","9","795","1872","0","42.47","17.90"
"10","002","00","090","0002","0349","376","170","206","4","380","917","0","41.44","18.54"
"10","002","00","090","0002","0350","410","165","245","5","415","955","0","43.46","17.28"
"10","002","00","090","0003","0000","1087","402","685","14","1101","2629","0","41.88","15.29"
"10","002","00","090","0003","0351","319","125","194","1","320","786","0","40.71","15.90"
"10","002","00","090","0003","0352","344","130","214","6","350","851","0","41.13","15.28"
"10","002","00","090","0003","0353","424","147","277","7","431","992","0","43.45","14.82"
"10","002","00","090","0004","0000","664","254","410","2","666","1563","0","42.61","16.25"
"10","002","00","090","0004","0354","342","135","207","2","344","771","0","44.62","17.51"
"10","002","00","090","0004","0355","322","119","203","0","322","792","0","40.66","15.03"
"10","002","00","090","0005","0000","501","175","326","3","504","1350","0","37.33","12.96"
"10","002","00","090","0005","0356","501","175","326","3","504","1350","0","37.33","12.96"
"10","002","00","090","0006","0000","1110","466","644","10","1120","2551","0","43.90","18.27"
"10","002","00","090","0006","0357","249","116","133","1","250","592","0","42.23","19.59"
"10","002","00","090","0006","0358","429","178","251","6","435","938","0","46.38","18.98"
"10","002","00","090","0006","0359","432","172","260","3","435","1021","0","42.61","16.85"
"10","002","00","090","0007","0000","738","265","473","8","746","1777","0","41.98","14.91"
"10","002","00","090","0007","0360","391","144","247","5","396","943","0","41.99","15.27"
"10","002","00","090","0007","0361","347","121","226","3","350","834","0","41.97","14.51"
"10","002","00","090","0008","0000","1347","527","820","11","1358","3725","0","36.46","14.15"
"10","002","00","090","0008","0362","326","123","203","1","327","951","0","34.38","12.93"
"10","002","00","090","0008","0363","376","160","216","4","380","948","0","40.08","16.88"
"10","002","00","090","0008","0364","312","129","183","2","314","941","0","33.37","13.71"
"10","002","00","090","0008","0365","333","115","218","4","337","885","0","38.08","12.99"
"10","002","00","090","0009","0000","1439","572","867","9","1448","3727","0","38.85","15.35"
"10","002","00","090","0009","0369","370","151","219","1","371","924","0","40.15","16.34"
"10","002","00","090","0009","0370","344","152","192","4","348","943","0","36.90","16.12"
"10","002","00","090","0009","0371","414","155","259","3","417","1038","0","40.17","14.93"
"10","002","00","090","0009","0372","311","114","197","1","312","822","0","37.96","13.87"
"10","002","00","090","0010","0000","1212","393","819","12","1224","3260","0","37.55","12.06"
"10","002","00","090","0010","0366","447","146","301","4","451","1124","0","40.12","12.99"
"10","002","00","090","0010","0367","330","116","214","4","334","912","0","36.62","12.72"
"10","002","00","090","0010","0368","435","131","304","4","439","1224","0","35.87","10.70"
"10","002","00","090","0011","0000","638","186","452","5","643","1654","0","38.88","11.25"
"10","002","00","090","0011","0373","340","84","256","3","343","912","0","37.61","9.21"
"10","002","00","090","0011","0374","298","102","196","2","300","742","0","40.43","13.75"
"10","002","00","090","0012","0000","552","187","365","5","557","1417","0","39.31","13.20"
"10","002","00","090","0012","0375","245","101","144","2","247","625","0","39.52","16.16"
"10","002","00","090","0012","0376","307","86","221","3","310","792","0","39.14","10.86"
"10","002","00","090","0013","0000","673","210","463","10","683","1951","0","35.01","10.76"
"10","002","00","090","0013","0377","330","92","238","4","334","912","0","36.62","10.09"
"10","002","00","090","0013","0378","343","118","225","6","349","1039","0","33.59","11.36"
"10","002","00","090","0014","0000","1148","348","800","8","1156","3177","0","36.39","10.95"
"10","002","00","090","0014","0379","335","110","225","3","338","1003","0","33.70","10.97"
"10","002","00","090","0014","0380","478","140","338","4","482","1257","0","38.35","11.14"
"10","002","00","090","0014","0381","335","98","237","1","336","917","0","36.64","10.69"
"10","002","00","090","0015","0000","1000","329","671","6","1006","2761","0","36.44","11.92"
"10","002","00","090","0015","0382","294","81","213","3","297","852","0","34.86","9.51"
"10","002","00","090","0015","0383","436","151","285","3","439","1221","0","35.95","12.37"
"10","002","00","090","0015","0384","270","97","173","0","270","688","0","39.24","14.10"
"10","002","00","100","0000","0000","7140","2601","4539","76","7216","19047","21219","37.89","13.66"
"10","002","00","100","0001","0000","83","41","42","0","83","207","0","40.10","19.81"
"10","002","00","100","0001","0385","83","41","42","0","83","207","0","40.10","19.81"
"10","002","00","100","0002","0000","148","62","86","2","150","498","0","30.12","12.45"
"10","002","00","100","0002","0386","148","62","86","2","150","498","0","30.12","12.45"
"10","002","00","100","0003","0000","235","79","156","4","239","712","0","33.57","11.10"
"10","002","00","100","0003","0387","235","79","156","4","239","712","0","33.57","11.10"
"10","002","00","100","0004","0000","244","75","169","4","248","553","0","44.85","13.56"
"10","002","00","100","0004","0391","244","75","169","4","248","553","0","44.85","13.56"
"10","002","00","100","0005","0000","157","71","86","2","159","448","0","35.49","15.85"
"10","002","00","100","0005","0392","157","71","86","2","159","448","0","35.49","15.85"
"10","002","00","100","0006","0000","408","186","222","0","408","1133","0","36.01","16.42"
"10","002","00","100","0006","0393","408","186","222","0","408","1133","0","36.01","16.42"
"10","002","00","100","0007","0000","426","177","249","8","434","1145","0","37.90","15.46"
"10","002","00","100","0007","0394","426","177","249","8","434","1145","0","37.90","15.46"
"10","002","00","100","0008","0000","306","130","176","4","310","870","0","35.63","14.94"
"10","002","00","100","0008","0395","306","130","176","4","310","870","0","35.63","14.94"
"10","002","00","100","0009","0000","394","132","262","3","397","1358","0","29.23","9.72"
"10","002","00","100","0009","0396","394","132","262","3","397","1358","0","29.23","9.72"
"10","002","00","100","0010","0000","1536","563","973","15","1551","4328","0","35.84","13.01"
"10","002","00","100","0010","0398","348","122","226","4","352","990","0","35.56","12.32"
"10","002","00","100","0010","0399","381","158","223","4","385","1075","0","35.81","14.70"
"10","002","00","100","0010","0400","419","139","280","0","419","1123","0","37.31","12.38"
"10","002","00","100","0010","0401","388","144","244","7","395","1140","0","34.65","12.63"
"10","002","00","100","0011","0000","331","99","232","6","337","890","0","37.87","11.12"
"10","002","00","100","0011","0397","331","99","232","6","337","890","0","37.87","11.12"
"10","002","00","100","0012","0000","239","82","157","2","241","586","0","41.13","13.99"
"10","002","00","100","0012","0388","239","82","157","2","241","586","0","41.13","13.99"
"10","002","00","100","0013","0000","188","80","108","4","192","525","0","36.57","15.24"
"10","002","00","100","0013","0389","188","80","108","4","192","525","0","36.57","15.24"
"10","002","00","100","0014","0000","281","106","175","4","285","731","0","38.99","14.50"
"10","002","00","100","0014","0390","281","106","175","4","285","731","0","38.99","14.50"
"10","002","00","100","0015","0000","521","164","357","5","526","1266","0","41.55","12.95"
"10","002","00","100","0015","0402","521","164","357","5","526","1266","0","41.55","12.95"
"10","002","00","100","0016","0000","289","121","168","1","290","758","0","38.26","15.96"
"10","002","00","100","0016","0403","289","121","168","1","290","758","0","38.26","15.96"
"10","002","00","100","0017","0000","748","240","508","6","754","1581","0","47.69","15.18"
"10","002","00","100","0017","0404","398","140","258","3","401","813","0","49.32","17.22"
"10","002","00","100","0017","0405","350","100","250","3","353","768","0","45.96","13.02"
"10","002","00","100","0018","0000","606","193","413","6","612","1458","0","41.98","13.24"
"10","002","00","100","0018","0406","266","79","187","5","271","668","0","40.57","11.83"
"10","002","00","100","0018","0407","340","114","226","1","341","790","0","43.16","14.43"
"10","002","00","110","0000","0000","1369","1114","255","18","1387","4915","6099","28.22","22.67"
"10","002","00","110","0001","0000","288","252","36","2","290","923","0","31.42","27.30"
"10","002","00","110","0001","0408","288","252","36","2","290","923","0","31.42","27.30"
"10","002","00","110","0002","0000","187","172","15","2","189","629","0","30.05","27.34"
"10","002","00","110","0002","0409","187","172","15","2","189","629","0","30.05","27.34"
"10","002","00","110","0003","0000","200","144","56","4","204","701","0","29.10","20.54"
"10","002","00","110","0003","0410","200","144","56","4","204","701","0","29.10","20.54"
"10","002","00","110","0004","0000","99","59","40","1","100","262","0","38.17","22.52"
"10","002","00","110","0004","0411","99","59","40","1","100","262","0","38.17","22.52"
"10","002","00","110","0005","0000","98","79","19","1","99","325","0","30.46","24.31"
"10","002","00","110","0005","0412","98","79","19","1","99","325","0","30.46","24.31"
"10","002","00","110","0006","0000","111","99","12","2","113","392","0","28.83","25.26"
"10","002","00","110","0006","0413","111","99","12","2","113","392","0","28.83","25.26"
"10","002","00","110","0007","0000","18","12","6","0","18","54","0","33.33","22.22"
"10","002","00","110","0007","0414","18","12","6","0","18","54","0","33.33","22.22"
"10","002","00","110","0008","0000","185","159","26","3","188","763","0","24.64","20.84"
"10","002","00","110","0008","0416","185","159","26","3","188","763","0","24.64","20.84"
"10","002","00","110","0009","0000","125","92","33","3","128","659","0","19.42","13.96"
"10","002","00","110","0009","0417","125","92","33","3","128","659","0","19.42","13.96"
"10","002","00","110","0010","0000","58","46","12","0","58","207","0","28.02","22.22"
"10","002","00","110","0010","0415","58","46","12","0","58","207","0","28.02","22.22"
"10","002","00","120","0000","0000","1258","1111","147","23","1281","4564","5956","28.07","24.34"
"10","002","00","120","0001","0000","300","263","37","5","305","1156","0","26.38","22.75"
"10","002","00","120","0001","0419","300","263","37","5","305","1156","0","26.38","22.75"
"10","002","00","120","0002","0000","236","209","27","3","239","955","0","25.03","21.88"
"10","002","00","120","0002","0420","236","209","27","3","239","955","0","25.03","21.88"
"10","002","00","120","0003","0000","152","135","17","1","153","435","0","35.17","31.03"
"10","002","00","120","0003","0418","152","135","17","1","153","435","0","35.17","31.03"
"10","002","00","120","0004","0000","85","81","4","3","88","406","0","21.67","19.95"
"10","002","00","120","0004","0421","85","81","4","3","88","406","0","21.67","19.95"
"10","002","00","120","0005","0000","129","108","21","4","133","430","0","30.93","25.12"
"10","002","00","120","0005","0422","129","108","21","4","133","430","0","30.93","25.12"
"10","002","00","120","0006","0000","125","105","20","2","127","475","0","26.74","22.11"
"10","002","00","120","0006","0423","125","105","20","2","127","475","0","26.74","22.11"
"10","002","00","120","0007","0000","231","210","21","5","236","707","0","33.38","29.70"
"10","002","00","120","0007","0424","231","210","21","5","236","707","0","33.38","29.70"
"10","015","00","000","0000","0000","97762","68013","29749","1298","99060","275091","322836","36.01","24.72"
"10","015","00","010","0000","0000","32667","21797","10870","321","32988","83830","101853","39.35","26.00"
"10","015","00","010","0001","0000","622","404","218","4","626","1592","0","39.32","25.38"
"10","015","00","010","0001","0022","367","235","132","2","369","821","0","44.95","28.62"
"10","015","00","010","0001","0023","255","169","86","2","257","771","0","33.33","21.92"
"10","015","00","010","0002","0000","823","562","261","15","838","1985","0","42.22","28.31"
"10","015","00","010","0002","0016","461","309","152","9","470","1114","0","42.19","27.74"
"10","015","00","010","0002","0017","362","253","109","6","368","871","0","42.25","29.05"
"10","015","00","010","0003","0000","168","105","63","1","169","422","0","40.05","24.88"
"10","015","00","010","0003","0027","168","105","63","1","169","422","0","40.05","24.88"
"10","015","00","010","0004","0000","273","157","116","2","275","664","0","41.42","23.64"
"10","015","00","010","0004","0033","273","157","116","2","275","664","0","41.42","23.64"
"10","015","00","010","0005","0000","206","120","86","0","206","558","0","36.92","21.51"
"10","015","00","010","0005","0035","206","120","86","0","206","558","0","36.92","21.51"
"10","015","00","010","0006","0000","1092","688","404","13","1105","2927","0","37.75","23.51"
"10","015","00","010","0006","0037","363","243","120","8","371","901","0","41.18","26.97"
"10","015","00","010","0006","0038","334","210","124","2","336","1036","0","32.43","20.27"
"10","015","00","010","0006","0039","395","235","160","3","398","990","0","40.20","23.74"
"10","015","00","010","0007","0000","577","343","234","6","583","1769","0","32.96","19.39"
"10","015","00","010","0007","0059","256","145","111","2","258","947","0","27.24","15.31"
"10","015","00","010","0007","0060","321","198","123","4","325","822","0","39.54","24.09"
"10","015","00","010","0008","0000","1250","808","442","11","1261","3186","0","39.58","25.36"
"10","015","00","010","0008","0056","417","267","150","4","421","985","0","42.74","27.11"
"10","015","00","010","0008","0057","435","302","133","5","440","1125","0","39.11","26.84"
"10","015","00","010","0008","0058","398","239","159","2","400","1076","0","37.17","22.21"
"10","015","00","010","0009","0000","655","428","227","4","659","1486","0","44.35","28.80"
"10","015","00","010","0009","0001","327","225","102","2","329","736","0","44.70","30.57"
"10","015","00","010","0009","0002","328","203","125","2","330","750","0","44.00","27.07"
"10","015","00","010","0010","0000","803","666","137","16","819","2020","0","40.54","32.97"
"10","015","00","010","0010","0006","163","134","29","1","164","473","0","34.67","28.33"
"10","015","00","010","0010","0007","346","269","77","11","357","842","0","42.40","31.95"
"10","015","00","010","0010","0008","294","263","31","4","298","705","0","42.27","37.30"
"10","015","00","010","0012","0000","197","127","70","1","198","464","0","42.67","27.37"
"10","015","00","010","0012","0034","197","127","70","1","198","464","0","42.67","27.37"
"10","015","00","010","0013","0000","227","131","96","1","228","492","0","46.34","26.63"
"10","015","00","010","0013","0032","227","131","96","1","228","492","0","46.34","26.63"
"10","015","00","010","0014","0000","1329","857","472","14","1343","3477","0","38.63","24.65"
"10","015","00","010","0014","0042","396","266","130","4","400","983","0","40.69","27.06"
"10","015","00","010","0014","0043","332","212","120","3","335","903","0","37.10","23.48"
"10","015","00","010","0014","0044","324","210","114","4","328","796","0","41.21","26.38"
"10","015","00","010","0014","0045","277","169","108","3","280","795","0","35.22","21.26"
"10","015","00","010","0015","0000","301","184","117","4","305","821","0","37.15","22.41"
"10","015","00","010","0015","0061","301","184","117","4","305","821","0","37.15","22.41"
"10","015","00","010","0016","0000","1960","1310","650","17","1977","4822","0","41.00","27.17"
"10","015","00","010","0016","0078","374","240","134","7","381","924","0","41.23","25.97"
"10","015","00","010","0016","0079","355","239","116","2","357","960","0","37.19","24.90"
"10","015","00","010","0016","0080","423","301","122","2","425","958","0","44.36","31.42"
"10","015","00","010","0016","0081","364","233","131","4","368","924","0","39.83","25.22"
"10","015","00","010","0016","0082","444","297","147","2","446","1056","0","42.23","28.13"
"10","015","00","010","0017","0000","1536","1089","447","12","1548","3629","0","42.66","30.01"
"10","015","00","010","0017","0018","391","289","102","2","393","908","0","43.28","31.83"
"10","015","00","010","0017","0019","406","295","111","1","407","906","0","44.92","32.56"
"10","015","00","010","0017","0020","353","230","123","5","358","887","0","40.36","25.93"
"10","015","00","010","0017","0021","386","275","111","4","390","928","0","42.03","29.63"
"10","015","00","010","0018","0000","1255","890","365","14","1269","3092","0","41.04","28.78"
"10","015","00","010","0018","0003","418","300","118","4","422","996","0","42.37","30.12"
"10","015","00","010","0018","0004","394","289","105","4","398","987","0","40.32","29.28"
"10","015","00","010","0018","0005","443","301","142","6","449","1109","0","40.49","27.14"
"10","015","00","010","0019","0000","421","236","185","9","430","1077","0","39.93","21.91"
"10","015","00","010","0019","0028","421","236","185","9","430","1077","0","39.93","21.91"
"10","015","00","010","0020","0000","215","116","99","1","216","537","0","40.22","21.60"
"10","015","00","010","0020","0030","215","116","99","1","216","537","0","40.22","21.60"
"10","015","00","010","0021","0000","717","460","257","6","723","1821","0","39.70","25.26"
"10","015","00","010","0021","0040","336","220","116","3","339","853","0","39.74","25.79"
"10","015","00","010","0021","0041","381","240","141","3","384","968","0","39.67","24.79"
"10","015","00","010","0022","0000","464","313","151","7","471","1214","0","38.80","25.78"
"10","015","00","010","0022","0063","464","313","151","7","471","1214","0","38.80","25.78"
"10","015","00","010","0023","0000","1020","627","393","7","1027","2759","0","37.22","22.73"
"10","015","00","010","0023","0069","288","175","113","1","289","782","0","36.96","22.38"
"10","015","00","010","0023","0070","380","230","150","5","385","977","0","39.41","23.54"
"10","015","00","010","0023","0071","352","222","130","1","353","1000","0","35.30","22.20"
"10","015","00","010","0024","0000","641","422","219","5","646","1757","0","36.77","24.02"
"10","015","00","010","0024","0076","294","200","94","2","296","766","0","38.64","26.11"
"10","015","00","010","0024","0077","347","222","125","3","350","991","0","35.32","22.40"
"10","015","00","010","0025","0000","378","264","114","5","383","932","0","41.09","28.33"
"10","015","00","010","0025","0009","378","264","114","5","383","932","0","41.09","28.33"
"10","015","00","010","0026","0000","239","166","73","1","240","616","0","38.96","26.95"
"10","015","00","010","0026","0024","239","166","73","1","240","616","0","38.96","26.95"
"10","015","00","010","0027","0000","209","154","55","0","209","549","0","38.07","28.05"
"10","015","00","010","0027","0026","209","154","55","0","209","549","0","38.07","28.05"
"10","015","00","010","0028","0000","332","204","128","3","335","763","0","43.91","26.74"
"10","015","00","010","0028","0031","332","204","128","3","335","763","0","43.91","26.74"
"10","015","00","010","0029","0000","1042","644","398","13","1055","2643","0","39.92","24.37"
"10","015","00","010","0029","0053","349","204","145","2","351","828","0","42.39","24.64"
"10","015","00","010","0029","0054","365","229","136","5","370","874","0","42.33","26.20"
"10","015","00","010","0029","0055","328","211","117","6","334","941","0","35.49","22.42"
"10","015","00","010","0030","0000","198","125","73","2","200","496","0","40.32","25.20"
"10","015","00","010","0030","0062","198","125","73","2","200","496","0","40.32","25.20"
"10","015","00","010","0031","0000","775","494","281","12","787","1849","0","42.56","26.72"
"10","015","00","010","0031","0067","378","257","121","7","385","942","0","40.87","27.28"
"10","015","00","010","0031","0068","397","237","160","5","402","907","0","44.32","26.13"
"10","015","00","010","0032","0000","402","222","180","6","408","1069","0","38.17","20.77"
"10","015","00","010","0032","0087","402","222","180","6","408","1069","0","38.17","20.77"
"10","015","00","010","0033","0000","1215","898","317","14","1229","3012","0","40.80","29.81"
"10","015","00","010","0033","0010","360","274","86","5","365","1006","0","36.28","27.24"
"10","015","00","010","0033","0011","411","296","115","2","413","995","0","41.51","29.75"
"10","015","00","010","0033","0012","444","328","116","7","451","1011","0","44.61","32.44"
"10","015","00","010","0034","0000","222","131","91","0","222","584","0","38.01","22.43"
"10","015","00","010","0034","0025","222","131","91","0","222","584","0","38.01","22.43"
"10","015","00","010","0035","0000","172","124","48","1","173","419","0","41.29","29.59"
"10","015","00","010","0035","0029","172","124","48","1","173","419","0","41.29","29.59"
"10","015","00","010","0036","0000","303","193","110","2","305","817","0","37.33","23.62"
"10","015","00","010","0036","0036","303","193","110","2","305","817","0","37.33","23.62"
"10","015","00","010","0037","0000","1975","1323","652","23","1998","5198","0","38.44","25.45"
"10","015","00","010","0037","0048","356","226","130","1","357","903","0","39.53","25.03"
"10","015","00","010","0037","0049","334","239","95","3","337","929","0","36.28","25.73"
"10","015","00","010","0037","0050","402","265","137","10","412","1165","0","35.36","22.75"
"10","015","00","010","0037","0051","442","296","146","3","445","1198","0","37.15","24.71"
"10","015","00","010","0037","0052","441","297","144","6","447","1003","0","44.57","29.61"
"10","015","00","010","0038","0000","869","554","315","6","875","2120","0","41.27","26.13"
"10","015","00","010","0038","0065","408","266","142","1","409","1061","0","38.55","25.07"
"10","015","00","010","0038","0066","461","288","173","5","466","1059","0","44.00","27.20"
"10","015","00","010","0039","0000","317","195","122","0","317","816","0","38.85","23.90"
"10","015","00","010","0039","0064","317","195","122","0","317","816","0","38.85","23.90"
"10","015","00","010","0040","0000","464","333","131","6","470","1480","0","31.76","22.50"
"10","015","00","010","0040","0092","218","164","54","1","219","733","0","29.88","22.37"
"10","015","00","010","0040","0093","246","169","77","5","251","747","0","33.60","22.62"
"10","015","00","010","0041","0000","1619","1119","500","9","1628","4171","0","39.03","26.83"
"10","015","00","010","0041","0083","402","249","153","2","404","1105","0","36.56","22.53"
"10","015","00","010","0041","0084","394","281","113","0","394","1009","0","39.05","27.85"
"10","015","00","010","0041","0085","426","289","137","0","426","1053","0","40.46","27.45"
"10","015","00","010","0041","0086","397","300","97","7","404","1004","0","40.24","29.88"
"10","015","00","010","0042","0000","853","569","284","13","866","2412","0","35.90","23.59"
"10","015","00","010","0042","0046","454","303","151","7","461","1213","0","38.00","24.98"
"10","015","00","010","0042","0047","399","266","133","6","405","1199","0","33.78","22.19"
"10","015","00","010","0043","0000","1235","817","418","10","1245","3671","0","33.91","22.26"
"10","015","00","010","0043","0072","311","210","101","4","315","907","0","34.73","23.15"
"10","015","00","010","0043","0073","315","206","109","1","316","886","0","35.67","23.25"
"10","015","00","010","0043","0074","297","192","105","2","299","938","0","31.88","20.47"
"10","015","00","010","0043","0075","312","209","103","3","315","940","0","33.51","22.23"
"10","015","00","010","0044","0000","1689","1189","500","10","1699","4204","0","40.41","28.28"
"10","015","00","010","0044","0088","464","333","131","2","466","1004","0","46.41","33.17"
"10","015","00","010","0044","0089","429","281","148","3","432","1116","0","38.71","25.18"
"10","015","00","010","0044","0090","394","293","101","2","396","1140","0","34.74","25.70"
"10","015","00","010","0044","0091","402","282","120","3","405","944","0","42.90","29.87"
"10","015","00","010","0045","0000","1407","1036","371","15","1422","3438","0","41.36","30.13"
"10","015","00","010","0045","0013","419","272","147","7","426","1087","0","39.19","25.02"
"10","015","00","010","0045","0014","443","336","107","4","447","1107","0","40.38","30.35"
"10","015","00","010","0045","0015","545","428","117","4","549","1244","0","44.13","34.41"
"10","015","00","020","0000","0000","3573","2550","1023","60","3633","9479","10764","38.33","26.90"
"10","015","00","020","0001","0000","435","310","125","9","444","1166","0","38.08","26.59"
"10","015","00","020","0001","0221","435","310","125","9","444","1166","0","38.08","26.59"
"10","015","00","020","0002","0000","263","207","56","3","266","631","0","42.16","32.81"
"10","015","00","020","0002","0222","263","207","56","3","266","631","0","42.16","32.81"
"10","015","00","020","0003","0000","261","176","85","2","263","575","0","45.74","30.61"
"10","015","00","020","0003","0223","261","176","85","2","263","575","0","45.74","30.61"
"10","015","00","020","0004","0000","409","314","95","3","412","1075","0","38.33","29.21"
"10","015","00","020","0004","0224","409","314","95","3","412","1075","0","38.33","29.21"
"10","015","00","020","0005","0000","464","362","102","13","477","1332","0","35.81","27.18"
"10","015","00","020","0005","0225","230","184","46","10","240","745","0","32.21","24.70"
"10","015","00","020","0005","0226","234","178","56","3","237","587","0","40.37","30.32"
"10","015","00","020","0006","0000","169","135","34","6","175","539","0","32.47","25.05"
"10","015","00","020","0006","0227","95","64","31","6","101","301","0","33.55","21.26"
"10","015","00","020","0006","0228","74","71","3","0","74","238","0","31.09","29.83"
"10","015","00","020","0007","0000","458","303","155","5","463","1250","0","37.04","24.24"
"10","015","00","020","0007","0229","250","150","100","3","253","730","0","34.66","20.55"
"10","015","00","020","0007","0230","208","153","55","2","210","520","0","40.38","29.42"
"10","015","00","020","0008","0000","205","116","89","3","208","538","0","38.66","21.56"
"10","015","00","020","0008","0231","205","116","89","3","208","538","0","38.66","21.56"
"10","015","00","020","0009","0000","209","134","75","2","211","524","0","40.27","25.57"
"10","015","00","020","0009","0232","209","134","75","2","211","524","0","40.27","25.57"
"10","015","00","020","0010","0000","338","237","101","4","342","793","0","43.13","29.89"
"10","015","00","020","0010","0233","338","237","101","4","342","793","0","43.13","29.89"
"10","015","00","020","0011","0000","318","217","101","10","328","959","0","34.20","22.63"
"10","015","00","020","0011","0234","318","217","101","10","328","959","0","34.20","22.63"
"10","015","00","020","0012","0000","44","39","5","0","44","97","0","45.36","40.21"
"10","015","00","020","0012","0235","44","39","5","0","44","97","0","45.36","40.21"
"10","015","00","030","0000","0000","5912","4240","1672","105","6017","19990","23121","30.10","21.21"
"10","015","00","030","0001","0000","1743","1192","551","18","1761","5047","0","34.89","23.62"
"10","015","00","030","0001","0280","324","229","95","3","327","1028","0","31.81","22.28"
"10","015","00","030","0001","0281","319","230","89","4","323","870","0","37.13","26.44"
"10","015","00","030","0001","0282","208","117","91","2","210","607","0","34.60","19.28"
"10","015","00","030","0001","0283","297","202","95","5","302","858","0","35.20","23.54"
"10","015","00","030","0001","0284","257","180","77","1","258","761","0","33.90","23.65"
"10","015","00","030","0001","0285","338","234","104","3","341","923","0","36.94","25.35"
"10","015","00","030","0002","0000","476","344","132","6","482","1587","0","30.37","21.68"
"10","015","00","030","0002","0287","250","181","69","3","253","817","0","30.97","22.15"
"10","015","00","030","0002","0288","226","163","63","3","229","770","0","29.74","21.17"
"10","015","00","030","0003","0000","334","243","91","6","340","1191","0","28.55","20.40"
"10","015","00","030","0003","0291","159","127","32","5","164","508","0","32.28","25.00"
"10","015","00","030","0003","0292","175","116","59","1","176","683","0","25.77","16.98"
"10","015","00","030","0004","0000","338","255","83","1","339","1281","0","26.46","19.91"
"10","015","00","030","0004","0289","183","124","59","1","184","536","0","34.33","23.13"
"10","015","00","030","0004","0290","155","131","24","0","155","745","0","20.81","17.58"
"10","015","00","030","0005","0000","447","284","163","4","451","1150","0","39.22","24.70"
"10","015","00","030","0005","0286","447","284","163","4","451","1150","0","39.22","24.70"
"10","015","00","030","0006","0000","313","224","89","5","318","1204","0","26.41","18.60"
"10","015","00","030","0006","0293","313","224","89","5","318","1204","0","26.41","18.60"
"10","015","00","030","0007","0000","149","114","35","3","152","606","0","25.08","18.81"
"10","015","00","030","0007","0294","149","114","35","3","152","606","0","25.08","18.81"
"10","015","00","030","0008","0000","280","220","60","7","287","963","0","29.80","22.85"
"10","015","00","030","0008","0295","280","220","60","7","287","963","0","29.80","22.85"
"10","015","00","030","0009","0000","153","115","38","3","156","521","0","29.94","22.07"
"10","015","00","030","0009","0296","153","115","38","3","156","521","0","29.94","22.07"
"10","015","00","030","0010","0000","400","305","95","10","410","1500","0","27.33","20.33"
"10","015","00","030","0010","0297","250","192","58","5","255","956","0","26.67","20.08"
"10","015","00","030","0010","0298","150","113","37","5","155","544","0","28.49","20.77"
"10","015","00","030","0011","0000","304","233","71","12","316","1449","0","21.81","16.08"
"10","015","00","030","0011","0299","91","76","15","2","93","412","0","22.57","18.45"
"10","015","00","030","0011","0300","213","157","56","10","223","1037","0","21.50","15.14"
"10","015","00","030","0012","0000","250","182","68","12","262","838","0","31.26","21.72"
"10","015","00","030","0012","0301","250","182","68","12","262","838","0","31.26","21.72"
"10","015","00","030","0013","0000","203","163","40","9","212","750","0","28.27","21.73"
"10","015","00","030","0013","0302","203","163","40","9","212","750","0","28.27","21.73"
"10","015","00","030","0014","0000","240","155","85","6","246","864","0","28.47","17.94"
"10","015","00","030","0014","0303","240","155","85","6","246","864","0","28.47","17.94"
"10","015","00","030","0015","0000","282","211","71","3","285","1039","0","27.43","20.31"
"10","015","00","030","0015","0304","282","211","71","3","285","1039","0","27.43","20.31"
"10","015","00","040","0000","0000","5942","4189","1753","90","6032","17209","20015","35.05","24.34"
"10","015","00","040","0001","0000","499","308","191","12","511","1249","0","40.91","24.66"
"10","015","00","040","0001","0094","130","85","45","1","131","336","0","38.99","25.30"
"10","015","00","040","0001","0095","369","223","146","11","380","913","0","41.62","24.42"
"10","015","00","040","0002","0000","308","141","167","10","318","901","0","35.29","15.65"
"10","015","00","040","0002","0096","196","92","104","8","204","598","0","34.11","15.38"
"10","015","00","040","0002","0097","112","49","63","2","114","303","0","37.62","16.17"
"10","015","00","040","0003","0000","803","560","243","15","818","2413","0","33.90","23.21"
"10","015","00","040","0003","0098","378","263","115","7","385","1128","0","34.13","23.32"
"10","015","00","040","0003","0099","425","297","128","8","433","1285","0","33.70","23.11"
"10","015","00","040","0004","0000","1442","1022","420","15","1457","4113","0","35.42","24.85"
"10","015","00","040","0004","0103","309","225","84","5","314","904","0","34.73","24.89"
"10","015","00","040","0004","0104","396","269","127","3","399","997","0","40.02","26.98"
"10","015","00","040","0004","0105","381","282","99","2","383","1026","0","37.33","27.49"
"10","015","00","040","0004","0106","356","246","110","5","361","1186","0","30.44","20.74"
"10","015","00","040","0005","0000","370","247","123","2","372","992","0","37.50","24.90"
"10","015","00","040","0005","0107","370","247","123","2","372","992","0","37.50","24.90"
"10","015","00","040","0006","0000","1246","923","323","14","1260","3787","0","33.27","24.37"
"10","015","00","040","0006","0108","317","213","104","1","318","988","0","32.19","21.56"
"10","015","00","040","0006","0109","324","255","69","7","331","936","0","35.36","27.24"
"10","015","00","040","0006","0110","312","245","67","4","316","860","0","36.74","28.49"
"10","015","00","040","0006","0111","293","210","83","2","295","1003","0","29.41","20.94"
"10","015","00","040","0007","0000","391","308","83","7","398","1243","0","32.02","24.78"
"10","015","00","040","0007","0112","272","225","47","4","276","887","0","31.12","25.37"
"10","015","00","040","0007","0113","119","83","36","3","122","356","0","34.27","23.31"
"10","015","00","040","0008","0000","883","680","203","15","898","2511","0","35.76","27.08"
"10","015","00","040","0008","0100","359","281","78","11","370","986","0","37.53","28.50"
"10","015","00","040","0008","0101","422","323","99","3","425","1178","0","36.08","27.42"
"10","015","00","040","0008","0102","102","76","26","1","103","347","0","29.68","21.90"
"10","015","00","050","0000","0000","27169","18473","8696","285","27454","72533","83515","37.85","25.47"
"10","015","00","050","0001","0000","2909","1883","1026","25","2934","7104","0","41.30","26.51"
"10","015","00","050","0001","0170","395","248","147","2","397","1059","0","37.49","23.42"
"10","015","00","050","0001","0171","459","323","136","3","462","1027","0","44.99","31.45"
"10","015","00","050","0001","0172","425","272","153","3","428","1042","0","41.07","26.10"
"10","015","00","050","0001","0173","396","231","165","5","401","1013","0","39.59","22.80"
"10","015","00","050","0001","0174","453","304","149","2","455","1049","0","43.37","28.98"
"10","015","00","050","0001","0175","392","247","145","6","398","937","0","42.48","26.36"
"10","015","00","050","0001","0176","389","258","131","4","393","977","0","40.23","26.41"
"10","015","00","050","0002","0000","2012","1284","728","16","2028","4909","0","41.31","26.16"
"10","015","00","050","0002","0177","530","355","175","8","538","1239","0","43.42","28.65"
"10","015","00","050","0002","0178","492","320","172","5","497","1255","0","39.60","25.50"
"10","015","00","050","0002","0179","493","313","180","2","495","1245","0","39.76","25.14"
"10","015","00","050","0002","0180","497","296","201","1","498","1170","0","42.56","25.30"
"10","015","00","050","0003","0000","1277","796","481","24","1301","3726","0","34.92","21.36"
"10","015","00","050","0003","0136","473","274","199","7","480","1232","0","38.96","22.24"
"10","015","00","050","0003","0137","449","274","175","6","455","1309","0","34.76","20.93"
"10","015","00","050","0003","0138","355","248","107","11","366","1185","0","30.89","20.93"
"10","015","00","050","0004","0000","1639","1116","523","14","1653","4253","0","38.87","26.24"
"10","015","00","050","0004","0132","390","245","145","6","396","1039","0","38.11","23.58"
"10","015","00","050","0004","0133","442","307","135","3","445","1027","0","43.33","29.89"
"10","015","00","050","0004","0134","390","279","111","1","391","1045","0","37.42","26.70"
"10","015","00","050","0004","0135","417","285","132","4","421","1142","0","36.87","24.96"
"10","015","00","050","0005","0000","2605","1772","833","22","2627","6951","0","37.79","25.49"
"10","015","00","050","0005","0139","545","386","159","3","548","1273","0","43.05","30.32"
"10","015","00","050","0005","0140","445","301","144","6","451","1141","0","39.53","26.38"
"10","015","00","050","0005","0141","396","270","126","1","397","1166","0","34.05","23.16"
"10","015","00","050","0005","0142","392","244","148","1","393","1014","0","38.76","24.06"
"10","015","00","050","0005","0143","452","312","140","7","459","1373","0","33.43","22.72"
"10","015","00","050","0005","0144","375","259","116","4","379","984","0","38.52","26.32"
"10","015","00","050","0006","0000","2023","1387","636","19","2042","5283","0","38.65","26.25"
"10","015","00","050","0006","0145","473","308","165","1","474","1215","0","39.01","25.35"
"10","015","00","050","0006","0146","506","357","149","4","510","1220","0","41.80","29.26"
"10","015","00","050","0006","0147","312","211","101","3","315","814","0","38.70","25.92"
"10","015","00","050","0006","0148","317","221","96","5","322","954","0","33.75","23.17"
"10","015","00","050","0006","0149","415","290","125","6","421","1080","0","38.98","26.85"
"10","015","00","050","0007","0000","1175","753","422","18","1193","2931","0","40.70","25.69"
"10","015","00","050","0007","0150","396","269","127","10","406","1090","0","37.25","24.68"
"10","015","00","050","0007","0151","368","238","130","5","373","889","0","41.96","26.77"
"10","015","00","050","0007","0152","411","246","165","3","414","952","0","43.49","25.84"
"10","015","00","050","0008","0000","605","362","243","9","614","1568","0","39.16","23.09"
"10","015","00","050","0008","0153","310","170","140","1","311","801","0","38.83","21.22"
"10","015","00","050","0008","0154","295","192","103","8","303","767","0","39.50","25.03"
"10","015","00","050","0009","0000","414","321","93","5","419","1280","0","32.73","25.08"
"10","015","00","050","0009","0155","414","321","93","5","419","1280","0","32.73","25.08"
"10","015","00","050","0010","0000","1008","744","264","10","1018","2922","0","34.84","25.46"
"10","015","00","050","0010","0156","381","271","110","3","384","908","0","42.29","29.85"
"10","015","00","050","0010","0157","269","204","65","3","272","914","0","29.76","22.32"
"10","015","00","050","0010","0158","358","269","89","4","362","1100","0","32.91","24.45"
"10","015","00","050","0011","0000","1214","845","369","16","1230","3170","0","38.80","26.66"
"10","015","00","050","0011","0159","392","276","116","1","393","947","0","41.50","29.14"
"10","015","00","050","0011","0160","389","260","129","7","396","989","0","40.04","26.29"
"10","015","00","050","0011","0161","433","309","124","8","441","1234","0","35.74","25.04"
"10","015","00","050","0012","0000","1470","1040","430","15","1485","4138","0","35.89","25.13"
"10","015","00","050","0012","0162","378","283","95","4","382","1120","0","34.11","25.27"
"10","015","00","050","0012","0163","452","325","127","4","456","1149","0","39.69","28.29"
"10","015","00","050","0012","0164","316","218","98","2","318","967","0","32.89","22.54"
"10","015","00","050","0012","0165","324","214","110","5","329","902","0","36.47","23.73"
"10","015","00","050","0013","0000","1515","1016","499","11","1526","3933","0","38.80","25.83"
"10","015","00","050","0013","0166","397","283","114","3","400","1017","0","39.33","27.83"
"10","015","00","050","0013","0167","359","226","133","1","360","1014","0","35.50","22.29"
"10","015","00","050","0013","0168","374","258","116","4","378","949","0","39.83","27.19"
"10","015","00","050","0013","0169","385","249","136","3","388","953","0","40.71","26.13"
"10","015","00","050","0014","0000","2293","1599","694","20","2313","5995","0","38.58","26.67"
"10","015","00","050","0014","0181","398","281","117","3","401","999","0","40.14","28.13"
"10","015","00","050","0014","0182","423","292","131","3","426","991","0","42.99","29.47"
"10","015","00","050","0014","0183","297","220","77","3","300","772","0","38.86","28.50"
"10","015","00","050","0014","0184","393","260","133","1","394","1130","0","34.87","23.01"
"10","015","00","050","0014","0185","425","307","118","6","431","1111","0","38.79","27.63"
"10","015","00","050","0014","0186","357","239","118","4","361","992","0","36.39","24.09"
"10","015","00","050","0015","0000","2012","1464","548","27","2039","5503","0","37.05","26.60"
"10","015","00","050","0015","0187","449","318","131","10","459","1128","0","40.69","28.19"
"10","015","00","050","0015","0188","325","243","82","1","326","978","0","33.33","24.85"
"10","015","00","050","0015","0189","400","306","94","7","407","1019","0","39.94","30.03"
"10","015","00","050","0015","0190","400","291","109","2","402","1135","0","35.42","25.64"
"10","015","00","050","0015","0191","438","306","132","7","445","1243","0","35.80","24.62"
"10","015","00","050","0016","0000","734","478","256","9","743","2360","0","31.48","20.25"
"10","015","00","050","0016","0192","344","209","135","6","350","1134","0","30.86","18.43"
"10","015","00","050","0016","0193","390","269","121","3","393","1226","0","32.06","21.94"
"10","015","00","050","0017","0000","1508","1020","488","14","1522","4520","0","33.67","22.57"
"10","015","00","050","0017","0194","427","284","143","4","431","1178","0","36.59","24.11"
"10","015","00","050","0017","0195","368","250","118","1","369","1059","0","34.84","23.61"
"10","015","00","050","0017","0196","412","274","138","5","417","1271","0","32.81","21.56"
"10","015","00","050","0017","0197","301","212","89","4","305","1012","0","30.14","20.95"
"10","015","00","050","0018","0000","756","593","163","11","767","1987","0","38.60","29.84"
"10","015","00","050","0018","0198","363","286","77","4","367","965","0","38.03","29.64"
"10","015","00","050","0018","0199","393","307","86","7","400","1022","0","39.14","30.04"
"10","015","00","060","0000","0000","5647","3826","1821","87","5734","15544","17427","36.89","24.61"
"10","015","00","060","0001","0000","137","92","45","2","139","352","0","39.49","26.14"
"10","015","00","060","0001","0201","137","92","45","2","139","352","0","39.49","26.14"
"10","015","00","060","0002","0000","385","255","130","6","391","1019","0","38.37","25.02"
"10","015","00","060","0002","0200","385","255","130","6","391","1019","0","38.37","25.02"
"10","015","00","060","0003","0000","649","432","217","15","664","1879","0","35.34","22.99"
"10","015","00","060","0003","0202","319","211","108","5","324","997","0","32.50","21.16"
"10","015","00","060","0003","0203","330","221","109","10","340","882","0","38.55","25.06"
"10","015","00","060","0004","0000","474","326","148","3","477","1317","0","36.22","24.75"
"10","015","00","060","0004","0204","238","161","77","2","240","640","0","37.50","25.16"
"10","015","00","060","0004","0205","236","165","71","1","237","677","0","35.01","24.37"
"10","015","00","060","0005","0000","295","208","87","4","299","900","0","33.22","23.11"
"10","015","00","060","0005","0206","295","208","87","4","299","900","0","33.22","23.11"
"10","015","00","060","0006","0000","317","223","94","2","319","729","0","43.76","30.59"
"10","015","00","060","0006","0209","317","223","94","2","319","729","0","43.76","30.59"
"10","015","00","060","0007","0000","575","381","194","10","585","1627","0","35.96","23.42"
"10","015","00","060","0007","0207","276","171","105","5","281","734","0","38.28","23.30"
"10","015","00","060","0007","0208","299","210","89","5","304","893","0","34.04","23.52"
"10","015","00","060","0008","0000","284","240","44","4","288","772","0","37.31","31.09"
"10","015","00","060","0008","0210","284","240","44","4","288","772","0","37.31","31.09"
"10","015","00","060","0009","0000","298","196","102","4","302","747","0","40.43","26.24"
"10","015","00","060","0009","0211","298","196","102","4","302","747","0","40.43","26.24"
"10","015","00","060","0010","0000","528","313","215","12","540","1402","0","38.52","22.33"
"10","015","00","060","0010","0212","364","208","156","10","374","981","0","38.12","21.20"
"10","015","00","060","0010","0213","164","105","59","2","166","421","0","39.43","24.94"
"10","015","00","060","0011","0000","933","572","361","8","941","2522","0","37.31","22.68"
"10","015","00","060","0011","0214","379","245","134","5","384","1115","0","34.44","21.97"
"10","015","00","060","0011","0215","387","209","178","2","389","981","0","39.65","21.30"
"10","015","00","060","0011","0216","167","118","49","1","168","426","0","39.44","27.70"
"10","015","00","060","0012","0000","109","84","25","5","114","259","0","44.02","32.43"
"10","015","00","060","0012","0217","109","84","25","5","114","259","0","44.02","32.43"
"10","015","00","060","0013","0000","266","214","52","4","270","816","0","33.09","26.23"
"10","015","00","060","0013","0218","266","214","52","4","270","816","0","33.09","26.23"
"10","015","00","060","0014","0000","230","173","57","7","237","700","0","33.86","24.71"
"10","015","00","060","0014","0220","230","173","57","7","237","700","0","33.86","24.71"
"10","015","00","060","0015","0000","167","117","50","1","168","503","0","33.40","23.26"
"10","015","00","060","0015","0219","167","117","50","1","168","503","0","33.40","23.26"
"10","015","00","070","0000","0000","3538","2625","913","73","3611","10956","12280","32.96","23.96"
"10","015","00","070","0001","0000","321","216","105","0","321","809","0","39.68","26.70"
"10","015","00","070","0001","0237","321","216","105","0","321","809","0","39.68","26.70"
"10","015","00","070","0002","0000","415","263","152","11","426","1258","0","33.86","20.91"
"10","015","00","070","0002","0236","415","263","152","11","426","1258","0","33.86","20.91"
"10","015","00","070","0003","0000","269","211","58","14","283","918","0","30.83","22.98"
"10","015","00","070","0003","0238","269","211","58","14","283","918","0","30.83","22.98"
"10","015","00","070","0004","0000","252","215","37","6","258","970","0","26.60","22.16"
"10","015","00","070","0004","0239","252","215","37","6","258","970","0","26.60","22.16"
"10","015","00","070","0005","0000","352","260","92","5","357","1018","0","35.07","25.54"
"10","015","00","070","0005","0240","352","260","92","5","357","1018","0","35.07","25.54"
"10","015","00","070","0006","0000","179","132","47","1","180","435","0","41.38","30.34"
"10","015","00","070","0006","0247","179","132","47","1","180","435","0","41.38","30.34"
"10","015","00","070","0007","0000","224","143","81","7","231","765","0","30.20","18.69"
"10","015","00","070","0007","0248","190","117","73","7","197","630","0","31.27","18.57"
"10","015","00","070","0007","0249","34","26","8","0","34","135","0","25.19","19.26"
"10","015","00","070","0008","0000","159","129","30","1","160","454","0","35.24","28.41"
"10","015","00","070","0008","0250","159","129","30","1","160","454","0","35.24","28.41"
"10","015","00","070","0009","0000","107","67","40","0","107","302","0","35.43","22.19"
"10","015","00","070","0009","0251","107","67","40","0","107","302","0","35.43","22.19"
"10","015","00","070","0010","0000","144","94","50","3","147","409","0","35.94","22.98"
"10","015","00","070","0010","0252","144","94","50","3","147","409","0","35.94","22.98"
"10","015","00","070","0011","0000","294","255","39","6","300","990","0","30.30","25.76"
"10","015","00","070","0011","0241","226","196","30","3","229","799","0","28.66","24.53"
"10","015","00","070","0011","0242","68","59","9","3","71","191","0","37.17","30.89"
"10","015","00","070","0012","0000","309","241","68","9","318","928","0","34.27","25.97"
"10","015","00","070","0012","0243","159","136","23","5","164","479","0","34.24","28.39"
"10","015","00","070","0012","0244","150","105","45","4","154","449","0","34.30","23.39"
"10","015","00","070","0013","0000","255","187","68","8","263","820","0","32.07","22.80"
"10","015","00","070","0013","0245","255","187","68","8","263","820","0","32.07","22.80"
"10","015","00","070","0014","0000","258","212","46","2","260","880","0","29.55","24.09"
"10","015","00","070","0014","0246","258","212","46","2","260","880","0","29.55","24.09"
"10","015","00","080","0000","0000","1088","852","236","43","1131","3966","4341","28.52","21.48"
"10","015","00","080","0001","0000","405","313","92","15","420","1596","0","26.32","19.61"
"10","015","00","080","0001","0255","180","135","45","7","187","652","0","28.68","20.71"
"10","015","00","080","0001","0256","154","117","37","6","160","608","0","26.32","19.24"
"10","015","00","080","0001","0257","71","61","10","2","73","336","0","21.73","18.15"
"10","015","00","080","0002","0000","157","120","37","11","168","614","0","27.36","19.54"
"10","015","00","080","0002","0258","157","120","37","11","168","614","0","27.36","19.54"
"10","015","00","080","0003","0000","118","96","22","2","120","390","0","30.77","24.62"
"10","015","00","080","0003","0259","118","96","22","2","120","390","0","30.77","24.62"
"10","015","00","080","0004","0000","227","165","62","8","235","721","0","32.59","22.88"
"10","015","00","080","0004","0254","227","165","62","8","235","721","0","32.59","22.88"
"10","015","00","080","0005","0000","181","158","23","7","188","645","0","29.15","24.50"
"10","015","00","080","0005","0253","181","158","23","7","188","645","0","29.15","24.50"
"10","015","00","090","0000","0000","3159","2250","909","59","3218","9935","11248","32.39","22.65"
"10","015","00","090","0001","0000","630","442","188","5","635","1828","0","34.74","24.18"
"10","015","00","090","0001","0267","272","192","80","2","274","778","0","35.22","24.68"
"10","015","00","090","0001","0268","358","250","108","3","361","1050","0","34.38","23.81"
"10","015","00","090","0002","0000","638","439","199","7","645","1800","0","35.83","24.39"
"10","015","00","090","0002","0269","311","229","82","3","314","829","0","37.88","27.62"
"10","015","00","090","0002","0270","327","210","117","4","331","971","0","34.09","21.63"
"10","015","00","090","0003","0000","192","125","67","4","196","520","0","37.69","24.04"
"10","015","00","090","0003","0271","192","125","67","4","196","520","0","37.69","24.04"
"10","015","00","090","0004","0000","295","192","103","2","297","923","0","32.18","20.80"
"10","015","00","090","0004","0272","295","192","103","2","297","923","0","32.18","20.80"
"10","015","00","090","0005","0000","161","125","36","6","167","580","0","28.79","21.55"
"10","015","00","090","0005","0273","161","125","36","6","167","580","0","28.79","21.55"
"10","015","00","090","0006","0000","301","212","89","5","306","941","0","32.52","22.53"
"10","015","00","090","0006","0274","301","212","89","5","306","941","0","32.52","22.53"
"10","015","00","090","0007","0000","248","198","50","5","253","867","0","29.18","22.84"
"10","015","00","090","0007","0275","248","198","50","5","253","867","0","29.18","22.84"
"10","015","00","090","0008","0000","73","62","11","3","76","332","0","22.89","18.67"
"10","015","00","090","0008","0276","73","62","11","3","76","332","0","22.89","18.67"
"10","015","00","090","0009","0000","205","151","54","3","208","740","0","28.11","20.41"
"10","015","00","090","0009","0277","205","151","54","3","208","740","0","28.11","20.41"
"10","015","00","090","0010","0000","219","187","32","10","229","825","0","27.76","22.67"
"10","015","00","090","0010","0278","219","187","32","10","229","825","0","27.76","22.67"
"10","015","00","090","0011","0000","197","117","80","9","206","579","0","35.58","20.21"
"10","015","00","090","0011","0279","197","117","80","9","206","579","0","35.58","20.21"
"10","015","00","100","0000","0000","2502","1755","747","82","2584","8785","9897","29.41","19.98"
"10","015","00","100","0001","0000","126","96","30","3","129","471","0","27.39","20.38"
"10","015","00","100","0001","0305","126","96","30","3","129","471","0","27.39","20.38"
"10","015","00","100","0002","0000","224","142","82","13","237","970","0","24.43","14.64"
"10","015","00","100","0002","0306","224","142","82","13","237","970","0","24.43","14.64"
"10","015","00","100","0003","0000","174","142","32","4","178","613","0","29.04","23.16"
"10","015","00","100","0003","0307","174","142","32","4","178","613","0","29.04","23.16"
"10","015","00","100","0004","0000","139","98","41","10","149","573","0","26.00","17.10"
"10","015","00","100","0004","0308","139","98","41","10","149","573","0","26.00","17.10"
"10","015","00","100","0005","0000","318","233","85","2","320","1040","0","30.77","22.40"
"10","015","00","100","0005","0309","318","233","85","2","320","1040","0","30.77","22.40"
"10","015","00","100","0006","0000","129","94","35","2","131","428","0","30.61","21.96"
"10","015","00","100","0006","0310","129","94","35","2","131","428","0","30.61","21.96"
"10","015","00","100","0007","0000","230","171","59","9","239","864","0","27.66","19.79"
"10","015","00","100","0007","0311","230","171","59","9","239","864","0","27.66","19.79"
"10","015","00","100","0008","0000","131","93","38","3","134","368","0","36.41","25.27"
"10","015","00","100","0008","0312","131","93","38","3","134","368","0","36.41","25.27"
"10","015","00","100","0009","0000","397","246","151","9","406","1306","0","31.09","18.84"
"10","015","00","100","0009","0313","397","246","151","9","406","1306","0","31.09","18.84"
"10","015","00","100","0010","0000","147","109","38","4","151","442","0","34.16","24.66"
"10","015","00","100","0010","0314","147","109","38","4","151","442","0","34.16","24.66"
"10","015","00","100","0011","0000","161","132","29","8","169","597","0","28.31","22.11"
"10","015","00","100","0011","0315","161","132","29","8","169","597","0","28.31","22.11"
"10","015","00","100","0012","0000","133","84","49","5","138","491","0","28.11","17.11"
"10","015","00","100","0012","0316","133","84","49","5","138","491","0","28.11","17.11"
"10","015","00","100","0013","0000","193","115","78","10","203","622","0","32.64","18.49"
"10","015","00","100","0013","0317","193","115","78","10","203","622","0","32.64","18.49"
"10","015","00","110","0000","0000","3927","3154","773","45","3972","12966","16204","30.63","24.33"
"10","015","00","110","0001","0000","382","321","61","2","384","1423","0","26.99","22.56"
"10","015","00","110","0001","0116","190","161","29","1","191","726","0","26.31","22.18"
"10","015","00","110","0001","0117","192","160","32","1","193","697","0","27.69","22.96"
"10","015","00","110","0002","0000","579","427","152","7","586","1842","0","31.81","23.18"
"10","015","00","110","0002","0118","256","226","30","2","258","842","0","30.64","26.84"
"10","015","00","110","0002","0119","266","156","110","3","269","841","0","31.99","18.55"
"10","015","00","110","0002","0120","57","45","12","2","59","159","0","37.11","28.30"
"10","015","00","110","0003","0000","522","401","121","8","530","1790","0","29.61","22.40"
"10","015","00","110","0003","0121","129","104","25","4","133","398","0","33.42","26.13"
"10","015","00","110","0003","0122","245","187","58","3","248","881","0","28.15","21.23"
"10","015","00","110","0003","0123","148","110","38","1","149","511","0","29.16","21.53"
"10","015","00","110","0004","0000","386","325","61","5","391","1188","0","32.91","27.36"
"10","015","00","110","0004","0127","386","325","61","5","391","1188","0","32.91","27.36"
"10","015","00","110","0005","0000","397","341","56","9","406","1217","0","33.36","28.02"
"10","015","00","110","0005","0128","213","172","41","9","222","720","0","30.83","23.89"
"10","015","00","110","0005","0129","184","169","15","0","184","497","0","37.02","34.00"
"10","015","00","110","0006","0000","346","300","46","1","347","1126","0","30.82","26.64"
"10","015","00","110","0006","0130","258","226","32","1","259","802","0","32.29","28.18"
"10","015","00","110","0006","0131","88","74","14","0","88","324","0","27.16","22.84"
"10","015","00","110","0007","0000","503","383","120","6","509","1791","0","28.42","21.38"
"10","015","00","110","0007","0124","328","244","84","2","330","1144","0","28.85","21.33"
"10","015","00","110","0007","0125","175","139","36","4","179","647","0","27.67","21.48"
"10","015","00","110","0008","0000","354","314","40","5","359","1048","0","34.26","29.96"
"10","015","00","110","0008","0126","354","314","40","5","359","1048","0","34.26","29.96"
"10","015","00","110","0009","0000","458","342","116","2","460","1541","0","29.85","22.19"
"10","015","00","110","0009","0114","275","199","76","1","276","914","0","30.20","21.77"
"10","015","00","110","0009","0115","183","143","40","1","184","627","0","29.35","22.81"
"10","015","00","120","0000","0000","1316","1115","201","20","1336","5080","6174","26.30","21.95"
"10","015","00","120","0001","0000","299","251","48","3","302","1044","0","28.93","24.04"
"10","015","00","120","0001","0260","299","251","48","3","302","1044","0","28.93","24.04"
"10","015","00","120","0002","0000","121","112","9","0","121","515","0","23.50","21.75"
"10","015","00","120","0002","0261","121","112","9","0","121","515","0","23.50","21.75"
"10","015","00","120","0003","0000","195","159","36","4","199","757","0","26.29","21.00"
"10","015","00","120","0003","0262","195","159","36","4","199","757","0","26.29","21.00"
"10","015","00","120","0004","0000","182","159","23","2","184","639","0","28.79","24.88"
"10","015","00","120","0004","0263","182","159","23","2","184","639","0","28.79","24.88"
"10","015","00","120","0005","0000","261","213","48","7","268","1075","0","24.93","19.81"
"10","015","00","120","0005","0264","128","103","25","3","131","432","0","30.32","23.84"
"10","015","00","120","0005","0265","133","110","23","4","137","643","0","21.31","17.11"
"10","015","00","120","0006","0000","258","221","37","4","262","1050","0","24.95","21.05"
"10","015","00","120","0006","0266","258","221","37","4","262","1050","0","24.95","21.05"
"10","015","00","130","0000","0000","1322","1187","135","28","1350","4818","5997","28.02","24.64"
"10","015","00","130","0001","0000","141","127","14","1","142","523","0","27.15","24.28"
"10","015","00","130","0001","0318","141","127","14","1","142","523","0","27.15","24.28"
"10","015","00","130","0002","0000","234","211","23","8","242","969","0","24.97","21.78"
"10","015","00","130","0002","0319","123","109","14","3","126","511","0","24.66","21.33"
"10","015","00","130","0002","0320","111","102","9","5","116","458","0","25.33","22.27"
"10","015","00","130","0003","0000","237","214","23","6","243","691","0","35.17","30.97"
"10","015","00","130","0003","0321","237","214","23","6","243","691","0","35.17","30.97"
"10","015","00","130","0004","0000","191","171","20","3","194","721","0","26.91","23.72"
"10","015","00","130","0004","0322","191","171","20","3","194","721","0","26.91","23.72"
"10","015","00","130","0005","0000","231","212","19","5","236","1017","0","23.21","20.85"
"10","015","00","130","0005","0323","145","136","9","5","150","623","0","24.08","21.83"
"10","015","00","130","0005","0324","86","76","10","0","86","394","0","21.83","19.29"
"10","015","00","130","0006","0000","288","252","36","5","293","897","0","32.66","28.09"
"10","015","00","130","0006","0325","108","93","15","0","108","321","0","33.64","28.97"
"10","015","00","130","0006","0326","129","112","17","4","133","393","0","33.84","28.50"
"10","015","00","130","0006","0327","51","47","4","1","52","183","0","28.42","25.68"
"10","014","00","000","0000","0000","58811","38957","19854","880","59691","182958","214132","32.63","21.29"
"10","014","00","010","0000","0000","30737","19425","11312","305","31042","87202","104445","35.60","22.28"
"10","014","00","010","0001","0000","449","314","135","12","461","1446","0","31.88","21.72"
"10","014","00","010","0001","0066","248","163","85","8","256","797","0","32.12","20.45"
"10","014","00","010","0001","0067","201","151","50","4","205","649","0","31.59","23.27"
"10","014","00","010","0002","0000","252","163","89","9","261","865","0","30.17","18.84"
"10","014","00","010","0002","0068","252","163","89","9","261","865","0","30.17","18.84"
"10","014","00","010","0003","0000","759","515","244","8","767","2210","0","34.71","23.30"
"10","014","00","010","0003","0072","537","363","174","4","541","1445","0","37.44","25.12"
"10","014","00","010","0003","0073","222","152","70","4","226","765","0","29.54","19.87"
"10","014","00","010","0004","0000","892","610","282","6","898","2796","0","32.12","21.82"
"10","014","00","010","0004","0077","319","212","107","2","321","943","0","34.04","22.48"
"10","014","00","010","0004","0078","295","223","72","2","297","968","0","30.68","23.04"
"10","014","00","010","0004","0079","278","175","103","2","280","885","0","31.64","19.77"
"10","014","00","010","0005","0000","1240","721","519","5","1245","2822","0","44.12","25.55"
"10","014","00","010","0005","0074","411","259","152","1","412","957","0","43.05","27.06"
"10","014","00","010","0005","0075","407","248","159","0","407","926","0","43.95","26.78"
"10","014","00","010","0005","0076","422","214","208","4","426","939","0","45.37","22.79"
"10","014","00","010","0006","0000","894","614","280","11","905","2707","0","33.43","22.68"
"10","014","00","010","0006","0069","350","234","116","3","353","869","0","40.62","26.93"
"10","014","00","010","0006","0070","247","172","75","3","250","865","0","28.90","19.88"
"10","014","00","010","0006","0071","297","208","89","5","302","973","0","31.04","21.38"
"10","014","00","010","0007","0000","2326","1531","795","14","2340","6528","0","35.85","23.45"
"10","014","00","010","0007","0031","399","270","129","2","401","1125","0","35.64","24.00"
"10","014","00","010","0007","0032","328","199","129","0","328","945","0","34.71","21.06"
"10","014","00","010","0007","0033","374","250","124","3","377","1082","0","34.84","23.11"
"10","014","00","010","0007","0034","374","249","125","6","380","1085","0","35.02","22.95"
"10","014","00","010","0007","0035","387","266","121","2","389","1119","0","34.76","23.77"
"10","014","00","010","0007","0036","464","297","167","1","465","1172","0","39.68","25.34"
"10","014","00","010","0008","0000","1276","740","536","19","1295","3035","0","42.67","24.38"
"10","014","00","010","0008","0008","410","233","177","9","419","984","0","42.58","23.68"
"10","014","00","010","0008","0009","470","283","187","8","478","1028","0","46.50","27.53"
"10","014","00","010","0008","0010","396","224","172","2","398","1023","0","38.91","21.90"
"10","014","00","010","0009","0000","298","176","122","5","303","826","0","36.68","21.31"
"10","014","00","010","0009","0011","298","176","122","5","303","826","0","36.68","21.31"
"10","014","00","010","0010","0000","951","657","294","4","955","2489","0","38.37","26.40"
"10","014","00","010","0010","0040","475","328","147","3","478","1223","0","39.08","26.82"
"10","014","00","010","0010","0041","476","329","147","1","477","1266","0","37.68","25.99"
"10","014","00","010","0011","0000","1199","782","417","11","1210","3004","0","40.28","26.03"
"10","014","00","010","0011","0037","392","254","138","3","395","1055","0","37.44","24.08"
"10","014","00","010","0011","0038","362","243","119","2","364","921","0","39.52","26.38"
"10","014","00","010","0011","0039","445","285","160","6","451","1028","0","43.87","27.72"
"10","014","00","010","0012","0000","1587","996","591","12","1599","3981","0","40.17","25.02"
"10","014","00","010","0012","0004","377","231","146","1","378","953","0","39.66","24.24"
"10","014","00","010","0012","0005","395","255","140","5","400","945","0","42.33","26.98"
"10","014","00","010","0012","0006","365","205","160","4","369","972","0","37.96","21.09"
"10","014","00","010","0012","0007","450","305","145","2","452","1111","0","40.68","27.45"
"10","014","00","010","0013","0000","480","259","221","2","482","1313","0","36.71","19.73"
"10","014","00","010","0013","0002","193","100","93","0","193","526","0","36.69","19.01"
"10","014","00","010","0013","0003","287","159","128","2","289","787","0","36.72","20.20"
"10","014","00","010","0014","0000","219","146","73","3","222","638","0","34.80","22.88"
"10","014","00","010","0014","0013","219","146","73","3","222","638","0","34.80","22.88"
"10","014","00","010","0015","0000","564","320","244","4","568","1628","0","34.89","19.66"
"10","014","00","010","0015","0014","341","186","155","1","342","855","0","40.00","21.75"
"10","014","00","010","0015","0015","223","134","89","3","226","773","0","29.24","17.34"
"10","014","00","010","0016","0000","217","131","86","2","219","620","0","35.32","21.13"
"10","014","00","010","0016","0017","217","131","86","2","219","620","0","35.32","21.13"
"10","014","00","010","0017","0000","398","230","168","3","401","1215","0","33.00","18.93"
"10","014","00","010","0017","0020","398","230","168","3","401","1215","0","33.00","18.93"
"10","014","00","010","0018","0000","327","195","132","1","328","813","0","40.34","23.99"
"10","014","00","010","0018","0012","327","195","132","1","328","813","0","40.34","23.99"
"10","014","00","010","0019","0000","269","137","132","0","269","683","0","39.39","20.06"
"10","014","00","010","0019","0016","269","137","132","0","269","683","0","39.39","20.06"
"10","014","00","010","0020","0000","346","185","161","2","348","768","0","45.31","24.09"
"10","014","00","010","0020","0021","346","185","161","2","348","768","0","45.31","24.09"
"10","014","00","010","0021","0000","272","170","102","3","275","727","0","37.83","23.38"
"10","014","00","010","0021","0018","272","170","102","3","275","727","0","37.83","23.38"
"10","014","00","010","0022","0000","288","152","136","2","290","762","0","38.06","19.95"
"10","014","00","010","0022","0019","288","152","136","2","290","762","0","38.06","19.95"
"10","014","00","010","0023","0000","244","141","103","1","245","941","0","26.04","14.98"
"10","014","00","010","0023","0001","244","141","103","1","245","941","0","26.04","14.98"
"10","014","00","010","0024","0000","319","183","136","0","319","736","0","43.34","24.86"
"10","014","00","010","0024","0022","319","183","136","0","319","736","0","43.34","24.86"
"10","014","00","010","0025","0000","178","113","65","0","178","575","0","30.96","19.65"
"10","014","00","010","0025","0028","178","113","65","0","178","575","0","30.96","19.65"
"10","014","00","010","0026","0000","270","131","139","1","271","711","0","38.12","18.42"
"10","014","00","010","0026","0023","270","131","139","1","271","711","0","38.12","18.42"
"10","014","00","010","0027","0000","135","76","59","1","136","400","0","34.00","19.00"
"10","014","00","010","0027","0029","135","76","59","1","136","400","0","34.00","19.00"
"10","014","00","010","0028","0000","154","88","66","1","155","389","0","39.85","22.62"
"10","014","00","010","0028","0024","154","88","66","1","155","389","0","39.85","22.62"
"10","014","00","010","0029","0000","540","353","187","13","553","1604","0","34.48","22.01"
"10","014","00","010","0029","0082","305","197","108","6","311","799","0","38.92","24.66"
"10","014","00","010","0029","0083","235","156","79","7","242","805","0","30.06","19.38"
"10","014","00","010","0030","0000","725","400","325","14","739","2224","0","33.23","17.99"
"10","014","00","010","0030","0080","309","172","137","5","314","995","0","31.56","17.29"
"10","014","00","010","0030","0081","416","228","188","9","425","1229","0","34.58","18.55"
"10","014","00","010","0031","0000","960","622","338","13","973","3044","0","31.96","20.43"
"10","014","00","010","0031","0044","251","160","91","6","257","961","0","26.74","16.65"
"10","014","00","010","0031","0045","376","233","143","4","380","1126","0","33.75","20.69"
"10","014","00","010","0031","0046","333","229","104","3","336","957","0","35.11","23.93"
"10","014","00","010","0032","0000","975","651","324","5","980","2559","0","38.30","25.44"
"10","014","00","010","0032","0042","536","369","167","3","539","1289","0","41.82","28.63"
"10","014","00","010","0032","0043","439","282","157","2","441","1270","0","34.72","22.20"
"10","014","00","010","0033","0000","487","311","176","5","492","1481","0","33.22","21.00"
"10","014","00","010","0033","0047","287","176","111","2","289","733","0","39.43","24.01"
"10","014","00","010","0033","0048","200","135","65","3","203","748","0","27.14","18.05"
"10","014","00","010","0034","0000","727","458","269","2","729","2117","0","34.44","21.63"
"10","014","00","010","0034","0049","312","196","116","1","313","947","0","33.05","20.70"
"10","014","00","010","0034","0050","415","262","153","1","416","1170","0","35.56","22.39"
"10","014","00","010","0035","0000","392","246","146","8","400","1309","0","30.56","18.79"
"10","014","00","010","0035","0051","392","246","146","8","400","1309","0","30.56","18.79"
"10","014","00","010","0036","0000","1029","653","376","11","1040","2638","0","39.42","24.75"
"10","014","00","010","0036","0025","243","144","99","4","247","718","0","34.40","20.06"
"10","014","00","010","0036","0026","413","256","157","2","415","919","0","45.16","27.86"
"10","014","00","010","0036","0027","373","253","120","5","378","1001","0","37.76","25.27"
"10","014","00","010","0037","0000","327","193","134","3","330","940","0","35.11","20.53"
"10","014","00","010","0037","0030","327","193","134","3","330","940","0","35.11","20.53"
"10","014","00","010","0038","0000","2896","1952","944","25","2921","8103","0","36.05","24.09"
"10","014","00","010","0038","0052","439","292","147","4","443","1195","0","37.07","24.44"
"10","014","00","010","0038","0053","378","272","106","5","383","1176","0","32.57","23.13"
"10","014","00","010","0038","0054","420","284","136","2","422","1217","0","34.68","23.34"
"10","014","00","010","0038","0055","446","276","170","5","451","1259","0","35.82","21.92"
"10","014","00","010","0038","0056","321","200","121","5","326","1035","0","31.50","19.32"
"10","014","00","010","0038","0057","403","285","118","2","405","1084","0","37.36","26.29"
"10","014","00","010","0038","0058","489","343","146","2","491","1137","0","43.18","30.17"
"10","014","00","010","0039","0000","1498","1013","485","10","1508","5024","0","30.02","20.16"
"10","014","00","010","0039","0059","416","279","137","2","418","1349","0","30.99","20.68"
"10","014","00","010","0039","0060","335","220","115","2","337","1284","0","26.25","17.13"
"10","014","00","010","0039","0061","401","273","128","2","403","1270","0","31.73","21.50"
"10","014","00","010","0039","0062","346","241","105","4","350","1121","0","31.22","21.50"
"10","014","00","010","0040","0000","745","421","324","9","754","2362","0","31.92","17.82"
"10","014","00","010","0040","0063","368","220","148","5","373","1127","0","33.10","19.52"
"10","014","00","010","0040","0064","377","201","176","4","381","1235","0","30.85","16.28"
"10","014","00","010","0041","0000","412","208","204","11","423","1214","0","34.84","17.13"
"10","014","00","010","0041","0065","412","208","204","11","423","1214","0","34.84","17.13"
"10","014","00","010","0042","0000","464","318","146","5","469","1392","0","33.69","22.84"
"10","014","00","010","0042","0084","211","122","89","2","213","723","0","29.46","16.87"
"10","014","00","010","0042","0085","253","196","57","3","256","669","0","38.27","29.30"
"10","014","00","010","0043","0000","341","198","143","7","348","952","0","36.55","20.80"
"10","014","00","010","0043","0086","341","198","143","7","348","952","0","36.55","20.80"
"10","014","00","010","0044","0000","386","234","152","2","388","1256","0","30.89","18.63"
"10","014","00","010","0044","0087","386","234","152","2","388","1256","0","30.89","18.63"
"10","014","00","010","0045","0000","460","295","165","5","465","1365","0","34.07","21.61"
"10","014","00","010","0045","0088","251","161","90","2","253","717","0","35.29","22.45"
"10","014","00","010","0045","0089","209","134","75","3","212","648","0","32.72","20.68"
"10","014","00","010","0046","0000","570","423","147","15","585","1990","0","29.40","21.26"
"10","014","00","010","0046","0090","339","259","80","9","348","1087","0","32.01","23.83"
"10","014","00","010","0046","0091","231","164","67","6","237","903","0","26.25","18.16"
"10","014","00","020","0000","0000","3293","2402","891","65","3358","11887","13396","28.25","20.21"
"10","014","00","020","0001","0000","202","167","35","10","212","596","0","35.57","28.02"
"10","014","00","020","0001","0107","112","91","21","7","119","347","0","34.29","26.22"
"10","014","00","020","0001","0108","90","76","14","3","93","249","0","37.35","30.52"
"10","014","00","020","0002","0000","230","157","73","6","236","935","0","25.24","16.79"
"10","014","00","020","0002","0105","121","82","39","4","125","469","0","26.65","17.48"
"10","014","00","020","0002","0106","109","75","34","2","111","466","0","23.82","16.09"
"10","014","00","020","0003","0000","301","221","80","9","310","1337","0","23.19","16.53"
"10","014","00","020","0003","0103","126","85","41","1","127","508","0","25.00","16.73"
"10","014","00","020","0003","0104","175","136","39","8","183","829","0","22.07","16.41"
"10","014","00","020","0004","0000","659","496","163","15","674","2619","0","25.74","18.94"
"10","014","00","020","0004","0101","317","236","81","5","322","1309","0","24.60","18.03"
"10","014","00","020","0004","0102","342","260","82","10","352","1310","0","26.87","19.85"
"10","014","00","020","0005","0000","577","407","170","7","584","1823","0","32.04","22.33"
"10","014","00","020","0005","0099","275","179","96","3","278","882","0","31.52","20.29"
"10","014","00","020","0005","0100","302","228","74","4","306","941","0","32.52","24.23"
"10","014","00","020","0006","0000","633","410","223","6","639","2079","0","30.74","19.72"
"10","014","00","020","0006","0096","93","65","28","0","93","333","0","27.93","19.52"
"10","014","00","020","0006","0097","298","185","113","2","300","938","0","31.98","19.72"
"10","014","00","020","0006","0098","242","160","82","4","246","808","0","30.45","19.80"
"10","014","00","020","0007","0000","189","139","50","4","193","725","0","26.62","19.17"
"10","014","00","020","0007","0095","189","139","50","4","193","725","0","26.62","19.17"
"10","014","00","020","0008","0000","502","405","97","8","510","1773","0","28.76","22.84"
"10","014","00","020","0008","0092","147","113","34","3","150","501","0","29.94","22.55"
"10","014","00","020","0008","0093","255","206","49","3","258","911","0","28.32","22.61"
"10","014","00","020","0008","0094","100","86","14","2","102","361","0","28.25","23.82"
"10","014","00","030","0000","0000","2299","1526","773","47","2346","7211","8330","32.53","21.16"
"10","014","00","030","0001","0000","453","301","152","15","468","1682","0","27.82","17.90"
"10","014","00","030","0001","0115","227","176","51","8","235","915","0","25.68","19.23"
"10","014","00","030","0001","0116","226","125","101","7","233","767","0","30.38","16.30"
"10","014","00","030","0002","0000","379","257","122","3","382","1084","0","35.24","23.71"
"10","014","00","030","0002","0113","379","257","122","3","382","1084","0","35.24","23.71"
"10","014","00","030","0003","0000","275","173","102","14","289","865","0","33.41","20.00"
"10","014","00","030","0003","0112","275","173","102","14","289","865","0","33.41","20.00"
"10","014","00","030","0004","0000","313","188","125","3","316","752","0","42.02","25.00"
"10","014","00","030","0004","0111","313","188","125","3","316","752","0","42.02","25.00"
"10","014","00","030","0005","0000","529","389","140","2","531","1611","0","32.96","24.15"
"10","014","00","030","0005","0109","319","232","87","0","319","864","0","36.92","26.85"
"10","014","00","030","0005","0110","210","157","53","2","212","747","0","28.38","21.02"
"10","014","00","030","0006","0000","162","112","50","4","166","528","0","31.44","21.21"
"10","014","00","030","0006","0117","162","112","50","4","166","528","0","31.44","21.21"
"10","014","00","030","0007","0000","188","106","82","6","194","689","0","28.16","15.38"
"10","014","00","030","0007","0114","188","106","82","6","194","689","0","28.16","15.38"
"10","014","00","040","0000","0000","4790","3038","1752","91","4881","14938","16897","32.68","20.34"
"10","014","00","040","0001","0000","134","84","50","6","140","486","0","28.81","17.28"
"10","014","00","040","0001","0127","60","35","25","3","63","271","0","23.25","12.92"
"10","014","00","040","0001","0128","74","49","25","3","77","215","0","35.81","22.79"
"10","014","00","040","0002","0000","154","121","33","1","155","449","0","34.52","26.95"
"10","014","00","040","0002","0139","154","121","33","1","155","449","0","34.52","26.95"
"10","014","00","040","0003","0000","150","113","37","4","154","467","0","32.98","24.20"
"10","014","00","040","0003","0137","150","113","37","4","154","467","0","32.98","24.20"
"10","014","00","040","0004","0000","119","55","64","1","120","333","0","36.04","16.52"
"10","014","00","040","0004","0138","119","55","64","1","120","333","0","36.04","16.52"
"10","014","00","040","0005","0000","337","192","145","9","346","1149","0","30.11","16.71"
"10","014","00","040","0005","0125","204","107","97","3","207","715","0","28.95","14.97"
"10","014","00","040","0005","0126","133","85","48","6","139","434","0","32.03","19.59"
"10","014","00","040","0006","0000","361","228","133","9","370","1236","0","29.94","18.45"
"10","014","00","040","0006","0123","191","127","64","4","195","741","0","26.32","17.14"
"10","014","00","040","0006","0124","170","101","69","5","175","495","0","35.35","20.40"
"10","014","00","040","0007","0000","356","169","187","9","365","1068","0","34.18","15.82"
"10","014","00","040","0007","0120","62","24","38","2","64","211","0","30.33","11.37"
"10","014","00","040","0007","0121","159","68","91","3","162","466","0","34.76","14.59"
"10","014","00","040","0007","0122","135","77","58","4","139","391","0","35.55","19.69"
"10","014","00","040","0008","0000","729","413","316","7","736","2211","0","33.29","18.68"
"10","014","00","040","0008","0118","341","150","191","4","345","1032","0","33.43","14.53"
"10","014","00","040","0008","0119","388","263","125","3","391","1179","0","33.16","22.31"
"10","014","00","040","0009","0000","323","214","109","6","329","1122","0","29.32","19.07"
"10","014","00","040","0009","0132","323","214","109","6","329","1122","0","29.32","19.07"
"10","014","00","040","0010","0000","996","678","318","12","1008","3124","0","32.27","21.70"
"10","014","00","040","0010","0129","494","315","179","5","499","1334","0","37.41","23.61"
"10","014","00","040","0010","0130","228","162","66","2","230","712","0","32.30","22.75"
"10","014","00","040","0010","0131","274","201","73","5","279","1078","0","25.88","18.65"
"10","014","00","040","0011","0000","396","303","93","12","408","1094","0","37.29","27.70"
"10","014","00","040","0011","0133","396","303","93","12","408","1094","0","37.29","27.70"
"10","014","00","040","0012","0000","389","328","61","11","400","1133","0","35.30","28.95"
"10","014","00","040","0012","0134","389","328","61","11","400","1133","0","35.30","28.95"
"10","014","00","040","0013","0000","346","140","206","4","350","1066","0","32.83","13.13"
"10","014","00","040","0013","0135","294","122","172","3","297","914","0","32.49","13.35"
"10","014","00","040","0013","0136","52","18","34","1","53","152","0","34.87","11.84"
"10","014","00","050","0000","0000","2022","1193","829","27","2049","6713","7514","30.52","17.77"
"10","014","00","050","0001","0000","146","95","51","5","151","650","0","23.23","14.62"
"10","014","00","050","0001","0147","146","95","51","5","151","650","0","23.23","14.62"
"10","014","00","050","0002","0000","319","128","191","4","323","871","0","37.08","14.70"
"10","014","00","050","0002","0148","134","77","57","1","135","413","0","32.69","18.64"
"10","014","00","050","0002","0149","185","51","134","3","188","458","0","41.05","11.14"
"10","014","00","050","0003","0000","223","135","88","4","227","835","0","27.19","16.17"
"10","014","00","050","0003","0146","223","135","88","4","227","835","0","27.19","16.17"
"10","014","00","050","0004","0000","427","277","150","0","427","1440","0","29.65","19.24"
"10","014","00","050","0004","0143","339","209","130","0","339","1099","0","30.85","19.02"
"10","014","00","050","0004","0144","88","68","20","0","88","341","0","25.81","19.94"
"10","014","00","050","0005","0000","218","147","71","3","221","858","0","25.76","17.13"
"10","014","00","050","0005","0145","218","147","71","3","221","858","0","25.76","17.13"
"10","014","00","050","0006","0000","318","231","87","9","327","1026","0","31.87","22.51"
"10","014","00","050","0006","0140","146","124","22","7","153","493","0","31.03","25.15"
"10","014","00","050","0006","0141","172","107","65","2","174","533","0","32.65","20.08"
"10","014","00","050","0007","0000","371","180","191","2","373","1033","0","36.11","17.42"
"10","014","00","050","0007","0142","371","180","191","2","373","1033","0","36.11","17.42"
"10","014","00","060","0000","0000","2160","1302","858","46","2206","7030","8018","31.38","18.52"
"10","014","00","060","0001","0000","298","171","127","6","304","1091","0","27.86","15.67"
"10","014","00","060","0001","0152","134","66","68","5","139","430","0","32.33","15.35"
"10","014","00","060","0001","0153","164","105","59","1","165","661","0","24.96","15.89"
"10","014","00","060","0002","0000","212","138","74","8","220","660","0","33.33","20.91"
"10","014","00","060","0002","0154","212","138","74","8","220","660","0","33.33","20.91"
"10","014","00","060","0003","0000","71","58","13","4","75","322","0","23.29","18.01"
"10","014","00","060","0003","0155","71","58","13","4","75","322","0","23.29","18.01"
"10","014","00","060","0004","0000","253","173","80","5","258","773","0","33.38","22.38"
"10","014","00","060","0004","0156","253","173","80","5","258","773","0","33.38","22.38"
"10","014","00","060","0005","0000","663","386","277","7","670","1890","0","35.45","20.42"
"10","014","00","060","0005","0150","328","205","123","4","332","983","0","33.77","20.85"
"10","014","00","060","0005","0151","335","181","154","3","338","907","0","37.27","19.96"
"10","014","00","060","0006","0000","95","41","54","3","98","337","0","29.08","12.17"
"10","014","00","060","0006","0158","95","41","54","3","98","337","0","29.08","12.17"
"10","014","00","060","0007","0000","252","148","104","6","258","832","0","31.01","17.79"
"10","014","00","060","0007","0157","252","148","104","6","258","832","0","31.01","17.79"
"10","014","00","060","0008","0000","109","46","63","5","114","304","0","37.50","15.13"
"10","014","00","060","0008","0159","109","46","63","5","114","304","0","37.50","15.13"
"10","014","00","060","0009","0000","127","89","38","1","128","393","0","32.57","22.65"
"10","014","00","060","0009","0160","127","89","38","1","128","393","0","32.57","22.65"
"10","014","00","060","0010","0000","80","52","28","1","81","428","0","18.93","12.15"
"10","014","00","060","0010","0161","80","52","28","1","81","428","0","18.93","12.15"
"10","014","00","070","0000","0000","2059","1438","621","41","2100","7358","8123","28.54","19.54"
"10","014","00","070","0001","0000","339","259","80","9","348","1544","0","22.54","16.77"
"10","014","00","070","0001","0169","132","106","26","5","137","813","0","16.85","13.04"
"10","014","00","070","0001","0170","88","74","14","3","91","332","0","27.41","22.29"
"10","014","00","070","0001","0171","119","79","40","1","120","399","0","30.08","19.80"
"10","014","00","070","0002","0000","250","183","67","6","256","1127","0","22.72","16.24"
"10","014","00","070","0002","0168","250","183","67","6","256","1127","0","22.72","16.24"
"10","014","00","070","0003","0000","265","203","62","3","268","951","0","28.18","21.35"
"10","014","00","070","0003","0167","265","203","62","3","268","951","0","28.18","21.35"
"10","014","00","070","0004","0000","80","53","27","2","82","252","0","32.54","21.03"
"10","014","00","070","0004","0172","80","53","27","2","82","252","0","32.54","21.03"
"10","014","00","070","0005","0000","163","119","44","1","164","511","0","32.09","23.29"
"10","014","00","070","0005","0166","163","119","44","1","164","511","0","32.09","23.29"
"10","014","00","070","0006","0000","292","178","114","4","296","886","0","33.41","20.09"
"10","014","00","070","0006","0165","292","178","114","4","296","886","0","33.41","20.09"
"10","014","00","070","0007","0000","670","443","227","16","686","2087","0","32.87","21.23"
"10","014","00","070","0007","0162","197","122","75","6","203","681","0","29.81","17.91"
"10","014","00","070","0007","0163","215","141","74","4","219","618","0","35.44","22.82"
"10","014","00","070","0007","0164","258","180","78","6","264","788","0","33.50","22.84"
"10","014","00","080","0000","0000","1830","1353","477","50","1880","6168","6828","30.48","21.94"
"10","014","00","080","0001","0000","188","143","45","3","191","599","0","31.89","23.87"
"10","014","00","080","0001","0182","16","10","6","0","16","31","0","51.61","32.26"
"10","014","00","080","0001","0183","172","133","39","3","175","568","0","30.81","23.42"
"10","014","00","080","0002","0000","329","278","51","15","344","1145","0","30.04","24.28"
"10","014","00","080","0002","0179","180","149","31","3","183","642","0","28.50","23.21"
"10","014","00","080","0002","0180","106","94","12","7","113","321","0","35.20","29.28"
"10","014","00","080","0002","0181","43","35","8","5","48","182","0","26.37","19.23"
"10","014","00","080","0003","0000","126","83","43","3","129","519","0","24.86","15.99"
"10","014","00","080","0003","0178","126","83","43","3","129","519","0","24.86","15.99"
"10","014","00","080","0004","0000","581","403","178","13","594","1898","0","31.30","21.23"
"10","014","00","080","0004","0176","341","224","117","6","347","1203","0","28.84","18.62"
"10","014","00","080","0004","0177","240","179","61","7","247","695","0","35.54","25.76"
"10","014","00","080","0005","0000","256","165","91","8","264","853","0","30.95","19.34"
"10","014","00","080","0005","0175","256","165","91","8","264","853","0","30.95","19.34"
"10","014","00","080","0006","0000","350","281","69","8","358","1154","0","31.02","24.35"
"10","014","00","080","0006","0173","141","112","29","3","144","495","0","29.09","22.63"
"10","014","00","080","0006","0174","209","169","40","5","214","659","0","32.47","25.64"
"10","014","00","090","0000","0000","2923","1898","1025","65","2988","9526","10806","31.37","19.92"
"10","014","00","090","0001","0000","378","167","211","6","384","1297","0","29.61","12.88"
"10","014","00","090","0001","0184","205","90","115","3","208","641","0","32.45","14.04"
"10","014","00","090","0001","0185","173","77","96","3","176","656","0","26.83","11.74"
"10","014","00","090","0002","0000","194","100","94","3","197","589","0","33.45","16.98"
"10","014","00","090","0002","0186","194","100","94","3","197","589","0","33.45","16.98"
"10","014","00","090","0003","0000","187","93","94","5","192","588","0","32.65","15.82"
"10","014","00","090","0003","0187","187","93","94","5","192","588","0","32.65","15.82"
"10","014","00","090","0004","0000","187","97","90","3","190","564","0","33.69","17.20"
"10","014","00","090","0004","0188","187","97","90","3","190","564","0","33.69","17.20"
"10","014","00","090","0005","0000","442","274","168","11","453","1352","0","33.51","20.27"
"10","014","00","090","0005","0191","219","131","88","4","223","645","0","34.57","20.31"
"10","014","00","090","0005","0192","223","143","80","7","230","707","0","32.53","20.23"
"10","014","00","090","0006","0000","574","387","187","13","587","1720","0","34.13","22.50"
"10","014","00","090","0006","0189","333","258","75","9","342","916","0","37.34","28.17"
"10","014","00","090","0006","0190","241","129","112","4","245","804","0","30.47","16.04"
"10","014","00","090","0007","0000","265","175","90","7","272","811","0","33.54","21.58"
"10","014","00","090","0007","0193","136","97","39","1","137","420","0","32.62","23.10"
"10","014","00","090","0007","0194","129","78","51","6","135","391","0","34.53","19.95"
"10","014","00","090","0008","0000","427","367","60","7","434","1705","0","25.45","21.52"
"10","014","00","090","0008","0195","206","181","25","5","211","832","0","25.36","21.75"
"10","014","00","090","0008","0196","221","186","35","2","223","873","0","25.54","21.31"
"10","014","00","090","0009","0000","269","238","31","10","279","900","0","31.00","26.44"
"10","014","00","090","0009","0197","88","82","6","2","90","228","0","39.47","35.96"
"10","014","00","090","0009","0198","181","156","25","8","189","672","0","28.13","23.21"
"10","014","00","100","0000","0000","1349","1008","341","30","1379","4892","5663","28.19","20.61"
"10","014","00","100","0001","0000","206","180","26","10","216","733","0","29.47","24.56"
"10","014","00","100","0001","0203","108","97","11","7","115","365","0","31.51","26.58"
"10","014","00","100","0001","0204","98","83","15","3","101","368","0","27.45","22.55"
"10","014","00","100","0002","0000","291","271","20","4","295","1061","0","27.80","25.54"
"10","014","00","100","0002","0202","291","271","20","4","295","1061","0","27.80","25.54"
"10","014","00","100","0003","0000","344","251","93","7","351","1229","0","28.56","20.42"
"10","014","00","100","0003","0201","344","251","93","7","351","1229","0","28.56","20.42"
"10","014","00","100","0004","0000","338","172","166","5","343","1341","0","25.58","12.83"
"10","014","00","100","0004","0200","338","172","166","5","343","1341","0","25.58","12.83"
"10","014","00","100","0005","0000","170","134","36","4","174","528","0","32.95","25.38"
"10","014","00","100","0005","0199","170","134","36","4","174","528","0","32.95","25.38"
"10","014","00","110","0000","0000","624","469","155","10","634","3562","4083","17.80","13.17"
"10","014","00","110","0001","0000","197","152","45","5","202","986","0","20.49","15.42"
"10","014","00","110","0001","0207","138","107","31","4","142","782","0","18.16","13.68"
"10","014","00","110","0001","0208","59","45","14","1","60","204","0","29.41","22.06"
"10","014","00","110","0002","0000","171","128","43","1","172","1038","0","16.57","12.33"
"10","014","00","110","0002","0206","171","128","43","1","172","1038","0","16.57","12.33"
"10","014","00","110","0003","0000","256","189","67","4","260","1538","0","16.91","12.29"
"10","014","00","110","0003","0205","256","189","67","4","260","1538","0","16.91","12.29"
"10","014","00","120","0000","0000","895","746","149","13","908","3275","4132","27.73","22.78"
"10","014","00","120","0001","0000","196","171","25","1","197","730","0","26.99","23.42"
"10","014","00","120","0001","0212","196","171","25","1","197","730","0","26.99","23.42"
"10","014","00","120","0002","0000","102","86","16","3","105","251","0","41.83","34.26"
"10","014","00","120","0002","0213","102","86","16","3","105","251","0","41.83","34.26"
"10","014","00","120","0003","0000","68","41","27","0","68","261","0","26.05","15.71"
"10","014","00","120","0003","0214","68","41","27","0","68","261","0","26.05","15.71"
"10","014","00","120","0004","0000","224","190","34","4","228","957","0","23.82","19.85"
"10","014","00","120","0004","0211","224","190","34","4","228","957","0","23.82","19.85"
"10","014","00","120","0005","0000","164","135","29","1","165","575","0","28.70","23.48"
"10","014","00","120","0005","0210","164","135","29","1","165","575","0","28.70","23.48"
"10","014","00","120","0006","0000","141","123","18","4","145","501","0","28.94","24.55"
"10","014","00","120","0006","0209","141","123","18","4","145","501","0","28.94","24.55"
"10","014","00","130","0000","0000","862","718","144","24","886","2912","3575","30.43","24.66"
"10","014","00","130","0001","0000","180","157","23","8","188","593","0","31.70","26.48"
"10","014","00","130","0001","0218","180","157","23","8","188","593","0","31.70","26.48"
"10","014","00","130","0002","0000","112","101","11","1","113","318","0","35.53","31.76"
"10","014","00","130","0002","0217","112","101","11","1","113","318","0","35.53","31.76"
"10","014","00","130","0003","0000","131","116","15","7","138","421","0","32.78","27.55"
"10","014","00","130","0003","0216","131","116","15","7","138","421","0","32.78","27.55"
"10","014","00","130","0004","0000","145","132","13","3","148","577","0","25.65","22.88"
"10","014","00","130","0004","0219","145","132","13","3","148","577","0","25.65","22.88"
"10","014","00","130","0005","0000","294","212","82","5","299","1003","0","29.81","21.14"
"10","014","00","130","0005","0215","294","212","82","5","299","1003","0","29.81","21.14"
"10","014","00","140","0000","0000","1127","1023","104","19","1146","3004","3673","38.15","34.05"
"10","014","00","140","0001","0000","244","220","24","5","249","512","0","48.63","42.97"
"10","014","00","140","0001","0223","244","220","24","5","249","512","0","48.63","42.97"
"10","014","00","140","0002","0000","256","237","19","3","259","603","0","42.95","39.30"
"10","014","00","140","0002","0222","256","237","19","3","259","603","0","42.95","39.30"
"10","014","00","140","0003","0000","378","337","41","9","387","1235","0","31.34","27.29"
"10","014","00","140","0003","0220","203","188","15","3","206","650","0","31.69","28.92"
"10","014","00","140","0003","0221","175","149","26","6","181","585","0","30.94","25.47"
"10","014","00","140","0004","0000","123","115","8","1","124","325","0","38.15","35.38"
"10","014","00","140","0004","0224","123","115","8","1","124","325","0","38.15","35.38"
"10","014","00","140","0005","0000","126","114","12","1","127","329","0","38.60","34.65"
"10","014","00","140","0005","0225","126","114","12","1","127","329","0","38.60","34.65"
"10","014","00","150","0000","0000","1061","896","165","13","1074","2990","3450","35.92","29.97"
"10","014","00","150","0001","0000","231","197","34","4","235","589","0","39.90","33.45"
"10","014","00","150","0001","0231","231","197","34","4","235","589","0","39.90","33.45"
"10","014","00","150","0002","0000","274","236","38","4","278","851","0","32.67","27.73"
"10","014","00","150","0002","0232","274","236","38","4","278","851","0","32.67","27.73"
"10","014","00","150","0003","0000","100","81","19","0","100","334","0","29.94","24.25"
"10","014","00","150","0003","0230","100","81","19","0","100","334","0","29.94","24.25"
"10","014","00","150","0004","0000","206","172","34","3","209","548","0","38.14","31.39"
"10","014","00","150","0004","0226","84","71","13","2","86","232","0","37.07","30.60"
"10","014","00","150","0004","0227","122","101","21","1","123","316","0","38.92","31.96"
"10","014","00","150","0005","0000","143","118","25","0","143","359","0","39.83","32.87"
"10","014","00","150","0005","0229","143","118","25","0","143","359","0","39.83","32.87"
"10","014","00","150","0006","0000","107","92","15","2","109","309","0","35.28","29.77"
"10","014","00","150","0006","0228","107","92","15","2","109","309","0","35.28","29.77"
"10","014","00","160","0000","0000","780","522","258","34","814","4290","5199","18.97","12.17"
"10","014","00","160","0001","0000","205","128","77","5","210","1293","0","16.24","9.90"
"10","014","00","160","0001","0235","205","128","77","5","210","1293","0","16.24","9.90"
"10","014","00","160","0002","0000","123","68","55","15","138","773","0","17.85","8.80"
"10","014","00","160","0002","0236","123","68","55","15","138","773","0","17.85","8.80"
"10","014","00","160","0003","0000","269","176","93","8","277","1256","0","22.05","14.01"
"10","014","00","160","0003","0234","269","176","93","8","277","1256","0","22.05","14.01"
"10","014","00","160","0004","0000","183","150","33","6","189","968","0","19.52","15.50"
"10","014","00","160","0004","0233","183","150","33","6","189","968","0","19.52","15.50"
"10","016","00","000","0000","0000","26215","13653","12562","304","26519","92051","105634","28.81","14.83"
"10","016","00","010","0000","0000","17049","9320","7729","164","17213","54139","62912","31.79","17.21"
"10","016","00","010","0002","0000","137","82","55","0","137","496","0","27.62","16.53"
"10","016","00","010","0002","0001","137","82","55","0","137","496","0","27.62","16.53"
"10","016","00","010","0003","0000","219","122","97","1","220","534","0","41.20","22.85"
"10","016","00","010","0003","0002","219","122","97","1","220","534","0","41.20","22.85"
"10","016","00","010","0004","0000","199","102","97","2","201","520","0","38.65","19.62"
"10","016","00","010","0004","0003","199","102","97","2","201","520","0","38.65","19.62"
"10","016","00","010","0005","0000","334","153","181","2","336","872","0","38.53","17.55"
"10","016","00","010","0005","0004","334","153","181","2","336","872","0","38.53","17.55"
"10","016","00","010","0006","0000","376","170","206","5","381","932","0","40.88","18.24"
"10","016","00","010","0006","0005","376","170","206","5","381","932","0","40.88","18.24"
"10","016","00","010","0007","0000","270","161","109","1","271","785","0","34.52","20.51"
"10","016","00","010","0007","0006","270","161","109","1","271","785","0","34.52","20.51"
"10","016","00","010","0008","0000","645","336","309","5","650","1903","0","34.16","17.66"
"10","016","00","010","0008","0007","321","156","165","5","326","935","0","34.87","16.68"
"10","016","00","010","0008","0008","324","180","144","0","324","968","0","33.47","18.60"
"10","016","00","010","0009","0000","1482","993","489","15","1497","4135","0","36.20","24.01"
"10","016","00","010","0009","0010","504","370","134","7","511","1381","0","37.00","26.79"
"10","016","00","010","0009","0011","507","311","196","2","509","1416","0","35.95","21.96"
"10","016","00","010","0009","0012","471","312","159","6","477","1338","0","35.65","23.32"
"10","016","00","010","0010","0000","407","257","150","9","416","1175","0","35.40","21.87"
"10","016","00","010","0010","0009","407","257","150","9","416","1175","0","35.40","21.87"
"10","016","00","010","0011","0000","1661","954","707","8","1669","5179","0","32.23","18.42"
"10","016","00","010","0011","0013","397","224","173","2","399","1242","0","32.13","18.04"
"10","016","00","010","0011","0014","332","184","148","3","335","1168","0","28.68","15.75"
"10","016","00","010","0011","0015","454","235","219","2","456","1397","0","32.64","16.82"
"10","016","00","010","0011","0016","478","311","167","1","479","1372","0","34.91","22.67"
"10","016","00","010","0012","0000","765","402","363","6","771","2417","0","31.90","16.63"
"10","016","00","010","0012","0017","342","181","161","0","342","1163","0","29.41","15.56"
"10","016","00","010","0012","0018","423","221","202","6","429","1254","0","34.21","17.62"
"10","016","00","010","0013","0000","510","276","234","6","516","1483","0","34.79","18.61"
"10","016","00","010","0013","0019","510","276","234","6","516","1483","0","34.79","18.61"
"10","016","00","010","0014","0000","1777","1052","725","17","1794","5825","0","30.80","18.06"
"10","016","00","010","0014","0020","371","211","160","4","375","1141","0","32.87","18.49"
"10","016","00","010","0014","0021","482","290","192","5","487","1376","0","35.39","21.08"
"10","016","00","010","0014","0022","522","338","184","3","525","1551","0","33.85","21.79"
"10","016","00","010","0014","0023","402","213","189","5","407","1757","0","23.16","12.12"
"10","016","00","010","0015","0000","997","574","423","5","1002","3202","0","31.29","17.93"
"10","016","00","010","0015","0024","313","181","132","0","313","1006","0","31.11","17.99"
"10","016","00","010","0015","0025","356","205","151","4","360","1066","0","33.77","19.23"
"10","016","00","010","0015","0026","328","188","140","1","329","1130","0","29.12","16.64"
"10","016","00","010","0016","0000","986","552","434","10","996","3283","0","30.34","16.81"
"10","016","00","010","0016","0027","342","197","145","1","343","1038","0","33.04","18.98"
"10","016","00","010","0016","0028","328","187","141","4","332","1142","0","29.07","16.37"
"10","016","00","010","0016","0029","316","168","148","5","321","1103","0","29.10","15.23"
"10","016","00","010","0017","0000","559","295","264","10","569","1855","0","30.67","15.90"
"10","016","00","010","0017","0030","261","139","122","7","268","1007","0","26.61","13.80"
"10","016","00","010","0017","0031","298","156","142","3","301","848","0","35.50","18.40"
"10","016","00","010","0018","0000","222","137","85","2","224","979","0","22.88","13.99"
"10","016","00","010","0018","0032","222","137","85","2","224","979","0","22.88","13.99"
"10","016","00","010","0019","0000","290","140","150","1","291","953","0","30.54","14.69"
"10","016","00","010","0019","0033","290","140","150","1","291","953","0","30.54","14.69"
"10","016","00","010","0020","0000","879","531","348","4","883","2661","0","33.18","19.95"
"10","016","00","010","0020","0034","338","204","134","1","339","930","0","36.45","21.94"
"10","016","00","010","0020","0035","295","183","112","2","297","898","0","33.07","20.38"
"10","016","00","010","0020","0036","246","144","102","1","247","833","0","29.65","17.29"
"10","016","00","010","0021","0000","145","77","68","0","145","439","0","33.03","17.54"
"10","016","00","010","0021","0037","145","77","68","0","145","439","0","33.03","17.54"
"10","016","00","010","0022","0000","673","432","241","6","679","2134","0","31.82","20.24"
"10","016","00","010","0022","0038","377","238","139","2","379","1162","0","32.62","20.48"
"10","016","00","010","0022","0039","296","194","102","4","300","972","0","30.86","19.96"
"10","016","00","010","0023","0000","201","107","94","3","204","650","0","31.38","16.46"
"10","016","00","010","0023","0040","201","107","94","3","204","650","0","31.38","16.46"
"10","016","00","010","0024","0000","357","134","223","7","364","1060","0","34.34","12.64"
"10","016","00","010","0024","0042","357","134","223","7","364","1060","0","34.34","12.64"
"10","016","00","010","0025","0000","383","213","170","8","391","1240","0","31.53","17.18"
"10","016","00","010","0025","0041","383","213","170","8","391","1240","0","31.53","17.18"
"10","016","00","010","0026","0000","228","84","144","2","230","677","0","33.97","12.41"
"10","016","00","010","0026","0043","228","84","144","2","230","677","0","33.97","12.41"
"10","016","00","010","0027","0000","513","197","316","8","521","1707","0","30.52","11.54"
"10","016","00","010","0027","0046","229","98","131","3","232","777","0","29.86","12.61"
"10","016","00","010","0027","0047","284","99","185","5","289","930","0","31.08","10.65"
"10","016","00","010","0028","0000","761","265","496","7","768","2539","0","30.25","10.44"
"10","016","00","010","0028","0044","447","165","282","4","451","1454","0","31.02","11.35"
"10","016","00","010","0028","0045","314","100","214","3","317","1085","0","29.22","9.22"
"10","016","00","010","0029","0000","97","56","41","0","97","470","0","20.64","11.91"
"10","016","00","010","0029","0048","97","56","41","0","97","470","0","20.64","11.91"
"10","016","00","010","0030","0000","113","62","51","3","116","378","0","30.69","16.40"
"10","016","00","010","0030","0049","113","62","51","3","116","378","0","30.69","16.40"
"10","016","00","010","0031","0000","305","186","119","4","309","1162","0","26.59","16.01"
"10","016","00","010","0031","0050","305","186","119","4","309","1162","0","26.59","16.01"
"10","016","00","010","0032","0000","382","110","272","5","387","1368","0","28.29","8.04"
"10","016","00","010","0032","0051","382","110","272","5","387","1368","0","28.29","8.04"
"10","016","00","010","0033","0000","133","83","50","1","134","812","0","16.50","10.22"
"10","016","00","010","0033","0052","133","83","50","1","134","812","0","16.50","10.22"
"10","016","00","010","0034","0000","43","25","18","1","44","314","0","14.01","7.96"
"10","016","00","010","0034","0053","43","25","18","1","44","314","0","14.01","7.96"
"10","016","00","020","0000","0000","3977","1781","2196","61","4038","13570","15248","29.76","13.12"
"10","016","00","020","0001","0000","367","201","166","3","370","1199","0","30.86","16.76"
"10","016","00","020","0001","0054","367","201","166","3","370","1199","0","30.86","16.76"
"10","016","00","020","0002","0000","98","52","46","1","99","358","0","27.65","14.53"
"10","016","00","020","0002","0055","98","52","46","1","99","358","0","27.65","14.53"
"10","016","00","020","0003","0000","66","38","28","2","68","243","0","27.98","15.64"
"10","016","00","020","0003","0056","66","38","28","2","68","243","0","27.98","15.64"
"10","016","00","020","0004","0000","86","43","43","5","91","297","0","30.64","14.48"
"10","016","00","020","0004","0057","86","43","43","5","91","297","0","30.64","14.48"
"10","016","00","020","0005","0000","182","54","128","2","184","683","0","26.94","7.91"
"10","016","00","020","0005","0058","182","54","128","2","184","683","0","26.94","7.91"
"10","016","00","020","0006","0000","87","50","37","0","87","327","0","26.61","15.29"
"10","016","00","020","0006","0059","87","50","37","0","87","327","0","26.61","15.29"
"10","016","00","020","0007","0000","217","78","139","5","222","748","0","29.68","10.43"
"10","016","00","020","0007","0060","217","78","139","5","222","748","0","29.68","10.43"
"10","016","00","020","0008","0000","168","85","83","3","171","839","0","20.38","10.13"
"10","016","00","020","0008","0061","168","85","83","3","171","839","0","20.38","10.13"
"10","016","00","020","0009","0000","288","134","154","6","294","860","0","34.19","15.58"
"10","016","00","020","0009","0062","288","134","154","6","294","860","0","34.19","15.58"
"10","016","00","020","0010","0000","49","18","31","1","50","123","0","40.65","14.63"
"10","016","00","020","0010","0063","49","18","31","1","50","123","0","40.65","14.63"
"10","016","00","020","0011","0000","73","36","37","2","75","221","0","33.94","16.29"
"10","016","00","020","0011","0065","73","36","37","2","75","221","0","33.94","16.29"
"10","016","00","020","0012","0000","110","58","52","0","110","300","0","36.67","19.33"
"10","016","00","020","0012","0067","110","58","52","0","110","300","0","36.67","19.33"
"10","016","00","020","0013","0000","132","78","54","2","134","641","0","20.90","12.17"
"10","016","00","020","0013","0066","132","78","54","2","134","641","0","20.90","12.17"
"10","016","00","020","0014","0000","101","52","49","1","102","389","0","26.22","13.37"
"10","016","00","020","0014","0068","101","52","49","1","102","389","0","26.22","13.37"
"10","016","00","020","0015","0000","261","66","195","3","264","807","0","32.71","8.18"
"10","016","00","020","0015","0064","261","66","195","3","264","807","0","32.71","8.18"
"10","016","00","020","0016","0000","121","77","44","2","123","334","0","36.83","23.05"
"10","016","00","020","0016","0069","121","77","44","2","123","334","0","36.83","23.05"
"10","016","00","020","0017","0000","30","15","15","2","32","94","0","34.04","15.96"
"10","016","00","020","0017","0070","30","15","15","2","32","94","0","34.04","15.96"
"10","016","00","020","0018","0000","284","142","142","3","287","911","0","31.50","15.59"
"10","016","00","020","0018","0071","284","142","142","3","287","911","0","31.50","15.59"
"10","016","00","020","0019","0000","294","104","190","9","303","1004","0","30.18","10.36"
"10","016","00","020","0019","0072","294","104","190","9","303","1004","0","30.18","10.36"
"10","016","00","020","0020","0000","195","70","125","0","195","670","0","29.10","10.45"
"10","016","00","020","0020","0073","195","70","125","0","195","670","0","29.10","10.45"
"10","016","00","020","0021","0000","539","260","279","5","544","1760","0","30.91","14.77"
"10","016","00","020","0021","0074","276","149","127","3","279","913","0","30.56","16.32"
"10","016","00","020","0021","0075","263","111","152","2","265","847","0","31.29","13.11"
"10","016","00","020","0022","0000","229","70","159","4","233","762","0","30.58","9.19"
"10","016","00","020","0022","0076","229","70","159","4","233","762","0","30.58","9.19"
"10","016","00","030","0000","0000","2240","1175","1065","28","2268","8798","9915","25.78","13.36"
"10","016","00","030","0001","0000","166","93","73","4","170","525","0","32.38","17.71"
"10","016","00","030","0001","0077","166","93","73","4","170","525","0","32.38","17.71"
"10","016","00","030","0002","0000","207","119","88","0","207","671","0","30.85","17.73"
"10","016","00","030","0002","0078","207","119","88","0","207","671","0","30.85","17.73"
"10","016","00","030","0003","0000","51","30","21","1","52","110","0","47.27","27.27"
"10","016","00","030","0003","0079","51","30","21","1","52","110","0","47.27","27.27"
"10","016","00","030","0004","0000","48","39","9","0","48","156","0","30.77","25.00"
"10","016","00","030","0004","0080","48","39","9","0","48","156","0","30.77","25.00"
"10","016","00","030","0005","0000","79","45","34","1","80","297","0","26.94","15.15"
"10","016","00","030","0005","0081","79","45","34","1","80","297","0","26.94","15.15"
"10","016","00","030","0006","0000","48","33","15","0","48","216","0","22.22","15.28"
"10","016","00","030","0006","0082","48","33","15","0","48","216","0","22.22","15.28"
"10","016","00","030","0007","0000","63","35","28","0","63","168","0","37.50","20.83"
"10","016","00","030","0007","0083","63","35","28","0","63","168","0","37.50","20.83"
"10","016","00","030","0008","0000","465","250","215","5","470","1719","0","27.34","14.54"
"10","016","00","030","0008","0084","272","139","133","1","273","986","0","27.69","14.10"
"10","016","00","030","0008","0085","193","111","82","4","197","733","0","26.88","15.14"
"10","016","00","030","0009","0000","90","50","40","0","90","307","0","29.32","16.29"
"10","016","00","030","0009","0086","90","50","40","0","90","307","0","29.32","16.29"
"10","016","00","030","0010","0000","211","86","125","5","216","766","0","28.20","11.23"
"10","016","00","030","0010","0087","211","86","125","5","216","766","0","28.20","11.23"
"10","016","00","030","0011","0000","203","89","114","3","206","798","0","25.81","11.15"
"10","016","00","030","0011","0088","203","89","114","3","206","798","0","25.81","11.15"
"10","016","00","030","0012","0000","261","56","205","4","265","1412","0","18.77","3.97"
"10","016","00","030","0012","0089","261","56","205","4","265","1412","0","18.77","3.97"
"10","016","00","030","0013","0000","235","177","58","2","237","1110","0","21.35","15.95"
"10","016","00","030","0013","0090","235","177","58","2","237","1110","0","21.35","15.95"
"10","016","00","030","0014","0000","63","56","7","2","65","274","0","23.72","20.44"
"10","016","00","030","0014","0091","63","56","7","2","65","274","0","23.72","20.44"
"10","016","00","030","0015","0000","50","17","33","1","51","269","0","18.96","6.32"
"10","016","00","030","0015","0092","50","17","33","1","51","269","0","18.96","6.32"
"10","016","00","040","0000","0000","1897","881","1016","24","1921","7398","8309","25.97","11.91"
"10","016","00","040","0001","0000","56","20","36","1","57","301","0","18.94","6.64"
"10","016","00","040","0001","0093","56","20","36","1","57","301","0","18.94","6.64"
"10","016","00","040","0002","0000","98","36","62","2","100","415","0","24.10","8.67"
"10","016","00","040","0002","0094","98","36","62","2","100","415","0","24.10","8.67"
"10","016","00","040","0003","0000","94","63","31","3","97","285","0","34.04","22.11"
"10","016","00","040","0003","0096","94","63","31","3","97","285","0","34.04","22.11"
"10","016","00","040","0004","0000","218","87","131","4","222","817","0","27.17","10.65"
"10","016","00","040","0004","0095","218","87","131","4","222","817","0","27.17","10.65"
"10","016","00","040","0005","0000","189","70","119","1","190","665","0","28.57","10.53"
"10","016","00","040","0005","0097","189","70","119","1","190","665","0","28.57","10.53"
"10","016","00","040","0006","0000","56","16","40","1","57","145","0","39.31","11.03"
"10","016","00","040","0006","0098","56","16","40","1","57","145","0","39.31","11.03"
"10","016","00","040","0007","0000","182","79","103","2","184","642","0","28.66","12.31"
"10","016","00","040","0007","0099","182","79","103","2","184","642","0","28.66","12.31"
"10","016","00","040","0008","0000","62","20","42","2","64","225","0","28.44","8.89"
"10","016","00","040","0008","0100","62","20","42","2","64","225","0","28.44","8.89"
"10","016","00","040","0009","0000","141","48","93","1","142","580","0","24.48","8.28"
"10","016","00","040","0009","0101","141","48","93","1","142","580","0","24.48","8.28"
"10","016","00","040","0010","0000","325","103","222","2","327","1265","0","25.85","8.14"
"10","016","00","040","0010","0102","325","103","222","2","327","1265","0","25.85","8.14"
"10","016","00","040","0011","0000","476","339","137","5","481","2058","0","23.37","16.47"
"10","016","00","040","0011","0103","228","163","65","3","231","927","0","24.92","17.58"
"10","016","00","040","0011","0104","248","176","72","2","250","1131","0","22.10","15.56"
"10","016","00","050","0000","0000","657","269","388","14","671","4779","5401","14.04","5.63"
"10","016","00","050","0001","0000","131","58","73","2","133","723","0","18.40","8.02"
"10","016","00","050","0001","0105","131","58","73","2","133","723","0","18.40","8.02"
"10","016","00","050","0002","0000","92","59","33","0","92","436","0","21.10","13.53"
"10","016","00","050","0002","0106","92","59","33","0","92","436","0","21.10","13.53"
"10","016","00","050","0003","0000","53","20","33","2","55","342","0","16.08","5.85"
"10","016","00","050","0003","0107","53","20","33","2","55","342","0","16.08","5.85"
"10","016","00","050","0004","0000","93","29","64","3","96","487","0","19.71","5.95"
"10","016","00","050","0004","0108","93","29","64","3","96","487","0","19.71","5.95"
"10","016","00","050","0005","0000","174","38","136","6","180","1425","0","12.63","2.67"
"10","016","00","050","0005","0109","83","21","62","4","87","669","0","13.00","3.14"
"10","016","00","050","0005","0110","91","17","74","2","93","756","0","12.30","2.25"
"10","016","00","050","0006","0000","18","7","11","0","18","527","0","3.42","1.33"
"10","016","00","050","0006","0112","18","7","11","0","18","527","0","3.42","1.33"
"10","016","00","050","0007","0000","8","4","4","0","8","220","0","3.64","1.82"
"10","016","00","050","0007","0113","8","4","4","0","8","220","0","3.64","1.82"
"10","016","00","050","0008","0000","38","17","21","0","38","296","0","12.84","5.74"
"10","016","00","050","0008","0111","38","17","21","0","38","296","0","12.84","5.74"
"10","016","00","050","0009","0000","50","37","13","1","51","323","0","15.79","11.46"
"10","016","00","050","0009","0114","50","37","13","1","51","323","0","15.79","11.46"
"10","016","00","060","0000","0000","395","227","168","13","408","3367","3849","12.12","6.74"
"10","016","00","060","0001","0000","23","10","13","0","23","259","0","8.88","3.86"
"10","016","00","060","0001","0115","23","10","13","0","23","259","0","8.88","3.86"
"10","016","00","060","0002","0000","61","38","23","2","63","573","0","10.99","6.63"
"10","016","00","060","0002","0116","61","38","23","2","63","573","0","10.99","6.63"
"10","016","00","060","0003","0000","69","38","31","3","72","643","0","11.20","5.91"
"10","016","00","060","0003","0117","69","38","31","3","72","643","0","11.20","5.91"
"10","016","00","060","0004","0000","57","26","31","1","58","367","0","15.80","7.08"
"10","016","00","060","0004","0118","57","26","31","1","58","367","0","15.80","7.08"
"10","016","00","060","0005","0000","45","22","23","1","46","377","0","12.20","5.84"
"10","016","00","060","0005","0119","45","22","23","1","46","377","0","12.20","5.84"
"10","016","00","060","0006","0000","140","93","47","6","146","1148","0","12.72","8.10"
"10","016","00","060","0006","0120","140","93","47","6","146","1148","0","12.72","8.10"
"10","017","00","000","0000","0000","128917","72023","56894","1146","130063","318539","365891","40.83","22.61"
"10","017","00","010","0000","0000","17344","9542","7802","153","17497","45298","50967","38.63","21.06"
"10","017","00","010","0001","0000","306","154","152","3","309","649","0","47.61","23.73"
"10","017","00","010","0001","0040","306","154","152","3","309","649","0","47.61","23.73"
"10","017","00","010","0002","0000","546","313","233","5","551","1166","0","47.26","26.84"
"10","017","00","010","0002","0038","546","313","233","5","551","1166","0","47.26","26.84"
"10","017","00","010","0003","0000","374","187","187","0","374","874","0","42.79","21.40"
"10","017","00","010","0003","0039","374","187","187","0","374","874","0","42.79","21.40"
"10","017","00","010","0004","0000","402","217","185","5","407","991","0","41.07","21.90"
"10","017","00","010","0004","0037","402","217","185","5","407","991","0","41.07","21.90"
"10","017","00","010","0005","0000","585","296","289","2","587","1177","0","49.87","25.15"
"10","017","00","010","0005","0036","585","296","289","2","587","1177","0","49.87","25.15"
"10","017","00","010","0006","0000","463","233","230","4","467","1117","0","41.81","20.86"
"10","017","00","010","0006","0035","463","233","230","4","467","1117","0","41.81","20.86"
"10","017","00","010","0007","0000","535","317","218","5","540","1217","0","44.37","26.05"
"10","017","00","010","0007","0034","535","317","218","5","540","1217","0","44.37","26.05"
"10","017","00","010","0008","0000","322","189","133","6","328","752","0","43.62","25.13"
"10","017","00","010","0008","0033","322","189","133","6","328","752","0","43.62","25.13"
"10","017","00","010","0009","0000","550","321","229","3","553","1594","0","34.69","20.14"
"10","017","00","010","0009","0032","550","321","229","3","553","1594","0","34.69","20.14"
"10","017","00","010","0010","0000","991","602","389","13","1004","2260","0","44.42","26.64"
"10","017","00","010","0010","0030","544","302","242","5","549","1181","0","46.49","25.57"
"10","017","00","010","0010","0031","447","300","147","8","455","1079","0","42.17","27.80"
"10","017","00","010","0011","0000","604","339","265","7","611","1294","0","47.22","26.20"
"10","017","00","010","0011","0029","604","339","265","7","611","1294","0","47.22","26.20"
"10","017","00","010","0012","0000","809","498","311","10","819","1981","0","41.34","25.14"
"10","017","00","010","0012","0027","505","306","199","4","509","1129","0","45.08","27.10"
"10","017","00","010","0012","0028","304","192","112","6","310","852","0","36.38","22.54"
"10","017","00","010","0013","0000","786","514","272","9","795","1945","0","40.87","26.43"
"10","017","00","010","0013","0025","477","311","166","4","481","1103","0","43.61","28.20"
"10","017","00","010","0013","0026","309","203","106","5","314","842","0","37.29","24.11"
"10","017","00","010","0014","0000","508","278","230","6","514","1245","0","41.29","22.33"
"10","017","00","010","0014","0024","508","278","230","6","514","1245","0","41.29","22.33"
"10","017","00","010","0015","0000","394","247","147","2","396","1125","0","35.20","21.96"
"10","017","00","010","0015","0021","394","247","147","2","396","1125","0","35.20","21.96"
"10","017","00","010","0016","0000","678","310","368","6","684","1688","0","40.52","18.36"
"10","017","00","010","0016","0018","381","183","198","4","385","990","0","38.89","18.48"
"10","017","00","010","0016","0019","297","127","170","2","299","698","0","42.84","18.19"
"10","017","00","010","0017","0000","300","183","117","3","303","920","0","32.93","19.89"
"10","017","00","010","0017","0020","300","183","117","3","303","920","0","32.93","19.89"
"10","017","00","010","0018","0000","460","219","241","0","460","1211","0","37.99","18.08"
"10","017","00","010","0018","0017","460","219","241","0","460","1211","0","37.99","18.08"
"10","017","00","010","0019","0000","600","174","426","4","604","1442","0","41.89","12.07"
"10","017","00","010","0019","0006","600","174","426","4","604","1442","0","41.89","12.07"
"10","017","00","010","0020","0000","401","157","244","4","405","1212","0","33.42","12.95"
"10","017","00","010","0020","0007","401","157","244","4","405","1212","0","33.42","12.95"
"10","017","00","010","0021","0000","204","59","145","2","206","439","0","46.92","13.44"
"10","017","00","010","0021","0001","204","59","145","2","206","439","0","46.92","13.44"
"10","017","00","010","0022","0000","1829","978","851","17","1846","5622","0","32.84","17.40"
"10","017","00","010","0022","0002","428","172","256","2","430","1226","0","35.07","14.03"
"10","017","00","010","0022","0003","415","223","192","9","424","1343","0","31.57","16.60"
"10","017","00","010","0022","0004","530","306","224","2","532","1557","0","34.17","19.65"
"10","017","00","010","0022","0005","456","277","179","4","460","1496","0","30.75","18.52"
"10","017","00","010","0023","0000","577","303","274","1","578","1615","0","35.79","18.76"
"10","017","00","010","0023","0023","577","303","274","1","578","1615","0","35.79","18.76"
"10","017","00","010","0024","0000","359","201","158","2","361","907","0","39.80","22.16"
"10","017","00","010","0024","0022","359","201","158","2","361","907","0","39.80","22.16"
"10","017","00","010","0025","0000","2147","1324","823","17","2164","5731","0","37.76","23.10"
"10","017","00","010","0025","0012","560","321","239","5","565","1473","0","38.36","21.79"
"10","017","00","010","0025","0013","518","325","193","3","521","1463","0","35.61","22.21"
"10","017","00","010","0025","0014","417","257","160","4","421","1100","0","38.27","23.36"
"10","017","00","010","0025","0015","385","253","132","3","388","915","0","42.40","27.65"
"10","017","00","010","0025","0016","267","168","99","2","269","780","0","34.49","21.54"
"10","017","00","010","0026","0000","1614","929","685","17","1631","5124","0","31.83","18.13"
"10","017","00","010","0026","0008","499","282","217","4","503","1435","0","35.05","19.65"
"10","017","00","010","0026","0009","589","339","250","5","594","1580","0","37.59","21.46"
"10","017","00","010","0026","0010","206","126","80","2","208","777","0","26.77","16.22"
"10","017","00","010","0026","0011","320","182","138","6","326","1332","0","24.47","13.66"
"10","017","00","020","0000","0000","18010","9537","8473","189","18199","46431","53534","39.20","20.54"
"10","017","00","020","0001","0000","1400","796","604","14","1414","3732","0","37.89","21.33"
"10","017","00","020","0001","0235","461","246","215","5","466","1219","0","38.23","20.18"
"10","017","00","020","0001","0236","450","261","189","8","458","1182","0","38.75","22.08"
"10","017","00","020","0001","0237","489","289","200","1","490","1331","0","36.81","21.71"
"10","017","00","020","0002","0000","1022","535","487","6","1028","2522","0","40.76","21.21"
"10","017","00","020","0002","0238","479","225","254","2","481","1075","0","44.74","20.93"
"10","017","00","020","0002","0239","543","310","233","4","547","1447","0","37.80","21.42"
"10","017","00","020","0003","0000","1457","826","631","18","1475","3476","0","42.43","23.76"
"10","017","00","020","0003","0242","455","225","230","10","465","1094","0","42.50","20.57"
"10","017","00","020","0003","0243","512","283","229","3","515","1215","0","42.39","23.29"
"10","017","00","020","0003","0244","490","318","172","5","495","1167","0","42.42","27.25"
"10","017","00","020","0004","0000","833","463","370","5","838","1877","0","44.65","24.67"
"10","017","00","020","0004","0245","421","222","199","4","425","934","0","45.50","23.77"
"10","017","00","020","0004","0246","412","241","171","1","413","943","0","43.80","25.56"
"10","017","00","020","0005","0000","935","532","403","12","947","2193","0","43.18","24.26"
"10","017","00","020","0005","0247","514","297","217","8","522","1211","0","43.10","24.53"
"10","017","00","020","0005","0248","421","235","186","4","425","982","0","43.28","23.93"
"10","017","00","020","0006","0000","592","303","289","6","598","1482","0","40.35","20.45"
"10","017","00","020","0006","0249","118","58","60","0","118","284","0","41.55","20.42"
"10","017","00","020","0006","0250","474","245","229","6","480","1198","0","40.07","20.45"
"10","017","00","020","0007","0000","471","247","224","8","479","1165","0","41.12","21.20"
"10","017","00","020","0007","0251","471","247","224","8","479","1165","0","41.12","21.20"
"10","017","00","020","0008","0000","832","418","414","8","840","2268","0","37.04","18.43"
"10","017","00","020","0008","0255","344","169","175","4","348","982","0","35.44","17.21"
"10","017","00","020","0008","0256","488","249","239","4","492","1286","0","38.26","19.36"
"10","017","00","020","0009","0000","1647","913","734","19","1666","4366","0","38.16","20.91"
"10","017","00","020","0009","0252","505","269","236","4","509","1311","0","38.83","20.52"
"10","017","00","020","0009","0253","685","384","301","8","693","1723","0","40.22","22.29"
"10","017","00","020","0009","0254","457","260","197","7","464","1332","0","34.83","19.52"
"10","017","00","020","0010","0000","1381","664","717","15","1396","3616","0","38.61","18.36"
"10","017","00","020","0010","0261","690","343","347","6","696","1791","0","38.86","19.15"
"10","017","00","020","0010","0262","691","321","370","9","700","1825","0","38.36","17.59"
"10","017","00","020","0011","0000","731","353","378","9","740","2070","0","35.75","17.05"
"10","017","00","020","0011","0257","425","197","228","4","429","1076","0","39.87","18.31"
"10","017","00","020","0011","0258","306","156","150","5","311","994","0","31.29","15.69"
"10","017","00","020","0012","0000","164","71","93","2","166","402","0","41.29","17.66"
"10","017","00","020","0012","0270","164","71","93","2","166","402","0","41.29","17.66"
"10","017","00","020","0013","0000","103","52","51","2","105","317","0","33.12","16.40"
"10","017","00","020","0013","0271","103","52","51","2","105","317","0","33.12","16.40"
"10","017","00","020","0014","0000","132","55","77","1","133","325","0","40.92","16.92"
"10","017","00","020","0014","0272","132","55","77","1","133","325","0","40.92","16.92"
"10","017","00","020","0015","0000","915","560","355","6","921","1965","0","46.87","28.50"
"10","017","00","020","0015","0273","402","232","170","3","405","975","0","41.54","23.79"
"10","017","00","020","0015","0274","513","328","185","3","516","990","0","52.12","33.13"
"10","017","00","020","0016","0000","228","84","144","6","234","448","0","52.23","18.75"
"10","017","00","020","0016","0275","228","84","144","6","234","448","0","52.23","18.75"
"10","017","00","020","0017","0000","811","445","366","10","821","1879","0","43.69","23.68"
"10","017","00","020","0017","0240","416","232","184","4","420","968","0","43.39","23.97"
"10","017","00","020","0017","0241","395","213","182","6","401","911","0","44.02","23.38"
"10","017","00","020","0018","0000","2130","1074","1056","19","2149","6051","0","35.51","17.75"
"10","017","00","020","0018","0263","519","262","257","6","525","1502","0","34.95","17.44"
"10","017","00","020","0018","0264","500","249","251","6","506","1474","0","34.33","16.89"
"10","017","00","020","0018","0265","468","219","249","1","469","1450","0","32.34","15.10"
"10","017","00","020","0018","0266","643","344","299","6","649","1625","0","39.94","21.17"
"10","017","00","020","0019","0000","1385","695","690","16","1401","3772","0","37.14","18.43"
"10","017","00","020","0019","0267","490","243","247","4","494","1375","0","35.93","17.67"
"10","017","00","020","0019","0268","378","184","194","6","384","1049","0","36.61","17.54"
"10","017","00","020","0019","0269","517","268","249","6","523","1348","0","38.80","19.88"
"10","017","00","020","0020","0000","841","451","390","7","848","2505","0","33.85","18.00"
"10","017","00","020","0020","0259","409","204","205","5","414","1230","0","33.66","16.59"
"10","017","00","020","0020","0260","432","247","185","2","434","1275","0","34.04","19.37"
"10","017","00","030","0000","0000","13476","7793","5683","110","13586","33447","38494","40.62","23.30"
"10","017","00","030","0001","0000","561","308","253","2","563","1390","0","40.50","22.16"
"10","017","00","030","0001","0205","561","308","253","2","563","1390","0","40.50","22.16"
"10","017","00","030","0002","0000","277","142","135","3","280","641","0","43.68","22.15"
"10","017","00","030","0002","0207","277","142","135","3","280","641","0","43.68","22.15"
"10","017","00","030","0003","0000","267","131","136","1","268","754","0","35.54","17.37"
"10","017","00","030","0003","0208","267","131","136","1","268","754","0","35.54","17.37"
"10","017","00","030","0004","0000","1493","884","609","13","1506","3626","0","41.53","24.38"
"10","017","00","030","0004","0209","423","279","144","5","428","1038","0","41.23","26.88"
"10","017","00","030","0004","0210","515","304","211","4","519","1229","0","42.23","24.74"
"10","017","00","030","0004","0211","555","301","254","4","559","1359","0","41.13","22.15"
"10","017","00","030","0005","0000","1049","606","443","7","1056","2636","0","40.06","22.99"
"10","017","00","030","0005","0221","552","294","258","3","555","1262","0","43.98","23.30"
"10","017","00","030","0005","0222","497","312","185","4","501","1374","0","36.46","22.71"
"10","017","00","030","0006","0000","1276","855","421","4","1280","2957","0","43.29","28.91"
"10","017","00","030","0006","0223","466","388","78","3","469","989","0","47.42","39.23"
"10","017","00","030","0006","0224","395","225","170","0","395","975","0","40.51","23.08"
"10","017","00","030","0006","0225","415","242","173","1","416","993","0","41.89","24.37"
"10","017","00","030","0007","0000","1000","577","423","12","1012","2529","0","40.02","22.82"
"10","017","00","030","0007","0214","459","252","207","7","466","1105","0","42.17","22.81"
"10","017","00","030","0007","0215","541","325","216","5","546","1424","0","38.34","22.82"
"10","017","00","030","0008","0000","1091","613","478","9","1100","2563","0","42.92","23.92"
"10","017","00","030","0008","0212","657","381","276","7","664","1460","0","45.48","26.10"
"10","017","00","030","0008","0213","434","232","202","2","436","1103","0","39.53","21.03"
"10","017","00","030","0009","0000","142","71","71","3","145","405","0","35.80","17.53"
"10","017","00","030","0009","0216","142","71","71","3","145","405","0","35.80","17.53"
"10","017","00","030","0010","0000","1945","1060","885","14","1959","4724","0","41.47","22.44"
"10","017","00","030","0010","0217","619","330","289","6","625","1493","0","41.86","22.10"
"10","017","00","030","0010","0218","436","233","203","3","439","1045","0","42.01","22.30"
"10","017","00","030","0010","0219","460","259","201","4","464","1072","0","43.28","24.16"
"10","017","00","030","0010","0220","430","238","192","1","431","1114","0","38.69","21.36"
"10","017","00","030","0011","0000","174","89","85","1","175","408","0","42.89","21.81"
"10","017","00","030","0011","0206","174","89","85","1","175","408","0","42.89","21.81"
"10","017","00","030","0012","0000","1998","1132","866","18","2016","4877","0","41.34","23.21"
"10","017","00","030","0012","0231","554","326","228","6","560","1327","0","42.20","24.57"
"10","017","00","030","0012","0232","492","263","229","5","497","1219","0","40.77","21.58"
"10","017","00","030","0012","0233","393","232","161","3","396","965","0","41.04","24.04"
"10","017","00","030","0012","0234","559","311","248","4","563","1366","0","41.22","22.77"
"10","017","00","030","0013","0000","2203","1325","878","23","2226","5937","0","37.49","22.32"
"10","017","00","030","0013","0226","438","261","177","2","440","1202","0","36.61","21.71"
"10","017","00","030","0013","0227","387","222","165","6","393","1215","0","32.35","18.27"
"10","017","00","030","0013","0228","475","274","201","4","479","1187","0","40.35","23.08"
"10","017","00","030","0013","0229","558","345","213","9","567","1368","0","41.45","25.22"
"10","017","00","030","0013","0230","345","223","122","2","347","965","0","35.96","23.11"
"10","017","00","040","0000","0000","14736","7703","7033","146","14882","35403","42303","42.04","21.76"
"10","017","00","040","0001","0000","644","353","291","5","649","1698","0","38.22","20.79"
"10","017","00","040","0001","0079","319","168","151","1","320","860","0","37.21","19.53"
"10","017","00","040","0001","0080","325","185","140","4","329","838","0","39.26","22.08"
"10","017","00","040","0002","0000","426","241","185","6","432","1015","0","42.56","23.74"
"10","017","00","040","0002","0081","426","241","185","6","432","1015","0","42.56","23.74"
"10","017","00","040","0003","0000","636","353","283","7","643","1481","0","43.42","23.84"
"10","017","00","040","0003","0082","398","216","182","4","402","936","0","42.95","23.08"
"10","017","00","040","0003","0083","238","137","101","3","241","545","0","44.22","25.14"
"10","017","00","040","0004","0000","692","405","287","9","701","1716","0","40.85","23.60"
"10","017","00","040","0004","0084","359","219","140","4","363","881","0","41.20","24.86"
"10","017","00","040","0004","0085","333","186","147","5","338","835","0","40.48","22.28"
"10","017","00","040","0005","0000","910","499","411","8","918","2263","0","40.57","22.05"
"10","017","00","040","0005","0086","488","275","213","7","495","1213","0","40.81","22.67"
"10","017","00","040","0005","0087","422","224","198","1","423","1050","0","40.29","21.33"
"10","017","00","040","0006","0000","685","381","304","9","694","1653","0","41.98","23.05"
"10","017","00","040","0006","0088","685","381","304","9","694","1653","0","41.98","23.05"
"10","017","00","040","0007","0000","360","175","185","1","361","924","0","39.07","18.94"
"10","017","00","040","0007","0089","360","175","185","1","361","924","0","39.07","18.94"
"10","017","00","040","0008","0000","419","198","221","1","420","945","0","44.44","20.95"
"10","017","00","040","0008","0090","419","198","221","1","420","945","0","44.44","20.95"
"10","017","00","040","0009","0000","381","188","193","3","384","840","0","45.71","22.38"
"10","017","00","040","0009","0091","381","188","193","3","384","840","0","45.71","22.38"
"10","017","00","040","0010","0000","692","359","333","3","695","1413","0","49.19","25.41"
"10","017","00","040","0010","0092","509","258","251","3","512","1002","0","51.10","25.75"
"10","017","00","040","0010","0093","183","101","82","0","183","411","0","44.53","24.57"
"10","017","00","040","0011","0000","330","141","189","6","336","730","0","46.03","19.32"
"10","017","00","040","0011","0094","330","141","189","6","336","730","0","46.03","19.32"
"10","017","00","040","0012","0000","388","180","208","2","390","917","0","42.53","19.63"
"10","017","00","040","0012","0095","388","180","208","2","390","917","0","42.53","19.63"
"10","017","00","040","0013","0000","986","489","497","9","995","2538","0","39.20","19.27"
"10","017","00","040","0013","0096","512","239","273","5","517","1258","0","41.10","19.00"
"10","017","00","040","0013","0097","474","250","224","4","478","1280","0","37.34","19.53"
"10","017","00","040","0014","0000","275","112","163","4","279","710","0","39.30","15.77"
"10","017","00","040","0014","0098","275","112","163","4","279","710","0","39.30","15.77"
"10","017","00","040","0015","0000","474","205","269","4","478","1247","0","38.33","16.44"
"10","017","00","040","0015","0099","236","101","135","0","236","624","0","37.82","16.19"
"10","017","00","040","0015","0100","238","104","134","4","242","623","0","38.84","16.69"
"10","017","00","040","0016","0000","314","136","178","3","317","770","0","41.17","17.66"
"10","017","00","040","0016","0101","314","136","178","3","317","770","0","41.17","17.66"
"10","017","00","040","0017","0000","717","397","320","4","721","1698","0","42.46","23.38"
"10","017","00","040","0017","0102","717","397","320","4","721","1698","0","42.46","23.38"
"10","017","00","040","0018","0000","350","158","192","4","354","790","0","44.81","20.00"
"10","017","00","040","0018","0103","350","158","192","4","354","790","0","44.81","20.00"
"10","017","00","040","0019","0000","387","197","190","5","392","846","0","46.34","23.29"
"10","017","00","040","0019","0104","387","197","190","5","392","846","0","46.34","23.29"
"10","017","00","040","0020","0000","281","127","154","4","285","820","0","34.76","15.49"
"10","017","00","040","0020","0105","281","127","154","4","285","820","0","34.76","15.49"
"10","017","00","040","0021","0000","300","172","128","3","303","670","0","45.22","25.67"
"10","017","00","040","0021","0106","300","172","128","3","303","670","0","45.22","25.67"
"10","017","00","040","0022","0000","341","189","152","4","345","957","0","36.05","19.75"
"10","017","00","040","0022","0107","341","189","152","4","345","957","0","36.05","19.75"
"10","017","00","040","0023","0000","374","186","188","5","379","1056","0","35.89","17.61"
"10","017","00","040","0023","0108","374","186","188","5","379","1056","0","35.89","17.61"
"10","017","00","040","0024","0000","1138","737","401","23","1161","2712","0","42.81","27.18"
"10","017","00","040","0024","0109","396","213","183","8","404","1182","0","34.18","18.02"
"10","017","00","040","0024","0110","742","524","218","15","757","1530","0","49.48","34.25"
"10","017","00","040","0025","0000","312","164","148","3","315","676","0","46.60","24.26"
"10","017","00","040","0025","0113","312","164","148","3","315","676","0","46.60","24.26"
"10","017","00","040","0026","0000","247","121","126","1","248","548","0","45.26","22.08"
"10","017","00","040","0026","0114","247","121","126","1","248","548","0","45.26","22.08"
"10","017","00","040","0027","0000","365","149","216","4","369","692","0","53.32","21.53"
"10","017","00","040","0027","0115","365","149","216","4","369","692","0","53.32","21.53"
"10","017","00","040","0028","0000","280","140","140","2","282","571","0","49.39","24.52"
"10","017","00","040","0028","0116","280","140","140","2","282","571","0","49.39","24.52"
"10","017","00","040","0029","0000","1032","551","481","4","1036","2507","0","41.32","21.98"
"10","017","00","040","0029","0111","453","238","215","0","453","1334","0","33.96","17.84"
"10","017","00","040","0029","0112","579","313","266","4","583","1173","0","49.70","26.68"
"10","017","00","050","0000","0000","16374","9038","7336","166","16540","40977","46058","40.36","22.06"
"10","017","00","050","0001","0000","350","190","160","7","357","769","0","46.42","24.71"
"10","017","00","050","0001","0117","350","190","160","7","357","769","0","46.42","24.71"
"10","017","00","050","0002","0000","495","248","247","3","498","992","0","50.20","25.00"
"10","017","00","050","0002","0118","495","248","247","3","498","992","0","50.20","25.00"
"10","017","00","050","0003","0000","314","151","163","4","318","750","0","42.40","20.13"
"10","017","00","050","0003","0119","314","151","163","4","318","750","0","42.40","20.13"
"10","017","00","050","0004","0000","374","159","215","6","380","962","0","39.50","16.53"
"10","017","00","050","0004","0120","374","159","215","6","380","962","0","39.50","16.53"
"10","017","00","050","0005","0000","347","198","149","3","350","749","0","46.73","26.44"
"10","017","00","050","0005","0121","347","198","149","3","350","749","0","46.73","26.44"
"10","017","00","050","0006","0000","509","290","219","5","514","1221","0","42.10","23.75"
"10","017","00","050","0006","0122","509","290","219","5","514","1221","0","42.10","23.75"
"10","017","00","050","0007","0000","308","192","116","2","310","742","0","41.78","25.88"
"10","017","00","050","0007","0123","308","192","116","2","310","742","0","41.78","25.88"
"10","017","00","050","0008","0000","493","256","237","7","500","1138","0","43.94","22.50"
"10","017","00","050","0008","0124","493","256","237","7","500","1138","0","43.94","22.50"
"10","017","00","050","0009","0000","380","229","151","5","385","961","0","40.06","23.83"
"10","017","00","050","0009","0125","380","229","151","5","385","961","0","40.06","23.83"
"10","017","00","050","0010","0000","476","281","195","12","488","1266","0","38.55","22.20"
"10","017","00","050","0010","0126","476","281","195","12","488","1266","0","38.55","22.20"
"10","017","00","050","0011","0000","686","359","327","8","694","1710","0","40.58","20.99"
"10","017","00","050","0011","0127","288","164","124","4","292","812","0","35.96","20.20"
"10","017","00","050","0011","0128","398","195","203","4","402","898","0","44.77","21.71"
"10","017","00","050","0012","0000","583","315","268","8","591","1512","0","39.09","20.83"
"10","017","00","050","0012","0132","583","315","268","8","591","1512","0","39.09","20.83"
"10","017","00","050","0013","0000","358","185","173","2","360","1271","0","28.32","14.56"
"10","017","00","050","0013","0133","358","185","173","2","360","1271","0","28.32","14.56"
"10","017","00","050","0014","0000","228","126","102","3","231","563","0","41.03","22.38"
"10","017","00","050","0014","0130","228","126","102","3","231","563","0","41.03","22.38"
"10","017","00","050","0015","0000","315","156","159","5","320","864","0","37.04","18.06"
"10","017","00","050","0015","0131","315","156","159","5","320","864","0","37.04","18.06"
"10","017","00","050","0016","0000","273","128","145","7","280","654","0","42.81","19.57"
"10","017","00","050","0016","0153","273","128","145","7","280","654","0","42.81","19.57"
"10","017","00","050","0017","0000","405","197","208","4","409","828","0","49.40","23.79"
"10","017","00","050","0017","0152","405","197","208","4","409","828","0","49.40","23.79"
"10","017","00","050","0018","0000","343","171","172","3","346","904","0","38.27","18.92"
"10","017","00","050","0018","0151","343","171","172","3","346","904","0","38.27","18.92"
"10","017","00","050","0019","0000","566","292","274","12","578","1556","0","37.15","18.77"
"10","017","00","050","0019","0150","566","292","274","12","578","1556","0","37.15","18.77"
"10","017","00","050","0020","0000","2468","1462","1006","11","2479","5331","0","46.50","27.42"
"10","017","00","050","0020","0137","563","330","233","1","564","1063","0","53.06","31.04"
"10","017","00","050","0020","0138","619","343","276","2","621","1435","0","43.28","23.90"
"10","017","00","050","0020","0139","719","449","270","3","722","1510","0","47.81","29.74"
"10","017","00","050","0020","0140","567","340","227","5","572","1323","0","43.24","25.70"
"10","017","00","050","0021","0000","2144","1281","863","15","2159","5461","0","39.53","23.46"
"10","017","00","050","0021","0141","504","289","215","2","506","1249","0","40.51","23.14"
"10","017","00","050","0021","0142","359","222","137","1","360","848","0","42.45","26.18"
"10","017","00","050","0021","0143","489","312","177","5","494","1319","0","37.45","23.65"
"10","017","00","050","0021","0144","441","253","188","4","445","1319","0","33.74","19.18"
"10","017","00","050","0021","0145","351","205","146","3","354","726","0","48.76","28.24"
"10","017","00","050","0022","0000","1559","836","723","13","1572","3826","0","41.09","21.85"
"10","017","00","050","0022","0134","499","265","234","2","501","1250","0","40.08","21.20"
"10","017","00","050","0022","0135","545","295","250","3","548","1433","0","38.24","20.59"
"10","017","00","050","0022","0136","515","276","239","8","523","1143","0","45.76","24.15"
"10","017","00","050","0023","0000","207","141","66","2","209","431","0","48.49","32.71"
"10","017","00","050","0023","0129","207","141","66","2","209","431","0","48.49","32.71"
"10","017","00","050","0024","0000","2193","1195","998","19","2212","6516","0","33.95","18.34"
"10","017","00","050","0024","0146","491","281","210","3","494","1635","0","30.21","17.19"
"10","017","00","050","0024","0147","517","292","225","0","517","1589","0","32.54","18.38"
"10","017","00","050","0024","0148","604","327","277","6","610","1670","0","36.53","19.58"
"10","017","00","050","0024","0149","581","295","286","10","591","1622","0","36.44","18.19"
"10","017","00","060","0000","0000","29275","16632","12643","221","29496","70296","81453","41.96","23.66"
"10","017","00","060","0001","0000","450","247","203","2","452","1179","0","38.34","20.95"
"10","017","00","060","0001","0155","450","247","203","2","452","1179","0","38.34","20.95"
"10","017","00","060","0002","0000","403","200","203","4","407","1020","0","39.90","19.61"
"10","017","00","060","0002","0156","403","200","203","4","407","1020","0","39.90","19.61"
"10","017","00","060","0003","0000","485","260","225","1","486","1326","0","36.65","19.61"
"10","017","00","060","0003","0154","485","260","225","1","486","1326","0","36.65","19.61"
"10","017","00","060","0004","0000","470","257","213","8","478","998","0","47.90","25.75"
"10","017","00","060","0004","0157","470","257","213","8","478","998","0","47.90","25.75"
"10","017","00","060","0005","0000","338","132","206","0","338","883","0","38.28","14.95"
"10","017","00","060","0005","0158","338","132","206","0","338","883","0","38.28","14.95"
"10","017","00","060","0006","0000","702","367","335","5","707","1988","0","35.56","18.46"
"10","017","00","060","0006","0159","509","268","241","3","512","1380","0","37.10","19.42"
"10","017","00","060","0006","0160","193","99","94","2","195","608","0","32.07","16.28"
"10","017","00","060","0007","0000","695","346","349","5","700","1900","0","36.84","18.21"
"10","017","00","060","0007","0161","524","256","268","4","528","1446","0","36.51","17.70"
"10","017","00","060","0007","0162","171","90","81","1","172","454","0","37.89","19.82"
"10","017","00","060","0008","0000","1360","636","724","7","1367","3163","0","43.22","20.11"
"10","017","00","060","0008","0165","819","354","465","5","824","1860","0","44.30","19.03"
"10","017","00","060","0008","0166","541","282","259","2","543","1303","0","41.67","21.64"
"10","017","00","060","0009","0000","374","161","213","2","376","821","0","45.80","19.61"
"10","017","00","060","0009","0163","374","161","213","2","376","821","0","45.80","19.61"
"10","017","00","060","0010","0000","220","103","117","2","222","556","0","39.93","18.53"
"10","017","00","060","0010","0164","220","103","117","2","222","556","0","39.93","18.53"
"10","017","00","060","0011","0000","1433","812","621","13","1446","3892","0","37.15","20.86"
"10","017","00","060","0011","0193","736","400","336","6","742","1910","0","38.85","20.94"
"10","017","00","060","0011","0194","697","412","285","7","704","1982","0","35.52","20.79"
"10","017","00","060","0012","0000","692","392","300","3","695","1657","0","41.94","23.66"
"10","017","00","060","0012","0200","692","392","300","3","695","1657","0","41.94","23.66"
"10","017","00","060","0013","0000","2050","1160","890","16","2066","5349","0","38.62","21.69"
"10","017","00","060","0013","0201","488","254","234","4","492","1271","0","38.71","19.98"
"10","017","00","060","0013","0202","545","362","183","5","550","1398","0","39.34","25.89"
"10","017","00","060","0013","0203","543","292","251","4","547","1407","0","38.88","20.75"
"10","017","00","060","0013","0204","474","252","222","3","477","1273","0","37.47","19.80"
"10","017","00","060","0014","0000","1502","834","668","15","1517","4007","0","37.86","20.81"
"10","017","00","060","0014","0195","886","478","408","6","892","2156","0","41.37","22.17"
"10","017","00","060","0014","0196","616","356","260","9","625","1851","0","33.77","19.23"
"10","017","00","060","0015","0000","1056","568","488","9","1065","2451","0","43.45","23.17"
"10","017","00","060","0015","0167","505","259","246","3","508","1156","0","43.94","22.40"
"10","017","00","060","0015","0168","551","309","242","6","557","1295","0","43.01","23.86"
"10","017","00","060","0016","0000","2222","1310","912","17","2239","4656","0","48.09","28.14"
"10","017","00","060","0016","0172","771","455","316","7","778","1539","0","50.55","29.56"
"10","017","00","060","0016","0173","713","427","286","5","718","1709","0","42.01","24.99"
"10","017","00","060","0016","0174","738","428","310","5","743","1408","0","52.77","30.40"
"10","017","00","060","0017","0000","1487","882","605","5","1492","3415","0","43.69","25.83"
"10","017","00","060","0017","0175","727","409","318","2","729","1773","0","41.12","23.07"
"10","017","00","060","0017","0176","760","473","287","3","763","1642","0","46.47","28.81"
"10","017","00","060","0018","0000","1815","1092","723","14","1829","3876","0","47.19","28.17"
"10","017","00","060","0018","0177","704","411","293","4","708","1586","0","44.64","25.91"
"10","017","00","060","0018","0178","558","341","217","7","565","1145","0","49.34","29.78"
"10","017","00","060","0018","0179","553","340","213","3","556","1145","0","48.56","29.69"
"10","017","00","060","0019","0000","1027","541","486","12","1039","2426","0","42.83","22.30"
"10","017","00","060","0019","0180","544","293","251","10","554","1239","0","44.71","23.65"
"10","017","00","060","0019","0181","483","248","235","2","485","1187","0","40.86","20.89"
"10","017","00","060","0020","0000","1036","618","418","7","1043","2796","0","37.30","22.10"
"10","017","00","060","0020","0185","493","298","195","4","497","1411","0","35.22","21.12"
"10","017","00","060","0020","0186","543","320","223","3","546","1385","0","39.42","23.10"
"10","017","00","060","0021","0000","2075","1226","849","15","2090","4808","0","43.47","25.50"
"10","017","00","060","0021","0197","548","298","250","4","552","1546","0","35.71","19.28"
"10","017","00","060","0021","0198","961","577","384","10","971","2100","0","46.24","27.48"
"10","017","00","060","0021","0199","566","351","215","1","567","1162","0","48.80","30.21"
"10","017","00","060","0022","0000","1639","999","640","15","1654","3289","0","50.29","30.37"
"10","017","00","060","0022","0182","856","535","321","6","862","1726","0","49.94","31.00"
"10","017","00","060","0022","0183","360","213","147","2","362","686","0","52.77","31.05"
"10","017","00","060","0022","0184","423","251","172","7","430","877","0","49.03","28.62"
"10","017","00","060","0023","0000","1708","979","729","19","1727","4694","0","36.79","20.86"
"10","017","00","060","0023","0190","615","355","260","3","618","1681","0","36.76","21.12"
"10","017","00","060","0023","0191","390","226","164","6","396","1069","0","37.04","21.14"
"10","017","00","060","0023","0192","703","398","305","10","713","1944","0","36.68","20.47"
"10","017","00","060","0024","0000","2254","1403","851","15","2269","4907","0","46.24","28.59"
"10","017","00","060","0024","0187","732","454","278","5","737","1557","0","47.33","29.16"
"10","017","00","060","0024","0188","625","367","258","4","629","1416","0","44.42","25.92"
"10","017","00","060","0024","0189","897","582","315","6","903","1934","0","46.69","30.09"
"10","017","00","060","0025","0000","1782","1107","675","10","1792","4239","0","42.27","26.11"
"10","017","00","060","0025","0169","720","444","276","5","725","1633","0","44.40","27.19"
"10","017","00","060","0025","0170","747","457","290","4","751","1833","0","40.97","24.93"
"10","017","00","060","0025","0171","315","206","109","1","316","773","0","40.88","26.65"
"10","017","00","070","0000","0000","19702","11778","7924","161","19863","46687","53082","42.55","25.23"
"10","017","00","070","0001","0000","505","290","215","10","515","1024","0","50.29","28.32"
"10","017","00","070","0001","0041","505","290","215","10","515","1024","0","50.29","28.32"
"10","017","00","070","0002","0000","596","391","205","6","602","1165","0","51.67","33.56"
"10","017","00","070","0002","0042","596","391","205","6","602","1165","0","51.67","33.56"
"10","017","00","070","0003","0000","600","347","253","3","603","1243","0","48.51","27.92"
"10","017","00","070","0003","0043","600","347","253","3","603","1243","0","48.51","27.92"
"10","017","00","070","0004","0000","1083","653","430","9","1092","2232","0","48.92","29.26"
"10","017","00","070","0004","0044","555","325","230","7","562","1092","0","51.47","29.76"
"10","017","00","070","0004","0045","528","328","200","2","530","1140","0","46.49","28.77"
"10","017","00","070","0005","0000","295","159","136","5","300","723","0","41.49","21.99"
"10","017","00","070","0005","0046","295","159","136","5","300","723","0","41.49","21.99"
"10","017","00","070","0006","0000","568","337","231","3","571","1508","0","37.86","22.35"
"10","017","00","070","0006","0047","568","337","231","3","571","1508","0","37.86","22.35"
"10","017","00","070","0007","0000","347","208","139","10","357","712","0","50.14","29.21"
"10","017","00","070","0007","0048","347","208","139","10","357","712","0","50.14","29.21"
"10","017","00","070","0008","0000","547","276","271","4","551","1483","0","37.15","18.61"
"10","017","00","070","0008","0049","547","276","271","4","551","1483","0","37.15","18.61"
"10","017","00","070","0009","0000","715","413","302","5","720","1552","0","46.39","26.61"
"10","017","00","070","0009","0050","715","413","302","5","720","1552","0","46.39","26.61"
"10","017","00","070","0010","0000","706","446","260","7","713","1439","0","49.55","30.99"
"10","017","00","070","0010","0051","706","446","260","7","713","1439","0","49.55","30.99"
"10","017","00","070","0011","0000","901","536","365","9","910","1997","0","45.57","26.84"
"10","017","00","070","0011","0052","457","276","181","7","464","987","0","47.01","27.96"
"10","017","00","070","0011","0053","444","260","184","2","446","1010","0","44.16","25.74"
"10","017","00","070","0012","0000","786","446","340","5","791","1817","0","43.53","24.55"
"10","017","00","070","0012","0058","443","269","174","3","446","1068","0","41.76","25.19"
"10","017","00","070","0012","0059","343","177","166","2","345","749","0","46.06","23.63"
"10","017","00","070","0013","0000","1462","937","525","11","1473","3468","0","42.47","27.02"
"10","017","00","070","0013","0060","567","339","228","6","573","1312","0","43.67","25.84"
"10","017","00","070","0013","0061","558","365","193","3","561","1378","0","40.71","26.49"
"10","017","00","070","0013","0062","337","233","104","2","339","778","0","43.57","29.95"
"10","017","00","070","0014","0000","1131","681","450","10","1141","2716","0","42.01","25.07"
"10","017","00","070","0014","0063","623","368","255","7","630","1440","0","43.75","25.56"
"10","017","00","070","0014","0064","508","313","195","3","511","1276","0","40.05","24.53"
"10","017","00","070","0015","0000","481","263","218","4","485","1308","0","37.08","20.11"
"10","017","00","070","0015","0078","481","263","218","4","485","1308","0","37.08","20.11"
"10","017","00","070","0016","0000","1858","1165","693","18","1876","4064","0","46.16","28.67"
"10","017","00","070","0016","0054","310","188","122","2","312","712","0","43.82","26.40"
"10","017","00","070","0016","0055","414","282","132","5","419","914","0","45.84","30.85"
"10","017","00","070","0016","0056","554","342","212","6","560","1108","0","50.54","30.87"
"10","017","00","070","0016","0057","580","353","227","5","585","1330","0","43.98","26.54"
"10","017","00","070","0017","0000","1620","951","669","16","1636","4618","0","35.43","20.59"
"10","017","00","070","0017","0075","527","304","223","6","533","1215","0","43.87","25.02"
"10","017","00","070","0017","0076","515","292","223","5","520","1598","0","32.54","18.27"
"10","017","00","070","0017","0077","578","355","223","5","583","1805","0","32.30","19.67"
"10","017","00","070","0018","0000","1541","947","594","12","1553","3461","0","44.87","27.36"
"10","017","00","070","0018","0065","424","257","167","3","427","944","0","45.23","27.22"
"10","017","00","070","0018","0066","439","255","184","3","442","1047","0","42.22","24.36"
"10","017","00","070","0018","0067","678","435","243","6","684","1470","0","46.53","29.59"
"10","017","00","070","0019","0000","963","553","410","6","969","2604","0","37.21","21.24"
"10","017","00","070","0019","0073","513","293","220","4","517","1471","0","35.15","19.92"
"10","017","00","070","0019","0074","450","260","190","2","452","1133","0","39.89","22.95"
"10","017","00","070","0020","0000","2997","1779","1218","8","3005","7553","0","39.79","23.55"
"10","017","00","070","0020","0068","644","396","248","4","648","1445","0","44.84","27.40"
"10","017","00","070","0020","0069","671","383","288","1","672","1482","0","45.34","25.84"
"10","017","00","070","0020","0070","485","299","186","1","486","1413","0","34.39","21.16"
"10","017","00","070","0020","0071","532","317","215","2","534","1524","0","35.04","20.80"
"10","017","00","070","0020","0072","665","384","281","0","665","1689","0","39.37","22.74"
"10","018","00","000","0000","0000","154695","83443","71252","2182","156877","361353","452807","43.41","23.09"
"10","018","00","010","0000","0000","76188","42826","33362","1054","77242","169450","221541","45.58","25.27"
"10","018","00","010","0001","0000","332","134","198","9","341","689","0","49.49","19.45"
"10","018","00","010","0001","0118","332","134","198","9","341","689","0","49.49","19.45"
"10","018","00","010","0002","0000","655","370","285","2","657","1426","0","46.07","25.95"
"10","018","00","010","0002","0120","429","261","168","1","430","977","0","44.01","26.71"
"10","018","00","010","0002","0121","226","109","117","1","227","449","0","50.56","24.28"
"10","018","00","010","0003","0000","363","139","224","7","370","860","0","43.02","16.16"
"10","018","00","010","0003","0119","363","139","224","7","370","860","0","43.02","16.16"
"10","018","00","010","0004","0000","211","90","121","6","217","472","0","45.97","19.07"
"10","018","00","010","0004","0117","211","90","121","6","217","472","0","45.97","19.07"
"10","018","00","010","0005","0000","276","109","167","1","277","527","0","52.56","20.68"
"10","018","00","010","0005","0004","276","109","167","1","277","527","0","52.56","20.68"
"10","018","00","010","0007","0000","281","121","160","3","284","591","0","48.05","20.47"
"10","018","00","010","0007","0005","281","121","160","3","284","591","0","48.05","20.47"
"10","018","00","010","0010","0000","309","148","161","7","316","712","0","44.38","20.79"
"10","018","00","010","0010","0130","309","148","161","7","316","712","0","44.38","20.79"
"10","018","00","010","0011","0000","454","254","200","6","460","1657","0","27.76","15.33"
"10","018","00","010","0011","0001","454","254","200","6","460","1657","0","27.76","15.33"
"10","018","00","010","0012","0000","241","114","127","4","245","544","0","45.04","20.96"
"10","018","00","010","0012","0006","241","114","127","4","245","544","0","45.04","20.96"
"10","018","00","010","0013","0000","1423","827","596","21","1444","3181","0","45.39","26.00"
"10","018","00","010","0013","0030","440","244","196","7","447","1017","0","43.95","23.99"
"10","018","00","010","0013","0031","504","320","184","7","511","1177","0","43.42","27.19"
"10","018","00","010","0013","0032","479","263","216","7","486","987","0","49.24","26.65"
"10","018","00","010","0014","0000","1254","599","655","15","1269","2794","0","45.42","21.44"
"10","018","00","010","0014","0132","368","174","194","5","373","829","0","44.99","20.99"
"10","018","00","010","0014","0133","433","190","243","7","440","934","0","47.11","20.34"
"10","018","00","010","0014","0134","453","235","218","3","456","1031","0","44.23","22.79"
"10","018","00","010","0015","0000","631","285","346","6","637","1360","0","46.84","20.96"
"10","018","00","010","0015","0135","288","128","160","1","289","589","0","49.07","21.73"
"10","018","00","010","0015","0136","343","157","186","5","348","771","0","45.14","20.36"
"10","018","00","010","0016","0000","2181","1202","979","18","2199","5451","0","40.34","22.05"
"10","018","00","010","0016","0122","475","221","254","3","478","1091","0","43.81","20.26"
"10","018","00","010","0016","0123","459","245","214","8","467","1113","0","41.96","22.01"
"10","018","00","010","0016","0124","455","288","167","5","460","1139","0","40.39","25.29"
"10","018","00","010","0016","0125","403","242","161","1","404","1091","0","37.03","22.18"
"10","018","00","010","0016","0126","389","206","183","1","390","1017","0","38.35","20.26"
"10","018","00","010","0017","0000","535","310","225","4","539","1058","0","50.95","29.30"
"10","018","00","010","0017","0002","535","310","225","4","539","1058","0","50.95","29.30"
"10","018","00","010","0018","0000","2019","1137","882","29","2048","4446","0","46.06","25.57"
"10","018","00","010","0018","0009","304","195","109","5","309","642","0","48.13","30.37"
"10","018","00","010","0018","0010","580","289","291","9","589","1260","0","46.75","22.94"
"10","018","00","010","0018","0011","571","339","232","10","581","1334","0","43.55","25.41"
"10","018","00","010","0018","0012","564","314","250","5","569","1210","0","47.02","25.95"
"10","018","00","010","0019","0000","1889","1068","821","25","1914","4120","0","46.46","25.92"
"10","018","00","010","0019","0013","454","279","175","4","458","959","0","47.76","29.09"
"10","018","00","010","0019","0014","477","297","180","3","480","980","0","48.98","30.31"
"10","018","00","010","0019","0015","530","282","248","10","540","1175","0","45.96","24.00"
"10","018","00","010","0019","0016","428","210","218","8","436","1006","0","43.34","20.87"
"10","018","00","010","0020","0000","2065","1063","1002","19","2084","4584","0","45.46","23.19"
"10","018","00","010","0020","0021","432","225","207","7","439","1026","0","42.79","21.93"
"10","018","00","010","0020","0022","524","283","241","9","533","1225","0","43.51","23.10"
"10","018","00","010","0020","0023","524","256","268","1","525","1089","0","48.21","23.51"
"10","018","00","010","0020","0024","585","299","286","2","587","1244","0","47.19","24.04"
"10","018","00","010","0021","0000","2650","1402","1248","43","2693","5827","0","46.22","24.06"
"10","018","00","010","0021","0025","494","267","227","11","505","1139","0","44.34","23.44"
"10","018","00","010","0021","0026","590","300","290","5","595","1245","0","47.79","24.10"
"10","018","00","010","0021","0027","447","231","216","7","454","1127","0","40.28","20.50"
"10","018","00","010","0021","0028","546","318","228","7","553","1186","0","46.63","26.81"
"10","018","00","010","0021","0029","573","286","287","13","586","1130","0","51.86","25.31"
"10","018","00","010","0022","0000","1448","747","701","21","1469","3117","0","47.13","23.97"
"10","018","00","010","0022","0044","746","347","399","13","759","1651","0","45.97","21.02"
"10","018","00","010","0022","0045","702","400","302","8","710","1466","0","48.43","27.29"
"10","018","00","010","0023","0000","1299","659","640","31","1330","2796","0","47.57","23.57"
"10","018","00","010","0023","0046","406","177","229","18","424","955","0","44.40","18.53"
"10","018","00","010","0023","0047","422","217","205","6","428","877","0","48.80","24.74"
"10","018","00","010","0023","0048","471","265","206","7","478","964","0","49.59","27.49"
"10","018","00","010","0024","0000","2287","1376","911","23","2310","4392","0","52.60","31.33"
"10","018","00","010","0024","0057","632","358","274","9","641","1196","0","53.60","29.93"
"10","018","00","010","0024","0058","393","266","127","2","395","939","0","42.07","28.33"
"10","018","00","010","0024","0059","592","358","234","2","594","1103","0","53.85","32.46"
"10","018","00","010","0024","0060","670","394","276","10","680","1154","0","58.93","34.14"
"10","018","00","010","0025","0000","2038","1587","451","28","2066","3972","0","52.01","39.95"
"10","018","00","010","0025","0061","679","558","121","11","690","1319","0","52.31","42.30"
"10","018","00","010","0025","0062","688","537","151","11","699","1353","0","51.66","39.69"
"10","018","00","010","0025","0063","671","492","179","6","677","1300","0","52.08","37.85"
"10","018","00","010","0026","0000","2868","1682","1186","42","2910","6185","0","47.05","27.19"
"10","018","00","010","0026","0039","587","354","233","7","594","1306","0","45.48","27.11"
"10","018","00","010","0026","0040","545","333","212","7","552","1222","0","45.17","27.25"
"10","018","00","010","0026","0041","584","345","239","5","589","1220","0","48.28","28.28"
"10","018","00","010","0026","0042","608","342","266","11","619","1302","0","47.54","26.27"
"10","018","00","010","0026","0043","544","308","236","12","556","1135","0","48.99","27.14"
"10","018","00","010","0027","0000","1539","919","620","25","1564","3075","0","50.86","29.89"
"10","018","00","010","0027","0036","445","300","145","9","454","921","0","49.29","32.57"
"10","018","00","010","0027","0037","525","294","231","8","533","1066","0","50.00","27.58"
"10","018","00","010","0027","0038","569","325","244","8","577","1088","0","53.03","29.87"
"10","018","00","010","0028","0000","1506","792","714","23","1529","3537","0","43.23","22.39"
"10","018","00","010","0028","0140","420","214","206","5","425","1043","0","40.75","20.52"
"10","018","00","010","0028","0141","504","281","223","7","511","1047","0","48.81","26.84"
"10","018","00","010","0028","0142","582","297","285","11","593","1447","0","40.98","20.53"
"10","018","00","010","0029","0000","1326","648","678","30","1356","3009","0","45.06","21.54"
"10","018","00","010","0029","0127","411","183","228","13","424","882","0","48.07","20.75"
"10","018","00","010","0029","0128","449","232","217","6","455","1054","0","43.17","22.01"
"10","018","00","010","0029","0129","466","233","233","11","477","1073","0","44.45","21.71"
"10","018","00","010","0030","0000","2305","1269","1036","27","2332","5175","0","45.06","24.52"
"10","018","00","010","0030","0151","352","210","142","6","358","989","0","36.20","21.23"
"10","018","00","010","0030","0152","376","196","180","6","382","867","0","44.06","22.61"
"10","018","00","010","0030","0153","469","280","189","4","473","894","0","52.91","31.32"
"10","018","00","010","0030","0154","411","209","202","9","420","1082","0","38.82","19.32"
"10","018","00","010","0030","0155","697","374","323","2","699","1343","0","52.05","27.85"
"10","018","00","010","0031","0000","2443","1307","1136","34","2477","5610","0","44.15","23.30"
"10","018","00","010","0031","0143","572","263","309","7","579","1285","0","45.06","20.47"
"10","018","00","010","0031","0144","503","290","213","7","510","1080","0","47.22","26.85"
"10","018","00","010","0031","0145","421","241","180","8","429","1103","0","38.89","21.85"
"10","018","00","010","0031","0146","470","249","221","2","472","1099","0","42.95","22.66"
"10","018","00","010","0031","0147","477","264","213","10","487","1043","0","46.69","25.31"
"10","018","00","010","0032","0000","576","336","240","11","587","1240","0","47.34","27.10"
"10","018","00","010","0032","0116","576","336","240","11","587","1240","0","47.34","27.10"
"10","018","00","010","0033","0000","1458","962","496","22","1480","2932","0","50.48","32.81"
"10","018","00","010","0033","0072","490","356","134","4","494","1063","0","46.47","33.49"
"10","018","00","010","0033","0073","390","234","156","3","393","775","0","50.71","30.19"
"10","018","00","010","0033","0074","578","372","206","15","593","1094","0","54.20","34.00"
"10","018","00","010","0035","0000","411","308","103","6","417","887","0","47.01","34.72"
"10","018","00","010","0035","0067","411","308","103","6","417","887","0","47.01","34.72"
"10","018","00","010","0036","0000","1244","848","396","14","1258","2672","0","47.08","31.74"
"10","018","00","010","0036","0064","403","275","128","2","405","971","0","41.71","28.32"
"10","018","00","010","0036","0065","413","267","146","6","419","817","0","51.29","32.68"
"10","018","00","010","0036","0066","428","306","122","6","434","884","0","49.10","34.62"
"10","018","00","010","0037","0000","1962","1459","503","21","1983","3777","0","52.50","38.63"
"10","018","00","010","0037","0068","621","512","109","8","629","1168","0","53.85","43.84"
"10","018","00","010","0037","0069","387","285","102","8","395","802","0","49.25","35.54"
"10","018","00","010","0037","0070","384","308","76","1","385","663","0","58.07","46.46"
"10","018","00","010","0037","0071","570","354","216","4","574","1144","0","50.17","30.94"
"10","018","00","010","0038","0000","1131","550","581","18","1149","2728","0","42.12","20.16"
"10","018","00","010","0038","0049","402","186","216","7","409","936","0","43.70","19.87"
"10","018","00","010","0038","0050","387","205","182","6","393","946","0","41.54","21.67"
"10","018","00","010","0038","0051","342","159","183","5","347","846","0","41.02","18.79"
"10","018","00","010","0039","0000","1441","681","760","26","1467","3260","0","45.00","20.89"
"10","018","00","010","0039","0052","533","254","279","10","543","1277","0","42.52","19.89"
"10","018","00","010","0039","0053","485","252","233","9","494","1055","0","46.82","23.89"
"10","018","00","010","0039","0054","423","175","248","7","430","928","0","46.34","18.86"
"10","018","00","010","0040","0000","869","483","386","23","892","2117","0","42.14","22.82"
"10","018","00","010","0040","0055","442","219","223","17","459","1108","0","41.43","19.77"
"10","018","00","010","0040","0056","427","264","163","6","433","1009","0","42.91","26.16"
"10","018","00","010","0041","0000","2625","1305","1320","35","2660","6204","0","42.88","21.03"
"10","018","00","010","0041","0079","433","216","217","9","442","1033","0","42.79","20.91"
"10","018","00","010","0041","0090","516","262","254","10","526","1218","0","43.19","21.51"
"10","018","00","010","0041","0091","548","246","302","6","554","1367","0","40.53","18.00"
"10","018","00","010","0041","0092","551","301","250","5","556","1254","0","44.34","24.00"
"10","018","00","010","0041","0093","577","280","297","5","582","1332","0","43.69","21.02"
"10","018","00","010","0042","0000","4320","2236","2084","44","4364","9368","0","46.58","23.87"
"10","018","00","010","0042","0075","463","272","191","0","463","1038","0","44.61","26.20"
"10","018","00","010","0042","0076","559","278","281","5","564","1196","0","47.16","23.24"
"10","018","00","010","0042","0077","571","303","268","4","575","1203","0","47.80","25.19"
"10","018","00","010","0042","0078","783","377","406","13","796","1737","0","45.83","21.70"
"10","018","00","010","0042","0080","369","200","169","4","373","864","0","43.17","23.15"
"10","018","00","010","0042","0081","435","241","194","6","441","962","0","45.84","25.05"
"10","018","00","010","0042","0082","620","312","308","6","626","1386","0","45.17","22.51"
"10","018","00","010","0042","0083","520","253","267","6","526","982","0","53.56","25.76"
"10","018","00","010","0043","0000","2303","1332","971","38","2341","5305","0","44.13","25.11"
"10","018","00","010","0043","0094","465","258","207","13","478","1065","0","44.88","24.23"
"10","018","00","010","0043","0095","434","264","170","8","442","1006","0","43.94","26.24"
"10","018","00","010","0043","0096","483","276","207","10","493","1109","0","44.45","24.89"
"10","018","00","010","0043","0097","479","286","193","3","482","1126","0","42.81","25.40"
"10","018","00","010","0043","0098","442","248","194","4","446","999","0","44.64","24.82"
"10","018","00","010","0044","0000","1992","1164","828","20","2012","4355","0","46.20","26.73"
"10","018","00","010","0044","0112","444","254","190","2","446","1165","0","38.28","21.80"
"10","018","00","010","0044","0113","540","302","238","6","546","1079","0","50.60","27.99"
"10","018","00","010","0044","0114","450","249","201","4","454","950","0","47.79","26.21"
"10","018","00","010","0044","0115","558","359","199","8","566","1161","0","48.75","30.92"
"10","018","00","010","0045","0000","2134","1303","831","27","2161","5215","0","41.44","24.99"
"10","018","00","010","0045","0107","415","275","140","9","424","1102","0","38.48","24.95"
"10","018","00","010","0045","0108","484","292","192","11","495","1204","0","41.11","24.25"
"10","018","00","010","0045","0109","414","261","153","1","415","1031","0","40.25","25.32"
"10","018","00","010","0045","0110","349","221","128","4","353","936","0","37.71","23.61"
"10","018","00","010","0045","0111","472","254","218","2","474","942","0","50.32","26.96"
"10","018","00","010","0046","0000","1954","1177","777","25","1979","4835","0","40.93","24.34"
"10","018","00","010","0046","0103","392","253","139","11","403","1117","0","36.08","22.65"
"10","018","00","010","0046","0104","529","330","199","5","534","1299","0","41.11","25.40"
"10","018","00","010","0046","0105","469","256","213","4","473","1175","0","40.26","21.79"
"10","018","00","010","0046","0106","564","338","226","5","569","1244","0","45.74","27.17"
"10","018","00","010","0047","0000","3208","1929","1279","42","3250","6299","0","51.60","30.62"
"10","018","00","010","0047","0084","518","323","195","4","522","1057","0","49.39","30.56"
"10","018","00","010","0047","0085","472","293","179","7","479","1003","0","47.76","29.21"
"10","018","00","010","0047","0086","534","301","233","11","545","1038","0","52.50","29.00"
"10","018","00","010","0047","0087","586","353","233","10","596","1142","0","52.19","30.91"
"10","018","00","010","0047","0088","465","263","202","5","470","900","0","52.22","29.22"
"10","018","00","010","0047","0089","633","396","237","5","638","1159","0","55.05","34.17"
"10","018","00","010","0048","0000","1054","567","487","20","1074","2356","0","45.59","24.07"
"10","018","00","010","0048","0033","338","172","166","8","346","764","0","45.29","22.51"
"10","018","00","010","0048","0034","352","199","153","4","356","790","0","45.06","25.19"
"10","018","00","010","0048","0035","364","196","168","8","372","802","0","46.38","24.44"
"10","018","00","010","0049","0000","1435","753","682","26","1461","3398","0","43.00","22.16"
"10","018","00","010","0049","0137","474","280","194","5","479","1080","0","44.35","25.93"
"10","018","00","010","0049","0138","444","214","230","14","458","1094","0","41.86","19.56"
"10","018","00","010","0049","0139","517","259","258","7","524","1224","0","42.81","21.16"
"10","018","00","010","0050","0000","2143","1204","939","31","2174","4960","0","43.83","24.27"
"10","018","00","010","0050","0017","506","271","235","10","516","1250","0","41.28","21.68"
"10","018","00","010","0050","0018","505","296","209","6","511","1254","0","40.75","23.60"
"10","018","00","010","0050","0019","577","327","250","10","587","1297","0","45.26","25.21"
"10","018","00","010","0050","0020","555","310","245","5","560","1159","0","48.32","26.75"
"10","018","00","010","0051","0000","844","493","351","14","858","1881","0","45.61","26.21"
"10","018","00","010","0051","0007","317","196","121","5","322","756","0","42.59","25.93"
"10","018","00","010","0051","0008","527","297","230","9","536","1125","0","47.64","26.40"
"10","018","00","010","0052","0000","1630","898","732","18","1648","3466","0","47.55","25.91"
"10","018","00","010","0052","0148","547","322","225","5","552","1196","0","46.15","26.92"
"10","018","00","010","0052","0149","563","306","257","7","570","1279","0","44.57","23.92"
"10","018","00","010","0052","0150","520","270","250","6","526","991","0","53.08","27.25"
"10","018","00","010","0053","0000","1752","1006","746","21","1773","4931","0","35.96","20.40"
"10","018","00","010","0053","0156","389","206","183","4","393","995","0","39.50","20.70"
"10","018","00","010","0053","0157","281","162","119","3","284","931","0","30.50","17.40"
"10","018","00","010","0053","0158","350","217","133","4","354","954","0","37.11","22.75"
"10","018","00","010","0053","0159","397","225","172","5","402","1162","0","34.60","19.36"
"10","018","00","010","0053","0160","335","196","139","5","340","889","0","38.25","22.05"
"10","018","00","010","0054","0000","1914","965","949","31","1945","3964","0","49.07","24.34"
"10","018","00","010","0054","0099","451","249","202","17","468","998","0","46.89","24.95"
"10","018","00","010","0054","0100","451","228","223","5","456","890","0","51.24","25.62"
"10","018","00","010","0054","0101","517","254","263","3","520","1041","0","49.95","24.40"
"10","018","00","010","0054","0102","495","234","261","6","501","1035","0","48.41","22.61"
"10","018","00","010","0055","0000","428","250","178","5","433","958","0","45.20","26.10"
"10","018","00","010","0055","0003","428","250","178","5","433","958","0","45.20","26.10"
"10","018","00","010","0056","0000","532","259","273","7","539","1175","0","45.87","22.04"
"10","018","00","010","0056","0131","532","259","273","7","539","1175","0","45.87","22.04"
"10","018","00","020","0000","0000","52956","28028","24928","719","53675","125506","152490","42.77","22.33"
"10","018","00","020","0001","0000","252","125","127","3","255","555","0","45.95","22.52"
"10","018","00","020","0001","0161","252","125","127","3","255","555","0","45.95","22.52"
"10","018","00","020","0002","0000","317","138","179","4","321","728","0","44.09","18.96"
"10","018","00","020","0002","0165","317","138","179","4","321","728","0","44.09","18.96"
"10","018","00","020","0003","0000","329","138","191","7","336","743","0","45.22","18.57"
"10","018","00","020","0003","0163","329","138","191","7","336","743","0","45.22","18.57"
"10","018","00","020","0004","0000","195","76","119","3","198","464","0","42.67","16.38"
"10","018","00","020","0004","0162","195","76","119","3","198","464","0","42.67","16.38"
"10","018","00","020","0005","0000","471","198","273","7","478","1063","0","44.97","18.63"
"10","018","00","020","0005","0166","471","198","273","7","478","1063","0","44.97","18.63"
"10","018","00","020","0007","0000","527","236","291","9","536","1170","0","45.81","20.17"
"10","018","00","020","0007","0167","527","236","291","9","536","1170","0","45.81","20.17"
"10","018","00","020","0008","0000","442","205","237","3","445","975","0","45.64","21.03"
"10","018","00","020","0008","0197","442","205","237","3","445","975","0","45.64","21.03"
"10","018","00","020","0009","0000","409","189","220","1","410","867","0","47.29","21.80"
"10","018","00","020","0009","0192","409","189","220","1","410","867","0","47.29","21.80"
"10","018","00","020","0010","0000","384","221","163","2","386","775","0","49.81","28.52"
"10","018","00","020","0010","0190","384","221","163","2","386","775","0","49.81","28.52"
"10","018","00","020","0011","0000","381","159","222","2","383","826","0","46.37","19.25"
"10","018","00","020","0011","0191","381","159","222","2","383","826","0","46.37","19.25"
"10","018","00","020","0012","0000","597","280","317","7","604","1365","0","44.25","20.51"
"10","018","00","020","0012","0195","362","164","198","5","367","793","0","46.28","20.68"
"10","018","00","020","0012","0196","235","116","119","2","237","572","0","41.43","20.28"
"10","018","00","020","0013","0000","678","330","348","8","686","1599","0","42.90","20.64"
"10","018","00","020","0013","0193","424","206","218","3","427","936","0","45.62","22.01"
"10","018","00","020","0013","0194","254","124","130","5","259","663","0","39.06","18.70"
"10","018","00","020","0014","0000","1895","897","998","24","1919","4837","0","39.67","18.54"
"10","018","00","020","0014","0198","492","234","258","5","497","1227","0","40.51","19.07"
"10","018","00","020","0014","0199","550","293","257","8","558","1261","0","44.25","23.24"
"10","018","00","020","0014","0200","402","178","224","3","405","1199","0","33.78","14.85"
"10","018","00","020","0014","0201","451","192","259","8","459","1150","0","39.91","16.70"
"10","018","00","020","0015","0000","1342","714","628","14","1356","3018","0","44.93","23.66"
"10","018","00","020","0015","0215","465","252","213","7","472","1007","0","46.87","25.02"
"10","018","00","020","0015","0216","435","231","204","4","439","1010","0","43.47","22.87"
"10","018","00","020","0015","0217","442","231","211","3","445","1001","0","44.46","23.08"
"10","018","00","020","0016","0000","1780","894","886","24","1804","4021","0","44.86","22.23"
"10","018","00","020","0016","0211","467","209","258","9","476","1113","0","42.77","18.78"
"10","018","00","020","0016","0212","464","246","218","4","468","1042","0","44.91","23.61"
"10","018","00","020","0016","0213","451","237","214","5","456","949","0","48.05","24.97"
"10","018","00","020","0016","0214","398","202","196","6","404","917","0","44.06","22.03"
"10","018","00","020","0017","0000","956","530","426","9","965","2080","0","46.39","25.48"
"10","018","00","020","0017","0218","535","294","241","8","543","1129","0","48.10","26.04"
"10","018","00","020","0017","0219","421","236","185","1","422","951","0","44.37","24.82"
"10","018","00","020","0018","0000","787","339","448","15","802","1845","0","43.47","18.37"
"10","018","00","020","0018","0262","515","230","285","8","523","1219","0","42.90","18.87"
"10","018","00","020","0018","0263","272","109","163","7","279","626","0","44.57","17.41"
"10","018","00","020","0019","0000","1719","1007","712","17","1736","3780","0","45.93","26.64"
"10","018","00","020","0019","0254","524","301","223","2","526","1156","0","45.50","26.04"
"10","018","00","020","0019","0255","548","323","225","11","559","1180","0","47.37","27.37"
"10","018","00","020","0019","0256","330","210","120","4","334","722","0","46.26","29.09"
"10","018","00","020","0019","0257","317","173","144","0","317","722","0","43.91","23.96"
"10","018","00","020","0020","0000","349","143","206","12","361","837","0","43.13","17.08"
"10","018","00","020","0020","0264","349","143","206","12","361","837","0","43.13","17.08"
"10","018","00","020","0021","0000","1283","701","582","20","1303","2741","0","47.54","25.57"
"10","018","00","020","0021","0228","385","221","164","5","390","841","0","46.37","26.28"
"10","018","00","020","0021","0229","437","231","206","11","448","886","0","50.56","26.07"
"10","018","00","020","0021","0230","461","249","212","4","465","1014","0","45.86","24.56"
"10","018","00","020","0022","0000","2627","1492","1135","25","2652","5956","0","44.53","25.05"
"10","018","00","020","0022","0239","404","225","179","4","408","869","0","46.95","25.89"
"10","018","00","020","0022","0240","361","202","159","2","363","847","0","42.86","23.85"
"10","018","00","020","0022","0241","404","222","182","4","408","863","0","47.28","25.72"
"10","018","00","020","0022","0242","377","198","179","4","381","967","0","39.40","20.48"
"10","018","00","020","0022","0243","492","252","240","1","493","1166","0","42.28","21.61"
"10","018","00","020","0022","0244","589","393","196","10","599","1244","0","48.15","31.59"
"10","018","00","020","0023","0000","2129","1718","411","29","2158","4508","0","47.87","38.11"
"10","018","00","020","0023","0250","506","410","96","7","513","1085","0","47.28","37.79"
"10","018","00","020","0023","0251","503","419","84","5","508","1122","0","45.28","37.34"
"10","018","00","020","0023","0252","580","456","124","4","584","1208","0","48.34","37.75"
"10","018","00","020","0023","0253","540","433","107","13","553","1093","0","50.59","39.62"
"10","018","00","020","0024","0000","2011","1047","964","27","2038","5777","0","35.28","18.12"
"10","018","00","020","0024","0265","508","250","258","5","513","1307","0","39.25","19.13"
"10","018","00","020","0024","0266","437","268","169","7","444","1220","0","36.39","21.97"
"10","018","00","020","0024","0267","398","189","209","2","400","1169","0","34.22","16.17"
"10","018","00","020","0024","0268","311","161","150","5","316","953","0","33.16","16.89"
"10","018","00","020","0024","0269","357","179","178","8","365","1128","0","32.36","15.87"
"10","018","00","020","0025","0000","223","117","106","4","227","574","0","39.55","20.38"
"10","018","00","020","0025","0282","223","117","106","4","227","574","0","39.55","20.38"
"10","018","00","020","0026","0000","1200","596","604","16","1216","2946","0","41.28","20.23"
"10","018","00","020","0026","0270","311","162","149","4","315","750","0","42.00","21.60"
"10","018","00","020","0026","0271","507","249","258","2","509","1282","0","39.70","19.42"
"10","018","00","020","0026","0272","382","185","197","10","392","914","0","42.89","20.24"
"10","018","00","020","0027","0000","741","324","417","18","759","1982","0","38.29","16.35"
"10","018","00","020","0027","0280","310","127","183","8","318","845","0","37.63","15.03"
"10","018","00","020","0027","0281","431","197","234","10","441","1137","0","38.79","17.33"
"10","018","00","020","0028","0000","1359","705","654","19","1378","3687","0","37.37","19.12"
"10","018","00","020","0028","0273","410","224","186","2","412","1093","0","37.69","20.49"
"10","018","00","020","0028","0274","503","229","274","12","515","1419","0","36.29","16.14"
"10","018","00","020","0028","0275","446","252","194","5","451","1175","0","38.38","21.45"
"10","018","00","020","0029","0000","1426","733","693","15","1441","4195","0","34.35","17.47"
"10","018","00","020","0029","0276","354","162","192","4","358","1068","0","33.52","15.17"
"10","018","00","020","0029","0277","331","201","130","3","334","875","0","38.17","22.97"
"10","018","00","020","0029","0278","374","201","173","2","376","1078","0","34.88","18.65"
"10","018","00","020","0029","0279","367","169","198","6","373","1174","0","31.77","14.40"
"10","018","00","020","0030","0000","701","368","333","5","706","1590","0","44.40","23.14"
"10","018","00","020","0030","0181","438","222","216","4","442","972","0","45.47","22.84"
"10","018","00","020","0030","0182","263","146","117","1","264","618","0","42.72","23.62"
"10","018","00","020","0031","0000","1494","708","786","18","1512","3409","0","44.35","20.77"
"10","018","00","020","0031","0168","457","227","230","6","463","1145","0","40.44","19.83"
"10","018","00","020","0031","0169","526","257","269","4","530","1104","0","48.01","23.28"
"10","018","00","020","0031","0170","511","224","287","8","519","1160","0","44.74","19.31"
"10","018","00","020","0032","0000","1989","1069","920","21","2010","5102","0","39.40","20.95"
"10","018","00","020","0032","0173","337","199","138","3","340","938","0","36.25","21.22"
"10","018","00","020","0032","0174","514","285","229","6","520","1165","0","44.64","24.46"
"10","018","00","020","0032","0175","356","202","154","5","361","1087","0","33.21","18.58"
"10","018","00","020","0032","0176","259","151","108","3","262","735","0","35.65","20.54"
"10","018","00","020","0032","0177","523","232","291","4","527","1177","0","44.77","19.71"
"10","018","00","020","0033","0000","1191","526","665","27","1218","2825","0","43.12","18.62"
"10","018","00","020","0033","0178","402","180","222","4","406","984","0","41.26","18.29"
"10","018","00","020","0033","0179","365","150","215","13","378","903","0","41.86","16.61"
"10","018","00","020","0033","0180","424","196","228","10","434","938","0","46.27","20.90"
"10","018","00","020","0034","0000","1492","600","892","28","1520","3409","0","44.59","17.60"
"10","018","00","020","0034","0186","486","212","274","12","498","1086","0","45.86","19.52"
"10","018","00","020","0034","0187","444","168","276","8","452","1103","0","40.98","15.23"
"10","018","00","020","0034","0188","562","220","342","8","570","1220","0","46.72","18.03"
"10","018","00","020","0036","0000","2106","1138","968","32","2138","4668","0","45.80","24.38"
"10","018","00","020","0036","0258","494","259","235","7","501","1052","0","47.62","24.62"
"10","018","00","020","0036","0259","517","270","247","11","528","1140","0","46.32","23.68"
"10","018","00","020","0036","0260","569","318","251","8","577","1209","0","47.73","26.30"
"10","018","00","020","0036","0261","526","291","235","6","532","1267","0","41.99","22.97"
"10","018","00","020","0037","0000","2313","1145","1168","32","2345","5381","0","43.58","21.28"
"10","018","00","020","0037","0202","446","214","232","2","448","1048","0","42.75","20.42"
"10","018","00","020","0037","0203","460","202","258","2","462","1019","0","45.34","19.82"
"10","018","00","020","0037","0204","478","240","238","6","484","1106","0","43.76","21.70"
"10","018","00","020","0037","0205","499","276","223","9","508","1188","0","42.76","23.23"
"10","018","00","020","0037","0206","430","213","217","13","443","1020","0","43.43","20.88"
"10","018","00","020","0038","0000","1653","798","855","31","1684","4426","0","38.05","18.03"
"10","018","00","020","0038","0207","415","194","221","10","425","1145","0","37.12","16.94"
"10","018","00","020","0038","0208","400","208","192","10","410","1074","0","38.18","19.37"
"10","018","00","020","0038","0209","416","172","244","2","418","1141","0","36.63","15.07"
"10","018","00","020","0038","0210","422","224","198","9","431","1066","0","40.43","21.01"
"10","018","00","020","0039","0000","1496","827","669","12","1508","4165","0","36.21","19.86"
"10","018","00","020","0039","0220","240","125","115","2","242","1264","0","19.15","9.89"
"10","018","00","020","0039","0221","425","226","199","1","426","887","0","48.03","25.48"
"10","018","00","020","0039","0222","403","236","167","4","407","1031","0","39.48","22.89"
"10","018","00","020","0039","0223","428","240","188","5","433","983","0","44.05","24.42"
"10","018","00","020","0040","0000","2170","1165","1005","38","2208","4801","0","45.99","24.27"
"10","018","00","020","0040","0224","472","248","224","5","477","1165","0","40.94","21.29"
"10","018","00","020","0040","0225","553","278","275","16","569","1221","0","46.60","22.77"
"10","018","00","020","0040","0226","565","305","260","7","572","1127","0","50.75","27.06"
"10","018","00","020","0040","0227","580","334","246","10","590","1288","0","45.81","25.93"
"10","018","00","020","0041","0000","2409","1363","1046","26","2435","5732","0","42.48","23.78"
"10","018","00","020","0041","0245","467","245","222","2","469","1175","0","39.91","20.85"
"10","018","00","020","0041","0246","470","267","203","7","477","1166","0","40.91","22.90"
"10","018","00","020","0041","0247","485","298","187","7","492","1124","0","43.77","26.51"
"10","018","00","020","0041","0248","519","301","218","7","526","1182","0","44.50","25.47"
"10","018","00","020","0041","0249","468","252","216","3","471","1085","0","43.41","23.23"
"10","018","00","020","0042","0000","2963","1725","1238","39","3002","6577","0","45.64","26.23"
"10","018","00","020","0042","0233","497","238","259","6","503","1166","0","43.14","20.41"
"10","018","00","020","0042","0234","429","243","186","9","438","1040","0","42.12","23.37"
"10","018","00","020","0042","0235","508","310","198","7","515","1087","0","47.38","28.52"
"10","018","00","020","0042","0236","479","294","185","2","481","1041","0","46.21","28.24"
"10","018","00","020","0042","0237","506","308","198","9","515","1118","0","46.06","27.55"
"10","018","00","020","0042","0238","544","332","212","6","550","1125","0","48.89","29.51"
"10","018","00","020","0043","0000","1314","656","658","22","1336","2938","0","45.47","22.33"
"10","018","00","020","0043","0231","640","281","359","12","652","1461","0","44.63","19.23"
"10","018","00","020","0043","0232","674","375","299","10","684","1477","0","46.31","25.39"
"10","018","00","020","0044","0000","600","316","284","8","608","1564","0","38.87","20.20"
"10","018","00","020","0044","0171","307","165","142","4","311","829","0","37.52","19.90"
"10","018","00","020","0044","0172","293","151","142","4","297","735","0","40.41","20.54"
"10","018","00","020","0045","0000","1556","1046","510","24","1580","3326","0","47.50","31.45"
"10","018","00","020","0045","0183","625","510","115","6","631","1219","0","51.76","41.84"
"10","018","00","020","0045","0184","445","254","191","10","455","1113","0","40.88","22.82"
"10","018","00","020","0045","0185","486","282","204","8","494","994","0","49.70","28.37"
"10","018","00","020","0046","0000","336","150","186","6","342","684","0","50.00","21.93"
"10","018","00","020","0046","0164","336","150","186","6","342","684","0","50.00","21.93"
"10","018","00","020","0047","0000","364","176","188","6","370","995","0","37.19","17.69"
"10","018","00","020","0047","0189","364","176","188","6","370","995","0","37.19","17.69"
"10","018","00","030","0000","0000","25551","12589","12962","409","25960","66397","78776","39.10","18.96"
"10","018","00","030","0001","0000","1042","395","647","16","1058","2715","0","38.97","14.55"
"10","018","00","030","0001","0313","333","130","203","5","338","857","0","39.44","15.17"
"10","018","00","030","0001","0314","367","136","231","6","373","930","0","40.11","14.62"
"10","018","00","030","0001","0315","342","129","213","5","347","928","0","37.39","13.90"
"10","018","00","030","0002","0000","2066","933","1133","39","2105","5496","0","38.30","16.98"
"10","018","00","030","0002","0308","360","162","198","5","365","1057","0","34.53","15.33"
"10","018","00","030","0002","0309","346","146","200","4","350","925","0","37.84","15.78"
"10","018","00","030","0002","0310","468","240","228","7","475","1310","0","36.26","18.32"
"10","018","00","030","0002","0311","376","163","213","11","387","982","0","39.41","16.60"
"10","018","00","030","0002","0312","516","222","294","12","528","1222","0","43.21","18.17"
"10","018","00","030","0003","0000","903","438","465","11","914","2275","0","40.18","19.25"
"10","018","00","030","0003","0306","356","174","182","4","360","935","0","38.50","18.61"
"10","018","00","030","0003","0307","547","264","283","7","554","1340","0","41.34","19.70"
"10","018","00","030","0004","0000","821","336","485","14","835","2355","0","35.46","14.27"
"10","018","00","030","0004","0304","406","175","231","4","410","1212","0","33.83","14.44"
"10","018","00","030","0004","0305","415","161","254","10","425","1143","0","37.18","14.09"
"10","018","00","030","0005","0000","907","326","581","14","921","2096","0","43.94","15.55"
"10","018","00","030","0005","0302","469","155","314","7","476","1143","0","41.64","13.56"
"10","018","00","030","0005","0303","438","171","267","7","445","953","0","46.69","17.94"
"10","018","00","030","0006","0000","1305","579","726","19","1324","3186","0","41.56","18.17"
"10","018","00","030","0006","0299","450","212","238","2","452","1122","0","40.29","18.89"
"10","018","00","030","0006","0300","368","173","195","9","377","862","0","43.74","20.07"
"10","018","00","030","0006","0301","487","194","293","8","495","1202","0","41.18","16.14"
"10","018","00","030","0007","0000","1275","658","617","17","1292","2869","0","45.03","22.93"
"10","018","00","030","0007","0292","418","203","215","9","427","892","0","47.87","22.76"
"10","018","00","030","0007","0293","467","240","227","7","474","1093","0","43.37","21.96"
"10","018","00","030","0007","0294","390","215","175","1","391","884","0","44.23","24.32"
"10","018","00","030","0008","0000","1717","901","816","24","1741","4595","0","37.89","19.61"
"10","018","00","030","0008","0295","464","218","246","5","469","1134","0","41.36","19.22"
"10","018","00","030","0008","0296","407","202","205","7","414","1141","0","36.28","17.70"
"10","018","00","030","0008","0297","378","218","160","5","383","1182","0","32.40","18.44"
"10","018","00","030","0008","0298","468","263","205","7","475","1138","0","41.74","23.11"
"10","018","00","030","0009","0000","1951","1044","907","30","1981","5017","0","39.49","20.81"
"10","018","00","030","0009","0283","430","225","205","9","439","990","0","44.34","22.73"
"10","018","00","030","0009","0284","350","188","162","9","359","943","0","38.07","19.94"
"10","018","00","030","0009","0285","346","206","140","1","347","968","0","35.85","21.28"
"10","018","00","030","0009","0286","416","211","205","7","423","1030","0","41.07","20.49"
"10","018","00","030","0009","0287","409","214","195","4","413","1086","0","38.03","19.71"
"10","018","00","030","0010","0000","1806","1054","752","31","1837","4051","0","45.35","26.02"
"10","018","00","030","0010","0316","326","175","151","6","332","815","0","40.74","21.47"
"10","018","00","030","0010","0317","553","337","216","8","561","1053","0","53.28","32.00"
"10","018","00","030","0010","0318","377","226","151","3","380","951","0","39.96","23.76"
"10","018","00","030","0010","0319","550","316","234","14","564","1232","0","45.78","25.65"
"10","018","00","030","0011","0000","1409","791","618","18","1427","3559","0","40.10","22.23"
"10","018","00","030","0011","0320","422","215","207","7","429","1215","0","35.31","17.70"
"10","018","00","030","0011","0321","470","266","204","5","475","1156","0","41.09","23.01"
"10","018","00","030","0011","0322","517","310","207","6","523","1188","0","44.02","26.09"
"10","018","00","030","0012","0000","1574","776","798","23","1597","4357","0","36.65","17.81"
"10","018","00","030","0012","0323","437","218","219","2","439","1176","0","37.33","18.54"
"10","018","00","030","0012","0324","371","165","206","4","375","1025","0","36.59","16.10"
"10","018","00","030","0012","0325","389","195","194","8","397","1146","0","34.64","17.02"
"10","018","00","030","0012","0326","377","198","179","9","386","1010","0","38.22","19.60"
"10","018","00","030","0013","0000","1065","448","617","17","1082","2843","0","38.06","15.76"
"10","018","00","030","0013","0327","435","182","253","7","442","1042","0","42.42","17.47"
"10","018","00","030","0013","0328","335","138","197","4","339","897","0","37.79","15.38"
"10","018","00","030","0013","0329","295","128","167","6","301","904","0","33.30","14.16"
"10","018","00","030","0014","0000","430","162","268","6","436","1121","0","38.89","14.45"
"10","018","00","030","0014","0330","430","162","268","6","436","1121","0","38.89","14.45"
"10","018","00","030","0015","0000","771","373","398","11","782","2151","0","36.36","17.34"
"10","018","00","030","0015","0331","407","217","190","5","412","1131","0","36.43","19.19"
"10","018","00","030","0015","0332","364","156","208","6","370","1020","0","36.27","15.29"
"10","018","00","030","0016","0000","874","461","413","16","890","2366","0","37.62","19.48"
"10","018","00","030","0016","0333","405","186","219","7","412","1245","0","33.09","14.94"
"10","018","00","030","0016","0334","469","275","194","9","478","1121","0","42.64","24.53"
"10","018","00","030","0017","0000","272","152","120","5","277","924","0","29.98","16.45"
"10","018","00","030","0017","0346","272","152","120","5","277","924","0","29.98","16.45"
"10","018","00","030","0018","0000","327","165","162","6","333","862","0","38.63","19.14"
"10","018","00","030","0018","0345","327","165","162","6","333","862","0","38.63","19.14"
"10","018","00","030","0019","0000","299","166","133","4","303","770","0","39.35","21.56"
"10","018","00","030","0019","0344","299","166","133","4","303","770","0","39.35","21.56"
"10","018","00","030","0020","0000","627","362","265","10","637","1828","0","34.85","19.80"
"10","018","00","030","0020","0342","275","154","121","1","276","718","0","38.44","21.45"
"10","018","00","030","0020","0343","352","208","144","9","361","1110","0","32.52","18.74"
"10","018","00","030","0021","0000","1470","737","733","32","1502","4280","0","35.09","17.22"
"10","018","00","030","0021","0337","426","246","180","3","429","1083","0","39.61","22.71"
"10","018","00","030","0021","0338","289","152","137","5","294","974","0","30.18","15.61"
"10","018","00","030","0021","0339","421","183","238","13","434","1239","0","35.03","14.77"
"10","018","00","030","0021","0340","334","156","178","11","345","984","0","35.06","15.85"
"10","018","00","030","0022","0000","550","263","287","9","559","1479","0","37.80","17.78"
"10","018","00","030","0022","0335","323","159","164","8","331","863","0","38.35","18.42"
"10","018","00","030","0022","0336","227","104","123","1","228","616","0","37.01","16.88"
"10","018","00","030","0023","0000","336","132","204","5","341","792","0","43.06","16.67"
"10","018","00","030","0023","0341","336","132","204","5","341","792","0","43.06","16.67"
"10","018","00","030","0024","0000","1754","937","817","32","1786","4410","0","40.50","21.25"
"10","018","00","030","0024","0288","338","161","177","6","344","789","0","43.60","20.41"
"10","018","00","030","0024","0289","498","267","231","9","507","1240","0","40.89","21.53"
"10","018","00","030","0024","0290","493","284","209","7","500","1222","0","40.92","23.24"
"10","018","00","030","0024","0291","425","225","200","10","435","1159","0","37.53","19.41"
"10","020","00","000","0000","0000","92181","40681","51500","747","92928","221038","264721","42.04","18.40"
"10","020","00","010","0000","0000","42391","19651","22740","319","42710","100157","119170","42.64","19.62"
"10","020","00","010","0001","0000","1751","726","1025","9","1760","4525","0","38.90","16.04"
"10","020","00","010","0001","0086","527","166","361","5","532","1289","0","41.27","12.88"
"10","020","00","010","0001","0087","386","178","208","2","388","983","0","39.47","18.11"
"10","020","00","010","0001","0088","404","194","210","2","406","1142","0","35.55","16.99"
"10","020","00","010","0001","0089","434","188","246","0","434","1111","0","39.06","16.92"
"10","020","00","010","0002","0000","1362","593","769","11","1373","3379","0","40.63","17.55"
"10","020","00","010","0002","0083","441","181","260","7","448","1094","0","40.95","16.54"
"10","020","00","010","0002","0084","504","229","275","2","506","1209","0","41.85","18.94"
"10","020","00","010","0002","0085","417","183","234","2","419","1076","0","38.94","17.01"
"10","020","00","010","0003","0000","1180","556","624","9","1189","2803","0","42.42","19.84"
"10","020","00","010","0003","0081","570","259","311","3","573","1364","0","42.01","18.99"
"10","020","00","010","0003","0082","610","297","313","6","616","1439","0","42.81","20.64"
"10","020","00","010","0004","0000","1319","645","674","9","1328","3208","0","41.40","20.11"
"10","020","00","010","0004","0074","383","183","200","2","385","1014","0","37.97","18.05"
"10","020","00","010","0004","0075","500","258","242","3","503","1128","0","44.59","22.87"
"10","020","00","010","0004","0076","436","204","232","4","440","1066","0","41.28","19.14"
"10","020","00","010","0005","0000","901","457","444","7","908","2125","0","42.73","21.51"
"10","020","00","010","0005","0077","479","227","252","6","485","1177","0","41.21","19.29"
"10","020","00","010","0005","0078","422","230","192","1","423","948","0","44.62","24.26"
"10","020","00","010","0034","0000","1767","974","793","15","1782","4239","0","42.04","22.98"
"10","020","00","010","0034","0024","482","308","174","5","487","1231","0","39.56","25.02"
"10","020","00","010","0034","0025","554","323","231","5","559","1270","0","44.02","25.43"
"10","020","00","010","0034","0026","355","177","178","4","359","861","0","41.70","20.56"
"10","020","00","010","0034","0027","376","166","210","1","377","877","0","42.99","18.93"
"10","020","00","010","0035","0000","1847","929","918","19","1866","4140","0","45.07","22.44"
"10","020","00","010","0035","0020","480","230","250","4","484","1062","0","45.57","21.66"
"10","020","00","010","0035","0021","492","260","232","4","496","1170","0","42.39","22.22"
"10","020","00","010","0035","0022","420","211","209","3","423","907","0","46.64","23.26"
"10","020","00","010","0035","0023","455","228","227","8","463","1001","0","46.25","22.78"
"10","020","00","010","0036","0000","1695","865","830","14","1709","3945","0","43.32","21.93"
"10","020","00","010","0036","0017","551","234","317","10","561","1433","0","39.15","16.33"
"10","020","00","010","0036","0018","511","262","249","2","513","1055","0","48.63","24.83"
"10","020","00","010","0036","0019","633","369","264","2","635","1457","0","43.58","25.33"
"10","020","00","010","0037","0000","1054","538","516","10","1064","2249","0","47.31","23.92"
"10","020","00","010","0037","0013","535","278","257","4","539","1144","0","47.12","24.30"
"10","020","00","010","0037","0014","519","260","259","6","525","1105","0","47.51","23.53"
"10","020","00","010","0038","0000","805","430","375","4","809","1740","0","46.49","24.71"
"10","020","00","010","0038","0005","339","180","159","3","342","683","0","50.07","26.35"
"10","020","00","010","0038","0006","466","250","216","1","467","1057","0","44.18","23.65"
"10","020","00","010","0039","0000","1782","906","876","10","1792","4209","0","42.58","21.53"
"10","020","00","010","0039","0030","572","314","258","9","581","1472","0","39.47","21.33"
"10","020","00","010","0039","0031","615","298","317","1","616","1352","0","45.56","22.04"
"10","020","00","010","0039","0032","595","294","301","0","595","1385","0","42.96","21.23"
"10","020","00","010","0041","0000","803","369","434","5","808","1933","0","41.80","19.09"
"10","020","00","010","0041","0008","370","159","211","2","372","923","0","40.30","17.23"
"10","020","00","010","0041","0009","433","210","223","3","436","1010","0","43.17","20.79"
"10","020","00","010","0042","0000","381","163","218","1","382","1058","0","36.11","15.41"
"10","020","00","010","0042","0007","381","163","218","1","382","1058","0","36.11","15.41"
"10","020","00","010","0043","0000","1293","611","682","10","1303","2882","0","45.21","21.20"
"10","020","00","010","0043","0015","667","318","349","5","672","1496","0","44.92","21.26"
"10","020","00","010","0043","0016","626","293","333","5","631","1386","0","45.53","21.14"
"10","020","00","010","0044","0000","1083","539","544","6","1089","2346","0","46.42","22.98"
"10","020","00","010","0044","0001","457","217","240","2","459","1021","0","44.96","21.25"
"10","020","00","010","0044","0002","626","322","304","4","630","1325","0","47.55","24.30"
"10","020","00","010","0045","0000","847","400","447","9","856","1953","0","43.83","20.48"
"10","020","00","010","0045","0045","371","179","192","5","376","895","0","42.01","20.00"
"10","020","00","010","0045","0046","476","221","255","4","480","1058","0","45.37","20.89"
"10","020","00","010","0046","0000","493","196","297","4","497","1241","0","40.05","15.79"
"10","020","00","010","0046","0047","493","196","297","4","497","1241","0","40.05","15.79"
"10","020","00","010","0047","0000","639","233","406","3","642","1578","0","40.68","14.77"
"10","020","00","010","0047","0048","364","133","231","3","367","804","0","45.65","16.54"
"10","020","00","010","0047","0049","275","100","175","0","275","774","0","35.53","12.92"
"10","020","00","010","0048","0000","515","214","301","5","520","1231","0","42.24","17.38"
"10","020","00","010","0048","0050","515","214","301","5","520","1231","0","42.24","17.38"
"10","020","00","010","0049","0000","1300","560","740","10","1310","3435","0","38.14","16.30"
"10","020","00","010","0049","0051","433","169","264","3","436","1031","0","42.29","16.39"
"10","020","00","010","0049","0052","437","218","219","3","440","1306","0","33.69","16.69"
"10","020","00","010","0049","0053","430","173","257","4","434","1098","0","39.53","15.76"
"10","020","00","010","0050","0000","949","420","529","7","956","2160","0","44.26","19.44"
"10","020","00","010","0050","0054","439","223","216","3","442","1021","0","43.29","21.84"
"10","020","00","010","0050","0055","510","197","313","4","514","1139","0","45.13","17.30"
"10","020","00","010","0051","0000","1066","445","621","10","1076","2474","0","43.49","17.99"
"10","020","00","010","0051","0056","514","205","309","6","520","1246","0","41.73","16.45"
"10","020","00","010","0051","0057","552","240","312","4","556","1228","0","45.28","19.54"
"10","020","00","010","0052","0000","1126","488","638","11","1137","2693","0","42.22","18.12"
"10","020","00","010","0052","0058","600","258","342","6","606","1409","0","43.01","18.31"
"10","020","00","010","0052","0059","526","230","296","5","531","1284","0","41.36","17.91"
"10","020","00","010","0053","0000","1161","526","635","11","1172","2905","0","40.34","18.11"
"10","020","00","010","0053","0065","424","167","257","4","428","1179","0","36.30","14.16"
"10","020","00","010","0053","0066","737","359","378","7","744","1726","0","43.11","20.80"
"10","020","00","010","0054","0000","1528","722","806","8","1536","3865","0","39.74","18.68"
"10","020","00","010","0054","0062","473","192","281","2","475","1141","0","41.63","16.83"
"10","020","00","010","0054","0063","460","220","240","1","461","1198","0","38.48","18.36"
"10","020","00","010","0054","0064","595","310","285","5","600","1526","0","39.32","20.31"
"10","020","00","010","0055","0000","1518","729","789","11","1529","3606","0","42.40","20.22"
"10","020","00","010","0055","0067","492","221","271","3","495","1173","0","42.20","18.84"
"10","020","00","010","0055","0068","568","304","264","5","573","1272","0","45.05","23.90"
"10","020","00","010","0055","0069","458","204","254","3","461","1161","0","39.71","17.57"
"10","020","00","010","0056","0000","905","376","529","5","910","1993","0","45.66","18.87"
"10","020","00","010","0056","0043","464","192","272","2","466","996","0","46.79","19.28"
"10","020","00","010","0056","0044","441","184","257","3","444","997","0","44.53","18.46"
"10","020","00","010","0057","0000","662","280","382","7","669","1684","0","39.73","16.63"
"10","020","00","010","0057","0041","391","179","212","5","396","902","0","43.90","19.84"
"10","020","00","010","0057","0042","271","101","170","2","273","782","0","34.91","12.92"
"10","020","00","010","0058","0000","843","335","508","9","852","1923","0","44.31","17.42"
"10","020","00","010","0058","0039","419","140","279","4","423","912","0","46.38","15.35"
"10","020","00","010","0058","0040","424","195","229","5","429","1011","0","42.43","19.29"
"10","020","00","010","0059","0000","800","336","464","10","810","1928","0","42.01","17.43"
"10","020","00","010","0059","0035","379","174","205","2","381","906","0","42.05","19.21"
"10","020","00","010","0059","0036","421","162","259","8","429","1022","0","41.98","15.85"
"10","020","00","010","0060","0000","849","355","494","6","855","1797","0","47.58","19.76"
"10","020","00","010","0060","0033","404","208","196","3","407","890","0","45.73","23.37"
"10","020","00","010","0060","0034","445","147","298","3","448","907","0","49.39","16.21"
"10","020","00","010","0061","0000","900","449","451","7","907","1852","0","48.97","24.24"
"10","020","00","010","0061","0028","546","282","264","6","552","1166","0","47.34","24.19"
"10","020","00","010","0061","0029","354","167","187","1","355","686","0","51.75","24.34"
"10","020","00","010","0062","0000","994","384","610","7","1001","2130","0","47.00","18.03"
"10","020","00","010","0062","0037","492","195","297","3","495","1125","0","44.00","17.33"
"10","020","00","010","0062","0038","502","189","313","4","506","1005","0","50.35","18.81"
"10","020","00","010","0063","0000","973","407","566","2","975","2284","0","42.69","17.82"
"10","020","00","010","0063","0072","583","244","339","0","583","1312","0","44.44","18.60"
"10","020","00","010","0063","0073","390","163","227","2","392","972","0","40.33","16.77"
"10","020","00","010","0064","0000","952","380","572","12","964","2085","0","46.24","18.23"
"10","020","00","010","0064","0070","461","185","276","9","470","1097","0","42.84","16.86"
"10","020","00","010","0064","0071","491","195","296","3","494","988","0","50.00","19.74"
"10","020","00","010","0065","0000","909","448","461","5","914","2195","0","41.64","20.41"
"10","020","00","010","0065","0003","376","187","189","1","377","1015","0","37.14","18.42"
"10","020","00","010","0065","0004","533","261","272","4","537","1180","0","45.51","22.12"
"10","020","00","010","0066","0000","1620","844","776","12","1632","3695","0","44.17","22.84"
"10","020","00","010","0066","0010","578","291","287","7","585","1290","0","45.35","22.56"
"10","020","00","010","0066","0011","528","271","257","4","532","1221","0","43.57","22.19"
"10","020","00","010","0066","0012","514","282","232","1","515","1184","0","43.50","23.82"
"10","020","00","010","0067","0000","779","365","414","4","783","1950","0","40.15","18.72"
"10","020","00","010","0067","0060","376","181","195","2","378","963","0","39.25","18.80"
"10","020","00","010","0067","0061","403","184","219","2","405","987","0","41.03","18.64"
"10","020","00","010","0068","0000","1040","458","582","5","1045","2719","0","38.43","16.84"
"10","020","00","010","0068","0079","544","237","307","5","549","1354","0","40.55","17.50"
"10","020","00","010","0068","0080","496","221","275","0","496","1365","0","36.34","16.19"
"10","020","00","020","0000","0000","49790","21030","28760","428","50218","120881","145551","41.54","17.40"
"10","020","00","020","0001","0000","302","127","175","3","305","819","0","37.24","15.51"
"10","020","00","020","0001","0164","302","127","175","3","305","819","0","37.24","15.51"
"10","020","00","020","0002","0000","807","297","510","3","810","2045","0","39.61","14.52"
"10","020","00","020","0002","0169","384","123","261","1","385","1001","0","38.46","12.29"
"10","020","00","020","0002","0170","423","174","249","2","425","1044","0","40.71","16.67"
"10","020","00","020","0003","0000","1022","378","644","9","1031","2205","0","46.76","17.14"
"10","020","00","020","0003","0160","500","182","318","6","506","1127","0","44.90","16.15"
"10","020","00","020","0003","0161","522","196","326","3","525","1078","0","48.70","18.18"
"10","020","00","020","0005","0000","764","297","467","11","775","1945","0","39.85","15.27"
"10","020","00","020","0005","0165","408","174","234","3","411","1104","0","37.23","15.76"
"10","020","00","020","0005","0166","356","123","233","8","364","841","0","43.28","14.63"
"10","020","00","020","0009","0000","1735","713","1022","19","1754","4451","0","39.41","16.02"
"10","020","00","020","0009","0171","543","237","306","6","549","1473","0","37.27","16.09"
"10","020","00","020","0009","0172","612","235","377","9","621","1523","0","40.77","15.43"
"10","020","00","020","0009","0173","580","241","339","4","584","1455","0","40.14","16.56"
"10","020","00","020","0010","0000","1742","599","1143","16","1758","4153","0","42.33","14.42"
"10","020","00","020","0010","0180","610","207","403","4","614","1390","0","44.17","14.89"
"10","020","00","020","0010","0181","532","183","349","9","541","1379","0","39.23","13.27"
"10","020","00","020","0010","0182","600","209","391","3","603","1384","0","43.57","15.10"
"10","020","00","020","0011","0000","1299","541","758","12","1311","3225","0","40.65","16.78"
"10","020","00","020","0011","0177","689","287","402","6","695","1654","0","42.02","17.35"
"10","020","00","020","0011","0178","610","254","356","6","616","1571","0","39.21","16.17"
"10","020","00","020","0012","0000","1175","456","719","6","1181","2954","0","39.98","15.44"
"10","020","00","020","0012","0187","621","250","371","3","624","1562","0","39.95","16.01"
"10","020","00","020","0012","0188","554","206","348","3","557","1392","0","40.01","14.80"
"10","020","00","020","0013","0000","593","232","361","7","600","1556","0","38.56","14.91"
"10","020","00","020","0013","0189","593","232","361","7","600","1556","0","38.56","14.91"
"10","020","00","020","0014","0000","428","182","246","5","433","1125","0","38.49","16.18"
"10","020","00","020","0014","0186","428","182","246","5","433","1125","0","38.49","16.18"
"10","020","00","020","0015","0000","819","291","528","5","824","2143","0","38.45","13.58"
"10","020","00","020","0015","0101","405","157","248","2","407","1040","0","39.13","15.10"
"10","020","00","020","0015","0102","414","134","280","3","417","1103","0","37.81","12.15"
"10","020","00","020","0016","0000","1615","698","917","18","1633","4114","0","39.69","16.97"
"10","020","00","020","0016","0106","497","192","305","9","506","1158","0","43.70","16.58"
"10","020","00","020","0016","0107","511","218","293","2","513","1263","0","40.62","17.26"
"10","020","00","020","0016","0108","607","288","319","7","614","1693","0","36.27","17.01"
"10","020","00","020","0017","0000","1339","539","800","13","1352","3239","0","41.74","16.64"
"10","020","00","020","0017","0119","446","154","292","6","452","1048","0","43.13","14.69"
"10","020","00","020","0017","0120","456","210","246","4","460","1088","0","42.28","19.30"
"10","020","00","020","0017","0121","437","175","262","3","440","1103","0","39.89","15.87"
"10","020","00","020","0018","0000","1388","548","840","16","1404","3497","0","40.15","15.67"
"10","020","00","020","0018","0103","437","155","282","4","441","1023","0","43.11","15.15"
"10","020","00","020","0018","0104","470","188","282","5","475","1182","0","40.19","15.91"
"10","020","00","020","0018","0105","481","205","276","7","488","1292","0","37.77","15.87"
"10","020","00","020","0019","0000","1355","614","741","10","1365","3363","0","40.59","18.26"
"10","020","00","020","0019","0114","399","198","201","2","401","987","0","40.63","20.06"
"10","020","00","020","0019","0115","467","206","261","5","472","1128","0","41.84","18.26"
"10","020","00","020","0019","0116","489","210","279","3","492","1248","0","39.42","16.83"
"10","020","00","020","0020","0000","755","302","453","4","759","1847","0","41.09","16.35"
"10","020","00","020","0020","0117","411","161","250","1","412","970","0","42.47","16.60"
"10","020","00","020","0020","0118","344","141","203","3","347","877","0","39.57","16.08"
"10","020","00","020","0021","0000","2651","1228","1423","22","2673","6843","0","39.06","17.95"
"10","020","00","020","0021","0122","563","257","306","3","566","1437","0","39.39","17.88"
"10","020","00","020","0021","0123","492","224","268","3","495","1253","0","39.51","17.88"
"10","020","00","020","0021","0124","552","263","289","3","555","1460","0","38.01","18.01"
"10","020","00","020","0021","0125","478","228","250","4","482","1255","0","38.41","18.17"
"10","020","00","020","0021","0126","566","256","310","9","575","1438","0","39.99","17.80"
"10","020","00","020","0022","0000","793","323","470","10","803","2010","0","39.95","16.07"
"10","020","00","020","0022","0112","402","161","241","6","408","970","0","42.06","16.60"
"10","020","00","020","0022","0113","391","162","229","4","395","1040","0","37.98","15.58"
"10","020","00","020","0031","0000","866","384","482","12","878","1889","0","46.48","20.33"
"10","020","00","020","0031","0090","392","171","221","5","397","859","0","46.22","19.91"
"10","020","00","020","0031","0091","474","213","261","7","481","1030","0","46.70","20.68"
"10","020","00","020","0045","0000","774","446","328","2","776","1615","0","48.05","27.62"
"10","020","00","020","0045","0151","347","127","220","1","348","755","0","46.09","16.82"
"10","020","00","020","0045","0152","427","319","108","1","428","860","0","49.77","37.09"
"10","020","00","020","0046","0000","678","279","399","13","691","1915","0","36.08","14.57"
"10","020","00","020","0046","0149","348","138","210","4","352","926","0","38.01","14.90"
"10","020","00","020","0046","0150","330","141","189","9","339","989","0","34.28","14.26"
"10","020","00","020","0047","0000","2344","1013","1331","13","2357","5748","0","41.01","17.62"
"10","020","00","020","0047","0145","608","262","346","4","612","1547","0","39.56","16.94"
"10","020","00","020","0047","0146","509","205","304","1","510","1297","0","39.32","15.81"
"10","020","00","020","0047","0147","600","278","322","4","604","1334","0","45.28","20.84"
"10","020","00","020","0047","0148","627","268","359","4","631","1570","0","40.19","17.07"
"10","020","00","020","0048","0000","2120","947","1173","16","2136","5437","0","39.29","17.42"
"10","020","00","020","0048","0141","534","259","275","3","537","1169","0","45.94","22.16"
"10","020","00","020","0048","0142","546","216","330","4","550","1279","0","43.00","16.89"
"10","020","00","020","0048","0143","508","217","291","5","513","1601","0","32.04","13.55"
"10","020","00","020","0048","0144","532","255","277","4","536","1388","0","38.62","18.37"
"10","020","00","020","0049","0000","1765","669","1096","9","1774","4510","0","39.33","14.83"
"10","020","00","020","0049","0131","527","202","325","2","529","1464","0","36.13","13.80"
"10","020","00","020","0049","0132","575","199","376","2","577","1405","0","41.07","14.16"
"10","020","00","020","0049","0133","663","268","395","5","668","1641","0","40.71","16.33"
"10","020","00","020","0050","0000","1530","656","874","11","1541","3560","0","43.29","18.43"
"10","020","00","020","0050","0128","340","106","234","4","344","898","0","38.31","11.80"
"10","020","00","020","0050","0129","703","313","390","3","706","1550","0","45.55","20.19"
"10","020","00","020","0050","0130","487","237","250","4","491","1112","0","44.15","21.31"
"10","020","00","020","0051","0000","775","306","469","5","780","1726","0","45.19","17.73"
"10","020","00","020","0051","0153","423","169","254","2","425","915","0","46.45","18.47"
"10","020","00","020","0051","0154","352","137","215","3","355","811","0","43.77","16.89"
"10","020","00","020","0052","0000","810","608","202","13","823","1739","0","47.33","34.96"
"10","020","00","020","0052","0155","406","298","108","9","415","868","0","47.81","34.33"
"10","020","00","020","0052","0156","404","310","94","4","408","871","0","46.84","35.59"
"10","020","00","020","0053","0000","2155","976","1179","26","2181","5111","0","42.67","19.10"
"10","020","00","020","0053","0137","485","200","285","7","492","1185","0","41.52","16.88"
"10","020","00","020","0053","0138","568","262","306","10","578","1319","0","43.82","19.86"
"10","020","00","020","0053","0139","599","265","334","6","605","1464","0","41.33","18.10"
"10","020","00","020","0053","0140","503","249","254","3","506","1143","0","44.27","21.78"
"10","020","00","020","0054","0000","653","496","157","4","657","1383","0","47.51","35.86"
"10","020","00","020","0054","0157","653","496","157","4","657","1383","0","47.51","35.86"
"10","020","00","020","0055","0000","698","313","385","5","703","1622","0","43.34","19.30"
"10","020","00","020","0055","0127","698","313","385","5","703","1622","0","43.34","19.30"
"10","020","00","020","0056","0000","777","324","453","4","781","1864","0","41.90","17.38"
"10","020","00","020","0056","0092","370","150","220","4","374","951","0","39.33","15.77"
"10","020","00","020","0056","0093","407","174","233","0","407","913","0","44.58","19.06"
"10","020","00","020","0057","0000","732","238","494","7","739","1627","0","45.42","14.63"
"10","020","00","020","0057","0094","732","238","494","7","739","1627","0","45.42","14.63"
"10","020","00","020","0058","0000","1025","399","626","7","1032","2211","0","46.68","18.05"
"10","020","00","020","0058","0095","546","240","306","4","550","1200","0","45.83","20.00"
"10","020","00","020","0058","0096","479","159","320","3","482","1011","0","47.68","15.73"
"10","020","00","020","0059","0000","1005","371","634","6","1011","2209","0","45.77","16.79"
"10","020","00","020","0059","0097","480","166","314","1","481","1109","0","43.37","14.97"
"10","020","00","020","0059","0098","525","205","320","5","530","1100","0","48.18","18.64"
"10","020","00","020","0060","0000","549","236","313","2","551","1253","0","43.97","18.83"
"10","020","00","020","0060","0100","549","236","313","2","551","1253","0","43.97","18.83"
"10","020","00","020","0061","0000","636","241","395","9","645","1355","0","47.60","17.79"
"10","020","00","020","0061","0099","636","241","395","9","645","1355","0","47.60","17.79"
"10","020","00","020","0062","0000","685","276","409","9","694","1512","0","45.90","18.25"
"10","020","00","020","0062","0158","329","120","209","4","333","719","0","46.31","16.69"
"10","020","00","020","0062","0159","356","156","200","5","361","793","0","45.52","19.67"
"10","020","00","020","0063","0000","633","235","398","8","641","1521","0","42.14","15.45"
"10","020","00","020","0063","0162","317","127","190","5","322","743","0","43.34","17.09"
"10","020","00","020","0063","0163","316","108","208","3","319","778","0","41.00","13.88"
"10","020","00","020","0064","0000","806","290","516","5","811","2042","0","39.72","14.20"
"10","020","00","020","0064","0167","457","173","284","1","458","1129","0","40.57","15.32"
"10","020","00","020","0064","0168","349","117","232","4","353","913","0","38.66","12.81"
"10","020","00","020","0065","0000","1700","707","993","17","1717","4195","0","40.93","16.85"
"10","020","00","020","0065","0109","587","207","380","8","595","1364","0","43.62","15.18"
"10","020","00","020","0065","0110","550","233","317","7","557","1386","0","40.19","16.81"
"10","020","00","020","0065","0111","563","267","296","2","565","1445","0","39.10","18.48"
"10","020","00","020","0066","0000","1135","498","637","14","1149","2686","0","42.78","18.54"
"10","020","00","020","0066","0134","557","267","290","9","566","1313","0","43.11","20.34"
"10","020","00","020","0066","0135","578","231","347","5","583","1373","0","42.46","16.82"
"10","020","00","020","0067","0000","647","232","415","4","651","1570","0","41.46","14.78"
"10","020","00","020","0067","0136","647","232","415","4","651","1570","0","41.46","14.78"
"10","020","00","020","0068","0000","1365","593","772","6","1371","3637","0","37.70","16.30"
"10","020","00","020","0068","0183","447","183","264","2","449","1276","0","35.19","14.34"
"10","020","00","020","0068","0184","469","195","274","1","470","1212","0","38.78","16.09"
"10","020","00","020","0068","0185","449","215","234","3","452","1149","0","39.34","18.71"
"10","020","00","020","0069","0000","1837","742","1095","9","1846","4295","0","42.98","17.28"
"10","020","00","020","0069","0174","519","193","326","3","522","1243","0","42.00","15.53"
"10","020","00","020","0069","0175","600","265","335","3","603","1324","0","45.54","20.02"
"10","020","00","020","0069","0176","718","284","434","3","721","1728","0","41.72","16.44"
"10","020","00","020","0070","0000","508","190","318","3","511","1115","0","45.83","17.04"
"10","020","00","020","0070","0179","508","190","318","3","511","1115","0","45.83","17.04"
"09","020","00","000","0000","0000","23121","20187","2934","284","23405","124592","139764","18.79","16.20"
"09","020","00","010","0000","0000","7315","6454","861","60","7375","37667","42770","19.58","17.13"
"09","020","00","010","0001","0000","959","859","100","7","966","4809","0","20.09","17.86"
"09","020","00","010","0001","0001","269","244","25","1","270","1369","0","19.72","17.82"
"09","020","00","010","0001","0002","361","327","34","3","364","1748","0","20.82","18.71"
"09","020","00","010","0001","0003","329","288","41","3","332","1692","0","19.62","17.02"
"09","020","00","010","0002","0000","2028","1824","204","12","2040","9671","0","21.09","18.86"
"09","020","00","010","0002","0007","314","277","37","1","315","1584","0","19.89","17.49"
"09","020","00","010","0002","0008","333","302","31","0","333","1622","0","20.53","18.62"
"09","020","00","010","0002","0009","314","286","28","4","318","1564","0","20.33","18.29"
"09","020","00","010","0002","0010","347","310","37","0","347","1654","0","20.98","18.74"
"09","020","00","010","0002","0011","385","343","42","4","389","1730","0","22.49","19.83"
"09","020","00","010","0002","0012","335","306","29","3","338","1517","0","22.28","20.17"
"09","020","00","010","0003","0000","1071","947","124","9","1080","5344","0","20.21","17.72"
"09","020","00","010","0003","0004","342","301","41","1","343","1870","0","18.34","16.10"
"09","020","00","010","0003","0005","290","256","34","4","294","1608","0","18.28","15.92"
"09","020","00","010","0003","0006","439","390","49","4","443","1866","0","23.74","20.90"
"09","020","00","010","0004","0000","726","644","82","7","733","3979","0","18.42","16.18"
"09","020","00","010","0004","0013","265","227","38","4","269","1334","0","20.16","17.02"
"09","020","00","010","0004","0014","233","221","12","1","234","1174","0","19.93","18.82"
"09","020","00","010","0004","0015","228","196","32","2","230","1471","0","15.64","13.32"
"09","020","00","010","0005","0000","729","620","109","8","737","4023","0","18.32","15.41"
"09","020","00","010","0005","0020","233","206","27","4","237","1334","0","17.77","15.44"
"09","020","00","010","0005","0021","222","176","46","2","224","1229","0","18.23","14.32"
"09","020","00","010","0005","0022","274","238","36","2","276","1460","0","18.90","16.30"
"09","020","00","010","0006","0000","456","397","59","6","462","2226","0","20.75","17.83"
"09","020","00","010","0006","0019","456","397","59","6","462","2226","0","20.75","17.83"
"09","020","00","010","0007","0000","501","439","62","5","506","2885","0","17.54","15.22"
"09","020","00","010","0007","0023","238","208","30","2","240","1590","0","15.09","13.08"
"09","020","00","010","0007","0024","263","231","32","3","266","1295","0","20.54","17.84"
"09","020","00","010","0008","0000","845","724","121","6","851","4730","0","17.99","15.31"
"09","020","00","010","0008","0016","290","257","33","3","293","1565","0","18.72","16.42"
"09","020","00","010","0008","0017","261","219","42","1","262","1530","0","17.12","14.31"
"09","020","00","010","0008","0018","294","248","46","2","296","1635","0","18.10","15.17"
"09","020","00","020","0000","0000","3414","3096","318","42","3456","18724","20622","18.46","16.53"
"09","020","00","020","0001","0000","966","876","90","13","979","5076","0","19.29","17.26"
"09","020","00","020","0001","0070","158","149","9","2","160","895","0","17.88","16.65"
"09","020","00","020","0001","0071","186","162","24","4","190","994","0","19.11","16.30"
"09","020","00","020","0001","0072","299","279","20","4","303","1524","0","19.88","18.31"
"09","020","00","020","0001","0073","323","286","37","3","326","1663","0","19.60","17.20"
"09","020","00","020","0002","0000","337","298","39","6","343","1955","0","17.54","15.24"
"09","020","00","020","0002","0081","155","131","24","3","158","1033","0","15.30","12.68"
"09","020","00","020","0002","0082","182","167","15","3","185","922","0","20.07","18.11"
"09","020","00","020","0003","0000","216","200","16","4","220","1153","0","19.08","17.35"
"09","020","00","020","0003","0083","216","200","16","4","220","1153","0","19.08","17.35"
"09","020","00","020","0004","0000","438","382","56","3","441","2348","0","18.78","16.27"
"09","020","00","020","0004","0084","214","188","26","2","216","1251","0","17.27","15.03"
"09","020","00","020","0004","0085","224","194","30","1","225","1097","0","20.51","17.68"
"09","020","00","020","0005","0000","381","352","29","2","383","2045","0","18.73","17.21"
"09","020","00","020","0005","0074","180","169","11","1","181","960","0","18.85","17.60"
"09","020","00","020","0005","0075","201","183","18","1","202","1085","0","18.62","16.87"
"09","020","00","020","0006","0000","263","243","20","2","265","1592","0","16.65","15.26"
"09","020","00","020","0006","0078","263","243","20","2","265","1592","0","16.65","15.26"
"09","020","00","020","0007","0000","366","338","28","6","372","2210","0","16.83","15.29"
"09","020","00","020","0007","0079","226","214","12","2","228","1233","0","18.49","17.36"
"09","020","00","020","0007","0080","140","124","16","4","144","977","0","14.74","12.69"
"09","020","00","020","0008","0000","447","407","40","6","453","2345","0","19.32","17.36"
"09","020","00","020","0008","0076","245","224","21","3","248","1212","0","20.46","18.48"
"09","020","00","020","0008","0077","202","183","19","3","205","1133","0","18.09","16.15"
"09","020","00","030","0000","0000","5211","4551","660","79","5290","26724","30316","19.79","17.03"
"09","020","00","030","0001","0000","842","751","91","12","854","3969","0","21.52","18.92"
"09","020","00","030","0001","0052","293","260","33","5","298","1248","0","23.88","20.83"
"09","020","00","030","0001","0053","251","226","25","4","255","1260","0","20.24","17.94"
"09","020","00","030","0001","0054","298","265","33","3","301","1461","0","20.60","18.14"
"09","020","00","030","0002","0000","658","577","81","12","670","3328","0","20.13","17.34"
"09","020","00","030","0002","0055","377","331","46","8","385","1882","0","20.46","17.59"
"09","020","00","030","0002","0056","281","246","35","4","285","1446","0","19.71","17.01"
"09","020","00","030","0003","0000","513","454","59","13","526","2699","0","19.49","16.82"
"09","020","00","030","0003","0066","202","171","31","3","205","1279","0","16.03","13.37"
"09","020","00","030","0003","0067","311","283","28","10","321","1420","0","22.61","19.93"
"09","020","00","030","0004","0000","422","357","65","7","429","2132","0","20.12","16.74"
"09","020","00","030","0004","0059","198","181","17","4","202","1061","0","19.04","17.06"
"09","020","00","030","0004","0060","224","176","48","3","227","1071","0","21.20","16.43"
"09","020","00","030","0005","0000","653","579","74","10","663","3259","0","20.34","17.77"
"09","020","00","030","0005","0068","326","297","29","6","332","1652","0","20.10","17.98"
"09","020","00","030","0005","0069","327","282","45","4","331","1607","0","20.60","17.55"
"09","020","00","030","0006","0000","1534","1290","244","14","1548","8073","0","19.18","15.98"
"09","020","00","030","0006","0061","392","318","74","0","392","2006","0","19.54","15.85"
"09","020","00","030","0006","0062","291","260","31","4","295","1672","0","17.64","15.55"
"09","020","00","030","0006","0063","276","237","39","5","281","1459","0","19.26","16.24"
"09","020","00","030","0006","0064","280","225","55","2","282","1502","0","18.77","14.98"
"09","020","00","030","0006","0065","295","250","45","3","298","1434","0","20.78","17.43"
"09","020","00","030","0007","0000","237","225","12","5","242","1560","0","15.51","14.42"
"09","020","00","030","0007","0057","237","225","12","5","242","1560","0","15.51","14.42"
"09","020","00","030","0008","0000","352","318","34","6","358","1704","0","21.01","18.66"
"09","020","00","030","0008","0058","352","318","34","6","358","1704","0","21.01","18.66"
"09","020","00","040","0000","0000","5325","4418","907","68","5393","29252","32749","18.44","15.10"
"09","020","00","040","0001","0000","478","416","62","5","483","3363","0","14.36","12.37"
"09","020","00","040","0001","0025","267","233","34","3","270","1783","0","15.14","13.07"
"09","020","00","040","0001","0026","211","183","28","2","213","1580","0","13.48","11.58"
"09","020","00","040","0002","0000","823","694","129","15","838","5049","0","16.60","13.75"
"09","020","00","040","0002","0027","329","260","69","1","330","2119","0","15.57","12.27"
"09","020","00","040","0002","0028","170","148","22","4","174","1014","0","17.16","14.60"
"09","020","00","040","0002","0029","324","286","38","10","334","1916","0","17.43","14.93"
"09","020","00","040","0003","0000","303","270","33","2","305","1618","0","18.85","16.69"
"09","020","00","040","0003","0041","303","270","33","2","305","1618","0","18.85","16.69"
"09","020","00","040","0004","0000","1520","1225","295","15","1535","7551","0","20.33","16.22"
"09","020","00","040","0004","0030","343","291","52","4","347","1878","0","18.48","15.50"
"09","020","00","040","0004","0031","429","285","144","6","435","1865","0","23.32","15.28"
"09","020","00","040","0004","0032","388","337","51","3","391","1872","0","20.89","18.00"
"09","020","00","040","0004","0033","360","312","48","2","362","1936","0","18.70","16.12"
"09","020","00","040","0005","0000","927","809","118","12","939","5268","0","17.82","15.36"
"09","020","00","040","0005","0034","354","298","56","5","359","1933","0","18.57","15.42"
"09","020","00","040","0005","0035","285","254","31","2","287","1816","0","15.80","13.99"
"09","020","00","040","0005","0036","288","257","31","5","293","1519","0","19.29","16.92"
"09","020","00","040","0006","0000","1274","1004","270","19","1293","6403","0","20.19","15.68"
"09","020","00","040","0006","0037","289","251","38","8","297","1570","0","18.92","15.99"
"09","020","00","040","0006","0038","313","267","46","3","316","1874","0","16.86","14.25"
"09","020","00","040","0006","0039","444","290","154","8","452","1681","0","26.89","17.25"
"09","020","00","040","0006","0040","228","196","32","0","228","1278","0","17.84","15.34"
"09","020","00","050","0000","0000","1819","1640","179","35","1854","11656","12646","15.91","14.07"
"09","020","00","050","0001","0000","456","410","46","9","465","2843","0","16.36","14.42"
"09","020","00","050","0001","0048","242","222","20","3","245","1411","0","17.36","15.73"
"09","020","00","050","0001","0049","214","188","26","6","220","1432","0","15.36","13.13"
"09","020","00","050","0002","0000","183","167","16","7","190","1428","0","13.31","11.69"
"09","020","00","050","0002","0047","183","167","16","7","190","1428","0","13.31","11.69"
"09","020","00","050","0003","0000","341","297","44","10","351","2415","0","14.53","12.30"
"09","020","00","050","0003","0045","165","142","23","7","172","1285","0","13.39","11.05"
"09","020","00","050","0003","0046","176","155","21","3","179","1130","0","15.84","13.72"
"09","020","00","050","0004","0000","611","558","53","5","616","3328","0","18.51","16.77"
"09","020","00","050","0004","0042","298","275","23","4","302","1601","0","18.86","17.18"
"09","020","00","050","0004","0043","313","283","30","1","314","1727","0","18.18","16.39"
"09","020","00","050","0005","0000","228","208","20","4","232","1642","0","14.13","12.67"
"09","020","00","050","0005","0044","228","208","20","4","232","1642","0","14.13","12.67"
"09","020","00","060","0000","0000","37","28","9","0","37","569","661","6.50","4.92"
"09","020","00","060","0001","0000","19","14","5","0","19","270","0","7.04","5.19"
"09","020","00","060","0001","0050","19","14","5","0","19","270","0","7.04","5.19"
"09","020","00","060","0002","0000","18","14","4","0","18","299","0","6.02","4.68"
"09","020","00","060","0002","0051","18","14","4","0","18","299","0","6.02","4.68"
"09","007","00","000","0000","0000","3085","2686","399","33","3118","11673","13449","26.71","23.01"
"09","007","00","010","0000","0000","1880","1633","247","20","1900","6505","7644","29.21","25.10"
"09","007","00","010","0001","0000","646","564","82","6","652","1982","0","32.90","28.46"
"09","007","00","010","0001","0001","327","290","37","4","331","1041","0","31.80","27.86"
"09","007","00","010","0001","0002","319","274","45","2","321","941","0","34.11","29.12"
"09","007","00","010","0010","0000","467","404","63","6","473","1682","0","28.12","24.02"
"09","007","00","010","0010","0003","467","404","63","6","473","1682","0","28.12","24.02"
"09","007","00","010","0011","0000","329","270","59","5","334","1223","0","27.31","22.08"
"09","007","00","010","0011","0004","329","270","59","5","334","1223","0","27.31","22.08"
"09","007","00","010","0012","0000","438","395","43","3","441","1618","0","27.26","24.41"
"09","007","00","010","0012","0005","438","395","43","3","441","1618","0","27.26","24.41"
"09","007","00","020","0000","0000","614","527","87","10","624","2537","2846","24.60","20.77"
"09","007","00","020","0007","0000","329","282","47","6","335","1310","0","25.57","21.53"
"09","007","00","020","0007","0006","329","282","47","6","335","1310","0","25.57","21.53"
"09","007","00","020","0008","0000","285","245","40","4","289","1227","0","23.55","19.97"
"09","007","00","020","0008","0007","285","245","40","4","289","1227","0","23.55","19.97"
"09","007","00","030","0000","0000","296","261","35","3","299","1363","1496","21.94","19.15"
"09","007","00","030","0006","0000","157","137","20","1","158","668","0","23.65","20.51"
"09","007","00","030","0006","0008","157","137","20","1","158","668","0","23.65","20.51"
"09","007","00","030","0007","0000","139","124","15","2","141","695","0","20.29","17.84"
"09","007","00","030","0007","0009","139","124","15","2","141","695","0","20.29","17.84"
"09","007","00","040","0000","0000","295","265","30","0","295","1268","1463","23.26","20.90"
"09","007","00","040","0003","0000","295","265","30","0","295","1268","0","23.26","20.90"
"09","007","00","040","0003","0010","295","265","30","0","295","1268","0","23.26","20.90"
