"prv_code","city_code","area_code","dept_code","li_code","tbox_no","valid_ticket","agree_ticket","disagree_ticket","invalid_ticket","vote_ticket","votable_population","population","vote_to_votable","agree_to_votable"
"00","000","00","000","0000","0000","10565437","7658008","2907429","459508","11024945","19757067","23580833","55.8","38.76"
"63","000","00","000","0000","0000","1248470","818887","429583","46997","1295467","2228430","2669874","58.13","36.75"
"63","000","00","001","0000","0000","96956","63084","33872","3581","100537","169278","205826","59.39","37.27"
"63","000","00","001","0102","0000","2633","1739","894","88","2721","4660","0","58.39","37.32"
"63","000","00","001","0102","0527","921","597","324","24","945","1583","0","59.7","37.71"
"63","000","00","001","0102","0528","945","625","320","38","983","1691","0","58.13","36.96"
"63","000","00","001","0102","0529","767","517","250","26","793","1386","0","57.22","37.3"
"63","000","00","001","0103","0000","4005","2570","1435","168","4173","6767","0","61.67","37.98"
"63","000","00","001","0103","0530","787","509","278","39","826","1362","0","60.65","37.37"
"63","000","00","001","0103","0531","817","527","290","30","847","1399","0","60.54","37.67"
"63","000","00","001","0103","0532","783","486","297","32","815","1324","0","61.56","36.71"
"63","000","00","001","0103","0533","799","501","298","33","832","1296","0","64.2","38.66"
"63","000","00","001","0103","0534","819","547","272","34","853","1386","0","61.54","39.47"
"63","000","00","001","0104","0000","3408","2119","1289","131","3539","5950","0","59.48","35.61"
"63","000","00","001","0104","0535","934","565","369","45","979","1529","0","64.03","36.95"
"63","000","00","001","0104","0536","799","526","273","28","827","1416","0","58.4","37.15"
"63","000","00","001","0104","0537","852","539","313","39","891","1619","0","55.03","33.29"
"63","000","00","001","0104","0538","823","489","334","19","842","1386","0","60.75","35.28"
"63","000","00","001","0105","0000","2455","1557","898","73","2528","4033","0","62.68","38.61"
"63","000","00","001","0105","0539","852","529","323","31","883","1380","0","63.99","38.33"
"63","000","00","001","0105","0540","804","504","300","21","825","1357","0","60.8","37.14"
"63","000","00","001","0105","0541","799","524","275","21","820","1296","0","63.27","40.43"
"63","000","00","001","0106","0000","2544","1629","915","102","2646","4450","0","59.46","36.61"
"63","000","00","001","0106","0542","926","606","320","53","979","1632","0","59.99","37.13"
"63","000","00","001","0106","0543","801","502","299","28","829","1414","0","58.63","35.5"
"63","000","00","001","0106","0544","817","521","296","21","838","1404","0","59.69","37.11"
"63","000","00","001","0107","0000","2516","1646","870","111","2627","4279","0","61.39","38.47"
"63","000","00","001","0107","0545","814","554","260","36","850","1365","0","62.27","40.59"
"63","000","00","001","0107","0546","836","544","292","29","865","1431","0","60.45","38.02"
"63","000","00","001","0107","0547","866","548","318","46","912","1483","0","61.5","36.95"
"63","000","00","001","0108","0000","2333","1509","824","88","2421","4010","0","60.37","37.63"
"63","000","00","001","0108","0548","792","508","284","29","821","1293","0","63.5","39.29"
"63","000","00","001","0108","0549","778","487","291","28","806","1410","0","57.16","34.54"
"63","000","00","001","0108","0550","763","514","249","31","794","1307","0","60.75","39.33"
"63","000","00","001","0109","0000","2242","1471","771","89","2331","3710","0","62.83","39.65"
"63","000","00","001","0109","0551","770","486","284","23","793","1242","0","63.85","39.13"
"63","000","00","001","0109","0552","706","466","240","30","736","1192","0","61.74","39.09"
"63","000","00","001","0109","0553","766","519","247","36","802","1276","0","62.85","40.67"
"63","000","00","001","0110","0000","2173","1416","757","63","2236","3676","0","60.83","38.52"
"63","000","00","001","0110","0554","699","459","240","14","713","1201","0","59.37","38.22"
"63","000","00","001","0110","0555","771","499","272","24","795","1318","0","60.32","37.86"
"63","000","00","001","0110","0556","703","458","245","25","728","1157","0","62.92","39.59"
"63","000","00","001","0111","0000","3626","2379","1247","120","3746","6311","0","59.36","37.7"
"63","000","00","001","0111","0557","665","425","240","17","682","1157","0","58.95","36.73"
"63","000","00","001","0111","0558","808","557","251","31","839","1357","0","61.83","41.05"
"63","000","00","001","0111","0559","662","423","239","20","682","1215","0","56.13","34.81"
"63","000","00","001","0111","0560","759","507","252","28","787","1345","0","58.51","37.7"
"63","000","00","001","0111","0561","732","467","265","24","756","1237","0","61.12","37.75"
"63","000","00","001","0112","0000","5077","3444","1633","169","5246","8478","0","61.88","40.62"
"63","000","00","001","0112","0562","870","644","226","24","894","1393","0","64.18","46.23"
"63","000","00","001","0112","0563","841","531","310","25","866","1331","0","65.06","39.89"
"63","000","00","001","0112","0564","937","566","371","37","974","1550","0","62.84","36.52"
"63","000","00","001","0112","0565","720","530","190","21","741","1308","0","56.65","40.52"
"63","000","00","001","0112","0566","839","588","251","40","879","1490","0","58.99","39.46"
"63","000","00","001","0112","0567","870","585","285","22","892","1406","0","63.44","41.61"
"63","000","00","001","0113","0000","1395","883","512","52","1447","2286","0","63.3","38.63"
"63","000","00","001","0113","0568","755","479","276","18","773","1191","0","64.9","40.22"
"63","000","00","001","0113","0569","640","404","236","34","674","1095","0","61.55","36.89"
"63","000","00","001","0114","0000","2097","1418","679","79","2176","3688","0","59.0","38.45"
"63","000","00","001","0114","0570","679","464","215","34","713","1198","0","59.52","38.73"
"63","000","00","001","0114","0571","717","506","211","28","745","1265","0","58.89","40.0"
"63","000","00","001","0114","0572","701","448","253","17","718","1225","0","58.61","36.57"
"63","000","00","001","0115","0000","3064","2030","1034","117","3181","5271","0","60.35","38.51"
"63","000","00","001","0115","0573","1027","663","364","44","1071","1698","0","63.07","39.05"
"63","000","00","001","0115","0574","1017","697","320","31","1048","1819","0","57.61","38.32"
"63","000","00","001","0115","0575","1020","670","350","42","1062","1754","0","60.55","38.2"
"63","000","00","001","0116","0000","4524","2836","1688","185","4709","7675","0","61.36","36.95"
"63","000","00","001","0116","0576","807","483","324","42","849","1361","0","62.38","35.49"
"63","000","00","001","0116","0577","722","485","237","22","744","1189","0","62.57","40.79"
"63","000","00","001","0116","0578","724","465","259","25","749","1214","0","61.7","38.3"
"63","000","00","001","0116","0579","741","455","286","31","772","1284","0","60.12","35.44"
"63","000","00","001","0116","0580","776","474","302","35","811","1297","0","62.53","36.55"
"63","000","00","001","0116","0581","754","474","280","30","784","1330","0","58.95","35.64"
"63","000","00","001","0117","0000","3348","2250","1098","102","3450","5685","0","60.69","39.58"
"63","000","00","001","0117","0582","837","567","270","29","866","1396","0","62.03","40.62"
"63","000","00","001","0117","0583","846","590","256","20","866","1480","0","58.51","39.86"
"63","000","00","001","0117","0584","844","558","286","22","866","1419","0","61.03","39.32"
"63","000","00","001","0117","0585","821","535","286","31","852","1390","0","61.29","38.49"
"63","000","00","001","0118","0000","3214","2031","1183","143","3357","7127","0","47.1","28.5"
"63","000","00","001","0118","0588","872","545","327","24","896","2677","0","33.47","20.36"
"63","000","00","001","0118","0589","737","460","277","36","773","1281","0","60.34","35.91"
"63","000","00","001","0118","0590","696","447","249","28","724","1469","0","49.29","30.43"
"63","000","00","001","0118","0591","909","579","330","55","964","1700","0","56.71","34.06"
"63","000","00","001","0119","0000","4147","2672","1475","172","4319","7443","0","58.03","35.9"
"63","000","00","001","0119","0592","805","497","308","30","835","1503","0","55.56","33.07"
"63","000","00","001","0119","0593","750","489","261","25","775","1309","0","59.21","37.36"
"63","000","00","001","0119","0594","803","538","265","34","837","1376","0","60.83","39.1"
"63","000","00","001","0119","0595","930","587","343","31","961","1654","0","58.1","35.49"
"63","000","00","001","0119","0596","859","561","298","52","911","1601","0","56.9","35.04"
"63","000","00","001","0120","0000","2841","1855","986","116","2957","4845","0","61.03","38.29"
"63","000","00","001","0120","0597","860","563","297","23","883","1496","0","59.02","37.63"
"63","000","00","001","0120","0598","966","624","342","49","1015","1598","0","63.52","39.05"
"63","000","00","001","0120","0599","1015","668","347","44","1059","1751","0","60.48","38.15"
"63","000","00","001","0121","0000","5065","3435","1630","177","5242","8544","0","61.35","40.2"
"63","000","00","001","0121","0600","947","628","319","32","979","1557","0","62.88","40.33"
"63","000","00","001","0121","0601","1091","760","331","28","1119","1686","0","66.37","45.08"
"63","000","00","001","0121","0602","1015","753","262","38","1053","1707","0","61.69","44.11"
"63","000","00","001","0121","0603","1064","686","378","47","1111","1854","0","59.92","37.0"
"63","000","00","001","0121","0604","948","608","340","32","980","1740","0","56.32","34.94"
"63","000","00","001","0122","0000","4272","2814","1458","153","4425","7404","0","59.76","38.01"
"63","000","00","001","0122","0605","845","566","279","43","888","1494","0","59.44","37.88"
"63","000","00","001","0122","0606","851","588","263","30","881","1453","0","60.63","40.47"
"63","000","00","001","0122","0607","855","558","297","24","879","1458","0","60.29","38.27"
"63","000","00","001","0122","0608","868","542","326","27","895","1536","0","58.27","35.29"
"63","000","00","001","0122","0609","853","560","293","29","882","1463","0","60.29","38.28"
"63","000","00","001","0124","0000","3801","2403","1398","129","3930","7047","0","55.77","34.1"
"63","000","00","001","0124","0610","935","577","358","22","957","1790","0","53.46","32.23"
"63","000","00","001","0124","0611","987","637","350","32","1019","1679","0","60.69","37.94"
"63","000","00","001","0124","0612","895","583","312","39","934","1785","0","52.32","32.66"
"63","000","00","001","0124","0613","984","606","378","36","1020","1793","0","56.89","33.8"
"63","000","00","001","0125","0000","3254","2155","1099","134","3388","5573","0","60.79","38.67"
"63","000","00","001","0125","0614","789","545","244","32","821","1381","0","59.45","39.46"
"63","000","00","001","0125","0615","754","500","254","23","777","1279","0","60.75","39.09"
"63","000","00","001","0125","0616","968","626","342","45","1013","1681","0","60.26","37.24"
"63","000","00","001","0125","0617","743","484","259","34","777","1232","0","63.07","39.29"
"63","000","00","001","0126","0000","4376","2800","1576","145","4521","7803","0","57.94","35.88"
"63","000","00","001","0126","0618","855","546","309","32","887","1533","0","57.86","35.62"
"63","000","00","001","0126","0619","927","591","336","25","952","1540","0","61.82","38.38"
"63","000","00","001","0126","0620","948","610","338","28","976","1716","0","56.88","35.55"
"63","000","00","001","0126","0621","890","549","341","36","926","1664","0","55.65","32.99"
"63","000","00","001","0126","0622","756","504","252","24","780","1350","0","57.78","37.33"
"63","000","00","001","0127","0000","1830","1189","641","78","1908","3395","0","56.2","35.02"
"63","000","00","001","0127","0623","1015","660","355","35","1050","1837","0","57.16","35.93"
"63","000","00","001","0127","0624","815","529","286","43","858","1558","0","55.07","33.95"
"63","000","00","001","0128","0000","1664","1099","565","63","1727","2894","0","59.68","37.98"
"63","000","00","001","0128","0625","847","551","296","33","880","1420","0","61.97","38.8"
"63","000","00","001","0128","0626","817","548","269","30","847","1474","0","57.46","37.18"
"63","000","00","001","0129","0000","1849","1207","642","69","1918","3317","0","57.82","36.39"
"63","000","00","001","0129","0627","885","584","301","31","916","1591","0","57.57","36.71"
"63","000","00","001","0129","0628","964","623","341","38","1002","1726","0","58.05","36.1"
"63","000","00","001","0130","0000","3248","2057","1191","125","3373","5792","0","58.24","35.51"
"63","000","00","001","0130","0629","809","476","333","31","840","1452","0","57.85","32.78"
"63","000","00","001","0130","0630","819","523","296","27","846","1482","0","57.09","35.29"
"63","000","00","001","0130","0631","842","562","280","36","878","1460","0","60.14","38.49"
"63","000","00","001","0130","0632","778","496","282","31","809","1398","0","57.87","35.48"
"63","000","00","001","0131","0000","1561","1039","522","59","1620","2649","0","61.16","39.22"
"63","000","00","001","0131","0633","832","537","295","38","870","1423","0","61.14","37.74"
"63","000","00","001","0131","0634","729","502","227","21","750","1226","0","61.17","40.95"
"63","000","00","001","0132","0000","2164","1403","761","67","2231","3761","0","59.32","37.3"
"63","000","00","001","0132","0635","675","448","227","30","705","1158","0","60.88","38.69"
"63","000","00","001","0132","0636","800","511","289","23","823","1426","0","57.71","35.83"
"63","000","00","001","0132","0637","689","444","245","14","703","1177","0","59.73","37.72"
"63","000","00","001","0133","0000","3147","2061","1086","118","3265","5355","0","60.97","38.49"
"63","000","00","001","0133","0638","782","485","297","25","807","1363","0","59.21","35.58"
"63","000","00","001","0133","0639","749","519","230","27","776","1240","0","62.58","41.85"
"63","000","00","001","0133","0640","827","549","278","30","857","1375","0","62.33","39.93"
"63","000","00","001","0133","0641","789","508","281","36","825","1377","0","59.91","36.89"
"63","000","00","001","0134","0000","1297","815","482","38","1335","2242","0","59.55","36.35"
"63","000","00","001","0134","0642","666","428","238","15","681","1225","0","55.59","34.94"
"63","000","00","001","0134","0643","631","387","244","23","654","1017","0","64.31","38.05"
"63","000","00","001","0135","0000","1786","1153","633","58","1844","3158","0","58.39","36.51"
"63","000","00","001","0135","0586","894","556","338","32","926","1525","0","60.72","36.46"
"63","000","00","001","0135","0587","892","597","295","26","918","1633","0","56.22","36.56"
"63","000","00","002","0000","0000","107365","71262","36103","3914","111279","190444","223594","58.43","37.42"
"63","000","00","002","0201","0000","2443","1684","759","76","2519","5151","0","48.9","32.69"
"63","000","00","002","0201","0644","798","540","258","19","817","2476","0","33.0","21.81"
"63","000","00","002","0201","0645","865","606","259","20","885","1381","0","64.08","43.88"
"63","000","00","002","0201","0646","780","538","242","37","817","1294","0","63.14","41.58"
"63","000","00","002","0202","0000","2328","1547","781","75","2403","3949","0","60.85","39.17"
"63","000","00","002","0202","0647","786","512","274","26","812","1351","0","60.1","37.9"
"63","000","00","002","0202","0648","759","512","247","23","782","1296","0","60.34","39.51"
"63","000","00","002","0202","0649","783","523","260","26","809","1302","0","62.14","40.17"
"63","000","00","002","0203","0000","1315","868","447","58","1373","2446","0","56.13","35.49"
"63","000","00","002","0203","0650","551","382","169","36","587","1025","0","57.27","37.27"
"63","000","00","002","0203","0651","764","486","278","22","786","1421","0","55.31","34.2"
"63","000","00","002","0204","0000","1641","1029","612","41","1682","3076","0","54.68","33.45"
"63","000","00","002","0204","0652","839","529","310","17","856","1501","0","57.03","35.24"
"63","000","00","002","0204","0653","802","500","302","24","826","1575","0","52.44","31.75"
"63","000","00","002","0205","0000","1674","1071","603","36","1710","2898","0","59.01","36.96"
"63","000","00","002","0205","0654","857","563","294","19","876","1516","0","57.78","37.14"
"63","000","00","002","0205","0655","817","508","309","17","834","1382","0","60.35","36.76"
"63","000","00","002","0206","0000","2867","1935","932","120","2987","5054","0","59.1","38.29"
"63","000","00","002","0206","0656","632","421","211","29","661","1128","0","58.6","37.32"
"63","000","00","002","0206","0657","766","521","245","32","798","1397","0","57.12","37.29"
"63","000","00","002","0206","0658","704","486","218","27","731","1161","0","62.96","41.86"
"63","000","00","002","0206","0659","765","507","258","32","797","1368","0","58.26","37.06"
"63","000","00","002","0207","0000","2728","1727","1001","93","2821","4589","0","61.47","37.63"
"63","000","00","002","0207","0660","622","413","209","18","640","1049","0","61.01","39.37"
"63","000","00","002","0207","0661","761","516","245","25","786","1308","0","60.09","39.45"
"63","000","00","002","0207","0662","695","437","258","36","731","1154","0","63.34","37.87"
"63","000","00","002","0207","0663","650","361","289","14","664","1078","0","61.6","33.49"
"63","000","00","002","0208","0000","3891","2585","1306","127","4018","6667","0","60.27","38.77"
"63","000","00","002","0208","0664","783","513","270","30","813","1375","0","59.13","37.31"
"63","000","00","002","0208","0665","830","581","249","32","862","1448","0","59.53","40.12"
"63","000","00","002","0208","0666","738","488","250","25","763","1250","0","61.04","39.04"
"63","000","00","002","0208","0667","817","517","300","13","830","1381","0","60.1","37.44"
"63","000","00","002","0208","0668","723","486","237","27","750","1213","0","61.83","40.07"
"63","000","00","002","0209","0000","5047","3350","1697","166","5213","8706","0","59.88","38.48"
"63","000","00","002","0209","0669","854","575","279","22","876","1373","0","63.8","41.88"
"63","000","00","002","0209","0670","724","487","237","28","752","1226","0","61.34","39.72"
"63","000","00","002","0209","0671","691","433","258","15","706","1117","0","63.21","38.76"
"63","000","00","002","0209","0672","679","479","200","23","702","1123","0","62.51","42.65"
"63","000","00","002","0209","0673","697","456","241","32","729","1200","0","60.75","38.0"
"63","000","00","002","0209","0674","692","436","256","20","712","1335","0","53.33","32.66"
"63","000","00","002","0209","0675","710","484","226","26","736","1332","0","55.26","36.34"
"63","000","00","002","0210","0000","1791","1205","586","91","1882","3190","0","59.0","37.77"
"63","000","00","002","0210","0676","940","644","296","44","984","1648","0","59.71","39.08"
"63","000","00","002","0210","0677","851","561","290","47","898","1542","0","58.24","36.38"
"63","000","00","002","0211","0000","2501","1643","858","90","2591","4362","0","59.4","37.67"
"63","000","00","002","0211","0678","699","458","241","34","733","1228","0","59.69","37.3"
"63","000","00","002","0211","0679","984","653","331","29","1013","1731","0","58.52","37.72"
"63","000","00","002","0211","0680","818","532","286","27","845","1403","0","60.23","37.92"
"63","000","00","002","0212","0000","1794","1222","572","81","1875","3229","0","58.07","37.84"
"63","000","00","002","0212","0681","1017","721","296","55","1072","1929","0","55.57","37.38"
"63","000","00","002","0212","0682","777","501","276","26","803","1300","0","61.77","38.54"
"63","000","00","002","0213","0000","2361","1559","802","93","2454","4405","0","55.71","35.39"
"63","000","00","002","0213","0683","773","512","261","25","798","1486","0","53.7","34.45"
"63","000","00","002","0213","0684","757","484","273","30","787","1532","0","51.37","31.59"
"63","000","00","002","0213","0685","831","563","268","38","869","1387","0","62.65","40.59"
"63","000","00","002","0214","0000","1899","1312","587","89","1988","3536","0","56.22","37.1"
"63","000","00","002","0214","0686","625","440","185","35","660","1195","0","55.23","36.82"
"63","000","00","002","0214","0687","596","402","194","23","619","1068","0","57.96","37.64"
"63","000","00","002","0214","0688","678","470","208","31","709","1273","0","55.7","36.92"
"63","000","00","002","0215","0000","2180","1441","739","113","2293","3898","0","58.83","36.97"
"63","000","00","002","0215","0689","797","521","276","44","841","1329","0","63.28","39.2"
"63","000","00","002","0215","0690","719","477","242","30","749","1311","0","57.13","36.38"
"63","000","00","002","0215","0691","664","443","221","39","703","1258","0","55.88","35.21"
"63","000","00","002","0216","0000","2965","1910","1055","131","3096","5022","0","61.65","38.03"
"63","000","00","002","0216","0692","742","483","259","32","774","1277","0","60.61","37.82"
"63","000","00","002","0216","0693","781","515","266","37","818","1285","0","63.66","40.08"
"63","000","00","002","0216","0694","702","456","246","36","738","1161","0","63.57","39.28"
"63","000","00","002","0216","0695","740","456","284","26","766","1299","0","58.97","35.1"
"63","000","00","002","0217","0000","2755","1812","943","93","2848","4811","0","59.2","37.66"
"63","000","00","002","0217","0696","691","453","238","29","720","1243","0","57.92","36.44"
"63","000","00","002","0217","0697","670","437","233","17","687","1197","0","57.39","36.51"
"63","000","00","002","0217","0698","766","496","270","22","788","1224","0","64.38","40.52"
"63","000","00","002","0217","0699","628","426","202","25","653","1147","0","56.93","37.14"
"63","000","00","002","0218","0000","2553","1744","809","72","2625","4373","0","60.03","39.88"
"63","000","00","002","0218","0700","614","392","222","15","629","1045","0","60.19","37.51"
"63","000","00","002","0218","0701","670","476","194","23","693","1096","0","63.23","43.43"
"63","000","00","002","0218","0702","644","426","218","10","654","1115","0","58.65","38.21"
"63","000","00","002","0218","0703","625","450","175","24","649","1117","0","58.1","40.29"
"63","000","00","002","0219","0000","2060","1335","725","76","2136","3770","0","56.66","35.41"
"63","000","00","002","0219","0704","517","321","196","21","538","1019","0","52.8","31.5"
"63","000","00","002","0219","0705","765","500","265","29","794","1346","0","58.99","37.15"
"63","000","00","002","0219","0706","778","514","264","26","804","1405","0","57.22","36.58"
"63","000","00","002","0220","0000","3890","2610","1280","132","4022","6448","0","62.38","40.48"
"63","000","00","002","0220","0707","761","500","261","33","794","1356","0","58.55","36.87"
"63","000","00","002","0220","0708","787","516","271","23","810","1250","0","64.8","41.28"
"63","000","00","002","0220","0709","751","514","237","18","769","1254","0","61.32","40.99"
"63","000","00","002","0220","0710","755","503","252","26","781","1317","0","59.3","38.19"
"63","000","00","002","0220","0711","836","577","259","32","868","1271","0","68.29","45.4"
"63","000","00","002","0221","0000","1077","711","366","56","1133","2004","0","56.54","35.48"
"63","000","00","002","0221","0712","534","353","181","24","558","979","0","57.0","36.06"
"63","000","00","002","0221","0713","543","358","185","32","575","1025","0","56.1","34.93"
"63","000","00","002","0222","0000","3282","2155","1127","95","3377","5741","0","58.82","37.54"
"63","000","00","002","0222","0714","744","488","256","30","774","1512","0","51.19","32.28"
"63","000","00","002","0222","0715","877","557","320","21","898","1483","0","60.55","37.56"
"63","000","00","002","0222","0716","820","543","277","29","849","1359","0","62.47","39.96"
"63","000","00","002","0222","0717","841","567","274","15","856","1387","0","61.72","40.88"
"63","000","00","002","0223","0000","2493","1647","846","94","2587","4448","0","58.16","37.03"
"63","000","00","002","0223","0718","774","530","244","32","806","1455","0","55.4","36.43"
"63","000","00","002","0223","0719","840","544","296","21","861","1461","0","58.93","37.23"
"63","000","00","002","0223","0720","879","573","306","41","920","1532","0","60.05","37.4"
"63","000","00","002","0224","0000","2367","1570","797","92","2459","3964","0","62.03","39.61"
"63","000","00","002","0224","0721","652","408","244","21","673","1043","0","64.53","39.12"
"63","000","00","002","0224","0722","531","354","177","28","559","875","0","63.89","40.46"
"63","000","00","002","0224","0723","531","354","177","10","541","927","0","58.36","38.19"
"63","000","00","002","0224","0724","653","454","199","33","686","1119","0","61.3","40.57"
"63","000","00","002","0225","0000","4063","2635","1428","148","4211","7061","0","59.64","37.32"
"63","000","00","002","0225","0725","827","540","287","38","865","1463","0","59.13","36.91"
"63","000","00","002","0225","0726","801","518","283","28","829","1293","0","64.11","40.06"
"63","000","00","002","0225","0727","849","571","278","32","881","1553","0","56.73","36.77"
"63","000","00","002","0225","0728","783","489","294","19","802","1360","0","58.97","35.96"
"63","000","00","002","0225","0729","803","517","286","31","834","1392","0","59.91","37.14"
"63","000","00","002","0226","0000","3066","2061","1005","116","3182","5430","0","58.6","37.96"
"63","000","00","002","0226","0730","797","533","264","15","812","1377","0","58.97","38.71"
"63","000","00","002","0226","0731","795","523","272","19","814","1377","0","59.11","37.98"
"63","000","00","002","0226","0732","672","453","219","21","693","1269","0","54.61","35.7"
"63","000","00","002","0226","0733","802","552","250","61","863","1407","0","61.34","39.23"
"63","000","00","002","0227","0000","2058","1378","680","92","2150","3609","0","59.57","38.18"
"63","000","00","002","0227","0734","662","445","217","28","690","1172","0","58.87","37.97"
"63","000","00","002","0227","0735","673","447","226","22","695","1182","0","58.8","37.82"
"63","000","00","002","0227","0736","723","486","237","42","765","1255","0","60.96","38.73"
"63","000","00","002","0228","0000","2390","1612","778","79","2469","4437","0","55.65","36.33"
"63","000","00","002","0228","0737","897","599","298","27","924","1689","0","54.71","35.46"
"63","000","00","002","0228","0738","855","569","286","33","888","1605","0","55.33","35.45"
"63","000","00","002","0228","0739","638","444","194","19","657","1143","0","57.48","38.85"
"63","000","00","002","0229","0000","3302","2241","1061","113","3415","5898","0","57.9","38.0"
"63","000","00","002","0229","0740","772","525","247","21","793","1440","0","55.07","36.46"
"63","000","00","002","0229","0741","839","564","275","24","863","1495","0","57.73","37.73"
"63","000","00","002","0229","0742","889","588","301","42","931","1514","0","61.49","38.84"
"63","000","00","002","0229","0743","802","564","238","26","828","1449","0","57.14","38.92"
"63","000","00","002","0230","0000","4532","3069","1463","158","4690","7867","0","59.62","39.01"
"63","000","00","002","0230","0744","826","563","263","31","857","1401","0","61.17","40.19"
"63","000","00","002","0230","0745","638","433","205","17","655","1181","0","55.46","36.66"
"63","000","00","002","0230","0746","845","564","281","36","881","1376","0","64.03","40.99"
"63","000","00","002","0230","0747","839","596","243","37","876","1422","0","61.6","41.91"
"63","000","00","002","0230","0748","725","477","248","17","742","1267","0","58.56","37.65"
"63","000","00","002","0230","0749","659","436","223","20","679","1220","0","55.66","35.74"
"63","000","00","002","0231","0000","2470","1626","844","70","2540","4622","0","54.95","35.18"
"63","000","00","002","0231","0750","811","563","248","20","831","1562","0","53.2","36.04"
"63","000","00","002","0231","0751","793","498","295","22","815","1455","0","56.01","34.23"
"63","000","00","002","0231","0752","866","565","301","28","894","1605","0","55.7","35.2"
"63","000","00","002","0232","0000","3390","2221","1169","96","3486","6070","0","57.43","36.59"
"63","000","00","002","0232","0753","974","673","301","28","1002","1626","0","61.62","41.39"
"63","000","00","002","0232","0754","908","580","328","34","942","1561","0","60.35","37.16"
"63","000","00","002","0232","0755","758","499","259","18","776","1547","0","50.16","32.26"
"63","000","00","002","0232","0756","750","469","281","16","766","1336","0","57.34","35.1"
"63","000","00","002","0233","0000","3741","2472","1269","152","3893","6899","0","56.43","35.83"
"63","000","00","002","0233","0757","675","451","224","21","696","1314","0","52.97","34.32"
"63","000","00","002","0233","0758","698","464","234","31","729","1297","0","56.21","35.77"
"63","000","00","002","0233","0759","742","518","224","37","779","1366","0","57.03","37.92"
"63","000","00","002","0233","0760","825","517","308","22","847","1472","0","57.54","35.12"
"63","000","00","002","0233","0761","801","522","279","41","842","1450","0","58.07","36.0"
"63","000","00","002","0234","0000","2372","1576","796","104","2476","4100","0","60.39","38.44"
"63","000","00","002","0234","0762","748","505","243","28","776","1328","0","58.43","38.03"
"63","000","00","002","0234","0763","819","529","290","36","855","1399","0","61.12","37.81"
"63","000","00","002","0234","0764","805","542","263","40","845","1373","0","61.54","39.48"
"63","000","00","002","0235","0000","1976","1331","645","38","2014","3592","0","56.07","37.05"
"63","000","00","002","0235","0765","608","425","183","19","627","1099","0","57.05","38.67"
"63","000","00","002","0235","0766","680","443","237","0","680","1226","0","55.46","36.13"
"63","000","00","002","0235","0767","688","463","225","19","707","1267","0","55.8","36.54"
"63","000","00","002","0236","0000","3562","2273","1289","115","3677","6247","0","58.86","36.39"
"63","000","00","002","0236","0768","881","488","393","30","911","1531","0","59.5","31.87"
"63","000","00","002","0236","0769","837","571","266","38","875","1438","0","60.85","39.71"
"63","000","00","002","0236","0770","911","614","297","17","928","1657","0","56.0","37.05"
"63","000","00","002","0236","0771","933","600","333","30","963","1621","0","59.41","37.01"
"63","000","00","002","0237","0000","1685","1125","560","42","1727","2842","0","60.77","39.58"
"63","000","00","002","0237","0772","894","601","293","17","911","1508","0","60.41","39.85"
"63","000","00","002","0237","0773","791","524","267","25","816","1334","0","61.17","39.28"
"63","000","00","002","0238","0000","2032","1331","701","65","2097","3662","0","57.26","36.35"
"63","000","00","002","0238","0774","573","402","171","25","598","1246","0","47.99","32.26"
"63","000","00","002","0238","0775","739","463","276","21","760","1196","0","63.55","38.71"
"63","000","00","002","0238","0776","720","466","254","19","739","1220","0","60.57","38.2"
"63","000","00","002","0239","0000","3388","2216","1172","161","3549","6210","0","57.15","35.68"
"63","000","00","002","0239","0777","857","560","297","22","879","1538","0","57.15","36.41"
"63","000","00","002","0239","0778","907","608","299","39","946","1565","0","60.45","38.85"
"63","000","00","002","0239","0779","821","514","307","58","879","1621","0","54.23","31.71"
"63","000","00","002","0239","0780","803","534","269","42","845","1486","0","56.86","35.94"
"63","000","00","002","0240","0000","2446","1686","760","101","2547","4310","0","59.1","39.12"
"63","000","00","002","0240","0781","809","548","261","26","835","1507","0","55.41","36.36"
"63","000","00","002","0240","0782","873","599","274","31","904","1516","0","59.63","39.51"
"63","000","00","002","0240","0783","764","539","225","44","808","1287","0","62.78","41.88"
"63","000","00","002","0241","0000","990","737","253","74","1064","1851","0","57.48","39.82"
"63","000","00","002","0241","0784","518","361","157","47","565","1050","0","53.81","34.38"
"63","000","00","002","0241","0785","472","376","96","27","499","801","0","62.3","46.94"
"63","000","00","003","0000","0000","141439","91356","50083","4695","146134","252645","308835","57.84","36.16"
"63","000","00","003","0301","0000","2694","1782","912","92","2786","4848","0","57.47","36.76"
"63","000","00","003","0301","1214","643","435","208","23","666","1184","0","56.25","36.74"
"63","000","00","003","0301","1215","627","415","212","33","660","1197","0","55.14","34.67"
"63","000","00","003","0301","1216","695","433","262","16","711","1221","0","58.23","35.46"
"63","000","00","003","0301","1217","729","499","230","20","749","1246","0","60.11","40.05"
"63","000","00","003","0302","0000","2544","1543","1001","98","2642","4386","0","60.24","35.18"
"63","000","00","003","0302","1218","891","531","360","30","921","1478","0","62.31","35.93"
"63","000","00","003","0302","1219","721","429","292","35","756","1314","0","57.53","32.65"
"63","000","00","003","0302","1220","932","583","349","33","965","1594","0","60.54","36.57"
"63","000","00","003","0303","0000","3376","2135","1241","96","3472","5767","0","60.2","37.02"
"63","000","00","003","0303","1221","834","523","311","23","857","1429","0","59.97","36.6"
"63","000","00","003","0303","1222","869","594","275","21","890","1452","0","61.29","40.91"
"63","000","00","003","0303","1223","890","523","367","20","910","1551","0","58.67","33.72"
"63","000","00","003","0303","1224","783","495","288","32","815","1335","0","61.05","37.08"
"63","000","00","003","0304","0000","3736","2385","1351","133","3869","6795","0","56.94","35.1"
"63","000","00","003","0304","1225","652","409","243","13","665","1196","0","55.6","34.2"
"63","000","00","003","0304","1226","719","458","261","20","739","1339","0","55.19","34.2"
"63","000","00","003","0304","1227","820","490","330","24","844","1448","0","58.29","33.84"
"63","000","00","003","0304","1228","744","492","252","37","781","1373","0","56.88","35.83"
"63","000","00","003","0304","1229","801","536","265","39","840","1439","0","58.37","37.25"
"63","000","00","003","0305","0000","2304","1575","729","57","2361","4461","0","52.93","35.31"
"63","000","00","003","0305","1230","636","407","229","4","640","1174","0","54.51","34.67"
"63","000","00","003","0305","1231","601","404","197","18","619","1144","0","54.11","35.31"
"63","000","00","003","0305","1232","583","443","140","20","603","1119","0","53.89","39.59"
"63","000","00","003","0305","1233","484","321","163","15","499","1024","0","48.73","31.35"
"63","000","00","003","0306","0000","2976","2033","943","97","3073","5067","0","60.65","40.12"
"63","000","00","003","0306","1234","613","435","178","16","629","1032","0","60.95","42.15"
"63","000","00","003","0306","1235","773","569","204","20","793","1319","0","60.12","43.14"
"63","000","00","003","0306","1236","822","548","274","25","847","1369","0","61.87","40.03"
"63","000","00","003","0306","1237","768","481","287","36","804","1347","0","59.69","35.71"
"63","000","00","003","0307","0000","3091","1997","1094","99","3190","5988","0","53.27","33.35"
"63","000","00","003","0307","1238","843","513","330","26","869","1655","0","52.51","31.0"
"63","000","00","003","0307","1239","796","523","273","24","820","1595","0","51.41","32.79"
"63","000","00","003","0307","1240","763","495","268","27","790","1429","0","55.28","34.64"
"63","000","00","003","0307","1241","689","466","223","22","711","1309","0","54.32","35.6"
"63","000","00","003","0308","0000","1483","975","508","58","1541","2818","0","54.68","34.6"
"63","000","00","003","0308","1242","802","538","264","24","826","1508","0","54.77","35.68"
"63","000","00","003","0308","1243","681","437","244","34","715","1310","0","54.58","33.36"
"63","000","00","003","0309","0000","1901","1251","650","75","1976","3667","0","53.89","34.12"
"63","000","00","003","0309","1244","639","434","205","28","667","1233","0","54.1","35.2"
"63","000","00","003","0309","1245","670","438","232","27","697","1287","0","54.16","34.03"
"63","000","00","003","0309","1246","592","379","213","20","612","1147","0","53.36","33.04"
"63","000","00","003","0310","0000","3387","2196","1191","146","3533","6508","0","54.29","33.74"
"63","000","00","003","0310","1247","656","435","221","21","677","1260","0","53.73","34.52"
"63","000","00","003","0310","1248","736","499","237","24","760","1377","0","55.19","36.24"
"63","000","00","003","0310","1249","673","416","257","51","724","1284","0","56.39","32.4"
"63","000","00","003","0310","1250","660","427","233","26","686","1314","0","52.21","32.5"
"63","000","00","003","0310","1251","662","419","243","24","686","1273","0","53.89","32.91"
"63","000","00","003","0311","0000","2843","1772","1071","84","2927","4829","0","60.61","36.69"
"63","000","00","003","0311","1252","656","393","263","20","676","1146","0","58.99","34.29"
"63","000","00","003","0311","1253","751","475","276","21","772","1285","0","60.08","36.96"
"63","000","00","003","0311","1254","776","475","301","19","795","1297","0","61.3","36.62"
"63","000","00","003","0311","1255","660","429","231","24","684","1101","0","62.13","38.96"
"63","000","00","003","0312","0000","2324","1440","884","89","2413","4047","0","59.62","35.58"
"63","000","00","003","0312","1256","720","438","282","38","758","1310","0","57.86","33.44"
"63","000","00","003","0312","1257","826","511","315","28","854","1365","0","62.56","37.44"
"63","000","00","003","0312","1258","778","491","287","23","801","1372","0","58.38","35.79"
"63","000","00","003","0313","0000","2128","1348","780","65","2193","3596","0","60.98","37.49"
"63","000","00","003","0313","1259","716","454","262","19","735","1189","0","61.82","38.18"
"63","000","00","003","0313","1260","742","466","276","20","762","1256","0","60.67","37.1"
"63","000","00","003","0313","1261","670","428","242","26","696","1151","0","60.47","37.19"
"63","000","00","003","0314","0000","3674","2369","1305","100","3774","6129","0","61.58","38.65"
"63","000","00","003","0314","1262","905","574","331","22","927","1501","0","61.76","38.24"
"63","000","00","003","0314","1263","901","608","293","22","923","1520","0","60.72","40.0"
"63","000","00","003","0314","1264","925","594","331","30","955","1529","0","62.46","38.85"
"63","000","00","003","0314","1265","943","593","350","26","969","1579","0","61.37","37.56"
"63","000","00","003","0315","0000","3084","1868","1216","87","3171","6705","0","47.29","27.86"
"63","000","00","003","0315","1266","663","401","262","21","684","2619","0","26.12","15.31"
"63","000","00","003","0315","1267","746","476","270","18","764","1290","0","59.22","36.9"
"63","000","00","003","0315","1268","786","480","306","26","812","1307","0","62.13","36.73"
"63","000","00","003","0315","1269","889","511","378","22","911","1489","0","61.18","34.32"
"63","000","00","003","0316","0000","2817","1758","1059","82","2899","4884","0","59.36","36.0"
"63","000","00","003","0316","1270","658","429","229","28","686","1097","0","62.53","39.11"
"63","000","00","003","0316","1271","752","469","283","24","776","1328","0","58.43","35.32"
"63","000","00","003","0316","1272","669","400","269","13","682","1189","0","57.36","33.64"
"63","000","00","003","0316","1273","738","460","278","17","755","1270","0","59.45","36.22"
"63","000","00","003","0317","0000","2974","1795","1179","92","3066","5155","0","59.48","34.82"
"63","000","00","003","0317","1274","772","447","325","10","782","1349","0","57.97","33.14"
"63","000","00","003","0317","1275","719","430","289","19","738","1292","0","57.12","33.28"
"63","000","00","003","0317","1276","781","497","284","31","812","1314","0","61.8","37.82"
"63","000","00","003","0317","1277","702","421","281","32","734","1200","0","61.17","35.08"
"63","000","00","003","0318","0000","1755","1141","614","53","1808","3119","0","57.97","36.58"
"63","000","00","003","0318","1278","882","587","295","29","911","1558","0","58.47","37.68"
"63","000","00","003","0318","1279","873","554","319","24","897","1561","0","57.46","35.49"
"63","000","00","003","0319","0000","1599","1084","515","43","1642","2945","0","55.76","36.81"
"63","000","00","003","0319","1280","843","551","292","22","865","1446","0","59.82","38.11"
"63","000","00","003","0319","1281","756","533","223","21","777","1499","0","51.83","35.56"
"63","000","00","003","0320","0000","1664","1094","570","51","1715","2978","0","57.59","36.74"
"63","000","00","003","0320","1282","846","557","289","23","869","1467","0","59.24","37.97"
"63","000","00","003","0320","1283","818","537","281","28","846","1511","0","55.99","35.54"
"63","000","00","003","0321","0000","2742","1764","978","86","2828","4640","0","60.95","38.02"
"63","000","00","003","0321","1284","933","612","321","34","967","1600","0","60.44","38.25"
"63","000","00","003","0321","1285","910","577","333","29","939","1573","0","59.69","36.68"
"63","000","00","003","0321","1286","899","575","324","23","922","1467","0","62.85","39.2"
"63","000","00","003","0322","0000","3340","2170","1170","89","3429","5891","0","58.21","36.84"
"63","000","00","003","0322","1287","785","524","261","22","807","1358","0","59.43","38.59"
"63","000","00","003","0322","1288","868","557","311","27","895","1568","0","57.08","35.52"
"63","000","00","003","0322","1289","821","529","292","29","850","1411","0","60.24","37.49"
"63","000","00","003","0322","1290","866","560","306","11","877","1554","0","56.44","36.04"
"63","000","00","003","0323","0000","3475","2289","1186","84","3559","5712","0","62.31","40.07"
"63","000","00","003","0323","1291","804","519","285","24","828","1345","0","61.56","38.59"
"63","000","00","003","0323","1292","832","538","294","18","850","1435","0","59.23","37.49"
"63","000","00","003","0323","1293","920","618","302","20","940","1481","0","63.47","41.73"
"63","000","00","003","0323","1294","919","614","305","22","941","1451","0","64.85","42.32"
"63","000","00","003","0326","0000","1785","1146","639","60","1845","3091","0","59.69","37.08"
"63","000","00","003","0326","1295","898","577","321","42","940","1566","0","60.03","36.85"
"63","000","00","003","0326","1296","887","569","318","18","905","1525","0","59.34","37.31"
"63","000","00","003","0327","0000","2316","1518","798","81","2397","4215","0","56.87","36.01"
"63","000","00","003","0327","1297","743","475","268","25","768","1336","0","57.49","35.55"
"63","000","00","003","0327","1298","855","574","281","38","893","1483","0","60.22","38.71"
"63","000","00","003","0327","1299","718","469","249","18","736","1396","0","52.72","33.6"
"63","000","00","003","0328","0000","3233","2077","1156","98","3331","5535","0","60.18","37.52"
"63","000","00","003","0328","1300","844","537","307","30","874","1406","0","62.16","38.19"
"63","000","00","003","0328","1301","844","546","298","24","868","1434","0","60.53","38.08"
"63","000","00","003","0328","1302","731","462","269","23","754","1288","0","58.54","35.87"
"63","000","00","003","0328","1303","814","532","282","21","835","1407","0","59.35","37.81"
"63","000","00","003","0329","0000","2429","1608","821","76","2505","4554","0","55.01","35.31"
"63","000","00","003","0329","1304","822","530","292","23","845","1514","0","55.81","35.01"
"63","000","00","003","0329","1305","756","508","248","28","784","1550","0","50.58","32.77"
"63","000","00","003","0329","1306","851","570","281","25","876","1490","0","58.79","38.26"
"63","000","00","003","0330","0000","2634","1697","937","92","2726","4663","0","58.46","36.39"
"63","000","00","003","0330","1307","710","440","270","22","732","1284","0","57.01","34.27"
"63","000","00","003","0330","1308","665","462","203","22","687","1129","0","60.85","40.92"
"63","000","00","003","0330","1309","683","428","255","24","707","1193","0","59.26","35.88"
"63","000","00","003","0330","1310","576","367","209","24","600","1057","0","56.76","34.72"
"63","000","00","003","0331","0000","2892","1874","1018","135","3027","5453","0","55.51","34.37"
"63","000","00","003","0331","1311","757","468","289","32","789","1361","0","57.97","34.39"
"63","000","00","003","0331","1312","762","524","238","41","803","1412","0","56.87","37.11"
"63","000","00","003","0331","1313","677","422","255","21","698","1423","0","49.05","29.66"
"63","000","00","003","0331","1314","696","460","236","41","737","1257","0","58.63","36.6"
"63","000","00","003","0332","0000","2839","1886","953","108","2947","4829","0","61.03","39.06"
"63","000","00","003","0332","1315","678","472","206","25","703","1133","0","62.05","41.66"
"63","000","00","003","0332","1316","615","389","226","16","631","1077","0","58.59","36.12"
"63","000","00","003","0332","1317","752","496","256","32","784","1300","0","60.31","38.15"
"63","000","00","003","0332","1318","794","529","265","35","829","1319","0","62.85","40.11"
"63","000","00","003","0333","0000","2051","1369","682","81","2132","3633","0","58.68","37.68"
"63","000","00","003","0333","1319","730","492","238","31","761","1265","0","60.16","38.89"
"63","000","00","003","0333","1320","684","465","219","18","702","1265","0","55.49","36.76"
"63","000","00","003","0333","1321","637","412","225","32","669","1103","0","60.65","37.35"
"63","000","00","003","0334","0000","2284","1484","800","93","2377","3958","0","60.06","37.49"
"63","000","00","003","0334","1322","769","513","256","30","799","1341","0","59.58","38.26"
"63","000","00","003","0334","1323","793","522","271","32","825","1357","0","60.8","38.47"
"63","000","00","003","0334","1324","722","449","273","31","753","1260","0","59.76","35.63"
"63","000","00","003","0335","0000","2121","1359","762","76","2197","3844","0","57.15","35.35"
"63","000","00","003","0335","1325","748","470","278","23","771","1295","0","59.54","36.29"
"63","000","00","003","0335","1326","739","475","264","27","766","1399","0","54.75","33.95"
"63","000","00","003","0335","1327","634","414","220","26","660","1150","0","57.39","36.0"
"63","000","00","003","0336","0000","2822","1850","972","82","2904","5149","0","56.4","35.93"
"63","000","00","003","0336","1328","697","441","256","16","713","1351","0","52.78","32.64"
"63","000","00","003","0336","1329","768","478","290","30","798","1341","0","59.51","35.65"
"63","000","00","003","0336","1330","618","424","194","12","630","1129","0","55.8","37.56"
"63","000","00","003","0336","1331","739","507","232","24","763","1328","0","57.45","38.18"
"63","000","00","003","0337","0000","3479","2381","1098","100","3579","6080","0","58.87","39.16"
"63","000","00","003","0337","1332","968","696","272","22","990","1557","0","63.58","44.7"
"63","000","00","003","0337","1333","897","614","283","36","933","1461","0","63.86","42.03"
"63","000","00","003","0337","1334","803","525","278","20","823","1589","0","51.79","33.04"
"63","000","00","003","0337","1335","811","546","265","22","833","1473","0","56.55","37.07"
"63","000","00","003","0338","0000","1858","1176","682","77","1935","3311","0","58.44","35.52"
"63","000","00","003","0338","1336","810","478","332","30","840","1479","0","56.8","32.32"
"63","000","00","003","0338","1337","497","347","150","24","521","833","0","62.55","41.66"
"63","000","00","003","0338","1338","551","351","200","23","574","999","0","57.46","35.14"
"63","000","00","003","0339","0000","1026","660","366","22","1048","1757","0","59.65","37.56"
"63","000","00","003","0339","1339","1026","660","366","22","1048","1757","0","59.65","37.56"
"63","000","00","003","0340","0000","4533","2828","1705","148","4681","7674","0","61.0","36.85"
"63","000","00","003","0340","1340","921","608","313","22","943","1573","0","59.95","38.65"
"63","000","00","003","0340","1341","959","596","363","26","985","1587","0","62.07","37.56"
"63","000","00","003","0340","1342","876","534","342","38","914","1496","0","61.1","35.7"
"63","000","00","003","0340","1343","845","490","355","24","869","1440","0","60.35","34.03"
"63","000","00","003","0340","1344","932","600","332","38","970","1578","0","61.47","38.02"
"63","000","00","003","0341","0000","2146","1303","843","45","2191","3594","0","60.96","36.25"
"63","000","00","003","0341","1345","720","429","291","17","737","1223","0","60.26","35.08"
"63","000","00","003","0341","1346","670","406","264","11","681","1119","0","60.86","36.28"
"63","000","00","003","0341","1347","756","468","288","17","773","1252","0","61.74","37.38"
"63","000","00","003","0343","0000","4153","2655","1498","116","4269","7232","0","59.03","36.71"
"63","000","00","003","0343","1348","928","565","363","29","957","1576","0","60.72","35.85"
"63","000","00","003","0343","1349","810","522","288","25","835","1425","0","58.6","36.63"
"63","000","00","003","0343","1350","777","509","268","17","794","1450","0","54.76","35.1"
"63","000","00","003","0343","1351","812","552","260","18","830","1444","0","57.48","38.23"
"63","000","00","003","0343","1352","826","507","319","27","853","1337","0","63.8","37.92"
"63","000","00","003","0344","0000","2769","1905","864","105","2874","5100","0","56.35","37.35"
"63","000","00","003","0344","1353","776","513","263","20","796","1417","0","56.18","36.2"
"63","000","00","003","0344","1354","711","483","228","30","741","1250","0","59.28","38.64"
"63","000","00","003","0344","1355","658","437","221","28","686","1176","0","58.33","37.16"
"63","000","00","003","0344","1356","624","472","152","27","651","1257","0","51.79","37.55"
"63","000","00","003","0346","0000","2767","1842","925","107","2874","4851","0","59.25","37.97"
"63","000","00","003","0346","1357","712","481","231","39","751","1257","0","59.75","38.27"
"63","000","00","003","0346","1358","669","444","225","24","693","1148","0","60.37","38.68"
"63","000","00","003","0346","1359","806","535","271","24","830","1418","0","58.53","37.73"
"63","000","00","003","0346","1360","580","382","198","20","600","1028","0","58.37","37.16"
"63","000","00","003","0347","0000","3882","2506","1376","129","4011","6796","0","59.02","36.87"
"63","000","00","003","0347","1361","844","516","328","20","864","1445","0","59.79","35.71"
"63","000","00","003","0347","1362","786","510","276","27","813","1361","0","59.74","37.47"
"63","000","00","003","0347","1363","798","567","231","28","826","1343","0","61.5","42.22"
"63","000","00","003","0347","1364","726","475","251","30","756","1267","0","59.67","37.49"
"63","000","00","003","0347","1365","728","438","290","24","752","1380","0","54.49","31.74"
"63","000","00","003","0348","0000","2384","1548","836","91","2475","4312","0","57.4","35.9"
"63","000","00","003","0348","1366","833","547","286","37","870","1524","0","57.09","35.89"
"63","000","00","003","0348","1367","855","534","321","25","880","1470","0","59.86","36.33"
"63","000","00","003","0348","1368","696","467","229","29","725","1318","0","55.01","35.43"
"63","000","00","003","0349","0000","2279","1508","771","75","2354","4254","0","55.34","35.45"
"63","000","00","003","0349","1369","760","491","269","22","782","1430","0","54.69","34.34"
"63","000","00","003","0349","1370","772","517","255","27","799","1386","0","57.65","37.3"
"63","000","00","003","0349","1371","747","500","247","26","773","1438","0","53.76","34.77"
"63","000","00","003","0350","0000","2823","1832","991","109","2932","5267","0","55.67","34.78"
"63","000","00","003","0350","1372","653","427","226","18","671","1270","0","52.83","33.62"
"63","000","00","003","0350","1373","738","472","266","41","779","1395","0","55.84","33.84"
"63","000","00","003","0350","1374","722","496","226","22","744","1292","0","57.59","38.39"
"63","000","00","003","0350","1375","710","437","273","28","738","1310","0","56.34","33.36"
"63","000","00","003","0351","0000","2965","1914","1051","76","3041","5321","0","57.15","35.97"
"63","000","00","003","0351","1376","742","484","258","20","762","1319","0","57.77","36.69"
"63","000","00","003","0351","1377","792","504","288","10","802","1355","0","59.19","37.2"
"63","000","00","003","0351","1378","679","431","248","24","703","1312","0","53.58","32.85"
"63","000","00","003","0351","1379","752","495","257","22","774","1335","0","57.98","37.08"
"63","000","00","003","0352","0000","2222","1416","806","58","2280","4124","0","55.29","34.34"
"63","000","00","003","0352","1380","781","493","288","25","806","1489","0","54.13","33.11"
"63","000","00","003","0352","1381","755","490","265","14","769","1307","0","58.84","37.49"
"63","000","00","003","0352","1382","686","433","253","19","705","1328","0","53.09","32.61"
"63","000","00","003","0353","0000","2893","1830","1063","96","2989","5169","0","57.83","35.4"
"63","000","00","003","0353","1383","699","440","259","5","704","1277","0","55.13","34.46"
"63","000","00","003","0353","1384","735","480","255","28","763","1314","0","58.07","36.53"
"63","000","00","003","0353","1385","735","476","259","31","766","1270","0","60.31","37.48"
"63","000","00","003","0353","1386","724","434","290","32","756","1308","0","57.8","33.18"
"63","000","00","003","0354","0000","2057","1292","765","66","2123","3647","0","58.21","35.43"
"63","000","00","003","0354","1387","670","418","252","17","687","1138","0","60.37","36.73"
"63","000","00","003","0354","1388","723","456","267","20","743","1333","0","55.74","34.21"
"63","000","00","003","0354","1389","664","418","246","29","693","1176","0","58.93","35.54"
"63","000","00","003","0355","0000","2968","1953","1015","123","3091","5436","0","56.86","35.93"
"63","000","00","003","0355","1390","699","453","246","40","739","1311","0","56.37","34.55"
"63","000","00","003","0355","1391","711","478","233","19","730","1295","0","56.37","36.91"
"63","000","00","003","0355","1392","802","544","258","36","838","1421","0","58.97","38.28"
"63","000","00","003","0355","1393","756","478","278","28","784","1409","0","55.64","33.92"
"63","000","00","003","0356","0000","3626","2280","1346","123","3749","6534","0","57.38","34.89"
"63","000","00","003","0356","1394","713","420","293","28","741","1434","0","51.67","29.29"
"63","000","00","003","0356","1395","755","484","271","30","785","1449","0","54.18","33.4"
"63","000","00","003","0356","1396","733","468","265","28","761","1284","0","59.27","36.45"
"63","000","00","003","0356","1397","703","459","244","17","720","1248","0","57.69","36.78"
"63","000","00","003","0356","1398","722","449","273","20","742","1119","0","66.31","40.13"
"63","000","00","003","0357","0000","1292","895","397","91","1383","2327","0","59.43","38.46"
"63","000","00","003","0357","1399","508","349","159","30","538","883","0","60.93","39.52"
"63","000","00","003","0357","1400","327","247","80","34","361","630","0","57.3","39.21"
"63","000","00","003","0357","1401","457","299","158","27","484","814","0","59.46","36.73"
"63","000","00","004","0000","0000","107687","69454","38233","4219","111906","195148","229680","57.34","35.59"
"63","000","00","004","0401","0000","1579","1012","567","49","1628","2854","0","57.04","35.46"
"63","000","00","004","0401","0786","855","537","318","29","884","1522","0","58.08","35.28"
"63","000","00","004","0401","0787","724","475","249","20","744","1332","0","55.86","35.66"
"63","000","00","004","0402","0000","2325","1485","840","110","2435","4755","0","51.21","31.23"
"63","000","00","004","0402","0788","808","515","293","29","837","1656","0","50.54","31.1"
"63","000","00","004","0402","0789","675","444","231","46","721","1367","0","52.74","32.48"
"63","000","00","004","0402","0790","842","526","316","35","877","1732","0","50.64","30.37"
"63","000","00","004","0403","0000","1768","1146","622","66","1834","3284","0","55.85","34.9"
"63","000","00","004","0403","0791","899","577","322","41","940","1634","0","57.53","35.31"
"63","000","00","004","0403","0792","869","569","300","25","894","1650","0","54.18","34.48"
"63","000","00","004","0404","0000","2379","1505","874","81","2460","4046","0","60.8","37.2"
"63","000","00","004","0404","0793","798","521","277","27","825","1392","0","59.27","37.43"
"63","000","00","004","0404","0794","720","439","281","17","737","1177","0","62.62","37.3"
"63","000","00","004","0404","0795","861","545","316","37","898","1477","0","60.8","36.9"
"63","000","00","004","0405","0000","1231","830","401","59","1290","2359","0","54.68","35.18"
"63","000","00","004","0405","0796","546","354","192","35","581","1063","0","54.66","33.3"
"63","000","00","004","0405","0797","685","476","209","24","709","1296","0","54.71","36.73"
"63","000","00","004","0406","0000","3117","2013","1104","112","3229","6065","0","53.24","33.19"
"63","000","00","004","0406","0798","685","428","257","26","711","1330","0","53.46","32.18"
"63","000","00","004","0406","0799","780","513","267","30","810","1483","0","54.62","34.59"
"63","000","00","004","0406","0800","801","525","276","18","819","1542","0","53.11","34.05"
"63","000","00","004","0406","0801","851","547","304","38","889","1710","0","51.99","31.99"
"63","000","00","004","0407","0000","1999","1365","634","79","2078","3822","0","54.37","35.71"
"63","000","00","004","0407","0802","669","441","228","16","685","1315","0","52.09","33.54"
"63","000","00","004","0407","0803","669","459","210","37","706","1245","0","56.71","36.87"
"63","000","00","004","0407","0804","661","465","196","26","687","1262","0","54.44","36.85"
"63","000","00","004","0408","0000","3347","2140","1207","122","3469","6149","0","56.42","34.8"
"63","000","00","004","0408","0805","849","531","318","35","884","1518","0","58.23","34.98"
"63","000","00","004","0408","0806","853","568","285","36","889","1522","0","58.41","37.32"
"63","000","00","004","0408","0807","807","518","289","26","833","1580","0","52.72","32.78"
"63","000","00","004","0408","0808","838","523","315","25","863","1529","0","56.44","34.21"
"63","000","00","004","0409","0000","1920","1278","642","72","1992","3581","0","55.63","35.69"
"63","000","00","004","0409","0809","652","425","227","28","680","1221","0","55.69","34.81"
"63","000","00","004","0409","0810","708","477","231","21","729","1221","0","59.71","39.07"
"63","000","00","004","0409","0811","560","376","184","23","583","1139","0","51.19","33.01"
"63","000","00","004","0410","0000","2261","1438","823","101","2362","4306","0","54.85","33.4"
"63","000","00","004","0410","0812","755","490","265","52","807","1407","0","57.36","34.83"
"63","000","00","004","0410","0813","733","443","290","23","756","1321","0","57.23","33.54"
"63","000","00","004","0410","0814","773","505","268","26","799","1578","0","50.63","32.0"
"63","000","00","004","0411","0000","2466","1581","885","116","2582","4917","0","52.51","32.15"
"63","000","00","004","0411","0815","860","557","303","41","901","1739","0","51.81","32.03"
"63","000","00","004","0411","0816","811","525","286","29","840","1637","0","51.31","32.07"
"63","000","00","004","0411","0817","795","499","296","46","841","1541","0","54.57","32.38"
"63","000","00","004","0412","0000","2019","1291","728","100","2119","3765","0","56.28","34.29"
"63","000","00","004","0412","0818","690","439","251","29","719","1210","0","59.42","36.28"
"63","000","00","004","0412","0819","714","455","259","30","744","1331","0","55.9","34.18"
"63","000","00","004","0412","0820","615","397","218","41","656","1224","0","53.59","32.43"
"63","000","00","004","0413","0000","1833","1326","507","51","1884","3209","0","58.71","41.32"
"63","000","00","004","0413","0824","1002","739","263","32","1034","1805","0","57.29","40.94"
"63","000","00","004","0413","0825","831","587","244","19","850","1404","0","60.54","41.81"
"63","000","00","004","0414","0000","4634","2927","1707","157","4791","7819","0","61.27","37.43"
"63","000","00","004","0414","0826","1040","637","403","32","1072","1708","0","62.76","37.3"
"63","000","00","004","0414","0827","894","547","347","26","920","1451","0","63.4","37.7"
"63","000","00","004","0414","0828","1004","640","364","39","1043","1684","0","61.94","38.0"
"63","000","00","004","0414","0829","895","596","299","17","912","1585","0","57.54","37.6"
"63","000","00","004","0414","0830","801","507","294","43","844","1391","0","60.68","36.45"
"63","000","00","004","0415","0000","3244","2083","1161","99","3343","5575","0","59.96","37.36"
"63","000","00","004","0415","0831","857","585","272","47","904","1375","0","65.75","42.55"
"63","000","00","004","0415","0832","858","530","328","18","876","1472","0","59.51","36.01"
"63","000","00","004","0415","0833","716","445","271","22","738","1327","0","55.61","33.53"
"63","000","00","004","0415","0834","813","523","290","12","825","1401","0","58.89","37.33"
"63","000","00","004","0416","0000","4584","2843","1741","132","4716","7980","0","59.1","35.63"
"63","000","00","004","0416","0835","823","557","266","27","850","1423","0","59.73","39.14"
"63","000","00","004","0416","0836","912","579","333","25","937","1569","0","59.72","36.9"
"63","000","00","004","0416","0837","927","573","354","29","956","1651","0","57.9","34.71"
"63","000","00","004","0416","0838","903","534","369","18","921","1624","0","56.71","32.88"
"63","000","00","004","0416","0839","1019","600","419","33","1052","1713","0","61.41","35.03"
"63","000","00","004","0417","0000","508","376","132","20","528","944","0","55.93","39.83"
"63","000","00","004","0417","0862","508","376","132","20","528","944","0","55.93","39.83"
"63","000","00","004","0418","0000","2611","1696","915","95","2706","4693","0","57.66","36.14"
"63","000","00","004","0418","0846","810","522","288","29","839","1472","0","57.0","35.46"
"63","000","00","004","0418","0847","804","513","291","31","835","1517","0","55.04","33.82"
"63","000","00","004","0418","0848","997","661","336","35","1032","1704","0","60.56","38.79"
"63","000","00","004","0419","0000","2607","1770","837","113","2720","4476","0","60.77","39.54"
"63","000","00","004","0419","0821","877","616","261","39","916","1585","0","57.79","38.86"
"63","000","00","004","0419","0822","909","607","302","43","952","1523","0","62.51","39.86"
"63","000","00","004","0419","0823","821","547","274","31","852","1368","0","62.28","39.99"
"63","000","00","004","0420","0000","2459","1651","808","165","2624","4535","0","57.86","36.41"
"63","000","00","004","0420","0849","867","608","259","66","933","1603","0","58.2","37.93"
"63","000","00","004","0420","0850","743","511","232","51","794","1432","0","55.45","35.68"
"63","000","00","004","0420","0851","849","532","317","48","897","1500","0","59.8","35.47"
"63","000","00","004","0421","0000","3278","2139","1139","131","3409","5635","0","60.5","37.96"
"63","000","00","004","0421","0852","790","534","256","32","822","1332","0","61.71","40.09"
"63","000","00","004","0421","0853","851","548","303","37","888","1450","0","61.24","37.79"
"63","000","00","004","0421","0854","866","536","330","25","891","1434","0","62.13","37.38"
"63","000","00","004","0421","0855","771","521","250","37","808","1419","0","56.94","36.72"
"63","000","00","004","0422","0000","2290","1456","834","90","2380","4400","0","54.09","33.09"
"63","000","00","004","0422","0856","715","465","250","23","738","1292","0","57.12","35.99"
"63","000","00","004","0422","0857","816","511","305","39","855","1526","0","56.03","33.49"
"63","000","00","004","0422","0858","759","480","279","28","787","1582","0","49.75","30.34"
"63","000","00","004","0423","0000","2373","1498","875","109","2482","4584","0","54.14","32.68"
"63","000","00","004","0423","0859","799","500","299","33","832","1588","0","52.39","31.49"
"63","000","00","004","0423","0860","807","533","274","41","848","1463","0","57.96","36.43"
"63","000","00","004","0423","0861","767","465","302","35","802","1533","0","52.32","30.33"
"63","000","00","004","0424","0000","2688","1717","971","89","2777","6843","0","40.58","25.09"
"63","000","00","004","0424","0863","1059","703","356","32","1091","1745","0","62.52","40.29"
"63","000","00","004","0424","0864","841","524","317","21","862","1679","0","51.34","31.21"
"63","000","00","004","0424","0865","788","490","298","36","824","3419","0","24.1","14.33"
"63","000","00","004","0425","0000","4031","2632","1399","168","4199","7203","0","58.3","36.54"
"63","000","00","004","0425","0866","806","514","292","30","836","1387","0","60.27","37.06"
"63","000","00","004","0425","0867","965","642","323","27","992","1672","0","59.33","38.4"
"63","000","00","004","0425","0868","739","477","262","39","778","1319","0","58.98","36.16"
"63","000","00","004","0425","0869","729","497","232","41","770","1364","0","56.45","36.44"
"63","000","00","004","0425","0870","792","502","290","31","823","1461","0","56.33","34.36"
"63","000","00","004","0426","0000","2050","1319","731","69","2119","3654","0","57.99","36.1"
"63","000","00","004","0426","0871","681","442","239","25","706","1173","0","60.19","37.68"
"63","000","00","004","0426","0872","626","412","214","30","656","1171","0","56.02","35.18"
"63","000","00","004","0426","0873","743","465","278","14","757","1310","0","57.79","35.5"
"63","000","00","004","0427","0000","3912","2489","1423","150","4062","6655","0","61.04","37.4"
"63","000","00","004","0427","0874","803","508","295","38","841","1373","0","61.25","37.0"
"63","000","00","004","0427","0875","783","531","252","25","808","1290","0","62.64","41.16"
"63","000","00","004","0427","0876","780","485","295","31","811","1346","0","60.25","36.03"
"63","000","00","004","0427","0877","853","510","343","39","892","1468","0","60.76","34.74"
"63","000","00","004","0427","0878","693","455","238","17","710","1178","0","60.27","38.62"
"63","000","00","004","0428","0000","3400","2160","1240","153","3553","6102","0","58.23","35.4"
"63","000","00","004","0428","0879","943","607","336","44","987","1654","0","59.67","36.7"
"63","000","00","004","0428","0880","827","531","296","34","861","1464","0","58.81","36.27"
"63","000","00","004","0428","0881","785","497","288","32","817","1450","0","56.34","34.28"
"63","000","00","004","0428","0882","845","525","320","43","888","1534","0","57.89","34.22"
"63","000","00","004","0429","0000","3714","2356","1358","170","3884","6660","0","58.32","35.38"
"63","000","00","004","0429","0883","942","593","349","31","973","1703","0","57.13","34.82"
"63","000","00","004","0429","0884","900","596","304","46","946","1610","0","58.76","37.02"
"63","000","00","004","0429","0885","878","540","338","51","929","1653","0","56.2","32.67"
"63","000","00","004","0429","0886","994","627","367","42","1036","1694","0","61.16","37.01"
"63","000","00","004","0430","0000","2666","1686","980","105","2771","4824","0","57.44","34.95"
"63","000","00","004","0430","0887","880","562","318","34","914","1623","0","56.32","34.63"
"63","000","00","004","0430","0888","915","576","339","32","947","1618","0","58.53","35.6"
"63","000","00","004","0430","0889","871","548","323","39","910","1583","0","57.49","34.62"
"63","000","00","004","0431","0000","2727","1602","1125","123","2850","4529","0","62.93","35.37"
"63","000","00","004","0431","0890","913","454","459","48","961","1605","0","59.88","28.29"
"63","000","00","004","0431","0891","857","546","311","42","899","1398","0","64.31","39.06"
"63","000","00","004","0431","0892","957","602","355","33","990","1526","0","64.88","39.45"
"63","000","00","004","0432","0000","2626","1651","975","124","2750","4739","0","58.03","34.84"
"63","000","00","004","0432","0893","858","540","318","51","909","1555","0","58.46","34.73"
"63","000","00","004","0432","0894","871","559","312","29","900","1597","0","56.36","35.0"
"63","000","00","004","0432","0895","897","552","345","44","941","1587","0","59.29","34.78"
"63","000","00","004","0433","0000","1840","1144","696","78","1918","3133","0","61.22","36.51"
"63","000","00","004","0433","0896","927","567","360","31","958","1587","0","60.37","35.73"
"63","000","00","004","0433","0897","913","577","336","47","960","1546","0","62.1","37.32"
"63","000","00","004","0434","0000","2830","1888","942","117","2947","5094","0","57.85","37.06"
"63","000","00","004","0434","0898","715","477","238","41","756","1322","0","57.19","36.08"
"63","000","00","004","0434","0899","714","472","242","31","745","1267","0","58.8","37.25"
"63","000","00","004","0434","0900","684","454","230","16","700","1210","0","57.85","37.52"
"63","000","00","004","0434","0901","717","485","232","29","746","1295","0","57.61","37.45"
"63","000","00","004","0435","0000","2692","1810","882","97","2789","4474","0","62.34","40.46"
"63","000","00","004","0435","0902","869","552","317","35","904","1467","0","61.62","37.63"
"63","000","00","004","0435","0903","876","604","272","29","905","1491","0","60.7","40.51"
"63","000","00","004","0435","0904","947","654","293","33","980","1516","0","64.64","43.14"
"63","000","00","004","0436","0000","2233","1361","872","77","2310","4035","0","57.25","33.73"
"63","000","00","004","0436","0905","736","443","293","24","760","1384","0","54.91","32.01"
"63","000","00","004","0436","0906","710","432","278","22","732","1138","0","64.32","37.96"
"63","000","00","004","0436","0907","787","486","301","31","818","1513","0","54.06","32.12"
"63","000","00","004","0437","0000","1738","1128","610","84","1822","2988","0","60.98","37.75"
"63","000","00","004","0437","0908","885","569","316","45","930","1559","0","59.65","36.5"
"63","000","00","004","0437","0909","853","559","294","39","892","1429","0","62.42","39.12"
"63","000","00","004","0438","0000","1487","963","524","55","1542","2459","0","62.71","39.16"
"63","000","00","004","0438","0910","747","473","274","25","772","1245","0","62.01","37.99"
"63","000","00","004","0438","0911","740","490","250","30","770","1214","0","63.43","40.36"
"63","000","00","004","0439","0000","2997","1928","1069","90","3087","5339","0","57.82","36.11"
"63","000","00","004","0439","0912","814","518","296","21","835","1394","0","59.9","37.16"
"63","000","00","004","0439","0913","714","449","265","11","725","1336","0","54.27","33.61"
"63","000","00","004","0439","0914","681","434","247","26","707","1227","0","57.62","35.37"
"63","000","00","004","0439","0915","788","527","261","32","820","1382","0","59.33","38.13"
"63","000","00","004","0440","0000","2206","1427","779","94","2300","4100","0","56.1","34.8"
"63","000","00","004","0440","0916","791","540","251","37","828","1436","0","57.66","37.6"
"63","000","00","004","0440","0917","705","425","280","32","737","1405","0","52.46","30.25"
"63","000","00","004","0440","0918","710","462","248","25","735","1259","0","58.38","36.7"
"63","000","00","004","0441","0000","3639","2410","1229","101","3740","6297","0","59.39","38.27"
"63","000","00","004","0441","0840","973","642","331","21","994","1647","0","60.35","38.98"
"63","000","00","004","0441","0841","923","582","341","37","960","1762","0","54.48","33.03"
"63","000","00","004","0441","0842","841","584","257","23","864","1399","0","61.76","41.74"
"63","000","00","004","0441","0843","902","602","300","20","922","1489","0","61.92","40.43"
"63","000","00","004","0442","0000","1379","934","445","46","1425","2267","0","62.86","41.2"
"63","000","00","004","0442","0844","770","513","257","20","790","1269","0","62.25","40.43"
"63","000","00","004","0442","0845","609","421","188","26","635","998","0","63.63","42.18"
"63","000","00","005","0000","0000","72744","47831","24913","2545","75289","128292","159026","58.69","37.28"
"63","000","00","005","0501","0000","1479","954","525","48","1527","2625","0","58.17","36.34"
"63","000","00","005","0501","1001","765","500","265","22","787","1308","0","60.17","38.23"
"63","000","00","005","0501","1002","714","454","260","26","740","1317","0","56.19","34.47"
"63","000","00","005","0502","0000","1255","851","404","45","1300","2197","0","59.17","38.73"
"63","000","00","005","0502","1003","645","437","208","18","663","1069","0","62.02","40.88"
"63","000","00","005","0502","1004","610","414","196","27","637","1128","0","56.47","36.7"
"63","000","00","005","0503","0000","1240","801","439","43","1283","2101","0","61.07","38.12"
"63","000","00","005","0503","1005","617","395","222","32","649","1053","0","61.63","37.51"
"63","000","00","005","0503","1006","623","406","217","11","634","1048","0","60.5","38.74"
"63","000","00","005","0504","0000","2390","1607","783","62","2452","3990","0","61.45","40.28"
"63","000","00","005","0504","1007","712","502","210","28","740","1297","0","57.05","38.7"
"63","000","00","005","0504","1008","713","481","232","10","723","1193","0","60.6","40.32"
"63","000","00","005","0504","1009","965","624","341","24","989","1500","0","65.93","41.6"
"63","000","00","005","0505","0000","2258","1406","852","68","2326","4079","0","57.02","34.47"
"63","000","00","005","0505","1010","744","469","275","19","763","1346","0","56.69","34.84"
"63","000","00","005","0505","1011","734","462","272","13","747","1283","0","58.22","36.01"
"63","000","00","005","0505","1012","780","475","305","36","816","1450","0","56.28","32.76"
"63","000","00","005","0506","0000","3187","2024","1163","96","3283","5329","0","61.61","37.98"
"63","000","00","005","0506","1013","821","506","315","36","857","1433","0","59.8","35.31"
"63","000","00","005","0506","1014","840","528","312","24","864","1309","0","66.0","40.34"
"63","000","00","005","0506","1015","817","534","283","15","832","1386","0","60.03","38.53"
"63","000","00","005","0506","1016","709","456","253","21","730","1201","0","60.78","37.97"
"63","000","00","005","0507","0000","3044","1981","1063","127","3171","5107","0","62.09","38.79"
"63","000","00","005","0507","1017","795","525","270","31","826","1336","0","61.83","39.3"
"63","000","00","005","0507","1018","805","530","275","32","837","1358","0","61.63","39.03"
"63","000","00","005","0507","1019","686","433","253","33","719","1177","0","61.09","36.79"
"63","000","00","005","0507","1020","758","493","265","31","789","1236","0","63.83","39.89"
"63","000","00","005","0508","0000","1680","1110","570","64","1744","2952","0","59.08","37.6"
"63","000","00","005","0508","1021","820","552","268","42","862","1478","0","58.32","37.35"
"63","000","00","005","0508","1022","860","558","302","22","882","1474","0","59.84","37.86"
"63","000","00","005","0509","0000","2795","1822","973","134","2929","4914","0","59.61","37.08"
"63","000","00","005","0509","1023","665","419","246","27","692","1172","0","59.04","35.75"
"63","000","00","005","0509","1024","736","472","264","35","771","1310","0","58.85","36.03"
"63","000","00","005","0509","1025","720","489","231","41","761","1263","0","60.25","38.72"
"63","000","00","005","0509","1026","674","442","232","31","705","1169","0","60.31","37.81"
"63","000","00","005","0510","0000","2209","1511","698","72","2281","3916","0","58.25","38.59"
"63","000","00","005","0510","1027","794","531","263","22","816","1391","0","58.66","38.17"
"63","000","00","005","0510","1028","656","470","186","18","674","1201","0","56.12","39.13"
"63","000","00","005","0510","1029","759","510","249","32","791","1324","0","59.74","38.52"
"63","000","00","005","0511","0000","2978","1933","1045","130","3108","5279","0","58.87","36.62"
"63","000","00","005","0511","1030","663","460","203","33","696","1216","0","57.24","37.83"
"63","000","00","005","0511","1031","656","419","237","31","687","1183","0","58.07","35.42"
"63","000","00","005","0511","1032","859","555","304","41","900","1469","0","61.27","37.78"
"63","000","00","005","0511","1033","800","499","301","25","825","1411","0","58.47","35.36"
"63","000","00","005","0512","0000","2494","1694","800","118","2612","4497","0","58.08","37.67"
"63","000","00","005","0512","1034","796","534","262","53","849","1398","0","60.73","38.2"
"63","000","00","005","0512","1035","811","560","251","36","847","1479","0","57.27","37.86"
"63","000","00","005","0512","1036","887","600","287","29","916","1620","0","56.54","37.04"
"63","000","00","005","0513","0000","1889","1225","664","51","1940","3160","0","61.39","38.77"
"63","000","00","005","0513","1037","611","394","217","14","625","1041","0","60.04","37.85"
"63","000","00","005","0513","1038","602","372","230","20","622","1056","0","58.9","35.23"
"63","000","00","005","0513","1039","676","459","217","17","693","1063","0","65.19","43.18"
"63","000","00","005","0514","0000","2858","2007","851","144","3002","5865","0","51.18","34.22"
"63","000","00","005","0514","1040","719","496","223","33","752","1591","0","47.27","31.18"
"63","000","00","005","0514","1041","677","488","189","38","715","1502","0","47.6","32.49"
"63","000","00","005","0514","1042","686","478","208","29","715","1331","0","53.72","35.91"
"63","000","00","005","0514","1043","776","545","231","44","820","1441","0","56.9","37.82"
"63","000","00","005","0515","0000","2106","1433","673","79","2185","3562","0","61.34","40.23"
"63","000","00","005","0515","1044","766","489","277","28","794","1273","0","62.37","38.41"
"63","000","00","005","0515","1045","666","457","209","31","697","1133","0","61.52","40.34"
"63","000","00","005","0515","1046","674","487","187","20","694","1156","0","60.03","42.13"
"63","000","00","005","0516","0000","1516","985","531","62","1578","2643","0","59.7","37.27"
"63","000","00","005","0516","1047","763","474","289","34","797","1377","0","57.88","34.42"
"63","000","00","005","0516","1048","753","511","242","28","781","1266","0","61.69","40.36"
"63","000","00","005","0517","0000","1347","890","457","47","1394","2235","0","62.37","39.82"
"63","000","00","005","0517","1049","686","471","215","27","713","1111","0","64.18","42.39"
"63","000","00","005","0517","1050","661","419","242","20","681","1124","0","60.59","37.28"
"63","000","00","005","0518","0000","1634","1103","531","52","1686","2724","0","61.89","40.49"
"63","000","00","005","0518","1051","816","543","273","29","845","1373","0","61.54","39.55"
"63","000","00","005","0518","1052","818","560","258","23","841","1351","0","62.25","41.45"
"63","000","00","005","0519","0000","5041","3288","1753","121","5162","8679","0","59.48","37.88"
"63","000","00","005","0519","1053","880","572","308","19","899","1495","0","60.13","38.26"
"63","000","00","005","0519","1054","900","576","324","26","926","1436","0","64.48","40.11"
"63","000","00","005","0519","1055","864","553","311","15","879","1516","0","57.98","36.48"
"63","000","00","005","0519","1056","785","514","271","24","809","1374","0","58.88","37.41"
"63","000","00","005","0519","1057","824","555","269","16","840","1522","0","55.19","36.47"
"63","000","00","005","0519","1058","788","518","270","21","809","1336","0","60.55","38.77"
"63","000","00","005","0520","0000","2659","1680","979","94","2753","4648","0","59.23","36.14"
"63","000","00","005","0520","1059","891","549","342","29","920","1551","0","59.32","35.4"
"63","000","00","005","0520","1060","920","586","334","39","959","1594","0","60.16","36.76"
"63","000","00","005","0520","1061","848","545","303","26","874","1503","0","58.15","36.26"
"63","000","00","005","0521","0000","4263","2905","1358","118","4381","7237","0","60.54","40.14"
"63","000","00","005","0521","1062","845","588","257","22","867","1455","0","59.59","40.41"
"63","000","00","005","0521","1063","850","542","308","16","866","1439","0","60.18","37.67"
"63","000","00","005","0521","1064","853","603","250","25","878","1469","0","59.77","41.05"
"63","000","00","005","0521","1065","850","618","232","29","879","1430","0","61.47","43.22"
"63","000","00","005","0521","1066","865","554","311","26","891","1444","0","61.7","38.37"
"63","000","00","005","0522","0000","718","473","245","14","732","1254","0","58.37","37.72"
"63","000","00","005","0522","1067","718","473","245","14","732","1254","0","58.37","37.72"
"63","000","00","005","0523","0000","1845","1219","626","95","1940","3213","0","60.38","37.94"
"63","000","00","005","0523","1068","543","367","176","29","572","932","0","61.37","39.38"
"63","000","00","005","0523","1069","600","376","224","44","644","1055","0","61.04","35.64"
"63","000","00","005","0523","1070","702","476","226","22","724","1226","0","59.05","38.83"
"63","000","00","005","0524","0000","1464","1046","418","54","1518","2726","0","55.69","38.37"
"63","000","00","005","0524","1071","712","555","157","27","739","1390","0","53.17","39.93"
"63","000","00","005","0524","1072","752","491","261","27","779","1336","0","58.31","36.75"
"63","000","00","005","0525","0000","1558","1006","552","57","1615","2780","0","58.09","36.19"
"63","000","00","005","0525","1073","735","466","269","26","761","1419","0","53.63","32.84"
"63","000","00","005","0525","1074","823","540","283","31","854","1361","0","62.75","39.68"
"63","000","00","005","0526","0000","2248","1541","707","45","2293","5016","0","45.71","30.72"
"63","000","00","005","0526","1075","868","606","262","27","895","2520","0","35.52","24.05"
"63","000","00","005","0526","1076","710","488","222","13","723","1224","0","59.07","39.87"
"63","000","00","005","0526","1077","670","447","223","5","675","1272","0","53.07","35.14"
"63","000","00","005","0527","0000","2259","1419","840","79","2338","3951","0","59.17","35.91"
"63","000","00","005","0527","1078","792","478","314","27","819","1400","0","58.5","34.14"
"63","000","00","005","0527","1079","726","454","272","27","753","1319","0","57.09","34.42"
"63","000","00","005","0527","1080","741","487","254","25","766","1232","0","62.18","39.53"
"63","000","00","005","0528","0000","1981","1286","695","79","2060","3274","0","62.92","39.28"
"63","000","00","005","0528","1081","785","506","279","31","816","1265","0","64.51","40.0"
"63","000","00","005","0528","1082","657","419","238","19","676","1055","0","64.08","39.72"
"63","000","00","005","0528","1083","539","361","178","29","568","954","0","59.54","37.84"
"63","000","00","005","0529","0000","2639","1673","966","107","2746","4703","0","58.39","35.57"
"63","000","00","005","0529","1084","610","412","198","19","629","1018","0","61.79","40.47"
"63","000","00","005","0529","1085","793","494","299","32","825","1431","0","57.65","34.52"
"63","000","00","005","0529","1086","643","386","257","34","677","1271","0","53.27","30.37"
"63","000","00","005","0529","1087","593","381","212","22","615","983","0","62.56","38.76"
"63","000","00","005","0530","0000","3586","2345","1241","120","3706","6409","0","57.82","36.59"
"63","000","00","005","0530","1088","883","583","300","35","918","1594","0","57.59","36.57"
"63","000","00","005","0530","1089","911","595","316","32","943","1565","0","60.26","38.02"
"63","000","00","005","0530","1090","932","604","328","26","958","1650","0","58.06","36.61"
"63","000","00","005","0530","1091","860","563","297","27","887","1600","0","55.44","35.19"
"63","000","00","005","0531","0000","4124","2613","1511","120","4244","7227","0","58.72","36.16"
"63","000","00","005","0531","1092","774","484","290","20","794","1391","0","57.08","34.8"
"63","000","00","005","0531","1093","983","633","350","22","1005","1769","0","56.81","35.78"
"63","000","00","005","0531","1094","846","527","319","31","877","1487","0","58.98","35.44"
"63","000","00","005","0531","1095","758","488","270","26","784","1291","0","60.73","37.8"
"63","000","00","005","0531","1096","763","481","282","21","784","1289","0","60.82","37.32"
"63","000","00","006","0000","0000","60202","39399","20803","2626","62828","107557","127833","58.41","36.63"
"63","000","00","006","0601","0000","1509","956","553","84","1593","2613","0","60.96","36.59"
"63","000","00","006","0601","0919","707","443","264","49","756","1261","0","59.95","35.13"
"63","000","00","006","0601","0920","802","513","289","35","837","1352","0","61.91","37.94"
"63","000","00","006","0602","0000","1610","1080","530","75","1685","2972","0","56.7","36.34"
"63","000","00","006","0602","0921","815","530","285","30","845","1462","0","57.8","36.25"
"63","000","00","006","0602","0922","795","550","245","45","840","1510","0","55.63","36.42"
"63","000","00","006","0603","0000","2231","1458","773","100","2331","4132","0","56.41","35.29"
"63","000","00","006","0603","0923","785","498","287","24","809","1496","0","54.08","33.29"
"63","000","00","006","0603","0924","730","479","251","24","754","1329","0","56.73","36.04"
"63","000","00","006","0603","0925","716","481","235","52","768","1307","0","58.76","36.8"
"63","000","00","006","0604","0000","1870","1159","711","83","1953","3197","0","61.09","36.25"
"63","000","00","006","0604","0926","607","374","233","27","634","1065","0","59.53","35.12"
"63","000","00","006","0604","0927","623","387","236","19","642","1085","0","59.17","35.67"
"63","000","00","006","0604","0928","640","398","242","37","677","1047","0","64.66","38.01"
"63","000","00","006","0605","0000","2719","1797","922","110","2829","4703","0","60.15","38.21"
"63","000","00","006","0605","0929","639","371","268","27","666","1215","0","54.81","30.53"
"63","000","00","006","0605","0930","677","422","255","24","701","1117","0","62.76","37.78"
"63","000","00","006","0605","0931","710","549","161","23","733","1186","0","61.8","46.29"
"63","000","00","006","0605","0932","693","455","238","36","729","1185","0","61.52","38.4"
"63","000","00","006","0606","0000","2266","1472","794","72","2338","3923","0","59.6","37.52"
"63","000","00","006","0606","0933","762","512","250","27","789","1359","0","58.06","37.67"
"63","000","00","006","0606","0934","721","486","235","16","737","1273","0","57.89","38.18"
"63","000","00","006","0606","0935","783","474","309","29","812","1291","0","62.9","36.72"
"63","000","00","006","0607","0000","2961","1881","1080","98","3059","5142","0","59.49","36.58"
"63","000","00","006","0607","0936","700","450","250","21","721","1288","0","55.98","34.94"
"63","000","00","006","0607","0937","766","500","266","27","793","1245","0","63.69","40.16"
"63","000","00","006","0607","0938","764","466","298","31","795","1261","0","63.05","36.95"
"63","000","00","006","0607","0939","731","465","266","19","750","1348","0","55.64","34.5"
"63","000","00","006","0608","0000","2477","1615","862","127","2604","4303","0","60.52","37.53"
"63","000","00","006","0608","0940","942","588","354","49","991","1676","0","59.13","35.08"
"63","000","00","006","0608","0941","775","521","254","37","812","1311","0","61.94","39.74"
"63","000","00","006","0608","0942","760","506","254","41","801","1316","0","60.87","38.45"
"63","000","00","006","0609","0000","2414","1524","890","126","2540","4253","0","59.72","35.83"
"63","000","00","006","0609","0943","784","499","285","48","832","1409","0","59.05","35.42"
"63","000","00","006","0609","0944","833","509","324","38","871","1436","0","60.65","35.45"
"63","000","00","006","0609","0945","797","516","281","40","837","1408","0","59.45","36.65"
"63","000","00","006","0610","0000","2099","1392","707","61","2160","3710","0","58.22","37.52"
"63","000","00","006","0610","0946","710","481","229","27","737","1276","0","57.76","37.7"
"63","000","00","006","0610","0947","629","433","196","14","643","1110","0","57.93","39.01"
"63","000","00","006","0610","0948","760","478","282","20","780","1324","0","58.91","36.1"
"63","000","00","006","0611","0000","4655","3264","1391","188","4843","7949","0","60.93","41.06"
"63","000","00","006","0611","0949","564","384","180","25","589","1016","0","57.97","37.8"
"63","000","00","006","0611","0950","623","421","202","21","644","1028","0","62.65","40.95"
"63","000","00","006","0611","0951","680","471","209","27","707","1158","0","61.05","40.67"
"63","000","00","006","0611","0952","680","467","213","26","706","1138","0","62.04","41.04"
"63","000","00","006","0611","0953","706","471","235","29","735","1214","0","60.54","38.8"
"63","000","00","006","0611","0954","614","421","193","24","638","1090","0","58.53","38.62"
"63","000","00","006","0611","0955","788","629","159","36","824","1305","0","63.14","48.2"
"63","000","00","006","0612","0000","2027","1309","718","73","2100","3518","0","59.69","37.21"
"63","000","00","006","0612","0956","647","424","223","19","666","1167","0","57.07","36.33"
"63","000","00","006","0612","0957","649","411","238","28","677","1148","0","58.97","35.8"
"63","000","00","006","0612","0958","731","474","257","26","757","1203","0","62.93","39.4"
"63","000","00","006","0613","0000","3088","1944","1144","127","3215","5427","0","59.24","35.82"
"63","000","00","006","0613","0959","799","503","296","21","820","1441","0","56.9","34.91"
"63","000","00","006","0613","0960","779","513","266","44","823","1315","0","62.59","39.01"
"63","000","00","006","0613","0961","776","478","298","31","807","1393","0","57.93","34.31"
"63","000","00","006","0613","0962","734","450","284","31","765","1278","0","59.86","35.21"
"63","000","00","006","0614","0000","1286","847","439","67","1353","2388","0","56.66","35.47"
"63","000","00","006","0614","0963","654","415","239","27","681","1246","0","54.65","33.31"
"63","000","00","006","0614","0964","632","432","200","40","672","1142","0","58.84","37.83"
"63","000","00","006","0615","0000","1596","1043","553","74","1670","2699","0","61.87","38.64"
"63","000","00","006","0615","0965","800","543","257","34","834","1336","0","62.43","40.64"
"63","000","00","006","0615","0966","796","500","296","40","836","1363","0","61.34","36.68"
"63","000","00","006","0616","0000","2474","1617","857","70","2544","4354","0","58.43","37.14"
"63","000","00","006","0616","0967","862","581","281","15","877","1476","0","59.42","39.36"
"63","000","00","006","0616","0968","812","490","322","30","842","1418","0","59.38","34.56"
"63","000","00","006","0616","0969","800","546","254","25","825","1460","0","56.51","37.4"
"63","000","00","006","0617","0000","1197","790","407","98","1295","2468","0","52.47","32.01"
"63","000","00","006","0617","0970","598","385","213","38","636","1222","0","52.05","31.51"
"63","000","00","006","0617","0971","599","405","194","60","659","1246","0","52.89","32.5"
"63","000","00","006","0618","0000","2214","1431","783","83","2297","3885","0","59.12","36.83"
"63","000","00","006","0618","0972","751","501","250","36","787","1256","0","62.66","39.89"
"63","000","00","006","0618","0973","743","467","276","20","763","1289","0","59.19","36.23"
"63","000","00","006","0618","0974","720","463","257","27","747","1340","0","55.75","34.55"
"63","000","00","006","0619","0000","1619","1077","542","73","1692","4014","0","42.15","26.83"
"63","000","00","006","0619","0975","810","499","311","37","847","1555","0","54.47","32.09"
"63","000","00","006","0619","0976","809","578","231","36","845","2459","0","34.36","23.51"
"63","000","00","006","0620","0000","2403","1588","815","143","2546","4466","0","57.01","35.56"
"63","000","00","006","0620","0977","507","363","144","36","543","1108","0","49.01","32.76"
"63","000","00","006","0620","0978","456","327","129","35","491","867","0","56.63","37.72"
"63","000","00","006","0620","0979","787","500","287","43","830","1329","0","62.45","37.62"
"63","000","00","006","0620","0980","653","398","255","29","682","1162","0","58.69","34.25"
"63","000","00","006","0621","0000","3048","1964","1084","152","3200","5823","0","54.95","33.73"
"63","000","00","006","0621","0981","738","494","244","56","794","1434","0","55.37","34.45"
"63","000","00","006","0621","0982","755","483","272","40","795","1351","0","58.85","35.75"
"63","000","00","006","0621","0983","807","534","273","31","838","1531","0","54.74","34.88"
"63","000","00","006","0621","0984","748","453","295","25","773","1507","0","51.29","30.06"
"63","000","00","006","0622","0000","4057","2644","1413","140","4197","7142","0","58.77","37.02"
"63","000","00","006","0622","0985","811","493","318","30","841","1488","0","56.52","33.13"
"63","000","00","006","0622","0986","816","542","274","37","853","1384","0","61.63","39.16"
"63","000","00","006","0622","0987","824","570","254","34","858","1460","0","58.77","39.04"
"63","000","00","006","0622","0988","816","534","282","26","842","1371","0","61.42","38.95"
"63","000","00","006","0622","0989","790","505","285","13","803","1439","0","55.8","35.09"
"63","000","00","006","0624","0000","3002","1975","1027","141","3143","5195","0","60.5","38.02"
"63","000","00","006","0624","0990","796","506","290","37","833","1376","0","60.54","36.77"
"63","000","00","006","0624","0991","746","510","236","39","785","1366","0","57.47","37.34"
"63","000","00","006","0624","0992","757","490","267","36","793","1218","0","65.11","40.23"
"63","000","00","006","0624","0993","703","469","234","29","732","1235","0","59.27","37.98"
"63","000","00","006","0625","0000","3222","2124","1098","152","3374","5651","0","59.71","37.59"
"63","000","00","006","0625","0994","745","549","196","18","763","1364","0","55.94","40.25"
"63","000","00","006","0625","0995","816","515","301","48","864","1408","0","61.36","36.58"
"63","000","00","006","0625","0996","812","515","297","42","854","1450","0","58.9","35.52"
"63","000","00","006","0625","0997","849","545","304","44","893","1429","0","62.49","38.14"
"63","000","00","006","0626","0000","2158","1448","710","109","2267","3630","0","62.45","39.89"
"63","000","00","006","0626","0998","694","476","218","33","727","1170","0","62.14","40.68"
"63","000","00","006","0626","0999","706","463","243","33","739","1245","0","59.36","37.19"
"63","000","00","006","0626","1000","758","509","249","43","801","1215","0","65.93","41.89"
"63","000","00","007","0000","0000","87981","59594","28387","4037","92018","164020","189875","56.1","36.33"
"63","000","00","007","0701","0000","2551","1710","841","115","2666","4833","0","55.16","35.38"
"63","000","00","007","0701","1097","739","491","248","35","774","1305","0","59.31","37.62"
"63","000","00","007","0701","1098","565","397","168","41","606","1183","0","51.23","33.56"
"63","000","00","007","0701","1099","652","444","208","18","670","1176","0","56.97","37.76"
"63","000","00","007","0701","1100","595","378","217","21","616","1169","0","52.69","32.34"
"63","000","00","007","0702","0000","1430","996","434","68","1498","3020","0","49.6","32.98"
"63","000","00","007","0702","1101","720","522","198","25","745","1457","0","51.13","35.83"
"63","000","00","007","0702","1102","710","474","236","43","753","1563","0","48.18","30.33"
"63","000","00","007","0703","0000","1660","1037","623","47","1707","3386","0","50.41","30.63"
"63","000","00","007","0703","1103","848","535","313","23","871","1771","0","49.18","30.21"
"63","000","00","007","0703","1104","812","502","310","24","836","1615","0","51.76","31.08"
"63","000","00","007","0704","0000","3015","2009","1006","161","3176","5794","0","54.82","34.67"
"63","000","00","007","0704","1105","773","524","249","56","829","1478","0","56.09","35.45"
"63","000","00","007","0704","1106","783","512","271","32","815","1462","0","55.75","35.02"
"63","000","00","007","0704","1107","700","488","212","39","739","1507","0","49.04","32.38"
"63","000","00","007","0704","1108","759","485","274","34","793","1347","0","58.87","36.01"
"63","000","00","007","0705","0000","3015","1939","1076","145","3160","5489","0","57.57","35.33"
"63","000","00","007","0705","1109","693","446","247","37","730","1367","0","53.4","32.63"
"63","000","00","007","0705","1110","757","507","250","29","786","1277","0","61.55","39.7"
"63","000","00","007","0705","1111","809","510","299","39","848","1395","0","60.79","36.56"
"63","000","00","007","0705","1112","756","476","280","40","796","1450","0","54.9","32.83"
"63","000","00","007","0706","0000","2663","1829","834","151","2814","5192","0","54.2","35.23"
"63","000","00","007","0706","1113","667","429","238","31","698","1340","0","52.09","32.01"
"63","000","00","007","0706","1114","637","422","215","34","671","1242","0","54.03","33.98"
"63","000","00","007","0706","1115","672","476","196","47","719","1286","0","55.91","37.01"
"63","000","00","007","0706","1116","687","502","185","39","726","1324","0","54.83","37.92"
"63","000","00","007","0707","0000","2214","1499","715","123","2337","4411","0","52.98","33.98"
"63","000","00","007","0707","1117","822","528","294","44","866","1619","0","53.49","32.61"
"63","000","00","007","0707","1118","638","441","197","41","679","1352","0","50.22","32.62"
"63","000","00","007","0707","1119","754","530","224","38","792","1440","0","55.0","36.81"
"63","000","00","007","0708","0000","1977","1297","680","128","2105","3514","0","59.9","36.91"
"63","000","00","007","0708","1120","690","430","260","34","724","1194","0","60.64","36.01"
"63","000","00","007","0708","1121","645","447","198","49","694","1083","0","64.08","41.27"
"63","000","00","007","0708","1122","642","420","222","45","687","1237","0","55.54","33.95"
"63","000","00","007","0709","0000","2395","1520","875","109","2504","4301","0","58.22","35.34"
"63","000","00","007","0709","1123","857","544","313","41","898","1625","0","55.26","33.48"
"63","000","00","007","0709","1124","766","496","270","37","803","1324","0","60.65","37.46"
"63","000","00","007","0709","1125","772","480","292","31","803","1352","0","59.39","35.5"
"63","000","00","007","0710","0000","2373","1541","832","92","2465","5559","0","44.34","27.72"
"63","000","00","007","0710","1126","726","484","242","31","757","2630","0","28.78","18.4"
"63","000","00","007","0710","1127","876","567","309","35","911","1504","0","60.57","37.7"
"63","000","00","007","0710","1128","771","490","281","26","797","1425","0","55.93","34.39"
"63","000","00","007","0711","0000","3378","2168","1210","167","3545","6398","0","55.41","33.89"
"63","000","00","007","0711","1144","550","366","184","30","580","1052","0","55.13","34.79"
"63","000","00","007","0711","1145","619","381","238","26","645","1135","0","56.83","33.57"
"63","000","00","007","0711","1146","655","430","225","43","698","1225","0","56.98","35.1"
"63","000","00","007","0711","1147","794","533","261","38","832","1583","0","52.56","33.67"
"63","000","00","007","0711","1148","760","458","302","30","790","1403","0","56.31","32.64"
"63","000","00","007","0712","0000","2290","1463","827","107","2397","3995","0","60.0","36.62"
"63","000","00","007","0712","1149","780","510","270","37","817","1406","0","58.11","36.27"
"63","000","00","007","0712","1150","822","527","295","37","859","1401","0","61.31","37.62"
"63","000","00","007","0712","1151","688","426","262","33","721","1188","0","60.69","35.86"
"63","000","00","007","0713","0000","1722","1297","425","79","1801","3076","0","58.55","42.17"
"63","000","00","007","0713","1198","781","574","207","38","819","1485","0","55.15","38.65"
"63","000","00","007","0713","1199","941","723","218","41","982","1591","0","61.72","45.44"
"63","000","00","007","0714","0000","4401","3091","1310","153","4554","7544","0","60.37","40.97"
"63","000","00","007","0714","1200","870","629","241","27","897","1394","0","64.35","45.12"
"63","000","00","007","0714","1201","859","588","271","27","886","1522","0","58.21","38.63"
"63","000","00","007","0714","1202","975","704","271","34","1009","1661","0","60.75","42.38"
"63","000","00","007","0714","1203","841","570","271","27","868","1561","0","55.61","36.52"
"63","000","00","007","0714","1204","856","600","256","38","894","1406","0","63.58","42.67"
"63","000","00","007","0715","0000","2736","1820","916","118","2854","4891","0","58.35","37.21"
"63","000","00","007","0715","1137","657","420","237","25","682","1228","0","55.54","34.2"
"63","000","00","007","0715","1138","685","470","215","36","721","1268","0","56.86","37.07"
"63","000","00","007","0715","1139","701","475","226","34","735","1207","0","60.89","39.35"
"63","000","00","007","0715","1140","693","455","238","23","716","1188","0","60.27","38.3"
"63","000","00","007","0716","0000","3171","2108","1063","152","3323","6228","0","53.36","33.85"
"63","000","00","007","0716","1152","814","558","256","55","869","1597","0","54.41","34.94"
"63","000","00","007","0716","1153","754","508","246","43","797","1290","0","61.78","39.38"
"63","000","00","007","0716","1154","863","563","300","24","887","1746","0","50.8","32.25"
"63","000","00","007","0716","1155","740","479","261","30","770","1595","0","48.28","30.03"
"63","000","00","007","0717","0000","1834","1285","549","81","1915","3860","0","49.61","33.29"
"63","000","00","007","0717","1141","769","519","250","33","802","1474","0","54.41","35.21"
"63","000","00","007","0717","1142","611","434","177","23","634","1304","0","48.62","33.28"
"63","000","00","007","0717","1143","454","332","122","25","479","1082","0","44.27","30.68"
"63","000","00","007","0718","0000","4184","2837","1347","190","4374","7643","0","57.23","37.12"
"63","000","00","007","0718","1132","808","525","283","37","845","1447","0","58.4","36.28"
"63","000","00","007","0718","1133","800","556","244","45","845","1491","0","56.67","37.29"
"63","000","00","007","0718","1134","869","585","284","25","894","1500","0","59.6","39.0"
"63","000","00","007","0718","1135","895","604","291","42","937","1582","0","59.23","38.18"
"63","000","00","007","0718","1136","812","567","245","41","853","1623","0","52.56","34.94"
"63","000","00","007","0719","0000","2381","1588","793","112","2493","4677","0","53.3","33.95"
"63","000","00","007","0719","1129","791","527","264","36","827","1591","0","51.98","33.12"
"63","000","00","007","0719","1130","783","534","249","31","814","1474","0","55.22","36.23"
"63","000","00","007","0719","1131","807","527","280","45","852","1612","0","52.85","32.69"
"63","000","00","007","0720","0000","1940","1284","656","66","2006","3212","0","62.45","39.98"
"63","000","00","007","0720","1163","606","411","195","23","629","1036","0","60.71","39.67"
"63","000","00","007","0720","1164","646","418","228","19","665","1035","0","64.25","40.39"
"63","000","00","007","0720","1165","688","455","233","24","712","1141","0","62.4","39.88"
"63","000","00","007","0721","0000","2809","1988","821","116","2925","5522","0","52.97","36.0"
"63","000","00","007","0721","1205","705","489","216","23","728","1498","0","48.6","32.64"
"63","000","00","007","0721","1206","675","482","193","39","714","1478","0","48.31","32.61"
"63","000","00","007","0721","1207","626","443","183","32","658","1170","0","56.24","37.86"
"63","000","00","007","0721","1208","803","574","229","22","825","1376","0","59.96","41.72"
"63","000","00","007","0722","0000","2227","1494","733","109","2336","3885","0","60.13","38.46"
"63","000","00","007","0722","1166","739","506","233","22","761","1271","0","59.87","39.81"
"63","000","00","007","0722","1167","752","492","260","57","809","1328","0","60.92","37.05"
"63","000","00","007","0722","1168","736","496","240","30","766","1286","0","59.56","38.57"
"63","000","00","007","0723","0000","1627","1131","496","69","1696","2903","0","58.42","38.96"
"63","000","00","007","0723","1172","928","648","280","34","962","1623","0","59.27","39.93"
"63","000","00","007","0723","1173","699","483","216","35","734","1280","0","57.34","37.73"
"63","000","00","007","0724","0000","3042","2105","937","209","3251","6128","0","53.05","34.35"
"63","000","00","007","0724","1156","882","593","289","58","940","1701","0","55.26","34.86"
"63","000","00","007","0724","1157","611","417","194","51","662","1339","0","49.44","31.14"
"63","000","00","007","0724","1158","682","489","193","55","737","1484","0","49.66","32.95"
"63","000","00","007","0724","1159","867","606","261","45","912","1604","0","56.86","37.78"
"63","000","00","007","0725","0000","2632","1742","890","109","2741","4923","0","55.68","35.38"
"63","000","00","007","0725","1169","954","626","328","43","997","1679","0","59.38","37.28"
"63","000","00","007","0725","1170","883","579","304","36","919","1619","0","56.76","35.76"
"63","000","00","007","0725","1171","795","537","258","30","825","1625","0","50.77","33.05"
"63","000","00","007","0726","0000","2123","1394","729","109","2232","3767","0","59.25","37.01"
"63","000","00","007","0726","1160","678","467","211","32","710","1197","0","59.31","39.01"
"63","000","00","007","0726","1161","687","444","243","51","738","1347","0","54.79","32.96"
"63","000","00","007","0726","1162","758","483","275","26","784","1223","0","64.1","39.49"
"63","000","00","007","0727","0000","1687","1142","545","78","1765","2911","0","60.63","39.23"
"63","000","00","007","0727","1180","799","534","265","35","834","1342","0","62.15","39.79"
"63","000","00","007","0727","1181","888","608","280","43","931","1569","0","59.34","38.75"
"63","000","00","007","0728","0000","2281","1508","773","73","2354","4194","0","56.13","35.96"
"63","000","00","007","0728","1177","780","508","272","20","800","1373","0","58.27","37.0"
"63","000","00","007","0728","1178","753","504","249","28","781","1394","0","56.03","36.15"
"63","000","00","007","0728","1179","748","496","252","25","773","1427","0","54.17","34.76"
"63","000","00","007","0729","0000","1569","1088","481","61","1630","3234","0","50.4","33.64"
"63","000","00","007","0729","1182","742","515","227","31","773","1514","0","51.06","34.02"
"63","000","00","007","0729","1183","827","573","254","30","857","1720","0","49.83","33.31"
"63","000","00","007","0730","0000","2552","1709","843","105","2657","4533","0","58.61","37.7"
"63","000","00","007","0730","1174","861","571","290","38","899","1608","0","55.91","35.51"
"63","000","00","007","0730","1175","811","545","266","40","851","1453","0","58.57","37.51"
"63","000","00","007","0730","1176","880","593","287","27","907","1472","0","61.62","40.29"
"63","000","00","007","0731","0000","2218","1544","674","101","2319","4154","0","55.83","37.17"
"63","000","00","007","0731","1188","681","488","193","32","713","1307","0","54.55","37.34"
"63","000","00","007","0731","1189","798","555","243","41","839","1420","0","59.08","39.08"
"63","000","00","007","0731","1190","739","501","238","28","767","1427","0","53.75","35.11"
"63","000","00","007","0732","0000","3196","2204","992","130","3326","5505","0","60.42","40.04"
"63","000","00","007","0732","1184","879","606","273","41","920","1461","0","62.97","41.48"
"63","000","00","007","0732","1185","686","479","207","30","716","1264","0","56.65","37.9"
"63","000","00","007","0732","1186","804","560","244","34","838","1334","0","62.82","41.98"
"63","000","00","007","0732","1187","827","559","268","25","852","1446","0","58.92","38.66"
"63","000","00","007","0733","0000","2717","1920","797","150","2867","4900","0","58.51","39.18"
"63","000","00","007","0733","1191","517","365","152","30","547","956","0","57.22","38.18"
"63","000","00","007","0733","1192","758","519","239","48","806","1352","0","59.62","38.39"
"63","000","00","007","0733","1193","734","529","205","46","780","1370","0","56.93","38.61"
"63","000","00","007","0733","1194","708","507","201","26","734","1222","0","60.07","41.49"
"63","000","00","007","0734","0000","2429","1817","612","107","2536","4365","0","58.1","41.63"
"63","000","00","007","0734","1195","798","633","165","39","837","1375","0","60.87","46.04"
"63","000","00","007","0734","1196","826","601","225","41","867","1463","0","59.26","41.08"
"63","000","00","007","0734","1197","805","583","222","27","832","1527","0","54.49","38.18"
"63","000","00","007","0735","0000","1919","1372","547","81","2000","3296","0","60.68","41.63"
"63","000","00","007","0735","1209","620","438","182","16","636","1093","0","58.19","40.07"
"63","000","00","007","0735","1210","657","476","181","30","687","1084","0","63.38","43.91"
"63","000","00","007","0735","1211","642","458","184","35","677","1119","0","60.5","40.93"
"63","000","00","007","0736","0000","1623","1118","505","66","1689","2777","0","60.82","40.26"
"63","000","00","007","0736","1212","822","578","244","38","860","1381","0","62.27","41.85"
"63","000","00","007","0736","1213","801","540","261","28","829","1396","0","59.38","38.68"
"63","000","00","008","0000","0000","131087","86838","44249","4971","136058","227211","273883","59.88","38.22"
"63","000","00","008","0801","0000","3513","2352","1161","122","3635","6228","0","58.37","37.76"
"63","000","00","008","0801","1402","846","552","294","31","877","1539","0","56.99","35.87"
"63","000","00","008","0801","1403","834","576","258","17","851","1548","0","54.97","37.21"
"63","000","00","008","0801","1404","863","591","272","42","905","1493","0","60.62","39.58"
"63","000","00","008","0801","1405","970","633","337","32","1002","1648","0","60.8","38.41"
"63","000","00","008","0802","0000","3555","2408","1147","113","3668","6155","0","59.59","39.12"
"63","000","00","008","0802","1406","871","591","280","27","898","1544","0","58.16","38.28"
"63","000","00","008","0802","1407","879","610","269","30","909","1557","0","58.38","39.18"
"63","000","00","008","0802","1408","842","558","284","29","871","1514","0","57.53","36.86"
"63","000","00","008","0802","1409","963","649","314","27","990","1540","0","64.29","42.14"
"63","000","00","008","0803","0000","2586","1748","838","102","2688","4365","0","61.58","40.05"
"63","000","00","008","0803","1410","880","592","288","29","909","1466","0","62.01","40.38"
"63","000","00","008","0803","1411","860","589","271","38","898","1444","0","62.19","40.79"
"63","000","00","008","0803","1412","846","567","279","35","881","1455","0","60.55","38.97"
"63","000","00","008","0804","0000","3110","2051","1059","108","3218","5676","0","56.69","36.13"
"63","000","00","008","0804","1413","784","533","251","27","811","1440","0","56.32","37.01"
"63","000","00","008","0804","1414","719","458","261","41","760","1398","0","54.36","32.76"
"63","000","00","008","0804","1415","800","508","292","13","813","1412","0","57.58","35.98"
"63","000","00","008","0804","1416","807","552","255","27","834","1426","0","58.49","38.71"
"63","000","00","008","0805","0000","2494","1623","871","81","2575","4345","0","59.26","37.35"
"63","000","00","008","0805","1417","829","552","277","28","857","1437","0","59.64","38.41"
"63","000","00","008","0805","1418","777","509","268","28","805","1340","0","60.07","37.99"
"63","000","00","008","0805","1419","888","562","326","25","913","1568","0","58.23","35.84"
"63","000","00","008","0806","0000","2881","1922","959","98","2979","5016","0","59.39","38.32"
"63","000","00","008","0806","1420","784","544","240","18","802","1372","0","58.45","39.65"
"63","000","00","008","0806","1421","593","380","213","24","617","1046","0","58.99","36.33"
"63","000","00","008","0806","1422","737","477","260","35","772","1274","0","60.6","37.44"
"63","000","00","008","0806","1423","767","521","246","21","788","1324","0","59.52","39.35"
"63","000","00","008","0807","0000","2853","1868","985","86","2939","4829","0","60.86","38.68"
"63","000","00","008","0807","1424","968","642","326","26","994","1722","0","57.72","37.28"
"63","000","00","008","0807","1425","1039","691","348","39","1078","1737","0","62.06","39.78"
"63","000","00","008","0807","1426","846","535","311","21","867","1370","0","63.28","39.05"
"63","000","00","008","0808","0000","2327","1520","807","105","2432","3961","0","61.4","38.37"
"63","000","00","008","0808","1427","859","557","302","38","897","1495","0","60.0","37.26"
"63","000","00","008","0808","1428","772","491","281","38","810","1328","0","60.99","36.97"
"63","000","00","008","0808","1429","696","472","224","29","725","1138","0","63.71","41.48"
"63","000","00","008","0809","0000","3837","2599","1238","118","3955","6217","0","63.62","41.8"
"63","000","00","008","0809","1430","890","612","278","22","912","1471","0","62.0","41.6"
"63","000","00","008","0809","1431","697","466","231","18","715","1144","0","62.5","40.73"
"63","000","00","008","0809","1432","724","480","244","28","752","1176","0","63.95","40.82"
"63","000","00","008","0809","1433","751","527","224","30","781","1212","0","64.44","43.48"
"63","000","00","008","0809","1434","775","514","261","20","795","1214","0","65.49","42.34"
"63","000","00","008","0810","0000","2647","1805","842","120","2767","4778","0","57.91","37.78"
"63","000","00","008","0810","1435","651","411","240","23","674","1170","0","57.61","35.13"
"63","000","00","008","0810","1436","772","505","267","33","805","1308","0","61.54","38.61"
"63","000","00","008","0810","1437","684","450","234","38","722","1190","0","60.67","37.82"
"63","000","00","008","0810","1438","540","439","101","26","566","1110","0","50.99","39.55"
"63","000","00","008","0811","0000","1686","1174","512","68","1754","2899","0","60.5","40.5"
"63","000","00","008","0811","1439","860","588","272","31","891","1512","0","58.93","38.89"
"63","000","00","008","0811","1440","826","586","240","37","863","1387","0","62.22","42.25"
"63","000","00","008","0812","0000","2441","1609","832","107","2548","4209","0","60.54","38.23"
"63","000","00","008","0812","1441","782","519","263","36","818","1355","0","60.37","38.3"
"63","000","00","008","0812","1442","785","503","282","40","825","1370","0","60.22","36.72"
"63","000","00","008","0812","1443","874","587","287","31","905","1484","0","60.98","39.56"
"63","000","00","008","0813","0000","2492","1630","862","111","2603","4240","0","61.39","38.44"
"63","000","00","008","0813","1444","996","647","349","52","1048","1786","0","58.68","36.23"
"63","000","00","008","0813","1445","735","512","223","36","771","1260","0","61.19","40.63"
"63","000","00","008","0813","1446","761","471","290","23","784","1194","0","65.66","39.45"
"63","000","00","008","0814","0000","1685","1113","572","80","1765","2936","0","60.12","37.91"
"63","000","00","008","0814","1450","800","538","262","53","853","1450","0","58.83","37.1"
"63","000","00","008","0814","1451","885","575","310","27","912","1486","0","61.37","38.69"
"63","000","00","008","0815","0000","3901","2600","1301","124","4025","6643","0","60.59","39.14"
"63","000","00","008","0815","1452","753","515","238","20","773","1259","0","61.4","40.91"
"63","000","00","008","0815","1453","805","533","272","15","820","1317","0","62.26","40.47"
"63","000","00","008","0815","1454","806","540","266","28","834","1321","0","63.13","40.88"
"63","000","00","008","0815","1455","833","550","283","33","866","1475","0","58.71","37.29"
"63","000","00","008","0815","1456","704","462","242","28","732","1271","0","57.59","36.35"
"63","000","00","008","0816","0000","2965","1974","991","102","3067","5159","0","59.45","38.26"
"63","000","00","008","0816","1457","949","619","330","27","976","1609","0","60.66","38.47"
"63","000","00","008","0816","1458","830","582","248","22","852","1501","0","56.76","38.77"
"63","000","00","008","0816","1459","527","347","180","25","552","997","0","55.37","34.8"
"63","000","00","008","0816","1460","659","426","233","28","687","1052","0","65.3","40.49"
"63","000","00","008","0817","0000","2879","1925","954","110","2989","4847","0","61.67","39.72"
"63","000","00","008","0817","1461","734","499","235","31","765","1247","0","61.35","40.02"
"63","000","00","008","0817","1462","687","443","244","37","724","1167","0","62.04","37.96"
"63","000","00","008","0817","1463","769","513","256","17","786","1280","0","61.41","40.08"
"63","000","00","008","0817","1464","689","470","219","25","714","1153","0","61.93","40.76"
"63","000","00","008","0818","0000","3515","2398","1117","114","3629","5817","0","62.39","41.22"
"63","000","00","008","0818","1465","904","604","300","35","939","1557","0","60.31","38.79"
"63","000","00","008","0818","1466","828","581","247","35","863","1444","0","59.76","40.24"
"63","000","00","008","0818","1467","925","611","314","20","945","1459","0","64.77","41.88"
"63","000","00","008","0818","1468","858","602","256","24","882","1357","0","65.0","44.36"
"63","000","00","008","0819","0000","3033","2001","1032","127","3160","4847","0","65.19","41.28"
"63","000","00","008","0819","1469","768","521","247","27","795","1194","0","66.58","43.63"
"63","000","00","008","0819","1470","725","476","249","42","767","1184","0","64.78","40.2"
"63","000","00","008","0819","1471","704","454","250","31","735","1119","0","65.68","40.57"
"63","000","00","008","0819","1472","836","550","286","27","863","1350","0","63.93","40.74"
"63","000","00","008","0820","0000","4337","2947","1390","126","4463","7265","0","61.43","40.56"
"63","000","00","008","0820","1473","818","576","242","30","848","1502","0","56.46","38.35"
"63","000","00","008","0820","1474","889","615","274","29","918","1511","0","60.75","40.7"
"63","000","00","008","0820","1475","917","583","334","21","938","1481","0","63.34","39.37"
"63","000","00","008","0820","1476","921","630","291","27","948","1477","0","64.18","42.65"
"63","000","00","008","0820","1477","792","543","249","19","811","1294","0","62.67","41.96"
"63","000","00","008","0821","0000","2190","1461","729","72","2262","3516","0","64.33","41.55"
"63","000","00","008","0821","1478","688","456","232","21","709","1040","0","68.17","43.85"
"63","000","00","008","0821","1479","809","551","258","26","835","1323","0","63.11","41.65"
"63","000","00","008","0821","1480","693","454","239","25","718","1153","0","62.27","39.38"
"63","000","00","008","0822","0000","3389","2166","1223","132","3521","5896","0","59.72","36.74"
"63","000","00","008","0822","1481","860","581","279","31","891","1525","0","58.43","38.1"
"63","000","00","008","0822","1482","755","531","224","35","790","1412","0","55.95","37.61"
"63","000","00","008","0822","1483","890","550","340","34","924","1473","0","62.73","37.34"
"63","000","00","008","0822","1484","884","504","380","32","916","1486","0","61.64","33.92"
"63","000","00","008","0823","0000","3653","2465","1188","123","3776","6013","0","62.8","40.99"
"63","000","00","008","0823","1485","990","651","339","28","1018","1616","0","63.0","40.28"
"63","000","00","008","0823","1486","920","629","291","35","955","1489","0","64.14","42.24"
"63","000","00","008","0823","1487","813","576","237","29","842","1414","0","59.55","40.74"
"63","000","00","008","0823","1488","930","609","321","31","961","1494","0","64.32","40.76"
"63","000","00","008","0824","0000","4730","3137","1593","157","4887","7764","0","62.94","40.4"
"63","000","00","008","0824","1489","928","640","288","36","964","1547","0","62.31","41.37"
"63","000","00","008","0824","1490","941","637","304","30","971","1587","0","61.18","40.14"
"63","000","00","008","0824","1491","962","612","350","30","992","1515","0","65.48","40.4"
"63","000","00","008","0824","1492","961","648","313","31","992","1573","0","63.06","41.2"
"63","000","00","008","0824","1493","938","600","338","30","968","1542","0","62.78","38.91"
"63","000","00","008","0825","0000","1771","1183","588","91","1862","3536","0","52.66","33.46"
"63","000","00","008","0825","1494","779","523","256","32","811","1465","0","55.36","35.7"
"63","000","00","008","0825","1495","312","210","102","25","337","699","0","48.21","30.04"
"63","000","00","008","0825","1496","680","450","230","34","714","1372","0","52.04","32.8"
"63","000","00","008","0826","0000","3359","2223","1136","145","3504","6057","0","57.85","36.7"
"63","000","00","008","0826","1497","708","480","228","42","750","1448","0","51.8","33.15"
"63","000","00","008","0826","1498","871","597","274","42","913","1548","0","58.98","38.57"
"63","000","00","008","0826","1499","873","568","305","27","900","1501","0","59.96","37.84"
"63","000","00","008","0826","1500","907","578","329","34","941","1560","0","60.32","37.05"
"63","000","00","008","0827","0000","4525","3011","1514","142","4667","7736","0","60.33","38.92"
"63","000","00","008","0827","1501","903","593","310","29","932","1567","0","59.48","37.84"
"63","000","00","008","0827","1502","900","563","337","24","924","1554","0","59.46","36.23"
"63","000","00","008","0827","1503","889","615","274","29","918","1544","0","59.46","39.83"
"63","000","00","008","0827","1504","891","579","312","38","929","1528","0","60.8","37.89"
"63","000","00","008","0827","1505","942","661","281","22","964","1543","0","62.48","42.84"
"63","000","00","008","0828","0000","4289","2850","1439","213","4502","9127","0","49.33","31.23"
"63","000","00","008","0828","1506","912","602","310","52","964","2754","0","35.0","21.86"
"63","000","00","008","0828","1507","854","561","293","40","894","1709","0","52.31","32.83"
"63","000","00","008","0828","1508","821","578","243","50","871","1515","0","57.49","38.15"
"63","000","00","008","0828","1509","822","552","270","40","862","1571","0","54.87","35.14"
"63","000","00","008","0828","1510","880","557","323","31","911","1578","0","57.73","35.3"
"63","000","00","008","0829","0000","3562","2324","1238","170","3732","6503","0","57.39","35.74"
"63","000","00","008","0829","1511","800","532","268","24","824","1454","0","56.67","36.59"
"63","000","00","008","0829","1512","819","532","287","42","861","1436","0","59.96","37.05"
"63","000","00","008","0829","1513","850","604","246","36","886","1402","0","63.2","43.08"
"63","000","00","008","0829","1514","477","262","215","29","506","1117","0","45.3","23.46"
"63","000","00","008","0829","1515","616","394","222","39","655","1094","0","59.87","36.01"
"63","000","00","008","0830","0000","4340","2926","1414","175","4515","7402","0","61.0","39.53"
"63","000","00","008","0830","1519","775","533","242","32","807","1385","0","58.27","38.48"
"63","000","00","008","0830","1520","828","541","287","36","864","1416","0","61.02","38.21"
"63","000","00","008","0830","1521","885","598","287","24","909","1412","0","64.38","42.35"
"63","000","00","008","0830","1522","843","565","278","42","885","1535","0","57.65","36.81"
"63","000","00","008","0830","1523","1009","689","320","41","1050","1654","0","63.48","41.66"
"63","000","00","008","0831","0000","2794","1833","961","107","2901","4781","0","60.68","38.34"
"63","000","00","008","0831","1524","705","474","231","28","733","1156","0","63.41","41.0"
"63","000","00","008","0831","1525","755","477","278","25","780","1231","0","63.36","38.75"
"63","000","00","008","0831","1526","603","409","194","25","628","1218","0","51.56","33.58"
"63","000","00","008","0831","1527","731","473","258","29","760","1176","0","64.63","40.22"
"63","000","00","008","0832","0000","2814","1881","933","119","2933","4889","0","59.99","38.47"
"63","000","00","008","0832","1532","917","628","289","33","950","1613","0","58.9","38.93"
"63","000","00","008","0832","1533","997","673","324","37","1034","1697","0","60.93","39.66"
"63","000","00","008","0832","1534","900","580","320","49","949","1579","0","60.1","36.73"
"63","000","00","008","0833","0000","4002","2569","1433","156","4158","6932","0","59.98","37.06"
"63","000","00","008","0833","1538","936","544","392","42","978","1646","0","59.42","33.05"
"63","000","00","008","0833","1539","758","498","260","28","786","1286","0","61.12","38.72"
"63","000","00","008","0833","1540","730","461","269","22","752","1219","0","61.69","37.82"
"63","000","00","008","0833","1541","779","516","263","25","804","1292","0","62.23","39.94"
"63","000","00","008","0833","1542","799","550","249","39","838","1489","0","56.28","36.94"
"63","000","00","008","0834","0000","2867","1873","994","95","2962","5133","0","57.71","36.49"
"63","000","00","008","0834","1547","890","562","328","27","917","1816","0","50.5","30.95"
"63","000","00","008","0834","1548","548","350","198","18","566","985","0","57.46","35.53"
"63","000","00","008","0834","1549","788","521","267","18","806","1314","0","61.34","39.65"
"63","000","00","008","0834","1550","641","440","201","32","673","1018","0","66.11","43.22"
"63","000","00","008","0835","0000","4129","2602","1527","144","4273","7131","0","59.92","36.49"
"63","000","00","008","0835","1551","912","554","358","26","938","1578","0","59.44","35.11"
"63","000","00","008","0835","1552","834","521","313","25","859","1457","0","58.96","35.76"
"63","000","00","008","0835","1553","790","517","273","28","818","1326","0","61.69","38.99"
"63","000","00","008","0835","1554","838","538","300","24","862","1393","0","61.88","38.62"
"63","000","00","008","0835","1555","755","472","283","41","796","1377","0","57.81","34.28"
"63","000","00","008","0836","0000","1879","1201","678","121","2000","3454","0","57.9","34.77"
"63","000","00","008","0836","1560","766","471","295","33","799","1288","0","62.03","36.57"
"63","000","00","008","0836","1561","675","427","248","47","722","1301","0","55.5","32.82"
"63","000","00","008","0836","1562","438","303","135","41","479","865","0","55.38","35.03"
"63","000","00","008","0837","0000","415","293","122","28","443","789","0","56.15","37.14"
"63","000","00","008","0837","1563","415","293","122","28","443","789","0","56.15","37.14"
"63","000","00","008","0838","0000","2243","1573","670","88","2331","3615","0","64.48","43.51"
"63","000","00","008","0838","1516","660","464","196","30","690","1070","0","64.49","43.36"
"63","000","00","008","0838","1517","815","570","245","36","851","1319","0","64.52","43.21"
"63","000","00","008","0838","1518","768","539","229","22","790","1226","0","64.44","43.96"
"63","000","00","008","0839","0000","3532","2287","1245","158","3690","6498","0","56.79","35.2"
"63","000","00","008","0839","1543","957","552","405","32","989","1611","0","61.39","34.26"
"63","000","00","008","0839","1544","777","516","261","38","815","1549","0","52.61","33.31"
"63","000","00","008","0839","1545","899","613","286","49","948","1678","0","56.5","36.53"
"63","000","00","008","0839","1546","899","606","293","39","938","1660","0","56.51","36.51"
"63","000","00","008","0840","0000","3696","2216","1480","123","3819","6091","0","62.7","36.38"
"63","000","00","008","0840","1556","848","512","336","26","874","1448","0","60.36","35.36"
"63","000","00","008","0840","1557","894","548","346","29","923","1447","0","63.79","37.87"
"63","000","00","008","0840","1558","1096","649","447","42","1138","1739","0","65.44","37.32"
"63","000","00","008","0840","1559","858","507","351","26","884","1457","0","60.67","34.8"
"63","000","00","008","0841","0000","3137","2098","1039","122","3259","5308","0","61.4","39.53"
"63","000","00","008","0841","1528","857","570","287","7","864","1392","0","62.07","40.95"
"63","000","00","008","0841","1529","761","508","253","53","814","1323","0","61.53","38.4"
"63","000","00","008","0841","1530","742","513","229","24","766","1297","0","59.06","39.55"
"63","000","00","008","0841","1531","777","507","270","38","815","1296","0","62.89","39.12"
"63","000","00","008","0842","0000","2561","1722","839","89","2650","4385","0","60.43","39.27"
"63","000","00","008","0842","1447","831","576","255","35","866","1444","0","59.97","39.89"
"63","000","00","008","0842","1448","869","555","314","31","900","1495","0","60.2","37.12"
"63","000","00","008","0842","1449","861","591","270","23","884","1446","0","61.13","40.87"
"63","000","00","008","0843","0000","2473","1677","796","79","2552","4223","0","60.43","39.71"
"63","000","00","008","0843","1535","806","541","265","39","845","1320","0","64.02","40.98"
"63","000","00","008","0843","1536","854","571","283","23","877","1438","0","60.99","39.71"
"63","000","00","008","0843","1537","813","565","248","17","830","1465","0","56.66","38.57"
"63","000","00","009","0000","0000","57856","38210","19646","1967","59823","101907","121769","58.7","37.49"
"63","000","00","009","0901","0000","2976","1976","1000","85","3061","5655","0","54.13","34.94"
"63","000","00","009","0901","0455","695","465","230","17","712","1280","0","55.63","36.33"
"63","000","00","009","0901","0456","771","525","246","18","789","1351","0","58.4","38.86"
"63","000","00","009","0901","0457","786","511","275","22","808","1345","0","60.07","37.99"
"63","000","00","009","0901","0458","724","475","249","28","752","1679","0","44.79","28.29"
"63","000","00","009","0902","0000","1700","1130","570","62","1762","3315","0","53.15","34.09"
"63","000","00","009","0902","0459","884","575","309","25","909","1680","0","54.11","34.23"
"63","000","00","009","0902","0460","816","555","261","37","853","1635","0","52.17","33.94"
"63","000","00","009","0903","0000","2136","1412","724","83","2219","3486","0","63.65","40.5"
"63","000","00","009","0903","0465","681","448","233","23","704","1086","0","64.83","41.25"
"63","000","00","009","0903","0466","738","489","249","43","781","1202","0","64.98","40.68"
"63","000","00","009","0903","0467","717","475","242","17","734","1198","0","61.27","39.65"
"63","000","00","009","0904","0000","3463","2239","1224","96","3559","6330","0","56.22","35.37"
"63","000","00","009","0904","0461","796","559","237","21","817","1459","0","56.0","38.31"
"63","000","00","009","0904","0462","971","594","377","21","992","1706","0","58.15","34.82"
"63","000","00","009","0904","0463","867","568","299","37","904","1674","0","54.0","33.93"
"63","000","00","009","0904","0464","829","518","311","17","846","1491","0","56.74","34.74"
"63","000","00","009","0905","0000","3491","2272","1219","119","3610","6336","0","56.98","35.86"
"63","000","00","009","0905","0483","735","465","270","40","775","1518","0","51.05","30.63"
"63","000","00","009","0905","0484","949","626","323","34","983","1552","0","63.34","40.34"
"63","000","00","009","0905","0485","895","563","332","14","909","1658","0","54.83","33.96"
"63","000","00","009","0905","0486","912","618","294","31","943","1608","0","58.64","38.43"
"63","000","00","009","0906","0000","1813","1225","588","48","1861","3337","0","55.77","36.71"
"63","000","00","009","0906","0504","809","527","282","24","833","1649","0","50.52","31.96"
"63","000","00","009","0906","0505","1004","698","306","24","1028","1688","0","60.9","41.35"
"63","000","00","009","0907","0000","2401","1614","787","69","2470","4093","0","60.35","39.43"
"63","000","00","009","0907","0490","813","548","265","20","833","1397","0","59.63","39.23"
"63","000","00","009","0907","0491","800","556","244","24","824","1352","0","60.95","41.12"
"63","000","00","009","0907","0492","788","510","278","25","813","1344","0","60.49","37.95"
"63","000","00","009","0908","0000","2272","1482","790","65","2337","4165","0","56.11","35.58"
"63","000","00","009","0908","0493","747","476","271","13","760","1385","0","54.87","34.37"
"63","000","00","009","0908","0494","774","506","268","31","805","1399","0","57.54","36.17"
"63","000","00","009","0908","0495","751","500","251","21","772","1381","0","55.9","36.21"
"63","000","00","009","0909","0000","2377","1575","802","79","2456","4228","0","58.09","37.25"
"63","000","00","009","0909","0496","849","587","262","30","879","1548","0","56.78","37.92"
"63","000","00","009","0909","0497","663","440","223","22","685","1190","0","57.56","36.97"
"63","000","00","009","0909","0498","865","548","317","27","892","1490","0","59.87","36.78"
"63","000","00","009","0910","0000","3529","2425","1104","126","3655","5983","0","61.09","40.53"
"63","000","00","009","0910","0499","666","439","227","16","682","1096","0","62.23","40.05"
"63","000","00","009","0910","0500","756","581","175","27","783","1238","0","63.25","46.93"
"63","000","00","009","0910","0501","769","512","257","28","797","1271","0","62.71","40.28"
"63","000","00","009","0910","0502","642","436","206","29","671","1146","0","58.55","38.05"
"63","000","00","009","0910","0503","696","457","239","26","722","1232","0","58.6","37.09"
"63","000","00","009","0911","0000","4006","2642","1364","156","4162","6741","0","61.74","39.19"
"63","000","00","009","0911","0518","757","526","231","24","781","1225","0","63.76","42.94"
"63","000","00","009","0911","0519","771","521","250","34","805","1264","0","63.69","41.22"
"63","000","00","009","0911","0520","961","624","337","56","1017","1649","0","61.67","37.84"
"63","000","00","009","0911","0521","744","457","287","21","765","1267","0","60.38","36.07"
"63","000","00","009","0911","0522","773","514","259","21","794","1336","0","59.43","38.47"
"63","000","00","009","0912","0000","2242","1470","772","87","2329","3805","0","61.21","38.63"
"63","000","00","009","0912","0509","727","482","245","34","761","1195","0","63.68","40.33"
"63","000","00","009","0912","0510","744","462","282","9","753","1254","0","60.05","36.84"
"63","000","00","009","0912","0511","771","526","245","44","815","1356","0","60.1","38.79"
"63","000","00","009","0913","0000","2383","1563","820","86","2469","4011","0","61.56","38.97"
"63","000","00","009","0913","0512","802","530","272","40","842","1363","0","61.78","38.88"
"63","000","00","009","0913","0513","812","525","287","25","837","1317","0","63.55","39.86"
"63","000","00","009","0913","0514","769","508","261","21","790","1331","0","59.35","38.17"
"63","000","00","009","0914","0000","2669","1782","887","99","2768","4733","0","58.48","37.65"
"63","000","00","009","0914","0515","900","585","315","42","942","1610","0","58.51","36.34"
"63","000","00","009","0914","0516","862","574","288","22","884","1542","0","57.33","37.22"
"63","000","00","009","0914","0517","907","623","284","35","942","1581","0","59.58","39.41"
"63","000","00","009","0915","0000","2612","1775","837","76","2688","4508","0","59.63","39.37"
"63","000","00","009","0915","0506","886","601","285","34","920","1503","0","61.21","39.99"
"63","000","00","009","0915","0507","886","586","300","15","901","1542","0","58.43","38.0"
"63","000","00","009","0915","0508","840","588","252","27","867","1463","0","59.26","40.19"
"63","000","00","009","0916","0000","4072","2714","1358","166","4238","7922","0","53.5","34.26"
"63","000","00","009","0916","0478","806","552","254","38","844","1529","0","55.2","36.1"
"63","000","00","009","0916","0479","837","538","299","33","870","1618","0","53.77","33.25"
"63","000","00","009","0916","0480","724","501","223","34","758","1545","0","49.06","32.43"
"63","000","00","009","0916","0481","880","578","302","27","907","1569","0","57.81","36.84"
"63","000","00","009","0916","0482","825","545","280","34","859","1661","0","51.72","32.81"
"63","000","00","009","0917","0000","4713","2840","1873","163","4876","8171","0","59.67","34.76"
"63","000","00","009","0917","0468","774","493","281","26","800","1430","0","55.94","34.48"
"63","000","00","009","0917","0469","760","438","322","29","789","1275","0","61.88","34.35"
"63","000","00","009","0917","0470","825","473","352","43","868","1344","0","64.58","35.19"
"63","000","00","009","0917","0471","818","481","337","19","837","1391","0","60.17","34.58"
"63","000","00","009","0917","0472","799","490","309","22","821","1342","0","61.18","36.51"
"63","000","00","009","0917","0473","737","465","272","24","761","1389","0","54.79","33.48"
"63","000","00","009","0918","0000","3314","2347","967","127","3441","5592","0","61.53","41.97"
"63","000","00","009","0918","0474","818","552","266","55","873","1426","0","61.22","38.71"
"63","000","00","009","0918","0475","799","579","220","18","817","1359","0","60.12","42.6"
"63","000","00","009","0918","0476","761","538","223","26","787","1366","0","57.61","39.39"
"63","000","00","009","0918","0477","936","678","258","28","964","1441","0","66.9","47.05"
"63","000","00","009","0919","0000","2968","1990","978","91","3059","4916","0","62.23","40.48"
"63","000","00","009","0919","0523","693","464","229","25","718","1162","0","61.79","39.93"
"63","000","00","009","0919","0524","611","391","220","22","633","1045","0","60.57","37.42"
"63","000","00","009","0919","0525","870","590","280","28","898","1351","0","66.47","43.67"
"63","000","00","009","0919","0526","794","545","249","16","810","1358","0","59.65","40.13"
"63","000","00","009","0920","0000","2719","1737","982","84","2803","4580","0","61.2","37.93"
"63","000","00","009","0920","0487","782","517","265","32","814","1475","0","55.19","35.05"
"63","000","00","009","0920","0488","1055","659","396","28","1083","1722","0","62.89","38.27"
"63","000","00","009","0920","0489","882","561","321","24","906","1383","0","65.51","40.56"
"63","000","00","010","0000","0000","134446","86554","47892","4360","138806","236824","287227","58.61","36.55"
"63","000","00","010","1001","0000","3637","2335","1302","122","3759","6500","0","57.83","35.92"
"63","000","00","010","1001","0305","876","570","306","12","888","1661","0","53.46","34.32"
"63","000","00","010","1001","0306","853","536","317","38","891","1602","0","55.62","33.46"
"63","000","00","010","1001","0307","977","652","325","42","1019","1655","0","61.57","39.4"
"63","000","00","010","1001","0308","931","577","354","30","961","1582","0","60.75","36.47"
"63","000","00","010","1002","0000","4649","2914","1735","181","4830","8357","0","57.8","34.87"
"63","000","00","010","1002","0309","889","553","336","31","920","1688","0","54.5","32.76"
"63","000","00","010","1002","0310","950","566","384","39","989","1737","0","56.94","32.58"
"63","000","00","010","1002","0311","1030","636","394","38","1068","1809","0","59.04","35.16"
"63","000","00","010","1002","0312","762","485","277","26","788","1376","0","57.27","35.25"
"63","000","00","010","1002","0313","1018","674","344","47","1065","1747","0","60.96","38.58"
"63","000","00","010","1003","0000","3625","2329","1296","105","3730","5914","0","63.07","39.38"
"63","000","00","010","1003","0314","837","554","283","19","856","1389","0","61.63","39.88"
"63","000","00","010","1003","0315","904","563","341","23","927","1454","0","63.76","38.72"
"63","000","00","010","1003","0316","910","559","351","26","936","1468","0","63.76","38.08"
"63","000","00","010","1003","0317","974","653","321","37","1011","1603","0","63.07","40.74"
"63","000","00","010","1005","0000","3059","1966","1093","103","3162","5276","0","59.93","37.26"
"63","000","00","010","1005","0318","992","645","347","24","1016","1795","0","56.6","35.93"
"63","000","00","010","1005","0319","1051","653","398","43","1094","1737","0","62.98","37.59"
"63","000","00","010","1005","0320","1016","668","348","36","1052","1744","0","60.32","38.3"
"63","000","00","010","1006","0000","2740","1729","1011","85","2825","4732","0","59.7","36.54"
"63","000","00","010","1006","0321","958","613","345","29","987","1661","0","59.42","36.91"
"63","000","00","010","1006","0322","881","542","339","33","914","1577","0","57.96","34.37"
"63","000","00","010","1006","0323","901","574","327","23","924","1494","0","61.85","38.42"
"63","000","00","010","1007","0000","4785","3175","1610","164","4949","8285","0","59.73","38.32"
"63","000","00","010","1007","0324","930","641","289","34","964","1626","0","59.29","39.42"
"63","000","00","010","1007","0325","948","635","313","36","984","1641","0","59.96","38.7"
"63","000","00","010","1007","0326","908","591","317","31","939","1554","0","60.42","38.03"
"63","000","00","010","1007","0327","1025","651","374","38","1063","1728","0","61.52","37.67"
"63","000","00","010","1007","0328","974","657","317","25","999","1736","0","57.55","37.85"
"63","000","00","010","1008","0000","4505","2901","1604","115","4620","7740","0","59.69","37.48"
"63","000","00","010","1008","0329","919","606","313","28","947","1461","0","64.82","41.48"
"63","000","00","010","1008","0330","880","595","285","20","900","1509","0","59.64","39.43"
"63","000","00","010","1008","0331","773","482","291","20","793","1358","0","58.39","35.49"
"63","000","00","010","1008","0332","989","633","356","27","1016","1761","0","57.69","35.95"
"63","000","00","010","1008","0333","944","585","359","20","964","1651","0","58.39","35.43"
"63","000","00","010","1009","0000","3067","1996","1071","112","3179","5472","0","58.1","36.48"
"63","000","00","010","1009","0334","1050","696","354","50","1100","1809","0","60.81","38.47"
"63","000","00","010","1009","0335","1018","655","363","28","1046","1773","0","59.0","36.94"
"63","000","00","010","1009","0336","999","645","354","34","1033","1890","0","54.66","34.13"
"63","000","00","010","1010","0000","4376","2863","1513","122","4498","7310","0","61.53","39.17"
"63","000","00","010","1010","0337","1099","700","399","41","1140","1760","0","64.77","39.77"
"63","000","00","010","1010","0338","959","623","336","23","982","1645","0","59.7","37.87"
"63","000","00","010","1010","0339","826","533","293","10","836","1324","0","63.14","40.26"
"63","000","00","010","1010","0340","654","457","197","23","677","1072","0","63.15","42.63"
"63","000","00","010","1010","0341","838","550","288","25","863","1509","0","57.19","36.45"
"63","000","00","010","1011","0000","4084","2753","1331","206","4290","7069","0","60.69","38.94"
"63","000","00","010","1011","0342","979","648","331","121","1100","1715","0","64.14","37.78"
"63","000","00","010","1011","0343","1019","682","337","32","1051","1774","0","59.24","38.44"
"63","000","00","010","1011","0344","1080","731","349","24","1104","1796","0","61.47","40.7"
"63","000","00","010","1011","0345","1006","692","314","29","1035","1784","0","58.02","38.79"
"63","000","00","010","1012","0000","2860","1690","1170","87","2947","4835","0","60.95","34.95"
"63","000","00","010","1012","0346","841","506","335","46","887","1417","0","62.6","35.71"
"63","000","00","010","1012","0347","954","536","418","23","977","1699","0","57.5","31.55"
"63","000","00","010","1012","0348","1065","648","417","18","1083","1719","0","63.0","37.7"
"63","000","00","010","1013","0000","2581","1695","886","71","2652","4784","0","55.43","35.43"
"63","000","00","010","1013","0349","938","612","326","23","961","1715","0","56.03","35.69"
"63","000","00","010","1013","0350","856","552","304","18","874","1634","0","53.49","33.78"
"63","000","00","010","1013","0351","787","531","256","30","817","1435","0","56.93","37.0"
"63","000","00","010","1014","0000","3316","2171","1145","110","3426","5804","0","59.03","37.41"
"63","000","00","010","1014","0352","829","546","283","17","846","1440","0","58.75","37.92"
"63","000","00","010","1014","0353","878","547","331","25","903","1446","0","62.45","37.83"
"63","000","00","010","1014","0354","862","574","288","31","893","1657","0","53.89","34.64"
"63","000","00","010","1014","0355","747","504","243","37","784","1261","0","62.17","39.97"
"63","000","00","010","1015","0000","3684","2409","1275","104","3788","6183","0","61.26","38.96"
"63","000","00","010","1015","0356","226","159","67","14","240","456","0","52.63","34.87"
"63","000","00","010","1015","0357","919","581","338","20","939","1433","0","65.53","40.54"
"63","000","00","010","1015","0358","872","588","284","19","891","1485","0","60.0","39.6"
"63","000","00","010","1015","0359","905","595","310","17","922","1590","0","57.99","37.42"
"63","000","00","010","1015","0360","762","486","276","34","796","1219","0","65.3","39.87"
"63","000","00","010","1016","0000","2893","1942","951","95","2988","5096","0","58.63","38.11"
"63","000","00","010","1016","0361","940","639","301","36","976","1732","0","56.35","36.89"
"63","000","00","010","1016","0362","1010","683","327","28","1038","1727","0","60.1","39.55"
"63","000","00","010","1016","0363","943","620","323","31","974","1637","0","59.5","37.87"
"63","000","00","010","1017","0000","4292","2746","1546","95","4387","7433","0","59.02","36.94"
"63","000","00","010","1017","0364","810","499","311","10","820","1453","0","56.43","34.34"
"63","000","00","010","1017","0365","904","597","307","20","924","1617","0","57.14","36.92"
"63","000","00","010","1017","0366","882","563","319","29","911","1604","0","56.8","35.1"
"63","000","00","010","1017","0367","886","575","311","15","901","1406","0","64.08","40.9"
"63","000","00","010","1017","0368","810","512","298","21","831","1353","0","61.42","37.84"
"63","000","00","010","1018","0000","3551","2269","1282","97","3648","6052","0","60.28","37.49"
"63","000","00","010","1018","0369","1018","665","353","27","1045","1724","0","60.61","38.57"
"63","000","00","010","1018","0370","823","518","305","24","847","1378","0","61.47","37.59"
"63","000","00","010","1018","0371","851","555","296","19","870","1403","0","62.01","39.56"
"63","000","00","010","1018","0372","859","531","328","27","886","1547","0","57.27","34.32"
"63","000","00","010","1019","0000","4192","2753","1439","124","4316","7177","0","60.14","38.36"
"63","000","00","010","1019","0373","1007","707","300","21","1028","1718","0","59.84","41.15"
"63","000","00","010","1019","0374","1015","633","382","29","1044","1813","0","57.58","34.91"
"63","000","00","010","1019","0375","1055","708","347","41","1096","1791","0","61.19","39.53"
"63","000","00","010","1019","0376","1115","705","410","33","1148","1855","0","61.89","38.01"
"63","000","00","010","1020","0000","3922","2603","1319","143","4065","6880","0","59.08","37.83"
"63","000","00","010","1020","0377","989","673","316","24","1013","1731","0","58.52","38.88"
"63","000","00","010","1020","0378","976","635","341","51","1027","1593","0","64.47","39.86"
"63","000","00","010","1020","0379","967","657","310","36","1003","1869","0","53.67","35.15"
"63","000","00","010","1020","0380","990","638","352","32","1022","1687","0","60.58","37.82"
"63","000","00","010","1021","0000","2511","1659","852","72","2583","4144","0","62.33","40.03"
"63","000","00","010","1021","0381","917","587","330","17","934","1530","0","61.05","38.37"
"63","000","00","010","1021","0382","775","511","264","28","803","1300","0","61.77","39.31"
"63","000","00","010","1021","0383","819","561","258","27","846","1314","0","64.38","42.69"
"63","000","00","010","1022","0000","4887","3141","1746","164","5051","8925","0","56.59","35.19"
"63","000","00","010","1022","0384","752","491","261","19","771","1433","0","53.8","34.26"
"63","000","00","010","1022","0385","768","490","278","31","799","1450","0","55.1","33.79"
"63","000","00","010","1022","0386","883","574","309","40","923","1608","0","57.4","35.7"
"63","000","00","010","1022","0387","817","522","295","32","849","1414","0","60.04","36.92"
"63","000","00","010","1022","0388","868","547","321","27","895","1492","0","59.99","36.66"
"63","000","00","010","1022","0389","799","517","282","15","814","1528","0","53.27","33.84"
"63","000","00","010","1023","0000","3669","2329","1340","120","3789","6634","0","57.11","35.11"
"63","000","00","010","1023","0390","954","613","341","30","984","1692","0","58.16","36.23"
"63","000","00","010","1023","0391","873","557","316","40","913","1556","0","58.68","35.8"
"63","000","00","010","1023","0392","906","578","328","18","924","1637","0","56.44","35.31"
"63","000","00","010","1023","0393","936","581","355","32","968","1749","0","55.35","33.22"
"63","000","00","010","1024","0000","4077","2636","1441","151","4228","7348","0","57.54","35.87"
"63","000","00","010","1024","0394","664","447","217","20","684","1220","0","56.07","36.64"
"63","000","00","010","1024","0395","895","570","325","33","928","1600","0","58.0","35.63"
"63","000","00","010","1024","0396","830","545","285","25","855","1473","0","58.04","37.0"
"63","000","00","010","1024","0397","828","527","301","34","862","1498","0","57.54","35.18"
"63","000","00","010","1024","0398","860","547","313","39","899","1557","0","57.74","35.13"
"63","000","00","010","1025","0000","2239","1468","771","101","2340","4190","0","55.85","35.04"
"63","000","00","010","1025","0399","866","558","308","32","898","1674","0","53.64","33.33"
"63","000","00","010","1025","0400","1003","650","353","36","1039","1728","0","60.13","37.62"
"63","000","00","010","1025","0401","370","260","110","33","403","788","0","51.14","32.99"
"63","000","00","010","1026","0000","3825","2462","1363","138","3963","7138","0","55.52","34.49"
"63","000","00","010","1026","0402","831","538","293","42","873","1542","0","56.61","34.89"
"63","000","00","010","1026","0403","804","498","306","39","843","1676","0","50.3","29.71"
"63","000","00","010","1026","0404","687","448","239","32","719","1360","0","52.87","32.94"
"63","000","00","010","1026","0405","784","514","270","16","800","1259","0","63.54","40.83"
"63","000","00","010","1026","0406","719","464","255","9","728","1301","0","55.96","35.66"
"63","000","00","010","1027","0000","3256","2145","1111","107","3363","5998","0","56.07","35.76"
"63","000","00","010","1027","0407","623","399","224","26","649","1251","0","51.88","31.89"
"63","000","00","010","1027","0408","811","525","286","46","857","1502","0","57.06","34.95"
"63","000","00","010","1027","0409","886","606","280","20","906","1596","0","56.77","37.97"
"63","000","00","010","1027","0410","936","615","321","15","951","1649","0","57.67","37.3"
"63","000","00","010","1028","0000","1904","1226","678","54","1958","3520","0","55.63","34.83"
"63","000","00","010","1028","0411","947","616","331","37","984","1774","0","55.47","34.72"
"63","000","00","010","1028","0412","957","610","347","17","974","1746","0","55.78","34.94"
"63","000","00","010","1029","0000","3526","2228","1298","117","3643","7676","0","47.46","29.03"
"63","000","00","010","1029","0413","812","521","291","20","832","1473","0","56.48","35.37"
"63","000","00","010","1029","0414","937","591","346","35","972","2824","0","34.42","20.93"
"63","000","00","010","1029","0415","958","585","373","19","977","1849","0","52.84","31.64"
"63","000","00","010","1029","0416","819","531","288","43","862","1530","0","56.34","34.71"
"63","000","00","010","1030","0000","2765","1789","976","79","2844","4808","0","59.15","37.21"
"63","000","00","010","1030","0417","931","591","340","26","957","1656","0","57.79","35.69"
"63","000","00","010","1030","0418","841","525","316","27","868","1457","0","59.57","36.03"
"63","000","00","010","1030","0419","993","673","320","26","1019","1695","0","60.12","39.71"
"63","000","00","010","1031","0000","3705","2321","1384","107","3812","6644","0","57.38","34.93"
"63","000","00","010","1031","0420","961","609","352","24","985","1663","0","59.23","36.62"
"63","000","00","010","1031","0421","920","612","308","34","954","1654","0","57.68","37.0"
"63","000","00","010","1031","0422","859","498","361","26","885","1642","0","53.9","30.33"
"63","000","00","010","1031","0423","965","602","363","23","988","1685","0","58.64","35.73"
"63","000","00","010","1032","0000","3216","2056","1160","129","3345","5552","0","60.25","37.03"
"63","000","00","010","1032","0424","1016","667","349","34","1050","1862","0","56.39","35.82"
"63","000","00","010","1032","0425","1103","680","423","48","1151","1900","0","60.58","35.79"
"63","000","00","010","1032","0426","1097","709","388","47","1144","1790","0","63.91","39.61"
"63","000","00","010","1033","0000","2604","1740","864","106","2710","4787","0","56.61","36.35"
"63","000","00","010","1033","0427","785","521","264","32","817","1417","0","57.66","36.77"
"63","000","00","010","1033","0428","933","617","316","37","970","1694","0","57.26","36.42"
"63","000","00","010","1033","0429","886","602","284","37","923","1676","0","55.07","35.92"
"63","000","00","010","1034","0000","4684","2889","1795","136","4820","8109","0","59.44","35.63"
"63","000","00","010","1034","0430","921","559","362","18","939","1643","0","57.15","34.02"
"63","000","00","010","1034","0431","919","568","351","22","941","1588","0","59.26","35.77"
"63","000","00","010","1034","0432","921","580","341","44","965","1603","0","60.2","36.18"
"63","000","00","010","1034","0433","931","564","367","24","955","1629","0","58.62","34.62"
"63","000","00","010","1034","0434","992","618","374","28","1020","1646","0","61.97","37.55"
"63","000","00","010","1035","0000","4237","2754","1483","135","4372","7457","0","58.63","36.93"
"63","000","00","010","1035","0435","1018","670","348","27","1045","1883","0","55.5","35.58"
"63","000","00","010","1035","0436","828","533","295","23","851","1434","0","59.34","37.17"
"63","000","00","010","1035","0437","803","514","289","21","824","1418","0","58.11","36.25"
"63","000","00","010","1035","0438","799","532","267","34","833","1373","0","60.67","38.75"
"63","000","00","010","1035","0439","789","505","284","30","819","1349","0","60.71","37.44"
"63","000","00","010","1036","0000","2728","1769","959","82","2810","4624","0","60.77","38.26"
"63","000","00","010","1036","0440","899","603","296","31","930","1511","0","61.55","39.91"
"63","000","00","010","1036","0441","953","603","350","24","977","1563","0","62.51","38.58"
"63","000","00","010","1036","0442","876","563","313","27","903","1550","0","58.26","36.32"
"63","000","00","010","1037","0000","629","427","202","27","656","1157","0","56.7","36.91"
"63","000","00","010","1037","0443","629","427","202","27","656","1157","0","56.7","36.91"
"63","000","00","010","1038","0000","2948","1838","1110","100","3048","5175","0","58.9","35.52"
"63","000","00","010","1038","0444","1019","595","424","28","1047","1768","0","59.22","33.65"
"63","000","00","010","1038","0445","940","630","310","35","975","1664","0","58.59","37.86"
"63","000","00","010","1038","0446","989","613","376","37","1026","1743","0","58.86","35.17"
"63","000","00","010","1039","0000","4351","2717","1634","122","4473","7392","0","60.51","36.76"
"63","000","00","010","1039","0447","876","569","307","13","889","1480","0","60.07","38.45"
"63","000","00","010","1039","0448","954","577","377","37","991","1589","0","62.37","36.31"
"63","000","00","010","1039","0449","766","488","278","28","794","1371","0","57.91","35.59"
"63","000","00","010","1039","0450","959","587","372","26","985","1575","0","62.54","37.27"
"63","000","00","010","1039","0451","796","496","300","18","814","1377","0","59.11","36.02"
"63","000","00","010","1040","0000","2867","1721","1146","72","2939","4647","0","63.25","37.03"
"63","000","00","010","1040","0452","931","549","382","35","966","1469","0","65.76","37.37"
"63","000","00","010","1040","0453","955","585","370","16","971","1529","0","63.51","38.26"
"63","000","00","010","1040","0454","981","587","394","21","1002","1649","0","60.76","35.6"
"63","000","00","011","0000","0000","134190","88429","45761","5537","139727","241854","286695","57.77","36.56"
"63","000","00","011","1101","0000","1877","1255","622","107","1984","3415","0","58.1","36.75"
"63","000","00","011","1101","0142","914","601","313","46","960","1695","0","56.64","35.46"
"63","000","00","011","1101","0143","963","654","309","61","1024","1720","0","59.53","38.02"
"63","000","00","011","1102","0000","1547","1029","518","73","1620","2834","0","57.16","36.31"
"63","000","00","011","1102","0144","712","478","234","30","742","1288","0","57.61","37.11"
"63","000","00","011","1102","0145","835","551","284","43","878","1546","0","56.79","35.64"
"63","000","00","011","1103","0000","1535","1015","520","73","1608","2659","0","60.47","38.17"
"63","000","00","011","1103","0146","402","265","137","13","415","652","0","63.65","40.64"
"63","000","00","011","1103","0147","460","295","165","23","483","870","0","55.52","33.91"
"63","000","00","011","1103","0148","673","455","218","37","710","1137","0","62.45","40.02"
"63","000","00","011","1104","0000","2364","1581","783","115","2479","5331","0","46.5","29.66"
"63","000","00","011","1104","0149","630","429","201","36","666","1050","0","63.43","40.86"
"63","000","00","011","1104","0150","613","428","185","29","642","1031","0","62.27","41.51"
"63","000","00","011","1104","0151","625","396","229","20","645","1075","0","60.0","36.84"
"63","000","00","011","1104","0152","496","328","168","30","526","2175","0","24.18","15.08"
"63","000","00","011","1105","0000","3825","2457","1368","147","3972","6757","0","58.78","36.36"
"63","000","00","011","1105","0153","905","595","310","42","947","1775","0","53.35","33.52"
"63","000","00","011","1105","0154","961","636","325","25","986","1669","0","59.08","38.11"
"63","000","00","011","1105","0155","979","608","371","36","1015","1665","0","60.96","36.52"
"63","000","00","011","1105","0156","980","618","362","44","1024","1648","0","62.14","37.5"
"63","000","00","011","1106","0000","3207","2120","1087","134","3341","5565","0","60.04","38.1"
"63","000","00","011","1106","0157","719","500","219","18","737","1246","0","59.15","40.13"
"63","000","00","011","1106","0158","792","528","264","32","824","1419","0","58.07","37.21"
"63","000","00","011","1106","0159","731","487","244","54","785","1327","0","59.16","36.7"
"63","000","00","011","1106","0160","965","605","360","30","995","1573","0","63.25","38.46"
"63","000","00","011","1107","0000","3892","2598","1294","130","4022","6779","0","59.33","38.32"
"63","000","00","011","1107","0161","830","566","264","44","874","1470","0","59.46","38.5"
"63","000","00","011","1107","0162","1015","687","328","29","1044","1775","0","58.82","38.7"
"63","000","00","011","1107","0163","977","620","357","24","1001","1692","0","59.16","36.64"
"63","000","00","011","1107","0164","1070","725","345","33","1103","1842","0","59.88","39.36"
"63","000","00","011","1108","0000","4082","2798","1284","156","4238","7204","0","58.83","38.84"
"63","000","00","011","1108","0165","693","472","221","24","717","1166","0","61.49","40.48"
"63","000","00","011","1108","0166","851","578","273","34","885","1687","0","52.46","34.26"
"63","000","00","011","1108","0167","901","588","313","36","937","1624","0","57.7","36.21"
"63","000","00","011","1108","0168","892","686","206","42","934","1477","0","63.24","46.45"
"63","000","00","011","1108","0169","745","474","271","20","765","1250","0","61.2","37.92"
"63","000","00","011","1109","0000","3471","2251","1220","167","3638","5934","0","61.31","37.93"
"63","000","00","011","1109","0170","813","522","291","48","861","1434","0","60.04","36.4"
"63","000","00","011","1109","0171","837","533","304","44","881","1452","0","60.67","36.71"
"63","000","00","011","1109","0172","931","597","334","33","964","1533","0","62.88","38.94"
"63","000","00","011","1109","0173","890","599","291","42","932","1515","0","61.52","39.54"
"63","000","00","011","1110","0000","2318","1525","793","93","2411","3942","0","61.16","38.69"
"63","000","00","011","1110","0174","705","449","256","28","733","1203","0","60.93","37.32"
"63","000","00","011","1110","0175","881","571","310","47","928","1487","0","62.41","38.4"
"63","000","00","011","1110","0176","732","505","227","18","750","1252","0","59.9","40.34"
"63","000","00","011","1111","0000","3588","2407","1181","126","3714","6175","0","60.15","38.98"
"63","000","00","011","1111","0177","855","595","260","38","893","1536","0","58.14","38.74"
"63","000","00","011","1111","0178","914","619","295","35","949","1556","0","60.99","39.78"
"63","000","00","011","1111","0179","891","585","306","16","907","1511","0","60.03","38.72"
"63","000","00","011","1111","0180","928","608","320","37","965","1572","0","61.39","38.68"
"63","000","00","011","1112","0000","2727","1776","951","128","2855","4921","0","58.02","36.09"
"63","000","00","011","1112","0181","923","631","292","52","975","1668","0","58.45","37.83"
"63","000","00","011","1112","0182","922","643","279","46","968","1685","0","57.45","38.16"
"63","000","00","011","1112","0183","882","502","380","30","912","1568","0","58.16","32.02"
"63","000","00","011","1113","0000","3037","2025","1012","134","3171","5632","0","56.3","35.96"
"63","000","00","011","1113","0184","711","477","234","24","735","1327","0","55.39","35.95"
"63","000","00","011","1113","0185","738","513","225","31","769","1338","0","57.47","38.34"
"63","000","00","011","1113","0186","765","500","265","40","805","1515","0","53.14","33.0"
"63","000","00","011","1113","0187","823","535","288","39","862","1452","0","59.37","36.85"
"63","000","00","011","1114","0000","2573","1683","890","75","2648","4430","0","59.77","37.99"
"63","000","00","011","1114","0188","833","538","295","28","861","1448","0","59.46","37.15"
"63","000","00","011","1114","0189","894","591","303","31","925","1521","0","60.82","38.86"
"63","000","00","011","1114","0190","846","554","292","16","862","1461","0","59.0","37.92"
"63","000","00","011","1115","0000","2358","1523","835","157","2515","4747","0","52.98","32.08"
"63","000","00","011","1115","0191","796","501","295","54","850","1541","0","55.16","32.51"
"63","000","00","011","1115","0192","732","461","271","61","793","1611","0","49.22","28.62"
"63","000","00","011","1115","0193","830","561","269","42","872","1595","0","54.67","35.17"
"63","000","00","011","1116","0000","2707","1876","831","124","2831","5188","0","54.57","36.16"
"63","000","00","011","1116","0194","857","596","261","28","885","1685","0","52.52","35.37"
"63","000","00","011","1116","0195","938","655","283","47","985","1816","0","54.24","36.07"
"63","000","00","011","1116","0196","912","625","287","49","961","1687","0","56.97","37.05"
"63","000","00","011","1117","0000","3658","2478","1180","130","3788","6631","0","57.13","37.37"
"63","000","00","011","1117","0197","908","616","292","33","941","1646","0","57.17","37.42"
"63","000","00","011","1117","0198","871","578","293","28","899","1643","0","54.72","35.18"
"63","000","00","011","1117","0199","942","658","284","35","977","1687","0","57.91","39.0"
"63","000","00","011","1117","0200","937","626","311","34","971","1655","0","58.67","37.82"
"63","000","00","011","1118","0000","1978","1293","685","68","2046","3634","0","56.3","35.58"
"63","000","00","011","1118","0201","927","599","328","29","956","1779","0","53.74","33.67"
"63","000","00","011","1118","0202","1051","694","357","39","1090","1855","0","58.76","37.41"
"63","000","00","011","1119","0000","2828","1987","841","125","2953","5700","0","51.81","34.86"
"63","000","00","011","1119","0203","756","486","270","34","790","1350","0","58.52","36.0"
"63","000","00","011","1119","0204","740","627","113","28","768","1455","0","52.78","43.09"
"63","000","00","011","1119","0205","684","449","235","40","724","1497","0","48.36","29.99"
"63","000","00","011","1119","0206","648","425","223","23","671","1398","0","48.0","30.4"
"63","000","00","011","1120","0000","4328","2921","1407","202","4530","8041","0","56.34","36.33"
"63","000","00","011","1120","0207","988","683","305","40","1028","1747","0","58.84","39.1"
"63","000","00","011","1120","0208","764","516","248","52","816","1465","0","55.7","35.22"
"63","000","00","011","1120","0209","833","569","264","40","873","1530","0","57.06","37.19"
"63","000","00","011","1120","0210","943","630","313","32","975","1855","0","52.56","33.96"
"63","000","00","011","1120","0211","800","523","277","38","838","1444","0","58.03","36.22"
"63","000","00","011","1121","0000","3276","2231","1045","152","3428","6387","0","53.67","34.93"
"63","000","00","011","1121","0212","745","486","259","42","787","1563","0","50.35","31.09"
"63","000","00","011","1121","0213","826","579","247","33","859","1482","0","57.96","39.07"
"63","000","00","011","1121","0214","731","487","244","35","766","1552","0","49.36","31.38"
"63","000","00","011","1121","0215","974","679","295","42","1016","1790","0","56.76","37.93"
"63","000","00","011","1122","0000","3321","2255","1066","183","3504","6383","0","54.9","35.33"
"63","000","00","011","1122","0216","816","567","249","47","863","1628","0","53.01","34.83"
"63","000","00","011","1122","0217","705","470","235","46","751","1337","0","56.17","35.15"
"63","000","00","011","1122","0218","960","644","316","31","991","1750","0","56.63","36.8"
"63","000","00","011","1122","0219","840","574","266","59","899","1668","0","53.9","34.41"
"63","000","00","011","1123","0000","2005","1368","637","111","2116","4342","0","48.73","31.51"
"63","000","00","011","1123","0220","625","425","200","52","677","1403","0","48.25","30.29"
"63","000","00","011","1123","0221","671","441","230","32","703","1468","0","47.89","30.04"
"63","000","00","011","1123","0222","709","502","207","27","736","1471","0","50.03","34.13"
"63","000","00","011","1124","0000","3142","2370","772","120","3262","5240","0","62.25","45.23"
"63","000","00","011","1124","0223","826","588","238","37","863","1666","0","51.8","35.29"
"63","000","00","011","1124","0224","798","553","245","36","834","1587","0","52.55","34.85"
"63","000","00","011","1124","0225","1518","1229","289","47","1565","1987","0","78.76","61.85"
"63","000","00","011","1125","0000","1643","1078","565","60","1703","2999","0","56.79","35.95"
"63","000","00","011","1125","0226","641","431","210","20","661","1271","0","52.01","33.91"
"63","000","00","011","1125","0227","1002","647","355","40","1042","1728","0","60.3","37.44"
"63","000","00","011","1126","0000","3662","2372","1290","138","3800","6297","0","60.35","37.67"
"63","000","00","011","1126","0228","933","620","313","48","981","1630","0","60.18","38.04"
"63","000","00","011","1126","0229","949","591","358","24","973","1619","0","60.1","36.5"
"63","000","00","011","1126","0230","807","539","268","34","841","1425","0","59.02","37.82"
"63","000","00","011","1126","0231","973","622","351","32","1005","1623","0","61.92","38.32"
"63","000","00","011","1127","0000","2292","1470","822","95","2387","3862","0","61.81","38.06"
"63","000","00","011","1127","0242","784","498","286","46","830","1273","0","65.2","39.12"
"63","000","00","011","1127","0243","745","483","262","23","768","1273","0","60.33","37.94"
"63","000","00","011","1127","0244","763","489","274","26","789","1316","0","59.95","37.16"
"63","000","00","011","1128","0000","2740","1757","983","108","2848","4960","0","57.42","35.42"
"63","000","00","011","1128","0245","923","617","306","43","966","1659","0","58.23","37.19"
"63","000","00","011","1128","0246","960","581","379","34","994","1749","0","56.83","33.22"
"63","000","00","011","1128","0247","857","559","298","31","888","1552","0","57.22","36.02"
"63","000","00","011","1129","0000","2680","1735","945","94","2774","4457","0","62.24","38.93"
"63","000","00","011","1129","0232","889","575","314","36","925","1564","0","59.14","36.76"
"63","000","00","011","1129","0233","869","541","328","37","906","1376","0","65.84","39.32"
"63","000","00","011","1129","0234","922","619","303","21","943","1517","0","62.16","40.8"
"63","000","00","011","1130","0000","2741","1862","879","91","2832","4952","0","57.19","37.6"
"63","000","00","011","1130","0248","869","608","261","32","901","1529","0","58.93","39.76"
"63","000","00","011","1130","0249","892","622","270","25","917","1644","0","55.78","37.83"
"63","000","00","011","1130","0250","980","632","348","34","1014","1779","0","57.0","35.53"
"63","000","00","011","1131","0000","3751","2394","1357","110","3861","6584","0","58.64","36.36"
"63","000","00","011","1131","0235","900","559","341","30","930","1729","0","53.79","32.33"
"63","000","00","011","1131","0236","900","583","317","32","932","1511","0","61.68","38.58"
"63","000","00","011","1131","0237","1061","702","359","27","1088","1811","0","60.08","38.76"
"63","000","00","011","1131","0238","890","550","340","21","911","1533","0","59.43","35.88"
"63","000","00","011","1132","0000","2651","1784","867","93","2744","4558","0","60.2","39.14"
"63","000","00","011","1132","0239","1040","672","368","36","1076","1657","0","64.94","40.56"
"63","000","00","011","1132","0240","839","547","292","19","858","1499","0","57.24","36.49"
"63","000","00","011","1132","0241","772","565","207","38","810","1402","0","57.77","40.3"
"63","000","00","011","1133","0000","2820","1810","1010","117","2937","5127","0","57.28","35.3"
"63","000","00","011","1133","0260","997","659","338","41","1038","1826","0","56.85","36.09"
"63","000","00","011","1133","0261","918","571","347","33","951","1647","0","57.74","34.67"
"63","000","00","011","1133","0262","905","580","325","43","948","1654","0","57.32","35.07"
"63","000","00","011","1134","0000","4311","2692","1619","155","4466","7652","0","58.36","35.18"
"63","000","00","011","1134","0251","897","556","341","20","917","1597","0","57.42","34.82"
"63","000","00","011","1134","0252","813","503","310","29","842","1454","0","57.91","34.59"
"63","000","00","011","1134","0253","933","577","356","39","972","1582","0","61.44","36.47"
"63","000","00","011","1134","0254","880","555","325","35","915","1518","0","60.28","36.56"
"63","000","00","011","1134","0255","788","501","287","32","820","1501","0","54.63","33.38"
"63","000","00","011","1135","0000","3358","2124","1234","134","3492","5690","0","61.37","37.33"
"63","000","00","011","1135","0256","826","531","295","35","861","1420","0","60.63","37.39"
"63","000","00","011","1135","0257","837","529","308","39","876","1494","0","58.63","35.41"
"63","000","00","011","1135","0258","961","609","352","28","989","1568","0","63.07","38.84"
"63","000","00","011","1135","0259","734","455","279","32","766","1208","0","63.41","37.67"
"63","000","00","011","1136","0000","3261","2037","1224","111","3372","5497","0","61.34","37.06"
"63","000","00","011","1136","0263","918","582","336","27","945","1550","0","60.97","37.55"
"63","000","00","011","1136","0264","797","472","325","27","824","1298","0","63.48","36.36"
"63","000","00","011","1136","0265","808","531","277","24","832","1297","0","64.15","40.94"
"63","000","00","011","1136","0266","738","452","286","33","771","1352","0","57.03","33.43"
"63","000","00","011","1137","0000","2529","1555","974","108","2637","4565","0","57.77","34.06"
"63","000","00","011","1137","0267","841","549","292","36","877","1522","0","57.62","36.07"
"63","000","00","011","1137","0268","871","503","368","47","918","1602","0","57.3","31.4"
"63","000","00","011","1137","0269","817","503","314","25","842","1441","0","58.43","34.91"
"63","000","00","011","1138","0000","2411","1443","968","69","2480","4410","0","56.24","32.72"
"63","000","00","011","1138","0270","710","420","290","15","725","1325","0","54.72","31.7"
"63","000","00","011","1138","0271","873","528","345","33","906","1567","0","57.82","33.69"
"63","000","00","011","1138","0272","828","495","333","21","849","1518","0","55.93","32.61"
"63","000","00","011","1139","0000","3750","2292","1458","129","3879","6605","0","58.73","34.7"
"63","000","00","011","1139","0273","912","554","358","37","949","1549","0","61.27","35.77"
"63","000","00","011","1139","0274","936","570","366","26","962","1652","0","58.23","34.5"
"63","000","00","011","1139","0275","1004","615","389","48","1052","1766","0","59.57","34.82"
"63","000","00","011","1139","0276","898","553","345","18","916","1638","0","55.92","33.76"
"63","000","00","011","1140","0000","3460","2235","1225","108","3568","6105","0","58.44","36.61"
"63","000","00","011","1140","0277","879","590","289","36","915","1491","0","61.37","39.57"
"63","000","00","011","1140","0278","869","563","306","22","891","1521","0","58.58","37.02"
"63","000","00","011","1140","0279","788","508","280","32","820","1351","0","60.7","37.6"
"63","000","00","011","1140","0280","924","574","350","18","942","1742","0","54.08","32.95"
"63","000","00","011","1141","0000","4264","2748","1516","137","4401","7594","0","57.95","36.19"
"63","000","00","011","1141","0281","877","550","327","37","914","1585","0","57.67","34.7"
"63","000","00","011","1141","0282","868","578","290","27","895","1521","0","58.84","38.0"
"63","000","00","011","1141","0283","844","531","313","23","867","1543","0","56.19","34.41"
"63","000","00","011","1141","0284","820","547","273","17","837","1404","0","59.62","38.96"
"63","000","00","011","1141","0285","855","542","313","33","888","1541","0","57.62","35.17"
"63","000","00","011","1142","0000","3164","2007","1157","126","3290","5828","0","56.45","34.44"
"63","000","00","011","1142","0286","839","550","289","31","870","1584","0","54.92","34.72"
"63","000","00","011","1142","0287","872","540","332","40","912","1519","0","60.04","35.55"
"63","000","00","011","1142","0288","770","486","284","19","789","1482","0","53.24","32.79"
"63","000","00","011","1142","0289","683","431","252","36","719","1243","0","57.84","34.67"
"63","000","00","011","1143","0000","637","447","190","30","667","1156","0","57.7","38.67"
"63","000","00","011","1143","0290","637","447","190","30","667","1156","0","57.7","38.67"
"63","000","00","011","1144","0000","657","431","226","43","700","1262","0","55.47","34.15"
"63","000","00","011","1144","0291","657","431","226","43","700","1262","0","55.47","34.15"
"63","000","00","011","1145","0000","1020","691","329","52","1072","1747","0","61.36","39.55"
"63","000","00","011","1145","0292","511","361","150","22","533","889","0","59.96","40.61"
"63","000","00","011","1145","0293","509","330","179","30","539","858","0","62.82","38.46"
"63","000","00","011","1146","0000","1458","1000","458","118","1576","2781","0","56.67","35.96"
"63","000","00","011","1146","0294","495","337","158","49","544","945","0","57.57","35.66"
"63","000","00","011","1146","0295","501","338","163","34","535","960","0","55.73","35.21"
"63","000","00","011","1146","0296","462","325","137","35","497","876","0","56.74","37.1"
"63","000","00","011","1147","0000","885","620","265","56","941","1475","0","63.8","42.03"
"63","000","00","011","1147","0297","350","237","113","17","367","556","0","66.01","42.63"
"63","000","00","011","1147","0298","535","383","152","39","574","919","0","62.46","41.68"
"63","000","00","011","1148","0000","844","596","248","60","904","1360","0","66.47","43.82"
"63","000","00","011","1148","0299","844","596","248","60","904","1360","0","66.47","43.82"
"63","000","00","011","1149","0000","794","567","227","43","837","1355","0","61.77","41.85"
"63","000","00","011","1149","0300","794","567","227","43","837","1355","0","61.77","41.85"
"63","000","00","011","1150","0000","1414","962","452","71","1485","2434","0","61.01","39.52"
"63","000","00","011","1150","0301","711","483","228","32","743","1252","0","59.35","38.58"
"63","000","00","011","1150","0302","703","479","224","39","742","1182","0","62.77","40.52"
"63","000","00","011","1151","0000","1349","898","451","51","1400","2671","0","52.41","33.62"
"63","000","00","011","1151","0303","699","466","233","20","719","1431","0","50.24","32.56"
"63","000","00","011","1151","0304","650","432","218","31","681","1240","0","54.92","34.84"
"63","000","00","012","0000","0000","116517","76876","39641","4545","121062","213250","255631","56.77","36.05"
"63","000","00","012","1201","0000","2234","1462","772","90","2324","3797","0","61.21","38.5"
"63","000","00","012","1201","0001","761","525","236","37","798","1313","0","60.78","39.98"
"63","000","00","012","1201","0002","832","535","297","31","863","1403","0","61.51","38.13"
"63","000","00","012","1201","0003","641","402","239","22","663","1081","0","61.33","37.19"
"63","000","00","012","1202","0000","2203","1405","798","90","2293","3798","0","60.37","36.99"
"63","000","00","012","1202","0004","688","438","250","40","728","1209","0","60.22","36.23"
"63","000","00","012","1202","0005","769","481","288","26","795","1326","0","59.95","36.27"
"63","000","00","012","1202","0006","746","486","260","24","770","1263","0","60.97","38.48"
"63","000","00","012","1203","0000","2711","1775","936","111","2822","4640","0","60.82","38.25"
"63","000","00","012","1203","0007","926","591","335","41","967","1580","0","61.2","37.41"
"63","000","00","012","1203","0008","905","600","305","33","938","1577","0","59.48","38.05"
"63","000","00","012","1203","0009","880","584","296","37","917","1483","0","61.83","39.38"
"63","000","00","012","1204","0000","3327","2212","1115","142","3469","6090","0","56.96","36.32"
"63","000","00","012","1204","0010","811","519","292","22","833","1461","0","57.02","35.52"
"63","000","00","012","1204","0011","809","523","286","33","842","1466","0","57.44","35.68"
"63","000","00","012","1204","0012","928","627","301","34","962","1620","0","59.38","38.7"
"63","000","00","012","1204","0013","779","543","236","53","832","1543","0","53.92","35.19"
"63","000","00","012","1205","0000","3480","2346","1134","137","3617","6230","0","58.06","37.66"
"63","000","00","012","1205","0014","794","540","254","33","827","1513","0","54.66","35.69"
"63","000","00","012","1205","0015","872","606","266","33","905","1534","0","59.0","39.5"
"63","000","00","012","1205","0016","939","635","304","46","985","1650","0","59.7","38.48"
"63","000","00","012","1205","0017","875","565","310","25","900","1533","0","58.71","36.86"
"63","000","00","012","1206","0000","3627","2210","1417","156","3783","6528","0","57.95","33.85"
"63","000","00","012","1206","0018","909","571","338","28","937","1702","0","55.05","33.55"
"63","000","00","012","1206","0019","943","543","400","35","978","1721","0","56.83","31.55"
"63","000","00","012","1206","0020","922","551","371","41","963","1575","0","61.14","34.98"
"63","000","00","012","1206","0021","853","545","308","52","905","1530","0","59.15","35.62"
"63","000","00","012","1207","0000","3593","2344","1249","173","3766","6810","0","55.3","34.42"
"63","000","00","012","1207","0022","961","629","332","51","1012","1728","0","58.56","36.4"
"63","000","00","012","1207","0023","934","615","319","48","982","1702","0","57.7","36.13"
"63","000","00","012","1207","0024","917","577","340","50","967","1696","0","57.02","34.02"
"63","000","00","012","1207","0025","781","523","258","24","805","1684","0","47.8","31.06"
"63","000","00","012","1208","0000","3848","2538","1310","122","3970","6642","0","59.77","38.21"
"63","000","00","012","1208","0026","1000","658","342","40","1040","1717","0","60.57","38.32"
"63","000","00","012","1208","0027","915","586","329","30","945","1605","0","58.88","36.51"
"63","000","00","012","1208","0028","965","679","286","32","997","1723","0","57.86","39.41"
"63","000","00","012","1208","0029","968","615","353","20","988","1597","0","61.87","38.51"
"63","000","00","012","1209","0000","4359","2797","1562","130","4489","7993","0","56.16","34.99"
"63","000","00","012","1209","0030","951","634","317","25","976","1700","0","57.41","37.29"
"63","000","00","012","1209","0031","788","465","323","27","815","1544","0","52.78","30.12"
"63","000","00","012","1209","0032","854","567","287","25","879","1635","0","53.76","34.68"
"63","000","00","012","1209","0033","850","540","310","24","874","1495","0","58.46","36.12"
"63","000","00","012","1209","0034","916","591","325","29","945","1619","0","58.37","36.5"
"63","000","00","012","1210","0000","3529","2183","1346","113","3642","6869","0","53.02","31.78"
"63","000","00","012","1210","0035","923","545","378","34","957","1683","0","56.86","32.38"
"63","000","00","012","1210","0036","859","558","301","39","898","1662","0","54.03","33.57"
"63","000","00","012","1210","0037","890","568","322","21","911","1850","0","49.24","30.7"
"63","000","00","012","1210","0038","857","512","345","19","876","1674","0","52.33","30.59"
"63","000","00","012","1211","0000","2438","1658","780","87","2525","4183","0","60.36","39.64"
"63","000","00","012","1211","0039","879","597","282","41","920","1511","0","60.89","39.51"
"63","000","00","012","1211","0040","778","529","249","16","794","1393","0","57.0","37.98"
"63","000","00","012","1211","0041","781","532","249","30","811","1279","0","63.41","41.59"
"63","000","00","012","1212","0000","2305","1531","774","115","2420","3837","0","63.07","39.9"
"63","000","00","012","1212","0042","618","412","206","25","643","1122","0","57.31","36.72"
"63","000","00","012","1212","0043","819","554","265","38","857","1238","0","69.22","44.75"
"63","000","00","012","1212","0044","868","565","303","52","920","1477","0","62.29","38.25"
"63","000","00","012","1213","0000","3442","2338","1104","118","3560","5857","0","60.78","39.92"
"63","000","00","012","1213","0045","884","581","303","32","916","1495","0","61.27","38.86"
"63","000","00","012","1213","0046","899","584","315","26","925","1469","0","62.97","39.75"
"63","000","00","012","1213","0047","840","601","239","23","863","1462","0","59.03","41.11"
"63","000","00","012","1213","0048","819","572","247","37","856","1431","0","59.82","39.97"
"63","000","00","012","1214","0000","2551","1638","913","89","2640","4391","0","60.12","37.3"
"63","000","00","012","1214","0049","866","549","317","30","896","1486","0","60.3","36.94"
"63","000","00","012","1214","0050","851","576","275","34","885","1449","0","61.08","39.75"
"63","000","00","012","1214","0051","834","513","321","25","859","1456","0","59.0","35.23"
"63","000","00","012","1215","0000","2347","1566","781","87","2434","4005","0","60.77","39.1"
"63","000","00","012","1215","0052","798","545","253","29","827","1311","0","63.08","41.57"
"63","000","00","012","1215","0053","784","517","267","31","815","1356","0","60.1","38.13"
"63","000","00","012","1215","0054","765","504","261","27","792","1338","0","59.19","37.67"
"63","000","00","012","1216","0000","2537","1680","857","65","2602","4644","0","56.03","36.18"
"63","000","00","012","1216","0055","870","575","295","20","890","1525","0","58.36","37.7"
"63","000","00","012","1216","0056","872","570","302","28","900","1620","0","55.56","35.19"
"63","000","00","012","1216","0057","795","535","260","17","812","1499","0","54.17","35.69"
"63","000","00","012","1217","0000","4282","2813","1469","187","4469","7724","0","57.86","36.42"
"63","000","00","012","1217","0058","885","609","276","27","912","1497","0","60.92","40.68"
"63","000","00","012","1217","0059","886","562","324","37","923","1624","0","56.83","34.61"
"63","000","00","012","1217","0060","798","525","273","45","843","1536","0","54.88","34.18"
"63","000","00","012","1217","0061","847","558","289","52","899","1469","0","61.2","37.99"
"63","000","00","012","1217","0062","866","559","307","26","892","1598","0","55.82","34.98"
"63","000","00","012","1218","0000","2664","1717","947","126","2790","4923","0","56.67","34.88"
"63","000","00","012","1218","0063","913","586","327","33","946","1690","0","55.98","34.67"
"63","000","00","012","1218","0064","856","574","282","56","912","1599","0","57.04","35.9"
"63","000","00","012","1218","0065","895","557","338","37","932","1634","0","57.04","34.09"
"63","000","00","012","1219","0000","856","585","271","33","889","1660","0","53.55","35.24"
"63","000","00","012","1219","0066","856","585","271","33","889","1660","0","53.55","35.24"
"63","000","00","012","1220","0000","4973","3195","1778","197","5170","9045","0","57.16","35.32"
"63","000","00","012","1220","0067","965","611","354","38","1003","1900","0","52.79","32.16"
"63","000","00","012","1220","0068","1000","632","368","37","1037","1797","0","57.71","35.17"
"63","000","00","012","1220","0069","1026","654","372","42","1068","1832","0","58.3","35.7"
"63","000","00","012","1220","0070","1009","667","342","42","1051","1784","0","58.91","37.39"
"63","000","00","012","1220","0071","973","631","342","38","1011","1732","0","58.37","36.43"
"63","000","00","012","1221","0000","4029","2730","1299","209","4238","8470","0","50.04","32.23"
"63","000","00","012","1221","0072","526","352","174","32","558","2035","0","27.42","17.3"
"63","000","00","012","1221","0073","825","538","287","36","861","1504","0","57.25","35.77"
"63","000","00","012","1221","0074","953","673","280","42","995","1683","0","59.12","39.99"
"63","000","00","012","1221","0075","858","583","275","52","910","1635","0","55.66","35.66"
"63","000","00","012","1221","0076","867","584","283","47","914","1613","0","56.66","36.21"
"63","000","00","012","1222","0000","4061","2680","1381","156","4217","7542","0","55.91","35.53"
"63","000","00","012","1222","0077","819","543","276","20","839","1483","0","56.57","36.61"
"63","000","00","012","1222","0078","826","556","270","30","856","1500","0","57.07","37.07"
"63","000","00","012","1222","0079","835","537","298","34","869","1483","0","58.6","36.21"
"63","000","00","012","1222","0080","835","555","280","43","878","1544","0","56.87","35.95"
"63","000","00","012","1222","0081","746","489","257","29","775","1532","0","50.59","31.92"
"63","000","00","012","1223","0000","2836","1795","1041","95","2931","5554","0","52.77","32.32"
"63","000","00","012","1223","0082","979","643","336","44","1023","1819","0","56.24","35.35"
"63","000","00","012","1223","0083","940","580","360","36","976","1863","0","52.39","31.13"
"63","000","00","012","1223","0084","917","572","345","15","932","1872","0","49.79","30.56"
"63","000","00","012","1224","0000","2758","1816","942","92","2850","5164","0","55.19","35.17"
"63","000","00","012","1224","0085","872","598","274","41","913","1627","0","56.12","36.75"
"63","000","00","012","1224","0086","891","580","311","21","912","1696","0","53.77","34.2"
"63","000","00","012","1224","0087","995","638","357","30","1025","1841","0","55.68","34.66"
"63","000","00","012","1225","0000","3293","2173","1120","111","3404","5954","0","57.17","36.5"
"63","000","00","012","1225","0088","737","484","253","27","764","1324","0","57.7","36.56"
"63","000","00","012","1225","0089","799","539","260","23","822","1504","0","54.65","35.84"
"63","000","00","012","1225","0090","828","564","264","35","863","1511","0","57.11","37.33"
"63","000","00","012","1225","0091","929","586","343","26","955","1615","0","59.13","36.28"
"63","000","00","012","1226","0000","1376","878","498","50","1426","2762","0","51.63","31.79"
"63","000","00","012","1226","0092","655","445","210","19","674","1270","0","53.07","35.04"
"63","000","00","012","1226","0093","721","433","288","31","752","1492","0","50.4","29.02"
"63","000","00","012","1227","0000","3064","1955","1109","85","3149","5832","0","54.0","33.52"
"63","000","00","012","1227","0094","749","462","287","21","770","1429","0","53.88","32.33"
"63","000","00","012","1227","0095","808","503","305","15","823","1567","0","52.52","32.1"
"63","000","00","012","1227","0096","761","506","255","32","793","1388","0","57.13","36.46"
"63","000","00","012","1227","0097","746","484","262","17","763","1448","0","52.69","33.43"
"63","000","00","012","1228","0000","2095","1437","658","85","2180","3829","0","56.93","37.53"
"63","000","00","012","1228","0098","698","477","221","37","735","1356","0","54.2","35.18"
"63","000","00","012","1228","0099","717","504","213","19","736","1308","0","56.27","38.53"
"63","000","00","012","1228","0100","680","456","224","29","709","1165","0","60.86","39.14"
"63","000","00","012","1229","0000","3335","2273","1062","128","3463","5889","0","58.8","38.6"
"63","000","00","012","1229","0101","825","591","234","38","863","1429","0","60.39","41.36"
"63","000","00","012","1229","0102","792","551","241","21","813","1472","0","55.23","37.43"
"63","000","00","012","1229","0103","907","570","337","36","943","1508","0","62.53","37.8"
"63","000","00","012","1229","0104","811","561","250","33","844","1480","0","57.03","37.91"
"63","000","00","012","1230","0000","2366","1576","790","95","2461","4365","0","56.38","36.11"
"63","000","00","012","1230","0105","607","402","205","30","637","1142","0","55.78","35.2"
"63","000","00","012","1230","0106","809","547","262","18","827","1554","0","53.22","35.2"
"63","000","00","012","1230","0107","950","627","323","47","997","1669","0","59.74","37.57"
"63","000","00","012","1231","0000","2791","1889","902","128","2919","5333","0","54.73","35.42"
"63","000","00","012","1231","0108","966","669","297","43","1009","1823","0","55.35","36.7"
"63","000","00","012","1231","0109","916","603","313","42","958","1739","0","55.09","34.68"
"63","000","00","012","1231","0110","909","617","292","43","952","1771","0","53.75","34.84"
"63","000","00","012","1232","0000","1566","1097","469","72","1638","2937","0","55.77","37.35"
"63","000","00","012","1232","0111","753","543","210","53","806","1468","0","54.9","36.99"
"63","000","00","012","1232","0112","813","554","259","19","832","1469","0","56.64","37.71"
"63","000","00","012","1233","0000","2220","1566","654","76","2296","3617","0","63.48","43.3"
"63","000","00","012","1233","0113","693","499","194","21","714","1094","0","65.27","45.61"
"63","000","00","012","1233","0114","685","496","189","30","715","1101","0","64.94","45.05"
"63","000","00","012","1233","0115","842","571","271","25","867","1422","0","60.97","40.15"
"63","000","00","012","1234","0000","2236","1551","685","99","2335","3912","0","59.69","39.65"
"63","000","00","012","1234","0116","755","558","197","26","781","1390","0","56.19","40.14"
"63","000","00","012","1234","0117","750","523","227","31","781","1307","0","59.76","40.02"
"63","000","00","012","1234","0118","731","470","261","42","773","1215","0","63.62","38.68"
"63","000","00","012","1235","0000","2545","1742","803","105","2650","4886","0","54.24","35.65"
"63","000","00","012","1235","0119","860","576","284","28","888","1642","0","54.08","35.08"
"63","000","00","012","1235","0120","832","588","244","32","864","1623","0","53.23","36.23"
"63","000","00","012","1235","0121","853","578","275","45","898","1621","0","55.4","35.66"
"63","000","00","012","1236","0000","2977","1929","1048","97","3074","5397","0","56.96","35.74"
"63","000","00","012","1236","0122","747","470","277","22","769","1367","0","56.25","34.38"
"63","000","00","012","1236","0123","704","465","239","24","728","1309","0","55.61","35.52"
"63","000","00","012","1236","0124","778","491","287","21","799","1356","0","58.92","36.21"
"63","000","00","012","1236","0125","748","503","245","30","778","1365","0","57.0","36.85"
"63","000","00","012","1237","0000","3492","2267","1225","108","3600","6487","0","55.5","34.95"
"63","000","00","012","1237","0126","865","550","315","23","888","1613","0","55.05","34.1"
"63","000","00","012","1237","0127","792","517","275","15","807","1590","0","50.75","32.52"
"63","000","00","012","1237","0128","936","627","309","30","966","1662","0","58.12","37.73"
"63","000","00","012","1237","0129","899","573","326","40","939","1622","0","57.89","35.33"
"63","000","00","012","1238","0000","5305","3526","1779","190","5495","10006","0","54.92","35.24"
"63","000","00","012","1238","0130","993","614","379","20","1013","1820","0","55.66","33.74"
"63","000","00","012","1238","0131","903","615","288","46","949","1615","0","58.76","38.08"
"63","000","00","012","1238","0132","717","501","216","37","754","1612","0","46.77","31.08"
"63","000","00","012","1238","0133","887","581","306","40","927","1652","0","56.11","35.17"
"63","000","00","012","1238","0134","932","633","299","16","948","1666","0","56.9","38.0"
"63","000","00","012","1238","0135","873","582","291","31","904","1641","0","55.09","35.47"
"63","000","00","012","1239","0000","1048","703","345","65","1113","2170","0","51.29","32.4"
"63","000","00","012","1239","0136","309","191","118","16","325","528","0","61.55","36.17"
"63","000","00","012","1239","0137","739","512","227","49","788","1642","0","47.99","31.18"
"63","000","00","012","1240","0000","801","570","231","53","854","1519","0","56.22","37.52"
"63","000","00","012","1240","0138","444","316","128","27","471","829","0","56.82","38.12"
"63","000","00","012","1240","0139","357","254","103","26","383","690","0","55.51","36.81"
"63","000","00","012","1241","0000","547","394","153","41","588","1067","0","55.11","36.93"
"63","000","00","012","1241","0140","547","394","153","41","588","1067","0","55.11","36.93"
"63","000","00","012","1242","0000","470","336","134","37","507","892","0","56.84","37.67"
"63","000","00","012","1242","0141","470","336","134","37","507","892","0","56.84","37.67"
"65","000","00","000","0000","0000","1798174","1259036","539138","78810","1876984","3375513","3992291","55.61","37.3"
"65","000","00","001","0000","0000","253851","176457","77394","10798","264649","463411","554357","57.11","38.08"
"65","000","00","001","0101","0000","752","491","261","35","787","1388","0","56.7","35.37"
"65","000","00","001","0101","0894","752","491","261","35","787","1388","0","56.7","35.37"
"65","000","00","001","0102","0000","736","472","264","34","770","1294","0","59.51","36.48"
"65","000","00","001","0102","0895","736","472","264","34","770","1294","0","59.51","36.48"
"65","000","00","001","0103","0000","406","253","153","13","419","667","0","62.82","37.93"
"65","000","00","001","0103","0896","406","253","153","13","419","667","0","62.82","37.93"
"65","000","00","001","0104","0000","476","343","133","28","504","898","0","56.12","38.2"
"65","000","00","001","0104","0897","476","343","133","28","504","898","0","56.12","38.2"
"65","000","00","001","0105","0000","915","664","251","56","971","1568","0","61.93","42.35"
"65","000","00","001","0105","0898","482","339","143","25","507","829","0","61.16","40.89"
"65","000","00","001","0105","0899","433","325","108","31","464","739","0","62.79","43.98"
"65","000","00","001","0106","0000","2430","1674","756","104","2534","4718","0","53.71","35.48"
"65","000","00","001","0106","0900","606","429","177","29","635","1035","0","61.35","41.45"
"65","000","00","001","0106","0901","799","517","282","8","807","1713","0","47.11","30.18"
"65","000","00","001","0106","0902","341","247","94","14","355","658","0","53.95","37.54"
"65","000","00","001","0106","0903","684","481","203","53","737","1312","0","56.17","36.66"
"65","000","00","001","0107","0000","1440","1020","420","67","1507","2885","0","52.24","35.36"
"65","000","00","001","0107","0904","749","529","220","33","782","1492","0","52.41","35.46"
"65","000","00","001","0107","0905","691","491","200","34","725","1393","0","52.05","35.25"
"65","000","00","001","0108","0000","2920","2039","881","137","3057","8490","0","36.01","24.02"
"65","000","00","001","0108","0906","846","594","252","37","883","4742","0","18.62","12.53"
"65","000","00","001","0108","0907","774","539","235","30","804","1439","0","55.87","37.46"
"65","000","00","001","0108","0908","683","483","200","43","726","1187","0","61.16","40.69"
"65","000","00","001","0108","0909","617","423","194","27","644","1122","0","57.4","37.7"
"65","000","00","001","0109","0000","2153","1512","641","108","2261","3787","0","59.7","39.93"
"65","000","00","001","0109","0910","762","541","221","47","809","1363","0","59.35","39.69"
"65","000","00","001","0109","0911","623","442","181","28","651","1093","0","59.56","40.44"
"65","000","00","001","0109","0912","768","529","239","33","801","1331","0","60.18","39.74"
"65","000","00","001","0110","0000","2057","1436","621","92","2149","3777","0","56.9","38.02"
"65","000","00","001","0110","0915","660","454","206","36","696","1268","0","54.89","35.8"
"65","000","00","001","0110","0916","696","512","184","24","720","1313","0","54.84","38.99"
"65","000","00","001","0110","0917","701","470","231","32","733","1196","0","61.29","39.3"
"65","000","00","001","0111","0000","2831","1886","945","113","2944","4565","0","64.49","41.31"
"65","000","00","001","0111","0918","755","496","259","27","782","1137","0","68.78","43.62"
"65","000","00","001","0111","0919","781","496","285","30","811","1269","0","63.91","39.09"
"65","000","00","001","0111","0920","663","453","210","24","687","1117","0","61.5","40.56"
"65","000","00","001","0111","0921","632","441","191","32","664","1042","0","63.72","42.32"
"65","000","00","001","0112","0000","1416","1022","394","86","1502","2473","0","60.74","41.33"
"65","000","00","001","0112","0922","721","521","200","52","773","1257","0","61.5","41.45"
"65","000","00","001","0112","0923","695","501","194","34","729","1216","0","59.95","41.2"
"65","000","00","001","0113","0000","1426","955","471","80","1506","2416","0","62.33","39.53"
"65","000","00","001","0113","0924","627","411","216","34","661","1126","0","58.7","36.5"
"65","000","00","001","0113","0925","799","544","255","46","845","1290","0","65.5","42.17"
"65","000","00","001","0114","0000","2017","1458","559","68","2085","3372","0","61.83","43.24"
"65","000","00","001","0114","0928","819","598","221","29","848","1329","0","63.81","45.0"
"65","000","00","001","0114","0929","582","439","143","23","605","996","0","60.74","44.08"
"65","000","00","001","0114","0930","616","421","195","16","632","1047","0","60.36","40.21"
"65","000","00","001","0115","0000","1471","1049","422","67","1538","2524","0","60.94","41.56"
"65","000","00","001","0115","0931","736","528","208","40","776","1272","0","61.01","41.51"
"65","000","00","001","0115","0932","735","521","214","27","762","1252","0","60.86","41.61"
"65","000","00","001","0116","0000","1950","1377","573","113","2063","3509","0","58.79","39.24"
"65","000","00","001","0116","0936","584","410","174","29","613","1093","0","56.08","37.51"
"65","000","00","001","0116","0937","623","438","185","47","670","1148","0","58.36","38.15"
"65","000","00","001","0116","0938","743","529","214","37","780","1268","0","61.51","41.72"
"65","000","00","001","0117","0000","2410","1727","683","142","2552","4250","0","60.05","40.64"
"65","000","00","001","0117","0939","677","492","185","41","718","1230","0","58.37","40.0"
"65","000","00","001","0117","0940","550","405","145","29","579","1012","0","57.21","40.02"
"65","000","00","001","0117","0941","464","333","131","29","493","811","0","60.79","41.06"
"65","000","00","001","0117","0942","719","497","222","43","762","1197","0","63.66","41.52"
"65","000","00","001","0118","0000","1325","951","374","58","1383","2364","0","58.5","40.23"
"65","000","00","001","0118","0943","624","451","173","32","656","1142","0","57.44","39.49"
"65","000","00","001","0118","0944","701","500","201","26","727","1222","0","59.49","40.92"
"65","000","00","001","0119","0000","1882","1324","558","87","1969","3208","0","61.38","41.27"
"65","000","00","001","0119","0947","596","412","184","25","621","1011","0","61.42","40.75"
"65","000","00","001","0119","0948","672","476","196","33","705","1157","0","60.93","41.14"
"65","000","00","001","0119","0949","614","436","178","29","643","1040","0","61.83","41.92"
"65","000","00","001","0120","0000","2087","1427","660","68","2155","3621","0","59.51","39.41"
"65","000","00","001","0120","0950","691","471","220","26","717","1173","0","61.13","40.15"
"65","000","00","001","0120","0951","652","436","216","25","677","1193","0","56.75","36.55"
"65","000","00","001","0120","0952","744","520","224","17","761","1255","0","60.64","41.43"
"65","000","00","001","0121","0000","1951","1359","592","61","2012","3298","0","61.01","41.21"
"65","000","00","001","0121","0953","765","523","242","24","789","1306","0","60.41","40.05"
"65","000","00","001","0121","0954","639","456","183","12","651","1050","0","62.0","43.43"
"65","000","00","001","0121","0955","547","380","167","25","572","942","0","60.72","40.34"
"65","000","00","001","0122","0000","2156","1542","614","88","2244","3677","0","61.03","41.94"
"65","000","00","001","0122","0956","689","508","181","30","719","1133","0","63.46","44.84"
"65","000","00","001","0122","0957","710","493","217","36","746","1251","0","59.63","39.41"
"65","000","00","001","0122","0958","757","541","216","22","779","1293","0","60.25","41.84"
"65","000","00","001","0123","0000","1876","1325","551","102","1978","3492","0","56.64","37.94"
"65","000","00","001","0123","0959","633","452","181","30","663","1208","0","54.88","37.42"
"65","000","00","001","0123","0960","679","466","213","32","711","1223","0","58.14","38.1"
"65","000","00","001","0123","0961","564","407","157","40","604","1061","0","56.93","38.36"
"65","000","00","001","0124","0000","2191","1567","624","76","2267","3596","0","63.04","43.58"
"65","000","00","001","0124","0964","700","498","202","21","721","1120","0","64.38","44.46"
"65","000","00","001","0124","0965","660","457","203","33","693","1091","0","63.52","41.89"
"65","000","00","001","0124","0966","831","612","219","22","853","1385","0","61.59","44.19"
"65","000","00","001","0125","0000","1399","999","400","54","1453","2269","0","64.04","44.03"
"65","000","00","001","0125","0969","743","512","231","21","764","1191","0","64.15","42.99"
"65","000","00","001","0125","0970","656","487","169","33","689","1078","0","63.91","45.18"
"65","000","00","001","0126","0000","1518","1085","433","74","1592","2673","0","59.56","40.59"
"65","000","00","001","0126","0971","767","563","204","39","806","1351","0","59.66","41.67"
"65","000","00","001","0126","0972","751","522","229","35","786","1322","0","59.46","39.49"
"65","000","00","001","0127","0000","1160","818","342","61","1221","1897","0","64.36","43.12"
"65","000","00","001","0127","0973","502","360","142","28","530","868","0","61.06","41.47"
"65","000","00","001","0127","0974","658","458","200","33","691","1029","0","67.15","44.51"
"65","000","00","001","0128","0000","3478","2350","1128","119","3597","6157","0","58.42","38.17"
"65","000","00","001","0128","0975","924","620","304","24","948","1602","0","59.18","38.7"
"65","000","00","001","0128","0976","803","578","225","24","827","1362","0","60.72","42.44"
"65","000","00","001","0128","0977","921","600","321","48","969","1698","0","57.07","35.34"
"65","000","00","001","0128","0978","830","552","278","23","853","1495","0","57.06","36.92"
"65","000","00","001","0129","0000","2284","1574","710","103","2387","4360","0","54.75","36.1"
"65","000","00","001","0129","0979","807","536","271","43","850","1522","0","55.85","35.22"
"65","000","00","001","0129","0980","720","519","201","37","757","1279","0","59.19","40.58"
"65","000","00","001","0129","0981","757","519","238","23","780","1559","0","50.03","33.29"
"65","000","00","001","0130","0000","2486","1700","786","103","2589","4788","0","54.07","35.51"
"65","000","00","001","0130","0982","783","547","236","47","830","1537","0","54.0","35.59"
"65","000","00","001","0130","0983","771","525","246","37","808","1531","0","52.78","34.29"
"65","000","00","001","0130","0984","932","628","304","19","951","1720","0","55.29","36.51"
"65","000","00","001","0131","0000","2885","1989","896","124","3009","5277","0","57.02","37.69"
"65","000","00","001","0131","0985","632","444","188","21","653","1165","0","56.05","38.11"
"65","000","00","001","0131","0986","1031","681","350","42","1073","1857","0","57.78","36.67"
"65","000","00","001","0131","0987","586","422","164","39","625","1078","0","57.98","39.15"
"65","000","00","001","0131","0988","636","442","194","22","658","1177","0","55.9","37.55"
"65","000","00","001","0132","0000","1838","1250","588","86","1924","3253","0","59.15","38.43"
"65","000","00","001","0132","0989","1006","672","334","41","1047","1798","0","58.23","37.37"
"65","000","00","001","0132","0990","832","578","254","45","877","1455","0","60.27","39.73"
"65","000","00","001","0133","0000","2351","1641","710","70","2421","4295","0","56.37","38.21"
"65","000","00","001","0133","0993","907","585","322","19","926","1600","0","57.88","36.56"
"65","000","00","001","0133","0994","733","537","196","20","753","1409","0","53.44","38.11"
"65","000","00","001","0133","0995","711","519","192","31","742","1286","0","57.7","40.36"
"65","000","00","001","0134","0000","1201","841","360","102","1303","2547","0","51.16","33.02"
"65","000","00","001","0134","0996","606","432","174","65","671","1359","0","49.37","31.79"
"65","000","00","001","0134","0997","595","409","186","37","632","1188","0","53.2","34.43"
"65","000","00","001","0135","0000","3763","2572","1191","150","3913","6884","0","56.84","37.36"
"65","000","00","001","0135","0998","858","604","254","47","905","1627","0","55.62","37.12"
"65","000","00","001","0135","0999","841","577","264","26","867","1633","0","53.09","35.33"
"65","000","00","001","0135","1000","1045","695","350","36","1081","1814","0","59.59","38.31"
"65","000","00","001","0135","1001","1019","696","323","41","1060","1810","0","58.56","38.45"
"65","000","00","001","0136","0000","1846","1288","558","90","1936","3315","0","58.4","38.85"
"65","000","00","001","0136","1005","610","426","184","35","645","1130","0","57.08","37.7"
"65","000","00","001","0136","1006","638","441","197","25","663","1056","0","62.78","41.76"
"65","000","00","001","0136","1007","598","421","177","30","628","1129","0","55.62","37.29"
"65","000","00","001","0137","0000","3632","2508","1124","128","3760","6233","0","60.32","40.24"
"65","000","00","001","0137","1008","948","684","264","41","989","1713","0","57.73","39.93"
"65","000","00","001","0137","1009","905","615","290","42","947","1622","0","58.38","37.92"
"65","000","00","001","0137","1010","867","580","287","32","899","1427","0","63.0","40.64"
"65","000","00","001","0137","1011","912","629","283","13","925","1471","0","62.88","42.76"
"65","000","00","001","0138","0000","1442","1005","437","77","1519","2637","0","57.6","38.11"
"65","000","00","001","0138","1015","460","324","136","15","475","828","0","57.37","39.13"
"65","000","00","001","0138","1016","480","345","135","40","520","820","0","63.41","42.07"
"65","000","00","001","0138","1017","502","336","166","22","524","989","0","52.98","33.97"
"65","000","00","001","0139","0000","2394","1681","713","115","2509","4257","0","58.94","39.49"
"65","000","00","001","0139","1018","562","392","170","38","600","1023","0","58.65","38.32"
"65","000","00","001","0139","1019","579","417","162","30","609","1044","0","58.33","39.94"
"65","000","00","001","0139","1020","548","396","152","27","575","968","0","59.4","40.91"
"65","000","00","001","0139","1021","705","476","229","20","725","1222","0","59.33","38.95"
"65","000","00","001","0140","0000","1595","1097","498","80","1675","2970","0","56.4","36.94"
"65","000","00","001","0140","1022","741","527","214","40","781","1385","0","56.39","38.05"
"65","000","00","001","0140","1023","854","570","284","40","894","1585","0","56.4","35.96"
"65","000","00","001","0141","0000","2076","1440","636","93","2169","3646","0","59.49","39.5"
"65","000","00","001","0141","1024","984","678","306","53","1037","1840","0","56.36","36.85"
"65","000","00","001","0141","1025","1092","762","330","40","1132","1806","0","62.68","42.19"
"65","000","00","001","0142","0000","2450","1680","770","120","2570","4482","0","57.34","37.48"
"65","000","00","001","0142","1026","821","578","243","41","862","1506","0","57.24","38.38"
"65","000","00","001","0142","1027","793","546","247","34","827","1476","0","56.03","36.99"
"65","000","00","001","0142","1028","836","556","280","45","881","1500","0","58.73","37.07"
"65","000","00","001","0143","0000","1812","1192","620","82","1894","3108","0","60.94","38.35"
"65","000","00","001","0143","1031","913","600","313","33","946","1601","0","59.09","37.48"
"65","000","00","001","0143","1032","899","592","307","49","948","1507","0","62.91","39.28"
"65","000","00","001","0144","0000","5263","3480","1783","144","5407","8859","0","61.03","39.28"
"65","000","00","001","0144","1035","1078","730","348","42","1120","1822","0","61.47","40.07"
"65","000","00","001","0144","1036","951","650","301","48","999","1605","0","62.24","40.5"
"65","000","00","001","0144","1037","906","614","292","14","920","1549","0","59.39","39.64"
"65","000","00","001","0144","1038","1247","774","473","15","1262","1948","0","64.78","39.73"
"65","000","00","001","0144","1039","1081","712","369","25","1106","1935","0","57.16","36.8"
"65","000","00","001","0145","0000","1179","819","360","46","1225","2192","0","55.89","37.36"
"65","000","00","001","0145","1040","591","418","173","25","616","1097","0","56.15","38.1"
"65","000","00","001","0145","1041","588","401","187","21","609","1095","0","55.62","36.62"
"65","000","00","001","0146","0000","2052","1419","633","71","2123","3603","0","58.92","39.38"
"65","000","00","001","0146","1044","639","455","184","29","668","1187","0","56.28","38.33"
"65","000","00","001","0146","1045","671","455","216","22","693","1154","0","60.05","39.43"
"65","000","00","001","0146","1046","742","509","233","20","762","1262","0","60.38","40.33"
"65","000","00","001","0147","0000","1454","1038","416","77","1531","2681","0","57.11","38.72"
"65","000","00","001","0147","1047","693","509","184","29","722","1271","0","56.81","40.05"
"65","000","00","001","0147","1048","761","529","232","48","809","1410","0","57.38","37.52"
"65","000","00","001","0148","0000","2881","2061","820","154","3035","5365","0","56.57","38.42"
"65","000","00","001","0148","1049","877","628","249","43","920","1745","0","52.72","35.99"
"65","000","00","001","0148","1050","1003","719","284","60","1063","1867","0","56.94","38.51"
"65","000","00","001","0148","1051","1001","714","287","51","1052","1753","0","60.01","40.73"
"65","000","00","001","0149","0000","681","482","199","45","726","1204","0","60.3","40.03"
"65","000","00","001","0149","1052","681","482","199","45","726","1204","0","60.3","40.03"
"65","000","00","001","0150","0000","3044","2050","994","143","3187","5455","0","58.42","37.58"
"65","000","00","001","0150","1053","859","583","276","40","899","1614","0","55.7","36.12"
"65","000","00","001","0150","1054","713","497","216","29","742","1237","0","59.98","40.18"
"65","000","00","001","0150","1055","781","526","255","36","817","1361","0","60.03","38.65"
"65","000","00","001","0150","1056","691","444","247","38","729","1243","0","58.65","35.72"
"65","000","00","001","0151","0000","2207","1580","627","95","2302","3979","0","57.85","39.71"
"65","000","00","001","0151","1057","779","556","223","23","802","1515","0","52.94","36.7"
"65","000","00","001","0151","1058","872","613","259","39","911","1515","0","60.13","40.46"
"65","000","00","001","0151","1059","556","411","145","33","589","949","0","62.07","43.31"
"65","000","00","001","0152","0000","1951","1390","561","81","2032","3768","0","53.93","36.89"
"65","000","00","001","0152","1060","879","620","259","34","913","1629","0","56.05","38.06"
"65","000","00","001","0152","1061","692","485","207","31","723","1238","0","58.4","39.18"
"65","000","00","001","0152","1062","380","285","95","16","396","901","0","43.95","31.63"
"65","000","00","001","0153","0000","1593","1095","498","117","1710","2956","0","57.85","37.04"
"65","000","00","001","0153","1063","796","537","259","78","874","1475","0","59.25","36.41"
"65","000","00","001","0153","1064","797","558","239","39","836","1481","0","56.45","37.68"
"65","000","00","001","0154","0000","3032","2097","935","161","3193","5602","0","57.0","37.43"
"65","000","00","001","0154","1065","904","643","261","62","966","1800","0","53.67","35.72"
"65","000","00","001","0154","1066","869","605","264","46","915","1630","0","56.13","37.12"
"65","000","00","001","0154","1067","762","509","253","24","786","1298","0","60.55","39.21"
"65","000","00","001","0154","1068","497","340","157","29","526","874","0","60.18","38.9"
"65","000","00","001","0155","0000","1502","1007","495","71","1573","2581","0","60.95","39.02"
"65","000","00","001","0155","1071","829","540","289","41","870","1451","0","59.96","37.22"
"65","000","00","001","0155","1072","673","467","206","30","703","1130","0","62.21","41.33"
"65","000","00","001","0156","0000","1677","1170","507","80","1757","2971","0","59.14","39.38"
"65","000","00","001","0156","1073","822","572","250","27","849","1440","0","58.96","39.72"
"65","000","00","001","0156","1074","855","598","257","53","908","1531","0","59.31","39.06"
"65","000","00","001","0157","0000","3766","2521","1245","138","3904","6492","0","60.14","38.83"
"65","000","00","001","0157","1077","662","463","199","28","690","1174","0","58.77","39.44"
"65","000","00","001","0157","1078","698","523","175","28","726","1228","0","59.12","42.59"
"65","000","00","001","0157","1079","709","404","305","22","731","1187","0","61.58","34.04"
"65","000","00","001","0157","1080","504","366","138","34","538","870","0","61.84","42.07"
"65","000","00","001","0157","1081","1193","765","428","26","1219","2033","0","59.96","37.63"
"65","000","00","001","0158","0000","1338","912","426","54","1392","2493","0","55.84","36.58"
"65","000","00","001","0158","1082","740","495","245","33","773","1418","0","54.51","34.91"
"65","000","00","001","0158","1083","598","417","181","21","619","1075","0","57.58","38.79"
"65","000","00","001","0159","0000","2452","1646","806","109","2561","4561","0","56.15","36.09"
"65","000","00","001","0159","1086","1029","657","372","48","1077","1893","0","56.89","34.71"
"65","000","00","001","0159","1087","694","483","211","33","727","1302","0","55.84","37.1"
"65","000","00","001","0159","1088","729","506","223","28","757","1366","0","55.42","37.04"
"65","000","00","001","0160","0000","1452","997","455","72","1524","2518","0","60.52","39.59"
"65","000","00","001","0160","1089","781","538","243","47","828","1318","0","62.82","40.82"
"65","000","00","001","0160","1090","671","459","212","25","696","1200","0","58.0","38.25"
"65","000","00","001","0161","0000","2096","1403","693","72","2168","3774","0","57.45","37.18"
"65","000","00","001","0161","1091","1111","694","417","32","1143","2028","0","56.36","34.22"
"65","000","00","001","0161","1092","985","709","276","40","1025","1746","0","58.71","40.61"
"65","000","00","001","0162","0000","1747","1236","511","67","1814","2981","0","60.85","41.46"
"65","000","00","001","0162","1095","806","589","217","24","830","1418","0","58.53","41.54"
"65","000","00","001","0162","1096","941","647","294","43","984","1563","0","62.96","41.39"
"65","000","00","001","0163","0000","1849","1274","575","95","1944","3487","0","55.75","36.54"
"65","000","00","001","0163","1097","928","669","259","54","982","1780","0","55.17","37.58"
"65","000","00","001","0163","1098","921","605","316","41","962","1707","0","56.36","35.44"
"65","000","00","001","0164","0000","1578","1111","467","66","1644","3051","0","53.88","36.41"
"65","000","00","001","0164","1099","377","283","94","9","386","906","0","42.6","31.24"
"65","000","00","001","0164","1100","570","396","174","29","599","1030","0","58.16","38.45"
"65","000","00","001","0164","1101","631","432","199","28","659","1115","0","59.1","38.74"
"65","000","00","001","0165","0000","3961","2692","1269","118","4079","7165","0","56.93","37.57"
"65","000","00","001","0165","1102","1019","722","297","22","1041","1836","0","56.7","39.32"
"65","000","00","001","0165","1103","1010","703","307","46","1056","1881","0","56.14","37.37"
"65","000","00","001","0165","1104","918","602","316","25","943","1688","0","55.86","35.66"
"65","000","00","001","0165","1105","1014","665","349","25","1039","1760","0","59.03","37.78"
"65","000","00","001","0166","0000","1930","1378","552","103","2033","3186","0","63.81","43.25"
"65","000","00","001","0166","1106","625","446","179","34","659","1044","0","63.12","42.72"
"65","000","00","001","0166","1107","658","475","183","21","679","1043","0","65.1","45.54"
"65","000","00","001","0166","1108","647","457","190","48","695","1099","0","63.24","41.58"
"65","000","00","001","0167","0000","1339","949","390","54","1393","2391","0","58.26","39.69"
"65","000","00","001","0167","1109","699","492","207","32","731","1260","0","58.02","39.05"
"65","000","00","001","0167","1110","640","457","183","22","662","1131","0","58.53","40.41"
"65","000","00","001","0168","0000","2271","1581","690","88","2359","3947","0","59.77","40.06"
"65","000","00","001","0168","1111","687","476","211","34","721","1225","0","58.86","38.86"
"65","000","00","001","0168","1112","879","602","277","30","909","1455","0","62.47","41.37"
"65","000","00","001","0168","1113","705","503","202","24","729","1267","0","57.54","39.7"
"65","000","00","001","0169","0000","2198","1475","723","104","2302","3832","0","60.07","38.49"
"65","000","00","001","0169","1116","637","432","205","23","660","1111","0","59.41","38.88"
"65","000","00","001","0169","1117","741","490","251","39","780","1177","0","66.27","41.63"
"65","000","00","001","0169","1118","820","553","267","42","862","1544","0","55.83","35.82"
"65","000","00","001","0170","0000","2238","1458","780","77","2315","4087","0","56.64","35.67"
"65","000","00","001","0170","1121","814","538","276","27","841","1504","0","55.92","35.77"
"65","000","00","001","0170","1122","713","463","250","32","745","1373","0","54.26","33.72"
"65","000","00","001","0170","1123","711","457","254","18","729","1210","0","60.25","37.77"
"65","000","00","001","0171","0000","1784","1283","501","92","1876","3360","0","55.83","38.18"
"65","000","00","001","0171","1124","926","646","280","34","960","1809","0","53.07","35.71"
"65","000","00","001","0171","1125","858","637","221","58","916","1551","0","59.06","41.07"
"65","000","00","001","0172","0000","2269","1550","719","65","2334","3795","0","61.5","40.84"
"65","000","00","001","0172","1126","808","536","272","20","828","1408","0","58.81","38.07"
"65","000","00","001","0172","1127","764","525","239","23","787","1285","0","61.25","40.86"
"65","000","00","001","0172","1128","697","489","208","22","719","1102","0","65.25","44.37"
"65","000","00","001","0173","0000","1655","1190","465","72","1727","3091","0","55.87","38.5"
"65","000","00","001","0173","1129","729","520","209","21","750","1399","0","53.61","37.17"
"65","000","00","001","0173","1130","926","670","256","51","977","1692","0","57.74","39.6"
"65","000","00","001","0174","0000","2546","1840","706","104","2650","4478","0","59.18","41.09"
"65","000","00","001","0174","1133","712","517","195","22","734","1246","0","58.91","41.49"
"65","000","00","001","0174","1134","849","593","256","30","879","1471","0","59.76","40.31"
"65","000","00","001","0174","1135","985","730","255","52","1037","1761","0","58.89","41.45"
"65","000","00","001","0175","0000","1601","1058","543","72","1673","3027","0","55.27","34.95"
"65","000","00","001","0175","1136","827","551","276","35","862","1499","0","57.51","36.76"
"65","000","00","001","0175","1137","774","507","267","37","811","1528","0","53.08","33.18"
"65","000","00","001","0176","0000","1763","1199","564","67","1830","3086","0","59.3","38.85"
"65","000","00","001","0176","1138","882","589","293","39","921","1536","0","59.96","38.35"
"65","000","00","001","0176","1139","881","610","271","28","909","1550","0","58.65","39.35"
"65","000","00","001","0177","0000","1861","1285","576","95","1956","3350","0","58.39","38.36"
"65","000","00","001","0177","1140","1128","771","357","50","1178","2050","0","57.46","37.61"
"65","000","00","001","0177","1141","733","514","219","45","778","1300","0","59.85","39.54"
"65","000","00","001","0178","0000","3217","2207","1010","96","3313","5917","0","55.99","37.3"
"65","000","00","001","0178","1142","857","635","222","29","886","1537","0","57.64","41.31"
"65","000","00","001","0178","1143","719","484","235","19","738","1341","0","55.03","36.09"
"65","000","00","001","0178","1144","909","584","325","12","921","1606","0","57.35","36.36"
"65","000","00","001","0178","1145","732","504","228","36","768","1433","0","53.59","35.17"
"65","000","00","001","0179","0000","2240","1608","632","111","2351","4105","0","57.27","39.17"
"65","000","00","001","0179","1146","876","630","246","35","911","1685","0","54.07","37.39"
"65","000","00","001","0179","1147","729","511","218","46","775","1248","0","62.1","40.95"
"65","000","00","001","0179","1148","635","467","168","30","665","1172","0","56.74","39.85"
"65","000","00","001","0180","0000","4109","2850","1259","143","4252","7527","0","56.49","37.86"
"65","000","00","001","0180","1149","820","550","270","19","839","1640","0","51.16","33.54"
"65","000","00","001","0180","1150","809","586","223","23","832","1428","0","58.26","41.04"
"65","000","00","001","0180","1151","836","570","266","49","885","1527","0","57.96","37.33"
"65","000","00","001","0180","1152","771","520","251","26","797","1350","0","59.04","38.52"
"65","000","00","001","0180","1153","873","624","249","26","899","1582","0","56.83","39.44"
"65","000","00","001","0181","0000","1740","1270","470","58","1798","2823","0","63.69","44.99"
"65","000","00","001","0181","1154","582","424","158","23","605","919","0","65.83","46.14"
"65","000","00","001","0181","1155","556","405","151","14","570","930","0","61.29","43.55"
"65","000","00","001","0181","1156","602","441","161","21","623","974","0","63.96","45.28"
"65","000","00","001","0182","0000","1760","1225","535","70","1830","3170","0","57.73","38.64"
"65","000","00","001","0182","1157","993","701","292","27","1020","1732","0","58.89","40.47"
"65","000","00","001","0182","1158","767","524","243","43","810","1438","0","56.33","36.44"
"65","000","00","001","0183","0000","1777","1242","535","86","1863","3541","0","52.61","35.07"
"65","000","00","001","0183","1159","928","634","294","50","978","1777","0","55.04","35.68"
"65","000","00","001","0183","1160","849","608","241","36","885","1764","0","50.17","34.47"
"65","000","00","001","0184","0000","1995","1354","641","86","2081","3712","0","56.06","36.48"
"65","000","00","001","0184","1164","948","642","306","53","1001","1870","0","53.53","34.33"
"65","000","00","001","0184","1165","1047","712","335","33","1080","1842","0","58.63","38.65"
"65","000","00","001","0185","0000","1344","868","476","82","1426","2322","0","61.41","37.38"
"65","000","00","001","0185","1166","709","423","286","39","748","1094","0","68.37","38.67"
"65","000","00","001","0185","1167","635","445","190","43","678","1228","0","55.21","36.24"
"65","000","00","001","0186","0000","3311","2300","1011","134","3445","6224","0","55.35","36.95"
"65","000","00","001","0186","1170","821","558","263","42","863","1622","0","53.21","34.4"
"65","000","00","001","0186","1171","702","539","163","27","729","1205","0","60.5","44.73"
"65","000","00","001","0186","1172","889","615","274","41","930","1787","0","52.04","34.42"
"65","000","00","001","0186","1173","899","588","311","24","923","1610","0","57.33","36.52"
"65","000","00","001","0187","0000","3836","2627","1209","101","3937","6600","0","59.65","39.8"
"65","000","00","001","0187","1174","1296","837","459","21","1317","2216","0","59.43","37.77"
"65","000","00","001","0187","1175","1439","987","452","39","1478","2294","0","64.43","43.03"
"65","000","00","001","0187","1176","1101","803","298","41","1142","2090","0","54.64","38.42"
"65","000","00","001","0188","0000","1962","1386","576","67","2029","3742","0","54.22","37.04"
"65","000","00","001","0188","1177","606","414","192","23","629","1356","0","46.39","30.53"
"65","000","00","001","0188","1178","622","451","171","20","642","1067","0","60.17","42.27"
"65","000","00","001","0188","1179","734","521","213","24","758","1319","0","57.47","39.5"
"65","000","00","001","0189","0000","1800","1281","519","87","1887","3368","0","56.03","38.03"
"65","000","00","001","0189","1180","704","497","207","32","736","1316","0","55.93","37.77"
"65","000","00","001","0189","1181","618","451","167","35","653","1195","0","54.64","37.74"
"65","000","00","001","0189","1182","478","333","145","20","498","857","0","58.11","38.86"
"65","000","00","001","0190","0000","2560","1789","771","149","2709","4724","0","57.35","37.87"
"65","000","00","001","0190","1183","722","507","215","54","776","1417","0","54.76","35.78"
"65","000","00","001","0190","1184","861","596","265","55","916","1560","0","58.72","38.21"
"65","000","00","001","0190","1185","977","686","291","40","1017","1747","0","58.21","39.27"
"65","000","00","001","0191","0000","2211","1529","682","68","2279","3735","0","61.02","40.94"
"65","000","00","001","0191","1186","736","504","232","20","756","1176","0","64.29","42.86"
"65","000","00","001","0191","1187","637","440","197","21","658","1101","0","59.76","39.96"
"65","000","00","001","0191","1188","838","585","253","27","865","1458","0","59.33","40.12"
"65","000","00","001","0192","0000","3147","2255","892","159","3306","5591","0","59.13","40.33"
"65","000","00","001","0192","1192","612","450","162","23","635","1120","0","56.7","40.18"
"65","000","00","001","0192","1193","594","426","168","58","652","1022","0","63.8","41.68"
"65","000","00","001","0192","1194","607","440","167","40","647","1049","0","61.68","41.94"
"65","000","00","001","0192","1195","566","390","176","17","583","1007","0","57.89","38.73"
"65","000","00","001","0192","1196","768","549","219","21","789","1393","0","56.64","39.41"
"65","000","00","001","0193","0000","461","337","124","44","505","974","0","51.85","34.6"
"65","000","00","001","0193","1197","175","140","35","29","204","474","0","43.04","29.54"
"65","000","00","001","0193","1198","286","197","89","15","301","500","0","60.2","39.4"
"65","000","00","001","0194","0000","2003","1440","563","83","2086","3502","0","59.57","41.12"
"65","000","00","001","0194","1199","674","491","183","20","694","1177","0","58.96","41.72"
"65","000","00","001","0194","1200","658","483","175","30","688","1186","0","58.01","40.73"
"65","000","00","001","0194","1201","671","466","205","33","704","1139","0","61.81","40.91"
"65","000","00","001","0195","0000","2113","1496","617","59","2172","5201","0","41.76","28.76"
"65","000","00","001","0195","1202","934","679","255","27","961","1750","0","54.91","38.8"
"65","000","00","001","0195","1203","1179","817","362","32","1211","3451","0","35.09","23.67"
"65","000","00","001","0196","0000","2459","1754","705","108","2567","4730","0","54.27","37.08"
"65","000","00","001","0196","1204","815","571","244","47","862","1620","0","53.21","35.25"
"65","000","00","001","0196","1205","451","324","127","19","470","903","0","52.05","35.88"
"65","000","00","001","0196","1206","698","504","194","25","723","1232","0","58.69","40.91"
"65","000","00","001","0196","1207","495","355","140","17","512","975","0","52.51","36.41"
"65","000","00","001","0197","0000","1383","1011","372","60","1443","2515","0","57.38","40.2"
"65","000","00","001","0197","1208","660","490","170","33","693","1224","0","56.62","40.03"
"65","000","00","001","0197","1209","723","521","202","27","750","1291","0","58.09","40.36"
"65","000","00","001","0198","0000","4370","3045","1325","190","4560","8555","0","53.3","35.59"
"65","000","00","001","0198","1210","1001","720","281","43","1044","1828","0","57.11","39.39"
"65","000","00","001","0198","1211","838","573","265","41","879","1725","0","50.96","33.22"
"65","000","00","001","0198","1212","533","370","163","23","556","1085","0","51.24","34.1"
"65","000","00","001","0198","1213","1176","812","364","56","1232","2357","0","52.27","34.45"
"65","000","00","001","0198","1214","822","570","252","27","849","1560","0","54.42","36.54"
"65","000","00","001","0199","0000","2665","1893","772","97","2762","5152","0","53.61","36.74"
"65","000","00","001","0199","1218","931","673","258","36","967","1763","0","54.85","38.17"
"65","000","00","001","0199","1219","866","592","274","28","894","1744","0","51.26","33.94"
"65","000","00","001","0199","1220","868","628","240","33","901","1645","0","54.77","38.18"
"65","000","00","001","01A0","0000","1297","761","536","65","1362","3118","0","43.68","24.41"
"65","000","00","001","01A0","1228","860","614","246","33","893","1566","0","57.02","39.21"
"65","000","00","001","01A0","1229","437","147","290","32","469","1552","0","30.22","9.47"
"65","000","00","001","01A1","0000","1326","916","410","53","1379","2270","0","60.75","40.35"
"65","000","00","001","01A1","0913","617","430","187","26","643","1026","0","62.67","41.91"
"65","000","00","001","01A1","0914","709","486","223","27","736","1244","0","59.16","39.07"
"65","000","00","001","01A2","0000","2248","1608","640","117","2365","3821","0","61.89","42.08"
"65","000","00","001","01A2","0933","695","527","168","36","731","1238","0","59.05","42.57"
"65","000","00","001","01A2","0934","846","586","260","44","890","1389","0","64.07","42.19"
"65","000","00","001","01A2","0935","707","495","212","37","744","1194","0","62.31","41.46"
"65","000","00","001","01A3","0000","1585","1129","456","59","1644","2740","0","60.0","41.2"
"65","000","00","001","01A3","0962","855","586","269","35","890","1515","0","58.75","38.68"
"65","000","00","001","01A3","0963","730","543","187","24","754","1225","0","61.55","44.33"
"65","000","00","001","01A4","0000","1627","1105","522","85","1712","2949","0","58.05","37.47"
"65","000","00","001","01A4","0991","723","518","205","45","768","1245","0","61.69","41.61"
"65","000","00","001","01A4","0992","904","587","317","40","944","1704","0","55.4","34.45"
"65","000","00","001","01A5","0000","1597","1102","495","40","1637","3134","0","52.23","35.16"
"65","000","00","001","01A5","1012","403","247","156","14","417","1076","0","38.75","22.96"
"65","000","00","001","01A5","1013","512","356","156","10","522","979","0","53.32","36.36"
"65","000","00","001","01A5","1014","682","499","183","16","698","1079","0","64.69","46.25"
"65","000","00","001","01A6","0000","1474","1024","450","66","1540","2493","0","61.77","41.08"
"65","000","00","001","01A6","1033","772","514","258","47","819","1315","0","62.28","39.09"
"65","000","00","001","01A6","1034","702","510","192","19","721","1178","0","61.21","43.29"
"65","000","00","001","01A7","0000","1251","867","384","28","1279","2026","0","63.13","42.79"
"65","000","00","001","01A7","1069","581","413","168","16","597","992","0","60.18","41.63"
"65","000","00","001","01A7","1070","670","454","216","12","682","1034","0","65.96","43.91"
"65","000","00","001","01A8","0000","1525","1090","435","64","1589","2697","0","58.92","40.42"
"65","000","00","001","01A8","1084","784","548","236","36","820","1515","0","54.13","36.17"
"65","000","00","001","01A8","1085","741","542","199","28","769","1182","0","65.06","45.85"
"65","000","00","001","01A9","0000","1139","790","349","57","1196","1966","0","60.83","40.18"
"65","000","00","001","01A9","1114","562","389","173","31","593","972","0","61.01","40.02"
"65","000","00","001","01A9","1115","577","401","176","26","603","994","0","60.66","40.34"
"65","000","00","001","01B0","0000","1838","1323","515","71","1909","3337","0","57.21","39.65"
"65","000","00","001","01B0","1131","988","687","301","20","1008","1625","0","62.03","42.28"
"65","000","00","001","01B0","1132","850","636","214","51","901","1712","0","52.63","37.15"
"65","000","00","001","01B1","0000","1195","840","355","36","1231","1860","0","66.18","45.16"
"65","000","00","001","01B1","1168","636","455","181","21","657","998","0","65.83","45.59"
"65","000","00","001","01B1","1169","559","385","174","15","574","862","0","66.59","44.66"
"65","000","00","001","01B2","0000","1958","1366","592","51","2009","3778","0","53.18","36.16"
"65","000","00","001","01B2","1230","978","665","313","24","1002","1885","0","53.16","35.28"
"65","000","00","001","01B2","1231","980","701","279","27","1007","1893","0","53.2","37.03"
"65","000","00","001","01B3","0000","2648","1852","796","69","2717","5613","0","48.41","32.99"
"65","000","00","001","01B3","1215","972","674","298","25","997","2201","0","45.3","30.62"
"65","000","00","001","01B3","1216","857","613","244","25","882","1626","0","54.24","37.7"
"65","000","00","001","01B3","1217","819","565","254","19","838","1786","0","46.92","31.63"
"65","000","00","001","01B4","0000","1228","856","372","32","1260","2314","0","54.45","36.99"
"65","000","00","001","01B4","0926","625","431","194","19","644","1215","0","53.0","35.47"
"65","000","00","001","01B4","0927","603","425","178","13","616","1099","0","56.05","38.67"
"65","000","00","001","01B5","0000","1080","749","331","79","1159","1793","0","64.64","41.77"
"65","000","00","001","01B5","0945","475","339","136","36","511","796","0","64.2","42.59"
"65","000","00","001","01B5","0946","605","410","195","43","648","997","0","64.99","41.12"
"65","000","00","001","01B6","0000","1446","1019","427","74","1520","2487","0","61.12","40.97"
"65","000","00","001","01B6","0967","765","530","235","32","797","1283","0","62.12","41.31"
"65","000","00","001","01B6","0968","681","489","192","42","723","1204","0","60.05","40.61"
"65","000","00","001","01B7","0000","1752","1264","488","81","1833","3024","0","60.62","41.8"
"65","000","00","001","01B7","1002","636","448","188","34","670","1133","0","59.14","39.54"
"65","000","00","001","01B7","1003","486","363","123","19","505","841","0","60.05","43.16"
"65","000","00","001","01B7","1004","630","453","177","28","658","1050","0","62.67","43.14"
"65","000","00","001","01B8","0000","1235","864","371","65","1300","2059","0","63.14","41.96"
"65","000","00","001","01B8","1029","668","470","198","30","698","1096","0","63.69","42.88"
"65","000","00","001","01B8","1030","567","394","173","35","602","963","0","62.51","40.91"
"65","000","00","001","01B9","0000","1780","1286","494","109","1889","3428","0","55.11","37.51"
"65","000","00","001","01B9","1042","866","620","246","59","925","1678","0","55.13","36.95"
"65","000","00","001","01B9","1043","914","666","248","50","964","1750","0","55.09","38.06"
"65","000","00","001","01C0","0000","1699","1204","495","53","1752","2942","0","59.55","40.92"
"65","000","00","001","01C0","1075","833","576","257","34","867","1349","0","64.27","42.7"
"65","000","00","001","01C0","1076","866","628","238","19","885","1593","0","55.56","39.42"
"65","000","00","001","01C1","0000","1798","1209","589","44","1842","3428","0","53.73","35.27"
"65","000","00","001","01C1","1093","999","660","339","11","1010","1954","0","51.69","33.78"
"65","000","00","001","01C1","1094","799","549","250","33","832","1474","0","56.45","37.25"
"65","000","00","001","01C2","0000","1111","798","313","83","1194","2061","0","57.93","38.72"
"65","000","00","001","01C2","1119","554","405","149","45","599","1021","0","58.67","39.67"
"65","000","00","001","01C2","1120","557","393","164","38","595","1040","0","57.21","37.79"
"65","000","00","001","01C3","0000","2096","1494","602","51","2147","3645","0","58.9","40.99"
"65","000","00","001","01C3","1161","730","513","217","16","746","1289","0","57.87","39.8"
"65","000","00","001","01C3","1162","682","497","185","20","702","1182","0","59.39","42.05"
"65","000","00","001","01C3","1163","684","484","200","15","699","1174","0","59.54","41.23"
"65","000","00","001","01C4","0000","6224","4375","1849","224","6448","12065","0","53.44","36.26"
"65","000","00","001","01C4","1221","912","634","278","23","935","1861","0","50.24","34.07"
"65","000","00","001","01C4","1222","793","578","215","27","820","1596","0","51.38","36.22"
"65","000","00","001","01C4","1223","955","668","287","47","1002","1871","0","53.55","35.7"
"65","000","00","001","01C4","1224","1024","715","309","35","1059","1938","0","54.64","36.89"
"65","000","00","001","01C4","1225","986","686","300","29","1015","1827","0","55.56","37.55"
"65","000","00","001","01C4","1226","697","494","203","26","723","1359","0","53.2","36.35"
"65","000","00","001","01C4","1227","857","600","257","37","894","1613","0","55.42","37.2"
"65","000","00","001","01C5","0000","1523","1036","487","103","1626","3241","0","50.17","31.97"
"65","000","00","001","01C5","1189","797","575","222","39","836","1630","0","51.29","35.28"
"65","000","00","001","01C5","1190","726","461","265","64","790","1611","0","49.04","28.62"
"65","000","00","001","01C6","0000","614","454","160","18","632","1139","0","55.49","39.86"
"65","000","00","001","01C6","1191","614","454","160","18","632","1139","0","55.49","39.86"
"65","000","00","002","0000","0000","175968","121782","54186","9407","185375","329846","386077","56.2","36.92"
"65","000","00","002","0201","0000","2561","1757","804","136","2697","4753","0","56.74","36.97"
"65","000","00","002","0201","0659","778","522","256","32","810","1509","0","53.68","34.59"
"65","000","00","002","0201","0660","877","615","262","50","927","1591","0","58.27","38.65"
"65","000","00","002","0201","0661","906","620","286","54","960","1653","0","58.08","37.51"
"65","000","00","002","0202","0000","812","571","241","31","843","1459","0","57.78","39.14"
"65","000","00","002","0202","0665","812","571","241","31","843","1459","0","57.78","39.14"
"65","000","00","002","0203","0000","1208","871","337","72","1280","2090","0","61.24","41.67"
"65","000","00","002","0203","0666","584","424","160","43","627","1024","0","61.23","41.41"
"65","000","00","002","0203","0667","624","447","177","29","653","1066","0","61.26","41.93"
"65","000","00","002","0204","0000","539","367","172","32","571","856","0","66.71","42.87"
"65","000","00","002","0204","0668","539","367","172","32","571","856","0","66.71","42.87"
"65","000","00","002","0205","0000","1808","1230","578","86","1894","3533","0","53.61","34.81"
"65","000","00","002","0205","0671","956","636","320","46","1002","1887","0","53.1","33.7"
"65","000","00","002","0205","0672","852","594","258","40","892","1646","0","54.19","36.09"
"65","000","00","002","0206","0000","213","146","67","15","228","358","0","63.69","40.78"
"65","000","00","002","0206","0673","213","146","67","15","228","358","0","63.69","40.78"
"65","000","00","002","0207","0000","3020","2027","993","130","3150","5443","0","57.87","37.24"
"65","000","00","002","0207","0674","591","414","177","36","627","1039","0","60.35","39.85"
"65","000","00","002","0207","0675","643","407","236","35","678","1114","0","60.86","36.54"
"65","000","00","002","0207","0676","908","604","304","29","937","1588","0","59.01","38.04"
"65","000","00","002","0207","0677","878","602","276","30","908","1702","0","53.35","35.37"
"65","000","00","002","0208","0000","2607","1755","852","130","2737","4778","0","57.28","36.73"
"65","000","00","002","0208","0678","656","413","243","40","696","1288","0","54.04","32.07"
"65","000","00","002","0208","0679","947","655","292","38","985","1629","0","60.47","40.21"
"65","000","00","002","0208","0680","1004","687","317","52","1056","1861","0","56.74","36.92"
"65","000","00","002","0209","0000","1715","1217","498","97","1812","3108","0","58.3","39.16"
"65","000","00","002","0209","0683","878","631","247","42","920","1595","0","57.68","39.56"
"65","000","00","002","0209","0684","837","586","251","55","892","1513","0","58.96","38.73"
"65","000","00","002","0210","0000","3140","2149","991","127","3267","8503","0","38.42","25.27"
"65","000","00","002","0210","0685","781","509","272","47","828","4433","0","18.68","11.48"
"65","000","00","002","0210","0686","728","527","201","22","750","1283","0","58.46","41.08"
"65","000","00","002","0210","0687","840","587","253","35","875","1430","0","61.19","41.05"
"65","000","00","002","0210","0688","791","526","265","23","814","1357","0","59.99","38.76"
"65","000","00","002","0211","0000","1046","717","329","55","1101","1846","0","59.64","38.84"
"65","000","00","002","0211","0689","552","391","161","22","574","963","0","59.61","40.6"
"65","000","00","002","0211","0690","494","326","168","33","527","883","0","59.68","36.92"
"65","000","00","002","0212","0000","1711","1190","521","109","1820","3110","0","58.52","38.26"
"65","000","00","002","0212","0691","812","577","235","52","864","1494","0","57.83","38.62"
"65","000","00","002","0212","0692","899","613","286","57","956","1616","0","59.16","37.93"
"65","000","00","002","0213","0000","2268","1567","701","115","2383","3998","0","59.6","39.19"
"65","000","00","002","0213","0693","717","498","219","44","761","1329","0","57.26","37.47"
"65","000","00","002","0213","0694","772","528","244","33","805","1289","0","62.45","40.96"
"65","000","00","002","0213","0695","779","541","238","38","817","1380","0","59.2","39.2"
"65","000","00","002","0214","0000","3266","2224","1042","135","3401","5679","0","59.89","39.16"
"65","000","00","002","0214","0696","934","603","331","29","963","1668","0","57.73","36.15"
"65","000","00","002","0214","0697","732","508","224","44","776","1226","0","63.3","41.44"
"65","000","00","002","0214","0698","828","564","264","27","855","1421","0","60.17","39.69"
"65","000","00","002","0214","0699","772","549","223","35","807","1364","0","59.16","40.25"
"65","000","00","002","0215","0000","2178","1530","648","93","2271","3736","0","60.79","40.95"
"65","000","00","002","0215","0700","706","500","206","27","733","1232","0","59.5","40.58"
"65","000","00","002","0215","0701","758","531","227","30","788","1248","0","63.14","42.55"
"65","000","00","002","0215","0702","714","499","215","36","750","1256","0","59.71","39.73"
"65","000","00","002","0216","0000","1865","1301","564","59","1924","3175","0","60.6","40.98"
"65","000","00","002","0216","0703","901","631","270","32","933","1506","0","61.95","41.9"
"65","000","00","002","0216","0704","964","670","294","27","991","1669","0","59.38","40.14"
"65","000","00","002","0217","0000","3145","2058","1087","164","3309","5489","0","60.28","37.49"
"65","000","00","002","0217","0705","716","414","302","46","762","1308","0","58.26","31.65"
"65","000","00","002","0217","0706","807","556","251","26","833","1263","0","65.95","44.02"
"65","000","00","002","0217","0707","792","532","260","45","837","1471","0","56.9","36.17"
"65","000","00","002","0217","0708","830","556","274","47","877","1447","0","60.61","38.42"
"65","000","00","002","0218","0000","2761","1907","854","122","2883","5520","0","52.23","34.55"
"65","000","00","002","0218","0709","798","523","275","38","836","1693","0","49.38","30.89"
"65","000","00","002","0218","0710","1068","718","350","27","1095","2015","0","54.34","35.63"
"65","000","00","002","0218","0711","895","666","229","57","952","1812","0","52.54","36.75"
"65","000","00","002","0219","0000","1584","1090","494","57","1641","2948","0","55.66","36.97"
"65","000","00","002","0219","0712","780","527","253","26","806","1509","0","53.41","34.92"
"65","000","00","002","0219","0713","804","563","241","31","835","1439","0","58.03","39.12"
"65","000","00","002","0220","0000","3517","2374","1143","135","3652","6530","0","55.93","36.36"
"65","000","00","002","0220","0714","792","567","225","31","823","1437","0","57.27","39.46"
"65","000","00","002","0220","0715","873","561","312","53","926","1697","0","54.57","33.06"
"65","000","00","002","0220","0716","909","600","309","24","933","1793","0","52.04","33.46"
"65","000","00","002","0220","0717","943","646","297","27","970","1603","0","60.51","40.3"
"65","000","00","002","0221","0000","1264","838","426","38","1302","2292","0","56.81","36.56"
"65","000","00","002","0221","0718","618","418","200","17","635","1166","0","54.46","35.85"
"65","000","00","002","0221","0719","646","420","226","21","667","1126","0","59.24","37.3"
"65","000","00","002","0222","0000","625","460","165","29","654","1291","0","50.66","35.63"
"65","000","00","002","0222","0720","625","460","165","29","654","1291","0","50.66","35.63"
"65","000","00","002","0223","0000","855","559","296","49","904","1597","0","56.61","35.0"
"65","000","00","002","0223","0721","855","559","296","49","904","1597","0","56.61","35.0"
"65","000","00","002","0224","0000","1172","824","348","83","1255","1992","0","63.0","41.37"
"65","000","00","002","0224","0722","617","436","181","48","665","1081","0","61.52","40.33"
"65","000","00","002","0224","0723","555","388","167","35","590","911","0","64.76","42.59"
"65","000","00","002","0225","0000","834","575","259","26","860","1719","0","50.03","33.45"
"65","000","00","002","0225","0724","834","575","259","26","860","1719","0","50.03","33.45"
"65","000","00","002","0226","0000","673","448","225","55","728","1289","0","56.48","34.76"
"65","000","00","002","0226","0725","673","448","225","55","728","1289","0","56.48","34.76"
"65","000","00","002","0227","0000","766","551","215","38","804","1318","0","61.0","41.81"
"65","000","00","002","0227","0726","766","551","215","38","804","1318","0","61.0","41.81"
"65","000","00","002","0228","0000","919","613","306","46","965","1822","0","52.96","33.64"
"65","000","00","002","0228","0727","919","613","306","46","965","1822","0","52.96","33.64"
"65","000","00","002","0229","0000","637","455","182","59","696","1185","0","58.73","38.4"
"65","000","00","002","0229","0728","637","455","182","59","696","1185","0","58.73","38.4"
"65","000","00","002","0230","0000","670","381","289","52","722","1369","0","52.74","27.83"
"65","000","00","002","0230","0729","670","381","289","52","722","1369","0","52.74","27.83"
"65","000","00","002","0231","0000","819","575","244","46","865","1507","0","57.4","38.16"
"65","000","00","002","0231","0730","819","575","244","46","865","1507","0","57.4","38.16"
"65","000","00","002","0232","0000","1015","714","301","50","1065","1876","0","56.77","38.06"
"65","000","00","002","0232","0731","514","352","162","41","555","926","0","59.94","38.01"
"65","000","00","002","0232","0732","501","362","139","9","510","950","0","53.68","38.11"
"65","000","00","002","0233","0000","853","573","280","45","898","1678","0","53.52","34.15"
"65","000","00","002","0233","0733","853","573","280","45","898","1678","0","53.52","34.15"
"65","000","00","002","0234","0000","586","400","186","52","638","1117","0","57.12","35.81"
"65","000","00","002","0234","0734","586","400","186","52","638","1117","0","57.12","35.81"
"65","000","00","002","0235","0000","678","472","206","36","714","1318","0","54.17","35.81"
"65","000","00","002","0235","0735","678","472","206","36","714","1318","0","54.17","35.81"
"65","000","00","002","0236","0000","773","512","261","31","804","1388","0","57.93","36.89"
"65","000","00","002","0236","0736","773","512","261","31","804","1388","0","57.93","36.89"
"65","000","00","002","0237","0000","568","367","201","35","603","1026","0","58.77","35.77"
"65","000","00","002","0237","0737","568","367","201","35","603","1026","0","58.77","35.77"
"65","000","00","002","0238","0000","1196","812","384","57","1253","2063","0","60.74","39.36"
"65","000","00","002","0238","0738","643","428","215","37","680","1096","0","62.04","39.05"
"65","000","00","002","0238","0739","553","384","169","20","573","967","0","59.26","39.71"
"65","000","00","002","0239","0000","1838","1221","617","91","1929","3534","0","54.58","34.55"
"65","000","00","002","0239","0740","950","623","327","41","991","1871","0","52.97","33.3"
"65","000","00","002","0239","0741","888","598","290","50","938","1663","0","56.4","35.96"
"65","000","00","002","0240","0000","655","460","195","26","681","1208","0","56.37","38.08"
"65","000","00","002","0240","0742","655","460","195","26","681","1208","0","56.37","38.08"
"65","000","00","002","0241","0000","1290","861","429","47","1337","2476","0","54.0","34.77"
"65","000","00","002","0241","0743","712","457","255","34","746","1398","0","53.36","32.69"
"65","000","00","002","0241","0744","578","404","174","13","591","1078","0","54.82","37.48"
"65","000","00","002","0242","0000","1285","900","385","94","1379","2495","0","55.27","36.07"
"65","000","00","002","0242","0745","572","426","146","40","612","1102","0","55.54","38.66"
"65","000","00","002","0242","0746","713","474","239","54","767","1393","0","55.06","34.03"
"65","000","00","002","0243","0000","1448","1011","437","83","1531","2485","0","61.61","40.68"
"65","000","00","002","0243","0747","698","495","203","44","742","1251","0","59.31","39.57"
"65","000","00","002","0243","0748","750","516","234","39","789","1234","0","63.94","41.82"
"65","000","00","002","0244","0000","1780","1233","547","90","1870","3251","0","57.52","37.93"
"65","000","00","002","0244","0749","918","635","283","42","960","1661","0","57.8","38.23"
"65","000","00","002","0244","0750","862","598","264","48","910","1590","0","57.23","37.61"
"65","000","00","002","0245","0000","2163","1534","629","117","2280","3773","0","60.43","40.66"
"65","000","00","002","0245","0751","672","490","182","32","704","1182","0","59.56","41.46"
"65","000","00","002","0245","0752","771","546","225","47","818","1369","0","59.75","39.88"
"65","000","00","002","0245","0753","720","498","222","38","758","1222","0","62.03","40.75"
"65","000","00","002","0246","0000","674","470","204","66","740","1304","0","56.75","36.04"
"65","000","00","002","0246","0754","674","470","204","66","740","1304","0","56.75","36.04"
"65","000","00","002","0247","0000","541","394","147","28","569","1054","0","53.98","37.38"
"65","000","00","002","0247","0755","541","394","147","28","569","1054","0","53.98","37.38"
"65","000","00","002","0248","0000","865","589","276","51","916","1635","0","56.02","36.02"
"65","000","00","002","0248","0756","865","589","276","51","916","1635","0","56.02","36.02"
"65","000","00","002","0249","0000","891","617","274","49","940","1779","0","52.84","34.68"
"65","000","00","002","0249","0757","891","617","274","49","940","1779","0","52.84","34.68"
"65","000","00","002","0250","0000","887","619","268","49","936","1633","0","57.32","37.91"
"65","000","00","002","0250","0758","887","619","268","49","936","1633","0","57.32","37.91"
"65","000","00","002","0251","0000","1235","870","365","54","1289","2128","0","60.57","40.88"
"65","000","00","002","0251","0759","621","435","186","24","645","1107","0","58.27","39.3"
"65","000","00","002","0251","0760","614","435","179","30","644","1021","0","63.08","42.61"
"65","000","00","002","0252","0000","782","543","239","72","854","1649","0","51.79","32.93"
"65","000","00","002","0252","0761","782","543","239","72","854","1649","0","51.79","32.93"
"65","000","00","002","0253","0000","471","341","130","30","501","874","0","57.32","39.02"
"65","000","00","002","0253","0762","471","341","130","30","501","874","0","57.32","39.02"
"65","000","00","002","0254","0000","762","528","234","63","825","1402","0","58.84","37.66"
"65","000","00","002","0254","0763","762","528","234","63","825","1402","0","58.84","37.66"
"65","000","00","002","0255","0000","820","573","247","53","873","1713","0","50.96","33.45"
"65","000","00","002","0255","0764","820","573","247","53","873","1713","0","50.96","33.45"
"65","000","00","002","0256","0000","1030","704","326","81","1111","2011","0","55.25","35.01"
"65","000","00","002","0256","0765","451","320","131","41","492","973","0","50.57","32.89"
"65","000","00","002","0256","0766","579","384","195","40","619","1038","0","59.63","36.99"
"65","000","00","002","0257","0000","894","625","269","53","947","1833","0","51.66","34.1"
"65","000","00","002","0257","0767","894","625","269","53","947","1833","0","51.66","34.1"
"65","000","00","002","0258","0000","449","301","148","16","465","817","0","56.92","36.84"
"65","000","00","002","0258","0768","449","301","148","16","465","817","0","56.92","36.84"
"65","000","00","002","0259","0000","782","529","253","43","825","1387","0","59.48","38.14"
"65","000","00","002","0259","0769","782","529","253","43","825","1387","0","59.48","38.14"
"65","000","00","002","0260","0000","467","322","145","22","489","784","0","62.37","41.07"
"65","000","00","002","0260","0770","467","322","145","22","489","784","0","62.37","41.07"
"65","000","00","002","0261","0000","1230","868","362","67","1297","2259","0","57.41","38.42"
"65","000","00","002","0261","0771","578","400","178","35","613","1096","0","55.93","36.5"
"65","000","00","002","0261","0772","652","468","184","32","684","1163","0","58.81","40.24"
"65","000","00","002","0262","0000","938","650","288","43","981","1868","0","52.52","34.8"
"65","000","00","002","0262","0773","938","650","288","43","981","1868","0","52.52","34.8"
"65","000","00","002","0263","0000","1047","751","296","68","1115","2051","0","54.36","36.62"
"65","000","00","002","0263","0774","570","412","158","44","614","1117","0","54.97","36.88"
"65","000","00","002","0263","0775","477","339","138","24","501","934","0","53.64","36.3"
"65","000","00","002","0264","0000","697","485","212","51","748","1412","0","52.97","34.35"
"65","000","00","002","0264","0776","697","485","212","51","748","1412","0","52.97","34.35"
"65","000","00","002","0265","0000","646","447","199","31","677","1062","0","63.75","42.09"
"65","000","00","002","0265","0777","646","447","199","31","677","1062","0","63.75","42.09"
"65","000","00","002","0266","0000","1037","733","304","116","1153","1827","0","63.11","40.12"
"65","000","00","002","0266","0778","461","340","121","47","508","891","0","57.01","38.16"
"65","000","00","002","0266","0779","576","393","183","69","645","936","0","68.91","41.99"
"65","000","00","002","0267","0000","1098","767","331","57","1155","2150","0","53.72","35.67"
"65","000","00","002","0267","0780","569","415","154","45","614","1085","0","56.59","38.25"
"65","000","00","002","0267","0781","529","352","177","12","541","1065","0","50.8","33.05"
"65","000","00","002","0268","0000","1638","1171","467","66","1704","2948","0","57.8","39.72"
"65","000","00","002","0268","0782","785","551","234","30","815","1398","0","58.3","39.41"
"65","000","00","002","0268","0783","853","620","233","36","889","1550","0","57.35","40.0"
"65","000","00","002","0269","0000","848","603","245","63","911","1674","0","54.42","36.02"
"65","000","00","002","0269","0784","848","603","245","63","911","1674","0","54.42","36.02"
"65","000","00","002","0270","0000","656","464","192","53","709","1215","0","58.35","38.19"
"65","000","00","002","0270","0785","656","464","192","53","709","1215","0","58.35","38.19"
"65","000","00","002","0271","0000","841","599","242","45","886","1606","0","55.17","37.3"
"65","000","00","002","0271","0786","841","599","242","45","886","1606","0","55.17","37.3"
"65","000","00","002","0272","0000","1317","914","403","90","1407","2420","0","58.14","37.77"
"65","000","00","002","0272","0787","640","447","193","34","674","1182","0","57.02","37.82"
"65","000","00","002","0272","0788","677","467","210","56","733","1238","0","59.21","37.72"
"65","000","00","002","0273","0000","1531","1059","472","89","1620","2750","0","58.91","38.51"
"65","000","00","002","0273","0789","756","525","231","44","800","1342","0","59.61","39.12"
"65","000","00","002","0273","0790","775","534","241","45","820","1408","0","58.24","37.93"
"65","000","00","002","0274","0000","941","655","286","64","1005","1770","0","56.78","37.01"
"65","000","00","002","0274","0791","941","655","286","64","1005","1770","0","56.78","37.01"
"65","000","00","002","0275","0000","1041","705","336","60","1101","1915","0","57.49","36.81"
"65","000","00","002","0275","0792","516","344","172","39","555","940","0","59.04","36.6"
"65","000","00","002","0275","0793","525","361","164","21","546","975","0","56.0","37.03"
"65","000","00","002","0276","0000","2216","1555","661","124","2340","4183","0","55.94","37.17"
"65","000","00","002","0276","0794","783","534","249","24","807","1507","0","53.55","35.43"
"65","000","00","002","0276","0795","759","532","227","54","813","1419","0","57.29","37.49"
"65","000","00","002","0276","0796","674","489","185","46","720","1257","0","57.28","38.9"
"65","000","00","002","0277","0000","1799","1285","514","90","1889","3364","0","56.15","38.2"
"65","000","00","002","0277","0797","878","621","257","42","920","1619","0","56.83","38.36"
"65","000","00","002","0277","0798","921","664","257","48","969","1745","0","55.53","38.05"
"65","000","00","002","0278","0000","2596","1806","790","143","2739","4898","0","55.92","36.87"
"65","000","00","002","0278","0799","799","543","256","60","859","1519","0","56.55","35.75"
"65","000","00","002","0278","0800","853","609","244","36","889","1682","0","52.85","36.21"
"65","000","00","002","0278","0801","944","654","290","47","991","1697","0","58.4","38.54"
"65","000","00","002","0279","0000","1048","773","275","54","1102","1997","0","55.18","38.71"
"65","000","00","002","0279","0802","560","410","150","30","590","1073","0","54.99","38.21"
"65","000","00","002","0279","0803","488","363","125","24","512","924","0","55.41","39.29"
"65","000","00","002","0280","0000","766","562","204","34","800","1613","0","49.6","34.84"
"65","000","00","002","0280","0804","766","562","204","34","800","1613","0","49.6","34.84"
"65","000","00","002","0281","0000","1132","828","304","74","1206","2152","0","56.04","38.48"
"65","000","00","002","0281","0805","525","386","139","24","549","1034","0","53.09","37.33"
"65","000","00","002","0281","0806","607","442","165","50","657","1118","0","58.77","39.53"
"65","000","00","002","0282","0000","1915","1365","550","136","2051","3595","0","57.05","37.97"
"65","000","00","002","0282","0807","679","482","197","51","730","1269","0","57.53","37.98"
"65","000","00","002","0282","0808","519","368","151","38","557","990","0","56.26","37.17"
"65","000","00","002","0282","0809","717","515","202","47","764","1336","0","57.19","38.55"
"65","000","00","002","0283","0000","1759","1209","550","92","1851","3182","0","58.17","37.99"
"65","000","00","002","0283","0810","860","565","295","50","910","1601","0","56.84","35.29"
"65","000","00","002","0283","0811","899","644","255","42","941","1581","0","59.52","40.73"
"65","000","00","002","0284","0000","1458","1019","439","77","1535","2571","0","59.7","39.63"
"65","000","00","002","0284","0812","746","520","226","32","778","1345","0","57.84","38.66"
"65","000","00","002","0284","0813","712","499","213","45","757","1226","0","61.75","40.7"
"65","000","00","002","0285","0000","1409","1001","408","122","1531","2790","0","54.87","35.88"
"65","000","00","002","0285","0814","794","563","231","78","872","1650","0","52.85","34.12"
"65","000","00","002","0285","0815","615","438","177","44","659","1140","0","57.81","38.42"
"65","000","00","002","0286","0000","1730","1220","510","75","1805","3338","0","54.07","36.55"
"65","000","00","002","0286","0816","815","568","247","34","849","1639","0","51.8","34.66"
"65","000","00","002","0286","0817","915","652","263","41","956","1699","0","56.27","38.38"
"65","000","00","002","0287","0000","2259","1602","657","141","2400","4355","0","55.11","36.79"
"65","000","00","002","0287","0820","793","568","225","54","847","1540","0","55.0","36.88"
"65","000","00","002","0287","0821","683","490","193","39","722","1276","0","56.58","38.4"
"65","000","00","002","0287","0822","783","544","239","48","831","1539","0","54.0","35.35"
"65","000","00","002","0288","0000","1554","1059","495","85","1639","2898","0","56.56","36.54"
"65","000","00","002","0288","0828","762","514","248","42","804","1407","0","57.14","36.53"
"65","000","00","002","0288","0829","792","545","247","43","835","1491","0","56.0","36.55"
"65","000","00","002","0289","0000","2528","1778","750","153","2681","4718","0","56.82","37.69"
"65","000","00","002","0289","0837","751","539","212","67","818","1398","0","58.51","38.56"
"65","000","00","002","0289","0838","889","616","273","44","933","1706","0","54.69","36.11"
"65","000","00","002","0289","0839","888","623","265","42","930","1614","0","57.62","38.6"
"65","000","00","002","0290","0000","2606","1767","839","119","2725","4723","0","57.7","37.41"
"65","000","00","002","0290","0840","860","596","264","38","898","1591","0","56.44","37.46"
"65","000","00","002","0290","0841","892","592","300","30","922","1627","0","56.67","36.39"
"65","000","00","002","0290","0842","854","579","275","51","905","1505","0","60.13","38.47"
"65","000","00","002","0291","0000","1882","1325","557","65","1947","3577","0","54.43","37.04"
"65","000","00","002","0291","0832","1000","689","311","36","1036","1938","0","53.46","35.55"
"65","000","00","002","0291","0833","882","636","246","29","911","1639","0","55.58","38.8"
"65","000","00","002","0292","0000","1276","845","431","65","1341","2290","0","58.56","36.9"
"65","000","00","002","0292","0823","674","443","231","30","704","1170","0","60.17","37.86"
"65","000","00","002","0292","0824","602","402","200","35","637","1120","0","56.88","35.89"
"65","000","00","002","0293","0000","3737","2525","1212","158","3895","7372","0","52.84","34.25"
"65","000","00","002","0293","0846","1017","668","349","40","1057","1800","0","58.72","37.11"
"65","000","00","002","0293","0847","828","558","270","38","866","1703","0","50.85","32.77"
"65","000","00","002","0293","0848","946","641","305","39","985","1975","0","49.87","32.46"
"65","000","00","002","0293","0849","946","658","288","41","987","1894","0","52.11","34.74"
"65","000","00","002","0294","0000","2419","1703","716","89","2508","3957","0","63.38","43.04"
"65","000","00","002","0294","0850","786","539","247","37","823","1405","0","58.58","38.36"
"65","000","00","002","0294","0851","733","512","221","23","756","1293","0","58.47","39.6"
"65","000","00","002","0294","0852","900","652","248","29","929","1259","0","73.79","51.79"
"65","000","00","002","0295","0000","2085","1558","527","147","2232","3711","0","60.15","41.98"
"65","000","00","002","0295","0853","654","480","174","59","713","1144","0","62.33","41.96"
"65","000","00","002","0295","0854","718","583","135","52","770","1254","0","61.4","46.49"
"65","000","00","002","0295","0855","713","495","218","36","749","1313","0","57.04","37.7"
"65","000","00","002","0296","0000","1744","1195","549","107","1851","3369","0","54.94","35.47"
"65","000","00","002","0296","0856","804","544","260","72","876","1594","0","54.96","34.13"
"65","000","00","002","0296","0857","940","651","289","35","975","1775","0","54.93","36.68"
"65","000","00","002","0297","0000","1557","1121","436","120","1677","2831","0","59.24","39.6"
"65","000","00","002","0297","0858","792","583","209","60","852","1516","0","56.2","38.46"
"65","000","00","002","0297","0859","765","538","227","60","825","1315","0","62.74","40.91"
"65","000","00","002","0298","0000","1042","740","302","91","1133","2003","0","56.57","36.94"
"65","000","00","002","0298","0860","475","338","137","46","521","843","0","61.8","40.09"
"65","000","00","002","0298","0861","567","402","165","45","612","1160","0","52.76","34.66"
"65","000","00","002","0299","0000","1229","901","328","66","1295","2106","0","61.49","42.78"
"65","000","00","002","0299","0862","593","443","150","31","624","1052","0","59.32","42.11"
"65","000","00","002","0299","0863","636","458","178","35","671","1054","0","63.66","43.45"
"65","000","00","002","02A0","0000","1048","744","304","64","1112","1933","0","57.53","38.49"
"65","000","00","002","02A0","0864","565","396","169","34","599","997","0","60.08","39.72"
"65","000","00","002","02A0","0865","483","348","135","30","513","936","0","54.81","37.18"
"65","000","00","002","02A1","0000","1585","1024","561","89","1674","3154","0","53.08","32.47"
"65","000","00","002","02A1","0866","824","505","319","51","875","1658","0","52.77","30.46"
"65","000","00","002","02A1","0867","761","519","242","38","799","1496","0","53.41","34.69"
"65","000","00","002","02A2","0000","1303","926","377","63","1366","2216","0","61.64","41.79"
"65","000","00","002","02A2","0868","633","446","187","29","662","1064","0","62.22","41.92"
"65","000","00","002","02A2","0869","670","480","190","34","704","1152","0","61.11","41.67"
"65","000","00","002","02A3","0000","2146","1532","614","101","2247","4173","0","53.85","36.71"
"65","000","00","002","02A3","0870","783","543","240","36","819","1532","0","53.46","35.44"
"65","000","00","002","02A3","0871","650","477","173","23","673","1338","0","50.3","35.65"
"65","000","00","002","02A3","0872","713","512","201","42","755","1303","0","57.94","39.29"
"65","000","00","002","02A4","0000","2221","1486","735","122","2343","4610","0","50.82","32.23"
"65","000","00","002","02A4","0880","657","439","218","31","688","1381","0","49.82","31.79"
"65","000","00","002","02A4","0881","780","518","262","63","843","1681","0","50.15","30.81"
"65","000","00","002","02A4","0882","784","529","255","28","812","1548","0","52.45","34.17"
"65","000","00","002","02A5","0000","2860","1967","893","113","2973","5569","0","53.38","35.32"
"65","000","00","002","02A5","0875","897","640","257","51","948","1821","0","52.06","35.15"
"65","000","00","002","02A5","0876","944","639","305","27","971","1906","0","50.94","33.53"
"65","000","00","002","02A5","0877","1019","688","331","35","1054","1842","0","57.22","37.35"
"65","000","00","002","02A6","0000","1567","1120","447","89","1656","2860","0","57.9","39.16"
"65","000","00","002","02A6","0873","778","548","230","44","822","1369","0","60.04","40.03"
"65","000","00","002","02A6","0874","789","572","217","45","834","1491","0","55.94","38.36"
"65","000","00","002","02A7","0000","1015","715","300","79","1094","1841","0","59.42","38.84"
"65","000","00","002","02A7","0878","441","329","112","35","476","878","0","54.21","37.47"
"65","000","00","002","02A7","0879","574","386","188","44","618","963","0","64.17","40.08"
"65","000","00","002","02A8","0000","3618","2316","1302","145","3763","6784","0","55.47","34.14"
"65","000","00","002","02A8","0883","855","452","403","39","894","1542","0","57.98","29.31"
"65","000","00","002","02A8","0884","819","547","272","52","871","1557","0","55.94","35.13"
"65","000","00","002","02A8","0885","862","580","282","41","903","1661","0","54.36","34.92"
"65","000","00","002","02A8","0886","1082","737","345","13","1095","2024","0","54.1","36.41"
"65","000","00","002","02A9","0000","906","647","259","51","957","1585","0","60.38","40.82"
"65","000","00","002","02A9","0669","409","285","124","27","436","764","0","57.07","37.3"
"65","000","00","002","02A9","0670","497","362","135","24","521","821","0","63.46","44.09"
"65","000","00","002","02B0","0000","2342","1648","694","139","2481","4172","0","59.47","39.5"
"65","000","00","002","02B0","0662","785","541","244","51","836","1392","0","60.06","38.86"
"65","000","00","002","02B0","0663","834","588","246","46","880","1451","0","60.65","40.52"
"65","000","00","002","02B0","0664","723","519","204","42","765","1329","0","57.56","39.05"
"65","000","00","002","02B1","0000","1834","1172","662","83","1917","3540","0","54.15","33.11"
"65","000","00","002","02B1","0681","864","600","264","38","902","1727","0","52.23","34.74"
"65","000","00","002","02B1","0682","970","572","398","45","1015","1813","0","55.98","31.55"
"65","000","00","002","02B2","0000","1475","998","477","85","1560","2603","0","59.93","38.34"
"65","000","00","002","02B2","0830","792","545","247","39","831","1381","0","60.17","39.46"
"65","000","00","002","02B2","0831","683","453","230","46","729","1222","0","59.66","37.07"
"65","000","00","002","02B3","0000","2689","1827","862","151","2840","5130","0","55.36","35.61"
"65","000","00","002","02B3","0825","964","669","295","49","1013","1789","0","56.62","37.4"
"65","000","00","002","02B3","0826","754","489","265","57","811","1520","0","53.36","32.17"
"65","000","00","002","02B3","0827","971","669","302","45","1016","1821","0","55.79","36.74"
"65","000","00","002","02B4","0000","2361","1670","691","99","2460","4507","0","54.58","37.05"
"65","000","00","002","02B4","0843","744","539","205","24","768","1331","0","57.7","40.5"
"65","000","00","002","02B4","0844","804","573","231","37","841","1678","0","50.12","34.15"
"65","000","00","002","02B4","0845","813","558","255","38","851","1498","0","56.81","37.25"
"65","000","00","002","02B5","0000","2583","1837","746","152","2735","5076","0","53.88","36.19"
"65","000","00","002","02B5","0834","856","592","264","51","907","1614","0","56.2","36.68"
"65","000","00","002","02B5","0835","874","630","244","44","918","1709","0","53.72","36.86"
"65","000","00","002","02B5","0836","853","615","238","57","910","1753","0","51.91","35.08"
"65","000","00","002","02B6","0000","1775","1265","510","89","1864","3039","0","61.34","41.63"
"65","000","00","002","02B6","0818","948","678","270","46","994","1501","0","66.22","45.17"
"65","000","00","002","02B6","0819","827","587","240","43","870","1538","0","56.57","38.17"
"65","000","00","002","02B7","0000","1640","1145","495","95","1735","3294","0","52.67","34.76"
"65","000","00","002","02B7","0887","757","510","247","41","798","1588","0","50.25","32.12"
"65","000","00","002","02B7","0888","883","635","248","54","937","1706","0","54.92","37.22"
"65","000","00","002","02B8","0000","2040","1428","612","90","2130","3705","0","57.49","38.54"
"65","000","00","002","02B8","0889","758","523","235","28","786","1341","0","58.61","39.0"
"65","000","00","002","02B8","0890","554","401","153","24","578","1025","0","56.39","39.12"
"65","000","00","002","02B8","0891","728","504","224","38","766","1339","0","57.21","37.64"
"65","000","00","002","02B9","0000","1832","1280","552","113","1945","3551","0","54.77","36.05"
"65","000","00","002","02B9","0892","908","646","262","61","969","1725","0","56.17","37.45"
"65","000","00","002","02B9","0893","924","634","290","52","976","1826","0","53.45","34.72"
"65","000","00","003","0000","0000","192097","134952","57145","7506","199603","355978","412545","56.07","37.91"
"65","000","00","003","0301","0000","2663","1795","868","109","2772","5249","0","52.81","34.2"
"65","000","00","003","0301","1232","804","550","254","41","845","1630","0","51.84","33.74"
"65","000","00","003","0301","1233","944","613","331","47","991","1775","0","55.83","34.54"
"65","000","00","003","0301","1234","915","632","283","21","936","1844","0","50.76","34.27"
"65","000","00","003","0302","0000","4441","3104","1337","160","4601","8034","0","57.27","38.64"
"65","000","00","003","0302","1282","920","635","285","44","964","1788","0","53.91","35.51"
"65","000","00","003","0302","1283","976","694","282","28","1004","1793","0","56.0","38.71"
"65","000","00","003","0302","1284","761","539","222","31","792","1352","0","58.58","39.87"
"65","000","00","003","0302","1285","987","679","308","38","1025","1813","0","56.54","37.45"
"65","000","00","003","0302","1286","797","557","240","19","816","1288","0","63.35","43.25"
"65","000","00","003","0303","0000","2086","1491","595","88","2174","3829","0","56.78","38.94"
"65","000","00","003","0303","1287","654","445","209","36","690","1186","0","58.18","37.52"
"65","000","00","003","0303","1288","668","496","172","11","679","1237","0","54.89","40.1"
"65","000","00","003","0303","1289","764","550","214","41","805","1406","0","57.25","39.12"
"65","000","00","003","0304","0000","2147","1524","623","98","2245","3774","0","59.49","40.38"
"65","000","00","003","0304","1290","772","540","232","39","811","1442","0","56.24","37.45"
"65","000","00","003","0304","1291","624","438","186","26","650","1040","0","62.5","42.12"
"65","000","00","003","0304","1292","751","546","205","33","784","1292","0","60.68","42.26"
"65","000","00","003","0305","0000","1944","1366","578","80","2024","3600","0","56.22","37.94"
"65","000","00","003","0305","1293","961","661","300","33","994","1811","0","54.89","36.5"
"65","000","00","003","0305","1294","983","705","278","47","1030","1789","0","57.57","39.41"
"65","000","00","003","0306","0000","1901","1415","486","74","1975","3177","0","62.17","44.54"
"65","000","00","003","0306","1295","547","408","139","26","573","859","0","66.71","47.5"
"65","000","00","003","0306","1296","607","470","137","19","626","972","0","64.4","48.35"
"65","000","00","003","0306","1297","747","537","210","29","776","1346","0","57.65","39.9"
"65","000","00","003","0307","0000","1291","888","403","45","1336","2157","0","61.94","41.17"
"65","000","00","003","0307","1235","618","414","204","23","641","1019","0","62.9","40.63"
"65","000","00","003","0307","1236","673","474","199","22","695","1138","0","61.07","41.65"
"65","000","00","003","0308","0000","3029","2189","840","122","3151","5702","0","55.26","38.39"
"65","000","00","003","0308","1237","939","666","273","36","975","1878","0","51.92","35.46"
"65","000","00","003","0308","1238","1104","833","271","33","1137","1980","0","57.42","42.07"
"65","000","00","003","0308","1239","986","690","296","53","1039","1844","0","56.34","37.42"
"65","000","00","003","0309","0000","2919","2029","890","74","2993","5344","0","56.01","37.97"
"65","000","00","003","0309","1240","1139","786","353","15","1154","2085","0","55.35","37.7"
"65","000","00","003","0309","1241","800","583","217","33","833","1498","0","55.61","38.92"
"65","000","00","003","0309","1242","980","660","320","26","1006","1761","0","57.13","37.48"
"65","000","00","003","0310","0000","1779","1247","532","98","1877","3294","0","56.98","37.86"
"65","000","00","003","0310","1248","905","615","290","58","963","1712","0","56.25","35.92"
"65","000","00","003","0310","1249","874","632","242","40","914","1582","0","57.77","39.95"
"65","000","00","003","0311","0000","1806","1254","552","80","1886","3235","0","58.3","38.76"
"65","000","00","003","0311","1250","912","630","282","47","959","1742","0","55.05","36.17"
"65","000","00","003","0311","1251","894","624","270","33","927","1493","0","62.09","41.8"
"65","000","00","003","0312","0000","2195","1560","635","105","2300","3990","0","57.64","39.1"
"65","000","00","003","0312","1252","702","482","220","37","739","1352","0","54.66","35.65"
"65","000","00","003","0312","1253","714","537","177","27","741","1244","0","59.57","43.17"
"65","000","00","003","0312","1254","779","541","238","41","820","1394","0","58.82","38.81"
"65","000","00","003","0313","0000","1770","1207","563","73","1843","3747","0","49.19","32.21"
"65","000","00","003","0313","1255","854","570","284","25","879","1917","0","45.85","29.73"
"65","000","00","003","0313","1256","916","637","279","48","964","1830","0","52.68","34.81"
"65","000","00","003","0314","0000","2043","1371","672","99","2142","3892","0","55.04","35.23"
"65","000","00","003","0314","1257","633","416","217","29","662","1124","0","58.9","37.01"
"65","000","00","003","0314","1258","686","472","214","39","725","1412","0","51.35","33.43"
"65","000","00","003","0314","1259","724","483","241","31","755","1356","0","55.68","35.62"
"65","000","00","003","0315","0000","2170","1544","626","88","2258","3940","0","57.31","39.19"
"65","000","00","003","0315","1260","739","539","200","19","758","1425","0","53.19","37.82"
"65","000","00","003","0315","1261","730","520","210","32","762","1259","0","60.52","41.3"
"65","000","00","003","0315","1262","701","485","216","37","738","1256","0","58.76","38.61"
"65","000","00","003","0316","0000","2364","1657","707","101","2465","4502","0","54.75","36.81"
"65","000","00","003","0316","1263","773","548","225","31","804","1423","0","56.5","38.51"
"65","000","00","003","0316","1264","685","484","201","32","717","1221","0","58.72","39.64"
"65","000","00","003","0316","1265","906","625","281","38","944","1858","0","50.81","33.64"
"65","000","00","003","0317","0000","2671","1859","812","90","2761","4958","0","55.69","37.49"
"65","000","00","003","0317","1266","918","631","287","36","954","1804","0","52.88","34.98"
"65","000","00","003","0317","1267","938","638","300","28","966","1669","0","57.88","38.23"
"65","000","00","003","0317","1268","815","590","225","26","841","1485","0","56.63","39.73"
"65","000","00","003","0318","0000","1961","1368","593","93","2054","3351","0","61.3","40.82"
"65","000","00","003","0318","1269","579","415","164","31","610","1005","0","60.7","41.29"
"65","000","00","003","0318","1270","719","480","239","34","753","1175","0","64.09","40.85"
"65","000","00","003","0318","1271","663","473","190","28","691","1171","0","59.01","40.39"
"65","000","00","003","0319","0000","2201","1520","681","100","2301","4413","0","52.14","34.44"
"65","000","00","003","0319","1272","854","600","254","35","889","1746","0","50.92","34.36"
"65","000","00","003","0319","1273","764","515","249","15","779","1555","0","50.1","33.12"
"65","000","00","003","0319","1274","583","405","178","50","633","1112","0","56.92","36.42"
"65","000","00","003","0320","0000","1711","1146","565","53","1764","3286","0","53.68","34.88"
"65","000","00","003","0320","1434","767","506","261","32","799","1462","0","54.65","34.61"
"65","000","00","003","0320","1435","944","640","304","21","965","1824","0","52.91","35.09"
"65","000","00","003","0321","0000","1564","1081","483","37","1601","2823","0","56.71","38.29"
"65","000","00","003","0321","1436","739","502","237","10","749","1389","0","53.92","36.14"
"65","000","00","003","0321","1437","825","579","246","27","852","1434","0","59.41","40.38"
"65","000","00","003","0322","0000","2881","2003","878","92","2973","5350","0","55.57","37.44"
"65","000","00","003","0322","1440","985","706","279","28","1013","1858","0","54.52","38.0"
"65","000","00","003","0322","1441","957","639","318","23","980","1801","0","54.41","35.48"
"65","000","00","003","0322","1442","939","658","281","41","980","1691","0","57.95","38.91"
"65","000","00","003","0323","0000","2383","1634","749","76","2459","3948","0","62.28","41.39"
"65","000","00","003","0323","1443","782","525","257","33","815","1363","0","59.79","38.52"
"65","000","00","003","0323","1444","753","529","224","22","775","1220","0","63.52","43.36"
"65","000","00","003","0323","1445","848","580","268","21","869","1365","0","63.66","42.49"
"65","000","00","003","0324","0000","1774","1268","506","72","1846","3205","0","57.6","39.56"
"65","000","00","003","0324","1446","677","489","188","18","695","1178","0","59.0","41.51"
"65","000","00","003","0324","1447","492","357","135","18","510","830","0","61.45","43.01"
"65","000","00","003","0324","1448","605","422","183","36","641","1197","0","53.55","35.25"
"65","000","00","003","0325","0000","3819","2549","1270","105","3924","7168","0","54.74","35.56"
"65","000","00","003","0325","1275","1026","685","341","32","1058","1780","0","59.44","38.48"
"65","000","00","003","0325","1276","1037","679","358","24","1061","1918","0","55.32","35.4"
"65","000","00","003","0325","1277","744","500","244","24","768","1689","0","45.47","29.6"
"65","000","00","003","0325","1278","1012","685","327","25","1037","1781","0","58.23","38.46"
"65","000","00","003","0326","0000","2560","1773","787","104","2664","4567","0","58.33","38.82"
"65","000","00","003","0326","1279","767","520","247","39","806","1419","0","56.8","36.65"
"65","000","00","003","0326","1280","714","516","198","22","736","1344","0","54.76","38.39"
"65","000","00","003","0326","1281","1079","737","342","43","1122","1804","0","62.2","40.85"
"65","000","00","003","0327","0000","2360","1697","663","104","2464","4082","0","60.36","41.57"
"65","000","00","003","0327","1449","772","565","207","38","810","1369","0","59.17","41.27"
"65","000","00","003","0327","1450","767","560","207","29","796","1336","0","59.58","41.92"
"65","000","00","003","0327","1451","821","572","249","37","858","1377","0","62.31","41.54"
"65","000","00","003","0328","0000","1841","1328","513","57","1898","3188","0","59.54","41.66"
"65","000","00","003","0328","1452","854","623","231","32","886","1499","0","59.11","41.56"
"65","000","00","003","0328","1453","987","705","282","25","1012","1689","0","59.92","41.74"
"65","000","00","003","0329","0000","2354","1583","771","92","2446","4314","0","56.7","36.69"
"65","000","00","003","0329","1456","868","602","266","35","903","1545","0","58.45","38.96"
"65","000","00","003","0329","1457","719","473","246","29","748","1326","0","56.41","35.67"
"65","000","00","003","0329","1458","767","508","259","28","795","1443","0","55.09","35.2"
"65","000","00","003","0330","0000","3202","2268","934","83","3285","5694","0","57.69","39.83"
"65","000","00","003","0330","1459","936","671","265","24","960","1712","0","56.07","39.19"
"65","000","00","003","0330","1460","1016","722","294","33","1049","1916","0","54.75","37.68"
"65","000","00","003","0330","1461","520","369","151","21","541","863","0","62.69","42.76"
"65","000","00","003","0330","1462","730","506","224","5","735","1203","0","61.1","42.06"
"65","000","00","003","0331","0000","2308","1630","678","76","2384","4490","0","53.1","36.3"
"65","000","00","003","0331","1463","791","538","253","16","807","1483","0","54.42","36.28"
"65","000","00","003","0331","1464","828","588","240","21","849","1575","0","53.9","37.33"
"65","000","00","003","0331","1465","689","504","185","39","728","1432","0","50.84","35.2"
"65","000","00","003","0332","0000","2308","1627","681","85","2393","4073","0","58.75","39.95"
"65","000","00","003","0332","1466","782","555","227","37","819","1441","0","56.84","38.51"
"65","000","00","003","0332","1467","725","506","219","34","759","1269","0","59.81","39.87"
"65","000","00","003","0332","1468","801","566","235","14","815","1363","0","59.79","41.53"
"65","000","00","003","0333","0000","1632","1138","494","52","1684","2973","0","56.64","38.28"
"65","000","00","003","0333","1474","800","579","221","31","831","1526","0","54.46","37.94"
"65","000","00","003","0333","1475","832","559","273","21","853","1447","0","58.95","38.63"
"65","000","00","003","0334","0000","1609","1144","465","69","1678","2757","0","60.86","41.49"
"65","000","00","003","0334","1305","775","548","227","24","799","1319","0","60.58","41.55"
"65","000","00","003","0334","1306","834","596","238","45","879","1438","0","61.13","41.45"
"65","000","00","003","0335","0000","3305","2411","894","116","3421","6396","0","53.49","37.7"
"65","000","00","003","0335","1307","930","653","277","21","951","1808","0","52.6","36.12"
"65","000","00","003","0335","1308","624","472","152","17","641","1191","0","53.82","39.63"
"65","000","00","003","0335","1309","872","638","234","43","915","1632","0","56.07","39.09"
"65","000","00","003","0335","1310","879","648","231","35","914","1765","0","51.78","36.71"
"65","000","00","003","0336","0000","2264","1694","570","91","2355","3909","0","60.25","43.34"
"65","000","00","003","0336","1311","681","514","167","21","702","1168","0","60.1","44.01"
"65","000","00","003","0336","1312","636","478","158","23","659","1176","0","56.04","40.65"
"65","000","00","003","0336","1313","947","702","245","47","994","1565","0","63.51","44.86"
"65","000","00","003","0337","0000","2354","1637","717","86","2440","4512","0","54.08","36.28"
"65","000","00","003","0337","1314","776","573","203","34","810","1578","0","51.33","36.31"
"65","000","00","003","0337","1315","1078","705","373","27","1105","2029","0","54.46","34.75"
"65","000","00","003","0337","1316","500","359","141","25","525","905","0","58.01","39.67"
"65","000","00","003","0338","0000","2290","1678","612","109","2399","4293","0","55.88","39.09"
"65","000","00","003","0338","1317","423","330","93","21","444","839","0","52.92","39.33"
"65","000","00","003","0338","1318","437","295","142","17","454","762","0","59.58","38.71"
"65","000","00","003","0338","1319","766","559","207","36","802","1420","0","56.48","39.37"
"65","000","00","003","0338","1320","664","494","170","35","699","1272","0","54.95","38.84"
"65","000","00","003","0339","0000","1924","1362","562","88","2012","3755","0","53.58","36.27"
"65","000","00","003","0339","1321","986","692","294","55","1041","1976","0","52.68","35.02"
"65","000","00","003","0339","1322","938","670","268","33","971","1779","0","54.58","37.66"
"65","000","00","003","0340","0000","1473","1009","464","51","1524","2870","0","53.1","35.16"
"65","000","00","003","0340","1325","678","472","206","20","698","1369","0","50.99","34.48"
"65","000","00","003","0340","1326","795","537","258","31","826","1501","0","55.03","35.78"
"65","000","00","003","0341","0000","185","136","49","12","197","321","0","61.37","42.37"
"65","000","00","003","0341","1329","185","136","49","12","197","321","0","61.37","42.37"
"65","000","00","003","0342","0000","2390","1748","642","122","2512","4556","0","55.14","38.37"
"65","000","00","003","0342","1330","750","557","193","39","789","1474","0","53.53","37.79"
"65","000","00","003","0342","1331","789","573","216","52","841","1461","0","57.56","39.22"
"65","000","00","003","0342","1332","851","618","233","31","882","1621","0","54.41","38.12"
"65","000","00","003","0343","0000","1227","871","356","50","1277","2102","0","60.75","41.44"
"65","000","00","003","0343","1333","787","562","225","37","824","1327","0","62.09","42.35"
"65","000","00","003","0343","1334","440","309","131","13","453","775","0","58.45","39.87"
"65","000","00","003","0344","0000","2067","1451","616","62","2129","6749","0","31.55","21.5"
"65","000","00","003","0344","1337","768","550","218","31","799","4411","0","18.11","12.47"
"65","000","00","003","0344","1338","662","447","215","17","679","1212","0","56.02","36.88"
"65","000","00","003","0344","1339","637","454","183","14","651","1126","0","57.82","40.32"
"65","000","00","003","0345","0000","2248","1645","603","70","2318","4522","0","51.26","36.38"
"65","000","00","003","0345","1346","722","518","204","26","748","1627","0","45.97","31.84"
"65","000","00","003","0345","1347","792","589","203","25","817","1503","0","54.36","39.19"
"65","000","00","003","0345","1348","734","538","196","19","753","1392","0","54.09","38.65"
"65","000","00","003","0346","0000","2138","1482","656","72","2210","3898","0","56.7","38.02"
"65","000","00","003","0346","1349","610","430","180","26","636","1067","0","59.61","40.3"
"65","000","00","003","0346","1350","834","592","242","28","862","1623","0","53.11","36.48"
"65","000","00","003","0346","1351","694","460","234","18","712","1208","0","58.94","38.08"
"65","000","00","003","0347","0000","2365","1649","716","72","2437","4870","0","50.04","33.86"
"65","000","00","003","0347","1352","862","613","249","25","887","1991","0","44.55","30.79"
"65","000","00","003","0347","1353","897","633","264","27","924","1932","0","47.83","32.76"
"65","000","00","003","0347","1354","606","403","203","20","626","947","0","66.1","42.56"
"65","000","00","003","0348","0000","1673","1197","476","68","1741","3234","0","53.83","37.01"
"65","000","00","003","0348","1355","913","658","255","42","955","1660","0","57.53","39.64"
"65","000","00","003","0348","1356","760","539","221","26","786","1574","0","49.94","34.24"
"65","000","00","003","0349","0000","2530","1792","738","139","2669","5146","0","51.87","34.82"
"65","000","00","003","0349","1357","1034","709","325","37","1071","2136","0","50.14","33.19"
"65","000","00","003","0349","1358","731","524","207","49","780","1462","0","53.35","35.84"
"65","000","00","003","0349","1359","765","559","206","53","818","1548","0","52.84","36.11"
"65","000","00","003","0350","0000","2484","1365","1119","153","2637","4228","0","62.37","32.28"
"65","000","00","003","0350","1360","439","308","131","18","457","692","0","66.04","44.51"
"65","000","00","003","0350","1361","739","528","211","30","769","1221","0","62.98","43.24"
"65","000","00","003","0350","1362","697","496","201","83","780","1331","0","58.6","37.27"
"65","000","00","003","0350","1363","609","33","576","22","631","984","0","64.13","3.35"
"65","000","00","003","0351","0000","1654","1193","461","58","1712","3150","0","54.35","37.87"
"65","000","00","003","0351","1364","916","638","278","30","946","1871","0","50.56","34.1"
"65","000","00","003","0351","1365","738","555","183","28","766","1279","0","59.89","43.39"
"65","000","00","003","0352","0000","2696","1875","821","78","2774","4826","0","57.48","38.85"
"65","000","00","003","0352","1366","898","628","270","28","926","1629","0","56.84","38.55"
"65","000","00","003","0352","1367","828","556","272","20","848","1482","0","57.22","37.52"
"65","000","00","003","0352","1368","970","691","279","30","1000","1715","0","58.31","40.29"
"65","000","00","003","0353","0000","1049","772","277","42","1091","1952","0","55.89","39.55"
"65","000","00","003","0353","1369","1049","772","277","42","1091","1952","0","55.89","39.55"
"65","000","00","003","0354","0000","381","270","111","22","403","686","0","58.75","39.36"
"65","000","00","003","0354","1370","381","270","111","22","403","686","0","58.75","39.36"
"65","000","00","003","0355","0000","4152","2888","1264","110","4262","7264","0","58.67","39.76"
"65","000","00","003","0355","1371","760","513","247","20","780","1577","0","49.46","32.53"
"65","000","00","003","0355","1372","661","451","210","20","681","1158","0","58.81","38.95"
"65","000","00","003","0355","1373","740","523","217","16","756","1195","0","63.26","43.77"
"65","000","00","003","0355","1374","662","457","205","16","678","1054","0","64.33","43.36"
"65","000","00","003","0355","1375","385","267","118","15","400","612","0","65.36","43.63"
"65","000","00","003","0355","1376","944","677","267","23","967","1668","0","57.97","40.59"
"65","000","00","003","0356","0000","1422","1016","406","69","1491","2240","0","66.56","45.36"
"65","000","00","003","0356","1377","655","475","180","31","686","1071","0","64.05","44.35"
"65","000","00","003","0356","1378","767","541","226","38","805","1169","0","68.86","46.28"
"65","000","00","003","0357","0000","2929","2161","768","84","3013","5558","0","54.21","38.88"
"65","000","00","003","0357","1379","758","564","194","25","783","1370","0","57.15","41.17"
"65","000","00","003","0357","1380","907","667","240","46","953","1574","0","60.55","42.38"
"65","000","00","003","0357","1381","1264","930","334","13","1277","2614","0","48.85","35.58"
"65","000","00","003","0358","0000","1422","995","427","64","1486","2518","0","59.02","39.52"
"65","000","00","003","0358","1382","852","603","249","23","875","1477","0","59.24","40.83"
"65","000","00","003","0358","1383","570","392","178","41","611","1041","0","58.69","37.66"
"65","000","00","003","0359","0000","2551","1826","725","219","2770","4723","0","58.65","38.66"
"65","000","00","003","0359","1384","795","580","215","44","839","1538","0","54.55","37.71"
"65","000","00","003","0359","1385","863","619","244","36","899","1599","0","56.22","38.71"
"65","000","00","003","0359","1386","893","627","266","139","1032","1586","0","65.07","39.53"
"65","000","00","003","0360","0000","2115","1491","624","72","2187","3580","0","61.09","41.65"
"65","000","00","003","0360","1387","1013","733","280","34","1047","1726","0","60.66","42.47"
"65","000","00","003","0360","1388","1102","758","344","38","1140","1854","0","61.49","40.88"
"65","000","00","003","0361","0000","2560","1825","735","108","2668","4390","0","60.77","41.57"
"65","000","00","003","0361","1389","862","639","223","43","905","1472","0","61.48","43.41"
"65","000","00","003","0361","1390","841","601","240","35","876","1430","0","61.26","42.03"
"65","000","00","003","0361","1391","857","585","272","30","887","1488","0","59.61","39.31"
"65","000","00","003","0362","0000","2207","1547","660","115","2322","4066","0","57.11","38.05"
"65","000","00","003","0362","1392","683","472","211","33","716","1251","0","57.23","37.73"
"65","000","00","003","0362","1393","831","589","242","33","864","1487","0","58.1","39.61"
"65","000","00","003","0362","1394","693","486","207","49","742","1328","0","55.87","36.6"
"65","000","00","003","0363","0000","1308","926","382","53","1361","2136","0","63.72","43.35"
"65","000","00","003","0363","1395","672","453","219","25","697","1128","0","61.79","40.16"
"65","000","00","003","0363","1396","636","473","163","28","664","1008","0","65.87","46.92"
"65","000","00","003","0364","0000","2166","1483","683","64","2230","4005","0","55.68","37.03"
"65","000","00","003","0364","1397","1006","688","318","30","1036","1786","0","58.01","38.52"
"65","000","00","003","0364","1398","1160","795","365","34","1194","2219","0","53.81","35.83"
"65","000","00","003","0365","0000","1448","1110","338","37","1485","2817","0","52.72","39.4"
"65","000","00","003","0365","1399","696","497","199","29","725","1322","0","54.84","37.59"
"65","000","00","003","0365","1400","752","613","139","8","760","1495","0","50.84","41.0"
"65","000","00","003","0366","0000","2437","1679","758","111","2548","4456","0","57.18","37.68"
"65","000","00","003","0366","1401","759","452","307","34","793","1414","0","56.08","31.97"
"65","000","00","003","0366","1402","929","719","210","45","974","1681","0","57.94","42.77"
"65","000","00","003","0366","1403","749","508","241","32","781","1361","0","57.38","37.33"
"65","000","00","003","0367","0000","2217","1579","638","86","2303","4089","0","56.32","38.62"
"65","000","00","003","0367","1404","780","557","223","30","810","1442","0","56.17","38.63"
"65","000","00","003","0367","1405","735","512","223","25","760","1383","0","54.95","37.02"
"65","000","00","003","0367","1406","702","510","192","31","733","1264","0","57.99","40.35"
"65","000","00","003","0368","0000","1967","1414","553","66","2033","3761","0","54.05","37.6"
"65","000","00","003","0368","1407","1033","755","278","42","1075","1810","0","59.39","41.71"
"65","000","00","003","0368","1408","934","659","275","24","958","1951","0","49.1","33.78"
"65","000","00","003","0369","0000","1894","1360","534","82","1976","3527","0","56.02","38.56"
"65","000","00","003","0369","1409","790","577","213","34","824","1582","0","52.09","36.47"
"65","000","00","003","0369","1410","1104","783","321","48","1152","1945","0","59.23","40.26"
"65","000","00","003","0370","0000","2204","1611","593","147","2351","3950","0","59.52","40.78"
"65","000","00","003","0370","1411","776","554","222","38","814","1390","0","58.56","39.86"
"65","000","00","003","0370","1412","663","462","201","13","676","1161","0","58.23","39.79"
"65","000","00","003","0370","1413","765","595","170","96","861","1399","0","61.54","42.53"
"65","000","00","003","0371","0000","1986","1483","503","72","2058","3453","0","59.6","42.95"
"65","000","00","003","0371","1414","598","450","148","16","614","1070","0","57.38","42.06"
"65","000","00","003","0371","1415","650","483","167","24","674","1169","0","57.66","41.32"
"65","000","00","003","0371","1416","738","550","188","32","770","1214","0","63.43","45.3"
"65","000","00","003","0372","0000","2004","1480","524","101","2105","3371","0","62.44","43.9"
"65","000","00","003","0372","1471","660","473","187","32","692","1150","0","60.17","41.13"
"65","000","00","003","0372","1472","696","494","202","52","748","1154","0","64.82","42.81"
"65","000","00","003","0372","1473","648","513","135","17","665","1067","0","62.32","48.08"
"65","000","00","003","0373","0000","2998","1932","1066","101","3099","5742","0","53.97","33.65"
"65","000","00","003","0373","1245","973","619","354","27","1000","1789","0","55.9","34.6"
"65","000","00","003","0373","1246","1077","705","372","42","1119","2000","0","55.95","35.25"
"65","000","00","003","0373","1247","948","608","340","32","980","1953","0","50.18","31.13"
"65","000","00","003","0374","0000","940","663","277","36","976","1712","0","57.01","38.73"
"65","000","00","003","0374","1433","940","663","277","36","976","1712","0","57.01","38.73"
"65","000","00","003","0375","0000","2102","1451","651","81","2183","3955","0","55.2","36.69"
"65","000","00","003","0375","1438","1008","724","284","46","1054","1953","0","53.97","37.07"
"65","000","00","003","0375","1439","1094","727","367","35","1129","2002","0","56.39","36.31"
"65","000","00","003","0376","0000","1417","992","425","62","1479","2402","0","61.57","41.3"
"65","000","00","003","0376","1454","766","529","237","34","800","1323","0","60.47","39.98"
"65","000","00","003","0376","1455","651","463","188","28","679","1079","0","62.93","42.91"
"65","000","00","003","0377","0000","1237","903","334","36","1273","2260","0","56.33","39.96"
"65","000","00","003","0377","1469","626","483","143","15","641","1089","0","58.86","44.35"
"65","000","00","003","0377","1470","611","420","191","21","632","1171","0","53.97","35.87"
"65","000","00","003","0378","0000","1402","1043","359","57","1459","2828","0","51.59","36.88"
"65","000","00","003","0378","1323","691","496","195","27","718","1454","0","49.38","34.11"
"65","000","00","003","0378","1324","711","547","164","30","741","1374","0","53.93","39.81"
"65","000","00","003","0379","0000","1205","898","307","54","1259","1970","0","63.91","45.58"
"65","000","00","003","0379","1327","576","425","151","27","603","920","0","65.54","46.2"
"65","000","00","003","0379","1328","629","473","156","27","656","1050","0","62.48","45.05"
"65","000","00","003","0380","0000","1893","1311","582","70","1963","3817","0","51.43","34.35"
"65","000","00","003","0380","1335","933","638","295","31","964","1916","0","50.31","33.3"
"65","000","00","003","0380","1336","960","673","287","39","999","1901","0","52.55","35.4"
"65","000","00","003","0381","0000","3335","2297","1038","100","3435","5946","0","57.77","38.63"
"65","000","00","003","0381","1340","810","568","242","17","827","1507","0","54.88","37.69"
"65","000","00","003","0381","1341","832","566","266","17","849","1519","0","55.89","37.26"
"65","000","00","003","0381","1342","840","547","293","29","869","1467","0","59.24","37.29"
"65","000","00","003","0381","1343","853","616","237","37","890","1453","0","61.25","42.4"
"65","000","00","003","0382","0000","1506","1057","449","55","1561","2666","0","58.55","39.65"
"65","000","00","003","0382","1344","795","552","243","30","825","1364","0","60.48","40.47"
"65","000","00","003","0382","1345","711","505","206","25","736","1302","0","56.53","38.79"
"65","000","00","003","0383","0000","1382","967","415","45","1427","2421","0","58.94","39.94"
"65","000","00","003","0383","1298","598","421","177","22","620","1034","0","59.96","40.72"
"65","000","00","003","0383","1299","784","546","238","23","807","1387","0","58.18","39.37"
"65","000","00","003","0384","0000","1899","1311","588","90","1989","3737","0","53.22","35.08"
"65","000","00","003","0384","1300","1119","789","330","65","1184","2067","0","57.28","38.17"
"65","000","00","003","0384","1301","780","522","258","25","805","1670","0","48.2","31.26"
"65","000","00","003","0385","0000","2185","1524","661","92","2277","3771","0","60.38","40.41"
"65","000","00","003","0385","1417","790","540","250","39","829","1398","0","59.3","38.63"
"65","000","00","003","0385","1418","597","423","174","19","616","1049","0","58.72","40.32"
"65","000","00","003","0385","1419","798","561","237","34","832","1324","0","62.84","42.37"
"65","000","00","003","0386","0000","1683","1155","528","52","1735","3474","0","49.94","33.25"
"65","000","00","003","0386","1420","818","555","263","22","840","1765","0","47.59","31.44"
"65","000","00","003","0386","1421","865","600","265","30","895","1709","0","52.37","35.11"
"65","000","00","003","0387","0000","1430","1073","357","58","1488","2504","0","59.42","42.85"
"65","000","00","003","0387","1422","661","496","165","35","696","1186","0","58.68","41.82"
"65","000","00","003","0387","1423","769","577","192","23","792","1318","0","60.09","43.78"
"65","000","00","003","0388","0000","1508","1030","478","65","1573","3067","0","51.29","33.58"
"65","000","00","003","0388","1424","804","529","275","36","840","1430","0","58.74","36.99"
"65","000","00","003","0388","1425","704","501","203","29","733","1637","0","44.78","30.6"
"65","000","00","003","0389","0000","2191","1520","671","89","2280","3894","0","58.55","39.03"
"65","000","00","003","0389","1426","724","485","239","26","750","1283","0","58.46","37.8"
"65","000","00","003","0389","1427","731","515","216","31","762","1310","0","58.17","39.31"
"65","000","00","003","0389","1428","736","520","216","32","768","1301","0","59.03","39.97"
"65","000","00","003","0390","0000","1737","1174","563","48","1785","3065","0","58.24","38.3"
"65","000","00","003","0390","1429","937","629","308","27","964","1681","0","57.35","37.42"
"65","000","00","003","0390","1430","800","545","255","21","821","1384","0","59.32","39.38"
"65","000","00","003","0391","0000","1469","1006","463","34","1503","2966","0","50.67","33.92"
"65","000","00","003","0391","1431","665","445","220","24","689","1187","0","58.05","37.49"
"65","000","00","003","0391","1432","804","561","243","10","814","1779","0","45.76","31.53"
"65","000","00","003","0392","0000","1735","1288","447","77","1812","3199","0","56.64","40.26"
"65","000","00","003","0392","1302","631","465","166","28","659","1166","0","56.52","39.88"
"65","000","00","003","0392","1303","549","409","140","25","574","963","0","59.61","42.47"
"65","000","00","003","0392","1304","555","414","141","24","579","1070","0","54.11","38.69"
"65","000","00","003","0393","0000","1470","989","481","49","1519","2597","0","58.49","38.08"
"65","000","00","003","0393","1243","697","461","236","25","722","1254","0","57.58","36.76"
"65","000","00","003","0393","1244","773","528","245","24","797","1343","0","59.34","39.31"
"65","000","00","004","0000","0000","106899","74085","32814","4094","110993","187798","221123","59.1","39.45"
"65","000","00","004","0401","0000","1557","1071","486","67","1624","3012","0","53.92","35.56"
"65","000","00","004","0401","1486","815","549","266","32","847","1568","0","54.02","35.01"
"65","000","00","004","0401","1487","742","522","220","35","777","1444","0","53.81","36.15"
"65","000","00","004","0402","0000","1453","1015","438","52","1505","2535","0","59.37","40.04"
"65","000","00","004","0402","1601","721","496","225","19","740","1189","0","62.24","41.72"
"65","000","00","004","0402","1602","732","519","213","33","765","1346","0","56.84","38.56"
"65","000","00","004","0403","0000","1711","1266","445","43","1754","4440","0","39.5","28.51"
"65","000","00","004","0403","1495","852","684","168","23","875","1598","0","54.76","42.8"
"65","000","00","004","0403","1496","859","582","277","20","879","2842","0","30.93","20.48"
"65","000","00","004","0404","0000","1668","1137","531","52","1720","2710","0","63.47","41.96"
"65","000","00","004","0404","1497","767","514","253","25","792","1261","0","62.81","40.76"
"65","000","00","004","0404","1498","901","623","278","27","928","1449","0","64.04","43.0"
"65","000","00","004","0405","0000","1439","999","440","66","1505","2418","0","62.24","41.32"
"65","000","00","004","0405","1599","678","467","211","36","714","1155","0","61.82","40.43"
"65","000","00","004","0405","1600","761","532","229","30","791","1263","0","62.63","42.12"
"65","000","00","004","0406","0000","1753","1210","543","52","1805","3034","0","59.49","39.88"
"65","000","00","004","0406","1505","914","628","286","16","930","1566","0","59.39","40.1"
"65","000","00","004","0406","1506","839","582","257","36","875","1468","0","59.6","39.65"
"65","000","00","004","0407","0000","1544","1061","483","55","1599","2486","0","64.32","42.68"
"65","000","00","004","0407","1507","836","579","257","32","868","1305","0","66.51","44.37"
"65","000","00","004","0407","1508","708","482","226","23","731","1181","0","61.9","40.81"
"65","000","00","004","0408","0000","1431","1013","418","57","1488","2537","0","58.65","39.93"
"65","000","00","004","0408","1543","695","504","191","31","726","1234","0","58.83","40.84"
"65","000","00","004","0408","1544","736","509","227","26","762","1303","0","58.48","39.06"
"65","000","00","004","0409","0000","424","329","95","22","446","893","0","49.94","36.84"
"65","000","00","004","0409","1597","424","329","95","22","446","893","0","49.94","36.84"
"65","000","00","004","0410","0000","420","305","115","18","438","743","0","58.95","41.05"
"65","000","00","004","0410","1598","420","305","115","18","438","743","0","58.95","41.05"
"65","000","00","004","0411","0000","2314","1565","749","102","2416","4189","0","57.67","37.36"
"65","000","00","004","0411","1514","822","565","257","30","852","1488","0","57.26","37.97"
"65","000","00","004","0411","1515","763","503","260","42","805","1288","0","62.5","39.05"
"65","000","00","004","0411","1516","729","497","232","30","759","1413","0","53.72","35.17"
"65","000","00","004","0412","0000","1384","936","448","76","1460","3289","0","44.39","28.46"
"65","000","00","004","0412","1527","508","342","166","35","543","1798","0","30.2","19.02"
"65","000","00","004","0412","1528","876","594","282","41","917","1491","0","61.5","39.84"
"65","000","00","004","0413","0000","3655","2402","1253","134","3789","6230","0","60.82","38.56"
"65","000","00","004","0413","1582","902","620","282","27","929","1598","0","58.14","38.8"
"65","000","00","004","0413","1583","948","625","323","23","971","1609","0","60.35","38.84"
"65","000","00","004","0413","1584","813","511","302","38","851","1375","0","61.89","37.16"
"65","000","00","004","0413","1585","992","646","346","46","1038","1648","0","62.99","39.2"
"65","000","00","004","0414","0000","2507","1700","807","81","2588","4535","0","57.07","37.49"
"65","000","00","004","0414","1579","883","601","282","28","911","1586","0","57.44","37.89"
"65","000","00","004","0414","1580","720","492","228","15","735","1313","0","55.98","37.47"
"65","000","00","004","0414","1581","904","607","297","38","942","1636","0","57.58","37.1"
"65","000","00","004","0415","0000","2200","1463","737","90","2290","3628","0","63.12","40.33"
"65","000","00","004","0415","1558","718","467","251","36","754","1209","0","62.37","38.63"
"65","000","00","004","0415","1559","689","452","237","23","712","1132","0","62.9","39.93"
"65","000","00","004","0415","1560","793","544","249","31","824","1287","0","64.02","42.27"
"65","000","00","004","0416","0000","2457","1760","697","76","2533","4081","0","62.07","43.13"
"65","000","00","004","0416","1520","722","520","202","25","747","1100","0","67.91","47.27"
"65","000","00","004","0416","1521","925","649","276","34","959","1545","0","62.07","42.01"
"65","000","00","004","0416","1522","810","591","219","17","827","1436","0","57.59","41.16"
"65","000","00","004","0417","0000","2254","1612","642","80","2334","3877","0","60.2","41.58"
"65","000","00","004","0417","1517","747","541","206","30","777","1329","0","58.47","40.71"
"65","000","00","004","0417","1518","864","609","255","25","889","1436","0","61.91","42.41"
"65","000","00","004","0417","1519","643","462","181","25","668","1112","0","60.07","41.55"
"65","000","00","004","0418","0000","1535","1103","432","64","1599","2704","0","59.13","40.79"
"65","000","00","004","0418","1489","718","519","199","22","740","1188","0","62.29","43.69"
"65","000","00","004","0418","1490","817","584","233","42","859","1516","0","56.66","38.52"
"65","000","00","004","0419","0000","608","401","207","35","643","1140","0","56.4","35.18"
"65","000","00","004","0419","1488","608","401","207","35","643","1140","0","56.4","35.18"
"65","000","00","004","0420","0000","2087","1475","612","93","2180","3493","0","62.41","42.23"
"65","000","00","004","0420","1523","1045","748","297","41","1086","1731","0","62.74","43.21"
"65","000","00","004","0420","1524","1042","727","315","52","1094","1762","0","62.09","41.26"
"65","000","00","004","0421","0000","1357","925","432","46","1403","2617","0","53.61","35.35"
"65","000","00","004","0421","1525","721","487","234","29","750","1320","0","56.82","36.89"
"65","000","00","004","0421","1526","636","438","198","17","653","1297","0","50.35","33.77"
"65","000","00","004","0422","0000","993","665","328","33","1026","1783","0","57.54","37.3"
"65","000","00","004","0422","1606","472","318","154","13","485","879","0","55.18","36.18"
"65","000","00","004","0422","1607","521","347","174","20","541","904","0","59.85","38.38"
"65","000","00","004","0423","0000","1837","1242","595","62","1899","3314","0","57.3","37.48"
"65","000","00","004","0423","1480","971","646","325","29","1000","1733","0","57.7","37.28"
"65","000","00","004","0423","1481","866","596","270","33","899","1581","0","56.86","37.7"
"65","000","00","004","0424","0000","2045","1423","622","92","2137","3452","0","61.91","41.22"
"65","000","00","004","0424","1568","1094","737","357","39","1133","1876","0","60.39","39.29"
"65","000","00","004","0424","1569","951","686","265","53","1004","1576","0","63.71","43.53"
"65","000","00","004","0425","0000","1945","1362","583","60","2005","3469","0","57.8","39.26"
"65","000","00","004","0425","1570","965","660","305","34","999","1661","0","60.14","39.74"
"65","000","00","004","0425","1571","980","702","278","26","1006","1808","0","55.64","38.83"
"65","000","00","004","0426","0000","2141","1501","640","108","2249","3547","0","63.41","42.32"
"65","000","00","004","0426","1563","736","534","202","33","769","1222","0","62.93","43.7"
"65","000","00","004","0426","1564","674","494","180","41","715","1157","0","61.8","42.7"
"65","000","00","004","0426","1565","731","473","258","34","765","1168","0","65.5","40.5"
"65","000","00","004","0427","0000","1499","1040","459","64","1563","2655","0","58.87","39.17"
"65","000","00","004","0427","1566","717","487","230","37","754","1283","0","58.77","37.96"
"65","000","00","004","0427","1567","782","553","229","27","809","1372","0","58.97","40.31"
"65","000","00","004","0428","0000","1676","1102","574","70","1746","2979","0","58.61","36.99"
"65","000","00","004","0428","1610","856","544","312","28","884","1551","0","57.0","35.07"
"65","000","00","004","0428","1611","820","558","262","42","862","1428","0","60.36","39.08"
"65","000","00","004","0429","0000","1337","932","405","68","1405","2239","0","62.75","41.63"
"65","000","00","004","0429","1608","736","525","211","34","770","1221","0","63.06","43.0"
"65","000","00","004","0429","1609","601","407","194","34","635","1018","0","62.38","39.98"
"65","000","00","004","0430","0000","2303","1586","717","75","2378","3932","0","60.48","40.34"
"65","000","00","004","0430","1551","723","495","228","25","748","1210","0","61.82","40.91"
"65","000","00","004","0430","1552","931","641","290","28","959","1630","0","58.83","39.33"
"65","000","00","004","0430","1553","649","450","199","22","671","1092","0","61.45","41.21"
"65","000","00","004","0431","0000","2506","1788","718","86","2592","4196","0","61.77","42.61"
"65","000","00","004","0431","1547","602","416","186","19","621","991","0","62.66","41.98"
"65","000","00","004","0431","1548","619","437","182","20","639","1016","0","62.89","43.01"
"65","000","00","004","0431","1549","672","468","204","21","693","1146","0","60.47","40.84"
"65","000","00","004","0431","1550","613","467","146","26","639","1043","0","61.27","44.77"
"65","000","00","004","0432","0000","1423","986","437","45","1468","2334","0","62.9","42.25"
"65","000","00","004","0432","1556","631","441","190","22","653","1049","0","62.25","42.04"
"65","000","00","004","0432","1557","792","545","247","23","815","1285","0","63.42","42.41"
"65","000","00","004","0433","0000","2355","1636","719","91","2446","4225","0","57.89","38.72"
"65","000","00","004","0433","1576","663","460","203","26","689","1177","0","58.54","39.08"
"65","000","00","004","0433","1577","884","622","262","43","927","1557","0","59.54","39.95"
"65","000","00","004","0433","1578","808","554","254","22","830","1491","0","55.67","37.16"
"65","000","00","004","0434","0000","1836","1261","575","84","1920","3434","0","55.91","36.72"
"65","000","00","004","0434","1536","928","645","283","43","971","1713","0","56.68","37.65"
"65","000","00","004","0434","1537","908","616","292","41","949","1721","0","55.14","35.79"
"65","000","00","004","0435","0000","2498","1739","759","98","2596","4177","0","62.15","41.63"
"65","000","00","004","0435","1540","833","587","246","23","856","1348","0","63.5","43.55"
"65","000","00","004","0435","1541","894","606","288","28","922","1461","0","63.11","41.48"
"65","000","00","004","0435","1542","771","546","225","47","818","1368","0","59.8","39.91"
"65","000","00","004","0436","0000","867","592","275","49","916","1554","0","58.94","38.1"
"65","000","00","004","0436","1476","867","592","275","49","916","1554","0","58.94","38.1"
"65","000","00","004","0437","0000","1254","903","351","53","1307","2107","0","62.03","42.86"
"65","000","00","004","0437","1478","524","379","145","22","546","854","0","63.93","44.38"
"65","000","00","004","0437","1479","730","524","206","31","761","1253","0","60.73","41.82"
"65","000","00","004","0438","0000","2642","1839","803","95","2737","4561","0","60.01","40.32"
"65","000","00","004","0438","1499","851","606","245","40","891","1511","0","58.97","40.11"
"65","000","00","004","0438","1500","896","629","267","30","926","1470","0","62.99","42.79"
"65","000","00","004","0438","1501","895","604","291","25","920","1580","0","58.23","38.23"
"65","000","00","004","0439","0000","2317","1619","698","78","2395","3789","0","63.21","42.73"
"65","000","00","004","0439","1502","873","616","257","32","905","1438","0","62.93","42.84"
"65","000","00","004","0439","1503","805","557","248","23","828","1305","0","63.45","42.68"
"65","000","00","004","0439","1504","639","446","193","23","662","1046","0","63.29","42.64"
"65","000","00","004","0440","0000","1669","1200","469","66","1735","2938","0","59.05","40.84"
"65","000","00","004","0440","1545","832","593","239","27","859","1516","0","56.66","39.12"
"65","000","00","004","0440","1546","837","607","230","39","876","1422","0","61.6","42.69"
"65","000","00","004","0441","0000","401","309","92","29","430","768","0","55.99","40.23"
"65","000","00","004","0441","1596","401","309","92","29","430","768","0","55.99","40.23"
"65","000","00","004","0442","0000","501","384","117","32","533","853","0","62.49","45.02"
"65","000","00","004","0442","1595","501","384","117","32","533","853","0","62.49","45.02"
"65","000","00","004","0443","0000","1044","701","343","51","1095","1898","0","57.69","36.93"
"65","000","00","004","0443","1572","1044","701","343","51","1095","1898","0","57.69","36.93"
"65","000","00","004","0444","0000","2508","1764","744","101","2609","4271","0","61.09","41.3"
"65","000","00","004","0444","1573","914","635","279","28","942","1508","0","62.47","42.11"
"65","000","00","004","0444","1574","798","580","218","32","830","1341","0","61.89","43.25"
"65","000","00","004","0444","1575","796","549","247","41","837","1422","0","58.86","38.61"
"65","000","00","004","0445","0000","1191","829","362","72","1263","2011","0","62.8","41.22"
"65","000","00","004","0445","1612","616","432","184","38","654","1044","0","62.64","41.38"
"65","000","00","004","0445","1613","575","397","178","34","609","967","0","62.98","41.05"
"65","000","00","004","0446","0000","1977","1369","608","87","2064","3545","0","58.22","38.62"
"65","000","00","004","0446","1593","1050","735","315","53","1103","1938","0","56.91","37.93"
"65","000","00","004","0446","1594","927","634","293","34","961","1607","0","59.8","39.45"
"65","000","00","004","0447","0000","2542","1678","864","86","2628","4361","0","60.26","38.48"
"65","000","00","004","0447","1511","920","608","312","33","953","1649","0","57.79","36.87"
"65","000","00","004","0447","1512","723","489","234","31","754","1206","0","62.52","40.55"
"65","000","00","004","0447","1513","899","581","318","22","921","1506","0","61.16","38.58"
"65","000","00","004","0448","0000","1593","1066","527","72","1665","2823","0","58.98","37.76"
"65","000","00","004","0448","1509","919","613","306","40","959","1720","0","55.76","35.64"
"65","000","00","004","0448","1510","674","453","221","32","706","1103","0","64.01","41.07"
"65","000","00","004","0449","0000","2031","1460","571","72","2103","3465","0","60.69","42.14"
"65","000","00","004","0449","1533","627","448","179","8","635","1115","0","56.95","40.18"
"65","000","00","004","0449","1534","697","503","194","32","729","1133","0","64.34","44.4"
"65","000","00","004","0449","1535","707","509","198","32","739","1217","0","60.72","41.82"
"65","000","00","004","0450","0000","1338","947","391","43","1381","2331","0","59.24","40.63"
"65","000","00","004","0450","1529","706","488","218","10","716","1223","0","58.54","39.9"
"65","000","00","004","0450","1530","632","459","173","33","665","1108","0","60.02","41.43"
"65","000","00","004","0451","0000","1757","1219","538","61","1818","3104","0","58.57","39.27"
"65","000","00","004","0451","1484","952","644","308","35","987","1650","0","59.82","39.03"
"65","000","00","004","0451","1485","805","575","230","26","831","1454","0","57.15","39.55"
"65","000","00","004","0452","0000","623","464","159","20","643","1065","0","60.38","43.57"
"65","000","00","004","0452","1477","623","464","159","20","643","1065","0","60.38","43.57"
"65","000","00","004","0453","0000","1177","821","356","33","1210","2025","0","59.75","40.54"
"65","000","00","004","0453","1493","642","448","194","12","654","1084","0","60.33","41.33"
"65","000","00","004","0453","1494","535","373","162","21","556","941","0","59.09","39.64"
"65","000","00","004","0454","0000","1534","1069","465","57","1591","2835","0","56.12","37.71"
"65","000","00","004","0454","1491","747","519","228","32","779","1397","0","55.76","37.15"
"65","000","00","004","0454","1492","787","550","237","25","812","1438","0","56.47","38.25"
"65","000","00","004","0455","0000","1758","1247","511","53","1811","3298","0","54.91","37.81"
"65","000","00","004","0455","1482","927","665","262","36","963","1735","0","55.5","38.33"
"65","000","00","004","0455","1483","831","582","249","17","848","1563","0","54.25","37.24"
"65","000","00","004","0456","0000","2060","1424","636","70","2130","3653","0","58.31","38.98"
"65","000","00","004","0456","1554","1068","738","330","46","1114","1872","0","59.51","39.42"
"65","000","00","004","0456","1555","992","686","306","24","1016","1781","0","57.05","38.52"
"65","000","00","004","0457","0000","1353","932","421","51","1404","2411","0","58.23","38.66"
"65","000","00","004","0457","1603","747","508","239","32","779","1368","0","56.94","37.13"
"65","000","00","004","0457","1604","606","424","182","19","625","1043","0","59.92","40.65"
"65","000","00","004","0458","0000","993","674","319","39","1032","1709","0","60.39","39.44"
"65","000","00","004","0458","1605","993","674","319","39","1032","1709","0","60.39","39.44"
"65","000","00","004","0459","0000","1500","1057","443","49","1549","2584","0","59.95","40.91"
"65","000","00","004","0459","1538","730","522","208","30","760","1327","0","57.27","39.34"
"65","000","00","004","0459","1539","770","535","235","19","789","1257","0","62.77","42.56"
"65","000","00","004","0460","0000","1572","1073","499","67","1639","2673","0","61.32","40.14"
"65","000","00","004","0460","1531","838","564","274","23","861","1408","0","61.15","40.06"
"65","000","00","004","0460","1532","734","509","225","44","778","1265","0","61.5","40.24"
"65","000","00","004","0461","0000","1305","871","434","72","1377","2166","0","63.57","40.21"
"65","000","00","004","0461","1561","633","435","198","39","672","1068","0","62.92","40.73"
"65","000","00","004","0461","1562","672","436","236","33","705","1098","0","64.21","39.71"
"65","000","00","004","0462","0000","5240","3563","1677","139","5379","8673","0","62.02","41.08"
"65","000","00","004","0462","1586","629","432","197","28","657","1077","0","61.0","40.11"
"65","000","00","004","0462","1587","686","476","210","18","704","1157","0","60.85","41.14"
"65","000","00","004","0462","1588","836","539","297","20","856","1339","0","63.93","40.25"
"65","000","00","004","0462","1589","800","546","254","13","813","1306","0","62.25","41.81"
"65","000","00","004","0462","1590","768","532","236","10","778","1236","0","62.94","43.04"
"65","000","00","004","0462","1591","681","472","209","23","704","1133","0","62.14","41.66"
"65","000","00","004","0462","1592","840","566","274","27","867","1425","0","60.84","39.72"
"65","000","00","005","0000","0000","189542","132191","57351","8227","197769","344981","417405","57.33","38.32"
"65","000","00","005","0501","0000","2809","1980","829","129","2938","4792","0","61.31","41.32"
"65","000","00","005","0501","0302","625","440","185","38","663","1123","0","59.04","39.18"
"65","000","00","005","0501","0303","743","513","230","35","778","1278","0","60.88","40.14"
"65","000","00","005","0501","0304","707","512","195","32","739","1163","0","63.54","44.02"
"65","000","00","005","0501","0305","734","515","219","24","758","1228","0","61.73","41.94"
"65","000","00","005","0502","0000","3822","2489","1333","160","3982","7166","0","55.57","34.73"
"65","000","00","005","0502","0328","692","466","226","28","720","1382","0","52.1","33.72"
"65","000","00","005","0502","0329","796","485","311","37","833","1475","0","56.47","32.88"
"65","000","00","005","0502","0330","826","548","278","21","847","1462","0","57.93","37.48"
"65","000","00","005","0502","0331","757","492","265","34","791","1426","0","55.47","34.5"
"65","000","00","005","0502","0332","751","498","253","40","791","1421","0","55.67","35.05"
"65","000","00","005","0503","0000","709","491","218","49","758","1341","0","56.52","36.61"
"65","000","00","005","0503","0449","709","491","218","49","758","1341","0","56.52","36.61"
"65","000","00","005","0504","0000","2266","1594","672","101","2367","3923","0","60.34","40.63"
"65","000","00","005","0504","0306","678","476","202","42","720","1211","0","59.45","39.31"
"65","000","00","005","0504","0307","670","484","186","28","698","1176","0","59.35","41.16"
"65","000","00","005","0504","0308","918","634","284","31","949","1536","0","61.78","41.28"
"65","000","00","005","0505","0000","2126","1395","731","68","2194","3872","0","56.66","36.03"
"65","000","00","005","0505","0333","836","559","277","26","862","1536","0","56.12","36.39"
"65","000","00","005","0505","0334","893","561","332","31","924","1587","0","58.22","35.35"
"65","000","00","005","0505","0335","397","275","122","11","408","749","0","54.47","36.72"
"65","000","00","005","0506","0000","1957","1367","590","79","2036","3313","0","61.45","41.26"
"65","000","00","005","0506","0446","629","431","198","30","659","1107","0","59.53","38.93"
"65","000","00","005","0506","0447","660","457","203","17","677","1063","0","63.69","42.99"
"65","000","00","005","0506","0448","668","479","189","32","700","1143","0","61.24","41.91"
"65","000","00","005","0507","0000","2350","1679","671","119","2469","4240","0","58.23","39.6"
"65","000","00","005","0507","0312","718","515","203","46","764","1353","0","56.47","38.06"
"65","000","00","005","0507","0313","833","596","237","47","880","1409","0","62.46","42.3"
"65","000","00","005","0507","0314","799","568","231","26","825","1478","0","55.82","38.43"
"65","000","00","005","0508","0000","2149","1436","713","134","2283","3930","0","58.09","36.54"
"65","000","00","005","0508","0383","736","493","243","49","785","1342","0","58.49","36.74"
"65","000","00","005","0508","0384","734","501","233","49","783","1341","0","58.39","37.36"
"65","000","00","005","0508","0385","679","442","237","36","715","1247","0","57.34","35.45"
"65","000","00","005","0509","0000","3439","2341","1098","105","3544","6296","0","56.29","37.18"
"65","000","00","005","0509","0501","825","569","256","24","849","1539","0","55.17","36.97"
"65","000","00","005","0509","0502","862","587","275","30","892","1586","0","56.24","37.01"
"65","000","00","005","0509","0503","912","623","289","26","938","1631","0","57.51","38.2"
"65","000","00","005","0509","0504","840","562","278","25","865","1540","0","56.17","36.49"
"65","000","00","005","0510","0000","1142","809","333","48","1190","1892","0","62.9","42.76"
"65","000","00","005","0510","0315","551","392","159","28","579","921","0","62.87","42.56"
"65","000","00","005","0510","0316","591","417","174","20","611","971","0","62.92","42.95"
"65","000","00","005","0511","0000","2863","2029","834","131","2994","5088","0","58.84","39.88"
"65","000","00","005","0511","0379","690","492","198","39","729","1167","0","62.47","42.16"
"65","000","00","005","0511","0380","695","500","195","31","726","1299","0","55.89","38.49"
"65","000","00","005","0511","0381","679","463","216","27","706","1207","0","58.49","38.36"
"65","000","00","005","0511","0382","799","574","225","34","833","1415","0","58.87","40.57"
"65","000","00","005","0512","0000","1423","1012","411","67","1490","2771","0","53.77","36.52"
"65","000","00","005","0512","0518","689","491","198","33","722","1371","0","52.66","35.81"
"65","000","00","005","0512","0519","734","521","213","34","768","1400","0","54.86","37.21"
"65","000","00","005","0513","0000","1723","1186","537","76","1799","3070","0","58.6","38.63"
"65","000","00","005","0513","0319","391","261","130","19","410","697","0","58.82","37.45"
"65","000","00","005","0513","0320","699","483","216","28","727","1235","0","58.87","39.11"
"65","000","00","005","0513","0321","633","442","191","29","662","1138","0","58.17","38.84"
"65","000","00","005","0514","0000","2335","1645","690","103","2438","4068","0","59.93","40.44"
"65","000","00","005","0514","0390","764","516","248","20","784","1346","0","58.25","38.34"
"65","000","00","005","0514","0391","775","545","230","43","818","1372","0","59.62","39.72"
"65","000","00","005","0514","0392","796","584","212","40","836","1350","0","61.93","43.26"
"65","000","00","005","0515","0000","5239","3644","1595","186","5425","9838","0","55.14","37.04"
"65","000","00","005","0515","0547","663","479","184","14","677","1126","0","60.12","42.54"
"65","000","00","005","0515","0548","690","471","219","34","724","1240","0","58.39","37.98"
"65","000","00","005","0515","0549","797","556","241","39","836","1460","0","57.26","38.08"
"65","000","00","005","0515","0550","577","402","175","23","600","1072","0","55.97","37.5"
"65","000","00","005","0515","0551","563","388","175","21","584","1127","0","51.82","34.43"
"65","000","00","005","0515","0552","761","545","216","16","777","1332","0","58.33","40.92"
"65","000","00","005","0515","0553","688","438","250","17","705","1341","0","52.57","32.66"
"65","000","00","005","0515","0554","500","365","135","22","522","1140","0","45.79","32.02"
"65","000","00","005","0516","0000","1384","959","425","57","1441","4462","0","32.29","21.49"
"65","000","00","005","0516","0322","570","407","163","25","595","1063","0","55.97","38.29"
"65","000","00","005","0516","0323","814","552","262","32","846","3399","0","24.89","16.24"
"65","000","00","005","0517","0000","2165","1551","614","120","2285","3947","0","57.89","39.3"
"65","000","00","005","0517","0393","699","479","220","34","733","1307","0","56.08","36.65"
"65","000","00","005","0517","0394","737","528","209","42","779","1353","0","57.58","39.02"
"65","000","00","005","0517","0395","729","544","185","44","773","1287","0","60.06","42.27"
"65","000","00","005","0518","0000","2848","2020","828","121","2969","5155","0","57.59","39.19"
"65","000","00","005","0518","0452","728","518","210","22","750","1309","0","57.3","39.57"
"65","000","00","005","0518","0453","713","492","221","35","748","1216","0","61.51","40.46"
"65","000","00","005","0518","0454","677","492","185","20","697","1278","0","54.54","38.5"
"65","000","00","005","0518","0455","730","518","212","44","774","1352","0","57.25","38.31"
"65","000","00","005","0519","0000","884","617","267","53","937","1575","0","59.49","39.17"
"65","000","00","005","0519","0324","884","617","267","53","937","1575","0","59.49","39.17"
"65","000","00","005","0520","0000","1038","761","277","68","1106","1907","0","58.0","39.91"
"65","000","00","005","0520","0413","537","386","151","26","563","955","0","58.95","40.42"
"65","000","00","005","0520","0414","501","375","126","42","543","952","0","57.04","39.39"
"65","000","00","005","0521","0000","3094","2205","889","169","3263","6100","0","53.49","36.15"
"65","000","00","005","0521","0485","781","549","232","46","827","1505","0","54.95","36.48"
"65","000","00","005","0521","0486","790","575","215","37","827","1527","0","54.16","37.66"
"65","000","00","005","0521","0487","740","529","211","41","781","1482","0","52.7","35.7"
"65","000","00","005","0521","0488","783","552","231","45","828","1586","0","52.21","34.8"
"65","000","00","005","0522","0000","971","630","341","39","1010","1615","0","62.54","39.01"
"65","000","00","005","0522","0325","971","630","341","39","1010","1615","0","62.54","39.01"
"65","000","00","005","0523","0000","3202","2235","967","121","3323","5541","0","59.97","40.34"
"65","000","00","005","0523","0415","805","564","241","18","823","1412","0","58.29","39.94"
"65","000","00","005","0523","0416","802","580","222","26","828","1415","0","58.52","40.99"
"65","000","00","005","0523","0417","814","567","247","46","860","1421","0","60.52","39.9"
"65","000","00","005","0523","0418","781","524","257","31","812","1293","0","62.8","40.53"
"65","000","00","005","0524","0000","1164","845","319","69","1233","2161","0","57.06","39.1"
"65","000","00","005","0524","0491","572","402","170","37","609","1090","0","55.87","36.88"
"65","000","00","005","0524","0492","592","443","149","32","624","1071","0","58.26","41.36"
"65","000","00","005","0525","0000","2522","1781","741","107","2629","4748","0","55.37","37.51"
"65","000","00","005","0525","0371","855","597","258","37","892","1571","0","56.78","38.0"
"65","000","00","005","0525","0372","828","588","240","35","863","1594","0","54.14","36.89"
"65","000","00","005","0525","0373","839","596","243","35","874","1583","0","55.21","37.65"
"65","000","00","005","0526","0000","1243","894","349","53","1296","2027","0","63.94","44.1"
"65","000","00","005","0526","0386","632","468","164","22","654","984","0","66.46","47.56"
"65","000","00","005","0526","0387","611","426","185","31","642","1043","0","61.55","40.84"
"65","000","00","005","0527","0000","2573","1733","840","115","2688","4704","0","57.14","36.84"
"65","000","00","005","0527","0508","608","430","178","36","644","1181","0","54.53","36.41"
"65","000","00","005","0527","0509","633","446","187","32","665","1135","0","58.59","39.3"
"65","000","00","005","0527","0510","652","453","199","23","675","1173","0","57.54","38.62"
"65","000","00","005","0527","0511","680","404","276","24","704","1215","0","57.94","33.25"
"65","000","00","005","0528","0000","1303","930","373","86","1389","2406","0","57.73","38.65"
"65","000","00","005","0528","0362","626","429","197","39","665","1170","0","56.84","36.67"
"65","000","00","005","0528","0363","677","501","176","47","724","1236","0","58.58","40.53"
"65","000","00","005","0529","0000","1417","978","439","52","1469","2320","0","63.32","42.16"
"65","000","00","005","0529","0388","736","518","218","28","764","1135","0","67.31","45.64"
"65","000","00","005","0529","0389","681","460","221","24","705","1185","0","59.49","38.82"
"65","000","00","005","0530","0000","2575","1855","720","137","2712","4728","0","57.36","39.23"
"65","000","00","005","0530","0353","839","598","241","53","892","1558","0","57.25","38.38"
"65","000","00","005","0530","0354","830","596","234","39","869","1567","0","55.46","38.03"
"65","000","00","005","0530","0355","906","661","245","45","951","1603","0","59.33","41.24"
"65","000","00","005","0531","0000","2642","1875","767","139","2781","4477","0","62.12","41.88"
"65","000","00","005","0531","0443","871","622","249","39","910","1535","0","59.28","40.52"
"65","000","00","005","0531","0444","909","642","267","45","954","1492","0","63.94","43.03"
"65","000","00","005","0531","0445","862","611","251","55","917","1450","0","63.24","42.14"
"65","000","00","005","0532","0000","2944","2069","875","124","3068","5219","0","58.79","39.64"
"65","000","00","005","0532","0523","694","514","180","46","740","1318","0","56.15","39.0"
"65","000","00","005","0532","0524","807","553","254","28","835","1411","0","59.18","39.19"
"65","000","00","005","0532","0525","722","486","236","24","746","1262","0","59.11","38.51"
"65","000","00","005","0532","0526","721","516","205","26","747","1228","0","60.83","42.02"
"65","000","00","005","0533","0000","2264","1573","691","100","2364","4251","0","55.61","37.0"
"65","000","00","005","0533","0344","690","498","192","32","722","1351","0","53.44","36.86"
"65","000","00","005","0533","0345","770","516","254","34","804","1403","0","57.31","36.78"
"65","000","00","005","0533","0346","804","559","245","34","838","1497","0","55.98","37.34"
"65","000","00","005","0534","0000","1656","1212","444","69","1725","3285","0","52.51","36.89"
"65","000","00","005","0534","0438","790","580","210","37","827","1633","0","50.64","35.52"
"65","000","00","005","0534","0439","866","632","234","32","898","1652","0","54.36","38.26"
"65","000","00","005","0535","0000","1331","983","348","44","1375","2670","0","51.5","36.82"
"65","000","00","005","0535","0529","682","503","179","23","705","1326","0","53.17","37.93"
"65","000","00","005","0535","0530","649","480","169","21","670","1344","0","49.85","35.71"
"65","000","00","005","0536","0000","1616","1132","484","83","1699","3126","0","54.35","36.21"
"65","000","00","005","0536","0326","819","576","243","34","853","1612","0","52.92","35.73"
"65","000","00","005","0536","0327","797","556","241","49","846","1514","0","55.88","36.72"
"65","000","00","005","0537","0000","2071","1495","576","68","2139","3484","0","61.39","42.91"
"65","000","00","005","0537","0400","676","502","174","35","711","1148","0","61.93","43.73"
"65","000","00","005","0537","0401","682","490","192","8","690","1201","0","57.45","40.8"
"65","000","00","005","0537","0402","713","503","210","25","738","1135","0","65.02","44.32"
"65","000","00","005","0538","0000","3250","2318","932","181","3431","6209","0","55.26","37.33"
"65","000","00","005","0538","0542","626","442","184","41","667","1245","0","53.57","35.5"
"65","000","00","005","0538","0543","635","455","180","33","668","1212","0","55.12","37.54"
"65","000","00","005","0538","0544","647","457","190","43","690","1253","0","55.07","36.47"
"65","000","00","005","0538","0545","633","470","163","44","677","1272","0","53.22","36.95"
"65","000","00","005","0538","0546","709","494","215","20","729","1227","0","59.41","40.26"
"65","000","00","005","0539","0000","2223","1598","625","106","2329","3713","0","62.73","43.04"
"65","000","00","005","0539","0374","751","558","193","34","785","1245","0","63.05","44.82"
"65","000","00","005","0539","0375","701","512","189","29","730","1203","0","60.68","42.56"
"65","000","00","005","0539","0376","771","528","243","43","814","1265","0","64.35","41.74"
"65","000","00","005","0540","0000","1142","808","334","45","1187","1990","0","59.65","40.6"
"65","000","00","005","0540","0458","457","324","133","16","473","881","0","53.69","36.78"
"65","000","00","005","0540","0459","685","484","201","29","714","1109","0","64.38","43.64"
"65","000","00","005","0541","0000","2097","1524","573","96","2193","3833","0","57.21","39.76"
"65","000","00","005","0541","0537","712","522","190","25","737","1301","0","56.65","40.12"
"65","000","00","005","0541","0538","687","495","192","42","729","1262","0","57.77","39.22"
"65","000","00","005","0541","0539","698","507","191","29","727","1270","0","57.24","39.92"
"65","000","00","005","0542","0000","1309","990","319","54","1363","2442","0","55.81","40.54"
"65","000","00","005","0542","0369","681","508","173","29","710","1225","0","57.96","41.47"
"65","000","00","005","0542","0370","628","482","146","25","653","1217","0","53.66","39.61"
"65","000","00","005","0543","0000","4014","2863","1151","174","4188","7475","0","56.03","38.3"
"65","000","00","005","0543","0460","671","474","197","53","724","1291","0","56.08","36.72"
"65","000","00","005","0543","0461","692","451","241","18","710","1293","0","54.91","34.88"
"65","000","00","005","0543","0462","752","535","217","37","789","1336","0","59.06","40.04"
"65","000","00","005","0543","0463","725","535","190","24","749","1384","0","54.12","38.66"
"65","000","00","005","0543","0464","640","475","165","18","658","1231","0","53.45","38.59"
"65","000","00","005","0543","0465","534","393","141","24","558","940","0","59.36","41.81"
"65","000","00","005","0544","0000","2244","1621","623","88","2332","4010","0","58.15","40.42"
"65","000","00","005","0544","0531","734","551","183","32","766","1355","0","56.53","40.66"
"65","000","00","005","0544","0532","737","540","197","30","767","1306","0","58.73","41.35"
"65","000","00","005","0544","0533","773","530","243","26","799","1349","0","59.23","39.29"
"65","000","00","005","0545","0000","2514","1791","723","118","2632","4756","0","55.34","37.66"
"65","000","00","005","0545","0366","945","656","289","24","969","1586","0","61.1","41.36"
"65","000","00","005","0545","0367","807","588","219","26","833","1597","0","52.16","36.82"
"65","000","00","005","0545","0368","762","547","215","68","830","1573","0","52.77","34.77"
"65","000","00","005","0546","0000","2164","1552","612","138","2302","4025","0","57.19","38.56"
"65","000","00","005","0546","0466","713","505","208","57","770","1369","0","56.25","36.89"
"65","000","00","005","0546","0467","732","547","185","44","776","1384","0","56.07","39.52"
"65","000","00","005","0546","0468","719","500","219","37","756","1272","0","59.43","39.31"
"65","000","00","005","0547","0000","2116","1495","621","123","2239","3876","0","57.77","38.57"
"65","000","00","005","0547","0347","721","506","215","51","772","1272","0","60.69","39.78"
"65","000","00","005","0547","0348","644","467","177","23","667","1269","0","52.56","36.8"
"65","000","00","005","0547","0349","751","522","229","49","800","1335","0","59.93","39.1"
"65","000","00","005","0548","0000","4995","3538","1457","173","5168","9217","0","56.07","38.39"
"65","000","00","005","0548","0471","830","533","297","17","847","1528","0","55.43","34.88"
"65","000","00","005","0548","0472","650","472","178","31","681","1244","0","54.74","37.94"
"65","000","00","005","0548","0473","701","535","166","25","726","1356","0","53.54","39.45"
"65","000","00","005","0548","0474","598","456","142","12","610","1164","0","52.41","39.18"
"65","000","00","005","0548","0475","794","572","222","44","838","1423","0","58.89","40.2"
"65","000","00","005","0548","0476","756","530","226","21","777","1250","0","62.16","42.4"
"65","000","00","005","0548","0477","666","440","226","23","689","1252","0","55.03","35.14"
"65","000","00","005","0549","0000","1194","868","326","56","1250","2200","0","56.82","39.45"
"65","000","00","005","0549","0364","564","430","134","34","598","1071","0","55.84","40.15"
"65","000","00","005","0549","0365","630","438","192","22","652","1129","0","57.75","38.8"
"65","000","00","005","0550","0000","4338","2887","1451","153","4491","7788","0","57.67","37.07"
"65","000","00","005","0550","0480","934","623","311","31","965","1646","0","58.63","37.85"
"65","000","00","005","0550","0481","825","541","284","45","870","1551","0","56.09","34.88"
"65","000","00","005","0550","0482","883","625","258","24","907","1526","0","59.44","40.96"
"65","000","00","005","0550","0483","824","535","289","23","847","1518","0","55.8","35.24"
"65","000","00","005","0550","0484","872","563","309","30","902","1547","0","58.31","36.39"
"65","000","00","005","0551","0000","1450","1025","425","64","1514","2542","0","59.56","40.32"
"65","000","00","005","0551","0377","727","531","196","34","761","1255","0","60.64","42.31"
"65","000","00","005","0551","0378","723","494","229","30","753","1287","0","58.51","38.38"
"65","000","00","005","0552","0000","2167","1503","664","90","2257","4004","0","56.37","37.54"
"65","000","00","005","0552","0435","859","576","283","42","901","1584","0","56.88","36.36"
"65","000","00","005","0552","0436","852","597","255","19","871","1602","0","54.37","37.27"
"65","000","00","005","0552","0437","456","330","126","29","485","818","0","59.29","40.34"
"65","000","00","005","0553","0000","5069","3449","1620","149","5218","9369","0","55.69","36.81"
"65","000","00","005","0553","0429","815","540","275","17","832","1641","0","50.7","32.91"
"65","000","00","005","0553","0430","860","570","290","15","875","1633","0","53.58","34.91"
"65","000","00","005","0553","0431","867","579","288","19","886","1531","0","57.87","37.82"
"65","000","00","005","0553","0432","876","602","274","30","906","1517","0","59.72","39.68"
"65","000","00","005","0553","0433","796","572","224","32","828","1487","0","55.68","38.47"
"65","000","00","005","0553","0434","855","586","269","36","891","1560","0","57.12","37.56"
"65","000","00","005","0554","0000","4051","2508","1543","168","4219","7331","0","57.55","34.21"
"65","000","00","005","0554","0419","780","531","249","26","806","1475","0","54.64","36.0"
"65","000","00","005","0554","0420","787","546","241","36","823","1429","0","57.59","38.21"
"65","000","00","005","0554","0421","808","548","260","39","847","1481","0","57.19","37.0"
"65","000","00","005","0554","0422","824","598","226","44","868","1472","0","58.97","40.63"
"65","000","00","005","0554","0423","852","285","567","23","875","1474","0","59.36","19.34"
"65","000","00","005","0555","0000","2002","1425","577","117","2119","4163","0","50.9","34.23"
"65","000","00","005","0555","0505","669","465","204","31","700","1388","0","50.43","33.5"
"65","000","00","005","0555","0506","666","482","184","50","716","1388","0","51.59","34.73"
"65","000","00","005","0555","0507","667","478","189","36","703","1387","0","50.68","34.46"
"65","000","00","005","0556","0000","1310","938","372","82","1392","2241","0","62.12","41.86"
"65","000","00","005","0556","0499","651","477","174","38","689","1130","0","60.97","42.21"
"65","000","00","005","0556","0500","659","461","198","44","703","1111","0","63.28","41.49"
"65","000","00","005","0557","0000","1701","1140","561","72","1773","3276","0","54.12","34.8"
"65","000","00","005","0557","0396","732","504","228","28","760","1567","0","48.5","32.16"
"65","000","00","005","0557","0397","969","636","333","44","1013","1709","0","59.27","37.21"
"65","000","00","005","0558","0000","1674","1179","495","63","1737","3244","0","53.55","36.34"
"65","000","00","005","0558","0398","841","608","233","24","865","1616","0","53.53","37.62"
"65","000","00","005","0558","0399","833","571","262","39","872","1628","0","53.56","35.07"
"65","000","00","005","0559","0000","2240","1555","685","122","2362","4258","0","55.47","36.52"
"65","000","00","005","0559","0440","700","458","242","32","732","1498","0","48.87","30.57"
"65","000","00","005","0559","0441","742","520","222","50","792","1379","0","57.43","37.71"
"65","000","00","005","0559","0442","798","577","221","40","838","1381","0","60.68","41.78"
"65","000","00","005","0560","0000","2668","1820","848","117","2785","4394","0","63.38","41.42"
"65","000","00","005","0560","0309","895","618","277","43","938","1486","0","63.12","41.59"
"65","000","00","005","0560","0310","918","614","304","39","957","1513","0","63.25","40.58"
"65","000","00","005","0560","0311","855","588","267","35","890","1395","0","63.8","42.15"
"65","000","00","005","0561","0000","1813","1309","504","124","1937","3322","0","58.31","39.4"
"65","000","00","005","0561","0360","969","683","286","65","1034","1696","0","60.97","40.27"
"65","000","00","005","0561","0361","844","626","218","59","903","1626","0","55.54","38.5"
"65","000","00","005","0562","0000","3231","2203","1028","132","3363","5442","0","61.8","40.48"
"65","000","00","005","0562","0409","823","563","260","44","867","1389","0","62.42","40.53"
"65","000","00","005","0562","0410","721","516","205","33","754","1272","0","59.28","40.57"
"65","000","00","005","0562","0411","863","577","286","28","891","1409","0","63.24","40.95"
"65","000","00","005","0562","0412","824","547","277","27","851","1372","0","62.03","39.87"
"65","000","00","005","0563","0000","1805","1213","592","53","1858","3243","0","57.29","37.4"
"65","000","00","005","0563","0358","899","632","267","18","917","1698","0","54.0","37.22"
"65","000","00","005","0563","0359","906","581","325","35","941","1545","0","60.91","37.61"
"65","000","00","005","0564","0000","3292","2274","1018","80","3372","5852","0","57.62","38.86"
"65","000","00","005","0564","0340","831","557","274","18","849","1493","0","56.87","37.31"
"65","000","00","005","0564","0341","849","574","275","33","882","1507","0","58.53","38.09"
"65","000","00","005","0564","0342","810","544","266","11","821","1456","0","56.39","37.36"
"65","000","00","005","0564","0343","802","599","203","18","820","1396","0","58.74","42.91"
"65","000","00","005","0565","0000","1738","1272","466","78","1816","3050","0","59.54","41.7"
"65","000","00","005","0565","0317","922","679","243","45","967","1534","0","63.04","44.26"
"65","000","00","005","0565","0318","816","593","223","33","849","1516","0","56.0","39.12"
"65","000","00","005","0566","0000","1858","1336","522","51","1909","3301","0","57.83","40.47"
"65","000","00","005","0566","0497","941","673","268","30","971","1689","0","57.49","39.85"
"65","000","00","005","0566","0498","917","663","254","21","938","1612","0","58.19","41.13"
"65","000","00","005","0567","0000","1207","880","327","90","1297","2105","0","61.62","41.81"
"65","000","00","005","0567","0489","564","410","154","60","624","1065","0","58.59","38.5"
"65","000","00","005","0567","0490","643","470","173","30","673","1040","0","64.71","45.19"
"65","000","00","005","0568","0000","1224","872","352","73","1297","2340","0","55.43","37.26"
"65","000","00","005","0568","0456","645","451","194","37","682","1298","0","52.54","34.75"
"65","000","00","005","0568","0457","579","421","158","36","615","1042","0","59.02","40.4"
"65","000","00","005","0569","0000","1614","1085","529","55","1669","2712","0","61.54","40.01"
"65","000","00","005","0569","0495","823","569","254","30","853","1362","0","62.63","41.78"
"65","000","00","005","0569","0496","791","516","275","25","816","1350","0","60.44","38.22"
"65","000","00","005","0570","0000","3229","2165","1064","112","3341","5880","0","56.82","36.82"
"65","000","00","005","0570","0512","838","555","283","33","871","1488","0","58.53","37.3"
"65","000","00","005","0570","0513","797","534","263","29","826","1444","0","57.2","36.98"
"65","000","00","005","0570","0514","814","557","257","24","838","1499","0","55.9","37.16"
"65","000","00","005","0570","0515","780","519","261","26","806","1449","0","55.62","35.82"
"65","000","00","005","0571","0000","2275","1599","676","163","2438","4371","0","55.78","36.58"
"65","000","00","005","0571","0520","762","559","203","60","822","1457","0","56.42","38.37"
"65","000","00","005","0571","0521","778","535","243","50","828","1502","0","55.13","35.62"
"65","000","00","005","0571","0522","735","505","230","53","788","1412","0","55.81","35.76"
"65","000","00","005","0572","0000","2820","2073","747","141","2961","5129","0","57.73","40.42"
"65","000","00","005","0572","0336","736","551","185","31","767","1276","0","60.11","43.18"
"65","000","00","005","0572","0337","705","475","230","33","738","1303","0","56.64","36.45"
"65","000","00","005","0572","0338","629","518","111","44","673","1259","0","53.46","41.14"
"65","000","00","005","0572","0339","750","529","221","33","783","1291","0","60.65","40.98"
"65","000","00","005","0573","0000","1794","1176","618","48","1842","3209","0","57.4","36.65"
"65","000","00","005","0573","0356","864","568","296","14","878","1538","0","57.09","36.93"
"65","000","00","005","0573","0357","930","608","322","34","964","1671","0","57.69","36.39"
"65","000","00","005","0574","0000","2340","1609","731","79","2419","3841","0","62.98","41.89"
"65","000","00","005","0574","0350","777","501","276","18","795","1300","0","61.15","38.54"
"65","000","00","005","0574","0351","761","532","229","33","794","1286","0","61.74","41.37"
"65","000","00","005","0574","0352","802","576","226","28","830","1255","0","66.14","45.9"
"65","000","00","005","0575","0000","4192","2833","1359","129","4321","7288","0","59.29","38.87"
"65","000","00","005","0575","0424","852","572","280","24","876","1462","0","59.92","39.12"
"65","000","00","005","0575","0425","867","569","298","19","886","1484","0","59.7","38.34"
"65","000","00","005","0575","0426","806","566","240","36","842","1461","0","57.63","38.74"
"65","000","00","005","0575","0427","833","555","278","28","861","1444","0","59.63","38.43"
"65","000","00","005","0575","0428","834","571","263","22","856","1437","0","59.57","39.74"
"65","000","00","005","0576","0000","5407","3687","1720","181","5588","9313","0","60.0","39.59"
"65","000","00","005","0576","0403","889","613","276","33","922","1495","0","61.67","41.0"
"65","000","00","005","0576","0404","870","616","254","42","912","1486","0","61.37","41.45"
"65","000","00","005","0576","0405","910","625","285","27","937","1483","0","63.18","42.14"
"65","000","00","005","0576","0406","816","570","246","34","850","1553","0","54.73","36.7"
"65","000","00","005","0576","0407","990","656","334","22","1012","1625","0","62.28","40.37"
"65","000","00","005","0576","0408","932","607","325","23","955","1671","0","57.15","36.33"
"65","000","00","005","0577","0000","1241","892","349","44","1285","2159","0","59.52","41.32"
"65","000","00","005","0577","0450","601","444","157","24","625","1063","0","58.8","41.77"
"65","000","00","005","0577","0451","640","448","192","20","660","1096","0","60.22","40.88"
"65","000","00","005","0578","0000","1765","1177","588","48","1813","3402","0","53.29","34.6"
"65","000","00","005","0578","0493","916","600","316","28","944","1704","0","55.4","35.21"
"65","000","00","005","0578","0494","849","577","272","20","869","1698","0","51.18","33.98"
"65","000","00","005","0579","0000","1079","763","316","48","1127","1981","0","56.89","38.52"
"65","000","00","005","0579","0478","540","384","156","17","557","1022","0","54.5","37.57"
"65","000","00","005","0579","0479","539","379","160","31","570","959","0","59.44","39.52"
"65","000","00","005","0580","0000","1187","845","342","57","1244","2131","0","58.38","39.65"
"65","000","00","005","0580","0469","605","435","170","33","638","1073","0","59.46","40.54"
"65","000","00","005","0580","0470","582","410","172","24","606","1058","0","57.28","38.75"
"65","000","00","005","0581","0000","1742","1198","544","94","1836","3288","0","55.84","36.44"
"65","000","00","005","0581","0516","875","601","274","48","923","1640","0","56.28","36.65"
"65","000","00","005","0581","0517","867","597","270","46","913","1648","0","55.4","36.23"
"65","000","00","005","0582","0000","1956","1325","631","96","2052","3509","0","58.48","37.76"
"65","000","00","005","0582","0527","978","641","337","46","1024","1748","0","58.58","36.67"
"65","000","00","005","0582","0528","978","684","294","50","1028","1761","0","58.38","38.84"
"65","000","00","005","0583","0000","2190","1608","582","79","2269","3784","0","59.96","42.49"
"65","000","00","005","0583","0534","714","529","185","22","736","1265","0","58.18","41.82"
"65","000","00","005","0583","0535","755","547","208","26","781","1282","0","60.92","42.67"
"65","000","00","005","0583","0536","721","532","189","31","752","1237","0","60.79","43.01"
"65","000","00","005","0584","0000","1352","972","380","74","1426","2465","0","57.85","39.43"
"65","000","00","005","0584","0540","698","491","207","37","735","1245","0","59.04","39.44"
"65","000","00","005","0584","0541","654","481","173","37","691","1220","0","56.64","39.43"
"65","000","00","006","0000","0000","144892","101656","43236","5427","150319","264053","302055","56.93","38.5"
"65","000","00","006","0601","0000","1686","1166","520","86","1772","3019","0","58.69","38.62"
"65","000","00","006","0601","2049","878","600","278","43","921","1552","0","59.34","38.66"
"65","000","00","006","0601","2050","808","566","242","43","851","1467","0","58.01","38.58"
"65","000","00","006","0602","0000","2077","1452","625","82","2159","3593","0","60.09","40.41"
"65","000","00","006","0602","2051","766","543","223","40","806","1371","0","58.79","39.61"
"65","000","00","006","0602","2052","586","418","168","16","602","991","0","60.75","42.18"
"65","000","00","006","0602","2053","725","491","234","26","751","1231","0","61.01","39.89"
"65","000","00","006","0603","0000","2042","1441","601","68","2110","3408","0","61.91","42.28"
"65","000","00","006","0603","2054","972","678","294","27","999","1701","0","58.73","39.86"
"65","000","00","006","0603","2055","1070","763","307","41","1111","1707","0","65.08","44.7"
"65","000","00","006","0604","0000","1946","1333","613","63","2009","3639","0","55.21","36.63"
"65","000","00","006","0604","2056","982","675","307","31","1013","1773","0","57.13","38.07"
"65","000","00","006","0604","2057","964","658","306","32","996","1866","0","53.38","35.26"
"65","000","00","006","0605","0000","2935","1978","957","106","3041","4958","0","61.34","39.9"
"65","000","00","006","0605","2058","1003","677","326","29","1032","1735","0","59.48","39.02"
"65","000","00","006","0605","2059","1021","679","342","34","1055","1632","0","64.64","41.61"
"65","000","00","006","0605","2060","911","622","289","43","954","1591","0","59.96","39.09"
"65","000","00","006","0606","0000","2765","1733","1032","116","2881","4790","0","60.15","36.18"
"65","000","00","006","0606","2063","708","502","206","31","739","1260","0","58.65","39.84"
"65","000","00","006","0606","2064","1115","766","349","42","1157","1948","0","59.39","39.32"
"65","000","00","006","0606","2065","942","465","477","43","985","1582","0","62.26","29.39"
"65","000","00","006","0607","0000","2813","1966","847","90","2903","5031","0","57.7","39.08"
"65","000","00","006","0607","2070","979","680","299","20","999","1735","0","57.58","39.19"
"65","000","00","006","0607","2071","934","664","270","34","968","1716","0","56.41","38.69"
"65","000","00","006","0607","2072","900","622","278","36","936","1580","0","59.24","39.37"
"65","000","00","006","0608","0000","3455","2409","1046","130","3585","5947","0","60.28","40.51"
"65","000","00","006","0608","2073","815","544","271","35","850","1358","0","62.59","40.06"
"65","000","00","006","0608","2074","953","669","284","49","1002","1610","0","62.24","41.55"
"65","000","00","006","0608","2075","776","552","224","16","792","1383","0","57.27","39.91"
"65","000","00","006","0608","2076","911","644","267","30","941","1596","0","58.96","40.35"
"65","000","00","006","0609","0000","1292","969","323","49","1341","2520","0","53.21","38.45"
"65","000","00","006","0609","2077","688","513","175","35","723","1360","0","53.16","37.72"
"65","000","00","006","0609","2078","604","456","148","14","618","1160","0","53.28","39.31"
"65","000","00","006","0610","0000","1574","1148","426","46","1620","2470","0","65.59","46.48"
"65","000","00","006","0610","2079","797","600","197","23","820","1236","0","66.34","48.54"
"65","000","00","006","0610","2080","777","548","229","23","800","1234","0","64.83","44.41"
"65","000","00","006","0611","0000","1552","1109","443","73","1625","2820","0","57.62","39.33"
"65","000","00","006","0611","2081","882","617","265","33","915","1579","0","57.95","39.08"
"65","000","00","006","0611","2082","670","492","178","40","710","1241","0","57.21","39.65"
"65","000","00","006","0612","0000","744","557","187","46","790","1578","0","50.06","35.3"
"65","000","00","006","0612","2085","744","557","187","46","790","1578","0","50.06","35.3"
"65","000","00","006","0613","0000","1488","1028","460","86","1574","2917","0","53.96","35.24"
"65","000","00","006","0613","2086","770","493","277","31","801","1442","0","55.55","34.19"
"65","000","00","006","0613","2087","718","535","183","55","773","1475","0","52.41","36.27"
"65","000","00","006","0614","0000","4307","3016","1291","178","4485","7921","0","56.62","38.08"
"65","000","00","006","0614","2088","893","614","279","39","932","1580","0","58.99","38.86"
"65","000","00","006","0614","2089","866","618","248","21","887","1585","0","55.96","38.99"
"65","000","00","006","0614","2090","854","587","267","52","906","1586","0","57.12","37.01"
"65","000","00","006","0614","2091","1030","728","302","44","1074","1931","0","55.62","37.7"
"65","000","00","006","0614","2092","664","469","195","22","686","1239","0","55.37","37.85"
"65","000","00","006","0615","0000","2442","1786","656","121","2563","4617","0","55.51","38.68"
"65","000","00","006","0615","2097","977","698","279","41","1018","1885","0","54.01","37.03"
"65","000","00","006","0615","2098","696","528","168","43","739","1345","0","54.94","39.26"
"65","000","00","006","0615","2099","769","560","209","37","806","1387","0","58.11","40.37"
"65","000","00","006","0616","0000","5570","3957","1613","225","5795","10556","0","54.9","37.49"
"65","000","00","006","0616","2105","949","687","262","43","992","1835","0","54.06","37.44"
"65","000","00","006","0616","2106","1053","734","319","36","1089","2009","0","54.21","36.54"
"65","000","00","006","0616","2107","773","566","207","39","812","1450","0","56.0","39.03"
"65","000","00","006","0616","2108","930","668","262","30","960","1726","0","55.62","38.7"
"65","000","00","006","0616","2109","933","650","283","42","975","1797","0","54.26","36.17"
"65","000","00","006","0616","2110","932","652","280","35","967","1739","0","55.61","37.49"
"65","000","00","006","0617","0000","2848","1985","863","91","2939","5599","0","52.49","35.45"
"65","000","00","006","0617","2114","838","598","240","30","868","1662","0","52.23","35.98"
"65","000","00","006","0617","2115","1152","792","360","32","1184","2067","0","57.28","38.32"
"65","000","00","006","0617","2116","858","595","263","29","887","1870","0","47.43","31.82"
"65","000","00","006","0618","0000","2777","2002","775","130","2907","5222","0","55.67","38.34"
"65","000","00","006","0618","2123","516","377","139","30","546","1079","0","50.6","34.94"
"65","000","00","006","0618","2124","621","467","154","19","640","1140","0","56.14","40.96"
"65","000","00","006","0618","2125","954","676","278","52","1006","1825","0","55.12","37.04"
"65","000","00","006","0618","2126","686","482","204","29","715","1178","0","60.7","40.92"
"65","000","00","006","0619","0000","2494","1849","645","105","2599","5277","0","49.25","35.04"
"65","000","00","006","0619","2133","929","704","225","47","976","1992","0","49.0","35.34"
"65","000","00","006","0619","2134","798","573","225","26","824","1668","0","49.4","34.35"
"65","000","00","006","0619","2135","767","572","195","32","799","1617","0","49.41","35.37"
"65","000","00","006","0620","0000","2946","2112","834","111","3057","5428","0","56.32","38.91"
"65","000","00","006","0620","2136","1022","728","294","55","1077","2013","0","53.5","36.16"
"65","000","00","006","0620","2137","1019","730","289","32","1051","1791","0","58.68","40.76"
"65","000","00","006","0620","2138","905","654","251","24","929","1624","0","57.2","40.27"
"65","000","00","006","0621","0000","453","360","93","25","478","939","0","50.91","38.34"
"65","000","00","006","0621","2142","453","360","93","25","478","939","0","50.91","38.34"
"65","000","00","006","0622","0000","2669","1905","764","87","2756","4725","0","58.33","40.32"
"65","000","00","006","0622","2148","1067","754","313","23","1090","1860","0","58.6","40.54"
"65","000","00","006","0622","2149","896","657","239","31","927","1743","0","53.18","37.69"
"65","000","00","006","0622","2150","706","494","212","33","739","1122","0","65.86","44.03"
"65","000","00","006","0623","0000","2431","1784","647","80","2511","4575","0","54.89","38.99"
"65","000","00","006","0623","2151","785","610","175","31","816","1468","0","55.59","41.55"
"65","000","00","006","0623","2152","950","671","279","27","977","1763","0","55.42","38.06"
"65","000","00","006","0623","2153","696","503","193","22","718","1344","0","53.42","37.43"
"65","000","00","006","0624","0000","388","315","73","22","410","753","0","54.45","41.83"
"65","000","00","006","0624","2154","388","315","73","22","410","753","0","54.45","41.83"
"65","000","00","006","0625","0000","1453","921","532","62","1515","2839","0","53.36","32.44"
"65","000","00","006","0625","2155","328","223","105","11","339","602","0","56.31","37.04"
"65","000","00","006","0625","2156","1125","698","427","51","1176","2237","0","52.57","31.2"
"65","000","00","006","0626","0000","1109","817","292","45","1154","2239","0","51.54","36.49"
"65","000","00","006","0626","2157","597","446","151","19","616","1096","0","56.2","40.69"
"65","000","00","006","0626","2158","512","371","141","26","538","1143","0","47.07","32.46"
"65","000","00","006","0627","0000","788","507","281","43","831","1569","0","52.96","32.31"
"65","000","00","006","0627","2159","788","507","281","43","831","1569","0","52.96","32.31"
"65","000","00","006","0628","0000","661","513","148","55","716","1284","0","55.76","39.95"
"65","000","00","006","0628","2160","661","513","148","55","716","1284","0","55.76","39.95"
"65","000","00","006","0629","0000","567","382","185","32","599","1189","0","50.38","32.13"
"65","000","00","006","0629","2161","157","107","50","6","163","439","0","37.13","24.37"
"65","000","00","006","0629","2162","410","275","135","26","436","750","0","58.13","36.67"
"65","000","00","006","0630","0000","2517","1771","746","94","2611","4840","0","53.95","36.59"
"65","000","00","006","0630","2145","933","644","289","32","965","1838","0","52.5","35.04"
"65","000","00","006","0630","2146","782","538","244","35","817","1453","0","56.23","37.03"
"65","000","00","006","0630","2147","802","589","213","27","829","1549","0","53.52","38.02"
"65","000","00","006","0631","0000","877","620","257","26","903","1603","0","56.33","38.68"
"65","000","00","006","0631","1987","877","620","257","26","903","1603","0","56.33","38.68"
"65","000","00","006","0632","0000","1041","442","599","40","1081","1921","0","56.27","23.01"
"65","000","00","006","0632","1988","1041","442","599","40","1081","1921","0","56.27","23.01"
"65","000","00","006","0633","0000","1279","890","389","42","1321","2317","0","57.01","38.41"
"65","000","00","006","0633","1989","585","412","173","13","598","1082","0","55.27","38.08"
"65","000","00","006","0633","1990","694","478","216","29","723","1235","0","58.54","38.7"
"65","000","00","006","0634","0000","899","667","232","22","921","1568","0","58.74","42.54"
"65","000","00","006","0634","1991","899","667","232","22","921","1568","0","58.74","42.54"
"65","000","00","006","0635","0000","457","305","152","15","472","771","0","61.22","39.56"
"65","000","00","006","0635","1992","457","305","152","15","472","771","0","61.22","39.56"
"65","000","00","006","0636","0000","1267","876","391","56","1323","2264","0","58.44","38.69"
"65","000","00","006","0636","1993","699","471","228","20","719","1256","0","57.25","37.5"
"65","000","00","006","0636","1994","568","405","163","36","604","1008","0","59.92","40.18"
"65","000","00","006","0637","0000","2730","1910","820","80","2810","4701","0","59.77","40.63"
"65","000","00","006","0637","1995","859","609","250","23","882","1515","0","58.22","40.2"
"65","000","00","006","0637","1996","992","714","278","32","1024","1637","0","62.55","43.62"
"65","000","00","006","0637","1997","879","587","292","25","904","1549","0","58.36","37.9"
"65","000","00","006","0638","0000","3041","2121","920","127","3168","5335","0","59.38","39.76"
"65","000","00","006","0638","1998","1226","853","373","39","1265","2011","0","62.9","42.42"
"65","000","00","006","0638","1999","861","622","239","49","910","1554","0","58.56","40.03"
"65","000","00","006","0638","2000","954","646","308","39","993","1770","0","56.1","36.5"
"65","000","00","006","0639","0000","1359","973","386","71","1430","2442","0","58.56","39.84"
"65","000","00","006","0639","2001","745","514","231","38","783","1316","0","59.5","39.06"
"65","000","00","006","0639","2002","614","459","155","33","647","1126","0","57.46","40.76"
"65","000","00","006","0640","0000","4471","3143","1328","154","4625","7834","0","59.04","40.12"
"65","000","00","006","0640","2003","771","560","211","35","806","1460","0","55.21","38.36"
"65","000","00","006","0640","2004","903","632","271","47","950","1584","0","59.97","39.9"
"65","000","00","006","0640","2005","810","565","245","26","836","1449","0","57.69","38.99"
"65","000","00","006","0640","2006","940","669","271","22","962","1520","0","63.29","44.01"
"65","000","00","006","0640","2007","1047","717","330","24","1071","1821","0","58.81","39.37"
"65","000","00","006","0641","0000","3823","2576","1247","105","3928","6728","0","58.38","38.29"
"65","000","00","006","0641","2008","1090","712","378","26","1116","1956","0","57.06","36.4"
"65","000","00","006","0641","2009","949","663","286","33","982","1665","0","58.98","39.82"
"65","000","00","006","0641","2010","946","633","313","24","970","1588","0","61.08","39.86"
"65","000","00","006","0641","2011","838","568","270","22","860","1519","0","56.62","37.39"
"65","000","00","006","0642","0000","2310","1659","651","89","2399","5969","0","40.19","27.79"
"65","000","00","006","0642","2014","665","490","175","34","699","1106","0","63.2","44.3"
"65","000","00","006","0642","2015","384","246","138","15","399","2700","0","14.78","9.11"
"65","000","00","006","0642","2016","592","435","157","16","608","995","0","61.11","43.72"
"65","000","00","006","0642","2017","669","488","181","24","693","1168","0","59.33","41.78"
"65","000","00","006","0643","0000","1403","983","420","69","1472","2208","0","66.67","44.52"
"65","000","00","006","0643","2018","724","522","202","39","763","1123","0","67.94","46.48"
"65","000","00","006","0643","2019","679","461","218","30","709","1085","0","65.35","42.49"
"65","000","00","006","0644","0000","3245","2343","902","132","3377","5645","0","59.82","41.51"
"65","000","00","006","0644","2020","854","601","253","34","888","1412","0","62.89","42.56"
"65","000","00","006","0644","2021","942","693","249","32","974","1659","0","58.71","41.77"
"65","000","00","006","0644","2022","727","514","213","37","764","1198","0","63.77","42.9"
"65","000","00","006","0644","2023","722","535","187","29","751","1376","0","54.58","38.88"
"65","000","00","006","0645","0000","2155","1554","601","71","2226","3926","0","56.7","39.58"
"65","000","00","006","0645","2024","704","511","193","26","730","1300","0","56.15","39.31"
"65","000","00","006","0645","2025","705","512","193","25","730","1238","0","58.97","41.36"
"65","000","00","006","0645","2026","746","531","215","20","766","1388","0","55.19","38.26"
"65","000","00","006","0646","0000","1124","787","337","46","1170","1841","0","63.55","42.75"
"65","000","00","006","0646","2027","560","379","181","27","587","933","0","62.92","40.62"
"65","000","00","006","0646","2028","564","408","156","19","583","908","0","64.21","44.93"
"65","000","00","006","0647","0000","2072","1456","616","82","2154","3508","0","61.4","41.51"
"65","000","00","006","0647","2031","578","402","176","27","605","971","0","62.31","41.4"
"65","000","00","006","0647","2032","686","488","198","25","711","1145","0","62.1","42.62"
"65","000","00","006","0647","2033","808","566","242","30","838","1392","0","60.2","40.66"
"65","000","00","006","0648","0000","1676","1202","474","79","1755","2892","0","60.68","41.56"
"65","000","00","006","0648","2034","875","641","234","43","918","1452","0","63.22","44.15"
"65","000","00","006","0648","2035","801","561","240","36","837","1440","0","58.13","38.96"
"65","000","00","006","0649","0000","1988","1404","584","87","2075","3611","0","57.46","38.88"
"65","000","00","006","0649","2036","977","690","287","48","1025","1786","0","57.39","38.63"
"65","000","00","006","0649","2037","1011","714","297","39","1050","1825","0","57.53","39.12"
"65","000","00","006","0650","0000","1896","1313","583","50","1946","3227","0","60.3","40.69"
"65","000","00","006","0650","2038","893","636","257","19","912","1477","0","61.75","43.06"
"65","000","00","006","0650","2039","1003","677","326","31","1034","1750","0","59.09","38.69"
"65","000","00","006","0651","0000","2079","1499","580","65","2144","3771","0","56.85","39.75"
"65","000","00","006","0651","2040","993","720","273","28","1021","1792","0","56.98","40.18"
"65","000","00","006","0651","2041","1086","779","307","37","1123","1979","0","56.75","39.36"
"65","000","00","006","0652","0000","2448","1710","738","74","2522","4133","0","61.02","41.37"
"65","000","00","006","0652","2042","486","337","149","20","506","826","0","61.26","40.8"
"65","000","00","006","0652","2043","1111","787","324","34","1145","1924","0","59.51","40.9"
"65","000","00","006","0652","2044","851","586","265","20","871","1383","0","62.98","42.37"
"65","000","00","006","0653","0000","405","302","103","26","431","830","0","51.93","36.39"
"65","000","00","006","0653","2045","405","302","103","26","431","830","0","51.93","36.39"
"65","000","00","006","0654","0000","3070","2117","953","81","3151","5197","0","60.63","40.74"
"65","000","00","006","0654","2046","1031","718","313","26","1057","1759","0","60.09","40.82"
"65","000","00","006","0654","2047","1147","800","347","40","1187","1957","0","60.65","40.88"
"65","000","00","006","0654","2048","892","599","293","15","907","1481","0","61.24","40.45"
"65","000","00","006","0655","0000","1848","1299","549","73","1921","3135","0","61.28","41.44"
"65","000","00","006","0655","2119","999","706","293","39","1038","1712","0","60.63","41.24"
"65","000","00","006","0655","2120","849","593","256","34","883","1423","0","62.05","41.67"
"65","000","00","006","0656","0000","3536","2446","1090","118","3654","6684","0","54.67","36.59"
"65","000","00","006","0656","2093","1016","734","282","35","1051","1892","0","55.55","38.79"
"65","000","00","006","0656","2094","783","480","303","34","817","1529","0","53.43","31.39"
"65","000","00","006","0656","2095","770","567","203","23","793","1358","0","58.39","41.75"
"65","000","00","006","0656","2096","967","665","302","26","993","1905","0","52.13","34.91"
"65","000","00","006","0657","0000","2476","1726","750","66","2542","4334","0","58.65","39.82"
"65","000","00","006","0657","2139","695","497","198","23","718","1178","0","60.95","42.19"
"65","000","00","006","0657","2140","738","521","217","17","755","1277","0","59.12","40.8"
"65","000","00","006","0657","2141","1043","708","335","26","1069","1879","0","56.89","37.68"
"65","000","00","006","0658","0000","3610","2495","1115","118","3728","6377","0","58.46","39.12"
"65","000","00","006","0658","2066","729","523","206","26","755","1315","0","57.41","39.77"
"65","000","00","006","0658","2067","842","569","273","36","878","1562","0","56.21","36.43"
"65","000","00","006","0658","2068","1163","798","365","23","1186","1982","0","59.84","40.26"
"65","000","00","006","0658","2069","876","605","271","33","909","1518","0","59.88","39.86"
"65","000","00","006","0659","0000","2046","1452","594","80","2126","3435","0","61.89","42.27"
"65","000","00","006","0659","2121","981","719","262","38","1019","1666","0","61.16","43.16"
"65","000","00","006","0659","2122","1065","733","332","42","1107","1769","0","62.58","41.44"
"65","000","00","006","0660","0000","4772","3317","1455","138","4910","9469","0","51.85","35.03"
"65","000","00","006","0660","2127","770","524","246","31","801","1463","0","54.75","35.82"
"65","000","00","006","0660","2128","634","442","192","26","660","1152","0","57.29","38.37"
"65","000","00","006","0660","2129","925","653","272","22","947","2008","0","47.16","32.52"
"65","000","00","006","0660","2130","950","668","282","23","973","2120","0","45.9","31.51"
"65","000","00","006","0660","2131","682","466","216","17","699","1153","0","60.62","40.42"
"65","000","00","006","0660","2132","811","564","247","19","830","1573","0","52.77","35.86"
"65","000","00","006","0661","0000","1628","1177","451","66","1694","2829","0","59.88","41.6"
"65","000","00","006","0661","2029","874","640","234","40","914","1582","0","57.77","40.46"
"65","000","00","006","0661","2030","754","537","217","26","780","1247","0","62.55","43.06"
"65","000","00","006","0662","0000","1554","1138","416","70","1624","3006","0","54.03","37.86"
"65","000","00","006","0662","2061","774","559","215","46","820","1495","0","54.85","37.39"
"65","000","00","006","0662","2062","780","579","201","24","804","1511","0","53.21","38.32"
"65","000","00","006","0663","0000","1324","944","380","52","1376","2489","0","55.28","37.93"
"65","000","00","006","0663","2083","711","516","195","18","729","1275","0","57.18","40.47"
"65","000","00","006","0663","2084","613","428","185","34","647","1214","0","53.29","35.26"
"65","000","00","006","0664","0000","2651","1841","810","53","2704","4809","0","56.23","38.28"
"65","000","00","006","0664","2111","833","601","232","27","860","1523","0","56.47","39.46"
"65","000","00","006","0664","2112","894","622","272","14","908","1642","0","55.3","37.88"
"65","000","00","006","0664","2113","924","618","306","12","936","1644","0","56.93","37.59"
"65","000","00","006","0665","0000","1415","890","525","45","1460","2280","0","64.04","39.04"
"65","000","00","006","0665","2012","727","461","266","29","756","1185","0","63.8","38.9"
"65","000","00","006","0665","2013","688","429","259","16","704","1095","0","64.29","39.18"
"65","000","00","006","0666","0000","2027","1422","605","83","2110","3797","0","55.57","37.45"
"65","000","00","006","0666","2100","1051","726","325","29","1080","1960","0","55.1","37.04"
"65","000","00","006","0666","2101","976","696","280","54","1030","1837","0","56.07","37.89"
"65","000","00","006","0667","0000","2821","1960","861","115","2936","4983","0","58.92","39.33"
"65","000","00","006","0667","2102","918","628","290","33","951","1662","0","57.22","37.79"
"65","000","00","006","0667","2103","947","661","286","48","995","1617","0","61.53","40.88"
"65","000","00","006","0667","2104","956","671","285","34","990","1704","0","58.1","39.38"
"65","000","00","006","0668","0000","1898","1528","370","63","1961","3528","0","55.58","43.31"
"65","000","00","006","0668","2117","1042","725","317","37","1079","1982","0","54.44","36.58"
"65","000","00","006","0668","2118","856","803","53","26","882","1546","0","57.05","51.94"
"65","000","00","006","0669","0000","1382","898","484","51","1433","2394","0","59.86","37.51"
"65","000","00","006","0669","2143","528","340","188","20","548","960","0","57.08","35.42"
"65","000","00","006","0669","2144","854","558","296","31","885","1434","0","61.72","38.91"
"65","000","00","007","0000","0000","80699","56928","23771","3859","84558","152102","183780","55.59","37.43"
"65","000","00","007","0701","0000","1700","1175","525","115","1815","3613","0","50.24","32.52"
"65","000","00","007","0701","1620","836","583","253","63","899","1897","0","47.39","30.73"
"65","000","00","007","0701","1621","864","592","272","52","916","1716","0","53.38","34.5"
"65","000","00","007","0702","0000","1917","1404","513","106","2023","3470","0","58.3","40.46"
"65","000","00","007","0702","1617","634","469","165","43","677","1211","0","55.9","38.73"
"65","000","00","007","0702","1618","624","446","178","34","658","1125","0","58.49","39.64"
"65","000","00","007","0702","1619","659","489","170","29","688","1134","0","60.67","43.12"
"65","000","00","007","0703","0000","2103","1514","589","106","2209","4252","0","51.95","35.61"
"65","000","00","007","0703","1614","694","496","198","50","744","1408","0","52.84","35.23"
"65","000","00","007","0703","1615","687","481","206","18","705","1310","0","53.82","36.72"
"65","000","00","007","0703","1616","722","537","185","38","760","1534","0","49.54","35.01"
"65","000","00","007","0704","0000","1703","1206","497","91","1794","3296","0","54.43","36.59"
"65","000","00","007","0704","1643","611","443","168","41","652","1116","0","58.42","39.7"
"65","000","00","007","0704","1644","538","378","160","28","566","1077","0","52.55","35.1"
"65","000","00","007","0704","1645","554","385","169","22","576","1103","0","52.22","34.9"
"65","000","00","007","0705","0000","2991","2099","892","113","3104","5619","0","55.24","37.36"
"65","000","00","007","0705","1639","767","533","234","18","785","1483","0","52.93","35.94"
"65","000","00","007","0705","1640","819","565","254","34","853","1524","0","55.97","37.07"
"65","000","00","007","0705","1641","775","540","235","35","810","1431","0","56.6","37.74"
"65","000","00","007","0705","1642","630","461","169","26","656","1181","0","55.55","39.03"
"65","000","00","007","0706","0000","1936","1363","573","144","2080","4297","0","48.41","31.72"
"65","000","00","007","0706","1633","656","460","196","57","713","1927","0","37.0","23.87"
"65","000","00","007","0706","1634","478","341","137","45","523","914","0","57.22","37.31"
"65","000","00","007","0706","1635","802","562","240","42","844","1456","0","57.97","38.6"
"65","000","00","007","0707","0000","2231","1553","678","106","2337","4468","0","52.31","34.76"
"65","000","00","007","0707","1624","778","535","243","30","808","1542","0","52.4","34.7"
"65","000","00","007","0707","1625","772","549","223","43","815","1470","0","55.44","37.35"
"65","000","00","007","0707","1626","681","469","212","33","714","1456","0","49.04","32.21"
"65","000","00","007","0708","0000","1790","1299","491","103","1893","3218","0","58.83","40.37"
"65","000","00","007","0708","1652","473","351","122","30","503","870","0","57.82","40.34"
"65","000","00","007","0708","1653","778","564","214","44","822","1338","0","61.43","42.15"
"65","000","00","007","0708","1654","539","384","155","29","568","1010","0","56.24","38.02"
"65","000","00","007","0709","0000","2550","1725","825","120","2670","4558","0","58.58","37.85"
"65","000","00","007","0709","1657","837","578","259","51","888","1405","0","63.2","41.14"
"65","000","00","007","0709","1658","852","572","280","38","890","1587","0","56.08","36.04"
"65","000","00","007","0709","1659","861","575","286","31","892","1566","0","56.96","36.72"
"65","000","00","007","0710","0000","2139","1489","650","102","2241","3749","0","59.78","39.72"
"65","000","00","007","0710","1667","736","516","220","39","775","1268","0","61.12","40.69"
"65","000","00","007","0710","1668","718","503","215","33","751","1281","0","58.63","39.27"
"65","000","00","007","0710","1669","685","470","215","30","715","1200","0","59.58","39.17"
"65","000","00","007","0711","0000","1630","1176","454","76","1706","2979","0","57.27","39.48"
"65","000","00","007","0711","1663","949","692","257","32","981","1701","0","57.67","40.68"
"65","000","00","007","0711","1664","681","484","197","44","725","1278","0","56.73","37.87"
"65","000","00","007","0712","0000","773","566","207","32","805","1491","0","53.99","37.96"
"65","000","00","007","0712","1670","773","566","207","32","805","1491","0","53.99","37.96"
"65","000","00","007","0713","0000","561","399","162","25","586","1066","0","54.97","37.43"
"65","000","00","007","0713","1671","561","399","162","25","586","1066","0","54.97","37.43"
"65","000","00","007","0714","0000","1703","1193","510","46","1749","3132","0","55.84","38.09"
"65","000","00","007","0714","1686","861","614","247","28","889","1566","0","56.77","39.21"
"65","000","00","007","0714","1687","842","579","263","18","860","1566","0","54.92","36.97"
"65","000","00","007","0715","0000","1857","1349","508","88","1945","3427","0","56.76","39.36"
"65","000","00","007","0715","1676","662","476","186","28","690","1144","0","60.31","41.61"
"65","000","00","007","0715","1677","561","428","133","18","579","1059","0","54.67","40.42"
"65","000","00","007","0715","1678","634","445","189","42","676","1224","0","55.23","36.36"
"65","000","00","007","0716","0000","2281","1594","687","121","2402","4452","0","53.95","35.8"
"65","000","00","007","0716","1683","777","549","228","57","834","1514","0","55.09","36.26"
"65","000","00","007","0716","1684","754","525","229","29","783","1546","0","50.65","33.96"
"65","000","00","007","0716","1685","750","520","230","35","785","1392","0","56.39","37.36"
"65","000","00","007","0717","0000","2311","1695","616","119","2430","4572","0","53.15","37.07"
"65","000","00","007","0717","1673","831","612","219","48","879","1616","0","54.39","37.87"
"65","000","00","007","0717","1674","719","522","197","37","756","1589","0","47.58","32.85"
"65","000","00","007","0717","1675","761","561","200","34","795","1367","0","58.16","41.04"
"65","000","00","007","0718","0000","1468","1101","367","98","1566","2883","0","54.32","38.19"
"65","000","00","007","0718","1699","822","631","191","33","855","1606","0","53.24","39.29"
"65","000","00","007","0718","1700","646","470","176","65","711","1277","0","55.68","36.81"
"65","000","00","007","0719","0000","2728","1985","743","170","2898","5231","0","55.4","37.95"
"65","000","00","007","0719","1695","650","468","182","55","705","1247","0","56.54","37.53"
"65","000","00","007","0719","1696","700","523","177","55","755","1390","0","54.32","37.63"
"65","000","00","007","0719","1697","716","515","201","29","745","1293","0","57.62","39.83"
"65","000","00","007","0719","1698","662","479","183","31","693","1301","0","53.27","36.82"
"65","000","00","007","0720","0000","2416","1695","721","96","2512","4264","0","58.91","39.75"
"65","000","00","007","0720","1692","948","652","296","47","995","1661","0","59.9","39.25"
"65","000","00","007","0720","1693","868","595","273","32","900","1585","0","56.78","37.54"
"65","000","00","007","0720","1694","600","448","152","17","617","1018","0","60.61","44.01"
"65","000","00","007","0721","0000","752","548","204","23","775","1683","0","46.05","32.56"
"65","000","00","007","0721","1708","752","548","204","23","775","1683","0","46.05","32.56"
"65","000","00","007","0722","0000","727","509","218","32","759","1565","0","48.5","32.52"
"65","000","00","007","0722","1722","727","509","218","32","759","1565","0","48.5","32.52"
"65","000","00","007","0723","0000","878","645","233","69","947","1638","0","57.81","39.38"
"65","000","00","007","0723","1714","878","645","233","69","947","1638","0","57.81","39.38"
"65","000","00","007","0724","0000","6440","4436","2004","212","6652","11772","0","56.51","37.68"
"65","000","00","007","0724","1715","845","571","274","35","880","1592","0","55.28","35.87"
"65","000","00","007","0724","1716","856","626","230","29","885","1521","0","58.19","41.16"
"65","000","00","007","0724","1717","1004","691","313","31","1035","1707","0","60.63","40.48"
"65","000","00","007","0724","1718","983","615","368","35","1018","1741","0","58.47","35.32"
"65","000","00","007","0724","1719","910","604","306","19","929","1655","0","56.13","36.5"
"65","000","00","007","0724","1720","882","600","282","34","916","1775","0","51.61","33.8"
"65","000","00","007","0724","1721","960","729","231","29","989","1781","0","55.53","40.93"
"65","000","00","007","0725","0000","1057","755","302","43","1100","1966","0","55.95","38.4"
"65","000","00","007","0725","1723","484","351","133","20","504","936","0","53.85","37.5"
"65","000","00","007","0725","1724","573","404","169","23","596","1030","0","57.86","39.22"
"65","000","00","007","0726","0000","4343","2941","1402","133","4476","7662","0","58.42","38.38"
"65","000","00","007","0726","1709","806","585","221","39","845","1452","0","58.2","40.29"
"65","000","00","007","0726","1710","896","570","326","29","925","1592","0","58.1","35.8"
"65","000","00","007","0726","1711","911","628","283","28","939","1619","0","58.0","38.79"
"65","000","00","007","0726","1712","982","674","308","24","1006","1642","0","61.27","41.05"
"65","000","00","007","0726","1713","748","484","264","13","761","1357","0","56.08","35.67"
"65","000","00","007","0727","0000","530","393","137","30","560","877","0","63.85","44.81"
"65","000","00","007","0727","1672","530","393","137","30","560","877","0","63.85","44.81"
"65","000","00","007","0728","0000","1992","1393","599","114","2106","3846","0","54.76","36.22"
"65","000","00","007","0728","1646","737","502","235","38","775","1385","0","55.96","36.25"
"65","000","00","007","0728","1647","649","476","173","29","678","1266","0","53.55","37.6"
"65","000","00","007","0728","1648","606","415","191","47","653","1195","0","54.64","34.73"
"65","000","00","007","0729","0000","1713","1188","525","97","1810","3245","0","55.78","36.61"
"65","000","00","007","0729","1660","531","363","168","13","544","997","0","54.56","36.41"
"65","000","00","007","0729","1661","638","446","192","47","685","1187","0","57.71","37.57"
"65","000","00","007","0729","1662","544","379","165","37","581","1061","0","54.76","35.72"
"65","000","00","007","0730","0000","1864","1226","638","90","1954","3196","0","61.14","38.36"
"65","000","00","007","0730","1655","929","614","315","50","979","1658","0","59.05","37.03"
"65","000","00","007","0730","1656","935","612","323","40","975","1538","0","63.39","39.79"
"65","000","00","007","0731","0000","1920","1369","551","59","1979","3571","0","55.42","38.34"
"65","000","00","007","0731","1627","637","460","177","15","652","1124","0","58.01","40.93"
"65","000","00","007","0731","1628","632","457","175","20","652","1235","0","52.79","37.0"
"65","000","00","007","0731","1629","651","452","199","24","675","1212","0","55.69","37.29"
"65","000","00","007","0732","0000","1928","1406","522","108","2036","3764","0","54.09","37.35"
"65","000","00","007","0732","1630","608","442","166","27","635","1223","0","51.92","36.14"
"65","000","00","007","0732","1631","688","518","170","48","736","1335","0","55.13","38.8"
"65","000","00","007","0732","1632","632","446","186","33","665","1206","0","55.14","36.98"
"65","000","00","007","0733","0000","2535","1778","757","135","2670","5192","0","51.43","34.24"
"65","000","00","007","0733","1679","554","383","171","28","582","1141","0","51.01","33.57"
"65","000","00","007","0733","1680","645","464","181","20","665","1396","0","47.64","33.24"
"65","000","00","007","0733","1681","604","407","197","32","636","1157","0","54.97","35.18"
"65","000","00","007","0733","1682","732","524","208","55","787","1498","0","52.54","34.98"
"65","000","00","007","0734","0000","2418","1687","731","125","2543","4454","0","57.09","37.88"
"65","000","00","007","0734","1636","736","518","218","39","775","1409","0","55.0","36.76"
"65","000","00","007","0734","1637","846","616","230","56","902","1500","0","60.13","41.07"
"65","000","00","007","0734","1638","836","553","283","30","866","1545","0","56.05","35.79"
"65","000","00","007","0735","0000","2686","1973","713","113","2799","4995","0","56.04","39.5"
"65","000","00","007","0735","1701","646","456","190","43","689","1219","0","56.52","37.41"
"65","000","00","007","0735","1702","735","540","195","33","768","1454","0","52.82","37.14"
"65","000","00","007","0735","1703","680","511","169","21","701","1314","0","53.35","38.89"
"65","000","00","007","0735","1704","625","466","159","16","641","1008","0","63.59","46.23"
"65","000","00","007","0736","0000","2366","1712","654","144","2510","4615","0","54.39","37.1"
"65","000","00","007","0736","1705","784","570","214","66","850","1574","0","54.0","36.21"
"65","000","00","007","0736","1706","771","552","219","30","801","1364","0","58.72","40.47"
"65","000","00","007","0736","1707","811","590","221","48","859","1677","0","51.22","35.18"
"65","000","00","007","0737","0000","1611","1126","485","71","1682","2739","0","61.41","41.11"
"65","000","00","007","0737","1665","844","603","241","31","875","1433","0","61.06","42.08"
"65","000","00","007","0737","1666","767","523","244","40","807","1306","0","61.79","40.05"
"65","000","00","007","0738","0000","1602","1088","514","57","1659","2998","0","55.34","36.29"
"65","000","00","007","0738","1688","794","533","261","39","833","1517","0","54.91","35.14"
"65","000","00","007","0738","1689","808","555","253","18","826","1481","0","55.77","37.47"
"65","000","00","007","0739","0000","1253","924","329","52","1305","2424","0","53.84","38.12"
"65","000","00","007","0739","1690","659","485","174","31","690","1261","0","54.72","38.46"
"65","000","00","007","0739","1691","594","439","155","21","615","1163","0","52.88","37.75"
"65","000","00","007","0740","0000","1346","898","448","69","1415","2517","0","56.22","35.68"
"65","000","00","007","0740","1649","649","443","206","38","687","1254","0","54.78","35.33"
"65","000","00","007","0740","1650","697","455","242","31","728","1263","0","57.64","36.03"
"65","000","00","007","0741","0000","842","581","261","61","903","1473","0","61.3","39.44"
"65","000","00","007","0741","1651","842","581","261","61","903","1473","0","61.3","39.44"
"65","000","00","007","0742","0000","1108","772","336","45","1153","1873","0","61.56","41.22"
"65","000","00","007","0742","1622","431","299","132","27","458","736","0","62.23","40.63"
"65","000","00","007","0742","1623","677","473","204","18","695","1137","0","61.13","41.6"
"65","000","00","008","0000","0000","36689","26295","10394","1585","38274","71645","86223","53.42","36.7"
"65","000","00","008","0801","0000","558","395","163","25","583","965","0","60.41","40.93"
"65","000","00","008","0801","1726","558","395","163","25","583","965","0","60.41","40.93"
"65","000","00","008","0802","0000","1061","781","280","45","1106","2019","0","54.78","38.68"
"65","000","00","008","0802","1729","578","434","144","21","599","1057","0","56.67","41.06"
"65","000","00","008","0802","1730","483","347","136","24","507","962","0","52.7","36.07"
"65","000","00","008","0803","0000","2731","1903","828","95","2826","5052","0","55.94","37.67"
"65","000","00","008","0803","1732","1011","700","311","57","1068","1742","0","61.31","40.18"
"65","000","00","008","0803","1733","857","588","269","26","883","1634","0","54.04","35.99"
"65","000","00","008","0803","1734","863","615","248","12","875","1676","0","52.21","36.69"
"65","000","00","008","0804","0000","1878","1296","582","82","1960","3728","0","52.58","34.76"
"65","000","00","008","0804","1727","1020","720","300","44","1064","1931","0","55.1","37.29"
"65","000","00","008","0804","1728","858","576","282","38","896","1797","0","49.86","32.05"
"65","000","00","008","0805","0000","563","387","176","24","587","934","0","62.85","41.43"
"65","000","00","008","0805","1731","563","387","176","24","587","934","0","62.85","41.43"
"65","000","00","008","0806","0000","283","218","65","17","300","515","0","58.25","42.33"
"65","000","00","008","0806","1725","283","218","65","17","300","515","0","58.25","42.33"
"65","000","00","008","0807","0000","814","584","230","31","845","1440","0","58.68","40.56"
"65","000","00","008","0807","1750","814","584","230","31","845","1440","0","58.68","40.56"
"65","000","00","008","0808","0000","3947","2802","1145","189","4136","7315","0","56.54","38.3"
"65","000","00","008","0808","1751","927","660","267","70","997","1809","0","55.11","36.48"
"65","000","00","008","0808","1752","955","677","278","32","987","1758","0","56.14","38.51"
"65","000","00","008","0808","1753","828","593","235","39","867","1589","0","54.56","37.32"
"65","000","00","008","0808","1754","618","430","188","21","639","1067","0","59.89","40.3"
"65","000","00","008","0808","1755","619","442","177","27","646","1092","0","59.16","40.48"
"65","000","00","008","0809","0000","1619","1152","467","77","1696","3208","0","52.87","35.91"
"65","000","00","008","0809","1747","475","326","149","33","508","942","0","53.93","34.61"
"65","000","00","008","0809","1748","676","470","206","30","706","1317","0","53.61","35.69"
"65","000","00","008","0809","1749","468","356","112","14","482","949","0","50.79","37.51"
"65","000","00","008","0810","0000","3210","2277","933","147","3357","6702","0","50.09","33.97"
"65","000","00","008","0810","1743","877","645","232","29","906","1737","0","52.16","37.13"
"65","000","00","008","0810","1744","805","579","226","45","850","1669","0","50.93","34.69"
"65","000","00","008","0810","1745","814","553","261","36","850","1842","0","46.15","30.02"
"65","000","00","008","0810","1746","714","500","214","37","751","1454","0","51.65","34.39"
"65","000","00","008","0811","0000","3400","2464","936","139","3539","7102","0","49.83","34.69"
"65","000","00","008","0811","1739","873","654","219","41","914","1782","0","51.29","36.7"
"65","000","00","008","0811","1740","768","535","233","33","801","1496","0","53.54","35.76"
"65","000","00","008","0811","1741","995","726","269","36","1031","2071","0","49.78","35.06"
"65","000","00","008","0811","1742","764","549","215","29","793","1753","0","45.24","31.32"
"65","000","00","008","0812","0000","436","324","112","10","446","850","0","52.47","38.12"
"65","000","00","008","0812","1738","436","324","112","10","446","850","0","52.47","38.12"
"65","000","00","008","0813","0000","127","98","29","1","128","227","0","56.39","43.17"
"65","000","00","008","0813","1774","127","98","29","1","128","227","0","56.39","43.17"
"65","000","00","008","0814","0000","2326","1682","644","106","2432","4604","0","52.82","36.53"
"65","000","00","008","0814","1768","706","530","176","17","723","1479","0","48.88","35.84"
"65","000","00","008","0814","1769","854","591","263","49","903","1736","0","52.02","34.04"
"65","000","00","008","0814","1770","766","561","205","40","806","1389","0","58.03","40.39"
"65","000","00","008","0815","0000","1988","1463","525","90","2078","4064","0","51.13","36.0"
"65","000","00","008","0815","1762","506","384","122","17","523","1026","0","50.97","37.43"
"65","000","00","008","0815","1763","835","604","231","29","864","1721","0","50.2","35.1"
"65","000","00","008","0815","1764","647","475","172","44","691","1317","0","52.47","36.07"
"65","000","00","008","0816","0000","1909","1383","526","107","2016","3526","0","57.18","39.22"
"65","000","00","008","0816","1765","604","435","169","24","628","1046","0","60.04","41.59"
"65","000","00","008","0816","1766","658","476","182","35","693","1144","0","60.58","41.61"
"65","000","00","008","0816","1767","647","472","175","48","695","1336","0","52.02","35.33"
"65","000","00","008","0817","0000","2376","1796","580","88","2464","4249","0","57.99","42.27"
"65","000","00","008","0817","1756","941","712","229","33","974","1730","0","56.3","41.16"
"65","000","00","008","0817","1757","691","528","163","23","714","1281","0","55.74","41.22"
"65","000","00","008","0817","1758","744","556","188","32","776","1238","0","62.68","44.91"
"65","000","00","008","0818","0000","2404","1755","649","127","2531","5137","0","49.27","34.16"
"65","000","00","008","0818","1771","976","722","254","63","1039","1956","0","53.12","36.91"
"65","000","00","008","0818","1772","710","501","209","44","754","1371","0","55.0","36.54"
"65","000","00","008","0818","1773","718","532","186","20","738","1810","0","40.77","29.39"
"65","000","00","008","0819","0000","2000","1485","515","90","2090","4022","0","51.96","36.92"
"65","000","00","008","0819","1759","825","599","226","44","869","1568","0","55.42","38.2"
"65","000","00","008","0819","1760","658","498","160","28","686","1271","0","53.97","39.18"
"65","000","00","008","0819","1761","517","388","129","18","535","1183","0","45.22","32.8"
"65","000","00","008","0820","0000","3059","2050","1009","95","3154","5986","0","52.69","34.25"
"65","000","00","008","0820","1735","1101","743","358","44","1145","2052","0","55.8","36.21"
"65","000","00","008","0820","1736","905","591","314","40","945","1977","0","47.8","29.89"
"65","000","00","008","0820","1737","1053","716","337","11","1064","1957","0","54.37","36.59"
"65","000","00","009","0000","0000","47939","34546","13393","2096","50035","94291","115712","53.06","36.64"
"65","000","00","009","0901","0000","171","132","39","15","186","274","0","67.88","48.18"
"65","000","00","009","0901","1917","171","132","39","15","186","274","0","67.88","48.18"
"65","000","00","009","0902","0000","308","228","80","15","323","583","0","55.4","39.11"
"65","000","00","009","0902","1918","308","228","80","15","323","583","0","55.4","39.11"
"65","000","00","009","0903","0000","1658","1134","524","65","1723","3479","0","49.53","32.6"
"65","000","00","009","0903","1919","799","552","247","18","817","1765","0","46.29","31.27"
"65","000","00","009","0903","1920","859","582","277","47","906","1714","0","52.86","33.96"
"65","000","00","009","0904","0000","1421","1031","390","48","1469","2684","0","54.73","38.41"
"65","000","00","009","0904","1921","694","508","186","20","714","1355","0","52.69","37.49"
"65","000","00","009","0904","1922","727","523","204","28","755","1329","0","56.81","39.35"
"65","000","00","009","0905","0000","550","392","158","13","563","1059","0","53.16","37.02"
"65","000","00","009","0905","1923","550","392","158","13","563","1059","0","53.16","37.02"
"65","000","00","009","0906","0000","3470","2369","1101","160","3630","6529","0","55.6","36.28"
"65","000","00","009","0906","1924","745","501","244","40","785","1364","0","57.55","36.73"
"65","000","00","009","0906","1925","615","425","190","31","646","1098","0","58.83","38.71"
"65","000","00","009","0906","1926","676","483","193","42","718","1296","0","55.4","37.27"
"65","000","00","009","0906","1927","647","438","209","20","667","1240","0","53.79","35.32"
"65","000","00","009","0906","1928","787","522","265","27","814","1531","0","53.17","34.1"
"65","000","00","009","0907","0000","2544","1836","708","91","2635","5025","0","52.44","36.54"
"65","000","00","009","0907","1952","794","568","226","39","833","1634","0","50.98","34.76"
"65","000","00","009","0907","1953","902","654","248","28","930","1716","0","54.2","38.11"
"65","000","00","009","0907","1954","848","614","234","24","872","1675","0","52.06","36.66"
"65","000","00","009","0908","0000","4213","2997","1216","220","4433","8724","0","50.81","34.35"
"65","000","00","009","0908","1929","697","497","200","28","725","1444","0","50.21","34.42"
"65","000","00","009","0908","1930","669","480","189","66","735","1347","0","54.57","35.63"
"65","000","00","009","0908","1931","749","527","222","43","792","1455","0","54.43","36.22"
"65","000","00","009","0908","1932","715","507","208","23","738","1556","0","47.43","32.58"
"65","000","00","009","0908","1933","595","421","174","28","623","1390","0","44.82","30.29"
"65","000","00","009","0908","1934","788","565","223","32","820","1532","0","53.52","36.88"
"65","000","00","009","0909","0000","4134","3145","989","138","4272","8053","0","53.05","39.05"
"65","000","00","009","0909","1935","644","491","153","31","675","1377","0","49.02","35.66"
"65","000","00","009","0909","1936","871","821","50","28","899","1731","0","51.94","47.43"
"65","000","00","009","0909","1937","844","596","248","23","867","1705","0","50.85","34.96"
"65","000","00","009","0909","1938","853","567","286","28","881","1590","0","55.41","35.66"
"65","000","00","009","0909","1939","922","670","252","28","950","1650","0","57.58","40.61"
"65","000","00","009","0910","0000","1774","1349","425","105","1879","3638","0","51.65","37.08"
"65","000","00","009","0910","1966","605","466","139","35","640","1389","0","46.08","33.55"
"65","000","00","009","0910","1967","631","452","179","38","669","1315","0","50.87","34.37"
"65","000","00","009","0910","1968","538","431","107","32","570","934","0","61.03","46.15"
"65","000","00","009","0911","0000","1027","766","261","73","1100","2199","0","50.02","34.83"
"65","000","00","009","0911","1969","608","444","164","32","640","1270","0","50.39","34.96"
"65","000","00","009","0911","1970","419","322","97","41","460","929","0","49.52","34.66"
"65","000","00","009","0912","0000","530","394","136","15","545","1035","0","52.66","38.07"
"65","000","00","009","0912","1971","530","394","136","15","545","1035","0","52.66","38.07"
"65","000","00","009","0913","0000","232","178","54","21","253","502","0","50.4","35.46"
"65","000","00","009","0913","1972","232","178","54","21","253","502","0","50.4","35.46"
"65","000","00","009","0914","0000","385","307","78","30","415","836","0","49.64","36.72"
"65","000","00","009","0914","1973","385","307","78","30","415","836","0","49.64","36.72"
"65","000","00","009","0915","0000","283","222","61","46","329","669","0","49.18","33.18"
"65","000","00","009","0915","1974","283","222","61","46","329","669","0","49.18","33.18"
"65","000","00","009","0916","0000","374","284","90","63","437","733","0","59.62","38.74"
"65","000","00","009","0916","1975","374","284","90","63","437","733","0","59.62","38.74"
"65","000","00","009","0917","0000","1099","800","299","55","1154","2138","0","53.98","37.42"
"65","000","00","009","0917","1979","423","303","120","23","446","771","0","57.85","39.3"
"65","000","00","009","0917","1980","676","497","179","32","708","1367","0","51.79","36.36"
"65","000","00","009","0918","0000","698","549","149","26","724","1394","0","51.94","39.38"
"65","000","00","009","0918","1978","698","549","149","26","724","1394","0","51.94","39.38"
"65","000","00","009","0919","0000","1325","990","335","71","1396","2761","0","50.56","35.86"
"65","000","00","009","0919","1981","599","452","147","48","647","1241","0","52.14","36.42"
"65","000","00","009","0919","1982","726","538","188","23","749","1520","0","49.28","35.39"
"65","000","00","009","0920","0000","528","400","128","30","558","873","0","63.92","45.82"
"65","000","00","009","0920","1983","528","400","128","30","558","873","0","63.92","45.82"
"65","000","00","009","0921","0000","544","419","125","49","593","1322","0","44.86","31.69"
"65","000","00","009","0921","1986","544","419","125","49","593","1322","0","44.86","31.69"
"65","000","00","009","0922","0000","837","645","192","69","906","1865","0","48.58","34.58"
"65","000","00","009","0922","1984","330","258","72","43","373","768","0","48.57","33.59"
"65","000","00","009","0922","1985","507","387","120","26","533","1097","0","48.59","35.28"
"65","000","00","009","0923","0000","2885","2108","777","91","2976","5947","0","50.04","35.45"
"65","000","00","009","0923","1959","602","512","90","33","635","1363","0","46.59","37.56"
"65","000","00","009","0923","1960","874","624","250","21","895","1624","0","55.11","38.42"
"65","000","00","009","0923","1961","745","513","232","20","765","1352","0","56.58","37.94"
"65","000","00","009","0923","1962","664","459","205","17","681","1608","0","42.35","28.54"
"65","000","00","009","0924","0000","3242","2235","1007","111","3353","6635","0","50.54","33.69"
"65","000","00","009","0924","1955","720","513","207","31","751","1649","0","45.54","31.11"
"65","000","00","009","0924","1956","752","548","204","35","787","1489","0","52.85","36.8"
"65","000","00","009","0924","1957","845","572","273","24","869","1771","0","49.07","32.3"
"65","000","00","009","0924","1958","925","602","323","21","946","1726","0","54.81","34.88"
"65","000","00","009","0925","0000","2271","1608","663","131","2402","4629","0","51.89","34.74"
"65","000","00","009","0925","1963","755","538","217","29","784","1458","0","53.77","36.9"
"65","000","00","009","0925","1964","775","539","236","29","804","1641","0","48.99","32.85"
"65","000","00","009","0925","1965","741","531","210","73","814","1530","0","53.2","34.71"
"65","000","00","009","0926","0000","1698","1259","439","87","1785","3198","0","55.82","39.37"
"65","000","00","009","0926","1976","886","662","224","50","936","1560","0","60.0","42.44"
"65","000","00","009","0926","1977","812","597","215","37","849","1638","0","51.83","36.45"
"65","000","00","009","0927","0000","6771","4730","2041","170","6941","12019","0","57.75","39.35"
"65","000","00","009","0927","1944","866","590","276","8","874","1579","0","55.35","37.37"
"65","000","00","009","0927","1945","749","523","226","23","772","1435","0","53.8","36.45"
"65","000","00","009","0927","1946","944","664","280","26","970","1659","0","58.47","40.02"
"65","000","00","009","0927","1947","897","596","301","21","918","1512","0","60.71","39.42"
"65","000","00","009","0927","1948","830","586","244","23","853","1463","0","58.3","40.05"
"65","000","00","009","0927","1949","840","577","263","21","861","1465","0","58.77","39.39"
"65","000","00","009","0927","1950","838","587","251","20","858","1463","0","58.65","40.12"
"65","000","00","009","0927","1951","807","607","200","28","835","1443","0","57.87","42.07"
"65","000","00","009","0928","0000","2967","2039","928","88","3055","5488","0","55.67","37.15"
"65","000","00","009","0928","1940","783","526","257","16","799","1441","0","55.45","36.5"
"65","000","00","009","0928","1941","794","558","236","23","817","1404","0","58.19","39.74"
"65","000","00","009","0928","1942","745","499","246","21","766","1295","0","59.15","38.53"
"65","000","00","009","0928","1943","645","456","189","28","673","1348","0","49.93","33.83"
"65","000","00","010","0000","0000","75148","52094","23054","3010","78158","147272","172677","53.07","35.37"
"65","000","00","010","1001","0000","269","198","71","23","292","544","0","53.68","36.4"
"65","000","00","010","1001","0029","269","198","71","23","292","544","0","53.68","36.4"
"65","000","00","010","1002","0000","537","397","140","48","585","1044","0","56.03","38.03"
"65","000","00","010","1002","0030","537","397","140","48","585","1044","0","56.03","38.03"
"65","000","00","010","1003","0000","712","552","160","42","754","1462","0","51.57","37.76"
"65","000","00","010","1003","0031","712","552","160","42","754","1462","0","51.57","37.76"
"65","000","00","010","1004","0000","738","538","200","60","798","1525","0","52.33","35.28"
"65","000","00","010","1004","0032","738","538","200","60","798","1525","0","52.33","35.28"
"65","000","00","010","1005","0000","445","337","108","31","476","986","0","48.28","34.18"
"65","000","00","010","1005","0033","445","337","108","31","476","986","0","48.28","34.18"
"65","000","00","010","1006","0000","1201","904","297","109","1310","2516","0","52.07","35.93"
"65","000","00","010","1006","0035","584","435","149","73","657","1173","0","56.01","37.08"
"65","000","00","010","1006","0036","617","469","148","36","653","1343","0","48.62","34.92"
"65","000","00","010","1007","0000","443","333","110","20","463","806","0","57.44","41.32"
"65","000","00","010","1007","0034","443","333","110","20","463","806","0","57.44","41.32"
"65","000","00","010","1008","0000","5619","3902","1717","158","5777","12236","0","47.21","31.89"
"65","000","00","010","1008","0065","951","686","265","30","981","1837","0","53.4","37.34"
"65","000","00","010","1008","0066","636","422","214","15","651","1924","0","33.84","21.93"
"65","000","00","010","1008","0067","1170","790","380","27","1197","2340","0","51.15","33.76"
"65","000","00","010","1008","0068","780","563","217","24","804","1704","0","47.18","33.04"
"65","000","00","010","1008","0069","694","462","232","26","720","1363","0","52.82","33.9"
"65","000","00","010","1008","0070","1388","979","409","36","1424","3068","0","46.41","31.91"
"65","000","00","010","1009","0000","734","553","181","31","765","1528","0","50.07","36.19"
"65","000","00","010","1009","0071","734","553","181","31","765","1528","0","50.07","36.19"
"65","000","00","010","1010","0000","3209","2221","988","118","3327","6351","0","52.39","34.97"
"65","000","00","010","1010","0079","745","560","185","36","781","1373","0","56.88","40.79"
"65","000","00","010","1010","0080","919","629","290","24","943","1732","0","54.45","36.32"
"65","000","00","010","1010","0081","728","472","256","38","766","1519","0","50.43","31.07"
"65","000","00","010","1010","0082","817","560","257","20","837","1727","0","48.47","32.43"
"65","000","00","010","1011","0000","2618","1831","787","108","2726","5041","0","54.08","36.32"
"65","000","00","010","1011","0072","812","550","262","24","836","1600","0","52.25","34.38"
"65","000","00","010","1011","0073","1003","720","283","52","1055","1874","0","56.3","38.42"
"65","000","00","010","1011","0074","803","561","242","32","835","1567","0","53.29","35.8"
"65","000","00","010","1012","0000","4516","3051","1465","146","4662","8417","0","55.39","36.25"
"65","000","00","010","1012","0093","929","647","282","33","962","1804","0","53.33","35.86"
"65","000","00","010","1012","0094","723","501","222","24","747","1322","0","56.51","37.9"
"65","000","00","010","1012","0095","1060","693","367","23","1083","2019","0","53.64","34.32"
"65","000","00","010","1012","0096","946","643","303","41","987","1696","0","58.2","37.91"
"65","000","00","010","1012","0097","858","567","291","25","883","1576","0","56.03","35.98"
"65","000","00","010","1013","0000","916","666","250","62","978","2027","0","48.25","32.86"
"65","000","00","010","1013","0037","508","359","149","20","528","1153","0","45.79","31.14"
"65","000","00","010","1013","0038","408","307","101","42","450","874","0","51.49","35.13"
"65","000","00","010","1014","0000","531","412","119","61","592","1063","0","55.69","38.76"
"65","000","00","010","1014","0039","531","412","119","61","592","1063","0","55.69","38.76"
"65","000","00","010","1015","0000","638","465","173","33","671","1309","0","51.26","35.52"
"65","000","00","010","1015","0040","638","465","173","33","671","1309","0","51.26","35.52"
"65","000","00","010","1016","0000","644","450","194","49","693","1290","0","53.72","34.88"
"65","000","00","010","1016","0041","644","450","194","49","693","1290","0","53.72","34.88"
"65","000","00","010","1017","0000","3301","2234","1067","139","3440","6129","0","56.13","36.45"
"65","000","00","010","1017","0042","933","659","274","22","955","1675","0","57.01","39.34"
"65","000","00","010","1017","0043","842","562","280","40","882","1589","0","55.51","35.37"
"65","000","00","010","1017","0044","891","592","299","50","941","1624","0","57.94","36.45"
"65","000","00","010","1017","0045","635","421","214","27","662","1241","0","53.34","33.92"
"65","000","00","010","1018","0000","3061","2084","977","116","3177","5578","0","56.96","37.36"
"65","000","00","010","1018","0046","680","481","199","37","717","1317","0","54.44","36.52"
"65","000","00","010","1018","0047","686","479","207","36","722","1225","0","58.94","39.1"
"65","000","00","010","1018","0048","794","545","249","23","817","1426","0","57.29","38.22"
"65","000","00","010","1018","0049","901","579","322","20","921","1610","0","57.2","35.96"
"65","000","00","010","1019","0000","3334","2254","1080","138","3472","6426","0","54.03","35.08"
"65","000","00","010","1019","0052","897","588","309","28","925","1822","0","50.77","32.27"
"65","000","00","010","1019","0053","699","469","230","37","736","1232","0","59.74","38.07"
"65","000","00","010","1019","0054","861","638","223","48","909","1588","0","57.24","40.18"
"65","000","00","010","1019","0055","877","559","318","25","902","1784","0","50.56","31.33"
"65","000","00","010","1020","0000","2537","1596","941","116","2653","5205","0","50.97","30.66"
"65","000","00","010","1020","0056","870","568","302","55","925","1762","0","52.5","32.24"
"65","000","00","010","1020","0057","789","511","278","34","823","1546","0","53.23","33.05"
"65","000","00","010","1020","0058","878","517","361","27","905","1897","0","47.71","27.25"
"65","000","00","010","1021","0000","4752","3235","1517","146","4898","9332","0","52.49","34.67"
"65","000","00","010","1021","0059","773","510","263","34","807","1489","0","54.2","34.25"
"65","000","00","010","1021","0060","861","599","262","31","892","1679","0","53.13","35.68"
"65","000","00","010","1021","0061","808","521","287","33","841","1693","0","49.68","30.77"
"65","000","00","010","1021","0062","850","613","237","11","861","1674","0","51.43","36.62"
"65","000","00","010","1021","0063","715","489","226","15","730","1330","0","54.89","36.77"
"65","000","00","010","1021","0064","745","503","242","22","767","1467","0","52.28","34.29"
"65","000","00","010","1022","0000","2943","1948","995","98","3041","5459","0","55.71","35.68"
"65","000","00","010","1022","0098","966","620","346","25","991","1781","0","55.64","34.81"
"65","000","00","010","1022","0099","934","620","314","39","973","1665","0","58.44","37.24"
"65","000","00","010","1022","0100","1043","708","335","34","1077","2013","0","53.5","35.17"
"65","000","00","010","1023","0000","1956","1409","547","70","2026","3659","0","55.37","38.51"
"65","000","00","010","1023","0106","598","432","166","20","618","1289","0","47.94","33.51"
"65","000","00","010","1023","0107","757","546","211","29","786","1319","0","59.59","41.39"
"65","000","00","010","1023","0108","601","431","170","21","622","1051","0","59.18","41.01"
"65","000","00","010","1024","0000","727","520","207","20","747","1348","0","55.42","38.58"
"65","000","00","010","1024","0109","727","520","207","20","747","1348","0","55.42","38.58"
"65","000","00","010","1025","0000","566","407","159","30","596","1106","0","53.89","36.8"
"65","000","00","010","1025","0110","566","407","159","30","596","1106","0","53.89","36.8"
"65","000","00","010","1026","0000","404","301","103","18","422","717","0","58.86","41.98"
"65","000","00","010","1026","0111","404","301","103","18","422","717","0","58.86","41.98"
"65","000","00","010","1027","0000","733","498","235","21","754","1385","0","54.44","35.96"
"65","000","00","010","1027","0112","733","498","235","21","754","1385","0","54.44","35.96"
"65","000","00","010","1028","0000","479","333","146","28","507","841","0","60.29","39.6"
"65","000","00","010","1028","0113","479","333","146","28","507","841","0","60.29","39.6"
"65","000","00","010","1029","0000","363","253","110","21","384","665","0","57.74","38.05"
"65","000","00","010","1029","0114","363","253","110","21","384","665","0","57.74","38.05"
"65","000","00","010","1030","0000","244","161","83","9","253","419","0","60.38","38.42"
"65","000","00","010","1030","0115","244","161","83","9","253","419","0","60.38","38.42"
"65","000","00","010","1031","0000","885","643","242","19","904","1599","0","56.54","40.21"
"65","000","00","010","1031","0116","885","643","242","19","904","1599","0","56.54","40.21"
"65","000","00","010","1032","0000","2541","1798","743","114","2655","4930","0","53.85","36.47"
"65","000","00","010","1032","0117","844","606","238","43","887","1670","0","53.11","36.29"
"65","000","00","010","1032","0118","919","638","281","39","958","1683","0","56.92","37.91"
"65","000","00","010","1032","0119","778","554","224","32","810","1577","0","51.36","35.13"
"65","000","00","010","1033","0000","1805","1292","513","59","1864","3832","0","48.64","33.72"
"65","000","00","010","1033","0120","774","557","217","36","810","1618","0","50.06","34.43"
"65","000","00","010","1033","0121","1031","735","296","23","1054","2214","0","47.61","33.2"
"65","000","00","010","1034","0000","1990","1462","528","115","2105","3750","0","56.13","38.99"
"65","000","00","010","1034","0083","700","501","199","35","735","1297","0","56.67","38.63"
"65","000","00","010","1034","0084","530","382","148","44","574","1066","0","53.85","35.83"
"65","000","00","010","1034","0085","760","579","181","36","796","1387","0","57.39","41.74"
"65","000","00","010","1035","0000","3851","2671","1180","118","3969","7408","0","53.58","36.06"
"65","000","00","010","1035","0086","1019","733","286","29","1048","1909","0","54.9","38.4"
"65","000","00","010","1035","0087","923","633","290","34","957","1770","0","54.07","35.76"
"65","000","00","010","1035","0088","1024","722","302","36","1060","2049","0","51.73","35.24"
"65","000","00","010","1035","0089","885","583","302","19","904","1680","0","53.81","34.7"
"65","000","00","010","1036","0000","2236","1482","754","90","2326","4250","0","54.73","34.87"
"65","000","00","010","1036","0090","819","551","268","30","849","1433","0","59.25","38.45"
"65","000","00","010","1036","0091","709","472","237","19","728","1365","0","53.33","34.58"
"65","000","00","010","1036","0092","708","459","249","41","749","1452","0","51.58","31.61"
"65","000","00","010","1037","0000","2178","1507","671","65","2243","4020","0","55.8","37.49"
"65","000","00","010","1037","0077","1084","738","346","32","1116","1992","0","56.02","37.05"
"65","000","00","010","1037","0078","1094","769","325","33","1127","2028","0","55.57","37.92"
"65","000","00","010","1038","0000","1297","828","469","46","1343","2456","0","54.68","33.71"
"65","000","00","010","1038","0075","677","422","255","27","704","1245","0","56.55","33.9"
"65","000","00","010","1038","0076","620","406","214","19","639","1211","0","52.77","33.53"
"65","000","00","010","1039","0000","1947","1292","655","75","2022","3906","0","51.77","33.08"
"65","000","00","010","1039","0050","1076","695","381","38","1114","1982","0","56.21","35.07"
"65","000","00","010","1039","0051","871","597","274","37","908","1924","0","47.19","31.03"
"65","000","00","010","1040","0000","1913","1363","550","76","1989","3612","0","55.07","37.74"
"65","000","00","010","1040","0101","579","400","179","19","598","1108","0","53.97","36.1"
"65","000","00","010","1040","0102","696","500","196","34","730","1305","0","55.94","38.31"
"65","000","00","010","1040","0103","638","463","175","23","661","1199","0","55.13","38.62"
"65","000","00","010","1041","0000","2058","1403","655","60","2118","4142","0","51.13","33.87"
"65","000","00","010","1041","0104","1044","727","317","29","1073","2017","0","53.2","36.04"
"65","000","00","010","1041","0105","1014","676","338","31","1045","2125","0","49.18","31.81"
"65","000","00","010","1042","0000","3277","2310","967","104","3381","6953","0","48.63","33.22"
"65","000","00","010","1042","0122","926","640","286","32","958","1832","0","52.29","34.93"
"65","000","00","010","1042","0123","1087","768","319","46","1133","2123","0","53.37","36.18"
"65","000","00","010","1042","0124","1264","902","362","26","1290","2998","0","43.03","30.09"
"65","000","00","011","0000","0000","88530","60784","27746","3884","92414","173831","200217","53.16","34.97"
"65","000","00","011","1101","0000","675","471","204","34","709","1262","0","56.18","37.32"
"65","000","00","011","1101","2337","675","471","204","34","709","1262","0","56.18","37.32"
"65","000","00","011","1102","0000","489","336","153","52","541","917","0","59.0","36.64"
"65","000","00","011","1102","2338","489","336","153","52","541","917","0","59.0","36.64"
"65","000","00","011","1103","0000","2192","1429","763","68","2260","4156","0","54.38","34.38"
"65","000","00","011","1103","2339","1041","686","355","33","1074","1929","0","55.68","35.56"
"65","000","00","011","1103","2340","1151","743","408","35","1186","2227","0","53.26","33.36"
"65","000","00","011","1104","0000","160","105","55","17","177","322","0","54.97","32.61"
"65","000","00","011","1104","2343","160","105","55","17","177","322","0","54.97","32.61"
"65","000","00","011","1105","0000","1281","878","403","59","1340","2564","0","52.26","34.24"
"65","000","00","011","1105","2373","629","416","213","38","667","1244","0","53.62","33.44"
"65","000","00","011","1105","2374","652","462","190","21","673","1320","0","50.98","35.0"
"65","000","00","011","1106","0000","1778","1201","577","98","1876","4797","0","39.11","25.04"
"65","000","00","011","1106","2350","334","208","126","22","356","1809","0","19.68","11.5"
"65","000","00","011","1106","2351","756","505","251","25","781","1601","0","48.78","31.54"
"65","000","00","011","1106","2352","688","488","200","51","739","1387","0","53.28","35.18"
"65","000","00","011","1107","0000","2496","1695","801","85","2581","4840","0","53.33","35.02"
"65","000","00","011","1107","2344","798","530","268","4","802","1460","0","54.93","36.3"
"65","000","00","011","1107","2345","849","558","291","39","888","1719","0","51.66","32.46"
"65","000","00","011","1107","2346","849","607","242","42","891","1661","0","53.64","36.54"
"65","000","00","011","1108","0000","3310","2201","1109","127","3437","6144","0","55.94","35.82"
"65","000","00","011","1108","2355","1079","730","349","38","1117","2072","0","53.91","35.23"
"65","000","00","011","1108","2356","1187","784","403","52","1239","2120","0","58.44","36.98"
"65","000","00","011","1108","2357","1044","687","357","37","1081","1952","0","55.38","35.19"
"65","000","00","011","1109","0000","1938","1379","559","103","2041","3964","0","51.49","34.79"
"65","000","00","011","1109","2365","676","493","183","42","718","1363","0","52.68","36.17"
"65","000","00","011","1109","2366","677","473","204","28","705","1368","0","51.54","34.58"
"65","000","00","011","1109","2367","585","413","172","33","618","1233","0","50.12","33.5"
"65","000","00","011","1110","0000","701","503","198","49","750","1481","0","50.64","33.96"
"65","000","00","011","1110","2378","701","503","198","49","750","1481","0","50.64","33.96"
"65","000","00","011","1111","0000","729","478","251","50","779","1497","0","52.04","31.93"
"65","000","00","011","1111","2379","729","478","251","50","779","1497","0","52.04","31.93"
"65","000","00","011","1112","0000","1910","1306","604","71","1981","3940","0","50.28","33.15"
"65","000","00","011","1112","2381","921","628","293","41","962","1913","0","50.29","32.83"
"65","000","00","011","1112","2382","989","678","311","30","1019","2027","0","50.27","33.45"
"65","000","00","011","1113","0000","1009","678","331","44","1053","2127","0","49.51","31.88"
"65","000","00","011","1113","2385","1009","678","331","44","1053","2127","0","49.51","31.88"
"65","000","00","011","1114","0000","2570","1753","817","120","2690","5447","0","49.38","32.18"
"65","000","00","011","1114","2386","764","505","259","43","807","1642","0","49.15","30.76"
"65","000","00","011","1114","2387","947","661","286","52","999","1912","0","52.25","34.57"
"65","000","00","011","1114","2388","859","587","272","25","884","1893","0","46.7","31.01"
"65","000","00","011","1115","0000","2173","1512","661","125","2298","4554","0","50.46","33.2"
"65","000","00","011","1115","2389","667","466","201","52","719","1466","0","49.05","31.79"
"65","000","00","011","1115","2390","766","546","220","28","794","1538","0","51.63","35.5"
"65","000","00","011","1115","2391","740","500","240","45","785","1550","0","50.65","32.26"
"65","000","00","011","1116","0000","710","523","187","42","752","1456","0","51.65","35.92"
"65","000","00","011","1116","2392","710","523","187","42","752","1456","0","51.65","35.92"
"65","000","00","011","1117","0000","542","417","125","34","576","947","0","60.82","44.03"
"65","000","00","011","1117","2393","542","417","125","34","576","947","0","60.82","44.03"
"65","000","00","011","1118","0000","860","626","234","25","885","1988","0","44.52","31.49"
"65","000","00","011","1118","2400","860","626","234","25","885","1988","0","44.52","31.49"
"65","000","00","011","1119","0000","1891","1347","544","105","1996","4055","0","49.22","33.22"
"65","000","00","011","1119","2395","984","711","273","47","1031","2043","0","50.47","34.8"
"65","000","00","011","1119","2396","907","636","271","58","965","2012","0","47.96","31.61"
"65","000","00","011","1120","0000","2854","1956","898","146","3000","5100","0","58.82","38.35"
"65","000","00","011","1120","2431","728","501","227","37","765","1335","0","57.3","37.53"
"65","000","00","011","1120","2432","777","543","234","35","812","1324","0","61.33","41.01"
"65","000","00","011","1120","2433","747","519","228","39","786","1286","0","61.12","40.36"
"65","000","00","011","1120","2434","602","393","209","35","637","1155","0","55.15","34.03"
"65","000","00","011","1121","0000","1727","1144","583","66","1793","3847","0","46.61","29.74"
"65","000","00","011","1121","2363","838","577","261","36","874","1941","0","45.03","29.73"
"65","000","00","011","1121","2364","889","567","322","30","919","1906","0","48.22","29.75"
"65","000","00","011","1122","0000","2198","1540","658","135","2333","4215","0","55.35","36.54"
"65","000","00","011","1122","2438","1140","780","360","73","1213","2184","0","55.54","35.71"
"65","000","00","011","1122","2439","1058","760","298","62","1120","2031","0","55.15","37.42"
"65","000","00","011","1123","0000","301","224","77","18","319","556","0","57.37","40.29"
"65","000","00","011","1123","2380","301","224","77","18","319","556","0","57.37","40.29"
"65","000","00","011","1124","0000","1808","1215","593","74","1882","3336","0","56.41","36.42"
"65","000","00","011","1124","2440","935","649","286","42","977","1759","0","55.54","36.9"
"65","000","00","011","1124","2441","873","566","307","32","905","1577","0","57.39","35.89"
"65","000","00","011","1125","0000","1498","1059","439","71","1569","2765","0","56.75","38.3"
"65","000","00","011","1125","2442","722","506","216","25","747","1364","0","54.77","37.1"
"65","000","00","011","1125","2443","776","553","223","46","822","1401","0","58.67","39.47"
"65","000","00","011","1126","0000","3329","2429","900","155","3484","6938","0","50.22","35.01"
"65","000","00","011","1126","2411","860","608","252","33","893","1765","0","50.59","34.45"
"65","000","00","011","1126","2412","792","672","120","30","822","1815","0","45.29","37.02"
"65","000","00","011","1126","2413","844","573","271","48","892","1778","0","50.17","32.23"
"65","000","00","011","1126","2414","833","576","257","44","877","1580","0","55.51","36.46"
"65","000","00","011","1127","0000","2692","1803","889","91","2783","5304","0","52.47","33.99"
"65","000","00","011","1127","2422","966","609","357","32","998","2035","0","49.04","29.93"
"65","000","00","011","1127","2423","955","694","261","41","996","1895","0","52.56","36.62"
"65","000","00","011","1127","2424","771","500","271","18","789","1374","0","57.42","36.39"
"65","000","00","011","1128","0000","819","583","236","51","870","1595","0","54.55","36.55"
"65","000","00","011","1128","2336","819","583","236","51","870","1595","0","54.55","36.55"
"65","000","00","011","1129","0000","3268","2323","945","112","3380","6514","0","51.89","35.66"
"65","000","00","011","1129","2405","779","576","203","19","798","1511","0","52.81","38.12"
"65","000","00","011","1129","2406","807","555","252","30","837","1691","0","49.5","32.82"
"65","000","00","011","1129","2407","840","603","237","31","871","1636","0","53.24","36.86"
"65","000","00","011","1129","2408","842","589","253","32","874","1676","0","52.15","35.14"
"65","000","00","011","1130","0000","3636","2527","1109","155","3791","7292","0","51.99","34.65"
"65","000","00","011","1130","2401","1061","698","363","33","1094","2198","0","49.77","31.76"
"65","000","00","011","1130","2402","836","597","239","38","874","1712","0","51.05","34.87"
"65","000","00","011","1130","2403","964","649","315","44","1008","1806","0","55.81","35.94"
"65","000","00","011","1130","2404","775","583","192","40","815","1576","0","51.71","36.99"
"65","000","00","011","1131","0000","2503","1713","790","110","2613","4725","0","55.3","36.25"
"65","000","00","011","1131","2358","835","576","259","46","881","1654","0","53.26","34.82"
"65","000","00","011","1131","2359","735","529","206","32","767","1444","0","53.12","36.63"
"65","000","00","011","1131","2360","933","608","325","32","965","1627","0","59.31","37.37"
"65","000","00","011","1132","0000","1908","1286","622","82","1990","3817","0","52.14","33.69"
"65","000","00","011","1132","2361","859","603","256","47","906","1751","0","51.74","34.44"
"65","000","00","011","1132","2362","1049","683","366","35","1084","2066","0","52.47","33.06"
"65","000","00","011","1133","0000","2242","1583","659","98","2340","4604","0","50.83","34.38"
"65","000","00","011","1133","2397","675","491","184","25","700","1471","0","47.59","33.38"
"65","000","00","011","1133","2398","786","536","250","29","815","1603","0","50.84","33.44"
"65","000","00","011","1133","2399","781","556","225","44","825","1530","0","53.92","36.34"
"65","000","00","011","1134","0000","1452","1006","446","66","1518","2941","0","51.62","34.21"
"65","000","00","011","1134","2415","770","526","244","38","808","1516","0","53.3","34.7"
"65","000","00","011","1134","2416","682","480","202","28","710","1425","0","49.82","33.68"
"65","000","00","011","1135","0000","1480","1054","426","74","1554","2824","0","55.03","37.32"
"65","000","00","011","1135","2417","733","507","226","32","765","1388","0","55.12","36.53"
"65","000","00","011","1135","2418","747","547","200","42","789","1436","0","54.94","38.09"
"65","000","00","011","1136","0000","2285","1502","783","79","2364","4624","0","51.12","32.48"
"65","000","00","011","1136","2419","806","513","293","34","840","1591","0","52.8","32.24"
"65","000","00","011","1136","2420","791","543","248","24","815","1639","0","49.73","33.13"
"65","000","00","011","1136","2421","688","446","242","21","709","1394","0","50.86","31.99"
"65","000","00","011","1137","0000","1904","1335","569","70","1974","3176","0","62.15","42.03"
"65","000","00","011","1137","2435","1017","696","321","30","1047","1682","0","62.25","41.38"
"65","000","00","011","1137","2436","887","639","248","40","927","1494","0","62.05","42.77"
"65","000","00","011","1138","0000","663","473","190","43","706","1166","0","60.55","40.57"
"65","000","00","011","1138","2437","663","473","190","43","706","1166","0","60.55","40.57"
"65","000","00","011","1139","0000","2058","1384","674","59","2117","3753","0","56.41","36.88"
"65","000","00","011","1139","2444","674","453","221","26","700","1173","0","59.68","38.62"
"65","000","00","011","1139","2445","568","378","190","4","572","993","0","57.6","38.07"
"65","000","00","011","1139","2446","816","553","263","29","845","1587","0","53.25","34.85"
"65","000","00","011","1140","0000","1241","895","346","37","1278","2429","0","52.61","36.85"
"65","000","00","011","1140","2409","647","466","181","18","665","1264","0","52.61","36.87"
"65","000","00","011","1140","2410","594","429","165","19","613","1165","0","52.62","36.82"
"65","000","00","011","1141","0000","1323","902","421","69","1392","2510","0","55.46","35.94"
"65","000","00","011","1141","2341","597","406","191","50","647","1143","0","56.61","35.52"
"65","000","00","011","1141","2342","726","496","230","19","745","1367","0","54.5","36.28"
"65","000","00","011","1142","0000","2279","1527","752","62","2341","4378","0","53.47","34.88"
"65","000","00","011","1142","2368","803","554","249","23","826","1554","0","53.15","35.65"
"65","000","00","011","1142","2369","857","579","278","26","883","1700","0","51.94","34.06"
"65","000","00","011","1142","2370","619","394","225","13","632","1124","0","56.23","35.05"
"65","000","00","011","1143","0000","3134","2100","1034","102","3236","5763","0","56.15","36.44"
"65","000","00","011","1143","2427","824","577","247","29","853","1548","0","55.1","37.27"
"65","000","00","011","1143","2428","759","511","248","15","774","1350","0","57.33","37.85"
"65","000","00","011","1143","2429","791","504","287","27","818","1499","0","54.57","33.62"
"65","000","00","011","1143","2430","760","508","252","31","791","1366","0","57.91","37.19"
"65","000","00","011","1144","0000","506","326","180","19","525","923","0","56.88","35.32"
"65","000","00","011","1144","2394","506","326","180","19","525","923","0","56.88","35.32"
"65","000","00","011","1145","0000","2652","1795","857","103","2755","4938","0","55.79","36.35"
"65","000","00","011","1145","2347","859","563","296","43","902","1590","0","56.73","35.41"
"65","000","00","011","1145","2348","849","582","267","33","882","1599","0","55.16","36.4"
"65","000","00","011","1145","2349","944","650","294","27","971","1749","0","55.52","37.16"
"65","000","00","011","1146","0000","2145","1391","754","99","2244","3853","0","58.24","36.1"
"65","000","00","011","1146","2353","1028","615","413","55","1083","1779","0","60.88","34.57"
"65","000","00","011","1146","2354","1117","776","341","44","1161","2074","0","55.98","37.42"
"65","000","00","011","1147","0000","2454","1695","759","111","2565","4541","0","56.49","37.33"
"65","000","00","011","1147","2375","796","522","274","39","835","1473","0","56.69","35.44"
"65","000","00","011","1147","2376","946","661","285","45","991","1802","0","54.99","36.68"
"65","000","00","011","1147","2377","712","512","200","27","739","1266","0","58.37","40.44"
"65","000","00","011","1148","0000","2091","1420","671","97","2188","3950","0","55.39","35.95"
"65","000","00","011","1148","2371","1044","712","332","44","1088","1900","0","57.26","37.47"
"65","000","00","011","1148","2372","1047","708","339","53","1100","2050","0","53.66","34.54"
"65","000","00","011","1149","0000","1402","883","519","55","1457","2373","0","61.4","37.21"
"65","000","00","011","1149","2425","598","358","240","29","627","1061","0","59.1","33.74"
"65","000","00","011","1149","2426","804","525","279","26","830","1312","0","63.26","40.02"
"65","000","00","011","1150","0000","1264","873","391","67","1331","2623","0","50.74","33.28"
"65","000","00","011","1150","2383","904","602","302","39","943","1927","0","48.94","31.24"
"65","000","00","011","1150","2384","360","271","89","28","388","696","0","55.75","38.94"
"65","000","00","012","0000","0000","16161","12024","4137","972","17133","35036","40022","48.9","34.32"
"65","000","00","012","1201","0000","399","309","90","23","422","725","0","58.21","42.62"
"65","000","00","012","1201","2220","399","309","90","23","422","725","0","58.21","42.62"
"65","000","00","012","1202","0000","992","723","269","49","1041","1899","0","54.82","38.07"
"65","000","00","012","1202","2221","577","411","166","32","609","1074","0","56.7","38.27"
"65","000","00","012","1202","2222","415","312","103","17","432","825","0","52.36","37.82"
"65","000","00","012","1203","0000","637","436","201","40","677","1242","0","54.51","35.1"
"65","000","00","012","1203","2223","637","436","201","40","677","1242","0","54.51","35.1"
"65","000","00","012","1204","0000","794","586","208","44","838","1632","0","51.35","35.91"
"65","000","00","012","1204","2225","445","329","116","23","468","872","0","53.67","37.73"
"65","000","00","012","1204","2226","349","257","92","21","370","760","0","48.68","33.82"
"65","000","00","012","1205","0000","599","428","171","29","628","1330","0","47.22","32.18"
"65","000","00","012","1205","2227","599","428","171","29","628","1330","0","47.22","32.18"
"65","000","00","012","1206","0000","312","232","80","16","328","598","0","54.85","38.8"
"65","000","00","012","1206","2224","312","232","80","16","328","598","0","54.85","38.8"
"65","000","00","012","1207","0000","1704","1228","476","111","1815","3609","0","50.29","34.03"
"65","000","00","012","1207","2228","752","535","217","40","792","1683","0","47.06","31.79"
"65","000","00","012","1207","2229","482","355","127","38","520","980","0","53.06","36.22"
"65","000","00","012","1207","2230","470","338","132","33","503","946","0","53.17","35.73"
"65","000","00","012","1208","0000","520","376","144","40","560","1089","0","51.42","34.53"
"65","000","00","012","1208","2235","520","376","144","40","560","1089","0","51.42","34.53"
"65","000","00","012","1209","0000","708","544","164","48","756","1623","0","46.58","33.52"
"65","000","00","012","1209","2233","413","316","97","28","441","978","0","45.09","32.31"
"65","000","00","012","1209","2234","295","228","67","20","315","645","0","48.84","35.35"
"65","000","00","012","1210","0000","583","431","152","41","624","1291","0","48.33","33.38"
"65","000","00","012","1210","2245","337","245","92","31","368","673","0","54.68","36.4"
"65","000","00","012","1210","2246","246","186","60","10","256","618","0","41.42","30.1"
"65","000","00","012","1211","0000","867","619","248","48","915","1701","0","53.79","36.39"
"65","000","00","012","1211","2240","426","308","118","24","450","817","0","55.08","37.7"
"65","000","00","012","1211","2241","441","311","130","24","465","884","0","52.6","35.18"
"65","000","00","012","1212","0000","1362","982","380","71","1433","2985","0","48.01","32.9"
"65","000","00","012","1212","2242","576","417","159","39","615","1333","0","46.14","31.28"
"65","000","00","012","1212","2243","257","180","77","7","264","607","0","43.49","29.65"
"65","000","00","012","1212","2244","529","385","144","25","554","1045","0","53.01","36.84"
"65","000","00","012","1213","0000","915","659","256","53","968","1923","0","50.34","34.27"
"65","000","00","012","1213","2247","479","345","134","20","499","1063","0","46.94","32.46"
"65","000","00","012","1213","2248","436","314","122","33","469","860","0","54.53","36.51"
"65","000","00","012","1214","0000","221","169","52","18","239","461","0","51.84","36.66"
"65","000","00","012","1214","2237","221","169","52","18","239","461","0","51.84","36.66"
"65","000","00","012","1215","0000","116","92","24","21","137","274","0","50.0","33.58"
"65","000","00","012","1215","2238","116","92","24","21","137","274","0","50.0","33.58"
"65","000","00","012","1216","0000","114","80","34","9","123","286","0","43.01","27.97"
"65","000","00","012","1216","2236","114","80","34","9","123","286","0","43.01","27.97"
"65","000","00","012","1217","0000","90","66","24","6","96","155","0","61.94","42.58"
"65","000","00","012","1217","2239","90","66","24","6","96","155","0","61.94","42.58"
"65","000","00","012","1218","0000","141","99","42","3","144","432","0","33.33","22.92"
"65","000","00","012","1218","2249","141","99","42","3","144","432","0","33.33","22.92"
"65","000","00","012","1219","0000","168","143","25","11","179","445","0","40.22","32.13"
"65","000","00","012","1219","2250","168","143","25","11","179","445","0","40.22","32.13"
"65","000","00","012","1220","0000","131","107","24","9","140","318","0","44.03","33.65"
"65","000","00","012","1220","2251","131","107","24","9","140","318","0","44.03","33.65"
"65","000","00","012","1221","0000","72","60","12","5","77","159","0","48.43","37.74"
"65","000","00","012","1221","2252","72","60","12","5","77","159","0","48.43","37.74"
"65","000","00","012","1222","0000","135","105","30","13","148","337","0","43.92","31.16"
"65","000","00","012","1222","2253","135","105","30","13","148","337","0","43.92","31.16"
"65","000","00","012","1223","0000","172","135","37","18","190","369","0","51.49","36.59"
"65","000","00","012","1223","2256","172","135","37","18","190","369","0","51.49","36.59"
"65","000","00","012","1224","0000","89","65","24","10","99","180","0","55.0","36.11"
"65","000","00","012","1224","2254","89","65","24","10","99","180","0","55.0","36.11"
"65","000","00","012","1225","0000","73","61","12","8","81","187","0","43.32","32.62"
"65","000","00","012","1225","2255","73","61","12","8","81","187","0","43.32","32.62"
"65","000","00","012","1226","0000","166","121","45","21","187","335","0","55.82","36.12"
"65","000","00","012","1226","2257","166","121","45","21","187","335","0","55.82","36.12"
"65","000","00","012","1227","0000","109","88","21","6","115","297","0","38.72","29.63"
"65","000","00","012","1227","2259","109","88","21","6","115","297","0","38.72","29.63"
"65","000","00","012","1228","0000","194","141","53","13","207","470","0","44.04","30.0"
"65","000","00","012","1228","2258","194","141","53","13","207","470","0","44.04","30.0"
"65","000","00","012","1229","0000","459","359","100","20","479","1241","0","38.6","28.93"
"65","000","00","012","1229","2262","459","359","100","20","479","1241","0","38.6","28.93"
"65","000","00","012","1230","0000","957","741","216","74","1031","1946","0","52.98","38.08"
"65","000","00","012","1230","2263","493","371","122","35","528","998","0","52.91","37.17"
"65","000","00","012","1230","2264","464","370","94","39","503","948","0","53.06","39.03"
"65","000","00","012","1231","0000","496","398","98","25","521","1308","0","39.83","30.43"
"65","000","00","012","1231","2265","496","398","98","25","521","1308","0","39.83","30.43"
"65","000","00","012","1232","0000","174","142","32","4","178","267","0","66.67","53.18"
"65","000","00","012","1232","2260","174","142","32","4","178","267","0","66.67","53.18"
"65","000","00","012","1233","0000","253","215","38","11","264","876","0","30.14","24.54"
"65","000","00","012","1233","2261","253","215","38","11","264","876","0","30.14","24.54"
"65","000","00","012","1234","0000","1439","1084","355","54","1493","3046","0","49.02","35.59"
"65","000","00","012","1234","2231","641","497","144","26","667","1375","0","48.51","36.15"
"65","000","00","012","1234","2232","798","587","211","28","826","1671","0","49.43","35.13"
"65","000","00","013","0000","0000","106300","74066","32234","4371","110671","200783","236964","55.12","36.89"
"65","000","00","013","1301","0000","1781","1265","516","84","1865","4869","0","38.3","25.98"
"65","000","00","013","1301","1799","512","352","160","26","538","2518","0","21.37","13.98"
"65","000","00","013","1301","1800","639","448","191","26","665","1218","0","54.6","36.78"
"65","000","00","013","1301","1801","630","465","165","32","662","1133","0","58.43","41.04"
"65","000","00","013","1302","0000","1014","734","280","42","1056","1825","0","57.86","40.22"
"65","000","00","013","1302","1802","496","359","137","12","508","894","0","56.82","40.16"
"65","000","00","013","1302","1803","518","375","143","30","548","931","0","58.86","40.28"
"65","000","00","013","1303","0000","2902","1973","929","134","3036","5283","0","57.47","37.35"
"65","000","00","013","1303","1808","756","506","250","30","786","1378","0","57.04","36.72"
"65","000","00","013","1303","1809","783","522","261","46","829","1421","0","58.34","36.73"
"65","000","00","013","1303","1810","709","510","199","32","741","1340","0","55.3","38.06"
"65","000","00","013","1303","1811","654","435","219","26","680","1144","0","59.44","38.02"
"65","000","00","013","1304","0000","2627","1961","666","100","2727","4954","0","55.05","39.58"
"65","000","00","013","1304","1795","713","606","107","20","733","1292","0","56.73","46.9"
"65","000","00","013","1304","1796","699","498","201","19","718","1324","0","54.23","37.61"
"65","000","00","013","1304","1797","586","415","171","34","620","1155","0","53.68","35.93"
"65","000","00","013","1304","1798","629","442","187","27","656","1183","0","55.45","37.36"
"65","000","00","013","1305","0000","1100","814","286","56","1156","1820","0","63.52","44.73"
"65","000","00","013","1305","1804","1100","814","286","56","1156","1820","0","63.52","44.73"
"65","000","00","013","1306","0000","2227","1613","614","137","2364","4161","0","56.81","38.76"
"65","000","00","013","1306","1820","725","530","195","54","779","1356","0","57.45","39.09"
"65","000","00","013","1306","1821","801","572","229","39","840","1496","0","56.15","38.24"
"65","000","00","013","1306","1822","701","511","190","44","745","1309","0","56.91","39.04"
"65","000","00","013","1307","0000","2848","2049","799","154","3002","5067","0","59.25","40.44"
"65","000","00","013","1307","1816","671","500","171","34","705","1230","0","57.32","40.65"
"65","000","00","013","1307","1817","728","513","215","39","767","1342","0","57.15","38.23"
"65","000","00","013","1307","1818","717","505","212","32","749","1268","0","59.07","39.83"
"65","000","00","013","1307","1819","732","531","201","49","781","1227","0","63.65","43.28"
"65","000","00","013","1308","0000","2145","1487","658","76","2221","3900","0","56.95","38.13"
"65","000","00","013","1308","1827","645","462","183","32","677","1182","0","57.28","39.09"
"65","000","00","013","1308","1828","851","582","269","23","874","1558","0","56.1","37.36"
"65","000","00","013","1308","1829","649","443","206","21","670","1160","0","57.76","38.19"
"65","000","00","013","1309","0000","1622","1125","497","48","1670","2965","0","56.32","37.94"
"65","000","00","013","1309","1858","757","521","236","23","780","1445","0","53.98","36.06"
"65","000","00","013","1309","1859","865","604","261","25","890","1520","0","58.55","39.74"
"65","000","00","013","1310","0000","4174","2812","1362","147","4321","7503","0","57.59","37.48"
"65","000","00","013","1310","1840","832","573","259","36","868","1576","0","55.08","36.36"
"65","000","00","013","1310","1841","801","542","259","34","835","1458","0","57.27","37.17"
"65","000","00","013","1310","1842","834","577","257","37","871","1517","0","57.42","38.04"
"65","000","00","013","1310","1843","858","585","273","23","881","1489","0","59.17","39.29"
"65","000","00","013","1310","1844","849","535","314","17","866","1463","0","59.19","36.57"
"65","000","00","013","1311","0000","1518","1044","474","62","1580","2821","0","56.01","37.01"
"65","000","00","013","1311","1830","748","516","232","20","768","1357","0","56.6","38.03"
"65","000","00","013","1311","1831","770","528","242","42","812","1464","0","55.46","36.07"
"65","000","00","013","1312","0000","3797","2645","1152","130","3927","7204","0","54.51","36.72"
"65","000","00","013","1312","1875","765","532","233","26","791","1402","0","56.42","37.95"
"65","000","00","013","1312","1876","728","497","231","35","763","1379","0","55.33","36.04"
"65","000","00","013","1312","1877","755","524","231","27","782","1471","0","53.16","35.62"
"65","000","00","013","1312","1878","734","533","201","21","755","1410","0","53.55","37.8"
"65","000","00","013","1312","1879","815","559","256","21","836","1542","0","54.22","36.25"
"65","000","00","013","1313","0000","2719","1888","831","109","2828","5586","0","50.63","33.8"
"65","000","00","013","1313","1864","638","422","216","22","660","1337","0","49.36","31.56"
"65","000","00","013","1313","1865","606","443","163","19","625","1325","0","47.17","33.43"
"65","000","00","013","1313","1866","682","492","190","30","712","1390","0","51.22","35.4"
"65","000","00","013","1313","1867","793","531","262","38","831","1534","0","54.17","34.62"
"65","000","00","013","1314","0000","2047","1406","641","74","2121","3850","0","55.09","36.52"
"65","000","00","013","1314","1880","651","456","195","32","683","1238","0","55.17","36.83"
"65","000","00","013","1314","1881","579","386","193","21","600","1301","0","46.12","29.67"
"65","000","00","013","1314","1882","817","564","253","21","838","1311","0","63.92","43.02"
"65","000","00","013","1315","0000","741","533","208","50","791","1484","0","53.3","35.92"
"65","000","00","013","1315","1868","741","533","208","50","791","1484","0","53.3","35.92"
"65","000","00","013","1316","0000","3302","2323","979","91","3393","6156","0","55.12","37.74"
"65","000","00","013","1316","1869","798","550","248","0","798","1532","0","52.09","35.9"
"65","000","00","013","1316","1870","819","587","232","35","854","1507","0","56.67","38.95"
"65","000","00","013","1316","1871","844","575","269","31","875","1550","0","56.45","37.1"
"65","000","00","013","1316","1872","841","611","230","25","866","1567","0","55.26","38.99"
"65","000","00","013","1317","0000","3339","2410","929","163","3502","6530","0","53.63","36.91"
"65","000","00","013","1317","1892","670","495","175","34","704","1312","0","53.66","37.73"
"65","000","00","013","1317","1893","641","472","169","39","680","1301","0","52.27","36.28"
"65","000","00","013","1317","1894","624","447","177","39","663","1254","0","52.87","35.65"
"65","000","00","013","1317","1895","632","450","182","24","656","1215","0","53.99","37.04"
"65","000","00","013","1317","1896","772","546","226","27","799","1448","0","55.18","37.71"
"65","000","00","013","1318","0000","3287","2267","1020","124","3411","6194","0","55.07","36.6"
"65","000","00","013","1318","1906","814","578","236","24","838","1550","0","54.06","37.29"
"65","000","00","013","1318","1907","881","585","296","43","924","1606","0","57.53","36.43"
"65","000","00","013","1318","1908","794","557","237","20","814","1509","0","53.94","36.91"
"65","000","00","013","1318","1909","798","547","251","37","835","1529","0","54.61","35.78"
"65","000","00","013","1319","0000","2332","1647","685","70","2402","4283","0","56.08","38.45"
"65","000","00","013","1319","1886","760","539","221","30","790","1335","0","59.18","40.37"
"65","000","00","013","1319","1887","783","574","209","23","806","1459","0","55.24","39.34"
"65","000","00","013","1319","1888","789","534","255","17","806","1489","0","54.13","35.86"
"65","000","00","013","1320","0000","2290","1656","634","113","2403","4330","0","55.5","38.24"
"65","000","00","013","1320","1792","671","498","173","33","704","1206","0","58.37","41.29"
"65","000","00","013","1320","1793","701","491","210","29","730","1255","0","58.17","39.12"
"65","000","00","013","1320","1794","918","667","251","51","969","1869","0","51.85","35.69"
"65","000","00","013","1321","0000","3726","2664","1062","158","3884","7156","0","54.28","37.23"
"65","000","00","013","1321","1787","702","513","189","36","738","1424","0","51.83","36.03"
"65","000","00","013","1321","1788","753","545","208","35","788","1455","0","54.16","37.46"
"65","000","00","013","1321","1789","709","514","195","29","738","1419","0","52.01","36.22"
"65","000","00","013","1321","1790","792","552","240","24","816","1357","0","60.13","40.68"
"65","000","00","013","1321","1791","770","540","230","34","804","1501","0","53.56","35.98"
"65","000","00","013","1322","0000","2075","1457","618","92","2167","4013","0","54.0","36.31"
"65","000","00","013","1322","1784","678","472","206","30","708","1378","0","51.38","34.25"
"65","000","00","013","1322","1785","652","459","193","17","669","1256","0","53.26","36.54"
"65","000","00","013","1322","1786","745","526","219","45","790","1379","0","57.29","38.14"
"65","000","00","013","1323","0000","2261","1613","648","105","2366","4405","0","53.71","36.62"
"65","000","00","013","1323","1781","787","543","244","37","824","1499","0","54.97","36.22"
"65","000","00","013","1323","1782","763","554","209","19","782","1495","0","52.31","37.06"
"65","000","00","013","1323","1783","711","516","195","49","760","1411","0","53.86","36.57"
"65","000","00","013","1324","0000","2340","1685","655","109","2449","4638","0","52.8","36.33"
"65","000","00","013","1324","1778","777","549","228","40","817","1474","0","55.43","37.25"
"65","000","00","013","1324","1779","734","533","201","36","770","1489","0","51.71","35.8"
"65","000","00","013","1324","1780","829","603","226","33","862","1675","0","51.46","36.0"
"65","000","00","013","1325","0000","1413","986","427","53","1466","2448","0","59.89","40.28"
"65","000","00","013","1325","1776","721","499","222","29","750","1242","0","60.39","40.18"
"65","000","00","013","1325","1777","692","487","205","24","716","1206","0","59.37","40.38"
"65","000","00","013","1326","0000","767","542","225","39","806","1505","0","53.55","36.01"
"65","000","00","013","1326","1775","767","542","225","39","806","1505","0","53.55","36.01"
"65","000","00","013","1327","0000","2442","1640","802","106","2548","4640","0","54.91","35.34"
"65","000","00","013","1327","1847","860","584","276","38","898","1598","0","56.2","36.55"
"65","000","00","013","1327","1848","764","502","262","40","804","1500","0","53.6","33.47"
"65","000","00","013","1327","1849","818","554","264","28","846","1542","0","54.86","35.93"
"65","000","00","013","1328","0000","2593","1710","883","64","2657","5032","0","52.8","33.98"
"65","000","00","013","1328","1835","873","587","286","35","908","1639","0","55.4","35.81"
"65","000","00","013","1328","1836","964","622","342","23","987","1728","0","57.12","36.0"
"65","000","00","013","1328","1837","756","501","255","6","762","1665","0","45.77","30.09"
"65","000","00","013","1329","0000","1690","1151","539","64","1754","3140","0","55.86","36.66"
"65","000","00","013","1329","1850","917","596","321","42","959","1619","0","59.23","36.81"
"65","000","00","013","1329","1851","773","555","218","22","795","1521","0","52.27","36.49"
"65","000","00","013","1330","0000","2177","1583","594","113","2290","3975","0","57.61","39.82"
"65","000","00","013","1330","1900","769","562","207","47","816","1366","0","59.74","41.14"
"65","000","00","013","1330","1901","723","505","218","31","754","1292","0","58.36","39.09"
"65","000","00","013","1330","1902","685","516","169","35","720","1317","0","54.67","39.18"
"65","000","00","013","1331","0000","2292","1553","739","121","2413","4421","0","54.58","35.13"
"65","000","00","013","1331","1910","731","530","201","40","771","1458","0","52.88","36.35"
"65","000","00","013","1331","1911","794","518","276","43","837","1468","0","57.02","35.29"
"65","000","00","013","1331","1912","767","505","262","38","805","1495","0","53.85","33.78"
"65","000","00","013","1332","0000","1428","999","429","49","1477","2605","0","56.7","38.35"
"65","000","00","013","1332","1862","679","488","191","22","701","1262","0","55.55","38.67"
"65","000","00","013","1332","1863","749","511","238","27","776","1343","0","57.78","38.05"
"65","000","00","013","1333","0000","2758","1943","815","113","2871","4947","0","58.04","39.28"
"65","000","00","013","1333","1812","691","482","209","37","728","1268","0","57.41","38.01"
"65","000","00","013","1333","1813","651","473","178","39","690","1196","0","57.69","39.55"
"65","000","00","013","1333","1814","759","518","241","20","779","1308","0","59.56","39.6"
"65","000","00","013","1333","1815","657","470","187","17","674","1175","0","57.36","40.0"
"65","000","00","013","1334","0000","1892","1353","539","115","2007","3896","0","51.51","34.73"
"65","000","00","013","1334","1897","660","500","160","40","700","1321","0","52.99","37.85"
"65","000","00","013","1334","1898","561","383","178","40","601","1150","0","52.26","33.3"
"65","000","00","013","1334","1899","671","470","201","35","706","1425","0","49.54","32.98"
"65","000","00","013","1335","0000","2234","1328","906","91","2325","4116","0","56.49","32.26"
"65","000","00","013","1335","1832","681","474","207","22","703","1335","0","52.66","35.51"
"65","000","00","013","1335","1833","710","515","195","45","755","1346","0","56.09","38.26"
"65","000","00","013","1335","1834","843","339","504","24","867","1435","0","60.42","23.62"
"65","000","00","013","1336","0000","2686","1881","805","115","2801","4896","0","57.21","38.42"
"65","000","00","013","1336","1823","666","459","207","34","700","1175","0","59.57","39.06"
"65","000","00","013","1336","1824","663","461","202","40","703","1237","0","56.83","37.27"
"65","000","00","013","1336","1825","703","512","191","23","726","1256","0","57.8","40.76"
"65","000","00","013","1336","1826","654","449","205","18","672","1228","0","54.72","36.56"
"65","000","00","013","1337","0000","2121","1520","601","57","2178","3975","0","54.79","38.24"
"65","000","00","013","1337","1805","713","547","166","18","731","1320","0","55.38","41.44"
"65","000","00","013","1337","1806","643","445","198","20","663","1241","0","53.42","35.86"
"65","000","00","013","1337","1807","765","528","237","19","784","1414","0","55.45","37.34"
"65","000","00","013","1338","0000","2353","1665","688","89","2442","4680","0","52.18","35.58"
"65","000","00","013","1338","1883","746","538","208","20","766","1511","0","50.69","35.61"
"65","000","00","013","1338","1884","782","569","213","36","818","1531","0","53.43","37.17"
"65","000","00","013","1338","1885","825","558","267","33","858","1638","0","52.38","34.07"
"65","000","00","013","1339","0000","1683","1168","515","66","1749","2900","0","60.31","40.28"
"65","000","00","013","1339","1838","781","549","232","32","813","1333","0","60.99","41.19"
"65","000","00","013","1339","1839","902","619","283","34","936","1567","0","59.73","39.5"
"65","000","00","013","1340","0000","3047","2112","935","136","3183","5663","0","56.21","37.29"
"65","000","00","013","1340","1913","716","510","206","32","748","1303","0","57.41","39.14"
"65","000","00","013","1340","1914","736","504","232","31","767","1365","0","56.19","36.92"
"65","000","00","013","1340","1915","768","531","237","52","820","1476","0","55.56","35.98"
"65","000","00","013","1340","1916","827","567","260","21","848","1519","0","55.83","37.33"
"65","000","00","013","1341","0000","1399","945","454","29","1428","2846","0","50.18","33.2"
"65","000","00","013","1341","1860","693","467","226","9","702","1484","0","47.3","31.47"
"65","000","00","013","1341","1861","706","478","228","20","726","1362","0","53.3","35.1"
"65","000","00","013","1342","0000","2407","1633","774","90","2497","4173","0","59.84","39.13"
"65","000","00","013","1342","1855","797","558","239","16","813","1423","0","57.13","39.21"
"65","000","00","013","1342","1856","775","515","260","34","809","1321","0","61.24","38.99"
"65","000","00","013","1342","1857","835","560","275","40","875","1429","0","61.23","39.19"
"65","000","00","013","1343","0000","2756","1741","1015","90","2846","5120","0","55.59","34.0"
"65","000","00","013","1343","1852","898","561","337","27","925","1691","0","54.7","33.18"
"65","000","00","013","1343","1853","852","554","298","38","890","1657","0","53.71","33.43"
"65","000","00","013","1343","1854","1006","626","380","25","1031","1772","0","58.18","35.33"
"65","000","00","013","1344","0000","1683","1136","547","36","1719","3048","0","56.4","37.27"
"65","000","00","013","1344","1845","897","619","278","15","912","1584","0","57.58","39.08"
"65","000","00","013","1344","1846","786","517","269","21","807","1464","0","55.12","35.31"
"65","000","00","013","1345","0000","1407","985","422","70","1477","2660","0","55.53","37.03"
"65","000","00","013","1345","1873","764","525","239","18","782","1367","0","57.21","38.41"
"65","000","00","013","1345","1874","643","460","183","52","695","1293","0","53.75","35.58"
"65","000","00","013","1346","0000","2868","2003","865","122","2990","5364","0","55.74","37.34"
"65","000","00","013","1346","1889","932","647","285","42","974","1774","0","54.9","36.47"
"65","000","00","013","1346","1890","945","642","303","36","981","1792","0","54.74","35.83"
"65","000","00","013","1346","1891","991","714","277","44","1035","1798","0","57.56","39.71"
"65","000","00","013","1347","0000","1990","1418","572","115","2105","3736","0","56.34","37.96"
"65","000","00","013","1347","1903","719","510","209","35","754","1324","0","56.95","38.52"
"65","000","00","013","1347","1904","598","420","178","36","634","1189","0","53.32","35.32"
"65","000","00","013","1347","1905","673","488","185","44","717","1223","0","58.63","39.9"
"65","000","00","014","0000","0000","86186","59667","26519","3860","90046","167457","201173","53.77","35.63"
"65","000","00","014","1401","0000","5942","4142","1800","143","6085","10484","0","58.04","39.51"
"65","000","00","014","1401","0581","1027","675","352","30","1057","1791","0","59.02","37.69"
"65","000","00","014","1401","0582","1034","804","230","10","1044","1714","0","60.91","46.91"
"65","000","00","014","1401","0583","1004","662","342","20","1024","1780","0","57.53","37.19"
"65","000","00","014","1401","0584","947","623","324","29","976","1713","0","56.98","36.37"
"65","000","00","014","1401","0585","964","690","274","25","989","1720","0","57.5","40.12"
"65","000","00","014","1401","0586","966","688","278","29","995","1766","0","56.34","38.96"
"65","000","00","014","1402","0000","2669","1843","826","127","2796","4958","0","56.39","37.17"
"65","000","00","014","1402","0573","918","610","308","40","958","1652","0","57.99","36.92"
"65","000","00","014","1402","0574","865","583","282","53","918","1650","0","55.64","35.33"
"65","000","00","014","1402","0575","886","650","236","34","920","1656","0","55.56","39.25"
"65","000","00","014","1403","0000","1588","1112","476","70","1658","3576","0","46.36","31.1"
"65","000","00","014","1403","0561","658","469","189","35","693","1779","0","38.95","26.36"
"65","000","00","014","1403","0562","930","643","287","35","965","1797","0","53.7","35.78"
"65","000","00","014","1404","0000","2546","1760","786","128","2674","4665","0","57.32","37.73"
"65","000","00","014","1404","0555","882","594","288","38","920","1600","0","57.5","37.13"
"65","000","00","014","1404","0556","832","591","241","32","864","1549","0","55.78","38.15"
"65","000","00","014","1404","0557","832","575","257","58","890","1516","0","58.71","37.93"
"65","000","00","014","1405","0000","1715","1192","523","109","1824","3361","0","54.27","35.47"
"65","000","00","014","1405","0655","826","572","254","50","876","1673","0","52.36","34.19"
"65","000","00","014","1405","0656","889","620","269","59","948","1688","0","56.16","36.73"
"65","000","00","014","1406","0000","4434","3006","1428","209","4643","9051","0","51.3","33.21"
"65","000","00","014","1406","0640","953","652","301","48","1001","1851","0","54.08","35.22"
"65","000","00","014","1406","0641","847","586","261","34","881","1791","0","49.19","32.72"
"65","000","00","014","1406","0642","890","605","285","37","927","1853","0","50.03","32.65"
"65","000","00","014","1406","0643","829","553","276","37","866","1758","0","49.26","31.46"
"65","000","00","014","1406","0644","915","610","305","53","968","1798","0","53.84","33.93"
"65","000","00","014","1407","0000","2714","1896","818","115","2829","5589","0","50.62","33.92"
"65","000","00","014","1407","0604","931","641","290","30","961","1806","0","53.21","35.49"
"65","000","00","014","1407","0605","946","668","278","53","999","1910","0","52.3","34.97"
"65","000","00","014","1407","0606","837","587","250","32","869","1873","0","46.4","31.34"
"65","000","00","014","1408","0000","2574","1747","827","105","2679","4826","0","55.51","36.2"
"65","000","00","014","1408","0616","856","594","262","34","890","1634","0","54.47","36.35"
"65","000","00","014","1408","0617","831","567","264","38","869","1573","0","55.24","36.05"
"65","000","00","014","1408","0618","887","586","301","33","920","1619","0","56.83","36.2"
"65","000","00","014","1409","0000","2859","1977","882","155","3014","5491","0","54.89","36.0"
"65","000","00","014","1409","0619","956","660","296","71","1027","1878","0","54.69","35.14"
"65","000","00","014","1409","0620","917","650","267","52","969","1797","0","53.92","36.17"
"65","000","00","014","1409","0621","986","667","319","32","1018","1816","0","56.06","36.73"
"65","000","00","014","1410","0000","1592","1130","462","90","1682","2836","0","59.31","39.84"
"65","000","00","014","1410","0622","739","530","209","54","793","1344","0","59.0","39.43"
"65","000","00","014","1410","0623","853","600","253","36","889","1492","0","59.58","40.21"
"65","000","00","014","1411","0000","1520","1025","495","73","1593","2963","0","53.76","34.59"
"65","000","00","014","1411","0636","859","576","283","40","899","1602","0","56.12","35.96"
"65","000","00","014","1411","0637","661","449","212","33","694","1361","0","50.99","32.99"
"65","000","00","014","1412","0000","1268","882","386","79","1347","2287","0","58.9","38.57"
"65","000","00","014","1412","0634","606","406","200","42","648","1111","0","58.33","36.54"
"65","000","00","014","1412","0635","662","476","186","37","699","1176","0","59.44","40.48"
"65","000","00","014","1413","0000","1010","728","282","49","1059","1959","0","54.06","37.16"
"65","000","00","014","1413","0624","1010","728","282","49","1059","1959","0","54.06","37.16"
"65","000","00","014","1414","0000","1468","1005","463","85","1553","2980","0","52.11","33.72"
"65","000","00","014","1414","0630","697","463","234","36","733","1332","0","55.03","34.76"
"65","000","00","014","1414","0631","771","542","229","49","820","1648","0","49.76","32.89"
"65","000","00","014","1415","0000","2770","1906","864","103","2873","5122","0","56.09","37.21"
"65","000","00","014","1415","0587","846","610","236","40","886","1623","0","54.59","37.58"
"65","000","00","014","1415","0588","933","618","315","34","967","1740","0","55.57","35.52"
"65","000","00","014","1415","0589","991","678","313","29","1020","1759","0","57.99","38.54"
"65","000","00","014","1416","0000","3060","2064","996","118","3178","5489","0","57.9","37.6"
"65","000","00","014","1416","0590","990","667","323","44","1034","1775","0","58.25","37.58"
"65","000","00","014","1416","0591","1063","723","340","30","1093","1909","0","57.26","37.87"
"65","000","00","014","1416","0592","1007","674","333","44","1051","1805","0","58.23","37.34"
"65","000","00","014","1417","0000","3096","2125","971","108","3204","5952","0","53.83","35.7"
"65","000","00","014","1417","0597","730","517","213","36","766","1434","0","53.42","36.05"
"65","000","00","014","1417","0598","782","550","232","31","813","1450","0","56.07","37.93"
"65","000","00","014","1417","0599","777","511","266","22","799","1543","0","51.78","33.12"
"65","000","00","014","1417","0600","807","547","260","19","826","1525","0","54.16","35.87"
"65","000","00","014","1418","0000","1672","1158","514","95","1767","3545","0","49.84","32.67"
"65","000","00","014","1418","0607","833","573","260","45","878","1785","0","49.19","32.1"
"65","000","00","014","1418","0608","839","585","254","50","889","1760","0","50.51","33.24"
"65","000","00","014","1419","0000","2551","1775","776","136","2687","5146","0","52.22","34.49"
"65","000","00","014","1419","0609","970","690","280","46","1016","1841","0","55.19","37.48"
"65","000","00","014","1419","0610","906","621","285","34","940","1855","0","50.67","33.48"
"65","000","00","014","1419","0611","675","464","211","56","731","1450","0","50.41","32.0"
"65","000","00","014","1420","0000","1541","1081","460","90","1631","3126","0","52.18","34.58"
"65","000","00","014","1420","0612","791","545","246","50","841","1585","0","53.06","34.38"
"65","000","00","014","1420","0613","750","536","214","40","790","1541","0","51.27","34.78"
"65","000","00","014","1421","0000","4026","2772","1254","160","4186","8323","0","50.29","33.31"
"65","000","00","014","1421","0645","872","592","280","40","912","1645","0","55.44","35.99"
"65","000","00","014","1421","0646","773","520","253","24","797","1612","0","49.44","32.26"
"65","000","00","014","1421","0647","832","574","258","33","865","1784","0","48.49","32.17"
"65","000","00","014","1421","0648","759","530","229","34","793","1701","0","46.62","31.16"
"65","000","00","014","1421","0649","790","556","234","29","819","1581","0","51.8","35.17"
"65","000","00","014","1422","0000","2556","1719","837","119","2675","4648","0","57.55","36.98"
"65","000","00","014","1422","0650","811","516","295","35","846","1534","0","55.15","33.64"
"65","000","00","014","1422","0651","904","607","297","33","937","1620","0","57.84","37.47"
"65","000","00","014","1422","0652","841","596","245","51","892","1494","0","59.71","39.89"
"65","000","00","014","1423","0000","1521","1060","461","71","1592","2881","0","55.26","36.79"
"65","000","00","014","1423","0579","697","485","212","34","731","1367","0","53.47","35.48"
"65","000","00","014","1423","0580","824","575","249","37","861","1514","0","56.87","37.98"
"65","000","00","014","1424","0000","2437","1729","708","88","2525","4810","0","52.49","35.95"
"65","000","00","014","1424","0566","787","551","236","31","818","1524","0","53.67","36.15"
"65","000","00","014","1424","0567","802","582","220","27","829","1612","0","51.43","36.1"
"65","000","00","014","1424","0568","848","596","252","30","878","1674","0","52.45","35.6"
"65","000","00","014","1425","0000","1548","1056","492","62","1610","2938","0","54.8","35.94"
"65","000","00","014","1425","0571","783","530","253","31","814","1473","0","55.26","35.98"
"65","000","00","014","1425","0572","765","526","239","31","796","1465","0","54.33","35.9"
"65","000","00","014","1426","0000","1405","994","411","54","1459","2726","0","53.52","36.46"
"65","000","00","014","1426","0632","692","481","211","27","719","1355","0","53.06","35.5"
"65","000","00","014","1426","0633","713","513","200","27","740","1371","0","53.98","37.42"
"65","000","00","014","1427","0000","2599","1825","774","129","2728","4838","0","56.39","37.72"
"65","000","00","014","1427","0625","827","602","225","57","884","1611","0","54.87","37.37"
"65","000","00","014","1427","0626","880","598","282","36","916","1574","0","58.2","37.99"
"65","000","00","014","1427","0627","892","625","267","36","928","1653","0","56.14","37.81"
"65","000","00","014","1428","0000","1954","1335","619","77","2031","4897","0","41.47","27.26"
"65","000","00","014","1428","0628","1024","696","328","36","1060","3085","0","34.36","22.56"
"65","000","00","014","1428","0629","930","639","291","41","971","1812","0","53.59","35.26"
"65","000","00","014","1429","0000","2267","1625","642","112","2379","4270","0","55.71","38.06"
"65","000","00","014","1429","0558","735","543","192","40","775","1404","0","55.2","38.68"
"65","000","00","014","1429","0559","716","515","201","46","762","1381","0","55.18","37.29"
"65","000","00","014","1429","0560","816","567","249","26","842","1485","0","56.7","38.18"
"65","000","00","014","1430","0000","1401","972","429","67","1468","2725","0","53.87","35.67"
"65","000","00","014","1430","0657","657","470","187","28","685","1249","0","54.84","37.63"
"65","000","00","014","1430","0658","744","502","242","39","783","1476","0","53.05","34.01"
"65","000","00","014","1431","0000","2346","1585","761","111","2457","4569","0","53.78","34.69"
"65","000","00","014","1431","0576","791","542","249","43","834","1571","0","53.09","34.5"
"65","000","00","014","1431","0577","787","518","269","33","820","1523","0","53.84","34.01"
"65","000","00","014","1431","0578","768","525","243","35","803","1475","0","54.44","35.59"
"65","000","00","014","1432","0000","1263","922","341","98","1361","2455","0","55.44","37.56"
"65","000","00","014","1432","0638","791","571","220","42","833","1530","0","54.44","37.32"
"65","000","00","014","1432","0639","472","351","121","56","528","925","0","57.08","37.95"
"65","000","00","014","1433","0000","1178","883","295","54","1232","2168","0","56.83","40.73"
"65","000","00","014","1433","0653","640","418","222","21","661","1183","0","55.87","35.33"
"65","000","00","014","1433","0654","538","465","73","33","571","985","0","57.97","47.21"
"65","000","00","014","1434","0000","1529","1058","471","76","1605","2867","0","55.98","36.9"
"65","000","00","014","1434","0614","852","598","254","36","888","1626","0","54.61","36.78"
"65","000","00","014","1434","0615","677","460","217","40","717","1241","0","57.78","37.07"
"65","000","00","014","1435","0000","2372","1658","714","102","2474","4566","0","54.18","36.31"
"65","000","00","014","1435","0563","763","537","226","28","791","1364","0","57.99","39.37"
"65","000","00","014","1435","0564","877","599","278","43","920","1635","0","56.27","36.64"
"65","000","00","014","1435","0565","732","522","210","31","763","1567","0","48.69","33.31"
"65","000","00","014","1436","0000","1675","1170","505","60","1735","3652","0","47.51","32.04"
"65","000","00","014","1436","0569","864","601","263","42","906","1838","0","49.29","32.7"
"65","000","00","014","1436","0570","811","569","242","18","829","1814","0","45.7","31.37"
"65","000","00","014","1437","0000","3433","2351","1082","133","3566","6697","0","53.25","35.11"
"65","000","00","014","1437","0593","846","573","273","29","875","1642","0","53.29","34.9"
"65","000","00","014","1437","0594","893","612","281","26","919","1713","0","53.65","35.73"
"65","000","00","014","1437","0595","853","575","278","40","893","1746","0","51.15","32.93"
"65","000","00","014","1437","0596","841","591","250","38","879","1596","0","55.08","37.03"
"65","000","00","014","1438","0000","2087","1399","688","100","2187","4021","0","54.39","34.79"
"65","000","00","014","1438","0601","701","465","236","36","737","1419","0","51.94","32.77"
"65","000","00","014","1438","0602","713","466","247","27","740","1298","0","57.01","35.9"
"65","000","00","014","1438","0603","673","468","205","37","710","1304","0","54.45","35.89"
"65","000","00","015","0000","0000","37128","26544","10584","1731","38859","72443","86156","53.64","36.64"
"65","000","00","015","1501","0000","2202","1502","700","112","2314","4225","0","54.77","35.55"
"65","000","00","015","1501","0207","756","518","238","44","800","1456","0","54.95","35.58"
"65","000","00","015","1501","0208","754","526","228","33","787","1482","0","53.1","35.49"
"65","000","00","015","1501","0209","692","458","234","35","727","1287","0","56.49","35.59"
"65","000","00","015","1502","0000","569","400","169","16","585","1106","0","52.89","36.17"
"65","000","00","015","1502","0210","569","400","169","16","585","1106","0","52.89","36.17"
"65","000","00","015","1503","0000","1835","1279","556","92","1927","3437","0","56.07","37.21"
"65","000","00","015","1503","0212","944","666","278","40","984","1833","0","53.68","36.33"
"65","000","00","015","1503","0213","622","417","205","35","657","1141","0","57.58","36.55"
"65","000","00","015","1503","0214","269","196","73","17","286","463","0","61.77","42.33"
"65","000","00","015","1504","0000","622","464","158","60","682","1283","0","53.16","36.17"
"65","000","00","015","1504","0211","622","464","158","60","682","1283","0","53.16","36.17"
"65","000","00","015","1505","0000","2574","1854","720","140","2714","5271","0","51.49","35.17"
"65","000","00","015","1505","0219","898","645","253","72","970","1832","0","52.95","35.21"
"65","000","00","015","1505","0220","802","577","225","29","831","1542","0","53.89","37.42"
"65","000","00","015","1505","0221","874","632","242","39","913","1897","0","48.13","33.32"
"65","000","00","015","1506","0000","2581","1840","741","181","2762","5478","0","50.42","33.59"
"65","000","00","015","1506","0222","865","614","251","98","963","1964","0","49.03","31.26"
"65","000","00","015","1506","0223","829","589","240","56","885","1779","0","49.75","33.11"
"65","000","00","015","1506","0224","887","637","250","27","914","1735","0","52.68","36.71"
"65","000","00","015","1507","0000","621","414","207","20","641","1281","0","50.04","32.32"
"65","000","00","015","1507","0229","621","414","207","20","641","1281","0","50.04","32.32"
"65","000","00","015","1508","0000","1862","1371","491","106","1968","3910","0","50.33","35.06"
"65","000","00","015","1508","0236","512","342","170","26","538","1333","0","40.36","25.66"
"65","000","00","015","1508","0237","729","499","230","33","762","1263","0","60.33","39.51"
"65","000","00","015","1508","0238","621","530","91","47","668","1314","0","50.84","40.33"
"65","000","00","015","1509","0000","1589","1165","424","52","1641","3126","0","52.5","37.27"
"65","000","00","015","1509","0230","827","599","228","25","852","1566","0","54.41","38.25"
"65","000","00","015","1509","0231","762","566","196","27","789","1560","0","50.58","36.28"
"65","000","00","015","1510","0000","2410","1682","728","108","2518","4643","0","54.23","36.23"
"65","000","00","015","1510","0239","755","508","247","26","781","1513","0","51.62","33.58"
"65","000","00","015","1510","0240","824","599","225","37","861","1517","0","56.76","39.49"
"65","000","00","015","1510","0241","831","575","256","45","876","1613","0","54.31","35.65"
"65","000","00","015","1511","0000","1129","866","263","48","1177","2281","0","51.6","37.97"
"65","000","00","015","1511","0253","549","423","126","26","575","1127","0","51.02","37.53"
"65","000","00","015","1511","0254","580","443","137","22","602","1154","0","52.17","38.39"
"65","000","00","015","1512","0000","1574","1201","373","89","1663","2709","0","61.39","44.33"
"65","000","00","015","1512","0251","801","608","193","53","854","1397","0","61.13","43.52"
"65","000","00","015","1512","0252","773","593","180","36","809","1312","0","61.66","45.2"
"65","000","00","015","1513","0000","2185","1589","596","68","2253","3916","0","57.53","40.58"
"65","000","00","015","1513","0248","749","530","219","25","774","1441","0","53.71","36.78"
"65","000","00","015","1513","0249","734","545","189","22","756","1305","0","57.93","41.76"
"65","000","00","015","1513","0250","702","514","188","21","723","1170","0","61.79","43.93"
"65","000","00","015","1514","0000","1501","1055","446","89","1590","2819","0","56.4","37.42"
"65","000","00","015","1514","0217","799","546","253","49","848","1534","0","55.28","35.59"
"65","000","00","015","1514","0218","702","509","193","40","742","1285","0","57.74","39.61"
"65","000","00","015","1515","0000","1795","1290","505","47","1842","3401","0","54.16","37.93"
"65","000","00","015","1515","0232","858","618","240","26","884","1622","0","54.5","38.1"
"65","000","00","015","1515","0233","937","672","265","21","958","1779","0","53.85","37.77"
"65","000","00","015","1516","0000","1795","1284","511","61","1856","3446","0","53.86","37.26"
"65","000","00","015","1516","0215","948","709","239","39","987","1786","0","55.26","39.7"
"65","000","00","015","1516","0216","847","575","272","22","869","1660","0","52.35","34.64"
"65","000","00","015","1517","0000","1562","1091","471","73","1635","3054","0","53.54","35.72"
"65","000","00","015","1517","0234","735","518","217","39","774","1487","0","52.05","34.84"
"65","000","00","015","1517","0235","827","573","254","34","861","1567","0","54.95","36.57"
"65","000","00","015","1518","0000","3704","2673","1031","133","3837","7389","0","51.93","36.18"
"65","000","00","015","1518","0225","1102","726","376","30","1132","2299","0","49.24","31.58"
"65","000","00","015","1518","0226","843","644","199","26","869","1755","0","49.52","36.7"
"65","000","00","015","1518","0227","885","661","224","31","916","1674","0","54.72","39.49"
"65","000","00","015","1518","0228","874","642","232","46","920","1661","0","55.39","38.65"
"65","000","00","015","1519","0000","3464","2393","1071","180","3644","6815","0","53.47","35.11"
"65","000","00","015","1519","0242","829","599","230","44","873","1616","0","54.02","37.07"
"65","000","00","015","1519","0243","810","537","273","56","866","1616","0","53.59","33.23"
"65","000","00","015","1519","0244","869","627","242","50","919","1689","0","54.41","37.12"
"65","000","00","015","1519","0245","956","630","326","30","986","1894","0","52.06","33.26"
"65","000","00","015","1520","0000","1554","1131","423","56","1610","2853","0","56.43","39.64"
"65","000","00","015","1520","0246","736","541","195","27","763","1210","0","63.06","44.71"
"65","000","00","015","1520","0247","818","590","228","29","847","1643","0","51.55","35.91"
"65","000","00","016","0000","0000","34319","24580","9739","1376","35695","64252","78683","55.55","38.26"
"65","000","00","016","1601","0000","421","305","116","20","441","829","0","53.2","36.79"
"65","000","00","016","1601","0255","313","230","83","13","326","643","0","50.7","35.77"
"65","000","00","016","1601","0256","108","75","33","7","115","186","0","61.83","40.32"
"65","000","00","016","1602","0000","1560","1135","425","75","1635","3051","0","53.59","37.2"
"65","000","00","016","1602","0257","716","528","188","28","744","1457","0","51.06","36.24"
"65","000","00","016","1602","0258","844","607","237","47","891","1594","0","55.9","38.08"
"65","000","00","016","1603","0000","2977","2136","841","119","3096","5921","0","52.29","36.07"
"65","000","00","016","1603","0259","769","572","197","36","805","1598","0","50.38","35.79"
"65","000","00","016","1603","0260","747","508","239","28","775","1503","0","51.56","33.8"
"65","000","00","016","1603","0261","727","525","202","21","748","1436","0","52.09","36.56"
"65","000","00","016","1603","0262","734","531","203","34","768","1384","0","55.49","38.37"
"65","000","00","016","1604","0000","1337","1004","333","61","1398","2526","0","55.34","39.75"
"65","000","00","016","1604","0263","669","509","160","40","709","1231","0","57.6","41.35"
"65","000","00","016","1604","0264","668","495","173","21","689","1295","0","53.2","38.22"
"65","000","00","016","1605","0000","2050","1562","488","84","2134","3901","0","54.7","40.04"
"65","000","00","016","1605","0267","650","458","192","27","677","1253","0","54.03","36.55"
"65","000","00","016","1605","0268","641","477","164","26","667","1294","0","51.55","36.86"
"65","000","00","016","1605","0269","759","627","132","31","790","1354","0","58.35","46.31"
"65","000","00","016","1606","0000","1941","1339","602","69","2010","3605","0","55.76","37.14"
"65","000","00","016","1606","0270","667","461","206","28","695","1259","0","55.2","36.62"
"65","000","00","016","1606","0271","710","475","235","16","726","1252","0","57.99","37.94"
"65","000","00","016","1606","0272","564","403","161","25","589","1094","0","53.84","36.84"
"65","000","00","016","1607","0000","2175","1631","544","117","2292","4048","0","56.62","40.29"
"65","000","00","016","1607","0280","705","486","219","33","738","1201","0","61.45","40.47"
"65","000","00","016","1607","0281","618","535","83","50","668","1182","0","56.51","45.26"
"65","000","00","016","1607","0282","852","610","242","34","886","1665","0","53.21","36.64"
"65","000","00","016","1608","0000","1813","1267","546","83","1896","3306","0","57.35","38.32"
"65","000","00","016","1608","0287","594","430","164","22","616","1152","0","53.47","37.33"
"65","000","00","016","1608","0288","603","399","204","27","630","1114","0","56.55","35.82"
"65","000","00","016","1608","0289","616","438","178","34","650","1040","0","62.5","42.12"
"65","000","00","016","1609","0000","1937","1397","540","70","2007","3517","0","57.07","39.72"
"65","000","00","016","1609","0294","673","480","193","18","691","1211","0","57.06","39.64"
"65","000","00","016","1609","0295","686","487","199","25","711","1237","0","57.48","39.37"
"65","000","00","016","1609","0296","578","430","148","27","605","1069","0","56.59","40.22"
"65","000","00","016","1610","0000","2367","1675","692","89","2456","4348","0","56.49","38.52"
"65","000","00","016","1610","0299","724","517","207","26","750","1420","0","52.82","36.41"
"65","000","00","016","1610","0300","766","533","233","29","795","1337","0","59.46","39.87"
"65","000","00","016","1610","0301","877","625","252","34","911","1591","0","57.26","39.28"
"65","000","00","016","1611","0000","1742","1233","509","68","1810","3224","0","56.14","38.24"
"65","000","00","016","1611","0273","872","607","265","23","895","1590","0","56.29","38.18"
"65","000","00","016","1611","0274","870","626","244","45","915","1634","0","56.0","38.31"
"65","000","00","016","1612","0000","3740","2608","1132","153","3893","7245","0","53.73","36.0"
"65","000","00","016","1612","0283","977","701","276","33","1010","1855","0","54.45","37.79"
"65","000","00","016","1612","0284","979","683","296","52","1031","1866","0","55.25","36.6"
"65","000","00","016","1612","0285","990","664","326","43","1033","1935","0","53.39","34.32"
"65","000","00","016","1612","0286","794","560","234","25","819","1589","0","51.54","35.24"
"65","000","00","016","1613","0000","1153","777","376","44","1197","1978","0","60.52","39.28"
"65","000","00","016","1613","0290","573","405","168","28","601","1003","0","59.92","40.38"
"65","000","00","016","1613","0291","580","372","208","16","596","975","0","61.13","38.15"
"65","000","00","016","1614","0000","1522","1111","411","66","1588","2920","0","54.38","38.05"
"65","000","00","016","1614","0292","745","541","204","42","787","1440","0","54.65","37.57"
"65","000","00","016","1614","0293","777","570","207","24","801","1480","0","54.12","38.51"
"65","000","00","016","1615","0000","1878","1319","559","62","1940","3331","0","58.24","39.6"
"65","000","00","016","1615","0297","961","673","288","38","999","1680","0","59.46","40.06"
"65","000","00","016","1615","0298","917","646","271","24","941","1651","0","57.0","39.13"
"65","000","00","016","1616","0000","1762","1246","516","73","1835","3173","0","57.83","39.27"
"65","000","00","016","1616","0265","864","593","271","36","900","1563","0","57.58","37.94"
"65","000","00","016","1616","0266","898","653","245","37","935","1610","0","58.07","40.56"
"65","000","00","016","1617","0000","3944","2835","1109","123","4067","7329","0","55.49","38.68"
"65","000","00","016","1617","0275","709","499","210","20","729","1536","0","47.46","32.49"
"65","000","00","016","1617","0276","864","601","263","24","888","1534","0","57.89","39.18"
"65","000","00","016","1617","0277","925","702","223","28","953","1545","0","61.68","45.44"
"65","000","00","016","1617","0278","751","543","208","32","783","1399","0","55.97","38.81"
"65","000","00","016","1617","0279","695","490","205","19","714","1315","0","54.3","37.26"
"65","000","00","017","0000","0000","46502","31765","14737","1863","48365","86203","108950","56.11","36.85"
"65","000","00","017","1701","0000","1873","1315","558","121","1994","3657","0","54.53","35.96"
"65","000","00","017","1701","0145","641","456","185","44","685","1268","0","54.02","35.96"
"65","000","00","017","1701","0146","571","382","189","36","607","1171","0","51.84","32.62"
"65","000","00","017","1701","0147","661","477","184","41","702","1218","0","57.64","39.16"
"65","000","00","017","1702","0000","2377","1631","746","129","2506","4861","0","51.55","33.55"
"65","000","00","017","1702","0148","889","613","276","30","919","1788","0","51.4","34.28"
"65","000","00","017","1702","0149","777","540","237","51","828","1625","0","50.95","33.23"
"65","000","00","017","1702","0150","711","478","233","48","759","1448","0","52.42","33.01"
"65","000","00","017","1703","0000","4393","3051","1342","182","4575","8259","0","55.39","36.94"
"65","000","00","017","1703","0151","645","481","164","41","686","1328","0","51.66","36.22"
"65","000","00","017","1703","0152","667","474","193","41","708","1523","0","46.49","31.12"
"65","000","00","017","1703","0153","660","475","185","26","686","1245","0","55.1","38.15"
"65","000","00","017","1703","0154","805","576","229","24","829","1329","0","62.38","43.34"
"65","000","00","017","1703","0155","824","531","293","33","857","1465","0","58.5","36.25"
"65","000","00","017","1703","0156","792","514","278","17","809","1369","0","59.09","37.55"
"65","000","00","017","1704","0000","2132","1475","657","107","2239","3818","0","58.64","38.63"
"65","000","00","017","1704","0157","755","519","236","35","790","1346","0","58.69","38.56"
"65","000","00","017","1704","0158","602","441","161","47","649","1181","0","54.95","37.34"
"65","000","00","017","1704","0159","775","515","260","25","800","1291","0","61.97","39.89"
"65","000","00","017","1705","0000","1973","1439","534","90","2063","3654","0","56.46","39.38"
"65","000","00","017","1705","0160","635","474","161","40","675","1213","0","55.65","39.08"
"65","000","00","017","1705","0161","714","521","193","21","735","1256","0","58.52","41.48"
"65","000","00","017","1705","0162","624","444","180","29","653","1185","0","55.11","37.47"
"65","000","00","017","1706","0000","724","544","180","42","766","1361","0","56.28","39.97"
"65","000","00","017","1706","0163","724","544","180","42","766","1361","0","56.28","39.97"
"65","000","00","017","1707","0000","9356","6356","3000","274","9630","17256","0","55.81","36.83"
"65","000","00","017","1707","0164","875","606","269","25","900","1756","0","51.25","34.51"
"65","000","00","017","1707","0165","839","588","251","24","863","1676","0","51.49","35.08"
"65","000","00","017","1707","0166","859","594","265","17","876","1540","0","56.88","38.57"
"65","000","00","017","1707","0167","822","557","265","32","854","1569","0","54.43","35.5"
"65","000","00","017","1707","0168","814","544","270","23","837","1514","0","55.28","35.93"
"65","000","00","017","1707","0169","674","423","251","19","693","1193","0","58.09","35.46"
"65","000","00","017","1707","0170","901","621","280","16","917","1610","0","56.96","38.57"
"65","000","00","017","1707","0171","758","501","257","22","780","1338","0","58.3","37.44"
"65","000","00","017","1707","0172","642","449","193","17","659","1141","0","57.76","39.35"
"65","000","00","017","1707","0173","711","481","230","29","740","1307","0","56.62","36.8"
"65","000","00","017","1707","0174","738","496","242","27","765","1327","0","57.65","37.38"
"65","000","00","017","1707","0175","723","496","227","23","746","1285","0","58.05","38.6"
"65","000","00","017","1708","0000","8574","5665","2909","236","8810","15777","0","55.84","35.91"
"65","000","00","017","1708","0176","809","541","268","33","842","1481","0","56.85","36.53"
"65","000","00","017","1708","0177","860","548","312","12","872","1510","0","57.75","36.29"
"65","000","00","017","1708","0178","924","613","311","31","955","1785","0","53.5","34.34"
"65","000","00","017","1708","0179","967","642","325","14","981","1792","0","54.74","35.83"
"65","000","00","017","1708","0180","833","545","288","27","860","1517","0","56.69","35.93"
"65","000","00","017","1708","0181","873","577","296","27","900","1564","0","57.54","36.89"
"65","000","00","017","1708","0182","874","613","261","21","895","1560","0","57.37","39.29"
"65","000","00","017","1708","0183","812","519","293","28","840","1544","0","54.4","33.61"
"65","000","00","017","1708","0184","842","561","281","19","861","1593","0","54.05","35.22"
"65","000","00","017","1708","0185","780","506","274","24","804","1431","0","56.18","35.36"
"65","000","00","017","1709","0000","2934","2021","913","127","3061","5291","0","57.85","38.2"
"65","000","00","017","1709","0195","799","560","239","17","816","1380","0","59.13","40.58"
"65","000","00","017","1709","0196","731","512","219","32","763","1367","0","55.82","37.45"
"65","000","00","017","1709","0197","738","499","239","40","778","1350","0","57.63","36.96"
"65","000","00","017","1709","0198","666","450","216","38","704","1194","0","58.96","37.69"
"65","000","00","017","1710","0000","455","344","111","49","504","1026","0","49.12","33.53"
"65","000","00","017","1710","0202","455","344","111","49","504","1026","0","49.12","33.53"
"65","000","00","017","1711","0000","634","458","176","42","676","1210","0","55.87","37.85"
"65","000","00","017","1711","0203","634","458","176","42","676","1210","0","55.87","37.85"
"65","000","00","017","1712","0000","467","325","142","50","517","912","0","56.69","35.64"
"65","000","00","017","1712","0204","467","325","142","50","517","912","0","56.69","35.64"
"65","000","00","017","1713","0000","461","318","143","23","484","824","0","58.74","38.59"
"65","000","00","017","1713","0205","461","318","143","23","484","824","0","58.74","38.59"
"65","000","00","017","1714","0000","780","538","242","56","836","1411","0","59.25","38.13"
"65","000","00","017","1714","0206","780","538","242","56","836","1411","0","59.25","38.13"
"65","000","00","017","1715","0000","3263","2117","1146","104","3367","5852","0","57.54","36.18"
"65","000","00","017","1715","0186","819","531","288","28","847","1571","0","53.91","33.8"
"65","000","00","017","1715","0187","818","521","297","18","836","1439","0","58.1","36.21"
"65","000","00","017","1715","0188","817","536","281","24","841","1451","0","57.96","36.94"
"65","000","00","017","1715","0189","809","529","280","34","843","1391","0","60.6","38.03"
"65","000","00","017","1716","0000","4109","2766","1343","140","4249","7417","0","57.29","37.29"
"65","000","00","017","1716","0190","791","545","246","24","815","1461","0","55.78","37.3"
"65","000","00","017","1716","0191","887","590","297","16","903","1691","0","53.4","34.89"
"65","000","00","017","1716","0192","806","543","263","41","847","1524","0","55.58","35.63"
"65","000","00","017","1716","0193","809","547","262","31","840","1343","0","62.55","40.73"
"65","000","00","017","1716","0194","816","541","275","28","844","1398","0","60.37","38.7"
"65","000","00","017","1717","0000","1997","1402","595","91","2088","3617","0","57.73","38.76"
"65","000","00","017","1717","0199","694","491","203","43","737","1344","0","54.84","36.53"
"65","000","00","017","1717","0200","626","454","172","27","653","1154","0","56.59","39.34"
"65","000","00","017","1717","0201","677","457","220","21","698","1119","0","62.38","40.84"
"65","000","00","018","0000","0000","10928","7628","3300","489","11417","20624","23617","55.36","36.99"
"65","000","00","018","1801","0000","1515","1042","473","67","1582","3004","0","52.66","34.69"
"65","000","00","018","1801","2169","700","469","231","20","720","1496","0","48.13","31.35"
"65","000","00","018","1801","2170","815","573","242","47","862","1508","0","57.16","38.0"
"65","000","00","018","1802","0000","1236","863","373","47","1283","2281","0","56.25","37.83"
"65","000","00","018","1802","2163","584","406","178","22","606","1142","0","53.06","35.55"
"65","000","00","018","1802","2164","652","457","195","25","677","1139","0","59.44","40.12"
"65","000","00","018","1803","0000","1322","921","401","66","1388","2710","0","51.22","33.99"
"65","000","00","018","1803","2167","647","448","199","40","687","1330","0","51.65","33.68"
"65","000","00","018","1803","2168","675","473","202","26","701","1380","0","50.8","34.28"
"65","000","00","018","1804","0000","1059","754","305","32","1091","1946","0","56.06","38.75"
"65","000","00","018","1804","2174","390","290","100","18","408","782","0","52.17","37.08"
"65","000","00","018","1804","2175","669","464","205","14","683","1164","0","58.68","39.86"
"65","000","00","018","1805","0000","320","234","86","22","342","556","0","61.51","42.09"
"65","000","00","018","1805","2178","320","234","86","22","342","556","0","61.51","42.09"
"65","000","00","018","1806","0000","3078","2145","933","94","3172","5579","0","56.86","38.45"
"65","000","00","018","1806","2171","904","634","270","31","935","1624","0","57.57","39.04"
"65","000","00","018","1806","2172","1140","796","344","32","1172","2165","0","54.13","36.77"
"65","000","00","018","1806","2173","1034","715","319","31","1065","1790","0","59.5","39.94"
"65","000","00","018","1807","0000","1214","846","368","87","1301","2465","0","52.78","34.32"
"65","000","00","018","1807","2165","538","379","159","40","578","1065","0","54.27","35.59"
"65","000","00","018","1807","2166","676","467","209","47","723","1400","0","51.64","33.36"
"65","000","00","018","1808","0000","1184","823","361","74","1258","2083","0","60.39","39.51"
"65","000","00","018","1808","2176","755","517","238","49","804","1344","0","59.82","38.47"
"65","000","00","018","1808","2177","429","306","123","25","454","739","0","61.43","41.41"
"65","000","00","019","0000","0000","3320","2501","819","212","3532","6861","7727","51.48","36.45"
"65","000","00","019","1901","0000","231","165","66","14","245","391","0","62.66","42.2"
"65","000","00","019","1901","2179","231","165","66","14","245","391","0","62.66","42.2"
"65","000","00","019","1902","0000","372","276","96","32","404","789","0","51.2","34.98"
"65","000","00","019","1902","2180","372","276","96","32","404","789","0","51.2","34.98"
"65","000","00","019","1903","0000","285","216","69","26","311","683","0","45.53","31.63"
"65","000","00","019","1903","2185","285","216","69","26","311","683","0","45.53","31.63"
"65","000","00","019","1904","0000","250","202","48","27","277","662","0","41.84","30.51"
"65","000","00","019","1904","2181","250","202","48","27","277","662","0","41.84","30.51"
"65","000","00","019","1905","0000","149","115","34","10","159","310","0","51.29","37.1"
"65","000","00","019","1905","2182","149","115","34","10","159","310","0","51.29","37.1"
"65","000","00","019","1906","0000","173","136","37","14","187","373","0","50.13","36.46"
"65","000","00","019","1906","2183","138","106","32","11","149","280","0","53.21","37.86"
"65","000","00","019","1906","2184","35","30","5","3","38","93","0","40.86","32.26"
"65","000","00","019","1907","0000","297","225","72","18","315","591","0","53.3","38.07"
"65","000","00","019","1907","2188","297","225","72","18","315","591","0","53.3","38.07"
"65","000","00","019","1908","0000","282","218","64","9","291","726","0","40.08","30.03"
"65","000","00","019","1908","2187","282","218","64","9","291","726","0","40.08","30.03"
"65","000","00","019","1909","0000","179","136","43","14","193","282","0","68.44","48.23"
"65","000","00","019","1909","2189","179","136","43","14","193","282","0","68.44","48.23"
"65","000","00","019","1910","0000","200","138","62","9","209","323","0","64.71","42.72"
"65","000","00","019","1910","2186","200","138","62","9","209","323","0","64.71","42.72"
"65","000","00","019","1911","0000","374","283","91","10","384","788","0","48.73","35.91"
"65","000","00","019","1911","2190","374","283","91","10","384","788","0","48.73","35.91"
"65","000","00","019","1912","0000","528","391","137","29","557","943","0","59.07","41.46"
"65","000","00","019","1912","2191","528","391","137","29","557","943","0","59.07","41.46"
"65","000","00","020","0000","0000","2805","2167","638","233","3038","5891","6570","51.57","36.78"
"65","000","00","020","2001","0000","444","357","87","46","490","843","0","58.13","42.35"
"65","000","00","020","2001","2196","307","241","66","27","334","595","0","56.13","40.5"
"65","000","00","020","2001","2197","137","116","21","19","156","248","0","62.9","46.77"
"65","000","00","020","2002","0000","631","484","147","39","670","1248","0","53.69","38.78"
"65","000","00","020","2002","2192","631","484","147","39","670","1248","0","53.69","38.78"
"65","000","00","020","2003","0000","585","461","124","63","648","1141","0","56.79","40.4"
"65","000","00","020","2003","2194","585","461","124","63","648","1141","0","56.79","40.4"
"65","000","00","020","2004","0000","177","127","50","10","187","417","0","44.84","30.46"
"65","000","00","020","2004","2195","177","127","50","10","187","417","0","44.84","30.46"
"65","000","00","020","2005","0000","362","276","86","21","383","816","0","46.94","33.82"
"65","000","00","020","2005","2198","160","118","42","7","167","338","0","49.41","34.91"
"65","000","00","020","2005","2199","202","158","44","14","216","478","0","45.19","33.05"
"65","000","00","020","2006","0000","262","199","63","30","292","612","0","47.71","32.52"
"65","000","00","020","2006","2193","262","199","63","30","292","612","0","47.71","32.52"
"65","000","00","020","2007","0000","344","263","81","24","368","814","0","45.21","32.31"
"65","000","00","020","2007","2200","147","105","42","12","159","390","0","40.77","26.92"
"65","000","00","020","2007","2201","197","158","39","12","209","424","0","49.29","37.26"
"65","000","00","021","0000","0000","9326","6808","2518","501","9827","20119","23010","48.84","33.84"
"65","000","00","021","2101","0000","145","113","32","6","151","312","0","48.4","36.22"
"65","000","00","021","2101","0011","145","113","32","6","151","312","0","48.4","36.22"
"65","000","00","021","2102","0000","2345","1687","658","117","2462","4806","0","51.23","35.1"
"65","000","00","021","2102","0012","680","498","182","33","713","1421","0","50.18","35.05"
"65","000","00","021","2102","0013","762","531","231","42","804","1557","0","51.64","34.1"
"65","000","00","021","2102","0014","903","658","245","42","945","1828","0","51.7","36.0"
"65","000","00","021","2103","0000","511","374","137","32","543","1060","0","51.23","35.28"
"65","000","00","021","2103","0015","511","374","137","32","543","1060","0","51.23","35.28"
"65","000","00","021","2104","0000","330","253","77","28","358","819","0","43.71","30.89"
"65","000","00","021","2104","0016","330","253","77","28","358","819","0","43.71","30.89"
"65","000","00","021","2105","0000","2692","1985","707","132","2824","6140","0","45.99","32.33"
"65","000","00","021","2105","0017","698","518","180","29","727","1701","0","42.74","30.45"
"65","000","00","021","2105","0018","807","586","221","33","840","1740","0","48.28","33.68"
"65","000","00","021","2105","0019","654","482","172","27","681","1451","0","46.93","33.22"
"65","000","00","021","2105","0020","533","399","134","43","576","1248","0","46.15","31.97"
"65","000","00","021","2106","0000","319","229","90","16","335","629","0","53.26","36.41"
"65","000","00","021","2106","0021","319","229","90","16","335","629","0","53.26","36.41"
"65","000","00","021","2107","0000","218","173","45","16","234","504","0","46.43","34.33"
"65","000","00","021","2107","0022","218","173","45","16","234","504","0","46.43","34.33"
"65","000","00","021","2108","0000","318","242","76","12","330","698","0","47.28","34.67"
"65","000","00","021","2108","0023","318","242","76","12","330","698","0","47.28","34.67"
"65","000","00","021","2109","0000","940","683","257","40","980","2069","0","47.37","33.01"
"65","000","00","021","2109","0024","940","683","257","40","980","2069","0","47.37","33.01"
"65","000","00","021","2110","0000","390","256","134","25","415","784","0","52.93","32.65"
"65","000","00","021","2110","0025","390","256","134","25","415","784","0","52.93","32.65"
"65","000","00","021","2111","0000","244","186","58","19","263","522","0","50.38","35.63"
"65","000","00","021","2111","0026","244","186","58","19","263","522","0","50.38","35.63"
"65","000","00","021","2112","0000","291","220","71","18","309","587","0","52.64","37.48"
"65","000","00","021","2112","0027","291","220","71","18","309","587","0","52.64","37.48"
"65","000","00","021","2113","0000","583","407","176","40","623","1189","0","52.4","34.23"
"65","000","00","021","2113","0028","583","407","176","40","623","1189","0","52.4","34.23"
"65","000","00","022","0000","0000","5135","3815","1320","330","5465","10528","12158","51.91","36.24"
"65","000","00","022","2201","0000","552","372","180","30","582","1121","0","51.92","33.18"
"65","000","00","022","2201","0001","552","372","180","30","582","1121","0","51.92","33.18"
"65","000","00","022","2202","0000","625","460","165","46","671","1389","0","48.31","33.12"
"65","000","00","022","2202","0002","625","460","165","46","671","1389","0","48.31","33.12"
"65","000","00","022","2203","0000","1045","812","233","69","1114","2177","0","51.17","37.3"
"65","000","00","022","2203","0003","469","362","107","25","494","933","0","52.95","38.8"
"65","000","00","022","2203","0004","576","450","126","44","620","1244","0","49.84","36.17"
"65","000","00","022","2204","0000","462","351","111","26","488","883","0","55.27","39.75"
"65","000","00","022","2204","0005","462","351","111","26","488","883","0","55.27","39.75"
"65","000","00","022","2205","0000","795","586","209","50","845","1564","0","54.03","37.47"
"65","000","00","022","2205","0006","795","586","209","50","845","1564","0","54.03","37.47"
"65","000","00","022","2206","0000","757","564","193","42","799","1500","0","53.27","37.6"
"65","000","00","022","2206","0007","757","564","193","42","799","1500","0","53.27","37.6"
"65","000","00","022","2207","0000","142","106","36","9","151","328","0","46.04","32.32"
"65","000","00","022","2207","0008","142","106","36","9","151","328","0","46.04","32.32"
"65","000","00","022","2208","0000","376","277","99","27","403","651","0","61.9","42.55"
"65","000","00","022","2208","0009","376","277","99","27","403","651","0","61.9","42.55"
"65","000","00","022","2209","0000","381","287","94","31","412","915","0","45.03","31.37"
"65","000","00","022","2209","0010","381","287","94","31","412","915","0","45.03","31.37"
"65","000","00","023","0000","0000","16656","11996","4660","863","17519","32970","38861","53.14","36.38"
"65","000","00","023","2301","0000","3237","2278","959","149","3386","6595","0","51.34","34.54"
"65","000","00","023","2301","0125","707","496","211","45","752","1498","0","50.2","33.11"
"65","000","00","023","2301","0126","861","568","293","37","898","1939","0","46.31","29.29"
"65","000","00","023","2301","0127","776","593","183","25","801","1516","0","52.84","39.12"
"65","000","00","023","2301","0128","893","621","272","42","935","1642","0","56.94","37.82"
"65","000","00","023","2302","0000","1554","1094","460","83","1637","3203","0","51.11","34.16"
"65","000","00","023","2302","0129","895","614","281","50","945","1927","0","49.04","31.86"
"65","000","00","023","2302","0130","659","480","179","33","692","1276","0","54.23","37.62"
"65","000","00","023","2303","0000","1501","1103","398","81","1582","2752","0","57.49","40.08"
"65","000","00","023","2303","0131","747","564","183","46","793","1349","0","58.78","41.81"
"65","000","00","023","2303","0132","754","539","215","35","789","1403","0","56.24","38.42"
"65","000","00","023","2304","0000","1819","1320","499","75","1894","3497","0","54.16","37.75"
"65","000","00","023","2304","0133","857","605","252","32","889","1644","0","54.08","36.8"
"65","000","00","023","2304","0134","962","715","247","43","1005","1853","0","54.24","38.59"
"65","000","00","023","2305","0000","991","718","273","54","1045","1793","0","58.28","40.04"
"65","000","00","023","2305","0135","991","718","273","54","1045","1793","0","58.28","40.04"
"65","000","00","023","2306","0000","3304","2354","950","147","3451","6457","0","53.45","36.46"
"65","000","00","023","2306","0136","849","620","229","37","886","1644","0","53.89","37.71"
"65","000","00","023","2306","0137","921","658","263","46","967","1846","0","52.38","35.64"
"65","000","00","023","2306","0138","689","487","202","33","722","1346","0","53.64","36.18"
"65","000","00","023","2306","0139","845","589","256","31","876","1621","0","54.04","36.34"
"65","000","00","023","2307","0000","1859","1371","488","96","1955","4077","0","47.95","33.63"
"65","000","00","023","2307","0140","897","676","221","48","945","2110","0","44.79","32.04"
"65","000","00","023","2307","0141","962","695","267","48","1010","1967","0","51.35","35.33"
"65","000","00","023","2308","0000","848","613","235","50","898","1626","0","55.23","37.7"
"65","000","00","023","2308","0142","848","613","235","50","898","1626","0","55.23","37.7"
"65","000","00","023","2309","0000","776","577","199","58","834","1514","0","55.09","38.11"
"65","000","00","023","2309","0143","776","577","199","58","834","1514","0","55.09","38.11"
"65","000","00","023","2310","0000","767","568","199","70","837","1456","0","57.49","39.01"
"65","000","00","023","2310","0144","767","568","199","70","837","1456","0","57.49","39.01"
"65","000","00","024","0000","0000","1967","1582","385","156","2123","4321","4687","49.13","36.61"
"65","000","00","024","2401","0000","187","147","40","8","195","384","0","50.78","38.28"
"65","000","00","024","2401","2208","187","147","40","8","195","384","0","50.78","38.28"
"65","000","00","024","2402","0000","101","78","23","3","104","232","0","44.83","33.62"
"65","000","00","024","2402","2209","101","78","23","3","104","232","0","44.83","33.62"
"65","000","00","024","2403","0000","132","103","29","10","142","249","0","57.03","41.37"
"65","000","00","024","2403","2210","132","103","29","10","142","249","0","57.03","41.37"
"65","000","00","024","2404","0000","238","185","53","18","256","458","0","55.9","40.39"
"65","000","00","024","2404","2211","238","185","53","18","256","458","0","55.9","40.39"
"65","000","00","024","2405","0000","115","98","17","13","128","232","0","55.17","42.24"
"65","000","00","024","2405","2212","115","98","17","13","128","232","0","55.17","42.24"
"65","000","00","024","2406","0000","257","196","61","10","267","635","0","42.05","30.87"
"65","000","00","024","2406","2213","257","196","61","10","267","635","0","42.05","30.87"
"65","000","00","024","2407","0000","219","184","35","32","251","427","0","58.78","43.09"
"65","000","00","024","2407","2214","219","184","35","32","251","427","0","58.78","43.09"
"65","000","00","024","2408","0000","72","53","19","2","74","147","0","50.34","36.05"
"65","000","00","024","2408","2216","72","53","19","2","74","147","0","50.34","36.05"
"65","000","00","024","2409","0000","128","116","12","16","144","365","0","39.45","31.78"
"65","000","00","024","2409","2217","128","116","12","16","144","365","0","39.45","31.78"
"65","000","00","024","2410","0000","100","86","14","9","109","177","0","61.58","48.59"
"65","000","00","024","2410","2219","100","86","14","9","109","177","0","61.58","48.59"
"65","000","00","024","2411","0000","356","287","69","27","383","862","0","44.43","33.29"
"65","000","00","024","2411","2215","356","287","69","27","383","862","0","44.43","33.29"
"65","000","00","024","2412","0000","62","49","13","8","70","153","0","45.75","32.03"
"65","000","00","024","2412","2218","62","49","13","8","70","153","0","45.75","32.03"
"65","000","00","025","0000","0000","3620","2822","798","281","3901","7999","8872","48.77","35.28"
"65","000","00","025","2501","0000","202","159","43","15","217","455","0","47.69","34.95"
"65","000","00","025","2501","2266","202","159","43","15","217","455","0","47.69","34.95"
"65","000","00","025","2502","0000","186","137","49","16","202","391","0","51.66","35.04"
"65","000","00","025","2502","2278","62","43","19","4","66","120","0","55.0","35.83"
"65","000","00","025","2502","2279","124","94","30","12","136","271","0","50.18","34.69"
"65","000","00","025","2503","0000","399","321","78","27","426","782","0","54.48","41.05"
"65","000","00","025","2503","2267","137","113","24","12","149","286","0","52.1","39.51"
"65","000","00","025","2503","2268","262","208","54","15","277","496","0","55.85","41.94"
"65","000","00","025","2504","0000","368","281","87","38","406","733","0","55.39","38.34"
"65","000","00","025","2504","2280","201","150","51","12","213","362","0","58.84","41.44"
"65","000","00","025","2504","2281","167","131","36","26","193","371","0","52.02","35.31"
"65","000","00","025","2505","0000","158","132","26","9","167","383","0","43.6","34.46"
"65","000","00","025","2505","2269","158","132","26","9","167","383","0","43.6","34.46"
"65","000","00","025","2506","0000","613","483","130","52","665","1539","0","43.21","31.38"
"65","000","00","025","2506","2270","361","286","75","24","385","887","0","43.4","32.24"
"65","000","00","025","2506","2271","252","197","55","28","280","652","0","42.94","30.21"
"65","000","00","025","2507","0000","157","125","32","11","168","333","0","50.45","37.54"
"65","000","00","025","2507","2272","157","125","32","11","168","333","0","50.45","37.54"
"65","000","00","025","2508","0000","426","313","113","32","458","924","0","49.57","33.87"
"65","000","00","025","2508","2273","300","234","66","21","321","642","0","50.0","36.45"
"65","000","00","025","2508","2274","126","79","47","11","137","282","0","48.58","28.01"
"65","000","00","025","2509","0000","244","181","63","28","272","621","0","43.8","29.15"
"65","000","00","025","2509","2275","244","181","63","28","272","621","0","43.8","29.15"
"65","000","00","025","2510","0000","165","124","41","9","174","422","0","41.23","29.38"
"65","000","00","025","2510","2276","165","124","41","9","174","422","0","41.23","29.38"
"65","000","00","025","2511","0000","122","99","23","13","135","369","0","36.59","26.83"
"65","000","00","025","2511","2277","122","99","23","13","135","369","0","36.59","26.83"
"65","000","00","025","2512","0000","580","467","113","31","611","1047","0","58.36","44.6"
"65","000","00","025","2512","2282","580","467","113","31","611","1047","0","58.36","44.6"
"65","000","00","026","0000","0000","4681","3533","1148","364","5045","11279","12364","44.73","31.32"
"65","000","00","026","2601","0000","402","315","87","37","439","876","0","50.11","35.96"
"65","000","00","026","2601","2283","402","315","87","37","439","876","0","50.11","35.96"
"65","000","00","026","2602","0000","209","164","45","16","225","516","0","43.6","31.78"
"65","000","00","026","2602","2285","209","164","45","16","225","516","0","43.6","31.78"
"65","000","00","026","2603","0000","265","206","59","39","304","686","0","44.31","30.03"
"65","000","00","026","2603","2286","127","100","27","26","153","373","0","41.02","26.81"
"65","000","00","026","2603","2287","138","106","32","13","151","313","0","48.24","33.87"
"65","000","00","026","2604","0000","207","149","58","14","221","433","0","51.04","34.41"
"65","000","00","026","2604","2284","207","149","58","14","221","433","0","51.04","34.41"
"65","000","00","026","2605","0000","239","170","69","35","274","676","0","40.53","25.15"
"65","000","00","026","2605","2292","239","170","69","35","274","676","0","40.53","25.15"
"65","000","00","026","2606","0000","741","558","183","34","775","1673","0","46.32","33.35"
"65","000","00","026","2606","2290","341","266","75","17","358","812","0","44.09","32.76"
"65","000","00","026","2606","2291","400","292","108","17","417","861","0","48.43","33.91"
"65","000","00","026","2607","0000","750","545","205","47","797","1731","0","46.04","31.48"
"65","000","00","026","2607","2295","312","233","79","12","324","769","0","42.13","30.3"
"65","000","00","026","2607","2296","438","312","126","35","473","962","0","49.17","32.43"
"65","000","00","026","2608","0000","759","558","201","59","818","2046","0","39.98","27.27"
"65","000","00","026","2608","2293","409","295","114","20","429","1091","0","39.32","27.04"
"65","000","00","026","2608","2294","350","263","87","39","389","955","0","40.73","27.54"
"65","000","00","026","2609","0000","414","323","91","41","455","900","0","50.56","35.89"
"65","000","00","026","2609","2288","230","186","44","14","244","485","0","50.31","38.35"
"65","000","00","026","2609","2289","184","137","47","27","211","415","0","50.84","33.01"
"65","000","00","026","2610","0000","337","275","62","16","353","739","0","47.77","37.21"
"65","000","00","026","2610","2297","182","148","34","8","190","390","0","48.72","37.95"
"65","000","00","026","2610","2298","155","127","28","8","163","349","0","46.7","36.39"
"65","000","00","026","2611","0000","358","270","88","26","384","1003","0","38.29","26.92"
"65","000","00","026","2611","2299","201","155","46","13","214","508","0","42.13","30.51"
"65","000","00","026","2611","2300","157","115","42","13","170","495","0","34.34","23.23"
"65","000","00","027","0000","0000","9022","6755","2267","626","9648","18978","21821","50.84","35.59"
"65","000","00","027","2701","0000","239","184","55","23","262","481","0","54.47","38.25"
"65","000","00","027","2701","2301","239","184","55","23","262","481","0","54.47","38.25"
"65","000","00","027","2702","0000","347","253","94","33","380","715","0","53.15","35.38"
"65","000","00","027","2702","2302","347","253","94","33","380","715","0","53.15","35.38"
"65","000","00","027","2703","0000","193","163","30","21","214","481","0","44.49","33.89"
"65","000","00","027","2703","2303","193","163","30","21","214","481","0","44.49","33.89"
"65","000","00","027","2704","0000","801","633","168","41","842","1792","0","46.99","35.32"
"65","000","00","027","2704","2304","801","633","168","41","842","1792","0","46.99","35.32"
"65","000","00","027","2705","0000","1890","1386","504","95","1985","3791","0","52.36","36.56"
"65","000","00","027","2705","2305","865","644","221","48","913","1781","0","51.26","36.16"
"65","000","00","027","2705","2306","1025","742","283","47","1072","2010","0","53.33","36.92"
"65","000","00","027","2706","0000","861","635","226","45","906","1716","0","52.8","37.0"
"65","000","00","027","2706","2310","413","309","104","25","438","828","0","52.9","37.32"
"65","000","00","027","2706","2311","448","326","122","20","468","888","0","52.7","36.71"
"65","000","00","027","2707","0000","572","413","159","41","613","1211","0","50.62","34.1"
"65","000","00","027","2707","2312","572","413","159","41","613","1211","0","50.62","34.1"
"65","000","00","027","2708","0000","224","179","45","16","240","416","0","57.69","43.03"
"65","000","00","027","2708","2313","224","179","45","16","240","416","0","57.69","43.03"
"65","000","00","027","2709","0000","371","281","90","29","400","682","0","58.65","41.2"
"65","000","00","027","2709","2314","371","281","90","29","400","682","0","58.65","41.2"
"65","000","00","027","2710","0000","307","239","68","43","350","644","0","54.35","37.11"
"65","000","00","027","2710","2315","307","239","68","43","350","644","0","54.35","37.11"
"65","000","00","027","2711","0000","384","311","73","27","411","830","0","49.52","37.47"
"65","000","00","027","2711","2316","384","311","73","27","411","830","0","49.52","37.47"
"65","000","00","027","2712","0000","238","186","52","24","262","469","0","55.86","39.66"
"65","000","00","027","2712","2318","238","186","52","24","262","469","0","55.86","39.66"
"65","000","00","027","2713","0000","92","72","20","9","101","188","0","53.72","38.3"
"65","000","00","027","2713","2317","92","72","20","9","101","188","0","53.72","38.3"
"65","000","00","027","2714","0000","193","153","40","28","221","582","0","37.97","26.29"
"65","000","00","027","2714","2319","193","153","40","28","221","582","0","37.97","26.29"
"65","000","00","027","2715","0000","2310","1667","643","151","2461","4980","0","49.42","33.47"
"65","000","00","027","2715","2307","720","521","199","51","771","1572","0","49.05","33.14"
"65","000","00","027","2715","2308","858","612","246","51","909","1777","0","51.15","34.44"
"65","000","00","027","2715","2309","732","534","198","49","781","1631","0","47.88","32.74"
"65","000","00","028","0000","0000","9074","6895","2179","589","9663","19297","22102","50.08","35.73"
"65","000","00","028","2801","0000","2170","1624","546","95","2265","4309","0","52.56","37.69"
"65","000","00","028","2801","2320","666","502","164","33","699","1286","0","54.35","39.04"
"65","000","00","028","2801","2321","823","602","221","39","862","1576","0","54.7","38.2"
"65","000","00","028","2801","2322","681","520","161","23","704","1447","0","48.65","35.94"
"65","000","00","028","2802","0000","1097","844","253","72","1169","2532","0","46.17","33.33"
"65","000","00","028","2802","2325","435","329","106","42","477","1215","0","39.26","27.08"
"65","000","00","028","2802","2326","662","515","147","30","692","1317","0","52.54","39.1"
"65","000","00","028","2803","0000","1402","1090","312","97","1499","3226","0","46.47","33.79"
"65","000","00","028","2803","2327","725","572","153","33","758","1676","0","45.23","34.13"
"65","000","00","028","2803","2328","677","518","159","64","741","1550","0","47.81","33.42"
"65","000","00","028","2804","0000","1447","1002","445","96","1543","2705","0","57.04","37.04"
"65","000","00","028","2804","2329","544","413","131","37","581","945","0","61.48","43.7"
"65","000","00","028","2804","2330","903","589","314","59","962","1760","0","54.66","33.47"
"65","000","00","028","2805","0000","272","225","47","18","290","570","0","50.88","39.47"
"65","000","00","028","2805","2331","272","225","47","18","290","570","0","50.88","39.47"
"65","000","00","028","2806","0000","445","342","103","33","478","952","0","50.21","35.92"
"65","000","00","028","2806","2332","445","342","103","33","478","952","0","50.21","35.92"
"65","000","00","028","2807","0000","356","293","63","41","397","674","0","58.9","43.47"
"65","000","00","028","2807","2333","356","293","63","41","397","674","0","58.9","43.47"
"65","000","00","028","2808","0000","195","140","55","17","212","405","0","52.35","34.57"
"65","000","00","028","2808","2334","195","140","55","17","212","405","0","52.35","34.57"
"65","000","00","028","2809","0000","509","400","109","42","551","1089","0","50.6","36.73"
"65","000","00","028","2809","2335","509","400","109","42","551","1089","0","50.6","36.73"
"65","000","00","028","2810","0000","1181","935","246","78","1259","2835","0","44.41","32.98"
"65","000","00","028","2810","2323","618","492","126","52","670","1466","0","45.7","33.56"
"65","000","00","028","2810","2324","563","443","120","26","589","1369","0","43.02","32.36"
"65","000","00","029","0000","0000","2790","2118","672","100","2890","5264","6383","54.9","40.24"
"65","000","00","029","2901","0000","1175","872","303","35","1210","2367","0","51.12","36.84"
"65","000","00","029","2901","2203","593","421","172","11","604","1198","0","50.42","35.14"
"65","000","00","029","2901","2204","582","451","131","24","606","1169","0","51.84","38.58"
"65","000","00","029","2902","0000","920","695","225","34","954","1568","0","60.84","44.32"
"65","000","00","029","2902","2202","920","695","225","34","954","1568","0","60.84","44.32"
"65","000","00","029","2903","0000","309","237","72","13","322","615","0","52.36","38.54"
"65","000","00","029","2903","2207","309","237","72","13","322","615","0","52.36","38.54"
"65","000","00","029","2904","0000","262","220","42","16","278","486","0","57.2","45.27"
"65","000","00","029","2904","2206","262","220","42","16","278","486","0","57.2","45.27"
"65","000","00","029","2905","0000","124","94","30","2","126","228","0","55.26","41.23"
"65","000","00","029","2905","2205","124","94","30","2","126","228","0","55.26","41.23"
"68","000","00","000","0000","0000","900757","655472","245285","33409","934166","1801823","2215615","51.85","36.38"
"68","000","00","001","0000","0000","177124","123326","53798","6175","183299","359790","446246","50.95","34.28"
"68","000","00","001","0101","0000","348","232","116","17","365","690","0","52.9","33.62"
"68","000","00","001","0101","0032","348","232","116","17","365","690","0","52.9","33.62"
"68","000","00","001","0102","0000","752","516","236","37","789","1353","0","58.31","38.14"
"68","000","00","001","0102","0034","752","516","236","37","789","1353","0","58.31","38.14"
"68","000","00","001","0103","0000","715","498","217","23","738","1582","0","46.65","31.48"
"68","000","00","001","0103","0043","715","498","217","23","738","1582","0","46.65","31.48"
"68","000","00","001","0104","0000","3132","2239","893","127","3259","6636","0","49.11","33.74"
"68","000","00","001","0104","0001","771","554","217","34","805","1593","0","50.53","34.78"
"68","000","00","001","0104","0002","828","583","245","26","854","1934","0","44.16","30.14"
"68","000","00","001","0104","0003","866","623","243","48","914","1661","0","55.03","37.51"
"68","000","00","001","0104","0004","667","479","188","19","686","1448","0","47.38","33.08"
"68","000","00","001","0105","0000","1643","1220","423","37","1680","3483","0","48.23","35.03"
"68","000","00","001","0105","0190","834","575","259","22","856","1790","0","47.82","32.12"
"68","000","00","001","0105","0191","809","645","164","15","824","1693","0","48.67","38.1"
"68","000","00","001","0106","0000","4103","2781","1322","101","4204","9063","0","46.39","30.69"
"68","000","00","001","0106","0204","875","598","277","29","904","1796","0","50.33","33.3"
"68","000","00","001","0106","0205","803","505","298","14","817","1878","0","43.5","26.89"
"68","000","00","001","0106","0206","828","575","253","23","851","1729","0","49.22","33.26"
"68","000","00","001","0106","0207","831","580","251","16","847","1843","0","45.96","31.47"
"68","000","00","001","0106","0208","766","523","243","19","785","1817","0","43.2","28.78"
"68","000","00","001","0107","0000","551","369","182","34","585","1028","0","56.91","35.89"
"68","000","00","001","0107","0044","551","369","182","34","585","1028","0","56.91","35.89"
"68","000","00","001","0108","0000","702","478","224","40","742","1452","0","51.1","32.92"
"68","000","00","001","0108","0036","702","478","224","40","742","1452","0","51.1","32.92"
"68","000","00","001","0109","0000","847","597","250","36","883","1681","0","52.53","35.51"
"68","000","00","001","0109","0037","847","597","250","36","883","1681","0","52.53","35.51"
"68","000","00","001","0110","0000","2511","1824","687","93","2604","5078","0","51.28","35.92"
"68","000","00","001","0110","0187","805","561","244","29","834","1764","0","47.28","31.8"
"68","000","00","001","0110","0188","987","747","240","49","1036","1899","0","54.56","39.34"
"68","000","00","001","0110","0189","719","516","203","15","734","1415","0","51.87","36.47"
"68","000","00","001","0111","0000","2277","1617","660","107","2384","4509","0","52.87","35.86"
"68","000","00","001","0111","0113","640","449","191","40","680","1308","0","51.99","34.33"
"68","000","00","001","0111","0114","782","567","215","35","817","1583","0","51.61","35.82"
"68","000","00","001","0111","0115","855","601","254","32","887","1618","0","54.82","37.14"
"68","000","00","001","0112","0000","2247","1613","634","89","2336","4668","0","50.04","34.55"
"68","000","00","001","0112","0131","778","523","255","37","815","1689","0","48.25","30.97"
"68","000","00","001","0112","0132","781","592","189","17","798","1542","0","51.75","38.39"
"68","000","00","001","0112","0133","688","498","190","35","723","1437","0","50.31","34.66"
"68","000","00","001","0113","0000","1466","975","491","55","1521","2928","0","51.95","33.3"
"68","000","00","001","0113","0193","665","443","222","18","683","1434","0","47.63","30.89"
"68","000","00","001","0113","0194","801","532","269","37","838","1494","0","56.09","35.61"
"68","000","00","001","0114","0000","914","649","265","34","948","1916","0","49.48","33.87"
"68","000","00","001","0114","0192","914","649","265","34","948","1916","0","49.48","33.87"
"68","000","00","001","0115","0000","530","396","134","25","555","979","0","56.69","40.45"
"68","000","00","001","0115","0209","530","396","134","25","555","979","0","56.69","40.45"
"68","000","00","001","0116","0000","1693","1193","500","53","1746","3565","0","48.98","33.46"
"68","000","00","001","0116","0134","852","610","242","19","871","1679","0","51.88","36.33"
"68","000","00","001","0116","0135","841","583","258","34","875","1886","0","46.39","30.91"
"68","000","00","001","0117","0000","1267","940","327","57","1324","2210","0","59.91","42.53"
"68","000","00","001","0117","0105","673","506","167","22","695","1149","0","60.49","44.04"
"68","000","00","001","0117","0106","594","434","160","35","629","1061","0","59.28","40.9"
"68","000","00","001","0118","0000","1522","1109","413","64","1586","3058","0","51.86","36.27"
"68","000","00","001","0118","0127","954","699","255","42","996","1995","0","49.92","35.04"
"68","000","00","001","0118","0128","568","410","158","22","590","1063","0","55.5","38.57"
"68","000","00","001","0119","0000","733","524","209","30","763","1587","0","48.08","33.02"
"68","000","00","001","0119","0041","733","524","209","30","763","1587","0","48.08","33.02"
"68","000","00","001","0120","0000","756","514","242","45","801","1375","0","58.25","37.38"
"68","000","00","001","0120","0028","756","514","242","45","801","1375","0","58.25","37.38"
"68","000","00","001","0121","0000","490","345","145","26","516","852","0","60.56","40.49"
"68","000","00","001","0121","0033","490","345","145","26","516","852","0","60.56","40.49"
"68","000","00","001","0122","0000","4635","3185","1450","136","4771","9234","0","51.67","34.49"
"68","000","00","001","0122","0155","893","601","292","19","912","1807","0","50.47","33.26"
"68","000","00","001","0122","0156","922","637","285","28","950","1857","0","51.16","34.3"
"68","000","00","001","0122","0157","855","624","231","40","895","1589","0","56.32","39.27"
"68","000","00","001","0122","0158","1039","705","334","22","1061","2088","0","50.81","33.76"
"68","000","00","001","0122","0159","926","618","308","27","953","1893","0","50.34","32.65"
"68","000","00","001","0123","0000","3396","2325","1071","83","3479","6570","0","52.95","35.39"
"68","000","00","001","0123","0050","771","538","233","25","796","1489","0","53.46","36.13"
"68","000","00","001","0123","0051","971","656","315","18","989","1821","0","54.31","36.02"
"68","000","00","001","0123","0052","756","531","225","16","772","1563","0","49.39","33.97"
"68","000","00","001","0123","0053","898","600","298","24","922","1697","0","54.33","35.36"
"68","000","00","001","0124","0000","2943","2070","873","107","3050","6075","0","50.21","34.07"
"68","000","00","001","0124","0151","699","486","213","34","733","1569","0","46.72","30.98"
"68","000","00","001","0124","0152","726","516","210","23","749","1505","0","49.77","34.29"
"68","000","00","001","0124","0153","738","524","214","27","765","1496","0","51.14","35.03"
"68","000","00","001","0124","0154","780","544","236","23","803","1505","0","53.36","36.15"
"68","000","00","001","0125","0000","772","545","227","34","806","1451","0","55.55","37.56"
"68","000","00","001","0125","0042","772","545","227","34","806","1451","0","55.55","37.56"
"68","000","00","001","0126","0000","2904","2087","817","105","3009","5866","0","51.3","35.58"
"68","000","00","001","0126","0045","929","682","247","37","966","1934","0","49.95","35.26"
"68","000","00","001","0126","0046","531","394","137","32","563","1016","0","55.41","38.78"
"68","000","00","001","0126","0047","561","383","178","20","581","1079","0","53.85","35.5"
"68","000","00","001","0126","0048","883","628","255","16","899","1837","0","48.94","34.19"
"68","000","00","001","0127","0000","725","536","189","38","763","1390","0","54.89","38.56"
"68","000","00","001","0127","0049","725","536","189","38","763","1390","0","54.89","38.56"
"68","000","00","001","0128","0000","2473","1719","754","138","2611","4944","0","52.81","34.77"
"68","000","00","001","0128","0081","782","533","249","54","836","1449","0","57.69","36.78"
"68","000","00","001","0128","0082","822","584","238","54","876","1803","0","48.59","32.39"
"68","000","00","001","0128","0083","869","602","267","30","899","1692","0","53.13","35.58"
"68","000","00","001","0129","0000","2349","1673","676","84","2433","4421","0","55.03","37.84"
"68","000","00","001","0129","0060","643","475","168","28","671","1115","0","60.18","42.6"
"68","000","00","001","0129","0061","836","561","275","28","864","1562","0","55.31","35.92"
"68","000","00","001","0129","0062","870","637","233","28","898","1744","0","51.49","36.53"
"68","000","00","001","0130","0000","2649","1849","800","79","2728","5152","0","52.95","35.89"
"68","000","00","001","0130","0057","904","625","279","22","926","1766","0","52.43","35.39"
"68","000","00","001","0130","0058","814","588","226","28","842","1555","0","54.15","37.81"
"68","000","00","001","0130","0059","931","636","295","29","960","1831","0","52.43","34.74"
"68","000","00","001","0131","0000","666","478","188","18","684","1698","0","40.28","28.15"
"68","000","00","001","0131","0035","666","478","188","18","684","1698","0","40.28","28.15"
"68","000","00","001","0132","0000","3135","2125","1010","114","3249","5981","0","54.32","35.53"
"68","000","00","001","0132","0013","745","512","233","33","778","1482","0","52.5","34.55"
"68","000","00","001","0132","0014","755","534","221","31","786","1423","0","55.24","37.53"
"68","000","00","001","0132","0015","806","491","315","28","834","1509","0","55.27","32.54"
"68","000","00","001","0132","0016","829","588","241","22","851","1567","0","54.31","37.52"
"68","000","00","001","0133","0000","3008","2101","907","119","3127","5805","0","53.87","36.19"
"68","000","00","001","0133","0020","747","528","219","41","788","1399","0","56.33","37.74"
"68","000","00","001","0133","0021","830","574","256","33","863","1540","0","56.04","37.27"
"68","000","00","001","0133","0022","786","555","231","21","807","1638","0","49.27","33.88"
"68","000","00","001","0133","0023","645","444","201","24","669","1228","0","54.48","36.16"
"68","000","00","001","0134","0000","2545","1698","847","90","2635","4781","0","55.11","35.52"
"68","000","00","001","0134","0038","847","570","277","34","881","1669","0","52.79","34.15"
"68","000","00","001","0134","0039","866","598","268","21","887","1530","0","57.97","39.08"
"68","000","00","001","0134","0040","832","530","302","35","867","1582","0","54.8","33.5"
"68","000","00","001","0135","0000","1642","1209","433","98","1740","3529","0","49.31","34.26"
"68","000","00","001","0135","0086","556","399","157","33","589","1173","0","50.21","34.02"
"68","000","00","001","0135","0087","575","423","152","21","596","1162","0","51.29","36.4"
"68","000","00","001","0135","0088","511","387","124","44","555","1194","0","46.48","32.41"
"68","000","00","001","0136","0000","2687","1883","804","89","2776","5705","0","48.66","33.01"
"68","000","00","001","0136","0092","858","630","228","42","900","1780","0","50.56","35.39"
"68","000","00","001","0136","0093","858","586","272","18","876","1904","0","46.01","30.78"
"68","000","00","001","0136","0094","971","667","304","29","1000","2021","0","49.48","33.0"
"68","000","00","001","0137","0000","1925","1277","648","43","1968","3870","0","50.85","33.0"
"68","000","00","001","0137","0185","963","651","312","25","988","1925","0","51.32","33.82"
"68","000","00","001","0137","0186","962","626","336","18","980","1945","0","50.39","32.19"
"68","000","00","001","0138","0000","2240","1544","696","102","2342","4271","0","54.83","36.15"
"68","000","00","001","0138","0195","672","483","189","49","721","1311","0","55.0","36.84"
"68","000","00","001","0138","0196","762","542","220","25","787","1476","0","53.32","36.72"
"68","000","00","001","0138","0197","806","519","287","28","834","1484","0","56.2","34.97"
"68","000","00","001","0139","0000","1022","709","313","45","1067","1970","0","54.16","35.99"
"68","000","00","001","0139","0202","551","383","168","23","574","1015","0","56.55","37.73"
"68","000","00","001","0139","0203","471","326","145","22","493","955","0","51.62","34.14"
"68","000","00","001","0140","0000","2672","1906","766","94","2766","5333","0","51.87","35.74"
"68","000","00","001","0140","0029","911","663","248","35","946","1743","0","54.27","38.04"
"68","000","00","001","0140","0030","885","637","248","29","914","1862","0","49.09","34.21"
"68","000","00","001","0140","0031","876","606","270","30","906","1728","0","52.43","35.07"
"68","000","00","001","0141","0000","3118","2226","892","135","3253","6230","0","52.22","35.73"
"68","000","00","001","0141","0024","798","576","222","31","829","1649","0","50.27","34.93"
"68","000","00","001","0141","0025","806","579","227","34","840","1601","0","52.47","36.16"
"68","000","00","001","0141","0026","716","490","226","44","760","1477","0","51.46","33.18"
"68","000","00","001","0141","0027","798","581","217","26","824","1503","0","54.82","38.66"
"68","000","00","001","0142","0000","2490","1722","768","118","2608","5170","0","50.44","33.31"
"68","000","00","001","0142","0010","774","538","236","38","812","1590","0","51.07","33.84"
"68","000","00","001","0142","0011","801","541","260","38","839","1637","0","51.25","33.05"
"68","000","00","001","0142","0012","915","643","272","42","957","1943","0","49.25","33.09"
"68","000","00","001","0143","0000","2447","1662","785","116","2563","5024","0","51.02","33.08"
"68","000","00","001","0143","0007","859","558","301","29","888","1800","0","49.33","31.0"
"68","000","00","001","0143","0008","871","604","267","32","903","1598","0","56.51","37.8"
"68","000","00","001","0143","0009","717","500","217","55","772","1626","0","47.48","30.75"
"68","000","00","001","0144","0000","2141","1512","629","82","2223","4160","0","53.44","36.35"
"68","000","00","001","0144","0017","686","491","195","29","715","1305","0","54.79","37.62"
"68","000","00","001","0144","0018","670","478","192","28","698","1416","0","49.29","33.76"
"68","000","00","001","0144","0019","785","543","242","25","810","1439","0","56.29","37.73"
"68","000","00","001","0145","0000","2328","1582","746","65","2393","4197","0","57.02","37.69"
"68","000","00","001","0145","0173","851","590","261","16","867","1432","0","60.54","41.2"
"68","000","00","001","0145","0174","792","529","263","31","823","1421","0","57.92","37.23"
"68","000","00","001","0145","0175","685","463","222","18","703","1344","0","52.31","34.45"
"68","000","00","001","0146","0000","2468","1762","706","91","2559","5384","0","47.53","32.73"
"68","000","00","001","0146","0182","797","577","220","24","821","1860","0","44.14","31.02"
"68","000","00","001","0146","0183","825","586","239","44","869","1726","0","50.35","33.95"
"68","000","00","001","0146","0184","846","599","247","23","869","1798","0","48.33","33.31"
"68","000","00","001","0147","0000","2949","2120","829","122","3071","6097","0","50.37","34.77"
"68","000","00","001","0147","0198","769","536","233","22","791","1514","0","52.25","35.4"
"68","000","00","001","0147","0199","730","546","184","37","767","1446","0","53.04","37.76"
"68","000","00","001","0147","0200","752","540","212","33","785","1573","0","49.9","34.33"
"68","000","00","001","0147","0201","698","498","200","30","728","1564","0","46.55","31.84"
"68","000","00","001","0148","0000","3281","2277","1004","130","3411","6901","0","49.43","33.0"
"68","000","00","001","0148","0139","894","628","266","48","942","1846","0","51.03","34.02"
"68","000","00","001","0148","0140","754","533","221","26","780","1644","0","47.45","32.42"
"68","000","00","001","0148","0141","781","539","242","28","809","1674","0","48.33","32.2"
"68","000","00","001","0148","0142","852","577","275","28","880","1737","0","50.66","33.22"
"68","000","00","001","0149","0000","2781","1872","909","80","2861","5873","0","48.71","31.87"
"68","000","00","001","0149","0107","829","556","273","38","867","1831","0","47.35","30.37"
"68","000","00","001","0149","0108","1038","706","332","34","1072","2168","0","49.45","32.56"
"68","000","00","001","0149","0109","914","610","304","8","922","1874","0","49.2","32.55"
"68","000","00","001","0150","0000","4013","2776","1237","126","4139","8384","0","49.37","33.11"
"68","000","00","001","0150","0116","1006","689","317","39","1045","2127","0","49.13","32.39"
"68","000","00","001","0150","0117","966","659","307","22","988","2033","0","48.6","32.42"
"68","000","00","001","0150","0118","932","630","302","23","955","2098","0","45.52","30.03"
"68","000","00","001","0150","0119","1109","798","311","42","1151","2126","0","54.14","37.54"
"68","000","00","001","0151","0000","4188","2802","1386","119","4307","8396","0","51.3","33.37"
"68","000","00","001","0151","0146","877","578","299","28","905","1774","0","51.01","32.58"
"68","000","00","001","0151","0147","847","582","265","21","868","1666","0","52.1","34.93"
"68","000","00","001","0151","0148","784","540","244","15","799","1528","0","52.29","35.34"
"68","000","00","001","0151","0149","840","562","278","30","870","1709","0","50.91","32.88"
"68","000","00","001","0151","0150","840","540","300","25","865","1719","0","50.32","31.41"
"68","000","00","001","0152","0000","1447","1021","426","72","1519","2598","0","58.47","39.3"
"68","000","00","001","0152","0079","744","523","221","47","791","1404","0","56.34","37.25"
"68","000","00","001","0152","0080","703","498","205","25","728","1194","0","60.97","41.71"
"68","000","00","001","0153","0000","1896","1331","565","55","1951","3728","0","52.33","35.7"
"68","000","00","001","0153","0084","981","680","301","23","1004","1913","0","52.48","35.55"
"68","000","00","001","0153","0085","915","651","264","32","947","1815","0","52.18","35.87"
"68","000","00","001","0154","0000","1847","1280","567","76","1923","3914","0","49.13","32.7"
"68","000","00","001","0154","0074","914","619","295","34","948","1949","0","48.64","31.76"
"68","000","00","001","0154","0075","933","661","272","42","975","1965","0","49.62","33.64"
"68","000","00","001","0155","0000","3058","2185","873","129","3187","6512","0","48.94","33.55"
"68","000","00","001","0155","0076","1041","734","307","44","1085","2414","0","44.95","30.41"
"68","000","00","001","0155","0077","953","687","266","36","989","1942","0","50.93","35.38"
"68","000","00","001","0155","0078","1064","764","300","49","1113","2156","0","51.62","35.44"
"68","000","00","001","0156","0000","2369","1738","631","75","2444","4845","0","50.44","35.87"
"68","000","00","001","0156","0095","774","593","181","28","802","1545","0","51.91","38.38"
"68","000","00","001","0156","0096","758","554","204","27","785","1617","0","48.55","34.26"
"68","000","00","001","0156","0097","837","591","246","20","857","1683","0","50.92","35.12"
"68","000","00","001","0157","0000","2730","1850","880","68","2798","5884","0","47.55","31.44"
"68","000","00","001","0157","0176","881","595","286","22","903","1942","0","46.5","30.64"
"68","000","00","001","0157","0177","978","680","298","28","1006","2001","0","50.27","33.98"
"68","000","00","001","0157","0178","871","575","296","18","889","1941","0","45.8","29.62"
"68","000","00","001","0158","0000","3685","2598","1087","128","3813","8196","0","46.52","31.7"
"68","000","00","001","0158","0213","1038","742","296","32","1070","2164","0","49.45","34.29"
"68","000","00","001","0158","0214","941","627","314","34","975","2020","0","48.27","31.04"
"68","000","00","001","0158","0215","831","588","243","31","862","1924","0","44.8","30.56"
"68","000","00","001","0158","0216","875","641","234","31","906","2088","0","43.39","30.7"
"68","000","00","001","0159","0000","3499","2500","999","104","3603","9237","0","39.01","27.07"
"68","000","00","001","0159","0101","920","639","281","27","947","1873","0","50.56","34.12"
"68","000","00","001","0159","0102","741","550","191","22","763","3687","0","20.69","14.92"
"68","000","00","001","0159","0103","938","671","267","28","966","1850","0","52.22","36.27"
"68","000","00","001","0159","0104","900","640","260","27","927","1827","0","50.74","35.03"
"68","000","00","001","0160","0000","2549","1764","785","92","2641","5084","0","51.95","34.7"
"68","000","00","001","0160","0089","871","598","273","35","906","1695","0","53.45","35.28"
"68","000","00","001","0160","0090","882","587","295","30","912","1797","0","50.75","32.67"
"68","000","00","001","0160","0091","796","579","217","27","823","1592","0","51.7","36.37"
"68","000","00","001","0161","0000","3690","2448","1242","110","3800","7274","0","52.24","33.65"
"68","000","00","001","0161","0123","830","537","293","29","859","1691","0","50.8","31.76"
"68","000","00","001","0161","0124","940","632","308","20","960","1900","0","50.53","33.26"
"68","000","00","001","0161","0125","891","621","270","42","933","1761","0","52.98","35.26"
"68","000","00","001","0161","0126","1029","658","371","19","1048","1922","0","54.53","34.24"
"68","000","00","001","0162","0000","2749","1881","868","97","2846","5712","0","49.82","32.93"
"68","000","00","001","0162","0063","850","583","267","18","868","1838","0","47.23","31.72"
"68","000","00","001","0162","0064","999","688","311","35","1034","1889","0","54.74","36.42"
"68","000","00","001","0162","0065","900","610","290","44","944","1985","0","47.56","30.73"
"68","000","00","001","0163","0000","2492","1734","758","76","2568","4811","0","53.38","36.04"
"68","000","00","001","0163","0136","853","583","270","38","891","1657","0","53.77","35.18"
"68","000","00","001","0163","0137","719","503","216","15","734","1349","0","54.41","37.29"
"68","000","00","001","0163","0138","920","648","272","23","943","1805","0","52.24","35.9"
"68","000","00","001","0164","0000","2431","1735","696","70","2501","4605","0","54.31","37.68"
"68","000","00","001","0164","0054","914","648","266","26","940","1740","0","54.02","37.24"
"68","000","00","001","0164","0055","833","606","227","30","863","1626","0","53.08","37.27"
"68","000","00","001","0164","0056","684","481","203","14","698","1239","0","56.34","38.82"
"68","000","00","001","0165","0000","2590","1829","761","80","2670","4555","0","58.62","40.15"
"68","000","00","001","0165","0066","843","598","245","30","873","1524","0","57.28","39.24"
"68","000","00","001","0165","0067","851","615","236","23","874","1425","0","61.33","43.16"
"68","000","00","001","0165","0068","896","616","280","27","923","1606","0","57.47","38.36"
"68","000","00","001","0166","0000","2160","1577","583","48","2208","4066","0","54.3","38.79"
"68","000","00","001","0166","0069","1084","832","252","16","1100","2056","0","53.5","40.47"
"68","000","00","001","0166","0070","1076","745","331","32","1108","2010","0","55.12","37.06"
"68","000","00","001","0167","0000","2330","1577","753","91","2421","4702","0","51.49","33.54"
"68","000","00","001","0167","0143","813","575","238","38","851","1566","0","54.34","36.72"
"68","000","00","001","0167","0144","786","524","262","26","812","1517","0","53.53","34.54"
"68","000","00","001","0167","0145","731","478","253","27","758","1619","0","46.82","29.52"
"68","000","00","001","0168","0000","2949","1958","991","55","3004","5893","0","50.98","33.23"
"68","000","00","001","0168","0168","1217","824","393","22","1239","2204","0","56.22","37.39"
"68","000","00","001","0168","0169","915","566","349","17","932","2033","0","45.84","27.84"
"68","000","00","001","0168","0170","817","568","249","16","833","1656","0","50.3","34.3"
"68","000","00","001","0169","0000","2267","1510","757","54","2321","4541","0","51.11","33.25"
"68","000","00","001","0169","0110","690","472","218","15","705","1524","0","46.26","30.97"
"68","000","00","001","0169","0111","796","525","271","15","811","1528","0","53.08","34.36"
"68","000","00","001","0169","0112","781","513","268","24","805","1489","0","54.06","34.45"
"68","000","00","001","0170","0000","2781","1877","904","86","2867","5371","0","53.38","34.95"
"68","000","00","001","0170","0071","1070","749","321","40","1110","2245","0","49.44","33.36"
"68","000","00","001","0170","0072","818","534","284","27","845","1590","0","53.14","33.58"
"68","000","00","001","0170","0073","893","594","299","19","912","1536","0","59.38","38.67"
"68","000","00","001","0171","0000","2796","1978","818","92","2888","5717","0","50.52","34.6"
"68","000","00","001","0171","0098","962","709","253","42","1004","1834","0","54.74","38.66"
"68","000","00","001","0171","0099","945","645","300","36","981","2055","0","47.74","31.39"
"68","000","00","001","0171","0100","889","624","265","14","903","1828","0","49.4","34.14"
"68","000","00","001","0172","0000","2863","1990","873","84","2947","5843","0","50.44","34.06"
"68","000","00","001","0172","0120","912","655","257","33","945","1917","0","49.3","34.17"
"68","000","00","001","0172","0121","957","647","310","22","979","1997","0","49.02","32.4"
"68","000","00","001","0172","0122","994","688","306","29","1023","1929","0","53.03","35.67"
"68","000","00","001","0173","0000","1633","1095","538","52","1685","3158","0","53.36","34.67"
"68","000","00","001","0173","0129","702","493","209","31","733","1412","0","51.91","34.92"
"68","000","00","001","0173","0130","931","602","329","21","952","1746","0","54.52","34.48"
"68","000","00","001","0174","0000","3728","2628","1100","107","3835","7902","0","48.53","33.26"
"68","000","00","001","0174","0164","996","734","262","16","1012","2103","0","48.12","34.9"
"68","000","00","001","0174","0165","943","661","282","21","964","1943","0","49.61","34.02"
"68","000","00","001","0174","0166","944","621","323","36","980","1927","0","50.86","32.23"
"68","000","00","001","0174","0167","845","612","233","34","879","1929","0","45.57","31.73"
"68","000","00","001","0175","0000","2743","1896","847","92","2835","5729","0","49.49","33.09"
"68","000","00","001","0175","0160","568","414","154","24","592","1303","0","45.43","31.77"
"68","000","00","001","0175","0161","727","489","238","30","757","1416","0","53.46","34.53"
"68","000","00","001","0175","0162","644","454","190","23","667","1351","0","49.37","33.6"
"68","000","00","001","0175","0163","804","539","265","15","819","1659","0","49.37","32.49"
"68","000","00","001","0176","0000","1688","1124","564","60","1748","3450","0","50.67","32.58"
"68","000","00","001","0176","0171","829","556","273","41","870","1712","0","50.82","32.48"
"68","000","00","001","0176","0172","859","568","291","19","878","1738","0","50.52","32.68"
"68","000","00","001","0177","0000","1753","1243","510","78","1831","3856","0","47.48","32.24"
"68","000","00","001","0177","0005","922","637","285","37","959","1974","0","48.58","32.27"
"68","000","00","001","0177","0006","831","606","225","41","872","1882","0","46.33","32.2"
"68","000","00","001","0178","0000","2463","1646","817","71","2534","4835","0","52.41","34.04"
"68","000","00","001","0178","0179","895","590","305","25","920","1702","0","54.05","34.67"
"68","000","00","001","0178","0180","791","516","275","26","817","1589","0","51.42","32.47"
"68","000","00","001","0178","0181","777","540","237","20","797","1544","0","51.62","34.97"
"68","000","00","001","0179","0000","2147","1472","675","43","2190","4217","0","51.93","34.91"
"68","000","00","001","0179","0210","719","497","222","13","732","1363","0","53.71","36.46"
"68","000","00","001","0179","0211","784","543","241","12","796","1546","0","51.49","35.12"
"68","000","00","001","0179","0212","644","432","212","18","662","1308","0","50.61","33.03"
"68","000","00","002","0000","0000","170616","123638","46978","5915","176531","334402","411135","52.79","36.97"
"68","000","00","002","0201","0000","1399","1066","333","59","1458","2916","0","50.0","36.56"
"68","000","00","002","0201","0617","643","499","144","19","662","1329","0","49.81","37.55"
"68","000","00","002","0201","0618","756","567","189","40","796","1587","0","50.16","35.73"
"68","000","00","002","0202","0000","2799","2101","698","89","2888","5418","0","53.3","38.78"
"68","000","00","002","0202","0614","992","735","257","41","1033","1818","0","56.82","40.43"
"68","000","00","002","0202","0615","971","722","249","26","997","1991","0","50.08","36.26"
"68","000","00","002","0202","0616","836","644","192","22","858","1609","0","53.33","40.02"
"68","000","00","002","0203","0000","1602","1206","396","54","1656","3033","0","54.6","39.76"
"68","000","00","002","0203","0654","838","605","233","31","869","1588","0","54.72","38.1"
"68","000","00","002","0203","0655","764","601","163","23","787","1445","0","54.46","41.59"
"68","000","00","002","0204","0000","471","350","121","33","504","943","0","53.45","37.12"
"68","000","00","002","0204","0763","471","350","121","33","504","943","0","53.45","37.12"
"68","000","00","002","0205","0000","1093","814","279","51","1144","2152","0","53.16","37.83"
"68","000","00","002","0205","0689","522","405","117","21","543","1087","0","49.95","37.26"
"68","000","00","002","0205","0690","571","409","162","30","601","1065","0","56.43","38.4"
"68","000","00","002","0206","0000","2152","1582","570","98","2250","4283","0","52.53","36.94"
"68","000","00","002","0206","0691","952","705","247","45","997","1844","0","54.07","38.23"
"68","000","00","002","0206","0692","563","431","132","33","596","1220","0","48.85","35.33"
"68","000","00","002","0206","0693","637","446","191","20","657","1219","0","53.9","36.59"
"68","000","00","002","0207","0000","2580","1817","763","108","2688","5415","0","49.64","33.55"
"68","000","00","002","0207","0771","983","681","302","46","1029","2156","0","47.73","31.59"
"68","000","00","002","0207","0772","689","491","198","23","712","1479","0","48.14","33.2"
"68","000","00","002","0207","0773","908","645","263","39","947","1780","0","53.2","36.24"
"68","000","00","002","0208","0000","2529","1955","574","85","2614","5136","0","50.9","38.06"
"68","000","00","002","0208","0679","805","597","208","26","831","1659","0","50.09","35.99"
"68","000","00","002","0208","0680","943","720","223","40","983","1874","0","52.45","38.42"
"68","000","00","002","0208","0681","781","638","143","19","800","1603","0","49.91","39.8"
"68","000","00","002","0209","0000","1804","1268","536","54","1858","3474","0","53.48","36.5"
"68","000","00","002","0209","0675","828","585","243","38","866","1659","0","52.2","35.26"
"68","000","00","002","0209","0676","976","683","293","16","992","1815","0","54.66","37.63"
"68","000","00","002","0210","0000","1922","1419","503","73","1995","3758","0","53.09","37.76"
"68","000","00","002","0210","0662","749","564","185","32","781","1489","0","52.45","37.88"
"68","000","00","002","0210","0663","448","323","125","16","464","827","0","56.11","39.06"
"68","000","00","002","0210","0664","725","532","193","25","750","1442","0","52.01","36.89"
"68","000","00","002","0211","0000","2286","1738","548","82","2368","4303","0","55.03","40.39"
"68","000","00","002","0211","0602","735","578","157","26","761","1281","0","59.41","45.12"
"68","000","00","002","0211","0603","812","589","223","19","831","1462","0","56.84","40.29"
"68","000","00","002","0211","0604","739","571","168","37","776","1560","0","49.74","36.6"
"68","000","00","002","0212","0000","2706","1983","723","69","2775","5378","0","51.6","36.87"
"68","000","00","002","0212","0619","993","724","269","14","1007","1955","0","51.51","37.03"
"68","000","00","002","0212","0620","859","619","240","32","891","1711","0","52.07","36.18"
"68","000","00","002","0212","0621","854","640","214","23","877","1712","0","51.23","37.38"
"68","000","00","002","0213","0000","1744","1255","489","68","1812","3009","0","60.22","41.71"
"68","000","00","002","0213","0652","915","655","260","38","953","1625","0","58.65","40.31"
"68","000","00","002","0213","0653","829","600","229","30","859","1384","0","62.07","43.35"
"68","000","00","002","0214","0000","1088","717","371","47","1135","2061","0","55.07","34.79"
"68","000","00","002","0214","0754","447","312","135","20","467","852","0","54.81","36.62"
"68","000","00","002","0214","0755","641","405","236","27","668","1209","0","55.25","33.5"
"68","000","00","002","0215","0000","2018","1430","588","76","2094","3498","0","59.86","40.88"
"68","000","00","002","0215","0721","835","596","239","22","857","1384","0","61.92","43.06"
"68","000","00","002","0215","0722","619","431","188","15","634","1122","0","56.51","38.41"
"68","000","00","002","0215","0723","564","403","161","39","603","992","0","60.79","40.63"
"68","000","00","002","0216","0000","2137","1554","583","58","2195","4141","0","53.01","37.53"
"68","000","00","002","0216","0627","654","488","166","19","673","1201","0","56.04","40.63"
"68","000","00","002","0216","0628","705","498","207","21","726","1353","0","53.66","36.81"
"68","000","00","002","0216","0629","778","568","210","18","796","1587","0","50.16","35.79"
"68","000","00","002","0217","0000","1790","1249","541","65","1855","5573","0","33.29","22.41"
"68","000","00","002","0217","0642","694","494","200","26","720","3474","0","20.73","14.22"
"68","000","00","002","0217","0643","1096","755","341","39","1135","2099","0","54.07","35.97"
"68","000","00","002","0218","0000","1640","1176","464","62","1702","3540","0","48.08","33.22"
"68","000","00","002","0218","0648","937","687","250","40","977","1900","0","51.42","36.16"
"68","000","00","002","0218","0649","703","489","214","22","725","1640","0","44.21","29.82"
"68","000","00","002","0219","0000","2439","1795","644","60","2499","4845","0","51.58","37.05"
"68","000","00","002","0219","0667","798","578","220","26","824","1764","0","46.71","32.77"
"68","000","00","002","0219","0668","817","611","206","9","826","1488","0","55.51","41.06"
"68","000","00","002","0219","0669","824","606","218","25","849","1593","0","53.3","38.04"
"68","000","00","002","0220","0000","1602","1131","471","33","1635","3362","0","48.63","33.64"
"68","000","00","002","0220","0665","878","614","264","13","891","1842","0","48.37","33.33"
"68","000","00","002","0220","0666","724","517","207","20","744","1520","0","48.95","34.01"
"68","000","00","002","0221","0000","1698","1203","495","57","1755","3334","0","52.64","36.08"
"68","000","00","002","0221","0732","944","665","279","33","977","1951","0","50.08","34.09"
"68","000","00","002","0221","0733","754","538","216","24","778","1383","0","56.25","38.9"
"68","000","00","002","0222","0000","2369","1558","811","85","2454","4872","0","50.37","31.98"
"68","000","00","002","0222","0787","518","381","137","44","562","1097","0","51.23","34.73"
"68","000","00","002","0222","0788","925","586","339","15","940","1917","0","49.03","30.57"
"68","000","00","002","0222","0789","926","591","335","26","952","1858","0","51.24","31.81"
"68","000","00","002","0223","0000","1283","921","362","36","1319","2506","0","52.63","36.75"
"68","000","00","002","0223","0673","598","433","165","21","619","1249","0","49.56","34.67"
"68","000","00","002","0223","0674","685","488","197","15","700","1257","0","55.69","38.82"
"68","000","00","002","0224","0000","1998","1413","585","95","2093","3776","0","55.43","37.42"
"68","000","00","002","0224","0768","529","383","146","33","562","1028","0","54.67","37.26"
"68","000","00","002","0224","0769","657","479","178","20","677","1157","0","58.51","41.4"
"68","000","00","002","0224","0770","812","551","261","42","854","1591","0","53.68","34.63"
"68","000","00","002","0225","0000","1827","1310","517","63","1890","3667","0","51.54","35.72"
"68","000","00","002","0225","0724","917","630","287","24","941","1820","0","51.7","34.62"
"68","000","00","002","0225","0725","910","680","230","39","949","1847","0","51.38","36.82"
"68","000","00","002","0226","0000","1910","1356","554","82","1992","3712","0","53.66","36.53"
"68","000","00","002","0226","0696","891","622","269","50","941","1733","0","54.3","35.89"
"68","000","00","002","0226","0697","1019","734","285","32","1051","1979","0","53.11","37.09"
"68","000","00","002","0227","0000","3511","2556","955","100","3611","6638","0","54.4","38.51"
"68","000","00","002","0227","0716","917","685","232","23","940","1798","0","52.28","38.1"
"68","000","00","002","0227","0717","1008","741","267","35","1043","1822","0","57.24","40.67"
"68","000","00","002","0227","0718","852","624","228","19","871","1613","0","54.0","38.69"
"68","000","00","002","0227","0719","734","506","228","23","757","1405","0","53.88","36.01"
"68","000","00","002","0228","0000","421","302","119","23","444","731","0","60.74","41.31"
"68","000","00","002","0228","0764","421","302","119","23","444","731","0","60.74","41.31"
"68","000","00","002","0229","0000","2503","1923","580","101","2604","4672","0","55.74","41.16"
"68","000","00","002","0229","0608","880","693","187","26","906","1627","0","55.69","42.59"
"68","000","00","002","0229","0609","832","618","214","27","859","1519","0","56.55","40.68"
"68","000","00","002","0229","0610","791","612","179","48","839","1526","0","54.98","40.1"
"68","000","00","002","0230","0000","1419","1071","348","60","1479","2836","0","52.15","37.76"
"68","000","00","002","0230","0658","762","559","203","29","791","1546","0","51.16","36.16"
"68","000","00","002","0230","0659","657","512","145","31","688","1290","0","53.33","39.69"
"68","000","00","002","0231","0000","1873","1374","499","87","1960","3544","0","55.3","38.77"
"68","000","00","002","0231","0737","948","682","266","37","985","1703","0","57.84","40.05"
"68","000","00","002","0231","0738","925","692","233","50","975","1841","0","52.96","37.59"
"68","000","00","002","0232","0000","1795","1251","544","34","1829","3507","0","52.15","35.67"
"68","000","00","002","0232","0752","986","686","300","16","1002","1987","0","50.43","34.52"
"68","000","00","002","0232","0753","809","565","244","18","827","1520","0","54.41","37.17"
"68","000","00","002","0233","0000","4245","3126","1119","118","4363","8947","0","48.76","34.94"
"68","000","00","002","0233","0701","913","694","219","28","941","1943","0","48.43","35.72"
"68","000","00","002","0233","0702","703","507","196","18","721","1363","0","52.9","37.2"
"68","000","00","002","0233","0703","956","682","274","34","990","2172","0","45.58","31.4"
"68","000","00","002","0233","0704","856","649","207","23","879","1798","0","48.89","36.1"
"68","000","00","002","0233","0705","817","594","223","15","832","1671","0","49.79","35.55"
"68","000","00","002","0234","0000","4325","3043","1282","134","4459","8663","0","51.47","35.13"
"68","000","00","002","0234","0709","803","592","211","25","828","1923","0","43.06","30.79"
"68","000","00","002","0234","0710","862","640","222","35","897","1572","0","57.06","40.71"
"68","000","00","002","0234","0711","992","625","367","17","1009","1850","0","54.54","33.78"
"68","000","00","002","0234","0712","793","582","211","27","820","1583","0","51.8","36.77"
"68","000","00","002","0234","0713","875","604","271","30","905","1735","0","52.16","34.81"
"68","000","00","002","0235","0000","1028","744","284","42","1070","1957","0","54.68","38.02"
"68","000","00","002","0235","0758","1028","744","284","42","1070","1957","0","54.68","38.02"
"68","000","00","002","0236","0000","3890","2673","1217","126","4016","7473","0","53.74","35.77"
"68","000","00","002","0236","0741","1017","697","320","20","1037","1636","0","63.39","42.6"
"68","000","00","002","0236","0742","842","621","221","31","873","1528","0","57.13","40.64"
"68","000","00","002","0236","0743","1059","696","363","51","1110","2289","0","48.49","30.41"
"68","000","00","002","0236","0744","972","659","313","24","996","2020","0","49.31","32.62"
"68","000","00","002","0237","0000","2420","1741","679","60","2480","4365","0","56.82","39.89"
"68","000","00","002","0237","0636","716","514","202","15","731","1368","0","53.44","37.57"
"68","000","00","002","0237","0637","843","617","226","26","869","1424","0","61.03","43.33"
"68","000","00","002","0237","0638","861","610","251","19","880","1573","0","55.94","38.78"
"68","000","00","002","0238","0000","931","639","292","53","984","1730","0","56.88","36.94"
"68","000","00","002","0238","0720","931","639","292","53","984","1730","0","56.88","36.94"
"68","000","00","002","0239","0000","2572","1970","602","138","2710","4878","0","55.56","40.39"
"68","000","00","002","0239","0611","838","632","206","35","873","1618","0","53.96","39.06"
"68","000","00","002","0239","0612","867","661","206","37","904","1554","0","58.17","42.54"
"68","000","00","002","0239","0613","867","677","190","66","933","1706","0","54.69","39.68"
"68","000","00","002","0240","0000","537","363","174","20","557","1011","0","55.09","35.91"
"68","000","00","002","0240","0766","537","363","174","20","557","1011","0","55.09","35.91"
"68","000","00","002","0241","0000","1495","1056","439","62","1557","3045","0","51.13","34.68"
"68","000","00","002","0241","0756","757","537","220","50","807","1481","0","54.49","36.26"
"68","000","00","002","0241","0757","738","519","219","12","750","1564","0","47.95","33.18"
"68","000","00","002","0242","0000","2335","1652","683","85","2420","4841","0","49.99","34.13"
"68","000","00","002","0242","0591","730","537","193","15","745","1401","0","53.18","38.33"
"68","000","00","002","0242","0592","863","602","261","38","901","1798","0","50.11","33.48"
"68","000","00","002","0242","0593","742","513","229","32","774","1642","0","47.14","31.24"
"68","000","00","002","0243","0000","2832","1964","868","110","2942","6378","0","46.13","30.79"
"68","000","00","002","0243","0798","1009","740","269","51","1060","2068","0","51.26","35.78"
"68","000","00","002","0243","0799","859","581","278","35","894","2152","0","41.54","27.0"
"68","000","00","002","0243","0800","964","643","321","24","988","2158","0","45.78","29.8"
"68","000","00","002","0244","0000","3081","2210","871","97","3178","6013","0","52.85","36.75"
"68","000","00","002","0244","0779","751","531","220","24","775","1426","0","54.35","37.24"
"68","000","00","002","0244","0780","775","577","198","21","796","1618","0","49.2","35.66"
"68","000","00","002","0244","0781","756","558","198","29","785","1441","0","54.48","38.72"
"68","000","00","002","0244","0782","799","544","255","23","822","1528","0","53.8","35.6"
"68","000","00","002","0245","0000","866","619","247","30","896","1532","0","58.49","40.4"
"68","000","00","002","0245","0767","866","619","247","30","896","1532","0","58.49","40.4"
"68","000","00","002","0246","0000","1653","1203","450","76","1729","3344","0","51.7","35.97"
"68","000","00","002","0246","0785","779","570","209","34","813","1534","0","53.0","37.16"
"68","000","00","002","0246","0786","874","633","241","42","916","1810","0","50.61","34.97"
"68","000","00","002","0247","0000","2744","2033","711","138","2882","5162","0","55.83","39.38"
"68","000","00","002","0247","0793","1041","757","284","75","1116","2037","0","54.79","37.16"
"68","000","00","002","0247","0794","680","506","174","24","704","1158","0","60.79","43.7"
"68","000","00","002","0247","0795","1023","770","253","39","1062","1967","0","53.99","39.15"
"68","000","00","002","0248","0000","1506","1114","392","48","1554","3148","0","49.36","35.39"
"68","000","00","002","0248","0777","748","561","187","29","777","1609","0","48.29","34.87"
"68","000","00","002","0248","0778","758","553","205","19","777","1539","0","50.49","35.93"
"68","000","00","002","0249","0000","1881","1441","440","77","1958","3686","0","53.12","39.09"
"68","000","00","002","0249","0796","895","674","221","38","933","1830","0","50.98","36.83"
"68","000","00","002","0249","0797","986","767","219","39","1025","1856","0","55.23","41.33"
"68","000","00","002","0250","0000","470","342","128","22","492","851","0","57.81","40.19"
"68","000","00","002","0250","0765","470","342","128","22","492","851","0","57.81","40.19"
"68","000","00","002","0251","0000","2483","1798","685","69","2552","4643","0","54.96","38.72"
"68","000","00","002","0251","0790","853","615","238","33","886","1576","0","56.22","39.02"
"68","000","00","002","0251","0791","801","597","204","24","825","1478","0","55.82","40.39"
"68","000","00","002","0251","0792","829","586","243","12","841","1589","0","52.93","36.88"
"68","000","00","002","0252","0000","2346","1747","599","96","2442","4812","0","50.75","36.31"
"68","000","00","002","0252","0729","701","534","167","33","734","1234","0","59.48","43.27"
"68","000","00","002","0252","0730","918","669","249","38","956","2023","0","47.26","33.07"
"68","000","00","002","0252","0731","727","544","183","25","752","1555","0","48.36","34.98"
"68","000","00","002","0253","0000","1470","1120","350","58","1528","2587","0","59.06","43.29"
"68","000","00","002","0253","0634","655","512","143","26","681","1177","0","57.86","43.5"
"68","000","00","002","0253","0635","815","608","207","32","847","1410","0","60.07","43.12"
"68","000","00","002","0254","0000","1555","1138","417","77","1632","2767","0","58.98","41.13"
"68","000","00","002","0254","0761","614","447","167","37","651","1066","0","61.07","41.93"
"68","000","00","002","0254","0762","941","691","250","40","981","1701","0","57.67","40.62"
"68","000","00","002","0255","0000","2707","1906","801","64","2771","5434","0","50.99","35.08"
"68","000","00","002","0255","0774","866","648","218","28","894","1651","0","54.15","39.25"
"68","000","00","002","0255","0775","979","657","322","21","1000","1870","0","53.48","35.13"
"68","000","00","002","0255","0776","862","601","261","15","877","1913","0","45.84","31.42"
"68","000","00","002","0256","0000","2233","1549","684","82","2315","5294","0","43.73","29.26"
"68","000","00","002","0256","0706","335","179","156","14","349","1969","0","17.72","9.09"
"68","000","00","002","0256","0707","952","703","249","34","986","1563","0","63.08","44.98"
"68","000","00","002","0256","0708","946","667","279","34","980","1762","0","55.62","37.85"
"68","000","00","002","0257","0000","2488","1731","757","49","2537","4543","0","55.84","38.1"
"68","000","00","002","0257","0698","878","598","280","22","900","1621","0","55.52","36.89"
"68","000","00","002","0257","0699","770","547","223","18","788","1391","0","56.65","39.32"
"68","000","00","002","0257","0700","840","586","254","9","849","1531","0","55.45","38.28"
"68","000","00","002","0258","0000","1564","1123","441","67","1631","2854","0","57.15","39.35"
"68","000","00","002","0258","0694","668","466","202","35","703","1260","0","55.79","36.98"
"68","000","00","002","0258","0695","896","657","239","32","928","1594","0","58.22","41.22"
"68","000","00","002","0259","0000","1342","980","362","43","1385","2557","0","54.17","38.33"
"68","000","00","002","0259","0714","668","481","187","26","694","1292","0","53.72","37.23"
"68","000","00","002","0259","0715","674","499","175","17","691","1265","0","54.62","39.45"
"68","000","00","002","0260","0000","1702","1225","477","43","1745","3331","0","52.39","36.78"
"68","000","00","002","0260","0630","965","713","252","28","993","1883","0","52.73","37.87"
"68","000","00","002","0260","0631","737","512","225","15","752","1448","0","51.93","35.36"
"68","000","00","002","0261","0000","1881","1334","547","70","1951","3726","0","52.36","35.8"
"68","000","00","002","0261","0632","935","646","289","31","966","1810","0","53.37","35.69"
"68","000","00","002","0261","0633","946","688","258","39","985","1916","0","51.41","35.91"
"68","000","00","002","0262","0000","2547","1826","721","69","2616","4657","0","56.17","39.21"
"68","000","00","002","0262","0594","866","622","244","24","890","1670","0","53.29","37.25"
"68","000","00","002","0262","0595","789","560","229","20","809","1456","0","55.56","38.46"
"68","000","00","002","0262","0596","892","644","248","25","917","1531","0","59.9","42.06"
"68","000","00","002","0263","0000","1696","1353","343","44","1740","3576","0","48.66","37.84"
"68","000","00","002","0263","0597","916","689","227","22","938","1623","0","57.79","42.45"
"68","000","00","002","0263","0598","780","664","116","22","802","1953","0","41.07","34.0"
"68","000","00","002","0264","0000","1896","1370","526","83","1979","3628","0","54.55","37.76"
"68","000","00","002","0264","0783","860","616","244","45","905","1683","0","53.77","36.6"
"68","000","00","002","0264","0784","1036","754","282","38","1074","1945","0","55.22","38.77"
"68","000","00","002","0265","0000","2386","1799","587","64","2450","4082","0","60.02","44.07"
"68","000","00","002","0265","0605","911","681","230","17","928","1602","0","57.93","42.51"
"68","000","00","002","0265","0606","623","480","143","24","647","1006","0","64.31","47.71"
"68","000","00","002","0265","0607","852","638","214","23","875","1474","0","59.36","43.28"
"68","000","00","002","0266","0000","2311","1657","654","71","2382","4296","0","55.45","38.57"
"68","000","00","002","0266","0639","640","457","183","21","661","1152","0","57.38","39.67"
"68","000","00","002","0266","0640","664","476","188","14","678","1178","0","57.56","40.41"
"68","000","00","002","0266","0641","1007","724","283","36","1043","1966","0","53.05","36.83"
"68","000","00","002","0267","0000","1257","963","294","63","1320","2125","0","62.12","45.32"
"68","000","00","002","0267","0650","572","434","138","22","594","994","0","59.76","43.66"
"68","000","00","002","0267","0651","685","529","156","41","726","1131","0","64.19","46.77"
"68","000","00","002","0268","0000","2421","1746","675","63","2484","4658","0","53.33","37.48"
"68","000","00","002","0268","0670","782","550","232","21","803","1505","0","53.36","36.54"
"68","000","00","002","0268","0671","847","614","233","17","864","1661","0","52.02","36.97"
"68","000","00","002","0268","0672","792","582","210","25","817","1492","0","54.76","39.01"
"68","000","00","002","0269","0000","1447","1024","423","60","1507","2575","0","58.52","39.77"
"68","000","00","002","0269","0644","629","446","183","25","654","1178","0","55.52","37.86"
"68","000","00","002","0269","0645","818","578","240","35","853","1397","0","61.06","41.37"
"68","000","00","002","0270","0000","1883","1217","666","68","1951","3756","0","51.94","32.4"
"68","000","00","002","0270","0646","886","622","264","39","925","1669","0","55.42","37.27"
"68","000","00","002","0270","0647","997","595","402","29","1026","2087","0","49.16","28.51"
"68","000","00","002","0271","0000","1693","1279","414","70","1763","3596","0","49.03","35.57"
"68","000","00","002","0271","0660","999","782","217","48","1047","2145","0","48.81","36.46"
"68","000","00","002","0271","0661","694","497","197","22","716","1451","0","49.35","34.25"
"68","000","00","002","0272","0000","2368","1763","605","75","2443","4686","0","52.13","37.62"
"68","000","00","002","0272","0622","806","602","204","29","835","1448","0","57.67","41.57"
"68","000","00","002","0272","0623","793","587","206","30","823","1605","0","51.28","36.57"
"68","000","00","002","0272","0624","769","574","195","16","785","1633","0","48.07","35.15"
"68","000","00","002","0273","0000","2872","2045","827","81","2953","5990","0","49.3","34.14"
"68","000","00","002","0273","0745","1054","771","283","31","1085","2027","0","53.53","38.04"
"68","000","00","002","0273","0746","821","571","250","17","838","1883","0","44.5","30.32"
"68","000","00","002","0273","0747","997","703","294","33","1030","2080","0","49.52","33.8"
"68","000","00","002","0274","0000","3138","2306","832","82","3220","5466","0","58.91","42.19"
"68","000","00","002","0274","0748","337","238","99","9","346","646","0","53.56","36.84"
"68","000","00","002","0274","0749","1075","798","277","38","1113","1780","0","62.53","44.83"
"68","000","00","002","0274","0750","780","595","185","16","796","1372","0","58.02","43.37"
"68","000","00","002","0274","0751","946","675","271","19","965","1668","0","57.85","40.47"
"68","000","00","002","0275","0000","1623","1247","376","51","1674","3555","0","47.09","35.08"
"68","000","00","002","0275","0656","783","615","168","31","814","1743","0","46.7","35.28"
"68","000","00","002","0275","0657","840","632","208","20","860","1812","0","47.46","34.88"
"68","000","00","002","0276","0000","1881","1431","450","59","1940","3484","0","55.68","41.07"
"68","000","00","002","0276","0625","980","728","252","41","1021","1795","0","56.88","40.56"
"68","000","00","002","0276","0626","901","703","198","18","919","1689","0","54.41","41.62"
"68","000","00","002","0277","0000","1745","1322","423","79","1824","3448","0","52.9","38.34"
"68","000","00","002","0277","0685","928","717","211","43","971","1739","0","55.84","41.23"
"68","000","00","002","0277","0686","817","605","212","36","853","1709","0","49.91","35.4"
"68","000","00","002","0278","0000","1771","1341","430","65","1836","3319","0","55.32","40.4"
"68","000","00","002","0278","0687","881","656","225","31","912","1655","0","55.11","39.64"
"68","000","00","002","0278","0688","890","685","205","34","924","1664","0","55.53","41.17"
"68","000","00","002","0279","0000","2382","1764","618","88","2470","4416","0","55.93","39.95"
"68","000","00","002","0279","0734","673","519","154","31","704","1164","0","60.48","44.59"
"68","000","00","002","0279","0735","801","567","234","22","823","1482","0","55.53","38.26"
"68","000","00","002","0279","0736","908","678","230","35","943","1770","0","53.28","38.31"
"68","000","00","002","0280","0000","1405","992","413","58","1463","2405","0","60.83","41.25"
"68","000","00","002","0280","0759","704","490","214","37","741","1223","0","60.59","40.07"
"68","000","00","002","0280","0760","701","502","199","21","722","1182","0","61.08","42.47"
"68","000","00","002","0281","0000","1648","1177","471","46","1694","3243","0","52.24","36.29"
"68","000","00","002","0281","0677","842","616","226","27","869","1702","0","51.06","36.19"
"68","000","00","002","0281","0678","806","561","245","19","825","1541","0","53.54","36.4"
"68","000","00","002","0282","0000","2301","1687","614","59","2360","4712","0","50.08","35.8"
"68","000","00","002","0282","0599","642","468","174","19","661","1155","0","57.23","40.52"
"68","000","00","002","0282","0600","827","620","207","22","849","1800","0","47.17","34.44"
"68","000","00","002","0282","0601","832","599","233","18","850","1757","0","48.38","34.09"
"68","000","00","002","0283","0000","2670","1889","781","76","2746","5423","0","50.64","34.83"
"68","000","00","002","0283","0682","849","601","248","32","881","1735","0","50.78","34.64"
"68","000","00","002","0283","0683","909","639","270","18","927","1815","0","51.07","35.21"
"68","000","00","002","0283","0684","912","649","263","26","938","1873","0","50.08","34.65"
"68","000","00","002","0284","0000","2168","1584","584","76","2244","3731","0","60.14","42.46"
"68","000","00","002","0284","0726","723","536","187","34","757","1302","0","58.14","41.17"
"68","000","00","002","0284","0727","683","498","185","14","697","1203","0","57.94","41.4"
"68","000","00","002","0284","0728","762","550","212","28","790","1226","0","64.44","44.86"
"68","000","00","002","0285","0000","2117","1428","689","64","2181","3970","0","54.94","35.97"
"68","000","00","002","0285","0739","1038","675","363","27","1065","1941","0","54.87","34.78"
"68","000","00","002","0285","0740","1079","753","326","37","1116","2029","0","55.0","37.11"
"68","000","00","003","0000","0000","39608","29684","9924","1971","41579","78285","94862","53.11","37.92"
"68","000","00","003","0301","0000","804","573","231","34","838","1477","0","56.74","38.79"
"68","000","00","003","0301","0522","804","573","231","34","838","1477","0","56.74","38.79"
"68","000","00","003","0302","0000","544","411","133","19","563","1006","0","55.96","40.85"
"68","000","00","003","0302","0523","544","411","133","19","563","1006","0","55.96","40.85"
"68","000","00","003","0303","0000","2256","1627","629","86","2342","4752","0","49.28","34.24"
"68","000","00","003","0303","0527","747","544","203","18","765","1585","0","48.26","34.32"
"68","000","00","003","0303","0528","804","548","256","33","837","1612","0","51.92","34.0"
"68","000","00","003","0303","0529","705","535","170","35","740","1555","0","47.59","34.41"
"68","000","00","003","0304","0000","2874","2150","724","147","3021","5544","0","54.49","38.78"
"68","000","00","003","0304","0530","735","533","202","39","774","1282","0","60.37","41.58"
"68","000","00","003","0304","0531","705","530","175","28","733","1392","0","52.66","38.07"
"68","000","00","003","0304","0532","688","526","162","34","722","1422","0","50.77","36.99"
"68","000","00","003","0304","0533","746","561","185","46","792","1448","0","54.7","38.74"
"68","000","00","003","0305","0000","741","551","190","38","779","1269","0","61.39","43.42"
"68","000","00","003","0305","0534","741","551","190","38","779","1269","0","61.39","43.42"
"68","000","00","003","0306","0000","543","425","118","50","593","977","0","60.7","43.5"
"68","000","00","003","0306","0535","543","425","118","50","593","977","0","60.7","43.5"
"68","000","00","003","0307","0000","1481","1099","382","106","1587","3036","0","52.27","36.2"
"68","000","00","003","0307","0539","496","356","140","37","533","1056","0","50.47","33.71"
"68","000","00","003","0307","0540","610","451","159","44","654","1263","0","51.78","35.71"
"68","000","00","003","0307","0541","375","292","83","25","400","717","0","55.79","40.73"
"68","000","00","003","0308","0000","1059","787","272","49","1108","2275","0","48.7","34.59"
"68","000","00","003","0308","0542","554","410","144","11","565","1299","0","43.49","31.56"
"68","000","00","003","0308","0543","505","377","128","38","543","976","0","55.64","38.63"
"68","000","00","003","0309","0000","485","380","105","25","510","938","0","54.37","40.51"
"68","000","00","003","0309","0544","485","380","105","25","510","938","0","54.37","40.51"
"68","000","00","003","0310","0000","410","325","85","23","433","832","0","52.04","39.06"
"68","000","00","003","0310","0545","410","325","85","23","433","832","0","52.04","39.06"
"68","000","00","003","0311","0000","746","572","174","30","776","1359","0","57.1","42.09"
"68","000","00","003","0311","0536","746","572","174","30","776","1359","0","57.1","42.09"
"68","000","00","003","0312","0000","963","689","274","74","1037","1795","0","57.77","38.38"
"68","000","00","003","0312","0537","638","459","179","47","685","1135","0","60.35","40.44"
"68","000","00","003","0312","0538","325","230","95","27","352","660","0","53.33","34.85"
"68","000","00","003","0313","0000","1279","1004","275","84","1363","2713","0","50.24","37.01"
"68","000","00","003","0313","0548","676","514","162","37","713","1410","0","50.57","36.45"
"68","000","00","003","0313","0549","603","490","113","47","650","1303","0","49.88","37.61"
"68","000","00","003","0314","0000","711","537","174","42","753","1560","0","48.27","34.42"
"68","000","00","003","0314","0546","383","291","92","22","405","866","0","46.77","33.6"
"68","000","00","003","0314","0547","328","246","82","20","348","694","0","50.14","35.45"
"68","000","00","003","0315","0000","1292","1015","277","74","1366","2852","0","47.9","35.59"
"68","000","00","003","0315","0557","703","550","153","41","744","1446","0","51.45","38.04"
"68","000","00","003","0315","0558","589","465","124","33","622","1406","0","44.24","33.07"
"68","000","00","003","0316","0000","1341","1038","303","43","1384","2542","0","54.45","40.83"
"68","000","00","003","0316","0555","651","525","126","29","680","1173","0","57.97","44.76"
"68","000","00","003","0316","0556","690","513","177","14","704","1369","0","51.42","37.47"
"68","000","00","003","0317","0000","1904","1383","521","95","1999","3603","0","55.48","38.38"
"68","000","00","003","0317","0550","562","411","151","29","591","1125","0","52.53","36.53"
"68","000","00","003","0317","0551","617","439","178","26","643","1170","0","54.96","37.52"
"68","000","00","003","0317","0552","725","533","192","40","765","1308","0","58.49","40.75"
"68","000","00","003","0318","0000","2637","2000","637","94","2731","5012","0","54.49","39.9"
"68","000","00","003","0318","0562","844","631","213","24","868","1684","0","51.54","37.47"
"68","000","00","003","0318","0563","1053","785","268","29","1082","1959","0","55.23","40.07"
"68","000","00","003","0318","0564","740","584","156","41","781","1369","0","57.05","42.66"
"68","000","00","003","0319","0000","1442","1077","365","56","1498","3088","0","48.51","34.88"
"68","000","00","003","0319","0565","770","576","194","35","805","1431","0","56.25","40.25"
"68","000","00","003","0319","0566","672","501","171","21","693","1657","0","41.82","30.24"
"68","000","00","003","0320","0000","737","550","187","18","755","1514","0","49.87","36.33"
"68","000","00","003","0320","0575","737","550","187","18","755","1514","0","49.87","36.33"
"68","000","00","003","0321","0000","2240","1626","614","143","2383","4947","0","48.17","32.87"
"68","000","00","003","0321","0570","737","532","205","47","784","1511","0","51.89","35.21"
"68","000","00","003","0321","0571","756","543","213","49","805","1719","0","46.83","31.59"
"68","000","00","003","0321","0572","747","551","196","47","794","1717","0","46.24","32.09"
"68","000","00","003","0322","0000","1943","1479","464","97","2040","3732","0","54.66","39.63"
"68","000","00","003","0322","0578","480","380","100","11","491","831","0","59.09","45.73"
"68","000","00","003","0322","0579","748","553","195","41","789","1407","0","56.08","39.3"
"68","000","00","003","0322","0580","715","546","169","45","760","1494","0","50.87","36.55"
"68","000","00","003","0323","0000","1243","944","299","85","1328","2395","0","55.45","39.42"
"68","000","00","003","0323","0573","614","464","150","39","653","1207","0","54.1","38.44"
"68","000","00","003","0323","0574","629","480","149","46","675","1188","0","56.82","40.4"
"68","000","00","003","0324","0000","1538","1164","374","65","1603","2789","0","57.48","41.74"
"68","000","00","003","0324","0576","826","626","200","34","860","1529","0","56.25","40.94"
"68","000","00","003","0324","0577","712","538","174","31","743","1260","0","58.97","42.7"
"68","000","00","003","0325","0000","2300","1654","646","115","2415","4508","0","53.57","36.69"
"68","000","00","003","0325","0524","773","570","203","41","814","1553","0","52.41","36.7"
"68","000","00","003","0325","0525","829","586","243","44","873","1597","0","54.66","36.69"
"68","000","00","003","0325","0526","698","498","200","30","728","1358","0","53.61","36.67"
"68","000","00","003","0326","0000","1929","1464","465","69","1998","3875","0","51.56","37.78"
"68","000","00","003","0326","0567","602","459","143","26","628","1387","0","45.28","33.09"
"68","000","00","003","0326","0568","555","420","135","23","578","1085","0","53.27","38.71"
"68","000","00","003","0326","0569","772","585","187","20","792","1403","0","56.45","41.7"
"68","000","00","003","0327","0000","2493","1881","612","112","2605","4648","0","56.05","40.47"
"68","000","00","003","0327","0559","844","641","203","18","862","1592","0","54.15","40.26"
"68","000","00","003","0327","0560","807","618","189","49","856","1497","0","57.18","41.28"
"68","000","00","003","0327","0561","842","622","220","45","887","1559","0","56.9","39.9"
"68","000","00","003","0328","0000","1673","1279","394","98","1771","3247","0","54.54","39.39"
"68","000","00","003","0328","0553","562","419","143","59","621","1094","0","56.76","38.3"
"68","000","00","003","0328","0554","1111","860","251","39","1150","2153","0","53.41","39.94"
"68","000","00","004","0000","0000","68236","51619","16617","2449","70685","137917","169991","51.25","37.43"
"68","000","00","004","0401","0000","1898","1480","418","52","1950","3705","0","52.63","39.95"
"68","000","00","004","0401","0960","973","748","225","27","1000","1943","0","51.47","38.5"
"68","000","00","004","0401","0961","925","732","193","25","950","1762","0","53.92","41.54"
"68","000","00","004","0402","0000","581","440","141","12","593","1083","0","54.76","40.63"
"68","000","00","004","0402","0962","581","440","141","12","593","1083","0","54.76","40.63"
"68","000","00","004","0403","0000","1461","1222","239","63","1524","2633","0","57.88","46.41"
"68","000","00","004","0403","0964","699","533","166","35","734","1274","0","57.61","41.84"
"68","000","00","004","0403","0965","762","689","73","28","790","1359","0","58.13","50.7"
"68","000","00","004","0404","0000","2934","2185","749","79","3013","6964","0","43.27","31.38"
"68","000","00","004","0404","0966","843","604","239","26","869","2444","0","35.56","24.71"
"68","000","00","004","0404","0967","1013","769","244","32","1045","2298","0","45.47","33.46"
"68","000","00","004","0404","0968","1078","812","266","21","1099","2222","0","49.46","36.54"
"68","000","00","004","0405","0000","1664","1238","426","72","1736","3237","0","53.63","38.25"
"68","000","00","004","0405","0969","824","617","207","40","864","1610","0","53.66","38.32"
"68","000","00","004","0405","0970","840","621","219","32","872","1627","0","53.6","38.17"
"68","000","00","004","0406","0000","1220","915","305","57","1277","2776","0","46.0","32.96"
"68","000","00","004","0406","0973","749","568","181","39","788","1776","0","44.37","31.98"
"68","000","00","004","0406","0974","471","347","124","18","489","1000","0","48.9","34.7"
"68","000","00","004","0407","0000","2235","1731","504","111","2346","4112","0","57.05","42.1"
"68","000","00","004","0407","1003","785","613","172","27","812","1448","0","56.08","42.33"
"68","000","00","004","0407","1004","722","561","161","44","766","1351","0","56.7","41.52"
"68","000","00","004","0407","1005","728","557","171","40","768","1313","0","58.49","42.42"
"68","000","00","004","0408","0000","1366","1034","332","44","1410","2602","0","54.19","39.74"
"68","000","00","004","0408","0989","621","466","155","29","650","1194","0","54.44","39.03"
"68","000","00","004","0408","0990","745","568","177","15","760","1408","0","53.98","40.34"
"68","000","00","004","0409","0000","1003","769","234","47","1050","2027","0","51.8","37.94"
"68","000","00","004","0409","0963","1003","769","234","47","1050","2027","0","51.8","37.94"
"68","000","00","004","0410","0000","1805","1365","440","39","1844","3300","0","55.88","41.36"
"68","000","00","004","0410","0956","890","661","229","11","901","1713","0","52.6","38.59"
"68","000","00","004","0410","0957","915","704","211","28","943","1587","0","59.42","44.36"
"68","000","00","004","0411","0000","770","587","183","34","804","1434","0","56.07","40.93"
"68","000","00","004","0411","0929","770","587","183","34","804","1434","0","56.07","40.93"
"68","000","00","004","0412","0000","631","487","144","32","663","1137","0","58.31","42.83"
"68","000","00","004","0412","0932","631","487","144","32","663","1137","0","58.31","42.83"
"68","000","00","004","0413","0000","2544","1923","621","98","2642","5314","0","49.72","36.19"
"68","000","00","004","0413","0936","775","591","184","40","815","1449","0","56.25","40.79"
"68","000","00","004","0413","0937","824","601","223","44","868","1877","0","46.24","32.02"
"68","000","00","004","0413","0938","945","731","214","14","959","1988","0","48.24","36.77"
"68","000","00","004","0414","0000","2076","1527","549","46","2122","4219","0","50.3","36.19"
"68","000","00","004","0414","0933","1083","793","290","26","1109","2211","0","50.16","35.87"
"68","000","00","004","0414","0934","993","734","259","20","1013","2008","0","50.45","36.55"
"68","000","00","004","0415","0000","1852","1354","498","44","1896","3730","0","50.83","36.3"
"68","000","00","004","0415","0942","900","666","234","23","923","1848","0","49.95","36.04"
"68","000","00","004","0415","0943","952","688","264","21","973","1882","0","51.7","36.56"
"68","000","00","004","0416","0000","1697","1312","385","46","1743","3657","0","47.66","35.88"
"68","000","00","004","0416","0991","764","594","170","23","787","1737","0","45.31","34.2"
"68","000","00","004","0416","0992","933","718","215","23","956","1920","0","49.79","37.4"
"68","000","00","004","0417","0000","1738","1321","417","53","1791","3378","0","53.02","39.11"
"68","000","00","004","0417","0997","886","700","186","34","920","1692","0","54.37","41.37"
"68","000","00","004","0417","0998","852","621","231","19","871","1686","0","51.66","36.83"
"68","000","00","004","0418","0000","2192","1711","481","115","2307","3923","0","58.81","43.61"
"68","000","00","004","0418","0926","662","522","140","49","711","1269","0","56.03","41.13"
"68","000","00","004","0418","0927","739","570","169","34","773","1246","0","62.04","45.75"
"68","000","00","004","0418","0928","791","619","172","32","823","1408","0","58.45","43.96"
"68","000","00","004","0419","0000","1528","1163","365","84","1612","3172","0","50.82","36.66"
"68","000","00","004","0419","0930","747","571","176","45","792","1515","0","52.28","37.69"
"68","000","00","004","0419","0931","781","592","189","39","820","1657","0","49.49","35.73"
"68","000","00","004","0420","0000","891","684","207","41","932","1861","0","50.08","36.75"
"68","000","00","004","0420","0977","891","684","207","41","932","1861","0","50.08","36.75"
"68","000","00","004","0421","0000","1752","1308","444","99","1851","3841","0","48.19","34.05"
"68","000","00","004","0421","0975","973","737","236","61","1034","2290","0","45.15","32.18"
"68","000","00","004","0421","0976","779","571","208","38","817","1551","0","52.68","36.81"
"68","000","00","004","0422","0000","1332","1012","320","92","1424","2685","0","53.04","37.69"
"68","000","00","004","0422","0980","743","570","173","57","800","1498","0","53.4","38.05"
"68","000","00","004","0422","0981","589","442","147","35","624","1187","0","52.57","37.24"
"68","000","00","004","0423","0000","1823","1398","425","39","1862","3752","0","49.63","37.26"
"68","000","00","004","0423","1006","858","658","200","22","880","1689","0","52.1","38.96"
"68","000","00","004","0423","1007","965","740","225","17","982","2063","0","47.6","35.87"
"68","000","00","004","0424","0000","1397","1061","336","64","1461","2694","0","54.23","39.38"
"68","000","00","004","0424","0982","677","507","170","35","712","1270","0","56.06","39.92"
"68","000","00","004","0424","0983","720","554","166","29","749","1424","0","52.6","38.9"
"68","000","00","004","0425","0000","2422","1818","604","102","2524","5412","0","46.64","33.59"
"68","000","00","004","0425","0986","768","558","210","47","815","1783","0","45.71","31.3"
"68","000","00","004","0425","0987","801","632","169","19","820","1709","0","47.98","36.98"
"68","000","00","004","0425","0988","853","628","225","36","889","1920","0","46.3","32.71"
"68","000","00","004","0426","0000","1656","1222","434","36","1692","3007","0","56.27","40.64"
"68","000","00","004","0426","0958","802","582","220","16","818","1416","0","57.77","41.1"
"68","000","00","004","0426","0959","854","640","214","20","874","1591","0","54.93","40.23"
"68","000","00","004","0427","0000","3003","2205","798","97","3100","6381","0","48.58","34.56"
"68","000","00","004","0427","0950","974","721","253","30","1004","2101","0","47.79","34.32"
"68","000","00","004","0427","0951","1032","747","285","38","1070","2054","0","52.09","36.37"
"68","000","00","004","0427","0952","997","737","260","29","1026","2226","0","46.09","33.11"
"68","000","00","004","0428","0000","1854","1449","405","53","1907","3687","0","51.72","39.3"
"68","000","00","004","0428","0946","713","526","187","12","725","1562","0","46.41","33.67"
"68","000","00","004","0428","0947","1141","923","218","41","1182","2125","0","55.62","43.44"
"68","000","00","004","0429","0000","1617","1167","450","31","1648","3248","0","50.74","35.93"
"68","000","00","004","0429","0953","760","567","193","13","773","1405","0","55.02","40.36"
"68","000","00","004","0429","0954","857","600","257","18","875","1843","0","47.48","32.56"
"68","000","00","004","0430","0000","1734","1327","407","77","1811","3347","0","54.11","39.65"
"68","000","00","004","0430","0971","835","661","174","39","874","1589","0","55.0","41.6"
"68","000","00","004","0430","0972","899","666","233","38","937","1758","0","53.3","37.88"
"68","000","00","004","0431","0000","1754","1279","475","52","1806","3883","0","46.51","32.94"
"68","000","00","004","0431","0995","915","674","241","28","943","2020","0","46.68","33.37"
"68","000","00","004","0431","0996","839","605","234","24","863","1863","0","46.32","32.47"
"68","000","00","004","0432","0000","1787","1323","464","76","1863","3492","0","53.35","37.89"
"68","000","00","004","0432","1001","891","655","236","41","932","1603","0","58.14","40.86"
"68","000","00","004","0432","1002","896","668","228","35","931","1889","0","49.29","35.36"
"68","000","00","004","0433","0000","1674","1241","433","71","1745","3183","0","54.82","38.99"
"68","000","00","004","0433","0999","850","628","222","38","888","1626","0","54.61","38.62"
"68","000","00","004","0433","1000","824","613","211","33","857","1557","0","55.04","39.37"
"68","000","00","004","0434","0000","2792","2109","683","64","2856","5546","0","51.5","38.03"
"68","000","00","004","0434","0939","998","715","283","19","1017","1931","0","52.67","37.03"
"68","000","00","004","0434","0940","922","718","204","28","950","1938","0","49.02","37.05"
"68","000","00","004","0434","0941","872","676","196","17","889","1677","0","53.01","40.31"
"68","000","00","004","0435","0000","1010","713","297","23","1033","1911","0","54.06","37.31"
"68","000","00","004","0435","0935","1010","713","297","23","1033","1911","0","54.06","37.31"
"68","000","00","004","0436","0000","1550","1123","427","47","1597","3479","0","45.9","32.28"
"68","000","00","004","0436","0944","620","442","178","17","637","1541","0","41.34","28.68"
"68","000","00","004","0436","0945","930","681","249","30","960","1938","0","49.54","35.14"
"68","000","00","004","0437","0000","1395","1180","215","71","1466","2725","0","53.8","43.3"
"68","000","00","004","0437","0993","613","483","130","24","637","1234","0","51.62","39.14"
"68","000","00","004","0437","0994","782","697","85","47","829","1491","0","55.6","46.75"
"68","000","00","004","0438","0000","1349","1042","307","60","1409","2926","0","48.15","35.61"
"68","000","00","004","0438","0978","511","388","123","29","540","1141","0","47.33","34.01"
"68","000","00","004","0438","0979","838","654","184","31","869","1785","0","48.68","36.64"
"68","000","00","004","0439","0000","1010","743","267","40","1050","2324","0","45.18","31.97"
"68","000","00","004","0439","0955","1010","743","267","40","1050","2324","0","45.18","31.97"
"68","000","00","004","0440","0000","1747","1325","422","42","1789","3323","0","53.84","39.87"
"68","000","00","004","0440","0948","869","664","205","24","893","1516","0","58.91","43.8"
"68","000","00","004","0440","0949","878","661","217","18","896","1807","0","49.58","36.58"
"68","000","00","004","0441","0000","1492","1126","366","44","1536","2807","0","54.72","40.11"
"68","000","00","004","0441","0984","795","600","195","19","814","1273","0","63.94","47.13"
"68","000","00","004","0441","0985","697","526","171","25","722","1534","0","47.07","34.29"
"68","000","00","005","0000","0000","64131","45943","18188","2227","66358","129252","164057","51.34","35.55"
"68","000","00","005","0501","0000","1406","1038","368","83","1489","2896","0","51.42","35.84"
"68","000","00","005","0501","0396","685","506","179","26","711","1358","0","52.36","37.26"
"68","000","00","005","0501","0397","721","532","189","57","778","1538","0","50.59","34.59"
"68","000","00","005","0502","0000","1739","1304","435","97","1836","3791","0","48.43","34.4"
"68","000","00","005","0502","0398","844","642","202","54","898","2118","0","42.4","30.31"
"68","000","00","005","0502","0399","895","662","233","43","938","1673","0","56.07","39.57"
"68","000","00","005","0503","0000","2282","1670","612","78","2360","4816","0","49.0","34.68"
"68","000","00","005","0503","0404","694","525","169","26","720","1446","0","49.79","36.31"
"68","000","00","005","0503","0405","747","547","200","33","780","1623","0","48.06","33.7"
"68","000","00","005","0503","0406","841","598","243","19","860","1747","0","49.23","34.23"
"68","000","00","005","0504","0000","2240","1622","618","66","2306","4687","0","49.2","34.61"
"68","000","00","005","0504","0411","1100","785","315","26","1126","2189","0","51.44","35.86"
"68","000","00","005","0504","0412","1140","837","303","40","1180","2498","0","47.24","33.51"
"68","000","00","005","0506","0000","1741","1254","487","103","1844","4088","0","45.11","30.68"
"68","000","00","005","0506","0414","807","593","214","43","850","1991","0","42.69","29.78"
"68","000","00","005","0506","0415","934","661","273","60","994","2097","0","47.4","31.52"
"68","000","00","005","0507","0000","1796","1282","514","46","1842","3567","0","51.64","35.94"
"68","000","00","005","0507","0430","958","718","240","25","983","1864","0","52.74","38.52"
"68","000","00","005","0507","0431","838","564","274","21","859","1703","0","50.44","33.12"
"68","000","00","005","0508","0000","1995","1370","625","42","2037","3815","0","53.39","35.91"
"68","000","00","005","0508","0432","952","666","286","25","977","1893","0","51.61","35.18"
"68","000","00","005","0508","0433","1043","704","339","17","1060","1922","0","55.15","36.63"
"68","000","00","005","0509","0000","1293","915","378","45","1338","2380","0","56.22","38.45"
"68","000","00","005","0509","0440","696","481","215","24","720","1181","0","60.97","40.73"
"68","000","00","005","0509","0441","597","434","163","21","618","1199","0","51.54","36.2"
"68","000","00","005","0510","0000","1267","968","299","73","1340","2521","0","53.15","38.4"
"68","000","00","005","0510","0459","545","415","130","27","572","1318","0","43.4","31.49"
"68","000","00","005","0510","0460","722","553","169","46","768","1203","0","63.84","45.97"
"68","000","00","005","0511","0000","818","597","221","27","845","1771","0","47.71","33.71"
"68","000","00","005","0511","0461","818","597","221","27","845","1771","0","47.71","33.71"
"68","000","00","005","0512","0000","1656","1219","437","102","1758","3595","0","48.9","33.91"
"68","000","00","005","0512","0462","823","602","221","45","868","1832","0","47.38","32.86"
"68","000","00","005","0512","0463","833","617","216","57","890","1763","0","50.48","35.0"
"68","000","00","005","0513","0000","673","486","187","11","684","1497","0","45.69","32.46"
"68","000","00","005","0513","0464","673","486","187","11","684","1497","0","45.69","32.46"
"68","000","00","005","0514","0000","909","708","201","84","993","1671","0","59.43","42.37"
"68","000","00","005","0514","0465","909","708","201","84","993","1671","0","59.43","42.37"
"68","000","00","005","0515","0000","1313","977","336","91","1404","2488","0","56.43","39.27"
"68","000","00","005","0515","0466","502","382","120","36","538","929","0","57.91","41.12"
"68","000","00","005","0515","0467","811","595","216","55","866","1559","0","55.55","38.17"
"68","000","00","005","0516","0000","1668","1276","392","59","1727","2938","0","58.78","43.43"
"68","000","00","005","0516","0468","793","604","189","22","815","1497","0","54.44","40.35"
"68","000","00","005","0516","0469","875","672","203","37","912","1441","0","63.29","46.63"
"68","000","00","005","0517","0000","1588","1132","456","37","1625","3161","0","51.41","35.81"
"68","000","00","005","0517","0428","779","576","203","17","796","1668","0","47.72","34.53"
"68","000","00","005","0517","0429","809","556","253","20","829","1493","0","55.53","37.24"
"68","000","00","005","0518","0000","2496","1682","814","71","2567","5039","0","50.94","33.38"
"68","000","00","005","0518","0416","779","550","229","22","801","1558","0","51.41","35.3"
"68","000","00","005","0518","0417","967","624","343","26","993","1891","0","52.51","33.0"
"68","000","00","005","0518","0418","750","508","242","23","773","1590","0","48.62","31.95"
"68","000","00","005","0519","0000","1277","959","318","38","1315","2588","0","50.81","37.06"
"68","000","00","005","0519","0438","641","497","144","19","660","1232","0","53.57","40.34"
"68","000","00","005","0519","0439","636","462","174","19","655","1356","0","48.3","34.07"
"68","000","00","005","0520","0000","1549","1115","434","58","1607","3150","0","51.02","35.4"
"68","000","00","005","0520","0436","836","599","237","19","855","1688","0","50.65","35.49"
"68","000","00","005","0520","0437","713","516","197","39","752","1462","0","51.44","35.29"
"68","000","00","005","0521","0000","710","521","189","14","724","1322","0","54.77","39.41"
"68","000","00","005","0521","0413","710","521","189","14","724","1322","0","54.77","39.41"
"68","000","00","005","0522","0000","1723","1236","487","65","1788","3425","0","52.2","36.09"
"68","000","00","005","0522","0407","987","705","282","41","1028","1988","0","51.71","35.46"
"68","000","00","005","0522","0408","736","531","205","24","760","1437","0","52.89","36.95"
"68","000","00","005","0523","0000","1557","1273","284","55","1612","2979","0","54.11","42.73"
"68","000","00","005","0523","0409","840","730","110","32","872","1532","0","56.92","47.65"
"68","000","00","005","0523","0410","717","543","174","23","740","1447","0","51.14","37.53"
"68","000","00","005","0524","0000","1638","1160","478","66","1704","3172","0","53.72","36.57"
"68","000","00","005","0524","0457","831","589","242","30","861","1483","0","58.06","39.72"
"68","000","00","005","0524","0458","807","571","236","36","843","1689","0","49.91","33.81"
"68","000","00","005","0525","0000","2154","1485","669","43","2197","4595","0","47.81","32.32"
"68","000","00","005","0525","0453","1283","891","392","19","1302","2727","0","47.74","32.67"
"68","000","00","005","0525","0454","871","594","277","24","895","1868","0","47.91","31.8"
"68","000","00","005","0526","0000","2070","1394","676","62","2132","4233","0","50.37","32.93"
"68","000","00","005","0526","0446","1007","691","316","31","1038","2055","0","50.51","33.63"
"68","000","00","005","0526","0447","1063","703","360","31","1094","2178","0","50.23","32.28"
"68","000","00","005","0527","0000","1734","1212","522","42","1776","3551","0","50.01","34.13"
"68","000","00","005","0527","0425","829","586","243","23","852","1731","0","49.22","33.85"
"68","000","00","005","0527","0426","905","626","279","19","924","1820","0","50.77","34.4"
"68","000","00","005","0528","0000","2266","1590","676","70","2336","4926","0","47.42","32.28"
"68","000","00","005","0528","0419","1040","734","306","43","1083","2404","0","45.05","30.53"
"68","000","00","005","0528","0420","1226","856","370","27","1253","2522","0","49.68","33.94"
"68","000","00","005","0529","0000","1679","1164","515","50","1729","3348","0","51.64","34.77"
"68","000","00","005","0529","0421","823","580","243","20","843","1633","0","51.62","35.52"
"68","000","00","005","0529","0422","856","584","272","30","886","1715","0","51.66","34.05"
"68","000","00","005","0530","0000","850","611","239","32","882","1633","0","54.01","37.42"
"68","000","00","005","0530","0427","850","611","239","32","882","1633","0","54.01","37.42"
"68","000","00","005","0531","0000","2865","1963","902","83","2948","5379","0","54.81","36.49"
"68","000","00","005","0531","0449","884","625","259","34","918","1667","0","55.07","37.49"
"68","000","00","005","0531","0450","930","633","297","16","946","1745","0","54.21","36.28"
"68","000","00","005","0531","0451","1051","705","346","33","1084","1967","0","55.11","35.84"
"68","000","00","005","0532","0000","1874","1277","597","53","1927","3511","0","54.88","36.37"
"68","000","00","005","0532","0448","889","582","307","31","920","1709","0","53.83","34.06"
"68","000","00","005","0532","0452","985","695","290","22","1007","1802","0","55.88","38.57"
"68","000","00","005","0533","0000","1597","1116","481","31","1628","3133","0","51.96","35.62"
"68","000","00","005","0533","0442","902","624","278","12","914","1710","0","53.45","36.49"
"68","000","00","005","0533","0443","695","492","203","19","714","1423","0","50.18","34.57"
"68","000","00","005","0534","0000","1634","1160","474","46","1680","3161","0","53.15","36.7"
"68","000","00","005","0534","0444","797","548","249","21","818","1522","0","53.75","36.01"
"68","000","00","005","0534","0445","837","612","225","25","862","1639","0","52.59","37.34"
"68","000","00","005","0535","0000","1464","1050","414","24","1488","2731","0","54.49","38.45"
"68","000","00","005","0535","0434","740","548","192","9","749","1393","0","53.77","39.34"
"68","000","00","005","0535","0435","724","502","222","15","739","1338","0","55.23","37.52"
"68","000","00","005","0536","0000","2164","1523","641","45","2209","4604","0","47.98","33.08"
"68","000","00","005","0536","0402","1122","808","314","27","1149","2250","0","51.07","35.91"
"68","000","00","005","0536","0403","1042","715","327","18","1060","2354","0","45.03","30.37"
"68","000","00","005","0537","0000","1673","1211","462","54","1727","3199","0","53.99","37.86"
"68","000","00","005","0537","0400","794","569","225","24","818","1500","0","54.53","37.93"
"68","000","00","005","0537","0401","879","642","237","30","909","1699","0","53.5","37.79"
"68","000","00","005","0538","0000","1579","1088","491","51","1630","3153","0","51.7","34.51"
"68","000","00","005","0538","0455","757","536","221","23","780","1537","0","50.75","34.87"
"68","000","00","005","0538","0456","822","552","270","28","850","1616","0","52.6","34.16"
"68","000","00","005","0539","0000","1974","1400","574","60","2034","4244","0","47.93","32.99"
"68","000","00","005","0539","0423","1020","738","282","25","1045","2215","0","47.18","33.32"
"68","000","00","005","0539","0424","954","662","292","35","989","2029","0","48.74","32.63"
"68","000","00","005","0540","0000","1220","935","285","70","1290","2494","0","51.72","37.49"
"68","000","00","005","0540","0470","716","542","174","41","757","1465","0","51.67","37.0"
"68","000","00","005","0540","0471","504","393","111","29","533","1029","0","51.8","38.19"
"68","000","00","006","0000","0000","35824","26423","9401","1374","37198","73900","90407","50.34","35.76"
"68","000","00","006","0601","0000","2946","2130","816","108","3054","6145","0","49.7","34.66"
"68","000","00","006","0601","0472","676","487","189","35","711","1538","0","46.23","31.66"
"68","000","00","006","0601","0473","652","465","187","16","668","1616","0","41.34","28.77"
"68","000","00","006","0601","0474","776","549","227","38","814","1437","0","56.65","38.2"
"68","000","00","006","0601","0475","842","629","213","19","861","1554","0","55.41","40.48"
"68","000","00","006","0602","0000","3169","2311","858","127","3296","6471","0","50.93","35.71"
"68","000","00","006","0602","0476","627","452","175","18","645","1237","0","52.14","36.54"
"68","000","00","006","0602","0477","666","491","175","34","700","1347","0","51.97","36.45"
"68","000","00","006","0602","0478","635","445","190","26","661","1261","0","52.42","35.29"
"68","000","00","006","0602","0479","617","457","160","22","639","1256","0","50.88","36.39"
"68","000","00","006","0602","0480","624","466","158","27","651","1370","0","47.52","34.01"
"68","000","00","006","0603","0000","2027","1536","491","92","2119","4617","0","45.9","33.27"
"68","000","00","006","0603","0481","710","519","191","32","742","1610","0","46.09","32.24"
"68","000","00","006","0603","0482","677","529","148","37","714","1419","0","50.32","37.28"
"68","000","00","006","0603","0483","640","488","152","23","663","1588","0","41.75","30.73"
"68","000","00","006","0604","0000","785","563","222","31","816","1612","0","50.62","34.93"
"68","000","00","006","0604","0484","785","563","222","31","816","1612","0","50.62","34.93"
"68","000","00","006","0605","0000","5023","3533","1490","187","5210","10011","0","52.04","35.29"
"68","000","00","006","0605","0485","686","512","174","33","719","1440","0","49.93","35.56"
"68","000","00","006","0605","0486","616","434","182","34","650","1326","0","49.02","32.73"
"68","000","00","006","0605","0487","788","598","190","30","818","1455","0","56.22","41.1"
"68","000","00","006","0605","0488","810","585","225","33","843","1562","0","53.97","37.45"
"68","000","00","006","0605","0489","697","480","217","30","727","1284","0","56.62","37.38"
"68","000","00","006","0605","0490","689","451","238","4","693","1454","0","47.66","31.02"
"68","000","00","006","0605","0491","737","473","264","23","760","1490","0","51.01","31.74"
"68","000","00","006","0606","0000","2350","1753","597","99","2449","4861","0","50.38","36.06"
"68","000","00","006","0606","0492","749","557","192","30","779","1617","0","48.18","34.45"
"68","000","00","006","0606","0493","805","601","204","28","833","1594","0","52.26","37.7"
"68","000","00","006","0606","0494","796","595","201","41","837","1650","0","50.73","36.06"
"68","000","00","006","0607","0000","2894","2150","744","101","2995","5896","0","50.8","36.47"
"68","000","00","006","0607","0495","699","521","178","19","718","1467","0","48.94","35.51"
"68","000","00","006","0607","0496","738","544","194","29","767","1494","0","51.34","36.41"
"68","000","00","006","0607","0497","756","566","190","31","787","1538","0","51.17","36.8"
"68","000","00","006","0607","0498","701","519","182","22","723","1397","0","51.75","37.15"
"68","000","00","006","0608","0000","771","584","187","17","788","1637","0","48.14","35.68"
"68","000","00","006","0608","0499","771","584","187","17","788","1637","0","48.14","35.68"
"68","000","00","006","0610","0000","1499","1132","367","59","1558","2866","0","54.36","39.5"
"68","000","00","006","0610","0500","670","495","175","22","692","1452","0","47.66","34.09"
"68","000","00","006","0610","0501","829","637","192","37","866","1414","0","61.24","45.05"
"68","000","00","006","0611","0000","3214","2379","835","81","3295","6871","0","47.96","34.62"
"68","000","00","006","0611","0502","831","617","214","38","869","1670","0","52.04","36.95"
"68","000","00","006","0611","0503","794","582","212","11","805","1701","0","47.33","34.22"
"68","000","00","006","0611","0504","788","598","190","16","804","1813","0","44.35","32.98"
"68","000","00","006","0611","0505","801","582","219","16","817","1687","0","48.43","34.5"
"68","000","00","006","0612","0000","1672","1202","470","54","1726","3206","0","53.84","37.49"
"68","000","00","006","0612","0506","834","605","229","10","844","1650","0","51.15","36.67"
"68","000","00","006","0612","0507","838","597","241","44","882","1556","0","56.68","38.37"
"68","000","00","006","0613","0000","807","571","236","19","826","1844","0","44.79","30.97"
"68","000","00","006","0613","0508","807","571","236","19","826","1844","0","44.79","30.97"
"68","000","00","006","0614","0000","1364","1027","337","78","1442","2750","0","52.44","37.35"
"68","000","00","006","0614","0509","613","454","159","40","653","1336","0","48.88","33.98"
"68","000","00","006","0614","0510","751","573","178","38","789","1414","0","55.8","40.52"
"68","000","00","006","0615","0000","1423","1088","335","62","1485","2465","0","60.24","44.14"
"68","000","00","006","0615","0511","718","539","179","28","746","1238","0","60.26","43.54"
"68","000","00","006","0615","0512","705","549","156","34","739","1227","0","60.23","44.74"
"68","000","00","006","0616","0000","1201","881","320","53","1254","2548","0","49.22","34.58"
"68","000","00","006","0616","0513","594","412","182","23","617","1199","0","51.46","34.36"
"68","000","00","006","0616","0514","607","469","138","30","637","1349","0","47.22","34.77"
"68","000","00","006","0617","0000","1098","925","173","53","1151","2200","0","52.32","42.05"
"68","000","00","006","0617","0515","556","519","37","24","580","1120","0","51.79","46.34"
"68","000","00","006","0617","0516","542","406","136","29","571","1080","0","52.87","37.59"
"68","000","00","006","0618","0000","1308","974","334","63","1371","2686","0","51.04","36.26"
"68","000","00","006","0618","0517","624","455","169","35","659","1341","0","49.14","33.93"
"68","000","00","006","0618","0518","684","519","165","28","712","1345","0","52.94","38.59"
"68","000","00","006","0619","0000","2273","1684","589","90","2363","5214","0","45.32","32.3"
"68","000","00","006","0619","0519","693","517","176","25","718","1565","0","45.88","33.04"
"68","000","00","006","0619","0520","643","474","169","13","656","1519","0","43.19","31.2"
"68","000","00","006","0619","0521","937","693","244","52","989","2130","0","46.43","32.54"
"68","000","00","007","0000","0000","62927","44517","18410","2307","65234","131702","160182","49.53","33.8"
"68","000","00","007","0701","0000","1900","1347","553","65","1965","3735","0","52.61","36.06"
"68","000","00","007","0701","0270","721","503","218","23","744","1455","0","51.13","34.57"
"68","000","00","007","0701","0271","1179","844","335","42","1221","2280","0","53.55","37.02"
"68","000","00","007","0702","0000","3286","2396","890","176","3462","6706","0","51.63","35.73"
"68","000","00","007","0702","0231","1076","786","290","49","1125","2178","0","51.65","36.09"
"68","000","00","007","0702","0232","840","621","219","61","901","1672","0","53.89","37.14"
"68","000","00","007","0702","0233","652","475","177","29","681","1376","0","49.49","34.52"
"68","000","00","007","0702","0234","718","514","204","37","755","1480","0","51.01","34.73"
"68","000","00","007","0703","0000","2045","1530","515","101","2146","4353","0","49.3","35.15"
"68","000","00","007","0703","0261","424","308","116","20","444","841","0","52.79","36.62"
"68","000","00","007","0703","0262","1001","748","253","45","1046","2284","0","45.8","32.75"
"68","000","00","007","0703","0263","620","474","146","36","656","1228","0","53.42","38.6"
"68","000","00","007","0704","0000","2896","2067","829","99","2995","5735","0","52.22","36.04"
"68","000","00","007","0704","0235","678","500","178","23","701","1258","0","55.72","39.75"
"68","000","00","007","0704","0236","730","534","196","15","745","1464","0","50.89","36.48"
"68","000","00","007","0704","0237","896","631","265","41","937","1844","0","50.81","34.22"
"68","000","00","007","0704","0238","592","402","190","20","612","1169","0","52.35","34.39"
"68","000","00","007","0705","0000","1577","1157","420","59","1636","3253","0","50.29","35.57"
"68","000","00","007","0705","0245","905","669","236","29","934","1788","0","52.24","37.42"
"68","000","00","007","0705","0246","672","488","184","30","702","1465","0","47.92","33.31"
"68","000","00","007","0706","0000","2481","1737","744","91","2572","5386","0","47.75","32.25"
"68","000","00","007","0706","0239","753","532","221","21","774","1921","0","40.29","27.69"
"68","000","00","007","0706","0240","781","553","228","28","809","1694","0","47.76","32.64"
"68","000","00","007","0706","0241","947","652","295","42","989","1771","0","55.84","36.82"
"68","000","00","007","0707","0000","1886","1497","389","87","1973","3629","0","54.37","41.25"
"68","000","00","007","0707","0220","909","740","169","40","949","1744","0","54.42","42.43"
"68","000","00","007","0707","0221","977","757","220","47","1024","1885","0","54.32","40.16"
"68","000","00","007","0708","0000","2521","1831","690","101","2622","5033","0","52.1","36.38"
"68","000","00","007","0708","0217","466","349","117","25","491","874","0","56.18","39.93"
"68","000","00","007","0708","0218","1017","785","232","60","1077","2014","0","53.48","38.98"
"68","000","00","007","0708","0219","1038","697","341","16","1054","2145","0","49.14","32.49"
"68","000","00","007","0709","0000","591","430","161","27","618","1156","0","53.46","37.2"
"68","000","00","007","0709","0276","591","430","161","27","618","1156","0","53.46","37.2"
"68","000","00","007","0710","0000","1732","1233","499","59","1791","3553","0","50.41","34.7"
"68","000","00","007","0710","0272","824","588","236","33","857","1668","0","51.38","35.25"
"68","000","00","007","0710","0273","908","645","263","26","934","1885","0","49.55","34.22"
"68","000","00","007","0711","0000","944","671","273","37","981","1840","0","53.32","36.47"
"68","000","00","007","0711","0289","944","671","273","37","981","1840","0","53.32","36.47"
"68","000","00","007","0712","0000","891","655","236","34","925","1917","0","48.25","34.17"
"68","000","00","007","0712","0267","891","655","236","34","925","1917","0","48.25","34.17"
"68","000","00","007","0713","0000","2199","1605","594","97","2296","4707","0","48.78","34.1"
"68","000","00","007","0713","0222","723","545","178","33","756","1546","0","48.9","35.25"
"68","000","00","007","0713","0223","799","570","229","39","838","1684","0","49.76","33.85"
"68","000","00","007","0713","0224","677","490","187","25","702","1477","0","47.53","33.18"
"68","000","00","007","0714","0000","2197","1584","613","115","2312","4832","0","47.85","32.78"
"68","000","00","007","0714","0242","742","537","205","45","787","1665","0","47.27","32.25"
"68","000","00","007","0714","0243","708","499","209","29","737","1439","0","51.22","34.68"
"68","000","00","007","0714","0244","747","548","199","41","788","1728","0","45.6","31.71"
"68","000","00","007","0715","0000","2882","2053","829","103","2985","5448","0","54.79","37.68"
"68","000","00","007","0715","0227","809","586","223","29","838","1525","0","54.95","38.43"
"68","000","00","007","0715","0228","581","398","183","28","609","1041","0","58.5","38.23"
"68","000","00","007","0715","0229","701","490","211","20","721","1404","0","51.35","34.9"
"68","000","00","007","0715","0230","791","579","212","26","817","1478","0","55.28","39.17"
"68","000","00","007","0716","0000","1898","1325","573","136","2034","3952","0","51.47","33.53"
"68","000","00","007","0716","0256","481","342","139","58","539","1005","0","53.63","34.03"
"68","000","00","007","0716","0257","735","514","221","31","766","1449","0","52.86","35.47"
"68","000","00","007","0716","0258","682","469","213","47","729","1498","0","48.66","31.31"
"68","000","00","007","0717","0000","859","613","246","38","897","1752","0","51.2","34.99"
"68","000","00","007","0717","0250","859","613","246","38","897","1752","0","51.2","34.99"
"68","000","00","007","0718","0000","1128","859","269","62","1190","2439","0","48.79","35.22"
"68","000","00","007","0718","0265","622","486","136","32","654","1378","0","47.46","35.27"
"68","000","00","007","0718","0266","506","373","133","30","536","1061","0","50.52","35.16"
"68","000","00","007","0719","0000","1691","1178","513","60","1751","4057","0","43.16","29.04"
"68","000","00","007","0719","0277","870","616","254","33","903","2114","0","42.72","29.14"
"68","000","00","007","0719","0278","821","562","259","27","848","1943","0","43.64","28.92"
"68","000","00","007","0720","0000","2852","1903","949","71","2923","6056","0","48.27","31.42"
"68","000","00","007","0720","0286","1079","723","356","27","1106","2187","0","50.57","33.06"
"68","000","00","007","0720","0287","901","619","282","22","923","1959","0","47.12","31.6"
"68","000","00","007","0720","0288","872","561","311","22","894","1910","0","46.81","29.37"
"68","000","00","007","0721","0000","1105","822","283","30","1135","2266","0","50.09","36.28"
"68","000","00","007","0721","0290","1105","822","283","30","1135","2266","0","50.09","36.28"
"68","000","00","007","0722","0000","2082","1485","597","69","2151","5170","0","41.61","28.72"
"68","000","00","007","0722","0247","661","481","180","34","695","1659","0","41.89","28.99"
"68","000","00","007","0722","0248","722","524","198","26","748","1693","0","44.18","30.95"
"68","000","00","007","0722","0249","699","480","219","9","708","1818","0","38.94","26.4"
"68","000","00","007","0723","0000","890","676","214","17","907","1979","0","45.83","34.16"
"68","000","00","007","0723","0264","890","676","214","17","907","1979","0","45.83","34.16"
"68","000","00","007","0724","0000","1657","1160","497","41","1698","3317","0","51.19","34.97"
"68","000","00","007","0724","0251","911","643","268","27","938","1818","0","51.6","35.37"
"68","000","00","007","0724","0252","746","517","229","14","760","1499","0","50.7","34.49"
"68","000","00","007","0725","0000","2867","1995","872","72","2939","5847","0","50.27","34.12"
"68","000","00","007","0725","0253","958","676","282","29","987","1916","0","51.51","35.28"
"68","000","00","007","0725","0254","903","622","281","21","924","1804","0","51.22","34.48"
"68","000","00","007","0725","0255","1006","697","309","22","1028","2127","0","48.33","32.77"
"68","000","00","007","0726","0000","1623","1192","431","60","1683","3920","0","42.93","30.41"
"68","000","00","007","0726","0259","932","681","251","38","970","2149","0","45.14","31.69"
"68","000","00","007","0726","0260","691","511","180","22","713","1771","0","40.26","28.85"
"68","000","00","007","0727","0000","2458","1597","861","89","2547","5139","0","49.56","31.08"
"68","000","00","007","0727","0279","818","520","298","20","838","1800","0","46.56","28.89"
"68","000","00","007","0727","0280","924","577","347","51","975","2020","0","48.27","28.56"
"68","000","00","007","0727","0281","716","500","216","18","734","1319","0","55.65","37.91"
"68","000","00","007","0728","0000","4111","2771","1340","107","4218","8591","0","49.1","32.25"
"68","000","00","007","0728","0282","1151","787","364","28","1179","2229","0","52.89","35.31"
"68","000","00","007","0728","0283","932","624","308","22","954","1992","0","47.89","31.33"
"68","000","00","007","0728","0284","1016","682","334","39","1055","2237","0","47.16","30.49"
"68","000","00","007","0728","0285","1012","678","334","18","1030","2133","0","48.29","31.79"
"68","000","00","007","0729","0000","1819","1017","802","31","1850","3553","0","52.07","28.62"
"68","000","00","007","0729","0274","887","503","384","18","905","1849","0","48.95","27.2"
"68","000","00","007","0729","0275","932","514","418","13","945","1704","0","55.46","30.16"
"68","000","00","007","0730","0000","1107","851","256","43","1150","2956","0","38.9","28.79"
"68","000","00","007","0730","0225","825","646","179","32","857","1528","0","56.09","42.28"
"68","000","00","007","0730","0226","282","205","77","11","293","1428","0","20.52","14.36"
"68","000","00","007","0731","0000","3128","2096","1032","73","3201","6452","0","49.61","32.49"
"68","000","00","007","0731","0291","1107","751","356","22","1129","2387","0","47.3","31.46"
"68","000","00","007","0731","0292","796","542","254","23","819","1692","0","48.4","32.03"
"68","000","00","007","0731","0293","458","293","165","10","468","904","0","51.77","32.41"
"68","000","00","007","0731","0294","767","510","257","18","785","1469","0","53.44","34.72"
"68","000","00","007","0732","0000","1624","1184","440","57","1681","2973","0","56.54","39.83"
"68","000","00","007","0732","0268","870","641","229","33","903","1540","0","58.64","41.62"
"68","000","00","007","0732","0269","754","543","211","24","778","1433","0","54.29","37.89"
"68","000","00","008","0000","0000","80135","58470","21665","3499","83634","165065","201493","50.67","35.42"
"68","000","00","008","0801","0000","2823","1978","845","94","2917","7162","0","40.73","27.62"
"68","000","00","008","0801","0295","786","567","219","43","829","1761","0","47.08","32.2"
"68","000","00","008","0801","0296","728","485","243","12","740","1804","0","41.02","26.88"
"68","000","00","008","0801","0297","497","343","154","15","512","1813","0","28.24","18.92"
"68","000","00","008","0801","0298","812","583","229","24","836","1784","0","46.86","32.68"
"68","000","00","008","0802","0000","3622","2643","979","116","3738","8278","0","45.16","31.93"
"68","000","00","008","0802","0299","930","682","248","24","954","2257","0","42.27","30.22"
"68","000","00","008","0802","0300","774","577","197","26","800","1857","0","43.08","31.07"
"68","000","00","008","0802","0301","968","684","284","27","995","2261","0","44.01","30.25"
"68","000","00","008","0802","0302","950","700","250","39","989","1903","0","51.97","36.78"
"68","000","00","008","0803","0000","1649","1206","443","68","1717","3620","0","47.43","33.31"
"68","000","00","008","0803","0303","927","704","223","53","980","1955","0","50.13","36.01"
"68","000","00","008","0803","0304","722","502","220","15","737","1665","0","44.26","30.15"
"68","000","00","008","0804","0000","1626","1220","406","78","1704","3216","0","52.99","37.94"
"68","000","00","008","0804","0310","838","621","217","59","897","1630","0","55.03","38.1"
"68","000","00","008","0804","0311","788","599","189","19","807","1586","0","50.88","37.77"
"68","000","00","008","0805","0000","1648","1228","420","115","1763","3559","0","49.54","34.5"
"68","000","00","008","0805","0312","815","606","209","53","868","1649","0","52.64","36.75"
"68","000","00","008","0805","0313","833","622","211","62","895","1910","0","46.86","32.57"
"68","000","00","008","0806","0000","1657","1244","413","97","1754","3252","0","53.94","38.25"
"68","000","00","008","0806","0314","836","631","205","62","898","1612","0","55.71","39.14"
"68","000","00","008","0806","0315","821","613","208","35","856","1640","0","52.2","37.38"
"68","000","00","008","0807","0000","1660","1321","339","59","1719","3273","0","52.52","40.36"
"68","000","00","008","0807","0318","844","615","229","30","874","1711","0","51.08","35.94"
"68","000","00","008","0807","0319","816","706","110","29","845","1562","0","54.1","45.2"
"68","000","00","008","0808","0000","2275","1690","585","72","2347","4415","0","53.16","38.28"
"68","000","00","008","0808","0320","858","645","213","26","884","1735","0","50.95","37.18"
"68","000","00","008","0808","0321","822","583","239","25","847","1658","0","51.09","35.16"
"68","000","00","008","0808","0322","595","462","133","21","616","1022","0","60.27","45.21"
"68","000","00","008","0809","0000","1562","1174","388","69","1631","3414","0","47.77","34.39"
"68","000","00","008","0809","0323","735","556","179","39","774","1673","0","46.26","33.23"
"68","000","00","008","0809","0324","827","618","209","30","857","1741","0","49.22","35.5"
"68","000","00","008","0810","0000","1015","777","238","54","1069","2110","0","50.66","36.82"
"68","000","00","008","0810","0325","1015","777","238","54","1069","2110","0","50.66","36.82"
"68","000","00","008","0811","0000","1395","1028","367","63","1458","2519","0","57.88","40.81"
"68","000","00","008","0811","0331","740","514","226","30","770","1341","0","57.42","38.33"
"68","000","00","008","0811","0332","655","514","141","33","688","1178","0","58.4","43.63"
"68","000","00","008","0812","0000","1531","1105","426","96","1627","3871","0","42.03","28.55"
"68","000","00","008","0812","0335","832","626","206","34","866","1943","0","44.57","32.22"
"68","000","00","008","0812","0336","699","479","220","62","761","1928","0","39.47","24.84"
"68","000","00","008","0813","0000","1505","1082","423","74","1579","3147","0","50.17","34.38"
"68","000","00","008","0813","0339","880","616","264","40","920","1947","0","47.25","31.64"
"68","000","00","008","0813","0340","625","466","159","34","659","1200","0","54.92","38.83"
"68","000","00","008","0814","0000","1726","1231","495","75","1801","3883","0","46.38","31.7"
"68","000","00","008","0814","0341","857","634","223","40","897","1895","0","47.34","33.46"
"68","000","00","008","0814","0342","869","597","272","35","904","1988","0","45.47","30.03"
"68","000","00","008","0815","0000","1719","1231","488","75","1794","3410","0","52.61","36.1"
"68","000","00","008","0815","0348","678","515","163","45","723","1317","0","54.9","39.1"
"68","000","00","008","0815","0349","1041","716","325","30","1071","2093","0","51.17","34.21"
"68","000","00","008","0816","0000","1764","1275","489","51","1815","3545","0","51.2","35.97"
"68","000","00","008","0816","0351","868","628","240","38","906","1782","0","50.84","35.24"
"68","000","00","008","0816","0352","896","647","249","13","909","1763","0","51.56","36.7"
"68","000","00","008","0817","0000","3329","2409","920","108","3437","6933","0","49.57","34.75"
"68","000","00","008","0817","0359","996","700","296","30","1026","1998","0","51.35","35.04"
"68","000","00","008","0817","0360","493","359","134","22","515","916","0","56.22","39.19"
"68","000","00","008","0817","0361","902","661","241","25","927","1943","0","47.71","34.02"
"68","000","00","008","0817","0362","938","689","249","31","969","2076","0","46.68","33.19"
"68","000","00","008","0818","0000","805","576","229","41","846","1505","0","56.21","38.27"
"68","000","00","008","0818","0371","805","576","229","41","846","1505","0","56.21","38.27"
"68","000","00","008","0819","0000","1645","1195","450","95","1740","3303","0","52.68","36.18"
"68","000","00","008","0819","0373","831","573","258","51","882","1618","0","54.51","35.41"
"68","000","00","008","0819","0374","814","622","192","44","858","1685","0","50.92","36.91"
"68","000","00","008","0820","0000","1723","1242","481","80","1803","3716","0","48.52","33.42"
"68","000","00","008","0820","0375","816","577","239","37","853","1835","0","46.49","31.44"
"68","000","00","008","0820","0376","907","665","242","43","950","1881","0","50.51","35.35"
"68","000","00","008","0821","0000","830","625","205","37","867","1766","0","49.09","35.39"
"68","000","00","008","0821","0377","830","625","205","37","867","1766","0","49.09","35.39"
"68","000","00","008","0822","0000","2945","2168","777","123","3068","5083","0","60.36","42.65"
"68","000","00","008","0822","0385","936","668","268","36","972","1685","0","57.69","39.64"
"68","000","00","008","0822","0386","909","656","253","37","946","1748","0","54.12","37.53"
"68","000","00","008","0822","0387","1100","844","256","50","1150","1650","0","69.7","51.15"
"68","000","00","008","0823","0000","1996","1422","574","91","2087","3923","0","53.2","36.25"
"68","000","00","008","0823","0390","968","702","266","58","1026","1841","0","55.73","38.13"
"68","000","00","008","0823","0391","1028","720","308","33","1061","2082","0","50.96","34.58"
"68","000","00","008","0824","0000","1579","1197","382","95","1674","3578","0","46.79","33.45"
"68","000","00","008","0824","0365","722","543","179","41","763","1474","0","51.76","36.84"
"68","000","00","008","0824","0366","163","142","21","12","175","718","0","24.37","19.78"
"68","000","00","008","0824","0367","694","512","182","42","736","1386","0","53.1","36.94"
"68","000","00","008","0825","0000","1352","974","378","51","1403","2483","0","56.5","39.23"
"68","000","00","008","0825","0355","650","450","200","22","672","1170","0","57.44","38.46"
"68","000","00","008","0825","0356","702","524","178","29","731","1313","0","55.67","39.91"
"68","000","00","008","0826","0000","1846","1329","517","53","1899","4169","0","45.55","31.88"
"68","000","00","008","0826","0344","920","664","256","8","928","2061","0","45.03","32.22"
"68","000","00","008","0826","0345","926","665","261","45","971","2108","0","46.06","31.55"
"68","000","00","008","0827","0000","1979","1434","545","80","2059","4015","0","51.28","35.72"
"68","000","00","008","0827","0378","872","634","238","54","926","1817","0","50.96","34.89"
"68","000","00","008","0827","0379","1107","800","307","26","1133","2198","0","51.55","36.4"
"68","000","00","008","0828","0000","2224","1650","574","92","2316","4185","0","55.34","39.43"
"68","000","00","008","0828","0307","870","644","226","33","903","1583","0","57.04","40.68"
"68","000","00","008","0828","0308","659","491","168","25","684","1246","0","54.9","39.41"
"68","000","00","008","0828","0309","695","515","180","34","729","1356","0","53.76","37.98"
"68","000","00","008","0829","0000","1420","1064","356","105","1525","2854","0","53.43","37.28"
"68","000","00","008","0829","0363","689","514","175","47","736","1363","0","54.0","37.71"
"68","000","00","008","0829","0364","731","550","181","58","789","1491","0","52.92","36.89"
"68","000","00","008","0830","0000","2073","1498","575","87","2160","3951","0","54.67","37.91"
"68","000","00","008","0830","0382","693","508","185","33","726","1257","0","57.76","40.41"
"68","000","00","008","0830","0383","619","442","177","36","655","1267","0","51.7","34.89"
"68","000","00","008","0830","0384","761","548","213","18","779","1427","0","54.59","38.4"
"68","000","00","008","0831","0000","1597","1151","446","84","1681","3085","0","54.49","37.31"
"68","000","00","008","0831","0388","770","538","232","39","809","1478","0","54.74","36.4"
"68","000","00","008","0831","0389","827","613","214","45","872","1607","0","54.26","38.15"
"68","000","00","008","0832","0000","1004","738","266","56","1060","2006","0","52.84","36.79"
"68","000","00","008","0832","0343","1004","738","266","56","1060","2006","0","52.84","36.79"
"68","000","00","008","0833","0000","1651","1217","434","65","1716","3543","0","48.43","34.35"
"68","000","00","008","0833","0346","838","620","218","46","884","1862","0","47.48","33.3"
"68","000","00","008","0833","0347","813","597","216","19","832","1681","0","49.49","35.51"
"68","000","00","008","0834","0000","840","642","198","24","864","1499","0","57.64","42.83"
"68","000","00","008","0834","0350","840","642","198","24","864","1499","0","57.64","42.83"
"68","000","00","008","0835","0000","676","495","181","27","703","1436","0","48.96","34.47"
"68","000","00","008","0835","0372","676","495","181","27","703","1436","0","48.96","34.47"
"68","000","00","008","0836","0000","1090","752","338","49","1139","2209","0","51.56","34.04"
"68","000","00","008","0836","0393","1090","752","338","49","1139","2209","0","51.56","34.04"
"68","000","00","008","0837","0000","874","650","224","39","913","1959","0","46.61","33.18"
"68","000","00","008","0837","0392","874","650","224","39","913","1959","0","46.61","33.18"
"68","000","00","008","0838","0000","2071","1514","557","72","2143","4531","0","47.3","33.41"
"68","000","00","008","0838","0328","802","581","221","20","822","1848","0","44.48","31.44"
"68","000","00","008","0838","0329","706","525","181","23","729","1334","0","54.65","39.36"
"68","000","00","008","0838","0330","563","408","155","29","592","1349","0","43.88","30.24"
"68","000","00","008","0839","0000","1443","1054","389","42","1485","3075","0","48.29","34.28"
"68","000","00","008","0839","0337","672","496","176","15","687","1403","0","48.97","35.35"
"68","000","00","008","0839","0338","771","558","213","27","798","1672","0","47.73","33.37"
"68","000","00","008","0840","0000","1411","927","484","69","1480","2694","0","54.94","34.41"
"68","000","00","008","0840","0305","733","508","225","44","777","1431","0","54.3","35.5"
"68","000","00","008","0840","0306","678","419","259","25","703","1263","0","55.66","33.17"
"68","000","00","008","0841","0000","1324","955","369","70","1394","2537","0","54.95","37.64"
"68","000","00","008","0841","0353","631","466","165","43","674","1226","0","54.98","38.01"
"68","000","00","008","0841","0354","693","489","204","27","720","1311","0","54.92","37.3"
"68","000","00","008","0842","0000","1934","1316","618","43","1977","3821","0","51.74","34.44"
"68","000","00","008","0842","0380","878","608","270","29","907","1732","0","52.37","35.1"
"68","000","00","008","0842","0381","1056","708","348","14","1070","2089","0","51.22","33.89"
"68","000","00","008","0843","0000","1898","1331","567","73","1971","3864","0","51.01","34.45"
"68","000","00","008","0843","0394","954","687","267","38","992","1864","0","53.22","36.86"
"68","000","00","008","0843","0395","944","644","300","35","979","2000","0","48.95","32.2"
"68","000","00","008","0844","0000","1415","1007","408","69","1484","2716","0","54.64","37.08"
"68","000","00","008","0844","0316","644","470","174","31","675","1303","0","51.8","36.07"
"68","000","00","008","0844","0317","771","537","234","38","809","1413","0","57.25","38.0"
"68","000","00","008","0845","0000","1170","938","232","58","1228","2155","0","56.98","43.53"
"68","000","00","008","0845","0326","577","457","120","29","606","1145","0","52.93","39.91"
"68","000","00","008","0845","0327","593","481","112","29","622","1010","0","61.58","47.62"
"68","000","00","008","0846","0000","2080","1617","463","133","2213","4294","0","51.54","37.66"
"68","000","00","008","0846","0368","728","544","184","47","775","1487","0","52.12","36.58"
"68","000","00","008","0846","0369","762","600","162","55","817","1552","0","52.64","38.66"
"68","000","00","008","0846","0370","590","473","117","31","621","1255","0","49.48","37.69"
"68","000","00","008","0847","0000","1404","1003","401","86","1490","2836","0","52.54","35.37"
"68","000","00","008","0847","0333","713","518","195","34","747","1374","0","54.37","37.7"
"68","000","00","008","0847","0334","691","485","206","52","743","1462","0","50.82","33.17"
"68","000","00","008","0848","0000","1330","947","383","46","1376","2667","0","51.59","35.51"
"68","000","00","008","0848","0357","634","454","180","20","654","1186","0","55.14","38.28"
"68","000","00","008","0848","0358","696","493","203","26","722","1481","0","48.75","33.29"
"68","000","00","009","0000","0000","52973","40228","12745","1797","54770","101574","122981","53.92","39.6"
"68","000","00","009","0901","0000","2285","1743","542","77","2362","4513","0","52.34","38.62"
"68","000","00","009","0901","1008","762","594","168","20","782","1482","0","52.77","40.08"
"68","000","00","009","0901","1009","747","549","198","28","775","1528","0","50.72","35.93"
"68","000","00","009","0901","1010","776","600","176","29","805","1503","0","53.56","39.92"
"68","000","00","009","0902","0000","2860","2123","737","119","2979","5661","0","52.62","37.5"
"68","000","00","009","0902","1013","898","670","228","51","949","2088","0","45.45","32.09"
"68","000","00","009","0902","1014","1072","799","273","41","1113","1987","0","56.01","40.21"
"68","000","00","009","0902","1015","890","654","236","27","917","1586","0","57.82","41.24"
"68","000","00","009","0903","0000","1882","1434","448","61","1943","4006","0","48.5","35.8"
"68","000","00","009","0903","1018","977","742","235","32","1009","2081","0","48.49","35.66"
"68","000","00","009","0903","1019","905","692","213","29","934","1925","0","48.52","35.95"
"68","000","00","009","0904","0000","1535","1166","369","56","1591","3188","0","49.91","36.57"
"68","000","00","009","0904","1064","799","584","215","30","829","1649","0","50.27","35.42"
"68","000","00","009","0904","1065","736","582","154","26","762","1539","0","49.51","37.82"
"68","000","00","009","0906","0000","1839","1384","455","75","1914","3662","0","52.27","37.79"
"68","000","00","009","0906","1022","859","647","212","33","892","1790","0","49.83","36.15"
"68","000","00","009","0906","1023","980","737","243","42","1022","1872","0","54.59","39.37"
"68","000","00","009","0907","0000","2146","1644","502","80","2226","4152","0","53.61","39.6"
"68","000","00","009","0907","1026","751","577","174","23","774","1398","0","55.36","41.27"
"68","000","00","009","0907","1027","663","513","150","19","682","1345","0","50.71","38.14"
"68","000","00","009","0907","1028","732","554","178","38","770","1409","0","54.65","39.32"
"68","000","00","009","0908","0000","328","262","66","17","345","678","0","50.88","38.64"
"68","000","00","009","0908","1071","328","262","66","17","345","678","0","50.88","38.64"
"68","000","00","009","0909","0000","2227","1697","530","66","2293","4282","0","53.55","39.63"
"68","000","00","009","0909","1031","809","639","170","22","831","1597","0","52.04","40.01"
"68","000","00","009","0909","1032","733","549","184","17","750","1410","0","53.19","38.94"
"68","000","00","009","0909","1033","685","509","176","27","712","1275","0","55.84","39.92"
"68","000","00","009","0910","0000","2937","2190","747","57","2994","5372","0","55.73","40.77"
"68","000","00","009","0910","1037","990","729","261","26","1016","1786","0","56.89","40.82"
"68","000","00","009","0910","1038","939","695","244","15","954","1756","0","54.33","39.58"
"68","000","00","009","0910","1039","1008","766","242","16","1024","1830","0","55.96","41.86"
"68","000","00","009","0911","0000","1082","787","295","37","1119","1909","0","58.62","41.23"
"68","000","00","009","0911","1034","1082","787","295","37","1119","1909","0","58.62","41.23"
"68","000","00","009","0912","0000","2348","1745","603","87","2435","4369","0","55.73","39.94"
"68","000","00","009","0912","1066","859","662","197","35","894","1541","0","58.01","42.96"
"68","000","00","009","0912","1067","721","517","204","33","754","1375","0","54.84","37.6"
"68","000","00","009","0912","1068","768","566","202","19","787","1453","0","54.16","38.95"
"68","000","00","009","0913","0000","1679","1311","368","56","1735","3597","0","48.23","36.45"
"68","000","00","009","0913","1042","882","681","201","41","923","1805","0","51.14","37.73"
"68","000","00","009","0913","1043","797","630","167","15","812","1792","0","45.31","35.16"
"68","000","00","009","0914","0000","2088","1600","488","91","2179","4268","0","51.05","37.49"
"68","000","00","009","0914","1049","646","499","147","47","693","1297","0","53.43","38.47"
"68","000","00","009","0914","1050","695","534","161","16","711","1407","0","50.53","37.95"
"68","000","00","009","0914","1051","747","567","180","28","775","1564","0","49.55","36.25"
"68","000","00","009","0915","0000","1879","1428","451","60","1939","3485","0","55.64","40.98"
"68","000","00","009","0915","1054","932","701","231","32","964","1721","0","56.01","40.73"
"68","000","00","009","0915","1055","947","727","220","28","975","1764","0","55.27","41.21"
"68","000","00","009","0916","0000","1335","955","380","39","1374","2373","0","57.9","40.24"
"68","000","00","009","0916","1069","591","443","148","23","614","1074","0","57.17","41.25"
"68","000","00","009","0916","1070","744","512","232","16","760","1299","0","58.51","39.41"
"68","000","00","009","0917","0000","787","624","163","37","824","1499","0","54.97","41.63"
"68","000","00","009","0917","1056","787","624","163","37","824","1499","0","54.97","41.63"
"68","000","00","009","0918","0000","1006","764","242","25","1031","2151","0","47.93","35.52"
"68","000","00","009","0918","1057","1006","764","242","25","1031","2151","0","47.93","35.52"
"68","000","00","009","0919","0000","1709","1273","436","36","1745","2980","0","58.56","42.72"
"68","000","00","009","0919","1058","851","650","201","15","866","1524","0","56.82","42.65"
"68","000","00","009","0919","1059","858","623","235","21","879","1456","0","60.37","42.79"
"68","000","00","009","0920","0000","1357","1051","306","68","1425","2784","0","51.19","37.75"
"68","000","00","009","0920","1011","763","586","177","31","794","1568","0","50.64","37.37"
"68","000","00","009","0920","1012","594","465","129","37","631","1216","0","51.89","38.24"
"68","000","00","009","0921","0000","1236","952","284","44","1280","2355","0","54.35","40.42"
"68","000","00","009","0921","1016","609","455","154","24","633","1221","0","51.84","37.26"
"68","000","00","009","0921","1017","627","497","130","20","647","1134","0","57.05","43.83"
"68","000","00","009","0922","0000","2258","1646","612","46","2304","4135","0","55.72","39.81"
"68","000","00","009","0922","1020","1122","808","314","20","1142","2095","0","54.51","38.57"
"68","000","00","009","0922","1021","1136","838","298","26","1162","2040","0","56.96","41.08"
"68","000","00","009","0923","0000","1880","1461","419","73","1953","3518","0","55.51","41.53"
"68","000","00","009","0923","1024","941","719","222","32","973","1726","0","56.37","41.66"
"68","000","00","009","0923","1025","939","742","197","41","980","1792","0","54.69","41.41"
"68","000","00","009","0924","0000","1567","1148","419","53","1620","3012","0","53.78","38.11"
"68","000","00","009","0924","1029","663","460","203","15","678","1362","0","49.78","33.77"
"68","000","00","009","0924","1030","904","688","216","38","942","1650","0","57.09","41.7"
"68","000","00","009","0925","0000","2142","1608","534","55","2197","4026","0","54.57","39.94"
"68","000","00","009","0925","1035","1099","822","277","20","1119","2024","0","55.29","40.61"
"68","000","00","009","0925","1036","1043","786","257","35","1078","2002","0","53.85","39.26"
"68","000","00","009","0926","0000","1817","1366","451","48","1865","3216","0","57.99","42.48"
"68","000","00","009","0926","1040","984","738","246","20","1004","1697","0","59.16","43.49"
"68","000","00","009","0926","1041","833","628","205","28","861","1519","0","56.68","41.34"
"68","000","00","009","0927","0000","844","702","142","39","883","1500","0","58.87","46.8"
"68","000","00","009","0927","1044","844","702","142","39","883","1500","0","58.87","46.8"
"68","000","00","009","0928","0000","1960","1474","486","95","2055","3980","0","51.63","37.04"
"68","000","00","009","0928","1046","617","472","145","34","651","1444","0","45.08","32.69"
"68","000","00","009","0928","1047","643","499","144","28","671","1321","0","50.79","37.77"
"68","000","00","009","0928","1048","700","503","197","33","733","1215","0","60.33","41.4"
"68","000","00","009","0929","0000","1164","916","248","45","1209","2340","0","51.67","39.15"
"68","000","00","009","0929","1052","674","524","150","27","701","1317","0","53.23","39.79"
"68","000","00","009","0929","1053","490","392","98","18","508","1023","0","49.66","38.32"
"68","000","00","009","0930","0000","2212","1755","457","62","2274","3746","0","60.7","46.85"
"68","000","00","009","0930","1060","1081","854","227","31","1112","1847","0","60.21","46.24"
"68","000","00","009","0930","1061","1131","901","230","31","1162","1899","0","61.19","47.45"
"68","000","00","009","0931","0000","1884","1488","396","76","1960","3390","0","57.82","43.89"
"68","000","00","009","0931","1062","913","740","173","32","945","1725","0","54.78","42.9"
"68","000","00","009","0931","1063","971","748","223","44","1015","1665","0","60.96","44.92"
"68","000","00","009","0932","0000","700","531","169","17","717","1427","0","50.25","37.21"
"68","000","00","009","0932","1045","700","531","169","17","717","1427","0","50.25","37.21"
"68","000","00","010","0000","0000","94785","69987","24798","3205","97990","183560","225897","53.38","38.13"
"68","000","00","010","1001","0000","2379","1715","664","79","2458","4781","0","51.41","35.87"
"68","000","00","010","1001","0864","825","608","217","21","846","1717","0","49.27","35.41"
"68","000","00","010","1001","0865","694","496","198","26","720","1319","0","54.59","37.6"
"68","000","00","010","1001","0866","860","611","249","32","892","1745","0","51.12","35.01"
"68","000","00","010","1002","0000","2322","1649","673","80","2402","4129","0","58.17","39.94"
"68","000","00","010","1002","0867","902","659","243","42","944","1721","0","54.85","38.29"
"68","000","00","010","1002","0868","663","479","184","15","678","1206","0","56.22","39.72"
"68","000","00","010","1002","0869","757","511","246","23","780","1202","0","64.89","42.51"
"68","000","00","010","1003","0000","2891","1978","913","62","2953","5256","0","56.18","37.63"
"68","000","00","010","1003","0850","647","431","216","22","669","1044","0","64.08","41.28"
"68","000","00","010","1003","0851","623","448","175","9","632","1124","0","56.23","39.86"
"68","000","00","010","1003","0852","807","559","248","15","822","1517","0","54.19","36.85"
"68","000","00","010","1003","0853","814","540","274","16","830","1571","0","52.83","34.37"
"68","000","00","010","1004","0000","2948","2122","826","110","3058","5442","0","56.19","38.99"
"68","000","00","010","1004","0840","704","549","155","31","735","1307","0","56.24","42.0"
"68","000","00","010","1004","0841","718","517","201","31","749","1337","0","56.02","38.67"
"68","000","00","010","1004","0842","620","440","180","20","640","980","0","65.31","44.9"
"68","000","00","010","1004","0843","906","616","290","28","934","1818","0","51.38","33.88"
"68","000","00","010","1005","0000","2607","1820","787","53","2660","5083","0","52.33","35.81"
"68","000","00","010","1005","0857","851","608","243","23","874","1555","0","56.21","39.1"
"68","000","00","010","1005","0858","977","688","289","18","995","2051","0","48.51","33.54"
"68","000","00","010","1005","0859","779","524","255","12","791","1477","0","53.55","35.48"
"68","000","00","010","1006","0000","1901","1405","496","53","1954","3895","0","50.17","36.07"
"68","000","00","010","1006","0835","986","733","253","30","1016","1901","0","53.45","38.56"
"68","000","00","010","1006","0836","915","672","243","23","938","1994","0","47.04","33.7"
"68","000","00","010","1007","0000","2036","1535","501","57","2093","3585","0","58.38","42.82"
"68","000","00","010","1007","0875","576","424","152","14","590","1010","0","58.42","41.98"
"68","000","00","010","1007","0876","714","555","159","17","731","1261","0","57.97","44.01"
"68","000","00","010","1007","0877","746","556","190","26","772","1314","0","58.75","42.31"
"68","000","00","010","1008","0000","2970","2065","905","73","3043","6426","0","47.35","32.14"
"68","000","00","010","1008","0883","628","491","137","17","645","2213","0","29.15","22.19"
"68","000","00","010","1008","0884","574","380","194","15","589","949","0","62.07","40.04"
"68","000","00","010","1008","0885","942","623","319","26","968","1621","0","59.72","38.43"
"68","000","00","010","1008","0886","826","571","255","15","841","1643","0","51.19","34.75"
"68","000","00","010","1009","0000","1426","1039","387","46","1472","2475","0","59.47","41.98"
"68","000","00","010","1009","0870","683","500","183","22","705","1208","0","58.36","41.39"
"68","000","00","010","1009","0871","743","539","204","24","767","1267","0","60.54","42.54"
"68","000","00","010","1010","0000","2166","1601","565","94","2260","3993","0","56.6","40.1"
"68","000","00","010","1010","0891","585","427","158","26","611","1039","0","58.81","41.1"
"68","000","00","010","1010","0892","748","554","194","29","777","1318","0","58.95","42.03"
"68","000","00","010","1010","0893","833","620","213","39","872","1636","0","53.3","37.9"
"68","000","00","010","1011","0000","2025","1515","510","78","2103","4038","0","52.08","37.52"
"68","000","00","010","1011","0896","679","514","165","33","712","1480","0","48.11","34.73"
"68","000","00","010","1011","0897","694","536","158","16","710","1330","0","53.38","40.3"
"68","000","00","010","1011","0898","652","465","187","29","681","1228","0","55.46","37.87"
"68","000","00","010","1012","0000","2211","1660","551","97","2308","4431","0","52.09","37.46"
"68","000","00","010","1012","0801","696","533","163","35","731","1487","0","49.16","35.84"
"68","000","00","010","1012","0802","735","565","170","26","761","1453","0","52.37","38.89"
"68","000","00","010","1012","0803","780","562","218","36","816","1491","0","54.73","37.69"
"68","000","00","010","1013","0000","2847","2151","696","100","2947","5762","0","51.15","37.33"
"68","000","00","010","1013","0806","902","702","200","35","937","1921","0","48.78","36.54"
"68","000","00","010","1013","0807","1037","775","262","35","1072","1974","0","54.31","39.26"
"68","000","00","010","1013","0808","908","674","234","30","938","1867","0","50.24","36.1"
"68","000","00","010","1014","0000","2364","1837","527","113","2477","4440","0","55.79","41.37"
"68","000","00","010","1014","0827","544","416","128","21","565","1048","0","53.91","39.69"
"68","000","00","010","1014","0828","667","515","152","40","707","1259","0","56.16","40.91"
"68","000","00","010","1014","0829","533","412","121","31","564","1061","0","53.16","38.83"
"68","000","00","010","1014","0830","620","494","126","21","641","1072","0","59.79","46.08"
"68","000","00","010","1015","0000","1201","927","274","38","1239","2326","0","53.27","39.85"
"68","000","00","010","1015","0820","564","437","127","16","580","1130","0","51.33","38.67"
"68","000","00","010","1015","0821","637","490","147","22","659","1196","0","55.1","40.97"
"68","000","00","010","1016","0000","2530","1909","621","60","2590","5300","0","48.87","36.02"
"68","000","00","010","1016","0824","805","613","192","21","826","1564","0","52.81","39.19"
"68","000","00","010","1016","0825","798","613","185","22","820","1824","0","44.96","33.61"
"68","000","00","010","1016","0826","927","683","244","17","944","1912","0","49.37","35.72"
"68","000","00","010","1017","0000","1421","1060","361","76","1497","2780","0","53.85","38.13"
"68","000","00","010","1017","0917","698","506","192","49","747","1385","0","53.94","36.53"
"68","000","00","010","1017","0918","723","554","169","27","750","1395","0","53.76","39.71"
"68","000","00","010","1018","0000","1638","1222","416","64","1702","3342","0","50.93","36.56"
"68","000","00","010","1018","0919","844","643","201","22","866","1711","0","50.61","37.58"
"68","000","00","010","1018","0920","794","579","215","42","836","1631","0","51.26","35.5"
"68","000","00","010","1019","0000","1343","1024","319","60","1403","2541","0","55.21","40.3"
"68","000","00","010","1019","0923","599","446","153","23","622","1127","0","55.19","39.57"
"68","000","00","010","1019","0924","744","578","166","37","781","1414","0","55.23","40.88"
"68","000","00","010","1020","0000","1044","819","225","18","1062","1931","0","55.0","42.41"
"68","000","00","010","1020","0922","1044","819","225","18","1062","1931","0","55.0","42.41"
"68","000","00","010","1021","0000","598","415","183","21","619","1110","0","55.77","37.39"
"68","000","00","010","1021","0921","598","415","183","21","619","1110","0","55.77","37.39"
"68","000","00","010","1022","0000","832","648","184","21","853","1609","0","53.01","40.27"
"68","000","00","010","1022","0925","832","648","184","21","853","1609","0","53.01","40.27"
"68","000","00","010","1023","0000","2201","1669","532","97","2298","4199","0","54.73","39.75"
"68","000","00","010","1023","0902","669","493","176","46","715","1243","0","57.52","39.66"
"68","000","00","010","1023","0903","819","626","193","23","842","1590","0","52.96","39.37"
"68","000","00","010","1023","0904","713","550","163","28","741","1366","0","54.25","40.26"
"68","000","00","010","1024","0000","2709","2052","657","118","2827","5390","0","52.45","38.07"
"68","000","00","010","1024","0913","497","386","111","24","521","1052","0","49.52","36.69"
"68","000","00","010","1024","0914","663","498","165","43","706","1154","0","61.18","43.15"
"68","000","00","010","1024","0915","810","619","191","17","827","1645","0","50.27","37.63"
"68","000","00","010","1024","0916","739","549","190","34","773","1539","0","50.23","35.67"
"68","000","00","010","1025","0000","1348","1033","315","50","1398","2811","0","49.73","36.75"
"68","000","00","010","1025","0908","653","515","138","32","685","1351","0","50.7","38.12"
"68","000","00","010","1025","0909","695","518","177","18","713","1460","0","48.84","35.48"
"68","000","00","010","1026","0000","2178","1674","504","50","2228","4327","0","51.49","38.69"
"68","000","00","010","1026","0910","920","712","208","22","942","1841","0","51.17","38.67"
"68","000","00","010","1026","0911","710","526","184","15","725","1475","0","49.15","35.66"
"68","000","00","010","1026","0912","548","436","112","13","561","1011","0","55.49","43.13"
"68","000","00","010","1027","0000","1497","1126","371","60","1557","3006","0","51.8","37.46"
"68","000","00","010","1027","0804","669","488","181","35","704","1346","0","52.3","36.26"
"68","000","00","010","1027","0805","828","638","190","25","853","1660","0","51.39","38.43"
"68","000","00","010","1028","0000","3306","2430","876","112","3418","6483","0","52.72","37.48"
"68","000","00","010","1028","0860","813","589","224","16","829","1501","0","55.23","39.24"
"68","000","00","010","1028","0861","750","568","182","33","783","1405","0","55.73","40.43"
"68","000","00","010","1028","0862","855","636","219","45","900","1656","0","54.35","38.41"
"68","000","00","010","1028","0863","888","637","251","18","906","1921","0","47.16","33.16"
"68","000","00","010","1029","0000","891","685","206","35","926","1788","0","51.79","38.31"
"68","000","00","010","1029","0831","891","685","206","35","926","1788","0","51.79","38.31"
"68","000","00","010","1030","0000","2222","1708","514","89","2311","4320","0","53.5","39.54"
"68","000","00","010","1030","0832","773","593","180","23","796","1510","0","52.72","39.27"
"68","000","00","010","1030","0833","712","562","150","35","747","1403","0","53.24","40.06"
"68","000","00","010","1030","0834","737","553","184","31","768","1407","0","54.58","39.3"
"68","000","00","010","1031","0000","2094","1502","592","73","2167","3761","0","57.62","39.94"
"68","000","00","010","1031","0844","778","550","228","29","807","1463","0","55.16","37.59"
"68","000","00","010","1031","0845","702","505","197","19","721","1213","0","59.44","41.63"
"68","000","00","010","1031","0846","614","447","167","25","639","1085","0","58.89","41.2"
"68","000","00","010","1032","0000","1683","1246","437","64","1747","3217","0","54.31","38.73"
"68","000","00","010","1032","0822","859","641","218","27","886","1685","0","52.58","38.04"
"68","000","00","010","1032","0823","824","605","219","37","861","1532","0","56.2","39.49"
"68","000","00","010","1033","0000","2942","2276","666","84","3026","6014","0","50.32","37.85"
"68","000","00","010","1033","0809","917","687","230","10","927","1786","0","51.9","38.47"
"68","000","00","010","1033","0810","661","487","174","23","684","1634","0","41.86","29.8"
"68","000","00","010","1033","0811","583","435","148","29","612","1080","0","56.67","40.28"
"68","000","00","010","1033","0812","781","667","114","22","803","1514","0","53.04","44.06"
"68","000","00","010","1034","0000","2164","1632","532","81","2245","4262","0","52.67","38.29"
"68","000","00","010","1034","0847","716","559","157","20","736","1458","0","50.48","38.34"
"68","000","00","010","1034","0848","750","570","180","35","785","1408","0","55.75","40.48"
"68","000","00","010","1034","0849","698","503","195","26","724","1396","0","51.86","36.03"
"68","000","00","010","1035","0000","1561","1148","413","71","1632","3094","0","52.75","37.1"
"68","000","00","010","1035","0889","738","537","201","51","789","1577","0","50.03","34.05"
"68","000","00","010","1035","0890","823","611","212","20","843","1517","0","55.57","40.28"
"68","000","00","010","1036","0000","2225","1620","605","70","2295","3806","0","60.3","42.56"
"68","000","00","010","1036","0899","784","554","230","30","814","1377","0","59.11","40.23"
"68","000","00","010","1036","0900","712","517","195","19","731","1198","0","61.02","43.16"
"68","000","00","010","1036","0901","729","549","180","21","750","1231","0","60.93","44.6"
"68","000","00","010","1037","0000","2594","1847","747","67","2661","5039","0","52.81","36.65"
"68","000","00","010","1037","0880","756","554","202","21","777","1399","0","55.54","39.6"
"68","000","00","010","1037","0881","959","654","305","29","988","1968","0","50.2","33.23"
"68","000","00","010","1037","0882","879","639","240","17","896","1672","0","53.59","38.22"
"68","000","00","010","1038","0000","2011","1589","422","85","2096","4201","0","49.89","37.82"
"68","000","00","010","1038","0905","682","535","147","38","720","1332","0","54.05","40.17"
"68","000","00","010","1038","0906","565","485","80","24","589","1201","0","49.04","40.38"
"68","000","00","010","1038","0907","764","569","195","23","787","1668","0","47.18","34.11"
"68","000","00","010","1039","0000","1521","1055","466","48","1569","2790","0","56.24","37.81"
"68","000","00","010","1039","0894","714","495","219","30","744","1316","0","56.53","37.61"
"68","000","00","010","1039","0895","807","560","247","18","825","1474","0","55.97","37.99"
"68","000","00","010","1040","0000","839","616","223","29","868","1561","0","55.61","39.46"
"68","000","00","010","1040","0878","403","298","105","19","422","722","0","58.45","41.27"
"68","000","00","010","1040","0879","436","318","118","10","446","839","0","53.16","37.9"
"68","000","00","010","1041","0000","2110","1489","621","64","2174","3703","0","58.71","40.21"
"68","000","00","010","1041","0872","593","415","178","22","615","1094","0","56.22","37.93"
"68","000","00","010","1041","0873","794","575","219","30","824","1394","0","59.11","41.25"
"68","000","00","010","1041","0874","723","499","224","12","735","1215","0","60.49","41.07"
"68","000","00","010","1042","0000","2782","1958","824","79","2861","4896","0","58.44","39.99"
"68","000","00","010","1042","0854","987","719","268","24","1011","1752","0","57.71","41.04"
"68","000","00","010","1042","0855","841","603","238","26","867","1434","0","60.46","42.05"
"68","000","00","010","1042","0856","954","636","318","29","983","1710","0","57.49","37.19"
"68","000","00","010","1043","0000","2796","1972","824","71","2867","5358","0","53.51","36.8"
"68","000","00","010","1043","0837","874","622","252","30","904","1730","0","52.25","35.95"
"68","000","00","010","1043","0838","992","702","290","22","1014","1905","0","53.23","36.85"
"68","000","00","010","1043","0839","930","648","282","19","949","1723","0","55.08","37.61"
"68","000","00","010","1044","0000","1904","1322","582","55","1959","3596","0","54.48","36.76"
"68","000","00","010","1044","0887","984","672","312","27","1011","1844","0","54.83","36.44"
"68","000","00","010","1044","0888","920","650","270","28","948","1752","0","54.11","37.1"
"68","000","00","010","1045","0000","2246","1677","569","112","2358","4767","0","49.47","35.18"
"68","000","00","010","1045","0813","846","623","223","42","888","1918","0","46.3","32.48"
"68","000","00","010","1045","0814","619","482","137","47","666","1182","0","56.35","40.78"
"68","000","00","010","1045","0815","781","572","209","23","804","1667","0","48.23","34.31"
"68","000","00","010","1046","0000","3261","2545","716","88","3349","6496","0","51.55","39.18"
"68","000","00","010","1046","0816","743","549","194","23","766","1640","0","46.71","33.48"
"68","000","00","010","1046","0817","813","707","106","29","842","1603","0","52.53","44.1"
"68","000","00","010","1046","0818","859","648","211","18","877","1556","0","56.36","41.65"
"68","000","00","010","1046","0819","846","641","205","18","864","1697","0","50.91","37.77"
"68","000","00","011","0000","0000","22160","17013","5147","1106","23266","41461","49159","56.12","41.03"
"68","000","00","011","1101","0000","1592","1192","400","50","1642","2862","0","57.37","41.65"
"68","000","00","011","1101","1072","761","578","183","18","779","1306","0","59.65","44.26"
"68","000","00","011","1101","1073","831","614","217","32","863","1556","0","55.46","39.46"
"68","000","00","011","1102","0000","2248","1655","593","106","2354","3945","0","59.67","41.95"
"68","000","00","011","1102","1074","1074","800","274","49","1123","1849","0","60.74","43.27"
"68","000","00","011","1102","1075","1174","855","319","57","1231","2096","0","58.73","40.79"
"68","000","00","011","1103","0000","755","574","181","42","797","1517","0","52.54","37.84"
"68","000","00","011","1103","1076","755","574","181","42","797","1517","0","52.54","37.84"
"68","000","00","011","1104","0000","1986","1500","486","92","2078","3951","0","52.59","37.97"
"68","000","00","011","1104","1077","1136","848","288","57","1193","2095","0","56.95","40.48"
"68","000","00","011","1104","1078","850","652","198","35","885","1856","0","47.68","35.13"
"68","000","00","011","1105","0000","2270","1715","555","77","2347","4024","0","58.33","42.62"
"68","000","00","011","1105","1086","1123","866","257","29","1152","1992","0","57.83","43.47"
"68","000","00","011","1105","1087","1147","849","298","48","1195","2032","0","58.81","41.78"
"68","000","00","011","1106","0000","1385","1043","342","79","1464","2542","0","57.59","41.03"
"68","000","00","011","1106","1082","741","541","200","40","781","1271","0","61.45","42.56"
"68","000","00","011","1106","1083","644","502","142","39","683","1271","0","53.74","39.5"
"68","000","00","011","1107","0000","1240","926","314","74","1314","2319","0","56.66","39.93"
"68","000","00","011","1107","1084","668","494","174","39","707","1234","0","57.29","40.03"
"68","000","00","011","1107","1085","572","432","140","35","607","1085","0","55.94","39.82"
"68","000","00","011","1108","0000","669","517","152","28","697","1385","0","50.32","37.33"
"68","000","00","011","1108","1081","669","517","152","28","697","1385","0","50.32","37.33"
"68","000","00","011","1109","0000","689","528","161","20","709","1425","0","49.75","37.05"
"68","000","00","011","1109","1080","689","528","161","20","709","1425","0","49.75","37.05"
"68","000","00","011","1110","0000","1042","821","221","55","1097","1986","0","55.24","41.34"
"68","000","00","011","1110","1079","1042","821","221","55","1097","1986","0","55.24","41.34"
"68","000","00","011","1111","0000","416","332","84","19","435","741","0","58.7","44.8"
"68","000","00","011","1111","1098","416","332","84","19","435","741","0","58.7","44.8"
"68","000","00","011","1112","0000","869","704","165","37","906","1714","0","52.86","41.07"
"68","000","00","011","1112","1100","869","704","165","37","906","1714","0","52.86","41.07"
"68","000","00","011","1113","0000","542","408","134","40","582","943","0","61.72","43.27"
"68","000","00","011","1113","1099","542","408","134","40","582","943","0","61.72","43.27"
"68","000","00","011","1114","0000","714","567","147","20","734","1340","0","54.78","42.31"
"68","000","00","011","1114","1101","714","567","147","20","734","1340","0","54.78","42.31"
"68","000","00","011","1115","0000","467","371","96","41","508","995","0","51.06","37.29"
"68","000","00","011","1115","1097","467","371","96","41","508","995","0","51.06","37.29"
"68","000","00","011","1116","0000","1260","972","288","85","1345","2265","0","59.38","42.91"
"68","000","00","011","1116","1095","510","407","103","16","526","896","0","58.71","45.42"
"68","000","00","011","1116","1096","750","565","185","69","819","1369","0","59.82","41.27"
"68","000","00","011","1117","0000","620","511","109","47","667","1050","0","63.52","48.67"
"68","000","00","011","1117","1094","620","511","109","47","667","1050","0","63.52","48.67"
"68","000","00","011","1118","0000","384","295","89","24","408","663","0","61.54","44.49"
"68","000","00","011","1118","1092","384","295","89","24","408","663","0","61.54","44.49"
"68","000","00","011","1119","0000","498","383","115","11","509","908","0","56.06","42.18"
"68","000","00","011","1119","1091","498","383","115","11","509","908","0","56.06","42.18"
"68","000","00","011","1120","0000","553","456","97","34","587","1088","0","53.95","41.91"
"68","000","00","011","1120","1093","553","456","97","34","587","1088","0","53.95","41.91"
"68","000","00","011","1121","0000","616","472","144","31","647","1106","0","58.5","42.68"
"68","000","00","011","1121","1090","616","472","144","31","647","1106","0","58.5","42.68"
"68","000","00","011","1122","0000","645","522","123","63","708","1291","0","54.84","40.43"
"68","000","00","011","1122","1088","645","522","123","63","708","1291","0","54.84","40.43"
"68","000","00","011","1123","0000","700","549","151","31","731","1401","0","52.18","39.19"
"68","000","00","011","1123","1089","700","549","151","31","731","1401","0","52.18","39.19"
"68","000","00","012","0000","0000","26883","20031","6852","1149","28032","55149","67208","50.83","36.32"
"68","000","00","012","1201","0000","1190","900","290","50","1240","2733","0","45.37","32.93"
"68","000","00","012","1201","1102","626","475","151","28","654","1371","0","47.7","34.65"
"68","000","00","012","1201","1103","564","425","139","22","586","1362","0","43.02","31.2"
"68","000","00","012","1202","0000","480","344","136","53","533","997","0","53.46","34.5"
"68","000","00","012","1202","1104","480","344","136","53","533","997","0","53.46","34.5"
"68","000","00","012","1203","0000","661","510","151","27","688","1407","0","48.9","36.25"
"68","000","00","012","1203","1105","661","510","151","27","688","1407","0","48.9","36.25"
"68","000","00","012","1204","0000","868","634","234","33","901","1692","0","53.25","37.47"
"68","000","00","012","1204","1106","868","634","234","33","901","1692","0","53.25","37.47"
"68","000","00","012","1205","0000","488","372","116","18","506","892","0","56.73","41.7"
"68","000","00","012","1205","1109","488","372","116","18","506","892","0","56.73","41.7"
"68","000","00","012","1206","0000","1064","830","234","27","1091","2070","0","52.71","40.1"
"68","000","00","012","1206","1107","660","520","140","12","672","1279","0","52.54","40.66"
"68","000","00","012","1206","1108","404","310","94","15","419","791","0","52.97","39.19"
"68","000","00","012","1207","0000","511","389","122","21","532","886","0","60.05","43.91"
"68","000","00","012","1207","1110","511","389","122","21","532","886","0","60.05","43.91"
"68","000","00","012","1208","0000","375","293","82","26","401","712","0","56.32","41.15"
"68","000","00","012","1208","1111","375","293","82","26","401","712","0","56.32","41.15"
"68","000","00","012","1209","0000","753","575","178","63","816","1609","0","50.71","35.74"
"68","000","00","012","1209","1112","753","575","178","63","816","1609","0","50.71","35.74"
"68","000","00","012","1210","0000","1239","915","324","72","1311","2625","0","49.94","34.86"
"68","000","00","012","1210","1113","665","486","179","41","706","1274","0","55.42","38.15"
"68","000","00","012","1210","1114","574","429","145","31","605","1351","0","44.78","31.75"
"68","000","00","012","1211","0000","1378","1013","365","56","1434","2504","0","57.27","40.46"
"68","000","00","012","1211","1115","706","511","195","23","729","1262","0","57.77","40.49"
"68","000","00","012","1211","1116","672","502","170","33","705","1242","0","56.76","40.42"
"68","000","00","012","1212","0000","1559","1127","432","63","1622","3074","0","52.77","36.66"
"68","000","00","012","1212","1117","746","531","215","29","775","1461","0","53.05","36.34"
"68","000","00","012","1212","1118","813","596","217","34","847","1613","0","52.51","36.95"
"68","000","00","012","1213","0000","780","589","191","29","809","1479","0","54.7","39.82"
"68","000","00","012","1213","1119","780","589","191","29","809","1479","0","54.7","39.82"
"68","000","00","012","1214","0000","2300","1666","634","71","2371","4760","0","49.81","35.0"
"68","000","00","012","1214","1120","723","524","199","24","747","1552","0","48.13","33.76"
"68","000","00","012","1214","1121","775","569","206","15","790","1517","0","52.08","37.51"
"68","000","00","012","1214","1122","802","573","229","32","834","1691","0","49.32","33.89"
"68","000","00","012","1215","0000","1939","1465","474","72","2011","3762","0","53.46","38.94"
"68","000","00","012","1215","1123","632","468","164","18","650","1157","0","56.18","40.45"
"68","000","00","012","1215","1124","710","527","183","40","750","1455","0","51.55","36.22"
"68","000","00","012","1215","1125","597","470","127","14","611","1150","0","53.13","40.87"
"68","000","00","012","1216","0000","1209","917","292","38","1247","2363","0","52.77","38.81"
"68","000","00","012","1216","1126","599","459","140","25","624","1112","0","56.12","41.28"
"68","000","00","012","1216","1127","610","458","152","13","623","1251","0","49.8","36.61"
"68","000","00","012","1217","0000","1468","1068","400","95","1563","2939","0","53.18","36.34"
"68","000","00","012","1217","1128","719","526","193","51","770","1446","0","53.25","36.38"
"68","000","00","012","1217","1129","749","542","207","44","793","1493","0","53.11","36.3"
"68","000","00","012","1218","0000","1319","989","330","59","1378","2476","0","55.65","39.94"
"68","000","00","012","1218","1130","684","500","184","25","709","1339","0","52.95","37.34"
"68","000","00","012","1218","1131","635","489","146","34","669","1137","0","58.84","43.01"
"68","000","00","012","1219","0000","509","396","113","22","531","1043","0","50.91","37.97"
"68","000","00","012","1219","1132","509","396","113","22","531","1043","0","50.91","37.97"
"68","000","00","012","1220","0000","929","684","245","37","966","1968","0","49.09","34.76"
"68","000","00","012","1220","1133","444","331","113","18","462","993","0","46.53","33.33"
"68","000","00","012","1220","1134","485","353","132","19","504","975","0","51.69","36.21"
"68","000","00","012","1221","0000","870","631","239","36","906","2029","0","44.65","31.1"
"68","000","00","012","1221","1135","870","631","239","36","906","2029","0","44.65","31.1"
"68","000","00","012","1222","0000","1447","1092","355","66","1513","3802","0","39.79","28.72"
"68","000","00","012","1222","1139","773","597","176","43","816","1870","0","43.64","31.93"
"68","000","00","012","1222","1140","674","495","179","23","697","1932","0","36.08","25.62"
"68","000","00","012","1223","0000","826","624","202","23","849","1884","0","45.06","33.12"
"68","000","00","012","1223","1141","412","311","101","6","418","899","0","46.5","34.59"
"68","000","00","012","1223","1142","414","313","101","17","431","985","0","43.76","31.78"
"68","000","00","012","1224","0000","2721","2008","713","92","2813","5443","0","51.68","36.89"
"68","000","00","012","1224","1136","935","673","262","33","968","1765","0","54.84","38.13"
"68","000","00","012","1224","1137","900","670","230","29","929","1809","0","51.35","37.04"
"68","000","00","012","1224","1138","886","665","221","30","916","1869","0","49.01","35.58"
"68","000","00","013","0000","0000","5355","4593","762","235","5590","9766","11997","57.24","47.03"
"68","000","00","013","1301","0000","1062","902","160","70","1132","1991","0","56.86","45.3"
"68","000","00","013","1301","0581","1062","902","160","70","1132","1991","0","56.86","45.3"
"68","000","00","013","1302","0000","774","656","118","26","800","1392","0","57.47","47.13"
"68","000","00","013","1302","0582","774","656","118","26","800","1392","0","57.47","47.13"
"68","000","00","013","1303","0000","409","339","70","19","428","716","0","59.78","47.35"
"68","000","00","013","1303","0584","409","339","70","19","428","716","0","59.78","47.35"
"68","000","00","013","1304","0000","324","272","52","10","334","564","0","59.22","48.23"
"68","000","00","013","1304","0583","324","272","52","10","334","564","0","59.22","48.23"
"68","000","00","013","1305","0000","301","230","71","8","309","669","0","46.19","34.38"
"68","000","00","013","1305","0586","301","230","71","8","309","669","0","46.19","34.38"
"68","000","00","013","1306","0000","381","331","50","15","396","683","0","57.98","48.46"
"68","000","00","013","1306","0589","381","331","50","15","396","683","0","57.98","48.46"
"68","000","00","013","1307","0000","380","327","53","13","393","760","0","51.71","43.03"
"68","000","00","013","1307","0587","380","327","53","13","393","760","0","51.71","43.03"
"68","000","00","013","1308","0000","692","633","59","17","709","1224","0","57.92","51.72"
"68","000","00","013","1308","0590","692","633","59","17","709","1224","0","57.92","51.72"
"68","000","00","013","1309","0000","610","539","71","39","649","1016","0","63.88","53.05"
"68","000","00","013","1309","0585","610","539","71","39","649","1016","0","63.88","53.05"
"68","000","00","013","1310","0000","422","364","58","18","440","751","0","58.59","48.47"
"68","000","00","013","1310","0588","422","364","58","18","440","751","0","58.59","48.47"
"66","000","00","000","0000","0000","1279350","937001","342349","59467","1338817","2295642","2799254","58.32","40.82"
"66","000","00","001","0000","0000","7856","5864","1992","390","8246","14696","18557","56.11","39.9"
"66","000","00","001","0101","0000","841","611","230","21","862","1531","0","56.3","39.91"
"66","000","00","001","0101","1071","841","611","230","21","862","1531","0","56.3","39.91"
"66","000","00","001","0102","0000","1129","818","311","71","1200","2046","0","58.65","39.98"
"66","000","00","001","0102","1075","653","480","173","51","704","1191","0","59.11","40.3"
"66","000","00","001","0102","1076","476","338","138","20","496","855","0","58.01","39.53"
"66","000","00","001","0103","0000","966","691","275","61","1027","1652","0","62.17","41.83"
"66","000","00","001","0103","1070","966","691","275","61","1027","1652","0","62.17","41.83"
"66","000","00","001","0104","0000","712","604","108","35","747","1431","0","52.2","42.21"
"66","000","00","001","0104","1072","712","604","108","35","747","1431","0","52.2","42.21"
"66","000","00","001","0105","0000","1117","823","294","51","1168","2042","0","57.2","40.3"
"66","000","00","001","0105","1073","585","430","155","30","615","1060","0","58.02","40.57"
"66","000","00","001","0105","1074","532","393","139","21","553","982","0","56.31","40.02"
"66","000","00","001","0106","0000","933","713","220","45","978","1840","0","53.15","38.75"
"66","000","00","001","0106","1077","513","389","124","34","547","1135","0","48.19","34.27"
"66","000","00","001","0106","1078","420","324","96","11","431","705","0","61.13","45.96"
"66","000","00","001","0107","0000","1268","946","322","80","1348","2313","0","58.28","40.9"
"66","000","00","001","0107","1079","585","435","150","29","614","1009","0","60.85","43.11"
"66","000","00","001","0107","1080","683","511","172","51","734","1304","0","56.29","39.19"
"66","000","00","001","0108","0000","890","658","232","26","916","1841","0","49.76","35.74"
"66","000","00","001","0108","1081","890","658","232","26","916","1841","0","49.76","35.74"
"66","000","00","002","0000","0000","36413","26787","9626","1821","38234","64291","76070","59.47","41.67"
"66","000","00","002","0201","0000","1498","1115","383","71","1569","2999","0","52.32","37.18"
"66","000","00","002","0201","1148","438","309","129","21","459","1138","0","40.33","27.15"
"66","000","00","002","0201","1149","570","430","140","16","586","984","0","59.55","43.7"
"66","000","00","002","0201","1150","490","376","114","34","524","877","0","59.75","42.87"
"66","000","00","002","0202","0000","1837","1336","501","116","1953","3129","0","62.42","42.7"
"66","000","00","002","0202","1151","651","467","184","33","684","1070","0","63.93","43.64"
"66","000","00","002","0202","1152","643","459","184","44","687","1106","0","62.12","41.5"
"66","000","00","002","0202","1153","543","410","133","39","582","953","0","61.07","43.02"
"66","000","00","002","0203","0000","2106","1572","534","96","2202","3636","0","60.56","43.23"
"66","000","00","002","0203","1154","727","540","187","27","754","1195","0","63.1","45.19"
"66","000","00","002","0203","1155","692","523","169","35","727","1251","0","58.11","41.81"
"66","000","00","002","0203","1156","687","509","178","34","721","1190","0","60.59","42.77"
"66","000","00","002","0204","0000","1593","1248","345","101","1694","2837","0","59.71","43.99"
"66","000","00","002","0204","1157","739","629","110","55","794","1394","0","56.96","45.12"
"66","000","00","002","0204","1158","854","619","235","46","900","1443","0","62.37","42.9"
"66","000","00","002","0205","0000","1168","855","313","69","1237","1966","0","62.92","43.49"
"66","000","00","002","0205","1161","702","523","179","49","751","1211","0","62.01","43.19"
"66","000","00","002","0205","1162","466","332","134","20","486","755","0","64.37","43.97"
"66","000","00","002","0206","0000","1148","853","295","67","1215","1902","0","63.88","44.85"
"66","000","00","002","0206","1159","437","337","100","35","472","762","0","61.94","44.23"
"66","000","00","002","0206","1160","711","516","195","32","743","1140","0","65.18","45.26"
"66","000","00","002","0207","0000","1369","1029","340","64","1433","2491","0","57.53","41.31"
"66","000","00","002","0207","1163","810","595","215","41","851","1491","0","57.08","39.91"
"66","000","00","002","0207","1164","559","434","125","23","582","1000","0","58.2","43.4"
"66","000","00","002","0208","0000","1274","932","342","59","1333","2215","0","60.18","42.08"
"66","000","00","002","0208","1165","651","471","180","37","688","1114","0","61.76","42.28"
"66","000","00","002","0208","1166","623","461","162","22","645","1101","0","58.58","41.87"
"66","000","00","002","0209","0000","3852","2827","1025","177","4029","6563","0","61.39","43.07"
"66","000","00","002","0209","1167","701","537","164","45","746","1169","0","63.82","45.94"
"66","000","00","002","0209","1168","774","584","190","41","815","1283","0","63.52","45.52"
"66","000","00","002","0209","1169","720","526","194","25","745","1168","0","63.78","45.03"
"66","000","00","002","0209","1170","763","573","190","32","795","1386","0","57.36","41.34"
"66","000","00","002","0209","1171","894","607","287","34","928","1557","0","59.6","38.99"
"66","000","00","002","0210","0000","2699","1955","744","126","2825","4658","0","60.65","41.97"
"66","000","00","002","0210","1172","774","571","203","44","818","1380","0","59.28","41.38"
"66","000","00","002","0210","1173","968","713","255","38","1006","1674","0","60.1","42.59"
"66","000","00","002","0210","1174","957","671","286","44","1001","1604","0","62.41","41.83"
"66","000","00","002","0211","0000","2206","1614","592","108","2314","3743","0","61.82","43.12"
"66","000","00","002","0211","1179","730","557","173","39","769","1252","0","61.42","44.49"
"66","000","00","002","0211","1180","757","516","241","38","795","1250","0","63.6","41.28"
"66","000","00","002","0211","1181","719","541","178","31","750","1241","0","60.44","43.59"
"66","000","00","002","0212","0000","1367","992","375","83","1450","2606","0","55.64","38.07"
"66","000","00","002","0212","1182","669","465","204","41","710","1318","0","53.87","35.28"
"66","000","00","002","0212","1183","698","527","171","42","740","1288","0","57.45","40.92"
"66","000","00","002","0213","0000","2332","1733","599","153","2485","4096","0","60.67","42.31"
"66","000","00","002","0213","1184","864","631","233","47","911","1442","0","63.18","43.76"
"66","000","00","002","0213","1185","671","482","189","47","718","1202","0","59.73","40.1"
"66","000","00","002","0213","1186","797","620","177","59","856","1452","0","58.95","42.7"
"66","000","00","002","0214","0000","859","670","189","43","902","1693","0","53.28","39.57"
"66","000","00","002","0214","1190","859","670","189","43","902","1693","0","53.28","39.57"
"66","000","00","002","0215","0000","2218","1640","578","106","2324","4083","0","56.92","40.17"
"66","000","00","002","0215","1187","805","581","224","34","839","1480","0","56.69","39.26"
"66","000","00","002","0215","1188","944","724","220","46","990","1736","0","57.03","41.71"
"66","000","00","002","0215","1189","469","335","134","26","495","867","0","57.09","38.64"
"66","000","00","002","0216","0000","5036","3643","1393","225","5261","8717","0","60.35","41.79"
"66","000","00","002","0216","1191","901","670","231","53","954","1538","0","62.03","43.56"
"66","000","00","002","0216","1192","948","666","282","53","1001","1593","0","62.84","41.81"
"66","000","00","002","0216","1193","793","565","228","21","814","1481","0","54.96","38.15"
"66","000","00","002","0216","1194","853","611","242","32","885","1414","0","62.59","43.21"
"66","000","00","002","0216","1195","737","538","199","29","766","1297","0","59.06","41.48"
"66","000","00","002","0216","1196","804","593","211","37","841","1394","0","60.33","42.54"
"66","000","00","002","0217","0000","3851","2773","1078","157","4008","6957","0","57.61","39.86"
"66","000","00","002","0217","1175","1057","741","316","41","1098","1815","0","60.5","40.83"
"66","000","00","002","0217","1176","925","671","254","43","968","1700","0","56.94","39.47"
"66","000","00","002","0217","1177","892","645","247","27","919","1592","0","57.73","40.52"
"66","000","00","002","0217","1178","977","716","261","46","1023","1850","0","55.3","38.7"
"66","000","00","003","0000","0000","61410","43492","17918","2619","64029","103643","125726","61.78","41.96"
"66","000","00","003","0301","0000","2143","1553","590","99","2242","3607","0","62.16","43.06"
"66","000","00","003","0301","1201","695","495","200","28","723","1130","0","63.98","43.81"
"66","000","00","003","0301","1202","750","560","190","37","787","1239","0","63.52","45.2"
"66","000","00","003","0301","1203","698","498","200","34","732","1238","0","59.13","40.23"
"66","000","00","003","0302","0000","2264","1627","637","114","2378","3862","0","61.57","42.13"
"66","000","00","003","0302","1204","752","540","212","37","789","1272","0","62.03","42.45"
"66","000","00","003","0302","1205","757","547","210","24","781","1273","0","61.35","42.97"
"66","000","00","003","0302","1206","755","540","215","53","808","1317","0","61.35","41.0"
"66","000","00","003","0303","0000","2173","1525","648","109","2282","3476","0","65.65","43.87"
"66","000","00","003","0303","1207","767","546","221","30","797","1160","0","68.71","47.07"
"66","000","00","003","0303","1208","750","510","240","46","796","1205","0","66.06","42.32"
"66","000","00","003","0303","1209","656","469","187","33","689","1111","0","62.02","42.21"
"66","000","00","003","0304","0000","1774","1255","519","57","1831","2826","0","64.79","44.41"
"66","000","00","003","0304","1210","950","668","282","26","976","1407","0","69.37","47.48"
"66","000","00","003","0304","1211","824","587","237","31","855","1419","0","60.25","41.37"
"66","000","00","003","0305","0000","1500","1074","426","80","1580","2572","0","61.43","41.76"
"66","000","00","003","0305","1212","704","517","187","34","738","1157","0","63.79","44.68"
"66","000","00","003","0305","1213","796","557","239","46","842","1415","0","59.51","39.36"
"66","000","00","003","0306","0000","1653","1201","452","75","1728","2743","0","63.0","43.78"
"66","000","00","003","0306","1214","803","593","210","46","849","1289","0","65.87","46.0"
"66","000","00","003","0306","1215","850","608","242","29","879","1454","0","60.45","41.82"
"66","000","00","003","0307","0000","2461","1744","717","110","2571","4315","0","59.58","40.42"
"66","000","00","003","0307","1216","840","596","244","39","879","1491","0","58.95","39.97"
"66","000","00","003","0307","1217","801","582","219","33","834","1394","0","59.83","41.75"
"66","000","00","003","0307","1218","820","566","254","38","858","1430","0","60.0","39.58"
"66","000","00","003","0308","0000","2395","1725","670","110","2505","3836","0","65.3","44.97"
"66","000","00","003","0308","1219","813","591","222","34","847","1342","0","63.11","44.04"
"66","000","00","003","0308","1220","841","614","227","43","884","1304","0","67.79","47.09"
"66","000","00","003","0308","1221","741","520","221","33","774","1190","0","65.04","43.7"
"66","000","00","003","0309","0000","3141","2282","859","171","3312","5320","0","62.26","42.89"
"66","000","00","003","0309","1222","714","546","168","47","761","1273","0","59.78","42.89"
"66","000","00","003","0309","1223","857","604","253","46","903","1387","0","65.1","43.55"
"66","000","00","003","0309","1224","782","560","222","39","821","1356","0","60.55","41.3"
"66","000","00","003","0309","1225","788","572","216","39","827","1304","0","63.42","43.87"
"66","000","00","003","0310","0000","2203","1552","651","91","2294","3842","0","59.71","40.4"
"66","000","00","003","0310","1230","767","562","205","37","804","1308","0","61.47","42.97"
"66","000","00","003","0310","1231","725","500","225","25","750","1250","0","60.0","40.0"
"66","000","00","003","0310","1232","711","490","221","29","740","1284","0","57.63","38.16"
"66","000","00","003","0311","0000","4608","3186","1422","191","4799","7672","0","62.55","41.53"
"66","000","00","003","0311","1240","1015","701","314","36","1051","1643","0","63.97","42.67"
"66","000","00","003","0311","1241","857","600","257","36","893","1423","0","62.75","42.16"
"66","000","00","003","0311","1242","887","632","255","43","930","1542","0","60.31","40.99"
"66","000","00","003","0311","1243","908","604","304","27","935","1533","0","60.99","39.4"
"66","000","00","003","0311","1244","941","649","292","49","990","1531","0","64.66","42.39"
"66","000","00","003","0312","0000","6201","4416","1785","251","6452","10764","0","59.94","41.03"
"66","000","00","003","0312","1248","954","665","289","33","987","1799","0","54.86","36.96"
"66","000","00","003","0312","1249","1045","760","285","47","1092","1708","0","63.93","44.5"
"66","000","00","003","0312","1250","953","687","266","43","996","1700","0","58.59","40.41"
"66","000","00","003","0312","1251","1063","796","267","28","1091","1751","0","62.31","45.46"
"66","000","00","003","0312","1252","1205","830","375","64","1269","2109","0","60.17","39.36"
"66","000","00","003","0312","1253","981","678","303","36","1017","1697","0","59.93","39.95"
"66","000","00","003","0313","0000","4987","3543","1444","172","5159","7918","0","65.16","44.75"
"66","000","00","003","0313","1258","780","563","217","20","800","1274","0","62.79","44.19"
"66","000","00","003","0313","1259","899","630","269","27","926","1390","0","66.62","45.32"
"66","000","00","003","0313","1260","827","553","274","24","851","1295","0","65.71","42.7"
"66","000","00","003","0313","1261","785","586","199","33","818","1312","0","62.35","44.66"
"66","000","00","003","0313","1262","881","634","247","26","907","1417","0","64.01","44.74"
"66","000","00","003","0313","1263","815","577","238","42","857","1230","0","69.67","46.91"
"66","000","00","003","0314","0000","2399","1687","712","114","2513","4174","0","60.21","40.42"
"66","000","00","003","0314","1264","762","553","209","32","794","1308","0","60.7","42.28"
"66","000","00","003","0314","1265","834","567","267","52","886","1467","0","60.4","38.65"
"66","000","00","003","0314","1266","803","567","236","30","833","1399","0","59.54","40.53"
"66","000","00","003","0315","0000","1174","848","326","59","1233","1938","0","63.62","43.76"
"66","000","00","003","0315","1197","553","398","155","25","578","937","0","61.69","42.48"
"66","000","00","003","0315","1198","621","450","171","34","655","1001","0","65.43","44.96"
"66","000","00","003","0316","0000","1572","1160","412","74","1646","2451","0","67.16","47.33"
"66","000","00","003","0316","1199","786","571","215","38","824","1249","0","65.97","45.72"
"66","000","00","003","0316","1200","786","589","197","36","822","1202","0","68.39","49.0"
"66","000","00","003","0317","0000","3290","2276","1014","127","3417","5388","0","63.42","42.24"
"66","000","00","003","0317","1226","797","560","237","24","821","1256","0","65.37","44.59"
"66","000","00","003","0317","1227","845","571","274","24","869","1364","0","63.71","41.86"
"66","000","00","003","0317","1228","795","563","232","57","852","1361","0","62.6","41.37"
"66","000","00","003","0317","1229","853","582","271","22","875","1407","0","62.19","41.36"
"66","000","00","003","0318","0000","2133","1512","621","121","2254","3501","0","64.38","43.19"
"66","000","00","003","0318","1233","720","512","208","43","763","1175","0","64.94","43.57"
"66","000","00","003","0318","1234","727","540","187","43","770","1158","0","66.49","46.63"
"66","000","00","003","0318","1235","686","460","226","35","721","1168","0","61.73","39.38"
"66","000","00","003","0319","0000","3795","2661","1134","123","3918","7241","0","54.11","36.75"
"66","000","00","003","0319","1236","998","710","288","40","1038","1626","0","63.84","43.67"
"66","000","00","003","0319","1237","882","601","281","28","910","2115","0","43.03","28.42"
"66","000","00","003","0319","1238","989","693","296","27","1016","1805","0","56.29","38.39"
"66","000","00","003","0319","1239","926","657","269","28","954","1695","0","56.28","38.76"
"66","000","00","003","0320","0000","2533","1815","718","91","2624","4415","0","59.43","41.11"
"66","000","00","003","0320","1245","788","605","183","24","812","1392","0","58.33","43.46"
"66","000","00","003","0320","1246","885","614","271","28","913","1592","0","57.35","38.57"
"66","000","00","003","0320","1247","860","596","264","39","899","1431","0","62.82","41.65"
"66","000","00","003","0321","0000","3920","2704","1216","150","4070","6474","0","62.87","41.77"
"66","000","00","003","0321","1254","828","540","288","34","862","1456","0","59.2","37.09"
"66","000","00","003","0321","1255","1111","785","326","42","1153","1726","0","66.8","45.48"
"66","000","00","003","0321","1256","1042","723","319","39","1081","1723","0","62.74","41.96"
"66","000","00","003","0321","1257","939","656","283","35","974","1569","0","62.08","41.81"
"66","000","00","003","0322","0000","3091","2146","945","130","3221","5308","0","60.68","40.43"
"66","000","00","003","0322","1267","692","519","173","41","733","1207","0","60.73","43.0"
"66","000","00","003","0322","1268","769","530","239","31","800","1317","0","60.74","40.24"
"66","000","00","003","0322","1269","887","584","303","30","917","1563","0","58.67","37.36"
"66","000","00","003","0322","1270","743","513","230","28","771","1221","0","63.14","42.01"
"66","000","00","004","0000","0000","53949","37391","16558","2062","56011","95040","115551","58.93","39.34"
"66","000","00","004","0401","0000","1098","763","335","61","1159","1798","0","64.46","42.44"
"66","000","00","004","0401","1085","610","422","188","35","645","1020","0","63.24","41.37"
"66","000","00","004","0401","1086","488","341","147","26","514","778","0","66.07","43.83"
"66","000","00","004","0402","0000","815","570","245","30","845","1416","0","59.68","40.25"
"66","000","00","004","0402","1084","815","570","245","30","845","1416","0","59.68","40.25"
"66","000","00","004","0403","0000","1057","758","299","35","1092","2261","0","48.3","33.52"
"66","000","00","004","0403","1082","507","378","129","18","525","1400","0","37.5","27.0"
"66","000","00","004","0403","1083","550","380","170","17","567","861","0","65.85","44.13"
"66","000","00","004","0404","0000","1447","1000","447","56","1503","2295","0","65.49","43.57"
"66","000","00","004","0404","1090","788","545","243","27","815","1251","0","65.15","43.57"
"66","000","00","004","0404","1091","659","455","204","29","688","1044","0","65.9","43.58"
"66","000","00","004","0405","0000","825","600","225","26","851","1465","0","58.09","40.96"
"66","000","00","004","0405","1087","825","600","225","26","851","1465","0","58.09","40.96"
"66","000","00","004","0406","0000","1118","784","334","34","1152","1885","0","61.11","41.59"
"66","000","00","004","0406","1088","609","436","173","13","622","1017","0","61.16","42.87"
"66","000","00","004","0406","1089","509","348","161","21","530","868","0","61.06","40.09"
"66","000","00","004","0407","0000","2754","1881","873","96","2850","4791","0","59.49","39.26"
"66","000","00","004","0407","1092","829","548","281","29","858","1487","0","57.7","36.85"
"66","000","00","004","0407","1093","894","613","281","41","935","1573","0","59.44","38.97"
"66","000","00","004","0407","1094","1031","720","311","26","1057","1731","0","61.06","41.59"
"66","000","00","004","0408","0000","2299","1598","701","88","2387","3948","0","60.46","40.48"
"66","000","00","004","0408","1095","714","531","183","30","744","1209","0","61.54","43.92"
"66","000","00","004","0408","1096","881","604","277","25","906","1564","0","57.93","38.62"
"66","000","00","004","0408","1097","704","463","241","33","737","1175","0","62.72","39.4"
"66","000","00","004","0409","0000","3136","2179","957","97","3233","5680","0","56.92","38.36"
"66","000","00","004","0409","1098","852","555","297","26","878","1505","0","58.34","36.88"
"66","000","00","004","0409","1099","836","563","273","32","868","1418","0","61.21","39.7"
"66","000","00","004","0409","1100","688","521","167","19","707","1497","0","47.23","34.8"
"66","000","00","004","0409","1101","760","540","220","20","780","1260","0","61.9","42.86"
"66","000","00","004","0410","0000","1263","906","357","78","1341","2330","0","57.55","38.88"
"66","000","00","004","0410","1116","626","470","156","36","662","1129","0","58.64","41.63"
"66","000","00","004","0410","1117","637","436","201","42","679","1201","0","56.54","36.3"
"66","000","00","004","0411","0000","1689","1177","512","87","1776","3196","0","55.57","36.83"
"66","000","00","004","0411","1114","919","655","264","49","968","1822","0","53.13","35.95"
"66","000","00","004","0411","1115","770","522","248","38","808","1374","0","58.81","37.99"
"66","000","00","004","0412","0000","1928","1363","565","93","2021","3502","0","57.71","38.92"
"66","000","00","004","0412","1118","881","637","244","48","929","1639","0","56.68","38.87"
"66","000","00","004","0412","1119","1047","726","321","45","1092","1863","0","58.62","38.97"
"66","000","00","004","0413","0000","1634","1124","510","72","1706","2846","0","59.94","39.49"
"66","000","00","004","0413","1102","819","561","258","37","856","1399","0","61.19","40.1"
"66","000","00","004","0413","1103","815","563","252","35","850","1447","0","58.74","38.91"
"66","000","00","004","0414","0000","3686","2491","1195","134","3820","6488","0","58.88","38.39"
"66","000","00","004","0414","1104","954","645","309","30","984","1683","0","58.47","38.32"
"66","000","00","004","0414","1105","920","632","288","35","955","1585","0","60.25","39.87"
"66","000","00","004","0414","1106","945","607","338","26","971","1557","0","62.36","38.99"
"66","000","00","004","0414","1107","867","607","260","43","910","1663","0","54.72","36.5"
"66","000","00","004","0415","0000","3256","2229","1027","116","3372","5656","0","59.62","39.41"
"66","000","00","004","0415","1122","750","510","240","21","771","1308","0","58.94","38.99"
"66","000","00","004","0415","1123","814","569","245","36","850","1433","0","59.32","39.71"
"66","000","00","004","0415","1124","803","547","256","27","830","1450","0","57.24","37.72"
"66","000","00","004","0415","1125","889","603","286","32","921","1465","0","62.87","41.16"
"66","000","00","004","0416","0000","3111","2191","920","109","3220","5663","0","56.86","38.69"
"66","000","00","004","0416","1140","660","445","215","21","681","1139","0","59.79","39.07"
"66","000","00","004","0416","1141","661","461","200","21","682","1105","0","61.72","41.72"
"66","000","00","004","0416","1142","838","604","234","29","867","1498","0","57.88","40.32"
"66","000","00","004","0416","1143","952","681","271","38","990","1921","0","51.54","35.45"
"66","000","00","004","0417","0000","3582","2410","1172","129","3711","6075","0","61.09","39.67"
"66","000","00","004","0417","1133","933","644","289","32","965","1613","0","59.83","39.93"
"66","000","00","004","0417","1134","820","531","289","37","857","1454","0","58.94","36.52"
"66","000","00","004","0417","1135","958","652","306","30","988","1597","0","61.87","40.83"
"66","000","00","004","0417","1136","871","583","288","30","901","1411","0","63.86","41.32"
"66","000","00","004","0418","0000","3101","2076","1025","97","3198","5581","0","57.3","37.2"
"66","000","00","004","0418","1108","1081","688","393","43","1124","1921","0","58.51","35.81"
"66","000","00","004","0418","1109","1035","705","330","23","1058","1952","0","54.2","36.12"
"66","000","00","004","0418","1110","985","683","302","31","1016","1708","0","59.48","39.99"
"66","000","00","004","0419","0000","3317","2313","1004","132","3449","5667","0","60.86","40.82"
"66","000","00","004","0419","1144","751","521","230","31","782","1340","0","58.36","38.88"
"66","000","00","004","0419","1145","934","658","276","28","962","1536","0","62.63","42.84"
"66","000","00","004","0419","1146","758","529","229","49","807","1361","0","59.29","38.87"
"66","000","00","004","0419","1147","874","605","269","24","898","1430","0","62.8","42.31"
"66","000","00","004","0420","0000","1534","1059","475","56","1590","2794","0","56.91","37.9"
"66","000","00","004","0420","1128","858","587","271","31","889","1428","0","62.25","41.11"
"66","000","00","004","0420","1129","676","472","204","25","701","1366","0","51.32","34.55"
"66","000","00","004","0421","0000","1956","1369","587","89","2045","3600","0","56.81","38.03"
"66","000","00","004","0421","1126","953","670","283","45","998","1818","0","54.9","36.85"
"66","000","00","004","0421","1127","1003","699","304","44","1047","1782","0","58.75","39.23"
"66","000","00","004","0422","0000","2743","1902","841","116","2859","4803","0","59.53","39.6"
"66","000","00","004","0422","1137","853","580","273","43","896","1493","0","60.01","38.85"
"66","000","00","004","0422","1138","947","699","248","37","984","1600","0","61.5","43.69"
"66","000","00","004","0422","1139","943","623","320","36","979","1710","0","57.25","36.43"
"66","000","00","004","0423","0000","2427","1674","753","85","2512","4187","0","60.0","39.98"
"66","000","00","004","0423","1130","827","571","256","31","858","1498","0","57.28","38.12"
"66","000","00","004","0423","1131","803","556","247","30","833","1350","0","61.7","41.19"
"66","000","00","004","0423","1132","797","547","250","24","821","1339","0","61.31","40.85"
"66","000","00","004","0424","0000","1664","1186","478","82","1746","2791","0","62.56","42.49"
"66","000","00","004","0424","1120","783","576","207","42","825","1287","0","64.1","44.76"
"66","000","00","004","0424","1121","881","610","271","40","921","1504","0","61.24","40.56"
"66","000","00","004","0425","0000","2509","1788","721","64","2573","4322","0","59.53","41.37"
"66","000","00","004","0425","1111","704","473","231","16","720","1131","0","63.66","41.82"
"66","000","00","004","0425","1112","1030","777","253","33","1063","1916","0","55.48","40.55"
"66","000","00","004","0425","1113","775","538","237","15","790","1275","0","61.96","42.2"
"66","000","00","005","0000","0000","68284","48410","19874","2635","70919","124621","147528","56.91","38.85"
"66","000","00","005","0501","0000","1092","796","296","62","1154","2047","0","56.38","38.89"
"66","000","00","005","0501","0985","530","380","150","29","559","1051","0","53.19","36.16"
"66","000","00","005","0501","0986","562","416","146","33","595","996","0","59.74","41.77"
"66","000","00","005","0502","0000","1925","1417","508","89","2014","3365","0","59.85","42.11"
"66","000","00","005","0502","0987","841","647","194","34","875","1504","0","58.18","43.02"
"66","000","00","005","0502","0988","576","403","173","31","607","975","0","62.26","41.33"
"66","000","00","005","0502","0989","508","367","141","24","532","886","0","60.05","41.42"
"66","000","00","005","0503","0000","731","539","192","41","772","1404","0","54.99","38.39"
"66","000","00","005","0503","0992","731","539","192","41","772","1404","0","54.99","38.39"
"66","000","00","005","0504","0000","847","624","223","37","884","1532","0","57.7","40.73"
"66","000","00","005","0504","0997","400","299","101","14","414","773","0","53.56","38.68"
"66","000","00","005","0504","0998","447","325","122","23","470","759","0","61.92","42.82"
"66","000","00","005","0505","0000","958","702","256","42","1000","1683","0","59.42","41.71"
"66","000","00","005","0505","0995","432","313","119","21","453","704","0","64.35","44.46"
"66","000","00","005","0505","0996","526","389","137","21","547","979","0","55.87","39.73"
"66","000","00","005","0506","0000","1416","1114","302","76","1492","2650","0","56.3","42.04"
"66","000","00","005","0506","0999","794","622","172","48","842","1438","0","58.55","43.25"
"66","000","00","005","0506","1000","622","492","130","28","650","1212","0","53.63","40.59"
"66","000","00","005","0507","0000","1869","1368","501","55","1924","3176","0","60.58","43.07"
"66","000","00","005","0507","1001","978","695","283","28","1006","1731","0","58.12","40.15"
"66","000","00","005","0507","1002","891","673","218","27","918","1445","0","63.53","46.57"
"66","000","00","005","0508","0000","2770","2025","745","121","2891","5461","0","52.94","37.08"
"66","000","00","005","0508","1003","995","733","262","41","1036","1855","0","55.85","39.51"
"66","000","00","005","0508","1004","846","625","221","31","877","1728","0","50.75","36.17"
"66","000","00","005","0508","1005","929","667","262","49","978","1878","0","52.08","35.52"
"66","000","00","005","0509","0000","1731","1266","465","53","1784","3340","0","53.41","37.9"
"66","000","00","005","0509","1008","879","623","256","22","901","1761","0","51.16","35.38"
"66","000","00","005","0509","1009","852","643","209","31","883","1579","0","55.92","40.72"
"66","000","00","005","0510","0000","1423","1019","404","64","1487","2482","0","59.91","41.06"
"66","000","00","005","0510","1012","831","591","240","31","862","1476","0","58.4","40.04"
"66","000","00","005","0510","1013","592","428","164","33","625","1006","0","62.13","42.54"
"66","000","00","005","0511","0000","2362","1754","608","77","2439","4309","0","56.6","40.71"
"66","000","00","005","0511","1014","790","605","185","28","818","1403","0","58.3","43.12"
"66","000","00","005","0511","1015","777","578","199","16","793","1446","0","54.84","39.97"
"66","000","00","005","0511","1016","795","571","224","33","828","1460","0","56.71","39.11"
"66","000","00","005","0512","0000","1364","940","424","51","1415","2260","0","62.61","41.59"
"66","000","00","005","0512","1017","709","492","217","23","732","1233","0","59.37","39.9"
"66","000","00","005","0512","1018","655","448","207","28","683","1027","0","66.5","43.62"
"66","000","00","005","0513","0000","3245","2252","993","117","3362","5590","0","60.14","40.29"
"66","000","00","005","0513","1019","694","477","217","19","713","1207","0","59.07","39.52"
"66","000","00","005","0513","1020","700","493","207","22","722","1167","0","61.87","42.25"
"66","000","00","005","0513","1021","648","439","209","27","675","1150","0","58.7","38.17"
"66","000","00","005","0513","1022","603","425","178","24","627","1061","0","59.1","40.06"
"66","000","00","005","0513","1023","600","418","182","25","625","1005","0","62.19","41.59"
"66","000","00","005","0514","0000","2324","1600","724","108","2432","4077","0","59.65","39.24"
"66","000","00","005","0514","1024","697","470","227","27","724","1250","0","57.92","37.6"
"66","000","00","005","0514","1025","841","590","251","40","881","1448","0","60.84","40.75"
"66","000","00","005","0514","1026","786","540","246","41","827","1379","0","59.97","39.16"
"66","000","00","005","0515","0000","2295","1640","655","74","2369","5070","0","46.73","32.35"
"66","000","00","005","0515","1029","563","405","158","22","585","2078","0","28.15","19.49"
"66","000","00","005","0515","1030","926","675","251","33","959","1562","0","61.4","43.21"
"66","000","00","005","0515","1031","806","560","246","19","825","1430","0","57.69","39.16"
"66","000","00","005","0516","0000","2431","1716","715","82","2513","4440","0","56.6","38.65"
"66","000","00","005","0516","1045","759","540","219","22","781","1461","0","53.46","36.96"
"66","000","00","005","0516","1046","772","585","187","35","807","1310","0","61.6","44.66"
"66","000","00","005","0516","1047","900","591","309","25","925","1669","0","55.42","35.41"
"66","000","00","005","0517","0000","2021","1409","612","58","2079","3614","0","57.53","38.99"
"66","000","00","005","0517","1048","1094","754","340","35","1129","1932","0","58.44","39.03"
"66","000","00","005","0517","1049","927","655","272","23","950","1682","0","56.48","38.94"
"66","000","00","005","0518","0000","2678","1860","818","84","2762","4932","0","56.0","37.71"
"66","000","00","005","0518","1050","1004","657","347","21","1025","1891","0","54.2","34.74"
"66","000","00","005","0518","1051","1025","745","280","44","1069","1882","0","56.8","39.59"
"66","000","00","005","0518","1052","649","458","191","19","668","1159","0","57.64","39.52"
"66","000","00","005","0519","0000","1481","1096","385","59","1540","2613","0","58.94","41.94"
"66","000","00","005","0519","1068","777","583","194","28","805","1346","0","59.81","43.31"
"66","000","00","005","0519","1069","704","513","191","31","735","1267","0","58.01","40.49"
"66","000","00","005","0520","0000","2047","1466","581","87","2134","3752","0","56.88","39.07"
"66","000","00","005","0520","1010","1147","847","300","53","1200","2192","0","54.74","38.64"
"66","000","00","005","0520","1011","900","619","281","34","934","1560","0","59.87","39.68"
"66","000","00","005","0521","0000","3523","2412","1111","149","3672","6457","0","56.87","37.35"
"66","000","00","005","0521","1053","860","586","274","43","903","1553","0","58.15","37.73"
"66","000","00","005","0521","1054","865","584","281","28","893","1607","0","55.57","36.34"
"66","000","00","005","0521","1055","964","632","332","36","1000","1773","0","56.4","35.65"
"66","000","00","005","0521","1056","834","610","224","42","876","1524","0","57.48","40.03"
"66","000","00","005","0522","0000","3032","2132","900","126","3158","5282","0","59.79","40.36"
"66","000","00","005","0522","1057","957","673","284","52","1009","1613","0","62.55","41.72"
"66","000","00","005","0522","1058","1068","738","330","45","1113","1877","0","59.3","39.32"
"66","000","00","005","0522","1059","1007","721","286","29","1036","1792","0","57.81","40.23"
"66","000","00","005","0523","0000","3370","2286","1084","125","3495","6037","0","57.89","37.87"
"66","000","00","005","0523","1062","950","617","333","26","976","1556","0","62.72","39.65"
"66","000","00","005","0523","1063","808","554","254","34","842","1497","0","56.25","37.01"
"66","000","00","005","0523","1064","836","607","229","33","869","1550","0","56.06","39.16"
"66","000","00","005","0523","1065","776","508","268","32","808","1434","0","56.35","35.43"
"66","000","00","005","0524","0000","2067","1420","647","78","2145","3734","0","57.45","38.03"
"66","000","00","005","0524","1040","712","490","222","21","733","1243","0","58.97","39.42"
"66","000","00","005","0524","1041","643","446","197","12","655","1219","0","53.73","36.59"
"66","000","00","005","0524","1042","712","484","228","45","757","1272","0","59.51","38.05"
"66","000","00","005","0525","0000","2142","1519","623","84","2226","3777","0","58.94","40.22"
"66","000","00","005","0525","1034","765","567","198","22","787","1432","0","54.96","39.59"
"66","000","00","005","0525","1035","678","478","200","31","709","1157","0","61.28","41.31"
"66","000","00","005","0525","1036","699","474","225","31","730","1188","0","61.45","39.9"
"66","000","00","005","0526","0000","770","545","225","29","799","1437","0","55.6","37.93"
"66","000","00","005","0526","0983","770","545","225","29","799","1437","0","55.6","37.93"
"66","000","00","005","0527","0000","918","633","285","0","918","1708","0","53.75","37.06"
"66","000","00","005","0527","0984","918","633","285","0","918","1708","0","53.75","37.06"
"66","000","00","005","0528","0000","1083","763","320","50","1133","2214","0","51.17","34.46"
"66","000","00","005","0528","0990","580","410","170","32","612","1276","0","47.96","32.13"
"66","000","00","005","0528","0991","503","353","150","18","521","938","0","55.54","37.63"
"66","000","00","005","0529","0000","1027","714","313","50","1077","1865","0","57.75","38.28"
"66","000","00","005","0529","0993","554","390","164","15","569","996","0","57.13","39.16"
"66","000","00","005","0529","0994","473","324","149","35","508","869","0","58.46","37.28"
"66","000","00","005","0530","0000","1739","1298","441","99","1838","3348","0","54.9","38.77"
"66","000","00","005","0530","1006","881","664","217","48","929","1793","0","51.81","37.03"
"66","000","00","005","0530","1007","858","634","224","51","909","1555","0","58.46","40.77"
"66","000","00","005","0531","0000","1915","1311","604","73","1988","3519","0","56.49","37.25"
"66","000","00","005","0531","1027","926","660","266","38","964","1652","0","58.35","39.95"
"66","000","00","005","0531","1028","989","651","338","35","1024","1867","0","54.85","34.87"
"66","000","00","005","0532","0000","2377","1681","696","81","2458","4305","0","57.1","39.05"
"66","000","00","005","0532","1037","787","588","199","25","812","1419","0","57.22","41.44"
"66","000","00","005","0532","1038","886","605","281","26","912","1653","0","55.17","36.6"
"66","000","00","005","0532","1039","704","488","216","30","734","1233","0","59.53","39.58"
"66","000","00","005","0533","0000","1516","1116","400","63","1579","2689","0","58.72","41.5"
"66","000","00","005","0533","1060","794","600","194","35","829","1392","0","59.55","43.1"
"66","000","00","005","0533","1061","722","516","206","28","750","1297","0","57.83","39.78"
"66","000","00","005","0534","0000","2022","1365","657","74","2096","3659","0","57.28","37.31"
"66","000","00","005","0534","1066","1002","679","323","41","1043","1793","0","58.17","37.87"
"66","000","00","005","0534","1067","1020","686","334","33","1053","1866","0","56.43","36.76"
"66","000","00","005","0535","0000","1768","1195","573","49","1817","3065","0","59.28","38.99"
"66","000","00","005","0535","1043","751","501","250","14","765","1285","0","59.53","38.99"
"66","000","00","005","0535","1044","1017","694","323","35","1052","1780","0","59.1","38.99"
"66","000","00","005","0536","0000","2005","1417","588","68","2073","3728","0","55.61","38.01"
"66","000","00","005","0536","1032","1148","792","356","45","1193","2018","0","59.12","39.25"
"66","000","00","005","0536","1033","857","625","232","23","880","1710","0","51.46","36.55"
"66","000","00","006","0000","0000","103177","72436","30741","4169","107346","183814","228128","58.4","39.41"
"66","000","00","006","0601","0000","2798","1852","946","86","2884","4749","0","60.73","39.0"
"66","000","00","006","0601","0625","1039","642","397","37","1076","1638","0","65.69","39.19"
"66","000","00","006","0601","0626","725","498","227","26","751","1335","0","56.25","37.3"
"66","000","00","006","0601","0627","1034","712","322","23","1057","1776","0","59.52","40.09"
"66","000","00","006","0602","0000","2891","2023","868","110","3001","5323","0","56.38","38.0"
"66","000","00","006","0602","0634","948","676","272","41","989","1749","0","56.55","38.65"
"66","000","00","006","0602","0635","1046","756","290","41","1087","1877","0","57.91","40.28"
"66","000","00","006","0602","0636","897","591","306","28","925","1697","0","54.51","34.83"
"66","000","00","006","0603","0000","2671","1825","846","115","2786","5447","0","51.15","33.5"
"66","000","00","006","0603","0637","880","622","258","30","910","1480","0","61.49","42.03"
"66","000","00","006","0603","0638","918","601","317","55","973","1483","0","65.61","40.53"
"66","000","00","006","0603","0639","873","602","271","30","903","2484","0","36.35","24.24"
"66","000","00","006","0604","0000","496","387","109","32","528","781","0","67.61","49.55"
"66","000","00","006","0604","0640","496","387","109","32","528","781","0","67.61","49.55"
"66","000","00","006","0605","0000","7412","5099","2313","258","7670","13148","0","58.34","38.78"
"66","000","00","006","0605","0641","866","620","246","40","906","1477","0","61.34","41.98"
"66","000","00","006","0605","0642","981","664","317","23","1004","1784","0","56.28","37.22"
"66","000","00","006","0605","0643","949","662","287","35","984","1686","0","58.36","39.26"
"66","000","00","006","0605","0644","932","614","318","34","966","1692","0","57.09","36.29"
"66","000","00","006","0605","0645","870","610","260","29","899","1659","0","54.19","36.77"
"66","000","00","006","0605","0646","928","639","289","35","963","1648","0","58.43","38.77"
"66","000","00","006","0605","0647","909","598","311","32","941","1536","0","61.26","38.93"
"66","000","00","006","0605","0648","977","692","285","30","1007","1666","0","60.44","41.54"
"66","000","00","006","0606","0000","2653","1821","832","96","2749","4812","0","57.13","37.84"
"66","000","00","006","0606","0649","809","545","264","46","855","1428","0","59.87","38.17"
"66","000","00","006","0606","0650","954","660","294","35","989","1810","0","54.64","36.46"
"66","000","00","006","0606","0651","890","616","274","15","905","1574","0","57.5","39.14"
"66","000","00","006","0607","0000","2426","1758","668","100","2526","4314","0","58.55","40.75"
"66","000","00","006","0607","0658","950","652","298","30","980","1714","0","57.18","38.04"
"66","000","00","006","0607","0659","801","594","207","41","842","1424","0","59.13","41.71"
"66","000","00","006","0607","0660","675","512","163","29","704","1176","0","59.86","43.54"
"66","000","00","006","0608","0000","1632","1254","378","71","1703","2739","0","62.18","45.78"
"66","000","00","006","0608","0665","799","621","178","46","845","1355","0","62.36","45.83"
"66","000","00","006","0608","0666","833","633","200","25","858","1384","0","61.99","45.74"
"66","000","00","006","0609","0000","2674","1874","800","113","2787","5068","0","54.99","36.98"
"66","000","00","006","0609","0679","914","640","274","53","967","1699","0","56.92","37.67"
"66","000","00","006","0609","0680","880","635","245","33","913","1715","0","53.24","37.03"
"66","000","00","006","0609","0681","880","599","281","27","907","1654","0","54.84","36.22"
"66","000","00","006","0610","0000","1814","1297","517","73","1887","3175","0","59.43","40.85"
"66","000","00","006","0610","0667","938","660","278","31","969","1613","0","60.07","40.92"
"66","000","00","006","0610","0668","876","637","239","42","918","1562","0","58.77","40.78"
"66","000","00","006","0611","0000","2303","1680","623","122","2425","3774","0","64.26","44.52"
"66","000","00","006","0611","0695","729","529","200","30","759","1221","0","62.16","43.33"
"66","000","00","006","0611","0696","796","602","194","54","850","1252","0","67.89","48.08"
"66","000","00","006","0611","0697","778","549","229","38","816","1301","0","62.72","42.2"
"66","000","00","006","0612","0000","1289","1031","258","63","1352","2162","0","62.53","47.69"
"66","000","00","006","0612","0698","645","516","129","27","672","1049","0","64.06","49.19"
"66","000","00","006","0612","0699","644","515","129","36","680","1113","0","61.1","46.27"
"66","000","00","006","0613","0000","1702","1285","417","71","1773","3197","0","55.46","40.19"
"66","000","00","006","0613","0700","827","644","183","28","855","1557","0","54.91","41.36"
"66","000","00","006","0613","0701","875","641","234","43","918","1640","0","55.98","39.09"
"66","000","00","006","0614","0000","2663","1978","685","141","2804","4807","0","58.33","41.15"
"66","000","00","006","0614","0702","885","678","207","50","935","1402","0","66.69","48.36"
"66","000","00","006","0614","0703","862","647","215","47","909","1717","0","52.94","37.68"
"66","000","00","006","0614","0704","916","653","263","44","960","1688","0","56.87","38.68"
"66","000","00","006","0615","0000","2640","1930","710","125","2765","4904","0","56.38","39.36"
"66","000","00","006","0615","0705","688","519","169","34","722","1168","0","61.82","44.43"
"66","000","00","006","0615","0706","917","683","234","40","957","1729","0","55.35","39.5"
"66","000","00","006","0615","0707","1035","728","307","51","1086","2007","0","54.11","36.27"
"66","000","00","006","0616","0000","1305","952","353","76","1381","2364","0","58.42","40.27"
"66","000","00","006","0616","0708","756","547","209","49","805","1296","0","62.11","42.21"
"66","000","00","006","0616","0709","549","405","144","27","576","1068","0","53.93","37.92"
"66","000","00","006","0617","0000","1991","1501","490","103","2094","3343","0","62.64","44.9"
"66","000","00","006","0617","0710","1044","833","211","69","1113","1707","0","65.2","48.8"
"66","000","00","006","0617","0711","947","668","279","34","981","1636","0","59.96","40.83"
"66","000","00","006","0618","0000","6582","4608","1974","255","6837","12239","0","55.86","37.65"
"66","000","00","006","0618","0712","849","617","232","41","890","1761","0","50.54","35.04"
"66","000","00","006","0618","0713","762","532","230","30","792","1314","0","60.27","40.49"
"66","000","00","006","0618","0714","762","525","237","33","795","1233","0","64.48","42.58"
"66","000","00","006","0618","0715","830","611","219","34","864","1549","0","55.78","39.44"
"66","000","00","006","0618","0716","868","626","242","36","904","1639","0","55.16","38.19"
"66","000","00","006","0618","0717","768","576","192","47","815","1486","0","54.85","38.76"
"66","000","00","006","0618","0718","965","620","345","21","986","1806","0","54.6","34.33"
"66","000","00","006","0618","0719","778","501","277","13","791","1451","0","54.51","34.53"
"66","000","00","006","0619","0000","1569","1115","454","61","1630","2655","0","61.39","42.0"
"66","000","00","006","0619","0720","764","564","200","20","784","1302","0","60.22","43.32"
"66","000","00","006","0619","0721","805","551","254","41","846","1353","0","62.53","40.72"
"66","000","00","006","0620","0000","2591","1891","700","140","2731","4520","0","60.42","41.84"
"66","000","00","006","0620","0741","637","452","185","36","673","1206","0","55.8","37.48"
"66","000","00","006","0620","0742","644","482","162","43","687","1086","0","63.26","44.38"
"66","000","00","006","0620","0743","648","490","158","35","683","1088","0","62.78","45.04"
"66","000","00","006","0620","0744","662","467","195","26","688","1140","0","60.35","40.96"
"66","000","00","006","0621","0000","3471","2452","1019","121","3592","6178","0","58.14","39.69"
"66","000","00","006","0621","0682","892","619","273","14","906","1636","0","55.38","37.84"
"66","000","00","006","0621","0683","713","501","212","28","741","1298","0","57.09","38.6"
"66","000","00","006","0621","0684","816","592","224","29","845","1391","0","60.75","42.56"
"66","000","00","006","0621","0685","1050","740","310","50","1100","1853","0","59.36","39.94"
"66","000","00","006","0622","0000","1988","1407","581","83","2071","3629","0","57.07","38.77"
"66","000","00","006","0622","0686","971","691","280","45","1016","1820","0","55.82","37.97"
"66","000","00","006","0622","0687","1017","716","301","38","1055","1809","0","58.32","39.58"
"66","000","00","006","0623","0000","3701","2588","1113","175","3876","6663","0","58.17","38.84"
"66","000","00","006","0623","0691","966","675","291","31","997","1674","0","59.56","40.32"
"66","000","00","006","0623","0692","972","672","300","47","1019","1610","0","63.29","41.74"
"66","000","00","006","0623","0693","858","631","227","58","916","1695","0","54.04","37.23"
"66","000","00","006","0623","0694","905","610","295","39","944","1684","0","56.06","36.22"
"66","000","00","006","0624","0000","2611","1894","717","111","2722","4890","0","55.66","38.73"
"66","000","00","006","0624","0631","899","659","240","29","928","1710","0","54.27","38.54"
"66","000","00","006","0624","0632","831","570","261","32","863","1595","0","54.11","35.74"
"66","000","00","006","0624","0633","881","665","216","50","931","1585","0","58.74","41.96"
"66","000","00","006","0625","0000","2484","1640","844","75","2559","4205","0","60.86","39.0"
"66","000","00","006","0625","0672","911","627","284","28","939","1494","0","62.85","41.97"
"66","000","00","006","0625","0673","777","486","291","15","792","1325","0","59.77","36.68"
"66","000","00","006","0625","0674","796","527","269","32","828","1386","0","59.74","38.02"
"66","000","00","006","0626","0000","2476","1674","802","80","2556","4271","0","59.85","39.19"
"66","000","00","006","0626","0628","768","520","248","20","788","1351","0","58.33","38.49"
"66","000","00","006","0626","0629","790","540","250","30","820","1338","0","61.29","40.36"
"66","000","00","006","0626","0630","918","614","304","30","948","1582","0","59.92","38.81"
"66","000","00","006","0627","0000","2764","1872","892","104","2868","4987","0","57.51","37.54"
"66","000","00","006","0627","0652","928","650","278","29","957","1650","0","58.0","39.39"
"66","000","00","006","0627","0653","936","637","299","39","975","1681","0","58.0","37.89"
"66","000","00","006","0627","0654","900","585","315","36","936","1656","0","56.52","35.33"
"66","000","00","006","0628","0000","2520","1756","764","99","2619","4145","0","63.18","42.36"
"66","000","00","006","0628","0655","731","547","184","40","771","1243","0","62.03","44.01"
"66","000","00","006","0628","0656","902","614","288","39","941","1471","0","63.97","41.74"
"66","000","00","006","0628","0657","887","595","292","20","907","1431","0","63.38","41.58"
"66","000","00","006","0629","0000","3197","2256","941","116","3313","5327","0","62.19","42.35"
"66","000","00","006","0629","0661","854","613","241","35","889","1456","0","61.06","42.1"
"66","000","00","006","0629","0662","887","599","288","25","912","1451","0","62.85","41.28"
"66","000","00","006","0629","0663","683","461","222","19","702","1063","0","66.04","43.37"
"66","000","00","006","0629","0664","773","583","190","37","810","1357","0","59.69","42.96"
"66","000","00","006","0630","0000","2093","1428","665","96","2189","3585","0","61.06","39.83"
"66","000","00","006","0630","0669","770","537","233","37","807","1219","0","66.2","44.05"
"66","000","00","006","0630","0670","671","439","232","29","700","1235","0","56.68","35.55"
"66","000","00","006","0630","0671","652","452","200","30","682","1131","0","60.3","39.96"
"66","000","00","006","0631","0000","3928","2642","1286","162","4090","7145","0","57.24","36.98"
"66","000","00","006","0631","0675","1029","688","341","45","1074","1816","0","59.14","37.89"
"66","000","00","006","0631","0676","927","636","291","27","954","1734","0","55.02","36.68"
"66","000","00","006","0631","0677","1030","693","337","39","1069","1777","0","60.16","39.0"
"66","000","00","006","0631","0678","942","625","317","51","993","1818","0","54.62","34.38"
"66","000","00","006","0632","0000","2538","1818","720","114","2652","4359","0","60.84","41.71"
"66","000","00","006","0632","0688","819","579","240","27","846","1352","0","62.57","42.83"
"66","000","00","006","0632","0689","842","613","229","51","893","1521","0","58.71","40.3"
"66","000","00","006","0632","0690","877","626","251","36","913","1486","0","61.44","42.13"
"66","000","00","006","0633","0000","2527","1753","774","99","2626","4285","0","61.28","40.91"
"66","000","00","006","0633","0733","884","611","273","30","914","1526","0","59.9","40.04"
"66","000","00","006","0633","0734","832","575","257","46","878","1425","0","61.61","40.35"
"66","000","00","006","0633","0735","811","567","244","23","834","1334","0","62.52","42.5"
"66","000","00","006","0634","0000","1842","1279","563","62","1904","3215","0","59.22","39.78"
"66","000","00","006","0634","0736","975","682","293","37","1012","1649","0","61.37","41.36"
"66","000","00","006","0634","0737","867","597","270","25","892","1566","0","56.96","38.12"
"66","000","00","006","0635","0000","2772","1857","915","87","2859","4699","0","60.84","39.52"
"66","000","00","006","0635","0738","970","646","324","28","998","1629","0","61.26","39.66"
"66","000","00","006","0635","0739","924","627","297","42","966","1628","0","59.34","38.51"
"66","000","00","006","0635","0740","878","584","294","17","895","1442","0","62.07","40.5"
"66","000","00","006","0636","0000","1533","1019","514","62","1595","3043","0","52.42","33.49"
"66","000","00","006","0636","0731","730","504","226","31","761","1541","0","49.38","32.71"
"66","000","00","006","0636","0732","803","515","288","31","834","1502","0","55.53","34.29"
"66","000","00","006","0637","0000","1600","1066","534","44","1644","2917","0","56.36","36.54"
"66","000","00","006","0637","0729","799","527","272","20","819","1402","0","58.42","37.59"
"66","000","00","006","0637","0730","801","539","262","24","825","1515","0","54.46","35.58"
"66","000","00","006","0638","0000","3936","2708","1228","150","4086","7133","0","57.28","37.96"
"66","000","00","006","0638","0725","1020","687","333","39","1059","1847","0","57.34","37.2"
"66","000","00","006","0638","0726","882","648","234","33","915","1738","0","52.65","37.28"
"66","000","00","006","0638","0727","973","669","304","37","1010","1640","0","61.59","40.79"
"66","000","00","006","0638","0728","1061","704","357","41","1102","1908","0","57.76","36.9"
"66","000","00","006","0639","0000","3094","2166","928","118","3212","5617","0","57.18","38.56"
"66","000","00","006","0639","0722","1216","849","367","48","1264","2162","0","58.46","39.27"
"66","000","00","006","0639","0723","827","573","254","39","866","1520","0","56.97","37.7"
"66","000","00","006","0639","0724","1051","744","307","31","1082","1935","0","55.92","38.45"
"66","000","00","007","0000","0000","79291","55403","23888","3074","82365","135448","170160","60.81","40.9"
"66","000","00","007","0701","0000","5030","3515","1515","180","5210","8349","0","62.4","42.1"
"66","000","00","007","0701","0745","789","589","200","38","827","1321","0","62.6","44.59"
"66","000","00","007","0701","0746","812","548","264","33","845","1346","0","62.78","40.71"
"66","000","00","007","0701","0747","861","624","237","38","899","1428","0","62.96","43.7"
"66","000","00","007","0701","0748","845","601","244","20","865","1442","0","59.99","41.68"
"66","000","00","007","0701","0749","878","576","302","32","910","1408","0","64.63","40.91"
"66","000","00","007","0701","0750","845","577","268","19","864","1404","0","61.54","41.1"
"66","000","00","007","0702","0000","6635","4450","2185","246","6881","10909","0","63.08","40.79"
"66","000","00","007","0702","0751","846","590","256","21","867","1354","0","64.03","43.57"
"66","000","00","007","0702","0752","807","545","262","34","841","1332","0","63.14","40.92"
"66","000","00","007","0702","0753","895","602","293","29","924","1463","0","63.16","41.15"
"66","000","00","007","0702","0754","811","535","276","43","854","1413","0","60.44","37.86"
"66","000","00","007","0702","0755","772","514","258","20","792","1218","0","65.02","42.2"
"66","000","00","007","0702","0756","775","559","216","33","808","1308","0","61.77","42.74"
"66","000","00","007","0702","0757","935","660","275","34","969","1527","0","63.46","43.22"
"66","000","00","007","0702","0758","794","445","349","32","826","1294","0","63.83","34.39"
"66","000","00","007","0703","0000","3313","2424","889","114","3427","5848","0","58.6","41.45"
"66","000","00","007","0703","0759","792","578","214","24","816","1516","0","53.83","38.13"
"66","000","00","007","0703","0760","912","650","262","33","945","1529","0","61.81","42.51"
"66","000","00","007","0703","0761","826","607","219","38","864","1397","0","61.85","43.45"
"66","000","00","007","0703","0762","783","589","194","19","802","1406","0","57.04","41.89"
"66","000","00","007","0704","0000","2330","1691","639","110","2440","4409","0","55.34","38.35"
"66","000","00","007","0704","0763","809","613","196","30","839","1497","0","56.05","40.95"
"66","000","00","007","0704","0764","776","557","219","50","826","1424","0","58.01","39.12"
"66","000","00","007","0704","0765","745","521","224","30","775","1488","0","52.08","35.01"
"66","000","00","007","0705","0000","3346","2527","819","138","3484","6387","0","54.55","39.56"
"66","000","00","007","0705","0768","695","512","183","45","740","1190","0","62.18","43.03"
"66","000","00","007","0705","0769","667","503","164","21","688","1174","0","58.6","42.84"
"66","000","00","007","0705","0770","717","539","178","14","731","1224","0","59.72","44.04"
"66","000","00","007","0705","0771","714","544","170","38","752","1466","0","51.3","37.11"
"66","000","00","007","0705","0772","553","429","124","20","573","1333","0","42.99","32.18"
"66","000","00","007","0706","0000","492","348","144","29","521","814","0","64.0","42.75"
"66","000","00","007","0706","0773","492","348","144","29","521","814","0","64.0","42.75"
"66","000","00","007","0707","0000","5352","3821","1531","225","5577","9662","0","57.72","39.55"
"66","000","00","007","0707","0774","757","588","169","42","799","1436","0","55.64","40.95"
"66","000","00","007","0707","0775","870","608","262","35","905","1515","0","59.74","40.13"
"66","000","00","007","0707","0776","782","544","238","16","798","1545","0","51.65","35.21"
"66","000","00","007","0707","0777","783","564","219","41","824","1383","0","59.58","40.78"
"66","000","00","007","0707","0778","839","611","228","28","867","1433","0","60.5","42.64"
"66","000","00","007","0707","0779","593","394","199","29","622","1134","0","54.85","34.74"
"66","000","00","007","0707","0780","728","512","216","34","762","1216","0","62.66","42.11"
"66","000","00","007","0708","0000","781","553","228","40","821","1397","0","58.77","39.58"
"66","000","00","007","0708","0785","781","553","228","40","821","1397","0","58.77","39.58"
"66","000","00","007","0709","0000","2729","1992","737","123","2852","4800","0","59.42","41.5"
"66","000","00","007","0709","0786","876","613","263","52","928","1607","0","57.75","38.15"
"66","000","00","007","0709","0787","916","687","229","39","955","1582","0","60.37","43.43"
"66","000","00","007","0709","0788","937","692","245","32","969","1611","0","60.15","42.95"
"66","000","00","007","0710","0000","4069","2848","1221","124","4193","6621","0","63.33","43.01"
"66","000","00","007","0710","0789","815","577","238","28","843","1322","0","63.77","43.65"
"66","000","00","007","0710","0790","830","576","254","29","859","1321","0","65.03","43.6"
"66","000","00","007","0710","0791","823","595","228","30","853","1360","0","62.72","43.75"
"66","000","00","007","0710","0792","830","580","250","13","843","1361","0","61.94","42.62"
"66","000","00","007","0710","0793","771","520","251","24","795","1257","0","63.25","41.37"
"66","000","00","007","0711","0000","3096","2179","917","116","3212","5151","0","62.36","42.3"
"66","000","00","007","0711","0809","729","487","242","22","751","1171","0","64.13","41.59"
"66","000","00","007","0711","0810","725","519","206","40","765","1349","0","56.71","38.47"
"66","000","00","007","0711","0811","839","572","267","33","872","1368","0","63.74","41.81"
"66","000","00","007","0711","0812","803","601","202","21","824","1263","0","65.24","47.59"
"66","000","00","007","0712","0000","3631","2433","1198","133","3764","6052","0","62.19","40.2"
"66","000","00","007","0712","0822","1016","691","325","25","1041","1544","0","67.42","44.75"
"66","000","00","007","0712","0823","936","549","387","35","971","1482","0","65.52","37.04"
"66","000","00","007","0712","0824","895","656","239","39","934","1488","0","62.77","44.09"
"66","000","00","007","0712","0825","784","537","247","34","818","1538","0","53.19","34.92"
"66","000","00","007","0713","0000","2665","1959","706","105","2770","4239","0","65.35","46.21"
"66","000","00","007","0713","0805","670","484","186","21","691","981","0","70.44","49.34"
"66","000","00","007","0713","0806","667","488","179","36","703","1097","0","64.08","44.48"
"66","000","00","007","0713","0807","624","466","158","26","650","991","0","65.59","47.02"
"66","000","00","007","0713","0808","704","521","183","22","726","1170","0","62.05","44.53"
"66","000","00","007","0714","0000","881","647","234","64","945","1421","0","66.5","45.53"
"66","000","00","007","0714","0766","378","269","109","30","408","608","0","67.11","44.24"
"66","000","00","007","0714","0767","503","378","125","34","537","813","0","66.05","46.49"
"66","000","00","007","0715","0000","2883","1925","958","117","3000","4733","0","63.38","40.67"
"66","000","00","007","0715","0836","771","515","256","29","800","1278","0","62.6","40.3"
"66","000","00","007","0715","0837","719","503","216","37","756","1144","0","66.08","43.97"
"66","000","00","007","0715","0838","677","415","262","26","703","1140","0","61.67","36.4"
"66","000","00","007","0715","0839","716","492","224","25","741","1171","0","63.28","42.02"
"66","000","00","007","0716","0000","2183","1534","649","107","2290","3673","0","62.35","41.76"
"66","000","00","007","0716","0829","741","528","213","44","785","1217","0","64.5","43.39"
"66","000","00","007","0716","0830","774","521","253","34","808","1347","0","59.99","38.68"
"66","000","00","007","0716","0831","668","485","183","29","697","1109","0","62.85","43.73"
"66","000","00","007","0717","0000","3009","2142","867","119","3128","5144","0","60.81","41.64"
"66","000","00","007","0717","0832","888","599","289","18","906","1546","0","58.6","38.75"
"66","000","00","007","0717","0833","878","604","274","30","908","1408","0","64.49","42.9"
"66","000","00","007","0717","0834","595","481","114","24","619","1057","0","58.56","45.51"
"66","000","00","007","0717","0835","648","458","190","47","695","1133","0","61.34","40.42"
"66","000","00","007","0718","0000","2741","1885","856","108","2849","5184","0","54.96","36.36"
"66","000","00","007","0718","0826","1010","695","315","49","1059","1674","0","63.26","41.52"
"66","000","00","007","0718","0827","843","560","283","22","865","1996","0","43.34","28.06"
"66","000","00","007","0718","0828","888","630","258","37","925","1514","0","61.1","41.61"
"66","000","00","007","0719","0000","2194","1534","660","75","2269","3517","0","64.52","43.62"
"66","000","00","007","0719","0843","719","482","237","21","740","1139","0","64.97","42.32"
"66","000","00","007","0719","0844","761","537","224","26","787","1216","0","64.72","44.16"
"66","000","00","007","0719","0845","714","515","199","28","742","1162","0","63.86","44.32"
"66","000","00","007","0720","0000","2471","1758","713","89","2560","4276","0","59.87","41.11"
"66","000","00","007","0720","0840","815","573","242","24","839","1303","0","64.39","43.98"
"66","000","00","007","0720","0841","782","560","222","22","804","1402","0","57.35","39.94"
"66","000","00","007","0720","0842","874","625","249","43","917","1571","0","58.37","39.78"
"66","000","00","007","0721","0000","3596","2395","1201","150","3746","6405","0","58.49","37.39"
"66","000","00","007","0721","0813","920","609","311","41","961","1547","0","62.12","39.37"
"66","000","00","007","0721","0814","950","629","321","44","994","1649","0","60.28","38.14"
"66","000","00","007","0721","0815","903","619","284","33","936","1629","0","57.46","38.0"
"66","000","00","007","0721","0816","823","538","285","32","855","1580","0","54.11","34.05"
"66","000","00","007","0722","0000","4253","2878","1375","133","4386","7096","0","61.81","40.56"
"66","000","00","007","0722","0817","923","645","278","25","948","1444","0","65.65","44.67"
"66","000","00","007","0722","0818","825","572","253","21","846","1413","0","59.87","40.48"
"66","000","00","007","0722","0819","780","548","232","33","813","1377","0","59.04","39.8"
"66","000","00","007","0722","0820","909","574","335","23","932","1527","0","61.03","37.59"
"66","000","00","007","0722","0821","816","539","277","31","847","1335","0","63.45","40.37"
"66","000","00","007","0723","0000","2866","2068","798","126","2992","5132","0","58.3","40.3"
"66","000","00","007","0723","0781","684","494","190","52","736","1271","0","57.91","38.87"
"66","000","00","007","0723","0782","650","446","204","22","672","1203","0","55.86","37.07"
"66","000","00","007","0723","0783","724","518","206","26","750","1268","0","59.15","40.85"
"66","000","00","007","0723","0784","808","610","198","26","834","1390","0","60.0","43.88"
"66","000","00","007","0724","0000","4866","3278","1588","158","5024","7974","0","63.0","41.11"
"66","000","00","007","0724","0799","687","464","223","25","712","1102","0","64.61","42.11"
"66","000","00","007","0724","0800","1027","710","317","30","1057","1630","0","64.85","43.56"
"66","000","00","007","0724","0801","807","526","281","25","832","1333","0","62.42","39.46"
"66","000","00","007","0724","0802","798","522","276","20","818","1292","0","63.31","40.4"
"66","000","00","007","0724","0803","752","505","247","35","787","1272","0","61.87","39.7"
"66","000","00","007","0724","0804","795","551","244","23","818","1345","0","60.82","40.97"
"66","000","00","007","0725","0000","3879","2619","1260","145","4024","6255","0","64.33","41.87"
"66","000","00","007","0725","0794","763","532","231","21","784","1207","0","64.95","44.08"
"66","000","00","007","0725","0795","796","521","275","25","821","1282","0","64.04","40.64"
"66","000","00","007","0725","0796","781","520","261","38","819","1248","0","65.63","41.67"
"66","000","00","007","0725","0797","819","566","253","36","855","1304","0","65.57","43.4"
"66","000","00","007","0725","0798","720","480","240","25","745","1214","0","61.37","39.54"
"66","000","00","008","0000","0000","126493","90632","35861","4881","131374","227720","278096","57.69","39.8"
"66","000","00","008","0801","0000","1707","1245","462","89","1796","3258","0","55.13","38.21"
"66","000","00","008","0801","0850","605","430","175","25","630","1107","0","56.91","38.84"
"66","000","00","008","0801","0851","1102","815","287","64","1166","2151","0","54.21","37.89"
"66","000","00","008","0802","0000","1903","1352","551","83","1986","3376","0","58.83","40.05"
"66","000","00","008","0802","0846","1007","701","306","43","1050","1670","0","62.87","41.98"
"66","000","00","008","0802","0847","896","651","245","40","936","1706","0","54.87","38.16"
"66","000","00","008","0803","0000","3927","2824","1103","94","4021","7049","0","57.04","40.06"
"66","000","00","008","0803","0852","956","690","266","25","981","1612","0","60.86","42.8"
"66","000","00","008","0803","0853","982","711","271","22","1004","1743","0","57.6","40.79"
"66","000","00","008","0803","0854","1085","766","319","23","1108","2099","0","52.79","36.49"
"66","000","00","008","0803","0855","904","657","247","24","928","1595","0","58.18","41.19"
"66","000","00","008","0804","0000","3058","2146","912","119","3177","5567","0","57.07","38.55"
"66","000","00","008","0804","0924","915","646","269","34","949","1640","0","57.87","39.39"
"66","000","00","008","0804","0925","1092","764","328","51","1143","2052","0","55.7","37.23"
"66","000","00","008","0804","0926","1051","736","315","34","1085","1875","0","57.87","39.25"
"66","000","00","008","0805","0000","2861","1973","888","100","2961","5056","0","58.56","39.02"
"66","000","00","008","0805","0943","966","652","314","42","1008","1661","0","60.69","39.25"
"66","000","00","008","0805","0944","936","663","273","32","968","1667","0","58.07","39.77"
"66","000","00","008","0805","0945","959","658","301","26","985","1728","0","57.0","38.08"
"66","000","00","008","0806","0000","2362","1775","587","74","2436","4533","0","53.74","39.16"
"66","000","00","008","0806","0860","818","593","225","29","847","1563","0","54.19","37.94"
"66","000","00","008","0806","0861","820","639","181","28","848","1559","0","54.39","40.99"
"66","000","00","008","0806","0862","724","543","181","17","741","1411","0","52.52","38.48"
"66","000","00","008","0807","0000","3325","2429","896","141","3466","5930","0","58.45","40.96"
"66","000","00","008","0807","0894","835","609","226","45","880","1445","0","60.9","42.15"
"66","000","00","008","0807","0895","955","698","257","35","990","1842","0","53.75","37.89"
"66","000","00","008","0807","0896","691","489","202","30","721","1187","0","60.74","41.2"
"66","000","00","008","0807","0897","844","633","211","31","875","1456","0","60.1","43.48"
"66","000","00","008","0808","0000","7536","5551","1985","293","7829","12981","0","60.31","42.76"
"66","000","00","008","0808","0863","1002","692","310","34","1036","1761","0","58.83","39.3"
"66","000","00","008","0808","0864","817","597","220","55","872","1361","0","64.07","43.86"
"66","000","00","008","0808","0865","1027","862","165","34","1061","1852","0","57.29","46.54"
"66","000","00","008","0808","0866","1106","809","297","31","1137","1928","0","58.97","41.96"
"66","000","00","008","0808","0867","941","678","263","24","965","1492","0","64.68","45.44"
"66","000","00","008","0808","0868","1045","755","290","61","1106","1998","0","55.36","37.79"
"66","000","00","008","0808","0869","802","588","214","29","831","1272","0","65.33","46.23"
"66","000","00","008","0808","0870","796","570","226","25","821","1317","0","62.34","43.28"
"66","000","00","008","0809","0000","6448","4619","1829","265","6713","11817","0","56.81","39.09"
"66","000","00","008","0809","0871","677","513","164","41","718","1327","0","54.11","38.66"
"66","000","00","008","0809","0872","691","521","170","19","710","1280","0","55.47","40.7"
"66","000","00","008","0809","0873","950","684","266","44","994","1865","0","53.3","36.68"
"66","000","00","008","0809","0874","751","531","220","38","789","1230","0","64.15","43.17"
"66","000","00","008","0809","0875","718","504","214","35","753","1356","0","55.53","37.17"
"66","000","00","008","0809","0876","959","695","264","33","992","1732","0","57.27","40.13"
"66","000","00","008","0809","0877","903","629","274","32","935","1586","0","58.95","39.66"
"66","000","00","008","0809","0878","799","542","257","23","822","1441","0","57.04","37.61"
"66","000","00","008","0810","0000","5321","3815","1506","203","5524","9996","0","55.26","38.17"
"66","000","00","008","0810","0879","1063","780","283","57","1120","2045","0","54.77","38.14"
"66","000","00","008","0810","0880","962","682","280","48","1010","1914","0","52.77","35.63"
"66","000","00","008","0810","0881","1068","788","280","35","1103","1918","0","57.51","41.08"
"66","000","00","008","0810","0882","1062","743","319","22","1084","2079","0","52.14","35.74"
"66","000","00","008","0810","0883","1166","822","344","41","1207","2040","0","59.17","40.29"
"66","000","00","008","0811","0000","1044","568","476","36","1080","2037","0","53.02","27.88"
"66","000","00","008","0811","0890","1044","568","476","36","1080","2037","0","53.02","27.88"
"66","000","00","008","0812","0000","549","436","113","33","582","985","0","59.09","44.26"
"66","000","00","008","0812","0889","549","436","113","33","582","985","0","59.09","44.26"
"66","000","00","008","0813","0000","4918","3448","1470","177","5095","9749","0","52.26","35.37"
"66","000","00","008","0813","0884","961","652","309","47","1008","2027","0","49.73","32.17"
"66","000","00","008","0813","0885","761","585","176","31","792","1402","0","56.49","41.73"
"66","000","00","008","0813","0886","1040","756","284","35","1075","1826","0","58.87","41.4"
"66","000","00","008","0813","0887","1057","740","317","40","1097","2162","0","50.74","34.23"
"66","000","00","008","0813","0888","1099","715","384","24","1123","2332","0","48.16","30.66"
"66","000","00","008","0814","0000","1292","996","296","67","1359","2094","0","64.9","47.56"
"66","000","00","008","0814","0891","699","563","136","36","735","1032","0","71.22","54.55"
"66","000","00","008","0814","0892","593","433","160","31","624","1062","0","58.76","40.77"
"66","000","00","008","0815","0000","495","382","113","30","525","909","0","57.76","42.02"
"66","000","00","008","0815","0893","495","382","113","30","525","909","0","57.76","42.02"
"66","000","00","008","0816","0000","4688","3175","1513","166","4854","8139","0","59.64","39.01"
"66","000","00","008","0816","0915","836","543","293","51","887","1458","0","60.84","37.24"
"66","000","00","008","0816","0916","921","622","299","32","953","1571","0","60.66","39.59"
"66","000","00","008","0816","0917","921","638","283","26","947","1579","0","59.97","40.41"
"66","000","00","008","0816","0918","1060","728","332","35","1095","1849","0","59.22","39.37"
"66","000","00","008","0816","0919","950","644","306","22","972","1682","0","57.79","38.29"
"66","000","00","008","0817","0000","4382","3075","1307","153","4535","8903","0","50.94","34.54"
"66","000","00","008","0817","0949","1195","858","337","45","1240","2078","0","59.67","41.29"
"66","000","00","008","0817","0950","1130","806","324","42","1172","2059","0","56.92","39.15"
"66","000","00","008","0817","0951","1029","699","330","35","1064","1792","0","59.38","39.01"
"66","000","00","008","0817","0952","1028","712","316","31","1059","2974","0","35.61","23.94"
"66","000","00","008","0818","0000","4678","3381","1297","186","4864","7936","0","61.29","42.6"
"66","000","00","008","0818","0954","1237","891","346","45","1282","2099","0","61.08","42.45"
"66","000","00","008","0818","0955","1136","817","319","47","1183","1823","0","64.89","44.82"
"66","000","00","008","0818","0956","1185","863","322","63","1248","2022","0","61.72","42.68"
"66","000","00","008","0818","0957","1120","810","310","31","1151","1992","0","57.78","40.66"
"66","000","00","008","0819","0000","938","688","250","44","982","1585","0","61.96","43.41"
"66","000","00","008","0819","0958","938","688","250","44","982","1585","0","61.96","43.41"
"66","000","00","008","0820","0000","5747","4182","1565","199","5946","9652","0","61.6","43.33"
"66","000","00","008","0820","0962","1058","795","263","28","1086","1755","0","61.88","45.3"
"66","000","00","008","0820","0963","1015","722","293","33","1048","1497","0","70.01","48.23"
"66","000","00","008","0820","0964","943","678","265","44","987","1567","0","62.99","43.27"
"66","000","00","008","0820","0965","892","667","225","29","921","1624","0","56.71","41.07"
"66","000","00","008","0820","0966","958","708","250","30","988","1614","0","61.21","43.87"
"66","000","00","008","0820","0967","881","612","269","35","916","1595","0","57.43","38.37"
"66","000","00","008","0821","0000","2982","2176","806","120","3102","5219","0","59.44","41.69"
"66","000","00","008","0821","0959","934","683","251","28","962","1565","0","61.47","43.64"
"66","000","00","008","0821","0960","905","679","226","43","948","1780","0","53.26","38.15"
"66","000","00","008","0821","0961","1143","814","329","49","1192","1874","0","63.61","43.44"
"66","000","00","008","0822","0000","599","439","160","36","635","1072","0","59.24","40.95"
"66","000","00","008","0822","0953","599","439","160","36","635","1072","0","59.24","40.95"
"66","000","00","008","0823","0000","3753","2869","884","180","3933","6608","0","59.52","43.42"
"66","000","00","008","0823","0979","1017","847","170","41","1058","1785","0","59.27","47.45"
"66","000","00","008","0823","0980","942","710","232","35","977","1596","0","61.22","44.49"
"66","000","00","008","0823","0981","1005","712","293","41","1046","1731","0","60.43","41.13"
"66","000","00","008","0823","0982","789","600","189","63","852","1496","0","56.95","40.11"
"66","000","00","008","0824","0000","2612","1878","734","111","2723","4576","0","59.51","41.04"
"66","000","00","008","0824","0971","741","542","199","26","767","1372","0","55.9","39.5"
"66","000","00","008","0824","0972","817","603","214","34","851","1415","0","60.14","42.61"
"66","000","00","008","0824","0973","1054","733","321","51","1105","1789","0","61.77","40.97"
"66","000","00","008","0825","0000","2195","1649","546","105","2300","4210","0","54.63","39.17"
"66","000","00","008","0825","0968","917","689","228","42","959","1782","0","53.82","38.66"
"66","000","00","008","0825","0969","693","519","174","23","716","1357","0","52.76","38.25"
"66","000","00","008","0825","0970","585","441","144","40","625","1071","0","58.36","41.18"
"66","000","00","008","0826","0000","2888","2032","856","107","2995","5209","0","57.5","39.01"
"66","000","00","008","0826","0930","1063","770","293","39","1102","1889","0","58.34","40.76"
"66","000","00","008","0826","0931","961","652","309","31","992","1728","0","57.41","37.73"
"66","000","00","008","0826","0932","864","610","254","37","901","1592","0","56.6","38.32"
"66","000","00","008","0827","0000","1690","1189","501","68","1758","3180","0","55.28","37.39"
"66","000","00","008","0827","0933","889","625","264","38","927","1656","0","55.98","37.74"
"66","000","00","008","0827","0934","801","564","237","30","831","1524","0","54.53","37.01"
"66","000","00","008","0828","0000","3310","2267","1043","114","3424","6168","0","55.51","36.75"
"66","000","00","008","0828","0940","1035","722","313","41","1076","2033","0","52.93","35.51"
"66","000","00","008","0828","0941","1042","706","336","30","1072","1947","0","55.06","36.26"
"66","000","00","008","0828","0942","1233","839","394","43","1276","2188","0","58.32","38.35"
"66","000","00","008","0829","0000","2633","1883","750","115","2748","4803","0","57.21","39.2"
"66","000","00","008","0829","0908","948","685","263","42","990","1601","0","61.84","42.79"
"66","000","00","008","0829","0909","830","599","231","35","865","1527","0","56.65","39.23"
"66","000","00","008","0829","0910","855","599","256","38","893","1675","0","53.31","35.76"
"66","000","00","008","0830","0000","2891","2052","839","109","3000","5216","0","57.52","39.34"
"66","000","00","008","0830","0898","1045","738","307","46","1091","1866","0","58.47","39.55"
"66","000","00","008","0830","0899","867","624","243","38","905","1667","0","54.29","37.43"
"66","000","00","008","0830","0900","979","690","289","25","1004","1683","0","59.66","41.0"
"66","000","00","008","0831","0000","2781","2063","718","110","2891","4895","0","59.06","42.15"
"66","000","00","008","0831","0976","840","625","215","46","886","1541","0","57.5","40.56"
"66","000","00","008","0831","0977","981","726","255","30","1011","1669","0","60.58","43.5"
"66","000","00","008","0831","0978","960","712","248","34","994","1685","0","58.99","42.26"
"66","000","00","008","0832","0000","3618","2565","1053","84","3702","6364","0","58.17","40.3"
"66","000","00","008","0832","0901","903","616","287","25","928","1642","0","56.52","37.52"
"66","000","00","008","0832","0902","878","646","232","16","894","1475","0","60.61","43.8"
"66","000","00","008","0832","0903","904","667","237","17","921","1644","0","56.02","40.57"
"66","000","00","008","0832","0904","933","636","297","26","959","1603","0","59.83","39.68"
"66","000","00","008","0833","0000","3050","2185","865","107","3157","5179","0","60.96","42.19"
"66","000","00","008","0833","0905","1120","820","300","43","1163","1949","0","59.67","42.07"
"66","000","00","008","0833","0906","1103","796","307","36","1139","1790","0","63.63","44.47"
"66","000","00","008","0833","0907","827","569","258","28","855","1440","0","59.38","39.51"
"66","000","00","008","0834","0000","1769","1256","513","93","1862","3159","0","58.94","39.76"
"66","000","00","008","0834","0848","819","584","235","55","874","1507","0","58.0","38.75"
"66","000","00","008","0834","0849","950","672","278","38","988","1652","0","59.81","40.68"
"66","000","00","008","0835","0000","2667","1901","766","97","2764","4735","0","58.37","40.15"
"66","000","00","008","0835","0935","862","618","244","25","887","1502","0","59.05","41.15"
"66","000","00","008","0835","0936","962","695","267","33","995","1772","0","56.15","39.22"
"66","000","00","008","0835","0937","843","588","255","39","882","1461","0","60.37","40.25"
"66","000","00","008","0836","0000","2013","1375","638","73","2086","3663","0","56.95","37.54"
"66","000","00","008","0836","0938","930","662","268","21","951","1769","0","53.76","37.42"
"66","000","00","008","0836","0939","1083","713","370","52","1135","1894","0","59.93","37.65"
"66","000","00","008","0837","0000","3397","2463","934","149","3546","6379","0","55.59","38.61"
"66","000","00","008","0837","0911","773","569","204","38","811","1579","0","51.36","36.04"
"66","000","00","008","0837","0912","857","631","226","40","897","1524","0","58.86","41.4"
"66","000","00","008","0837","0913","890","646","244","38","928","1677","0","55.34","38.52"
"66","000","00","008","0837","0914","877","617","260","33","910","1599","0","56.91","38.59"
"66","000","00","008","0838","0000","2790","1947","843","79","2869","4844","0","59.23","40.19"
"66","000","00","008","0838","0946","932","665","267","26","958","1688","0","56.75","39.4"
"66","000","00","008","0838","0947","821","567","254","24","845","1475","0","57.29","38.44"
"66","000","00","008","0838","0948","1037","715","322","29","1066","1681","0","63.41","42.53"
"66","000","00","008","0839","0000","3761","2643","1118","129","3890","6576","0","59.15","40.19"
"66","000","00","008","0839","0920","933","666","267","34","967","1760","0","54.94","37.84"
"66","000","00","008","0839","0921","948","677","271","46","994","1699","0","58.51","39.85"
"66","000","00","008","0839","0922","990","695","295","37","1027","1626","0","63.16","42.74"
"66","000","00","008","0839","0923","890","605","285","12","902","1491","0","60.5","40.58"
"66","000","00","008","0840","0000","2495","1774","721","124","2619","4436","0","59.04","39.99"
"66","000","00","008","0840","0927","857","603","254","38","895","1559","0","57.41","38.68"
"66","000","00","008","0840","0928","845","601","244","39","884","1480","0","59.73","40.61"
"66","000","00","008","0840","0929","793","570","223","47","840","1397","0","60.13","40.8"
"66","000","00","008","0841","0000","3130","2264","866","128","3258","5762","0","56.54","39.29"
"66","000","00","008","0841","0856","888","617","271","33","921","1923","0","47.89","32.09"
"66","000","00","008","0841","0857","868","664","204","40","908","1641","0","55.33","40.46"
"66","000","00","008","0841","0858","742","528","214","22","764","1157","0","66.03","45.64"
"66","000","00","008","0841","0859","632","455","177","33","665","1041","0","63.88","43.71"
"66","000","00","008","0842","0000","2290","1702","588","91","2381","3915","0","60.82","43.47"
"66","000","00","008","0842","0974","1143","863","280","50","1193","1907","0","62.56","45.25"
"66","000","00","008","0842","0975","1147","839","308","41","1188","2008","0","59.16","41.78"
"66","000","00","009","0000","0000","78636","58173","20463","4034","82670","136658","166867","60.49","42.57"
"66","000","00","009","0901","0000","1319","992","327","67","1386","2292","0","60.47","43.28"
"66","000","00","009","0901","0394","534","404","130","30","564","983","0","57.38","41.1"
"66","000","00","009","0901","0395","785","588","197","37","822","1309","0","62.8","44.92"
"66","000","00","009","0902","0000","585","437","148","27","612","945","0","64.76","46.24"
"66","000","00","009","0902","0397","585","437","148","27","612","945","0","64.76","46.24"
"66","000","00","009","0903","0000","510","355","155","47","557","850","0","65.53","41.76"
"66","000","00","009","0903","0398","510","355","155","47","557","850","0","65.53","41.76"
"66","000","00","009","0904","0000","663","468","195","33","696","1116","0","62.37","41.94"
"66","000","00","009","0904","0396","663","468","195","33","696","1116","0","62.37","41.94"
"66","000","00","009","0905","0000","470","349","121","26","496","760","0","65.26","45.92"
"66","000","00","009","0905","0399","470","349","121","26","496","760","0","65.26","45.92"
"66","000","00","009","0906","0000","505","373","132","36","541","759","0","71.28","49.14"
"66","000","00","009","0906","0419","505","373","132","36","541","759","0","71.28","49.14"
"66","000","00","009","0907","0000","403","288","115","21","424","642","0","66.04","44.86"
"66","000","00","009","0907","0420","403","288","115","21","424","642","0","66.04","44.86"
"66","000","00","009","0908","0000","912","688","224","39","951","1647","0","57.74","41.77"
"66","000","00","009","0908","0415","912","688","224","39","951","1647","0","57.74","41.77"
"66","000","00","009","0909","0000","3068","2231","837","125","3193","4979","0","64.13","44.81"
"66","000","00","009","0909","0421","932","664","268","28","960","1528","0","62.83","43.46"
"66","000","00","009","0909","0422","1093","825","268","49","1142","1788","0","63.87","46.14"
"66","000","00","009","0909","0423","1043","742","301","48","1091","1663","0","65.6","44.62"
"66","000","00","009","0910","0000","1328","978","350","86","1414","2162","0","65.4","45.24"
"66","000","00","009","0910","0424","820","605","215","55","875","1260","0","69.44","48.02"
"66","000","00","009","0910","0425","508","373","135","31","539","902","0","59.76","41.35"
"66","000","00","009","0911","0000","876","605","271","43","919","1457","0","63.07","41.52"
"66","000","00","009","0911","0437","876","605","271","43","919","1457","0","63.07","41.52"
"66","000","00","009","0912","0000","708","516","192","29","737","1184","0","62.25","43.58"
"66","000","00","009","0912","0438","708","516","192","29","737","1184","0","62.25","43.58"
"66","000","00","009","0913","0000","1368","1019","349","85","1453","2507","0","57.96","40.65"
"66","000","00","009","0913","0403","611","479","132","59","670","1145","0","58.52","41.83"
"66","000","00","009","0913","0404","757","540","217","26","783","1362","0","57.49","39.65"
"66","000","00","009","0914","0000","1713","1279","434","78","1791","2919","0","61.36","43.82"
"66","000","00","009","0914","0405","812","605","207","32","844","1389","0","60.76","43.56"
"66","000","00","009","0914","0406","901","674","227","46","947","1530","0","61.9","44.05"
"66","000","00","009","0915","0000","2273","1738","535","156","2429","4043","0","60.08","42.99"
"66","000","00","009","0915","0407","828","632","196","57","885","1471","0","60.16","42.96"
"66","000","00","009","0915","0408","805","619","186","60","865","1410","0","61.35","43.9"
"66","000","00","009","0915","0409","640","487","153","39","679","1162","0","58.43","41.91"
"66","000","00","009","0916","0000","4992","3752","1240","256","5248","8802","0","59.62","42.63"
"66","000","00","009","0916","0410","917","701","216","39","956","1656","0","57.73","42.33"
"66","000","00","009","0916","0411","1006","777","229","38","1044","1838","0","56.8","42.27"
"66","000","00","009","0916","0412","879","651","228","56","935","1666","0","56.12","39.08"
"66","000","00","009","0916","0413","1030","764","266","66","1096","1821","0","60.19","41.95"
"66","000","00","009","0916","0414","1160","859","301","57","1217","1821","0","66.83","47.17"
"66","000","00","009","0917","0000","807","578","229","40","847","1256","0","67.44","46.02"
"66","000","00","009","0917","0416","807","578","229","40","847","1256","0","67.44","46.02"
"66","000","00","009","0918","0000","1987","1461","526","84","2071","3345","0","61.91","43.68"
"66","000","00","009","0918","0417","946","690","256","55","1001","1552","0","64.5","44.46"
"66","000","00","009","0918","0418","1041","771","270","29","1070","1793","0","59.68","43.0"
"66","000","00","009","0919","0000","5491","4013","1478","239","5730","9838","0","58.24","40.79"
"66","000","00","009","0919","0428","1051","801","250","50","1101","1873","0","58.78","42.77"
"66","000","00","009","0919","0429","1067","803","264","35","1102","1867","0","59.03","43.01"
"66","000","00","009","0919","0430","1016","712","304","45","1061","1823","0","58.2","39.06"
"66","000","00","009","0919","0431","1003","724","279","42","1045","1962","0","53.26","36.9"
"66","000","00","009","0919","0432","1354","973","381","67","1421","2313","0","61.44","42.07"
"66","000","00","009","0920","0000","3686","2752","934","173","3859","6232","0","61.92","44.16"
"66","000","00","009","0920","0433","896","675","221","44","940","1510","0","62.25","44.7"
"66","000","00","009","0920","0434","1056","781","275","47","1103","1824","0","60.47","42.82"
"66","000","00","009","0920","0435","798","577","221","35","833","1363","0","61.12","42.33"
"66","000","00","009","0920","0436","936","719","217","47","983","1535","0","64.04","46.84"
"66","000","00","009","0921","0000","1660","1253","407","85","1745","2949","0","59.17","42.49"
"66","000","00","009","0921","0426","736","568","168","29","765","1357","0","56.37","41.86"
"66","000","00","009","0921","0427","924","685","239","56","980","1592","0","61.56","43.03"
"66","000","00","009","0922","0000","3309","2429","880","142","3451","6306","0","54.73","38.52"
"66","000","00","009","0922","0439","1069","753","316","48","1117","2299","0","48.59","32.75"
"66","000","00","009","0922","0440","1105","858","247","50","1155","1940","0","59.54","44.23"
"66","000","00","009","0922","0441","1135","818","317","44","1179","2067","0","57.04","39.57"
"66","000","00","009","0923","0000","5525","4015","1510","327","5852","10123","0","57.81","39.66"
"66","000","00","009","0923","0442","1088","698","390","74","1162","2038","0","57.02","34.25"
"66","000","00","009","0923","0443","1029","730","299","37","1066","1835","0","58.09","39.78"
"66","000","00","009","0923","0444","1080","820","260","68","1148","1979","0","58.01","41.44"
"66","000","00","009","0923","0445","1076","820","256","67","1143","2014","0","56.75","40.71"
"66","000","00","009","0923","0446","1252","947","305","81","1333","2257","0","59.06","41.96"
"66","000","00","009","0924","0000","2739","2080","659","143","2882","4596","0","62.71","45.26"
"66","000","00","009","0924","0447","841","638","203","52","893","1406","0","63.51","45.38"
"66","000","00","009","0924","0448","839","614","225","31","870","1418","0","61.35","43.3"
"66","000","00","009","0924","0449","1059","828","231","60","1119","1772","0","63.15","46.73"
"66","000","00","009","0925","0000","6123","4537","1586","273","6396","10381","0","61.61","43.7"
"66","000","00","009","0925","0452","1021","777","244","66","1087","1758","0","61.83","44.2"
"66","000","00","009","0925","0453","946","710","236","53","999","1546","0","64.62","45.92"
"66","000","00","009","0925","0454","1087","824","263","47","1134","1815","0","62.48","45.4"
"66","000","00","009","0925","0455","1127","789","338","45","1172","1932","0","60.66","40.84"
"66","000","00","009","0925","0456","1094","804","290","40","1134","1770","0","64.07","45.42"
"66","000","00","009","0925","0457","848","633","215","22","870","1560","0","55.77","40.58"
"66","000","00","009","0926","0000","1610","1187","423","75","1685","2649","0","63.61","44.81"
"66","000","00","009","0926","0450","738","527","211","45","783","1202","0","65.14","43.84"
"66","000","00","009","0926","0451","872","660","212","30","902","1447","0","62.34","45.61"
"66","000","00","009","0927","0000","7411","5354","2057","415","7826","13032","0","60.05","41.08"
"66","000","00","009","0927","0458","1022","752","270","45","1067","1810","0","58.95","41.55"
"66","000","00","009","0927","0459","1009","693","316","40","1049","1653","0","63.46","41.92"
"66","000","00","009","0927","0460","820","604","216","43","863","1444","0","59.76","41.83"
"66","000","00","009","0927","0461","800","590","210","39","839","1318","0","63.66","44.76"
"66","000","00","009","0927","0462","893","618","275","68","961","1566","0","61.37","39.46"
"66","000","00","009","0927","0463","973","696","277","50","1023","1748","0","58.52","39.82"
"66","000","00","009","0927","0464","935","664","271","74","1009","1772","0","56.94","37.47"
"66","000","00","009","0927","0465","959","737","222","56","1015","1721","0","58.98","42.82"
"66","000","00","009","0928","0000","2896","2158","738","96","2992","5065","0","59.07","42.61"
"66","000","00","009","0928","0400","944","701","243","11","955","1617","0","59.06","43.35"
"66","000","00","009","0928","0401","859","641","218","46","905","1677","0","53.97","38.22"
"66","000","00","009","0928","0402","1093","816","277","39","1132","1771","0","63.92","46.08"
"66","000","00","009","0929","0000","914","706","208","37","951","1578","0","60.27","44.74"
"66","000","00","009","0929","0466","914","706","208","37","951","1578","0","60.27","44.74"
"66","000","00","009","0930","0000","2960","2121","839","152","3112","5227","0","59.54","40.58"
"66","000","00","009","0930","0467","1018","704","314","69","1087","1859","0","58.47","37.87"
"66","000","00","009","0930","0468","851","597","254","37","888","1479","0","60.04","40.37"
"66","000","00","009","0930","0469","1091","820","271","46","1137","1889","0","60.19","43.41"
"66","000","00","009","0931","0000","1769","1309","460","93","1862","3224","0","57.75","40.6"
"66","000","00","009","0931","0470","994","749","245","44","1038","1803","0","57.57","41.54"
"66","000","00","009","0931","0471","775","560","215","49","824","1421","0","57.99","39.41"
"66","000","00","009","0932","0000","2007","1543","464","128","2135","3359","0","63.56","45.94"
"66","000","00","009","0932","0472","944","721","223","61","1005","1585","0","63.41","45.49"
"66","000","00","009","0932","0473","1063","822","241","67","1130","1774","0","63.7","46.34"
"66","000","00","009","0933","0000","1208","934","274","59","1267","2132","0","59.43","43.81"
"66","000","00","009","0933","0474","1208","934","274","59","1267","2132","0","59.43","43.81"
"66","000","00","009","0934","0000","1605","1243","362","66","1671","2874","0","58.14","43.25"
"66","000","00","009","0934","0475","867","679","188","42","909","1515","0","60.0","44.82"
"66","000","00","009","0934","0476","738","564","174","24","762","1359","0","56.07","41.5"
"66","000","00","009","0935","0000","1224","921","303","96","1320","2082","0","63.4","44.24"
"66","000","00","009","0935","0477","562","424","138","44","606","948","0","63.92","44.73"
"66","000","00","009","0935","0478","662","497","165","52","714","1134","0","62.96","43.83"
"66","000","00","009","0936","0000","2012","1511","501","157","2169","3346","0","64.82","45.16"
"66","000","00","009","0936","0479","688","517","171","63","751","1114","0","67.41","46.41"
"66","000","00","009","0936","0480","606","457","149","37","643","1050","0","61.24","43.52"
"66","000","00","009","0936","0481","718","537","181","57","775","1182","0","65.57","45.43"
"66","000","00","010","0000","0000","24146","19191","4955","1376","25522","43181","50308","59.1","44.44"
"66","000","00","010","1001","0000","825","677","148","38","863","1357","0","63.6","49.89"
"66","000","00","010","1001","1540","825","677","148","38","863","1357","0","63.6","49.89"
"66","000","00","010","1002","0000","539","439","100","39","578","865","0","66.82","50.75"
"66","000","00","010","1002","1539","539","439","100","39","578","865","0","66.82","50.75"
"66","000","00","010","1003","0000","624","504","120","19","643","1031","0","62.37","48.88"
"66","000","00","010","1003","1538","624","504","120","19","643","1031","0","62.37","48.88"
"66","000","00","010","1004","0000","1138","901","237","57","1195","1850","0","64.59","48.7"
"66","000","00","010","1004","1536","585","473","112","21","606","984","0","61.59","48.07"
"66","000","00","010","1004","1537","553","428","125","36","589","866","0","68.01","49.42"
"66","000","00","010","1005","0000","1309","1034","275","77","1386","2196","0","63.11","47.09"
"66","000","00","010","1005","1534","708","560","148","36","744","1169","0","63.64","47.9"
"66","000","00","010","1005","1535","601","474","127","41","642","1027","0","62.51","46.15"
"66","000","00","010","1006","0000","606","480","126","23","629","977","0","64.38","49.13"
"66","000","00","010","1006","1532","606","480","126","23","629","977","0","64.38","49.13"
"66","000","00","010","1007","0000","770","602","168","28","798","1395","0","57.2","43.15"
"66","000","00","010","1007","1533","770","602","168","28","798","1395","0","57.2","43.15"
"66","000","00","010","1008","0000","2071","1632","439","108","2179","3486","0","62.51","46.82"
"66","000","00","010","1008","1529","668","519","149","28","696","1222","0","56.96","42.47"
"66","000","00","010","1008","1530","762","602","160","52","814","1228","0","66.29","49.02"
"66","000","00","010","1008","1531","641","511","130","28","669","1036","0","64.58","49.32"
"66","000","00","010","1009","0000","1006","824","182","46","1052","1878","0","56.02","43.88"
"66","000","00","010","1009","1527","466","392","74","14","480","872","0","55.05","44.95"
"66","000","00","010","1009","1528","540","432","108","32","572","1006","0","56.86","42.94"
"66","000","00","010","1010","0000","2115","1705","410","74","2189","3662","0","59.78","46.56"
"66","000","00","010","1010","1523","792","635","157","34","826","1372","0","60.2","46.28"
"66","000","00","010","1010","1524","823","655","168","20","843","1412","0","59.7","46.39"
"66","000","00","010","1010","1525","500","415","85","20","520","878","0","59.23","47.27"
"66","000","00","010","1011","0000","732","581","151","37","769","1475","0","52.14","39.39"
"66","000","00","010","1011","1526","732","581","151","37","769","1475","0","52.14","39.39"
"66","000","00","010","1012","0000","2769","2126","643","172","2941","4908","0","59.92","43.32"
"66","000","00","010","1012","1519","668","495","173","60","728","1335","0","54.53","37.08"
"66","000","00","010","1012","1520","677","512","165","31","708","1092","0","64.84","46.89"
"66","000","00","010","1012","1521","644","505","139","34","678","1050","0","64.57","48.1"
"66","000","00","010","1012","1522","780","614","166","47","827","1431","0","57.79","42.91"
"66","000","00","010","1013","0000","861","692","169","66","927","1628","0","56.94","42.51"
"66","000","00","010","1013","1518","861","692","169","66","927","1628","0","56.94","42.51"
"66","000","00","010","1014","0000","620","501","119","31","651","991","0","65.69","50.55"
"66","000","00","010","1014","1516","620","501","119","31","651","991","0","65.69","50.55"
"66","000","00","010","1015","0000","438","351","87","26","464","863","0","53.77","40.67"
"66","000","00","010","1015","1517","438","351","87","26","464","863","0","53.77","40.67"
"66","000","00","010","1016","0000","998","808","190","68","1066","1866","0","57.13","43.3"
"66","000","00","010","1016","1514","555","441","114","30","585","1007","0","58.09","43.79"
"66","000","00","010","1016","1515","443","367","76","38","481","859","0","56.0","42.72"
"66","000","00","010","1017","0000","671","528","143","58","729","1299","0","56.12","40.65"
"66","000","00","010","1017","1513","671","528","143","58","729","1299","0","56.12","40.65"
"66","000","00","010","1018","0000","1194","957","237","36","1230","1957","0","62.85","48.9"
"66","000","00","010","1018","1544","584","468","116","14","598","950","0","62.95","49.26"
"66","000","00","010","1018","1545","610","489","121","22","632","1007","0","62.76","48.56"
"66","000","00","010","1019","0000","1154","931","223","83","1237","2050","0","60.34","45.41"
"66","000","00","010","1019","1541","418","332","86","38","456","736","0","61.96","45.11"
"66","000","00","010","1019","1542","736","599","137","45","781","1314","0","59.44","45.59"
"66","000","00","010","1020","0000","859","670","189","66","925","1677","0","55.16","39.95"
"66","000","00","010","1020","1543","859","670","189","66","925","1677","0","55.16","39.95"
"66","000","00","010","1021","0000","593","461","132","49","642","1214","0","52.88","37.97"
"66","000","00","010","1021","1546","593","461","132","49","642","1214","0","52.88","37.97"
"66","000","00","010","1022","0000","946","753","193","78","1024","1809","0","56.61","41.63"
"66","000","00","010","1022","1547","477","398","79","44","521","907","0","57.44","43.88"
"66","000","00","010","1022","1548","469","355","114","34","503","902","0","55.76","39.36"
"66","000","00","010","1023","0000","320","256","64","16","336","720","0","46.67","35.56"
"66","000","00","010","1023","1549","320","256","64","16","336","720","0","46.67","35.56"
"66","000","00","010","1024","0000","309","242","67","11","320","666","0","48.05","36.34"
"66","000","00","010","1024","1550","309","242","67","11","320","666","0","48.05","36.34"
"66","000","00","010","1025","0000","679","536","143","70","749","1361","0","55.03","39.38"
"66","000","00","010","1025","1551","679","536","143","70","749","1361","0","55.03","39.38"
"66","000","00","011","0000","0000","34941","26092","8849","1781","36722","63069","77697","58.23","41.37"
"66","000","00","011","1101","0000","780","580","200","39","819","1356","0","60.4","42.77"
"66","000","00","011","1101","0001","780","580","200","39","819","1356","0","60.4","42.77"
"66","000","00","011","1102","0000","642","461","181","25","667","1059","0","62.98","43.53"
"66","000","00","011","1102","0002","642","461","181","25","667","1059","0","62.98","43.53"
"66","000","00","011","1103","0000","950","703","247","33","983","1568","0","62.69","44.83"
"66","000","00","011","1103","0003","434","315","119","14","448","694","0","64.55","45.39"
"66","000","00","011","1103","0004","516","388","128","19","535","874","0","61.21","44.39"
"66","000","00","011","1104","0000","410","310","100","20","430","763","0","56.36","40.63"
"66","000","00","011","1104","0005","410","310","100","20","430","763","0","56.36","40.63"
"66","000","00","011","1105","0000","1242","731","511","57","1299","2105","0","61.71","34.73"
"66","000","00","011","1105","0006","528","398","130","24","552","856","0","64.49","46.5"
"66","000","00","011","1105","0007","714","333","381","33","747","1249","0","59.81","26.66"
"66","000","00","011","1106","0000","1204","894","310","45","1249","2111","0","59.17","42.35"
"66","000","00","011","1106","0008","516","390","126","18","534","922","0","57.92","42.3"
"66","000","00","011","1106","0009","688","504","184","27","715","1189","0","60.13","42.39"
"66","000","00","011","1107","0000","1978","1511","467","142","2120","3374","0","62.83","44.78"
"66","000","00","011","1107","0010","633","482","151","50","683","1065","0","64.13","45.26"
"66","000","00","011","1107","0011","761","589","172","44","805","1252","0","64.3","47.04"
"66","000","00","011","1107","0012","584","440","144","48","632","1057","0","59.79","41.63"
"66","000","00","011","1108","0000","1241","943","298","58","1299","2091","0","62.12","45.1"
"66","000","00","011","1108","0013","598","467","131","29","627","1031","0","60.81","45.3"
"66","000","00","011","1108","0014","643","476","167","29","672","1060","0","63.4","44.91"
"66","000","00","011","1109","0000","2455","1864","591","123","2578","4405","0","58.52","42.32"
"66","000","00","011","1109","0015","734","548","186","34","768","1311","0","58.58","41.8"
"66","000","00","011","1109","0016","782","612","170","38","820","1424","0","57.58","42.98"
"66","000","00","011","1109","0017","939","704","235","51","990","1670","0","59.28","42.16"
"66","000","00","011","1110","0000","457","345","112","28","485","812","0","59.73","42.49"
"66","000","00","011","1110","0018","457","345","112","28","485","812","0","59.73","42.49"
"66","000","00","011","1111","0000","538","434","104","26","564","863","0","65.35","50.29"
"66","000","00","011","1111","0019","538","434","104","26","564","863","0","65.35","50.29"
"66","000","00","011","1112","0000","1797","1370","427","63","1860","3186","0","58.38","43.0"
"66","000","00","011","1112","0020","913","690","223","37","950","1598","0","59.45","43.18"
"66","000","00","011","1112","0021","884","680","204","26","910","1588","0","57.3","42.82"
"66","000","00","011","1113","0000","654","504","150","48","702","1197","0","58.65","42.11"
"66","000","00","011","1113","0022","654","504","150","48","702","1197","0","58.65","42.11"
"66","000","00","011","1114","0000","563","433","130","55","618","1106","0","55.88","39.15"
"66","000","00","011","1114","0023","563","433","130","55","618","1106","0","55.88","39.15"
"66","000","00","011","1115","0000","1043","811","232","66","1109","1772","0","62.58","45.77"
"66","000","00","011","1115","0024","536","413","123","36","572","903","0","63.34","45.74"
"66","000","00","011","1115","0025","507","398","109","30","537","869","0","61.8","45.8"
"66","000","00","011","1116","0000","3017","2229","788","140","3157","5269","0","59.92","42.3"
"66","000","00","011","1116","0026","800","582","218","29","829","1350","0","61.41","43.11"
"66","000","00","011","1116","0027","650","500","150","39","689","1144","0","60.23","43.71"
"66","000","00","011","1116","0028","721","566","155","25","746","1208","0","61.75","46.85"
"66","000","00","011","1116","0029","846","581","265","47","893","1567","0","56.99","37.08"
"66","000","00","011","1117","0000","1220","892","328","62","1282","2013","0","63.69","44.31"
"66","000","00","011","1117","0030","766","542","224","42","808","1246","0","64.85","43.5"
"66","000","00","011","1117","0031","454","350","104","20","474","767","0","61.8","45.63"
"66","000","00","011","1118","0000","1051","808","243","52","1103","1762","0","62.6","45.86"
"66","000","00","011","1118","0032","464","363","101","24","488","790","0","61.77","45.95"
"66","000","00","011","1118","0033","587","445","142","28","615","972","0","63.27","45.78"
"66","000","00","011","1119","0000","754","580","174","16","770","1388","0","55.48","41.79"
"66","000","00","011","1119","0034","754","580","174","16","770","1388","0","55.48","41.79"
"66","000","00","011","1120","0000","2500","1786","714","87","2587","4432","0","58.37","40.3"
"66","000","00","011","1120","0035","693","518","175","28","721","1331","0","54.17","38.92"
"66","000","00","011","1120","0036","700","533","167","26","726","1167","0","62.21","45.67"
"66","000","00","011","1120","0037","1107","735","372","33","1140","1934","0","58.95","38.0"
"66","000","00","011","1121","0000","620","472","148","41","661","1263","0","52.34","37.37"
"66","000","00","011","1121","0038","620","472","148","41","661","1263","0","52.34","37.37"
"66","000","00","011","1122","0000","2117","1619","498","94","2211","3973","0","55.65","40.75"
"66","000","00","011","1122","0039","766","572","194","36","802","1390","0","57.7","41.15"
"66","000","00","011","1122","0040","579","456","123","27","606","1186","0","51.1","38.45"
"66","000","00","011","1122","0041","772","591","181","31","803","1397","0","57.48","42.3"
"66","000","00","011","1123","0000","1279","968","311","55","1334","2571","0","51.89","37.65"
"66","000","00","011","1123","0042","545","421","124","16","561","1173","0","47.83","35.89"
"66","000","00","011","1123","0043","734","547","187","39","773","1398","0","55.29","39.13"
"66","000","00","011","1124","0000","2853","2126","727","121","2974","5453","0","54.54","38.99"
"66","000","00","011","1124","0044","613","431","182","28","641","1228","0","52.2","35.1"
"66","000","00","011","1124","0045","658","501","157","24","682","1258","0","54.21","39.83"
"66","000","00","011","1124","0046","773","603","170","32","805","1435","0","56.1","42.02"
"66","000","00","011","1124","0047","809","591","218","37","846","1532","0","55.22","38.58"
"66","000","00","011","1125","0000","772","580","192","53","825","1522","0","54.2","38.11"
"66","000","00","011","1125","0048","354","265","89","26","380","652","0","58.28","40.64"
"66","000","00","011","1125","0049","418","315","103","27","445","870","0","51.15","36.21"
"66","000","00","011","1126","0000","890","697","193","59","949","1675","0","56.66","41.61"
"66","000","00","011","1126","0050","453","346","107","28","481","891","0","53.98","38.83"
"66","000","00","011","1126","0051","437","351","86","31","468","784","0","59.69","44.77"
"66","000","00","011","1127","0000","675","526","149","74","749","1368","0","54.75","38.45"
"66","000","00","011","1127","0052","675","526","149","74","749","1368","0","54.75","38.45"
"66","000","00","011","1128","0000","555","415","140","45","600","1126","0","53.29","36.86"
"66","000","00","011","1128","0053","555","415","140","45","600","1126","0","53.29","36.86"
"66","000","00","011","1129","0000","684","500","184","54","738","1486","0","49.66","33.65"
"66","000","00","011","1129","0054","684","500","184","54","738","1486","0","49.66","33.65"
"66","000","00","012","0000","0000","39739","29922","9817","2494","42233","71528","86659","59.04","41.83"
"66","000","00","012","1201","0000","568","410","158","22","590","1076","0","54.83","38.1"
"66","000","00","012","1201","0091","568","410","158","22","590","1076","0","54.83","38.1"
"66","000","00","012","1202","0000","591","419","172","34","625","953","0","65.58","43.97"
"66","000","00","012","1202","0092","591","419","172","34","625","953","0","65.58","43.97"
"66","000","00","012","1203","0000","1221","897","324","83","1304","2057","0","63.39","43.61"
"66","000","00","012","1203","0093","527","382","145","45","572","914","0","62.58","41.79"
"66","000","00","012","1203","0094","694","515","179","38","732","1143","0","64.04","45.06"
"66","000","00","012","1204","0000","398","266","132","30","428","680","0","62.94","39.12"
"66","000","00","012","1204","0095","398","266","132","30","428","680","0","62.94","39.12"
"66","000","00","012","1205","0000","1076","814","262","69","1145","1797","0","63.72","45.3"
"66","000","00","012","1205","0096","530","407","123","32","562","904","0","62.17","45.02"
"66","000","00","012","1205","0097","546","407","139","37","583","893","0","65.29","45.58"
"66","000","00","012","1206","0000","887","669","218","32","919","1577","0","58.28","42.42"
"66","000","00","012","1206","0098","887","669","218","32","919","1577","0","58.28","42.42"
"66","000","00","012","1207","0000","387","302","85","30","417","690","0","60.43","43.77"
"66","000","00","012","1207","0099","387","302","85","30","417","690","0","60.43","43.77"
"66","000","00","012","1208","0000","237","177","60","13","250","403","0","62.03","43.92"
"66","000","00","012","1208","0100","237","177","60","13","250","403","0","62.03","43.92"
"66","000","00","012","1209","0000","1230","907","323","77","1307","2190","0","59.68","41.42"
"66","000","00","012","1209","0101","799","581","218","48","847","1413","0","59.94","41.12"
"66","000","00","012","1209","0102","431","326","105","29","460","777","0","59.2","41.96"
"66","000","00","012","1210","0000","5422","4001","1421","247","5669","9237","0","61.37","43.31"
"66","000","00","012","1210","0103","765","570","195","35","800","1313","0","60.93","43.41"
"66","000","00","012","1210","0104","839","617","222","53","892","1439","0","61.99","42.88"
"66","000","00","012","1210","0105","669","493","176","29","698","1265","0","55.18","38.97"
"66","000","00","012","1210","0106","766","568","198","40","806","1277","0","63.12","44.48"
"66","000","00","012","1210","0107","740","556","184","40","780","1276","0","61.13","43.57"
"66","000","00","012","1210","0108","840","604","236","27","867","1376","0","63.01","43.9"
"66","000","00","012","1210","0109","803","593","210","23","826","1291","0","63.98","45.93"
"66","000","00","012","1211","0000","878","638","240","47","925","1510","0","61.26","42.25"
"66","000","00","012","1211","0110","878","638","240","47","925","1510","0","61.26","42.25"
"66","000","00","012","1212","0000","855","638","217","54","909","1524","0","59.65","41.86"
"66","000","00","012","1212","0111","855","638","217","54","909","1524","0","59.65","41.86"
"66","000","00","012","1213","0000","2392","1839","553","140","2532","4302","0","58.86","42.75"
"66","000","00","012","1213","0112","770","623","147","36","806","1474","0","54.68","42.27"
"66","000","00","012","1213","0113","824","618","206","41","865","1507","0","57.4","41.01"
"66","000","00","012","1213","0114","798","598","200","63","861","1321","0","65.18","45.27"
"66","000","00","012","1214","0000","1782","1328","454","99","1881","3293","0","57.12","40.33"
"66","000","00","012","1214","0115","586","436","150","29","615","1157","0","53.15","37.68"
"66","000","00","012","1214","0116","713","528","185","45","758","1255","0","60.4","42.07"
"66","000","00","012","1214","0117","483","364","119","25","508","881","0","57.66","41.32"
"66","000","00","012","1215","0000","1168","887","281","60","1228","2034","0","60.37","43.61"
"66","000","00","012","1215","0118","607","464","143","50","657","1083","0","60.66","42.84"
"66","000","00","012","1215","0119","561","423","138","10","571","951","0","60.04","44.48"
"66","000","00","012","1216","0000","2651","1992","659","165","2816","5145","0","54.73","38.72"
"66","000","00","012","1216","0120","746","558","188","46","792","1424","0","55.62","39.19"
"66","000","00","012","1216","0121","634","475","159","43","677","1233","0","54.91","38.52"
"66","000","00","012","1216","0122","598","431","167","35","633","1288","0","49.15","33.46"
"66","000","00","012","1216","0123","673","528","145","41","714","1200","0","59.5","44.0"
"66","000","00","012","1217","0000","1622","1244","378","69","1691","2745","0","61.6","45.32"
"66","000","00","012","1217","0124","916","736","180","48","964","1609","0","59.91","45.74"
"66","000","00","012","1217","0125","706","508","198","21","727","1136","0","64.0","44.72"
"66","000","00","012","1218","0000","686","553","133","61","747","1302","0","57.37","42.47"
"66","000","00","012","1218","0126","686","553","133","61","747","1302","0","57.37","42.47"
"66","000","00","012","1219","0000","713","531","182","83","796","1373","0","57.98","38.67"
"66","000","00","012","1219","0127","713","531","182","83","796","1373","0","57.98","38.67"
"66","000","00","012","1220","0000","604","446","158","52","656","1257","0","52.19","35.48"
"66","000","00","012","1220","0128","604","446","158","52","656","1257","0","52.19","35.48"
"66","000","00","012","1221","0000","599","445","154","26","625","1184","0","52.79","37.58"
"66","000","00","012","1221","0129","599","445","154","26","625","1184","0","52.79","37.58"
"66","000","00","012","1222","0000","690","537","153","60","750","1322","0","56.73","40.62"
"66","000","00","012","1222","0130","690","537","153","60","750","1322","0","56.73","40.62"
"66","000","00","012","1223","0000","1120","855","265","68","1188","2120","0","56.04","40.33"
"66","000","00","012","1223","0131","597","452","145","41","638","1193","0","53.48","37.89"
"66","000","00","012","1223","0132","523","403","120","27","550","927","0","59.33","43.47"
"66","000","00","012","1224","0000","1290","948","342","108","1398","2236","0","62.52","42.4"
"66","000","00","012","1224","0133","611","446","165","58","669","1073","0","62.35","41.57"
"66","000","00","012","1224","0134","679","502","177","50","729","1163","0","62.68","43.16"
"66","000","00","012","1225","0000","891","690","201","89","980","1757","0","55.78","39.27"
"66","000","00","012","1225","0135","434","338","96","43","477","855","0","55.79","39.53"
"66","000","00","012","1225","0136","457","352","105","46","503","902","0","55.76","39.02"
"66","000","00","012","1226","0000","1333","989","344","71","1404","2481","0","56.59","39.86"
"66","000","00","012","1226","0137","777","560","217","40","817","1415","0","57.74","39.58"
"66","000","00","012","1226","0138","556","429","127","31","587","1066","0","55.07","40.24"
"66","000","00","012","1227","0000","3981","3020","961","199","4180","7264","0","57.54","41.57"
"66","000","00","012","1227","0139","718","551","167","63","781","1391","0","56.15","39.61"
"66","000","00","012","1227","0140","736","567","169","29","765","1449","0","52.8","39.13"
"66","000","00","012","1227","0141","798","612","186","38","836","1377","0","60.71","44.44"
"66","000","00","012","1227","0142","823","621","202","33","856","1423","0","60.15","43.64"
"66","000","00","012","1227","0143","906","669","237","36","942","1624","0","58.0","41.19"
"66","000","00","012","1228","0000","1501","1148","353","116","1617","2822","0","57.3","40.68"
"66","000","00","012","1228","0144","699","529","170","59","758","1358","0","55.82","38.95"
"66","000","00","012","1228","0145","802","619","183","57","859","1464","0","58.67","42.28"
"66","000","00","012","1229","0000","688","519","169","64","752","1211","0","62.1","42.86"
"66","000","00","012","1229","0146","688","519","169","64","752","1211","0","62.1","42.86"
"66","000","00","012","1230","0000","675","546","129","52","727","1162","0","62.56","46.99"
"66","000","00","012","1230","0148","675","546","129","52","727","1162","0","62.56","46.99"
"66","000","00","012","1231","0000","836","675","161","143","979","1368","0","71.56","49.34"
"66","000","00","012","1231","0149","836","675","161","143","979","1368","0","71.56","49.34"
"66","000","00","012","1232","0000","767","592","175","31","798","1456","0","54.81","40.66"
"66","000","00","012","1232","0147","767","592","175","31","798","1456","0","54.81","40.66"
"66","000","00","013","0000","0000","40467","30000","10467","1966","42433","74207","93720","57.18","40.43"
"66","000","00","013","1301","0000","727","507","220","27","754","1380","0","54.64","36.74"
"66","000","00","013","1301","0186","727","507","220","27","754","1380","0","54.64","36.74"
"66","000","00","013","1302","0000","1190","901","289","61","1251","2028","0","61.69","44.43"
"66","000","00","013","1302","0187","488","366","122","33","521","852","0","61.15","42.96"
"66","000","00","013","1302","0188","702","535","167","28","730","1176","0","62.07","45.49"
"66","000","00","013","1303","0000","593","434","159","53","646","958","0","67.43","45.3"
"66","000","00","013","1303","0189","593","434","159","53","646","958","0","67.43","45.3"
"66","000","00","013","1304","0000","314","233","81","22","336","488","0","68.85","47.75"
"66","000","00","013","1304","0190","314","233","81","22","336","488","0","68.85","47.75"
"66","000","00","013","1305","0000","1366","975","391","70","1436","2462","0","58.33","39.6"
"66","000","00","013","1305","0191","659","459","200","35","694","1177","0","58.96","39.0"
"66","000","00","013","1305","0192","707","516","191","35","742","1285","0","57.74","40.16"
"66","000","00","013","1306","0000","2413","1829","584","122","2535","4336","0","58.46","42.18"
"66","000","00","013","1306","0195","766","568","198","33","799","1469","0","54.39","38.67"
"66","000","00","013","1306","0196","830","625","205","43","873","1423","0","61.35","43.92"
"66","000","00","013","1306","0197","817","636","181","46","863","1444","0","59.76","44.04"
"66","000","00","013","1307","0000","2814","2032","782","144","2958","5046","0","58.62","40.27"
"66","000","00","013","1307","0198","809","604","205","57","866","1469","0","58.95","41.12"
"66","000","00","013","1307","0199","1057","746","311","44","1101","1902","0","57.89","39.22"
"66","000","00","013","1307","0200","948","682","266","43","991","1675","0","59.16","40.72"
"66","000","00","013","1308","0000","3824","2702","1122","195","4019","6728","0","59.74","40.16"
"66","000","00","013","1308","0201","607","466","141","29","636","1098","0","57.92","42.44"
"66","000","00","013","1308","0202","884","633","251","59","943","1539","0","61.27","41.13"
"66","000","00","013","1308","0203","786","504","282","27","813","1329","0","61.17","37.92"
"66","000","00","013","1308","0204","687","501","186","31","718","1255","0","57.21","39.92"
"66","000","00","013","1308","0205","860","598","262","49","909","1507","0","60.32","39.68"
"66","000","00","013","1309","0000","3950","2948","1002","249","4199","7300","0","57.52","40.38"
"66","000","00","013","1309","0206","808","590","218","63","871","1463","0","59.54","40.33"
"66","000","00","013","1309","0207","655","500","155","56","711","1279","0","55.59","39.09"
"66","000","00","013","1309","0208","526","408","118","26","552","1024","0","53.91","39.84"
"66","000","00","013","1309","0209","699","540","159","60","759","1388","0","54.68","38.9"
"66","000","00","013","1309","0210","632","451","181","19","651","1074","0","60.61","41.99"
"66","000","00","013","1309","0211","630","459","171","25","655","1072","0","61.1","42.82"
"66","000","00","013","1310","0000","635","507","128","53","688","1107","0","62.15","45.8"
"66","000","00","013","1310","0212","635","507","128","53","688","1107","0","62.15","45.8"
"66","000","00","013","1311","0000","2576","1943","633","95","2671","4771","0","55.98","40.73"
"66","000","00","013","1311","0215","911","674","237","45","956","1633","0","58.54","41.27"
"66","000","00","013","1311","0216","887","692","195","29","916","1533","0","59.75","45.14"
"66","000","00","013","1311","0217","778","577","201","21","799","1605","0","49.78","35.95"
"66","000","00","013","1312","0000","1832","1375","457","73","1905","3629","0","52.49","37.89"
"66","000","00","013","1312","0213","961","704","257","33","994","1947","0","51.05","36.16"
"66","000","00","013","1312","0214","871","671","200","40","911","1682","0","54.16","39.89"
"66","000","00","013","1313","0000","778","660","118","29","807","1694","0","47.64","38.96"
"66","000","00","013","1313","0218","778","660","118","29","807","1694","0","47.64","38.96"
"66","000","00","013","1314","0000","2679","1934","745","97","2776","4944","0","56.15","39.12"
"66","000","00","013","1314","0219","838","600","238","40","878","1628","0","53.93","36.86"
"66","000","00","013","1314","0220","965","687","278","21","986","1665","0","59.22","41.26"
"66","000","00","013","1314","0221","876","647","229","36","912","1651","0","55.24","39.19"
"66","000","00","013","1315","0000","1917","1469","448","81","1998","3289","0","60.75","44.66"
"66","000","00","013","1315","0222","665","520","145","24","689","1108","0","62.18","46.93"
"66","000","00","013","1315","0223","671","499","172","34","705","1142","0","61.73","43.7"
"66","000","00","013","1315","0224","581","450","131","23","604","1039","0","58.13","43.31"
"66","000","00","013","1316","0000","2774","2032","742","121","2895","5270","0","54.93","38.56"
"66","000","00","013","1316","0225","982","725","257","37","1019","1840","0","55.38","39.4"
"66","000","00","013","1316","0226","1002","733","269","37","1039","1872","0","55.5","39.16"
"66","000","00","013","1316","0227","790","574","216","47","837","1558","0","53.72","36.84"
"66","000","00","013","1317","0000","2391","1804","587","105","2496","4314","0","57.86","41.82"
"66","000","00","013","1317","0232","873","632","241","35","908","1593","0","57.0","39.67"
"66","000","00","013","1317","0233","520","409","111","19","539","981","0","54.94","41.69"
"66","000","00","013","1317","0234","998","763","235","51","1049","1740","0","60.29","43.85"
"66","000","00","013","1318","0000","1338","1033","305","63","1401","2294","0","61.07","45.03"
"66","000","00","013","1318","0235","728","549","179","41","769","1247","0","61.67","44.03"
"66","000","00","013","1318","0236","610","484","126","22","632","1047","0","60.36","46.23"
"66","000","00","013","1319","0000","1166","908","258","71","1237","2144","0","57.7","42.35"
"66","000","00","013","1319","0237","616","475","141","48","664","1119","0","59.34","42.45"
"66","000","00","013","1319","0238","550","433","117","23","573","1025","0","55.9","42.24"
"66","000","00","013","1320","0000","1838","1333","505","100","1938","3364","0","57.61","39.63"
"66","000","00","013","1320","0193","876","638","238","61","937","1736","0","53.97","36.75"
"66","000","00","013","1320","0194","962","695","267","39","1001","1628","0","61.49","42.69"
"66","000","00","013","1321","0000","3352","2441","911","135","3487","6661","0","52.35","36.65"
"66","000","00","013","1321","0228","874","639","235","32","906","1739","0","52.1","36.75"
"66","000","00","013","1321","0229","814","590","224","29","843","1672","0","50.42","35.29"
"66","000","00","013","1321","0230","869","637","232","40","909","1634","0","55.63","38.98"
"66","000","00","013","1321","0231","795","575","220","34","829","1616","0","51.3","35.58"
"66","000","00","014","0000","0000","25486","18872","6614","1500","26986","47040","58189","57.37","40.12"
"66","000","00","014","1401","0000","1636","1185","451","119","1755","3122","0","56.21","37.96"
"66","000","00","014","1401","0150","833","604","229","36","869","1541","0","56.39","39.2"
"66","000","00","014","1401","0151","803","581","222","83","886","1581","0","56.04","36.75"
"66","000","00","014","1402","0000","1096","786","310","72","1168","1959","0","59.62","40.12"
"66","000","00","014","1402","0152","596","422","174","43","639","1083","0","59.0","38.97"
"66","000","00","014","1402","0153","500","364","136","29","529","876","0","60.39","41.55"
"66","000","00","014","1403","0000","2107","1539","568","107","2214","3929","0","56.35","39.17"
"66","000","00","014","1403","0154","581","429","152","42","623","1043","0","59.73","41.13"
"66","000","00","014","1403","0155","757","534","223","27","784","1502","0","52.2","35.55"
"66","000","00","014","1403","0156","769","576","193","38","807","1384","0","58.31","41.62"
"66","000","00","014","1404","0000","327","244","83","23","350","517","0","67.7","47.2"
"66","000","00","014","1404","0157","327","244","83","23","350","517","0","67.7","47.2"
"66","000","00","014","1405","0000","691","525","166","61","752","1169","0","64.33","44.91"
"66","000","00","014","1405","0158","691","525","166","61","752","1169","0","64.33","44.91"
"66","000","00","014","1406","0000","496","360","136","28","524","863","0","60.72","41.71"
"66","000","00","014","1406","0159","496","360","136","28","524","863","0","60.72","41.71"
"66","000","00","014","1407","0000","3227","2360","867","181","3408","6128","0","55.61","38.51"
"66","000","00","014","1407","0160","601","440","161","43","644","1277","0","50.43","34.46"
"66","000","00","014","1407","0161","910","669","241","38","948","1742","0","54.42","38.4"
"66","000","00","014","1407","0162","746","527","219","47","793","1342","0","59.09","39.27"
"66","000","00","014","1407","0163","970","724","246","53","1023","1767","0","57.89","40.97"
"66","000","00","014","1408","0000","2515","1898","617","130","2645","4974","0","53.18","38.16"
"66","000","00","014","1408","0164","740","528","212","50","790","1542","0","51.23","34.24"
"66","000","00","014","1408","0165","865","701","164","32","897","1636","0","54.83","42.85"
"66","000","00","014","1408","0166","910","669","241","48","958","1796","0","53.34","37.25"
"66","000","00","014","1409","0000","2304","1705","599","162","2466","4364","0","56.51","39.07"
"66","000","00","014","1409","0167","757","566","191","47","804","1450","0","55.45","39.03"
"66","000","00","014","1409","0168","770","578","192","85","855","1548","0","55.23","37.34"
"66","000","00","014","1409","0169","777","561","216","30","807","1366","0","59.08","41.07"
"66","000","00","014","1410","0000","4143","3118","1025","221","4364","7342","0","59.44","42.47"
"66","000","00","014","1410","0170","598","440","158","24","622","955","0","65.13","46.07"
"66","000","00","014","1410","0171","682","519","163","36","718","1305","0","55.02","39.77"
"66","000","00","014","1410","0172","699","505","194","36","735","1239","0","59.32","40.76"
"66","000","00","014","1410","0173","631","489","142","38","669","1079","0","62.0","45.32"
"66","000","00","014","1410","0174","657","500","157","33","690","1220","0","56.56","40.98"
"66","000","00","014","1410","0175","876","665","211","54","930","1544","0","60.23","43.07"
"66","000","00","014","1411","0000","3094","2271","823","161","3255","5607","0","58.05","40.5"
"66","000","00","014","1411","0176","839","598","241","46","885","1460","0","60.62","40.96"
"66","000","00","014","1411","0177","757","554","203","33","790","1292","0","61.15","42.88"
"66","000","00","014","1411","0178","699","525","174","41","740","1300","0","56.92","40.38"
"66","000","00","014","1411","0179","799","594","205","41","840","1555","0","54.02","38.2"
"66","000","00","014","1412","0000","1294","952","342","66","1360","2308","0","58.93","41.25"
"66","000","00","014","1412","0180","549","397","152","29","578","1031","0","56.06","38.51"
"66","000","00","014","1412","0181","745","555","190","37","782","1277","0","61.24","43.46"
"66","000","00","014","1413","0000","1212","882","330","86","1298","2224","0","58.36","39.66"
"66","000","00","014","1413","0182","546","389","157","36","582","1037","0","56.12","37.51"
"66","000","00","014","1413","0183","666","493","173","50","716","1187","0","60.32","41.53"
"66","000","00","014","1414","0000","1344","1047","297","83","1427","2534","0","56.31","41.32"
"66","000","00","014","1414","0184","731","568","163","45","776","1399","0","55.47","40.6"
"66","000","00","014","1414","0185","613","479","134","38","651","1135","0","57.36","42.2"
"66","000","00","015","0000","0000","24792","18408","6384","1510","26302","44962","54682","58.5","40.94"
"66","000","00","015","1501","0000","1098","861","237","97","1195","1987","0","60.14","43.33"
"66","000","00","015","1501","0357","505","389","116","40","545","852","0","63.97","45.66"
"66","000","00","015","1501","0358","593","472","121","57","650","1135","0","57.27","41.59"
"66","000","00","015","1502","0000","560","427","133","19","579","1079","0","53.66","39.57"
"66","000","00","015","1502","0359","560","427","133","19","579","1079","0","53.66","39.57"
"66","000","00","015","1503","0000","1731","1267","464","115","1846","3130","0","58.98","40.48"
"66","000","00","015","1503","0360","856","644","212","63","919","1539","0","59.71","41.85"
"66","000","00","015","1503","0361","875","623","252","52","927","1591","0","58.27","39.16"
"66","000","00","015","1504","0000","2165","1569","596","147","2312","3701","0","62.47","42.39"
"66","000","00","015","1504","0364","805","603","202","63","868","1428","0","60.78","42.23"
"66","000","00","015","1504","0365","743","498","245","43","786","1178","0","66.72","42.28"
"66","000","00","015","1504","0366","617","468","149","41","658","1095","0","60.09","42.74"
"66","000","00","015","1505","0000","1164","857","307","65","1229","2126","0","57.81","40.31"
"66","000","00","015","1505","0367","529","389","140","25","554","963","0","57.53","40.39"
"66","000","00","015","1505","0368","635","468","167","40","675","1163","0","58.04","40.24"
"66","000","00","015","1506","0000","2695","2043","652","160","2855","4712","0","60.59","43.36"
"66","000","00","015","1506","0369","584","440","144","37","621","1018","0","61.0","43.22"
"66","000","00","015","1506","0370","516","393","123","40","556","854","0","65.11","46.02"
"66","000","00","015","1506","0371","766","580","186","49","815","1485","0","54.88","39.06"
"66","000","00","015","1506","0372","829","630","199","34","863","1355","0","63.69","46.49"
"66","000","00","015","1507","0000","1065","804","261","87","1152","1986","0","58.01","40.48"
"66","000","00","015","1507","0373","429","314","115","37","466","840","0","55.48","37.38"
"66","000","00","015","1507","0374","636","490","146","50","686","1146","0","59.86","42.76"
"66","000","00","015","1508","0000","1951","1500","451","123","2074","3342","0","62.06","44.88"
"66","000","00","015","1508","0375","969","744","225","61","1030","1669","0","61.71","44.58"
"66","000","00","015","1508","0376","982","756","226","62","1044","1673","0","62.4","45.19"
"66","000","00","015","1509","0000","1941","1454","487","103","2044","3454","0","59.18","42.1"
"66","000","00","015","1509","0377","844","637","207","30","874","1493","0","58.54","42.67"
"66","000","00","015","1509","0378","608","451","157","52","660","1052","0","62.74","42.87"
"66","000","00","015","1509","0379","489","366","123","21","510","909","0","56.11","40.26"
"66","000","00","015","1510","0000","1423","1081","342","81","1504","2433","0","61.82","44.43"
"66","000","00","015","1510","0380","610","462","148","64","674","1091","0","61.78","42.35"
"66","000","00","015","1510","0381","813","619","194","17","830","1342","0","61.85","46.13"
"66","000","00","015","1511","0000","1176","914","262","64","1240","2115","0","58.63","43.22"
"66","000","00","015","1511","0382","613","468","145","37","650","1138","0","57.12","41.12"
"66","000","00","015","1511","0383","563","446","117","27","590","977","0","60.39","45.65"
"66","000","00","015","1512","0000","751","595","156","30","781","1584","0","49.31","37.56"
"66","000","00","015","1512","0384","751","595","156","30","781","1584","0","49.31","37.56"
"66","000","00","015","1513","0000","1173","910","263","98","1271","2140","0","59.39","42.52"
"66","000","00","015","1513","0385","492","400","92","38","530","915","0","57.92","43.72"
"66","000","00","015","1513","0386","681","510","171","60","741","1225","0","60.49","41.63"
"66","000","00","015","1514","0000","1696","1294","402","66","1762","3152","0","55.9","41.05"
"66","000","00","015","1514","0387","827","617","210","37","864","1552","0","55.67","39.76"
"66","000","00","015","1514","0388","869","677","192","29","898","1600","0","56.13","42.31"
"66","000","00","015","1515","0000","670","531","139","45","715","1340","0","53.36","39.63"
"66","000","00","015","1515","0393","670","531","139","45","715","1340","0","53.36","39.63"
"66","000","00","015","1516","0000","1117","845","272","78","1195","2122","0","56.31","39.82"
"66","000","00","015","1516","0391","536","408","128","26","562","1055","0","53.27","38.67"
"66","000","00","015","1516","0392","581","437","144","52","633","1067","0","59.33","40.96"
"66","000","00","015","1517","0000","1013","761","252","65","1078","1885","0","57.19","40.37"
"66","000","00","015","1517","0389","519","397","122","31","550","942","0","58.39","42.14"
"66","000","00","015","1517","0390","494","364","130","34","528","943","0","55.99","38.6"
"66","000","00","015","1518","0000","1403","695","708","67","1470","2674","0","54.97","25.99"
"66","000","00","015","1518","0362","681","505","176","41","722","1376","0","52.47","36.7"
"66","000","00","015","1518","0363","722","190","532","26","748","1298","0","57.63","14.64"
"66","000","00","016","0000","0000","30942","23506","7436","1566","32508","54565","65692","59.58","43.08"
"66","000","00","016","1601","0000","1864","1414","450","83","1947","3243","0","60.04","43.6"
"66","000","00","016","1601","0482","970","728","242","49","1019","1684","0","60.51","43.23"
"66","000","00","016","1601","0483","894","686","208","34","928","1559","0","59.53","44.0"
"66","000","00","016","1602","0000","1288","976","312","60","1348","2139","0","63.02","45.63"
"66","000","00","016","1602","0484","618","470","148","21","639","1095","0","58.36","42.92"
"66","000","00","016","1602","0485","670","506","164","39","709","1044","0","67.91","48.47"
"66","000","00","016","1603","0000","1588","1192","396","94","1682","2604","0","64.59","45.78"
"66","000","00","016","1603","0486","808","616","192","49","857","1310","0","65.42","47.02"
"66","000","00","016","1603","0487","780","576","204","45","825","1294","0","63.76","44.51"
"66","000","00","016","1604","0000","1269","954","315","72","1341","2165","0","61.94","44.06"
"66","000","00","016","1604","0488","658","498","160","43","701","1143","0","61.33","43.57"
"66","000","00","016","1604","0489","611","456","155","29","640","1022","0","62.62","44.62"
"66","000","00","016","1605","0000","4002","3049","953","173","4175","7265","0","57.47","41.97"
"66","000","00","016","1605","0498","795","609","186","33","828","1452","0","57.02","41.94"
"66","000","00","016","1605","0499","922","704","218","37","959","1551","0","61.83","45.39"
"66","000","00","016","1605","0500","819","624","195","50","869","1567","0","55.46","39.82"
"66","000","00","016","1605","0501","821","608","213","22","843","1449","0","58.18","41.96"
"66","000","00","016","1605","0502","645","504","141","31","676","1246","0","54.25","40.45"
"66","000","00","016","1606","0000","3101","2303","798","169","3270","5267","0","62.08","43.73"
"66","000","00","016","1606","0503","823","635","188","36","859","1431","0","60.03","44.37"
"66","000","00","016","1606","0504","679","502","177","56","735","1163","0","63.2","43.16"
"66","000","00","016","1606","0505","860","620","240","43","903","1402","0","64.41","44.22"
"66","000","00","016","1606","0506","739","546","193","34","773","1271","0","60.82","42.96"
"66","000","00","016","1607","0000","1474","1167","307","92","1566","2510","0","62.39","46.49"
"66","000","00","016","1607","0507","700","556","144","52","752","1198","0","62.77","46.41"
"66","000","00","016","1607","0508","774","611","163","40","814","1312","0","62.04","46.57"
"66","000","00","016","1608","0000","1679","1308","371","63","1742","2885","0","60.38","45.34"
"66","000","00","016","1608","0512","940","723","217","25","965","1483","0","65.07","48.75"
"66","000","00","016","1608","0513","739","585","154","38","777","1402","0","55.42","41.73"
"66","000","00","016","1609","0000","2356","1740","616","98","2454","4329","0","56.69","40.19"
"66","000","00","016","1609","0509","872","655","217","45","917","1590","0","57.67","41.19"
"66","000","00","016","1609","0510","718","540","178","27","745","1324","0","56.27","40.79"
"66","000","00","016","1609","0511","766","545","221","26","792","1415","0","55.97","38.52"
"66","000","00","016","1610","0000","4036","3096","940","194","4230","7224","0","58.55","42.86"
"66","000","00","016","1610","0514","671","494","177","45","716","1275","0","56.16","38.75"
"66","000","00","016","1610","0515","673","502","171","34","707","1288","0","54.89","38.98"
"66","000","00","016","1610","0516","584","454","130","34","618","1080","0","57.22","42.04"
"66","000","00","016","1610","0517","750","649","101","17","767","1344","0","57.07","48.29"
"66","000","00","016","1610","0518","639","475","164","32","671","1061","0","63.24","44.77"
"66","000","00","016","1610","0519","719","522","197","32","751","1176","0","63.86","44.39"
"66","000","00","016","1611","0000","1544","1185","359","94","1638","2562","0","63.93","46.25"
"66","000","00","016","1611","0520","727","545","182","54","781","1244","0","62.78","43.81"
"66","000","00","016","1611","0521","817","640","177","40","857","1318","0","65.02","48.56"
"66","000","00","016","1612","0000","1436","1068","368","102","1538","2794","0","55.05","38.22"
"66","000","00","016","1612","0522","611","431","180","43","654","1471","0","44.46","29.3"
"66","000","00","016","1612","0523","825","637","188","59","884","1323","0","66.82","48.15"
"66","000","00","016","1613","0000","1215","947","268","60","1275","2354","0","54.16","40.23"
"66","000","00","016","1613","0490","688","527","161","38","726","1269","0","57.21","41.53"
"66","000","00","016","1613","0491","527","420","107","22","549","1085","0","50.6","38.71"
"66","000","00","016","1614","0000","2275","1756","519","130","2405","4090","0","58.8","42.93"
"66","000","00","016","1614","0494","745","568","177","50","795","1390","0","57.19","40.86"
"66","000","00","016","1614","0495","824","642","182","43","867","1372","0","63.19","46.79"
"66","000","00","016","1614","0496","706","546","160","37","743","1328","0","55.95","41.11"
"66","000","00","016","1615","0000","1229","917","312","61","1290","2096","0","61.55","43.75"
"66","000","00","016","1615","0492","564","419","145","35","599","942","0","63.59","44.48"
"66","000","00","016","1615","0493","665","498","167","26","691","1154","0","59.88","43.15"
"66","000","00","016","1616","0000","586","434","152","21","607","1038","0","58.48","41.81"
"66","000","00","016","1616","0497","586","434","152","21","607","1038","0","58.48","41.81"
"66","000","00","017","0000","0000","49650","37149","12501","2142","51792","89487","108777","57.88","41.51"
"66","000","00","017","1701","0000","5985","4444","1541","270","6255","10976","0","56.99","40.49"
"66","000","00","017","1701","0573","943","709","234","66","1009","1630","0","61.9","43.5"
"66","000","00","017","1701","0574","851","656","195","37","888","1532","0","57.96","42.82"
"66","000","00","017","1701","0575","861","624","237","30","891","1677","0","53.13","37.21"
"66","000","00","017","1701","0576","895","671","224","34","929","1744","0","53.27","38.47"
"66","000","00","017","1701","0577","992","724","268","46","1038","1795","0","57.83","40.33"
"66","000","00","017","1701","0578","652","479","173","31","683","1171","0","58.33","40.91"
"66","000","00","017","1701","0579","791","581","210","26","817","1427","0","57.25","40.71"
"66","000","00","017","1702","0000","782","581","201","27","809","1306","0","61.94","44.49"
"66","000","00","017","1702","0570","782","581","201","27","809","1306","0","61.94","44.49"
"66","000","00","017","1703","0000","1364","1020","344","84","1448","2287","0","63.31","44.6"
"66","000","00","017","1703","0571","664","494","170","34","698","1128","0","61.88","43.79"
"66","000","00","017","1703","0572","700","526","174","50","750","1159","0","64.71","45.38"
"66","000","00","017","1704","0000","5608","4207","1401","275","5883","10187","0","57.75","41.3"
"66","000","00","017","1704","0580","928","699","229","63","991","1709","0","57.99","40.9"
"66","000","00","017","1704","0581","946","709","237","45","991","1723","0","57.52","41.15"
"66","000","00","017","1704","0582","935","714","221","46","981","1782","0","55.05","40.07"
"66","000","00","017","1704","0583","742","555","187","28","770","1407","0","54.73","39.45"
"66","000","00","017","1704","0584","1032","746","286","32","1064","1771","0","60.08","42.12"
"66","000","00","017","1704","0585","1025","784","241","61","1086","1795","0","60.5","43.68"
"66","000","00","017","1705","0000","2960","2148","812","100","3060","5195","0","58.9","41.35"
"66","000","00","017","1705","0586","983","731","252","35","1018","1612","0","63.15","45.35"
"66","000","00","017","1705","0587","1039","747","292","27","1066","1894","0","56.28","39.44"
"66","000","00","017","1705","0588","938","670","268","38","976","1689","0","57.79","39.67"
"66","000","00","017","1706","0000","5230","3869","1361","197","5427","9343","0","58.09","41.41"
"66","000","00","017","1706","0599","958","737","221","40","998","1666","0","59.9","44.24"
"66","000","00","017","1706","0600","943","693","250","48","991","1750","0","56.63","39.6"
"66","000","00","017","1706","0601","789","603","186","29","818","1437","0","56.92","41.96"
"66","000","00","017","1706","0602","962","708","254","34","996","1735","0","57.41","40.81"
"66","000","00","017","1706","0603","891","642","249","25","916","1612","0","56.82","39.83"
"66","000","00","017","1706","0604","687","486","201","21","708","1143","0","61.94","42.52"
"66","000","00","017","1707","0000","6671","5030","1641","258","6929","11996","0","57.76","41.93"
"66","000","00","017","1707","0605","1133","866","267","39","1172","2096","0","55.92","41.32"
"66","000","00","017","1707","0606","903","664","239","38","941","1549","0","60.75","42.87"
"66","000","00","017","1707","0607","925","712","213","29","954","1573","0","60.65","45.26"
"66","000","00","017","1707","0608","841","659","182","36","877","1585","0","55.33","41.58"
"66","000","00","017","1707","0609","849","625","224","23","872","1572","0","55.47","39.76"
"66","000","00","017","1707","0610","1016","751","265","42","1058","1738","0","60.87","43.21"
"66","000","00","017","1707","0611","1004","753","251","51","1055","1883","0","56.03","39.99"
"66","000","00","017","1708","0000","1647","1248","399","66","1713","2753","0","62.22","45.33"
"66","000","00","017","1708","0612","845","647","198","33","878","1401","0","62.67","46.18"
"66","000","00","017","1708","0613","802","601","201","33","835","1352","0","61.76","44.45"
"66","000","00","017","1709","0000","3263","2467","796","145","3408","5805","0","58.71","42.5"
"66","000","00","017","1709","0614","1183","923","260","59","1242","2085","0","59.57","44.27"
"66","000","00","017","1709","0615","1175","889","286","67","1242","2047","0","60.67","43.43"
"66","000","00","017","1709","0616","905","655","250","19","924","1673","0","55.23","39.15"
"66","000","00","017","1710","0000","2538","1854","684","112","2650","4599","0","57.62","40.31"
"66","000","00","017","1710","0617","1044","760","284","73","1117","1874","0","59.61","40.55"
"66","000","00","017","1710","0618","618","463","155","22","640","1051","0","60.89","44.05"
"66","000","00","017","1710","0619","876","631","245","17","893","1674","0","53.35","37.69"
"66","000","00","017","1711","0000","2104","1572","532","106","2210","3834","0","57.64","41.0"
"66","000","00","017","1711","0620","1024","773","251","61","1085","1831","0","59.26","42.22"
"66","000","00","017","1711","0621","1080","799","281","45","1125","2003","0","56.17","39.89"
"66","000","00","017","1712","0000","884","700","184","36","920","1535","0","59.93","45.6"
"66","000","00","017","1712","0622","884","700","184","36","920","1535","0","59.93","45.6"
"66","000","00","017","1713","0000","2064","1599","465","119","2183","4147","0","52.64","38.56"
"66","000","00","017","1713","0623","1100","841","259","78","1178","2286","0","51.53","36.79"
"66","000","00","017","1713","0624","964","758","206","41","1005","1861","0","54.0","40.73"
"66","000","00","017","1714","0000","2351","1846","505","120","2471","4347","0","56.84","42.47"
"66","000","00","017","1714","0589","792","582","210","35","827","1525","0","54.23","38.16"
"66","000","00","017","1714","0590","883","654","229","36","919","1622","0","56.66","40.32"
"66","000","00","017","1714","0591","676","610","66","49","725","1200","0","60.42","50.83"
"66","000","00","017","1715","0000","3632","2680","952","122","3754","6729","0","55.79","39.83"
"66","000","00","017","1715","0592","736","544","192","17","753","1355","0","55.57","40.15"
"66","000","00","017","1715","0593","957","682","275","26","983","1777","0","55.32","38.38"
"66","000","00","017","1715","0594","1060","776","284","36","1096","1923","0","56.99","40.35"
"66","000","00","017","1715","0595","879","678","201","43","922","1674","0","55.08","40.5"
"66","000","00","017","1716","0000","2567","1884","683","105","2672","4448","0","60.07","42.36"
"66","000","00","017","1716","0596","884","636","248","24","908","1451","0","62.58","43.83"
"66","000","00","017","1716","0597","840","623","217","42","882","1486","0","59.35","41.92"
"66","000","00","017","1716","0598","843","625","218","39","882","1511","0","58.37","41.36"
"66","000","00","018","0000","0000","42726","31639","11087","1836","44562","77189","95703","57.73","40.99"
"66","000","00","018","1801","0000","2605","1879","726","85","2690","4378","0","61.44","42.92"
"66","000","00","018","1801","0527","912","650","262","32","944","1537","0","61.42","42.29"
"66","000","00","018","1801","0528","879","649","230","28","907","1439","0","63.03","45.1"
"66","000","00","018","1801","0529","814","580","234","25","839","1402","0","59.84","41.37"
"66","000","00","018","1802","0000","5250","3930","1320","230","5480","9096","0","60.25","43.21"
"66","000","00","018","1802","0553","965","744","221","42","1007","1568","0","64.22","47.45"
"66","000","00","018","1802","0554","948","669","279","36","984","1761","0","55.88","37.99"
"66","000","00","018","1802","0555","1031","779","252","42","1073","1752","0","61.24","44.46"
"66","000","00","018","1802","0556","731","544","187","30","761","1264","0","60.21","43.04"
"66","000","00","018","1802","0557","786","614","172","32","818","1302","0","62.83","47.16"
"66","000","00","018","1802","0558","789","580","209","48","837","1449","0","57.76","40.03"
"66","000","00","018","1803","0000","3410","2582","828","175","3585","6169","0","58.11","41.85"
"66","000","00","018","1803","0559","937","702","235","63","1000","1621","0","61.69","43.31"
"66","000","00","018","1803","0560","879","686","193","49","928","1647","0","56.34","41.65"
"66","000","00","018","1803","0561","786","593","193","39","825","1441","0","57.25","41.15"
"66","000","00","018","1803","0562","808","601","207","24","832","1460","0","56.99","41.16"
"66","000","00","018","1804","0000","1899","1456","443","103","2002","3203","0","62.5","45.46"
"66","000","00","018","1804","0563","1071","829","242","58","1129","1832","0","61.63","45.25"
"66","000","00","018","1804","0564","828","627","201","45","873","1371","0","63.68","45.73"
"66","000","00","018","1805","0000","1847","1466","381","107","1954","3617","0","54.02","40.53"
"66","000","00","018","1805","0568","947","759","188","50","997","1733","0","57.53","43.8"
"66","000","00","018","1805","0569","900","707","193","57","957","1884","0","50.8","37.53"
"66","000","00","018","1806","0000","2372","1767","605","88","2460","4226","0","58.21","41.81"
"66","000","00","018","1806","0565","761","577","184","13","774","1418","0","54.58","40.69"
"66","000","00","018","1806","0566","864","642","222","37","901","1473","0","61.17","43.58"
"66","000","00","018","1806","0567","747","548","199","38","785","1335","0","58.8","41.05"
"66","000","00","018","1807","0000","2968","2211","757","143","3111","5183","0","60.02","42.66"
"66","000","00","018","1807","0533","1074","831","243","46","1120","1887","0","59.35","44.04"
"66","000","00","018","1807","0534","867","609","258","45","912","1480","0","61.62","41.15"
"66","000","00","018","1807","0535","1027","771","256","52","1079","1816","0","59.42","42.46"
"66","000","00","018","1808","0000","2582","1987","595","140","2722","4728","0","57.57","42.03"
"66","000","00","018","1808","0542","888","704","184","47","935","1635","0","57.19","43.06"
"66","000","00","018","1808","0543","877","655","222","52","929","1565","0","59.36","41.85"
"66","000","00","018","1808","0544","817","628","189","41","858","1528","0","56.15","41.1"
"66","000","00","018","1809","0000","3195","2408","787","100","3295","6020","0","54.73","40.0"
"66","000","00","018","1809","0545","1047","813","234","33","1080","1963","0","55.02","41.42"
"66","000","00","018","1809","0546","1074","792","282","37","1111","2073","0","53.59","38.21"
"66","000","00","018","1809","0547","1074","803","271","30","1104","1984","0","55.65","40.47"
"66","000","00","018","1810","0000","3163","2369","794","124","3287","5882","0","55.88","40.28"
"66","000","00","018","1810","0536","943","684","259","36","979","1898","0","51.58","36.04"
"66","000","00","018","1810","0537","1106","851","255","44","1150","2008","0","57.27","42.38"
"66","000","00","018","1810","0538","1114","834","280","44","1158","1976","0","58.6","42.21"
"66","000","00","018","1811","0000","2625","1541","1084","74","2699","4464","0","60.46","34.52"
"66","000","00","018","1811","0539","956","691","265","27","983","1673","0","58.76","41.3"
"66","000","00","018","1811","0540","855","639","216","30","885","1409","0","62.81","45.35"
"66","000","00","018","1811","0541","814","211","603","17","831","1382","0","60.13","15.27"
"66","000","00","018","1812","0000","3139","2301","838","122","3261","5906","0","55.22","38.96"
"66","000","00","018","1812","0524","1122","859","263","52","1174","2027","0","57.92","42.38"
"66","000","00","018","1812","0525","1008","725","283","34","1042","1967","0","52.97","36.86"
"66","000","00","018","1812","0526","1009","717","292","36","1045","1912","0","54.65","37.5"
"66","000","00","018","1813","0000","3192","2320","872","141","3333","5941","0","56.1","39.05"
"66","000","00","018","1813","0530","1055","755","300","33","1088","2013","0","54.05","37.51"
"66","000","00","018","1813","0531","1061","782","279","59","1120","1917","0","58.42","40.79"
"66","000","00","018","1813","0532","1076","783","293","49","1125","2011","0","55.94","38.94"
"66","000","00","018","1814","0000","2675","2030","645","118","2793","4776","0","58.48","42.5"
"66","000","00","018","1814","0548","922","701","221","31","953","1688","0","56.46","41.53"
"66","000","00","018","1814","0549","770","586","184","32","802","1387","0","57.82","42.25"
"66","000","00","018","1814","0550","983","743","240","55","1038","1701","0","61.02","43.68"
"66","000","00","018","1815","0000","1804","1392","412","86","1890","3600","0","52.5","38.67"
"66","000","00","018","1815","0551","944","727","217","41","985","1721","0","57.23","42.24"
"66","000","00","018","1815","0552","860","665","195","45","905","1879","0","48.16","35.39"
"66","000","00","019","0000","0000","10688","8396","2292","611","11299","20860","24605","54.17","40.25"
"66","000","00","019","1901","0000","1821","1397","424","68","1889","3259","0","57.96","42.87"
"66","000","00","019","1901","1562","571","459","112","21","592","1011","0","58.56","45.4"
"66","000","00","019","1901","1563","603","440","163","23","626","1195","0","52.38","36.82"
"66","000","00","019","1901","1564","647","498","149","24","671","1053","0","63.72","47.29"
"66","000","00","019","1902","0000","905","713","192","37","942","1880","0","50.11","37.93"
"66","000","00","019","1902","1565","426","340","86","27","453","961","0","47.14","35.38"
"66","000","00","019","1902","1566","479","373","106","10","489","919","0","53.21","40.59"
"66","000","00","019","1903","0000","794","636","158","50","844","1367","0","61.74","46.53"
"66","000","00","019","1903","1567","794","636","158","50","844","1367","0","61.74","46.53"
"66","000","00","019","1904","0000","531","409","122","26","557","1010","0","55.15","40.5"
"66","000","00","019","1904","1568","531","409","122","26","557","1010","0","55.15","40.5"
"66","000","00","019","1905","0000","523","404","119","59","582","1169","0","49.79","34.56"
"66","000","00","019","1905","1569","523","404","119","59","582","1169","0","49.79","34.56"
"66","000","00","019","1906","0000","1027","794","233","50","1077","1883","0","57.2","42.17"
"66","000","00","019","1906","1570","529","406","123","36","565","989","0","57.13","41.05"
"66","000","00","019","1906","1571","498","388","110","14","512","894","0","57.27","43.4"
"66","000","00","019","1907","0000","1446","1162","284","76","1522","2936","0","51.84","39.58"
"66","000","00","019","1907","1572","573","488","85","29","602","1033","0","58.28","47.24"
"66","000","00","019","1907","1573","460","356","104","27","487","1058","0","46.03","33.65"
"66","000","00","019","1907","1574","413","318","95","20","433","845","0","51.24","37.63"
"66","000","00","019","1908","0000","357","290","67","32","389","576","0","67.53","50.35"
"66","000","00","019","1908","1575","357","290","67","32","389","576","0","67.53","50.35"
"66","000","00","019","1909","0000","1398","1074","324","84","1482","2900","0","51.1","37.03"
"66","000","00","019","1909","1576","595","463","132","34","629","1229","0","51.18","37.67"
"66","000","00","019","1909","1577","404","296","108","23","427","890","0","47.98","33.26"
"66","000","00","019","1909","1578","399","315","84","27","426","781","0","54.55","40.33"
"66","000","00","019","1910","0000","631","491","140","50","681","1244","0","54.74","39.47"
"66","000","00","019","1910","1579","631","491","140","50","681","1244","0","54.74","39.47"
"66","000","00","019","1911","0000","365","291","74","38","403","889","0","45.33","32.73"
"66","000","00","019","1911","1580","68","55","13","12","80","213","0","37.56","25.82"
"66","000","00","019","1911","1581","297","236","61","26","323","676","0","47.78","34.91"
"66","000","00","019","1912","0000","270","221","49","14","284","585","0","48.55","37.78"
"66","000","00","019","1912","1582","270","221","49","14","284","585","0","48.55","37.78"
"66","000","00","019","1913","0000","620","514","106","27","647","1162","0","55.68","44.23"
"66","000","00","019","1913","1583","513","419","94","23","536","938","0","57.14","44.67"
"66","000","00","019","1913","1584","107","95","12","4","111","224","0","49.55","42.41"
"66","000","00","020","0000","0000","7173","5561","1612","474","7647","12880","14968","59.37","43.18"
"66","000","00","020","2001","0000","690","518","172","34","724","1244","0","58.2","41.64"
"66","000","00","020","2001","1552","690","518","172","34","724","1244","0","58.2","41.64"
"66","000","00","020","2002","0000","820","645","175","48","868","1539","0","56.4","41.91"
"66","000","00","020","2002","1553","820","645","175","48","868","1539","0","56.4","41.91"
"66","000","00","020","2003","0000","675","523","152","42","717","1202","0","59.65","43.51"
"66","000","00","020","2003","1554","675","523","152","42","717","1202","0","59.65","43.51"
"66","000","00","020","2004","0000","637","495","142","60","697","1272","0","54.8","38.92"
"66","000","00","020","2004","1555","637","495","142","60","697","1272","0","54.8","38.92"
"66","000","00","020","2005","0000","350","279","71","41","391","652","0","59.97","42.79"
"66","000","00","020","2005","1556","350","279","71","41","391","652","0","59.97","42.79"
"66","000","00","020","2006","0000","883","679","204","77","960","1457","0","65.89","46.6"
"66","000","00","020","2006","1557","883","679","204","77","960","1457","0","65.89","46.6"
"66","000","00","020","2007","0000","986","746","240","61","1047","1836","0","57.03","40.63"
"66","000","00","020","2007","1558","986","746","240","61","1047","1836","0","57.03","40.63"
"66","000","00","020","2008","0000","560","439","121","27","587","1001","0","58.64","43.86"
"66","000","00","020","2008","1559","560","439","121","27","587","1001","0","58.64","43.86"
"66","000","00","020","2009","0000","843","676","167","49","892","1448","0","61.6","46.69"
"66","000","00","020","2009","1560","843","676","167","49","892","1448","0","61.6","46.69"
"66","000","00","020","2010","0000","729","561","168","35","764","1229","0","62.16","45.65"
"66","000","00","020","2010","1561","729","561","168","35","764","1229","0","62.16","45.65"
"66","000","00","021","0000","0000","15146","11728","3418","787","15933","27059","32202","58.88","43.34"
"66","000","00","021","2101","0000","564","436","128","37","601","1059","0","56.75","41.17"
"66","000","00","021","2101","0071","564","436","128","37","601","1059","0","56.75","41.17"
"66","000","00","021","2102","0000","1272","980","292","57","1329","2163","0","61.44","45.31"
"66","000","00","021","2102","0072","588","452","136","22","610","1013","0","60.22","44.62"
"66","000","00","021","2102","0073","684","528","156","35","719","1150","0","62.52","45.91"
"66","000","00","021","2103","0000","1006","791","215","65","1071","1902","0","56.31","41.59"
"66","000","00","021","2103","0081","1006","791","215","65","1071","1902","0","56.31","41.59"
"66","000","00","021","2104","0000","2747","2144","603","122","2869","4635","0","61.9","46.26"
"66","000","00","021","2104","0074","1139","880","259","42","1181","1855","0","63.67","47.44"
"66","000","00","021","2104","0075","761","598","163","40","801","1327","0","60.36","45.06"
"66","000","00","021","2104","0076","847","666","181","40","887","1453","0","61.05","45.84"
"66","000","00","021","2105","0000","2086","1583","503","112","2198","3446","0","63.78","45.94"
"66","000","00","021","2105","0082","699","531","168","35","734","1138","0","64.5","46.66"
"66","000","00","021","2105","0083","635","493","142","48","683","1065","0","64.13","46.29"
"66","000","00","021","2105","0084","752","559","193","29","781","1243","0","62.83","44.97"
"66","000","00","021","2106","0000","3411","2665","746","159","3570","6297","0","56.69","42.32"
"66","000","00","021","2106","0077","880","693","187","50","930","1653","0","56.26","41.92"
"66","000","00","021","2106","0078","838","663","175","38","876","1615","0","54.24","41.05"
"66","000","00","021","2106","0079","792","614","178","29","821","1470","0","55.85","41.77"
"66","000","00","021","2106","0080","901","695","206","42","943","1559","0","60.49","44.58"
"66","000","00","021","2107","0000","748","593","155","47","795","1391","0","57.15","42.63"
"66","000","00","021","2107","0088","748","593","155","47","795","1391","0","57.15","42.63"
"66","000","00","021","2108","0000","763","602","161","31","794","1216","0","65.3","49.51"
"66","000","00","021","2108","0087","763","602","161","31","794","1216","0","65.3","49.51"
"66","000","00","021","2109","0000","1124","833","291","67","1191","2131","0","55.89","39.09"
"66","000","00","021","2109","0085","497","364","133","33","530","962","0","55.09","37.84"
"66","000","00","021","2109","0086","627","469","158","34","661","1169","0","56.54","40.12"
"66","000","00","021","2110","0000","861","678","183","55","916","1616","0","56.68","41.96"
"66","000","00","021","2110","0089","861","678","183","55","916","1616","0","56.68","41.96"
"66","000","00","021","2111","0000","564","423","141","35","599","1203","0","49.79","35.16"
"66","000","00","021","2111","0090","564","423","141","35","599","1203","0","49.79","35.16"
"66","000","00","022","0000","0000","9153","7095","2058","626","9779","16520","19250","59.19","42.95"
"66","000","00","022","2201","0000","522","419","103","48","570","1068","0","53.37","39.23"
"66","000","00","022","2201","0055","522","419","103","48","570","1068","0","53.37","39.23"
"66","000","00","022","2202","0000","575","449","126","42","617","1050","0","58.76","42.76"
"66","000","00","022","2202","0056","575","449","126","42","617","1050","0","58.76","42.76"
"66","000","00","022","2203","0000","1450","1108","342","103","1553","2643","0","58.76","41.92"
"66","000","00","022","2203","0057","713","540","173","58","771","1246","0","61.88","43.34"
"66","000","00","022","2203","0058","737","568","169","45","782","1397","0","55.98","40.66"
"66","000","00","022","2204","0000","891","700","191","52","943","1581","0","59.65","44.28"
"66","000","00","022","2204","0061","572","445","127","24","596","914","0","65.21","48.69"
"66","000","00","022","2204","0062","319","255","64","28","347","667","0","52.02","38.23"
"66","000","00","022","2205","0000","635","503","132","57","692","1170","0","59.15","42.99"
"66","000","00","022","2205","0060","635","503","132","57","692","1170","0","59.15","42.99"
"66","000","00","022","2206","0000","712","546","166","54","766","1227","0","62.43","44.5"
"66","000","00","022","2206","0059","712","546","166","54","766","1227","0","62.43","44.5"
"66","000","00","022","2207","0000","451","338","113","36","487","890","0","54.72","37.98"
"66","000","00","022","2207","0063","451","338","113","36","487","890","0","54.72","37.98"
"66","000","00","022","2208","0000","919","716","203","60","979","1744","0","56.14","41.06"
"66","000","00","022","2208","0064","691","544","147","45","736","1289","0","57.1","42.2"
"66","000","00","022","2208","0065","228","172","56","15","243","455","0","53.41","37.8"
"66","000","00","022","2209","0000","573","466","107","25","598","1028","0","58.17","45.33"
"66","000","00","022","2209","0066","573","466","107","25","598","1028","0","58.17","45.33"
"66","000","00","022","2210","0000","814","615","199","57","871","1446","0","60.24","42.53"
"66","000","00","022","2210","0067","814","615","199","57","871","1446","0","60.24","42.53"
"66","000","00","022","2211","0000","1031","803","228","67","1098","1750","0","62.74","45.89"
"66","000","00","022","2211","0068","420","333","87","28","448","688","0","65.12","48.4"
"66","000","00","022","2211","0069","611","470","141","39","650","1062","0","61.21","44.26"
"66","000","00","022","2212","0000","580","432","148","25","605","923","0","65.55","46.8"
"66","000","00","022","2212","0070","580","432","148","25","605","923","0","65.55","46.8"
"66","000","00","023","0000","0000","34309","25322","8987","1983","36292","61705","75275","58.82","41.04"
"66","000","00","023","2301","0000","4824","3554","1270","260","5084","8455","0","60.13","42.03"
"66","000","00","023","2301","0317","880","648","232","53","933","1480","0","63.04","43.78"
"66","000","00","023","2301","0318","1069","778","291","64","1133","1841","0","61.54","42.26"
"66","000","00","023","2301","0319","950","679","271","49","999","1751","0","57.05","38.78"
"66","000","00","023","2301","0320","895","676","219","56","951","1547","0","61.47","43.7"
"66","000","00","023","2301","0321","1030","773","257","38","1068","1836","0","58.17","42.1"
"66","000","00","023","2302","0000","1454","1052","402","123","1577","2534","0","62.23","41.52"
"66","000","00","023","2302","0322","754","542","212","77","831","1239","0","67.07","43.74"
"66","000","00","023","2302","0323","700","510","190","46","746","1295","0","57.61","39.38"
"66","000","00","023","2303","0000","2535","1839","696","135","2670","4707","0","56.72","39.07"
"66","000","00","023","2303","0324","693","489","204","23","716","1263","0","56.69","38.72"
"66","000","00","023","2303","0325","877","600","277","37","914","1622","0","56.35","36.99"
"66","000","00","023","2303","0326","965","750","215","75","1040","1822","0","57.08","41.16"
"66","000","00","023","2304","0000","2673","1938","735","145","2818","4813","0","58.55","40.27"
"66","000","00","023","2304","0327","1040","758","282","66","1106","1966","0","56.26","38.56"
"66","000","00","023","2304","0328","911","677","234","44","955","1615","0","59.13","41.92"
"66","000","00","023","2304","0329","722","503","219","35","757","1232","0","61.44","40.83"
"66","000","00","023","2305","0000","1311","994","317","66","1377","2512","0","54.82","39.57"
"66","000","00","023","2305","0330","715","553","162","34","749","1347","0","55.61","41.05"
"66","000","00","023","2305","0331","596","441","155","32","628","1165","0","53.91","37.85"
"66","000","00","023","2306","0000","7171","5273","1898","344","7515","12812","0","58.66","41.16"
"66","000","00","023","2306","0332","955","696","259","46","1001","1664","0","60.16","41.83"
"66","000","00","023","2306","0333","736","555","181","38","774","1230","0","62.93","45.12"
"66","000","00","023","2306","0334","932","722","210","67","999","1574","0","63.47","45.87"
"66","000","00","023","2306","0335","889","631","258","37","926","1452","0","63.77","43.46"
"66","000","00","023","2306","0336","979","747","232","41","1020","1879","0","54.28","39.76"
"66","000","00","023","2306","0337","895","649","246","32","927","1601","0","57.9","40.54"
"66","000","00","023","2306","0338","920","667","253","37","957","1546","0","61.9","43.14"
"66","000","00","023","2306","0339","865","606","259","46","911","1866","0","48.82","32.48"
"66","000","00","023","2307","0000","4125","2936","1189","215","4340","7449","0","58.26","39.41"
"66","000","00","023","2307","0340","1104","830","274","61","1165","1938","0","60.11","42.83"
"66","000","00","023","2307","0341","972","705","267","55","1027","1759","0","58.39","40.08"
"66","000","00","023","2307","0342","1068","661","407","68","1136","2061","0","55.12","32.07"
"66","000","00","023","2307","0343","981","740","241","31","1012","1691","0","59.85","43.76"
"66","000","00","023","2308","0000","1366","1055","311","71","1437","2260","0","63.58","46.68"
"66","000","00","023","2308","0344","643","495","148","36","679","1039","0","65.35","47.64"
"66","000","00","023","2308","0345","723","560","163","35","758","1221","0","62.08","45.86"
"66","000","00","023","2309","0000","951","704","247","57","1008","1650","0","61.09","42.67"
"66","000","00","023","2309","0346","951","704","247","57","1008","1650","0","61.09","42.67"
"66","000","00","023","2310","0000","1270","946","324","73","1343","2157","0","62.26","43.86"
"66","000","00","023","2310","0347","566","433","133","37","603","937","0","64.35","46.21"
"66","000","00","023","2310","0348","704","513","191","36","740","1220","0","60.66","42.05"
"66","000","00","023","2311","0000","1050","782","268","98","1148","2139","0","53.67","36.56"
"66","000","00","023","2311","0349","1050","782","268","98","1148","2139","0","53.67","36.56"
"66","000","00","023","2312","0000","2423","1814","609","167","2590","4356","0","59.46","41.64"
"66","000","00","023","2312","0350","830","630","200","61","891","1371","0","64.99","45.95"
"66","000","00","023","2312","0351","699","530","169","54","753","1277","0","58.97","41.5"
"66","000","00","023","2312","0352","894","654","240","52","946","1708","0","55.39","38.29"
"66","000","00","023","2313","0000","1106","869","237","51","1157","2048","0","56.49","42.43"
"66","000","00","023","2313","0353","1106","869","237","51","1157","2048","0","56.49","42.43"
"66","000","00","023","2314","0000","854","645","209","57","911","1632","0","55.82","39.52"
"66","000","00","023","2314","0354","854","645","209","57","911","1632","0","55.82","39.52"
"66","000","00","023","2315","0000","747","561","186","62","809","1327","0","60.96","42.28"
"66","000","00","023","2315","0355","747","561","186","62","809","1327","0","60.96","42.28"
"66","000","00","023","2316","0000","449","360","89","59","508","854","0","59.48","42.15"
"66","000","00","023","2316","0356","449","360","89","59","508","854","0","59.48","42.15"
"66","000","00","024","0000","0000","26303","20041","6262","1498","27801","47457","57267","58.58","42.23"
"66","000","00","024","2401","0000","2329","1799","530","152","2481","4327","0","57.34","41.58"
"66","000","00","024","2401","0284","769","599","170","42","811","1415","0","57.31","42.33"
"66","000","00","024","2401","0285","706","530","176","42","748","1392","0","53.74","38.07"
"66","000","00","024","2401","0286","854","670","184","68","922","1520","0","60.66","44.08"
"66","000","00","024","2402","0000","532","399","133","51","583","862","0","67.63","46.29"
"66","000","00","024","2402","0287","532","399","133","51","583","862","0","67.63","46.29"
"66","000","00","024","2403","0000","2033","1549","484","114","2147","3558","0","60.34","43.54"
"66","000","00","024","2403","0288","748","572","176","33","781","1256","0","62.18","45.54"
"66","000","00","024","2403","0289","705","530","175","43","748","1292","0","57.89","41.02"
"66","000","00","024","2403","0290","580","447","133","38","618","1010","0","61.19","44.26"
"66","000","00","024","2404","0000","847","621","226","71","918","1485","0","61.82","41.82"
"66","000","00","024","2404","0291","847","621","226","71","918","1485","0","61.82","41.82"
"66","000","00","024","2405","0000","1424","1096","328","91","1515","2440","0","62.09","44.92"
"66","000","00","024","2405","0292","731","567","164","38","769","1190","0","64.62","47.65"
"66","000","00","024","2405","0293","693","529","164","53","746","1250","0","59.68","42.32"
"66","000","00","024","2406","0000","1424","1070","354","95","1519","2604","0","58.33","41.09"
"66","000","00","024","2406","0294","734","546","188","46","780","1310","0","59.54","41.68"
"66","000","00","024","2406","0295","690","524","166","49","739","1294","0","57.11","40.49"
"66","000","00","024","2407","0000","1740","1346","394","109","1849","3050","0","60.62","44.13"
"66","000","00","024","2407","0296","1046","809","237","52","1098","1734","0","63.32","46.66"
"66","000","00","024","2407","0297","694","537","157","57","751","1316","0","57.07","40.81"
"66","000","00","024","2408","0000","1265","933","332","66","1331","2127","0","62.58","43.86"
"66","000","00","024","2408","0298","469","348","121","41","510","854","0","59.72","40.75"
"66","000","00","024","2408","0299","796","585","211","25","821","1273","0","64.49","45.95"
"66","000","00","024","2409","0000","519","405","114","18","537","851","0","63.1","47.59"
"66","000","00","024","2409","0300","519","405","114","18","537","851","0","63.1","47.59"
"66","000","00","024","2410","0000","884","703","181","35","919","1629","0","56.41","43.16"
"66","000","00","024","2410","0301","884","703","181","35","919","1629","0","56.41","43.16"
"66","000","00","024","2411","0000","893","688","205","65","958","1709","0","56.06","40.26"
"66","000","00","024","2411","0302","893","688","205","65","958","1709","0","56.06","40.26"
"66","000","00","024","2412","0000","489","378","111","32","521","953","0","54.67","39.66"
"66","000","00","024","2412","0303","489","378","111","32","521","953","0","54.67","39.66"
"66","000","00","024","2413","0000","776","600","176","38","814","1336","0","60.93","44.91"
"66","000","00","024","2413","0304","776","600","176","38","814","1336","0","60.93","44.91"
"66","000","00","024","2414","0000","3928","2965","963","209","4137","7282","0","56.81","40.72"
"66","000","00","024","2414","0305","1069","802","267","76","1145","2113","0","54.19","37.96"
"66","000","00","024","2414","0306","949","711","238","74","1023","1730","0","59.13","41.1"
"66","000","00","024","2414","0307","934","676","258","21","955","1692","0","56.44","39.95"
"66","000","00","024","2414","0308","976","776","200","38","1014","1747","0","58.04","44.42"
"66","000","00","024","2415","0000","2696","2051","645","142","2838","5020","0","56.53","40.86"
"66","000","00","024","2415","0309","902","700","202","58","960","1672","0","57.42","41.87"
"66","000","00","024","2415","0310","872","627","245","43","915","1675","0","54.63","37.43"
"66","000","00","024","2415","0311","922","724","198","41","963","1673","0","57.56","43.28"
"66","000","00","024","2416","0000","2539","1927","612","124","2663","4732","0","56.28","40.72"
"66","000","00","024","2416","0312","946","710","236","36","982","1636","0","60.02","43.4"
"66","000","00","024","2416","0313","896","677","219","61","957","1753","0","54.59","38.62"
"66","000","00","024","2416","0314","697","540","157","27","724","1343","0","53.91","40.21"
"66","000","00","024","2417","0000","1985","1511","474","86","2071","3492","0","59.31","43.27"
"66","000","00","024","2417","0315","984","750","234","52","1036","1822","0","56.86","41.16"
"66","000","00","024","2417","0316","1001","761","240","34","1035","1670","0","61.98","45.57"
"66","000","00","025","0000","0000","34372","25559","8813","1738","36110","63584","77922","56.79","40.2"
"66","000","00","025","2501","0000","1701","1282","419","104","1805","3033","0","59.51","42.27"
"66","000","00","025","2501","0239","1000","738","262","62","1062","1758","0","60.41","41.98"
"66","000","00","025","2501","0240","701","544","157","42","743","1275","0","58.27","42.67"
"66","000","00","025","2502","0000","1379","1072","307","68","1447","2782","0","52.01","38.53"
"66","000","00","025","2502","0241","672","535","137","24","696","1379","0","50.47","38.8"
"66","000","00","025","2502","0242","707","537","170","44","751","1403","0","53.53","38.28"
"66","000","00","025","2503","0000","1055","808","247","65","1120","1875","0","59.73","43.09"
"66","000","00","025","2503","0243","539","410","129","33","572","974","0","58.73","42.09"
"66","000","00","025","2503","0244","516","398","118","32","548","901","0","60.82","44.17"
"66","000","00","025","2504","0000","1830","1335","495","120","1950","3388","0","57.56","39.4"
"66","000","00","025","2504","0245","918","674","244","71","989","1779","0","55.59","37.89"
"66","000","00","025","2504","0246","912","661","251","49","961","1609","0","59.73","41.08"
"66","000","00","025","2505","0000","527","405","122","22","549","1038","0","52.89","39.02"
"66","000","00","025","2505","0247","527","405","122","22","549","1038","0","52.89","39.02"
"66","000","00","025","2506","0000","1302","976","326","88","1390","2249","0","61.81","43.4"
"66","000","00","025","2506","0248","764","569","195","52","816","1328","0","61.45","42.85"
"66","000","00","025","2506","0249","538","407","131","36","574","921","0","62.32","44.19"
"66","000","00","025","2507","0000","2490","1907","583","138","2628","5028","0","52.27","37.93"
"66","000","00","025","2507","0250","796","588","208","45","841","1609","0","52.27","36.54"
"66","000","00","025","2507","0251","593","457","136","27","620","1227","0","50.53","37.25"
"66","000","00","025","2507","0252","684","550","134","46","730","1278","0","57.12","43.04"
"66","000","00","025","2507","0253","417","312","105","20","437","914","0","47.81","34.14"
"66","000","00","025","2508","0000","1396","1037","359","74","1470","2911","0","50.5","35.62"
"66","000","00","025","2508","0254","788","581","207","34","822","1678","0","48.99","34.62"
"66","000","00","025","2508","0255","608","456","152","40","648","1233","0","52.55","36.98"
"66","000","00","025","2509","0000","2626","1994","632","146","2772","4945","0","56.06","40.32"
"66","000","00","025","2509","0256","811","608","203","42","853","1520","0","56.12","40.0"
"66","000","00","025","2509","0257","977","753","224","25","1002","1905","0","52.6","39.53"
"66","000","00","025","2509","0258","838","633","205","79","917","1520","0","60.33","41.64"
"66","000","00","025","2510","0000","3028","2274","754","147","3175","5692","0","55.78","39.95"
"66","000","00","025","2510","0259","699","533","166","51","750","1385","0","54.15","38.48"
"66","000","00","025","2510","0260","656","476","180","33","689","1212","0","56.85","39.27"
"66","000","00","025","2510","0261","800","593","207","27","827","1432","0","57.75","41.41"
"66","000","00","025","2510","0262","873","672","201","36","909","1663","0","54.66","40.41"
"66","000","00","025","2511","0000","3863","2840","1023","164","4027","7249","0","55.55","39.18"
"66","000","00","025","2511","0263","724","543","181","39","763","1422","0","53.66","38.19"
"66","000","00","025","2511","0264","778","562","216","39","817","1616","0","50.56","34.78"
"66","000","00","025","2511","0265","806","622","184","45","851","1422","0","59.85","43.74"
"66","000","00","025","2511","0266","676","491","185","20","696","1165","0","59.74","42.15"
"66","000","00","025","2511","0267","879","622","257","21","900","1624","0","55.42","38.3"
"66","000","00","025","2512","0000","1446","1159","287","60","1506","2556","0","58.92","45.34"
"66","000","00","025","2512","0268","877","667","210","33","910","1613","0","56.42","41.35"
"66","000","00","025","2512","0269","569","492","77","27","596","943","0","63.2","52.17"
"66","000","00","025","2513","0000","3296","2484","812","162","3458","6091","0","56.77","40.78"
"66","000","00","025","2513","0270","821","630","191","47","868","1595","0","54.42","39.5"
"66","000","00","025","2513","0271","850","641","209","39","889","1508","0","58.95","42.51"
"66","000","00","025","2513","0272","790","603","187","29","819","1479","0","55.38","40.77"
"66","000","00","025","2513","0273","835","610","225","47","882","1509","0","58.45","40.42"
"66","000","00","025","2514","0000","919","691","228","59","978","1582","0","61.82","43.68"
"66","000","00","025","2514","0274","919","691","228","59","978","1582","0","61.82","43.68"
"66","000","00","025","2515","0000","2726","1963","763","126","2852","4692","0","60.78","41.84"
"66","000","00","025","2515","0280","642","465","177","24","666","1121","0","59.41","41.48"
"66","000","00","025","2515","0281","582","428","154","40","622","987","0","63.02","43.36"
"66","000","00","025","2515","0282","682","478","204","33","715","1206","0","59.29","39.64"
"66","000","00","025","2515","0283","820","592","228","29","849","1378","0","61.61","42.96"
"66","000","00","025","2516","0000","4788","3332","1456","195","4983","8473","0","58.81","39.32"
"66","000","00","025","2516","0275","934","672","262","45","979","1725","0","56.75","38.96"
"66","000","00","025","2516","0276","910","690","220","26","936","1616","0","57.92","42.7"
"66","000","00","025","2516","0277","961","689","272","32","993","1657","0","59.93","41.58"
"66","000","00","025","2516","0278","991","641","350","43","1034","1774","0","58.29","36.13"
"66","000","00","025","2516","0279","992","640","352","49","1041","1701","0","61.2","37.62"
"66","000","00","026","0000","0000","31637","24043","7594","1878","33515","55225","65632","60.69","43.54"
"66","000","00","026","2601","0000","725","553","172","28","753","1205","0","62.49","45.89"
"66","000","00","026","2601","1470","725","553","172","28","753","1205","0","62.49","45.89"
"66","000","00","026","2602","0000","5230","3923","1307","242","5472","9281","0","58.96","42.27"
"66","000","00","026","2602","1471","894","660","234","33","927","1620","0","57.22","40.74"
"66","000","00","026","2602","1472","928","685","243","42","970","1559","0","62.22","43.94"
"66","000","00","026","2602","1473","908","668","240","51","959","1660","0","57.77","40.24"
"66","000","00","026","2602","1474","941","707","234","41","982","1602","0","61.3","44.13"
"66","000","00","026","2602","1475","702","538","164","34","736","1325","0","55.55","40.6"
"66","000","00","026","2602","1476","857","665","192","41","898","1515","0","59.27","43.89"
"66","000","00","026","2603","0000","2531","1918","613","132","2663","4738","0","56.21","40.48"
"66","000","00","026","2603","1477","829","622","207","51","880","1561","0","56.37","39.85"
"66","000","00","026","2603","1478","880","669","211","39","919","1691","0","54.35","39.56"
"66","000","00","026","2603","1479","822","627","195","42","864","1486","0","58.14","42.19"
"66","000","00","026","2604","0000","1391","1078","313","69","1460","2333","0","62.58","46.21"
"66","000","00","026","2604","1480","580","447","133","37","617","975","0","63.28","45.85"
"66","000","00","026","2604","1481","811","631","180","32","843","1358","0","62.08","46.47"
"66","000","00","026","2605","0000","1265","962","303","61","1326","1996","0","66.43","48.2"
"66","000","00","026","2605","1482","733","544","189","28","761","1141","0","66.7","47.68"
"66","000","00","026","2605","1483","532","418","114","33","565","855","0","66.08","48.89"
"66","000","00","026","2606","0000","674","489","185","51","725","1202","0","60.32","40.68"
"66","000","00","026","2606","1484","674","489","185","51","725","1202","0","60.32","40.68"
"66","000","00","026","2607","0000","574","435","139","33","607","1078","0","56.31","40.35"
"66","000","00","026","2607","1485","574","435","139","33","607","1078","0","56.31","40.35"
"66","000","00","026","2608","0000","3434","2555","879","146","3580","5834","0","61.36","43.79"
"66","000","00","026","2608","1486","870","623","247","33","903","1456","0","62.02","42.79"
"66","000","00","026","2608","1487","925","665","260","31","956","1573","0","60.78","42.28"
"66","000","00","026","2608","1488","898","699","199","37","935","1591","0","58.77","43.93"
"66","000","00","026","2608","1489","741","568","173","45","786","1214","0","64.74","46.79"
"66","000","00","026","2609","0000","1752","1363","389","105","1857","2936","0","63.25","46.42"
"66","000","00","026","2609","1508","839","658","181","54","893","1363","0","65.52","48.28"
"66","000","00","026","2609","1509","913","705","208","51","964","1573","0","61.28","44.82"
"66","000","00","026","2610","0000","2147","1616","531","134","2281","3910","0","58.34","41.33"
"66","000","00","026","2610","1490","692","525","167","39","731","1267","0","57.7","41.44"
"66","000","00","026","2610","1491","710","533","177","51","761","1277","0","59.59","41.74"
"66","000","00","026","2610","1492","745","558","187","44","789","1366","0","57.76","40.85"
"66","000","00","026","2611","0000","1160","884","276","74","1234","1857","0","66.45","47.6"
"66","000","00","026","2611","1493","646","493","153","42","688","994","0","69.22","49.6"
"66","000","00","026","2611","1494","514","391","123","32","546","863","0","63.27","45.31"
"66","000","00","026","2612","0000","1317","980","337","92","1409","2436","0","57.84","40.23"
"66","000","00","026","2612","1495","678","500","178","46","724","1274","0","56.83","39.25"
"66","000","00","026","2612","1496","639","480","159","46","685","1162","0","58.95","41.31"
"66","000","00","026","2613","0000","1468","1115","353","108","1576","2574","0","61.23","43.32"
"66","000","00","026","2613","1497","724","558","166","63","787","1252","0","62.86","44.57"
"66","000","00","026","2613","1498","744","557","187","45","789","1322","0","59.68","42.13"
"66","000","00","026","2614","0000","1419","1096","323","116","1535","2642","0","58.1","41.48"
"66","000","00","026","2614","1504","646","487","159","70","716","1314","0","54.49","37.06"
"66","000","00","026","2614","1505","773","609","164","46","819","1328","0","61.67","45.86"
"66","000","00","026","2615","0000","1176","899","277","102","1278","2077","0","61.53","43.28"
"66","000","00","026","2615","1506","535","391","144","52","587","989","0","59.35","39.53"
"66","000","00","026","2615","1507","641","508","133","50","691","1088","0","63.51","46.69"
"66","000","00","026","2616","0000","626","499","127","36","662","1117","0","59.27","44.67"
"66","000","00","026","2616","1510","626","499","127","36","662","1117","0","59.27","44.67"
"66","000","00","026","2617","0000","1432","1102","330","122","1554","2366","0","65.68","46.58"
"66","000","00","026","2617","1511","805","634","171","66","871","1342","0","64.9","47.24"
"66","000","00","026","2617","1512","627","468","159","56","683","1024","0","66.7","45.7"
"66","000","00","026","2618","0000","1352","999","353","100","1452","2272","0","63.91","43.97"
"66","000","00","026","2618","1499","664","493","171","50","714","1116","0","63.98","44.18"
"66","000","00","026","2618","1500","688","506","182","50","738","1156","0","63.84","43.77"
"66","000","00","026","2619","0000","1266","1038","228","91","1357","2075","0","65.4","50.02"
"66","000","00","026","2619","1501","683","557","126","44","727","1147","0","63.38","48.56"
"66","000","00","026","2619","1502","583","481","102","47","630","928","0","67.89","51.83"
"66","000","00","026","2620","0000","698","539","159","36","734","1296","0","56.64","41.59"
"66","000","00","026","2620","1503","698","539","159","36","734","1296","0","56.64","41.59"
"66","000","00","027","0000","0000","83278","62027","21251","3818","87096","157926","191097","55.15","39.28"
"66","000","00","027","2701","0000","2850","2153","697","170","3020","5448","0","55.43","39.52"
"66","000","00","027","2701","1271","943","715","228","58","1001","1821","0","54.97","39.26"
"66","000","00","027","2701","1272","845","637","208","43","888","1680","0","52.86","37.92"
"66","000","00","027","2701","1273","1062","801","261","69","1131","1947","0","58.09","41.14"
"66","000","00","027","2702","0000","3052","2269","783","143","3195","5757","0","55.5","39.41"
"66","000","00","027","2702","1274","1099","853","246","48","1147","1910","0","60.05","44.66"
"66","000","00","027","2702","1275","973","719","254","44","1017","1894","0","53.7","37.96"
"66","000","00","027","2702","1276","980","697","283","51","1031","1953","0","52.79","35.69"
"66","000","00","027","2703","0000","2166","1633","533","75","2241","4067","0","55.1","40.15"
"66","000","00","027","2703","1281","1065","802","263","48","1113","2011","0","55.35","39.88"
"66","000","00","027","2703","1282","1101","831","270","27","1128","2056","0","54.86","40.42"
"66","000","00","027","2704","0000","1889","1428","461","109","1998","3317","0","60.24","43.05"
"66","000","00","027","2704","1287","1083","804","279","50","1133","1886","0","60.07","42.63"
"66","000","00","027","2704","1288","806","624","182","59","865","1431","0","60.45","43.61"
"66","000","00","027","2705","0000","1525","1175","350","116","1641","2924","0","56.12","40.18"
"66","000","00","027","2705","1297","688","521","167","68","756","1378","0","54.86","37.81"
"66","000","00","027","2705","1298","837","654","183","48","885","1546","0","57.24","42.3"
"66","000","00","027","2706","0000","2122","1625","497","98","2220","4083","0","54.37","39.8"
"66","000","00","027","2706","1291","1071","812","259","53","1124","2048","0","54.88","39.65"
"66","000","00","027","2706","1292","1051","813","238","45","1096","2035","0","53.86","39.95"
"66","000","00","027","2707","0000","3192","2434","758","140","3332","6114","0","54.5","39.81"
"66","000","00","027","2707","1316","916","690","226","36","952","1623","0","58.66","42.51"
"66","000","00","027","2707","1317","753","579","174","26","779","1548","0","50.32","37.4"
"66","000","00","027","2707","1318","793","607","186","50","843","1442","0","58.46","42.09"
"66","000","00","027","2707","1319","730","558","172","28","758","1501","0","50.5","37.18"
"66","000","00","027","2708","0000","1691","1260","431","76","1767","3605","0","49.02","34.95"
"66","000","00","027","2708","1312","947","716","231","50","997","1654","0","60.28","43.29"
"66","000","00","027","2708","1313","744","544","200","26","770","1951","0","39.47","27.88"
"66","000","00","027","2709","0000","1881","1400","481","96","1977","3281","0","60.26","42.67"
"66","000","00","027","2709","1301","895","679","216","67","962","1582","0","60.81","42.92"
"66","000","00","027","2709","1302","986","721","265","29","1015","1699","0","59.74","42.44"
"66","000","00","027","2710","0000","2502","1939","563","109","2611","5163","0","50.57","37.56"
"66","000","00","027","2710","1307","805","665","140","31","836","1776","0","47.07","37.44"
"66","000","00","027","2710","1308","893","667","226","40","933","1729","0","53.96","38.58"
"66","000","00","027","2710","1309","804","607","197","38","842","1658","0","50.78","36.61"
"66","000","00","027","2711","0000","3887","2822","1065","158","4045","7262","0","55.7","38.86"
"66","000","00","027","2711","1325","1152","874","278","63","1215","2075","0","58.55","42.12"
"66","000","00","027","2711","1326","861","597","264","42","903","1723","0","52.41","34.65"
"66","000","00","027","2711","1327","1104","786","318","38","1142","2049","0","55.73","38.36"
"66","000","00","027","2711","1328","770","565","205","15","785","1415","0","55.48","39.93"
"66","000","00","027","2712","0000","4163","3152","1011","142","4305","7197","0","59.82","43.8"
"66","000","00","027","2712","1335","940","718","222","41","981","1667","0","58.85","43.07"
"66","000","00","027","2712","1336","1164","937","227","40","1204","1793","0","67.15","52.26"
"66","000","00","027","2712","1337","1061","751","310","33","1094","1903","0","57.49","39.46"
"66","000","00","027","2712","1338","998","746","252","28","1026","1834","0","55.94","40.68"
"66","000","00","027","2713","0000","3006","2107","899","126","3132","5993","0","52.26","35.16"
"66","000","00","027","2713","1346","939","675","264","44","983","1974","0","49.8","34.19"
"66","000","00","027","2713","1347","1009","706","303","35","1044","1828","0","57.11","38.62"
"66","000","00","027","2713","1348","1058","726","332","47","1105","2191","0","50.43","33.14"
"66","000","00","027","2714","0000","906","728","178","53","959","1825","0","52.55","39.89"
"66","000","00","027","2714","1349","906","728","178","53","959","1825","0","52.55","39.89"
"66","000","00","027","2715","0000","648","505","143","44","692","1225","0","56.49","41.22"
"66","000","00","027","2715","1351","648","505","143","44","692","1225","0","56.49","41.22"
"66","000","00","027","2716","0000","1649","1268","381","93","1742","3179","0","54.8","39.89"
"66","000","00","027","2716","1352","873","690","183","58","931","1678","0","55.48","41.12"
"66","000","00","027","2716","1353","776","578","198","35","811","1501","0","54.03","38.51"
"66","000","00","027","2717","0000","1635","1196","439","94","1729","3094","0","55.88","38.66"
"66","000","00","027","2717","1357","724","539","185","31","755","1428","0","52.87","37.75"
"66","000","00","027","2717","1358","911","657","254","63","974","1666","0","58.46","39.44"
"66","000","00","027","2718","0000","2425","1860","565","95","2520","4710","0","53.5","39.49"
"66","000","00","027","2718","1361","638","504","134","31","669","1166","0","57.38","43.22"
"66","000","00","027","2718","1362","1013","762","251","25","1038","1790","0","57.99","42.57"
"66","000","00","027","2718","1363","774","594","180","39","813","1754","0","46.35","33.87"
"66","000","00","027","2719","0000","414","337","77","37","451","699","0","64.52","48.21"
"66","000","00","027","2719","1356","414","337","77","37","451","699","0","64.52","48.21"
"66","000","00","027","2720","0000","3687","2852","835","156","3843","6563","0","58.56","43.46"
"66","000","00","027","2720","1277","1010","761","249","54","1064","1846","0","57.64","41.22"
"66","000","00","027","2720","1278","858","673","185","35","893","1493","0","59.81","45.08"
"66","000","00","027","2720","1279","867","673","194","34","901","1605","0","56.14","41.93"
"66","000","00","027","2720","1280","952","745","207","33","985","1619","0","60.84","46.02"
"66","000","00","027","2721","0000","2070","1541","529","113","2183","4094","0","53.32","37.64"
"66","000","00","027","2721","1289","1006","720","286","52","1058","1930","0","54.82","37.31"
"66","000","00","027","2721","1290","1064","821","243","61","1125","2164","0","51.99","37.94"
"66","000","00","027","2722","0000","1921","1401","520","99","2020","3870","0","52.2","36.2"
"66","000","00","027","2722","1293","880","637","243","55","935","1685","0","55.49","37.8"
"66","000","00","027","2722","1294","1041","764","277","44","1085","2185","0","49.66","34.97"
"66","000","00","027","2723","0000","1469","1094","375","46","1515","2773","0","54.63","39.45"
"66","000","00","027","2723","1295","627","482","145","20","647","1176","0","55.02","40.99"
"66","000","00","027","2723","1296","842","612","230","26","868","1597","0","54.35","38.32"
"66","000","00","027","2724","0000","1933","1451","482","86","2019","3691","0","54.7","39.31"
"66","000","00","027","2724","1283","986","733","253","43","1029","1876","0","54.85","39.07"
"66","000","00","027","2724","1284","947","718","229","43","990","1815","0","54.55","39.56"
"66","000","00","027","2725","0000","1327","1034","293","60","1387","2285","0","60.7","45.25"
"66","000","00","027","2725","1285","705","557","148","29","734","1281","0","57.3","43.48"
"66","000","00","027","2725","1286","622","477","145","31","653","1004","0","65.04","47.51"
"66","000","00","027","2726","0000","1490","1128","362","76","1566","2943","0","53.21","38.33"
"66","000","00","027","2726","1299","929","683","246","41","970","1890","0","51.32","36.14"
"66","000","00","027","2726","1300","561","445","116","35","596","1053","0","56.6","42.26"
"66","000","00","027","2727","0000","2656","1870","786","78","2734","4703","0","58.13","39.76"
"66","000","00","027","2727","1339","816","624","192","28","844","1526","0","55.31","40.89"
"66","000","00","027","2727","1340","904","606","298","26","930","1483","0","62.71","40.86"
"66","000","00","027","2727","1341","936","640","296","24","960","1694","0","56.67","37.78"
"66","000","00","027","2728","0000","3708","2571","1137","132","3840","6795","0","56.51","37.84"
"66","000","00","027","2728","1342","931","654","277","33","964","1952","0","49.39","33.5"
"66","000","00","027","2728","1343","1060","770","290","39","1099","1995","0","55.09","38.6"
"66","000","00","027","2728","1344","743","513","230","17","760","1311","0","57.97","39.13"
"66","000","00","027","2728","1345","974","634","340","43","1017","1537","0","66.17","41.25"
"66","000","00","027","2729","0000","2967","2156","811","119","3086","5574","0","55.36","38.68"
"66","000","00","027","2729","1329","981","718","263","41","1022","1778","0","57.48","40.38"
"66","000","00","027","2729","1330","874","646","228","37","911","1706","0","53.4","37.87"
"66","000","00","027","2729","1331","1112","792","320","41","1153","2090","0","55.17","37.89"
"66","000","00","027","2730","0000","2521","1885","636","111","2632","5269","0","49.95","35.78"
"66","000","00","027","2730","1332","991","735","256","47","1038","2093","0","49.59","35.12"
"66","000","00","027","2730","1333","803","634","169","35","838","1688","0","49.64","37.56"
"66","000","00","027","2730","1334","727","516","211","29","756","1488","0","50.81","34.68"
"66","000","00","027","2731","0000","2986","2105","881","101","3087","6065","0","50.9","34.71"
"66","000","00","027","2731","1320","977","671","306","31","1008","2025","0","49.78","33.14"
"66","000","00","027","2731","1321","976","692","284","35","1011","1885","0","53.63","36.71"
"66","000","00","027","2731","1322","1033","742","291","35","1068","2155","0","49.56","34.43"
"66","000","00","027","2732","0000","1762","1310","452","93","1855","3796","0","48.87","34.51"
"66","000","00","027","2732","1323","890","673","217","34","924","1775","0","52.06","37.92"
"66","000","00","027","2732","1324","872","637","235","59","931","2021","0","46.07","31.52"
"66","000","00","027","2733","0000","1897","1439","458","95","1992","3762","0","52.95","38.25"
"66","000","00","027","2733","1310","1000","775","225","53","1053","2010","0","52.39","38.56"
"66","000","00","027","2733","1311","897","664","233","42","939","1752","0","53.6","37.9"
"66","000","00","027","2734","0000","2579","1896","683","110","2689","4401","0","61.1","43.08"
"66","000","00","027","2734","1314","1291","946","345","54","1345","2170","0","61.98","43.59"
"66","000","00","027","2734","1315","1288","950","338","56","1344","2231","0","60.24","42.58"
"66","000","00","027","2735","0000","1303","951","352","94","1397","2556","0","54.66","37.21"
"66","000","00","027","2735","1303","759","548","211","53","812","1493","0","54.39","36.7"
"66","000","00","027","2735","1304","544","403","141","41","585","1063","0","55.03","37.91"
"66","000","00","027","2736","0000","1261","952","309","73","1334","2201","0","60.61","43.25"
"66","000","00","027","2736","1305","637","478","159","38","675","1117","0","60.43","42.79"
"66","000","00","027","2736","1306","624","474","150","35","659","1084","0","60.79","43.73"
"66","000","00","027","2737","0000","785","613","172","11","796","1559","0","51.06","39.32"
"66","000","00","027","2737","1350","785","613","172","11","796","1559","0","51.06","39.32"
"66","000","00","027","2738","0000","1943","1419","524","100","2043","3576","0","57.13","39.68"
"66","000","00","027","2738","1354","891","625","266","33","924","1450","0","63.72","43.1"
"66","000","00","027","2738","1355","1052","794","258","67","1119","2126","0","52.63","37.35"
"66","000","00","027","2739","0000","1410","1068","342","91","1501","2507","0","59.87","42.6"
"66","000","00","027","2739","1359","689","508","181","40","729","1241","0","58.74","40.93"
"66","000","00","027","2739","1360","721","560","161","51","772","1266","0","60.98","44.23"
"66","000","00","028","0000","0000","93309","69234","24075","3867","97176","171769","211860","56.57","40.31"
"66","000","00","028","2801","0000","1935","1442","493","111","2046","3508","0","58.32","41.11"
"66","000","00","028","2801","1373","918","687","231","47","965","1697","0","56.87","40.48"
"66","000","00","028","2801","1374","1017","755","262","64","1081","1811","0","59.69","41.69"
"66","000","00","028","2802","0000","5340","4009","1331","173","5513","9923","0","55.56","40.4"
"66","000","00","028","2802","1375","948","804","144","39","987","1830","0","53.93","43.93"
"66","000","00","028","2802","1376","933","699","234","29","962","2228","0","43.18","31.37"
"66","000","00","028","2802","1377","1108","832","276","41","1149","1997","0","57.54","41.66"
"66","000","00","028","2802","1378","1263","902","361","36","1299","2033","0","63.9","44.37"
"66","000","00","028","2802","1379","1088","772","316","28","1116","1835","0","60.82","42.07"
"66","000","00","028","2803","0000","1774","1298","476","99","1873","3418","0","54.8","37.98"
"66","000","00","028","2803","1384","852","628","224","47","899","1621","0","55.46","38.74"
"66","000","00","028","2803","1385","922","670","252","52","974","1797","0","54.2","37.28"
"66","000","00","028","2804","0000","3797","2715","1082","144","3941","7122","0","55.34","38.12"
"66","000","00","028","2804","1422","1006","711","295","28","1034","1875","0","55.15","37.92"
"66","000","00","028","2804","1423","931","663","268","32","963","1670","0","57.66","39.7"
"66","000","00","028","2804","1424","991","709","282","50","1041","1898","0","54.85","37.36"
"66","000","00","028","2804","1425","869","632","237","34","903","1679","0","53.78","37.64"
"66","000","00","028","2805","0000","3768","2759","1009","183","3951","6924","0","57.06","39.85"
"66","000","00","028","2805","1386","659","480","179","29","688","1230","0","55.93","39.02"
"66","000","00","028","2805","1387","793","604","189","33","826","1488","0","55.51","40.59"
"66","000","00","028","2805","1388","751","523","228","48","799","1459","0","54.76","35.85"
"66","000","00","028","2805","1389","912","673","239","33","945","1647","0","57.38","40.86"
"66","000","00","028","2805","1390","653","479","174","40","693","1100","0","63.0","43.55"
"66","000","00","028","2806","0000","2224","1718","506","102","2326","3956","0","58.8","43.43"
"66","000","00","028","2806","1434","678","518","160","24","702","1103","0","63.64","46.96"
"66","000","00","028","2806","1435","758","565","193","41","799","1419","0","56.31","39.82"
"66","000","00","028","2806","1436","788","635","153","37","825","1434","0","57.53","44.28"
"66","000","00","028","2807","0000","2913","2140","773","111","3024","5587","0","54.13","38.3"
"66","000","00","028","2807","1437","930","708","222","44","974","1875","0","51.95","37.76"
"66","000","00","028","2807","1438","1007","720","287","32","1039","1862","0","55.8","38.67"
"66","000","00","028","2807","1439","976","712","264","35","1011","1850","0","54.65","38.49"
"66","000","00","028","2808","0000","4206","3162","1044","194","4400","8258","0","53.28","38.29"
"66","000","00","028","2808","1391","765","560","205","49","814","1410","0","57.73","39.72"
"66","000","00","028","2808","1392","917","683","234","42","959","1807","0","53.07","37.8"
"66","000","00","028","2808","1393","623","523","100","54","677","1331","0","50.86","39.29"
"66","000","00","028","2808","1394","953","683","270","21","974","1801","0","54.08","37.92"
"66","000","00","028","2808","1395","948","713","235","28","976","1909","0","51.13","37.35"
"66","000","00","028","2809","0000","1769","1322","447","77","1846","3355","0","55.02","39.4"
"66","000","00","028","2809","1399","896","674","222","50","946","1753","0","53.96","38.45"
"66","000","00","028","2809","1400","873","648","225","27","900","1602","0","56.18","40.45"
"66","000","00","028","2810","0000","2694","2023","671","104","2798","5278","0","53.01","38.33"
"66","000","00","028","2810","1451","937","710","227","27","964","1759","0","54.8","40.36"
"66","000","00","028","2810","1452","906","672","234","43","949","1783","0","53.22","37.69"
"66","000","00","028","2810","1453","851","641","210","34","885","1736","0","50.98","36.92"
"66","000","00","028","2811","0000","3948","2990","958","191","4139","7599","0","54.47","39.35"
"66","000","00","028","2811","1458","996","742","254","56","1052","1836","0","57.3","40.41"
"66","000","00","028","2811","1459","1008","754","254","41","1049","1913","0","54.84","39.41"
"66","000","00","028","2811","1460","964","741","223","60","1024","1913","0","53.53","38.73"
"66","000","00","028","2811","1461","980","753","227","34","1014","1937","0","52.35","38.87"
"66","000","00","028","2812","0000","2249","1691","558","134","2383","4237","0","56.24","39.91"
"66","000","00","028","2812","1401","615","438","177","46","661","1144","0","57.78","38.29"
"66","000","00","028","2812","1402","928","700","228","49","977","1655","0","59.03","42.3"
"66","000","00","028","2812","1403","706","553","153","39","745","1438","0","51.81","38.46"
"66","000","00","028","2813","0000","553","401","152","45","598","1000","0","59.8","40.1"
"66","000","00","028","2813","1404","553","401","152","45","598","1000","0","59.8","40.1"
"66","000","00","028","2814","0000","4582","3403","1179","184","4766","8369","0","56.95","40.66"
"66","000","00","028","2814","1405","944","696","248","38","982","1711","0","57.39","40.68"
"66","000","00","028","2814","1406","937","720","217","11","948","1698","0","55.83","42.4"
"66","000","00","028","2814","1407","1016","751","265","61","1077","1914","0","56.27","39.24"
"66","000","00","028","2814","1408","829","596","233","26","855","1465","0","58.36","40.68"
"66","000","00","028","2814","1409","856","640","216","48","904","1581","0","57.18","40.48"
"66","000","00","028","2815","0000","2162","1632","530","79","2241","4438","0","50.5","36.77"
"66","000","00","028","2815","1414","590","454","136","24","614","1204","0","51.0","37.71"
"66","000","00","028","2815","1415","874","647","227","26","900","1761","0","51.11","36.74"
"66","000","00","028","2815","1416","698","531","167","29","727","1473","0","49.36","36.05"
"66","000","00","028","2816","0000","4563","3446","1117","249","4812","8428","0","57.1","40.89"
"66","000","00","028","2816","1417","907","683","224","39","946","1675","0","56.48","40.78"
"66","000","00","028","2816","1418","952","721","231","42","994","1755","0","56.64","41.08"
"66","000","00","028","2816","1419","895","676","219","66","961","1593","0","60.33","42.44"
"66","000","00","028","2816","1420","941","723","218","61","1002","1799","0","55.7","40.19"
"66","000","00","028","2816","1421","868","643","225","41","909","1606","0","56.6","40.04"
"66","000","00","028","2817","0000","6322","4749","1573","221","6543","11504","0","56.88","41.28"
"66","000","00","028","2817","1462","802","602","200","29","831","1508","0","55.11","39.92"
"66","000","00","028","2817","1463","793","607","186","20","813","1340","0","60.67","45.3"
"66","000","00","028","2817","1464","942","723","219","32","974","1656","0","58.82","43.66"
"66","000","00","028","2817","1465","701","548","153","31","732","1290","0","56.74","42.48"
"66","000","00","028","2817","1466","881","654","227","40","921","1655","0","55.65","39.52"
"66","000","00","028","2817","1467","620","442","178","29","649","1260","0","51.51","35.08"
"66","000","00","028","2817","1468","735","537","198","20","755","1247","0","60.55","43.06"
"66","000","00","028","2817","1469","848","636","212","20","868","1548","0","56.07","41.09"
"66","000","00","028","2818","0000","5138","3870","1268","250","5388","9578","0","56.25","40.41"
"66","000","00","028","2818","1445","855","646","209","43","898","1701","0","52.79","37.98"
"66","000","00","028","2818","1446","795","588","207","38","833","1549","0","53.78","37.96"
"66","000","00","028","2818","1447","897","697","200","25","922","1567","0","58.84","44.48"
"66","000","00","028","2818","1448","881","674","207","48","929","1614","0","57.56","41.76"
"66","000","00","028","2818","1449","977","725","252","64","1041","1811","0","57.48","40.03"
"66","000","00","028","2818","1450","733","540","193","32","765","1336","0","57.26","40.42"
"66","000","00","028","2819","0000","5294","3921","1373","201","5495","10155","0","54.11","38.61"
"66","000","00","028","2819","1364","818","610","208","32","850","1614","0","52.66","37.79"
"66","000","00","028","2819","1365","809","593","216","27","836","1599","0","52.28","37.09"
"66","000","00","028","2819","1366","833","604","229","42","875","1715","0","51.02","35.22"
"66","000","00","028","2819","1367","726","548","178","22","748","1264","0","59.18","43.35"
"66","000","00","028","2819","1368","737","534","203","26","763","1416","0","53.88","37.71"
"66","000","00","028","2819","1369","636","468","168","28","664","1188","0","55.89","39.39"
"66","000","00","028","2819","1370","735","564","171","24","759","1359","0","55.85","41.5"
"66","000","00","028","2820","0000","1593","1169","424","85","1678","2860","0","58.67","40.87"
"66","000","00","028","2820","1371","803","590","213","42","845","1457","0","58.0","40.49"
"66","000","00","028","2820","1372","790","579","211","43","833","1403","0","59.37","41.27"
"66","000","00","028","2821","0000","3400","2479","921","108","3508","5775","0","60.74","42.93"
"66","000","00","028","2821","1380","718","510","208","24","742","1268","0","58.52","40.22"
"66","000","00","028","2821","1381","917","684","233","38","955","1645","0","58.05","41.58"
"66","000","00","028","2821","1382","934","661","273","24","958","1561","0","61.37","42.34"
"66","000","00","028","2821","1383","831","624","207","22","853","1301","0","65.56","47.96"
"66","000","00","028","2822","0000","2239","1652","587","90","2329","4102","0","56.78","40.27"
"66","000","00","028","2822","1426","728","542","186","29","757","1373","0","55.13","39.48"
"66","000","00","028","2822","1427","726","546","180","27","753","1299","0","57.97","42.03"
"66","000","00","028","2822","1428","785","564","221","34","819","1430","0","57.27","39.44"
"66","000","00","028","2823","0000","5690","4121","1569","166","5856","9149","0","64.01","45.04"
"66","000","00","028","2823","1429","1114","818","296","31","1145","1805","0","63.43","45.32"
"66","000","00","028","2823","1430","1159","806","353","25","1184","1806","0","65.56","44.63"
"66","000","00","028","2823","1431","1154","835","319","39","1193","1826","0","65.33","45.73"
"66","000","00","028","2823","1432","1143","866","277","38","1181","1805","0","65.43","47.98"
"66","000","00","028","2823","1433","1120","796","324","33","1153","1907","0","60.46","41.74"
"66","000","00","028","2824","0000","4882","3470","1412","187","5069","8472","0","59.83","40.96"
"66","000","00","028","2824","1440","892","647","245","42","934","1622","0","57.58","39.89"
"66","000","00","028","2824","1441","975","708","267","46","1021","1638","0","62.33","43.22"
"66","000","00","028","2824","1442","986","725","261","35","1021","1633","0","62.52","44.4"
"66","000","00","028","2824","1443","923","641","282","37","960","1662","0","57.76","38.57"
"66","000","00","028","2824","1444","1106","749","357","27","1133","1917","0","59.1","39.07"
"66","000","00","028","2825","0000","2759","1998","761","98","2857","5238","0","54.54","38.14"
"66","000","00","028","2825","1396","822","616","206","38","860","1699","0","50.62","36.26"
"66","000","00","028","2825","1397","913","670","243","37","950","1627","0","58.39","41.18"
"66","000","00","028","2825","1398","1024","712","312","23","1047","1912","0","54.76","37.24"
"66","000","00","028","2826","0000","4243","3231","1012","140","4383","7648","0","57.31","42.25"
"66","000","00","028","2826","1454","1043","804","239","43","1086","1874","0","57.95","42.9"
"66","000","00","028","2826","1455","1062","777","285","20","1082","1889","0","57.28","41.13"
"66","000","00","028","2826","1456","1049","830","219","36","1085","1947","0","55.73","42.63"
"66","000","00","028","2826","1457","1089","820","269","41","1130","1938","0","58.31","42.31"
"66","000","00","028","2827","0000","3272","2423","849","141","3413","5888","0","57.97","41.15"
"66","000","00","028","2827","1410","869","670","199","36","905","1509","0","59.97","44.4"
"66","000","00","028","2827","1411","828","632","196","28","856","1570","0","54.52","40.25"
"66","000","00","028","2827","1412","794","551","243","35","829","1425","0","58.18","38.67"
"66","000","00","028","2827","1413","781","570","211","42","823","1384","0","59.47","41.18"
"66","000","00","029","0000","0000","5584","4628","956","331","5915","9498","11066","62.28","48.73"
"66","000","00","029","2901","0000","1181","952","229","61","1242","1919","0","64.72","49.61"
"66","000","00","029","2901","1585","586","448","138","29","615","956","0","64.33","46.86"
"66","000","00","029","2901","1586","595","504","91","32","627","963","0","65.11","52.34"
"66","000","00","029","2902","0000","247","193","54","20","267","456","0","58.55","42.32"
"66","000","00","029","2902","1587","247","193","54","20","267","456","0","58.55","42.32"
"66","000","00","029","2903","0000","987","833","154","59","1046","1647","0","63.51","50.58"
"66","000","00","029","2903","1588","616","521","95","44","660","1011","0","65.28","51.53"
"66","000","00","029","2903","1589","371","312","59","15","386","636","0","60.69","49.06"
"66","000","00","029","2904","0000","303","238","65","13","316","451","0","70.07","52.77"
"66","000","00","029","2904","1595","303","238","65","13","316","451","0","70.07","52.77"
"66","000","00","029","2905","0000","680","589","91","56","736","1051","0","70.03","56.04"
"66","000","00","029","2905","1590","129","115","14","8","137","270","0","50.74","42.59"
"66","000","00","029","2905","1591","324","287","37","33","357","460","0","77.61","62.39"
"66","000","00","029","2905","1592","227","187","40","15","242","321","0","75.39","58.26"
"66","000","00","029","2906","0000","677","526","151","50","727","1119","0","64.97","47.01"
"66","000","00","029","2906","1593","478","365","113","38","516","783","0","65.9","46.62"
"66","000","00","029","2906","1594","199","161","38","12","211","336","0","62.8","47.92"
"66","000","00","029","2907","0000","1026","887","139","56","1082","1985","0","54.51","44.69"
"66","000","00","029","2907","1596","206","179","27","14","220","366","0","60.11","48.91"
"66","000","00","029","2907","1597","358","306","52","12","370","771","0","47.99","39.69"
"66","000","00","029","2907","1598","304","267","37","17","321","574","0","55.92","46.52"
"66","000","00","029","2907","1599","158","135","23","13","171","274","0","62.41","49.27"
"66","000","00","029","2908","0000","483","410","73","16","499","870","0","57.36","47.13"
"66","000","00","029","2908","1600","83","68","15","5","88","157","0","56.05","43.31"
"66","000","00","029","2908","1601","400","342","58","11","411","713","0","57.64","47.97"
"67","000","00","000","0000","0000","800069","582450","217619","32604","832673","1594821","1883804","52.21","36.52"
"67","000","00","001","0000","0000","31681","22927","8754","1163","32844","64949","77651","50.57","35.3"
"67","000","00","001","0101","0000","2402","1747","655","82","2484","4741","0","52.39","36.85"
"67","000","00","001","0101","0116","773","552","221","29","802","1693","0","47.37","32.6"
"67","000","00","001","0101","0117","851","627","224","22","873","1561","0","55.93","40.17"
"67","000","00","001","0101","0118","778","568","210","31","809","1487","0","54.4","38.2"
"67","000","00","001","0102","0000","1176","860","316","41","1217","2299","0","52.94","37.41"
"67","000","00","001","0102","0119","635","474","161","22","657","1232","0","53.33","38.47"
"67","000","00","001","0102","0120","541","386","155","19","560","1067","0","52.48","36.18"
"67","000","00","001","0103","0000","1464","1050","414","44","1508","2885","0","52.27","36.4"
"67","000","00","001","0103","0121","657","473","184","24","681","1419","0","47.99","33.33"
"67","000","00","001","0103","0122","807","577","230","20","827","1466","0","56.41","39.36"
"67","000","00","001","0107","0000","1530","1074","456","38","1568","2940","0","53.33","36.53"
"67","000","00","001","0107","0126","493","344","149","19","512","888","0","57.66","38.74"
"67","000","00","001","0107","0127","576","392","184","7","583","1115","0","52.29","35.16"
"67","000","00","001","0107","0128","461","338","123","12","473","937","0","50.48","36.07"
"67","000","00","001","0108","0000","2115","1542","573","77","2192","4214","0","52.02","36.59"
"67","000","00","001","0108","0129","674","483","191","21","695","1387","0","50.11","34.82"
"67","000","00","001","0108","0130","735","551","184","27","762","1526","0","49.93","36.11"
"67","000","00","001","0108","0131","706","508","198","29","735","1301","0","56.5","39.05"
"67","000","00","001","0109","0000","681","479","202","30","711","1193","0","59.6","40.15"
"67","000","00","001","0109","0136","681","479","202","30","711","1193","0","59.6","40.15"
"67","000","00","001","0110","0000","564","386","178","15","579","1439","0","40.24","26.82"
"67","000","00","001","0110","0137","564","386","178","15","579","1439","0","40.24","26.82"
"67","000","00","001","0112","0000","1038","758","280","29","1067","2460","0","43.37","30.81"
"67","000","00","001","0112","0140","527","367","160","13","540","1233","0","43.8","29.76"
"67","000","00","001","0112","0141","511","391","120","16","527","1227","0","42.95","31.87"
"67","000","00","001","0113","0000","980","723","257","40","1020","1797","0","56.76","40.23"
"67","000","00","001","0113","0138","785","581","204","25","810","1438","0","56.33","40.4"
"67","000","00","001","0113","0139","195","142","53","15","210","359","0","58.5","39.55"
"67","000","00","001","0114","0000","1436","1029","407","29","1465","3250","0","45.08","31.66"
"67","000","00","001","0114","0142","599","444","155","18","617","1320","0","46.74","33.64"
"67","000","00","001","0114","0143","837","585","252","11","848","1930","0","43.94","30.31"
"67","000","00","001","0115","0000","2113","1555","558","90","2203","4419","0","49.85","35.19"
"67","000","00","001","0115","0150","804","572","232","30","834","1595","0","52.29","35.86"
"67","000","00","001","0115","0151","453","348","105","17","470","959","0","49.01","36.29"
"67","000","00","001","0115","0152","856","635","221","43","899","1865","0","48.2","34.05"
"67","000","00","001","0116","0000","735","537","198","53","788","1678","0","46.96","32.0"
"67","000","00","001","0116","0153","735","537","198","53","788","1678","0","46.96","32.0"
"67","000","00","001","0117","0000","600","465","135","27","627","1373","0","45.67","33.87"
"67","000","00","001","0117","0154","600","465","135","27","627","1373","0","45.67","33.87"
"67","000","00","001","0118","0000","677","493","184","18","695","1722","0","40.36","28.63"
"67","000","00","001","0118","0155","564","408","156","16","580","1431","0","40.53","28.51"
"67","000","00","001","0118","0156","113","85","28","2","115","291","0","39.52","29.21"
"67","000","00","001","0119","0000","859","626","233","37","896","1749","0","51.23","35.79"
"67","000","00","001","0119","0157","859","626","233","37","896","1749","0","51.23","35.79"
"67","000","00","001","0120","0000","1763","1274","489","80","1843","3683","0","50.04","34.59"
"67","000","00","001","0120","0158","833","602","231","32","865","1862","0","46.46","32.33"
"67","000","00","001","0120","0159","930","672","258","48","978","1821","0","53.71","36.9"
"67","000","00","001","0121","0000","839","624","215","31","870","1845","0","47.15","33.82"
"67","000","00","001","0121","0160","839","624","215","31","870","1845","0","47.15","33.82"
"67","000","00","001","0125","0000","767","589","178","71","838","1644","0","50.97","35.83"
"67","000","00","001","0125","0163","368","280","88","43","411","703","0","58.46","39.83"
"67","000","00","001","0125","0164","399","309","90","28","427","941","0","45.38","32.84"
"67","000","00","001","0126","0000","365","276","89","8","373","944","0","39.51","29.24"
"67","000","00","001","0126","0161","214","167","47","5","219","542","0","40.41","30.81"
"67","000","00","001","0126","0162","151","109","42","3","154","402","0","38.31","27.11"
"67","000","00","001","0127","0000","2378","1722","656","77","2455","4729","0","51.91","36.41"
"67","000","00","001","0127","0144","773","561","212","21","794","1501","0","52.9","37.38"
"67","000","00","001","0127","0145","701","516","185","25","726","1475","0","49.22","34.98"
"67","000","00","001","0127","0146","904","645","259","31","935","1753","0","53.34","36.79"
"67","000","00","001","0128","0000","2403","1716","687","73","2476","4922","0","50.3","34.86"
"67","000","00","001","0128","0147","846","595","251","25","871","1748","0","49.83","34.04"
"67","000","00","001","0128","0148","873","636","237","30","903","1741","0","51.87","36.53"
"67","000","00","001","0128","0149","684","485","199","18","702","1433","0","48.99","33.85"
"67","000","00","001","0129","0000","3365","2353","1012","101","3466","6235","0","55.59","37.74"
"67","000","00","001","0129","0132","840","607","233","31","871","1538","0","56.63","39.47"
"67","000","00","001","0129","0133","832","591","241","27","859","1584","0","54.23","37.31"
"67","000","00","001","0129","0134","870","594","276","25","895","1583","0","56.54","37.52"
"67","000","00","001","0129","0135","823","561","262","18","841","1530","0","54.97","36.67"
"67","000","00","001","0130","0000","1431","1049","382","72","1503","2788","0","53.91","37.63"
"67","000","00","001","0130","0123","542","378","164","33","575","932","0","61.7","40.56"
"67","000","00","001","0130","0124","534","399","135","18","552","1099","0","50.23","36.31"
"67","000","00","001","0130","0125","355","272","83","21","376","757","0","49.67","35.93"
"67","000","00","002","0000","0000","10300","7778","2522","573","10873","22121","25397","49.15","35.16"
"67","000","00","002","0201","0000","774","602","172","48","822","1517","0","54.19","39.68"
"67","000","00","002","0201","0085","526","414","112","38","564","1037","0","54.39","39.92"
"67","000","00","002","0201","0086","248","188","60","10","258","480","0","53.75","39.17"
"67","000","00","002","0208","0000","1751","1303","448","60","1811","3743","0","48.38","34.81"
"67","000","00","002","0208","0093","392","293","99","8","400","863","0","46.35","33.95"
"67","000","00","002","0208","0094","638","474","164","18","656","1373","0","47.78","34.52"
"67","000","00","002","0208","0095","721","536","185","34","755","1507","0","50.1","35.57"
"67","000","00","002","0210","0000","328","239","89","35","363","921","0","39.41","25.95"
"67","000","00","002","0210","0099","328","239","89","35","363","921","0","39.41","25.95"
"67","000","00","002","0211","0000","1779","1336","443","93","1872","3640","0","51.43","36.7"
"67","000","00","002","0211","0096","694","517","177","39","733","1374","0","53.35","37.63"
"67","000","00","002","0211","0097","583","423","160","17","600","1244","0","48.23","34.0"
"67","000","00","002","0211","0098","502","396","106","37","539","1022","0","52.74","38.75"
"67","000","00","002","0214","0000","740","592","148","45","785","1653","0","47.49","35.81"
"67","000","00","002","0214","0107","432","343","89","24","456","925","0","49.3","37.08"
"67","000","00","002","0214","0108","308","249","59","21","329","728","0","45.19","34.2"
"67","000","00","002","0226","0000","812","602","210","50","862","1454","0","59.28","41.4"
"67","000","00","002","0226","0087","360","256","104","21","381","636","0","59.91","40.25"
"67","000","00","002","0226","0088","174","131","43","9","183","321","0","57.01","40.81"
"67","000","00","002","0226","0089","278","215","63","20","298","497","0","59.96","43.26"
"67","000","00","002","0227","0000","867","639","228","28","895","1607","0","55.69","39.76"
"67","000","00","002","0227","0090","435","314","121","10","445","759","0","58.63","41.37"
"67","000","00","002","0227","0091","159","120","39","8","167","341","0","48.97","35.19"
"67","000","00","002","0227","0092","273","205","68","10","283","507","0","55.82","40.43"
"67","000","00","002","0228","0000","722","544","178","41","763","1539","0","49.58","35.35"
"67","000","00","002","0228","0102","386","295","91","8","394","761","0","51.77","38.76"
"67","000","00","002","0228","0103","132","101","31","10","142","285","0","49.82","35.44"
"67","000","00","002","0228","0104","204","148","56","23","227","493","0","46.04","30.02"
"67","000","00","002","0229","0000","686","497","189","32","718","1583","0","45.36","31.4"
"67","000","00","002","0229","0100","435","312","123","24","459","847","0","54.19","36.84"
"67","000","00","002","0229","0101","251","185","66","8","259","736","0","35.19","25.14"
"67","000","00","002","0230","0000","370","302","68","33","403","1013","0","39.78","29.81"
"67","000","00","002","0230","0105","227","186","41","24","251","621","0","40.42","29.95"
"67","000","00","002","0230","0106","143","116","27","9","152","392","0","38.78","29.59"
"67","000","00","002","0231","0000","430","330","100","34","464","1120","0","41.43","29.46"
"67","000","00","002","0231","0112","287","215","72","21","308","755","0","40.79","28.48"
"67","000","00","002","0231","0113","143","115","28","13","156","365","0","42.74","31.51"
"67","000","00","002","0232","0000","392","311","81","29","421","902","0","46.67","34.48"
"67","000","00","002","0232","0109","75","64","11","10","85","214","0","39.72","29.91"
"67","000","00","002","0232","0110","173","138","35","6","179","387","0","46.25","35.66"
"67","000","00","002","0232","0111","144","109","35","13","157","301","0","52.16","36.21"
"67","000","00","002","0233","0000","649","481","168","45","694","1429","0","48.57","33.66"
"67","000","00","002","0233","0114","437","322","115","22","459","935","0","49.09","34.44"
"67","000","00","002","0233","0115","212","159","53","23","235","494","0","47.57","32.19"
"67","000","00","003","0000","0000","10483","7975","2508","657","11140","24894","28152","44.75","32.04"
"67","000","00","003","0301","0000","869","636","233","57","926","1722","0","53.77","36.93"
"67","000","00","003","0301","0030","597","440","157","45","642","1176","0","54.59","37.41"
"67","000","00","003","0301","0031","272","196","76","12","284","546","0","52.01","35.9"
"67","000","00","003","0302","0000","1543","1150","393","59","1602","2921","0","54.84","39.37"
"67","000","00","003","0302","0032","461","323","138","17","478","859","0","55.65","37.6"
"67","000","00","003","0302","0033","517","399","118","24","541","946","0","57.19","42.18"
"67","000","00","003","0302","0034","565","428","137","18","583","1116","0","52.24","38.35"
"67","000","00","003","0303","0000","558","431","127","24","582","1397","0","41.66","30.85"
"67","000","00","003","0303","0035","558","431","127","24","582","1397","0","41.66","30.85"
"67","000","00","003","0304","0000","693","527","166","52","745","1627","0","45.79","32.39"
"67","000","00","003","0304","0036","302","223","79","15","317","756","0","41.93","29.5"
"67","000","00","003","0304","0037","391","304","87","37","428","871","0","49.14","34.9"
"67","000","00","003","0305","0000","430","337","93","21","451","897","0","50.28","37.57"
"67","000","00","003","0305","0038","430","337","93","21","451","897","0","50.28","37.57"
"67","000","00","003","0306","0000","495","359","136","40","535","1356","0","39.45","26.47"
"67","000","00","003","0306","0039","255","193","62","29","284","784","0","36.22","24.62"
"67","000","00","003","0306","0040","240","166","74","11","251","572","0","43.88","29.02"
"67","000","00","003","0307","0000","157","118","39","5","162","457","0","35.45","25.82"
"67","000","00","003","0307","0041","157","118","39","5","162","457","0","35.45","25.82"
"67","000","00","003","0308","0000","235","191","44","7","242","600","0","40.33","31.83"
"67","000","00","003","0308","0042","235","191","44","7","242","600","0","40.33","31.83"
"67","000","00","003","0309","0000","114","89","25","3","117","375","0","31.2","23.73"
"67","000","00","003","0309","0043","114","89","25","3","117","375","0","31.2","23.73"
"67","000","00","003","0310","0000","140","111","29","6","146","508","0","28.74","21.85"
"67","000","00","003","0310","0044","140","111","29","6","146","508","0","28.74","21.85"
"67","000","00","003","0311","0000","483","408","75","27","510","1305","0","39.08","31.26"
"67","000","00","003","0311","0047","310","265","45","14","324","799","0","40.55","33.17"
"67","000","00","003","0311","0048","173","143","30","13","186","506","0","36.76","28.26"
"67","000","00","003","0312","0000","323","246","77","22","345","1022","0","33.76","24.07"
"67","000","00","003","0312","0045","210","156","54","12","222","631","0","35.18","24.72"
"67","000","00","003","0312","0046","113","90","23","10","123","391","0","31.46","23.02"
"67","000","00","003","0314","0000","527","392","135","22","549","1443","0","38.05","27.17"
"67","000","00","003","0314","0051","269","194","75","10","279","744","0","37.5","26.08"
"67","000","00","003","0314","0052","258","198","60","12","270","699","0","38.63","28.33"
"67","000","00","003","0318","0000","364","270","94","28","392","884","0","44.34","30.54"
"67","000","00","003","0318","0055","364","270","94","28","392","884","0","44.34","30.54"
"67","000","00","003","0319","0000","207","161","46","10","217","740","0","29.32","21.76"
"67","000","00","003","0319","0056","207","161","46","10","217","740","0","29.32","21.76"
"67","000","00","003","0320","0000","540","418","122","37","577","1334","0","43.25","31.33"
"67","000","00","003","0320","0057","540","418","122","37","577","1334","0","43.25","31.33"
"67","000","00","003","0321","0000","307","239","68","48","355","723","0","49.1","33.06"
"67","000","00","003","0321","0058","307","239","68","48","355","723","0","49.1","33.06"
"67","000","00","003","0322","0000","348","278","70","39","387","682","0","56.74","40.76"
"67","000","00","003","0322","0059","348","278","70","39","387","682","0","56.74","40.76"
"67","000","00","003","0325","0000","890","680","210","36","926","2011","0","46.05","33.81"
"67","000","00","003","0325","0049","358","270","88","15","373","832","0","44.83","32.45"
"67","000","00","003","0325","0050","532","410","122","21","553","1179","0","46.9","34.78"
"67","000","00","003","0326","0000","639","477","162","64","703","1492","0","47.12","31.97"
"67","000","00","003","0326","0053","225","174","51","14","239","633","0","37.76","27.49"
"67","000","00","003","0326","0054","414","303","111","50","464","859","0","54.02","35.27"
"67","000","00","003","0327","0000","621","457","164","50","671","1398","0","48.0","32.69"
"67","000","00","003","0327","0060","409","293","116","32","441","855","0","51.58","34.27"
"67","000","00","003","0327","0061","212","164","48","18","230","543","0","42.36","30.2"
"67","000","00","004","0000","0000","8910","6828","2082","599","9509","18804","21212","50.57","36.31"
"67","000","00","004","0401","0000","899","660","239","32","931","1791","0","51.98","36.85"
"67","000","00","004","0401","0165","556","412","144","23","579","1166","0","49.66","35.33"
"67","000","00","004","0401","0166","343","248","95","9","352","625","0","56.32","39.68"
"67","000","00","004","0402","0000","828","648","180","22","850","1572","0","54.07","41.22"
"67","000","00","004","0402","0167","340","273","67","13","353","738","0","47.83","36.99"
"67","000","00","004","0402","0168","488","375","113","9","497","834","0","59.59","44.96"
"67","000","00","004","0403","0000","516","392","124","25","541","1104","0","49.0","35.51"
"67","000","00","004","0403","0169","516","392","124","25","541","1104","0","49.0","35.51"
"67","000","00","004","0404","0000","1354","1036","318","85","1439","2735","0","52.61","37.88"
"67","000","00","004","0404","0170","466","349","117","18","484","1015","0","47.68","34.38"
"67","000","00","004","0404","0171","888","687","201","67","955","1720","0","55.52","39.94"
"67","000","00","004","0405","0000","607","446","161","57","664","1391","0","47.74","32.06"
"67","000","00","004","0405","0172","607","446","161","57","664","1391","0","47.74","32.06"
"67","000","00","004","0406","0000","325","241","84","20","345","743","0","46.43","32.44"
"67","000","00","004","0406","0173","199","146","53","10","209","425","0","49.18","34.35"
"67","000","00","004","0406","0174","126","95","31","10","136","318","0","42.77","29.87"
"67","000","00","004","0407","0000","665","504","161","54","719","1483","0","48.48","33.99"
"67","000","00","004","0407","0175","351","262","89","25","376","753","0","49.93","34.79"
"67","000","00","004","0407","0176","314","242","72","29","343","730","0","46.99","33.15"
"67","000","00","004","0408","0000","914","703","211","62","976","1809","0","53.95","38.86"
"67","000","00","004","0408","0177","346","271","75","27","373","725","0","51.45","37.38"
"67","000","00","004","0408","0178","413","314","99","18","431","787","0","54.76","39.9"
"67","000","00","004","0408","0179","155","118","37","17","172","297","0","57.91","39.73"
"67","000","00","004","0409","0000","690","547","143","56","746","1313","0","56.82","41.66"
"67","000","00","004","0409","0180","352","274","78","23","375","673","0","55.72","40.71"
"67","000","00","004","0409","0181","338","273","65","33","371","640","0","57.97","42.66"
"67","000","00","004","0410","0000","251","191","60","38","289","660","0","43.79","28.94"
"67","000","00","004","0410","0182","251","191","60","38","289","660","0","43.79","28.94"
"67","000","00","004","0411","0000","610","493","117","41","651","1414","0","46.04","34.87"
"67","000","00","004","0411","0183","526","426","100","35","561","1212","0","46.29","35.15"
"67","000","00","004","0411","0184","84","67","17","6","90","202","0","44.55","33.17"
"67","000","00","004","0412","0000","552","432","120","41","593","1207","0","49.13","35.79"
"67","000","00","004","0412","0185","475","376","99","39","514","1049","0","49.0","35.84"
"67","000","00","004","0412","0186","77","56","21","2","79","158","0","50.0","35.44"
"67","000","00","004","0413","0000","699","535","164","66","765","1582","0","48.36","33.82"
"67","000","00","004","0413","0187","409","308","101","55","464","921","0","50.38","33.44"
"67","000","00","004","0413","0188","228","177","51","8","236","504","0","46.83","35.12"
"67","000","00","004","0413","0189","62","50","12","3","65","157","0","41.4","31.85"
"67","000","00","005","0000","0000","9320","7155","2165","605","9925","20841","23424","47.62","34.33"
"67","000","00","005","0501","0000","842","633","209","43","885","1641","0","53.93","38.57"
"67","000","00","005","0501","0001","395","303","92","30","425","743","0","57.2","40.78"
"67","000","00","005","0501","0002","447","330","117","13","460","898","0","51.22","36.75"
"67","000","00","005","0502","0000","611","473","138","50","661","1320","0","50.08","35.83"
"67","000","00","005","0502","0003","355","268","87","29","384","786","0","48.85","34.1"
"67","000","00","005","0502","0004","256","205","51","21","277","534","0","51.87","38.39"
"67","000","00","005","0503","0000","588","424","164","59","647","1266","0","51.11","33.49"
"67","000","00","005","0503","0005","497","372","125","44","541","1034","0","52.32","35.98"
"67","000","00","005","0503","0006","91","52","39","15","106","232","0","45.69","22.41"
"67","000","00","005","0504","0000","599","453","146","41","640","1316","0","48.63","34.42"
"67","000","00","005","0504","0007","210","155","55","23","233","479","0","48.64","32.36"
"67","000","00","005","0504","0008","389","298","91","18","407","837","0","48.63","35.6"
"67","000","00","005","0510","0000","563","471","92","46","609","1399","0","43.53","33.67"
"67","000","00","005","0510","0021","346","277","69","8","354","958","0","36.95","28.91"
"67","000","00","005","0510","0022","217","194","23","38","255","441","0","57.82","43.99"
"67","000","00","005","0511","0000","860","677","183","66","926","1673","0","55.35","40.47"
"67","000","00","005","0511","0023","339","258","81","41","380","677","0","56.13","38.11"
"67","000","00","005","0511","0024","521","419","102","25","546","996","0","54.82","42.07"
"67","000","00","005","0512","0000","561","424","137","18","579","1255","0","46.14","33.78"
"67","000","00","005","0512","0025","561","424","137","18","579","1255","0","46.14","33.78"
"67","000","00","005","0513","0000","531","411","120","17","548","1231","0","44.52","33.39"
"67","000","00","005","0513","0026","289","224","65","10","299","678","0","44.1","33.04"
"67","000","00","005","0513","0027","242","187","55","7","249","553","0","45.03","33.82"
"67","000","00","005","0514","0000","790","600","190","29","819","1805","0","45.37","33.24"
"67","000","00","005","0514","0028","222","161","61","12","234","616","0","37.99","26.14"
"67","000","00","005","0514","0029","568","439","129","17","585","1189","0","49.2","36.92"
"67","000","00","005","0518","0000","641","498","143","59","700","1475","0","47.46","33.76"
"67","000","00","005","0518","0013","158","129","29","19","177","371","0","47.71","34.77"
"67","000","00","005","0518","0014","314","235","79","19","333","676","0","49.26","34.76"
"67","000","00","005","0518","0015","169","134","35","21","190","428","0","44.39","31.31"
"67","000","00","005","0519","0000","449","372","77","30","479","1002","0","47.8","37.13"
"67","000","00","005","0519","0016","233","190","43","11","244","547","0","44.61","34.73"
"67","000","00","005","0519","0017","216","182","34","19","235","455","0","51.65","40.0"
"67","000","00","005","0522","0000","817","641","176","69","886","2003","0","44.23","32.0"
"67","000","00","005","0522","0018","402","320","82","32","434","984","0","44.11","32.52"
"67","000","00","005","0522","0019","203","155","48","21","224","483","0","46.38","32.09"
"67","000","00","005","0522","0020","212","166","46","16","228","536","0","42.54","30.97"
"67","000","00","005","0523","0000","861","619","242","38","899","2242","0","40.1","27.61"
"67","000","00","005","0523","0009","431","304","127","28","459","1085","0","42.3","28.02"
"67","000","00","005","0523","0010","430","315","115","10","440","1157","0","38.03","27.23"
"67","000","00","005","0524","0000","607","459","148","40","647","1213","0","53.34","37.84"
"67","000","00","005","0524","0011","359","286","73","29","388","755","0","51.39","37.88"
"67","000","00","005","0524","0012","248","173","75","11","259","458","0","56.55","37.77"
"67","000","00","006","0000","0000","6907","5363","1544","424","7331","18471","20870","39.69","29.03"
"67","000","00","006","0601","0000","599","473","126","23","622","1401","0","44.4","33.76"
"67","000","00","006","0601","0062","599","473","126","23","622","1401","0","44.4","33.76"
"67","000","00","006","0602","0000","977","735","242","66","1043","2488","0","41.92","29.54"
"67","000","00","006","0602","0063","482","367","115","27","509","1185","0","42.95","30.97"
"67","000","00","006","0602","0064","495","368","127","39","534","1303","0","40.98","28.24"
"67","000","00","006","0603","0000","545","422","123","37","582","1453","0","40.06","29.04"
"67","000","00","006","0603","0065","276","214","62","21","297","732","0","40.57","29.23"
"67","000","00","006","0603","0066","269","208","61","16","285","721","0","39.53","28.85"
"67","000","00","006","0604","0000","399","317","82","13","412","943","0","43.69","33.62"
"67","000","00","006","0604","0068","399","317","82","13","412","943","0","43.69","33.62"
"67","000","00","006","0605","0000","373","277","96","32","405","1104","0","36.68","25.09"
"67","000","00","006","0605","0067","373","277","96","32","405","1104","0","36.68","25.09"
"67","000","00","006","0606","0000","443","339","104","35","478","1249","0","38.27","27.14"
"67","000","00","006","0606","0069","181","141","40","4","185","653","0","28.33","21.59"
"67","000","00","006","0606","0070","262","198","64","31","293","596","0","49.16","33.22"
"67","000","00","006","0607","0000","366","281","85","36","402","878","0","45.79","32.0"
"67","000","00","006","0607","0071","366","281","85","36","402","878","0","45.79","32.0"
"67","000","00","006","0608","0000","107","88","19","2","109","425","0","25.65","20.71"
"67","000","00","006","0608","0075","107","88","19","2","109","425","0","25.65","20.71"
"67","000","00","006","0609","0000","142","123","19","9","151","394","0","38.32","31.22"
"67","000","00","006","0609","0076","142","123","19","9","151","394","0","38.32","31.22"
"67","000","00","006","0610","0000","179","139","40","13","192","373","0","51.47","37.27"
"67","000","00","006","0610","0077","179","139","40","13","192","373","0","51.47","37.27"
"67","000","00","006","0611","0000","733","599","134","31","764","2144","0","35.63","27.94"
"67","000","00","006","0611","0078","467","393","74","25","492","1257","0","39.14","31.26"
"67","000","00","006","0611","0079","266","206","60","6","272","887","0","30.67","23.22"
"67","000","00","006","0612","0000","194","164","30","7","201","658","0","30.55","24.92"
"67","000","00","006","0612","0080","194","164","30","7","201","658","0","30.55","24.92"
"67","000","00","006","0613","0000","325","258","67","19","344","1101","0","31.24","23.43"
"67","000","00","006","0613","0081","325","258","67","19","344","1101","0","31.24","23.43"
"67","000","00","006","0614","0000","328","258","70","11","339","1057","0","32.07","24.41"
"67","000","00","006","0614","0082","328","258","70","11","339","1057","0","32.07","24.41"
"67","000","00","006","0615","0000","407","314","93","21","428","909","0","47.08","34.54"
"67","000","00","006","0615","0083","296","228","68","15","311","639","0","48.67","35.68"
"67","000","00","006","0615","0084","111","86","25","6","117","270","0","43.33","31.85"
"67","000","00","006","0616","0000","790","576","214","69","859","1894","0","45.35","30.41"
"67","000","00","006","0616","0072","303","223","80","26","329","771","0","42.67","28.92"
"67","000","00","006","0616","0073","201","147","54","11","212","483","0","43.89","30.43"
"67","000","00","006","0616","0074","286","206","80","32","318","640","0","49.69","32.19"
"67","000","00","007","0000","0000","18374","13400","4974","751","19125","37963","44306","50.38","35.3"
"67","000","00","007","0703","0000","1410","1009","401","53","1463","2587","0","56.55","39.0"
"67","000","00","007","0703","0385","673","482","191","29","702","1262","0","55.63","38.19"
"67","000","00","007","0703","0386","737","527","210","24","761","1325","0","57.43","39.77"
"67","000","00","007","0704","0000","1281","900","381","35","1316","2505","0","52.53","35.93"
"67","000","00","007","0704","0387","689","474","215","20","709","1384","0","51.23","34.25"
"67","000","00","007","0704","0388","592","426","166","15","607","1121","0","54.15","38.0"
"67","000","00","007","0705","0000","1074","756","318","36","1110","2120","0","52.36","35.66"
"67","000","00","007","0705","0383","288","211","77","10","298","523","0","56.98","40.34"
"67","000","00","007","0705","0384","786","545","241","26","812","1597","0","50.85","34.13"
"67","000","00","007","0706","0000","954","682","272","26","980","1975","0","49.62","34.53"
"67","000","00","007","0706","0389","494","356","138","9","503","1021","0","49.27","34.87"
"67","000","00","007","0706","0390","460","326","134","17","477","954","0","50.0","34.17"
"67","000","00","007","0707","0000","691","500","191","14","705","1513","0","46.6","33.05"
"67","000","00","007","0707","0391","691","500","191","14","705","1513","0","46.6","33.05"
"67","000","00","007","0709","0000","1642","1219","423","58","1700","3530","0","48.16","34.53"
"67","000","00","007","0709","0392","767","565","202","24","791","1726","0","45.83","32.73"
"67","000","00","007","0709","0393","875","654","221","34","909","1804","0","50.39","36.25"
"67","000","00","007","0710","0000","527","410","117","20","547","1106","0","49.46","37.07"
"67","000","00","007","0710","0394","527","410","117","20","547","1106","0","49.46","37.07"
"67","000","00","007","0711","0000","1381","997","384","75","1456","2805","0","51.91","35.54"
"67","000","00","007","0711","0395","760","540","220","32","792","1503","0","52.69","35.93"
"67","000","00","007","0711","0396","621","457","164","43","664","1302","0","51.0","35.1"
"67","000","00","007","0714","0000","1069","770","299","46","1115","2330","0","47.85","33.05"
"67","000","00","007","0714","0399","749","544","205","33","782","1612","0","48.51","33.75"
"67","000","00","007","0714","0400","320","226","94","13","333","718","0","46.38","31.48"
"67","000","00","007","0715","0000","735","552","183","15","750","1656","0","45.29","33.33"
"67","000","00","007","0715","0401","735","552","183","15","750","1656","0","45.29","33.33"
"67","000","00","007","0717","0000","1022","729","293","59","1081","2332","0","46.36","31.26"
"67","000","00","007","0717","0402","626","438","188","43","669","1355","0","49.37","32.32"
"67","000","00","007","0717","0403","396","291","105","16","412","977","0","42.17","29.79"
"67","000","00","007","0719","0000","947","685","262","43","990","2105","0","47.03","32.54"
"67","000","00","007","0719","0404","456","332","124","26","482","1012","0","47.63","32.81"
"67","000","00","007","0719","0405","334","229","105","15","349","626","0","55.75","36.58"
"67","000","00","007","0719","0406","157","124","33","2","159","467","0","34.05","26.55"
"67","000","00","007","0721","0000","580","434","146","19","599","1260","0","47.54","34.44"
"67","000","00","007","0721","0407","580","434","146","19","599","1260","0","47.54","34.44"
"67","000","00","007","0722","0000","571","438","133","28","599","1111","0","53.92","39.42"
"67","000","00","007","0722","0408","571","438","133","28","599","1111","0","53.92","39.42"
"67","000","00","007","0724","0000","676","493","183","51","727","1348","0","53.93","36.57"
"67","000","00","007","0724","0409","281","190","91","19","300","550","0","54.55","34.55"
"67","000","00","007","0724","0410","395","303","92","32","427","798","0","53.51","37.97"
"67","000","00","007","0728","0000","402","281","121","18","420","941","0","44.63","29.86"
"67","000","00","007","0728","0413","402","281","121","18","420","941","0","44.63","29.86"
"67","000","00","007","0730","0000","963","708","255","48","1011","1865","0","54.21","37.96"
"67","000","00","007","0730","0381","609","452","157","31","640","1205","0","53.11","37.51"
"67","000","00","007","0730","0382","354","256","98","17","371","660","0","56.21","38.79"
"67","000","00","007","0731","0000","804","595","209","55","859","1682","0","51.07","35.37"
"67","000","00","007","0731","0411","461","344","117","48","509","852","0","59.74","40.38"
"67","000","00","007","0731","0412","343","251","92","7","350","830","0","42.17","30.24"
"67","000","00","007","0732","0000","906","669","237","23","929","1770","0","52.49","37.8"
"67","000","00","007","0732","0414","620","458","162","15","635","1158","0","54.84","39.55"
"67","000","00","007","0732","0415","286","211","75","8","294","612","0","48.04","34.48"
"67","000","00","007","0733","0000","739","573","166","29","768","1422","0","54.01","40.3"
"67","000","00","007","0733","0397","319","241","78","11","330","645","0","51.16","37.36"
"67","000","00","007","0733","0398","420","332","88","18","438","777","0","56.37","42.73"
"67","000","00","008","0000","0000","9605","7279","2326","521","10126","20947","23938","48.34","34.75"
"67","000","00","008","0801","0000","677","519","158","31","708","1558","0","45.44","33.31"
"67","000","00","008","0801","0343","677","519","158","31","708","1558","0","45.44","33.31"
"67","000","00","008","0802","0000","851","613","238","48","899","2005","0","44.84","30.57"
"67","000","00","008","0802","0344","450","310","140","20","470","1112","0","42.27","27.88"
"67","000","00","008","0802","0345","401","303","98","28","429","893","0","48.04","33.93"
"67","000","00","008","0803","0000","696","530","166","34","730","1623","0","44.98","32.66"
"67","000","00","008","0803","0346","696","530","166","34","730","1623","0","44.98","32.66"
"67","000","00","008","0804","0000","740","549","191","50","790","1568","0","50.38","35.01"
"67","000","00","008","0804","0347","740","549","191","50","790","1568","0","50.38","35.01"
"67","000","00","008","0805","0000","923","721","202","33","956","1938","0","49.33","37.2"
"67","000","00","008","0805","0348","491","388","103","19","510","985","0","51.78","39.39"
"67","000","00","008","0805","0349","432","333","99","14","446","953","0","46.8","34.94"
"67","000","00","008","0806","0000","1064","798","266","47","1111","2108","0","52.7","37.86"
"67","000","00","008","0806","0350","490","360","130","14","504","1031","0","48.88","34.92"
"67","000","00","008","0806","0351","574","438","136","33","607","1077","0","56.36","40.67"
"67","000","00","008","0811","0000","883","672","211","55","938","1894","0","49.52","35.48"
"67","000","00","008","0811","0356","456","353","103","33","489","959","0","50.99","36.81"
"67","000","00","008","0811","0357","427","319","108","22","449","935","0","48.02","34.12"
"67","000","00","008","0812","0000","443","331","112","24","467","893","0","52.3","37.07"
"67","000","00","008","0812","0358","443","331","112","24","467","893","0","52.3","37.07"
"67","000","00","008","0813","0000","645","507","138","40","685","1293","0","52.98","39.21"
"67","000","00","008","0813","0359","645","507","138","40","685","1293","0","52.98","39.21"
"67","000","00","008","0816","0000","1060","806","254","49","1109","2255","0","49.18","35.74"
"67","000","00","008","0816","0354","575","439","136","38","613","1164","0","52.66","37.71"
"67","000","00","008","0816","0355","485","367","118","11","496","1091","0","45.46","33.64"
"67","000","00","008","0817","0000","637","479","158","38","675","1557","0","43.35","30.76"
"67","000","00","008","0817","0352","273","198","75","24","297","703","0","42.25","28.17"
"67","000","00","008","0817","0353","364","281","83","14","378","854","0","44.26","32.9"
"67","000","00","008","0818","0000","986","754","232","72","1058","2255","0","46.92","33.44"
"67","000","00","008","0818","0360","569","419","150","57","626","1185","0","52.83","35.36"
"67","000","00","008","0818","0361","417","335","82","15","432","1070","0","40.37","31.31"
"67","000","00","009","0000","0000","8836","6261","2575","572","9408","19144","22196","49.14","32.7"
"67","000","00","009","0901","0000","1413","768","645","70","1483","2908","0","51.0","26.41"
"67","000","00","009","0901","0362","441","345","96","29","470","819","0","57.39","42.12"
"67","000","00","009","0901","0363","316","232","84","18","334","645","0","51.78","35.97"
"67","000","00","009","0901","0364","656","191","465","23","679","1444","0","47.02","13.23"
"67","000","00","009","0902","0000","1112","806","306","91","1203","2725","0","44.15","29.58"
"67","000","00","009","0902","0365","623","470","153","54","677","1554","0","43.56","30.24"
"67","000","00","009","0902","0366","489","336","153","37","526","1171","0","44.92","28.69"
"67","000","00","009","0903","0000","619","454","165","35","654","1351","0","48.41","33.6"
"67","000","00","009","0903","0367","619","454","165","35","654","1351","0","48.41","33.6"
"67","000","00","009","0905","0000","808","595","213","99","907","1929","0","47.02","30.84"
"67","000","00","009","0905","0368","417","303","114","50","467","1010","0","46.24","30.0"
"67","000","00","009","0905","0369","391","292","99","49","440","919","0","47.88","31.77"
"67","000","00","009","0906","0000","1629","1190","439","110","1739","3360","0","51.76","35.42"
"67","000","00","009","0906","0370","629","444","185","39","668","1369","0","48.79","32.43"
"67","000","00","009","0906","0371","483","355","128","34","517","976","0","52.97","36.37"
"67","000","00","009","0906","0372","517","391","126","37","554","1015","0","54.58","38.52"
"67","000","00","009","0907","0000","984","737","247","49","1033","2115","0","48.84","34.85"
"67","000","00","009","0907","0373","526","389","137","19","545","1176","0","46.34","33.08"
"67","000","00","009","0907","0374","458","348","110","30","488","939","0","51.97","37.06"
"67","000","00","009","0908","0000","800","566","234","40","840","1593","0","52.73","35.53"
"67","000","00","009","0908","0375","355","253","102","21","376","712","0","52.81","35.53"
"67","000","00","009","0908","0376","445","313","132","19","464","881","0","52.67","35.53"
"67","000","00","009","0909","0000","652","487","165","38","690","1184","0","58.28","41.13"
"67","000","00","009","0909","0377","652","487","165","38","690","1184","0","58.28","41.13"
"67","000","00","009","0910","0000","348","284","64","19","367","599","0","61.27","47.41"
"67","000","00","009","0910","0378","348","284","64","19","367","599","0","61.27","47.41"
"67","000","00","009","0911","0000","235","193","42","7","242","759","0","31.88","25.43"
"67","000","00","009","0911","0379","235","193","42","7","242","759","0","31.88","25.43"
"67","000","00","009","0912","0000","236","181","55","14","250","621","0","40.26","29.15"
"67","000","00","009","0912","0380","236","181","55","14","250","621","0","40.26","29.15"
"67","000","00","010","0000","0000","8904","6624","2280","429","9333","18675","21329","49.98","35.47"
"67","000","00","010","1001","0000","955","723","232","41","996","2069","0","48.14","34.94"
"67","000","00","010","1001","0416","509","389","120","13","522","1104","0","47.28","35.24"
"67","000","00","010","1001","0417","446","334","112","28","474","965","0","49.12","34.61"
"67","000","00","010","1002","0000","1550","1153","397","83","1633","3055","0","53.45","37.74"
"67","000","00","010","1002","0418","698","520","178","25","723","1402","0","51.57","37.09"
"67","000","00","010","1002","0419","852","633","219","58","910","1653","0","55.05","38.29"
"67","000","00","010","1005","0000","132","90","42","2","134","402","0","33.33","22.39"
"67","000","00","010","1005","0422","132","90","42","2","134","402","0","33.33","22.39"
"67","000","00","010","1006","0000","929","703","226","30","959","1957","0","49.0","35.92"
"67","000","00","010","1006","0423","505","371","134","6","511","982","0","52.04","37.78"
"67","000","00","010","1006","0424","424","332","92","24","448","975","0","45.95","34.05"
"67","000","00","010","1007","0000","1707","1231","476","55","1762","3375","0","52.21","36.47"
"67","000","00","010","1007","0425","384","276","108","15","399","802","0","49.75","34.41"
"67","000","00","010","1007","0426","600","450","150","21","621","1118","0","55.55","40.25"
"67","000","00","010","1007","0427","723","505","218","19","742","1455","0","51.0","34.71"
"67","000","00","010","1008","0000","584","441","143","24","608","1208","0","50.33","36.51"
"67","000","00","010","1008","0428","584","441","143","24","608","1208","0","50.33","36.51"
"67","000","00","010","1013","0000","371","298","73","14","385","873","0","44.1","34.14"
"67","000","00","010","1013","0435","371","298","73","14","385","873","0","44.1","34.14"
"67","000","00","010","1014","0000","535","390","145","41","576","1250","0","46.08","31.2"
"67","000","00","010","1014","0420","417","301","116","33","450","966","0","46.58","31.16"
"67","000","00","010","1014","0421","118","89","29","8","126","284","0","44.37","31.34"
"67","000","00","010","1015","0000","1302","974","328","67","1369","2586","0","52.94","37.66"
"67","000","00","010","1015","0431","240","183","57","8","248","501","0","49.5","36.53"
"67","000","00","010","1015","0432","384","286","98","24","408","728","0","56.04","39.29"
"67","000","00","010","1015","0433","423","308","115","12","435","842","0","51.66","36.58"
"67","000","00","010","1015","0434","255","197","58","23","278","515","0","53.98","38.25"
"67","000","00","010","1016","0000","839","621","218","72","911","1900","0","47.95","32.68"
"67","000","00","010","1016","0429","593","450","143","53","646","1293","0","49.96","34.8"
"67","000","00","010","1016","0430","246","171","75","19","265","607","0","43.66","28.17"
"67","000","00","011","0000","0000","4021","3200","821","253","4274","8654","9643","49.39","36.98"
"67","000","00","011","1101","0000","402","333","69","23","425","1021","0","41.63","32.62"
"67","000","00","011","1101","0436","317","264","53","19","336","759","0","44.27","34.78"
"67","000","00","011","1101","0437","85","69","16","4","89","262","0","33.97","26.34"
"67","000","00","011","1102","0000","256","199","57","13","269","646","0","41.64","30.8"
"67","000","00","011","1102","0438","256","199","57","13","269","646","0","41.64","30.8"
"67","000","00","011","1103","0000","590","452","138","20","610","1473","0","41.41","30.69"
"67","000","00","011","1103","0439","590","452","138","20","610","1473","0","41.41","30.69"
"67","000","00","011","1104","0000","457","378","79","42","499","915","0","54.54","41.31"
"67","000","00","011","1104","0440","457","378","79","42","499","915","0","54.54","41.31"
"67","000","00","011","1105","0000","409","303","106","36","445","779","0","57.12","38.9"
"67","000","00","011","1105","0441","409","303","106","36","445","779","0","57.12","38.9"
"67","000","00","011","1106","0000","367","272","95","26","393","637","0","61.7","42.7"
"67","000","00","011","1106","0442","367","272","95","26","393","637","0","61.7","42.7"
"67","000","00","011","1107","0000","458","367","91","23","481","993","0","48.44","36.96"
"67","000","00","011","1107","0443","458","367","91","23","481","993","0","48.44","36.96"
"67","000","00","011","1108","0000","396","334","62","21","417","766","0","54.44","43.6"
"67","000","00","011","1108","0444","396","334","62","21","417","766","0","54.44","43.6"
"67","000","00","011","1109","0000","418","343","75","26","444","841","0","52.79","40.78"
"67","000","00","011","1109","0445","418","343","75","26","444","841","0","52.79","40.78"
"67","000","00","011","1110","0000","268","219","49","23","291","583","0","49.91","37.56"
"67","000","00","011","1110","0446","268","219","49","23","291","583","0","49.91","37.56"
"67","000","00","012","0000","0000","25682","19170","6512","1073","26755","50407","59087","53.08","38.03"
"67","000","00","012","1201","0000","1229","923","306","46","1275","2220","0","57.43","41.58"
"67","000","00","012","1201","0282","751","565","186","31","782","1391","0","56.22","40.62"
"67","000","00","012","1201","0283","478","358","120","15","493","829","0","59.47","43.18"
"67","000","00","012","1202","0000","1327","1001","326","40","1367","2853","0","47.91","35.09"
"67","000","00","012","1202","0284","671","500","171","22","693","1401","0","49.46","35.69"
"67","000","00","012","1202","0285","656","501","155","18","674","1452","0","46.42","34.5"
"67","000","00","012","1203","0000","2837","2108","729","145","2982","5611","0","53.15","37.57"
"67","000","00","012","1203","0286","719","520","199","31","750","1382","0","54.27","37.63"
"67","000","00","012","1203","0287","733","547","186","49","782","1463","0","53.45","37.39"
"67","000","00","012","1203","0288","619","481","138","27","646","1280","0","50.47","37.58"
"67","000","00","012","1203","0289","766","560","206","38","804","1486","0","54.1","37.69"
"67","000","00","012","1204","0000","2057","1506","551","94","2151","4204","0","51.17","35.82"
"67","000","00","012","1204","0297","701","499","202","28","729","1425","0","51.16","35.02"
"67","000","00","012","1204","0298","634","475","159","26","660","1255","0","52.59","37.85"
"67","000","00","012","1204","0299","722","532","190","40","762","1524","0","50.0","34.91"
"67","000","00","012","1205","0000","3089","2303","786","134","3223","5877","0","54.84","39.19"
"67","000","00","012","1205","0290","725","508","217","46","771","1378","0","55.95","36.87"
"67","000","00","012","1205","0291","812","628","184","35","847","1505","0","56.28","41.73"
"67","000","00","012","1205","0292","942","719","223","30","972","1860","0","52.26","38.66"
"67","000","00","012","1205","0293","610","448","162","23","633","1134","0","55.82","39.51"
"67","000","00","012","1206","0000","2077","1513","564","52","2129","4059","0","52.45","37.28"
"67","000","00","012","1206","0303","714","519","195","22","736","1381","0","53.29","37.58"
"67","000","00","012","1206","0304","671","498","173","16","687","1364","0","50.37","36.51"
"67","000","00","012","1206","0305","692","496","196","14","706","1314","0","53.73","37.75"
"67","000","00","012","1207","0000","1120","856","264","51","1171","2125","0","55.11","40.28"
"67","000","00","012","1207","0306","622","484","138","28","650","1164","0","55.84","41.58"
"67","000","00","012","1207","0307","498","372","126","23","521","961","0","54.21","38.71"
"67","000","00","012","1212","0000","1012","779","233","56","1068","2209","0","48.35","35.26"
"67","000","00","012","1212","0312","686","524","162","36","722","1507","0","47.91","34.77"
"67","000","00","012","1212","0313","326","255","71","20","346","702","0","49.29","36.32"
"67","000","00","012","1219","0000","746","567","179","35","781","1513","0","51.62","37.48"
"67","000","00","012","1219","0319","746","567","179","35","781","1513","0","51.62","37.48"
"67","000","00","012","1220","0000","1108","832","276","61","1169","2410","0","48.51","34.52"
"67","000","00","012","1220","0320","317","245","72","15","332","714","0","46.5","34.31"
"67","000","00","012","1220","0321","352","271","81","25","377","745","0","50.6","36.38"
"67","000","00","012","1220","0322","439","316","123","21","460","951","0","48.37","33.23"
"67","000","00","012","1222","0000","524","390","134","27","551","1072","0","51.4","36.38"
"67","000","00","012","1222","0310","342","262","80","19","361","689","0","52.39","38.03"
"67","000","00","012","1222","0311","182","128","54","8","190","383","0","49.61","33.42"
"67","000","00","012","1223","0000","2702","1979","723","67","2769","5111","0","54.18","38.72"
"67","000","00","012","1223","0294","751","553","198","20","771","1426","0","54.07","38.78"
"67","000","00","012","1223","0295","922","671","251","25","947","1779","0","53.23","37.72"
"67","000","00","012","1223","0296","1029","755","274","22","1051","1906","0","55.14","39.61"
"67","000","00","012","1224","0000","1121","856","265","42","1163","2137","0","54.42","40.06"
"67","000","00","012","1224","0308","618","474","144","30","648","1218","0","53.2","38.92"
"67","000","00","012","1224","0309","503","382","121","12","515","919","0","56.04","41.57"
"67","000","00","012","1225","0000","1004","787","217","57","1061","1844","0","57.54","42.68"
"67","000","00","012","1225","0314","474","391","83","26","500","907","0","55.13","43.11"
"67","000","00","012","1225","0315","530","396","134","31","561","937","0","59.87","42.26"
"67","000","00","012","1226","0000","1406","1082","324","68","1474","2798","0","52.68","38.67"
"67","000","00","012","1226","0316","543","395","148","20","563","1030","0","54.66","38.35"
"67","000","00","012","1226","0317","488","382","106","31","519","981","0","52.91","38.94"
"67","000","00","012","1226","0318","375","305","70","17","392","787","0","49.81","38.75"
"67","000","00","012","1227","0000","2323","1688","635","98","2421","4364","0","55.48","38.68"
"67","000","00","012","1227","0300","818","570","248","19","837","1631","0","51.32","34.95"
"67","000","00","012","1227","0301","819","612","207","53","872","1546","0","56.4","39.59"
"67","000","00","012","1227","0302","686","506","180","26","712","1187","0","59.98","42.63"
"67","000","00","013","0000","0000","10460","8001","2459","489","10949","22567","25725","48.52","35.45"
"67","000","00","013","1301","0000","1923","1476","447","89","2012","3852","0","52.23","38.32"
"67","000","00","013","1301","0216","687","525","162","24","711","1370","0","51.9","38.32"
"67","000","00","013","1301","0217","587","445","142","27","614","1117","0","54.97","39.84"
"67","000","00","013","1301","0218","649","506","143","38","687","1365","0","50.33","37.07"
"67","000","00","013","1302","0000","1083","804","279","29","1112","2235","0","49.75","35.97"
"67","000","00","013","1302","0221","519","393","126","17","536","1052","0","50.95","37.36"
"67","000","00","013","1302","0222","564","411","153","12","576","1183","0","48.69","34.74"
"67","000","00","013","1303","0000","463","359","104","21","484","1238","0","39.1","29.0"
"67","000","00","013","1303","0227","317","251","66","15","332","832","0","39.9","30.17"
"67","000","00","013","1303","0228","146","108","38","6","152","406","0","37.44","26.6"
"67","000","00","013","1304","0000","406","319","87","23","429","818","0","52.44","39.0"
"67","000","00","013","1304","0229","406","319","87","23","429","818","0","52.44","39.0"
"67","000","00","013","1305","0000","876","677","199","47","923","1900","0","48.58","35.63"
"67","000","00","013","1305","0213","316","238","78","24","340","635","0","53.54","37.48"
"67","000","00","013","1305","0214","374","282","92","11","385","822","0","46.84","34.31"
"67","000","00","013","1305","0215","186","157","29","12","198","443","0","44.7","35.44"
"67","000","00","013","1306","0000","1280","955","325","52","1332","2409","0","55.29","39.64"
"67","000","00","013","1306","0208","457","332","125","34","491","862","0","56.96","38.52"
"67","000","00","013","1306","0209","353","257","96","3","356","611","0","58.27","42.06"
"67","000","00","013","1306","0210","470","366","104","15","485","936","0","51.82","39.1"
"67","000","00","013","1307","0000","973","723","250","38","1011","1935","0","52.25","37.36"
"67","000","00","013","1307","0211","498","378","120","27","525","1066","0","49.25","35.46"
"67","000","00","013","1307","0212","475","345","130","11","486","869","0","55.93","39.7"
"67","000","00","013","1308","0000","515","386","129","44","559","1241","0","45.04","31.1"
"67","000","00","013","1308","0224","515","386","129","44","559","1241","0","45.04","31.1"
"67","000","00","013","1309","0000","410","304","106","7","417","1052","0","39.64","28.9"
"67","000","00","013","1309","0230","410","304","106","7","417","1052","0","39.64","28.9"
"67","000","00","013","1310","0000","928","726","202","59","987","2116","0","46.64","34.31"
"67","000","00","013","1310","0219","683","528","155","34","717","1489","0","48.15","35.46"
"67","000","00","013","1310","0220","245","198","47","25","270","627","0","43.06","31.58"
"67","000","00","013","1311","0000","422","329","93","12","434","979","0","44.33","33.61"
"67","000","00","013","1311","0223","422","329","93","12","434","979","0","44.33","33.61"
"67","000","00","013","1312","0000","590","467","123","32","622","1369","0","45.43","34.11"
"67","000","00","013","1312","0231","251","190","61","11","262","578","0","45.33","32.87"
"67","000","00","013","1312","0232","172","139","33","12","184","430","0","42.79","32.33"
"67","000","00","013","1312","0233","167","138","29","9","176","361","0","48.75","38.23"
"67","000","00","013","1313","0000","591","476","115","36","627","1423","0","44.06","33.45"
"67","000","00","013","1313","0225","329","267","62","13","342","843","0","40.57","31.67"
"67","000","00","013","1313","0226","262","209","53","23","285","580","0","49.14","36.03"
"67","000","00","014","0000","0000","9811","7409","2402","422","10233","21564","24724","47.45","34.36"
"67","000","00","014","1401","0000","1538","1139","399","47","1585","3148","0","50.35","36.18"
"67","000","00","014","1401","0323","460","346","114","15","475","933","0","50.91","37.08"
"67","000","00","014","1401","0324","461","330","131","15","476","901","0","52.83","36.63"
"67","000","00","014","1401","0325","617","463","154","17","634","1314","0","48.25","35.24"
"67","000","00","014","1402","0000","1047","754","293","47","1094","2401","0","45.56","31.4"
"67","000","00","014","1402","0329","722","516","206","40","762","1663","0","45.82","31.03"
"67","000","00","014","1402","0330","325","238","87","7","332","738","0","44.99","32.25"
"67","000","00","014","1403","0000","796","590","206","43","839","1593","0","52.67","37.04"
"67","000","00","014","1403","0331","617","449","168","29","646","1211","0","53.34","37.08"
"67","000","00","014","1403","0332","179","141","38","14","193","382","0","50.52","36.91"
"67","000","00","014","1404","0000","759","592","167","28","787","1624","0","48.46","36.45"
"67","000","00","014","1404","0333","370","298","72","18","388","786","0","49.36","37.91"
"67","000","00","014","1404","0334","389","294","95","10","399","838","0","47.61","35.08"
"67","000","00","014","1405","0000","599","428","171","30","629","1449","0","43.41","29.54"
"67","000","00","014","1405","0335","599","428","171","30","629","1449","0","43.41","29.54"
"67","000","00","014","1406","0000","603","451","152","20","623","1479","0","42.12","30.49"
"67","000","00","014","1406","0336","603","451","152","20","623","1479","0","42.12","30.49"
"67","000","00","014","1407","0000","405","326","79","27","432","763","0","56.62","42.73"
"67","000","00","014","1407","0337","405","326","79","27","432","763","0","56.62","42.73"
"67","000","00","014","1408","0000","460","417","43","20","480","1297","0","37.01","32.15"
"67","000","00","014","1408","0338","460","417","43","20","480","1297","0","37.01","32.15"
"67","000","00","014","1409","0000","656","497","159","22","678","1393","0","48.67","35.68"
"67","000","00","014","1409","0339","656","497","159","22","678","1393","0","48.67","35.68"
"67","000","00","014","1410","0000","605","458","147","20","625","1349","0","46.33","33.95"
"67","000","00","014","1410","0340","396","302","94","10","406","958","0","42.38","31.52"
"67","000","00","014","1410","0341","209","156","53","10","219","391","0","56.01","39.9"
"67","000","00","014","1411","0000","402","312","90","21","423","805","0","52.55","38.76"
"67","000","00","014","1411","0342","402","312","90","21","423","805","0","52.55","38.76"
"67","000","00","014","1412","0000","1941","1445","496","97","2038","4263","0","47.81","33.9"
"67","000","00","014","1412","0326","648","474","174","46","694","1349","0","51.45","35.14"
"67","000","00","014","1412","0327","538","405","133","29","567","1014","0","55.92","39.94"
"67","000","00","014","1412","0328","755","566","189","22","777","1900","0","40.89","29.79"
"67","000","00","015","0000","0000","9269","7258","2011","387","9656","19950","22810","48.4","36.38"
"67","000","00","015","1501","0000","533","410","123","14","547","1042","0","52.5","39.35"
"67","000","00","015","1501","0258","248","189","59","9","257","534","0","48.13","35.39"
"67","000","00","015","1501","0259","285","221","64","5","290","508","0","57.09","43.5"
"67","000","00","015","1502","0000","270","212","58","6","276","665","0","41.5","31.88"
"67","000","00","015","1502","0260","270","212","58","6","276","665","0","41.5","31.88"
"67","000","00","015","1504","0000","373","290","83","16","389","834","0","46.64","34.77"
"67","000","00","015","1504","0261","373","290","83","16","389","834","0","46.64","34.77"
"67","000","00","015","1505","0000","393","338","55","9","402","810","0","49.63","41.73"
"67","000","00","015","1505","0262","393","338","55","9","402","810","0","49.63","41.73"
"67","000","00","015","1506","0000","204","178","26","4","208","480","0","43.33","37.08"
"67","000","00","015","1506","0263","204","178","26","4","208","480","0","43.33","37.08"
"67","000","00","015","1507","0000","181","145","36","5","186","445","0","41.8","32.58"
"67","000","00","015","1507","0264","181","145","36","5","186","445","0","41.8","32.58"
"67","000","00","015","1508","0000","693","573","120","26","719","1618","0","44.44","35.41"
"67","000","00","015","1508","0266","355","290","65","15","370","838","0","44.15","34.61"
"67","000","00","015","1508","0267","338","283","55","11","349","780","0","44.74","36.28"
"67","000","00","015","1509","0000","191","144","47","7","198","350","0","56.57","41.14"
"67","000","00","015","1509","0268","191","144","47","7","198","350","0","56.57","41.14"
"67","000","00","015","1510","0000","498","365","133","37","535","907","0","58.99","40.24"
"67","000","00","015","1510","0269","498","365","133","37","535","907","0","58.99","40.24"
"67","000","00","015","1511","0000","340","268","72","15","355","780","0","45.51","34.36"
"67","000","00","015","1511","0270","340","268","72","15","355","780","0","45.51","34.36"
"67","000","00","015","1512","0000","1192","933","259","37","1229","2571","0","47.8","36.29"
"67","000","00","015","1512","0271","743","556","187","20","763","1658","0","46.02","33.53"
"67","000","00","015","1512","0272","449","377","72","17","466","913","0","51.04","41.29"
"67","000","00","015","1515","0000","845","622","223","42","887","1898","0","46.73","32.77"
"67","000","00","015","1515","0273","569","406","163","33","602","1202","0","50.08","33.78"
"67","000","00","015","1515","0274","276","216","60","9","285","696","0","40.95","31.03"
"67","000","00","015","1517","0000","213","178","35","4","217","680","0","31.91","26.18"
"67","000","00","015","1517","0265","213","178","35","4","217","680","0","31.91","26.18"
"67","000","00","015","1518","0000","685","530","155","39","724","1269","0","57.05","41.77"
"67","000","00","015","1518","0275","313","235","78","21","334","647","0","51.62","36.32"
"67","000","00","015","1518","0276","372","295","77","18","390","622","0","62.7","47.43"
"67","000","00","015","1519","0000","972","748","224","46","1018","1873","0","54.35","39.94"
"67","000","00","015","1519","0277","650","515","135","35","685","1175","0","58.3","43.83"
"67","000","00","015","1519","0278","322","233","89","11","333","698","0","47.71","33.38"
"67","000","00","015","1521","0000","489","394","95","26","515","983","0","52.39","40.08"
"67","000","00","015","1521","0279","489","394","95","26","515","983","0","52.39","40.08"
"67","000","00","015","1522","0000","611","480","131","27","638","1366","0","46.71","35.14"
"67","000","00","015","1522","0280","611","480","131","27","638","1366","0","46.71","35.14"
"67","000","00","015","1523","0000","586","450","136","27","613","1379","0","44.45","32.63"
"67","000","00","015","1523","0281","586","450","136","27","613","1379","0","44.45","32.63"
"67","000","00","016","0000","0000","8091","5971","2120","359","8450","17754","19691","47.59","33.63"
"67","000","00","016","1601","0000","619","470","149","34","653","1110","0","58.83","42.34"
"67","000","00","016","1601","0234","619","470","149","34","653","1110","0","58.83","42.34"
"67","000","00","016","1613","0000","370","286","84","6","376","849","0","44.29","33.69"
"67","000","00","016","1613","0250","370","286","84","6","376","849","0","44.29","33.69"
"67","000","00","016","1614","0000","254","207","47","13","267","645","0","41.4","32.09"
"67","000","00","016","1614","0251","254","207","47","13","267","645","0","41.4","32.09"
"67","000","00","016","1615","0000","541","455","86","20","561","1353","0","41.46","33.63"
"67","000","00","016","1615","0252","303","255","48","14","317","690","0","45.94","36.96"
"67","000","00","016","1615","0253","238","200","38","6","244","663","0","36.8","30.17"
"67","000","00","016","1616","0000","536","41","495","23","559","1175","0","47.57","3.49"
"67","000","00","016","1616","0254","536","41","495","23","559","1175","0","47.57","3.49"
"67","000","00","016","1617","0000","829","671","158","72","901","1898","0","47.47","35.35"
"67","000","00","016","1617","0255","328","275","53","16","344","837","0","41.1","32.86"
"67","000","00","016","1617","0256","501","396","105","56","557","1061","0","52.5","37.32"
"67","000","00","016","1618","0000","409","340","69","9","418","976","0","42.83","34.84"
"67","000","00","016","1618","0257","409","340","69","9","418","976","0","42.83","34.84"
"67","000","00","016","1619","0000","481","388","93","13","494","1223","0","40.39","31.73"
"67","000","00","016","1619","0245","261","206","55","4","265","650","0","40.77","31.69"
"67","000","00","016","1619","0246","220","182","38","9","229","573","0","39.97","31.76"
"67","000","00","016","1620","0000","1170","916","254","38","1208","2387","0","50.61","38.37"
"67","000","00","016","1620","0235","696","544","152","19","715","1418","0","50.42","38.36"
"67","000","00","016","1620","0236","474","372","102","19","493","969","0","50.88","38.39"
"67","000","00","016","1621","0000","1225","912","313","58","1283","2482","0","51.69","36.74"
"67","000","00","016","1621","0237","291","215","76","22","313","519","0","60.31","41.43"
"67","000","00","016","1621","0238","550","413","137","9","559","1106","0","50.54","37.34"
"67","000","00","016","1621","0239","250","178","72","24","274","542","0","50.55","32.84"
"67","000","00","016","1621","0240","134","106","28","3","137","315","0","43.49","33.65"
"67","000","00","016","1622","0000","893","670","223","44","937","2032","0","46.11","32.97"
"67","000","00","016","1622","0241","242","189","53","9","251","584","0","42.98","32.36"
"67","000","00","016","1622","0242","183","136","47","8","191","398","0","47.99","34.17"
"67","000","00","016","1622","0243","254","191","63","12","266","608","0","43.75","31.41"
"67","000","00","016","1622","0244","214","154","60","15","229","442","0","51.81","34.84"
"67","000","00","016","1623","0000","764","615","149","29","793","1624","0","48.83","37.87"
"67","000","00","016","1623","0247","268","213","55","7","275","617","0","44.57","34.52"
"67","000","00","016","1623","0248","279","222","57","16","295","573","0","51.48","38.74"
"67","000","00","016","1623","0249","217","180","37","6","223","434","0","51.38","41.47"
"67","000","00","017","0000","0000","4078","3242","836","183","4261","9925","11099","42.93","32.66"
"67","000","00","017","1701","0000","580","481","99","13","593","1341","0","44.22","35.87"
"67","000","00","017","1701","0196","318","266","52","5","323","742","0","43.53","35.85"
"67","000","00","017","1701","0197","262","215","47","8","270","599","0","45.08","35.89"
"67","000","00","017","1702","0000","175","132","43","4","179","473","0","37.84","27.91"
"67","000","00","017","1702","0201","175","132","43","4","179","473","0","37.84","27.91"
"67","000","00","017","1705","0000","404","330","74","13","417","838","0","49.76","39.38"
"67","000","00","017","1705","0192","200","169","31","2","202","456","0","44.3","37.06"
"67","000","00","017","1705","0193","204","161","43","11","215","382","0","56.28","42.15"
"67","000","00","017","1706","0000","337","279","58","13","350","954","0","36.69","29.25"
"67","000","00","017","1706","0202","337","279","58","13","350","954","0","36.69","29.25"
"67","000","00","017","1707","0000","410","330","80","35","445","1200","0","37.08","27.5"
"67","000","00","017","1707","0204","228","185","43","11","239","679","0","35.2","27.25"
"67","000","00","017","1707","0205","182","145","37","24","206","521","0","39.54","27.83"
"67","000","00","017","1709","0000","342","273","69","15","357","745","0","47.92","36.64"
"67","000","00","017","1709","0194","179","139","40","8","187","356","0","52.53","39.04"
"67","000","00","017","1709","0195","163","134","29","7","170","389","0","43.7","34.45"
"67","000","00","017","1711","0000","380","303","77","22","402","737","0","54.55","41.11"
"67","000","00","017","1711","0203","380","303","77","22","402","737","0","54.55","41.11"
"67","000","00","017","1713","0000","388","283","105","20","408","885","0","46.1","31.98"
"67","000","00","017","1713","0190","232","164","68","11","243","484","0","50.21","33.88"
"67","000","00","017","1713","0191","156","119","37","9","165","401","0","41.15","29.68"
"67","000","00","017","1714","0000","582","456","126","27","609","1484","0","41.04","30.73"
"67","000","00","017","1714","0198","236","190","46","14","250","594","0","42.09","31.99"
"67","000","00","017","1714","0199","236","188","48","11","247","572","0","43.18","32.87"
"67","000","00","017","1714","0200","110","78","32","2","112","318","0","35.22","24.53"
"67","000","00","017","1715","0000","480","375","105","21","501","1268","0","39.51","29.57"
"67","000","00","017","1715","0206","228","186","42","14","242","632","0","38.29","29.43"
"67","000","00","017","1715","0207","252","189","63","7","259","636","0","40.72","29.72"
"67","000","00","018","0000","0000","19458","14534","4924","878","20336","37296","43516","54.53","38.97"
"67","000","00","018","1801","0000","1822","1362","460","73","1895","3165","0","59.87","43.03"
"67","000","00","018","1801","0581","432","339","93","23","455","746","0","60.99","45.44"
"67","000","00","018","1801","0582","635","461","174","19","654","1102","0","59.35","41.83"
"67","000","00","018","1801","0583","208","164","44","11","219","370","0","59.19","44.32"
"67","000","00","018","1801","0584","547","398","149","20","567","947","0","59.87","42.03"
"67","000","00","018","1802","0000","2069","1551","518","103","2172","3951","0","54.97","39.26"
"67","000","00","018","1802","0585","584","461","123","28","612","1154","0","53.03","39.95"
"67","000","00","018","1802","0586","568","402","166","39","607","1082","0","56.1","37.15"
"67","000","00","018","1802","0587","587","442","145","24","611","1075","0","56.84","41.12"
"67","000","00","018","1802","0588","330","246","84","12","342","640","0","53.44","38.44"
"67","000","00","018","1803","0000","1361","1000","361","51","1412","2757","0","51.22","36.27"
"67","000","00","018","1803","0589","211","153","58","9","220","410","0","53.66","37.32"
"67","000","00","018","1803","0590","264","202","62","18","282","533","0","52.91","37.9"
"67","000","00","018","1803","0591","477","341","136","10","487","836","0","58.25","40.79"
"67","000","00","018","1803","0592","409","304","105","14","423","978","0","43.25","31.08"
"67","000","00","018","1804","0000","2243","1636","607","116","2359","4380","0","53.86","37.35"
"67","000","00","018","1804","0593","740","523","217","24","764","1348","0","56.68","38.8"
"67","000","00","018","1804","0594","499","366","133","39","538","1015","0","53.0","36.06"
"67","000","00","018","1804","0595","574","436","138","27","601","1228","0","48.94","35.5"
"67","000","00","018","1804","0596","430","311","119","26","456","789","0","57.79","39.42"
"67","000","00","018","1809","0000","1778","1327","451","63","1841","3272","0","56.27","40.56"
"67","000","00","018","1809","0597","567","426","141","17","584","1022","0","57.14","41.68"
"67","000","00","018","1809","0598","523","408","115","16","539","1021","0","52.79","39.96"
"67","000","00","018","1809","0599","688","493","195","30","718","1229","0","58.42","40.11"
"67","000","00","018","1810","0000","1034","772","262","26","1060","2165","0","48.96","35.66"
"67","000","00","018","1810","0600","589","428","161","13","602","1153","0","52.21","37.12"
"67","000","00","018","1810","0601","445","344","101","13","458","1012","0","45.26","33.99"
"67","000","00","018","1811","0000","787","592","195","23","810","1458","0","55.56","40.6"
"67","000","00","018","1811","0602","787","592","195","23","810","1458","0","55.56","40.6"
"67","000","00","018","1812","0000","1756","1279","477","65","1821","3220","0","56.55","39.72"
"67","000","00","018","1812","0603","901","670","231","25","926","1645","0","56.29","40.73"
"67","000","00","018","1812","0604","568","410","158","27","595","1016","0","58.56","40.35"
"67","000","00","018","1812","0605","287","199","88","13","300","559","0","53.67","35.6"
"67","000","00","018","1813","0000","1566","1117","449","45","1611","2784","0","57.87","40.12"
"67","000","00","018","1813","0606","671","505","166","16","687","1222","0","56.22","41.33"
"67","000","00","018","1813","0607","895","612","283","29","924","1562","0","59.15","39.18"
"67","000","00","018","1814","0000","981","743","238","64","1045","2007","0","52.07","37.02"
"67","000","00","018","1814","0608","457","343","114","22","479","994","0","48.19","34.51"
"67","000","00","018","1814","0609","524","400","124","42","566","1013","0","55.87","39.49"
"67","000","00","018","1815","0000","1136","894","242","64","1200","2218","0","54.1","40.31"
"67","000","00","018","1815","0610","657","506","151","24","681","1197","0","56.89","42.27"
"67","000","00","018","1815","0611","479","388","91","40","519","1021","0","50.83","38.0"
"67","000","00","018","1816","0000","633","488","145","26","659","1428","0","46.15","34.17"
"67","000","00","018","1816","0612","633","488","145","26","659","1428","0","46.15","34.17"
"67","000","00","018","1817","0000","198","152","46","20","218","456","0","47.81","33.33"
"67","000","00","018","1817","0613","198","152","46","20","218","456","0","47.81","33.33"
"67","000","00","018","1818","0000","1150","889","261","64","1214","2134","0","56.89","41.66"
"67","000","00","018","1818","0614","562","434","128","34","596","1037","0","57.47","41.85"
"67","000","00","018","1818","0615","588","455","133","30","618","1097","0","56.34","41.48"
"67","000","00","018","1819","0000","474","362","112","29","503","902","0","55.76","40.13"
"67","000","00","018","1819","0616","474","362","112","29","503","902","0","55.76","40.13"
"67","000","00","018","1820","0000","470","370","100","46","516","999","0","51.65","37.04"
"67","000","00","018","1820","0617","470","370","100","46","516","999","0","51.65","37.04"
"67","000","00","019","0000","0000","20008","14283","5725","875","20883","39950","48870","52.27","35.75"
"67","000","00","019","1901","0000","526","371","155","14","540","1132","0","47.7","32.77"
"67","000","00","019","1901","0492","526","371","155","14","540","1132","0","47.7","32.77"
"67","000","00","019","1902","0000","1917","1324","593","64","1981","3935","0","50.34","33.65"
"67","000","00","019","1902","0493","893","614","279","33","926","1845","0","50.19","33.28"
"67","000","00","019","1902","0494","1024","710","314","31","1055","2090","0","50.48","33.97"
"67","000","00","019","1903","0000","2780","1978","802","115","2895","5301","0","54.61","37.31"
"67","000","00","019","1903","0495","842","614","228","36","878","1582","0","55.5","38.81"
"67","000","00","019","1903","0496","1014","701","313","45","1059","1901","0","55.71","36.88"
"67","000","00","019","1903","0497","924","663","261","34","958","1818","0","52.7","36.47"
"67","000","00","019","1904","0000","1394","998","396","61","1455","2700","0","53.89","36.96"
"67","000","00","019","1904","0498","819","586","233","39","858","1639","0","52.35","35.75"
"67","000","00","019","1904","0499","575","412","163","22","597","1061","0","56.27","38.83"
"67","000","00","019","1905","0000","948","691","257","62","1010","1786","0","56.55","38.69"
"67","000","00","019","1905","0500","948","691","257","62","1010","1786","0","56.55","38.69"
"67","000","00","019","1908","0000","762","554","208","28","790","1581","0","49.97","35.04"
"67","000","00","019","1908","0502","762","554","208","28","790","1581","0","49.97","35.04"
"67","000","00","019","1909","0000","617","441","176","51","668","1240","0","53.87","35.56"
"67","000","00","019","1909","0503","617","441","176","51","668","1240","0","53.87","35.56"
"67","000","00","019","1910","0000","805","606","199","26","831","1743","0","47.68","34.77"
"67","000","00","019","1910","0504","805","606","199","26","831","1743","0","47.68","34.77"
"67","000","00","019","1911","0000","686","468","218","36","722","1246","0","57.95","37.56"
"67","000","00","019","1911","0505","686","468","218","36","722","1246","0","57.95","37.56"
"67","000","00","019","1912","0000","927","676","251","27","954","1899","0","50.24","35.6"
"67","000","00","019","1912","0506","479","345","134","19","498","961","0","51.82","35.9"
"67","000","00","019","1912","0507","448","331","117","8","456","938","0","48.61","35.29"
"67","000","00","019","1913","0000","392","304","88","11","403","722","0","55.82","42.11"
"67","000","00","019","1913","0508","392","304","88","11","403","722","0","55.82","42.11"
"67","000","00","019","1914","0000","526","397","129","14","540","1062","0","50.85","37.38"
"67","000","00","019","1914","0509","526","397","129","14","540","1062","0","50.85","37.38"
"67","000","00","019","1915","0000","837","646","191","50","887","1715","0","51.72","37.67"
"67","000","00","019","1915","0510","837","646","191","50","887","1715","0","51.72","37.67"
"67","000","00","019","1918","0000","789","532","257","35","824","1574","0","52.35","33.8"
"67","000","00","019","1918","0513","789","532","257","35","824","1574","0","52.35","33.8"
"67","000","00","019","1919","0000","668","493","175","31","699","1535","0","45.54","32.12"
"67","000","00","019","1919","0514","668","493","175","31","699","1535","0","45.54","32.12"
"67","000","00","019","1920","0000","543","387","156","46","589","1106","0","53.25","34.99"
"67","000","00","019","1920","0515","543","387","156","46","589","1106","0","53.25","34.99"
"67","000","00","019","1921","0000","2157","1538","619","90","2247","4240","0","53.0","36.27"
"67","000","00","019","1921","0516","701","511","190","25","726","1402","0","51.78","36.45"
"67","000","00","019","1921","0517","831","605","226","45","876","1458","0","60.08","41.5"
"67","000","00","019","1921","0518","625","422","203","20","645","1380","0","46.74","30.58"
"67","000","00","019","1922","0000","592","451","141","34","626","1147","0","54.58","39.32"
"67","000","00","019","1922","0501","592","451","141","34","626","1147","0","54.58","39.32"
"67","000","00","019","1923","0000","938","707","231","59","997","1985","0","50.23","35.62"
"67","000","00","019","1923","0511","522","389","133","35","557","1120","0","49.73","34.73"
"67","000","00","019","1923","0512","416","318","98","24","440","865","0","50.87","36.76"
"67","000","00","019","1924","0000","1204","721","483","21","1225","2301","0","53.24","31.33"
"67","000","00","019","1924","0519","630","379","251","12","642","1232","0","52.11","30.76"
"67","000","00","019","1924","0520","574","342","232","9","583","1069","0","54.54","31.99"
"67","000","00","020","0000","0000","15848","11632","4216","651","16499","30386","36824","54.3","38.28"
"67","000","00","020","2001","0000","1516","1119","397","50","1566","2928","0","53.48","38.22"
"67","000","00","020","2001","0545","475","365","110","14","489","960","0","50.94","38.02"
"67","000","00","020","2001","0546","631","451","180","28","659","1118","0","58.94","40.34"
"67","000","00","020","2001","0547","410","303","107","8","418","850","0","49.18","35.65"
"67","000","00","020","2002","0000","3196","2312","884","138","3334","6063","0","54.99","38.13"
"67","000","00","020","2002","0548","633","444","189","28","661","1241","0","53.26","35.78"
"67","000","00","020","2002","0549","680","502","178","26","706","1297","0","54.43","38.7"
"67","000","00","020","2002","0550","518","379","139","28","546","962","0","56.76","39.4"
"67","000","00","020","2002","0551","674","488","186","27","701","1237","0","56.67","39.45"
"67","000","00","020","2002","0552","691","499","192","29","720","1326","0","54.3","37.63"
"67","000","00","020","2003","0000","1305","942","363","62","1367","2516","0","54.33","37.44"
"67","000","00","020","2003","0553","656","481","175","41","697","1211","0","57.56","39.72"
"67","000","00","020","2003","0554","649","461","188","21","670","1305","0","51.34","35.33"
"67","000","00","020","2004","0000","349","274","75","28","377","688","0","54.8","39.83"
"67","000","00","020","2004","0555","349","274","75","28","377","688","0","54.8","39.83"
"67","000","00","020","2005","0000","494","361","133","23","517","911","0","56.75","39.63"
"67","000","00","020","2005","0556","494","361","133","23","517","911","0","56.75","39.63"
"67","000","00","020","2006","0000","719","514","205","21","740","1525","0","48.52","33.7"
"67","000","00","020","2006","0557","719","514","205","21","740","1525","0","48.52","33.7"
"67","000","00","020","2007","0000","1543","1175","368","39","1582","3262","0","48.5","36.02"
"67","000","00","020","2007","0558","473","349","124","8","481","1091","0","44.09","31.99"
"67","000","00","020","2007","0559","557","419","138","12","569","1122","0","50.71","37.34"
"67","000","00","020","2007","0560","513","407","106","19","532","1049","0","50.71","38.8"
"67","000","00","020","2008","0000","2236","1666","570","69","2305","4457","0","51.72","37.38"
"67","000","00","020","2008","0561","726","514","212","16","742","1564","0","47.44","32.86"
"67","000","00","020","2008","0562","785","592","193","33","818","1515","0","53.99","39.08"
"67","000","00","020","2008","0563","725","560","165","20","745","1378","0","54.06","40.64"
"67","000","00","020","2009","0000","1071","822","249","63","1134","1787","0","63.46","46.0"
"67","000","00","020","2009","0564","484","361","123","33","517","827","0","62.52","43.65"
"67","000","00","020","2009","0565","587","461","126","30","617","960","0","64.27","48.02"
"67","000","00","020","2010","0000","1744","1200","544","91","1835","3388","0","54.16","35.42"
"67","000","00","020","2010","0566","472","374","98","28","500","951","0","52.58","39.33"
"67","000","00","020","2010","0567","661","394","267","35","696","1264","0","55.06","31.17"
"67","000","00","020","2010","0568","611","432","179","28","639","1173","0","54.48","36.83"
"67","000","00","020","2011","0000","1675","1247","428","67","1742","2861","0","60.89","43.59"
"67","000","00","020","2011","0569","386","283","103","11","397","684","0","58.04","41.37"
"67","000","00","020","2011","0570","620","478","142","33","653","1055","0","61.9","45.31"
"67","000","00","020","2011","0571","669","486","183","23","692","1122","0","61.68","43.32"
"67","000","00","021","0000","0000","13477","10120","3357","814","14291","26104","30522","54.75","38.77"
"67","000","00","021","2101","0000","1191","893","298","99","1290","2150","0","60.0","41.53"
"67","000","00","021","2101","0521","715","538","177","65","780","1251","0","62.35","43.01"
"67","000","00","021","2101","0522","476","355","121","34","510","899","0","56.73","39.49"
"67","000","00","021","2102","0000","1060","794","266","86","1146","2054","0","55.79","38.66"
"67","000","00","021","2102","0523","565","399","166","47","612","1106","0","55.33","36.08"
"67","000","00","021","2102","0524","495","395","100","39","534","948","0","56.33","41.67"
"67","000","00","021","2103","0000","679","482","197","42","721","1442","0","50.0","33.43"
"67","000","00","021","2103","0525","679","482","197","42","721","1442","0","50.0","33.43"
"67","000","00","021","2104","0000","1151","894","257","46","1197","2186","0","54.76","40.9"
"67","000","00","021","2104","0526","713","542","171","24","737","1385","0","53.21","39.13"
"67","000","00","021","2104","0527","438","352","86","22","460","801","0","57.43","43.95"
"67","000","00","021","2106","0000","700","521","179","51","751","1517","0","49.51","34.34"
"67","000","00","021","2106","0528","323","231","92","20","343","736","0","46.6","31.39"
"67","000","00","021","2106","0529","377","290","87","31","408","781","0","52.24","37.13"
"67","000","00","021","2107","0000","892","670","222","59","951","1657","0","57.39","40.43"
"67","000","00","021","2107","0530","418","316","102","22","440","795","0","55.35","39.75"
"67","000","00","021","2107","0531","474","354","120","37","511","862","0","59.28","41.07"
"67","000","00","021","2108","0000","1440","1075","365","29","1469","2872","0","51.15","37.43"
"67","000","00","021","2108","0532","728","547","181","11","739","1487","0","49.7","36.79"
"67","000","00","021","2108","0533","712","528","184","18","730","1385","0","52.71","38.12"
"67","000","00","021","2109","0000","1330","1016","314","61","1391","2612","0","53.25","38.9"
"67","000","00","021","2109","0534","718","548","170","31","749","1518","0","49.34","36.1"
"67","000","00","021","2109","0535","612","468","144","30","642","1094","0","58.68","42.78"
"67","000","00","021","2112","0000","375","280","95","33","408","716","0","56.98","39.11"
"67","000","00","021","2112","0538","375","280","95","33","408","716","0","56.98","39.11"
"67","000","00","021","2113","0000","1272","936","336","68","1340","2435","0","55.03","38.44"
"67","000","00","021","2113","0539","776","565","211","41","817","1492","0","54.76","37.87"
"67","000","00","021","2113","0540","496","371","125","27","523","943","0","55.46","39.34"
"67","000","00","021","2114","0000","1338","1003","335","77","1415","2541","0","55.69","39.47"
"67","000","00","021","2114","0541","623","469","154","21","644","1157","0","55.66","40.54"
"67","000","00","021","2114","0542","715","534","181","56","771","1384","0","55.71","38.58"
"67","000","00","021","2117","0000","833","620","213","60","893","1578","0","56.59","39.29"
"67","000","00","021","2117","0543","487","354","133","45","532","967","0","55.02","36.61"
"67","000","00","021","2117","0544","346","266","80","15","361","611","0","59.08","43.54"
"67","000","00","021","2118","0000","1216","936","280","103","1319","2344","0","56.27","39.93"
"67","000","00","021","2118","0536","818","623","195","73","891","1590","0","56.04","39.18"
"67","000","00","021","2118","0537","398","313","85","30","428","754","0","56.76","41.51"
"67","000","00","022","0000","0000","2780","2134","646","173","2953","6511","7328","45.35","32.78"
"67","000","00","022","2201","0000","661","525","136","53","714","1691","0","42.22","31.05"
"67","000","00","022","2201","0572","333","261","72","33","366","855","0","42.81","30.53"
"67","000","00","022","2201","0573","328","264","64","20","348","836","0","41.63","31.58"
"67","000","00","022","2202","0000","716","540","176","45","761","1541","0","49.38","35.04"
"67","000","00","022","2202","0574","357","255","102","25","382","753","0","50.73","33.86"
"67","000","00","022","2202","0575","359","285","74","20","379","788","0","48.1","36.17"
"67","000","00","022","2203","0000","463","345","118","34","497","984","0","50.51","35.06"
"67","000","00","022","2203","0576","463","345","118","34","497","984","0","50.51","35.06"
"67","000","00","022","2204","0000","433","318","115","14","447","972","0","45.99","32.72"
"67","000","00","022","2204","0577","433","318","115","14","447","972","0","45.99","32.72"
"67","000","00","022","2205","0000","178","139","39","3","181","553","0","32.73","25.14"
"67","000","00","022","2205","0578","178","139","39","3","181","553","0","32.73","25.14"
"67","000","00","022","2206","0000","160","127","33","7","167","378","0","44.18","33.6"
"67","000","00","022","2206","0579","160","127","33","7","167","378","0","44.18","33.6"
"67","000","00","022","2207","0000","169","140","29","17","186","392","0","47.45","35.71"
"67","000","00","022","2207","0580","169","140","29","17","186","392","0","47.45","35.71"
"67","000","00","023","0000","0000","5830","4582","1248","300","6130","12357","14021","49.61","37.08"
"67","000","00","023","2301","0000","590","457","133","28","618","1242","0","49.76","36.8"
"67","000","00","023","2301","0466","590","457","133","28","618","1242","0","49.76","36.8"
"67","000","00","023","2302","0000","1837","1402","435","68","1905","3637","0","52.38","38.55"
"67","000","00","023","2302","0467","590","455","135","18","608","1141","0","53.29","39.88"
"67","000","00","023","2302","0468","336","252","84","12","348","698","0","49.86","36.1"
"67","000","00","023","2302","0469","415","307","108","21","436","849","0","51.35","36.16"
"67","000","00","023","2302","0470","496","388","108","17","513","949","0","54.06","40.89"
"67","000","00","023","2303","0000","559","453","106","24","583","1212","0","48.1","37.38"
"67","000","00","023","2303","0471","302","242","60","18","320","618","0","51.78","39.16"
"67","000","00","023","2303","0472","257","211","46","6","263","594","0","44.28","35.52"
"67","000","00","023","2304","0000","638","485","153","38","676","1439","0","46.98","33.7"
"67","000","00","023","2304","0473","388","290","98","13","401","927","0","43.26","31.28"
"67","000","00","023","2304","0474","250","195","55","25","275","512","0","53.71","38.09"
"67","000","00","023","2305","0000","226","181","45","19","245","509","0","48.13","35.56"
"67","000","00","023","2305","0475","226","181","45","19","245","509","0","48.13","35.56"
"67","000","00","023","2306","0000","267","220","47","15","282","496","0","56.85","44.35"
"67","000","00","023","2306","0476","267","220","47","15","282","496","0","56.85","44.35"
"67","000","00","023","2307","0000","357","297","60","7","364","759","0","47.96","39.13"
"67","000","00","023","2307","0477","357","297","60","7","364","759","0","47.96","39.13"
"67","000","00","023","2308","0000","610","504","106","42","652","1456","0","44.78","34.62"
"67","000","00","023","2308","0478","258","210","48","11","269","669","0","40.21","31.39"
"67","000","00","023","2308","0479","352","294","58","31","383","787","0","48.67","37.36"
"67","000","00","023","2309","0000","282","221","61","21","303","620","0","48.87","35.65"
"67","000","00","023","2309","0480","282","221","61","21","303","620","0","48.87","35.65"
"67","000","00","023","2310","0000","464","362","102","38","502","987","0","50.86","36.68"
"67","000","00","023","2310","0481","464","362","102","38","502","987","0","50.86","36.68"
"67","000","00","024","0000","0000","3702","2941","761","210","3912","8528","9572","45.87","34.49"
"67","000","00","024","2401","0000","896","696","200","57","953","1848","0","51.57","37.66"
"67","000","00","024","2401","0447","447","353","94","29","476","978","0","48.67","36.09"
"67","000","00","024","2401","0448","449","343","106","28","477","870","0","54.83","39.43"
"67","000","00","024","2402","0000","400","321","79","10","410","1160","0","35.34","27.67"
"67","000","00","024","2402","0449","400","321","79","10","410","1160","0","35.34","27.67"
"67","000","00","024","2403","0000","300","239","61","11","311","699","0","44.49","34.19"
"67","000","00","024","2403","0450","300","239","61","11","311","699","0","44.49","34.19"
"67","000","00","024","2404","0000","386","316","70","8","394","990","0","39.8","31.92"
"67","000","00","024","2404","0451","386","316","70","8","394","990","0","39.8","31.92"
"67","000","00","024","2405","0000","405","329","76","20","425","928","0","45.8","35.45"
"67","000","00","024","2405","0452","405","329","76","20","425","928","0","45.8","35.45"
"67","000","00","024","2406","0000","313","262","51","24","337","660","0","51.06","39.7"
"67","000","00","024","2406","0453","313","262","51","24","337","660","0","51.06","39.7"
"67","000","00","024","2407","0000","1002","778","224","80","1082","2243","0","48.24","34.69"
"67","000","00","024","2407","0454","533","416","117","52","585","1187","0","49.28","35.05"
"67","000","00","024","2407","0455","469","362","107","28","497","1056","0","47.06","34.28"
"67","000","00","025","0000","0000","3538","2782","756","202","3740","7786","8741","48.03","35.73"
"67","000","00","025","2501","0000","707","525","182","55","762","1385","0","55.02","37.91"
"67","000","00","025","2501","0456","351","260","91","24","375","690","0","54.35","37.68"
"67","000","00","025","2501","0457","356","265","91","31","387","695","0","55.68","38.13"
"67","000","00","025","2502","0000","345","272","73","22","367","806","0","45.53","33.75"
"67","000","00","025","2502","0458","345","272","73","22","367","806","0","45.53","33.75"
"67","000","00","025","2503","0000","199","154","45","9","208","425","0","48.94","36.24"
"67","000","00","025","2503","0461","199","154","45","9","208","425","0","48.94","36.24"
"67","000","00","025","2504","0000","254","210","44","23","277","559","0","49.55","37.57"
"67","000","00","025","2504","0462","254","210","44","23","277","559","0","49.55","37.57"
"67","000","00","025","2505","0000","243","192","51","29","272","654","0","41.59","29.36"
"67","000","00","025","2505","0459","243","192","51","29","272","654","0","41.59","29.36"
"67","000","00","025","2506","0000","261","211","50","24","285","783","0","36.4","26.95"
"67","000","00","025","2506","0460","261","211","50","24","285","783","0","36.4","26.95"
"67","000","00","025","2507","0000","525","420","105","6","531","1189","0","44.66","35.32"
"67","000","00","025","2507","0463","525","420","105","6","531","1189","0","44.66","35.32"
"67","000","00","025","2508","0000","526","418","108","22","548","1044","0","52.49","40.04"
"67","000","00","025","2508","0464","526","418","108","22","548","1044","0","52.49","40.04"
"67","000","00","025","2509","0000","478","380","98","12","490","941","0","52.07","40.38"
"67","000","00","025","2509","0465","478","380","98","12","490","941","0","52.07","40.38"
"67","000","00","026","0000","0000","1947","1615","332","129","2076","4418","4801","46.99","36.56"
"67","000","00","026","2601","0000","177","153","24","14","191","392","0","48.72","39.03"
"67","000","00","026","2601","0482","177","153","24","14","191","392","0","48.72","39.03"
"67","000","00","026","2602","0000","322","273","49","22","344","644","0","53.42","42.39"
"67","000","00","026","2602","0483","322","273","49","22","344","644","0","53.42","42.39"
"67","000","00","026","2603","0000","194","157","37","7","201","468","0","42.95","33.55"
"67","000","00","026","2603","0484","194","157","37","7","201","468","0","42.95","33.55"
"67","000","00","026","2604","0000","307","252","55","28","335","753","0","44.49","33.47"
"67","000","00","026","2604","0485","307","252","55","28","335","753","0","44.49","33.47"
"67","000","00","026","2605","0000","153","121","32","9","162","345","0","46.96","35.07"
"67","000","00","026","2605","0486","153","121","32","9","162","345","0","46.96","35.07"
"67","000","00","026","2606","0000","166","128","38","8","174","393","0","44.27","32.57"
"67","000","00","026","2606","0487","166","128","38","8","174","393","0","44.27","32.57"
"67","000","00","026","2607","0000","207","174","33","24","231","504","0","45.83","34.52"
"67","000","00","026","2607","0491","207","174","33","24","231","504","0","45.83","34.52"
"67","000","00","026","2608","0000","222","191","31","7","229","420","0","54.52","45.48"
"67","000","00","026","2608","0488","222","191","31","7","229","420","0","54.52","45.48"
"67","000","00","026","2609","0000","125","100","25","7","132","313","0","42.17","31.95"
"67","000","00","026","2609","0489","125","100","25","7","132","313","0","42.17","31.95"
"67","000","00","026","2610","0000","74","66","8","3","77","186","0","41.4","35.48"
"67","000","00","026","2610","0490","74","66","8","3","77","186","0","41.4","35.48"
"67","000","00","027","0000","0000","33688","25012","8676","1277","34965","64632","75797","54.1","38.7"
"67","000","00","027","2701","0000","2838","2077","761","156","2994","5381","0","55.64","38.6"
"67","000","00","027","2701","1188","699","502","197","33","732","1318","0","55.54","38.09"
"67","000","00","027","2701","1189","733","533","200","38","771","1406","0","54.84","37.91"
"67","000","00","027","2701","1190","733","552","181","38","771","1465","0","52.63","37.68"
"67","000","00","027","2701","1191","673","490","183","47","720","1192","0","60.4","41.11"
"67","000","00","027","2702","0000","1461","1053","408","96","1557","2749","0","56.64","38.3"
"67","000","00","027","2702","1192","794","568","226","36","830","1429","0","58.08","39.75"
"67","000","00","027","2702","1193","667","485","182","60","727","1320","0","55.08","36.74"
"67","000","00","027","2703","0000","1557","1189","368","51","1608","2703","0","59.49","43.99"
"67","000","00","027","2703","1194","810","619","191","27","837","1373","0","60.96","45.08"
"67","000","00","027","2703","1195","747","570","177","24","771","1330","0","57.97","42.86"
"67","000","00","027","2704","0000","3716","2737","979","114","3830","7201","0","53.19","38.01"
"67","000","00","027","2704","1196","937","676","261","14","951","1687","0","56.37","40.07"
"67","000","00","027","2704","1197","722","521","201","38","760","1491","0","50.97","34.94"
"67","000","00","027","2704","1198","529","402","127","19","548","1151","0","47.61","34.93"
"67","000","00","027","2704","1199","715","525","190","19","734","1407","0","52.17","37.31"
"67","000","00","027","2704","1200","813","613","200","24","837","1465","0","57.13","41.84"
"67","000","00","027","2705","0000","4855","3610","1245","173","5028","9066","0","55.46","39.82"
"67","000","00","027","2705","1201","735","550","185","23","758","1335","0","56.78","41.2"
"67","000","00","027","2705","1202","739","529","210","46","785","1490","0","52.68","35.5"
"67","000","00","027","2705","1203","834","603","231","23","857","1453","0","58.98","41.5"
"67","000","00","027","2705","1204","514","388","126","15","529","990","0","53.43","39.19"
"67","000","00","027","2705","1205","861","659","202","25","886","1573","0","56.33","41.89"
"67","000","00","027","2705","1206","548","411","137","20","568","1031","0","55.09","39.86"
"67","000","00","027","2705","1207","624","470","154","21","645","1194","0","54.02","39.36"
"67","000","00","027","2706","0000","1720","1270","450","47","1767","3342","0","52.87","38.0"
"67","000","00","027","2706","1208","643","495","148","21","664","1268","0","52.37","39.04"
"67","000","00","027","2706","1209","512","365","147","19","531","929","0","57.16","39.29"
"67","000","00","027","2706","1210","565","410","155","7","572","1145","0","49.96","35.81"
"67","000","00","027","2707","0000","4679","3376","1303","191","4870","9116","0","53.42","37.03"
"67","000","00","027","2707","1211","714","510","204","26","740","1413","0","52.37","36.09"
"67","000","00","027","2707","1212","744","562","182","44","788","1465","0","53.79","38.36"
"67","000","00","027","2707","1213","770","565","205","32","802","1390","0","57.7","40.65"
"67","000","00","027","2707","1214","728","526","202","39","767","1396","0","54.94","37.68"
"67","000","00","027","2707","1215","966","666","300","32","998","1906","0","52.36","34.94"
"67","000","00","027","2707","1216","757","547","210","18","775","1546","0","50.13","35.38"
"67","000","00","027","2708","0000","2933","2145","788","105","3038","5833","0","52.08","36.77"
"67","000","00","027","2708","1217","691","501","190","20","711","1546","0","45.99","32.41"
"67","000","00","027","2708","1218","723","521","202","23","746","1399","0","53.32","37.24"
"67","000","00","027","2708","1219","894","660","234","39","933","1748","0","53.38","37.76"
"67","000","00","027","2708","1220","625","463","162","23","648","1140","0","56.84","40.61"
"67","000","00","027","2711","0000","1396","1049","347","27","1423","2763","0","51.5","37.97"
"67","000","00","027","2711","1223","734","559","175","14","748","1414","0","52.9","39.53"
"67","000","00","027","2711","1224","662","490","172","13","675","1349","0","50.04","36.32"
"67","000","00","027","2712","0000","2371","1775","596","75","2446","4659","0","52.5","38.1"
"67","000","00","027","2712","1225","741","540","201","20","761","1471","0","51.73","36.71"
"67","000","00","027","2712","1226","699","514","185","19","718","1324","0","54.23","38.82"
"67","000","00","027","2712","1227","634","500","134","19","653","1310","0","49.85","38.17"
"67","000","00","027","2712","1228","297","221","76","17","314","554","0","56.68","39.89"
"67","000","00","027","2713","0000","728","580","148","23","751","1395","0","53.84","41.58"
"67","000","00","027","2713","1229","728","580","148","23","751","1395","0","53.84","41.58"
"67","000","00","027","2714","0000","644","483","161","12","656","1264","0","51.9","38.21"
"67","000","00","027","2714","1230","644","483","161","12","656","1264","0","51.9","38.21"
"67","000","00","027","2715","0000","1068","831","237","72","1140","2108","0","54.08","39.42"
"67","000","00","027","2715","1231","607","467","140","55","662","1180","0","56.1","39.58"
"67","000","00","027","2715","1232","461","364","97","17","478","928","0","51.51","39.22"
"67","000","00","027","2716","0000","1061","798","263","30","1091","2084","0","52.35","38.29"
"67","000","00","027","2716","1233","484","365","119","11","495","965","0","51.3","37.82"
"67","000","00","027","2716","1234","577","433","144","19","596","1119","0","53.26","38.7"
"67","000","00","027","2717","0000","1358","1049","309","58","1416","2672","0","52.99","39.26"
"67","000","00","027","2717","1235","628","493","135","32","660","1206","0","54.73","40.88"
"67","000","00","027","2717","1236","730","556","174","26","756","1466","0","51.57","37.93"
"67","000","00","027","2719","0000","1303","990","313","47","1350","2296","0","58.8","43.12"
"67","000","00","027","2719","1221","673","503","170","23","696","1277","0","54.5","39.39"
"67","000","00","027","2719","1222","630","487","143","24","654","1019","0","64.18","47.79"
"67","000","00","028","0000","0000","29838","21719","8119","1172","31010","57387","68391","54.04","37.85"
"67","000","00","028","2801","0000","3128","2302","826","99","3227","5916","0","54.55","38.91"
"67","000","00","028","2801","1237","785","572","213","34","819","1560","0","52.5","36.67"
"67","000","00","028","2801","1238","823","611","212","21","844","1383","0","61.03","44.18"
"67","000","00","028","2801","1239","789","568","221","14","803","1491","0","53.86","38.1"
"67","000","00","028","2801","1240","731","551","180","30","761","1482","0","51.35","37.18"
"67","000","00","028","2802","0000","1740","1284","456","89","1829","3756","0","48.7","34.19"
"67","000","00","028","2802","1244","566","404","162","31","597","1336","0","44.69","30.24"
"67","000","00","028","2802","1245","556","429","127","41","597","1183","0","50.46","36.26"
"67","000","00","028","2802","1246","618","451","167","17","635","1237","0","51.33","36.46"
"67","000","00","028","2803","0000","1244","908","336","35","1279","2293","0","55.78","39.6"
"67","000","00","028","2803","1271","694","496","198","25","719","1245","0","57.75","39.84"
"67","000","00","028","2803","1272","550","412","138","10","560","1048","0","53.44","39.31"
"67","000","00","028","2804","0000","1765","1298","467","78","1843","3286","0","56.09","39.5"
"67","000","00","028","2804","1249","588","429","159","7","595","1105","0","53.85","38.82"
"67","000","00","028","2804","1250","579","420","159","32","611","1099","0","55.6","38.22"
"67","000","00","028","2804","1251","598","449","149","39","637","1082","0","58.87","41.5"
"67","000","00","028","2805","0000","1692","1220","472","72","1764","3301","0","53.44","36.96"
"67","000","00","028","2805","1254","552","385","167","28","580","1090","0","53.21","35.32"
"67","000","00","028","2805","1255","574","413","161","24","598","1131","0","52.87","36.52"
"67","000","00","028","2805","1256","566","422","144","20","586","1080","0","54.26","39.07"
"67","000","00","028","2806","0000","1700","1264","436","78","1778","3285","0","54.12","38.48"
"67","000","00","028","2806","1259","575","424","151","42","617","1128","0","54.7","37.59"
"67","000","00","028","2806","1260","553","409","144","14","567","1055","0","53.74","38.77"
"67","000","00","028","2806","1261","572","431","141","22","594","1102","0","53.9","39.11"
"67","000","00","028","2807","0000","1132","802","330","66","1198","2101","0","57.02","38.17"
"67","000","00","028","2807","1262","570","405","165","28","598","1068","0","55.99","37.92"
"67","000","00","028","2807","1263","562","397","165","38","600","1033","0","58.08","38.43"
"67","000","00","028","2808","0000","739","552","187","10","749","1772","0","42.27","31.15"
"67","000","00","028","2808","1264","739","552","187","10","749","1772","0","42.27","31.15"
"67","000","00","028","2809","0000","1570","1142","428","36","1606","2943","0","54.57","38.8"
"67","000","00","028","2809","1265","759","563","196","22","781","1399","0","55.83","40.24"
"67","000","00","028","2809","1266","811","579","232","14","825","1544","0","53.43","37.5"
"67","000","00","028","2810","0000","298","231","67","9","307","684","0","44.88","33.77"
"67","000","00","028","2810","1267","298","231","67","9","307","684","0","44.88","33.77"
"67","000","00","028","2811","0000","1056","757","299","59","1115","1853","0","60.17","40.85"
"67","000","00","028","2811","1268","480","348","132","26","506","839","0","60.31","41.48"
"67","000","00","028","2811","1269","576","409","167","33","609","1014","0","60.06","40.34"
"67","000","00","028","2812","0000","702","522","180","15","717","1906","0","37.62","27.39"
"67","000","00","028","2812","1270","702","522","180","15","717","1906","0","37.62","27.39"
"67","000","00","028","2813","0000","1305","956","349","40","1345","2586","0","52.01","36.97"
"67","000","00","028","2813","1273","612","457","155","16","628","1175","0","53.45","38.89"
"67","000","00","028","2813","1274","693","499","194","24","717","1411","0","50.82","35.36"
"67","000","00","028","2814","0000","1701","1195","506","62","1763","3192","0","55.23","37.44"
"67","000","00","028","2814","1275","835","585","250","24","859","1514","0","56.74","38.64"
"67","000","00","028","2814","1276","866","610","256","38","904","1678","0","53.87","36.35"
"67","000","00","028","2815","0000","1093","834","259","66","1159","1958","0","59.19","42.59"
"67","000","00","028","2815","1277","512","386","126","31","543","949","0","57.22","40.67"
"67","000","00","028","2815","1278","581","448","133","35","616","1009","0","61.05","44.4"
"67","000","00","028","2816","0000","1045","787","258","24","1069","1740","0","61.44","45.23"
"67","000","00","028","2816","1279","608","441","167","5","613","984","0","62.3","44.82"
"67","000","00","028","2816","1280","437","346","91","19","456","756","0","60.32","45.77"
"67","000","00","028","2817","0000","1652","1091","561","100","1752","2945","0","59.49","37.05"
"67","000","00","028","2817","1281","832","507","325","47","879","1478","0","59.47","34.3"
"67","000","00","028","2817","1282","820","584","236","53","873","1467","0","59.51","39.81"
"67","000","00","028","2818","0000","2213","1617","596","68","2281","4145","0","55.03","39.01"
"67","000","00","028","2818","1241","735","552","183","16","751","1330","0","56.47","41.5"
"67","000","00","028","2818","1242","769","546","223","26","795","1399","0","56.83","39.03"
"67","000","00","028","2818","1243","709","519","190","26","735","1416","0","51.91","36.65"
"67","000","00","028","2819","0000","1215","869","346","55","1270","2457","0","51.69","35.37"
"67","000","00","028","2819","1257","521","384","137","22","543","1121","0","48.44","34.26"
"67","000","00","028","2819","1258","694","485","209","33","727","1336","0","54.42","36.3"
"67","000","00","028","2820","0000","1186","855","331","55","1241","2282","0","54.38","37.47"
"67","000","00","028","2820","1247","608","433","175","32","640","1133","0","56.49","38.22"
"67","000","00","028","2820","1248","578","422","156","23","601","1149","0","52.31","36.73"
"67","000","00","028","2821","0000","1662","1233","429","56","1718","2986","0","57.54","41.29"
"67","000","00","028","2821","1252","849","645","204","29","878","1519","0","57.8","42.46"
"67","000","00","028","2821","1253","813","588","225","27","840","1467","0","57.26","40.08"
"67","000","00","029","0000","0000","15564","11757","3807","757","16321","29913","34387","54.56","39.3"
"67","000","00","029","2901","0000","1202","896","306","33","1235","2138","0","57.76","41.91"
"67","000","00","029","2901","1283","526","382","144","8","534","982","0","54.38","38.9"
"67","000","00","029","2901","1284","676","514","162","25","701","1156","0","60.64","44.46"
"67","000","00","029","2902","0000","1088","815","273","51","1139","2049","0","55.59","39.78"
"67","000","00","029","2902","1285","483","378","105","16","499","1006","0","49.6","37.57"
"67","000","00","029","2902","1286","605","437","168","35","640","1043","0","61.36","41.9"
"67","000","00","029","2903","0000","1654","1220","434","79","1733","3319","0","52.21","36.76"
"67","000","00","029","2903","1287","554","401","153","36","590","1012","0","58.3","39.62"
"67","000","00","029","2903","1288","471","351","120","19","490","1013","0","48.37","34.65"
"67","000","00","029","2903","1289","629","468","161","24","653","1294","0","50.46","36.17"
"67","000","00","029","2904","0000","1238","929","309","59","1297","2430","0","53.37","38.23"
"67","000","00","029","2904","1290","631","466","165","31","662","1264","0","52.37","36.87"
"67","000","00","029","2904","1291","607","463","144","28","635","1166","0","54.46","39.71"
"67","000","00","029","2905","0000","525","379","146","13","538","1018","0","52.85","37.23"
"67","000","00","029","2905","1292","525","379","146","13","538","1018","0","52.85","37.23"
"67","000","00","029","2906","0000","321","246","75","21","342","733","0","46.66","33.56"
"67","000","00","029","2906","1293","321","246","75","21","342","733","0","46.66","33.56"
"67","000","00","029","2907","0000","1798","1376","422","56","1854","3152","0","58.82","43.65"
"67","000","00","029","2907","1294","635","492","143","17","652","1093","0","59.65","45.01"
"67","000","00","029","2907","1295","607","464","143","13","620","1081","0","57.35","42.92"
"67","000","00","029","2907","1296","556","420","136","26","582","978","0","59.51","42.94"
"67","000","00","029","2908","0000","1565","1157","408","104","1669","3133","0","53.27","36.93"
"67","000","00","029","2908","1297","522","381","141","26","548","1116","0","49.1","34.14"
"67","000","00","029","2908","1298","495","384","111","27","522","972","0","53.7","39.51"
"67","000","00","029","2908","1299","548","392","156","51","599","1045","0","57.32","37.51"
"67","000","00","029","2909","0000","1024","753","271","58","1082","1879","0","57.58","40.07"
"67","000","00","029","2909","1300","465","342","123","24","489","872","0","56.08","39.22"
"67","000","00","029","2909","1301","559","411","148","34","593","1007","0","58.89","40.81"
"67","000","00","029","2912","0000","823","629","194","44","867","1524","0","56.89","41.27"
"67","000","00","029","2912","1306","437","341","96","31","468","804","0","58.21","42.41"
"67","000","00","029","2912","1307","386","288","98","13","399","720","0","55.42","40.0"
"67","000","00","029","2913","0000","549","429","120","24","573","1201","0","47.71","35.72"
"67","000","00","029","2913","1308","376","297","79","13","389","843","0","46.14","35.23"
"67","000","00","029","2913","1309","173","132","41","11","184","358","0","51.4","36.87"
"67","000","00","029","2916","0000","935","735","200","36","971","1867","0","52.01","39.37"
"67","000","00","029","2916","1312","427","347","80","18","445","904","0","49.23","38.38"
"67","000","00","029","2916","1313","508","388","120","18","526","963","0","54.62","40.29"
"67","000","00","029","2917","0000","286","208","78","11","297","489","0","60.74","42.54"
"67","000","00","029","2917","1314","286","208","78","11","297","489","0","60.74","42.54"
"67","000","00","029","2918","0000","1844","1411","433","118","1962","3475","0","56.46","40.6"
"67","000","00","029","2918","1302","437","326","111","24","461","763","0","60.42","42.73"
"67","000","00","029","2918","1303","306","224","82","28","334","630","0","53.02","35.56"
"67","000","00","029","2918","1304","520","400","120","44","564","959","0","58.81","41.71"
"67","000","00","029","2918","1305","581","461","120","22","603","1123","0","53.7","41.05"
"67","000","00","029","2919","0000","712","574","138","50","762","1506","0","50.6","38.11"
"67","000","00","029","2919","1310","392","315","77","39","431","797","0","54.08","39.52"
"67","000","00","029","2919","1311","320","259","61","11","331","709","0","46.69","36.53"
"67","000","00","030","0000","0000","1778","1411","367","101","1879","3713","3999","50.61","38.0"
"67","000","00","030","3001","0000","535","408","127","27","562","1047","0","53.68","38.97"
"67","000","00","030","3001","1315","535","408","127","27","562","1047","0","53.68","38.97"
"67","000","00","030","3002","0000","310","254","56","14","324","630","0","51.43","40.32"
"67","000","00","030","3002","1316","310","254","56","14","324","630","0","51.43","40.32"
"67","000","00","030","3003","0000","52","40","12","7","59","141","0","41.84","28.37"
"67","000","00","030","3003","1317","52","40","12","7","59","141","0","41.84","28.37"
"67","000","00","030","3004","0000","177","134","43","8","185","367","0","50.41","36.51"
"67","000","00","030","3004","1318","177","134","43","8","185","367","0","50.41","36.51"
"67","000","00","030","3005","0000","178","148","30","7","185","337","0","54.9","43.92"
"67","000","00","030","3005","1319","178","148","30","7","185","337","0","54.9","43.92"
"67","000","00","030","3006","0000","143","114","29","3","146","318","0","45.91","35.85"
"67","000","00","030","3006","1320","143","114","29","3","146","318","0","45.91","35.85"
"67","000","00","030","3007","0000","194","166","28","20","214","427","0","50.12","38.88"
"67","000","00","030","3007","1321","194","166","28","20","214","427","0","50.12","38.88"
"67","000","00","030","3008","0000","189","147","42","15","204","446","0","45.74","32.96"
"67","000","00","030","3008","1322","189","147","42","15","204","446","0","45.74","32.96"
"67","000","00","031","0000","0000","99206","71049","28157","3316","102522","195001","234921","52.58","36.44"
"67","000","00","031","3101","0000","2758","1935","823","92","2850","5671","0","50.26","34.12"
"67","000","00","031","3101","0708","735","508","227","30","765","1398","0","54.72","36.34"
"67","000","00","031","3101","0709","670","475","195","21","691","1478","0","46.75","32.14"
"67","000","00","031","3101","0710","708","479","229","17","725","1442","0","50.28","33.22"
"67","000","00","031","3101","0711","645","473","172","24","669","1353","0","49.45","34.96"
"67","000","00","031","3102","0000","3268","2336","932","111","3379","6821","0","49.54","34.25"
"67","000","00","031","3102","0719","802","561","241","37","839","1709","0","49.09","32.83"
"67","000","00","031","3102","0720","812","597","215","24","836","1717","0","48.69","34.77"
"67","000","00","031","3102","0721","820","583","237","30","850","1759","0","48.32","33.14"
"67","000","00","031","3102","0722","834","595","239","20","854","1636","0","52.2","36.37"
"67","000","00","031","3103","0000","4021","2915","1106","115","4136","8791","0","47.05","33.16"
"67","000","00","031","3103","0728","757","564","193","17","774","1389","0","55.72","40.6"
"67","000","00","031","3103","0729","712","497","215","24","736","1369","0","53.76","36.3"
"67","000","00","031","3103","0730","739","559","180","39","778","1415","0","54.98","39.51"
"67","000","00","031","3103","0731","631","429","202","9","640","1386","0","46.18","30.95"
"67","000","00","031","3103","0732","433","335","98","5","438","1747","0","25.07","19.18"
"67","000","00","031","3103","0733","749","531","218","21","770","1485","0","51.85","35.76"
"67","000","00","031","3104","0000","3479","2518","961","97","3576","7088","0","50.45","35.52"
"67","000","00","031","3104","0734","862","604","258","32","894","1747","0","51.17","34.57"
"67","000","00","031","3104","0735","783","560","223","23","806","1744","0","46.22","32.11"
"67","000","00","031","3104","0736","861","641","220","18","879","1797","0","48.91","35.67"
"67","000","00","031","3104","0737","973","713","260","24","997","1800","0","55.39","39.61"
"67","000","00","031","3105","0000","3094","2123","971","60","3154","5710","0","55.24","37.18"
"67","000","00","031","3105","0745","800","552","248","23","823","1531","0","53.76","36.05"
"67","000","00","031","3105","0746","750","530","220","17","767","1327","0","57.8","39.94"
"67","000","00","031","3105","0747","767","527","240","7","774","1456","0","53.16","36.2"
"67","000","00","031","3105","0748","777","514","263","13","790","1396","0","56.59","36.82"
"67","000","00","031","3106","0000","1352","982","370","55","1407","2525","0","55.72","38.89"
"67","000","00","031","3106","0785","708","517","191","37","745","1285","0","57.98","40.23"
"67","000","00","031","3106","0786","644","465","179","18","662","1240","0","53.39","37.5"
"67","000","00","031","3107","0000","1392","1009","383","49","1441","2670","0","53.97","37.79"
"67","000","00","031","3107","0787","649","487","162","26","675","1343","0","50.26","36.26"
"67","000","00","031","3107","0788","743","522","221","23","766","1327","0","57.72","39.34"
"67","000","00","031","3108","0000","1015","716","299","36","1051","1862","0","56.44","38.45"
"67","000","00","031","3108","0758","487","335","152","14","501","924","0","54.22","36.26"
"67","000","00","031","3108","0759","528","381","147","22","550","938","0","58.64","40.62"
"67","000","00","031","3109","0000","771","548","223","60","831","1453","0","57.19","37.72"
"67","000","00","031","3109","0760","525","378","147","27","552","957","0","57.68","39.5"
"67","000","00","031","3109","0761","246","170","76","33","279","496","0","56.25","34.27"
"67","000","00","031","3110","0000","2422","1779","643","64","2486","4886","0","50.88","36.41"
"67","000","00","031","3110","0762","880","647","233","31","911","1717","0","53.06","37.68"
"67","000","00","031","3110","0763","759","552","207","21","780","1615","0","48.3","34.18"
"67","000","00","031","3110","0764","783","580","203","12","795","1554","0","51.16","37.32"
"67","000","00","031","3111","0000","1279","939","340","70","1349","2276","0","59.27","41.26"
"67","000","00","031","3111","0772","486","348","138","30","516","890","0","57.98","39.1"
"67","000","00","031","3111","0773","593","446","147","25","618","1018","0","60.71","43.81"
"67","000","00","031","3111","0774","200","145","55","15","215","368","0","58.42","39.4"
"67","000","00","031","3112","0000","1748","1272","476","86","1834","3366","0","54.49","37.79"
"67","000","00","031","3112","0795","563","409","154","33","596","1117","0","53.36","36.62"
"67","000","00","031","3112","0796","512","373","139","25","537","1069","0","50.23","34.89"
"67","000","00","031","3112","0797","673","490","183","28","701","1180","0","59.41","41.53"
"67","000","00","031","3113","0000","1858","1346","512","117","1975","3542","0","55.76","38.0"
"67","000","00","031","3113","0798","603","461","142","50","653","1176","0","55.53","39.2"
"67","000","00","031","3113","0799","591","417","174","19","610","1158","0","52.68","36.01"
"67","000","00","031","3113","0800","664","468","196","48","712","1208","0","58.94","38.74"
"67","000","00","031","3114","0000","3905","2765","1140","154","4059","7237","0","56.09","38.21"
"67","000","00","031","3114","0801","764","562","202","46","810","1501","0","53.96","37.44"
"67","000","00","031","3114","0802","720","514","206","25","745","1298","0","57.4","39.6"
"67","000","00","031","3114","0803","798","560","238","19","817","1542","0","52.98","36.32"
"67","000","00","031","3114","0804","835","575","260","25","860","1537","0","55.95","37.41"
"67","000","00","031","3114","0805","788","554","234","39","827","1359","0","60.85","40.77"
"67","000","00","031","3115","0000","1835","1322","513","90","1925","3835","0","50.2","34.47"
"67","000","00","031","3115","0806","533","394","139","25","558","1139","0","48.99","34.59"
"67","000","00","031","3115","0807","552","399","153","28","580","1158","0","50.09","34.46"
"67","000","00","031","3115","0808","750","529","221","37","787","1538","0","51.17","34.4"
"67","000","00","031","3116","0000","3112","2240","872","93","3205","5872","0","54.58","38.15"
"67","000","00","031","3116","0809","585","442","143","18","603","1166","0","51.72","37.91"
"67","000","00","031","3116","0810","630","463","167","21","651","1228","0","53.01","37.7"
"67","000","00","031","3116","0811","653","472","181","28","681","1200","0","56.75","39.33"
"67","000","00","031","3116","0812","623","430","193","17","640","1131","0","56.59","38.02"
"67","000","00","031","3116","0813","621","433","188","9","630","1147","0","54.93","37.75"
"67","000","00","031","3117","0000","1957","1425","532","69","2026","4027","0","50.31","35.39"
"67","000","00","031","3117","0814","712","522","190","26","738","1442","0","51.18","36.2"
"67","000","00","031","3117","0815","666","469","197","20","686","1325","0","51.77","35.4"
"67","000","00","031","3117","0816","579","434","145","23","602","1260","0","47.78","34.44"
"67","000","00","031","3118","0000","1151","834","317","79","1230","2099","0","58.6","39.73"
"67","000","00","031","3118","0793","533","390","143","40","573","983","0","58.29","39.67"
"67","000","00","031","3118","0794","618","444","174","39","657","1116","0","58.87","39.78"
"67","000","00","031","3119","0000","915","700","215","48","963","1988","0","48.44","35.21"
"67","000","00","031","3119","0820","462","360","102","36","498","1012","0","49.21","35.57"
"67","000","00","031","3119","0821","453","340","113","12","465","976","0","47.64","34.84"
"67","000","00","031","3120","0000","4139","2990","1149","145","4284","8430","0","50.82","35.47"
"67","000","00","031","3120","0825","684","509","175","22","706","1307","0","54.02","38.94"
"67","000","00","031","3120","0826","696","522","174","18","714","1482","0","48.18","35.22"
"67","000","00","031","3120","0827","609","433","176","23","632","1341","0","47.13","32.29"
"67","000","00","031","3120","0828","675","470","205","30","705","1376","0","51.24","34.16"
"67","000","00","031","3120","0829","665","481","184","26","691","1390","0","49.71","34.6"
"67","000","00","031","3120","0830","810","575","235","26","836","1534","0","54.5","37.48"
"67","000","00","031","3121","0000","937","685","252","33","970","1796","0","54.01","38.14"
"67","000","00","031","3121","0823","482","361","121","19","501","859","0","58.32","42.03"
"67","000","00","031","3121","0824","455","324","131","14","469","937","0","50.05","34.58"
"67","000","00","031","3122","0000","558","421","137","32","590","1151","0","51.26","36.58"
"67","000","00","031","3122","0838","558","421","137","32","590","1151","0","51.26","36.58"
"67","000","00","031","3123","0000","3145","2239","906","129","3274","5980","0","54.75","37.44"
"67","000","00","031","3123","0789","788","552","236","30","818","1565","0","52.27","35.27"
"67","000","00","031","3123","0790","774","569","205","53","827","1476","0","56.03","38.55"
"67","000","00","031","3123","0791","754","538","216","30","784","1476","0","53.12","36.45"
"67","000","00","031","3123","0792","829","580","249","16","845","1463","0","57.76","39.64"
"67","000","00","031","3124","0000","1204","901","303","38","1242","2097","0","59.23","42.97"
"67","000","00","031","3124","0839","638","464","174","24","662","1026","0","64.52","45.22"
"67","000","00","031","3124","0840","566","437","129","14","580","1071","0","54.15","40.8"
"67","000","00","031","3125","0000","1707","1235","472","56","1763","3387","0","52.05","36.46"
"67","000","00","031","3125","0843","878","647","231","36","914","1687","0","54.18","38.35"
"67","000","00","031","3125","0844","829","588","241","20","849","1700","0","49.94","34.59"
"67","000","00","031","3126","0000","3794","2696","1098","120","3914","7729","0","50.64","34.88"
"67","000","00","031","3126","0845","782","556","226","18","800","1444","0","55.4","38.5"
"67","000","00","031","3126","0846","746","548","198","21","767","1485","0","51.65","36.9"
"67","000","00","031","3126","0847","809","570","239","25","834","1717","0","48.57","33.2"
"67","000","00","031","3126","0848","762","529","233","37","799","1701","0","46.97","31.1"
"67","000","00","031","3126","0849","695","493","202","19","714","1382","0","51.66","35.67"
"67","000","00","031","3127","0000","2904","2044","860","150","3054","6072","0","50.3","33.66"
"67","000","00","031","3127","0778","712","526","186","32","744","1405","0","52.95","37.44"
"67","000","00","031","3127","0779","672","461","211","56","728","1445","0","50.38","31.9"
"67","000","00","031","3127","0780","824","559","265","28","852","1687","0","50.5","33.14"
"67","000","00","031","3127","0781","696","498","198","34","730","1535","0","47.56","32.44"
"67","000","00","031","3128","0000","285","215","70","10","295","531","0","55.56","40.49"
"67","000","00","031","3128","0822","285","215","70","10","295","531","0","55.56","40.49"
"67","000","00","031","3129","0000","2961","2174","787","69","3030","5725","0","52.93","37.97"
"67","000","00","031","3129","0768","763","545","218","11","774","1457","0","53.12","37.41"
"67","000","00","031","3129","0769","784","569","215","10","794","1451","0","54.72","39.21"
"67","000","00","031","3129","0770","672","488","184","19","691","1423","0","48.56","34.29"
"67","000","00","031","3129","0771","742","572","170","29","771","1394","0","55.31","41.03"
"67","000","00","031","3130","0000","3837","2766","1071","107","3944","7784","0","50.67","35.53"
"67","000","00","031","3130","0723","737","529","208","28","765","1442","0","53.05","36.69"
"67","000","00","031","3130","0724","753","536","217","26","779","1545","0","50.42","34.69"
"67","000","00","031","3130","0725","784","609","175","21","805","1565","0","51.44","38.91"
"67","000","00","031","3130","0726","797","546","251","20","817","1684","0","48.52","32.42"
"67","000","00","031","3130","0727","766","546","220","12","778","1548","0","50.26","35.27"
"67","000","00","031","3131","0000","2839","1954","885","64","2903","5428","0","53.48","36.0"
"67","000","00","031","3131","0715","650","450","200","10","660","1317","0","50.11","34.17"
"67","000","00","031","3131","0716","692","527","165","18","710","1376","0","51.6","38.3"
"67","000","00","031","3131","0717","713","472","241","18","731","1361","0","53.71","34.68"
"67","000","00","031","3131","0718","784","505","279","18","802","1374","0","58.37","36.75"
"67","000","00","031","3132","0000","1799","1322","477","45","1844","3447","0","53.5","38.35"
"67","000","00","031","3132","0712","603","460","143","20","623","1160","0","53.71","39.66"
"67","000","00","031","3132","0713","613","443","170","18","631","1122","0","56.24","39.48"
"67","000","00","031","3132","0714","583","419","164","7","590","1165","0","50.64","35.97"
"67","000","00","031","3133","0000","2962","1961","1001","86","3048","5917","0","51.51","33.14"
"67","000","00","031","3133","0749","812","569","243","37","849","1636","0","51.89","34.78"
"67","000","00","031","3133","0750","835","552","283","29","864","1592","0","54.27","34.67"
"67","000","00","031","3133","0751","950","579","371","10","960","2017","0","47.6","28.71"
"67","000","00","031","3133","0752","365","261","104","10","375","672","0","55.8","38.84"
"67","000","00","031","3134","0000","2202","1502","700","52","2254","4811","0","46.85","31.22"
"67","000","00","031","3134","0755","737","506","231","16","753","1660","0","45.36","30.48"
"67","000","00","031","3134","0756","686","456","230","15","701","1561","0","44.91","29.21"
"67","000","00","031","3134","0757","779","540","239","21","800","1590","0","50.31","33.96"
"67","000","00","031","3135","0000","1558","1073","485","35","1593","3113","0","51.17","34.47"
"67","000","00","031","3135","0753","784","554","230","13","797","1611","0","49.47","34.39"
"67","000","00","031","3135","0754","774","519","255","22","796","1502","0","53.0","34.55"
"67","000","00","031","3136","0000","1978","1408","570","65","2043","3776","0","54.1","37.29"
"67","000","00","031","3136","0775","709","533","176","22","731","1208","0","60.51","44.12"
"67","000","00","031","3136","0776","584","392","192","25","609","1187","0","51.31","33.02"
"67","000","00","031","3136","0777","685","483","202","18","703","1381","0","50.91","34.97"
"67","000","00","031","3137","0000","4921","3517","1404","129","5050","9284","0","54.39","37.88"
"67","000","00","031","3137","0831","789","590","199","21","810","1460","0","55.48","40.41"
"67","000","00","031","3137","0832","691","495","196","21","712","1383","0","51.48","35.79"
"67","000","00","031","3137","0833","686","500","186","20","706","1299","0","54.35","38.49"
"67","000","00","031","3137","0834","691","481","210","11","702","1264","0","55.54","38.05"
"67","000","00","031","3137","0835","750","511","239","23","773","1355","0","57.05","37.71"
"67","000","00","031","3137","0836","698","507","191","20","718","1414","0","50.78","35.86"
"67","000","00","031","3137","0837","616","433","183","13","629","1109","0","56.72","39.04"
"67","000","00","031","3138","0000","4197","3101","1096","124","4321","7603","0","56.83","40.79"
"67","000","00","031","3138","0740","859","642","217","16","875","1519","0","57.6","42.26"
"67","000","00","031","3138","0741","812","616","196","35","847","1497","0","56.58","41.15"
"67","000","00","031","3138","0742","821","618","203","18","839","1509","0","55.6","40.95"
"67","000","00","031","3138","0743","878","673","205","40","918","1542","0","59.53","43.64"
"67","000","00","031","3138","0744","827","552","275","15","842","1536","0","54.82","35.94"
"67","000","00","031","3139","0000","1650","1159","491","42","1692","2764","0","61.22","41.93"
"67","000","00","031","3139","0841","863","618","245","15","878","1387","0","63.3","44.56"
"67","000","00","031","3139","0842","787","541","246","27","814","1377","0","59.11","39.29"
"67","000","00","031","3140","0000","2346","1699","647","64","2410","4846","0","49.73","35.06"
"67","000","00","031","3140","0817","778","571","207","22","800","1631","0","49.05","35.01"
"67","000","00","031","3140","0818","743","537","206","26","769","1549","0","49.64","34.67"
"67","000","00","031","3140","0819","825","591","234","16","841","1666","0","50.48","35.47"
"67","000","00","031","3141","0000","1741","1272","469","37","1778","3428","0","51.87","37.11"
"67","000","00","031","3141","0738","837","634","203","14","851","1720","0","49.48","36.86"
"67","000","00","031","3141","0739","904","638","266","23","927","1708","0","54.27","37.35"
"67","000","00","031","3142","0000","2322","1646","676","87","2409","4498","0","53.56","36.59"
"67","000","00","031","3142","0782","787","559","228","49","836","1542","0","54.22","36.25"
"67","000","00","031","3142","0783","805","573","232","22","827","1618","0","51.11","35.41"
"67","000","00","031","3142","0784","730","514","216","16","746","1338","0","55.75","38.42"
"67","000","00","031","3143","0000","1888","1365","523","52","1940","3685","0","52.65","37.04"
"67","000","00","031","3143","0765","599","452","147","19","618","1196","0","51.67","37.79"
"67","000","00","031","3143","0766","652","459","193","16","668","1274","0","52.43","36.03"
"67","000","00","031","3143","0767","637","454","183","17","654","1215","0","53.83","37.37"
"67","000","00","032","0000","0000","81995","57015","24980","2502","84497","153359","186117","55.1","37.18"
"67","000","00","032","3201","0000","1138","796","342","28","1166","2191","0","53.22","36.33"
"67","000","00","032","3201","1170","1138","796","342","28","1166","2191","0","53.22","36.33"
"67","000","00","032","3202","0000","1584","1141","443","62","1646","2944","0","55.91","38.76"
"67","000","00","032","3202","1166","682","487","195","34","716","1287","0","55.63","37.84"
"67","000","00","032","3202","1167","902","654","248","28","930","1657","0","56.13","39.47"
"67","000","00","032","3203","0000","3425","2508","917","84","3509","6583","0","53.3","38.1"
"67","000","00","032","3203","1113","1038","753","285","36","1074","2067","0","51.96","36.43"
"67","000","00","032","3203","1114","1164","886","278","19","1183","2153","0","54.95","41.15"
"67","000","00","032","3203","1115","1223","869","354","29","1252","2363","0","52.98","36.78"
"67","000","00","032","3204","0000","1625","1122","503","66","1691","2869","0","58.94","39.11"
"67","000","00","032","3204","1097","896","630","266","42","938","1491","0","62.91","42.25"
"67","000","00","032","3204","1098","729","492","237","24","753","1378","0","54.64","35.7"
"67","000","00","032","3205","0000","2450","1687","763","91","2541","4730","0","53.72","35.67"
"67","000","00","032","3205","1180","797","560","237","15","812","1486","0","54.64","37.69"
"67","000","00","032","3205","1181","847","585","262","37","884","1560","0","56.67","37.5"
"67","000","00","032","3205","1182","806","542","264","39","845","1684","0","50.18","32.19"
"67","000","00","032","3206","0000","2076","1463","613","57","2133","4455","0","47.88","32.84"
"67","000","00","032","3206","1118","938","673","265","30","968","2115","0","45.77","31.82"
"67","000","00","032","3206","1119","1138","790","348","27","1165","2340","0","49.79","33.76"
"67","000","00","032","3207","0000","1564","1091","473","61","1625","2932","0","55.42","37.21"
"67","000","00","032","3207","1139","800","574","226","27","827","1489","0","55.54","38.55"
"67","000","00","032","3207","1140","764","517","247","34","798","1443","0","55.3","35.83"
"67","000","00","032","3208","0000","2741","1825","916","63","2804","4858","0","57.72","37.57"
"67","000","00","032","3208","1141","881","552","329","30","911","1498","0","60.81","36.85"
"67","000","00","032","3208","1142","901","620","281","17","918","1622","0","56.6","38.22"
"67","000","00","032","3208","1143","959","653","306","16","975","1738","0","56.1","37.57"
"67","000","00","032","3209","0000","1356","942","414","45","1401","2433","0","57.58","38.72"
"67","000","00","032","3209","1161","609","422","187","16","625","1101","0","56.77","38.33"
"67","000","00","032","3209","1162","747","520","227","29","776","1332","0","58.26","39.04"
"67","000","00","032","3210","0000","1682","1142","540","47","1729","3086","0","56.03","37.01"
"67","000","00","032","3210","1158","855","575","280","21","876","1589","0","55.13","36.19"
"67","000","00","032","3210","1159","827","567","260","26","853","1497","0","56.98","37.88"
"67","000","00","032","3211","0000","695","506","189","42","737","1386","0","53.17","36.51"
"67","000","00","032","3211","1160","695","506","189","42","737","1386","0","53.17","36.51"
"67","000","00","032","3212","0000","2253","1591","662","68","2321","4048","0","57.34","39.3"
"67","000","00","032","3212","1173","1053","751","302","40","1093","1863","0","58.67","40.31"
"67","000","00","032","3212","1174","1200","840","360","28","1228","2185","0","56.2","38.44"
"67","000","00","032","3213","0000","2657","1817","840","96","2753","5122","0","53.75","35.47"
"67","000","00","032","3213","1129","872","607","265","24","896","1708","0","52.46","35.54"
"67","000","00","032","3213","1130","839","587","252","26","865","1560","0","55.45","37.63"
"67","000","00","032","3213","1131","946","623","323","46","992","1854","0","53.51","33.6"
"67","000","00","032","3214","0000","2507","1725","782","51","2558","4865","0","52.58","35.46"
"67","000","00","032","3214","1120","1291","887","404","22","1313","2474","0","53.07","35.85"
"67","000","00","032","3214","1121","1216","838","378","29","1245","2391","0","52.07","35.05"
"67","000","00","032","3215","0000","892","617","275","29","921","1602","0","57.49","38.51"
"67","000","00","032","3215","1177","892","617","275","29","921","1602","0","57.49","38.51"
"67","000","00","032","3216","0000","812","578","234","52","864","1556","0","55.53","37.15"
"67","000","00","032","3216","1176","812","578","234","52","864","1556","0","55.53","37.15"
"67","000","00","032","3217","0000","2341","1605","736","52","2393","4335","0","55.2","37.02"
"67","000","00","032","3217","1133","1086","752","334","26","1112","2093","0","53.13","35.93"
"67","000","00","032","3217","1134","1255","853","402","26","1281","2242","0","57.14","38.05"
"67","000","00","032","3218","0000","776","580","196","19","795","1517","0","52.41","38.23"
"67","000","00","032","3218","1165","776","580","196","19","795","1517","0","52.41","38.23"
"67","000","00","032","3219","0000","2721","1883","838","83","2804","4992","0","56.17","37.72"
"67","000","00","032","3219","1102","923","615","308","25","948","1639","0","57.84","37.52"
"67","000","00","032","3219","1103","918","630","288","29","947","1724","0","54.93","36.54"
"67","000","00","032","3219","1104","880","638","242","29","909","1629","0","55.8","39.17"
"67","000","00","032","3220","0000","2313","1605","708","103","2416","4484","0","53.88","35.79"
"67","000","00","032","3220","1168","1156","824","332","65","1221","2238","0","54.56","36.82"
"67","000","00","032","3220","1169","1157","781","376","38","1195","2246","0","53.21","34.77"
"67","000","00","032","3221","0000","1046","717","329","34","1080","1986","0","54.38","36.1"
"67","000","00","032","3221","1156","596","388","208","6","602","1090","0","55.23","35.6"
"67","000","00","032","3221","1157","450","329","121","28","478","896","0","53.35","36.72"
"67","000","00","032","3222","0000","2316","1597","719","78","2394","4242","0","56.44","37.65"
"67","000","00","032","3222","1148","812","571","241","23","835","1427","0","58.51","40.01"
"67","000","00","032","3222","1149","741","499","242","34","775","1427","0","54.31","34.97"
"67","000","00","032","3222","1150","763","527","236","21","784","1388","0","56.48","37.97"
"67","000","00","032","3223","0000","669","421","248","26","695","1131","0","61.45","37.22"
"67","000","00","032","3223","1151","669","421","248","26","695","1131","0","61.45","37.22"
"67","000","00","032","3224","0000","2536","1646","890","53","2589","4615","0","56.1","35.67"
"67","000","00","032","3224","1183","889","582","307","27","916","1653","0","55.41","35.21"
"67","000","00","032","3224","1184","856","540","316","11","867","1554","0","55.79","34.75"
"67","000","00","032","3224","1185","791","524","267","15","806","1408","0","57.24","37.22"
"67","000","00","032","3225","0000","2679","1884","795","68","2747","4874","0","56.36","38.65"
"67","000","00","032","3225","1122","923","633","290","19","942","1673","0","56.31","37.84"
"67","000","00","032","3225","1123","868","613","255","17","885","1594","0","55.52","38.46"
"67","000","00","032","3225","1124","888","638","250","32","920","1607","0","57.25","39.7"
"67","000","00","032","3226","0000","1667","1218","449","52","1719","2982","0","57.65","40.85"
"67","000","00","032","3226","1116","753","548","205","33","786","1427","0","55.08","38.4"
"67","000","00","032","3226","1117","914","670","244","19","933","1555","0","60.0","43.09"
"67","000","00","032","3227","0000","1815","1229","586","64","1879","3593","0","52.3","34.21"
"67","000","00","032","3227","1146","885","620","265","28","913","1829","0","49.92","33.9"
"67","000","00","032","3227","1147","930","609","321","36","966","1764","0","54.76","34.52"
"67","000","00","032","3228","0000","812","593","219","30","842","1721","0","48.93","34.46"
"67","000","00","032","3228","1175","812","593","219","30","842","1721","0","48.93","34.46"
"67","000","00","032","3229","0000","2275","1578","697","80","2355","4240","0","55.54","37.22"
"67","000","00","032","3229","1171","1052","697","355","41","1093","2063","0","52.98","33.79"
"67","000","00","032","3229","1172","1223","881","342","39","1262","2177","0","57.97","40.47"
"67","000","00","032","3230","0000","1380","1004","376","50","1430","2447","0","58.44","41.03"
"67","000","00","032","3230","1163","660","469","191","21","681","1185","0","57.47","39.58"
"67","000","00","032","3230","1164","720","535","185","29","749","1262","0","59.35","42.39"
"67","000","00","032","3231","0000","1575","1093","482","60","1635","2983","0","54.81","36.64"
"67","000","00","032","3231","1144","773","513","260","23","796","1501","0","53.03","34.18"
"67","000","00","032","3231","1145","802","580","222","37","839","1482","0","56.61","39.14"
"67","000","00","032","3232","0000","2532","1767","765","55","2587","4472","0","57.85","39.51"
"67","000","00","032","3232","1099","882","623","259","21","903","1552","0","58.18","40.14"
"67","000","00","032","3232","1100","775","556","219","6","781","1326","0","58.9","41.93"
"67","000","00","032","3232","1101","875","588","287","28","903","1594","0","56.65","36.89"
"67","000","00","032","3233","0000","1229","926","303","34","1263","2296","0","55.01","40.33"
"67","000","00","032","3233","1111","587","436","151","17","604","1039","0","58.13","41.96"
"67","000","00","032","3233","1112","642","490","152","17","659","1257","0","52.43","38.98"
"67","000","00","032","3234","0000","1113","769","344","29","1142","2278","0","50.13","33.76"
"67","000","00","032","3234","1132","1113","769","344","29","1142","2278","0","50.13","33.76"
"67","000","00","032","3235","0000","1618","1091","527","38","1656","2933","0","56.46","37.2"
"67","000","00","032","3235","1105","778","520","258","20","798","1399","0","57.04","37.17"
"67","000","00","032","3235","1106","840","571","269","18","858","1534","0","55.93","37.22"
"67","000","00","032","3236","0000","988","692","296","59","1047","1882","0","55.63","36.77"
"67","000","00","032","3236","1154","471","348","123","28","499","935","0","53.37","37.22"
"67","000","00","032","3236","1155","517","344","173","31","548","947","0","57.87","36.33"
"67","000","00","032","3237","0000","1059","771","288","47","1106","1996","0","55.41","38.63"
"67","000","00","032","3237","1152","516","371","145","32","548","1000","0","54.8","37.1"
"67","000","00","032","3237","1153","543","400","143","15","558","996","0","56.02","40.16"
"67","000","00","032","3238","0000","1476","1070","406","57","1533","2905","0","52.77","36.83"
"67","000","00","032","3238","1178","777","587","190","34","811","1523","0","53.25","38.54"
"67","000","00","032","3238","1179","699","483","216","23","722","1382","0","52.24","34.95"
"67","000","00","032","3239","0000","2212","1473","739","49","2261","3980","0","56.81","37.01"
"67","000","00","032","3239","1186","1198","837","361","22","1220","2084","0","58.54","40.16"
"67","000","00","032","3239","1187","1014","636","378","27","1041","1896","0","54.91","33.54"
"67","000","00","032","3240","0000","2014","1445","569","50","2064","4492","0","45.95","32.17"
"67","000","00","032","3240","1095","1048","761","287","33","1081","2681","0","40.32","28.38"
"67","000","00","032","3240","1096","966","684","282","17","983","1811","0","54.28","37.77"
"67","000","00","032","3241","0000","3277","2255","1022","88","3365","5929","0","56.75","38.03"
"67","000","00","032","3241","1107","898","619","279","19","917","1656","0","55.37","37.38"
"67","000","00","032","3241","1108","705","497","208","27","732","1322","0","55.37","37.59"
"67","000","00","032","3241","1109","874","582","292","25","899","1620","0","55.49","35.93"
"67","000","00","032","3241","1110","800","557","243","17","817","1331","0","61.38","41.85"
"67","000","00","032","3242","0000","1757","1266","491","74","1831","3308","0","55.35","38.27"
"67","000","00","032","3242","1127","876","639","237","40","916","1696","0","54.01","37.68"
"67","000","00","032","3242","1128","881","627","254","34","915","1612","0","56.76","38.9"
"67","000","00","032","3243","0000","2538","1697","841","47","2585","4456","0","58.01","38.08"
"67","000","00","032","3243","1125","1197","804","393","23","1220","2087","0","58.46","38.52"
"67","000","00","032","3243","1126","1341","893","448","24","1365","2369","0","57.62","37.7"
"67","000","00","032","3244","0000","1462","1009","453","35","1497","2470","0","60.61","40.85"
"67","000","00","032","3244","1135","675","470","205","24","699","1152","0","60.68","40.8"
"67","000","00","032","3244","1136","787","539","248","11","798","1318","0","60.55","40.9"
"67","000","00","032","3245","0000","2342","1580","762","46","2388","4160","0","57.4","37.98"
"67","000","00","032","3245","1137","1220","827","393","28","1248","2200","0","56.73","37.59"
"67","000","00","032","3245","1138","1122","753","369","18","1140","1960","0","58.16","38.42"
"67","000","00","033","0000","0000","54376","39517","14859","2375","56751","108650","124790","52.23","36.37"
"67","000","00","033","3301","0000","837","580","257","31","868","1637","0","53.02","35.43"
"67","000","00","033","3301","1024","837","580","257","31","868","1637","0","53.02","35.43"
"67","000","00","033","3303","0000","393","261","132","9","402","871","0","46.15","29.97"
"67","000","00","033","3303","1025","393","261","132","9","402","871","0","46.15","29.97"
"67","000","00","033","3304","0000","829","549","280","44","873","1390","0","62.81","39.5"
"67","000","00","033","3304","1026","322","197","125","16","338","589","0","57.39","33.45"
"67","000","00","033","3304","1027","507","352","155","28","535","801","0","66.79","43.95"
"67","000","00","033","3305","0000","1235","905","330","56","1291","2262","0","57.07","40.01"
"67","000","00","033","3305","1035","617","446","171","26","643","1127","0","57.05","39.57"
"67","000","00","033","3305","1036","618","459","159","30","648","1135","0","57.09","40.44"
"67","000","00","033","3306","0000","1157","827","330","46","1203","2277","0","52.83","36.32"
"67","000","00","033","3306","1037","640","459","181","32","672","1263","0","53.21","36.34"
"67","000","00","033","3306","1038","517","368","149","14","531","1014","0","52.37","36.29"
"67","000","00","033","3307","0000","1335","927","408","51","1386","2774","0","49.96","33.42"
"67","000","00","033","3307","1031","597","424","173","32","629","1204","0","52.24","35.22"
"67","000","00","033","3307","1032","738","503","235","19","757","1570","0","48.22","32.04"
"67","000","00","033","3308","0000","1815","1366","449","101","1916","3209","0","59.71","42.57"
"67","000","00","033","3308","1028","544","428","116","32","576","990","0","58.18","43.23"
"67","000","00","033","3308","1029","713","539","174","28","741","1222","0","60.64","44.11"
"67","000","00","033","3308","1030","558","399","159","41","599","997","0","60.08","40.02"
"67","000","00","033","3309","0000","1548","1125","423","74","1622","3006","0","53.96","37.43"
"67","000","00","033","3309","1047","804","598","206","33","837","1542","0","54.28","38.78"
"67","000","00","033","3309","1048","744","527","217","41","785","1464","0","53.62","36.0"
"67","000","00","033","3311","0000","2004","1442","562","100","2104","4217","0","49.89","34.19"
"67","000","00","033","3311","1052","660","498","162","28","688","1419","0","48.48","35.1"
"67","000","00","033","3311","1053","634","447","187","38","672","1333","0","50.41","33.53"
"67","000","00","033","3311","1054","710","497","213","34","744","1465","0","50.78","33.92"
"67","000","00","033","3313","0000","1826","1364","462","86","1912","3607","0","53.01","37.82"
"67","000","00","033","3313","1055","587","432","155","24","611","1099","0","55.6","39.31"
"67","000","00","033","3313","1056","564","428","136","16","580","1133","0","51.19","37.78"
"67","000","00","033","3313","1057","675","504","171","46","721","1375","0","52.44","36.65"
"67","000","00","033","3314","0000","944","708","236","36","980","2064","0","47.48","34.3"
"67","000","00","033","3314","1082","944","708","236","36","980","2064","0","47.48","34.3"
"67","000","00","033","3315","0000","1071","838","233","90","1161","2173","0","53.43","38.56"
"67","000","00","033","3315","1079","588","469","119","63","651","1119","0","58.18","41.91"
"67","000","00","033","3315","1080","483","369","114","27","510","1054","0","48.39","35.01"
"67","000","00","033","3316","0000","585","439","146","60","645","1245","0","51.81","35.26"
"67","000","00","033","3316","1081","585","439","146","60","645","1245","0","51.81","35.26"
"67","000","00","033","3317","0000","1529","1146","383","33","1562","3429","0","45.55","33.42"
"67","000","00","033","3317","1083","867","631","236","16","883","2056","0","42.95","30.69"
"67","000","00","033","3317","1084","662","515","147","17","679","1373","0","49.45","37.51"
"67","000","00","033","3318","0000","1090","792","298","63","1153","2109","0","54.67","37.55"
"67","000","00","033","3318","1093","511","393","118","50","561","1093","0","51.33","35.96"
"67","000","00","033","3318","1094","579","399","180","13","592","1016","0","58.27","39.27"
"67","000","00","033","3319","0000","1050","766","284","58","1108","2162","0","51.25","35.43"
"67","000","00","033","3319","1091","410","303","107","28","438","897","0","48.83","33.78"
"67","000","00","033","3319","1092","640","463","177","30","670","1265","0","52.96","36.6"
"67","000","00","033","3320","0000","1322","959","363","75","1397","2544","0","54.91","37.7"
"67","000","00","033","3320","1089","603","435","168","46","649","1186","0","54.72","36.68"
"67","000","00","033","3320","1090","719","524","195","29","748","1358","0","55.08","38.59"
"67","000","00","033","3321","0000","1295","927","368","37","1332","2272","0","58.63","40.8"
"67","000","00","033","3321","1017","652","458","194","19","671","1150","0","58.35","39.83"
"67","000","00","033","3321","1018","643","469","174","18","661","1122","0","58.91","41.8"
"67","000","00","033","3322","0000","2287","1632","655","88","2375","4507","0","52.7","36.21"
"67","000","00","033","3322","1019","693","491","202","32","725","1444","0","50.21","34.0"
"67","000","00","033","3322","1020","853","591","262","29","882","1765","0","49.97","33.48"
"67","000","00","033","3322","1021","741","550","191","27","768","1298","0","59.17","42.37"
"67","000","00","033","3323","0000","1655","1189","466","69","1724","3392","0","50.83","35.05"
"67","000","00","033","3323","1015","677","479","198","32","709","1221","0","58.07","39.23"
"67","000","00","033","3323","1016","978","710","268","37","1015","2171","0","46.75","32.7"
"67","000","00","033","3324","0000","1732","1273","459","49","1781","3398","0","52.41","37.46"
"67","000","00","033","3324","1022","779","598","181","29","808","1458","0","55.42","41.02"
"67","000","00","033","3324","1023","953","675","278","20","973","1940","0","50.15","34.79"
"67","000","00","033","3325","0000","1166","804","362","53","1219","2298","0","53.05","34.99"
"67","000","00","033","3325","1033","646","436","210","32","678","1222","0","55.48","35.68"
"67","000","00","033","3325","1034","520","368","152","21","541","1076","0","50.28","34.2"
"67","000","00","033","3326","0000","1624","1188","436","62","1686","3341","0","50.46","35.56"
"67","000","00","033","3326","1061","871","644","227","42","913","1640","0","55.67","39.27"
"67","000","00","033","3326","1062","753","544","209","20","773","1701","0","45.44","31.98"
"67","000","00","033","3327","0000","1755","1259","496","66","1821","3306","0","55.08","38.08"
"67","000","00","033","3327","1039","803","594","209","39","842","1491","0","56.47","39.84"
"67","000","00","033","3327","1040","952","665","287","27","979","1815","0","53.94","36.64"
"67","000","00","033","3328","0000","2537","1822","715","104","2641","5017","0","52.64","36.32"
"67","000","00","033","3328","1044","845","603","242","36","881","1626","0","54.18","37.08"
"67","000","00","033","3328","1045","844","610","234","40","884","1761","0","50.2","34.64"
"67","000","00","033","3328","1046","848","609","239","28","876","1630","0","53.74","37.36"
"67","000","00","033","3329","0000","1144","854","290","42","1186","2734","0","43.38","31.24"
"67","000","00","033","3329","1068","578","424","154","24","602","1657","0","36.33","25.59"
"67","000","00","033","3329","1069","566","430","136","18","584","1077","0","54.22","39.93"
"67","000","00","033","3330","0000","2625","1901","724","80","2705","5719","0","47.3","33.24"
"67","000","00","033","3330","1072","888","662","226","15","903","1985","0","45.49","33.35"
"67","000","00","033","3330","1073","891","626","265","28","919","2017","0","45.56","31.04"
"67","000","00","033","3330","1074","846","613","233","37","883","1717","0","51.43","35.7"
"67","000","00","033","3331","0000","880","637","243","39","919","1624","0","56.59","39.22"
"67","000","00","033","3331","1075","502","374","128","22","524","929","0","56.4","40.26"
"67","000","00","033","3331","1076","378","263","115","17","395","695","0","56.83","37.84"
"67","000","00","033","3332","0000","2660","1948","712","93","2753","5094","0","54.04","38.24"
"67","000","00","033","3332","1065","1006","736","270","40","1046","1774","0","58.96","41.49"
"67","000","00","033","3332","1066","812","602","210","35","847","1613","0","52.51","37.32"
"67","000","00","033","3332","1067","842","610","232","18","860","1707","0","50.38","35.74"
"67","000","00","033","3333","0000","1716","1263","453","84","1800","3568","0","50.45","35.4"
"67","000","00","033","3333","1063","738","551","187","33","771","1541","0","50.03","35.76"
"67","000","00","033","3333","1064","978","712","266","51","1029","2027","0","50.76","35.13"
"67","000","00","033","3334","0000","2402","1712","690","61","2463","4809","0","51.22","35.6"
"67","000","00","033","3334","1058","813","559","254","25","838","1781","0","47.05","31.39"
"67","000","00","033","3334","1059","855","618","237","24","879","1542","0","57.0","40.08"
"67","000","00","033","3334","1060","734","535","199","12","746","1486","0","50.2","36.0"
"67","000","00","033","3335","0000","2385","1677","708","120","2505","5092","0","49.19","32.93"
"67","000","00","033","3335","1041","701","481","220","35","736","1398","0","52.65","34.41"
"67","000","00","033","3335","1042","778","532","246","47","825","2107","0","39.16","25.25"
"67","000","00","033","3335","1043","906","664","242","38","944","1587","0","59.48","41.84"
"67","000","00","033","3336","0000","870","665","205","29","899","1781","0","50.48","37.34"
"67","000","00","033","3336","1077","488","372","116","12","500","997","0","50.15","37.31"
"67","000","00","033","3336","1078","382","293","89","17","399","784","0","50.89","37.37"
"67","000","00","033","3337","0000","907","666","241","88","995","1775","0","56.06","37.52"
"67","000","00","033","3337","1087","519","383","136","63","582","1031","0","56.45","37.15"
"67","000","00","033","3337","1088","388","283","105","25","413","744","0","55.51","38.04"
"67","000","00","033","3338","0000","912","689","223","58","970","1762","0","55.05","39.1"
"67","000","00","033","3338","1085","498","381","117","21","519","1002","0","51.8","38.02"
"67","000","00","033","3338","1086","414","308","106","37","451","760","0","59.34","40.53"
"67","000","00","033","3339","0000","1266","930","336","32","1298","2434","0","53.33","38.21"
"67","000","00","033","3339","1070","622","465","157","15","637","1185","0","53.76","39.24"
"67","000","00","033","3339","1071","644","465","179","17","661","1249","0","52.92","37.23"
"67","000","00","033","3340","0000","1988","1487","501","108","2096","3751","0","55.88","39.64"
"67","000","00","033","3340","1049","866","652","214","52","918","1727","0","53.16","37.75"
"67","000","00","033","3340","1050","634","467","167","33","667","1085","0","61.47","43.04"
"67","000","00","033","3340","1051","488","368","120","23","511","939","0","54.42","39.19"
"67","000","00","034","0000","0000","58678","41640","17038","1741","60419","110906","132020","54.48","37.55"
"67","000","00","034","3401","0000","1702","1258","444","72","1774","3501","0","50.67","35.93"
"67","000","00","034","3401","0850","875","647","228","39","914","1793","0","50.98","36.08"
"67","000","00","034","3401","0851","827","611","216","33","860","1708","0","50.35","35.77"
"67","000","00","034","3404","0000","1163","859","304","31","1194","2030","0","58.82","42.32"
"67","000","00","034","3404","0862","605","468","137","20","625","1076","0","58.09","43.49"
"67","000","00","034","3404","0863","558","391","167","11","569","954","0","59.64","40.99"
"67","000","00","034","3405","0000","1372","990","382","39","1411","2451","0","57.57","40.39"
"67","000","00","034","3405","0858","625","476","149","16","641","1189","0","53.91","40.03"
"67","000","00","034","3405","0859","747","514","233","23","770","1262","0","61.01","40.73"
"67","000","00","034","3407","0000","1052","760","292","18","1070","1964","0","54.48","38.7"
"67","000","00","034","3407","0867","519","374","145","7","526","974","0","54.0","38.4"
"67","000","00","034","3407","0868","533","386","147","11","544","990","0","54.95","38.99"
"67","000","00","034","3408","0000","1190","816","374","30","1220","2069","0","58.97","39.44"
"67","000","00","034","3408","0869","617","394","223","11","628","1016","0","61.81","38.78"
"67","000","00","034","3408","0870","573","422","151","19","592","1053","0","56.22","40.08"
"67","000","00","034","3418","0000","2144","1497","647","65","2209","4291","0","51.48","34.89"
"67","000","00","034","3418","0926","683","471","212","15","698","1502","0","46.47","31.36"
"67","000","00","034","3418","0927","781","543","238","20","801","1470","0","54.49","36.94"
"67","000","00","034","3418","0928","680","483","197","30","710","1319","0","53.83","36.62"
"67","000","00","034","3419","0000","1067","738","329","21","1088","1864","0","58.37","39.59"
"67","000","00","034","3419","0860","599","411","188","13","612","1017","0","60.18","40.41"
"67","000","00","034","3419","0861","468","327","141","8","476","847","0","56.2","38.61"
"67","000","00","034","3420","0000","2666","1763","903","67","2733","4824","0","56.65","36.55"
"67","000","00","034","3420","0908","949","610","339","24","973","1709","0","56.93","35.69"
"67","000","00","034","3420","0909","885","587","298","24","909","1517","0","59.92","38.69"
"67","000","00","034","3420","0910","832","566","266","19","851","1598","0","53.25","35.42"
"67","000","00","034","3423","0000","1599","1200","399","49","1648","3203","0","51.45","37.46"
"67","000","00","034","3423","0894","553","391","162","12","565","1091","0","51.79","35.84"
"67","000","00","034","3423","0895","519","391","128","23","542","993","0","54.58","39.38"
"67","000","00","034","3423","0896","527","418","109","14","541","1119","0","48.35","37.35"
"67","000","00","034","3424","0000","2359","1620","739","72","2431","4442","0","54.73","36.47"
"67","000","00","034","3424","0897","899","610","289","31","930","1685","0","55.19","36.2"
"67","000","00","034","3424","0898","733","512","221","11","744","1368","0","54.39","37.43"
"67","000","00","034","3424","0899","727","498","229","30","757","1389","0","54.5","35.85"
"67","000","00","034","3425","0000","1710","1160","550","34","1744","3296","0","52.91","35.19"
"67","000","00","034","3425","0919","872","599","273","21","893","1662","0","53.73","36.04"
"67","000","00","034","3425","0920","838","561","277","13","851","1634","0","52.08","34.33"
"67","000","00","034","3426","0000","2725","1939","786","119","2844","5387","0","52.79","35.99"
"67","000","00","034","3426","0923","979","691","288","40","1019","1874","0","54.38","36.87"
"67","000","00","034","3426","0924","881","645","236","38","919","1760","0","52.22","36.65"
"67","000","00","034","3426","0925","865","603","262","41","906","1753","0","51.68","34.4"
"67","000","00","034","3432","0000","740","525","215","38","778","1466","0","53.07","35.81"
"67","000","00","034","3432","0871","740","525","215","38","778","1466","0","53.07","35.81"
"67","000","00","034","3433","0000","952","693","259","54","1006","1829","0","55.0","37.89"
"67","000","00","034","3433","0884","482","358","124","34","516","892","0","57.85","40.13"
"67","000","00","034","3433","0885","470","335","135","20","490","937","0","52.29","35.75"
"67","000","00","034","3438","0000","1832","1172","660","29","1861","3800","0","48.97","30.84"
"67","000","00","034","3438","0852","510","326","184","5","515","997","0","51.65","32.7"
"67","000","00","034","3438","0853","641","386","255","13","654","1452","0","45.04","26.58"
"67","000","00","034","3438","0854","681","460","221","11","692","1351","0","51.22","34.05"
"67","000","00","034","3439","0000","1608","1208","400","62","1670","3079","0","54.24","39.23"
"67","000","00","034","3439","0872","831","617","214","25","856","1535","0","55.77","40.2"
"67","000","00","034","3439","0873","777","591","186","37","814","1544","0","52.72","38.28"
"67","000","00","034","3440","0000","2395","1661","734","79","2474","4317","0","57.31","38.48"
"67","000","00","034","3440","0905","757","558","199","36","793","1340","0","59.18","41.64"
"67","000","00","034","3440","0906","783","521","262","23","806","1464","0","55.05","35.59"
"67","000","00","034","3440","0907","855","582","273","20","875","1513","0","57.83","38.47"
"67","000","00","034","3441","0000","1662","1176","486","47","1709","2975","0","57.45","39.53"
"67","000","00","034","3441","0915","780","552","228","25","805","1391","0","57.87","39.68"
"67","000","00","034","3441","0916","882","624","258","22","904","1584","0","57.07","39.39"
"67","000","00","034","3442","0000","1999","1425","574","54","2053","3665","0","56.02","38.88"
"67","000","00","034","3442","0921","993","715","278","24","1017","1793","0","56.72","39.88"
"67","000","00","034","3442","0922","1006","710","296","30","1036","1872","0","55.34","37.93"
"67","000","00","034","3443","0000","1924","1355","569","42","1966","3596","0","54.67","37.68"
"67","000","00","034","3443","0929","1025","742","283","30","1055","1876","0","56.24","39.55"
"67","000","00","034","3443","0930","899","613","286","12","911","1720","0","52.97","35.64"
"67","000","00","034","3444","0000","2108","1591","517","75","2183","4008","0","54.47","39.7"
"67","000","00","034","3444","0864","666","496","170","36","702","1300","0","54.0","38.15"
"67","000","00","034","3444","0865","719","540","179","21","740","1390","0","53.24","38.85"
"67","000","00","034","3444","0866","723","555","168","18","741","1318","0","56.22","42.11"
"67","000","00","034","3445","0000","2090","1527","563","56","2146","3534","0","60.72","43.21"
"67","000","00","034","3445","0855","808","577","231","26","834","1323","0","63.04","43.61"
"67","000","00","034","3445","0856","618","463","155","14","632","1073","0","58.9","43.15"
"67","000","00","034","3445","0857","664","487","177","16","680","1138","0","59.75","42.79"
"67","000","00","034","3446","0000","2909","2165","744","102","3011","5305","0","56.76","40.81"
"67","000","00","034","3446","0874","958","700","258","35","993","1760","0","56.42","39.77"
"67","000","00","034","3446","0875","720","537","183","26","746","1372","0","54.37","39.14"
"67","000","00","034","3446","0876","571","428","143","15","586","1002","0","58.48","42.71"
"67","000","00","034","3446","0877","660","500","160","26","686","1171","0","58.58","42.7"
"67","000","00","034","3447","0000","2050","1513","537","54","2104","3964","0","53.08","38.17"
"67","000","00","034","3447","0891","799","582","217","11","810","1522","0","53.22","38.24"
"67","000","00","034","3447","0892","661","486","175","19","680","1278","0","53.21","38.03"
"67","000","00","034","3447","0893","590","445","145","24","614","1164","0","52.75","38.23"
"67","000","00","034","3448","0000","2502","1881","621","77","2579","4860","0","53.07","38.7"
"67","000","00","034","3448","0878","623","456","167","14","637","1285","0","49.57","35.49"
"67","000","00","034","3448","0879","530","418","112","19","549","1036","0","52.99","40.35"
"67","000","00","034","3448","0880","728","528","200","23","751","1392","0","53.95","37.93"
"67","000","00","034","3448","0881","621","479","142","21","642","1147","0","55.97","41.76"
"67","000","00","034","3449","0000","1536","1143","393","37","1573","3085","0","50.99","37.05"
"67","000","00","034","3449","0882","709","535","174","13","722","1526","0","47.31","35.06"
"67","000","00","034","3449","0883","827","608","219","24","851","1559","0","54.59","39.0"
"67","000","00","034","3450","0000","1414","1014","400","32","1446","2797","0","51.7","36.25"
"67","000","00","034","3450","0889","709","517","192","20","729","1346","0","54.16","38.41"
"67","000","00","034","3450","0890","705","497","208","12","717","1451","0","49.41","34.25"
"67","000","00","034","3451","0000","1987","1423","564","73","2060","4176","0","49.33","34.08"
"67","000","00","034","3451","0886","796","562","234","39","835","1449","0","57.63","38.79"
"67","000","00","034","3451","0887","609","452","157","13","622","1160","0","53.62","38.97"
"67","000","00","034","3451","0888","582","409","173","21","603","1567","0","38.48","26.1"
"67","000","00","034","3452","0000","1771","1186","585","38","1809","3124","0","57.91","37.96"
"67","000","00","034","3452","0900","842","572","270","12","854","1469","0","58.13","38.94"
"67","000","00","034","3452","0901","929","614","315","26","955","1655","0","57.7","37.1"
"67","000","00","034","3453","0000","2201","1478","723","45","2246","4187","0","53.64","35.3"
"67","000","00","034","3453","0902","706","488","218","13","719","1261","0","57.02","38.7"
"67","000","00","034","3453","0903","683","440","243","12","695","1490","0","46.64","29.53"
"67","000","00","034","3453","0904","812","550","262","20","832","1436","0","57.94","38.3"
"67","000","00","034","3454","0000","1358","919","439","56","1414","2613","0","54.11","35.17"
"67","000","00","034","3454","0911","719","455","264","26","745","1399","0","53.25","32.52"
"67","000","00","034","3454","0912","639","464","175","30","669","1214","0","55.11","38.22"
"67","000","00","034","3455","0000","1276","846","430","33","1309","2212","0","59.18","38.25"
"67","000","00","034","3455","0913","594","393","201","10","604","1064","0","56.77","36.94"
"67","000","00","034","3455","0914","682","453","229","23","705","1148","0","61.41","39.46"
"67","000","00","034","3456","0000","1615","1139","476","41","1656","2992","0","55.35","38.07"
"67","000","00","034","3456","0917","873","613","260","19","892","1595","0","55.92","38.43"
"67","000","00","034","3456","0918","742","526","216","22","764","1397","0","54.69","37.65"
"67","000","00","035","0000","0000","81015","58866","22149","3312","84327","159654","193163","52.82","36.87"
"67","000","00","035","3501","0000","1313","869","444","48","1361","2549","0","53.39","34.09"
"67","000","00","035","3501","0618","1313","869","444","48","1361","2549","0","53.39","34.09"
"67","000","00","035","3502","0000","2270","1727","543","87","2357","4600","0","51.24","37.54"
"67","000","00","035","3502","0624","989","713","276","40","1029","2143","0","48.02","33.27"
"67","000","00","035","3502","0625","1281","1014","267","47","1328","2457","0","54.05","41.27"
"67","000","00","035","3503","0000","2341","1716","625","74","2415","4477","0","53.94","38.33"
"67","000","00","035","3503","0619","1191","884","307","31","1222","2321","0","52.65","38.09"
"67","000","00","035","3503","0620","1150","832","318","43","1193","2156","0","55.33","38.59"
"67","000","00","035","3504","0000","2570","1949","621","134","2704","4799","0","56.35","40.61"
"67","000","00","035","3504","0621","930","704","226","45","975","1662","0","58.66","42.36"
"67","000","00","035","3504","0622","846","646","200","57","903","1512","0","59.72","42.72"
"67","000","00","035","3504","0623","794","599","195","32","826","1625","0","50.83","36.86"
"67","000","00","035","3505","0000","2336","1654","682","95","2431","4512","0","53.88","36.66"
"67","000","00","035","3505","0626","1154","827","327","49","1203","2148","0","56.01","38.5"
"67","000","00","035","3505","0627","1182","827","355","46","1228","2364","0","51.95","34.98"
"67","000","00","035","3506","0000","1548","1136","412","78","1626","2805","0","57.97","40.5"
"67","000","00","035","3506","0644","830","609","221","22","852","1447","0","58.88","42.09"
"67","000","00","035","3506","0645","718","527","191","56","774","1358","0","57.0","38.81"
"67","000","00","035","3507","0000","1894","1339","555","85","1979","3494","0","56.64","38.32"
"67","000","00","035","3507","0639","931","651","280","36","967","1721","0","56.19","37.83"
"67","000","00","035","3507","0640","963","688","275","49","1012","1773","0","57.08","38.8"
"67","000","00","035","3508","0000","2151","1530","621","74","2225","4546","0","48.94","33.66"
"67","000","00","035","3508","0631","1031","730","301","36","1067","2291","0","46.57","31.86"
"67","000","00","035","3508","0632","1120","800","320","38","1158","2255","0","51.35","35.48"
"67","000","00","035","3509","0000","3026","2161","865","92","3118","5977","0","52.17","36.16"
"67","000","00","035","3509","0633","913","632","281","36","949","1940","0","48.92","32.58"
"67","000","00","035","3509","0634","1103","791","312","22","1125","2013","0","55.89","39.29"
"67","000","00","035","3509","0635","1010","738","272","34","1044","2024","0","51.58","36.46"
"67","000","00","035","3510","0000","3107","2252","855","105","3212","5933","0","54.14","37.96"
"67","000","00","035","3510","0628","905","636","269","30","935","1868","0","50.05","34.05"
"67","000","00","035","3510","0629","1007","725","282","42","1049","1797","0","58.38","40.35"
"67","000","00","035","3510","0630","1195","891","304","33","1228","2268","0","54.14","39.29"
"67","000","00","035","3511","0000","1122","806","316","53","1175","2188","0","53.7","36.84"
"67","000","00","035","3511","0654","1122","806","316","53","1175","2188","0","53.7","36.84"
"67","000","00","035","3512","0000","992","728","264","50","1042","1835","0","56.78","39.67"
"67","000","00","035","3512","0659","992","728","264","50","1042","1835","0","56.78","39.67"
"67","000","00","035","3513","0000","2144","1584","560","101","2245","4646","0","48.32","34.09"
"67","000","00","035","3513","0655","1136","848","288","41","1177","2399","0","49.06","35.35"
"67","000","00","035","3513","0656","1008","736","272","60","1068","2247","0","47.53","32.75"
"67","000","00","035","3514","0000","682","505","177","46","728","1165","0","62.49","43.35"
"67","000","00","035","3514","0657","682","505","177","46","728","1165","0","62.49","43.35"
"67","000","00","035","3515","0000","2562","1883","679","98","2660","5476","0","48.58","34.39"
"67","000","00","035","3515","0670","682","507","175","35","717","1547","0","46.35","32.77"
"67","000","00","035","3515","0671","871","637","234","41","912","1784","0","51.12","35.71"
"67","000","00","035","3515","0672","1009","739","270","22","1031","2145","0","48.07","34.45"
"67","000","00","035","3516","0000","1391","1035","356","76","1467","2728","0","53.78","37.94"
"67","000","00","035","3516","0668","906","681","225","41","947","1763","0","53.72","38.63"
"67","000","00","035","3516","0669","485","354","131","35","520","965","0","53.89","36.68"
"67","000","00","035","3517","0000","1179","865","314","50","1229","1978","0","62.13","43.73"
"67","000","00","035","3517","0693","538","401","137","20","558","905","0","61.66","44.31"
"67","000","00","035","3517","0694","641","464","177","30","671","1073","0","62.53","43.24"
"67","000","00","035","3518","0000","3657","2569","1088","76","3733","7488","0","49.85","34.31"
"67","000","00","035","3518","0673","1282","786","496","24","1306","2443","0","53.46","32.17"
"67","000","00","035","3518","0674","1118","852","266","17","1135","2565","0","44.25","33.22"
"67","000","00","035","3518","0675","1257","931","326","35","1292","2480","0","52.1","37.54"
"67","000","00","035","3519","0000","579","440","139","44","623","977","0","63.77","45.04"
"67","000","00","035","3519","0662","579","440","139","44","623","977","0","63.77","45.04"
"67","000","00","035","3520","0000","2125","1504","621","99","2224","4517","0","49.24","33.3"
"67","000","00","035","3520","0676","1003","704","299","56","1059","2349","0","45.08","29.97"
"67","000","00","035","3520","0677","1122","800","322","43","1165","2168","0","53.74","36.9"
"67","000","00","035","3521","0000","1556","1110","446","81","1637","3228","0","50.71","34.39"
"67","000","00","035","3521","0666","654","483","171","49","703","1319","0","53.3","36.62"
"67","000","00","035","3521","0667","902","627","275","32","934","1909","0","48.93","32.84"
"67","000","00","035","3522","0000","1655","1237","418","62","1717","3339","0","51.42","37.05"
"67","000","00","035","3522","0663","758","569","189","19","777","1642","0","47.32","34.65"
"67","000","00","035","3522","0664","897","668","229","43","940","1697","0","55.39","39.36"
"67","000","00","035","3523","0000","932","688","244","30","962","1966","0","48.93","34.99"
"67","000","00","035","3523","0665","932","688","244","30","962","1966","0","48.93","34.99"
"67","000","00","035","3524","0000","860","651","209","31","891","1501","0","59.36","43.37"
"67","000","00","035","3524","0707","860","651","209","31","891","1501","0","59.36","43.37"
"67","000","00","035","3525","0000","915","686","229","67","982","1797","0","54.65","38.17"
"67","000","00","035","3525","0660","915","686","229","67","982","1797","0","54.65","38.17"
"67","000","00","035","3526","0000","1034","746","288","63","1097","2223","0","49.35","33.56"
"67","000","00","035","3526","0661","1034","746","288","63","1097","2223","0","49.35","33.56"
"67","000","00","035","3527","0000","867","668","199","49","916","1579","0","58.01","42.31"
"67","000","00","035","3527","0695","867","668","199","49","916","1579","0","58.01","42.31"
"67","000","00","035","3528","0000","718","217","501","27","745","1462","0","50.96","14.84"
"67","000","00","035","3528","0700","718","217","501","27","745","1462","0","50.96","14.84"
"67","000","00","035","3529","0000","588","453","135","29","617","1044","0","59.1","43.39"
"67","000","00","035","3529","0701","588","453","135","29","617","1044","0","59.1","43.39"
"67","000","00","035","3530","0000","1493","1108","385","103","1596","3070","0","51.99","36.09"
"67","000","00","035","3530","0696","901","685","216","74","975","1876","0","51.97","36.51"
"67","000","00","035","3530","0697","592","423","169","29","621","1194","0","52.01","35.43"
"67","000","00","035","3531","0000","682","528","154","25","707","1380","0","51.23","38.26"
"67","000","00","035","3531","0699","682","528","154","25","707","1380","0","51.23","38.26"
"67","000","00","035","3532","0000","601","455","146","21","622","1475","0","42.17","30.85"
"67","000","00","035","3532","0698","601","455","146","21","622","1475","0","42.17","30.85"
"67","000","00","035","3533","0000","741","547","194","53","794","1293","0","61.41","42.3"
"67","000","00","035","3533","0702","360","262","98","35","395","603","0","65.51","43.45"
"67","000","00","035","3533","0703","381","285","96","18","399","690","0","57.83","41.3"
"67","000","00","035","3534","0000","685","471","214","38","723","1447","0","49.97","32.55"
"67","000","00","035","3534","0704","685","471","214","38","723","1447","0","49.97","32.55"
"67","000","00","035","3535","0000","566","436","130","32","598","910","0","65.71","47.91"
"67","000","00","035","3535","0705","566","436","130","32","598","910","0","65.71","47.91"
"67","000","00","035","3536","0000","876","670","206","37","913","1850","0","49.35","36.22"
"67","000","00","035","3536","0706","876","670","206","37","913","1850","0","49.35","36.22"
"67","000","00","035","3537","0000","1111","828","283","46","1157","2143","0","53.99","38.64"
"67","000","00","035","3537","0638","1111","828","283","46","1157","2143","0","53.99","38.64"
"67","000","00","035","3538","0000","1538","1081","457","75","1613","2791","0","57.79","38.73"
"67","000","00","035","3538","0636","939","632","307","46","985","1613","0","61.07","39.18"
"67","000","00","035","3538","0637","599","449","150","29","628","1178","0","53.31","38.12"
"67","000","00","035","3539","0000","2350","1686","664","68","2418","4412","0","54.81","38.21"
"67","000","00","035","3539","0641","777","560","217","12","789","1428","0","55.25","39.22"
"67","000","00","035","3539","0642","870","654","216","24","894","1626","0","54.98","40.22"
"67","000","00","035","3539","0643","703","472","231","32","735","1358","0","54.12","34.76"
"67","000","00","035","3540","0000","1789","1380","409","57","1846","3120","0","59.17","44.23"
"67","000","00","035","3540","0680","983","758","225","36","1019","1627","0","62.63","46.59"
"67","000","00","035","3540","0681","806","622","184","21","827","1493","0","55.39","41.66"
"67","000","00","035","3541","0000","2250","1685","565","88","2338","4273","0","54.72","39.43"
"67","000","00","035","3541","0682","760","568","192","30","790","1397","0","56.55","40.66"
"67","000","00","035","3541","0683","731","556","175","33","764","1416","0","53.95","39.27"
"67","000","00","035","3541","0684","759","561","198","25","784","1460","0","53.7","38.42"
"67","000","00","035","3542","0000","1691","1225","466","74","1765","3661","0","48.21","33.46"
"67","000","00","035","3542","0691","811","578","233","40","851","1815","0","46.89","31.85"
"67","000","00","035","3542","0692","880","647","233","34","914","1846","0","49.51","35.05"
"67","000","00","035","3543","0000","2159","1617","542","46","2205","4437","0","49.7","36.44"
"67","000","00","035","3543","0646","1040","772","268","25","1065","2116","0","50.33","36.48"
"67","000","00","035","3543","0647","1119","845","274","21","1140","2321","0","49.12","36.41"
"67","000","00","035","3544","0000","1977","1419","558","77","2054","4044","0","50.79","35.09"
"67","000","00","035","3544","0648","1060","754","306","31","1091","2117","0","51.54","35.62"
"67","000","00","035","3544","0649","917","665","252","46","963","1927","0","49.97","34.51"
"67","000","00","035","3545","0000","2218","1595","623","83","2301","4576","0","50.28","34.86"
"67","000","00","035","3545","0650","1100","774","326","46","1146","2242","0","51.12","34.52"
"67","000","00","035","3545","0651","1118","821","297","37","1155","2334","0","49.49","35.18"
"67","000","00","035","3546","0000","1993","1446","547","72","2065","3809","0","54.21","37.96"
"67","000","00","035","3546","0686","1053","753","300","45","1098","2070","0","53.04","36.38"
"67","000","00","035","3546","0687","940","693","247","27","967","1739","0","55.61","39.85"
"67","000","00","035","3547","0000","1598","1208","390","55","1653","3305","0","50.02","36.55"
"67","000","00","035","3547","0678","822","627","195","27","849","1630","0","52.09","38.47"
"67","000","00","035","3547","0679","776","581","195","28","804","1675","0","48.0","34.69"
"67","000","00","035","3548","0000","754","553","201","31","785","1539","0","51.01","35.93"
"67","000","00","035","3548","0658","754","553","201","31","785","1539","0","51.01","35.93"
"67","000","00","035","3549","0000","986","694","292","31","1017","2222","0","45.77","31.23"
"67","000","00","035","3549","0685","986","694","292","31","1017","2222","0","45.77","31.23"
"67","000","00","035","3550","0000","2905","2115","790","108","3013","5433","0","55.46","38.93"
"67","000","00","035","3550","0688","899","682","217","38","937","1830","0","51.2","37.27"
"67","000","00","035","3550","0689","1013","735","278","43","1056","1803","0","58.57","40.77"
"67","000","00","035","3550","0690","993","698","295","27","1020","1800","0","56.67","38.78"
"67","000","00","035","3551","0000","1938","1411","527","88","2026","3635","0","55.74","38.82"
"67","000","00","035","3551","0652","947","676","271","46","993","1822","0","54.5","37.1"
"67","000","00","035","3551","0653","991","735","256","42","1033","1813","0","56.98","40.54"
"67","000","00","036","0000","0000","27326","19053","8273","1078","28404","55379","66677","51.29","34.4"
"67","000","00","036","3602","0000","948","697","251","44","992","2001","0","49.58","34.83"
"67","000","00","036","3602","1014","948","697","251","44","992","2001","0","49.58","34.83"
"67","000","00","036","3604","0000","202","151","51","9","211","438","0","48.17","34.47"
"67","000","00","036","3604","1007","202","151","51","9","211","438","0","48.17","34.47"
"67","000","00","036","3605","0000","2461","1716","745","82","2543","4954","0","51.33","34.64"
"67","000","00","036","3605","0986","1239","878","361","45","1284","2547","0","50.41","34.47"
"67","000","00","036","3605","0987","1222","838","384","37","1259","2407","0","52.31","34.82"
"67","000","00","036","3606","0000","2058","1366","692","64","2122","4202","0","50.5","32.51"
"67","000","00","036","3606","0988","949","624","325","35","984","2070","0","47.54","30.14"
"67","000","00","036","3606","0989","1109","742","367","29","1138","2132","0","53.38","34.8"
"67","000","00","036","3607","0000","2493","1740","753","80","2573","4810","0","53.49","36.17"
"67","000","00","036","3607","0990","786","547","239","20","806","1450","0","55.59","37.72"
"67","000","00","036","3607","0991","795","543","252","26","821","1605","0","51.15","33.83"
"67","000","00","036","3607","0992","912","650","262","34","946","1755","0","53.9","37.04"
"67","000","00","036","3608","0000","3323","2296","1027","127","3450","7011","0","49.21","32.75"
"67","000","00","036","3608","0993","788","540","248","32","820","1728","0","47.45","31.25"
"67","000","00","036","3608","0994","741","502","239","18","759","1754","0","43.27","28.62"
"67","000","00","036","3608","0995","826","562","264","46","872","1686","0","51.72","33.33"
"67","000","00","036","3608","0996","968","692","276","31","999","1843","0","54.21","37.55"
"67","000","00","036","3609","0000","2642","1874","768","100","2742","4994","0","54.91","37.53"
"67","000","00","036","3609","0983","925","661","264","47","972","1753","0","55.45","37.71"
"67","000","00","036","3609","0984","930","639","291","31","961","1859","0","51.69","34.37"
"67","000","00","036","3609","0985","787","574","213","22","809","1382","0","58.54","41.53"
"67","000","00","036","3610","0000","3426","2291","1135","145","3571","6842","0","52.19","33.48"
"67","000","00","036","3610","1003","878","589","289","50","928","1675","0","55.4","35.16"
"67","000","00","036","3610","1004","992","648","344","46","1038","1979","0","52.45","32.74"
"67","000","00","036","3610","1005","777","531","246","22","799","1602","0","49.88","33.15"
"67","000","00","036","3610","1006","779","523","256","27","806","1586","0","50.82","32.98"
"67","000","00","036","3611","0000","3590","2505","1085","119","3709","7611","0","48.73","32.91"
"67","000","00","036","3611","0999","798","517","281","22","820","1653","0","49.61","31.28"
"67","000","00","036","3611","1000","807","579","228","33","840","1697","0","49.5","34.12"
"67","000","00","036","3611","1001","990","692","298","28","1018","2154","0","47.26","32.13"
"67","000","00","036","3611","1002","995","717","278","36","1031","2107","0","48.93","34.03"
"67","000","00","036","3612","0000","1555","1106","449","49","1604","2853","0","56.22","38.77"
"67","000","00","036","3612","0997","868","615","253","21","889","1565","0","56.81","39.3"
"67","000","00","036","3612","0998","687","491","196","28","715","1288","0","55.51","38.12"
"67","000","00","036","3615","0000","1632","1106","526","84","1716","3403","0","50.43","32.5"
"67","000","00","036","3615","1008","859","577","282","43","902","1780","0","50.67","32.42"
"67","000","00","036","3615","1009","773","529","244","41","814","1623","0","50.15","32.59"
"67","000","00","036","3616","0000","1669","1223","446","76","1745","3443","0","50.68","35.52"
"67","000","00","036","3616","1010","1034","757","277","35","1069","2157","0","49.56","35.1"
"67","000","00","036","3616","1011","635","466","169","41","676","1286","0","52.57","36.24"
"67","000","00","036","3617","0000","1327","982","345","99","1426","2817","0","50.62","34.86"
"67","000","00","036","3617","1012","722","529","193","66","788","1492","0","52.82","35.46"
"67","000","00","036","3617","1013","605","453","152","33","638","1325","0","48.15","34.19"
"67","000","00","037","0000","0000","35285","24947","10338","1281","36566","65261","78093","56.03","38.23"
"67","000","00","037","3705","0000","2052","1475","577","92","2144","3854","0","55.63","38.27"
"67","000","00","037","3705","0931","714","483","231","26","740","1332","0","55.56","36.26"
"67","000","00","037","3705","0932","697","520","177","29","726","1246","0","58.27","41.73"
"67","000","00","037","3705","0933","641","472","169","37","678","1276","0","53.13","36.99"
"67","000","00","037","3707","0000","1708","1132","576","42","1750","3047","0","57.43","37.15"
"67","000","00","037","3707","0934","887","598","289","23","910","1583","0","57.49","37.78"
"67","000","00","037","3707","0935","821","534","287","19","840","1464","0","57.38","36.48"
"67","000","00","037","3709","0000","1408","953","455","38","1446","2602","0","55.57","36.63"
"67","000","00","037","3709","0936","641","423","218","15","656","1234","0","53.16","34.28"
"67","000","00","037","3709","0937","767","530","237","23","790","1368","0","57.75","38.74"
"67","000","00","037","3711","0000","1265","891","374","50","1315","2538","0","51.81","35.11"
"67","000","00","037","3711","0938","652","470","182","18","670","1322","0","50.68","35.55"
"67","000","00","037","3711","0939","613","421","192","32","645","1216","0","53.04","34.62"
"67","000","00","037","3716","0000","1362","998","364","46","1408","2526","0","55.74","39.51"
"67","000","00","037","3716","0940","676","485","191","25","701","1289","0","54.38","37.63"
"67","000","00","037","3716","0941","686","513","173","21","707","1237","0","57.15","41.47"
"67","000","00","037","3722","0000","1824","1324","500","92","1916","3455","0","55.46","38.32"
"67","000","00","037","3722","0942","571","415","156","21","592","1189","0","49.79","34.9"
"67","000","00","037","3722","0943","656","471","185","30","686","1201","0","57.12","39.22"
"67","000","00","037","3722","0944","597","438","159","41","638","1065","0","59.91","41.13"
"67","000","00","037","3725","0000","2082","1472","610","58","2140","3505","0","61.06","42.0"
"67","000","00","037","3725","0945","596","433","163","25","621","1055","0","58.86","41.04"
"67","000","00","037","3725","0946","704","471","233","14","718","1170","0","61.37","40.26"
"67","000","00","037","3725","0947","782","568","214","19","801","1280","0","62.58","44.38"
"67","000","00","037","3731","0000","1404","987","417","56","1460","2515","0","58.05","39.24"
"67","000","00","037","3731","0948","676","450","226","21","697","1223","0","56.99","36.79"
"67","000","00","037","3731","0949","728","537","191","35","763","1292","0","59.06","41.56"
"67","000","00","037","3733","0000","3033","2095","938","101","3134","5398","0","58.06","38.81"
"67","000","00","037","3733","0950","580","395","185","12","592","993","0","59.62","39.78"
"67","000","00","037","3733","0951","827","567","260","30","857","1541","0","55.61","36.79"
"67","000","00","037","3733","0952","957","668","289","39","996","1652","0","60.29","40.44"
"67","000","00","037","3733","0953","669","465","204","20","689","1212","0","56.85","38.37"
"67","000","00","037","3734","0000","2672","1819","853","66","2738","4876","0","56.15","37.31"
"67","000","00","037","3734","0954","894","617","277","30","924","1621","0","57.0","38.06"
"67","000","00","037","3734","0955","929","593","336","18","947","1660","0","57.05","35.72"
"67","000","00","037","3734","0956","849","609","240","18","867","1595","0","54.36","38.18"
"67","000","00","037","3739","0000","1960","1409","551","70","2030","3557","0","57.07","39.61"
"67","000","00","037","3739","0957","751","538","213","19","770","1436","0","53.62","37.47"
"67","000","00","037","3739","0958","687","487","200","40","727","1265","0","57.47","38.5"
"67","000","00","037","3739","0959","522","384","138","11","533","856","0","62.27","44.86"
"67","000","00","037","3740","0000","1848","1296","552","74","1922","3297","0","58.3","39.31"
"67","000","00","037","3740","0960","602","430","172","25","627","1168","0","53.68","36.82"
"67","000","00","037","3740","0961","644","437","207","24","668","1134","0","58.91","38.54"
"67","000","00","037","3740","0962","602","429","173","25","627","995","0","63.02","43.12"
"67","000","00","037","3741","0000","1518","1083","435","52","1570","2578","0","60.9","42.01"
"67","000","00","037","3741","0963","788","582","206","24","812","1313","0","61.84","44.33"
"67","000","00","037","3741","0964","730","501","229","28","758","1265","0","59.92","39.6"
"67","000","00","037","3742","0000","1662","1163","499","61","1723","3150","0","54.7","36.92"
"67","000","00","037","3742","0965","630","439","191","20","650","1215","0","53.5","36.13"
"67","000","00","037","3742","0966","668","480","188","23","691","1248","0","55.37","38.46"
"67","000","00","037","3742","0967","364","244","120","18","382","687","0","55.6","35.52"
"67","000","00","037","3743","0000","1151","830","321","57","1208","2110","0","57.25","39.34"
"67","000","00","037","3743","0968","607","431","176","34","641","1139","0","56.28","37.84"
"67","000","00","037","3743","0969","544","399","145","23","567","971","0","58.39","41.09"
"67","000","00","037","3744","0000","1958","1437","521","85","2043","3978","0","51.36","36.12"
"67","000","00","037","3744","0970","521","393","128","31","552","1254","0","44.02","31.34"
"67","000","00","037","3744","0971","559","411","148","23","582","979","0","59.45","41.98"
"67","000","00","037","3744","0972","878","633","245","31","909","1745","0","52.09","36.28"
"67","000","00","037","3745","0000","1277","924","353","45","1322","2510","0","52.67","36.81"
"67","000","00","037","3745","0973","570","421","149","23","593","1074","0","55.21","39.2"
"67","000","00","037","3745","0974","707","503","204","22","729","1436","0","50.77","35.03"
"67","000","00","037","3746","0000","1087","766","321","52","1139","2029","0","56.14","37.75"
"67","000","00","037","3746","0975","466","317","149","35","501","865","0","57.92","36.65"
"67","000","00","037","3746","0976","621","449","172","17","638","1164","0","54.81","38.57"
"67","000","00","037","3747","0000","2003","1452","551","71","2074","4067","0","51.0","35.7"
"67","000","00","037","3747","0977","638","444","194","22","660","1285","0","51.36","34.55"
"67","000","00","037","3747","0978","565","417","148","29","594","1078","0","55.1","38.68"
"67","000","00","037","3747","0979","800","591","209","20","820","1704","0","48.12","34.68"
"67","000","00","037","3748","0000","2011","1441","570","73","2084","3669","0","56.8","39.28"
"67","000","00","037","3748","0980","729","553","176","30","759","1296","0","58.56","42.67"
"67","000","00","037","3748","0981","610","429","181","25","635","1128","0","56.29","38.03"
"67","000","00","037","3748","0982","672","459","213","18","690","1245","0","55.42","36.87"
"64","000","00","000","0000","0000","1360987","1005282","355705","49113","1410100","2353342","2772624","59.92","42.72"
"64","000","00","001","0000","0000","12595","8969","3626","346","12941","21617","24098","59.86","41.49"
"64","000","00","001","0101","0000","812","550","262","26","838","1304","0","64.26","42.18"
"64","000","00","001","0101","0845","812","550","262","26","838","1304","0","64.26","42.18"
"64","000","00","001","0102","0000","223","171","52","7","230","357","0","64.43","47.9"
"64","000","00","001","0102","0846","223","171","52","7","230","357","0","64.43","47.9"
"64","000","00","001","0103","0000","397","290","107","14","411","651","0","63.13","44.55"
"64","000","00","001","0103","0847","397","290","107","14","411","651","0","63.13","44.55"
"64","000","00","001","0104","0000","694","512","182","17","711","1322","0","53.78","38.73"
"64","000","00","001","0104","0848","694","512","182","17","711","1322","0","53.78","38.73"
"64","000","00","001","0105","0000","644","438","206","15","659","1056","0","62.41","41.48"
"64","000","00","001","0105","0849","644","438","206","15","659","1056","0","62.41","41.48"
"64","000","00","001","0106","0000","1231","843","388","29","1260","2034","0","61.95","41.45"
"64","000","00","001","0106","0850","575","377","198","9","584","904","0","64.6","41.7"
"64","000","00","001","0106","0851","656","466","190","20","676","1130","0","59.82","41.24"
"64","000","00","001","0107","0000","523","387","136","16","539","840","0","64.17","46.07"
"64","000","00","001","0107","0852","523","387","136","16","539","840","0","64.17","46.07"
"64","000","00","001","0108","0000","426","299","127","15","441","616","0","71.59","48.54"
"64","000","00","001","0108","0853","426","299","127","15","441","616","0","71.59","48.54"
"64","000","00","001","0109","0000","735","486","249","19","754","1397","0","53.97","34.79"
"64","000","00","001","0109","0854","735","486","249","19","754","1397","0","53.97","34.79"
"64","000","00","001","0110","0000","459","318","141","9","468","766","0","61.1","41.51"
"64","000","00","001","0110","0855","459","318","141","9","468","766","0","61.1","41.51"
"64","000","00","001","0111","0000","1006","713","293","35","1041","1644","0","63.32","43.37"
"64","000","00","001","0111","0856","500","343","157","22","522","839","0","62.22","40.88"
"64","000","00","001","0111","0857","506","370","136","13","519","805","0","64.47","45.96"
"64","000","00","001","0112","0000","435","309","126","9","444","750","0","59.2","41.2"
"64","000","00","001","0112","0858","435","309","126","9","444","750","0","59.2","41.2"
"64","000","00","001","0113","0000","569","502","67","13","582","986","0","59.03","50.91"
"64","000","00","001","0113","0859","569","502","67","13","582","986","0","59.03","50.91"
"64","000","00","001","0114","0000","604","438","166","7","611","1068","0","57.21","41.01"
"64","000","00","001","0114","0860","604","438","166","7","611","1068","0","57.21","41.01"
"64","000","00","001","0115","0000","611","414","197","26","637","1060","0","60.09","39.06"
"64","000","00","001","0115","0861","611","414","197","26","637","1060","0","60.09","39.06"
"64","000","00","001","0116","0000","452","320","132","16","468","805","0","58.14","39.75"
"64","000","00","001","0116","0862","452","320","132","16","468","805","0","58.14","39.75"
"64","000","00","001","0117","0000","1060","766","294","25","1085","1994","0","54.41","38.42"
"64","000","00","001","0117","0863","577","418","159","8","585","1073","0","54.52","38.96"
"64","000","00","001","0117","0864","483","348","135","17","500","921","0","54.29","37.79"
"64","000","00","001","0118","0000","660","470","190","19","679","1171","0","57.98","40.14"
"64","000","00","001","0118","0865","660","470","190","19","679","1171","0","57.98","40.14"
"64","000","00","001","0119","0000","353","234","119","7","360","594","0","60.61","39.39"
"64","000","00","001","0119","0866","353","234","119","7","360","594","0","60.61","39.39"
"64","000","00","001","0120","0000","368","275","93","12","380","592","0","64.19","46.45"
"64","000","00","001","0120","0867","368","275","93","12","380","592","0","64.19","46.45"
"64","000","00","001","0121","0000","333","234","99","10","343","610","0","56.23","38.36"
"64","000","00","001","0121","0868","333","234","99","10","343","610","0","56.23","38.36"
"64","000","00","002","0000","0000","67601","48435","19166","1977","69578","114979","139894","60.51","42.13"
"64","000","00","002","0201","0000","1181","870","311","34","1215","1959","0","62.02","44.41"
"64","000","00","002","0201","0768","533","399","134","11","544","959","0","56.73","41.61"
"64","000","00","002","0201","0769","648","471","177","23","671","1000","0","67.1","47.1"
"64","000","00","002","0202","0000","1234","957","277","44","1278","1995","0","64.06","47.97"
"64","000","00","002","0202","0770","545","428","117","17","562","910","0","61.76","47.03"
"64","000","00","002","0202","0771","689","529","160","27","716","1085","0","65.99","48.76"
"64","000","00","002","0203","0000","2428","1825","603","78","2506","4147","0","60.43","44.01"
"64","000","00","002","0203","0772","769","580","189","20","789","1484","0","53.17","39.08"
"64","000","00","002","0203","0773","832","636","196","27","859","1393","0","61.67","45.66"
"64","000","00","002","0203","0774","827","609","218","31","858","1270","0","67.56","47.95"
"64","000","00","002","0204","0000","2049","1539","510","68","2117","3402","0","62.23","45.24"
"64","000","00","002","0204","0775","625","471","154","21","646","1055","0","61.23","44.64"
"64","000","00","002","0204","0776","687","506","181","14","701","1172","0","59.81","43.17"
"64","000","00","002","0204","0777","737","562","175","33","770","1175","0","65.53","47.83"
"64","000","00","002","0205","0000","772","594","178","26","798","1274","0","62.64","46.62"
"64","000","00","002","0205","0778","772","594","178","26","798","1274","0","62.64","46.62"
"64","000","00","002","0206","0000","571","416","155","19","590","1085","0","54.38","38.34"
"64","000","00","002","0206","0779","571","416","155","19","590","1085","0","54.38","38.34"
"64","000","00","002","0207","0000","1460","1060","400","57","1517","2444","0","62.07","43.37"
"64","000","00","002","0207","0780","834","605","229","30","864","1470","0","58.78","41.16"
"64","000","00","002","0207","0781","626","455","171","27","653","974","0","67.04","46.71"
"64","000","00","002","0208","0000","2228","1643","585","84","2312","3719","0","62.17","44.18"
"64","000","00","002","0208","0782","763","563","200","37","800","1275","0","62.75","44.16"
"64","000","00","002","0208","0783","713","529","184","30","743","1206","0","61.61","43.86"
"64","000","00","002","0208","0784","752","551","201","17","769","1238","0","62.12","44.51"
"64","000","00","002","0209","0000","490","408","82","9","499","721","0","69.21","56.59"
"64","000","00","002","0209","0785","490","408","82","9","499","721","0","69.21","56.59"
"64","000","00","002","0210","0000","684","510","174","16","700","1220","0","57.38","41.8"
"64","000","00","002","0210","0786","684","510","174","16","700","1220","0","57.38","41.8"
"64","000","00","002","0211","0000","1012","738","274","31","1043","1966","0","53.05","37.54"
"64","000","00","002","0211","0787","1012","738","274","31","1043","1966","0","53.05","37.54"
"64","000","00","002","0212","0000","1931","1435","496","49","1980","3442","0","57.52","41.69"
"64","000","00","002","0212","0788","976","725","251","25","1001","1722","0","58.13","42.1"
"64","000","00","002","0212","0789","955","710","245","24","979","1720","0","56.92","41.28"
"64","000","00","002","0213","0000","1401","997","404","73","1474","2656","0","55.5","37.54"
"64","000","00","002","0213","0790","777","563","214","59","836","1287","0","64.96","43.75"
"64","000","00","002","0213","0791","624","434","190","14","638","1369","0","46.6","31.7"
"64","000","00","002","0214","0000","1808","1361","447","47","1855","2992","0","62.0","45.49"
"64","000","00","002","0214","0792","770","581","189","18","788","1222","0","64.48","47.55"
"64","000","00","002","0214","0793","1038","780","258","29","1067","1770","0","60.28","44.07"
"64","000","00","002","0215","0000","8820","5979","2841","224","9044","14867","0","60.83","40.22"
"64","000","00","002","0215","0794","1030","702","328","27","1057","1860","0","56.83","37.74"
"64","000","00","002","0215","0795","1074","748","326","22","1096","1857","0","59.02","40.28"
"64","000","00","002","0215","0796","1094","758","336","18","1112","1841","0","60.4","41.17"
"64","000","00","002","0215","0797","1098","771","327","37","1135","1830","0","62.02","42.13"
"64","000","00","002","0215","0798","1057","752","305","32","1089","1809","0","60.2","41.57"
"64","000","00","002","0215","0799","1141","702","439","35","1176","1894","0","62.09","37.06"
"64","000","00","002","0215","0800","1149","779","370","14","1163","1882","0","61.8","41.39"
"64","000","00","002","0215","0801","1177","767","410","39","1216","1894","0","64.2","40.5"
"64","000","00","002","0216","0000","12832","8644","4188","231","13063","20876","0","62.57","41.41"
"64","000","00","002","0216","0802","992","716","276","21","1013","1745","0","58.05","41.03"
"64","000","00","002","0216","0803","1073","697","376","10","1083","1887","0","57.39","36.94"
"64","000","00","002","0216","0804","1214","804","410","24","1238","1891","0","65.47","42.52"
"64","000","00","002","0216","0805","1153","787","366","22","1175","1903","0","61.74","41.36"
"64","000","00","002","0216","0806","1208","755","453","20","1228","1998","0","61.46","37.79"
"64","000","00","002","0216","0807","1157","806","351","24","1181","1912","0","61.77","42.15"
"64","000","00","002","0216","0808","1179","812","367","30","1209","1923","0","62.87","42.23"
"64","000","00","002","0216","0809","1179","785","394","21","1200","1888","0","63.56","41.58"
"64","000","00","002","0216","0810","1165","798","367","14","1179","1873","0","62.95","42.61"
"64","000","00","002","0216","0811","1294","856","438","20","1314","1959","0","67.08","43.7"
"64","000","00","002","0216","0812","1218","828","390","25","1243","1897","0","65.52","43.65"
"64","000","00","002","0217","0000","9558","6727","2831","183","9741","16100","0","60.5","41.78"
"64","000","00","002","0217","0813","1356","948","408","23","1379","2362","0","58.38","40.14"
"64","000","00","002","0217","0814","1148","841","307","19","1167","1850","0","63.08","45.46"
"64","000","00","002","0217","0815","1193","824","369","22","1215","1928","0","63.02","42.74"
"64","000","00","002","0217","0816","1106","794","312","17","1123","1937","0","57.98","40.99"
"64","000","00","002","0217","0817","1226","858","368","32","1258","2123","0","59.26","40.41"
"64","000","00","002","0217","0818","1146","822","324","23","1169","1861","0","62.82","44.17"
"64","000","00","002","0217","0819","1116","783","333","19","1135","1892","0","59.99","41.38"
"64","000","00","002","0217","0820","1267","857","410","28","1295","2147","0","60.32","39.92"
"64","000","00","002","0218","0000","2392","1692","700","42","2434","3938","0","61.81","42.97"
"64","000","00","002","0218","0821","1172","850","322","15","1187","1897","0","62.57","44.81"
"64","000","00","002","0218","0822","1220","842","378","27","1247","2041","0","61.1","41.25"
"64","000","00","002","0219","0000","1871","1388","483","63","1934","3176","0","60.89","43.7"
"64","000","00","002","0219","0823","759","575","184","34","793","1309","0","60.58","43.93"
"64","000","00","002","0219","0824","1112","813","299","29","1141","1867","0","61.11","43.55"
"64","000","00","002","0220","0000","1643","1200","443","53","1696","2556","0","66.35","46.95"
"64","000","00","002","0220","0825","768","554","214","16","784","1152","0","68.06","48.09"
"64","000","00","002","0220","0826","875","646","229","37","912","1404","0","64.96","46.01"
"64","000","00","002","0221","0000","548","436","112","25","573","1210","0","47.36","36.03"
"64","000","00","002","0221","0827","548","436","112","25","573","1210","0","47.36","36.03"
"64","000","00","002","0222","0000","676","502","174","32","708","1135","0","62.38","44.23"
"64","000","00","002","0222","0828","676","502","174","32","708","1135","0","62.38","44.23"
"64","000","00","002","0223","0000","635","469","166","49","684","1831","0","37.36","25.61"
"64","000","00","002","0223","0829","635","469","166","49","684","1831","0","37.36","25.61"
"64","000","00","002","0224","0000","735","554","181","41","776","1288","0","60.25","43.01"
"64","000","00","002","0224","0830","735","554","181","41","776","1288","0","60.25","43.01"
"64","000","00","002","0225","0000","706","542","164","24","730","1241","0","58.82","43.67"
"64","000","00","002","0225","0831","706","542","164","24","730","1241","0","58.82","43.67"
"64","000","00","002","0226","0000","802","573","229","28","830","1342","0","61.85","42.7"
"64","000","00","002","0226","0832","802","573","229","28","830","1342","0","61.85","42.7"
"64","000","00","002","0227","0000","846","641","205","37","883","1422","0","62.1","45.08"
"64","000","00","002","0227","0833","846","641","205","37","883","1422","0","62.1","45.08"
"64","000","00","002","0228","0000","870","650","220","62","932","1453","0","64.14","44.74"
"64","000","00","002","0228","0834","870","650","220","62","932","1453","0","64.14","44.74"
"64","000","00","002","0229","0000","387","300","87","18","405","616","0","65.75","48.7"
"64","000","00","002","0229","0835","387","300","87","18","405","616","0","65.75","48.7"
"64","000","00","002","0230","0000","483","368","115","35","518","834","0","62.11","44.12"
"64","000","00","002","0230","0836","483","368","115","35","518","834","0","62.11","44.12"
"64","000","00","002","0231","0000","559","427","132","24","583","969","0","60.17","44.07"
"64","000","00","002","0231","0837","559","427","132","24","583","969","0","60.17","44.07"
"64","000","00","002","0232","0000","573","433","140","30","603","978","0","61.66","44.27"
"64","000","00","002","0232","0838","573","433","140","30","603","978","0","61.66","44.27"
"64","000","00","002","0233","0000","474","346","128","32","506","760","0","66.58","45.53"
"64","000","00","002","0233","0839","474","346","128","32","506","760","0","66.58","45.53"
"64","000","00","002","0234","0000","718","530","188","38","756","1248","0","60.58","42.47"
"64","000","00","002","0234","0840","718","530","188","38","756","1248","0","60.58","42.47"
"64","000","00","002","0235","0000","621","456","165","22","643","1143","0","56.26","39.9"
"64","000","00","002","0235","0841","621","456","165","22","643","1143","0","56.26","39.9"
"64","000","00","002","0236","0000","709","539","170","32","741","1358","0","54.57","39.69"
"64","000","00","002","0236","0842","709","539","170","32","741","1358","0","54.57","39.69"
"64","000","00","002","0237","0000","554","421","133","11","565","1036","0","54.54","40.64"
"64","000","00","002","0237","0843","554","421","133","11","565","1036","0","54.54","40.64"
"64","000","00","002","0238","0000","340","265","75","6","346","580","0","59.66","45.69"
"64","000","00","002","0238","0844","340","265","75","6","346","580","0","59.66","45.69"
"64","000","00","003","0000","0000","96498","70061","26437","2660","99158","161367","196749","61.45","43.42"
"64","000","00","003","0301","0000","882","665","217","35","917","2604","0","35.22","25.54"
"64","000","00","003","0301","0534","882","665","217","35","917","2604","0","35.22","25.54"
"64","000","00","003","0302","0000","613","446","167","35","648","1037","0","62.49","43.01"
"64","000","00","003","0302","0535","613","446","167","35","648","1037","0","62.49","43.01"
"64","000","00","003","0303","0000","337","256","81","24","361","542","0","66.61","47.23"
"64","000","00","003","0303","0536","337","256","81","24","361","542","0","66.61","47.23"
"64","000","00","003","0304","0000","376","289","87","24","400","635","0","62.99","45.51"
"64","000","00","003","0304","0537","376","289","87","24","400","635","0","62.99","45.51"
"64","000","00","003","0305","0000","269","210","59","8","277","518","0","53.47","40.54"
"64","000","00","003","0305","0538","269","210","59","8","277","518","0","53.47","40.54"
"64","000","00","003","0306","0000","468","359","109","28","496","813","0","61.01","44.16"
"64","000","00","003","0306","0539","468","359","109","28","496","813","0","61.01","44.16"
"64","000","00","003","0307","0000","509","384","125","46","555","889","0","62.43","43.19"
"64","000","00","003","0307","0540","509","384","125","46","555","889","0","62.43","43.19"
"64","000","00","003","0308","0000","428","329","99","43","471","731","0","64.43","45.01"
"64","000","00","003","0308","0541","428","329","99","43","471","731","0","64.43","45.01"
"64","000","00","003","0309","0000","1829","1386","443","57","1886","3301","0","57.13","41.99"
"64","000","00","003","0309","0542","842","626","216","29","871","1592","0","54.71","39.32"
"64","000","00","003","0309","0543","987","760","227","28","1015","1709","0","59.39","44.47"
"64","000","00","003","0311","0000","898","728","170","36","934","1588","0","58.82","45.84"
"64","000","00","003","0311","0544","898","728","170","36","934","1588","0","58.82","45.84"
"64","000","00","003","0312","0000","209","182","27","6","215","358","0","60.06","50.84"
"64","000","00","003","0312","0545","209","182","27","6","215","358","0","60.06","50.84"
"64","000","00","003","0313","0000","447","392","55","10","457","666","0","68.62","58.86"
"64","000","00","003","0313","0546","447","392","55","10","457","666","0","68.62","58.86"
"64","000","00","003","0315","0000","910","765","145","28","938","1748","0","53.66","43.76"
"64","000","00","003","0315","0547","910","765","145","28","938","1748","0","53.66","43.76"
"64","000","00","003","0316","0000","1520","1152","368","51","1571","2436","0","64.49","47.29"
"64","000","00","003","0316","0548","739","570","169","28","767","1196","0","64.13","47.66"
"64","000","00","003","0316","0549","781","582","199","23","804","1240","0","64.84","46.94"
"64","000","00","003","0317","0000","1572","1307","265","53","1625","2575","0","63.11","50.76"
"64","000","00","003","0317","0550","847","692","155","30","877","1402","0","62.55","49.36"
"64","000","00","003","0317","0551","725","615","110","23","748","1173","0","63.77","52.43"
"64","000","00","003","0319","0000","440","344","96","21","461","641","0","71.92","53.67"
"64","000","00","003","0319","0552","440","344","96","21","461","641","0","71.92","53.67"
"64","000","00","003","0321","0000","576","419","157","28","604","951","0","63.51","44.06"
"64","000","00","003","0321","0553","576","419","157","28","604","951","0","63.51","44.06"
"64","000","00","003","0322","0000","421","302","119","25","446","732","0","60.93","41.26"
"64","000","00","003","0322","0554","421","302","119","25","446","732","0","60.93","41.26"
"64","000","00","003","0323","0000","187","141","46","10","197","339","0","58.11","41.59"
"64","000","00","003","0323","0555","187","141","46","10","197","339","0","58.11","41.59"
"64","000","00","003","0324","0000","319","251","68","11","330","519","0","63.58","48.36"
"64","000","00","003","0324","0556","319","251","68","11","330","519","0","63.58","48.36"
"64","000","00","003","0325","0000","316","230","86","26","342","514","0","66.54","44.75"
"64","000","00","003","0325","0557","316","230","86","26","342","514","0","66.54","44.75"
"64","000","00","003","0326","0000","430","341","89","36","466","720","0","64.72","47.36"
"64","000","00","003","0326","0558","430","341","89","36","466","720","0","64.72","47.36"
"64","000","00","003","0327","0000","251","196","55","18","269","411","0","65.45","47.69"
"64","000","00","003","0327","0559","251","196","55","18","269","411","0","65.45","47.69"
"64","000","00","003","0328","0000","377","276","101","26","403","603","0","66.83","45.77"
"64","000","00","003","0328","0560","377","276","101","26","403","603","0","66.83","45.77"
"64","000","00","003","0329","0000","538","390","148","37","575","904","0","63.61","43.14"
"64","000","00","003","0329","0561","538","390","148","37","575","904","0","63.61","43.14"
"64","000","00","003","0330","0000","701","564","137","25","726","1318","0","55.08","42.79"
"64","000","00","003","0330","0562","701","564","137","25","726","1318","0","55.08","42.79"
"64","000","00","003","0331","0000","527","382","145","22","549","966","0","56.83","39.54"
"64","000","00","003","0331","0563","527","382","145","22","549","966","0","56.83","39.54"
"64","000","00","003","0332","0000","3344","2671","673","110","3454","5792","0","59.63","46.12"
"64","000","00","003","0332","0564","822","628","194","27","849","1440","0","58.96","43.61"
"64","000","00","003","0332","0565","1086","863","223","25","1111","1990","0","55.83","43.37"
"64","000","00","003","0332","0566","672","543","129","20","692","1090","0","63.49","49.82"
"64","000","00","003","0332","0567","764","637","127","38","802","1272","0","63.05","50.08"
"64","000","00","003","0334","0000","1934","1357","577","38","1972","3059","0","64.47","44.36"
"64","000","00","003","0334","0568","984","698","286","20","1004","1558","0","64.44","44.8"
"64","000","00","003","0334","0569","950","659","291","18","968","1501","0","64.49","43.9"
"64","000","00","003","0335","0000","243","174","69","6","249","360","0","69.17","48.33"
"64","000","00","003","0335","0570","243","174","69","6","249","360","0","69.17","48.33"
"64","000","00","003","0336","0000","1577","1261","316","56","1633","2694","0","60.62","46.81"
"64","000","00","003","0336","0571","775","640","135","36","811","1335","0","60.75","47.94"
"64","000","00","003","0336","0572","802","621","181","20","822","1359","0","60.49","45.7"
"64","000","00","003","0337","0000","920","699","221","23","943","1487","0","63.42","47.01"
"64","000","00","003","0337","0573","920","699","221","23","943","1487","0","63.42","47.01"
"64","000","00","003","0338","0000","918","739","179","49","967","1637","0","59.07","45.14"
"64","000","00","003","0338","0574","918","739","179","49","967","1637","0","59.07","45.14"
"64","000","00","003","0339","0000","7945","5558","2387","236","8181","13089","0","62.5","42.46"
"64","000","00","003","0339","0575","975","699","276","23","998","1553","0","64.26","45.01"
"64","000","00","003","0339","0576","983","692","291","35","1018","1564","0","65.09","44.25"
"64","000","00","003","0339","0577","1137","801","336","34","1171","1788","0","65.49","44.8"
"64","000","00","003","0339","0578","1201","838","363","50","1251","2028","0","61.69","41.32"
"64","000","00","003","0339","0579","1120","750","370","39","1159","2037","0","56.9","36.82"
"64","000","00","003","0339","0580","1286","894","392","23","1309","2101","0","62.3","42.55"
"64","000","00","003","0339","0581","1243","884","359","32","1275","2018","0","63.18","43.81"
"64","000","00","003","0340","0000","15169","10518","4651","329","15498","25058","0","61.85","41.97"
"64","000","00","003","0340","0582","1238","875","363","35","1273","1925","0","66.13","45.45"
"64","000","00","003","0340","0583","1154","801","353","22","1176","1989","0","59.13","40.27"
"64","000","00","003","0340","0584","1001","730","271","20","1021","1780","0","57.36","41.01"
"64","000","00","003","0340","0585","1087","754","333","16","1103","1778","0","62.04","42.41"
"64","000","00","003","0340","0586","902","645","257","19","921","1496","0","61.56","43.11"
"64","000","00","003","0340","0587","952","662","290","21","973","1538","0","63.26","43.04"
"64","000","00","003","0340","0588","1254","878","376","23","1277","2058","0","62.05","42.66"
"64","000","00","003","0340","0589","1199","829","370","26","1225","1992","0","61.5","41.62"
"64","000","00","003","0340","0590","1251","824","427","32","1283","2058","0","62.34","40.04"
"64","000","00","003","0340","0591","1251","849","402","31","1282","2090","0","61.34","40.62"
"64","000","00","003","0340","0592","1298","889","409","16","1314","2157","0","60.92","41.21"
"64","000","00","003","0340","0593","1283","902","381","30","1313","2096","0","62.64","43.03"
"64","000","00","003","0340","0594","1299","880","419","38","1337","2101","0","63.64","41.88"
"64","000","00","003","0341","0000","2908","2180","728","99","3007","4843","0","62.09","45.01"
"64","000","00","003","0341","0595","970","730","240","36","1006","1649","0","61.01","44.27"
"64","000","00","003","0341","0596","890","679","211","32","922","1516","0","60.82","44.79"
"64","000","00","003","0341","0597","1048","771","277","31","1079","1678","0","64.3","45.95"
"64","000","00","003","0342","0000","7881","5488","2393","174","8055","13054","0","61.71","42.04"
"64","000","00","003","0342","0598","1152","752","400","23","1175","1898","0","61.91","39.62"
"64","000","00","003","0342","0599","1113","752","361","29","1142","1837","0","62.17","40.94"
"64","000","00","003","0342","0600","1093","802","291","21","1114","1922","0","57.96","41.73"
"64","000","00","003","0342","0601","1107","783","324","29","1136","1785","0","63.64","43.87"
"64","000","00","003","0342","0602","1106","796","310","16","1122","1886","0","59.49","42.21"
"64","000","00","003","0342","0603","1193","815","378","24","1217","1895","0","64.22","43.01"
"64","000","00","003","0342","0604","1117","788","329","32","1149","1831","0","62.75","43.04"
"64","000","00","003","0343","0000","17030","12185","4845","348","17378","27814","0","62.48","43.81"
"64","000","00","003","0343","0605","1194","852","342","32","1226","2050","0","59.8","41.56"
"64","000","00","003","0343","0606","1465","1034","431","27","1492","2251","0","66.28","45.94"
"64","000","00","003","0343","0607","1383","974","409","22","1405","2126","0","66.09","45.81"
"64","000","00","003","0343","0608","1124","831","293","18","1142","1928","0","59.23","43.1"
"64","000","00","003","0343","0609","1303","902","401","31","1334","2166","0","61.59","41.64"
"64","000","00","003","0343","0610","1196","866","330","24","1220","2031","0","60.07","42.64"
"64","000","00","003","0343","0611","1214","886","328","20","1234","1987","0","62.1","44.59"
"64","000","00","003","0343","0612","1364","1062","302","19","1383","2166","0","63.85","49.03"
"64","000","00","003","0343","0613","1136","793","343","28","1164","1856","0","62.72","42.73"
"64","000","00","003","0343","0614","1417","978","439","23","1440","2289","0","62.91","42.73"
"64","000","00","003","0343","0615","1182","862","320","26","1208","1973","0","61.23","43.69"
"64","000","00","003","0343","0616","1088","759","329","40","1128","1818","0","62.05","41.75"
"64","000","00","003","0343","0617","918","645","273","16","934","1565","0","59.68","41.21"
"64","000","00","003","0343","0618","1046","741","305","22","1068","1608","0","66.42","46.08"
"64","000","00","003","0344","0000","20279","14545","5734","423","20702","33421","0","61.94","43.52"
"64","000","00","003","0344","0619","1149","795","354","25","1174","1812","0","64.79","43.87"
"64","000","00","003","0344","0620","1052","754","298","12","1064","1821","0","58.43","41.41"
"64","000","00","003","0344","0621","1162","831","331","30","1192","1907","0","62.51","43.58"
"64","000","00","003","0344","0622","1052","776","276","15","1067","1812","0","58.89","42.83"
"64","000","00","003","0344","0623","1154","826","328","24","1178","1833","0","64.27","45.06"
"64","000","00","003","0344","0624","1126","779","347","58","1184","1850","0","64.0","42.11"
"64","000","00","003","0344","0625","1028","755","273","22","1050","1738","0","60.41","43.44"
"64","000","00","003","0344","0626","1193","852","341","28","1221","1864","0","65.5","45.71"
"64","000","00","003","0344","0627","1178","855","323","22","1200","1887","0","63.59","45.31"
"64","000","00","003","0344","0628","1058","702","356","18","1076","1870","0","57.54","37.54"
"64","000","00","003","0344","0629","1124","795","329","17","1141","1866","0","61.15","42.6"
"64","000","00","003","0344","0630","1114","783","331","11","1125","1862","0","60.42","42.05"
"64","000","00","003","0344","0631","1110","808","302","21","1131","1816","0","62.28","44.49"
"64","000","00","003","0344","0632","1143","841","302","23","1166","1833","0","63.61","45.88"
"64","000","00","003","0344","0633","1040","753","287","22","1062","1676","0","63.37","44.93"
"64","000","00","003","0344","0634","1108","814","294","31","1139","1843","0","61.8","44.17"
"64","000","00","003","0344","0635","1157","824","333","20","1177","1872","0","62.87","44.02"
"64","000","00","003","0344","0636","1331","1002","329","24","1355","2259","0","59.98","44.36"
"64","000","00","004","0000","0000","88967","65220","23747","3312","92279","153132","185318","60.26","42.59"
"64","000","00","004","0401","0000","11673","8526","3147","287","11960","20704","0","57.77","41.18"
"64","000","00","004","0401","0435","811","611","200","28","839","1309","0","64.09","46.68"
"64","000","00","004","0401","0436","854","594","260","22","876","1408","0","62.22","42.19"
"64","000","00","004","0401","0437","1067","782","285","33","1100","1851","0","59.43","42.25"
"64","000","00","004","0401","0438","964","700","264","28","992","1578","0","62.86","44.36"
"64","000","00","004","0401","0439","1000","661","339","25","1025","1715","0","59.77","38.54"
"64","000","00","004","0401","0440","910","661","249","16","926","1611","0","57.48","41.03"
"64","000","00","004","0401","0441","1084","1010","74","29","1113","2024","0","54.99","49.9"
"64","000","00","004","0401","0442","1006","699","307","20","1026","1890","0","54.29","36.98"
"64","000","00","004","0401","0443","915","635","280","18","933","1762","0","52.95","36.04"
"64","000","00","004","0401","0444","1026","744","282","20","1046","1888","0","55.4","39.41"
"64","000","00","004","0401","0445","1012","723","289","26","1038","1822","0","56.97","39.68"
"64","000","00","004","0401","0446","1024","706","318","22","1046","1846","0","56.66","38.24"
"64","000","00","004","0402","0000","2439","1757","682","78","2517","3940","0","63.88","44.59"
"64","000","00","004","0402","0447","770","556","214","37","807","1268","0","63.64","43.85"
"64","000","00","004","0402","0448","790","574","216","26","816","1240","0","65.81","46.29"
"64","000","00","004","0402","0449","879","627","252","15","894","1432","0","62.43","43.78"
"64","000","00","004","0403","0000","3436","2557","879","123","3559","5991","0","59.41","42.68"
"64","000","00","004","0403","0450","875","627","248","31","906","1490","0","60.81","42.08"
"64","000","00","004","0403","0451","906","693","213","24","930","1464","0","63.52","47.34"
"64","000","00","004","0403","0452","779","579","200","42","821","1435","0","57.21","40.35"
"64","000","00","004","0403","0453","876","658","218","26","902","1602","0","56.3","41.07"
"64","000","00","004","0404","0000","1742","1265","477","49","1791","3091","0","57.94","40.93"
"64","000","00","004","0404","0454","851","627","224","14","865","1500","0","57.67","41.8"
"64","000","00","004","0404","0455","891","638","253","35","926","1591","0","58.2","40.1"
"64","000","00","004","0405","0000","1683","1227","456","94","1777","3197","0","55.58","38.38"
"64","000","00","004","0405","0458","855","605","250","42","897","1559","0","57.54","38.81"
"64","000","00","004","0405","0459","828","622","206","52","880","1638","0","53.72","37.97"
"64","000","00","004","0406","0000","1518","1067","451","58","1576","3138","0","50.22","34.0"
"64","000","00","004","0406","0456","639","441","198","28","667","1669","0","39.96","26.42"
"64","000","00","004","0406","0457","879","626","253","30","909","1469","0","61.88","42.61"
"64","000","00","004","0407","0000","2231","1585","646","103","2334","3872","0","60.28","40.93"
"64","000","00","004","0407","0460","1136","815","321","48","1184","1960","0","60.41","41.58"
"64","000","00","004","0407","0461","1095","770","325","55","1150","1912","0","60.15","40.27"
"64","000","00","004","0408","0000","2640","1920","720","69","2709","4678","0","57.91","41.04"
"64","000","00","004","0408","0462","884","678","206","21","905","1559","0","58.05","43.49"
"64","000","00","004","0408","0463","783","556","227","26","809","1423","0","56.85","39.07"
"64","000","00","004","0408","0464","973","686","287","22","995","1696","0","58.67","40.45"
"64","000","00","004","0409","0000","1692","1250","442","122","1814","3020","0","60.07","41.39"
"64","000","00","004","0409","0465","826","615","211","64","890","1493","0","59.61","41.19"
"64","000","00","004","0409","0466","866","635","231","58","924","1527","0","60.51","41.58"
"64","000","00","004","0410","0000","1298","956","342","82","1380","2217","0","62.25","43.12"
"64","000","00","004","0410","0467","616","463","153","31","647","1020","0","63.43","45.39"
"64","000","00","004","0410","0468","682","493","189","51","733","1197","0","61.24","41.19"
"64","000","00","004","0411","0000","1780","1268","512","75","1855","3446","0","53.83","36.8"
"64","000","00","004","0411","0469","827","594","233","32","859","1528","0","56.22","38.87"
"64","000","00","004","0411","0470","953","674","279","43","996","1918","0","51.93","35.14"
"64","000","00","004","0412","0000","823","596","227","53","876","1458","0","60.08","40.88"
"64","000","00","004","0412","0471","823","596","227","53","876","1458","0","60.08","40.88"
"64","000","00","004","0413","0000","2177","1615","562","83","2260","3635","0","62.17","44.43"
"64","000","00","004","0413","0472","1072","791","281","34","1106","1790","0","61.79","44.19"
"64","000","00","004","0413","0473","1105","824","281","49","1154","1845","0","62.55","44.66"
"64","000","00","004","0414","0000","9014","6532","2482","266","9280","15761","0","58.88","41.44"
"64","000","00","004","0414","0474","1210","868","342","40","1250","2037","0","61.36","42.61"
"64","000","00","004","0414","0475","1079","767","312","32","1111","1964","0","56.57","39.05"
"64","000","00","004","0414","0476","1154","834","320","14","1168","2006","0","58.23","41.58"
"64","000","00","004","0414","0477","1094","790","304","27","1121","1951","0","57.46","40.49"
"64","000","00","004","0414","0478","1062","753","309","46","1108","1951","0","56.79","38.6"
"64","000","00","004","0414","0479","1163","866","297","36","1199","2008","0","59.71","43.13"
"64","000","00","004","0414","0480","1127","860","267","43","1170","1923","0","60.84","44.72"
"64","000","00","004","0414","0481","1125","794","331","28","1153","1921","0","60.02","41.33"
"64","000","00","004","0415","0000","546","404","142","26","572","832","0","68.75","48.56"
"64","000","00","004","0415","0482","546","404","142","26","572","832","0","68.75","48.56"
"64","000","00","004","0416","0000","1355","972","383","65","1420","2281","0","62.25","42.61"
"64","000","00","004","0416","0483","669","480","189","25","694","1156","0","60.03","41.52"
"64","000","00","004","0416","0484","686","492","194","40","726","1125","0","64.53","43.73"
"64","000","00","004","0417","0000","1555","1132","423","66","1621","2562","0","63.27","44.18"
"64","000","00","004","0417","0485","658","468","190","32","690","1060","0","65.09","44.15"
"64","000","00","004","0417","0486","897","664","233","34","931","1502","0","61.98","44.21"
"64","000","00","004","0418","0000","1586","1147","439","100","1686","2956","0","57.04","38.8"
"64","000","00","004","0418","0487","804","586","218","54","858","1404","0","61.11","41.74"
"64","000","00","004","0418","0488","782","561","221","46","828","1552","0","53.35","36.15"
"64","000","00","004","0419","0000","1513","1166","347","60","1573","2775","0","56.68","42.02"
"64","000","00","004","0419","0489","814","603","211","30","844","1460","0","57.81","41.3"
"64","000","00","004","0419","0490","699","563","136","30","729","1315","0","55.44","42.81"
"64","000","00","004","0420","0000","1268","961","307","70","1338","2140","0","62.52","44.91"
"64","000","00","004","0420","0491","635","477","158","38","673","1062","0","63.37","44.92"
"64","000","00","004","0420","0492","633","484","149","32","665","1078","0","61.69","44.9"
"64","000","00","004","0421","0000","1245","956","289","80","1325","1978","0","66.99","48.33"
"64","000","00","004","0421","0493","573","441","132","43","616","914","0","67.4","48.25"
"64","000","00","004","0421","0494","672","515","157","37","709","1064","0","66.64","48.4"
"64","000","00","004","0422","0000","3213","2351","862","108","3321","5350","0","62.07","43.94"
"64","000","00","004","0422","0495","1065","757","308","34","1099","1705","0","64.46","44.4"
"64","000","00","004","0422","0496","1013","759","254","50","1063","1728","0","61.52","43.92"
"64","000","00","004","0422","0497","1135","835","300","24","1159","1917","0","60.46","43.56"
"64","000","00","004","0423","0000","802","660","142","36","838","1439","0","58.23","45.87"
"64","000","00","004","0423","0498","802","660","142","36","838","1439","0","58.23","45.87"
"64","000","00","004","0424","0000","2630","1973","657","94","2724","4196","0","64.92","47.02"
"64","000","00","004","0424","0499","788","597","191","35","823","1287","0","63.95","46.39"
"64","000","00","004","0424","0500","940","700","240","30","970","1504","0","64.49","46.54"
"64","000","00","004","0424","0501","902","676","226","29","931","1405","0","66.26","48.11"
"64","000","00","004","0425","0000","1534","1132","402","68","1602","2582","0","62.04","43.84"
"64","000","00","004","0425","0502","755","565","190","39","794","1287","0","61.69","43.9"
"64","000","00","004","0425","0503","779","567","212","29","808","1295","0","62.39","43.78"
"64","000","00","004","0426","0000","1970","1455","515","61","2031","3132","0","64.85","46.46"
"64","000","00","004","0426","0504","895","644","251","35","930","1483","0","62.71","43.43"
"64","000","00","004","0426","0505","1075","811","264","26","1101","1649","0","66.77","49.18"
"64","000","00","004","0427","0000","1298","939","359","60","1358","2023","0","67.13","46.42"
"64","000","00","004","0427","0506","631","454","177","23","654","998","0","65.53","45.49"
"64","000","00","004","0427","0507","667","485","182","37","704","1025","0","68.68","47.32"
"64","000","00","004","0428","0000","1984","1467","517","79","2063","3124","0","66.04","46.96"
"64","000","00","004","0428","0508","1076","778","298","31","1107","1671","0","66.25","46.56"
"64","000","00","004","0428","0509","908","689","219","48","956","1453","0","65.79","47.42"
"64","000","00","004","0429","0000","1934","1400","534","93","2027","3326","0","60.94","42.09"
"64","000","00","004","0429","0510","987","737","250","46","1033","1673","0","61.75","44.05"
"64","000","00","004","0429","0511","947","663","284","47","994","1653","0","60.13","40.11"
"64","000","00","004","0430","0000","1352","974","378","67","1419","2161","0","65.66","45.07"
"64","000","00","004","0430","0512","614","456","158","28","642","1034","0","62.09","44.1"
"64","000","00","004","0430","0513","738","518","220","39","777","1127","0","68.94","45.96"
"64","000","00","004","0431","0000","2568","1860","708","79","2647","4512","0","58.67","41.22"
"64","000","00","004","0431","0514","886","632","254","36","922","1575","0","58.54","40.13"
"64","000","00","004","0431","0515","887","643","244","23","910","1559","0","58.37","41.24"
"64","000","00","004","0431","0516","795","585","210","20","815","1378","0","59.14","42.45"
"64","000","00","004","0432","0000","2067","1596","471","65","2132","3435","0","62.07","46.46"
"64","000","00","004","0432","0517","1029","790","239","33","1062","1714","0","61.96","46.09"
"64","000","00","004","0432","0518","1038","806","232","32","1070","1721","0","62.17","46.83"
"64","000","00","004","0433","0000","5090","3784","1306","188","5278","8227","0","64.15","45.99"
"64","000","00","004","0433","0519","967","731","236","46","1013","1628","0","62.22","44.9"
"64","000","00","004","0433","0520","1036","760","276","42","1078","1590","0","67.8","47.8"
"64","000","00","004","0433","0521","958","732","226","39","997","1628","0","61.24","44.96"
"64","000","00","004","0433","0522","1104","798","306","31","1135","1739","0","65.27","45.89"
"64","000","00","004","0433","0523","1025","763","262","30","1055","1642","0","64.25","46.47"
"64","000","00","004","0434","0000","2685","1996","689","94","2779","4997","0","55.61","39.94"
"64","000","00","004","0434","0524","960","717","243","34","994","1766","0","56.29","40.6"
"64","000","00","004","0434","0525","825","601","224","37","862","1482","0","58.16","40.55"
"64","000","00","004","0434","0526","900","678","222","23","923","1749","0","52.77","38.77"
"64","000","00","004","0435","0000","3990","2846","1144","96","4086","6433","0","63.52","44.24"
"64","000","00","004","0435","0527","939","651","288","27","966","1591","0","60.72","40.92"
"64","000","00","004","0435","0528","989","708","281","13","1002","1545","0","64.85","45.83"
"64","000","00","004","0435","0529","1052","777","275","23","1075","1651","0","65.11","47.06"
"64","000","00","004","0435","0530","1010","710","300","33","1043","1646","0","63.37","43.13"
"64","000","00","004","0436","0000","923","689","234","47","970","1496","0","64.84","46.06"
"64","000","00","004","0436","0531","923","689","234","47","970","1496","0","64.84","46.06"
"64","000","00","004","0437","0000","1713","1239","474","68","1781","3027","0","58.84","40.93"
"64","000","00","004","0437","0532","798","617","181","44","842","1403","0","60.01","43.98"
"64","000","00","004","0437","0533","915","622","293","24","939","1624","0","57.82","38.3"
"64","000","00","005","0000","0000","169776","121735","48041","4983","174759","289519","341230","60.36","42.05"
"64","000","00","005","0501","0000","2124","1575","549","87","2211","3875","0","57.06","40.65"
"64","000","00","005","0501","0887","1077","785","292","40","1117","1893","0","59.01","41.47"
"64","000","00","005","0501","0888","1047","790","257","47","1094","1982","0","55.2","39.86"
"64","000","00","005","0502","0000","4155","2969","1186","120","4275","7408","0","57.71","40.08"
"64","000","00","005","0502","0889","944","708","236","33","977","1661","0","58.82","42.62"
"64","000","00","005","0502","0890","1079","752","327","15","1094","1894","0","57.76","39.7"
"64","000","00","005","0502","0891","1025","730","295","26","1051","1839","0","57.15","39.7"
"64","000","00","005","0502","0892","1107","779","328","46","1153","2014","0","57.25","38.68"
"64","000","00","005","0503","0000","2146","1572","574","89","2235","3913","0","57.12","40.17"
"64","000","00","005","0503","0893","1087","838","249","53","1140","1897","0","60.09","44.18"
"64","000","00","005","0503","0894","1059","734","325","36","1095","2016","0","54.32","36.41"
"64","000","00","005","0504","0000","2074","1540","534","59","2133","3673","0","58.07","41.93"
"64","000","00","005","0504","0895","1052","782","270","29","1081","1924","0","56.19","40.64"
"64","000","00","005","0504","0896","1022","758","264","30","1052","1749","0","60.15","43.34"
"64","000","00","005","0505","0000","4173","2973","1200","95","4268","7080","0","60.28","41.99"
"64","000","00","005","0505","0897","1170","817","353","14","1184","1845","0","64.17","44.28"
"64","000","00","005","0505","0898","968","697","271","31","999","1724","0","57.95","40.43"
"64","000","00","005","0505","0899","1086","775","311","28","1114","1889","0","58.97","41.03"
"64","000","00","005","0505","0900","949","684","265","22","971","1622","0","59.86","42.17"
"64","000","00","005","0506","0000","2081","1586","495","49","2130","3393","0","62.78","46.74"
"64","000","00","005","0506","0901","1141","899","242","17","1158","1870","0","61.93","48.07"
"64","000","00","005","0506","0902","940","687","253","32","972","1523","0","63.82","45.11"
"64","000","00","005","0507","0000","11930","8258","3672","298","12228","20639","0","59.25","40.01"
"64","000","00","005","0507","0903","1069","786","283","42","1111","2006","0","55.38","39.18"
"64","000","00","005","0507","0904","1282","846","436","36","1318","2076","0","63.49","40.75"
"64","000","00","005","0507","0905","1185","774","411","15","1200","2073","0","57.89","37.34"
"64","000","00","005","0507","0906","1185","843","342","27","1212","2045","0","59.27","41.22"
"64","000","00","005","0507","0907","1009","698","311","43","1052","2070","0","50.82","33.72"
"64","000","00","005","0507","0908","1120","790","330","25","1145","2035","0","56.27","38.82"
"64","000","00","005","0507","0909","1258","815","443","34","1292","2075","0","62.27","39.28"
"64","000","00","005","0507","0910","1223","881","342","22","1245","2053","0","60.64","42.91"
"64","000","00","005","0507","0911","1280","900","380","22","1302","2063","0","63.11","43.63"
"64","000","00","005","0507","0912","1319","925","394","32","1351","2143","0","63.04","43.16"
"64","000","00","005","0508","0000","4808","3394","1414","154","4962","8519","0","58.25","39.84"
"64","000","00","005","0508","0913","1061","769","292","44","1105","1746","0","63.29","44.04"
"64","000","00","005","0508","0914","929","657","272","24","953","1735","0","54.93","37.87"
"64","000","00","005","0508","0915","901","645","256","28","929","1655","0","56.13","38.97"
"64","000","00","005","0508","0916","910","621","289","36","946","1583","0","59.76","39.23"
"64","000","00","005","0508","0917","1007","702","305","22","1029","1800","0","57.17","39.0"
"64","000","00","005","0509","0000","4070","2962","1108","94","4164","7001","0","59.48","42.31"
"64","000","00","005","0509","0918","1042","764","278","22","1064","1730","0","61.5","44.16"
"64","000","00","005","0509","0919","944","727","217","15","959","1715","0","55.92","42.39"
"64","000","00","005","0509","0920","993","720","273","29","1022","1691","0","60.44","42.58"
"64","000","00","005","0509","0921","1091","751","340","28","1119","1865","0","60.0","40.27"
"64","000","00","005","0510","0000","1308","980","328","52","1360","1990","0","68.34","49.25"
"64","000","00","005","0510","0922","679","500","179","25","704","1073","0","65.61","46.6"
"64","000","00","005","0510","0923","629","480","149","27","656","917","0","71.54","52.34"
"64","000","00","005","0511","0000","973","710","263","19","992","1647","0","60.23","43.11"
"64","000","00","005","0511","0924","973","710","263","19","992","1647","0","60.23","43.11"
"64","000","00","005","0512","0000","3072","2219","853","87","3159","5126","0","61.63","43.29"
"64","000","00","005","0512","0925","979","696","283","32","1011","1654","0","61.12","42.08"
"64","000","00","005","0512","0926","1000","741","259","34","1034","1639","0","63.09","45.21"
"64","000","00","005","0512","0927","1093","782","311","21","1114","1833","0","60.77","42.66"
"64","000","00","005","0513","0000","2870","1973","897","81","2951","4401","0","67.05","44.83"
"64","000","00","005","0513","0928","876","609","267","21","897","1362","0","65.86","44.71"
"64","000","00","005","0513","0929","956","675","281","38","994","1557","0","63.84","43.35"
"64","000","00","005","0513","0930","1038","689","349","22","1060","1482","0","71.52","46.49"
"64","000","00","005","0514","0000","2882","2005","877","60","2942","4583","0","64.19","43.75"
"64","000","00","005","0514","0931","979","692","287","22","1001","1563","0","64.04","44.27"
"64","000","00","005","0514","0932","922","628","294","22","944","1497","0","63.06","41.95"
"64","000","00","005","0514","0933","981","685","296","16","997","1523","0","65.46","44.98"
"64","000","00","005","0515","0000","4508","3162","1346","99","4607","7198","0","64.0","43.93"
"64","000","00","005","0515","0934","878","641","237","13","891","1293","0","68.91","49.57"
"64","000","00","005","0515","0935","1035","698","337","25","1060","1662","0","63.78","42.0"
"64","000","00","005","0515","0936","743","510","233","21","764","1441","0","53.02","35.39"
"64","000","00","005","0515","0937","894","645","249","18","912","1326","0","68.78","48.64"
"64","000","00","005","0515","0938","958","668","290","22","980","1476","0","66.4","45.26"
"64","000","00","005","0516","0000","1973","1420","553","49","2022","3586","0","56.39","39.6"
"64","000","00","005","0516","0939","1079","769","310","28","1107","1968","0","56.25","39.08"
"64","000","00","005","0516","0940","894","651","243","21","915","1618","0","56.55","40.23"
"64","000","00","005","0517","0000","2905","2038","867","78","2983","5000","0","59.66","40.76"
"64","000","00","005","0517","0941","1066","708","358","32","1098","1873","0","58.62","37.8"
"64","000","00","005","0517","0942","873","618","255","31","904","1487","0","60.79","41.56"
"64","000","00","005","0517","0943","966","712","254","15","981","1640","0","59.82","43.41"
"64","000","00","005","0518","0000","2195","1569","626","39","2234","3858","0","57.91","40.67"
"64","000","00","005","0518","0944","1082","786","296","15","1097","1889","0","58.07","41.61"
"64","000","00","005","0518","0945","1113","783","330","24","1137","1969","0","57.75","39.77"
"64","000","00","005","0519","0000","3856","2780","1076","121","3977","6475","0","61.42","42.93"
"64","000","00","005","0519","0946","868","639","229","40","908","1466","0","61.94","43.59"
"64","000","00","005","0519","0947","1031","745","286","27","1058","1697","0","62.35","43.9"
"64","000","00","005","0519","0948","1002","737","265","26","1028","1663","0","61.82","44.32"
"64","000","00","005","0519","0949","955","659","296","28","983","1649","0","59.61","39.96"
"64","000","00","005","0520","0000","1734","1277","457","35","1769","2981","0","59.34","42.84"
"64","000","00","005","0520","0950","882","653","229","22","904","1486","0","60.83","43.94"
"64","000","00","005","0520","0951","852","624","228","13","865","1495","0","57.86","41.74"
"64","000","00","005","0521","0000","1872","1292","580","46","1918","3041","0","63.07","42.49"
"64","000","00","005","0521","0952","989","685","304","20","1009","1548","0","65.18","44.25"
"64","000","00","005","0521","0953","883","607","276","26","909","1493","0","60.88","40.66"
"64","000","00","005","0522","0000","4661","3291","1370","111","4772","7649","0","62.39","43.03"
"64","000","00","005","0522","0954","913","655","258","13","926","1445","0","64.08","45.33"
"64","000","00","005","0522","0955","895","647","248","15","910","1529","0","59.52","42.32"
"64","000","00","005","0522","0956","892","643","249","21","913","1506","0","60.62","42.7"
"64","000","00","005","0522","0957","963","671","292","23","986","1549","0","63.65","43.32"
"64","000","00","005","0522","0958","998","675","323","39","1037","1620","0","64.01","41.67"
"64","000","00","005","0523","0000","1892","1368","524","51","1943","3038","0","63.96","45.03"
"64","000","00","005","0523","0959","961","693","268","33","994","1550","0","64.13","44.71"
"64","000","00","005","0523","0960","931","675","256","18","949","1488","0","63.78","45.36"
"64","000","00","005","0524","0000","1617","1185","432","51","1668","2667","0","62.54","44.43"
"64","000","00","005","0524","0961","818","564","254","28","846","1335","0","63.37","42.25"
"64","000","00","005","0524","0962","799","621","178","23","822","1332","0","61.71","46.62"
"64","000","00","005","0525","0000","3174","2214","960","104","3278","5268","0","62.22","42.03"
"64","000","00","005","0525","0963","1043","721","322","47","1090","1764","0","61.79","40.87"
"64","000","00","005","0525","0964","1077","776","301","20","1097","1811","0","60.57","42.85"
"64","000","00","005","0525","0965","1054","717","337","37","1091","1693","0","64.44","42.35"
"64","000","00","005","0526","0000","3045","2151","894","77","3122","4867","0","64.15","44.2"
"64","000","00","005","0526","0966","1072","770","302","38","1110","1684","0","65.91","45.72"
"64","000","00","005","0526","0967","861","619","242","21","882","1464","0","60.25","42.28"
"64","000","00","005","0526","0968","1112","762","350","18","1130","1719","0","65.74","44.33"
"64","000","00","005","0527","0000","3996","2813","1183","84","4080","6858","0","59.49","41.02"
"64","000","00","005","0527","0969","1031","713","318","25","1056","1749","0","60.38","40.77"
"64","000","00","005","0527","0970","1084","772","312","18","1102","1908","0","57.76","40.46"
"64","000","00","005","0527","0971","948","665","283","31","979","1573","0","62.24","42.28"
"64","000","00","005","0527","0972","933","663","270","10","943","1628","0","57.92","40.72"
"64","000","00","005","0528","0000","2411","1738","673","87","2498","4095","0","61.0","42.44"
"64","000","00","005","0528","0973","746","539","207","33","779","1377","0","56.57","39.14"
"64","000","00","005","0528","0974","963","675","288","22","985","1530","0","64.38","44.12"
"64","000","00","005","0528","0975","702","524","178","32","734","1188","0","61.78","44.11"
"64","000","00","005","0529","0000","2941","2121","820","92","3033","6302","0","48.13","33.66"
"64","000","00","005","0529","0976","861","643","218","16","877","2791","0","31.42","23.04"
"64","000","00","005","0529","0977","1077","771","306","28","1105","1840","0","60.05","41.9"
"64","000","00","005","0529","0978","1003","707","296","48","1051","1671","0","62.9","42.31"
"64","000","00","005","0530","0000","4913","3431","1482","133","5046","7969","0","63.32","43.05"
"64","000","00","005","0530","0979","954","626","328","33","987","1624","0","60.78","38.55"
"64","000","00","005","0530","0980","1037","724","313","26","1063","1555","0","68.36","46.56"
"64","000","00","005","0530","0981","958","677","281","30","988","1489","0","66.35","45.47"
"64","000","00","005","0530","0982","1006","708","298","31","1037","1662","0","62.39","42.6"
"64","000","00","005","0530","0983","958","696","262","13","971","1639","0","59.24","42.46"
"64","000","00","005","0531","0000","2189","1590","599","57","2246","3840","0","58.49","41.41"
"64","000","00","005","0531","0984","1077","790","287","28","1105","1872","0","59.03","42.2"
"64","000","00","005","0531","0985","1112","800","312","29","1141","1968","0","57.98","40.65"
"64","000","00","005","0532","0000","1609","1214","395","78","1687","3005","0","56.14","40.4"
"64","000","00","005","0532","0986","738","569","169","48","786","1471","0","53.43","38.68"
"64","000","00","005","0532","0987","871","645","226","30","901","1534","0","58.74","42.05"
"64","000","00","005","0533","0000","2791","2027","764","116","2907","5282","0","55.04","38.38"
"64","000","00","005","0533","0988","867","651","216","52","919","1659","0","55.39","39.24"
"64","000","00","005","0533","0989","925","681","244","34","959","1815","0","52.84","37.52"
"64","000","00","005","0533","0990","999","695","304","30","1029","1808","0","56.91","38.44"
"64","000","00","005","0534","0000","1491","1096","395","43","1534","2630","0","58.33","41.67"
"64","000","00","005","0534","0991","679","502","177","25","704","1224","0","57.52","41.01"
"64","000","00","005","0534","0992","812","594","218","18","830","1406","0","59.03","42.25"
"64","000","00","005","0535","0000","1170","882","288","36","1206","1889","0","63.84","46.69"
"64","000","00","005","0535","0993","557","431","126","25","582","945","0","61.59","45.61"
"64","000","00","005","0535","0994","613","451","162","11","624","944","0","66.1","47.78"
"64","000","00","005","0536","0000","1775","1292","483","83","1858","3142","0","59.13","41.12"
"64","000","00","005","0536","0995","972","714","258","46","1018","1669","0","60.99","42.78"
"64","000","00","005","0536","0996","803","578","225","37","840","1473","0","57.03","39.24"
"64","000","00","005","0537","0000","1579","1102","477","54","1633","3558","0","45.9","30.97"
"64","000","00","005","0537","0997","924","633","291","33","957","1876","0","51.01","33.74"
"64","000","00","005","0537","0998","655","469","186","21","676","1682","0","40.19","27.88"
"64","000","00","005","0538","0000","6607","4559","2048","131","6738","11459","0","58.8","39.79"
"64","000","00","005","0538","0999","966","654","312","16","982","1791","0","54.83","36.52"
"64","000","00","005","0538","1000","1070","747","323","32","1102","1808","0","60.95","41.32"
"64","000","00","005","0538","1001","1001","717","284","25","1026","1798","0","57.06","39.88"
"64","000","00","005","0538","1002","1192","789","403","26","1218","2030","0","60.0","38.87"
"64","000","00","005","0538","1003","1198","838","360","10","1208","2034","0","59.39","41.2"
"64","000","00","005","0538","1004","1180","814","366","22","1202","1998","0","60.16","40.74"
"64","000","00","005","0539","0000","2166","1489","677","62","2228","3879","0","57.44","38.39"
"64","000","00","005","0539","1005","1054","757","297","26","1080","1914","0","56.43","39.55"
"64","000","00","005","0539","1006","1112","732","380","36","1148","1965","0","58.42","37.25"
"64","000","00","005","0540","0000","1047","711","336","53","1100","1885","0","58.36","37.72"
"64","000","00","005","0540","1007","1047","711","336","53","1100","1885","0","58.36","37.72"
"64","000","00","005","0541","0000","1365","1005","360","48","1413","2277","0","62.06","44.14"
"64","000","00","005","0541","1008","754","535","219","12","766","1220","0","62.79","43.85"
"64","000","00","005","0541","1009","611","470","141","36","647","1057","0","61.21","44.47"
"64","000","00","005","0542","0000","1425","1053","372","37","1462","2784","0","52.51","37.82"
"64","000","00","005","0542","1010","720","511","209","18","738","1434","0","51.46","35.63"
"64","000","00","005","0542","1011","705","542","163","19","724","1350","0","53.63","40.15"
"64","000","00","005","0543","0000","1006","745","261","30","1036","1826","0","56.74","40.8"
"64","000","00","005","0543","1012","479","362","117","12","491","872","0","56.31","41.51"
"64","000","00","005","0543","1013","527","383","144","18","545","954","0","57.13","40.15"
"64","000","00","005","0544","0000","2663","1872","791","59","2722","4415","0","61.65","42.4"
"64","000","00","005","0544","1014","1034","734","300","11","1045","1689","0","61.87","43.46"
"64","000","00","005","0544","1015","819","560","259","19","838","1390","0","60.29","40.29"
"64","000","00","005","0544","1016","810","578","232","29","839","1336","0","62.8","43.26"
"64","000","00","005","0545","0000","2734","1913","821","75","2809","4402","0","63.81","43.46"
"64","000","00","005","0545","1017","938","662","276","30","968","1437","0","67.36","46.07"
"64","000","00","005","0545","1018","881","618","263","17","898","1452","0","61.85","42.56"
"64","000","00","005","0545","1019","915","633","282","28","943","1513","0","62.33","41.84"
"64","000","00","005","0546","0000","1844","1336","508","79","1923","2848","0","67.52","46.91"
"64","000","00","005","0546","1020","936","666","270","37","973","1467","0","66.33","45.4"
"64","000","00","005","0546","1021","908","670","238","42","950","1381","0","68.79","48.52"
"64","000","00","005","0547","0000","1519","1078","441","42","1561","2444","0","63.87","44.11"
"64","000","00","005","0547","1022","668","489","179","21","689","1117","0","61.68","43.78"
"64","000","00","005","0547","1023","851","589","262","21","872","1327","0","65.71","44.39"
"64","000","00","005","0548","0000","827","587","240","25","852","1304","0","65.34","45.02"
"64","000","00","005","0548","1024","827","587","240","25","852","1304","0","65.34","45.02"
"64","000","00","005","0549","0000","854","620","234","22","876","1483","0","59.07","41.81"
"64","000","00","005","0549","1025","854","620","234","22","876","1483","0","59.07","41.81"
"64","000","00","005","0550","0000","917","670","247","20","937","1473","0","63.61","45.49"
"64","000","00","005","0550","1026","917","670","247","20","937","1473","0","63.61","45.49"
"64","000","00","005","0551","0000","583","419","164","29","612","980","0","62.45","42.76"
"64","000","00","005","0551","1027","583","419","164","29","612","980","0","62.45","42.76"
"64","000","00","005","0552","0000","1606","1207","399","48","1654","2639","0","62.68","45.74"
"64","000","00","005","0552","1028","861","654","207","23","884","1409","0","62.74","46.42"
"64","000","00","005","0552","1029","745","553","192","25","770","1230","0","62.6","44.96"
"64","000","00","005","0553","0000","1335","972","363","66","1401","2154","0","65.04","45.13"
"64","000","00","005","0553","1030","659","485","174","26","685","1024","0","66.89","47.36"
"64","000","00","005","0553","1031","676","487","189","40","716","1130","0","63.36","43.1"
"64","000","00","005","0554","0000","1010","700","310","27","1037","1889","0","54.9","37.06"
"64","000","00","005","0554","1032","1010","700","310","27","1037","1889","0","54.9","37.06"
"64","000","00","005","0555","0000","869","654","215","21","890","1427","0","62.37","45.83"
"64","000","00","005","0555","1033","869","654","215","21","890","1427","0","62.37","45.83"
"64","000","00","005","0556","0000","513","416","97","22","535","791","0","67.64","52.59"
"64","000","00","005","0556","1034","513","416","97","22","535","791","0","67.64","52.59"
"64","000","00","005","0557","0000","746","575","171","28","774","1079","0","71.73","53.29"
"64","000","00","005","0557","1035","746","575","171","28","774","1079","0","71.73","53.29"
"64","000","00","005","0558","0000","868","621","247","41","909","1492","0","60.92","41.62"
"64","000","00","005","0558","1036","868","621","247","41","909","1492","0","60.92","41.62"
"64","000","00","005","0559","0000","1292","919","373","37","1329","2021","0","65.76","45.47"
"64","000","00","005","0559","1037","649","470","179","24","673","1020","0","65.98","46.08"
"64","000","00","005","0559","1038","643","449","194","13","656","1001","0","65.53","44.86"
"64","000","00","005","0560","0000","1858","1343","515","48","1906","3052","0","62.45","44.0"
"64","000","00","005","0560","1039","979","714","265","24","1003","1581","0","63.44","45.16"
"64","000","00","005","0560","1040","879","629","250","24","903","1471","0","61.39","42.76"
"64","000","00","005","0561","0000","2331","1702","629","69","2400","3760","0","63.83","45.27"
"64","000","00","005","0561","1041","742","536","206","12","754","1151","0","65.51","46.57"
"64","000","00","005","0561","1042","831","612","219","41","872","1334","0","65.37","45.88"
"64","000","00","005","0561","1043","758","554","204","16","774","1275","0","60.71","43.45"
"64","000","00","005","0562","0000","2269","1662","607","53","2322","4051","0","57.32","41.03"
"64","000","00","005","0562","1044","765","555","210","21","786","1688","0","46.56","32.88"
"64","000","00","005","0562","1045","747","550","197","17","764","1214","0","62.93","45.3"
"64","000","00","005","0562","1046","757","557","200","15","772","1149","0","67.19","48.48"
"64","000","00","005","0563","0000","967","708","259","58","1025","1667","0","61.49","42.47"
"64","000","00","005","0563","1047","967","708","259","58","1025","1667","0","61.49","42.47"
"64","000","00","005","0564","0000","999","702","297","22","1021","1786","0","57.17","39.31"
"64","000","00","005","0564","1048","999","702","297","22","1021","1786","0","57.17","39.31"
"64","000","00","005","0565","0000","1113","845","268","34","1147","1821","0","62.99","46.4"
"64","000","00","005","0565","1049","553","411","142","12","565","896","0","63.06","45.87"
"64","000","00","005","0565","1050","560","434","126","22","582","925","0","62.92","46.92"
"64","000","00","005","0566","0000","443","319","124","27","470","684","0","68.71","46.64"
"64","000","00","005","0566","1051","443","319","124","27","470","684","0","68.71","46.64"
"64","000","00","005","0567","0000","621","451","170","38","659","981","0","67.18","45.97"
"64","000","00","005","0567","1052","621","451","170","38","659","981","0","67.18","45.97"
"64","000","00","005","0568","0000","740","549","191","37","777","1383","0","56.18","39.7"
"64","000","00","005","0568","1053","740","549","191","37","777","1383","0","56.18","39.7"
"64","000","00","005","0569","0000","837","608","229","22","859","1382","0","62.16","43.99"
"64","000","00","005","0569","1054","837","608","229","22","859","1382","0","62.16","43.99"
"64","000","00","005","0570","0000","466","347","119","19","485","808","0","60.02","42.95"
"64","000","00","005","0570","1055","466","347","119","19","485","808","0","60.02","42.95"
"64","000","00","005","0572","0000","732","515","217","20","752","1197","0","62.82","43.02"
"64","000","00","005","0572","1056","732","515","217","20","752","1197","0","62.82","43.02"
"64","000","00","005","0573","0000","2480","1821","659","58","2538","4047","0","62.71","45.0"
"64","000","00","005","0573","1057","794","609","185","23","817","1344","0","60.79","45.31"
"64","000","00","005","0573","1058","812","574","238","22","834","1344","0","62.05","42.71"
"64","000","00","005","0573","1059","874","638","236","13","887","1359","0","65.27","46.95"
"64","000","00","005","0574","0000","653","466","187","37","690","1073","0","64.31","43.43"
"64","000","00","005","0574","1060","653","466","187","37","690","1073","0","64.31","43.43"
"64","000","00","005","0575","0000","656","480","176","27","683","1186","0","57.59","40.47"
"64","000","00","005","0575","1061","656","480","176","27","683","1186","0","57.59","40.47"
"64","000","00","005","0576","0000","1012","732","280","50","1062","1749","0","60.72","41.85"
"64","000","00","005","0576","1062","1012","732","280","50","1062","1749","0","60.72","41.85"
"64","000","00","005","0577","0000","545","418","127","14","559","877","0","63.74","47.66"
"64","000","00","005","0577","1063","545","418","127","14","559","877","0","63.74","47.66"
"64","000","00","005","0578","0000","892","682","210","36","928","1402","0","66.19","48.64"
"64","000","00","005","0578","1064","892","682","210","36","928","1402","0","66.19","48.64"
"64","000","00","005","0579","0000","512","382","130","12","524","769","0","68.14","49.67"
"64","000","00","005","0579","1065","512","382","130","12","524","769","0","68.14","49.67"
"64","000","00","005","0581","0000","1437","1075","362","50","1487","2477","0","60.03","43.4"
"64","000","00","005","0581","1066","760","568","192","18","778","1207","0","64.46","47.06"
"64","000","00","005","0581","1067","677","507","170","32","709","1270","0","55.83","39.92"
"64","000","00","005","0582","0000","733","530","203","28","761","1248","0","60.98","42.47"
"64","000","00","005","0582","1068","733","530","203","28","761","1248","0","60.98","42.47"
"64","000","00","005","0583","0000","759","558","201","35","794","1263","0","62.87","44.18"
"64","000","00","005","0583","1069","759","558","201","35","794","1263","0","62.87","44.18"
"64","000","00","005","0584","0000","675","507","168","31","706","1101","0","64.12","46.05"
"64","000","00","005","0584","1070","675","507","168","31","706","1101","0","64.12","46.05"
"64","000","00","005","0585","0000","729","535","194","15","744","1116","0","66.67","47.94"
"64","000","00","005","0585","1071","729","535","194","15","744","1116","0","66.67","47.94"
"64","000","00","005","0586","0000","723","544","179","17","740","1152","0","64.24","47.22"
"64","000","00","005","0586","1072","723","544","179","17","740","1152","0","64.24","47.22"
"64","000","00","005","0587","0000","656","473","183","18","674","1057","0","63.77","44.75"
"64","000","00","005","0587","1073","656","473","183","18","674","1057","0","63.77","44.75"
"64","000","00","005","0588","0000","1179","891","288","38","1217","2033","0","59.86","43.83"
"64","000","00","005","0588","1074","553","424","129","21","574","971","0","59.11","43.67"
"64","000","00","005","0588","1075","626","467","159","17","643","1062","0","60.55","43.97"
"64","000","00","006","0000","0000","27037","19319","7718","844","27881","44355","50942","62.86","43.56"
"64","000","00","006","0601","0000","1093","778","315","47","1140","1791","0","63.65","43.44"
"64","000","00","006","0601","1098","482","350","132","19","501","828","0","60.51","42.27"
"64","000","00","006","0601","1099","611","428","183","28","639","963","0","66.36","44.44"
"64","000","00","006","0602","0000","614","443","171","16","630","1075","0","58.6","41.21"
"64","000","00","006","0602","1100","614","443","171","16","630","1075","0","58.6","41.21"
"64","000","00","006","0603","0000","1834","1240","594","35","1869","2926","0","63.88","42.38"
"64","000","00","006","0603","1101","868","567","301","15","883","1488","0","59.34","38.1"
"64","000","00","006","0603","1102","966","673","293","20","986","1438","0","68.57","46.8"
"64","000","00","006","0604","0000","627","432","195","24","651","1049","0","62.06","41.18"
"64","000","00","006","0604","1103","627","432","195","24","651","1049","0","62.06","41.18"
"64","000","00","006","0605","0000","882","651","231","44","926","1378","0","67.2","47.24"
"64","000","00","006","0605","1104","882","651","231","44","926","1378","0","67.2","47.24"
"64","000","00","006","0606","0000","421","315","106","26","447","666","0","67.12","47.3"
"64","000","00","006","0606","1105","421","315","106","26","447","666","0","67.12","47.3"
"64","000","00","006","0607","0000","587","415","172","9","596","981","0","60.75","42.3"
"64","000","00","006","0607","1106","587","415","172","9","596","981","0","60.75","42.3"
"64","000","00","006","0608","0000","1178","849","329","36","1214","1920","0","63.23","44.22"
"64","000","00","006","0608","1107","600","418","182","19","619","933","0","66.35","44.8"
"64","000","00","006","0608","1108","578","431","147","17","595","987","0","60.28","43.67"
"64","000","00","006","0609","0000","618","465","153","16","634","988","0","64.17","47.06"
"64","000","00","006","0609","1109","618","465","153","16","634","988","0","64.17","47.06"
"64","000","00","006","0610","0000","477","359","118","18","495","735","0","67.35","48.84"
"64","000","00","006","0610","1110","477","359","118","18","495","735","0","67.35","48.84"
"64","000","00","006","0611","0000","789","556","233","24","813","1317","0","61.73","42.22"
"64","000","00","006","0611","1111","789","556","233","24","813","1317","0","61.73","42.22"
"64","000","00","006","0612","0000","471","341","130","17","488","800","0","61.0","42.63"
"64","000","00","006","0612","1112","471","341","130","17","488","800","0","61.0","42.63"
"64","000","00","006","0613","0000","1188","897","291","26","1214","1881","0","64.54","47.69"
"64","000","00","006","0613","1113","615","464","151","18","633","968","0","65.39","47.93"
"64","000","00","006","0613","1114","573","433","140","8","581","913","0","63.64","47.43"
"64","000","00","006","0614","0000","1719","1135","584","49","1768","2617","0","67.56","43.37"
"64","000","00","006","0614","1115","910","599","311","19","929","1389","0","66.88","43.12"
"64","000","00","006","0614","1116","809","536","273","30","839","1228","0","68.32","43.65"
"64","000","00","006","0615","0000","1442","1028","414","43","1485","2312","0","64.23","44.46"
"64","000","00","006","0615","1117","751","541","210","28","779","1211","0","64.33","44.67"
"64","000","00","006","0615","1118","691","487","204","15","706","1101","0","64.12","44.23"
"64","000","00","006","0616","0000","1080","754","326","31","1111","1625","0","68.37","46.4"
"64","000","00","006","0616","1119","480","339","141","10","490","752","0","65.16","45.08"
"64","000","00","006","0616","1120","600","415","185","21","621","873","0","71.13","47.54"
"64","000","00","006","0617","0000","2099","1516","583","43","2142","3345","0","64.04","45.32"
"64","000","00","006","0617","1121","1015","725","290","18","1033","1609","0","64.2","45.06"
"64","000","00","006","0617","1122","1084","791","293","25","1109","1736","0","63.88","45.56"
"64","000","00","006","0618","0000","743","533","210","17","760","1258","0","60.41","42.37"
"64","000","00","006","0618","1123","743","533","210","17","760","1258","0","60.41","42.37"
"64","000","00","006","0619","0000","679","481","198","20","699","1105","0","63.26","43.53"
"64","000","00","006","0619","1124","679","481","198","20","699","1105","0","63.26","43.53"
"64","000","00","006","0620","0000","519","383","136","23","542","851","0","63.69","45.01"
"64","000","00","006","0620","1125","519","383","136","23","542","851","0","63.69","45.01"
"64","000","00","006","0621","0000","624","454","170","26","650","1011","0","64.29","44.91"
"64","000","00","006","0621","1126","624","454","170","26","650","1011","0","64.29","44.91"
"64","000","00","006","0622","0000","1220","867","353","46","1266","1893","0","66.88","45.8"
"64","000","00","006","0622","1127","601","434","167","28","629","888","0","70.83","48.87"
"64","000","00","006","0622","1128","619","433","186","18","637","1005","0","63.38","43.08"
"64","000","00","006","0623","0000","1471","1028","443","39","1510","2763","0","54.65","37.21"
"64","000","00","006","0623","1129","633","455","178","12","645","1375","0","46.91","33.09"
"64","000","00","006","0623","1130","838","573","265","27","865","1388","0","62.32","41.28"
"64","000","00","006","0624","0000","425","319","106","21","446","719","0","62.03","44.37"
"64","000","00","006","0624","1131","425","319","106","21","446","719","0","62.03","44.37"
"64","000","00","006","0625","0000","633","450","183","38","671","1077","0","62.3","41.78"
"64","000","00","006","0625","1132","633","450","183","38","671","1077","0","62.3","41.78"
"64","000","00","006","0626","0000","467","337","130","13","480","875","0","54.86","38.51"
"64","000","00","006","0626","1133","467","337","130","13","480","875","0","54.86","38.51"
"64","000","00","006","0627","0000","539","387","152","9","548","936","0","58.55","41.35"
"64","000","00","006","0627","1134","539","387","152","9","548","936","0","58.55","41.35"
"64","000","00","006","0628","0000","541","399","142","30","571","944","0","60.49","42.27"
"64","000","00","006","0628","1135","541","399","142","30","571","944","0","60.49","42.27"
"64","000","00","006","0629","0000","468","351","117","14","482","833","0","57.86","42.14"
"64","000","00","006","0629","1136","468","351","117","14","482","833","0","57.86","42.14"
"64","000","00","006","0630","0000","454","337","117","12","466","708","0","65.82","47.6"
"64","000","00","006","0630","1137","454","337","117","12","466","708","0","65.82","47.6"
"64","000","00","006","0631","0000","435","309","126","11","446","741","0","60.19","41.7"
"64","000","00","006","0631","1138","435","309","126","11","446","741","0","60.19","41.7"
"64","000","00","006","0632","0000","700","510","190","21","721","1235","0","58.38","41.3"
"64","000","00","006","0632","1139","700","510","190","21","721","1235","0","58.38","41.3"
"64","000","00","007","0000","0000","14383","10387","3996","455","14838","23928","26732","62.01","43.41"
"64","000","00","007","0701","0000","404","296","108","14","418","673","0","62.11","43.98"
"64","000","00","007","0701","1076","404","296","108","14","418","673","0","62.11","43.98"
"64","000","00","007","0702","0000","640","464","176","14","654","1022","0","63.99","45.4"
"64","000","00","007","0702","1077","640","464","176","14","654","1022","0","63.99","45.4"
"64","000","00","007","0703","0000","773","602","171","23","796","1324","0","60.12","45.47"
"64","000","00","007","0703","1078","773","602","171","23","796","1324","0","60.12","45.47"
"64","000","00","007","0704","0000","499","371","128","25","524","839","0","62.46","44.22"
"64","000","00","007","0704","1079","499","371","128","25","524","839","0","62.46","44.22"
"64","000","00","007","0705","0000","583","419","164","25","608","975","0","62.36","42.97"
"64","000","00","007","0705","1080","583","419","164","25","608","975","0","62.36","42.97"
"64","000","00","007","0706","0000","2101","1506","595","67","2168","3587","0","60.44","41.98"
"64","000","00","007","0706","1081","1057","760","297","37","1094","1806","0","60.58","42.08"
"64","000","00","007","0706","1082","1044","746","298","30","1074","1781","0","60.3","41.89"
"64","000","00","007","0707","0000","449","325","124","14","463","717","0","64.57","45.33"
"64","000","00","007","0707","1083","449","325","124","14","463","717","0","64.57","45.33"
"64","000","00","007","0708","0000","654","477","177","12","666","1097","0","60.71","43.48"
"64","000","00","007","0708","1084","654","477","177","12","666","1097","0","60.71","43.48"
"64","000","00","007","0709","0000","964","687","277","18","982","1633","0","60.13","42.07"
"64","000","00","007","0709","1085","964","687","277","18","982","1633","0","60.13","42.07"
"64","000","00","007","0710","0000","508","356","152","11","519","759","0","68.38","46.9"
"64","000","00","007","0710","1086","508","356","152","11","519","759","0","68.38","46.9"
"64","000","00","007","0711","0000","603","412","191","26","629","948","0","66.35","43.46"
"64","000","00","007","0711","1087","603","412","191","26","629","948","0","66.35","43.46"
"64","000","00","007","0712","0000","539","393","146","32","571","1009","0","56.59","38.95"
"64","000","00","007","0712","1088","539","393","146","32","571","1009","0","56.59","38.95"
"64","000","00","007","0713","0000","579","424","155","18","597","945","0","63.17","44.87"
"64","000","00","007","0713","1089","579","424","155","18","597","945","0","63.17","44.87"
"64","000","00","007","0714","0000","954","661","293","28","982","1529","0","64.22","43.23"
"64","000","00","007","0714","1090","479","330","149","13","492","772","0","63.73","42.75"
"64","000","00","007","0714","1091","475","331","144","15","490","757","0","64.73","43.73"
"64","000","00","007","0715","0000","662","492","170","19","681","1047","0","65.04","46.99"
"64","000","00","007","0715","1092","662","492","170","19","681","1047","0","65.04","46.99"
"64","000","00","007","0716","0000","613","461","152","20","633","985","0","64.26","46.8"
"64","000","00","007","0716","1093","613","461","152","20","633","985","0","64.26","46.8"
"64","000","00","007","0717","0000","950","675","275","15","965","1674","0","57.65","40.32"
"64","000","00","007","0717","1094","950","675","275","15","965","1674","0","57.65","40.32"
"64","000","00","007","0718","0000","640","480","160","19","659","1088","0","60.57","44.12"
"64","000","00","007","0718","1095","640","480","160","19","659","1088","0","60.57","44.12"
"64","000","00","007","0719","0000","570","398","172","41","611","893","0","68.42","44.57"
"64","000","00","007","0719","1096","570","398","172","41","611","893","0","68.42","44.57"
"64","000","00","007","0720","0000","698","488","210","14","712","1184","0","60.14","41.22"
"64","000","00","007","0720","1097","698","488","210","14","712","1184","0","60.14","41.22"
"64","000","00","008","0000","0000","89363","64689","24674","2570","91933","146786","169840","62.63","44.07"
"64","000","00","008","0801","0000","450","318","132","12","462","718","0","64.35","44.29"
"64","000","00","008","0801","1140","450","318","132","12","462","718","0","64.35","44.29"
"64","000","00","008","0802","0000","858","623","235","28","886","1492","0","59.38","41.76"
"64","000","00","008","0802","1141","858","623","235","28","886","1492","0","59.38","41.76"
"64","000","00","008","0803","0000","740","558","182","27","767","1210","0","63.39","46.12"
"64","000","00","008","0803","1142","740","558","182","27","767","1210","0","63.39","46.12"
"64","000","00","008","0804","0000","913","668","245","6","919","1617","0","56.83","41.31"
"64","000","00","008","0804","1143","913","668","245","6","919","1617","0","56.83","41.31"
"64","000","00","008","0805","0000","877","626","251","25","902","1428","0","63.17","43.84"
"64","000","00","008","0805","1144","877","626","251","25","902","1428","0","63.17","43.84"
"64","000","00","008","0806","0000","788","569","219","35","823","1444","0","56.99","39.4"
"64","000","00","008","0806","1145","788","569","219","35","823","1444","0","56.99","39.4"
"64","000","00","008","0807","0000","829","590","239","26","855","1452","0","58.88","40.63"
"64","000","00","008","0807","1146","829","590","239","26","855","1452","0","58.88","40.63"
"64","000","00","008","0808","0000","347","264","83","14","361","554","0","65.16","47.65"
"64","000","00","008","0808","1147","347","264","83","14","361","554","0","65.16","47.65"
"64","000","00","008","0809","0000","1110","820","290","27","1137","1928","0","58.97","42.53"
"64","000","00","008","0809","1148","551","401","150","15","566","950","0","59.58","42.21"
"64","000","00","008","0809","1149","559","419","140","12","571","978","0","58.38","42.84"
"64","000","00","008","0810","0000","2008","1429","579","50","2058","3718","0","55.35","38.43"
"64","000","00","008","0810","1150","918","679","239","22","940","1673","0","56.19","40.59"
"64","000","00","008","0810","1151","1090","750","340","28","1118","2045","0","54.67","36.67"
"64","000","00","008","0811","0000","584","455","129","28","612","939","0","65.18","48.46"
"64","000","00","008","0811","1152","584","455","129","28","612","939","0","65.18","48.46"
"64","000","00","008","0812","0000","707","479","228","19","726","1284","0","56.54","37.31"
"64","000","00","008","0812","1153","707","479","228","19","726","1284","0","56.54","37.31"
"64","000","00","008","0813","0000","1045","743","302","22","1067","1746","0","61.11","42.55"
"64","000","00","008","0813","1154","564","411","153","10","574","908","0","63.22","45.26"
"64","000","00","008","0813","1155","481","332","149","12","493","838","0","58.83","39.62"
"64","000","00","008","0814","0000","762","543","219","29","791","1267","0","62.43","42.86"
"64","000","00","008","0814","1156","762","543","219","29","791","1267","0","62.43","42.86"
"64","000","00","008","0815","0000","1143","876","267","33","1176","1768","0","66.52","49.55"
"64","000","00","008","0815","1157","660","504","156","18","678","994","0","68.21","50.7"
"64","000","00","008","0815","1158","483","372","111","15","498","774","0","64.34","48.06"
"64","000","00","008","0816","0000","677","473","204","22","699","1121","0","62.36","42.19"
"64","000","00","008","0816","1159","677","473","204","22","699","1121","0","62.36","42.19"
"64","000","00","008","0817","0000","1812","1274","538","46","1858","2999","0","61.95","42.48"
"64","000","00","008","0817","1160","889","608","281","19","908","1474","0","61.6","41.25"
"64","000","00","008","0817","1161","923","666","257","27","950","1525","0","62.3","43.67"
"64","000","00","008","0818","0000","1335","943","392","54","1389","2161","0","64.28","43.64"
"64","000","00","008","0818","1162","710","519","191","19","729","1147","0","63.56","45.25"
"64","000","00","008","0818","1163","625","424","201","35","660","1014","0","65.09","41.81"
"64","000","00","008","0819","0000","1823","1278","545","63","1886","2995","0","62.97","42.67"
"64","000","00","008","0819","1164","893","610","283","31","924","1496","0","61.76","40.78"
"64","000","00","008","0819","1165","930","668","262","32","962","1499","0","64.18","44.56"
"64","000","00","008","0820","0000","1295","943","352","33","1328","1977","0","67.17","47.7"
"64","000","00","008","0820","1166","722","512","210","19","741","1138","0","65.11","44.99"
"64","000","00","008","0820","1167","573","431","142","14","587","839","0","69.96","51.37"
"64","000","00","008","0821","0000","739","536","203","17","756","2088","0","36.21","25.67"
"64","000","00","008","0821","1168","739","536","203","17","756","2088","0","36.21","25.67"
"64","000","00","008","0822","0000","1952","1382","570","40","1992","3271","0","60.9","42.25"
"64","000","00","008","0822","1169","1021","709","312","14","1035","1648","0","62.8","43.02"
"64","000","00","008","0822","1170","931","673","258","26","957","1623","0","58.96","41.47"
"64","000","00","008","0823","0000","1249","880","369","30","1279","1932","0","66.2","45.55"
"64","000","00","008","0823","1171","1249","880","369","30","1279","1932","0","66.2","45.55"
"64","000","00","008","0824","0000","1577","1120","457","28","1605","2283","0","70.3","49.06"
"64","000","00","008","0824","1172","770","551","219","14","784","1127","0","69.57","48.89"
"64","000","00","008","0824","1173","807","569","238","14","821","1156","0","71.02","49.22"
"64","000","00","008","0825","0000","945","683","262","18","963","1465","0","65.73","46.62"
"64","000","00","008","0825","1174","945","683","262","18","963","1465","0","65.73","46.62"
"64","000","00","008","0826","0000","394","305","89","11","405","690","0","58.7","44.2"
"64","000","00","008","0826","1175","394","305","89","11","405","690","0","58.7","44.2"
"64","000","00","008","0827","0000","763","579","184","36","799","1283","0","62.28","45.13"
"64","000","00","008","0827","1176","763","579","184","36","799","1283","0","62.28","45.13"
"64","000","00","008","0828","0000","1645","1222","423","61","1706","2745","0","62.15","44.52"
"64","000","00","008","0828","1177","841","627","214","38","879","1432","0","61.38","43.78"
"64","000","00","008","0828","1178","804","595","209","23","827","1313","0","62.99","45.32"
"64","000","00","008","0829","0000","915","667","248","18","933","1579","0","59.09","42.24"
"64","000","00","008","0829","1179","915","667","248","18","933","1579","0","59.09","42.24"
"64","000","00","008","0830","0000","1756","1321","435","52","1808","2834","0","63.8","46.61"
"64","000","00","008","0830","1180","853","628","225","26","879","1385","0","63.47","45.34"
"64","000","00","008","0830","1181","903","693","210","26","929","1449","0","64.11","47.83"
"64","000","00","008","0831","0000","1148","797","351","23","1171","1834","0","63.85","43.46"
"64","000","00","008","0831","1182","1148","797","351","23","1171","1834","0","63.85","43.46"
"64","000","00","008","0832","0000","1801","1294","507","49","1850","2867","0","64.53","45.13"
"64","000","00","008","0832","1183","891","643","248","26","917","1436","0","63.86","44.78"
"64","000","00","008","0832","1184","910","651","259","23","933","1431","0","65.2","45.49"
"64","000","00","008","0833","0000","1732","1205","527","51","1783","2718","0","65.6","44.33"
"64","000","00","008","0833","1185","824","588","236","17","841","1248","0","67.39","47.12"
"64","000","00","008","0833","1186","908","617","291","34","942","1470","0","64.08","41.97"
"64","000","00","008","0834","0000","979","717","262","46","1025","1540","0","66.56","46.56"
"64","000","00","008","0834","1187","979","717","262","46","1025","1540","0","66.56","46.56"
"64","000","00","008","0835","0000","1440","987","453","31","1471","2213","0","66.47","44.6"
"64","000","00","008","0835","1188","887","606","281","17","904","1374","0","65.79","44.1"
"64","000","00","008","0835","1189","553","381","172","14","567","839","0","67.58","45.41"
"64","000","00","008","0836","0000","1389","990","399","20","1409","2084","0","67.61","47.5"
"64","000","00","008","0836","1190","696","484","212","8","704","1022","0","68.88","47.36"
"64","000","00","008","0836","1191","693","506","187","12","705","1062","0","66.38","47.65"
"64","000","00","008","0837","0000","1411","980","431","28","1439","2195","0","65.56","44.65"
"64","000","00","008","0837","1192","680","457","223","10","690","1078","0","64.01","42.39"
"64","000","00","008","0837","1193","731","523","208","18","749","1117","0","67.05","46.82"
"64","000","00","008","0838","0000","935","694","241","45","980","1516","0","64.64","45.78"
"64","000","00","008","0838","1194","935","694","241","45","980","1516","0","64.64","45.78"
"64","000","00","008","0839","0000","849","606","243","50","899","1440","0","62.43","42.08"
"64","000","00","008","0839","1195","849","606","243","50","899","1440","0","62.43","42.08"
"64","000","00","008","0840","0000","1049","775","274","34","1083","1727","0","62.71","44.88"
"64","000","00","008","0840","1196","517","372","145","19","536","839","0","63.89","44.34"
"64","000","00","008","0840","1197","532","403","129","15","547","888","0","61.6","45.38"
"64","000","00","008","0841","0000","1405","978","427","47","1452","2105","0","68.98","46.46"
"64","000","00","008","0841","1198","711","492","219","19","730","1101","0","66.3","44.69"
"64","000","00","008","0841","1199","694","486","208","28","722","1004","0","71.91","48.41"
"64","000","00","008","0842","0000","2384","1733","651","54","2438","3779","0","64.51","45.86"
"64","000","00","008","0842","1200","879","644","235","23","902","1427","0","63.21","45.13"
"64","000","00","008","0842","1201","722","551","171","14","736","1168","0","63.01","47.17"
"64","000","00","008","0842","1202","783","538","245","17","800","1184","0","67.57","45.44"
"64","000","00","008","0843","0000","1103","794","309","16","1119","1823","0","61.38","43.55"
"64","000","00","008","0843","1203","624","450","174","9","633","974","0","64.99","46.2"
"64","000","00","008","0843","1204","479","344","135","7","486","849","0","57.24","40.52"
"64","000","00","008","0844","0000","1119","807","312","32","1151","1821","0","63.21","44.32"
"64","000","00","008","0844","1205","1119","807","312","32","1151","1821","0","63.21","44.32"
"64","000","00","008","0845","0000","2403","1679","724","70","2473","3906","0","63.31","42.99"
"64","000","00","008","0845","1206","803","570","233","31","834","1306","0","63.86","43.64"
"64","000","00","008","0845","1207","756","528","228","17","773","1185","0","65.23","44.56"
"64","000","00","008","0845","1208","844","581","263","22","866","1415","0","61.2","41.06"
"64","000","00","008","0846","0000","1212","881","331","42","1254","1926","0","65.11","45.74"
"64","000","00","008","0846","1209","636","447","189","16","652","962","0","67.78","46.47"
"64","000","00","008","0846","1210","576","434","142","26","602","964","0","62.45","45.02"
"64","000","00","008","0847","0000","936","663","273","20","956","1524","0","62.73","43.5"
"64","000","00","008","0847","1211","936","663","273","20","956","1524","0","62.73","43.5"
"64","000","00","008","0848","0000","898","634","264","20","918","1455","0","63.09","43.57"
"64","000","00","008","0848","1212","898","634","264","20","918","1455","0","63.09","43.57"
"64","000","00","008","0849","0000","1462","1053","409","29","1491","2528","0","58.98","41.65"
"64","000","00","008","0849","1213","716","534","182","16","732","1272","0","57.55","41.98"
"64","000","00","008","0849","1214","746","519","227","13","759","1256","0","60.43","41.32"
"64","000","00","008","0850","0000","702","532","170","23","725","1203","0","60.27","44.22"
"64","000","00","008","0850","1215","702","532","170","23","725","1203","0","60.27","44.22"
"64","000","00","008","0851","0000","673","516","157","19","692","1062","0","65.16","48.59"
"64","000","00","008","0851","1216","673","516","157","19","692","1062","0","65.16","48.59"
"64","000","00","008","0852","0000","1202","860","342","76","1278","1860","0","68.71","46.24"
"64","000","00","008","0852","1217","541","396","145","37","578","850","0","68.0","46.59"
"64","000","00","008","0852","1218","661","464","197","39","700","1010","0","69.31","45.94"
"64","000","00","008","0853","0000","1283","957","326","46","1329","2055","0","64.67","46.57"
"64","000","00","008","0853","1219","694","528","166","17","711","1118","0","63.6","47.23"
"64","000","00","008","0853","1220","589","429","160","29","618","937","0","65.96","45.78"
"64","000","00","008","0854","0000","1598","1170","428","27","1625","2676","0","60.72","43.72"
"64","000","00","008","0854","1221","848","635","213","10","858","1493","0","57.47","42.53"
"64","000","00","008","0854","1222","750","535","215","17","767","1183","0","64.84","45.22"
"64","000","00","008","0855","0000","1559","1157","402","42","1601","2680","0","59.74","43.17"
"64","000","00","008","0855","1223","748","559","189","18","766","1318","0","58.12","42.41"
"64","000","00","008","0855","1224","811","598","213","24","835","1362","0","61.31","43.91"
"64","000","00","008","0856","0000","1534","1138","396","59","1593","2583","0","61.67","44.06"
"64","000","00","008","0856","1225","654","503","151","39","693","1102","0","62.89","45.64"
"64","000","00","008","0856","1226","880","635","245","20","900","1481","0","60.77","42.88"
"64","000","00","008","0857","0000","1104","821","283","38","1142","1786","0","63.94","45.97"
"64","000","00","008","0857","1227","573","418","155","26","599","878","0","68.22","47.61"
"64","000","00","008","0857","1228","531","403","128","12","543","908","0","59.8","44.38"
"64","000","00","008","0858","0000","1322","975","347","35","1357","2147","0","63.2","45.41"
"64","000","00","008","0858","1229","678","483","195","20","698","1056","0","66.1","45.74"
"64","000","00","008","0858","1230","644","492","152","15","659","1091","0","60.4","45.1"
"64","000","00","008","0859","0000","1325","943","382","33","1358","2039","0","66.6","46.25"
"64","000","00","008","0859","1231","621","441","180","12","633","976","0","64.86","45.18"
"64","000","00","008","0859","1232","704","502","202","21","725","1063","0","68.2","47.22"
"64","000","00","008","0860","0000","1718","1212","506","49","1767","2774","0","63.7","43.69"
"64","000","00","008","0860","1233","916","645","271","32","948","1484","0","63.88","43.46"
"64","000","00","008","0860","1234","802","567","235","17","819","1290","0","63.49","43.95"
"64","000","00","008","0861","0000","2989","2161","828","59","3048","4982","0","61.18","43.38"
"64","000","00","008","0861","1235","1062","768","294","22","1084","1740","0","62.3","44.14"
"64","000","00","008","0861","1236","956","697","259","24","980","1594","0","61.48","43.73"
"64","000","00","008","0861","1237","971","696","275","13","984","1648","0","59.71","42.23"
"64","000","00","008","0862","0000","2320","1756","564","60","2380","3730","0","63.81","47.08"
"64","000","00","008","0862","1238","786","598","188","23","809","1236","0","65.45","48.38"
"64","000","00","008","0862","1239","746","549","197","20","766","1211","0","63.25","45.33"
"64","000","00","008","0862","1240","788","609","179","17","805","1283","0","62.74","47.47"
"64","000","00","008","0863","0000","2166","1596","570","70","2236","3522","0","63.49","45.32"
"64","000","00","008","0863","1241","1110","808","302","40","1150","1804","0","63.75","44.79"
"64","000","00","008","0863","1242","1056","788","268","30","1086","1718","0","63.21","45.87"
"64","000","00","008","0864","0000","2441","1834","607","74","2515","4053","0","62.05","45.25"
"64","000","00","008","0864","1243","802","582","220","25","827","1297","0","63.76","44.87"
"64","000","00","008","0864","1244","855","615","240","36","891","1449","0","61.49","42.44"
"64","000","00","008","0864","1245","784","637","147","13","797","1307","0","60.98","48.74"
"64","000","00","008","0865","0000","1534","1075","459","61","1595","2434","0","65.53","44.17"
"64","000","00","008","0865","1246","734","518","216","24","758","1184","0","64.02","43.75"
"64","000","00","008","0865","1247","800","557","243","37","837","1250","0","66.96","44.56"
"64","000","00","008","0866","0000","1537","1143","394","42","1579","2531","0","62.39","45.16"
"64","000","00","008","0866","1248","744","540","204","16","760","1248","0","60.9","43.27"
"64","000","00","008","0866","1249","793","603","190","26","819","1283","0","63.83","47.0"
"64","000","00","008","0867","0000","2327","1757","570","47","2374","3718","0","63.85","47.26"
"64","000","00","008","0867","1250","724","566","158","16","740","1121","0","66.01","50.49"
"64","000","00","008","0867","1251","785","581","204","18","803","1258","0","63.83","46.18"
"64","000","00","008","0867","1252","818","610","208","13","831","1339","0","62.06","45.56"
"64","000","00","008","0868","0000","1122","823","299","49","1171","1986","0","58.96","41.44"
"64","000","00","008","0868","1253","1122","823","299","49","1171","1986","0","58.96","41.44"
"64","000","00","008","0869","0000","1214","829","385","44","1258","1976","0","63.66","41.95"
"64","000","00","008","0869","1254","630","482","148","19","649","1028","0","63.13","46.89"
"64","000","00","008","0869","1255","584","347","237","25","609","948","0","64.24","36.6"
"64","000","00","009","0000","0000","93119","68512","24607","3463","96582","161797","188516","59.69","42.34"
"64","000","00","009","0901","0000","4658","3472","1186","199","4857","9323","0","52.1","37.24"
"64","000","00","009","0901","1484","956","719","237","59","1015","1809","0","56.11","39.75"
"64","000","00","009","0901","1485","970","732","238","32","1002","1835","0","54.6","39.89"
"64","000","00","009","0901","1486","806","579","227","40","846","1890","0","44.76","30.63"
"64","000","00","009","0901","1487","1008","742","266","32","1040","2013","0","51.66","36.86"
"64","000","00","009","0901","1488","918","700","218","36","954","1776","0","53.72","39.41"
"64","000","00","009","0902","0000","1183","843","340","84","1267","2377","0","53.3","35.46"
"64","000","00","009","0902","1489","799","568","231","47","846","1705","0","49.62","33.31"
"64","000","00","009","0902","1490","384","275","109","37","421","672","0","62.65","40.92"
"64","000","00","009","0903","0000","2727","1913","814","97","2824","5013","0","56.33","38.16"
"64","000","00","009","0903","1491","838","608","230","37","875","1726","0","50.7","35.23"
"64","000","00","009","0903","1492","925","648","277","19","944","1597","0","59.11","40.58"
"64","000","00","009","0903","1493","964","657","307","41","1005","1690","0","59.47","38.88"
"64","000","00","009","0904","0000","1408","1073","335","63","1471","2239","0","65.7","47.92"
"64","000","00","009","0904","1494","661","505","156","36","697","1080","0","64.54","46.76"
"64","000","00","009","0904","1495","747","568","179","27","774","1159","0","66.78","49.01"
"64","000","00","009","0905","0000","737","560","177","32","769","1314","0","58.52","42.62"
"64","000","00","009","0905","1496","737","560","177","32","769","1314","0","58.52","42.62"
"64","000","00","009","0906","0000","1128","842","286","49","1177","1898","0","62.01","44.36"
"64","000","00","009","0906","1497","549","413","136","24","573","896","0","63.95","46.09"
"64","000","00","009","0906","1498","579","429","150","25","604","1002","0","60.28","42.81"
"64","000","00","009","0907","0000","1057","773","284","44","1101","2765","0","39.82","27.96"
"64","000","00","009","0907","1499","1057","773","284","44","1101","2765","0","39.82","27.96"
"64","000","00","009","0908","0000","354","282","72","34","388","600","0","64.67","47.0"
"64","000","00","009","0908","1500","354","282","72","34","388","600","0","64.67","47.0"
"64","000","00","009","0909","0000","579","439","140","21","600","1466","0","40.93","29.95"
"64","000","00","009","0909","1501","579","439","140","21","600","1466","0","40.93","29.95"
"64","000","00","009","0910","0000","849","654","195","31","880","1449","0","60.73","45.13"
"64","000","00","009","0910","1502","849","654","195","31","880","1449","0","60.73","45.13"
"64","000","00","009","0911","0000","1263","1001","262","72","1335","2239","0","59.62","44.71"
"64","000","00","009","0911","1503","541","424","117","30","571","991","0","57.62","42.79"
"64","000","00","009","0911","1504","722","577","145","42","764","1248","0","61.22","46.23"
"64","000","00","009","0912","0000","656","506","150","43","699","1066","0","65.57","47.47"
"64","000","00","009","0912","1505","656","506","150","43","699","1066","0","65.57","47.47"
"64","000","00","009","0913","0000","404","314","90","23","427","706","0","60.48","44.48"
"64","000","00","009","0913","1506","404","314","90","23","427","706","0","60.48","44.48"
"64","000","00","009","0914","0000","399","321","78","16","415","713","0","58.2","45.02"
"64","000","00","009","0914","1507","399","321","78","16","415","713","0","58.2","45.02"
"64","000","00","009","0915","0000","741","551","190","32","773","1344","0","57.51","41.0"
"64","000","00","009","0915","1508","741","551","190","32","773","1344","0","57.51","41.0"
"64","000","00","009","0916","0000","1001","736","265","53","1054","1729","0","60.96","42.57"
"64","000","00","009","0916","1509","511","380","131","32","543","856","0","63.43","44.39"
"64","000","00","009","0916","1510","490","356","134","21","511","873","0","58.53","40.78"
"64","000","00","009","0917","0000","1237","954","283","46","1283","2226","0","57.64","42.86"
"64","000","00","009","0917","1511","622","484","138","31","653","1114","0","58.62","43.45"
"64","000","00","009","0917","1512","615","470","145","15","630","1112","0","56.65","42.27"
"64","000","00","009","0918","0000","1096","799","297","54","1150","1984","0","57.96","40.27"
"64","000","00","009","0918","1513","585","416","169","34","619","1044","0","59.29","39.85"
"64","000","00","009","0918","1514","511","383","128","20","531","940","0","56.49","40.74"
"64","000","00","009","0919","0000","2391","1719","672","89","2480","4064","0","61.02","42.3"
"64","000","00","009","0919","1515","689","530","159","37","726","1342","0","54.1","39.49"
"64","000","00","009","0919","1516","905","634","271","32","937","1402","0","66.83","45.22"
"64","000","00","009","0919","1517","797","555","242","20","817","1320","0","61.89","42.05"
"64","000","00","009","0920","0000","542","416","126","37","579","958","0","60.44","43.42"
"64","000","00","009","0920","1518","542","416","126","37","579","958","0","60.44","43.42"
"64","000","00","009","0921","0000","1750","1272","478","61","1811","2735","0","66.22","46.51"
"64","000","00","009","0921","1519","860","622","238","21","881","1276","0","69.04","48.75"
"64","000","00","009","0921","1520","890","650","240","40","930","1459","0","63.74","44.55"
"64","000","00","009","0922","0000","395","307","88","23","418","761","0","54.93","40.34"
"64","000","00","009","0922","1521","395","307","88","23","418","761","0","54.93","40.34"
"64","000","00","009","0923","0000","648","444","204","17","665","1093","0","60.84","40.62"
"64","000","00","009","0923","1522","648","444","204","17","665","1093","0","60.84","40.62"
"64","000","00","009","0924","0000","2841","2173","668","90","2931","4899","0","59.83","44.36"
"64","000","00","009","0924","1523","929","741","188","35","964","1521","0","63.38","48.72"
"64","000","00","009","0924","1524","937","712","225","34","971","1557","0","62.36","45.73"
"64","000","00","009","0924","1525","975","720","255","21","996","1821","0","54.7","39.54"
"64","000","00","009","0925","0000","1394","1125","269","24","1418","2112","0","67.14","53.27"
"64","000","00","009","0925","1526","725","594","131","12","737","1066","0","69.14","55.72"
"64","000","00","009","0925","1527","669","531","138","12","681","1046","0","65.11","50.76"
"64","000","00","009","0928","0000","2006","1466","540","72","2078","3432","0","60.55","42.72"
"64","000","00","009","0928","1528","985","711","274","29","1014","1709","0","59.33","41.6"
"64","000","00","009","0928","1529","1021","755","266","43","1064","1723","0","61.75","43.82"
"64","000","00","009","0929","0000","2589","1796","793","66","2655","3994","0","66.47","44.97"
"64","000","00","009","0929","1530","774","538","236","22","796","1202","0","66.22","44.76"
"64","000","00","009","0929","1531","856","596","260","22","878","1279","0","68.65","46.6"
"64","000","00","009","0929","1532","959","662","297","22","981","1513","0","64.84","43.75"
"64","000","00","009","0930","0000","737","538","199","19","756","1260","0","60.0","42.7"
"64","000","00","009","0930","1533","737","538","199","19","756","1260","0","60.0","42.7"
"64","000","00","009","0931","0000","1466","1047","419","66","1532","2279","0","67.22","45.94"
"64","000","00","009","0931","1534","722","516","206","44","766","1139","0","67.25","45.3"
"64","000","00","009","0931","1535","744","531","213","22","766","1140","0","67.19","46.58"
"64","000","00","009","0932","0000","1734","1250","484","49","1783","2821","0","63.2","44.31"
"64","000","00","009","0932","1536","905","648","257","26","931","1462","0","63.68","44.32"
"64","000","00","009","0932","1537","829","602","227","23","852","1359","0","62.69","44.3"
"64","000","00","009","0933","0000","1040","749","291","52","1092","2037","0","53.61","36.77"
"64","000","00","009","0933","1538","1040","749","291","52","1092","2037","0","53.61","36.77"
"64","000","00","009","0934","0000","1574","1112","462","29","1603","2717","0","59.0","40.93"
"64","000","00","009","0934","1539","804","553","251","19","823","1410","0","58.37","39.22"
"64","000","00","009","0934","1540","770","559","211","10","780","1307","0","59.68","42.77"
"64","000","00","009","0935","0000","1720","1216","504","87","1807","3003","0","60.17","40.49"
"64","000","00","009","0935","1541","844","615","229","47","891","1512","0","58.93","40.67"
"64","000","00","009","0935","1542","876","601","275","40","916","1491","0","61.44","40.31"
"64","000","00","009","0936","0000","1734","1286","448","40","1774","3143","0","56.44","40.92"
"64","000","00","009","0936","1543","933","703","230","23","956","1621","0","58.98","43.37"
"64","000","00","009","0936","1544","801","583","218","17","818","1522","0","53.75","38.3"
"64","000","00","009","0937","0000","3190","2248","942","124","3314","5348","0","61.97","42.03"
"64","000","00","009","0937","1545","934","661","273","34","968","1593","0","60.77","41.49"
"64","000","00","009","0937","1546","1135","833","302","38","1173","1885","0","62.23","44.19"
"64","000","00","009","0937","1547","1121","754","367","52","1173","1870","0","62.73","40.32"
"64","000","00","009","0938","0000","1664","1201","463","47","1711","2736","0","62.54","43.9"
"64","000","00","009","0938","1548","853","607","246","15","868","1388","0","62.54","43.73"
"64","000","00","009","0938","1549","811","594","217","32","843","1348","0","62.54","44.07"
"64","000","00","009","0939","0000","1597","1194","403","83","1680","2705","0","62.11","44.14"
"64","000","00","009","0939","1550","731","569","162","54","785","1341","0","58.54","42.43"
"64","000","00","009","0939","1551","866","625","241","29","895","1364","0","65.62","45.82"
"64","000","00","009","0940","0000","1579","1135","444","67","1646","2693","0","61.12","42.15"
"64","000","00","009","0940","1552","805","572","233","35","840","1367","0","61.45","41.84"
"64","000","00","009","0940","1553","774","563","211","32","806","1326","0","60.78","42.46"
"64","000","00","009","0941","0000","1288","939","349","42","1330","2178","0","61.07","43.11"
"64","000","00","009","0941","1554","603","441","162","26","629","1059","0","59.4","41.64"
"64","000","00","009","0941","1555","685","498","187","16","701","1119","0","62.65","44.5"
"64","000","00","009","0942","0000","3929","2739","1190","98","4027","6642","0","60.63","41.24"
"64","000","00","009","0942","1556","878","612","266","29","907","1565","0","57.96","39.11"
"64","000","00","009","0942","1557","887","644","243","33","920","1549","0","59.39","41.58"
"64","000","00","009","0942","1558","1088","739","349","17","1105","1691","0","65.35","43.7"
"64","000","00","009","0942","1559","1076","744","332","19","1095","1837","0","59.61","40.5"
"64","000","00","009","0943","0000","1370","999","371","54","1424","2218","0","64.2","45.04"
"64","000","00","009","0943","1560","687","501","186","19","706","1092","0","64.65","45.88"
"64","000","00","009","0943","1561","683","498","185","35","718","1126","0","63.77","44.23"
"64","000","00","009","0944","0000","2553","1849","704","69","2622","4106","0","63.86","45.03"
"64","000","00","009","0944","1562","681","518","163","38","719","1215","0","59.18","42.63"
"64","000","00","009","0944","1563","880","625","255","19","899","1443","0","62.3","43.31"
"64","000","00","009","0944","1564","992","706","286","12","1004","1448","0","69.34","48.76"
"64","000","00","009","0945","0000","1883","1474","409","57","1940","3251","0","59.67","45.34"
"64","000","00","009","0945","1565","988","719","269","34","1022","1648","0","62.01","43.63"
"64","000","00","009","0945","1566","895","755","140","23","918","1603","0","57.27","47.1"
"64","000","00","009","0946","0000","743","510","233","15","758","1596","0","47.49","31.95"
"64","000","00","009","0946","1567","743","510","233","15","758","1596","0","47.49","31.95"
"64","000","00","009","0947","0000","2591","1937","654","118","2709","4607","0","58.8","42.04"
"64","000","00","009","0947","1568","776","600","176","26","802","1450","0","55.31","41.38"
"64","000","00","009","0947","1569","813","599","214","48","861","1510","0","57.02","39.67"
"64","000","00","009","0947","1570","1002","738","264","44","1046","1647","0","63.51","44.81"
"64","000","00","009","0948","0000","1518","1123","395","50","1568","2726","0","57.52","41.2"
"64","000","00","009","0948","1571","763","573","190","30","793","1342","0","59.09","42.7"
"64","000","00","009","0948","1572","755","550","205","20","775","1384","0","56.0","39.74"
"64","000","00","009","0949","0000","2688","1928","760","93","2781","4620","0","60.19","41.73"
"64","000","00","009","0949","1573","826","614","212","41","867","1479","0","58.62","41.51"
"64","000","00","009","0949","1574","911","684","227","23","934","1546","0","60.41","44.24"
"64","000","00","009","0949","1575","951","630","321","29","980","1595","0","61.44","39.5"
"64","000","00","009","0950","0000","1334","1027","307","50","1384","2283","0","60.62","44.98"
"64","000","00","009","0950","1576","723","549","174","28","751","1201","0","62.53","45.71"
"64","000","00","009","0950","1577","611","478","133","22","633","1082","0","58.5","44.18"
"64","000","00","009","0951","0000","1119","860","259","45","1164","1928","0","60.37","44.61"
"64","000","00","009","0951","1578","553","424","129","18","571","996","0","57.33","42.57"
"64","000","00","009","0951","1579","566","436","130","27","593","932","0","63.63","46.78"
"64","000","00","009","0952","0000","2192","1695","497","65","2257","3574","0","63.15","47.43"
"64","000","00","009","0952","1580","663","487","176","28","691","1146","0","60.3","42.5"
"64","000","00","009","0952","1581","665","584","81","23","688","1096","0","62.77","53.28"
"64","000","00","009","0952","1582","864","624","240","14","878","1332","0","65.92","46.85"
"64","000","00","009","0953","0000","2046","1498","548","106","2152","3477","0","61.89","43.08"
"64","000","00","009","0953","1583","697","508","189","22","719","1175","0","61.19","43.23"
"64","000","00","009","0953","1584","566","418","148","40","606","986","0","61.46","42.39"
"64","000","00","009","0953","1585","783","572","211","44","827","1316","0","62.84","43.47"
"64","000","00","009","0954","0000","1790","1320","470","59","1849","3181","0","58.13","41.5"
"64","000","00","009","0954","1586","822","587","235","26","848","1559","0","54.39","37.65"
"64","000","00","009","0954","1587","968","733","235","33","1001","1622","0","61.71","45.19"
"64","000","00","009","0955","0000","1588","1226","362","63","1651","2609","0","63.28","46.99"
"64","000","00","009","0955","1588","775","600","175","30","805","1310","0","61.45","45.8"
"64","000","00","009","0955","1589","813","626","187","33","846","1299","0","65.13","48.19"
"64","000","00","009","0956","0000","1573","1199","374","46","1619","2566","0","63.09","46.73"
"64","000","00","009","0956","1590","770","588","182","32","802","1191","0","67.34","49.37"
"64","000","00","009","0956","1591","803","611","192","14","817","1375","0","59.42","44.44"
"64","000","00","009","0957","0000","1488","1101","387","36","1524","2513","0","60.64","43.81"
"64","000","00","009","0957","1592","802","616","186","18","820","1338","0","61.29","46.04"
"64","000","00","009","0957","1593","686","485","201","18","704","1175","0","59.91","41.28"
"64","000","00","009","0958","0000","1547","1143","404","46","1593","2544","0","62.62","44.93"
"64","000","00","009","0958","1594","778","569","209","15","793","1357","0","58.44","41.93"
"64","000","00","009","0958","1595","769","574","195","31","800","1187","0","67.4","48.36"
"64","000","00","009","0959","0000","1448","1090","358","53","1501","2383","0","62.99","45.74"
"64","000","00","009","0959","1596","698","536","162","19","717","1164","0","61.6","46.05"
"64","000","00","009","0959","1597","750","554","196","34","784","1219","0","64.32","45.45"
"64","000","00","009","0960","0000","2602","1843","759","80","2682","4454","0","60.22","41.38"
"64","000","00","009","0960","1598","814","593","221","11","825","1428","0","57.77","41.53"
"64","000","00","009","0960","1599","848","610","238","44","892","1495","0","59.67","40.8"
"64","000","00","009","0960","1600","940","640","300","25","965","1531","0","63.03","41.8"
"64","000","00","009","0961","0000","1761","1285","476","83","1844","3100","0","59.48","41.45"
"64","000","00","009","0961","1601","865","597","268","41","906","1509","0","60.04","39.56"
"64","000","00","009","0961","1602","896","688","208","42","938","1591","0","58.96","43.24"
"64","000","00","010","0000","0000","13068","9528","3540","554","13622","24860","28533","54.79","38.33"
"64","000","00","010","1001","0000","705","529","176","49","754","1177","0","64.06","44.94"
"64","000","00","010","1001","0869","705","529","176","49","754","1177","0","64.06","44.94"
"64","000","00","010","1002","0000","579","460","119","32","611","1109","0","55.09","41.48"
"64","000","00","010","1002","0870","579","460","119","32","611","1109","0","55.09","41.48"
"64","000","00","010","1003","0000","816","573","243","20","836","1642","0","50.91","34.9"
"64","000","00","010","1003","0871","816","573","243","20","836","1642","0","50.91","34.9"
"64","000","00","010","1004","0000","1208","913","295","88","1296","2321","0","55.84","39.34"
"64","000","00","010","1004","0872","647","508","139","58","705","1209","0","58.31","42.02"
"64","000","00","010","1004","0873","561","405","156","30","591","1112","0","53.15","36.42"
"64","000","00","010","1005","0000","1552","1176","376","58","1610","2943","0","54.71","39.96"
"64","000","00","010","1005","0874","845","630","215","38","883","1483","0","59.54","42.48"
"64","000","00","010","1005","0875","707","546","161","20","727","1460","0","49.79","37.4"
"64","000","00","010","1006","0000","929","457","472","73","1002","1572","0","63.74","29.07"
"64","000","00","010","1006","0876","929","457","472","73","1002","1572","0","63.74","29.07"
"64","000","00","010","1007","0000","686","509","177","16","702","1384","0","50.72","36.78"
"64","000","00","010","1007","0877","686","509","177","16","702","1384","0","50.72","36.78"
"64","000","00","010","1008","0000","1349","1038","311","40","1389","2629","0","52.83","39.48"
"64","000","00","010","1008","0878","732","576","156","17","749","1390","0","53.88","41.44"
"64","000","00","010","1008","0879","617","462","155","23","640","1239","0","51.65","37.29"
"64","000","00","010","1009","0000","1120","817","303","27","1147","2045","0","56.09","39.95"
"64","000","00","010","1009","0880","1120","817","303","27","1147","2045","0","56.09","39.95"
"64","000","00","010","1010","0000","1417","1069","348","64","1481","2759","0","53.68","38.75"
"64","000","00","010","1010","0881","463","369","94","15","478","893","0","53.53","41.32"
"64","000","00","010","1010","0882","954","700","254","49","1003","1866","0","53.75","37.51"
"64","000","00","010","1011","0000","873","654","219","16","889","1874","0","47.44","34.9"
"64","000","00","010","1011","0883","873","654","219","16","889","1874","0","47.44","34.9"
"64","000","00","010","1012","0000","432","312","120","34","466","893","0","52.18","34.94"
"64","000","00","010","1012","0884","432","312","120","34","466","893","0","52.18","34.94"
"64","000","00","010","1013","0000","1402","1021","381","37","1439","2512","0","57.29","40.64"
"64","000","00","010","1013","0885","723","522","201","21","744","1215","0","61.23","42.96"
"64","000","00","010","1013","0886","679","499","180","16","695","1297","0","53.59","38.47"
"64","000","00","011","0000","0000","76791","56814","19977","2643","79434","132733","157685","59.84","42.8"
"64","000","00","011","1101","0000","1415","1081","334","60","1475","2279","0","64.72","47.43"
"64","000","00","011","1101","1603","707","537","170","27","734","1108","0","66.25","48.47"
"64","000","00","011","1101","1604","708","544","164","33","741","1171","0","63.28","46.46"
"64","000","00","011","1102","0000","1870","1320","550","36","1906","3225","0","59.1","40.93"
"64","000","00","011","1102","1605","970","644","326","17","987","1557","0","63.39","41.36"
"64","000","00","011","1102","1606","900","676","224","19","919","1668","0","55.1","40.53"
"64","000","00","011","1103","0000","1550","1161","389","43","1593","2555","0","62.35","45.44"
"64","000","00","011","1103","1607","752","580","172","17","769","1183","0","65.0","49.03"
"64","000","00","011","1103","1608","798","581","217","26","824","1372","0","60.06","42.35"
"64","000","00","011","1104","0000","1035","790","245","41","1076","1737","0","61.95","45.48"
"64","000","00","011","1104","1609","1035","790","245","41","1076","1737","0","61.95","45.48"
"64","000","00","011","1105","0000","1724","1280","444","68","1792","3144","0","57.0","40.71"
"64","000","00","011","1105","1610","875","641","234","40","915","1586","0","57.69","40.42"
"64","000","00","011","1105","1611","849","639","210","28","877","1558","0","56.29","41.01"
"64","000","00","011","1106","0000","1568","1167","401","63","1631","2533","0","64.39","46.07"
"64","000","00","011","1106","1612","825","617","208","27","852","1284","0","66.36","48.05"
"64","000","00","011","1106","1613","743","550","193","36","779","1249","0","62.37","44.04"
"64","000","00","011","1107","0000","1099","802","297","43","1142","2400","0","47.58","33.42"
"64","000","00","011","1107","1614","1099","802","297","43","1142","2400","0","47.58","33.42"
"64","000","00","011","1108","0000","1409","1070","339","48","1457","2260","0","64.47","47.35"
"64","000","00","011","1108","1615","749","570","179","27","776","1181","0","65.71","48.26"
"64","000","00","011","1108","1616","660","500","160","21","681","1079","0","63.11","46.34"
"64","000","00","011","1109","0000","1511","1085","426","49","1560","2576","0","60.56","42.12"
"64","000","00","011","1109","1617","767","524","243","25","792","1335","0","59.33","39.25"
"64","000","00","011","1109","1618","744","561","183","24","768","1241","0","61.89","45.21"
"64","000","00","011","1110","0000","3388","2509","879","100","3488","5796","0","60.18","43.29"
"64","000","00","011","1110","1619","842","628","214","34","876","1513","0","57.9","41.51"
"64","000","00","011","1110","1620","837","627","210","25","862","1349","0","63.9","46.48"
"64","000","00","011","1110","1621","845","630","215","23","868","1483","0","58.53","42.48"
"64","000","00","011","1110","1622","864","624","240","18","882","1451","0","60.79","43.0"
"64","000","00","011","1111","0000","1496","1120","376","63","1559","2503","0","62.29","44.75"
"64","000","00","011","1111","1623","686","511","175","22","708","1241","0","57.05","41.18"
"64","000","00","011","1111","1624","810","609","201","41","851","1262","0","67.43","48.26"
"64","000","00","011","1112","0000","2067","1572","495","64","2131","3690","0","57.75","42.6"
"64","000","00","011","1112","1625","1065","816","249","44","1109","1813","0","61.17","45.01"
"64","000","00","011","1112","1626","1002","756","246","20","1022","1877","0","54.45","40.28"
"64","000","00","011","1113","0000","1699","1239","460","46","1745","2844","0","61.36","43.57"
"64","000","00","011","1113","1627","794","578","216","23","817","1391","0","58.73","41.55"
"64","000","00","011","1113","1628","905","661","244","23","928","1453","0","63.87","45.49"
"64","000","00","011","1114","0000","2403","1799","604","77","2480","4056","0","61.14","44.35"
"64","000","00","011","1114","1629","812","601","211","22","834","1374","0","60.7","43.74"
"64","000","00","011","1114","1630","779","589","190","28","807","1348","0","59.87","43.69"
"64","000","00","011","1114","1631","812","609","203","27","839","1334","0","62.89","45.65"
"64","000","00","011","1115","0000","2539","1787","752","72","2611","4369","0","59.76","40.9"
"64","000","00","011","1115","1632","831","580","251","21","852","1433","0","59.46","40.47"
"64","000","00","011","1115","1633","786","544","242","13","799","1448","0","55.18","37.57"
"64","000","00","011","1115","1634","922","663","259","38","960","1488","0","64.52","44.56"
"64","000","00","011","1116","0000","1658","1214","444","56","1714","2584","0","66.33","46.98"
"64","000","00","011","1116","1635","781","587","194","29","810","1278","0","63.38","45.93"
"64","000","00","011","1116","1636","877","627","250","27","904","1306","0","69.22","48.01"
"64","000","00","011","1117","0000","1958","1432","526","88","2046","3265","0","62.66","43.86"
"64","000","00","011","1117","1637","959","715","244","35","994","1625","0","61.17","44.0"
"64","000","00","011","1117","1638","999","717","282","53","1052","1640","0","64.15","43.72"
"64","000","00","011","1118","0000","1613","1204","409","77","1690","2944","0","57.4","40.9"
"64","000","00","011","1118","1639","846","641","205","37","883","1506","0","58.63","42.56"
"64","000","00","011","1118","1640","767","563","204","40","807","1438","0","56.12","39.15"
"64","000","00","011","1119","0000","1393","1053","340","35","1428","2272","0","62.85","46.35"
"64","000","00","011","1119","1641","736","559","177","21","757","1105","0","68.51","50.59"
"64","000","00","011","1119","1642","657","494","163","14","671","1167","0","57.5","42.33"
"64","000","00","011","1120","0000","2464","1794","670","89","2553","4039","0","63.21","44.42"
"64","000","00","011","1120","1643","877","646","231","21","898","1420","0","63.24","45.49"
"64","000","00","011","1120","1644","866","612","254","48","914","1380","0","66.23","44.35"
"64","000","00","011","1120","1645","721","536","185","20","741","1239","0","59.81","43.26"
"64","000","00","011","1121","0000","1921","1441","480","52","1973","3207","0","61.52","44.93"
"64","000","00","011","1121","1646","949","731","218","28","977","1563","0","62.51","46.77"
"64","000","00","011","1121","1647","972","710","262","24","996","1644","0","60.58","43.19"
"64","000","00","011","1122","0000","6228","4578","1650","236","6464","11107","0","58.2","41.22"
"64","000","00","011","1122","1648","1058","815","243","50","1108","1895","0","58.47","43.01"
"64","000","00","011","1122","1649","958","719","239","51","1009","1748","0","57.72","41.13"
"64","000","00","011","1122","1650","925","681","244","43","968","1579","0","61.3","43.13"
"64","000","00","011","1122","1651","1175","829","346","29","1204","2135","0","56.39","38.83"
"64","000","00","011","1122","1652","991","746","245","34","1025","1728","0","59.32","43.17"
"64","000","00","011","1122","1653","1121","788","333","29","1150","2022","0","56.87","38.97"
"64","000","00","011","1123","0000","2213","1712","501","78","2291","3916","0","58.5","43.72"
"64","000","00","011","1123","1654","689","542","147","15","704","1329","0","52.97","40.78"
"64","000","00","011","1123","1655","778","606","172","23","801","1320","0","60.68","45.91"
"64","000","00","011","1123","1656","746","564","182","40","786","1267","0","62.04","44.51"
"64","000","00","011","1124","0000","1615","1221","394","52","1667","2587","0","64.44","47.2"
"64","000","00","011","1124","1657","795","609","186","37","832","1298","0","64.1","46.92"
"64","000","00","011","1124","1658","820","612","208","15","835","1289","0","64.78","47.48"
"64","000","00","011","1125","0000","1858","1402","456","46","1904","3028","0","62.88","46.3"
"64","000","00","011","1125","1659","945","705","240","24","969","1534","0","63.17","45.96"
"64","000","00","011","1125","1660","913","697","216","22","935","1494","0","62.58","46.65"
"64","000","00","011","1126","0000","1654","1232","422","75","1729","2721","0","63.54","45.28"
"64","000","00","011","1126","1661","818","622","196","41","859","1377","0","62.38","45.17"
"64","000","00","011","1126","1662","836","610","226","34","870","1344","0","64.73","45.39"
"64","000","00","011","1127","0000","3319","2482","837","78","3397","5757","0","59.01","43.11"
"64","000","00","011","1127","1663","869","650","219","32","901","1508","0","59.75","43.1"
"64","000","00","011","1127","1664","798","598","200","12","810","1400","0","57.86","42.71"
"64","000","00","011","1127","1665","875","644","231","21","896","1457","0","61.5","44.2"
"64","000","00","011","1127","1666","777","590","187","13","790","1392","0","56.75","42.39"
"64","000","00","011","1128","0000","2533","1800","733","69","2602","4487","0","57.99","40.12"
"64","000","00","011","1128","1667","1077","771","306","33","1110","1983","0","55.98","38.88"
"64","000","00","011","1128","1668","709","515","194","18","727","1204","0","60.38","42.77"
"64","000","00","011","1128","1669","747","514","233","18","765","1300","0","58.85","39.54"
"64","000","00","011","1129","0000","2000","1493","507","74","2074","3423","0","60.59","43.62"
"64","000","00","011","1129","1670","1113","853","260","49","1162","1857","0","62.57","45.93"
"64","000","00","011","1129","1671","887","640","247","25","912","1566","0","58.24","40.87"
"64","000","00","011","1130","0000","1635","1214","421","84","1719","2579","0","66.65","47.07"
"64","000","00","011","1130","1672","854","632","222","37","891","1343","0","66.34","47.06"
"64","000","00","011","1130","1673","781","582","199","47","828","1236","0","66.99","47.09"
"64","000","00","011","1131","0000","4599","3333","1266","117","4716","7715","0","61.13","43.2"
"64","000","00","011","1131","1674","960","721","239","42","1002","1564","0","64.07","46.1"
"64","000","00","011","1131","1675","888","670","218","18","906","1484","0","61.05","45.15"
"64","000","00","011","1131","1676","867","641","226","19","886","1477","0","59.99","43.4"
"64","000","00","011","1131","1677","919","627","292","22","941","1482","0","63.5","42.31"
"64","000","00","011","1131","1678","965","674","291","16","981","1708","0","57.44","39.46"
"64","000","00","011","1132","0000","1981","1452","529","71","2052","3576","0","57.38","40.6"
"64","000","00","011","1132","1679","1038","766","272","40","1078","1867","0","57.74","41.03"
"64","000","00","011","1132","1680","943","686","257","31","974","1709","0","56.99","40.14"
"64","000","00","011","1133","0000","1519","1122","397","69","1588","3121","0","50.88","35.95"
"64","000","00","011","1133","1681","749","544","205","39","788","1425","0","55.3","38.18"
"64","000","00","011","1133","1682","770","578","192","30","800","1696","0","47.17","34.08"
"64","000","00","011","1134","0000","1622","1192","430","73","1695","3053","0","55.52","39.04"
"64","000","00","011","1134","1683","771","564","207","20","791","1522","0","51.97","37.06"
"64","000","00","011","1134","1684","851","628","223","53","904","1531","0","59.05","41.02"
"64","000","00","011","1135","0000","1326","994","332","71","1397","2215","0","63.07","44.88"
"64","000","00","011","1135","1685","1326","994","332","71","1397","2215","0","63.07","44.88"
"64","000","00","011","1136","0000","1756","1310","446","44","1800","3050","0","59.02","42.95"
"64","000","00","011","1136","1686","899","694","205","24","923","1515","0","60.92","45.81"
"64","000","00","011","1136","1687","857","616","241","20","877","1535","0","57.13","40.13"
"64","000","00","011","1137","0000","1359","1008","351","30","1389","2493","0","55.72","40.43"
"64","000","00","011","1137","1688","722","535","187","12","734","1276","0","57.52","41.93"
"64","000","00","011","1137","1689","637","473","164","18","655","1217","0","53.82","38.87"
"64","000","00","011","1138","0000","1794","1349","445","106","1900","3627","0","52.38","37.19"
"64","000","00","011","1138","1690","821","626","195","41","862","1707","0","50.5","36.67"
"64","000","00","011","1138","1691","973","723","250","65","1038","1920","0","54.06","37.66"
"64","000","00","012","0000","0000","176272","130402","45870","5878","182150","300510","359100","60.61","43.39"
"64","000","00","012","1201","0000","271","205","66","7","278","423","0","65.72","48.46"
"64","000","00","012","1201","1306","271","205","66","7","278","423","0","65.72","48.46"
"64","000","00","012","1202","0000","378","278","100","15","393","618","0","63.59","44.98"
"64","000","00","012","1202","1305","378","278","100","15","393","618","0","63.59","44.98"
"64","000","00","012","1203","0000","777","577","200","26","803","1312","0","61.2","43.98"
"64","000","00","012","1203","1307","777","577","200","26","803","1312","0","61.2","43.98"
"64","000","00","012","1204","0000","603","418","185","22","625","875","0","71.43","47.77"
"64","000","00","012","1204","1321","603","418","185","22","625","875","0","71.43","47.77"
"64","000","00","012","1205","0000","542","409","133","19","561","882","0","63.61","46.37"
"64","000","00","012","1205","1314","542","409","133","19","561","882","0","63.61","46.37"
"64","000","00","012","1206","0000","1259","902","357","27","1286","1982","0","64.88","45.51"
"64","000","00","012","1206","1308","467","349","118","16","483","769","0","62.81","45.38"
"64","000","00","012","1206","1309","792","553","239","11","803","1213","0","66.2","45.59"
"64","000","00","012","1207","0000","694","494","200","31","725","1080","0","67.13","45.74"
"64","000","00","012","1207","1256","694","494","200","31","725","1080","0","67.13","45.74"
"64","000","00","012","1208","0000","2148","1585","563","92","2240","3395","0","65.98","46.69"
"64","000","00","012","1208","1334","736","537","199","31","767","1159","0","66.18","46.33"
"64","000","00","012","1208","1335","641","488","153","34","675","1127","0","59.89","43.3"
"64","000","00","012","1208","1336","771","560","211","27","798","1109","0","71.96","50.5"
"64","000","00","012","1209","0000","4626","3339","1287","133","4759","8473","0","56.17","39.41"
"64","000","00","012","1209","1268","871","651","220","32","903","1496","0","60.36","43.52"
"64","000","00","012","1209","1269","1021","715","306","33","1054","2094","0","50.33","34.15"
"64","000","00","012","1209","1270","934","695","239","15","949","1672","0","56.76","41.57"
"64","000","00","012","1209","1271","963","653","310","16","979","1761","0","55.59","37.08"
"64","000","00","012","1209","1272","837","625","212","37","874","1450","0","60.28","43.1"
"64","000","00","012","1210","0000","492","362","130","29","521","819","0","63.61","44.2"
"64","000","00","012","1210","1257","492","362","130","29","521","819","0","63.61","44.2"
"64","000","00","012","1211","0000","2127","1513","614","80","2207","3533","0","62.47","42.82"
"64","000","00","012","1211","1277","744","518","226","34","778","1247","0","62.39","41.54"
"64","000","00","012","1211","1278","658","471","187","20","678","1087","0","62.37","43.33"
"64","000","00","012","1211","1279","725","524","201","26","751","1199","0","62.64","43.7"
"64","000","00","012","1212","0000","2843","2083","760","100","2943","4957","0","59.37","42.02"
"64","000","00","012","1212","1260","748","558","190","31","779","1223","0","63.7","45.63"
"64","000","00","012","1212","1261","734","546","188","29","763","1207","0","63.21","45.24"
"64","000","00","012","1212","1262","732","533","199","21","753","1339","0","56.24","39.81"
"64","000","00","012","1212","1263","629","446","183","19","648","1188","0","54.55","37.54"
"64","000","00","012","1213","0000","1411","1084","327","38","1449","2465","0","58.78","43.98"
"64","000","00","012","1213","1340","794","601","193","24","818","1432","0","57.12","41.97"
"64","000","00","012","1213","1341","617","483","134","14","631","1033","0","61.08","46.76"
"64","000","00","012","1214","0000","3281","2492","789","98","3379","5972","0","56.58","41.73"
"64","000","00","012","1214","1362","833","612","221","30","863","1521","0","56.74","40.24"
"64","000","00","012","1214","1363","732","575","157","22","754","1407","0","53.59","40.87"
"64","000","00","012","1214","1364","900","685","215","39","939","1542","0","60.89","44.42"
"64","000","00","012","1214","1365","816","620","196","7","823","1502","0","54.79","41.28"
"64","000","00","012","1215","0000","2404","1939","465","93","2497","4111","0","60.74","47.17"
"64","000","00","012","1215","1366","800","599","201","31","831","1320","0","62.95","45.38"
"64","000","00","012","1215","1367","811","678","133","34","845","1507","0","56.07","44.99"
"64","000","00","012","1215","1368","793","662","131","28","821","1284","0","63.94","51.56"
"64","000","00","012","1216","0000","2721","2033","688","110","2831","4722","0","59.95","43.05"
"64","000","00","012","1216","1445","616","468","148","38","654","1058","0","61.81","44.23"
"64","000","00","012","1216","1446","625","487","138","24","649","976","0","66.5","49.9"
"64","000","00","012","1216","1447","818","588","230","26","844","1545","0","54.63","38.06"
"64","000","00","012","1216","1448","662","490","172","22","684","1143","0","59.84","42.87"
"64","000","00","012","1217","0000","3754","2805","949","160","3914","6769","0","57.82","41.44"
"64","000","00","012","1217","1407","739","568","171","23","762","1314","0","57.99","43.23"
"64","000","00","012","1217","1408","862","646","216","19","881","1649","0","53.43","39.18"
"64","000","00","012","1217","1409","863","637","226","64","927","1601","0","57.9","39.79"
"64","000","00","012","1217","1410","674","491","183","18","692","1155","0","59.91","42.51"
"64","000","00","012","1217","1411","616","463","153","36","652","1050","0","62.1","44.1"
"64","000","00","012","1218","0000","3035","2302","733","102","3137","4988","0","62.89","46.15"
"64","000","00","012","1218","1342","770","590","180","34","804","1253","0","64.17","47.09"
"64","000","00","012","1218","1343","734","543","191","18","752","1217","0","61.79","44.62"
"64","000","00","012","1218","1344","796","618","178","30","826","1267","0","65.19","48.78"
"64","000","00","012","1218","1345","735","551","184","20","755","1251","0","60.35","44.04"
"64","000","00","012","1219","0000","2820","2035","785","99","2919","4562","0","63.99","44.61"
"64","000","00","012","1219","1325","640","466","174","25","665","974","0","68.28","47.84"
"64","000","00","012","1219","1326","574","419","155","29","603","987","0","61.09","42.45"
"64","000","00","012","1219","1327","790","580","210","16","806","1210","0","66.61","47.93"
"64","000","00","012","1219","1328","816","570","246","29","845","1391","0","60.75","40.98"
"64","000","00","012","1220","0000","2340","1867","473","63","2403","3682","0","65.26","50.71"
"64","000","00","012","1220","1337","1162","880","282","34","1196","1879","0","63.65","46.83"
"64","000","00","012","1220","1338","1178","987","191","29","1207","1803","0","66.94","54.74"
"64","000","00","012","1221","0000","984","741","243","55","1039","2513","0","41.35","29.49"
"64","000","00","012","1221","1316","512","390","122","32","544","853","0","63.77","45.72"
"64","000","00","012","1221","1317","472","351","121","23","495","1660","0","29.82","21.14"
"64","000","00","012","1222","0000","1695","1283","412","55","1750","2926","0","59.81","43.85"
"64","000","00","012","1222","1369","800","587","213","18","818","1441","0","56.77","40.74"
"64","000","00","012","1222","1370","895","696","199","37","932","1485","0","62.76","46.87"
"64","000","00","012","1224","0000","1969","1416","553","74","2043","3411","0","59.89","41.51"
"64","000","00","012","1224","1275","1028","702","326","41","1069","1713","0","62.41","40.98"
"64","000","00","012","1224","1276","941","714","227","33","974","1698","0","57.36","42.05"
"64","000","00","012","1225","0000","1654","1201","453","37","1691","2870","0","58.92","41.85"
"64","000","00","012","1225","1387","865","614","251","18","883","1525","0","57.9","40.26"
"64","000","00","012","1225","1388","789","587","202","19","808","1345","0","60.07","43.64"
"64","000","00","012","1226","0000","2892","2086","806","79","2971","4708","0","63.11","44.31"
"64","000","00","012","1226","1383","564","395","169","22","586","942","0","62.21","41.93"
"64","000","00","012","1226","1384","717","554","163","17","734","1206","0","60.86","45.94"
"64","000","00","012","1226","1385","746","530","216","16","762","1159","0","65.75","45.73"
"64","000","00","012","1226","1386","865","607","258","24","889","1401","0","63.45","43.33"
"64","000","00","012","1227","0000","3810","2877","933","144","3954","6189","0","63.89","46.49"
"64","000","00","012","1227","1429","853","638","215","30","883","1405","0","62.85","45.41"
"64","000","00","012","1227","1430","697","555","142","27","724","1097","0","66.0","50.59"
"64","000","00","012","1227","1431","793","592","201","30","823","1248","0","65.95","47.44"
"64","000","00","012","1227","1432","729","534","195","36","765","1225","0","62.45","43.59"
"64","000","00","012","1227","1433","738","558","180","21","759","1214","0","62.52","45.96"
"64","000","00","012","1228","0000","1864","1421","443","81","1945","3269","0","59.5","43.47"
"64","000","00","012","1228","1437","555","445","110","20","575","968","0","59.4","45.97"
"64","000","00","012","1228","1438","663","498","165","31","694","1200","0","57.83","41.5"
"64","000","00","012","1228","1439","646","478","168","30","676","1101","0","61.4","43.42"
"64","000","00","012","1229","0000","3307","2464","843","145","3452","5759","0","59.94","42.79"
"64","000","00","012","1229","1474","621","473","148","27","648","1042","0","62.19","45.39"
"64","000","00","012","1229","1475","639","485","154","31","670","1098","0","61.02","44.17"
"64","000","00","012","1229","1476","698","517","181","24","722","1284","0","56.23","40.26"
"64","000","00","012","1229","1477","678","497","181","30","708","1242","0","57.0","40.02"
"64","000","00","012","1229","1478","671","492","179","33","704","1093","0","64.41","45.01"
"64","000","00","012","1230","0000","3122","2486","636","142","3264","5398","0","60.47","46.05"
"64","000","00","012","1230","1349","865","638","227","31","896","1588","0","56.42","40.18"
"64","000","00","012","1230","1350","773","611","162","30","803","1255","0","63.98","48.69"
"64","000","00","012","1230","1351","724","547","177","43","767","1264","0","60.68","43.28"
"64","000","00","012","1230","1352","760","690","70","38","798","1291","0","61.81","53.45"
"64","000","00","012","1231","0000","2865","2085","780","93","2958","4819","0","61.38","43.27"
"64","000","00","012","1231","1346","918","686","232","42","960","1563","0","61.42","43.89"
"64","000","00","012","1231","1347","1139","819","320","24","1163","1888","0","61.6","43.38"
"64","000","00","012","1231","1348","808","580","228","27","835","1368","0","61.04","42.4"
"64","000","00","012","1232","0000","1959","1394","565","69","2028","3455","0","58.7","40.35"
"64","000","00","012","1232","1465","647","466","181","26","673","1154","0","58.32","40.38"
"64","000","00","012","1232","1466","676","487","189","30","706","1153","0","61.23","42.24"
"64","000","00","012","1232","1467","636","441","195","13","649","1148","0","56.53","38.41"
"64","000","00","012","1233","0000","3155","2311","844","111","3266","5211","0","62.68","44.35"
"64","000","00","012","1233","1397","765","554","211","23","788","1388","0","56.77","39.91"
"64","000","00","012","1233","1398","746","572","174","49","795","1241","0","64.06","46.09"
"64","000","00","012","1233","1399","867","626","241","22","889","1394","0","63.77","44.91"
"64","000","00","012","1233","1400","777","559","218","17","794","1188","0","66.84","47.05"
"64","000","00","012","1234","0000","2251","1705","546","78","2329","3815","0","61.05","44.69"
"64","000","00","012","1234","1371","701","558","143","29","730","1205","0","60.58","46.31"
"64","000","00","012","1234","1372","747","587","160","14","761","1284","0","59.27","45.72"
"64","000","00","012","1234","1373","803","560","243","35","838","1326","0","63.2","42.23"
"64","000","00","012","1235","0000","3472","2664","808","99","3571","5984","0","59.68","44.52"
"64","000","00","012","1235","1359","1211","930","281","42","1253","2173","0","57.66","42.8"
"64","000","00","012","1235","1360","1300","995","305","38","1338","2255","0","59.33","44.12"
"64","000","00","012","1235","1361","961","739","222","19","980","1556","0","62.98","47.49"
"64","000","00","012","1236","0000","2316","1709","607","44","2360","3999","0","59.01","42.74"
"64","000","00","012","1236","1404","695","538","157","8","703","1216","0","57.81","44.24"
"64","000","00","012","1236","1405","741","531","210","19","760","1318","0","57.66","40.29"
"64","000","00","012","1236","1406","880","640","240","17","897","1465","0","61.23","43.69"
"64","000","00","012","1237","0000","2063","1528","535","93","2156","3295","0","65.43","46.37"
"64","000","00","012","1237","1374","662","495","167","22","684","1096","0","62.41","45.16"
"64","000","00","012","1237","1375","733","530","203","36","769","1182","0","65.06","44.84"
"64","000","00","012","1237","1376","668","503","165","35","703","1017","0","69.12","49.46"
"64","000","00","012","1238","0000","1409","1017","392","52","1461","2479","0","58.94","41.02"
"64","000","00","012","1238","1377","688","496","192","36","724","1198","0","60.43","41.4"
"64","000","00","012","1238","1378","721","521","200","16","737","1281","0","57.53","40.67"
"64","000","00","012","1239","0000","5071","3673","1398","124","5195","8716","0","59.6","42.14"
"64","000","00","012","1239","1291","1047","741","306","26","1073","1751","0","61.28","42.32"
"64","000","00","012","1239","1292","1055","759","296","30","1085","1758","0","61.72","43.17"
"64","000","00","012","1239","1293","1013","750","263","31","1044","1749","0","59.69","42.88"
"64","000","00","012","1239","1294","981","717","264","9","990","1746","0","56.7","41.07"
"64","000","00","012","1239","1295","975","706","269","28","1003","1712","0","58.59","41.24"
"64","000","00","012","1240","0000","7479","5632","1847","163","7642","12977","0","58.89","43.4"
"64","000","00","012","1240","1421","902","694","208","28","930","1688","0","55.09","41.11"
"64","000","00","012","1240","1422","957","748","209","21","978","1657","0","59.02","45.14"
"64","000","00","012","1240","1423","911","677","234","24","935","1729","0","54.08","39.16"
"64","000","00","012","1240","1424","977","708","269","19","996","1628","0","61.18","43.49"
"64","000","00","012","1240","1425","969","709","260","13","982","1891","0","51.93","37.49"
"64","000","00","012","1240","1426","971","763","208","23","994","1594","0","62.36","47.87"
"64","000","00","012","1240","1427","865","642","223","12","877","1342","0","65.35","47.84"
"64","000","00","012","1240","1428","927","691","236","23","950","1448","0","65.61","47.72"
"64","000","00","012","1241","0000","1180","838","342","46","1226","1926","0","63.66","43.51"
"64","000","00","012","1241","1258","511","391","120","27","538","851","0","63.22","45.95"
"64","000","00","012","1241","1259","669","447","222","19","688","1075","0","64.0","41.58"
"64","000","00","012","1242","0000","2004","1453","551","82","2086","3418","0","61.03","42.51"
"64","000","00","012","1242","1318","686","484","202","20","706","1124","0","62.81","43.06"
"64","000","00","012","1242","1319","663","475","188","36","699","1112","0","62.86","42.72"
"64","000","00","012","1242","1320","655","494","161","26","681","1182","0","57.61","41.79"
"64","000","00","012","1243","0000","1878","1432","446","88","1966","2966","0","66.28","48.28"
"64","000","00","012","1243","1471","650","504","146","20","670","1026","0","65.3","49.12"
"64","000","00","012","1243","1472","640","483","157","39","679","993","0","68.38","48.64"
"64","000","00","012","1243","1473","588","445","143","29","617","947","0","65.15","46.99"
"64","000","00","012","1244","0000","3358","2486","872","130","3488","5672","0","61.5","43.83"
"64","000","00","012","1244","1329","641","451","190","16","657","1241","0","52.94","36.34"
"64","000","00","012","1244","1330","621","446","175","33","654","1000","0","65.4","44.6"
"64","000","00","012","1244","1331","674","502","172","17","691","1092","0","63.28","45.97"
"64","000","00","012","1244","1332","807","621","186","25","832","1308","0","63.61","47.48"
"64","000","00","012","1244","1333","615","466","149","39","654","1031","0","63.43","45.2"
"64","000","00","012","1245","0000","1087","817","270","34","1121","2045","0","54.82","39.95"
"64","000","00","012","1245","1339","1087","817","270","34","1121","2045","0","54.82","39.95"
"64","000","00","012","1246","0000","2958","2186","772","80","3038","4742","0","64.07","46.1"
"64","000","00","012","1246","1310","730","578","152","19","749","1107","0","67.66","52.21"
"64","000","00","012","1246","1311","722","535","187","24","746","1188","0","62.79","45.03"
"64","000","00","012","1246","1312","735","499","236","18","753","1183","0","63.65","42.18"
"64","000","00","012","1246","1313","771","574","197","19","790","1264","0","62.5","45.41"
"64","000","00","012","1247","0000","2068","1441","627","80","2148","3351","0","64.1","43.0"
"64","000","00","012","1247","1322","627","437","190","29","656","1040","0","63.08","42.02"
"64","000","00","012","1247","1323","709","490","219","18","727","1094","0","66.45","44.79"
"64","000","00","012","1247","1324","732","514","218","33","765","1217","0","62.86","42.24"
"64","000","00","012","1248","0000","3520","2535","985","105","3625","6178","0","58.68","41.03"
"64","000","00","012","1248","1286","662","494","168","22","684","1247","0","54.85","39.62"
"64","000","00","012","1248","1287","843","613","230","22","865","1538","0","56.24","39.86"
"64","000","00","012","1248","1288","649","486","163","14","663","1097","0","60.44","44.3"
"64","000","00","012","1248","1289","659","469","190","20","679","1221","0","55.61","38.41"
"64","000","00","012","1248","1290","707","473","234","27","734","1075","0","68.28","44.0"
"64","000","00","012","1249","0000","2516","1797","719","125","2641","4308","0","61.3","41.71"
"64","000","00","012","1249","1481","770","554","216","37","807","1309","0","61.65","42.32"
"64","000","00","012","1249","1482","937","633","304","40","977","1627","0","60.05","38.91"
"64","000","00","012","1249","1483","809","610","199","48","857","1372","0","62.46","44.46"
"64","000","00","012","1250","0000","1632","1149","483","33","1665","2520","0","66.07","45.6"
"64","000","00","012","1250","1353","741","593","148","14","755","1224","0","61.68","48.45"
"64","000","00","012","1250","1354","891","556","335","19","910","1296","0","70.22","42.9"
"64","000","00","012","1251","0000","673","494","179","35","708","1007","0","70.31","49.06"
"64","000","00","012","1251","1315","673","494","179","35","708","1007","0","70.31","49.06"
"64","000","00","012","1253","0000","2393","1806","587","112","2505","4102","0","61.07","44.03"
"64","000","00","012","1253","1264","621","476","145","25","646","1055","0","61.23","45.12"
"64","000","00","012","1253","1265","611","460","151","43","654","1109","0","58.97","41.48"
"64","000","00","012","1253","1266","497","381","116","19","516","756","0","68.25","50.4"
"64","000","00","012","1253","1267","664","489","175","25","689","1182","0","58.29","41.37"
"64","000","00","012","1254","0000","1048","783","265","35","1083","2551","0","42.45","30.69"
"64","000","00","012","1254","1449","364","268","96","10","374","1301","0","28.75","20.6"
"64","000","00","012","1254","1450","684","515","169","25","709","1250","0","56.72","41.2"
"64","000","00","012","1255","0000","4736","3639","1097","154","4890","7753","0","63.07","46.94"
"64","000","00","012","1255","1459","811","620","191","16","827","1291","0","64.06","48.02"
"64","000","00","012","1255","1460","579","450","129","31","610","938","0","65.03","47.97"
"64","000","00","012","1255","1461","1057","797","260","20","1077","1783","0","60.4","44.7"
"64","000","00","012","1255","1462","686","537","149","21","707","1105","0","63.98","48.6"
"64","000","00","012","1255","1463","795","615","180","41","836","1392","0","60.06","44.18"
"64","000","00","012","1255","1464","808","620","188","25","833","1244","0","66.96","49.84"
"64","000","00","012","1256","0000","4925","3613","1312","127","5052","8179","0","61.77","44.17"
"64","000","00","012","1256","1280","873","689","184","30","903","1559","0","57.92","44.19"
"64","000","00","012","1256","1281","738","539","199","27","765","1233","0","62.04","43.71"
"64","000","00","012","1256","1282","771","555","216","30","801","1277","0","62.73","43.46"
"64","000","00","012","1256","1283","873","637","236","12","885","1481","0","59.76","43.01"
"64","000","00","012","1256","1284","748","535","213","13","761","1154","0","65.94","46.36"
"64","000","00","012","1256","1285","922","658","264","15","937","1475","0","63.53","44.61"
"64","000","00","012","1257","0000","2271","1721","550","83","2354","4340","0","54.24","39.65"
"64","000","00","012","1257","1468","781","624","157","46","827","1432","0","57.75","43.58"
"64","000","00","012","1257","1469","639","456","183","17","656","1429","0","45.91","31.91"
"64","000","00","012","1257","1470","851","641","210","20","871","1479","0","58.89","43.34"
"64","000","00","012","1258","0000","1456","1074","382","54","1510","2689","0","56.15","39.94"
"64","000","00","012","1258","1273","747","529","218","23","770","1455","0","52.92","36.36"
"64","000","00","012","1258","1274","709","545","164","31","740","1234","0","59.97","44.17"
"64","000","00","012","1259","0000","2367","1670","697","87","2454","4003","0","61.3","41.72"
"64","000","00","012","1259","1296","744","537","207","25","769","1247","0","61.67","43.06"
"64","000","00","012","1259","1297","822","581","241","44","866","1409","0","61.46","41.23"
"64","000","00","012","1259","1298","801","552","249","18","819","1347","0","60.8","40.98"
"64","000","00","012","1260","0000","5437","3849","1588","123","5560","9265","0","60.01","41.54"
"64","000","00","012","1260","1299","1018","720","298","13","1031","1771","0","58.22","40.65"
"64","000","00","012","1260","1300","911","617","294","16","927","1537","0","60.31","40.14"
"64","000","00","012","1260","1301","962","690","272","22","984","1605","0","61.31","42.99"
"64","000","00","012","1260","1302","829","623","206","16","845","1375","0","61.45","45.31"
"64","000","00","012","1260","1303","846","600","246","37","883","1393","0","63.39","43.07"
"64","000","00","012","1260","1304","871","599","272","19","890","1584","0","56.19","37.82"
"64","000","00","012","1261","0000","1270","970","300","45","1315","2055","0","63.99","47.2"
"64","000","00","012","1261","1355","533","397","136","25","558","826","0","67.55","48.06"
"64","000","00","012","1261","1356","737","573","164","20","757","1229","0","61.59","46.62"
"64","000","00","012","1262","0000","1602","1209","393","47","1649","2685","0","61.42","45.03"
"64","000","00","012","1262","1357","879","650","229","20","899","1467","0","61.28","44.31"
"64","000","00","012","1262","1358","723","559","164","27","750","1218","0","61.58","45.89"
"64","000","00","012","1263","0000","1684","1201","483","36","1720","2584","0","66.56","46.48"
"64","000","00","012","1263","1379","868","626","242","18","886","1358","0","65.24","46.1"
"64","000","00","012","1263","1380","816","575","241","18","834","1226","0","68.03","46.9"
"64","000","00","012","1264","0000","1422","1048","374","52","1474","2298","0","64.14","45.6"
"64","000","00","012","1264","1381","689","518","171","29","718","1098","0","65.39","47.18"
"64","000","00","012","1264","1382","733","530","203","23","756","1200","0","63.0","44.17"
"64","000","00","012","1265","0000","2330","1674","656","55","2385","3785","0","63.01","44.23"
"64","000","00","012","1265","1401","705","539","166","26","731","1112","0","65.74","48.47"
"64","000","00","012","1265","1402","771","551","220","19","790","1198","0","65.94","45.99"
"64","000","00","012","1265","1403","854","584","270","10","864","1475","0","58.58","39.59"
"64","000","00","012","1266","0000","1374","1036","338","41","1415","2286","0","61.9","45.32"
"64","000","00","012","1266","1389","750","568","182","24","774","1180","0","65.59","48.14"
"64","000","00","012","1266","1390","624","468","156","17","641","1106","0","57.96","42.31"
"64","000","00","012","1267","0000","2631","1845","786","75","2706","4313","0","62.74","42.78"
"64","000","00","012","1267","1394","835","593","242","17","852","1361","0","62.6","43.57"
"64","000","00","012","1267","1395","860","630","230","32","892","1416","0","62.99","44.49"
"64","000","00","012","1267","1396","936","622","314","26","962","1536","0","62.63","40.49"
"64","000","00","012","1268","0000","2462","1743","719","97","2559","4061","0","63.01","42.92"
"64","000","00","012","1268","1391","885","640","245","39","924","1442","0","64.08","44.38"
"64","000","00","012","1268","1392","820","576","244","39","859","1376","0","62.43","41.86"
"64","000","00","012","1268","1393","757","527","230","19","776","1243","0","62.43","42.4"
"64","000","00","012","1269","0000","1433","1060","373","36","1469","2515","0","58.41","42.15"
"64","000","00","012","1269","1415","691","493","198","22","713","1190","0","59.92","41.43"
"64","000","00","012","1269","1416","742","567","175","14","756","1325","0","57.06","42.79"
"64","000","00","012","1270","0000","2674","1939","735","74","2748","4481","0","61.33","43.27"
"64","000","00","012","1270","1417","644","487","157","22","666","1049","0","63.49","46.43"
"64","000","00","012","1270","1418","644","507","137","11","655","1026","0","63.84","49.42"
"64","000","00","012","1270","1419","698","525","173","31","729","1152","0","63.28","45.57"
"64","000","00","012","1270","1420","688","420","268","10","698","1254","0","55.66","33.49"
"64","000","00","012","1271","0000","2562","1921","641","79","2641","4456","0","59.27","43.11"
"64","000","00","012","1271","1412","774","587","187","20","794","1417","0","56.03","41.43"
"64","000","00","012","1271","1413","875","662","213","24","899","1525","0","58.95","43.41"
"64","000","00","012","1271","1414","913","672","241","35","948","1514","0","62.62","44.39"
"64","000","00","012","1272","0000","2582","1923","659","90","2672","4447","0","60.09","43.24"
"64","000","00","012","1272","1440","753","555","198","19","772","1369","0","56.39","40.54"
"64","000","00","012","1272","1441","899","662","237","34","933","1542","0","60.51","42.93"
"64","000","00","012","1272","1442","930","706","224","37","967","1536","0","62.96","45.96"
"64","000","00","012","1273","0000","1649","1186","463","52","1701","2834","0","60.02","41.85"
"64","000","00","012","1273","1443","779","564","215","22","801","1382","0","57.96","40.81"
"64","000","00","012","1273","1444","870","622","248","30","900","1452","0","61.98","42.84"
"64","000","00","012","1274","0000","1502","1128","374","45","1547","2432","0","63.61","46.38"
"64","000","00","012","1274","1455","713","530","183","29","742","1125","0","65.96","47.11"
"64","000","00","012","1274","1456","789","598","191","16","805","1307","0","61.59","45.75"
"64","000","00","012","1275","0000","3061","2199","862","133","3194","5431","0","58.81","40.49"
"64","000","00","012","1275","1451","691","511","180","29","720","1208","0","59.6","42.3"
"64","000","00","012","1275","1452","709","529","180","34","743","1202","0","61.81","44.01"
"64","000","00","012","1275","1453","825","560","265","44","869","1499","0","57.97","37.36"
"64","000","00","012","1275","1454","836","599","237","26","862","1522","0","56.64","39.36"
"64","000","00","012","1276","0000","1534","1111","423","67","1601","2657","0","60.26","41.81"
"64","000","00","012","1276","1457","786","556","230","35","821","1405","0","58.43","39.57"
"64","000","00","012","1276","1458","748","555","193","32","780","1252","0","62.3","44.33"
"64","000","00","012","1277","0000","1520","1131","389","49","1569","2706","0","57.98","41.8"
"64","000","00","012","1277","1479","754","558","196","30","784","1353","0","57.95","41.24"
"64","000","00","012","1277","1480","766","573","193","19","785","1353","0","58.02","42.35"
"64","000","00","012","1278","0000","3610","2880","730","110","3720","6056","0","61.43","47.56"
"64","000","00","012","1278","1434","1209","921","288","47","1256","2032","0","61.81","45.32"
"64","000","00","012","1278","1435","1130","873","257","34","1164","1927","0","60.4","45.3"
"64","000","00","012","1278","1436","1271","1086","185","29","1300","2097","0","61.99","51.79"
"64","000","00","013","0000","0000","32222","24254","7968","1465","33687","59129","69829","56.97","41.02"
"64","000","00","013","1301","0000","1551","1150","401","75","1626","2824","0","57.58","40.72"
"64","000","00","013","1301","1773","735","547","188","37","772","1262","0","61.17","43.34"
"64","000","00","013","1301","1774","816","603","213","38","854","1562","0","54.67","38.6"
"64","000","00","013","1302","0000","1880","1392","488","72","1952","3252","0","60.02","42.8"
"64","000","00","013","1302","1775","626","458","168","17","643","1078","0","59.65","42.49"
"64","000","00","013","1302","1776","601","447","154","27","628","979","0","64.15","45.66"
"64","000","00","013","1302","1777","653","487","166","28","681","1195","0","56.99","40.75"
"64","000","00","013","1303","0000","2138","1603","535","89","2227","3929","0","56.68","40.8"
"64","000","00","013","1303","1778","720","555","165","38","758","1380","0","54.93","40.22"
"64","000","00","013","1303","1779","695","520","175","37","732","1280","0","57.19","40.63"
"64","000","00","013","1303","1780","723","528","195","14","737","1269","0","58.08","41.61"
"64","000","00","013","1304","0000","1403","1040","363","42","1445","2794","0","51.72","37.22"
"64","000","00","013","1304","1781","690","504","186","15","705","1568","0","44.96","32.14"
"64","000","00","013","1304","1782","713","536","177","27","740","1226","0","60.36","43.72"
"64","000","00","013","1305","0000","1606","1248","358","82","1688","2939","0","57.43","42.46"
"64","000","00","013","1305","1783","788","618","170","36","824","1480","0","55.68","41.76"
"64","000","00","013","1305","1784","818","630","188","46","864","1459","0","59.22","43.18"
"64","000","00","013","1306","0000","1304","958","346","96","1400","2488","0","56.27","38.5"
"64","000","00","013","1306","1785","817","592","225","36","853","1593","0","53.55","37.16"
"64","000","00","013","1306","1786","487","366","121","60","547","895","0","61.12","40.89"
"64","000","00","013","1307","0000","2444","1855","589","130","2574","4455","0","57.78","41.64"
"64","000","00","013","1307","1787","572","443","129","12","584","1110","0","52.61","39.91"
"64","000","00","013","1307","1788","697","519","178","36","733","1348","0","54.38","38.5"
"64","000","00","013","1307","1789","512","386","126","39","551","912","0","60.42","42.32"
"64","000","00","013","1307","1790","663","507","156","43","706","1085","0","65.07","46.73"
"64","000","00","013","1308","0000","1056","803","253","53","1109","1834","0","60.47","43.78"
"64","000","00","013","1308","1791","542","415","127","18","560","955","0","58.64","43.46"
"64","000","00","013","1308","1792","514","388","126","35","549","879","0","62.46","44.14"
"64","000","00","013","1309","0000","1903","1469","434","91","1994","3449","0","57.81","42.59"
"64","000","00","013","1309","1793","602","465","137","36","638","1103","0","57.84","42.16"
"64","000","00","013","1309","1794","646","505","141","40","686","1054","0","65.09","47.91"
"64","000","00","013","1309","1795","655","499","156","15","670","1292","0","51.86","38.62"
"64","000","00","013","1310","0000","822","609","213","18","840","1683","0","49.91","36.19"
"64","000","00","013","1310","1796","822","609","213","18","840","1683","0","49.91","36.19"
"64","000","00","013","1311","0000","881","689","192","71","952","1619","0","58.8","42.56"
"64","000","00","013","1311","1797","335","273","62","21","356","607","0","58.65","44.98"
"64","000","00","013","1311","1798","546","416","130","50","596","1012","0","58.89","41.11"
"64","000","00","013","1312","0000","1016","787","229","53","1069","1960","0","54.54","40.15"
"64","000","00","013","1312","1799","588","447","141","34","622","1046","0","59.46","42.73"
"64","000","00","013","1312","1800","428","340","88","19","447","914","0","48.91","37.2"
"64","000","00","013","1313","0000","2268","1599","669","98","2366","3874","0","61.07","41.28"
"64","000","00","013","1313","1801","808","564","244","36","844","1405","0","60.07","40.14"
"64","000","00","013","1313","1802","804","535","269","36","840","1299","0","64.67","41.19"
"64","000","00","013","1313","1803","656","500","156","26","682","1170","0","58.29","42.74"
"64","000","00","013","1314","0000","610","436","174","28","638","1299","0","49.11","33.56"
"64","000","00","013","1314","1804","610","436","174","28","638","1299","0","49.11","33.56"
"64","000","00","013","1315","0000","1049","797","252","33","1082","1880","0","57.55","42.39"
"64","000","00","013","1315","1805","582","437","145","17","599","1031","0","58.1","42.39"
"64","000","00","013","1315","1806","467","360","107","16","483","849","0","56.89","42.4"
"64","000","00","013","1316","0000","1002","754","248","55","1057","1776","0","59.52","42.45"
"64","000","00","013","1316","1807","464","341","123","31","495","838","0","59.07","40.69"
"64","000","00","013","1316","1808","538","413","125","24","562","938","0","59.91","44.03"
"64","000","00","013","1317","0000","1021","781","240","41","1062","1837","0","57.81","42.51"
"64","000","00","013","1317","1809","560","430","130","17","577","1051","0","54.9","40.91"
"64","000","00","013","1317","1810","461","351","110","24","485","786","0","61.7","44.66"
"64","000","00","013","1318","0000","525","424","101","36","561","894","0","62.75","47.43"
"64","000","00","013","1318","1811","525","424","101","36","561","894","0","62.75","47.43"
"64","000","00","013","1319","0000","331","259","72","13","344","749","0","45.93","34.58"
"64","000","00","013","1319","1812","331","259","72","13","344","749","0","45.93","34.58"
"64","000","00","013","1320","0000","1739","1316","423","72","1811","2963","0","61.12","44.41"
"64","000","00","013","1320","1813","880","671","209","24","904","1485","0","60.88","45.19"
"64","000","00","013","1320","1814","859","645","214","48","907","1478","0","61.37","43.64"
"64","000","00","013","1321","0000","1394","1016","378","63","1457","2383","0","61.14","42.64"
"64","000","00","013","1321","1815","841","605","236","38","879","1345","0","65.35","44.98"
"64","000","00","013","1321","1816","553","411","142","25","578","1038","0","55.68","39.6"
"64","000","00","013","1322","0000","1848","1381","467","41","1889","3366","0","56.12","41.03"
"64","000","00","013","1322","1817","680","493","187","18","698","1203","0","58.02","40.98"
"64","000","00","013","1322","1818","653","496","157","10","663","1138","0","58.26","43.59"
"64","000","00","013","1322","1819","515","392","123","13","528","1025","0","51.51","38.24"
"64","000","00","013","1323","0000","1306","996","310","77","1383","2559","0","54.04","38.92"
"64","000","00","013","1323","1820","730","556","174","63","793","1341","0","59.13","41.46"
"64","000","00","013","1323","1821","576","440","136","14","590","1218","0","48.44","36.12"
"64","000","00","013","1324","0000","1125","892","233","36","1161","2323","0","49.98","38.4"
"64","000","00","013","1324","1822","551","436","115","14","565","1147","0","49.26","38.01"
"64","000","00","013","1324","1823","574","456","118","22","596","1176","0","50.68","38.78"
"64","000","00","014","0000","0000","54668","41344","13324","2065","56733","97309","112334","58.3","42.49"
"64","000","00","014","1401","0000","733","529","204","31","764","1445","0","52.87","36.61"
"64","000","00","014","1401","1692","373","282","91","21","394","727","0","54.2","38.79"
"64","000","00","014","1401","1693","360","247","113","10","370","718","0","51.53","34.4"
"64","000","00","014","1402","0000","2726","2086","640","88","2814","5733","0","49.08","36.39"
"64","000","00","014","1402","1694","702","547","155","27","729","1340","0","54.4","40.82"
"64","000","00","014","1402","1695","736","549","187","20","756","1575","0","48.0","34.86"
"64","000","00","014","1402","1696","255","197","58","11","266","444","0","59.91","44.37"
"64","000","00","014","1402","1697","1033","793","240","30","1063","2374","0","44.78","33.4"
"64","000","00","014","1403","0000","3580","2846","734","192","3772","6681","0","56.46","42.6"
"64","000","00","014","1403","1698","691","544","147","40","731","1291","0","56.62","42.14"
"64","000","00","014","1403","1699","764","597","167","56","820","1400","0","58.57","42.64"
"64","000","00","014","1403","1700","782","676","106","14","796","1390","0","57.27","48.63"
"64","000","00","014","1403","1701","726","546","180","59","785","1401","0","56.03","38.97"
"64","000","00","014","1403","1702","617","483","134","23","640","1199","0","53.38","40.28"
"64","000","00","014","1404","0000","1254","963","291","42","1296","2405","0","53.89","40.04"
"64","000","00","014","1404","1703","613","459","154","19","632","1210","0","52.23","37.93"
"64","000","00","014","1404","1704","641","504","137","23","664","1195","0","55.56","42.18"
"64","000","00","014","1405","0000","2564","1928","636","92","2656","4595","0","57.8","41.96"
"64","000","00","014","1405","1705","666","515","151","17","683","1166","0","58.58","44.17"
"64","000","00","014","1405","1706","768","575","193","23","791","1353","0","58.46","42.5"
"64","000","00","014","1405","1707","615","445","170","33","648","1052","0","61.6","42.3"
"64","000","00","014","1405","1708","515","393","122","19","534","1024","0","52.15","38.38"
"64","000","00","014","1406","0000","2430","1756","674","97","2527","4334","0","58.31","40.52"
"64","000","00","014","1406","1709","706","454","252","17","723","1189","0","60.81","38.18"
"64","000","00","014","1406","1710","873","658","215","43","916","1512","0","60.58","43.52"
"64","000","00","014","1406","1711","851","644","207","37","888","1633","0","54.38","39.44"
"64","000","00","014","1407","0000","2428","1853","575","80","2508","3795","0","66.09","48.83"
"64","000","00","014","1407","1712","781","599","182","20","801","1214","0","65.98","49.34"
"64","000","00","014","1407","1713","800","609","191","43","843","1258","0","67.01","48.41"
"64","000","00","014","1407","1714","847","645","202","17","864","1323","0","65.31","48.75"
"64","000","00","014","1408","0000","1398","1080","318","45","1443","2288","0","63.07","47.2"
"64","000","00","014","1408","1715","765","588","177","18","783","1253","0","62.49","46.93"
"64","000","00","014","1408","1716","633","492","141","27","660","1035","0","63.77","47.54"
"64","000","00","014","1409","0000","6135","4703","1432","218","6353","10761","0","59.04","43.7"
"64","000","00","014","1409","1717","637","499","138","18","655","1106","0","59.22","45.12"
"64","000","00","014","1409","1718","674","528","146","15","689","1195","0","57.66","44.18"
"64","000","00","014","1409","1719","647","503","144","15","662","1051","0","62.99","47.86"
"64","000","00","014","1409","1720","813","605","208","46","859","1425","0","60.28","42.46"
"64","000","00","014","1409","1721","887","665","222","32","919","1635","0","56.21","40.67"
"64","000","00","014","1409","1722","785","609","176","29","814","1359","0","59.9","44.81"
"64","000","00","014","1409","1723","777","601","176","37","814","1361","0","59.81","44.16"
"64","000","00","014","1409","1724","915","693","222","26","941","1629","0","57.77","42.54"
"64","000","00","014","1410","0000","4251","3247","1004","118","4369","7606","0","57.44","42.69"
"64","000","00","014","1410","1725","869","674","195","19","888","1518","0","58.5","44.4"
"64","000","00","014","1410","1726","896","699","197","40","936","1620","0","57.78","43.15"
"64","000","00","014","1410","1727","886","679","207","18","904","1648","0","54.85","41.2"
"64","000","00","014","1410","1728","810","622","188","25","835","1385","0","60.29","44.91"
"64","000","00","014","1410","1729","790","573","217","16","806","1435","0","56.17","39.93"
"64","000","00","014","1411","0000","1006","777","229","41","1047","1835","0","57.06","42.34"
"64","000","00","014","1411","1730","603","467","136","16","619","1046","0","59.18","44.65"
"64","000","00","014","1411","1731","403","310","93","25","428","789","0","54.25","39.29"
"64","000","00","014","1412","0000","888","669","219","47","935","1642","0","56.94","40.74"
"64","000","00","014","1412","1732","472","357","115","20","492","909","0","54.13","39.27"
"64","000","00","014","1412","1733","416","312","104","27","443","733","0","60.44","42.56"
"64","000","00","014","1413","0000","1328","992","336","61","1389","2475","0","56.12","40.08"
"64","000","00","014","1413","1734","820","601","219","38","858","1553","0","55.25","38.7"
"64","000","00","014","1413","1735","508","391","117","23","531","922","0","57.59","42.41"
"64","000","00","014","1414","0000","1696","1292","404","83","1779","3001","0","59.28","43.05"
"64","000","00","014","1414","1736","560","443","117","36","596","1012","0","58.89","43.77"
"64","000","00","014","1414","1737","519","400","119","32","551","968","0","56.92","41.32"
"64","000","00","014","1414","1738","617","449","168","15","632","1021","0","61.9","43.98"
"64","000","00","014","1415","0000","732","555","177","41","773","1554","0","49.74","35.71"
"64","000","00","014","1415","1739","732","555","177","41","773","1554","0","49.74","35.71"
"64","000","00","014","1416","0000","3264","2471","793","117","3381","6101","0","55.42","40.5"
"64","000","00","014","1416","1740","665","521","144","28","693","1120","0","61.88","46.52"
"64","000","00","014","1416","1741","740","557","183","27","767","1225","0","62.61","45.47"
"64","000","00","014","1416","1742","501","380","121","14","515","1320","0","39.02","28.79"
"64","000","00","014","1416","1743","733","564","169","32","765","1317","0","58.09","42.82"
"64","000","00","014","1416","1744","625","449","176","16","641","1119","0","57.28","40.13"
"64","000","00","014","1417","0000","4467","3395","1072","130","4597","7467","0","61.56","45.47"
"64","000","00","014","1417","1745","708","543","165","23","731","1190","0","61.43","45.63"
"64","000","00","014","1417","1746","736","560","176","25","761","1229","0","61.92","45.57"
"64","000","00","014","1417","1747","734","559","175","22","756","1178","0","64.18","47.45"
"64","000","00","014","1417","1748","778","574","204","20","798","1272","0","62.74","45.13"
"64","000","00","014","1417","1749","796","608","188","15","811","1413","0","57.4","43.03"
"64","000","00","014","1417","1750","715","551","164","25","740","1185","0","62.45","46.5"
"64","000","00","014","1418","0000","324","260","64","4","328","553","0","59.31","47.02"
"64","000","00","014","1418","1751","324","260","64","4","328","553","0","59.31","47.02"
"64","000","00","014","1419","0000","3938","2959","979","144","4082","6837","0","59.7","43.28"
"64","000","00","014","1419","1752","587","456","131","47","634","1121","0","56.56","40.68"
"64","000","00","014","1419","1753","706","490","216","23","729","1227","0","59.41","39.93"
"64","000","00","014","1419","1754","688","528","160","27","715","1058","0","67.58","49.91"
"64","000","00","014","1419","1755","683","507","176","13","696","1209","0","57.57","41.94"
"64","000","00","014","1419","1756","661","521","140","16","677","1100","0","61.55","47.36"
"64","000","00","014","1419","1757","613","457","156","18","631","1122","0","56.24","40.73"
"64","000","00","014","1420","0000","1242","974","268","54","1296","2175","0","59.59","44.78"
"64","000","00","014","1420","1758","603","462","141","44","647","983","0","65.82","47.0"
"64","000","00","014","1420","1759","639","512","127","10","649","1192","0","54.45","42.95"
"64","000","00","014","1421","0000","978","777","201","48","1026","1548","0","66.28","50.19"
"64","000","00","014","1421","1760","444","361","83","19","463","719","0","64.39","50.21"
"64","000","00","014","1421","1761","534","416","118","29","563","829","0","67.91","50.18"
"64","000","00","014","1422","0000","1168","898","270","54","1222","1846","0","66.2","48.65"
"64","000","00","014","1422","1762","509","411","98","24","533","771","0","69.13","53.31"
"64","000","00","014","1422","1763","659","487","172","30","689","1075","0","64.09","45.3"
"64","000","00","014","1423","0000","2089","1623","466","102","2191","3669","0","59.72","44.24"
"64","000","00","014","1423","1764","750","587","163","49","799","1280","0","62.42","45.86"
"64","000","00","014","1423","1765","671","521","150","30","701","1179","0","59.46","44.19"
"64","000","00","014","1423","1766","668","515","153","23","691","1210","0","57.11","42.56"
"64","000","00","014","1424","0000","116","98","18","4","120","189","0","63.49","51.85"
"64","000","00","014","1424","1767","116","98","18","4","120","189","0","63.49","51.85"
"64","000","00","014","1425","0000","3933","2613","1320","132","4065","6774","0","60.01","38.57"
"64","000","00","014","1425","1768","719","562","157","40","759","1228","0","61.81","45.77"
"64","000","00","014","1425","1769","666","542","124","20","686","1170","0","58.63","46.32"
"64","000","00","014","1425","1770","854","657","197","27","881","1416","0","62.22","46.4"
"64","000","00","014","1425","1771","897","654","243","16","913","1482","0","61.61","44.13"
"64","000","00","014","1425","1772","797","198","599","29","826","1478","0","55.89","13.4"
"64","000","00","015","0000","0000","20048","15423","4625","910","20958","36772","42431","56.99","41.94"
"64","000","00","015","1501","0000","1620","1230","390","45","1665","2701","0","61.64","45.54"
"64","000","00","015","1501","0736","780","581","199","23","803","1386","0","57.94","41.92"
"64","000","00","015","1501","0737","840","649","191","22","862","1315","0","65.55","49.35"
"64","000","00","015","1502","0000","2753","2128","625","89","2842","5000","0","56.84","42.56"
"64","000","00","015","1502","0738","1339","1057","282","35","1374","2461","0","55.83","42.95"
"64","000","00","015","1502","0739","733","554","179","13","746","1274","0","58.56","43.49"
"64","000","00","015","1502","0740","681","517","164","41","722","1265","0","57.08","40.87"
"64","000","00","015","1503","0000","2219","1641","578","82","2301","4126","0","55.77","39.77"
"64","000","00","015","1503","0741","820","623","197","34","854","1504","0","56.78","41.42"
"64","000","00","015","1503","0742","560","405","155","13","573","1049","0","54.62","38.61"
"64","000","00","015","1503","0743","839","613","226","35","874","1573","0","55.56","38.97"
"64","000","00","015","1504","0000","1170","983","187","58","1228","2328","0","52.75","42.23"
"64","000","00","015","1504","0744","558","431","127","27","585","1121","0","52.19","38.45"
"64","000","00","015","1504","0745","612","552","60","31","643","1207","0","53.27","45.73"
"64","000","00","015","1505","0000","1336","1024","312","31","1367","2258","0","60.54","45.35"
"64","000","00","015","1505","0746","645","502","143","14","659","1134","0","58.11","44.27"
"64","000","00","015","1505","0747","691","522","169","17","708","1124","0","62.99","46.44"
"64","000","00","015","1506","0000","1972","1477","495","107","2079","3492","0","59.54","42.3"
"64","000","00","015","1506","0748","693","530","163","35","728","1259","0","57.82","42.1"
"64","000","00","015","1506","0749","658","482","176","40","698","1105","0","63.17","43.62"
"64","000","00","015","1506","0750","621","465","156","32","653","1128","0","57.89","41.22"
"64","000","00","015","1507","0000","544","415","129","62","606","1079","0","56.16","38.46"
"64","000","00","015","1507","0751","544","415","129","62","606","1079","0","56.16","38.46"
"64","000","00","015","1508","0000","508","388","120","35","543","1025","0","52.98","37.85"
"64","000","00","015","1508","0752","508","388","120","35","543","1025","0","52.98","37.85"
"64","000","00","015","1509","0000","499","381","118","33","532","950","0","56.0","40.11"
"64","000","00","015","1509","0753","499","381","118","33","532","950","0","56.0","40.11"
"64","000","00","015","1510","0000","745","565","180","70","815","1433","0","56.87","39.43"
"64","000","00","015","1510","0754","745","565","180","70","815","1433","0","56.87","39.43"
"64","000","00","015","1511","0000","785","595","190","22","807","1575","0","51.24","37.78"
"64","000","00","015","1511","0755","419","322","97","15","434","794","0","54.66","40.55"
"64","000","00","015","1511","0756","366","273","93","7","373","781","0","47.76","34.96"
"64","000","00","015","1512","0000","653","499","154","14","667","1318","0","50.61","37.86"
"64","000","00","015","1512","0757","653","499","154","14","667","1318","0","50.61","37.86"
"64","000","00","015","1513","0000","895","670","225","40","935","1783","0","52.44","37.58"
"64","000","00","015","1513","0758","391","299","92","25","416","736","0","56.52","40.63"
"64","000","00","015","1513","0759","504","371","133","15","519","1047","0","49.57","35.43"
"64","000","00","015","1514","0000","1310","987","323","66","1376","2457","0","56.0","40.17"
"64","000","00","015","1514","0760","716","540","176","41","757","1271","0","59.56","42.49"
"64","000","00","015","1514","0761","594","447","147","25","619","1186","0","52.19","37.69"
"64","000","00","015","1515","0000","548","424","124","39","587","1007","0","58.29","42.11"
"64","000","00","015","1515","0762","548","424","124","39","587","1007","0","58.29","42.11"
"64","000","00","015","1516","0000","862","657","205","43","905","1594","0","56.78","41.22"
"64","000","00","015","1516","0763","490","366","124","32","522","859","0","60.77","42.61"
"64","000","00","015","1516","0764","372","291","81","11","383","735","0","52.11","39.59"
"64","000","00","015","1517","0000","1245","1029","216","61","1306","1926","0","67.81","53.43"
"64","000","00","015","1517","0765","615","477","138","39","654","1046","0","62.52","45.6"
"64","000","00","015","1517","0766","630","552","78","22","652","880","0","74.09","62.73"
"64","000","00","015","1518","0000","384","330","54","13","397","720","0","55.14","45.83"
"64","000","00","015","1518","0767","384","330","54","13","397","720","0","55.14","45.83"
"64","000","00","016","0000","0000","16720","12290","4430","758","17478","30046","34591","58.17","40.9"
"64","000","00","016","1601","0000","493","384","109","54","547","950","0","57.58","40.42"
"64","000","00","016","1601","0637","493","384","109","54","547","950","0","57.58","40.42"
"64","000","00","016","1602","0000","1538","1113","425","41","1579","3162","0","49.94","35.2"
"64","000","00","016","1602","0638","704","510","194","23","727","1306","0","55.67","39.05"
"64","000","00","016","1602","0639","834","603","231","18","852","1856","0","45.91","32.49"
"64","000","00","016","1603","0000","2894","2141","753","117","3011","4968","0","60.61","43.1"
"64","000","00","016","1603","0640","619","429","190","27","646","986","0","65.52","43.51"
"64","000","00","016","1603","0641","543","403","140","30","573","1116","0","51.34","36.11"
"64","000","00","016","1603","0642","786","578","208","29","815","1253","0","65.04","46.13"
"64","000","00","016","1603","0643","946","731","215","31","977","1613","0","60.57","45.32"
"64","000","00","016","1604","0000","916","678","238","33","949","1679","0","56.52","40.38"
"64","000","00","016","1604","0659","358","265","93","17","375","745","0","50.34","35.57"
"64","000","00","016","1604","0660","558","413","145","16","574","934","0","61.46","44.22"
"64","000","00","016","1605","0000","1540","1144","396","79","1619","2661","0","60.84","42.99"
"64","000","00","016","1605","0646","583","451","132","35","618","1004","0","61.55","44.92"
"64","000","00","016","1605","0647","510","385","125","31","541","879","0","61.55","43.8"
"64","000","00","016","1605","0648","447","308","139","13","460","778","0","59.13","39.59"
"64","000","00","016","1606","0000","3146","2289","857","152","3298","5391","0","61.18","42.46"
"64","000","00","016","1606","0649","644","463","181","37","681","1110","0","61.35","41.71"
"64","000","00","016","1606","0650","781","573","208","37","818","1432","0","57.12","40.01"
"64","000","00","016","1606","0651","876","643","233","35","911","1466","0","62.14","43.86"
"64","000","00","016","1606","0652","845","610","235","43","888","1383","0","64.21","44.11"
"64","000","00","016","1607","0000","2722","1928","794","108","2830","4950","0","57.17","38.95"
"64","000","00","016","1607","0653","948","702","246","43","991","1645","0","60.24","42.67"
"64","000","00","016","1607","0654","788","547","241","28","816","1555","0","52.48","35.18"
"64","000","00","016","1607","0655","986","679","307","37","1023","1750","0","58.46","38.8"
"64","000","00","016","1608","0000","1713","1317","396","107","1820","3156","0","57.67","41.73"
"64","000","00","016","1608","0656","624","442","182","43","667","1111","0","60.04","39.78"
"64","000","00","016","1608","0657","556","482","74","36","592","1133","0","52.25","42.54"
"64","000","00","016","1608","0658","533","393","140","28","561","912","0","61.51","43.09"
"64","000","00","016","1609","0000","1758","1296","462","67","1825","3129","0","58.33","41.42"
"64","000","00","016","1609","0644","755","552","203","30","785","1455","0","53.95","37.94"
"64","000","00","016","1609","0645","1003","744","259","37","1040","1674","0","62.13","44.44"
"64","000","00","017","0000","0000","42462","31863","10599","1244","43706","73611","87415","59.37","43.29"
"64","000","00","017","1701","0000","2545","1932","613","56","2601","4050","0","64.22","47.7"
"64","000","00","017","1701","0661","1171","906","265","26","1197","1777","0","67.36","50.98"
"64","000","00","017","1701","0662","1374","1026","348","30","1404","2273","0","61.77","45.14"
"64","000","00","017","1702","0000","4597","3444","1153","137","4734","7511","0","63.03","45.85"
"64","000","00","017","1702","0663","890","669","221","37","927","1384","0","66.98","48.34"
"64","000","00","017","1702","0664","665","513","152","31","696","1170","0","59.49","43.85"
"64","000","00","017","1702","0665","788","580","208","33","821","1216","0","67.52","47.7"
"64","000","00","017","1702","0666","901","665","236","17","918","1598","0","57.45","41.61"
"64","000","00","017","1702","0667","1353","1017","336","19","1372","2143","0","64.02","47.46"
"64","000","00","017","1703","0000","1505","1099","406","75","1580","2638","0","59.89","41.66"
"64","000","00","017","1703","0668","724","511","213","30","754","1300","0","58.0","39.31"
"64","000","00","017","1703","0669","781","588","193","45","826","1338","0","61.73","43.95"
"64","000","00","017","1704","0000","1996","1522","474","98","2094","3823","0","54.77","39.81"
"64","000","00","017","1704","0670","666","493","173","22","688","1217","0","56.53","40.51"
"64","000","00","017","1704","0671","582","466","116","40","622","1202","0","51.75","38.77"
"64","000","00","017","1704","0672","748","563","185","36","784","1404","0","55.84","40.1"
"64","000","00","017","1705","0000","466","369","97","16","482","830","0","58.07","44.46"
"64","000","00","017","1705","0673","466","369","97","16","482","830","0","58.07","44.46"
"64","000","00","017","1706","0000","2642","2002","640","77","2719","5417","0","50.19","36.96"
"64","000","00","017","1706","0674","808","650","158","26","834","1802","0","46.28","36.07"
"64","000","00","017","1706","0675","987","731","256","34","1021","1877","0","54.4","38.95"
"64","000","00","017","1706","0676","847","621","226","17","864","1738","0","49.71","35.73"
"64","000","00","017","1707","0000","5049","3839","1210","140","5189","8679","0","59.79","44.23"
"64","000","00","017","1707","0677","865","648","217","45","910","1549","0","58.75","41.83"
"64","000","00","017","1707","0678","928","693","235","25","953","1579","0","60.35","43.89"
"64","000","00","017","1707","0679","789","633","156","21","810","1406","0","57.61","45.02"
"64","000","00","017","1707","0680","871","674","197","16","887","1461","0","60.71","46.13"
"64","000","00","017","1707","0681","801","595","206","22","823","1311","0","62.78","45.39"
"64","000","00","017","1707","0682","795","596","199","11","806","1373","0","58.7","43.41"
"64","000","00","017","1708","0000","1269","946","323","33","1302","2216","0","58.75","42.69"
"64","000","00","017","1708","0683","599","439","160","12","611","1035","0","59.03","42.42"
"64","000","00","017","1708","0684","670","507","163","21","691","1181","0","58.51","42.93"
"64","000","00","017","1709","0000","9517","7072","2445","238","9755","15899","0","61.36","44.48"
"64","000","00","017","1709","0685","911","651","260","35","946","1670","0","56.65","38.98"
"64","000","00","017","1709","0686","894","649","245","15","909","1576","0","57.68","41.18"
"64","000","00","017","1709","0687","947","687","260","36","983","1576","0","62.37","43.59"
"64","000","00","017","1709","0688","1186","904","282","20","1206","1915","0","62.98","47.21"
"64","000","00","017","1709","0689","1001","770","231","19","1020","1758","0","58.02","43.8"
"64","000","00","017","1709","0690","1171","865","306","27","1198","1892","0","63.32","45.72"
"64","000","00","017","1709","0691","1184","905","279","45","1229","2025","0","60.69","44.69"
"64","000","00","017","1709","0692","1237","928","309","19","1256","2014","0","62.36","46.08"
"64","000","00","017","1709","0693","986","713","273","22","1008","1473","0","68.43","48.4"
"64","000","00","017","1710","0000","1149","888","261","37","1186","1923","0","61.67","46.18"
"64","000","00","017","1710","0694","578","440","138","23","601","979","0","61.39","44.94"
"64","000","00","017","1710","0695","571","448","123","14","585","944","0","61.97","47.46"
"64","000","00","017","1711","0000","1395","1087","308","72","1467","2481","0","59.13","43.81"
"64","000","00","017","1711","0696","667","518","149","46","713","1153","0","61.84","44.93"
"64","000","00","017","1711","0697","728","569","159","26","754","1328","0","56.78","42.85"
"64","000","00","017","1712","0000","961","736","225","42","1003","1657","0","60.53","44.42"
"64","000","00","017","1712","0698","961","736","225","42","1003","1657","0","60.53","44.42"
"64","000","00","017","1713","0000","2694","1941","753","70","2764","4564","0","60.56","42.53"
"64","000","00","017","1713","0699","808","607","201","25","833","1545","0","53.92","39.29"
"64","000","00","017","1713","0700","871","572","299","27","898","1417","0","63.37","40.37"
"64","000","00","017","1713","0701","1015","762","253","18","1033","1602","0","64.48","47.57"
"64","000","00","017","1714","0000","2158","1661","497","52","2210","3737","0","59.14","44.45"
"64","000","00","017","1714","0702","1158","881","277","31","1189","1823","0","65.22","48.33"
"64","000","00","017","1714","0703","1000","780","220","21","1021","1914","0","53.34","40.75"
"64","000","00","017","1715","0000","3421","2541","880","80","3501","6019","0","58.17","42.22"
"64","000","00","017","1715","0704","1168","877","291","31","1199","1992","0","60.19","44.03"
"64","000","00","017","1715","0705","1056","795","261","18","1074","2045","0","52.52","38.88"
"64","000","00","017","1715","0706","1197","869","328","31","1228","1982","0","61.96","43.84"
"64","000","00","017","1716","0000","1098","784","314","21","1119","2167","0","51.64","36.18"
"64","000","00","017","1716","0707","1098","784","314","21","1119","2167","0","51.64","36.18"
"64","000","00","018","0000","0000","23297","16980","6317","815","24112","39191","44387","61.52","43.33"
"64","000","00","018","1801","0000","5750","4029","1721","193","5943","10030","0","59.25","40.17"
"64","000","00","018","1801","0708","964","683","281","34","998","1678","0","59.48","40.7"
"64","000","00","018","1801","0709","901","659","242","35","936","1682","0","55.65","39.18"
"64","000","00","018","1801","0710","765","567","198","30","795","1225","0","64.9","46.29"
"64","000","00","018","1801","0711","696","498","198","37","733","1322","0","55.45","37.67"
"64","000","00","018","1801","0712","724","532","192","21","745","1215","0","61.32","43.79"
"64","000","00","018","1801","0713","969","699","270","21","990","1779","0","55.65","39.29"
"64","000","00","018","1801","0714","731","391","340","15","746","1129","0","66.08","34.63"
"64","000","00","018","1802","0000","2830","2000","830","87","2917","4682","0","62.3","42.72"
"64","000","00","018","1802","0715","840","630","210","28","868","1374","0","63.17","45.85"
"64","000","00","018","1802","0716","658","477","181","17","675","1089","0","61.98","43.8"
"64","000","00","018","1802","0717","1332","893","439","42","1374","2219","0","61.92","40.24"
"64","000","00","018","1803","0000","6053","4231","1822","175","6228","9817","0","63.44","43.1"
"64","000","00","018","1803","0718","971","686","285","19","990","1634","0","60.59","41.98"
"64","000","00","018","1803","0719","954","688","266","40","994","1553","0","64.01","44.3"
"64","000","00","018","1803","0720","970","677","293","33","1003","1572","0","63.8","43.07"
"64","000","00","018","1803","0721","1047","715","332","27","1074","1688","0","63.63","42.36"
"64","000","00","018","1803","0722","1017","691","326","20","1037","1626","0","63.78","42.5"
"64","000","00","018","1803","0723","1094","774","320","36","1130","1744","0","64.79","44.38"
"64","000","00","018","1804","0000","2124","1649","475","99","2223","3548","0","62.66","46.48"
"64","000","00","018","1804","0724","669","536","133","31","700","1230","0","56.91","43.58"
"64","000","00","018","1804","0725","729","532","197","49","778","1201","0","64.78","44.3"
"64","000","00","018","1804","0726","726","581","145","19","745","1117","0","66.7","52.01"
"64","000","00","018","1805","0000","3690","2900","790","143","3833","6462","0","59.32","44.88"
"64","000","00","018","1805","0727","727","578","149","31","758","1255","0","60.4","46.06"
"64","000","00","018","1805","0728","748","580","168","33","781","1432","0","54.54","40.5"
"64","000","00","018","1805","0729","730","573","157","20","750","1370","0","54.74","41.82"
"64","000","00","018","1805","0730","836","634","202","26","862","1364","0","63.2","46.48"
"64","000","00","018","1805","0731","649","535","114","33","682","1041","0","65.51","51.39"
"64","000","00","018","1806","0000","482","363","119","30","512","702","0","72.93","51.71"
"64","000","00","018","1806","0732","482","363","119","30","512","702","0","72.93","51.71"
"64","000","00","018","1807","0000","2368","1808","560","88","2456","3950","0","62.18","45.77"
"64","000","00","018","1807","0733","709","533","176","35","744","1212","0","61.39","43.98"
"64","000","00","018","1807","0734","738","588","150","31","769","1289","0","59.66","45.62"
"64","000","00","018","1807","0735","921","687","234","22","943","1449","0","65.08","47.41"
"64","000","00","019","0000","0000","48775","36943","11832","1764","50539","81244","97072","62.21","45.47"
"64","000","00","019","1901","0000","734","550","184","42","776","1159","0","66.95","47.45"
"64","000","00","019","1901","0268","734","550","184","42","776","1159","0","66.95","47.45"
"64","000","00","019","1902","0000","2559","1906","653","69","2628","4358","0","60.3","43.74"
"64","000","00","019","1902","0261","869","644","225","24","893","1345","0","66.39","47.88"
"64","000","00","019","1902","0262","499","377","122","14","513","1045","0","49.09","36.08"
"64","000","00","019","1902","0263","627","474","153","18","645","1051","0","61.37","45.1"
"64","000","00","019","1902","0264","564","411","153","13","577","917","0","62.92","44.82"
"64","000","00","019","1903","0000","2058","1536","522","64","2122","3239","0","65.51","47.42"
"64","000","00","019","1903","0265","604","429","175","17","621","934","0","66.49","45.93"
"64","000","00","019","1903","0266","671","519","152","23","694","1097","0","63.26","47.31"
"64","000","00","019","1903","0267","783","588","195","24","807","1208","0","66.8","48.68"
"64","000","00","019","1904","0000","604","435","169","25","629","1018","0","61.79","42.73"
"64","000","00","019","1904","0269","604","435","169","25","629","1018","0","61.79","42.73"
"64","000","00","019","1905","0000","2463","1839","624","45","2508","4091","0","61.31","44.95"
"64","000","00","019","1905","0274","776","577","199","18","794","1328","0","59.79","43.45"
"64","000","00","019","1905","0275","846","628","218","13","859","1382","0","62.16","45.44"
"64","000","00","019","1905","0276","841","634","207","14","855","1381","0","61.91","45.91"
"64","000","00","019","1906","0000","703","627","76","25","728","1316","0","55.32","47.64"
"64","000","00","019","1906","0270","703","627","76","25","728","1316","0","55.32","47.64"
"64","000","00","019","1907","0000","1822","1443","379","40","1862","2895","0","64.32","49.84"
"64","000","00","019","1907","0325","795","620","175","26","821","1336","0","61.45","46.41"
"64","000","00","019","1907","0326","775","642","133","7","782","1218","0","64.2","52.71"
"64","000","00","019","1907","0327","252","181","71","7","259","341","0","75.95","53.08"
"64","000","00","019","1908","0000","235","173","62","6","241","318","0","75.79","54.4"
"64","000","00","019","1908","0332","235","173","62","6","241","318","0","75.79","54.4"
"64","000","00","019","1909","0000","1596","1197","399","55","1651","2795","0","59.07","42.83"
"64","000","00","019","1909","0293","754","569","185","25","779","1283","0","60.72","44.35"
"64","000","00","019","1909","0294","842","628","214","30","872","1512","0","57.67","41.53"
"64","000","00","019","1910","0000","806","622","184","14","820","1413","0","58.03","44.02"
"64","000","00","019","1910","0309","806","622","184","14","820","1413","0","58.03","44.02"
"64","000","00","019","1911","0000","2168","1610","558","99","2267","3607","0","62.85","44.64"
"64","000","00","019","1911","0304","756","549","207","32","788","1272","0","61.95","43.16"
"64","000","00","019","1911","0305","678","517","161","20","698","1080","0","64.63","47.87"
"64","000","00","019","1911","0306","734","544","190","47","781","1255","0","62.23","43.35"
"64","000","00","019","1912","0000","3385","2528","857","107","3492","5535","0","63.09","45.67"
"64","000","00","019","1912","0300","833","616","217","29","862","1360","0","63.38","45.29"
"64","000","00","019","1912","0301","867","656","211","17","884","1363","0","64.86","48.13"
"64","000","00","019","1912","0302","843","616","227","34","877","1352","0","64.87","45.56"
"64","000","00","019","1912","0303","842","640","202","27","869","1460","0","59.52","43.84"
"64","000","00","019","1913","0000","1085","847","238","29","1114","1613","0","69.06","52.51"
"64","000","00","019","1913","0330","556","421","135","20","576","851","0","67.69","49.47"
"64","000","00","019","1913","0331","529","426","103","9","538","762","0","70.6","55.91"
"64","000","00","019","1914","0000","465","359","106","52","517","756","0","68.39","47.49"
"64","000","00","019","1914","0320","465","359","106","52","517","756","0","68.39","47.49"
"64","000","00","019","1915","0000","445","362","83","13","458","866","0","52.89","41.8"
"64","000","00","019","1915","0323","445","362","83","13","458","866","0","52.89","41.8"
"64","000","00","019","1916","0000","1942","1451","491","66","2008","3350","0","59.94","43.31"
"64","000","00","019","1916","0297","660","505","155","29","689","1096","0","62.86","46.08"
"64","000","00","019","1916","0298","631","464","167","20","651","1066","0","61.07","43.53"
"64","000","00","019","1916","0299","651","482","169","17","668","1188","0","56.23","40.57"
"64","000","00","019","1917","0000","2240","1639","601","80","2320","3849","0","60.28","42.58"
"64","000","00","019","1917","0277","744","540","204","37","781","1282","0","60.92","42.12"
"64","000","00","019","1917","0278","719","536","183","12","731","1240","0","58.95","43.23"
"64","000","00","019","1917","0279","777","563","214","31","808","1327","0","60.89","42.43"
"64","000","00","019","1918","0000","2397","1796","601","79","2476","4065","0","60.91","44.18"
"64","000","00","019","1918","0271","793","592","201","22","815","1345","0","60.59","44.01"
"64","000","00","019","1918","0272","784","598","186","28","812","1295","0","62.7","46.18"
"64","000","00","019","1918","0273","820","606","214","29","849","1425","0","59.58","42.53"
"64","000","00","019","1919","0000","3702","2685","1017","114","3816","6674","0","57.18","40.23"
"64","000","00","019","1919","0280","945","663","282","30","975","1736","0","56.16","38.19"
"64","000","00","019","1919","0281","909","683","226","38","947","1566","0","60.47","43.61"
"64","000","00","019","1919","0282","911","664","247","19","930","1779","0","52.28","37.32"
"64","000","00","019","1919","0283","937","675","262","27","964","1593","0","60.51","42.37"
"64","000","00","019","1920","0000","3344","2609","735","87","3431","5402","0","63.51","48.3"
"64","000","00","019","1920","0284","902","690","212","29","931","1480","0","62.91","46.62"
"64","000","00","019","1920","0285","819","636","183","16","835","1364","0","61.22","46.63"
"64","000","00","019","1920","0286","851","667","184","21","872","1410","0","61.84","47.3"
"64","000","00","019","1920","0287","772","616","156","21","793","1148","0","69.08","53.66"
"64","000","00","019","1921","0000","1127","851","276","32","1159","1830","0","63.33","46.5"
"64","000","00","019","1921","0289","586","451","135","16","602","969","0","62.13","46.54"
"64","000","00","019","1921","0290","541","400","141","16","557","861","0","64.69","46.46"
"64","000","00","019","1922","0000","1150","861","289","23","1173","1808","0","64.88","47.62"
"64","000","00","019","1922","0310","471","356","115","7","478","765","0","62.48","46.54"
"64","000","00","019","1922","0311","679","505","174","16","695","1043","0","66.63","48.42"
"64","000","00","019","1923","0000","1180","914","266","59","1239","1837","0","67.45","49.76"
"64","000","00","019","1923","0312","481","392","89","26","507","844","0","60.07","46.45"
"64","000","00","019","1923","0313","699","522","177","33","732","993","0","73.72","52.57"
"64","000","00","019","1924","0000","634","469","165","39","673","1038","0","64.84","45.18"
"64","000","00","019","1924","0314","634","469","165","39","673","1038","0","64.84","45.18"
"64","000","00","019","1925","0000","1029","781","248","52","1081","1712","0","63.14","45.62"
"64","000","00","019","1925","0291","454","343","111","17","471","823","0","57.23","41.68"
"64","000","00","019","1925","0292","575","438","137","35","610","889","0","68.62","49.27"
"64","000","00","019","1926","0000","2068","1565","503","122","2190","3442","0","63.63","45.47"
"64","000","00","019","1926","0315","613","466","147","57","670","1070","0","62.62","43.55"
"64","000","00","019","1926","0316","663","495","168","35","698","1023","0","68.23","48.39"
"64","000","00","019","1926","0317","792","604","188","30","822","1349","0","60.93","44.77"
"64","000","00","019","1927","0000","958","711","247","54","1012","1753","0","57.73","40.56"
"64","000","00","019","1927","0318","766","569","197","40","806","1452","0","55.51","39.19"
"64","000","00","019","1927","0319","192","142","50","14","206","301","0","68.44","47.18"
"64","000","00","019","1928","0000","943","739","204","74","1017","1587","0","64.08","46.57"
"64","000","00","019","1928","0321","398","306","92","16","414","733","0","56.48","41.75"
"64","000","00","019","1928","0322","545","433","112","58","603","854","0","70.61","50.7"
"64","000","00","019","1929","0000","447","342","105","38","485","978","0","49.59","34.97"
"64","000","00","019","1929","0324","447","342","105","38","485","978","0","49.59","34.97"
"64","000","00","019","1930","0000","1376","1074","302","48","1424","2175","0","65.47","49.38"
"64","000","00","019","1930","0307","601","466","135","28","629","938","0","67.06","49.68"
"64","000","00","019","1930","0308","775","608","167","20","795","1237","0","64.27","49.15"
"64","000","00","019","1931","0000","397","301","96","22","419","625","0","67.04","48.16"
"64","000","00","019","1931","0288","397","301","96","22","419","625","0","67.04","48.16"
"64","000","00","019","1932","0000","1382","1011","371","51","1433","2245","0","63.83","45.03"
"64","000","00","019","1932","0295","641","471","170","31","672","983","0","68.36","47.91"
"64","000","00","019","1932","0296","741","540","201","20","761","1262","0","60.3","42.79"
"64","000","00","019","1933","0000","1331","1110","221","39","1370","1895","0","72.3","58.58"
"64","000","00","019","1933","0328","688","571","117","27","715","955","0","74.87","59.79"
"64","000","00","019","1933","0329","643","539","104","12","655","940","0","69.68","57.34"
"64","000","00","020","0000","0000","19875","14932","4943","832","20707","32565","37647","63.59","45.85"
"64","000","00","020","2001","0000","1301","948","353","67","1368","2078","0","65.83","45.62"
"64","000","00","020","2001","0404","644","471","173","38","682","1005","0","67.86","46.87"
"64","000","00","020","2001","0405","657","477","180","29","686","1073","0","63.93","44.45"
"64","000","00","020","2002","0000","724","550","174","18","742","1129","0","65.72","48.72"
"64","000","00","020","2002","0406","724","550","174","18","742","1129","0","65.72","48.72"
"64","000","00","020","2003","0000","1409","1046","363","66","1475","2335","0","63.17","44.8"
"64","000","00","020","2003","0407","763","558","205","43","806","1244","0","64.79","44.86"
"64","000","00","020","2003","0408","646","488","158","23","669","1091","0","61.32","44.73"
"64","000","00","020","2004","0000","1548","1143","405","58","1606","2469","0","65.05","46.29"
"64","000","00","020","2004","0409","849","643","206","34","883","1329","0","66.44","48.38"
"64","000","00","020","2004","0410","699","500","199","24","723","1140","0","63.42","43.86"
"64","000","00","020","2005","0000","726","556","170","43","769","1220","0","63.03","45.57"
"64","000","00","020","2005","0411","726","556","170","43","769","1220","0","63.03","45.57"
"64","000","00","020","2006","0000","1438","1070","368","74","1512","2362","0","64.01","45.3"
"64","000","00","020","2006","0412","688","518","170","26","714","1047","0","68.19","49.47"
"64","000","00","020","2006","0413","750","552","198","48","798","1315","0","60.68","41.98"
"64","000","00","020","2007","0000","875","665","210","47","922","1411","0","65.34","47.13"
"64","000","00","020","2007","0414","417","301","116","18","435","691","0","62.95","43.56"
"64","000","00","020","2007","0415","458","364","94","29","487","720","0","67.64","50.56"
"64","000","00","020","2008","0000","2019","1500","519","79","2098","3271","0","64.14","45.86"
"64","000","00","020","2008","0416","720","516","204","31","751","1192","0","63.0","43.29"
"64","000","00","020","2008","0417","832","622","210","17","849","1318","0","64.42","47.19"
"64","000","00","020","2008","0418","467","362","105","31","498","761","0","65.44","47.57"
"64","000","00","020","2009","0000","960","717","243","32","992","1560","0","63.59","45.96"
"64","000","00","020","2009","0419","613","460","153","13","626","973","0","64.34","47.28"
"64","000","00","020","2009","0420","347","257","90","19","366","587","0","62.35","43.78"
"64","000","00","020","2010","0000","1531","1106","425","43","1574","2421","0","65.01","45.68"
"64","000","00","020","2010","0421","507","402","105","25","532","812","0","65.52","49.51"
"64","000","00","020","2010","0422","216","160","56","6","222","343","0","64.72","46.65"
"64","000","00","020","2010","0423","808","544","264","12","820","1266","0","64.77","42.97"
"64","000","00","020","2011","0000","1246","985","261","67","1313","2012","0","65.26","48.96"
"64","000","00","020","2011","0424","701","547","154","43","744","1128","0","65.96","48.49"
"64","000","00","020","2011","0425","545","438","107","24","569","884","0","64.37","49.55"
"64","000","00","020","2012","0000","1424","1100","324","54","1478","2446","0","60.43","44.97"
"64","000","00","020","2012","0426","661","496","165","35","696","1187","0","58.64","41.79"
"64","000","00","020","2012","0427","763","604","159","19","782","1259","0","62.11","47.97"
"64","000","00","020","2013","0000","734","562","172","25","759","1361","0","55.77","41.29"
"64","000","00","020","2013","0428","734","562","172","25","759","1361","0","55.77","41.29"
"64","000","00","020","2014","0000","375","290","85","15","390","671","0","58.12","43.22"
"64","000","00","020","2014","0429","375","290","85","15","390","671","0","58.12","43.22"
"64","000","00","020","2015","0000","2289","1724","565","105","2394","3689","0","64.9","46.73"
"64","000","00","020","2015","0430","743","567","176","38","781","1215","0","64.28","46.67"
"64","000","00","020","2015","0431","779","602","177","35","814","1255","0","64.86","47.97"
"64","000","00","020","2015","0432","767","555","212","32","799","1219","0","65.55","45.53"
"64","000","00","020","2016","0000","799","595","204","26","825","1372","0","60.13","43.37"
"64","000","00","020","2016","0433","799","595","204","26","825","1372","0","60.13","43.37"
"64","000","00","020","2017","0000","477","375","102","13","490","758","0","64.64","49.47"
"64","000","00","020","2017","0434","477","375","102","13","490","758","0","64.64","49.47"
"64","000","00","021","0000","0000","14309","10820","3489","785","15094","26012","29809","58.03","41.6"
"64","000","00","021","2101","0000","603","474","129","60","663","1152","0","57.55","41.15"
"64","000","00","021","2101","0333","603","474","129","60","663","1152","0","57.55","41.15"
"64","000","00","021","2102","0000","1269","984","285","57","1326","2094","0","63.32","46.99"
"64","000","00","021","2102","0334","661","509","152","14","675","1120","0","60.27","45.45"
"64","000","00","021","2102","0335","608","475","133","43","651","974","0","66.84","48.77"
"64","000","00","021","2103","0000","1697","1282","415","70","1767","3353","0","52.7","38.23"
"64","000","00","021","2103","0336","572","425","147","15","587","1019","0","57.61","41.71"
"64","000","00","021","2103","0337","580","439","141","31","611","1058","0","57.75","41.49"
"64","000","00","021","2103","0338","501","376","125","22","523","1017","0","51.43","36.97"
"64","000","00","021","2103","0339","44","42","2","2","46","259","0","17.76","16.22"
"64","000","00","021","2104","0000","1624","1267","357","76","1700","2652","0","64.1","47.78"
"64","000","00","021","2104","0340","587","459","128","34","621","926","0","67.06","49.57"
"64","000","00","021","2104","0341","339","264","75","14","353","624","0","56.57","42.31"
"64","000","00","021","2104","0342","698","544","154","28","726","1102","0","65.88","49.36"
"64","000","00","021","2105","0000","1308","976","332","71","1379","2433","0","56.68","40.12"
"64","000","00","021","2105","0343","564","433","131","19","583","1072","0","54.38","40.39"
"64","000","00","021","2105","0344","744","543","201","52","796","1361","0","58.49","39.9"
"64","000","00","021","2106","0000","267","220","47","23","290","472","0","61.44","46.61"
"64","000","00","021","2106","0345","267","220","47","23","290","472","0","61.44","46.61"
"64","000","00","021","2107","0000","1296","990","306","80","1376","2331","0","59.03","42.47"
"64","000","00","021","2107","0346","614","463","151","27","641","1197","0","53.55","38.68"
"64","000","00","021","2107","0347","682","527","155","53","735","1134","0","64.81","46.47"
"64","000","00","021","2108","0000","2105","1602","503","108","2213","3757","0","58.9","42.64"
"64","000","00","021","2108","0348","635","488","147","22","657","1148","0","57.23","42.51"
"64","000","00","021","2108","0349","606","469","137","49","655","1207","0","54.27","38.86"
"64","000","00","021","2108","0350","864","645","219","37","901","1402","0","64.27","46.01"
"64","000","00","021","2109","0000","1946","1323","623","96","2042","3401","0","60.04","38.9"
"64","000","00","021","2109","0351","573","314","259","37","610","1000","0","61.0","31.4"
"64","000","00","021","2109","0352","649","464","185","33","682","1110","0","61.44","41.8"
"64","000","00","021","2109","0353","724","545","179","26","750","1291","0","58.09","42.22"
"64","000","00","021","2110","0000","983","768","215","84","1067","1895","0","56.31","40.53"
"64","000","00","021","2110","0354","446","352","94","45","491","797","0","61.61","44.17"
"64","000","00","021","2110","0355","537","416","121","39","576","1098","0","52.46","37.89"
"64","000","00","021","2111","0000","1211","934","277","60","1271","2472","0","51.42","37.78"
"64","000","00","021","2111","0356","712","533","179","42","754","1393","0","54.13","38.26"
"64","000","00","021","2111","0357","499","401","98","18","517","1079","0","47.91","37.16"
"64","000","00","022","0000","0000","3076","2480","596","232","3308","6671","7196","49.59","37.18"
"64","000","00","022","2201","0000","160","131","29","3","163","369","0","44.17","35.5"
"64","000","00","022","2201","0237","160","131","29","3","163","369","0","44.17","35.5"
"64","000","00","022","2202","0000","401","324","77","21","422","1062","0","39.74","30.51"
"64","000","00","022","2202","0238","277","221","56","12","289","656","0","44.05","33.69"
"64","000","00","022","2202","0239","124","103","21","9","133","406","0","32.76","25.37"
"64","000","00","022","2203","0000","183","144","39","14","197","380","0","51.84","37.89"
"64","000","00","022","2203","0240","183","144","39","14","197","380","0","51.84","37.89"
"64","000","00","022","2204","0000","207","168","39","12","219","379","0","57.78","44.33"
"64","000","00","022","2204","0241","207","168","39","12","219","379","0","57.78","44.33"
"64","000","00","022","2205","0000","328","291","37","34","362","625","0","57.92","46.56"
"64","000","00","022","2205","0242","328","291","37","34","362","625","0","57.92","46.56"
"64","000","00","022","2206","0000","451","335","116","28","479","946","0","50.63","35.41"
"64","000","00","022","2206","0243","451","335","116","28","479","946","0","50.63","35.41"
"64","000","00","022","2207","0000","357","294","63","28","385","794","0","48.49","37.03"
"64","000","00","022","2207","0244","357","294","63","28","385","794","0","48.49","37.03"
"64","000","00","022","2208","0000","155","133","22","14","169","382","0","44.24","34.82"
"64","000","00","022","2208","0245","155","133","22","14","169","382","0","44.24","34.82"
"64","000","00","022","2209","0000","175","134","41","30","205","513","0","39.96","26.12"
"64","000","00","022","2209","0246","175","134","41","30","205","513","0","39.96","26.12"
"64","000","00","022","2210","0000","659","526","133","48","707","1221","0","57.9","43.08"
"64","000","00","022","2210","0247","318","261","57","13","331","601","0","55.07","43.43"
"64","000","00","022","2210","0248","341","265","76","35","376","620","0","60.65","42.74"
"64","000","00","023","0000","0000","13019","9799","3220","539","13558","24534","28676","55.26","39.94"
"64","000","00","023","2301","0000","626","445","181","17","643","1299","0","49.5","34.26"
"64","000","00","023","2301","0216","626","445","181","17","643","1299","0","49.5","34.26"
"64","000","00","023","2302","0000","1106","872","234","36","1142","2005","0","56.96","43.49"
"64","000","00","023","2302","0217","629","494","135","28","657","1107","0","59.35","44.63"
"64","000","00","023","2302","0218","477","378","99","8","485","898","0","54.01","42.09"
"64","000","00","023","2303","0000","635","483","152","57","692","1259","0","54.96","38.36"
"64","000","00","023","2303","0219","635","483","152","57","692","1259","0","54.96","38.36"
"64","000","00","023","2304","0000","1140","833","307","34","1174","2143","0","54.78","38.87"
"64","000","00","023","2304","0220","818","587","231","28","846","1579","0","53.58","37.18"
"64","000","00","023","2304","0221","322","246","76","6","328","564","0","58.16","43.62"
"64","000","00","023","2305","0000","461","350","111","35","496","768","0","64.58","45.57"
"64","000","00","023","2305","0222","461","350","111","35","496","768","0","64.58","45.57"
"64","000","00","023","2306","0000","2650","1999","651","85","2735","4886","0","55.98","40.91"
"64","000","00","023","2306","0223","616","475","141","27","643","1092","0","58.88","43.5"
"64","000","00","023","2306","0224","597","463","134","34","631","1099","0","57.42","42.13"
"64","000","00","023","2306","0225","632","467","165","14","646","1134","0","56.97","41.18"
"64","000","00","023","2306","0226","805","594","211","10","815","1561","0","52.21","38.05"
"64","000","00","023","2307","0000","1411","1012","399","73","1484","2649","0","56.02","38.2"
"64","000","00","023","2307","0227","853","600","253","51","904","1533","0","58.97","39.14"
"64","000","00","023","2307","0228","558","412","146","22","580","1116","0","51.97","36.92"
"64","000","00","023","2308","0000","1249","946","303","49","1298","2314","0","56.09","40.88"
"64","000","00","023","2308","0229","579","438","141","20","599","1054","0","56.83","41.56"
"64","000","00","023","2308","0230","670","508","162","29","699","1260","0","55.48","40.32"
"64","000","00","023","2309","0000","759","562","197","45","804","1504","0","53.46","37.37"
"64","000","00","023","2309","0231","759","562","197","45","804","1504","0","53.46","37.37"
"64","000","00","023","2310","0000","872","678","194","24","896","1671","0","53.62","40.57"
"64","000","00","023","2310","0232","427","329","98","8","435","848","0","51.3","38.8"
"64","000","00","023","2310","0233","445","349","96","16","461","823","0","56.01","42.41"
"64","000","00","023","2311","0000","581","485","96","26","607","1021","0","59.45","47.5"
"64","000","00","023","2311","0234","581","485","96","26","607","1021","0","59.45","47.5"
"64","000","00","023","2312","0000","1529","1134","395","58","1587","3015","0","52.64","37.61"
"64","000","00","023","2312","0235","859","616","243","26","885","1715","0","51.6","35.92"
"64","000","00","023","2312","0236","670","518","152","32","702","1300","0","54.0","39.85"
"64","000","00","024","0000","0000","25015","18878","6137","1185","26200","43850","52578","59.75","43.05"
"64","000","00","024","2401","0000","1789","1368","421","99","1888","3222","0","58.6","42.46"
"64","000","00","024","2401","0175","550","434","116","15","565","1026","0","55.07","42.3"
"64","000","00","024","2401","0176","592","459","133","40","632","1069","0","59.12","42.94"
"64","000","00","024","2401","0177","647","475","172","44","691","1127","0","61.31","42.15"
"64","000","00","024","2402","0000","651","517","134","32","683","1179","0","57.93","43.85"
"64","000","00","024","2402","0178","651","517","134","32","683","1179","0","57.93","43.85"
"64","000","00","024","2403","0000","659","509","150","43","702","1237","0","56.75","41.15"
"64","000","00","024","2403","0179","659","509","150","43","702","1237","0","56.75","41.15"
"64","000","00","024","2404","0000","621","462","159","37","658","1096","0","60.04","42.15"
"64","000","00","024","2404","0180","621","462","159","37","658","1096","0","60.04","42.15"
"64","000","00","024","2405","0000","769","600","169","42","811","1272","0","63.76","47.17"
"64","000","00","024","2405","0181","769","600","169","42","811","1272","0","63.76","47.17"
"64","000","00","024","2406","0000","1304","1026","278","57","1361","2309","0","58.94","44.43"
"64","000","00","024","2406","0182","673","520","153","32","705","1182","0","59.64","43.99"
"64","000","00","024","2406","0183","631","506","125","25","656","1127","0","58.21","44.9"
"64","000","00","024","2407","0000","1186","875","311","61","1247","2088","0","59.72","41.91"
"64","000","00","024","2407","0184","551","415","136","26","577","956","0","60.36","43.41"
"64","000","00","024","2407","0185","635","460","175","35","670","1132","0","59.19","40.64"
"64","000","00","024","2408","0000","1817","1366","451","107","1924","3333","0","57.73","40.98"
"64","000","00","024","2408","0186","602","444","158","56","658","1025","0","64.2","43.32"
"64","000","00","024","2408","0187","551","420","131","18","569","1007","0","56.5","41.71"
"64","000","00","024","2408","0188","664","502","162","33","697","1301","0","53.57","38.59"
"64","000","00","024","2409","0000","1473","1107","366","54","1527","2652","0","57.58","41.74"
"64","000","00","024","2409","0189","511","378","133","22","533","885","0","60.23","42.71"
"64","000","00","024","2409","0190","417","316","101","10","427","837","0","51.02","37.75"
"64","000","00","024","2409","0191","545","413","132","22","567","930","0","60.97","44.41"
"64","000","00","024","2410","0000","983","740","243","52","1035","1804","0","57.37","41.02"
"64","000","00","024","2410","0192","396","295","101","25","421","781","0","53.91","37.77"
"64","000","00","024","2410","0193","587","445","142","27","614","1023","0","60.02","43.5"
"64","000","00","024","2411","0000","1924","1432","492","85","2009","3400","0","59.09","42.12"
"64","000","00","024","2411","0194","1014","753","261","50","1064","1763","0","60.35","42.71"
"64","000","00","024","2411","0195","910","679","231","35","945","1637","0","57.73","41.48"
"64","000","00","024","2412","0000","1296","983","313","58","1354","2247","0","60.26","43.75"
"64","000","00","024","2412","0196","604","461","143","23","627","1070","0","58.6","43.08"
"64","000","00","024","2412","0197","692","522","170","35","727","1177","0","61.77","44.35"
"64","000","00","024","2413","0000","1723","1295","428","80","1803","3050","0","59.11","42.46"
"64","000","00","024","2413","0198","575","423","152","24","599","1007","0","59.48","42.01"
"64","000","00","024","2413","0199","577","427","150","26","603","1026","0","58.77","41.62"
"64","000","00","024","2413","0200","571","445","126","30","601","1017","0","59.1","43.76"
"64","000","00","024","2414","0000","1352","998","354","54","1406","2353","0","59.75","42.41"
"64","000","00","024","2414","0201","712","524","188","23","735","1264","0","58.15","41.46"
"64","000","00","024","2414","0202","640","474","166","31","671","1089","0","61.62","43.53"
"64","000","00","024","2415","0000","472","355","117","28","500","851","0","58.75","41.72"
"64","000","00","024","2415","0203","472","355","117","28","500","851","0","58.75","41.72"
"64","000","00","024","2416","0000","1214","904","310","42","1256","1948","0","64.48","46.41"
"64","000","00","024","2416","0204","614","442","172","26","640","1011","0","63.3","43.72"
"64","000","00","024","2416","0205","600","462","138","16","616","937","0","65.74","49.31"
"64","000","00","024","2417","0000","992","735","257","31","1023","1730","0","59.13","42.49"
"64","000","00","024","2417","0206","412","323","89","12","424","820","0","51.71","39.39"
"64","000","00","024","2417","0207","580","412","168","19","599","910","0","65.82","45.27"
"64","000","00","024","2418","0000","460","342","118","34","494","867","0","56.98","39.45"
"64","000","00","024","2418","0208","460","342","118","34","494","867","0","56.98","39.45"
"64","000","00","024","2419","0000","1590","1180","410","77","1667","2737","0","60.91","43.11"
"64","000","00","024","2419","0209","532","405","127","33","565","937","0","60.3","43.22"
"64","000","00","024","2419","0210","525","369","156","14","539","900","0","59.89","41.0"
"64","000","00","024","2419","0211","533","406","127","30","563","900","0","62.56","45.11"
"64","000","00","024","2420","0000","2740","2084","656","112","2852","4475","0","63.73","46.57"
"64","000","00","024","2420","0212","544","422","122","26","570","918","0","62.09","45.97"
"64","000","00","024","2420","0213","541","409","132","27","568","870","0","65.29","47.01"
"64","000","00","024","2420","0214","704","518","186","22","726","1150","0","63.13","45.04"
"64","000","00","024","2420","0215","951","735","216","37","988","1537","0","64.28","47.82"
"64","000","00","025","0000","0000","14045","10650","3395","622","14667","25729","29812","57.01","41.39"
"64","000","00","025","2501","0000","590","474","116","25","615","1112","0","55.31","42.63"
"64","000","00","025","2501","0151","590","474","116","25","615","1112","0","55.31","42.63"
"64","000","00","025","2502","0000","552","425","127","41","593","1017","0","58.31","41.79"
"64","000","00","025","2502","0152","552","425","127","41","593","1017","0","58.31","41.79"
"64","000","00","025","2503","0000","421","297","124","16","437","796","0","54.9","37.31"
"64","000","00","025","2503","0153","421","297","124","16","437","796","0","54.9","37.31"
"64","000","00","025","2504","0000","1303","956","347","38","1341","2194","0","61.12","43.57"
"64","000","00","025","2504","0154","654","480","174","23","677","1079","0","62.74","44.49"
"64","000","00","025","2504","0155","649","476","173","15","664","1115","0","59.55","42.69"
"64","000","00","025","2505","0000","1384","1051","333","45","1429","2630","0","54.33","39.96"
"64","000","00","025","2505","0156","696","533","163","24","720","1311","0","54.92","40.66"
"64","000","00","025","2505","0157","688","518","170","21","709","1319","0","53.75","39.27"
"64","000","00","025","2506","0000","2187","1679","508","139","2326","3634","0","64.01","46.2"
"64","000","00","025","2506","0158","757","583","174","33","790","1244","0","63.5","46.86"
"64","000","00","025","2506","0159","752","581","171","68","820","1227","0","66.83","47.35"
"64","000","00","025","2506","0160","678","515","163","38","716","1163","0","61.56","44.28"
"64","000","00","025","2507","0000","581","455","126","16","597","981","0","60.86","46.38"
"64","000","00","025","2507","0161","581","455","126","16","597","981","0","60.86","46.38"
"64","000","00","025","2508","0000","2105","1593","512","87","2192","3680","0","59.57","43.29"
"64","000","00","025","2508","0162","417","315","102","18","435","780","0","55.77","40.38"
"64","000","00","025","2508","0163","457","367","90","30","487","832","0","58.53","44.11"
"64","000","00","025","2508","0164","617","468","149","25","642","1017","0","63.13","46.02"
"64","000","00","025","2508","0165","614","443","171","14","628","1051","0","59.75","42.15"
"64","000","00","025","2509","0000","990","779","211","43","1033","1804","0","57.26","43.18"
"64","000","00","025","2509","0166","526","411","115","19","545","941","0","57.92","43.68"
"64","000","00","025","2509","0167","464","368","96","24","488","863","0","56.55","42.64"
"64","000","00","025","2510","0000","602","433","169","34","636","1160","0","54.83","37.33"
"64","000","00","025","2510","0168","602","433","169","34","636","1160","0","54.83","37.33"
"64","000","00","025","2511","0000","1104","801","303","50","1154","2212","0","52.17","36.21"
"64","000","00","025","2511","0169","483","356","127","16","499","1090","0","45.78","32.66"
"64","000","00","025","2511","0170","621","445","176","34","655","1122","0","58.38","39.66"
"64","000","00","025","2512","0000","542","411","131","24","566","1123","0","50.4","36.6"
"64","000","00","025","2512","0171","542","411","131","24","566","1123","0","50.4","36.6"
"64","000","00","025","2513","0000","375","296","79","18","393","684","0","57.46","43.27"
"64","000","00","025","2513","0172","375","296","79","18","393","684","0","57.46","43.27"
"64","000","00","025","2514","0000","1309","1000","309","46","1355","2702","0","50.15","37.01"
"64","000","00","025","2514","0173","616","480","136","16","632","1249","0","50.6","38.43"
"64","000","00","025","2514","0174","693","520","173","30","723","1453","0","49.76","35.79"
"64","000","00","026","0000","0000","13749","10434","3315","700","14449","26212","30055","55.12","39.81"
"64","000","00","026","2601","0000","483","367","116","11","494","976","0","50.61","37.6"
"64","000","00","026","2601","0130","483","367","116","11","494","976","0","50.61","37.6"
"64","000","00","026","2602","0000","452","336","116","36","488","887","0","55.02","37.88"
"64","000","00","026","2602","0131","452","336","116","36","488","887","0","55.02","37.88"
"64","000","00","026","2603","0000","893","678","215","20","913","1710","0","53.39","39.65"
"64","000","00","026","2603","0132","893","678","215","20","913","1710","0","53.39","39.65"
"64","000","00","026","2604","0000","2119","1598","521","51","2170","3751","0","57.85","42.6"
"64","000","00","026","2604","0133","610","458","152","20","630","1280","0","49.22","35.78"
"64","000","00","026","2604","0134","788","607","181","17","805","1314","0","61.26","46.19"
"64","000","00","026","2604","0135","721","533","188","14","735","1157","0","63.53","46.07"
"64","000","00","026","2605","0000","935","691","244","57","992","1785","0","55.57","38.71"
"64","000","00","026","2605","0136","935","691","244","57","992","1785","0","55.57","38.71"
"64","000","00","026","2606","0000","591","434","157","39","630","1139","0","55.31","38.1"
"64","000","00","026","2606","0142","591","434","157","39","630","1139","0","55.31","38.1"
"64","000","00","026","2607","0000","1619","1246","373","118","1737","2961","0","58.66","42.08"
"64","000","00","026","2607","0143","710","544","166","64","774","1363","0","56.79","39.91"
"64","000","00","026","2607","0144","909","702","207","54","963","1598","0","60.26","43.93"
"64","000","00","026","2608","0000","429","347","82","19","448","925","0","48.43","37.51"
"64","000","00","026","2608","0146","429","347","82","19","448","925","0","48.43","37.51"
"64","000","00","026","2609","0000","569","441","128","29","598","1111","0","53.83","39.69"
"64","000","00","026","2609","0145","569","441","128","29","598","1111","0","53.83","39.69"
"64","000","00","026","2610","0000","594","455","139","33","627","1148","0","54.62","39.63"
"64","000","00","026","2610","0147","594","455","139","33","627","1148","0","54.62","39.63"
"64","000","00","026","2611","0000","1240","947","293","75","1315","2087","0","63.01","45.38"
"64","000","00","026","2611","0137","456","353","103","33","489","838","0","58.35","42.12"
"64","000","00","026","2611","0138","784","594","190","42","826","1249","0","66.13","47.56"
"64","000","00","026","2612","0000","580","432","148","38","618","1116","0","55.38","38.71"
"64","000","00","026","2612","0139","580","432","148","38","618","1116","0","55.38","38.71"
"64","000","00","026","2613","0000","487","355","132","38","525","978","0","53.68","36.3"
"64","000","00","026","2613","0140","487","355","132","38","525","978","0","53.68","36.3"
"64","000","00","026","2614","0000","532","417","115","23","555","1125","0","49.33","37.07"
"64","000","00","026","2614","0141","532","417","115","23","555","1125","0","49.33","37.07"
"64","000","00","026","2615","0000","2226","1690","536","113","2339","4513","0","51.83","37.45"
"64","000","00","026","2615","0148","675","516","159","26","701","1353","0","51.81","38.14"
"64","000","00","026","2615","0149","689","549","140","47","736","1331","0","55.3","41.25"
"64","000","00","026","2615","0150","862","625","237","40","902","1829","0","49.32","34.17"
"64","000","00","027","0000","0000","7281","5565","1716","367","7648","12001","13888","63.73","46.37"
"64","000","00","027","2701","0000","974","744","230","56","1030","1574","0","65.44","47.27"
"64","000","00","027","2701","0249","477","366","111","28","505","756","0","66.8","48.41"
"64","000","00","027","2701","0250","497","378","119","28","525","818","0","64.18","46.21"
"64","000","00","027","2702","0000","1147","881","266","70","1217","1817","0","66.98","48.49"
"64","000","00","027","2702","0251","575","439","136","26","601","866","0","69.4","50.69"
"64","000","00","027","2702","0252","572","442","130","44","616","951","0","64.77","46.48"
"64","000","00","027","2703","0000","1317","1014","303","68","1385","2339","0","59.21","43.35"
"64","000","00","027","2703","0253","598","459","139","41","639","992","0","64.42","46.27"
"64","000","00","027","2703","0254","327","247","80","12","339","682","0","49.71","36.22"
"64","000","00","027","2703","0255","392","308","84","15","407","665","0","61.2","46.32"
"64","000","00","027","2704","0000","208","145","63","4","212","371","0","57.14","39.08"
"64","000","00","027","2704","0256","208","145","63","4","212","371","0","57.14","39.08"
"64","000","00","027","2705","0000","1552","1204","348","73","1625","2532","0","64.18","47.55"
"64","000","00","027","2705","0257","692","537","155","46","738","1114","0","66.25","48.2"
"64","000","00","027","2705","0258","860","667","193","27","887","1418","0","62.55","47.04"
"64","000","00","027","2706","0000","2083","1577","506","96","2179","3368","0","64.7","46.82"
"64","000","00","027","2706","0259","941","732","209","43","984","1477","0","66.62","49.56"
"64","000","00","027","2706","0260","1142","845","297","53","1195","1891","0","63.19","44.69"
"64","000","00","028","0000","0000","9879","7695","2184","469","10348","16487","19266","62.76","46.67"
"64","000","00","028","2801","0000","716","558","158","41","757","1246","0","60.75","44.78"
"64","000","00","028","2801","0358","716","558","158","41","757","1246","0","60.75","44.78"
"64","000","00","028","2802","0000","1159","896","263","55","1214","1840","0","65.98","48.7"
"64","000","00","028","2802","0359","533","412","121","24","557","885","0","62.94","46.55"
"64","000","00","028","2802","0360","626","484","142","31","657","955","0","68.8","50.68"
"64","000","00","028","2803","0000","297","211","86","25","322","534","0","60.3","39.51"
"64","000","00","028","2803","0361","297","211","86","25","322","534","0","60.3","39.51"
"64","000","00","028","2804","0000","428","343","85","24","452","738","0","61.25","46.48"
"64","000","00","028","2804","0362","428","343","85","24","452","738","0","61.25","46.48"
"64","000","00","028","2805","0000","1113","869","244","42","1155","1732","0","66.69","50.17"
"64","000","00","028","2805","0363","564","442","122","22","586","855","0","68.54","51.7"
"64","000","00","028","2805","0364","549","427","122","20","569","877","0","64.88","48.69"
"64","000","00","028","2806","0000","962","759","203","45","1007","1589","0","63.37","47.77"
"64","000","00","028","2806","0365","478","380","98","32","510","781","0","65.3","48.66"
"64","000","00","028","2806","0366","484","379","105","13","497","808","0","61.51","46.91"
"64","000","00","028","2807","0000","925","712","213","50","975","1729","0","56.39","41.18"
"64","000","00","028","2807","0367","452","352","100","19","471","904","0","52.1","38.94"
"64","000","00","028","2807","0368","473","360","113","31","504","825","0","61.09","43.64"
"64","000","00","028","2808","0000","1223","937","286","57","1280","2037","0","62.84","46.0"
"64","000","00","028","2808","0370","582","425","157","22","604","1013","0","59.62","41.95"
"64","000","00","028","2808","0371","641","512","129","35","676","1024","0","66.02","50.0"
"64","000","00","028","2809","0000","512","399","113","28","540","941","0","57.39","42.4"
"64","000","00","028","2809","0369","512","399","113","28","540","941","0","57.39","42.4"
"64","000","00","028","2810","0000","464","370","94","10","474","861","0","55.05","42.97"
"64","000","00","028","2810","0372","464","370","94","10","474","861","0","55.05","42.97"
"64","000","00","028","2811","0000","694","515","179","41","735","1163","0","63.2","44.28"
"64","000","00","028","2811","0373","694","515","179","41","735","1163","0","63.2","44.28"
"64","000","00","028","2812","0000","1386","1126","260","51","1437","2077","0","69.19","54.21"
"64","000","00","028","2812","0374","781","637","144","27","808","1216","0","66.45","52.38"
"64","000","00","028","2812","0375","605","489","116","24","629","861","0","73.05","56.79"
"64","000","00","029","0000","0000","18145","14003","4142","719","18864","31025","35896","60.8","45.13"
"64","000","00","029","2901","0000","1257","978","279","71","1328","2124","0","62.52","46.05"
"64","000","00","029","2901","0376","654","525","129","34","688","1061","0","64.84","49.48"
"64","000","00","029","2901","0377","603","453","150","37","640","1063","0","60.21","42.62"
"64","000","00","029","2902","0000","1162","855","307","39","1201","2047","0","58.67","41.77"
"64","000","00","029","2902","0378","583","428","155","27","610","969","0","62.95","44.17"
"64","000","00","029","2902","0379","579","427","152","12","591","1078","0","54.82","39.61"
"64","000","00","029","2903","0000","1392","1056","336","56","1448","2231","0","64.9","47.33"
"64","000","00","029","2903","0380","507","372","135","23","530","838","0","63.25","44.39"
"64","000","00","029","2903","0381","398","313","85","12","410","611","0","67.1","51.23"
"64","000","00","029","2903","0382","487","371","116","21","508","782","0","64.96","47.44"
"64","000","00","029","2904","0000","908","700","208","44","952","1451","0","65.61","48.24"
"64","000","00","029","2904","0383","908","700","208","44","952","1451","0","65.61","48.24"
"64","000","00","029","2905","0000","659","494","165","19","678","1144","0","59.27","43.18"
"64","000","00","029","2905","0384","659","494","165","19","678","1144","0","59.27","43.18"
"64","000","00","029","2906","0000","985","771","214","43","1028","1827","0","56.27","42.2"
"64","000","00","029","2906","0389","588","473","115","25","613","1112","0","55.13","42.54"
"64","000","00","029","2906","0390","397","298","99","18","415","715","0","58.04","41.68"
"64","000","00","029","2907","0000","1286","1036","250","80","1366","2072","0","65.93","50.0"
"64","000","00","029","2907","0394","674","544","130","36","710","1052","0","67.49","51.71"
"64","000","00","029","2907","0395","612","492","120","44","656","1020","0","64.31","48.24"
"64","000","00","029","2908","0000","1588","1254","334","41","1629","2855","0","57.06","43.92"
"64","000","00","029","2908","0396","713","572","141","26","739","1260","0","58.65","45.4"
"64","000","00","029","2908","0397","875","682","193","15","890","1595","0","55.8","42.76"
"64","000","00","029","2909","0000","1473","1076","397","32","1505","2361","0","63.74","45.57"
"64","000","00","029","2909","0398","495","391","104","18","513","829","0","61.88","47.17"
"64","000","00","029","2909","0399","978","685","293","14","992","1532","0","64.75","44.71"
"64","000","00","029","2910","0000","532","409","123","11","543","975","0","55.69","41.95"
"64","000","00","029","2910","0385","532","409","123","11","543","975","0","55.69","41.95"
"64","000","00","029","2911","0000","2143","1640","503","85","2228","3608","0","61.75","45.45"
"64","000","00","029","2911","0386","769","599","170","31","800","1317","0","60.74","45.48"
"64","000","00","029","2911","0387","740","560","180","29","769","1218","0","63.14","45.98"
"64","000","00","029","2911","0388","634","481","153","25","659","1073","0","61.42","44.83"
"64","000","00","029","2912","0000","1283","990","293","49","1332","2250","0","59.2","44.0"
"64","000","00","029","2912","0391","737","577","160","24","761","1311","0","58.05","44.01"
"64","000","00","029","2912","0392","546","413","133","25","571","939","0","60.81","43.98"
"64","000","00","029","2913","0000","504","387","117","16","520","824","0","63.11","46.97"
"64","000","00","029","2913","0393","504","387","117","16","520","824","0","63.11","46.97"
"64","000","00","029","2914","0000","1398","1116","282","77","1475","2338","0","63.09","47.73"
"64","000","00","029","2914","0400","723","572","151","41","764","1195","0","63.93","47.87"
"64","000","00","029","2914","0401","675","544","131","36","711","1143","0","62.2","47.59"
"64","000","00","029","2915","0000","1575","1241","334","56","1631","2918","0","55.89","42.53"
"64","000","00","029","2915","0402","714","568","146","35","749","1186","0","63.15","47.89"
"64","000","00","029","2915","0403","861","673","188","21","882","1732","0","50.92","38.86"
"64","000","00","030","0000","0000","17377","13439","3938","982","18359","31996","36695","57.38","42.0"
"64","000","00","030","3001","0000","1172","900","272","57","1229","2185","0","56.25","41.19"
"64","000","00","030","3001","0060","609","460","149","32","641","1060","0","60.47","43.4"
"64","000","00","030","3001","0061","563","440","123","25","588","1125","0","52.27","39.11"
"64","000","00","030","3002","0000","1396","1054","342","51","1447","2338","0","61.89","45.08"
"64","000","00","030","3002","0062","655","496","159","26","681","1100","0","61.91","45.09"
"64","000","00","030","3002","0063","741","558","183","25","766","1238","0","61.87","45.07"
"64","000","00","030","3003","0000","902","695","207","38","940","1660","0","56.63","41.87"
"64","000","00","030","3003","0064","532","422","110","18","550","933","0","58.95","45.23"
"64","000","00","030","3003","0065","370","273","97","20","390","727","0","53.65","37.55"
"64","000","00","030","3004","0000","970","749","221","41","1011","1815","0","55.7","41.27"
"64","000","00","030","3004","0066","591","460","131","19","610","1071","0","56.96","42.95"
"64","000","00","030","3004","0067","379","289","90","22","401","744","0","53.9","38.84"
"64","000","00","030","3005","0000","747","594","153","28","775","1469","0","52.76","40.44"
"64","000","00","030","3005","0068","556","437","119","20","576","1100","0","52.36","39.73"
"64","000","00","030","3005","0069","191","157","34","8","199","369","0","53.93","42.55"
"64","000","00","030","3006","0000","651","529","122","21","672","1398","0","48.07","37.84"
"64","000","00","030","3006","0070","418","347","71","11","429","888","0","48.31","39.08"
"64","000","00","030","3006","0071","233","182","51","10","243","510","0","47.65","35.69"
"64","000","00","030","3007","0000","577","466","111","73","650","1042","0","62.38","44.72"
"64","000","00","030","3007","0072","577","466","111","73","650","1042","0","62.38","44.72"
"64","000","00","030","3008","0000","409","334","75","31","440","791","0","55.63","42.23"
"64","000","00","030","3008","0073","409","334","75","31","440","791","0","55.63","42.23"
"64","000","00","030","3009","0000","1205","954","251","75","1280","2157","0","59.34","44.23"
"64","000","00","030","3009","0074","523","409","114","47","570","939","0","60.7","43.56"
"64","000","00","030","3009","0075","682","545","137","28","710","1218","0","58.29","44.75"
"64","000","00","030","3010","0000","81","69","12","18","99","178","0","55.62","38.76"
"64","000","00","030","3010","0076","81","69","12","18","99","178","0","55.62","38.76"
"64","000","00","030","3011","0000","1104","834","270","66","1170","1971","0","59.36","42.31"
"64","000","00","030","3011","0077","553","424","129","37","590","946","0","62.37","44.82"
"64","000","00","030","3011","0078","551","410","141","29","580","1025","0","56.59","40.0"
"64","000","00","030","3012","0000","593","457","136","41","634","1040","0","60.96","43.94"
"64","000","00","030","3012","0079","593","457","136","41","634","1040","0","60.96","43.94"
"64","000","00","030","3013","0000","891","681","210","52","943","1563","0","60.33","43.57"
"64","000","00","030","3013","0080","550","418","132","37","587","900","0","65.22","46.44"
"64","000","00","030","3013","0081","341","263","78","15","356","663","0","53.7","39.67"
"64","000","00","030","3014","0000","1100","830","270","45","1145","2014","0","56.85","41.21"
"64","000","00","030","3014","0082","523","399","124","21","544","954","0","57.02","41.82"
"64","000","00","030","3014","0083","577","431","146","24","601","1060","0","56.7","40.66"
"64","000","00","030","3015","0000","1871","1408","463","104","1975","3323","0","59.43","42.37"
"64","000","00","030","3015","0084","640","479","161","38","678","1110","0","61.08","43.15"
"64","000","00","030","3015","0085","595","438","157","36","631","1062","0","59.42","41.24"
"64","000","00","030","3015","0086","636","491","145","30","666","1151","0","57.86","42.66"
"64","000","00","030","3016","0000","1168","915","253","60","1228","2206","0","55.67","41.48"
"64","000","00","030","3016","0087","153","119","34","13","166","266","0","62.41","44.74"
"64","000","00","030","3016","0088","373","291","82","16","389","633","0","61.45","45.97"
"64","000","00","030","3016","0089","642","505","137","31","673","1307","0","51.49","38.64"
"64","000","00","030","3017","0000","402","304","98","34","436","754","0","57.82","40.32"
"64","000","00","030","3017","0090","402","304","98","34","436","754","0","57.82","40.32"
"64","000","00","030","3018","0000","675","534","141","78","753","1296","0","58.1","41.2"
"64","000","00","030","3018","0091","675","534","141","78","753","1296","0","58.1","41.2"
"64","000","00","030","3019","0000","377","282","95","15","392","839","0","46.72","33.61"
"64","000","00","030","3019","0092","377","282","95","15","392","839","0","46.72","33.61"
"64","000","00","030","3020","0000","729","570","159","38","767","1329","0","57.71","42.89"
"64","000","00","030","3020","0093","729","570","159","38","767","1329","0","57.71","42.89"
"64","000","00","030","3021","0000","357","280","77","16","373","628","0","59.39","44.59"
"64","000","00","030","3021","0094","357","280","77","16","373","628","0","59.39","44.59"
"64","000","00","031","0000","0000","18314","14658","3656","1282","19596","35311","39630","55.5","41.51"
"64","000","00","031","3101","0000","1334","1054","280","94","1428","2613","0","54.65","40.34"
"64","000","00","031","3101","0095","624","492","132","66","690","1175","0","58.72","41.87"
"64","000","00","031","3101","0096","710","562","148","28","738","1438","0","51.32","39.08"
"64","000","00","031","3102","0000","1248","1006","242","82","1330","2416","0","55.05","41.64"
"64","000","00","031","3102","0097","477","394","83","36","513","989","0","51.87","39.84"
"64","000","00","031","3102","0098","771","612","159","46","817","1427","0","57.25","42.89"
"64","000","00","031","3103","0000","1405","1117","288","115","1520","2572","0","59.1","43.43"
"64","000","00","031","3103","0099","690","548","142","57","747","1309","0","57.07","41.86"
"64","000","00","031","3103","0100","715","569","146","58","773","1263","0","61.2","45.05"
"64","000","00","031","3104","0000","1156","934","222","73","1229","2061","0","59.63","45.32"
"64","000","00","031","3104","0101","584","481","103","29","613","997","0","61.48","48.24"
"64","000","00","031","3104","0102","572","453","119","44","616","1064","0","57.89","42.58"
"64","000","00","031","3105","0000","786","611","175","50","836","1498","0","55.81","40.79"
"64","000","00","031","3105","0103","786","611","175","50","836","1498","0","55.81","40.79"
"64","000","00","031","3106","0000","1166","938","228","99","1265","2150","0","58.84","43.63"
"64","000","00","031","3106","0104","608","479","129","50","658","1119","0","58.8","42.81"
"64","000","00","031","3106","0105","558","459","99","49","607","1031","0","58.87","44.52"
"64","000","00","031","3107","0000","1272","1007","265","102","1374","2508","0","54.78","40.15"
"64","000","00","031","3107","0106","706","555","151","59","765","1437","0","53.24","38.62"
"64","000","00","031","3107","0107","566","452","114","43","609","1071","0","56.86","42.2"
"64","000","00","031","3108","0000","730","607","123","39","769","1462","0","52.6","41.52"
"64","000","00","031","3108","0108","385","327","58","13","398","687","0","57.93","47.6"
"64","000","00","031","3108","0109","345","280","65","26","371","775","0","47.87","36.13"
"64","000","00","031","3109","0000","657","551","106","40","697","1353","0","51.52","40.72"
"64","000","00","031","3109","0110","657","551","106","40","697","1353","0","51.52","40.72"
"64","000","00","031","3110","0000","572","452","120","24","596","1191","0","50.04","37.95"
"64","000","00","031","3110","0111","572","452","120","24","596","1191","0","50.04","37.95"
"64","000","00","031","3111","0000","1102","888","214","56","1158","2084","0","55.57","42.61"
"64","000","00","031","3111","0112","438","355","83","25","463","906","0","51.1","39.18"
"64","000","00","031","3111","0113","664","533","131","31","695","1178","0","59.0","45.25"
"64","000","00","031","3112","0000","616","499","117","26","642","1252","0","51.28","39.86"
"64","000","00","031","3112","0114","616","499","117","26","642","1252","0","51.28","39.86"
"64","000","00","031","3113","0000","859","704","155","30","889","1549","0","57.39","45.45"
"64","000","00","031","3113","0115","859","704","155","30","889","1549","0","57.39","45.45"
"64","000","00","031","3114","0000","1144","926","218","69","1213","2204","0","55.04","42.01"
"64","000","00","031","3114","0116","546","459","87","30","576","1088","0","52.94","42.19"
"64","000","00","031","3114","0117","598","467","131","39","637","1116","0","57.08","41.85"
"64","000","00","031","3115","0000","975","753","222","65","1040","1793","0","58.0","42.0"
"64","000","00","031","3115","0118","508","396","112","19","527","977","0","53.94","40.53"
"64","000","00","031","3115","0119","467","357","110","46","513","816","0","62.87","43.75"
"64","000","00","031","3116","0000","923","750","173","76","999","1898","0","52.63","39.52"
"64","000","00","031","3116","0120","424","350","74","22","446","955","0","46.7","36.65"
"64","000","00","031","3116","0121","499","400","99","54","553","943","0","58.64","42.42"
"64","000","00","031","3117","0000","699","554","145","45","744","1371","0","54.27","40.41"
"64","000","00","031","3117","0122","699","554","145","45","744","1371","0","54.27","40.41"
"64","000","00","031","3118","0000","984","764","220","101","1085","1834","0","59.16","41.66"
"64","000","00","031","3118","0123","466","352","114","51","517","919","0","56.26","38.3"
"64","000","00","031","3118","0124","518","412","106","50","568","915","0","62.08","45.03"
"64","000","00","031","3119","0000","686","543","143","96","782","1502","0","52.06","36.15"
"64","000","00","031","3119","0125","403","324","79","57","460","828","0","55.56","39.13"
"64","000","00","031","3119","0126","283","219","64","39","322","674","0","47.77","32.49"
"64","000","00","032","0000","0000","5046","4006","1040","481","5527","11501","12984","48.06","34.83"
"64","000","00","032","3201","0000","356","271","85","31","387","760","0","50.92","35.66"
"64","000","00","032","3201","0020","356","271","85","31","387","760","0","50.92","35.66"
"64","000","00","032","3202","0000","289","234","55","19","308","666","0","46.25","35.14"
"64","000","00","032","3202","0021","289","234","55","19","308","666","0","46.25","35.14"
"64","000","00","032","3203","0000","377","301","76","35","412","704","0","58.52","42.76"
"64","000","00","032","3203","0022","377","301","76","35","412","704","0","58.52","42.76"
"64","000","00","032","3204","0000","476","385","91","38","514","1003","0","51.25","38.38"
"64","000","00","032","3204","0023","476","385","91","38","514","1003","0","51.25","38.38"
"64","000","00","032","3205","0000","566","464","102","98","664","1382","0","48.05","33.57"
"64","000","00","032","3205","0024","566","464","102","98","664","1382","0","48.05","33.57"
"64","000","00","032","3206","0000","370","286","84","45","415","986","0","42.09","29.01"
"64","000","00","032","3206","0025","370","286","84","45","415","986","0","42.09","29.01"
"64","000","00","032","3207","0000","494","380","114","42","536","1046","0","51.24","36.33"
"64","000","00","032","3207","0026","494","380","114","42","536","1046","0","51.24","36.33"
"64","000","00","032","3208","0000","349","267","82","35","384","812","0","47.29","32.88"
"64","000","00","032","3208","0027","349","267","82","35","384","812","0","47.29","32.88"
"64","000","00","032","3209","0000","622","494","128","40","662","1431","0","46.26","34.52"
"64","000","00","032","3209","0028","622","494","128","40","662","1431","0","46.26","34.52"
"64","000","00","032","3210","0000","442","369","73","46","488","912","0","53.51","40.46"
"64","000","00","032","3210","0029","442","369","73","46","488","912","0","53.51","40.46"
"64","000","00","032","3211","0000","578","448","130","34","612","1472","0","41.58","30.43"
"64","000","00","032","3211","0030","578","448","130","34","612","1472","0","41.58","30.43"
"64","000","00","032","3212","0000","127","107","20","18","145","327","0","44.34","32.72"
"64","000","00","032","3212","0031","127","107","20","18","145","327","0","44.34","32.72"
"64","000","00","033","0000","0000","2510","1987","523","249","2759","5417","6051","50.93","36.68"
"64","000","00","033","3301","0000","182","142","40","9","191","472","0","40.47","30.08"
"64","000","00","033","3301","0013","182","142","40","9","191","472","0","40.47","30.08"
"64","000","00","033","3302","0000","513","406","107","49","562","882","0","63.72","46.03"
"64","000","00","033","3302","0014","513","406","107","49","562","882","0","63.72","46.03"
"64","000","00","033","3303","0000","332","271","61","29","361","668","0","54.04","40.57"
"64","000","00","033","3303","0015","332","271","61","29","361","668","0","54.04","40.57"
"64","000","00","033","3304","0000","694","532","162","101","795","1581","0","50.28","33.65"
"64","000","00","033","3304","0016","694","532","162","101","795","1581","0","50.28","33.65"
"64","000","00","033","3305","0000","259","205","54","11","270","673","0","40.12","30.46"
"64","000","00","033","3305","0017","259","205","54","11","270","673","0","40.12","30.46"
"64","000","00","033","3306","0000","262","222","40","34","296","607","0","48.76","36.57"
"64","000","00","033","3306","0018","262","222","40","34","296","607","0","48.76","36.57"
"64","000","00","033","3307","0000","268","209","59","16","284","534","0","53.18","39.14"
"64","000","00","033","3307","0019","268","209","59","16","284","534","0","53.18","39.14"
"64","000","00","034","0000","0000","4701","3781","920","329","5030","10607","11828","47.42","35.65"
"64","000","00","034","3401","0000","285","223","62","32","317","640","0","49.53","34.84"
"64","000","00","034","3401","0032","285","223","62","32","317","640","0","49.53","34.84"
"64","000","00","034","3402","0000","303","258","45","31","334","696","0","47.99","37.07"
"64","000","00","034","3402","0033","303","258","45","31","334","696","0","47.99","37.07"
"64","000","00","034","3403","0000","478","405","73","21","499","1284","0","38.86","31.54"
"64","000","00","034","3403","0034","478","405","73","21","499","1284","0","38.86","31.54"
"64","000","00","034","3404","0000","663","541","122","43","706","1509","0","46.79","35.85"
"64","000","00","034","3404","0035","434","349","85","25","459","1027","0","44.69","33.98"
"64","000","00","034","3404","0036","229","192","37","18","247","482","0","51.24","39.83"
"64","000","00","034","3405","0000","841","644","197","71","912","1627","0","56.05","39.58"
"64","000","00","034","3405","0037","841","644","197","71","912","1627","0","56.05","39.58"
"64","000","00","034","3406","0000","737","606","131","25","762","1630","0","46.75","37.18"
"64","000","00","034","3406","0038","737","606","131","25","762","1630","0","46.75","37.18"
"64","000","00","034","3407","0000","599","486","113","67","666","1261","0","52.82","38.54"
"64","000","00","034","3407","0041","599","486","113","67","666","1261","0","52.82","38.54"
"64","000","00","034","3408","0000","795","618","177","39","834","1960","0","42.55","31.53"
"64","000","00","034","3408","0039","366","279","87","29","395","973","0","40.6","28.67"
"64","000","00","034","3408","0040","429","339","90","10","439","987","0","44.48","34.35"
"64","000","00","035","0000","0000","6154","4951","1203","420","6574","13002","14465","50.56","38.08"
"64","000","00","035","3501","0000","441","382","59","42","483","969","0","49.85","39.42"
"64","000","00","035","3501","0042","441","382","59","42","483","969","0","49.85","39.42"
"64","000","00","035","3502","0000","303","231","72","11","314","652","0","48.16","35.43"
"64","000","00","035","3502","0043","303","231","72","11","314","652","0","48.16","35.43"
"64","000","00","035","3503","0000","473","377","96","43","516","961","0","53.69","39.23"
"64","000","00","035","3503","0044","473","377","96","43","516","961","0","53.69","39.23"
"64","000","00","035","3504","0000","206","177","29","6","212","426","0","49.77","41.55"
"64","000","00","035","3504","0045","206","177","29","6","212","426","0","49.77","41.55"
"64","000","00","035","3505","0000","178","150","28","10","188","398","0","47.24","37.69"
"64","000","00","035","3505","0046","178","150","28","10","188","398","0","47.24","37.69"
"64","000","00","035","3506","0000","228","184","44","13","241","508","0","47.44","36.22"
"64","000","00","035","3506","0047","228","184","44","13","241","508","0","47.44","36.22"
"64","000","00","035","3507","0000","541","441","100","36","577","980","0","58.88","45.0"
"64","000","00","035","3507","0048","541","441","100","36","577","980","0","58.88","45.0"
"64","000","00","035","3508","0000","517","400","117","25","542","1225","0","44.24","32.65"
"64","000","00","035","3508","0049","517","400","117","25","542","1225","0","44.24","32.65"
"64","000","00","035","3509","0000","892","674","218","91","983","1722","0","57.08","39.14"
"64","000","00","035","3509","0050","892","674","218","91","983","1722","0","57.08","39.14"
"64","000","00","035","3510","0000","251","188","63","24","275","560","0","49.11","33.57"
"64","000","00","035","3510","0051","251","188","63","24","275","560","0","49.11","33.57"
"64","000","00","035","3511","0000","352","281","71","12","364","801","0","45.44","35.08"
"64","000","00","035","3511","0052","352","281","71","12","364","801","0","45.44","35.08"
"64","000","00","035","3512","0000","207","168","39","15","222","423","0","52.48","39.72"
"64","000","00","035","3512","0053","207","168","39","15","222","423","0","52.48","39.72"
"64","000","00","035","3513","0000","222","185","37","15","237","497","0","47.69","37.22"
"64","000","00","035","3513","0054","222","185","37","15","237","497","0","47.69","37.22"
"64","000","00","035","3514","0000","331","275","56","16","347","677","0","51.26","40.62"
"64","000","00","035","3514","0055","331","275","56","16","347","677","0","51.26","40.62"
"64","000","00","035","3515","0000","247","217","30","9","256","593","0","43.17","36.59"
"64","000","00","035","3515","0056","247","217","30","9","256","593","0","43.17","36.59"
"64","000","00","035","3516","0000","265","220","45","24","289","597","0","48.41","36.85"
"64","000","00","035","3516","0057","265","220","45","24","289","597","0","48.41","36.85"
"64","000","00","035","3517","0000","153","129","24","3","156","343","0","45.48","37.61"
"64","000","00","035","3517","0058","153","129","24","3","156","343","0","45.48","37.61"
"64","000","00","035","3518","0000","347","272","75","25","372","670","0","55.52","40.6"
"64","000","00","035","3518","0059","347","272","75","25","372","670","0","55.52","40.6"
"64","000","00","036","0000","0000","1055","865","190","68","1123","1615","1999","69.54","53.56"
"64","000","00","036","3601","0000","459","382","77","24","483","726","0","66.53","52.62"
"64","000","00","036","3601","0129","459","382","77","24","483","726","0","66.53","52.62"
"64","000","00","036","3602","0000","266","218","48","18","284","382","0","74.35","57.07"
"64","000","00","036","3602","0128","266","218","48","18","284","382","0","74.35","57.07"
"64","000","00","036","3603","0000","330","265","65","26","356","507","0","70.22","52.27"
"64","000","00","036","3603","0127","330","265","65","26","356","507","0","70.22","52.27"
"64","000","00","037","0000","0000","2095","1747","348","73","2168","3498","4310","61.98","49.94"
"64","000","00","037","3701","0000","423","354","69","18","441","783","0","56.32","45.21"
"64","000","00","037","3701","0005","423","354","69","18","441","783","0","56.32","45.21"
"64","000","00","037","3702","0000","251","197","54","16","267","472","0","56.57","41.74"
"64","000","00","037","3702","0008","251","197","54","16","267","472","0","56.57","41.74"
"64","000","00","037","3703","0000","409","349","60","11","420","612","0","68.63","57.03"
"64","000","00","037","3703","0007","409","349","60","11","420","612","0","68.63","57.03"
"64","000","00","037","3704","0000","391","329","62","7","398","632","0","62.97","52.06"
"64","000","00","037","3704","0006","391","329","62","7","398","632","0","62.97","52.06"
"64","000","00","037","3705","0000","160","136","24","3","163","223","0","73.09","60.99"
"64","000","00","037","3705","0004","160","136","24","3","163","223","0","73.09","60.99"
"64","000","00","037","3706","0000","174","156","18","10","184","279","0","65.95","55.91"
"64","000","00","037","3706","0003","174","156","18","10","184","279","0","65.95","55.91"
"64","000","00","037","3707","0000","164","139","25","8","172","233","0","73.82","59.66"
"64","000","00","037","3707","0002","164","139","25","8","172","233","0","73.82","59.66"
"64","000","00","037","3708","0000","123","87","36","0","123","264","0","46.59","32.95"
"64","000","00","037","3708","0001","123","87","36","0","123","264","0","46.59","32.95"
"64","000","00","038","0000","0000","1680","1424","256","73","1753","2424","3143","72.32","58.75"
"64","000","00","038","3801","0000","885","726","159","43","928","1326","0","69.98","54.75"
"64","000","00","038","3801","0009","487","397","90","14","501","741","0","67.61","53.58"
"64","000","00","038","3801","0010","398","329","69","29","427","585","0","72.99","56.24"
"64","000","00","038","3802","0000","450","378","72","23","473","609","0","77.67","62.07"
"64","000","00","038","3802","0011","450","378","72","23","473","609","0","77.67","62.07"
"64","000","00","038","3803","0000","345","320","25","7","352","489","0","71.98","65.44"
"64","000","00","038","3803","0012","345","320","25","7","352","489","0","71.98","65.44"
"10","004","00","000","0000","0000","245019","181680","63339","8964","253983","445051","556307","57.07","40.82"
"10","004","00","001","0000","0000","77861","53786","24075","2328","80189","137129","186411","58.48","39.22"
"10","004","00","001","0101","0000","3497","2344","1153","75","3572","5988","0","59.65","39.14"
"10","004","00","001","0101","0041","750","508","242","11","761","1301","0","58.49","39.05"
"10","004","00","001","0101","0042","1023","638","385","25","1048","1798","0","58.29","35.48"
"10","004","00","001","0101","0043","827","576","251","23","850","1427","0","59.57","40.36"
"10","004","00","001","0101","0044","897","622","275","16","913","1462","0","62.45","42.54"
"10","004","00","001","0102","0000","5606","3667","1939","114","5720","9417","0","60.74","38.94"
"10","004","00","001","0102","0001","835","569","266","20","855","1319","0","64.82","43.14"
"10","004","00","001","0102","0002","791","520","271","15","806","1321","0","61.01","39.36"
"10","004","00","001","0102","0003","782","527","255","22","804","1272","0","63.21","41.43"
"10","004","00","001","0102","0004","826","546","280","22","848","1467","0","57.81","37.22"
"10","004","00","001","0102","0005","700","442","258","14","714","1226","0","58.24","36.05"
"10","004","00","001","0102","0006","801","518","283","9","810","1412","0","57.37","36.69"
"10","004","00","001","0102","0007","871","545","326","12","883","1400","0","63.07","38.93"
"10","004","00","001","0103","0000","5820","3400","2420","125","5945","10185","0","58.37","33.38"
"10","004","00","001","0103","0008","849","512","337","29","878","1415","0","62.05","36.18"
"10","004","00","001","0103","0009","786","487","299","18","804","1361","0","59.07","35.78"
"10","004","00","001","0103","0010","827","470","357","12","839","1515","0","55.38","31.02"
"10","004","00","001","0103","0011","878","534","344","20","898","1495","0","60.07","35.72"
"10","004","00","001","0103","0012","823","484","339","17","840","1417","0","59.28","34.16"
"10","004","00","001","0103","0013","870","479","391","18","888","1548","0","57.36","30.94"
"10","004","00","001","0103","0014","787","434","353","11","798","1434","0","55.65","30.26"
"10","004","00","001","0104","0000","3836","2461","1375","106","3942","6515","0","60.51","37.77"
"10","004","00","001","0104","0015","789","509","280","26","815","1385","0","58.84","36.75"
"10","004","00","001","0104","0016","777","503","274","18","795","1247","0","63.75","40.34"
"10","004","00","001","0104","0017","777","487","290","21","798","1373","0","58.12","35.47"
"10","004","00","001","0104","0018","849","496","353","11","860","1345","0","63.94","36.88"
"10","004","00","001","0104","0019","644","466","178","30","674","1165","0","57.85","40.0"
"10","004","00","001","0105","0000","1460","931","529","48","1508","2376","0","63.47","39.18"
"10","004","00","001","0105","0020","728","466","262","24","752","1164","0","64.6","40.03"
"10","004","00","001","0105","0021","732","465","267","24","756","1212","0","62.38","38.37"
"10","004","00","001","0106","0000","1545","1181","364","60","1605","3083","0","52.06","38.31"
"10","004","00","001","0106","0022","734","567","167","28","762","1507","0","50.56","37.62"
"10","004","00","001","0106","0023","811","614","197","32","843","1576","0","53.49","38.96"
"10","004","00","001","0107","0000","3378","2398","980","105","3483","6111","0","57.0","39.24"
"10","004","00","001","0107","0056","774","566","208","16","790","1477","0","53.49","38.32"
"10","004","00","001","0107","0057","950","655","295","29","979","1611","0","60.77","40.66"
"10","004","00","001","0107","0058","875","625","250","36","911","1555","0","58.59","40.19"
"10","004","00","001","0107","0059","779","552","227","24","803","1468","0","54.7","37.6"
"10","004","00","001","0108","0000","5125","3854","1271","118","5243","8856","0","59.2","43.52"
"10","004","00","001","0108","0060","880","735","145","19","899","1509","0","59.58","48.71"
"10","004","00","001","0108","0061","878","650","228","13","891","1602","0","55.62","40.57"
"10","004","00","001","0108","0062","841","619","222","18","859","1448","0","59.32","42.75"
"10","004","00","001","0108","0063","788","585","203","14","802","1318","0","60.85","44.39"
"10","004","00","001","0108","0064","983","688","295","25","1008","1634","0","61.69","42.11"
"10","004","00","001","0108","0065","755","577","178","29","784","1345","0","58.29","42.9"
"10","004","00","001","0109","0000","2917","2118","799","89","3006","5746","0","52.31","36.86"
"10","004","00","001","0109","0069","838","618","220","30","868","1483","0","58.53","41.67"
"10","004","00","001","0109","0070","722","517","205","29","751","1332","0","56.38","38.81"
"10","004","00","001","0109","0071","744","548","196","20","764","1482","0","51.55","36.98"
"10","004","00","001","0109","0072","613","435","178","10","623","1449","0","43.0","30.02"
"10","004","00","001","0110","0000","3004","2180","824","83","3087","5703","0","54.13","38.23"
"10","004","00","001","0110","0073","702","515","187","18","720","1319","0","54.59","39.04"
"10","004","00","001","0110","0074","707","509","198","20","727","1332","0","54.58","38.21"
"10","004","00","001","0110","0075","733","512","221","21","754","1412","0","53.4","36.26"
"10","004","00","001","0110","0076","862","644","218","24","886","1640","0","54.02","39.27"
"10","004","00","001","0111","0000","3796","2643","1153","136","3932","6849","0","57.41","38.59"
"10","004","00","001","0111","0077","735","434","301","28","763","1323","0","57.67","32.8"
"10","004","00","001","0111","0078","811","575","236","43","854","1428","0","59.8","40.27"
"10","004","00","001","0111","0079","871","632","239","24","895","1533","0","58.38","41.23"
"10","004","00","001","0111","0080","741","510","231","10","751","1346","0","55.79","37.89"
"10","004","00","001","0111","0081","638","492","146","31","669","1219","0","54.88","40.36"
"10","004","00","001","0112","0000","2474","1847","627","87","2561","4458","0","57.45","41.43"
"10","004","00","001","0112","0086","791","595","196","38","829","1383","0","59.94","43.02"
"10","004","00","001","0112","0087","889","658","231","27","916","1569","0","58.38","41.94"
"10","004","00","001","0112","0088","794","594","200","22","816","1506","0","54.18","39.44"
"10","004","00","001","0113","0000","1092","807","285","44","1136","1951","0","58.23","41.36"
"10","004","00","001","0113","0089","486","378","108","22","508","877","0","57.92","43.1"
"10","004","00","001","0113","0090","606","429","177","22","628","1074","0","58.47","39.94"
"10","004","00","001","0114","0000","1447","1087","360","54","1501","2425","0","61.9","44.82"
"10","004","00","001","0114","0091","682","517","165","26","708","1089","0","65.01","47.47"
"10","004","00","001","0114","0092","765","570","195","28","793","1336","0","59.36","42.66"
"10","004","00","001","0115","0000","1254","944","310","65","1319","2143","0","61.55","44.05"
"10","004","00","001","0115","0094","594","442","152","34","628","937","0","67.02","47.17"
"10","004","00","001","0115","0095","660","502","158","31","691","1206","0","57.3","41.63"
"10","004","00","001","0116","0000","683","526","157","32","715","1205","0","59.34","43.65"
"10","004","00","001","0116","0096","683","526","157","32","715","1205","0","59.34","43.65"
"10","004","00","001","0117","0000","902","685","217","39","941","1585","0","59.37","43.22"
"10","004","00","001","0117","0098","515","394","121","17","532","917","0","58.02","42.97"
"10","004","00","001","0117","0099","387","291","96","22","409","668","0","61.23","43.56"
"10","004","00","001","0118","0000","1036","799","237","71","1107","1914","0","57.84","41.75"
"10","004","00","001","0118","0102","545","426","119","54","599","977","0","61.31","43.6"
"10","004","00","001","0118","0103","491","373","118","17","508","937","0","54.22","39.81"
"10","004","00","001","0119","0000","997","745","252","34","1031","1718","0","60.01","43.36"
"10","004","00","001","0119","0097","997","745","252","34","1031","1718","0","60.01","43.36"
"10","004","00","001","0120","0000","883","684","199","58","941","1606","0","58.59","42.59"
"10","004","00","001","0120","0100","453","350","103","20","473","824","0","57.4","42.48"
"10","004","00","001","0120","0101","430","334","96","38","468","782","0","59.85","42.71"
"10","004","00","001","0121","0000","3607","2380","1227","79","3686","6176","0","59.68","38.54"
"10","004","00","001","0121","0030","724","456","268","18","742","1196","0","62.04","38.13"
"10","004","00","001","0121","0031","725","497","228","18","743","1235","0","60.16","40.24"
"10","004","00","001","0121","0032","677","435","242","9","686","1204","0","56.98","36.13"
"10","004","00","001","0121","0033","779","546","233","21","800","1308","0","61.16","41.74"
"10","004","00","001","0121","0034","702","446","256","13","715","1233","0","57.99","36.17"
"10","004","00","001","0122","0000","3037","2151","886","127","3164","5664","0","55.86","37.98"
"10","004","00","001","0122","0082","864","633","231","36","900","1466","0","61.39","43.18"
"10","004","00","001","0122","0083","607","409","198","26","633","1147","0","55.19","35.66"
"10","004","00","001","0122","0084","715","489","226","35","750","1529","0","49.05","31.98"
"10","004","00","001","0122","0085","851","620","231","30","881","1522","0","57.88","40.74"
"10","004","00","001","0123","0000","578","431","147","31","609","1058","0","57.56","40.74"
"10","004","00","001","0123","0093","578","431","147","31","609","1058","0","57.56","40.74"
"10","004","00","001","0124","0000","2330","1615","715","53","2383","3738","0","63.75","43.2"
"10","004","00","001","0124","0049","707","473","234","18","725","1181","0","61.39","40.05"
"10","004","00","001","0124","0050","843","584","259","23","866","1329","0","65.16","43.94"
"10","004","00","001","0124","0051","780","558","222","12","792","1228","0","64.5","45.44"
"10","004","00","001","0125","0000","3315","2341","974","94","3409","5989","0","56.92","39.09"
"10","004","00","001","0125","0052","850","552","298","26","876","1552","0","56.44","35.57"
"10","004","00","001","0125","0053","874","649","225","21","895","1480","0","60.47","43.85"
"10","004","00","001","0125","0054","808","575","233","21","829","1487","0","55.75","38.67"
"10","004","00","001","0125","0055","783","565","218","26","809","1470","0","55.03","38.44"
"10","004","00","001","0126","0000","1922","1460","462","78","2000","3204","0","62.42","45.57"
"10","004","00","001","0126","0066","603","454","149","18","621","958","0","64.82","47.39"
"10","004","00","001","0126","0067","684","513","171","22","706","1112","0","63.49","46.13"
"10","004","00","001","0126","0068","635","493","142","38","673","1134","0","59.35","43.47"
"10","004","00","001","0127","0000","3131","1967","1164","87","3218","5749","0","55.97","34.21"
"10","004","00","001","0127","0024","809","540","269","23","832","1464","0","56.83","36.89"
"10","004","00","001","0127","0025","796","491","305","20","816","1428","0","57.14","34.38"
"10","004","00","001","0127","0026","716","367","349","10","726","1442","0","50.35","25.45"
"10","004","00","001","0127","0027","810","569","241","34","844","1415","0","59.65","40.21"
"10","004","00","001","0128","0000","1751","1085","666","43","1794","3417","0","52.5","31.75"
"10","004","00","001","0128","0028","839","523","316","14","853","1666","0","51.2","31.39"
"10","004","00","001","0128","0029","912","562","350","29","941","1751","0","53.74","32.1"
"10","004","00","001","0129","0000","1989","1402","587","59","2048","3312","0","61.84","42.33"
"10","004","00","001","0129","0035","657","463","194","19","676","1129","0","59.88","41.01"
"10","004","00","001","0129","0036","640","449","191","18","658","1069","0","61.55","42.0"
"10","004","00","001","0129","0037","692","490","202","22","714","1114","0","64.09","43.99"
"10","004","00","001","0130","0000","2035","1357","678","56","2091","3265","0","64.04","41.56"
"10","004","00","001","0130","0038","669","453","216","22","691","1103","0","62.65","41.07"
"10","004","00","001","0130","0039","651","438","213","19","670","1029","0","65.11","42.57"
"10","004","00","001","0130","0040","715","466","249","15","730","1133","0","64.43","41.13"
"10","004","00","001","0131","0000","3414","2296","1118","78","3492","5723","0","61.02","40.12"
"10","004","00","001","0131","0045","833","577","256","23","856","1342","0","63.79","43.0"
"10","004","00","001","0131","0046","879","568","311","20","899","1480","0","60.74","38.38"
"10","004","00","001","0131","0047","911","593","318","20","931","1645","0","56.6","36.05"
"10","004","00","001","0131","0048","791","558","233","15","806","1256","0","64.17","44.43"
"10","004","00","002","0000","0000","41425","31110","10315","1472","42897","78794","96358","54.44","39.48"
"10","004","00","002","0201","0000","149","124","25","5","154","309","0","49.84","40.13"
"10","004","00","002","0201","0104","149","124","25","5","154","309","0","49.84","40.13"
"10","004","00","002","0202","0000","195","152","43","23","218","416","0","52.4","36.54"
"10","004","00","002","0202","0105","195","152","43","23","218","416","0","52.4","36.54"
"10","004","00","002","0203","0000","202","155","47","5","207","386","0","53.63","40.16"
"10","004","00","002","0203","0106","202","155","47","5","207","386","0","53.63","40.16"
"10","004","00","002","0204","0000","1151","906","245","28","1179","2225","0","52.99","40.72"
"10","004","00","002","0204","0107","478","384","94","19","497","950","0","52.32","40.42"
"10","004","00","002","0204","0108","673","522","151","9","682","1275","0","53.49","40.94"
"10","004","00","002","0205","0000","1771","1373","398","72","1843","3283","0","56.14","41.82"
"10","004","00","002","0205","0116","705","532","173","22","727","1292","0","56.27","41.18"
"10","004","00","002","0205","0117","568","454","114","17","585","1111","0","52.66","40.86"
"10","004","00","002","0205","0118","498","387","111","33","531","880","0","60.34","43.98"
"10","004","00","002","0206","0000","4746","3730","1016","164","4910","9177","0","53.5","40.65"
"10","004","00","002","0206","0109","630","588","42","27","657","1213","0","54.16","48.47"
"10","004","00","002","0206","0110","838","612","226","33","871","1548","0","56.27","39.53"
"10","004","00","002","0206","0111","633","472","161","15","648","1246","0","52.01","37.88"
"10","004","00","002","0206","0112","558","430","128","23","581","1252","0","46.41","34.35"
"10","004","00","002","0206","0113","701","559","142","22","723","1359","0","53.2","41.13"
"10","004","00","002","0206","0114","654","509","145","24","678","1255","0","54.02","40.56"
"10","004","00","002","0206","0115","732","560","172","20","752","1304","0","57.67","42.94"
"10","004","00","002","0207","0000","2456","1877","579","100","2556","4569","0","55.94","41.08"
"10","004","00","002","0207","0121","570","440","130","40","610","1126","0","54.17","39.08"
"10","004","00","002","0207","0122","565","448","117","24","589","1073","0","54.89","41.75"
"10","004","00","002","0207","0123","676","512","164","20","696","1215","0","57.28","42.14"
"10","004","00","002","0207","0124","645","477","168","16","661","1155","0","57.23","41.3"
"10","004","00","002","0208","0000","376","291","85","16","392","704","0","55.68","41.34"
"10","004","00","002","0208","0128","376","291","85","16","392","704","0","55.68","41.34"
"10","004","00","002","0209","0000","1418","1098","320","43","1461","3048","0","47.93","36.02"
"10","004","00","002","0209","0129","362","294","68","20","382","951","0","40.17","30.91"
"10","004","00","002","0209","0130","559","420","139","14","573","984","0","58.23","42.68"
"10","004","00","002","0209","0131","497","384","113","9","506","1113","0","45.46","34.5"
"10","004","00","002","0210","0000","787","629","158","40","827","1357","0","60.94","46.35"
"10","004","00","002","0210","0132","344","277","67","13","357","595","0","60.0","46.55"
"10","004","00","002","0210","0133","443","352","91","27","470","762","0","61.68","46.19"
"10","004","00","002","0211","0000","811","599","212","40","851","1400","0","60.79","42.79"
"10","004","00","002","0211","0142","417","307","110","23","440","715","0","61.54","42.94"
"10","004","00","002","0211","0143","394","292","102","17","411","685","0","60.0","42.63"
"10","004","00","002","0212","0000","1922","1478","444","62","1984","3875","0","51.2","38.14"
"10","004","00","002","0212","0136","623","490","133","15","638","1310","0","48.7","37.4"
"10","004","00","002","0212","0137","682","533","149","23","705","1434","0","49.16","37.17"
"10","004","00","002","0212","0138","617","455","162","24","641","1131","0","56.68","40.23"
"10","004","00","002","0213","0000","1736","1312","424","67","1803","3317","0","54.36","39.55"
"10","004","00","002","0213","0139","516","381","135","16","532","967","0","55.02","39.4"
"10","004","00","002","0213","0140","588","445","143","25","613","1196","0","51.25","37.21"
"10","004","00","002","0213","0141","632","486","146","26","658","1154","0","57.02","42.11"
"10","004","00","002","0214","0000","3765","2758","1007","100","3865","7555","0","51.16","36.51"
"10","004","00","002","0214","0149","648","465","183","10","658","1248","0","52.72","37.26"
"10","004","00","002","0214","0150","564","383","181","7","571","1263","0","45.21","30.32"
"10","004","00","002","0214","0151","607","463","144","16","623","1232","0","50.57","37.58"
"10","004","00","002","0214","0152","520","398","122","21","541","1143","0","47.33","34.82"
"10","004","00","002","0214","0153","816","592","224","28","844","1529","0","55.2","38.72"
"10","004","00","002","0214","0154","610","457","153","18","628","1140","0","55.09","40.09"
"10","004","00","002","0215","0000","3278","2349","929","105","3383","6204","0","54.53","37.86"
"10","004","00","002","0215","0156","654","483","171","16","670","1345","0","49.81","35.91"
"10","004","00","002","0215","0157","716","487","229","25","741","1381","0","53.66","35.26"
"10","004","00","002","0215","0158","757","510","247","23","780","1379","0","56.56","36.98"
"10","004","00","002","0215","0159","581","445","136","22","603","1033","0","58.37","43.08"
"10","004","00","002","0215","0160","570","424","146","19","589","1066","0","55.25","39.77"
"10","004","00","002","0216","0000","2367","1737","630","77","2444","4350","0","56.18","39.93"
"10","004","00","002","0216","0169","599","439","160","26","625","1083","0","57.71","40.54"
"10","004","00","002","0216","0170","591","440","151","17","608","1102","0","55.17","39.93"
"10","004","00","002","0216","0171","570","430","140","14","584","1068","0","54.68","40.26"
"10","004","00","002","0216","0172","607","428","179","20","627","1097","0","57.16","39.02"
"10","004","00","002","0217","0000","1035","802","233","29","1064","1871","0","56.87","42.86"
"10","004","00","002","0217","0173","514","396","118","16","530","962","0","55.09","41.16"
"10","004","00","002","0217","0174","521","406","115","13","534","909","0","58.75","44.66"
"10","004","00","002","0218","0000","288","220","68","15","303","603","0","50.25","36.48"
"10","004","00","002","0218","0175","288","220","68","15","303","603","0","50.25","36.48"
"10","004","00","002","0219","0000","5422","3847","1575","182","5604","10396","0","53.91","37.0"
"10","004","00","002","0219","0161","527","412","115","29","556","938","0","59.28","43.92"
"10","004","00","002","0219","0162","560","427","133","29","589","952","0","61.87","44.85"
"10","004","00","002","0219","0163","862","590","272","24","886","1468","0","60.35","40.19"
"10","004","00","002","0219","0164","967","555","412","16","983","1915","0","51.33","28.98"
"10","004","00","002","0219","0165","623","482","141","30","653","1220","0","53.52","39.51"
"10","004","00","002","0219","0166","524","389","135","11","535","1166","0","45.88","33.36"
"10","004","00","002","0219","0167","715","521","194","18","733","1492","0","49.13","34.92"
"10","004","00","002","0219","0168","644","471","173","25","669","1245","0","53.73","37.83"
"10","004","00","002","0220","0000","979","733","246","40","1019","1727","0","59.0","42.44"
"10","004","00","002","0220","0125","469","354","115","23","492","852","0","57.75","41.55"
"10","004","00","002","0220","0126","510","379","131","17","527","875","0","60.23","43.31"
"10","004","00","002","0221","0000","1075","826","249","45","1120","1914","0","58.52","43.16"
"10","004","00","002","0221","0119","373","288","85","22","395","670","0","58.96","42.99"
"10","004","00","002","0221","0120","702","538","164","23","725","1244","0","58.28","43.25"
"10","004","00","002","0222","0000","624","475","149","31","655","1070","0","61.21","44.39"
"10","004","00","002","0222","0127","624","475","149","31","655","1070","0","61.21","44.39"
"10","004","00","002","0223","0000","3695","2762","933","138","3833","6892","0","55.62","40.08"
"10","004","00","002","0223","0144","693","517","176","25","718","1352","0","53.11","38.24"
"10","004","00","002","0223","0145","762","575","187","41","803","1407","0","57.07","40.87"
"10","004","00","002","0223","0146","729","564","165","24","753","1362","0","55.29","41.41"
"10","004","00","002","0223","0147","747","559","188","23","770","1330","0","57.89","42.03"
"10","004","00","002","0223","0148","764","547","217","25","789","1441","0","54.75","37.96"
"10","004","00","002","0224","0000","826","609","217","31","857","1576","0","54.38","38.64"
"10","004","00","002","0224","0134","409","305","104","17","426","763","0","55.83","39.97"
"10","004","00","002","0224","0135","417","304","113","14","431","813","0","53.01","37.39"
"10","004","00","002","0225","0000","351","268","83","14","365","570","0","64.04","47.02"
"10","004","00","002","0225","0155","351","268","83","14","365","570","0","64.04","47.02"
"10","004","00","003","0000","0000","15658","12060","3598","704","16362","28894","33106","56.63","41.74"
"10","004","00","003","0301","0000","623","491","132","36","659","1139","0","57.86","43.11"
"10","004","00","003","0301","0194","623","491","132","36","659","1139","0","57.86","43.11"
"10","004","00","003","0302","0000","477","382","95","22","499","861","0","57.96","44.37"
"10","004","00","003","0302","0195","477","382","95","22","499","861","0","57.96","44.37"
"10","004","00","003","0303","0000","2135","1607","528","85","2220","4271","0","51.98","37.63"
"10","004","00","003","0303","0196","549","402","147","12","561","1093","0","51.33","36.78"
"10","004","00","003","0303","0197","480","367","113","26","506","978","0","51.74","37.53"
"10","004","00","003","0303","0198","513","387","126","19","532","1040","0","51.15","37.21"
"10","004","00","003","0303","0199","593","451","142","28","621","1160","0","53.53","38.88"
"10","004","00","003","0304","0000","1095","892","203","39","1134","1965","0","57.71","45.39"
"10","004","00","003","0304","0184","526","433","93","13","539","948","0","56.86","45.68"
"10","004","00","003","0304","0185","569","459","110","26","595","1017","0","58.51","45.13"
"10","004","00","003","0305","0000","1840","1369","471","71","1911","3320","0","57.56","41.23"
"10","004","00","003","0305","0186","691","500","191","30","721","1176","0","61.31","42.52"
"10","004","00","003","0305","0187","671","511","160","27","698","1122","0","62.21","45.54"
"10","004","00","003","0305","0188","478","358","120","14","492","1022","0","48.14","35.03"
"10","004","00","003","0306","0000","939","712","227","49","988","1829","0","54.02","38.93"
"10","004","00","003","0306","0182","497","384","113","29","526","924","0","56.93","41.56"
"10","004","00","003","0306","0183","442","328","114","20","462","905","0","51.05","36.24"
"10","004","00","003","0307","0000","1464","1118","346","52","1516","2526","0","60.02","44.26"
"10","004","00","003","0307","0179","510","386","124","16","526","935","0","56.26","41.28"
"10","004","00","003","0307","0180","420","328","92","18","438","753","0","58.17","43.56"
"10","004","00","003","0307","0181","534","404","130","18","552","838","0","65.87","48.21"
"10","004","00","003","0308","0000","573","450","123","16","589","983","0","59.92","45.78"
"10","004","00","003","0308","0176","573","450","123","16","589","983","0","59.92","45.78"
"10","004","00","003","0309","0000","349","251","98","20","369","597","0","61.81","42.04"
"10","004","00","003","0309","0177","349","251","98","20","369","597","0","61.81","42.04"
"10","004","00","003","0310","0000","593","448","145","23","616","1070","0","57.57","41.87"
"10","004","00","003","0310","0178","593","448","145","23","616","1070","0","57.57","41.87"
"10","004","00","003","0311","0000","1038","806","232","41","1079","1832","0","58.9","44.0"
"10","004","00","003","0311","0200","562","419","143","18","580","950","0","61.05","44.11"
"10","004","00","003","0311","0201","476","387","89","23","499","882","0","56.58","43.88"
"10","004","00","003","0312","0000","1330","970","360","61","1391","2493","0","55.8","38.91"
"10","004","00","003","0312","0202","709","518","191","31","740","1281","0","57.77","40.44"
"10","004","00","003","0312","0203","621","452","169","30","651","1212","0","53.71","37.29"
"10","004","00","003","0313","0000","458","366","92","27","485","1013","0","47.88","36.13"
"10","004","00","003","0313","0204","458","366","92","27","485","1013","0","47.88","36.13"
"10","004","00","003","0314","0000","376","293","83","27","403","630","0","63.97","46.51"
"10","004","00","003","0314","0205","376","293","83","27","403","630","0","63.97","46.51"
"10","004","00","003","0315","0000","634","563","71","45","679","1144","0","59.35","49.21"
"10","004","00","003","0315","0193","634","563","71","45","679","1144","0","59.35","49.21"
"10","004","00","003","0316","0000","682","525","157","31","713","1429","0","49.9","36.74"
"10","004","00","003","0316","0189","682","525","157","31","713","1429","0","49.9","36.74"
"10","004","00","003","0317","0000","288","229","59","17","305","451","0","67.63","50.78"
"10","004","00","003","0317","0190","288","229","59","17","305","451","0","67.63","50.78"
"10","004","00","003","0318","0000","395","297","98","17","412","724","0","56.91","41.02"
"10","004","00","003","0318","0191","395","297","98","17","412","724","0","56.91","41.02"
"10","004","00","003","0319","0000","369","291","78","25","394","617","0","63.86","47.16"
"10","004","00","003","0319","0192","369","291","78","25","394","617","0","63.86","47.16"
"10","004","00","004","0000","0000","13530","10622","2908","602","14132","24712","28659","57.19","42.98"
"10","004","00","004","0401","0000","293","245","48","15","308","480","0","64.17","51.04"
"10","004","00","004","0401","0206","293","245","48","15","308","480","0","64.17","51.04"
"10","004","00","004","0402","0000","1084","831","253","50","1134","1923","0","58.97","43.21"
"10","004","00","004","0402","0207","517","393","124","23","540","903","0","59.8","43.52"
"10","004","00","004","0402","0208","567","438","129","27","594","1020","0","58.24","42.94"
"10","004","00","004","0403","0000","407","321","86","11","418","705","0","59.29","45.53"
"10","004","00","004","0403","0209","407","321","86","11","418","705","0","59.29","45.53"
"10","004","00","004","0404","0000","1959","1520","439","76","2035","3618","0","56.25","42.01"
"10","004","00","004","0404","0210","557","442","115","19","576","1056","0","54.55","41.86"
"10","004","00","004","0404","0211","672","502","170","29","701","1275","0","54.98","39.37"
"10","004","00","004","0404","0212","730","576","154","28","758","1287","0","58.9","44.76"
"10","004","00","004","0405","0000","535","410","125","36","571","1046","0","54.59","39.2"
"10","004","00","004","0405","0214","535","410","125","36","571","1046","0","54.59","39.2"
"10","004","00","004","0406","0000","437","342","95","29","466","771","0","60.44","44.36"
"10","004","00","004","0406","0213","437","342","95","29","466","771","0","60.44","44.36"
"10","004","00","004","0407","0000","576","461","115","29","605","1030","0","58.74","44.76"
"10","004","00","004","0407","0215","576","461","115","29","605","1030","0","58.74","44.76"
"10","004","00","004","0408","0000","1887","1443","444","65","1952","3653","0","53.44","39.5"
"10","004","00","004","0408","0216","661","498","163","29","690","1208","0","57.12","41.23"
"10","004","00","004","0408","0217","536","429","107","13","549","1095","0","50.14","39.18"
"10","004","00","004","0408","0218","690","516","174","23","713","1350","0","52.81","38.22"
"10","004","00","004","0409","0000","710","552","158","37","747","1362","0","54.85","40.53"
"10","004","00","004","0409","0220","710","552","158","37","747","1362","0","54.85","40.53"
"10","004","00","004","0410","0000","254","202","52","15","269","551","0","48.82","36.66"
"10","004","00","004","0410","0222","254","202","52","15","269","551","0","48.82","36.66"
"10","004","00","004","0411","0000","304","252","52","15","319","572","0","55.77","44.06"
"10","004","00","004","0411","0224","304","252","52","15","319","572","0","55.77","44.06"
"10","004","00","004","0412","0000","485","402","83","26","511","943","0","54.19","42.63"
"10","004","00","004","0412","0225","485","402","83","26","511","943","0","54.19","42.63"
"10","004","00","004","0413","0000","181","142","39","10","191","461","0","41.43","30.8"
"10","004","00","004","0413","0223","181","142","39","10","191","461","0","41.43","30.8"
"10","004","00","004","0414","0000","457","339","118","18","475","808","0","58.79","41.96"
"10","004","00","004","0414","0226","457","339","118","18","475","808","0","58.79","41.96"
"10","004","00","004","0415","0000","1087","862","225","34","1121","1826","0","61.39","47.21"
"10","004","00","004","0415","0227","568","448","120","16","584","923","0","63.27","48.54"
"10","004","00","004","0415","0228","519","414","105","18","537","903","0","59.47","45.85"
"10","004","00","004","0416","0000","490","390","100","30","520","824","0","63.11","47.33"
"10","004","00","004","0416","0230","490","390","100","30","520","824","0","63.11","47.33"
"10","004","00","004","0417","0000","345","281","64","16","361","559","0","64.58","50.27"
"10","004","00","004","0417","0231","345","281","64","16","361","559","0","64.58","50.27"
"10","004","00","004","0418","0000","512","394","118","22","534","854","0","62.53","46.14"
"10","004","00","004","0418","0232","512","394","118","22","534","854","0","62.53","46.14"
"10","004","00","004","0419","0000","519","408","111","18","537","846","0","63.48","48.23"
"10","004","00","004","0419","0219","519","408","111","18","537","846","0","63.48","48.23"
"10","004","00","004","0420","0000","462","389","73","18","480","903","0","53.16","43.08"
"10","004","00","004","0420","0221","462","389","73","18","480","903","0","53.16","43.08"
"10","004","00","004","0421","0000","546","436","110","32","578","977","0","59.16","44.63"
"10","004","00","004","0421","0229","546","436","110","32","578","977","0","59.16","44.63"
"10","004","00","005","0000","0000","34597","26323","8274","1276","35873","63511","77604","56.48","41.45"
"10","004","00","005","0501","0000","739","546","193","33","772","1272","0","60.69","42.92"
"10","004","00","005","0501","0245","739","546","193","33","772","1272","0","60.69","42.92"
"10","004","00","005","0502","0000","498","379","119","19","517","851","0","60.75","44.54"
"10","004","00","005","0502","0244","498","379","119","19","517","851","0","60.75","44.54"
"10","004","00","005","0503","0000","2313","1728","585","80","2393","3993","0","59.93","43.28"
"10","004","00","005","0503","0241","806","571","235","28","834","1444","0","57.76","39.54"
"10","004","00","005","0503","0242","802","612","190","35","837","1347","0","62.14","45.43"
"10","004","00","005","0503","0243","705","545","160","17","722","1202","0","60.07","45.34"
"10","004","00","005","0504","0000","2949","2224","725","107","3056","5202","0","58.75","42.75"
"10","004","00","005","0504","0250","727","542","185","29","756","1402","0","53.92","38.66"
"10","004","00","005","0504","0251","691","534","157","23","714","1183","0","60.36","45.14"
"10","004","00","005","0504","0252","745","564","181","28","773","1282","0","60.3","43.99"
"10","004","00","005","0504","0253","786","584","202","27","813","1335","0","60.9","43.75"
"10","004","00","005","0505","0000","1754","1388","366","60","1814","2835","0","63.99","48.96"
"10","004","00","005","0505","0246","709","543","166","27","736","1275","0","57.73","42.59"
"10","004","00","005","0505","0247","1045","845","200","33","1078","1560","0","69.1","54.17"
"10","004","00","005","0506","0000","2548","1927","621","111","2659","4714","0","56.41","40.88"
"10","004","00","005","0506","0238","964","733","231","33","997","1719","0","58.0","42.64"
"10","004","00","005","0506","0239","692","530","162","32","724","1162","0","62.31","45.61"
"10","004","00","005","0506","0240","892","664","228","46","938","1833","0","51.17","36.22"
"10","004","00","005","0507","0000","1432","1165","267","67","1499","2898","0","51.73","40.2"
"10","004","00","005","0507","0233","589","518","71","38","627","1393","0","45.01","37.19"
"10","004","00","005","0507","0234","843","647","196","29","872","1505","0","57.94","42.99"
"10","004","00","005","0508","0000","1594","927","667","64","1658","3140","0","52.8","29.52"
"10","004","00","005","0508","0258","596","136","460","24","620","1193","0","51.97","11.4"
"10","004","00","005","0508","0259","998","791","207","40","1038","1947","0","53.31","40.63"
"10","004","00","005","0509","0000","644","497","147","40","684","1125","0","60.8","44.18"
"10","004","00","005","0509","0260","644","497","147","40","684","1125","0","60.8","44.18"
"10","004","00","005","0510","0000","1564","1203","361","53","1617","2783","0","58.1","43.23"
"10","004","00","005","0510","0261","581","466","115","30","611","1050","0","58.19","44.38"
"10","004","00","005","0510","0262","983","737","246","23","1006","1733","0","58.05","42.53"
"10","004","00","005","0511","0000","1334","1039","295","58","1392","2346","0","59.34","44.29"
"10","004","00","005","0511","0263","724","559","165","33","757","1284","0","58.96","43.54"
"10","004","00","005","0511","0264","610","480","130","25","635","1062","0","59.79","45.2"
"10","004","00","005","0512","0000","838","658","180","40","878","1547","0","56.76","42.53"
"10","004","00","005","0512","0265","838","658","180","40","878","1547","0","56.76","42.53"
"10","004","00","005","0513","0000","1305","1014","291","53","1358","2197","0","61.81","46.15"
"10","004","00","005","0513","0256","642","505","137","29","671","1082","0","62.01","46.67"
"10","004","00","005","0513","0257","663","509","154","24","687","1115","0","61.61","45.65"
"10","004","00","005","0514","0000","2544","1964","580","104","2648","5072","0","52.21","38.72"
"10","004","00","005","0514","0270","577","457","120","24","601","1058","0","56.81","43.19"
"10","004","00","005","0514","0271","512","392","120","18","530","1220","0","43.44","32.13"
"10","004","00","005","0514","0272","723","544","179","27","750","1333","0","56.26","40.81"
"10","004","00","005","0514","0273","732","571","161","35","767","1461","0","52.5","39.08"
"10","004","00","005","0515","0000","1649","1263","386","73","1722","3233","0","53.26","39.07"
"10","004","00","005","0515","0277","721","550","171","20","741","1495","0","49.57","36.79"
"10","004","00","005","0515","0278","406","325","81","27","433","752","0","57.58","43.22"
"10","004","00","005","0515","0279","522","388","134","26","548","986","0","55.58","39.35"
"10","004","00","005","0516","0000","2839","2166","673","83","2922","5896","0","49.56","36.74"
"10","004","00","005","0516","0266","721","563","158","29","750","1494","0","50.2","37.68"
"10","004","00","005","0516","0267","762","591","171","22","784","1634","0","47.98","36.17"
"10","004","00","005","0516","0268","674","502","172","16","690","1444","0","47.78","34.76"
"10","004","00","005","0516","0269","682","510","172","16","698","1324","0","52.72","38.52"
"10","004","00","005","0517","0000","1920","1465","455","31","1951","3370","0","57.89","43.47"
"10","004","00","005","0517","0254","915","686","229","17","932","1493","0","62.42","45.95"
"10","004","00","005","0517","0255","1005","779","226","14","1019","1877","0","54.29","41.5"
"10","004","00","005","0518","0000","1639","1261","378","78","1717","2876","0","59.7","43.85"
"10","004","00","005","0518","0248","691","519","172","46","737","1147","0","64.25","45.25"
"10","004","00","005","0518","0249","948","742","206","32","980","1729","0","56.68","42.91"
"10","004","00","005","0519","0000","2368","1851","517","65","2433","4123","0","59.01","44.89"
"10","004","00","005","0519","0235","793","622","171","19","812","1188","0","68.35","52.36"
"10","004","00","005","0519","0236","641","502","139","25","666","1267","0","52.57","39.62"
"10","004","00","005","0519","0237","934","727","207","21","955","1668","0","57.25","43.59"
"10","004","00","005","0520","0000","2126","1658","468","57","2183","4038","0","54.06","41.06"
"10","004","00","005","0520","0274","779","608","171","16","795","1429","0","55.63","42.55"
"10","004","00","005","0520","0275","700","535","165","15","715","1506","0","47.48","35.52"
"10","004","00","005","0520","0276","647","515","132","26","673","1103","0","61.02","46.69"
"10","004","00","006","0000","0000","24843","18858","5985","881","25724","45790","56957","56.18","41.18"
"10","004","00","006","0601","0000","555","425","130","22","577","1080","0","53.43","39.35"
"10","004","00","006","0601","0280","555","425","130","22","577","1080","0","53.43","39.35"
"10","004","00","006","0602","0000","920","713","207","45","965","1799","0","53.64","39.63"
"10","004","00","006","0602","0288","454","343","111","22","476","824","0","57.77","41.63"
"10","004","00","006","0602","0289","466","370","96","23","489","975","0","50.15","37.95"
"10","004","00","006","0603","0000","972","747","225","34","1006","1841","0","54.64","40.58"
"10","004","00","006","0603","0281","452","344","108","15","467","887","0","52.65","38.78"
"10","004","00","006","0603","0282","520","403","117","19","539","954","0","56.5","42.24"
"10","004","00","006","0604","0000","1429","1063","366","65","1494","2743","0","54.47","38.75"
"10","004","00","006","0604","0291","789","599","190","37","826","1477","0","55.92","40.56"
"10","004","00","006","0604","0292","640","464","176","28","668","1266","0","52.76","36.65"
"10","004","00","006","0605","0000","904","700","204","64","968","1765","0","54.84","39.66"
"10","004","00","006","0605","0286","487","387","100","41","528","891","0","59.26","43.43"
"10","004","00","006","0605","0287","417","313","104","23","440","874","0","50.34","35.81"
"10","004","00","006","0606","0000","482","368","114","23","505","847","0","59.62","43.45"
"10","004","00","006","0606","0290","482","368","114","23","505","847","0","59.62","43.45"
"10","004","00","006","0607","0000","1786","1362","424","56","1842","3232","0","56.99","42.14"
"10","004","00","006","0607","0283","556","445","111","20","576","1003","0","57.43","44.37"
"10","004","00","006","0607","0284","589","447","142","15","604","1106","0","54.61","40.42"
"10","004","00","006","0607","0285","641","470","171","21","662","1123","0","58.95","41.85"
"10","004","00","006","0608","0000","2802","2143","659","91","2893","5237","0","55.24","40.92"
"10","004","00","006","0608","0305","753","579","174","32","785","1302","0","60.29","44.47"
"10","004","00","006","0608","0306","763","575","188","20","783","1410","0","55.53","40.78"
"10","004","00","006","0608","0307","681","523","158","13","694","1267","0","54.78","41.28"
"10","004","00","006","0608","0308","605","466","139","26","631","1258","0","50.16","37.04"
"10","004","00","006","0609","0000","1081","847","234","63","1144","2092","0","54.68","40.49"
"10","004","00","006","0609","0293","529","427","102","34","563","1029","0","54.71","41.5"
"10","004","00","006","0609","0294","552","420","132","29","581","1063","0","54.66","39.51"
"10","004","00","006","0610","0000","1367","1037","330","29","1396","2500","0","55.84","41.48"
"10","004","00","006","0610","0295","571","440","131","11","582","1055","0","55.17","41.71"
"10","004","00","006","0610","0296","796","597","199","18","814","1445","0","56.33","41.31"
"10","004","00","006","0611","0000","2472","1881","591","64","2536","4382","0","57.87","42.93"
"10","004","00","006","0611","0311","664","501","163","15","679","1157","0","58.69","43.3"
"10","004","00","006","0611","0312","557","437","120","21","578","1089","0","53.08","40.13"
"10","004","00","006","0611","0313","651","480","171","15","666","1160","0","57.41","41.38"
"10","004","00","006","0611","0314","600","463","137","13","613","976","0","62.81","47.44"
"10","004","00","006","0612","0000","772","598","174","20","792","1486","0","53.3","40.24"
"10","004","00","006","0612","0303","772","598","174","20","792","1486","0","53.3","40.24"
"10","004","00","006","0613","0000","642","493","149","29","671","1067","0","62.89","46.2"
"10","004","00","006","0613","0304","642","493","149","29","671","1067","0","62.89","46.2"
"10","004","00","006","0614","0000","2099","1548","551","67","2166","3519","0","61.55","43.99"
"10","004","00","006","0614","0297","841","615","226","27","868","1413","0","61.43","43.52"
"10","004","00","006","0614","0298","598","439","159","25","623","971","0","64.16","45.21"
"10","004","00","006","0614","0299","660","494","166","15","675","1135","0","59.47","43.52"
"10","004","00","006","0615","0000","2285","1698","587","76","2361","4188","0","56.38","40.54"
"10","004","00","006","0615","0300","656","488","168","29","685","1269","0","53.98","38.46"
"10","004","00","006","0615","0301","684","518","166","27","711","1257","0","56.56","41.21"
"10","004","00","006","0615","0302","945","692","253","20","965","1662","0","58.06","41.64"
"10","004","00","006","0616","0000","2890","2181","709","100","2990","5339","0","56.0","40.85"
"10","004","00","006","0616","0315","797","598","199","30","827","1443","0","57.31","41.44"
"10","004","00","006","0616","0316","612","463","149","20","632","1247","0","50.68","37.13"
"10","004","00","006","0616","0317","779","581","198","16","795","1411","0","56.34","41.18"
"10","004","00","006","0616","0318","702","539","163","34","736","1238","0","59.45","43.54"
"10","004","00","006","0617","0000","1385","1054","331","33","1418","2673","0","53.05","39.43"
"10","004","00","006","0617","0309","603","445","158","12","615","1217","0","50.53","36.57"
"10","004","00","006","0617","0310","782","609","173","21","803","1456","0","55.15","41.83"
"10","004","00","007","0000","0000","9801","7391","2410","446","10247","17293","20043","59.26","42.74"
"10","004","00","007","0701","0000","364","283","81","15","379","534","0","70.97","53.0"
"10","004","00","007","0701","0320","364","283","81","15","379","534","0","70.97","53.0"
"10","004","00","007","0702","0000","234","178","56","13","247","417","0","59.23","42.69"
"10","004","00","007","0702","0319","234","178","56","13","247","417","0","59.23","42.69"
"10","004","00","007","0703","0000","546","405","141","20","566","963","0","58.77","42.06"
"10","004","00","007","0703","0321","546","405","141","20","566","963","0","58.77","42.06"
"10","004","00","007","0704","0000","255","187","68","16","271","418","0","64.83","44.74"
"10","004","00","007","0704","0322","255","187","68","16","271","418","0","64.83","44.74"
"10","004","00","007","0705","0000","1359","1039","320","56","1415","2666","0","53.08","38.97"
"10","004","00","007","0705","0323","697","542","155","31","728","1312","0","55.49","41.31"
"10","004","00","007","0705","0324","662","497","165","25","687","1354","0","50.74","36.71"
"10","004","00","007","0706","0000","920","700","220","48","968","1582","0","61.19","44.25"
"10","004","00","007","0706","0325","447","333","114","30","477","785","0","60.76","42.42"
"10","004","00","007","0706","0326","473","367","106","18","491","797","0","61.61","46.05"
"10","004","00","007","0707","0000","383","309","74","18","401","623","0","64.37","49.6"
"10","004","00","007","0707","0327","383","309","74","18","401","623","0","64.37","49.6"
"10","004","00","007","0708","0000","437","343","94","20","457","759","0","60.21","45.19"
"10","004","00","007","0708","0328","437","343","94","20","457","759","0","60.21","45.19"
"10","004","00","007","0709","0000","1268","952","316","56","1324","2401","0","55.14","39.65"
"10","004","00","007","0709","0329","616","445","171","34","650","1272","0","51.1","34.98"
"10","004","00","007","0709","0330","652","507","145","22","674","1129","0","59.7","44.91"
"10","004","00","007","0710","0000","929","706","223","40","969","1552","0","62.44","45.49"
"10","004","00","007","0710","0331","430","321","109","17","447","713","0","62.69","45.02"
"10","004","00","007","0710","0332","499","385","114","23","522","839","0","62.22","45.89"
"10","004","00","007","0711","0000","2492","1821","671","102","2594","4276","0","60.66","42.59"
"10","004","00","007","0711","0333","713","559","154","28","741","1123","0","65.98","49.78"
"10","004","00","007","0711","0334","573","431","142","20","593","981","0","60.45","43.93"
"10","004","00","007","0711","0335","632","407","225","31","663","1078","0","61.5","37.76"
"10","004","00","007","0711","0336","574","424","150","23","597","1094","0","54.57","38.76"
"10","004","00","007","0712","0000","614","468","146","42","656","1102","0","59.53","42.47"
"10","004","00","007","0712","0337","614","468","146","42","656","1102","0","59.53","42.47"
"10","004","00","008","0000","0000","6362","5052","1310","378","6740","11346","13013","59.4","44.53"
"10","004","00","008","0801","0000","1959","1533","426","108","2067","3404","0","60.72","45.04"
"10","004","00","008","0801","0338","709","544","165","44","753","1231","0","61.17","44.19"
"10","004","00","008","0801","0339","588","459","129","40","628","1041","0","60.33","44.09"
"10","004","00","008","0801","0340","662","530","132","24","686","1132","0","60.6","46.82"
"10","004","00","008","0802","0000","510","407","103","27","537","859","0","62.51","47.38"
"10","004","00","008","0802","0341","510","407","103","27","537","859","0","62.51","47.38"
"10","004","00","008","0803","0000","108","92","16","13","121","204","0","59.31","45.1"
"10","004","00","008","0803","0342","108","92","16","13","121","204","0","59.31","45.1"
"10","004","00","008","0804","0000","97","83","14","5","102","222","0","45.95","37.39"
"10","004","00","008","0804","0343","97","83","14","5","102","222","0","45.95","37.39"
"10","004","00","008","0805","0000","206","151","55","13","219","338","0","64.79","44.67"
"10","004","00","008","0805","0344","206","151","55","13","219","338","0","64.79","44.67"
"10","004","00","008","0806","0000","468","385","83","24","492","916","0","53.71","42.03"
"10","004","00","008","0806","0345","468","385","83","24","492","916","0","53.71","42.03"
"10","004","00","008","0807","0000","219","182","37","11","230","463","0","49.68","39.31"
"10","004","00","008","0807","0348","219","182","37","11","230","463","0","49.68","39.31"
"10","004","00","008","0808","0000","551","430","121","40","591","978","0","60.43","43.97"
"10","004","00","008","0808","0349","409","314","95","31","440","690","0","63.77","45.51"
"10","004","00","008","0808","0350","142","116","26","9","151","288","0","52.43","40.28"
"10","004","00","008","0809","0000","915","719","196","64","979","1553","0","63.04","46.3"
"10","004","00","008","0809","0351","403","311","92","39","442","685","0","64.53","45.4"
"10","004","00","008","0809","0352","512","408","104","25","537","868","0","61.87","47.0"
"10","004","00","008","0810","0000","911","753","158","57","968","1561","0","62.01","48.24"
"10","004","00","008","0810","0353","911","753","158","57","968","1561","0","62.01","48.24"
"10","004","00","008","0811","0000","418","317","101","16","434","848","0","51.18","37.38"
"10","004","00","008","0811","0346","234","184","50","8","242","573","0","42.23","32.11"
"10","004","00","008","0811","0347","184","133","51","8","192","275","0","69.82","48.36"
"10","004","00","009","0000","0000","4451","3431","1020","209","4660","8180","9352","56.97","41.94"
"10","004","00","009","0901","0000","597","445","152","13","610","1158","0","52.68","38.43"
"10","004","00","009","0901","0354","597","445","152","13","610","1158","0","52.68","38.43"
"10","004","00","009","0902","0000","701","516","185","43","744","1238","0","60.1","41.68"
"10","004","00","009","0902","0355","701","516","185","43","744","1238","0","60.1","41.68"
"10","004","00","009","0903","0000","1420","1100","320","63","1483","2584","0","57.39","42.57"
"10","004","00","009","0903","0357","528","420","108","21","549","931","0","58.97","45.11"
"10","004","00","009","0903","0358","892","680","212","42","934","1653","0","56.5","41.14"
"10","004","00","009","0904","0000","464","368","96","20","484","845","0","57.28","43.55"
"10","004","00","009","0904","0359","464","368","96","20","484","845","0","57.28","43.55"
"10","004","00","009","0905","0000","209","168","41","11","220","384","0","57.29","43.75"
"10","004","00","009","0905","0360","209","168","41","11","220","384","0","57.29","43.75"
"10","004","00","009","0906","0000","406","316","90","24","430","763","0","56.36","41.42"
"10","004","00","009","0906","0361","406","316","90","24","430","763","0","56.36","41.42"
"10","004","00","009","0907","0000","324","250","74","18","342","580","0","58.97","43.1"
"10","004","00","009","0907","0356","324","250","74","18","342","580","0","58.97","43.1"
"10","004","00","009","0908","0000","171","131","40","13","184","333","0","55.26","39.34"
"10","004","00","009","0908","0362","171","131","40","13","184","333","0","55.26","39.34"
"10","004","00","009","0909","0000","159","137","22","4","163","295","0","55.25","46.44"
"10","004","00","009","0909","0363","159","137","22","4","163","295","0","55.25","46.44"
"10","004","00","010","0000","0000","7329","5395","1934","307","7636","12973","14681","58.86","41.59"
"10","004","00","010","1001","0000","1452","1011","441","45","1497","2595","0","57.69","38.96"
"10","004","00","010","1001","0364","643","462","181","20","663","1158","0","57.25","39.9"
"10","004","00","010","1001","0365","809","549","260","25","834","1437","0","58.04","38.2"
"10","004","00","010","1002","0000","1063","726","337","42","1105","1900","0","58.16","38.21"
"10","004","00","010","1002","0368","1063","726","337","42","1105","1900","0","58.16","38.21"
"10","004","00","010","1003","0000","528","391","137","17","545","1056","0","51.61","37.03"
"10","004","00","010","1003","0369","528","391","137","17","545","1056","0","51.61","37.03"
"10","004","00","010","1004","0000","712","566","146","45","757","1205","0","62.82","46.97"
"10","004","00","010","1004","0370","712","566","146","45","757","1205","0","62.82","46.97"
"10","004","00","010","1005","0000","495","393","102","26","521","846","0","61.58","46.45"
"10","004","00","010","1005","0372","495","393","102","26","521","846","0","61.58","46.45"
"10","004","00","010","1006","0000","417","339","78","25","442","766","0","57.7","44.26"
"10","004","00","010","1006","0371","417","339","78","25","442","766","0","57.7","44.26"
"10","004","00","010","1007","0000","348","253","95","13","361","554","0","65.16","45.67"
"10","004","00","010","1007","0375","348","253","95","13","361","554","0","65.16","45.67"
"10","004","00","010","1008","0000","470","345","125","18","488","804","0","60.7","42.91"
"10","004","00","010","1008","0373","470","345","125","18","488","804","0","60.7","42.91"
"10","004","00","010","1009","0000","360","285","75","9","369","607","0","60.79","46.95"
"10","004","00","010","1009","0374","360","285","75","9","369","607","0","60.79","46.95"
"10","004","00","010","1010","0000","1484","1086","398","67","1551","2640","0","58.75","41.14"
"10","004","00","010","1010","0366","811","601","210","33","844","1470","0","57.41","40.88"
"10","004","00","010","1010","0367","673","485","188","34","707","1170","0","60.43","41.45"
"10","004","00","011","0000","0000","2921","2327","594","156","3077","5068","5638","60.71","45.92"
"10","004","00","011","1101","0000","539","420","119","37","576","879","0","65.53","47.78"
"10","004","00","011","1101","0376","539","420","119","37","576","879","0","65.53","47.78"
"10","004","00","011","1102","0000","409","309","100","24","433","683","0","63.4","45.24"
"10","004","00","011","1102","0377","409","309","100","24","433","683","0","63.4","45.24"
"10","004","00","011","1103","0000","346","275","71","21","367","604","0","60.76","45.53"
"10","004","00","011","1103","0378","346","275","71","21","367","604","0","60.76","45.53"
"10","004","00","011","1104","0000","817","659","158","40","857","1406","0","60.95","46.87"
"10","004","00","011","1104","0381","817","659","158","40","857","1406","0","60.95","46.87"
"10","004","00","011","1105","0000","312","266","46","13","325","615","0","52.85","43.25"
"10","004","00","011","1105","0379","190","162","28","9","199","339","0","58.7","47.79"
"10","004","00","011","1105","0380","122","104","18","4","126","276","0","45.65","37.68"
"10","004","00","011","1106","0000","498","398","100","21","519","881","0","58.91","45.18"
"10","004","00","011","1106","0382","282","236","46","9","291","462","0","62.99","51.08"
"10","004","00","011","1106","0383","216","162","54","12","228","419","0","54.42","38.66"
"10","004","00","012","0000","0000","4124","3551","573","140","4264","7364","9683","57.9","48.22"
"10","004","00","012","1201","0000","318","286","32","21","339","599","0","56.59","47.75"
"10","004","00","012","1201","0386","100","90","10","11","111","225","0","49.33","40.0"
"10","004","00","012","1201","0387","218","196","22","10","228","374","0","60.96","52.41"
"10","004","00","012","1202","0000","439","365","74","13","452","831","0","54.39","43.92"
"10","004","00","012","1202","0384","233","193","40","10","243","474","0","51.27","40.72"
"10","004","00","012","1202","0385","206","172","34","3","209","357","0","58.54","48.18"
"10","004","00","012","1203","0000","771","676","95","22","793","1263","0","62.79","53.52"
"10","004","00","012","1203","0388","427","367","60","11","438","773","0","56.66","47.48"
"10","004","00","012","1203","0389","344","309","35","11","355","490","0","72.45","63.06"
"10","004","00","012","1204","0000","408","361","47","22","430","613","0","70.15","58.89"
"10","004","00","012","1204","0392","408","361","47","22","430","613","0","70.15","58.89"
"10","004","00","012","1205","0000","654","586","68","13","667","1191","0","56.0","49.2"
"10","004","00","012","1205","0390","261","229","32","4","265","531","0","49.91","43.13"
"10","004","00","012","1205","0391","393","357","36","9","402","660","0","60.91","54.09"
"10","004","00","012","1206","0000","720","594","126","18","738","1294","0","57.03","45.9"
"10","004","00","012","1206","0393","313","251","62","3","316","593","0","53.29","42.33"
"10","004","00","012","1206","0394","326","272","54","12","338","575","0","58.78","47.3"
"10","004","00","012","1206","0395","81","71","10","3","84","126","0","66.67","56.35"
"10","004","00","012","1207","0000","814","683","131","31","845","1573","0","53.72","43.42"
"10","004","00","012","1207","0396","272","249","23","4","276","499","0","55.31","49.9"
"10","004","00","012","1207","0397","352","288","64","17","369","785","0","47.01","36.69"
"10","004","00","012","1207","0398","190","146","44","10","200","289","0","69.2","50.52"
"10","004","00","013","0000","0000","2117","1774","343","65","2182","3997","4802","54.59","44.38"
"10","004","00","013","1301","0000","763","644","119","30","793","1385","0","57.26","46.5"
"10","004","00","013","1301","0399","409","354","55","21","430","672","0","63.99","52.68"
"10","004","00","013","1301","0400","354","290","64","9","363","713","0","50.91","40.67"
"10","004","00","013","1302","0000","396","335","61","11","407","727","0","55.98","46.08"
"10","004","00","013","1302","0403","396","335","61","11","407","727","0","55.98","46.08"
"10","004","00","013","1303","0000","228","189","39","4","232","395","0","58.73","47.85"
"10","004","00","013","1303","0404","228","189","39","4","232","395","0","58.73","47.85"
"10","004","00","013","1304","0000","730","606","124","20","750","1490","0","50.34","40.67"
"10","004","00","013","1304","0401","266","217","49","8","274","594","0","46.13","36.53"
"10","004","00","013","1304","0402","464","389","75","12","476","896","0","53.13","43.42"
"10","005","00","000","0000","0000","251743","193302","58441","11832","263575","461580","549798","57.1","41.88"
"10","005","00","001","0000","0000","41545","31728","9817","1549","43094","74249","88300","58.04","42.73"
"10","005","00","001","0101","0000","607","459","148","24","631","1087","0","58.05","42.23"
"10","005","00","001","0101","0001","607","459","148","24","631","1087","0","58.05","42.23"
"10","005","00","001","0102","0000","2361","1779","582","85","2446","4075","0","60.02","43.66"
"10","005","00","001","0102","0049","617","473","144","27","644","1003","0","64.21","47.16"
"10","005","00","001","0102","0050","573","416","157","9","582","1000","0","58.2","41.6"
"10","005","00","001","0102","0051","572","434","138","18","590","1047","0","56.35","41.45"
"10","005","00","001","0102","0052","599","456","143","31","630","1025","0","61.46","44.49"
"10","005","00","001","0103","0000","546","415","131","23","569","1018","0","55.89","40.77"
"10","005","00","001","0103","0002","546","415","131","23","569","1018","0","55.89","40.77"
"10","005","00","001","0104","0000","1294","1027","267","54","1348","2234","0","60.34","45.97"
"10","005","00","001","0104","0009","628","485","143","33","661","1115","0","59.28","43.5"
"10","005","00","001","0104","0010","666","542","124","21","687","1119","0","61.39","48.44"
"10","005","00","001","0105","0000","2139","1618","521","65","2204","3685","0","59.81","43.91"
"10","005","00","001","0105","0011","681","508","173","15","696","1132","0","61.48","44.88"
"10","005","00","001","0105","0012","721","553","168","26","747","1289","0","57.95","42.9"
"10","005","00","001","0105","0013","737","557","180","24","761","1264","0","60.21","44.07"
"10","005","00","001","0106","0000","2116","1640","476","104","2220","3702","0","59.97","44.3"
"10","005","00","001","0106","0006","687","531","156","30","717","1203","0","59.6","44.14"
"10","005","00","001","0106","0007","745","583","162","40","785","1306","0","60.11","44.64"
"10","005","00","001","0106","0008","684","526","158","34","718","1193","0","60.18","44.09"
"10","005","00","001","0107","0000","1832","1400","432","69","1901","3358","0","56.61","41.69"
"10","005","00","001","0107","0003","636","479","157","13","649","1156","0","56.14","41.44"
"10","005","00","001","0107","0004","591","465","126","23","614","1118","0","54.92","41.59"
"10","005","00","001","0107","0005","605","456","149","33","638","1084","0","58.86","42.07"
"10","005","00","001","0108","0000","472","391","81","23","495","870","0","56.9","44.94"
"10","005","00","001","0108","0014","472","391","81","23","495","870","0","56.9","44.94"
"10","005","00","001","0109","0000","1684","1294","390","55","1739","3163","0","54.98","40.91"
"10","005","00","001","0109","0015","491","388","103","22","513","1008","0","50.89","38.49"
"10","005","00","001","0109","0016","549","407","142","22","571","1078","0","52.97","37.76"
"10","005","00","001","0109","0017","644","499","145","11","655","1077","0","60.82","46.33"
"10","005","00","001","0110","0000","473","367","106","30","503","894","0","56.26","41.05"
"10","005","00","001","0110","0019","473","367","106","30","503","894","0","56.26","41.05"
"10","005","00","001","0111","0000","282","226","56","23","305","522","0","58.43","43.3"
"10","005","00","001","0111","0020","282","226","56","23","305","522","0","58.43","43.3"
"10","005","00","001","0112","0000","503","381","122","17","520","880","0","59.09","43.3"
"10","005","00","001","0112","0018","503","381","122","17","520","880","0","59.09","43.3"
"10","005","00","001","0113","0000","2332","1780","552","81","2413","3964","0","60.87","44.9"
"10","005","00","001","0113","0024","690","516","174","22","712","1272","0","55.97","40.57"
"10","005","00","001","0113","0025","696","531","165","20","716","1112","0","64.39","47.75"
"10","005","00","001","0113","0026","530","416","114","17","547","813","0","67.28","51.17"
"10","005","00","001","0113","0027","416","317","99","22","438","767","0","57.11","41.33"
"10","005","00","001","0114","0000","842","629","213","33","875","1376","0","63.59","45.71"
"10","005","00","001","0114","0021","842","629","213","33","875","1376","0","63.59","45.71"
"10","005","00","001","0115","0000","957","709","248","22","979","1597","0","61.3","44.4"
"10","005","00","001","0115","0031","358","274","84","7","365","607","0","60.13","45.14"
"10","005","00","001","0115","0032","599","435","164","15","614","990","0","62.02","43.94"
"10","005","00","001","0116","0000","2799","2099","700","110","2909","5087","0","57.18","41.26"
"10","005","00","001","0116","0033","641","495","146","29","670","1230","0","54.47","40.24"
"10","005","00","001","0116","0034","765","588","177","34","799","1372","0","58.24","42.86"
"10","005","00","001","0116","0035","691","508","183","23","714","1213","0","58.86","41.88"
"10","005","00","001","0116","0036","702","508","194","24","726","1272","0","57.08","39.94"
"10","005","00","001","0117","0000","1742","1333","409","60","1802","3157","0","57.08","42.22"
"10","005","00","001","0117","0028","559","421","138","19","578","1010","0","57.23","41.68"
"10","005","00","001","0117","0029","649","502","147","17","666","1182","0","56.35","42.47"
"10","005","00","001","0117","0030","534","410","124","24","558","965","0","57.82","42.49"
"10","005","00","001","0118","0000","1949","1512","437","76","2025","3496","0","57.92","43.25"
"10","005","00","001","0118","0037","719","578","141","28","747","1221","0","61.18","47.34"
"10","005","00","001","0118","0038","615","459","156","33","648","1104","0","58.7","41.58"
"10","005","00","001","0118","0039","615","475","140","15","630","1171","0","53.8","40.56"
"10","005","00","001","0119","0000","2324","1764","560","75","2399","4135","0","58.02","42.66"
"10","005","00","001","0119","0040","760","588","172","24","784","1392","0","56.32","42.24"
"10","005","00","001","0119","0041","770","590","180","28","798","1356","0","58.85","43.51"
"10","005","00","001","0119","0042","794","586","208","23","817","1387","0","58.9","42.25"
"10","005","00","001","0120","0000","613","488","125","34","647","1180","0","54.83","41.36"
"10","005","00","001","0120","0063","613","488","125","34","647","1180","0","54.83","41.36"
"10","005","00","001","0121","0000","2096","1566","530","67","2163","3644","0","59.36","42.97"
"10","005","00","001","0121","0057","667","504","163","23","690","1125","0","61.33","44.8"
"10","005","00","001","0121","0058","670","498","172","24","694","1241","0","55.92","40.13"
"10","005","00","001","0121","0059","759","564","195","20","779","1278","0","60.95","44.13"
"10","005","00","001","0122","0000","2699","2068","631","102","2801","5200","0","53.87","39.77"
"10","005","00","001","0122","0053","585","467","118","25","610","1130","0","53.98","41.33"
"10","005","00","001","0122","0054","636","470","166","16","652","1146","0","56.89","41.01"
"10","005","00","001","0122","0055","797","583","214","31","828","1432","0","57.82","40.71"
"10","005","00","001","0122","0056","681","548","133","30","711","1492","0","47.65","36.73"
"10","005","00","001","0123","0000","1362","1029","333","60","1422","2472","0","57.52","41.63"
"10","005","00","001","0123","0022","743","566","177","26","769","1391","0","55.28","40.69"
"10","005","00","001","0123","0023","619","463","156","34","653","1081","0","60.41","42.83"
"10","005","00","001","0124","0000","831","629","202","37","868","1665","0","52.13","37.78"
"10","005","00","001","0124","0066","404","330","74","22","426","796","0","53.52","41.46"
"10","005","00","001","0124","0067","427","299","128","15","442","869","0","50.86","34.41"
"10","005","00","001","0125","0000","1922","1453","469","75","1997","3412","0","58.53","42.58"
"10","005","00","001","0125","0043","652","487","165","25","677","1206","0","56.14","40.38"
"10","005","00","001","0125","0044","611","473","138","31","642","1004","0","63.94","47.11"
"10","005","00","001","0125","0045","659","493","166","19","678","1202","0","56.41","41.01"
"10","005","00","001","0126","0000","1787","1365","422","55","1842","2900","0","63.52","47.07"
"10","005","00","001","0126","0046","624","465","159","17","641","1052","0","60.93","44.2"
"10","005","00","001","0126","0047","529","404","125","19","548","873","0","62.77","46.28"
"10","005","00","001","0126","0048","634","496","138","19","653","975","0","66.97","50.87"
"10","005","00","001","0127","0000","1107","883","224","38","1145","1984","0","57.71","44.51"
"10","005","00","001","0127","0064","621","479","142","15","636","1072","0","59.33","44.68"
"10","005","00","001","0127","0065","486","404","82","23","509","912","0","55.81","44.3"
"10","005","00","001","0128","0000","1874","1424","450","52","1926","3492","0","55.15","40.78"
"10","005","00","001","0128","0060","713","542","171","18","731","1293","0","56.54","41.92"
"10","005","00","001","0128","0061","694","520","174","21","715","1342","0","53.28","38.75"
"10","005","00","001","0128","0062","467","362","105","13","480","857","0","56.01","42.24"
"10","005","00","002","0000","0000","21286","16565","4721","1128","22414","38890","45367","57.63","42.59"
"10","005","00","002","0201","0000","1267","980","287","53","1320","2219","0","59.49","44.16"
"10","005","00","002","0201","0183","493","379","114","30","523","873","0","59.91","43.41"
"10","005","00","002","0201","0184","774","601","173","23","797","1346","0","59.21","44.65"
"10","005","00","002","0202","0000","947","738","209","38","985","1566","0","62.9","47.13"
"10","005","00","002","0202","0185","606","459","147","23","629","951","0","66.14","48.26"
"10","005","00","002","0202","0186","341","279","62","15","356","615","0","57.89","45.37"
"10","005","00","002","0203","0000","515","420","95","0","515","878","0","58.66","47.84"
"10","005","00","002","0203","0187","515","420","95","0","515","878","0","58.66","47.84"
"10","005","00","002","0204","0000","882","674","208","41","923","1543","0","59.82","43.68"
"10","005","00","002","0204","0188","455","336","119","20","475","767","0","61.93","43.81"
"10","005","00","002","0204","0189","427","338","89","21","448","776","0","57.73","43.56"
"10","005","00","002","0205","0000","636","499","137","39","675","1231","0","54.83","40.54"
"10","005","00","002","0205","0190","636","499","137","39","675","1231","0","54.83","40.54"
"10","005","00","002","0206","0000","1116","870","246","50","1166","1995","0","58.45","43.61"
"10","005","00","002","0206","0191","664","514","150","24","688","1145","0","60.09","44.89"
"10","005","00","002","0206","0192","452","356","96","26","478","850","0","56.24","41.88"
"10","005","00","002","0207","0000","553","432","121","34","587","1052","0","55.8","41.06"
"10","005","00","002","0207","0193","553","432","121","34","587","1052","0","55.8","41.06"
"10","005","00","002","0208","0000","1246","946","300","69","1315","2250","0","58.44","42.04"
"10","005","00","002","0208","0194","608","471","137","31","639","1114","0","57.36","42.28"
"10","005","00","002","0208","0195","638","475","163","38","676","1136","0","59.51","41.81"
"10","005","00","002","0209","0000","2198","1674","524","107","2305","3922","0","58.77","42.68"
"10","005","00","002","0209","0196","640","493","147","40","680","1194","0","56.95","41.29"
"10","005","00","002","0209","0197","870","675","195","39","909","1579","0","57.57","42.75"
"10","005","00","002","0209","0198","688","506","182","28","716","1149","0","62.32","44.04"
"10","005","00","002","0210","0000","1144","877","267","65","1209","2158","0","56.02","40.64"
"10","005","00","002","0210","0199","606","457","149","37","643","1057","0","60.83","43.24"
"10","005","00","002","0210","0200","538","420","118","28","566","1101","0","51.41","38.15"
"10","005","00","002","0211","0000","428","336","92","28","456","912","0","50.0","36.84"
"10","005","00","002","0211","0201","428","336","92","28","456","912","0","50.0","36.84"
"10","005","00","002","0212","0000","350","279","71","18","368","652","0","56.44","42.79"
"10","005","00","002","0212","0202","350","279","71","18","368","652","0","56.44","42.79"
"10","005","00","002","0213","0000","731","568","163","53","784","1348","0","58.16","42.14"
"10","005","00","002","0213","0203","731","568","163","53","784","1348","0","58.16","42.14"
"10","005","00","002","0214","0000","697","524","173","32","729","1395","0","52.26","37.56"
"10","005","00","002","0214","0204","367","275","92","14","381","733","0","51.98","37.52"
"10","005","00","002","0214","0205","330","249","81","18","348","662","0","52.57","37.61"
"10","005","00","002","0215","0000","1018","786","232","51","1069","1803","0","59.29","43.59"
"10","005","00","002","0215","0206","492","372","120","28","520","893","0","58.23","41.66"
"10","005","00","002","0215","0207","526","414","112","23","549","910","0","60.33","45.49"
"10","005","00","002","0216","0000","653","511","142","55","708","1270","0","55.75","40.24"
"10","005","00","002","0216","0208","653","511","142","55","708","1270","0","55.75","40.24"
"10","005","00","002","0217","0000","273","209","64","19","292","545","0","53.58","38.35"
"10","005","00","002","0217","0209","273","209","64","19","292","545","0","53.58","38.35"
"10","005","00","002","0218","0000","468","389","79","34","502","792","0","63.38","49.12"
"10","005","00","002","0218","0210","468","389","79","34","502","792","0","63.38","49.12"
"10","005","00","002","0219","0000","1327","1046","281","63","1390","2316","0","60.02","45.16"
"10","005","00","002","0219","0218","625","505","120","18","643","1082","0","59.43","46.67"
"10","005","00","002","0219","0219","702","541","161","45","747","1234","0","60.53","43.84"
"10","005","00","002","0220","0000","805","639","166","36","841","1609","0","52.27","39.71"
"10","005","00","002","0220","0212","361","294","67","11","372","827","0","44.98","35.55"
"10","005","00","002","0220","0213","444","345","99","25","469","782","0","59.97","44.12"
"10","005","00","002","0221","0000","845","662","183","59","904","1634","0","55.32","40.51"
"10","005","00","002","0221","0214","413","327","86","23","436","788","0","55.33","41.5"
"10","005","00","002","0221","0215","432","335","97","36","468","846","0","55.32","39.6"
"10","005","00","002","0222","0000","989","791","198","66","1055","1771","0","59.57","44.66"
"10","005","00","002","0222","0216","470","373","97","35","505","828","0","60.99","45.05"
"10","005","00","002","0222","0217","519","418","101","31","550","943","0","58.32","44.33"
"10","005","00","002","0223","0000","395","304","91","22","417","726","0","57.44","41.87"
"10","005","00","002","0223","0211","395","304","91","22","417","726","0","57.44","41.87"
"10","005","00","002","0224","0000","710","555","155","54","764","1434","0","53.28","38.7"
"10","005","00","002","0224","0220","710","555","155","54","764","1434","0","53.28","38.7"
"10","005","00","002","0225","0000","1093","856","237","42","1135","1869","0","60.73","45.8"
"10","005","00","002","0225","0221","553","441","112","18","571","987","0","57.85","44.68"
"10","005","00","002","0225","0222","540","415","125","24","564","882","0","63.95","47.05"
"10","005","00","003","0000","0000","15497","12021","3476","821","16318","29709","34122","54.93","40.46"
"10","005","00","003","0301","0000","631","453","178","42","673","1142","0","58.93","39.67"
"10","005","00","003","0301","0149","631","453","178","42","673","1142","0","58.93","39.67"
"10","005","00","003","0302","0000","1134","871","263","52","1186","1952","0","60.76","44.62"
"10","005","00","003","0302","0150","553","408","145","24","577","884","0","65.27","46.15"
"10","005","00","003","0302","0151","581","463","118","28","609","1068","0","57.02","43.35"
"10","005","00","003","0303","0000","1177","910","267","37","1214","1868","0","64.99","48.72"
"10","005","00","003","0303","0152","626","493","133","25","651","1009","0","64.52","48.86"
"10","005","00","003","0303","0153","551","417","134","12","563","859","0","65.54","48.54"
"10","005","00","003","0304","0000","902","712","190","33","935","1551","0","60.28","45.91"
"10","005","00","003","0304","0157","497","394","103","23","520","761","0","68.33","51.77"
"10","005","00","003","0304","0158","405","318","87","10","415","790","0","52.53","40.25"
"10","005","00","003","0305","0000","381","312","69","27","408","686","0","59.48","45.48"
"10","005","00","003","0305","0156","381","312","69","27","408","686","0","59.48","45.48"
"10","005","00","003","0306","0000","1414","1139","275","65","1479","2709","0","54.6","42.05"
"10","005","00","003","0306","0159","515","401","114","19","534","966","0","55.28","41.51"
"10","005","00","003","0306","0160","477","394","83","28","505","972","0","51.95","40.53"
"10","005","00","003","0306","0161","422","344","78","18","440","771","0","57.07","44.62"
"10","005","00","003","0307","0000","356","259","97","9","365","684","0","53.36","37.87"
"10","005","00","003","0307","0168","356","259","97","9","365","684","0","53.36","37.87"
"10","005","00","003","0308","0000","415","340","75","26","441","943","0","46.77","36.06"
"10","005","00","003","0308","0169","415","340","75","26","441","943","0","46.77","36.06"
"10","005","00","003","0309","0000","444","334","110","36","480","790","0","60.76","42.28"
"10","005","00","003","0309","0170","444","334","110","36","480","790","0","60.76","42.28"
"10","005","00","003","0310","0000","289","236","53","7","296","673","0","43.98","35.07"
"10","005","00","003","0310","0171","289","236","53","7","296","673","0","43.98","35.07"
"10","005","00","003","0311","0000","613","488","125","38","651","1232","0","52.84","39.61"
"10","005","00","003","0311","0172","613","488","125","38","651","1232","0","52.84","39.61"
"10","005","00","003","0312","0000","717","587","130","41","758","1286","0","58.94","45.65"
"10","005","00","003","0312","0173","717","587","130","41","758","1286","0","58.94","45.65"
"10","005","00","003","0313","0000","734","563","171","44","778","1418","0","54.87","39.7"
"10","005","00","003","0313","0174","369","285","84","20","389","649","0","59.94","43.91"
"10","005","00","003","0313","0175","365","278","87","24","389","769","0","50.59","36.15"
"10","005","00","003","0314","0000","907","689","218","43","950","1836","0","51.74","37.53"
"10","005","00","003","0314","0162","341","265","76","24","365","758","0","48.15","34.96"
"10","005","00","003","0314","0163","566","424","142","19","585","1078","0","54.27","39.33"
"10","005","00","003","0315","0000","180","152","28","19","199","459","0","43.36","33.12"
"10","005","00","003","0315","0164","180","152","28","19","199","459","0","43.36","33.12"
"10","005","00","003","0316","0000","421","321","100","28","449","894","0","50.22","35.91"
"10","005","00","003","0316","0165","421","321","100","28","449","894","0","50.22","35.91"
"10","005","00","003","0317","0000","149","116","33","10","159","402","0","39.55","28.86"
"10","005","00","003","0317","0166","149","116","33","10","159","402","0","39.55","28.86"
"10","005","00","003","0318","0000","415","316","99","19","434","802","0","54.11","39.4"
"10","005","00","003","0318","0167","415","316","99","19","434","802","0","54.11","39.4"
"10","005","00","003","0319","0000","1123","852","271","80","1203","2286","0","52.62","37.27"
"10","005","00","003","0319","0176","584","448","136","44","628","1148","0","54.7","39.02"
"10","005","00","003","0319","0177","539","404","135","36","575","1138","0","50.53","35.5"
"10","005","00","003","0320","0000","552","423","129","36","588","1121","0","52.45","37.73"
"10","005","00","003","0320","0178","552","423","129","36","588","1121","0","52.45","37.73"
"10","005","00","003","0321","0000","406","311","95","21","427","769","0","55.53","40.44"
"10","005","00","003","0321","0179","406","311","95","21","427","769","0","55.53","40.44"
"10","005","00","003","0322","0000","712","549","163","39","751","1415","0","53.07","38.8"
"10","005","00","003","0322","0180","297","227","70","13","310","616","0","50.32","36.85"
"10","005","00","003","0322","0181","415","322","93","26","441","799","0","55.19","40.3"
"10","005","00","003","0323","0000","361","281","80","26","387","743","0","52.09","37.82"
"10","005","00","003","0323","0182","361","281","80","26","387","743","0","52.09","37.82"
"10","005","00","003","0324","0000","1064","807","257","43","1107","2048","0","54.05","39.4"
"10","005","00","003","0324","0154","585","426","159","24","609","1040","0","58.56","40.96"
"10","005","00","003","0324","0155","479","381","98","19","498","1008","0","49.4","37.8"
"10","005","00","004","0000","0000","37156","27788","9368","1469","38625","68528","86056","56.36","40.55"
"10","005","00","004","0401","0000","1093","777","316","54","1147","1912","0","59.99","40.64"
"10","005","00","004","0401","0270","631","441","190","25","656","1086","0","60.41","40.61"
"10","005","00","004","0401","0271","462","336","126","29","491","826","0","59.44","40.68"
"10","005","00","004","0402","0000","1812","1316","496","102","1914","3302","0","57.96","39.85"
"10","005","00","004","0402","0272","540","378","162","21","561","1051","0","53.38","35.97"
"10","005","00","004","0402","0273","701","532","169","32","733","1235","0","59.35","43.08"
"10","005","00","004","0402","0274","571","406","165","49","620","1016","0","61.02","39.96"
"10","005","00","004","0403","0000","1393","1029","364","55","1448","2773","0","52.22","37.11"
"10","005","00","004","0403","0275","762","555","207","35","797","1472","0","54.14","37.7"
"10","005","00","004","0403","0276","631","474","157","20","651","1301","0","50.04","36.43"
"10","005","00","004","0404","0000","2318","1635","683","76","2394","4519","0","52.98","36.18"
"10","005","00","004","0404","0277","762","527","235","24","786","1544","0","50.91","34.13"
"10","005","00","004","0404","0278","801","572","229","29","830","1512","0","54.89","37.83"
"10","005","00","004","0404","0279","755","536","219","23","778","1463","0","53.18","36.64"
"10","005","00","004","0405","0000","2986","2236","750","68","3054","5258","0","58.08","42.53"
"10","005","00","004","0405","0280","558","405","153","11","569","1073","0","53.03","37.74"
"10","005","00","004","0405","0281","825","621","204","14","839","1453","0","57.74","42.74"
"10","005","00","004","0405","0282","735","546","189","21","756","1245","0","60.72","43.86"
"10","005","00","004","0405","0283","868","664","204","22","890","1487","0","59.85","44.65"
"10","005","00","004","0406","0000","1887","1376","511","71","1958","3445","0","56.84","39.94"
"10","005","00","004","0406","0284","584","433","151","22","606","1018","0","59.53","42.53"
"10","005","00","004","0406","0285","627","445","182","20","647","1105","0","58.55","40.27"
"10","005","00","004","0406","0286","676","498","178","29","705","1322","0","53.33","37.67"
"10","005","00","004","0407","0000","1971","1486","485","63","2034","3343","0","60.84","44.45"
"10","005","00","004","0407","0287","646","492","154","17","663","1140","0","58.16","43.16"
"10","005","00","004","0407","0288","637","465","172","18","655","1067","0","61.39","43.58"
"10","005","00","004","0407","0289","688","529","159","28","716","1136","0","63.03","46.57"
"10","005","00","004","0408","0000","1654","1239","415","70","1724","3237","0","53.26","38.28"
"10","005","00","004","0408","0290","628","473","155","25","653","1253","0","52.11","37.75"
"10","005","00","004","0408","0291","492","363","129","22","514","963","0","53.37","37.69"
"10","005","00","004","0408","0292","534","403","131","23","557","1021","0","54.55","39.47"
"10","005","00","004","0409","0000","1187","923","264","55","1242","2111","0","58.83","43.72"
"10","005","00","004","0409","0297","539","412","127","24","563","989","0","56.93","41.66"
"10","005","00","004","0409","0298","648","511","137","31","679","1122","0","60.52","45.54"
"10","005","00","004","0410","0000","2325","1785","540","75","2400","4607","0","52.09","38.75"
"10","005","00","004","0410","0299","509","366","143","12","521","1111","0","46.89","32.94"
"10","005","00","004","0410","0300","591","478","113","26","617","1036","0","59.56","46.14"
"10","005","00","004","0410","0301","539","431","108","21","560","1112","0","50.36","38.76"
"10","005","00","004","0410","0302","686","510","176","16","702","1348","0","52.08","37.83"
"10","005","00","004","0411","0000","624","483","141","29","653","1059","0","61.66","45.61"
"10","005","00","004","0411","0306","624","483","141","29","653","1059","0","61.66","45.61"
"10","005","00","004","0412","0000","1628","1222","406","61","1689","2834","0","59.6","43.12"
"10","005","00","004","0412","0307","504","369","135","23","527","869","0","60.64","42.46"
"10","005","00","004","0412","0308","435","344","91","15","450","800","0","56.25","43.0"
"10","005","00","004","0412","0309","689","509","180","23","712","1165","0","61.12","43.69"
"10","005","00","004","0413","0000","819","631","188","33","852","1468","0","58.04","42.98"
"10","005","00","004","0413","0310","445","340","105","17","462","791","0","58.41","42.98"
"10","005","00","004","0413","0311","374","291","83","16","390","677","0","57.61","42.98"
"10","005","00","004","0414","0000","1136","888","248","49","1185","1988","0","59.61","44.67"
"10","005","00","004","0414","0312","487","376","111","34","521","797","0","65.37","47.18"
"10","005","00","004","0414","0313","649","512","137","15","664","1191","0","55.75","42.99"
"10","005","00","004","0415","0000","530","408","122","19","549","1027","0","53.46","39.73"
"10","005","00","004","0415","0314","530","408","122","19","549","1027","0","53.46","39.73"
"10","005","00","004","0416","0000","2112","1575","537","62","2174","3935","0","55.25","40.03"
"10","005","00","004","0416","0315","768","535","233","21","789","1341","0","58.84","39.9"
"10","005","00","004","0416","0316","678","525","153","26","704","1378","0","51.09","38.1"
"10","005","00","004","0416","0317","666","515","151","15","681","1216","0","56.0","42.35"
"10","005","00","004","0417","0000","1131","876","255","55","1186","2108","0","56.26","41.56"
"10","005","00","004","0417","0318","816","638","178","31","847","1570","0","53.95","40.64"
"10","005","00","004","0417","0319","315","238","77","24","339","538","0","63.01","44.24"
"10","005","00","004","0418","0000","564","450","114","22","586","1166","0","50.26","38.59"
"10","005","00","004","0418","0320","564","450","114","22","586","1166","0","50.26","38.59"
"10","005","00","004","0419","0000","2107","1552","555","70","2177","4119","0","52.85","37.68"
"10","005","00","004","0419","0321","764","531","233","19","783","1488","0","52.62","35.69"
"10","005","00","004","0419","0322","713","545","168","17","730","1449","0","50.38","37.61"
"10","005","00","004","0419","0323","630","476","154","34","664","1182","0","56.18","40.27"
"10","005","00","004","0420","0000","1159","875","284","84","1243","2158","0","57.6","40.55"
"10","005","00","004","0420","0324","616","460","156","56","672","1175","0","57.19","39.15"
"10","005","00","004","0420","0325","543","415","128","28","571","983","0","58.09","42.22"
"10","005","00","004","0421","0000","2000","1508","492","95","2095","3715","0","56.39","40.59"
"10","005","00","004","0421","0326","290","242","48","19","309","492","0","62.8","49.19"
"10","005","00","004","0421","0327","592","441","151","31","623","1074","0","58.01","41.06"
"10","005","00","004","0421","0328","445","334","111","29","474","852","0","55.63","39.2"
"10","005","00","004","0421","0329","673","491","182","16","689","1297","0","53.12","37.86"
"10","005","00","004","0422","0000","525","398","127","34","559","1028","0","54.38","38.72"
"10","005","00","004","0422","0330","525","398","127","34","559","1028","0","54.38","38.72"
"10","005","00","004","0423","0000","1750","1293","457","80","1830","3111","0","58.82","41.56"
"10","005","00","004","0423","0303","634","465","169","24","658","1114","0","59.07","41.74"
"10","005","00","004","0423","0304","644","465","179","30","674","1119","0","60.23","41.55"
"10","005","00","004","0423","0305","472","363","109","26","498","878","0","56.72","41.34"
"10","005","00","004","0424","0000","1189","900","289","45","1234","2109","0","58.51","42.67"
"10","005","00","004","0424","0295","715","540","175","30","745","1293","0","57.62","41.76"
"10","005","00","004","0424","0296","474","360","114","15","489","816","0","59.93","44.12"
"10","005","00","004","0425","0000","1256","927","329","42","1298","2196","0","59.11","42.21"
"10","005","00","004","0425","0293","675","494","181","23","698","1154","0","60.49","42.81"
"10","005","00","004","0425","0294","581","433","148","19","600","1042","0","57.58","41.55"
"10","005","00","005","0000","0000","45821","34848","10973","1742","47563","83617","103007","56.88","41.68"
"10","005","00","005","0501","0000","1176","933","243","57","1233","2207","0","55.87","42.27"
"10","005","00","005","0501","0331","463","359","104","34","497","915","0","54.32","39.23"
"10","005","00","005","0501","0332","713","574","139","23","736","1292","0","56.97","44.43"
"10","005","00","005","0502","0000","964","760","204","36","1000","1763","0","56.72","43.11"
"10","005","00","005","0502","0333","530","411","119","22","552","928","0","59.48","44.29"
"10","005","00","005","0502","0334","434","349","85","14","448","835","0","53.65","41.8"
"10","005","00","005","0503","0000","1545","1173","372","48","1593","2988","0","53.31","39.26"
"10","005","00","005","0503","0335","571","446","125","18","589","1070","0","55.05","41.68"
"10","005","00","005","0503","0336","452","347","105","10","462","879","0","52.56","39.48"
"10","005","00","005","0503","0337","522","380","142","20","542","1039","0","52.17","36.57"
"10","005","00","005","0504","0000","1945","1529","416","86","2031","3716","0","54.66","41.15"
"10","005","00","005","0504","0338","634","502","132","27","661","1129","0","58.55","44.46"
"10","005","00","005","0504","0339","548","431","117","24","572","1041","0","54.95","41.4"
"10","005","00","005","0504","0340","763","596","167","35","798","1546","0","51.62","38.55"
"10","005","00","005","0505","0000","2296","1740","556","91","2387","4361","0","54.74","39.9"
"10","005","00","005","0505","0341","557","435","122","26","583","935","0","62.35","46.52"
"10","005","00","005","0505","0342","590","453","137","29","619","1180","0","52.46","38.39"
"10","005","00","005","0505","0343","750","589","161","28","778","1499","0","51.9","39.29"
"10","005","00","005","0505","0344","399","263","136","8","407","747","0","54.48","35.21"
"10","005","00","005","0506","0000","1378","1123","255","74","1452","2599","0","55.87","43.21"
"10","005","00","005","0506","0345","753","613","140","26","779","1406","0","55.41","43.6"
"10","005","00","005","0506","0346","625","510","115","48","673","1193","0","56.41","42.75"
"10","005","00","005","0507","0000","529","408","121","28","557","948","0","58.76","43.04"
"10","005","00","005","0507","0347","529","408","121","28","557","948","0","58.76","43.04"
"10","005","00","005","0508","0000","1792","1335","457","56","1848","3297","0","56.05","40.49"
"10","005","00","005","0508","0348","454","352","102","18","472","869","0","54.32","40.51"
"10","005","00","005","0508","0349","642","480","162","23","665","1142","0","58.23","42.03"
"10","005","00","005","0508","0350","696","503","193","15","711","1286","0","55.29","39.11"
"10","005","00","005","0509","0000","1813","1379","434","64","1877","3105","0","60.45","44.41"
"10","005","00","005","0509","0351","515","393","122","25","540","903","0","59.8","43.52"
"10","005","00","005","0509","0352","708","546","162","26","734","1186","0","61.89","46.04"
"10","005","00","005","0509","0353","590","440","150","13","603","1016","0","59.35","43.31"
"10","005","00","005","0510","0000","889","662","227","44","933","1536","0","60.74","43.1"
"10","005","00","005","0510","0357","500","382","118","21","521","890","0","58.54","42.92"
"10","005","00","005","0510","0358","389","280","109","23","412","646","0","63.78","43.34"
"10","005","00","005","0511","0000","448","326","122","16","464","947","0","49.0","34.42"
"10","005","00","005","0511","0356","448","326","122","16","464","947","0","49.0","34.42"
"10","005","00","005","0512","0000","629","497","132","43","672","1030","0","65.24","48.25"
"10","005","00","005","0512","0363","629","497","132","43","672","1030","0","65.24","48.25"
"10","005","00","005","0513","0000","1034","798","236","37","1071","1968","0","54.42","40.55"
"10","005","00","005","0513","0384","568","443","125","16","584","1121","0","52.1","39.52"
"10","005","00","005","0513","0385","466","355","111","21","487","847","0","57.5","41.91"
"10","005","00","005","0514","0000","1773","1364","409","53","1826","3454","0","52.87","39.49"
"10","005","00","005","0514","0388","817","631","186","19","836","1655","0","50.51","38.13"
"10","005","00","005","0514","0389","956","733","223","34","990","1799","0","55.03","40.74"
"10","005","00","005","0515","0000","2261","1695","566","67","2328","3884","0","59.94","43.64"
"10","005","00","005","0515","0367","779","573","206","19","798","1326","0","60.18","43.21"
"10","005","00","005","0515","0368","778","588","190","24","802","1270","0","63.15","46.3"
"10","005","00","005","0515","0369","704","534","170","24","728","1288","0","56.52","41.46"
"10","005","00","005","0516","0000","2119","1578","541","65","2184","3830","0","57.02","41.2"
"10","005","00","005","0516","0364","746","553","193","29","775","1338","0","57.92","41.33"
"10","005","00","005","0516","0365","780","574","206","19","799","1450","0","55.1","39.59"
"10","005","00","005","0516","0366","593","451","142","17","610","1042","0","58.54","43.28"
"10","005","00","005","0517","0000","1657","1233","424","43","1700","3125","0","54.4","39.46"
"10","005","00","005","0517","0376","870","636","234","17","887","1551","0","57.19","41.01"
"10","005","00","005","0517","0377","787","597","190","26","813","1574","0","51.65","37.93"
"10","005","00","005","0518","0000","2050","1550","500","78","2128","3984","0","53.41","38.91"
"10","005","00","005","0518","0390","633","479","154","30","663","1141","0","58.11","41.98"
"10","005","00","005","0518","0391","757","561","196","27","784","1431","0","54.79","39.2"
"10","005","00","005","0518","0392","660","510","150","21","681","1412","0","48.23","36.12"
"10","005","00","005","0519","0000","759","565","194","44","803","1344","0","59.75","42.04"
"10","005","00","005","0519","0395","759","565","194","44","803","1344","0","59.75","42.04"
"10","005","00","005","0520","0000","941","717","224","43","984","1990","0","49.45","36.03"
"10","005","00","005","0520","0359","555","424","131","31","586","975","0","60.1","43.49"
"10","005","00","005","0520","0360","386","293","93","12","398","1015","0","39.21","28.87"
"10","005","00","005","0521","0000","1451","1129","322","104","1555","2542","0","61.17","44.41"
"10","005","00","005","0521","0361","813","629","184","53","866","1399","0","61.9","44.96"
"10","005","00","005","0521","0362","638","500","138","51","689","1143","0","60.28","43.74"
"10","005","00","005","0522","0000","824","618","206","19","843","1363","0","61.85","45.34"
"10","005","00","005","0522","0396","824","618","206","19","843","1363","0","61.85","45.34"
"10","005","00","005","0523","0000","1446","1127","319","58","1504","2595","0","57.96","43.43"
"10","005","00","005","0523","0398","680","511","169","39","719","1182","0","60.83","43.23"
"10","005","00","005","0523","0399","766","616","150","19","785","1413","0","55.56","43.6"
"10","005","00","005","0524","0000","544","432","112","28","572","898","0","63.7","48.11"
"10","005","00","005","0524","0397","544","432","112","28","572","898","0","63.7","48.11"
"10","005","00","005","0525","0000","1256","957","299","56","1312","2171","0","60.43","44.08"
"10","005","00","005","0525","0400","592","456","136","24","616","991","0","62.16","46.01"
"10","005","00","005","0525","0401","664","501","163","32","696","1180","0","58.98","42.46"
"10","005","00","005","0526","0000","1139","836","303","41","1180","2048","0","57.62","40.82"
"10","005","00","005","0526","0386","576","419","157","23","599","993","0","60.32","42.2"
"10","005","00","005","0526","0387","563","417","146","18","581","1055","0","55.07","39.53"
"10","005","00","005","0527","0000","1272","1001","271","36","1308","2319","0","56.4","43.17"
"10","005","00","005","0527","0393","540","424","116","25","565","1074","0","52.61","39.48"
"10","005","00","005","0527","0394","732","577","155","11","743","1245","0","59.68","46.35"
"10","005","00","005","0528","0000","2037","1511","526","83","2120","3507","0","60.45","43.09"
"10","005","00","005","0528","0378","696","519","177","39","735","1262","0","58.24","41.13"
"10","005","00","005","0528","0379","664","499","165","25","689","1171","0","58.84","42.61"
"10","005","00","005","0528","0380","677","493","184","19","696","1074","0","64.8","45.9"
"10","005","00","005","0529","0000","2031","1528","503","60","2091","3586","0","58.31","42.61"
"10","005","00","005","0529","0381","670","512","158","25","695","1141","0","60.91","44.87"
"10","005","00","005","0529","0382","711","534","177","24","735","1259","0","58.38","42.41"
"10","005","00","005","0529","0383","650","482","168","11","661","1186","0","55.73","40.64"
"10","005","00","005","0530","0000","1079","827","252","45","1124","2022","0","55.59","40.9"
"10","005","00","005","0530","0354","536","406","130","23","559","985","0","56.75","41.22"
"10","005","00","005","0530","0355","543","421","122","22","565","1037","0","54.48","40.6"
"10","005","00","005","0531","0000","1462","1120","342","38","1500","2523","0","59.45","44.39"
"10","005","00","005","0531","0370","727","547","180","17","744","1243","0","59.86","44.01"
"10","005","00","005","0531","0371","735","573","162","21","756","1280","0","59.06","44.77"
"10","005","00","005","0532","0000","1800","1333","467","61","1861","3377","0","55.11","39.47"
"10","005","00","005","0532","0372","884","663","221","31","915","1618","0","56.55","40.98"
"10","005","00","005","0532","0373","916","670","246","30","946","1759","0","53.78","38.09"
"10","005","00","005","0533","0000","1482","1064","418","40","1522","2590","0","58.76","41.08"
"10","005","00","005","0533","0374","730","532","198","24","754","1264","0","59.65","42.09"
"10","005","00","005","0533","0375","752","532","220","16","768","1326","0","57.92","40.12"
"10","005","00","006","0000","0000","16124","12396","3728","1014","17138","30948","36332","55.38","40.05"
"10","005","00","006","0601","0000","827","619","208","71","898","1473","0","60.96","42.02"
"10","005","00","006","0601","0223","301","224","77","29","330","590","0","55.93","37.97"
"10","005","00","006","0601","0224","526","395","131","42","568","883","0","64.33","44.73"
"10","005","00","006","0602","0000","463","343","120","33","496","793","0","62.55","43.25"
"10","005","00","006","0602","0225","463","343","120","33","496","793","0","62.55","43.25"
"10","005","00","006","0603","0000","774","588","186","32","806","1324","0","60.88","44.41"
"10","005","00","006","0603","0226","423","320","103","19","442","732","0","60.38","43.72"
"10","005","00","006","0603","0227","351","268","83","13","364","592","0","61.49","45.27"
"10","005","00","006","0604","0000","2319","1747","572","110","2429","4218","0","57.59","41.42"
"10","005","00","006","0604","0228","627","474","153","40","667","1113","0","59.93","42.59"
"10","005","00","006","0604","0229","651","467","184","26","677","1195","0","56.65","39.08"
"10","005","00","006","0604","0230","595","454","141","28","623","997","0","62.49","45.54"
"10","005","00","006","0604","0231","446","352","94","16","462","913","0","50.6","38.55"
"10","005","00","006","0605","0000","1204","956","248","78","1282","2304","0","55.64","41.49"
"10","005","00","006","0605","0246","591","487","104","34","625","1107","0","56.46","43.99"
"10","005","00","006","0605","0247","613","469","144","44","657","1197","0","54.89","39.18"
"10","005","00","006","0606","0000","796","630","166","56","852","1216","0","70.07","51.81"
"10","005","00","006","0606","0236","796","630","166","56","852","1216","0","70.07","51.81"
"10","005","00","006","0607","0000","510","405","105","23","533","977","0","54.55","41.45"
"10","005","00","006","0607","0237","510","405","105","23","533","977","0","54.55","41.45"
"10","005","00","006","0608","0000","1393","1087","306","79","1472","2704","0","54.44","40.2"
"10","005","00","006","0608","0238","447","341","106","29","476","943","0","50.48","36.16"
"10","005","00","006","0608","0239","497","380","117","25","522","910","0","57.36","41.76"
"10","005","00","006","0608","0240","449","366","83","25","474","851","0","55.7","43.01"
"10","005","00","006","0609","0000","815","597","218","40","855","1375","0","62.18","43.42"
"10","005","00","006","0609","0241","447","324","123","18","465","725","0","64.14","44.69"
"10","005","00","006","0609","0242","368","273","95","22","390","650","0","60.0","42.0"
"10","005","00","006","0610","0000","328","251","77","41","369","706","0","52.27","35.55"
"10","005","00","006","0610","0243","328","251","77","41","369","706","0","52.27","35.55"
"10","005","00","006","0611","0000","744","560","184","49","793","1489","0","53.26","37.61"
"10","005","00","006","0611","0232","316","249","67","26","342","641","0","53.35","38.85"
"10","005","00","006","0611","0233","428","311","117","23","451","848","0","53.18","36.67"
"10","005","00","006","0612","0000","762","577","185","55","817","1549","0","52.74","37.25"
"10","005","00","006","0612","0244","412","319","93","26","438","748","0","58.56","42.65"
"10","005","00","006","0612","0245","350","258","92","29","379","801","0","47.32","32.21"
"10","005","00","006","0613","0000","650","504","146","49","699","1264","0","55.3","39.87"
"10","005","00","006","0613","0234","650","504","146","49","699","1264","0","55.3","39.87"
"10","005","00","006","0614","0000","475","363","112","28","503","965","0","52.12","37.62"
"10","005","00","006","0614","0235","475","363","112","28","503","965","0","52.12","37.62"
"10","005","00","006","0615","0000","493","393","100","34","527","1036","0","50.87","37.93"
"10","005","00","006","0615","0248","493","393","100","34","527","1036","0","50.87","37.93"
"10","005","00","006","0616","0000","397","307","90","29","426","913","0","46.66","33.63"
"10","005","00","006","0616","0249","397","307","90","29","426","913","0","46.66","33.63"
"10","005","00","006","0617","0000","400","309","91","40","440","719","0","61.2","42.98"
"10","005","00","006","0617","0250","400","309","91","40","440","719","0","61.2","42.98"
"10","005","00","006","0618","0000","557","440","117","42","599","1037","0","57.76","42.43"
"10","005","00","006","0618","0251","557","440","117","42","599","1037","0","57.76","42.43"
"10","005","00","006","0619","0000","294","214","80","14","308","601","0","51.25","35.61"
"10","005","00","006","0619","0252","294","214","80","14","308","601","0","51.25","35.61"
"10","005","00","006","0620","0000","560","430","130","25","585","1269","0","46.1","33.88"
"10","005","00","006","0620","0253","560","430","130","25","585","1269","0","46.1","33.88"
"10","005","00","006","0621","0000","344","265","79","21","365","735","0","49.66","36.05"
"10","005","00","006","0621","0254","344","265","79","21","365","735","0","49.66","36.05"
"10","005","00","006","0622","0000","481","381","100","28","509","1047","0","48.62","36.39"
"10","005","00","006","0622","0255","138","108","30","10","148","422","0","35.07","25.59"
"10","005","00","006","0622","0256","343","273","70","18","361","625","0","57.76","43.68"
"10","005","00","006","0623","0000","538","430","108","37","575","1234","0","46.6","34.85"
"10","005","00","006","0623","0257","538","430","108","37","575","1234","0","46.6","34.85"
"10","005","00","007","0000","0000","8284","6376","1908","414","8698","14772","16818","58.88","43.16"
"10","005","00","007","0701","0000","445","341","104","15","460","745","0","61.74","45.77"
"10","005","00","007","0701","0445","445","341","104","15","460","745","0","61.74","45.77"
"10","005","00","007","0702","0000","783","601","182","32","815","1528","0","53.34","39.33"
"10","005","00","007","0702","0446","412","324","88","20","432","783","0","55.17","41.38"
"10","005","00","007","0702","0447","371","277","94","12","383","745","0","51.41","37.18"
"10","005","00","007","0703","0000","1241","965","276","69","1310","2079","0","63.01","46.42"
"10","005","00","007","0703","0451","515","395","120","25","540","865","0","62.43","45.66"
"10","005","00","007","0703","0452","505","397","108","22","527","828","0","63.65","47.95"
"10","005","00","007","0703","0453","221","173","48","22","243","386","0","62.95","44.82"
"10","005","00","007","0704","0000","484","392","92","22","506","999","0","50.65","39.24"
"10","005","00","007","0704","0448","484","392","92","22","506","999","0","50.65","39.24"
"10","005","00","007","0705","0000","443","364","79","23","466","757","0","61.56","48.08"
"10","005","00","007","0705","0449","398","321","77","20","418","671","0","62.3","47.84"
"10","005","00","007","0705","0459","45","43","2","3","48","86","0","55.81","50.0"
"10","005","00","007","0706","0000","507","387","120","9","516","940","0","54.89","41.17"
"10","005","00","007","0706","0460","507","387","120","9","516","940","0","54.89","41.17"
"10","005","00","007","0707","0000","1100","851","249","61","1161","1978","0","58.7","43.02"
"10","005","00","007","0707","0442","556","440","116","29","585","961","0","60.87","45.79"
"10","005","00","007","0707","0443","544","411","133","32","576","1017","0","56.64","40.41"
"10","005","00","007","0708","0000","664","496","168","44","708","1095","0","64.66","45.3"
"10","005","00","007","0708","0444","664","496","168","44","708","1095","0","64.66","45.3"
"10","005","00","007","0709","0000","1300","975","325","71","1371","2209","0","62.06","44.14"
"10","005","00","007","0709","0454","416","310","106","28","444","688","0","64.53","45.06"
"10","005","00","007","0709","0455","469","345","124","24","493","792","0","62.25","43.56"
"10","005","00","007","0709","0456","415","320","95","19","434","729","0","59.53","43.9"
"10","005","00","007","0710","0000","452","349","103","33","485","734","0","66.08","47.55"
"10","005","00","007","0710","0450","452","349","103","33","485","734","0","66.08","47.55"
"10","005","00","007","0711","0000","865","655","210","35","900","1708","0","52.69","38.35"
"10","005","00","007","0711","0457","517","380","137","19","536","1093","0","49.04","34.77"
"10","005","00","007","0711","0458","348","275","73","16","364","615","0","59.19","44.72"
"10","005","00","008","0000","0000","6415","5014","1401","353","6768","12653","14521","53.49","39.63"
"10","005","00","008","0801","0000","847","666","181","46","893","1625","0","54.95","40.98"
"10","005","00","008","0801","0420","383","296","87","23","406","744","0","54.57","39.78"
"10","005","00","008","0801","0421","464","370","94","23","487","881","0","55.28","42.0"
"10","005","00","008","0802","0000","325","248","77","16","341","596","0","57.21","41.61"
"10","005","00","008","0802","0422","325","248","77","16","341","596","0","57.21","41.61"
"10","005","00","008","0803","0000","942","732","210","35","977","1790","0","54.58","40.89"
"10","005","00","008","0803","0424","434","336","98","22","456","867","0","52.6","38.75"
"10","005","00","008","0803","0425","508","396","112","13","521","923","0","56.45","42.9"
"10","005","00","008","0804","0000","687","525","162","49","736","1395","0","52.76","37.63"
"10","005","00","008","0804","0426","687","525","162","49","736","1395","0","52.76","37.63"
"10","005","00","008","0805","0000","204","158","46","9","213","561","0","37.97","28.16"
"10","005","00","008","0805","0427","204","158","46","9","213","561","0","37.97","28.16"
"10","005","00","008","0806","0000","606","469","137","46","652","1260","0","51.75","37.22"
"10","005","00","008","0806","0423","606","469","137","46","652","1260","0","51.75","37.22"
"10","005","00","008","0807","0000","355","282","73","18","373","638","0","58.46","44.2"
"10","005","00","008","0807","0428","355","282","73","18","373","638","0","58.46","44.2"
"10","005","00","008","0808","0000","721","551","170","54","775","1495","0","51.84","36.86"
"10","005","00","008","0808","0431","333","253","80","26","359","652","0","55.06","38.8"
"10","005","00","008","0808","0432","388","298","90","28","416","843","0","49.35","35.35"
"10","005","00","008","0809","0000","373","287","86","27","400","754","0","53.05","38.06"
"10","005","00","008","0809","0429","373","287","86","27","400","754","0","53.05","38.06"
"10","005","00","008","0810","0000","248","209","39","4","252","501","0","50.3","41.72"
"10","005","00","008","0810","0430","248","209","39","4","252","501","0","50.3","41.72"
"10","005","00","008","0811","0000","553","448","105","24","577","1020","0","56.57","43.92"
"10","005","00","008","0811","0433","553","448","105","24","577","1020","0","56.57","43.92"
"10","005","00","008","0812","0000","554","439","115","25","579","1018","0","56.88","43.12"
"10","005","00","008","0812","0434","554","439","115","25","579","1018","0","56.88","43.12"
"10","005","00","009","0000","0000","15852","12174","3678","907","16759","28318","33327","59.18","42.99"
"10","005","00","009","0901","0000","994","763","231","54","1048","1581","0","66.29","48.26"
"10","005","00","009","0901","0068","491","379","112","32","523","789","0","66.29","48.04"
"10","005","00","009","0901","0069","503","384","119","22","525","792","0","66.29","48.48"
"10","005","00","009","0902","0000","1431","1100","331","80","1511","2372","0","63.7","46.37"
"10","005","00","009","0902","0070","676","532","144","44","720","1117","0","64.46","47.63"
"10","005","00","009","0902","0071","755","568","187","36","791","1255","0","63.03","45.26"
"10","005","00","009","0903","0000","1983","1489","494","89","2072","3413","0","60.71","43.63"
"10","005","00","009","0903","0072","660","509","151","28","688","1141","0","60.3","44.61"
"10","005","00","009","0903","0073","659","476","183","28","687","1172","0","58.62","40.61"
"10","005","00","009","0903","0074","664","504","160","33","697","1100","0","63.36","45.82"
"10","005","00","009","0904","0000","508","397","111","47","555","964","0","57.57","41.18"
"10","005","00","009","0904","0079","508","397","111","47","555","964","0","57.57","41.18"
"10","005","00","009","0905","0000","1154","902","252","71","1225","2313","0","52.96","39.0"
"10","005","00","009","0905","0075","618","484","134","34","652","1232","0","52.92","39.29"
"10","005","00","009","0905","0076","536","418","118","37","573","1081","0","53.01","38.67"
"10","005","00","009","0906","0000","1350","1027","323","63","1413","2331","0","60.62","44.06"
"10","005","00","009","0906","0077","757","574","183","23","780","1250","0","62.4","45.92"
"10","005","00","009","0906","0078","593","453","140","40","633","1081","0","58.56","41.91"
"10","005","00","009","0907","0000","799","621","178","67","866","1507","0","57.47","41.21"
"10","005","00","009","0907","0084","396","308","88","35","431","719","0","59.94","42.84"
"10","005","00","009","0907","0085","403","313","90","32","435","788","0","55.2","39.72"
"10","005","00","009","0908","0000","590","482","108","44","634","1038","0","61.08","46.44"
"10","005","00","009","0908","0080","590","482","108","44","634","1038","0","61.08","46.44"
"10","005","00","009","0909","0000","1086","816","270","62","1148","2031","0","56.52","40.18"
"10","005","00","009","0909","0082","461","360","101","36","497","865","0","57.46","41.62"
"10","005","00","009","0909","0083","625","456","169","26","651","1166","0","55.83","39.11"
"10","005","00","009","0910","0000","186","135","51","16","202","303","0","66.67","44.55"
"10","005","00","009","0910","0086","186","135","51","16","202","303","0","66.67","44.55"
"10","005","00","009","0911","0000","214","171","43","13","227","360","0","63.06","47.5"
"10","005","00","009","0911","0081","214","171","43","13","227","360","0","63.06","47.5"
"10","005","00","009","0912","0000","1256","974","282","74","1330","2255","0","58.98","43.19"
"10","005","00","009","0912","0087","755","572","183","40","795","1322","0","60.14","43.27"
"10","005","00","009","0912","0088","501","402","99","34","535","933","0","57.34","43.09"
"10","005","00","009","0913","0000","750","581","169","41","791","1455","0","54.36","39.93"
"10","005","00","009","0913","0089","750","581","169","41","791","1455","0","54.36","39.93"
"10","005","00","009","0914","0000","966","730","236","36","1002","1615","0","62.04","45.2"
"10","005","00","009","0914","0090","966","730","236","36","1002","1615","0","62.04","45.2"
"10","005","00","009","0915","0000","774","617","157","35","809","1451","0","55.75","42.52"
"10","005","00","009","0915","0091","774","617","157","35","809","1451","0","55.75","42.52"
"10","005","00","009","0916","0000","678","521","157","59","737","1317","0","55.96","39.56"
"10","005","00","009","0916","0093","678","521","157","59","737","1317","0","55.96","39.56"
"10","005","00","009","0917","0000","838","604","234","44","882","1462","0","60.33","41.31"
"10","005","00","009","0917","0092","838","604","234","44","882","1462","0","60.33","41.31"
"10","005","00","009","0918","0000","128","104","24","4","132","221","0","59.73","47.06"
"10","005","00","009","0918","0094","128","104","24","4","132","221","0","59.73","47.06"
"10","005","00","009","0919","0000","167","140","27","8","175","329","0","53.19","42.55"
"10","005","00","009","0919","0095","167","140","27","8","175","329","0","53.19","42.55"
"10","005","00","010","0000","0000","8176","6310","1866","467","8643","15424","17922","56.04","40.91"
"10","005","00","010","1001","0000","558","437","121","39","597","1029","0","58.02","42.47"
"10","005","00","010","1001","0114","558","437","121","39","597","1029","0","58.02","42.47"
"10","005","00","010","1002","0000","2560","1950","610","115","2675","4463","0","59.94","43.69"
"10","005","00","010","1002","0108","527","410","117","21","548","887","0","61.78","46.22"
"10","005","00","010","1002","0109","598","458","140","33","631","1052","0","59.98","43.54"
"10","005","00","010","1002","0110","792","575","217","31","823","1347","0","61.1","42.69"
"10","005","00","010","1002","0111","643","507","136","30","673","1177","0","57.18","43.08"
"10","005","00","010","1003","0000","944","748","196","48","992","1655","0","59.94","45.2"
"10","005","00","010","1003","0115","498","407","91","26","524","905","0","57.9","44.97"
"10","005","00","010","1003","0116","446","341","105","22","468","750","0","62.4","45.47"
"10","005","00","010","1004","0000","660","506","154","24","684","1268","0","53.94","39.91"
"10","005","00","010","1004","0112","660","506","154","24","684","1268","0","53.94","39.91"
"10","005","00","010","1005","0000","553","418","135","27","580","1185","0","48.95","35.27"
"10","005","00","010","1005","0113","553","418","135","27","580","1185","0","48.95","35.27"
"10","005","00","010","1006","0000","512","411","101","35","547","1080","0","50.65","38.06"
"10","005","00","010","1006","0117","512","411","101","35","547","1080","0","50.65","38.06"
"10","005","00","010","1007","0000","1604","1221","383","109","1713","3186","0","53.77","38.32"
"10","005","00","010","1007","0118","558","426","132","49","607","1108","0","54.78","38.45"
"10","005","00","010","1007","0119","425","318","107","32","457","862","0","53.02","36.89"
"10","005","00","010","1007","0120","621","477","144","28","649","1216","0","53.37","39.23"
"10","005","00","010","1008","0000","284","235","49","19","303","588","0","51.53","39.97"
"10","005","00","010","1008","0121","284","235","49","19","303","588","0","51.53","39.97"
"10","005","00","010","1009","0000","206","160","46","29","235","429","0","54.78","37.3"
"10","005","00","010","1009","0122","206","160","46","29","235","429","0","54.78","37.3"
"10","005","00","010","1010","0000","295","224","71","22","317","541","0","58.6","41.4"
"10","005","00","010","1010","0123","295","224","71","22","317","541","0","58.6","41.4"
"10","005","00","011","0000","0000","4102","3233","869","246","4348","8784","10130","49.5","36.81"
"10","005","00","011","1101","0000","606","462","144","35","641","1155","0","55.5","40.0"
"10","005","00","011","1101","0411","606","462","144","35","641","1155","0","55.5","40.0"
"10","005","00","011","1102","0000","342","257","85","31","373","650","0","57.38","39.54"
"10","005","00","011","1102","0412","342","257","85","31","373","650","0","57.38","39.54"
"10","005","00","011","1103","0000","652","519","133","47","699","1353","0","51.66","38.36"
"10","005","00","011","1103","0413","652","519","133","47","699","1353","0","51.66","38.36"
"10","005","00","011","1104","0000","327","261","66","28","355","813","0","43.67","32.1"
"10","005","00","011","1104","0414","327","261","66","28","355","813","0","43.67","32.1"
"10","005","00","011","1105","0000","346","295","51","15","361","837","0","43.13","35.24"
"10","005","00","011","1105","0415","346","295","51","15","361","837","0","43.13","35.24"
"10","005","00","011","1106","0000","553","440","113","24","577","1093","0","52.79","40.26"
"10","005","00","011","1106","0416","553","440","113","24","577","1093","0","52.79","40.26"
"10","005","00","011","1107","0000","542","421","121","35","577","1048","0","55.06","40.17"
"10","005","00","011","1107","0417","542","421","121","35","577","1048","0","55.06","40.17"
"10","005","00","011","1108","0000","425","337","88","23","448","872","0","51.38","38.65"
"10","005","00","011","1108","0418","425","337","88","23","448","872","0","51.38","38.65"
"10","005","00","011","1109","0000","309","241","68","8","317","963","0","32.92","25.03"
"10","005","00","011","1109","0419","309","241","68","8","317","963","0","32.92","25.03"
"10","005","00","012","0000","0000","5855","4569","1286","266","6121","9390","10711","65.19","48.66"
"10","005","00","012","1201","0000","1646","1298","348","76","1722","2503","0","68.8","51.86"
"10","005","00","012","1201","0096","843","672","171","50","893","1335","0","66.89","50.34"
"10","005","00","012","1201","0097","803","626","177","26","829","1168","0","70.98","53.6"
"10","005","00","012","1202","0000","1081","808","273","36","1117","1851","0","60.35","43.65"
"10","005","00","012","1202","0103","491","371","120","13","504","844","0","59.72","43.96"
"10","005","00","012","1202","0104","590","437","153","23","613","1007","0","60.87","43.4"
"10","005","00","012","1203","0000","443","361","82","23","466","725","0","64.28","49.79"
"10","005","00","012","1203","0100","443","361","82","23","466","725","0","64.28","49.79"
"10","005","00","012","1204","0000","1119","865","254","58","1177","1710","0","68.83","50.58"
"10","005","00","012","1204","0098","497","395","102","22","519","792","0","65.53","49.87"
"10","005","00","012","1204","0099","622","470","152","36","658","918","0","71.68","51.2"
"10","005","00","012","1205","0000","535","426","109","20","555","899","0","61.74","47.39"
"10","005","00","012","1205","0101","535","426","109","20","555","899","0","61.74","47.39"
"10","005","00","012","1206","0000","177","145","32","7","184","369","0","49.86","39.3"
"10","005","00","012","1206","0102","177","145","32","7","184","369","0","49.86","39.3"
"10","005","00","012","1207","0000","629","485","144","32","661","1005","0","65.77","48.26"
"10","005","00","012","1207","0105","482","373","109","22","504","794","0","63.48","46.98"
"10","005","00","012","1207","0106","147","112","35","10","157","211","0","74.41","53.08"
"10","005","00","012","1208","0000","225","181","44","14","239","328","0","72.87","55.18"
"10","005","00","012","1208","0107","225","181","44","14","239","328","0","72.87","55.18"
"10","005","00","013","0000","0000","7792","6114","1678","366","8158","13889","16277","58.74","44.02"
"10","005","00","013","1301","0000","2326","1827","499","108","2434","4132","0","58.91","44.22"
"10","005","00","013","1301","0124","480","380","100","44","524","853","0","61.43","44.55"
"10","005","00","013","1301","0125","594","477","117","18","612","983","0","62.26","48.52"
"10","005","00","013","1301","0126","615","483","132","33","648","1080","0","60.0","44.72"
"10","005","00","013","1301","0127","637","487","150","13","650","1216","0","53.45","40.05"
"10","005","00","013","1302","0000","982","777","205","36","1018","1825","0","55.78","42.58"
"10","005","00","013","1302","0132","505","398","107","20","525","991","0","52.98","40.16"
"10","005","00","013","1302","0133","477","379","98","16","493","834","0","59.11","45.44"
"10","005","00","013","1303","0000","767","589","178","60","827","1371","0","60.32","42.96"
"10","005","00","013","1303","0134","343","264","79","24","367","622","0","59.0","42.44"
"10","005","00","013","1303","0135","424","325","99","36","460","749","0","61.42","43.39"
"10","005","00","013","1304","0000","1871","1459","412","50","1921","3395","0","56.58","42.97"
"10","005","00","013","1304","0128","586","468","118","19","605","1017","0","59.49","46.02"
"10","005","00","013","1304","0129","621","470","151","11","632","1180","0","53.56","39.83"
"10","005","00","013","1304","0130","664","521","143","20","684","1198","0","57.1","43.49"
"10","005","00","013","1305","0000","938","751","187","57","995","1451","0","68.57","51.76"
"10","005","00","013","1305","0136","438","353","85","22","460","692","0","66.47","51.01"
"10","005","00","013","1305","0137","500","398","102","35","535","759","0","70.49","52.44"
"10","005","00","013","1306","0000","228","187","41","13","241","417","0","57.79","44.84"
"10","005","00","013","1306","0131","228","187","41","13","241","417","0","57.79","44.84"
"10","005","00","013","1307","0000","680","524","156","42","722","1298","0","55.62","40.37"
"10","005","00","013","1307","0138","316","249","67","21","337","629","0","53.58","39.59"
"10","005","00","013","1307","0139","364","275","89","21","385","669","0","57.55","41.11"
"10","005","00","014","0000","0000","3375","2657","718","182","3557","6382","7072","55.73","41.63"
"10","005","00","014","1401","0000","326","255","71","19","345","601","0","57.4","42.43"
"10","005","00","014","1401","0140","326","255","71","19","345","601","0","57.4","42.43"
"10","005","00","014","1402","0000","310","253","57","31","341","566","0","60.25","44.7"
"10","005","00","014","1402","0141","310","253","57","31","341","566","0","60.25","44.7"
"10","005","00","014","1403","0000","472","366","106","21","493","843","0","58.48","43.42"
"10","005","00","014","1403","0142","472","366","106","21","493","843","0","58.48","43.42"
"10","005","00","014","1404","0000","331","247","84","15","346","648","0","53.4","38.12"
"10","005","00","014","1404","0143","331","247","84","15","346","648","0","53.4","38.12"
"10","005","00","014","1405","0000","284","229","55","14","298","515","0","57.86","44.47"
"10","005","00","014","1405","0146","284","229","55","14","298","515","0","57.86","44.47"
"10","005","00","014","1406","0000","237","176","61","12","249","461","0","54.01","38.18"
"10","005","00","014","1406","0145","237","176","61","12","249","461","0","54.01","38.18"
"10","005","00","014","1407","0000","462","350","112","12","474","936","0","50.64","37.39"
"10","005","00","014","1407","0144","462","350","112","12","474","936","0","50.64","37.39"
"10","005","00","014","1408","0000","580","489","91","35","615","1141","0","53.9","42.86"
"10","005","00","014","1408","0147","580","489","91","35","615","1141","0","53.9","42.86"
"10","005","00","014","1409","0000","373","292","81","23","396","671","0","59.02","43.52"
"10","005","00","014","1409","0148","373","292","81","23","396","671","0","59.02","43.52"
"10","005","00","015","0000","0000","6056","4728","1328","380","6436","11027","12728","58.37","42.88"
"10","005","00","015","1501","0000","1236","1006","230","64","1300","2060","0","63.11","48.83"
"10","005","00","015","1501","0258","723","572","151","46","769","1171","0","65.67","48.85"
"10","005","00","015","1501","0259","513","434","79","18","531","889","0","59.73","48.82"
"10","005","00","015","1502","0000","227","181","46","12","239","479","0","49.9","37.79"
"10","005","00","015","1502","0260","227","181","46","12","239","479","0","49.9","37.79"
"10","005","00","015","1503","0000","574","452","122","30","604","1024","0","58.98","44.14"
"10","005","00","015","1503","0261","574","452","122","30","604","1024","0","58.98","44.14"
"10","005","00","015","1504","0000","1721","1308","413","106","1827","3442","0","53.08","38.0"
"10","005","00","015","1504","0262","615","442","173","43","658","1214","0","54.2","36.41"
"10","005","00","015","1504","0263","533","426","107","28","561","1071","0","52.38","39.78"
"10","005","00","015","1504","0264","573","440","133","35","608","1157","0","52.55","38.03"
"10","005","00","015","1505","0000","279","216","63","23","302","512","0","58.98","42.19"
"10","005","00","015","1505","0265","279","216","63","23","302","512","0","58.98","42.19"
"10","005","00","015","1506","0000","289","220","69","20","309","491","0","62.93","44.81"
"10","005","00","015","1506","0266","289","220","69","20","309","491","0","62.93","44.81"
"10","005","00","015","1507","0000","734","573","161","33","767","1272","0","60.3","45.05"
"10","005","00","015","1507","0267","734","573","161","33","767","1272","0","60.3","45.05"
"10","005","00","015","1508","0000","419","332","87","33","452","785","0","57.58","42.29"
"10","005","00","015","1508","0268","419","332","87","33","452","785","0","57.58","42.29"
"10","005","00","015","1509","0000","577","440","137","59","636","962","0","66.11","45.74"
"10","005","00","015","1509","0269","577","440","137","59","636","962","0","66.11","45.74"
"10","005","00","016","0000","0000","3162","2498","664","226","3388","5852","6662","57.89","42.69"
"10","005","00","016","1601","0000","1217","939","278","71","1288","2201","0","58.52","42.66"
"10","005","00","016","1601","0402","572","446","126","25","597","996","0","59.94","44.78"
"10","005","00","016","1601","0403","645","493","152","46","691","1205","0","57.34","40.91"
"10","005","00","016","1602","0000","362","291","71","27","389","635","0","61.26","45.83"
"10","005","00","016","1602","0404","362","291","71","27","389","635","0","61.26","45.83"
"10","005","00","016","1603","0000","475","382","93","22","497","862","0","57.66","44.32"
"10","005","00","016","1603","0405","475","382","93","22","497","862","0","57.66","44.32"
"10","005","00","016","1604","0000","112","93","19","6","118","238","0","49.58","39.08"
"10","005","00","016","1604","0406","112","93","19","6","118","238","0","49.58","39.08"
"10","005","00","016","1605","0000","271","221","50","23","294","541","0","54.34","40.85"
"10","005","00","016","1605","0407","271","221","50","23","294","541","0","54.34","40.85"
"10","005","00","016","1606","0000","276","215","61","23","299","578","0","51.73","37.2"
"10","005","00","016","1606","0408","276","215","61","23","299","578","0","51.73","37.2"
"10","005","00","016","1607","0000","247","191","56","32","279","405","0","68.89","47.16"
"10","005","00","016","1607","0409","247","191","56","32","279","405","0","68.89","47.16"
"10","005","00","016","1608","0000","202","166","36","22","224","392","0","57.14","42.35"
"10","005","00","016","1608","0410","202","166","36","22","224","392","0","57.14","42.35"
"10","005","00","017","0000","0000","1908","1565","343","139","2047","3968","4370","51.59","39.44"
"10","005","00","017","1701","0000","122","97","25","8","130","328","0","39.63","29.57"
"10","005","00","017","1701","0435","122","97","25","8","130","328","0","39.63","29.57"
"10","005","00","017","1702","0000","225","186","39","26","251","565","0","44.42","32.92"
"10","005","00","017","1702","0436","225","186","39","26","251","565","0","44.42","32.92"
"10","005","00","017","1703","0000","491","400","91","33","524","911","0","57.52","43.91"
"10","005","00","017","1703","0437","491","400","91","33","524","911","0","57.52","43.91"
"10","005","00","017","1704","0000","252","198","54","20","272","568","0","47.89","34.86"
"10","005","00","017","1704","0438","252","198","54","20","272","568","0","47.89","34.86"
"10","005","00","017","1705","0000","314","259","55","28","342","580","0","58.97","44.66"
"10","005","00","017","1705","0439","314","259","55","28","342","580","0","58.97","44.66"
"10","005","00","017","1706","0000","170","145","25","5","175","333","0","52.55","43.54"
"10","005","00","017","1706","0440","170","145","25","5","175","333","0","52.55","43.54"
"10","005","00","017","1707","0000","334","280","54","19","353","683","0","51.68","41.0"
"10","005","00","017","1707","0441","334","280","54","19","353","683","0","51.68","41.0"
"10","005","00","018","0000","0000","3337","2718","619","163","3500","5180","6076","67.57","52.47"
"10","005","00","018","1801","0000","142","106","36","7","149","325","0","45.85","32.62"
"10","005","00","018","1801","0461","142","106","36","7","149","325","0","45.85","32.62"
"10","005","00","018","1802","0000","732","592","140","44","776","1150","0","67.48","51.48"
"10","005","00","018","1802","0462","274","220","54","13","287","484","0","59.3","45.45"
"10","005","00","018","1802","0463","458","372","86","31","489","666","0","73.42","55.86"
"10","005","00","018","1803","0000","533","443","90","33","566","907","0","62.4","48.84"
"10","005","00","018","1803","0464","361","303","58","28","389","574","0","67.77","52.79"
"10","005","00","018","1803","0465","172","140","32","5","177","333","0","53.15","42.04"
"10","005","00","018","1804","0000","338","282","56","11","349","495","0","70.51","56.97"
"10","005","00","018","1804","0466","338","282","56","11","349","495","0","70.51","56.97"
"10","005","00","018","1805","0000","369","280","89","31","400","544","0","73.53","51.47"
"10","005","00","018","1805","0467","369","280","89","31","400","544","0","73.53","51.47"
"10","005","00","018","1806","0000","300","241","59","17","317","500","0","63.4","48.2"
"10","005","00","018","1806","0468","300","241","59","17","317","500","0","63.4","48.2"
"10","005","00","018","1807","0000","464","390","74","16","480","670","0","71.64","58.21"
"10","005","00","018","1807","0469","464","390","74","16","480","670","0","71.64","58.21"
"10","005","00","018","1808","0000","459","384","75","4","463","589","0","78.61","65.2"
"10","005","00","018","1808","0470","459","384","75","4","463","589","0","78.61","65.2"
"10","007","00","000","0000","0000","586892","447132","139760","28923","615815","1066994","1278437","57.71","41.91"
"10","007","00","001","0000","0000","111912","82890","29022","4211","116123","190995","232709","60.8","43.4"
"10","007","00","001","0101","0000","816","630","186","23","839","1295","0","64.79","48.65"
"10","007","00","001","0101","0117","419","314","105","13","432","662","0","65.26","47.43"
"10","007","00","001","0101","0118","397","316","81","10","407","633","0","64.3","49.92"
"10","007","00","001","0102","0000","3014","2236","778","99","3113","5001","0","62.25","44.71"
"10","007","00","001","0102","0125","754","557","197","23","777","1263","0","61.52","44.1"
"10","007","00","001","0102","0126","772","571","201","35","807","1268","0","63.64","45.03"
"10","007","00","001","0102","0127","741","558","183","30","771","1258","0","61.29","44.36"
"10","007","00","001","0102","0128","747","550","197","11","758","1212","0","62.54","45.38"
"10","007","00","001","0103","0000","969","705","264","39","1008","1656","0","60.87","42.57"
"10","007","00","001","0103","0112","466","324","142","19","485","781","0","62.1","41.49"
"10","007","00","001","0103","0113","503","381","122","20","523","875","0","59.77","43.54"
"10","007","00","001","0104","0000","466","346","120","21","487","816","0","59.68","42.4"
"10","007","00","001","0104","0114","466","346","120","21","487","816","0","59.68","42.4"
"10","007","00","001","0105","0000","881","645","236","35","916","1414","0","64.78","45.62"
"10","007","00","001","0105","0115","420","302","118","22","442","687","0","64.34","43.96"
"10","007","00","001","0105","0116","461","343","118","13","474","727","0","65.2","47.18"
"10","007","00","001","0106","0000","1032","768","264","55","1087","1759","0","61.8","43.66"
"10","007","00","001","0106","0119","567","416","151","26","593","906","0","65.45","45.92"
"10","007","00","001","0106","0120","465","352","113","29","494","853","0","57.91","41.27"
"10","007","00","001","0107","0000","2431","1805","626","91","2522","3986","0","63.27","45.28"
"10","007","00","001","0107","0121","630","460","170","19","649","1027","0","63.19","44.79"
"10","007","00","001","0107","0122","614","472","142","27","641","993","0","64.55","47.53"
"10","007","00","001","0107","0123","497","382","115","28","525","848","0","61.91","45.05"
"10","007","00","001","0107","0124","690","491","199","17","707","1118","0","63.24","43.92"
"10","007","00","001","0108","0000","2961","2171","790","59","3020","5156","0","58.57","42.11"
"10","007","00","001","0108","0106","687","526","161","11","698","1156","0","60.38","45.5"
"10","007","00","001","0108","0107","735","542","193","21","756","1235","0","61.21","43.89"
"10","007","00","001","0108","0108","759","554","205","26","785","1376","0","57.05","40.26"
"10","007","00","001","0108","0109","780","549","231","1","781","1389","0","56.23","39.52"
"10","007","00","001","0109","0000","1063","810","253","51","1114","1705","0","65.34","47.51"
"10","007","00","001","0109","0110","527","394","133","31","558","846","0","65.96","46.57"
"10","007","00","001","0109","0111","536","416","120","20","556","859","0","64.73","48.43"
"10","007","00","001","0110","0000","1060","796","264","34","1094","1883","0","58.1","42.27"
"10","007","00","001","0110","0104","521","395","126","10","531","975","0","54.46","40.51"
"10","007","00","001","0110","0105","539","401","138","24","563","908","0","62.0","44.16"
"10","007","00","001","0111","0000","488","374","114","16","504","773","0","65.2","48.38"
"10","007","00","001","0111","0103","488","374","114","16","504","773","0","65.2","48.38"
"10","007","00","001","0112","0000","851","616","235","39","890","1420","0","62.68","43.38"
"10","007","00","001","0112","0101","426","318","108","21","447","692","0","64.6","45.95"
"10","007","00","001","0112","0102","425","298","127","18","443","728","0","60.85","40.93"
"10","007","00","001","0113","0000","547","391","156","29","576","893","0","64.5","43.78"
"10","007","00","001","0113","0099","547","391","156","29","576","893","0","64.5","43.78"
"10","007","00","001","0114","0000","448","319","129","18","466","691","0","67.44","46.16"
"10","007","00","001","0114","0098","448","319","129","18","466","691","0","67.44","46.16"
"10","007","00","001","0115","0000","426","311","115","34","460","733","0","62.76","42.43"
"10","007","00","001","0115","0100","426","311","115","34","460","733","0","62.76","42.43"
"10","007","00","001","0116","0000","537","383","154","35","572","910","0","62.86","42.09"
"10","007","00","001","0116","0054","537","383","154","35","572","910","0","62.86","42.09"
"10","007","00","001","0117","0000","479","350","129","20","499","771","0","64.72","45.4"
"10","007","00","001","0117","0051","479","350","129","20","499","771","0","64.72","45.4"
"10","007","00","001","0118","0000","523","379","144","22","545","868","0","62.79","43.66"
"10","007","00","001","0118","0052","523","379","144","22","545","868","0","62.79","43.66"
"10","007","00","001","0119","0000","663","489","174","26","689","1135","0","60.7","43.08"
"10","007","00","001","0119","0053","663","489","174","26","689","1135","0","60.7","43.08"
"10","007","00","001","0120","0000","2075","1537","538","83","2158","3360","0","64.23","45.74"
"10","007","00","001","0120","0056","648","481","167","25","673","1077","0","62.49","44.66"
"10","007","00","001","0120","0057","793","588","205","35","828","1258","0","65.82","46.74"
"10","007","00","001","0120","0058","634","468","166","23","657","1025","0","64.1","45.66"
"10","007","00","001","0121","0000","2155","1601","554","83","2238","3648","0","61.35","43.89"
"10","007","00","001","0121","0059","727","536","191","24","751","1177","0","63.81","45.54"
"10","007","00","001","0121","0060","704","524","180","26","730","1262","0","57.84","41.52"
"10","007","00","001","0121","0061","724","541","183","33","757","1209","0","62.61","44.75"
"10","007","00","001","0122","0000","674","478","196","36","710","1203","0","59.02","39.73"
"10","007","00","001","0122","0065","674","478","196","36","710","1203","0","59.02","39.73"
"10","007","00","001","0123","0000","1873","1402","471","59","1932","3145","0","61.43","44.58"
"10","007","00","001","0123","0062","641","460","181","21","662","1041","0","63.59","44.19"
"10","007","00","001","0123","0063","658","509","149","20","678","1075","0","63.07","47.35"
"10","007","00","001","0123","0064","574","433","141","18","592","1029","0","57.53","42.08"
"10","007","00","001","0124","0000","2278","1690","588","80","2358","4157","0","56.72","40.65"
"10","007","00","001","0124","0066","566","422","144","26","592","1014","0","58.38","41.62"
"10","007","00","001","0124","0067","629","463","166","17","646","1069","0","60.43","43.31"
"10","007","00","001","0124","0068","507","375","132","17","524","969","0","54.08","38.7"
"10","007","00","001","0124","0069","576","430","146","20","596","1105","0","53.94","38.91"
"10","007","00","001","0125","0000","625","440","185","17","642","1004","0","63.94","43.82"
"10","007","00","001","0125","0055","625","440","185","17","642","1004","0","63.94","43.82"
"10","007","00","001","0126","0000","2002","1470","532","91","2093","3496","0","59.87","42.05"
"10","007","00","001","0126","0090","667","483","184","27","694","1201","0","57.79","40.22"
"10","007","00","001","0126","0091","631","448","183","34","665","1057","0","62.91","42.38"
"10","007","00","001","0126","0092","704","539","165","30","734","1238","0","59.29","43.54"
"10","007","00","001","0127","0000","1198","927","271","85","1283","2130","0","60.23","43.52"
"10","007","00","001","0127","0088","632","504","128","46","678","1153","0","58.8","43.71"
"10","007","00","001","0127","0089","566","423","143","39","605","977","0","61.92","43.3"
"10","007","00","001","0128","0000","1056","817","239","43","1099","1799","0","61.09","45.41"
"10","007","00","001","0128","0086","456","352","104","18","474","799","0","59.32","44.06"
"10","007","00","001","0128","0087","600","465","135","25","625","1000","0","62.5","46.5"
"10","007","00","001","0129","0000","1833","1372","461","56","1889","3091","0","61.11","44.39"
"10","007","00","001","0129","0083","536","421","115","16","552","890","0","62.02","47.3"
"10","007","00","001","0129","0084","683","501","182","19","702","1104","0","63.59","45.38"
"10","007","00","001","0129","0085","614","450","164","21","635","1097","0","57.89","41.02"
"10","007","00","001","0130","0000","2007","1517","490","76","2083","3297","0","63.18","46.01"
"10","007","00","001","0130","0093","718","564","154","29","747","1210","0","61.74","46.61"
"10","007","00","001","0130","0094","612","472","140","27","639","1026","0","62.28","46.0"
"10","007","00","001","0130","0095","677","481","196","20","697","1061","0","65.69","45.33"
"10","007","00","001","0131","0000","2580","1894","686","91","2671","4213","0","63.4","44.96"
"10","007","00","001","0131","0070","607","455","152","30","637","981","0","64.93","46.38"
"10","007","00","001","0131","0071","675","486","189","27","702","1095","0","64.11","44.38"
"10","007","00","001","0131","0072","663","504","159","18","681","1087","0","62.65","46.37"
"10","007","00","001","0131","0073","635","449","186","16","651","1050","0","62.0","42.76"
"10","007","00","001","0132","0000","1434","1047","387","76","1510","2545","0","59.33","41.14"
"10","007","00","001","0132","0001","510","376","134","25","535","871","0","61.42","43.17"
"10","007","00","001","0132","0002","336","259","77","28","364","751","0","48.47","34.49"
"10","007","00","001","0132","0003","588","412","176","23","611","923","0","66.2","44.64"
"10","007","00","001","0133","0000","1444","1019","425","55","1499","2477","0","60.52","41.14"
"10","007","00","001","0133","0096","695","501","194","30","725","1213","0","59.77","41.3"
"10","007","00","001","0133","0097","749","518","231","25","774","1264","0","61.23","40.98"
"10","007","00","001","0134","0000","924","657","267","39","963","1558","0","61.81","42.17"
"10","007","00","001","0134","0004","463","333","130","21","484","779","0","62.13","42.75"
"10","007","00","001","0134","0005","461","324","137","18","479","779","0","61.49","41.59"
"10","007","00","001","0135","0000","564","397","167","24","588","1027","0","57.25","38.66"
"10","007","00","001","0135","0010","564","397","167","24","588","1027","0","57.25","38.66"
"10","007","00","001","0136","0000","698","523","175","27","725","1249","0","58.05","41.87"
"10","007","00","001","0136","0011","698","523","175","27","725","1249","0","58.05","41.87"
"10","007","00","001","0137","0000","1109","848","261","54","1163","1814","0","64.11","46.75"
"10","007","00","001","0137","0008","477","356","121","24","501","767","0","65.32","46.41"
"10","007","00","001","0137","0009","632","492","140","30","662","1047","0","63.23","46.99"
"10","007","00","001","0138","0000","843","600","243","40","883","1469","0","60.11","40.84"
"10","007","00","001","0138","0006","417","300","117","18","435","720","0","60.42","41.67"
"10","007","00","001","0138","0007","426","300","126","22","448","749","0","59.81","40.05"
"10","007","00","001","0139","0000","4414","3120","1294","138","4552","7563","0","60.19","41.25"
"10","007","00","001","0139","0035","576","418","158","18","594","1045","0","56.84","40.0"
"10","007","00","001","0139","0036","640","452","188","10","650","1097","0","59.25","41.2"
"10","007","00","001","0139","0037","675","478","197","21","696","1190","0","58.49","40.17"
"10","007","00","001","0139","0038","679","460","219","13","692","1106","0","62.57","41.59"
"10","007","00","001","0139","0039","642","474","168","20","662","1097","0","60.35","43.21"
"10","007","00","001","0139","0040","612","423","189","31","643","1048","0","61.35","40.36"
"10","007","00","001","0139","0041","590","415","175","25","615","980","0","62.76","42.35"
"10","007","00","001","0140","0000","905","660","245","33","938","1516","0","61.87","43.54"
"10","007","00","001","0140","0042","434","311","123","14","448","707","0","63.37","43.99"
"10","007","00","001","0140","0043","471","349","122","19","490","809","0","60.57","43.14"
"10","007","00","001","0141","0000","2806","2005","801","105","2911","4896","0","59.46","40.95"
"10","007","00","001","0141","0025","665","496","169","33","698","1207","0","57.83","41.09"
"10","007","00","001","0141","0026","669","501","168","31","700","1161","0","60.29","43.15"
"10","007","00","001","0141","0027","650","440","210","26","676","1166","0","57.98","37.74"
"10","007","00","001","0141","0028","822","568","254","15","837","1362","0","61.45","41.7"
"10","007","00","001","0142","0000","4219","3110","1109","137","4356","7131","0","61.09","43.61"
"10","007","00","001","0142","0029","755","534","221","21","776","1236","0","62.78","43.2"
"10","007","00","001","0142","0030","625","468","157","22","647","1065","0","60.75","43.94"
"10","007","00","001","0142","0031","702","504","198","37","739","1199","0","61.63","42.04"
"10","007","00","001","0142","0032","731","504","227","17","748","1233","0","60.67","40.88"
"10","007","00","001","0142","0033","704","605","99","20","724","1245","0","58.15","48.59"
"10","007","00","001","0142","0034","702","495","207","20","722","1153","0","62.62","42.93"
"10","007","00","001","0143","0000","1646","1173","473","72","1718","2928","0","58.67","40.06"
"10","007","00","001","0143","0045","496","361","135","24","520","901","0","57.71","40.07"
"10","007","00","001","0143","0046","529","388","141","22","551","951","0","57.94","40.8"
"10","007","00","001","0143","0047","621","424","197","26","647","1076","0","60.13","39.41"
"10","007","00","001","0144","0000","1700","1257","443","64","1764","2932","0","60.16","42.87"
"10","007","00","001","0144","0048","560","409","151","20","580","1022","0","56.75","40.02"
"10","007","00","001","0144","0049","532","388","144","20","552","894","0","61.74","43.4"
"10","007","00","001","0144","0050","608","460","148","24","632","1016","0","62.2","45.28"
"10","007","00","001","0145","0000","854","628","226","24","878","1409","0","62.31","44.57"
"10","007","00","001","0145","0014","475","329","146","13","488","766","0","63.71","42.95"
"10","007","00","001","0145","0015","379","299","80","11","390","643","0","60.65","46.5"
"10","007","00","001","0146","0000","1215","897","318","41","1256","2552","0","49.22","35.15"
"10","007","00","001","0146","0016","720","547","173","28","748","1251","0","59.79","43.73"
"10","007","00","001","0146","0017","495","350","145","13","508","1301","0","39.05","26.9"
"10","007","00","001","0147","0000","5192","3796","1396","102","5294","8589","0","61.64","44.2"
"10","007","00","001","0147","0018","766","556","210","9","775","1280","0","60.55","43.44"
"10","007","00","001","0147","0019","748","543","205","14","762","1179","0","64.63","46.06"
"10","007","00","001","0147","0020","674","494","180","19","693","1168","0","59.33","42.29"
"10","007","00","001","0147","0021","705","549","156","15","720","1218","0","59.11","45.07"
"10","007","00","001","0147","0022","867","633","234","16","883","1351","0","65.36","46.85"
"10","007","00","001","0147","0023","717","501","216","15","732","1204","0","60.8","41.61"
"10","007","00","001","0147","0024","715","520","195","14","729","1189","0","61.31","43.73"
"10","007","00","001","0148","0000","1364","1026","338","44","1408","2305","0","61.08","44.51"
"10","007","00","001","0148","0012","658","492","166","22","680","1136","0","59.86","43.31"
"10","007","00","001","0148","0013","706","534","172","22","728","1169","0","62.28","45.68"
"10","007","00","001","0149","0000","603","421","182","31","634","1008","0","62.9","41.77"
"10","007","00","001","0149","0044","603","421","182","31","634","1008","0","62.9","41.77"
"10","007","00","001","0150","0000","1872","1440","432","74","1946","3262","0","59.66","44.14"
"10","007","00","001","0150","0177","594","451","143","29","623","1002","0","62.18","45.01"
"10","007","00","001","0150","0178","660","516","144","17","677","1148","0","58.97","44.95"
"10","007","00","001","0150","0179","618","473","145","28","646","1112","0","58.09","42.54"
"10","007","00","001","0151","0000","1003","763","240","40","1043","1685","0","61.9","45.28"
"10","007","00","001","0151","0153","492","385","107","14","506","800","0","63.25","48.13"
"10","007","00","001","0151","0154","511","378","133","26","537","885","0","60.68","42.71"
"10","007","00","001","0152","0000","1114","864","250","39","1153","1903","0","60.59","45.4"
"10","007","00","001","0152","0174","529","407","122","19","548","930","0","58.92","43.76"
"10","007","00","001","0152","0175","585","457","128","20","605","973","0","62.18","46.97"
"10","007","00","001","0153","0000","1874","1373","501","53","1927","3282","0","58.71","41.83"
"10","007","00","001","0153","0155","626","457","169","9","635","1000","0","63.5","45.7"
"10","007","00","001","0153","0156","632","464","168","23","655","1159","0","56.51","40.03"
"10","007","00","001","0153","0157","616","452","164","21","637","1123","0","56.72","40.25"
"10","007","00","001","0154","0000","1706","1299","407","100","1806","2908","0","62.1","44.67"
"10","007","00","001","0154","0158","560","420","140","38","598","907","0","65.93","46.31"
"10","007","00","001","0154","0159","535","406","129","32","567","989","0","57.33","41.05"
"10","007","00","001","0154","0160","611","473","138","30","641","1012","0","63.34","46.74"
"10","007","00","001","0155","0000","3846","2925","921","157","4003","6789","0","58.96","43.08"
"10","007","00","001","0155","0168","597","460","137","23","620","1120","0","55.36","41.07"
"10","007","00","001","0155","0169","687","508","179","27","714","1269","0","56.26","40.03"
"10","007","00","001","0155","0170","684","526","158","23","707","1159","0","61.0","45.38"
"10","007","00","001","0155","0171","696","529","167","31","727","1184","0","61.4","44.68"
"10","007","00","001","0155","0172","610","454","156","24","634","1089","0","58.22","41.69"
"10","007","00","001","0155","0173","572","448","124","29","601","968","0","62.09","46.28"
"10","007","00","001","0156","0000","1373","1050","323","82","1455","2485","0","58.55","42.25"
"10","007","00","001","0156","0151","738","544","194","41","779","1372","0","56.78","39.65"
"10","007","00","001","0156","0152","635","506","129","41","676","1113","0","60.74","45.46"
"10","007","00","001","0157","0000","598","432","166","20","618","1184","0","52.2","36.49"
"10","007","00","001","0157","0176","598","432","166","20","618","1184","0","52.2","36.49"
"10","007","00","001","0158","0000","1479","1120","359","89","1568","2445","0","64.13","45.81"
"10","007","00","001","0158","0165","484","377","107","26","510","770","0","66.23","48.96"
"10","007","00","001","0158","0166","530","387","143","27","557","889","0","62.65","43.53"
"10","007","00","001","0158","0167","465","356","109","36","501","786","0","63.74","45.29"
"10","007","00","001","0159","0000","759","574","185","34","793","1249","0","63.49","45.96"
"10","007","00","001","0159","0133","759","574","185","34","793","1249","0","63.49","45.96"
"10","007","00","001","0160","0000","551","416","135","23","574","924","0","62.12","45.02"
"10","007","00","001","0160","0129","551","416","135","23","574","924","0","62.12","45.02"
"10","007","00","001","0161","0000","1826","1361","465","71","1897","2873","0","66.03","47.37"
"10","007","00","001","0161","0130","580","437","143","21","601","939","0","64.0","46.54"
"10","007","00","001","0161","0131","618","448","170","28","646","953","0","67.79","47.01"
"10","007","00","001","0161","0132","628","476","152","22","650","981","0","66.26","48.52"
"10","007","00","001","0162","0000","4672","3593","1079","161","4833","8267","0","58.46","43.46"
"10","007","00","001","0162","0137","711","535","176","19","730","1156","0","63.15","46.28"
"10","007","00","001","0162","0138","724","536","188","18","742","1291","0","57.47","41.52"
"10","007","00","001","0162","0139","643","484","159","26","669","1139","0","58.74","42.49"
"10","007","00","001","0162","0140","573","494","79","25","598","1125","0","53.16","43.91"
"10","007","00","001","0162","0141","693","531","162","31","724","1258","0","57.55","42.21"
"10","007","00","001","0162","0142","647","503","144","21","668","1123","0","59.48","44.79"
"10","007","00","001","0162","0143","681","510","171","21","702","1175","0","59.74","43.4"
"10","007","00","001","0163","0000","1440","1102","338","64","1504","2378","0","63.25","46.34"
"10","007","00","001","0163","0134","536","438","98","20","556","817","0","68.05","53.61"
"10","007","00","001","0163","0135","513","373","140","25","538","872","0","61.7","42.78"
"10","007","00","001","0163","0136","391","291","100","19","410","689","0","59.51","42.24"
"10","007","00","001","0164","0000","2395","1793","602","88","2483","4160","0","59.69","43.1"
"10","007","00","001","0164","0147","562","434","128","19","581","1003","0","57.93","43.27"
"10","007","00","001","0164","0148","533","400","133","16","549","915","0","60.0","43.72"
"10","007","00","001","0164","0149","640","468","172","28","668","1158","0","57.69","40.41"
"10","007","00","001","0164","0150","660","491","169","25","685","1084","0","63.19","45.3"
"10","007","00","001","0165","0000","1627","1211","416","55","1682","2631","0","63.93","46.03"
"10","007","00","001","0165","0144","546","417","129","25","571","862","0","66.24","48.38"
"10","007","00","001","0165","0145","506","361","145","24","530","872","0","60.78","41.4"
"10","007","00","001","0165","0146","575","433","142","6","581","897","0","64.77","48.27"
"10","007","00","001","0166","0000","649","513","136","24","673","1161","0","57.97","44.19"
"10","007","00","001","0166","0184","649","513","136","24","673","1161","0","57.97","44.19"
"10","007","00","001","0167","0000","727","551","176","46","773","1276","0","60.58","43.18"
"10","007","00","001","0167","0183","727","551","176","46","773","1276","0","60.58","43.18"
"10","007","00","001","0168","0000","420","315","105","30","450","823","0","54.68","38.27"
"10","007","00","001","0168","0182","420","315","105","30","450","823","0","54.68","38.27"
"10","007","00","001","0169","0000","590","459","131","39","629","907","0","69.35","50.61"
"10","007","00","001","0169","0180","590","459","131","39","629","907","0","69.35","50.61"
"10","007","00","001","0170","0000","646","491","155","33","679","1112","0","61.06","44.15"
"10","007","00","001","0170","0181","646","491","155","33","679","1112","0","61.06","44.15"
"10","007","00","001","0171","0000","2568","1923","645","75","2643","4367","0","60.52","44.03"
"10","007","00","001","0171","0161","558","430","128","12","570","1033","0","55.18","41.63"
"10","007","00","001","0171","0162","654","491","163","32","686","1116","0","61.47","44.0"
"10","007","00","001","0171","0163","697","530","167","18","715","1154","0","61.96","45.93"
"10","007","00","001","0171","0164","659","472","187","13","672","1064","0","63.16","44.36"
"10","007","00","001","0172","0000","3124","2256","868","91","3215","5370","0","59.87","42.01"
"10","007","00","001","0172","0074","743","527","216","29","772","1252","0","61.66","42.09"
"10","007","00","001","0172","0075","621","451","170","15","636","1113","0","57.14","40.52"
"10","007","00","001","0172","0076","624","440","184","13","637","1009","0","63.13","43.61"
"10","007","00","001","0172","0077","561","417","144","20","581","999","0","58.16","41.74"
"10","007","00","001","0172","0078","575","421","154","14","589","997","0","59.08","42.23"
"10","007","00","001","0173","0000","3108","2213","895","71","3179","5178","0","61.39","42.74"
"10","007","00","001","0173","0079","727","516","211","18","745","1145","0","65.07","45.07"
"10","007","00","001","0173","0080","735","523","212","18","753","1227","0","61.37","42.62"
"10","007","00","001","0173","0081","735","517","218","17","752","1208","0","62.25","42.8"
"10","007","00","001","0173","0082","911","657","254","18","929","1598","0","58.14","41.11"
"10","007","00","002","0000","0000","39449","30405","9044","1862","41311","70505","86762","58.59","43.12"
"10","007","00","002","0201","0000","704","527","177","19","723","1140","0","63.42","46.23"
"10","007","00","002","0201","0243","704","527","177","19","723","1140","0","63.42","46.23"
"10","007","00","002","0202","0000","291","212","79","14","305","511","0","59.69","41.49"
"10","007","00","002","0202","0244","291","212","79","14","305","511","0","59.69","41.49"
"10","007","00","002","0203","0000","432","329","103","14","446","857","0","52.04","38.39"
"10","007","00","002","0203","0245","432","329","103","14","446","857","0","52.04","38.39"
"10","007","00","002","0204","0000","597","459","138","23","620","946","0","65.54","48.52"
"10","007","00","002","0204","0246","597","459","138","23","620","946","0","65.54","48.52"
"10","007","00","002","0205","0000","4314","3313","1001","214","4528","7584","0","59.7","43.68"
"10","007","00","002","0205","0302","693","520","173","48","741","1299","0","57.04","40.03"
"10","007","00","002","0205","0303","790","614","176","22","812","1298","0","62.56","47.3"
"10","007","00","002","0205","0304","810","624","186","35","845","1458","0","57.96","42.8"
"10","007","00","002","0205","0305","663","490","173","33","696","1138","0","61.16","43.06"
"10","007","00","002","0205","0306","648","493","155","40","688","1170","0","58.8","42.14"
"10","007","00","002","0205","0307","710","572","138","36","746","1221","0","61.1","46.85"
"10","007","00","002","0206","0000","2785","2182","603","131","2916","5161","0","56.5","42.28"
"10","007","00","002","0206","0298","694","540","154","38","732","1227","0","59.66","44.01"
"10","007","00","002","0206","0299","689","598","91","29","718","1187","0","60.49","50.38"
"10","007","00","002","0206","0300","686","531","155","25","711","1296","0","54.86","40.97"
"10","007","00","002","0206","0301","716","513","203","39","755","1451","0","52.03","35.35"
"10","007","00","002","0207","0000","2734","2039","695","90","2824","4946","0","57.1","41.23"
"10","007","00","002","0207","0247","546","410","136","19","565","945","0","59.79","43.39"
"10","007","00","002","0207","0248","641","487","154","18","659","1097","0","60.07","44.39"
"10","007","00","002","0207","0249","725","520","205","17","742","1479","0","50.17","35.16"
"10","007","00","002","0207","0250","822","622","200","36","858","1425","0","60.21","43.65"
"10","007","00","002","0208","0000","2431","1887","544","96","2527","4335","0","58.29","43.53"
"10","007","00","002","0208","0253","613","468","145","38","651","1047","0","62.18","44.7"
"10","007","00","002","0208","0254","596","459","137","11","607","1097","0","55.33","41.84"
"10","007","00","002","0208","0255","565","439","126","28","593","1030","0","57.57","42.62"
"10","007","00","002","0208","0256","657","521","136","19","676","1161","0","58.23","44.88"
"10","007","00","002","0209","0000","310","238","72","35","345","540","0","63.89","44.07"
"10","007","00","002","0209","0257","310","238","72","35","345","540","0","63.89","44.07"
"10","007","00","002","0210","0000","513","372","141","50","563","880","0","63.98","42.27"
"10","007","00","002","0210","0251","513","372","141","50","563","880","0","63.98","42.27"
"10","007","00","002","0211","0000","640","493","147","35","675","1183","0","57.06","41.67"
"10","007","00","002","0211","0252","640","493","147","35","675","1183","0","57.06","41.67"
"10","007","00","002","0212","0000","623","455","168","42","665","1127","0","59.01","40.37"
"10","007","00","002","0212","0262","623","455","168","42","665","1127","0","59.01","40.37"
"10","007","00","002","0213","0000","733","554","179","30","763","1178","0","64.77","47.03"
"10","007","00","002","0213","0263","733","554","179","30","763","1178","0","64.77","47.03"
"10","007","00","002","0214","0000","162","117","45","7","169","284","0","59.51","41.2"
"10","007","00","002","0214","0264","162","117","45","7","169","284","0","59.51","41.2"
"10","007","00","002","0215","0000","417","338","79","20","437","659","0","66.31","51.29"
"10","007","00","002","0215","0266","417","338","79","20","437","659","0","66.31","51.29"
"10","007","00","002","0216","0000","333","246","87","17","350","584","0","59.93","42.12"
"10","007","00","002","0216","0265","333","246","87","17","350","584","0","59.93","42.12"
"10","007","00","002","0217","0000","537","395","142","16","553","915","0","60.44","43.17"
"10","007","00","002","0217","0267","537","395","142","16","553","915","0","60.44","43.17"
"10","007","00","002","0218","0000","1344","1022","322","75","1419","2208","0","64.27","46.29"
"10","007","00","002","0218","0268","645","488","157","41","686","1079","0","63.58","45.23"
"10","007","00","002","0218","0269","699","534","165","34","733","1129","0","64.92","47.3"
"10","007","00","002","0219","0000","2054","1546","508","108","2162","3820","0","56.6","40.47"
"10","007","00","002","0219","0286","780","583","197","34","814","1505","0","54.09","38.74"
"10","007","00","002","0219","0287","577","435","142","29","606","1092","0","55.49","39.84"
"10","007","00","002","0219","0288","697","528","169","45","742","1223","0","60.67","43.17"
"10","007","00","002","0220","0000","1338","1040","298","61","1399","2575","0","54.33","40.39"
"10","007","00","002","0220","0289","753","591","162","23","776","1572","0","49.36","37.6"
"10","007","00","002","0220","0290","585","449","136","38","623","1003","0","62.11","44.77"
"10","007","00","002","0221","0000","2306","1824","482","86","2392","4070","0","58.77","44.82"
"10","007","00","002","0221","0295","857","664","193","30","887","1397","0","63.49","47.53"
"10","007","00","002","0221","0296","685","547","138","22","707","1229","0","57.53","44.51"
"10","007","00","002","0221","0297","764","613","151","34","798","1444","0","55.26","42.45"
"10","007","00","002","0222","0000","2345","1800","545","82","2427","4152","0","58.45","43.35"
"10","007","00","002","0222","0291","540","418","122","23","563","933","0","60.34","44.8"
"10","007","00","002","0222","0292","635","485","150","28","663","1093","0","60.66","44.37"
"10","007","00","002","0222","0293","517","396","121","10","527","907","0","58.1","43.66"
"10","007","00","002","0222","0294","653","501","152","21","674","1219","0","55.29","41.1"
"10","007","00","002","0223","0000","1775","1387","388","77","1852","3167","0","58.48","43.8"
"10","007","00","002","0223","0278","534","410","124","22","556","984","0","56.5","41.67"
"10","007","00","002","0223","0279","621","498","123","29","650","1018","0","63.85","48.92"
"10","007","00","002","0223","0280","620","479","141","26","646","1165","0","55.45","41.12"
"10","007","00","002","0224","0000","1151","955","196","35","1186","2181","0","54.38","43.79"
"10","007","00","002","0224","0281","620","556","64","1","621","1161","0","53.49","47.89"
"10","007","00","002","0224","0282","531","399","132","34","565","1020","0","55.39","39.12"
"10","007","00","002","0225","0000","1784","1426","358","110","1894","3066","0","61.77","46.51"
"10","007","00","002","0225","0283","581","472","109","35","616","1068","0","57.68","44.19"
"10","007","00","002","0225","0284","643","524","119","25","668","1024","0","65.23","51.17"
"10","007","00","002","0225","0285","560","430","130","50","610","974","0","62.63","44.15"
"10","007","00","002","0226","0000","1840","1414","426","119","1959","3557","0","55.07","39.75"
"10","007","00","002","0226","0272","573","420","153","60","633","1137","0","55.67","36.94"
"10","007","00","002","0226","0273","632","481","151","31","663","1195","0","55.48","40.25"
"10","007","00","002","0226","0274","635","513","122","28","663","1225","0","54.12","41.88"
"10","007","00","002","0227","0000","1042","828","214","48","1090","1979","0","55.08","41.84"
"10","007","00","002","0227","0270","686","546","140","23","709","1273","0","55.7","42.89"
"10","007","00","002","0227","0271","356","282","74","25","381","706","0","53.97","39.94"
"10","007","00","002","0228","0000","1377","1119","258","98","1475","2438","0","60.5","45.9"
"10","007","00","002","0228","0275","594","464","130","36","630","957","0","65.83","48.48"
"10","007","00","002","0228","0276","372","315","57","35","407","758","0","53.69","41.56"
"10","007","00","002","0228","0277","411","340","71","27","438","723","0","60.58","47.03"
"10","007","00","002","0229","0000","2537","1888","649","110","2647","4462","0","59.32","42.31"
"10","007","00","002","0229","0258","623","447","176","24","647","1135","0","57.0","39.38"
"10","007","00","002","0229","0259","641","498","143","33","674","1155","0","58.35","43.12"
"10","007","00","002","0229","0260","671","492","179","28","699","1127","0","62.02","43.66"
"10","007","00","002","0229","0261","602","451","151","25","627","1045","0","60.0","43.16"
"10","007","00","003","0000","0000","41026","30653","10373","1809","42835","75286","90786","56.9","40.72"
"10","007","00","003","0301","0000","3133","2318","815","123","3256","6061","0","53.72","38.24"
"10","007","00","003","0301","0373","706","514","192","33","739","1341","0","55.11","38.33"
"10","007","00","003","0301","0374","734","552","182","35","769","1480","0","51.96","37.3"
"10","007","00","003","0301","0375","826","626","200","38","864","1529","0","56.51","40.94"
"10","007","00","003","0301","0376","867","626","241","17","884","1711","0","51.67","36.59"
"10","007","00","003","0302","0000","2440","1737","703","107","2547","4313","0","59.05","40.27"
"10","007","00","003","0302","0377","596","413","183","24","620","1057","0","58.66","39.07"
"10","007","00","003","0302","0378","596","406","190","23","619","1032","0","59.98","39.34"
"10","007","00","003","0302","0379","590","455","135","34","624","1015","0","61.48","44.83"
"10","007","00","003","0302","0380","658","463","195","26","684","1209","0","56.58","38.3"
"10","007","00","003","0303","0000","244","159","85","8","252","430","0","58.6","36.98"
"10","007","00","003","0303","0381","244","159","85","8","252","430","0","58.6","36.98"
"10","007","00","003","0304","0000","1041","782","259","29","1070","1822","0","58.73","42.92"
"10","007","00","003","0304","0382","473","346","127","14","487","856","0","56.89","40.42"
"10","007","00","003","0304","0383","568","436","132","15","583","966","0","60.35","45.13"
"10","007","00","003","0305","0000","1752","1276","476","68","1820","3242","0","56.14","39.36"
"10","007","00","003","0305","0384","558","411","147","23","581","1059","0","54.86","38.81"
"10","007","00","003","0305","0385","625","448","177","20","645","1117","0","57.74","40.11"
"10","007","00","003","0305","0386","569","417","152","25","594","1066","0","55.72","39.12"
"10","007","00","003","0306","0000","1428","1063","365","63","1491","2780","0","53.63","38.24"
"10","007","00","003","0306","0387","653","479","174","32","685","1252","0","54.71","38.26"
"10","007","00","003","0306","0388","775","584","191","31","806","1528","0","52.75","38.22"
"10","007","00","003","0307","0000","931","692","239","43","974","1680","0","57.98","41.19"
"10","007","00","003","0307","0389","463","335","128","23","486","826","0","58.84","40.56"
"10","007","00","003","0307","0390","468","357","111","20","488","854","0","57.14","41.8"
"10","007","00","003","0308","0000","494","373","121","27","521","860","0","60.58","43.37"
"10","007","00","003","0308","0429","494","373","121","27","521","860","0","60.58","43.37"
"10","007","00","003","0309","0000","1168","892","276","59","1227","2152","0","57.02","41.45"
"10","007","00","003","0309","0391","700","519","181","44","744","1387","0","53.64","37.42"
"10","007","00","003","0309","0392","468","373","95","15","483","765","0","63.14","48.76"
"10","007","00","003","0310","0000","1510","1171","339","74","1584","2834","0","55.89","41.32"
"10","007","00","003","0310","0393","720","568","152","33","753","1438","0","52.36","39.5"
"10","007","00","003","0310","0394","790","603","187","41","831","1396","0","59.53","43.19"
"10","007","00","003","0311","0000","869","461","408","35","904","1467","0","61.62","31.42"
"10","007","00","003","0311","0395","374","81","293","14","388","658","0","58.97","12.31"
"10","007","00","003","0311","0396","495","380","115","21","516","809","0","63.78","46.97"
"10","007","00","003","0312","0000","977","769","208","28","1005","1820","0","55.22","42.25"
"10","007","00","003","0312","0397","507","405","102","9","516","932","0","55.36","43.45"
"10","007","00","003","0312","0398","470","364","106","19","489","888","0","55.07","40.99"
"10","007","00","003","0313","0000","1254","977","277","59","1313","2221","0","59.12","43.99"
"10","007","00","003","0313","0399","661","520","141","38","699","1144","0","61.1","45.45"
"10","007","00","003","0313","0400","593","457","136","21","614","1077","0","57.01","42.43"
"10","007","00","003","0314","0000","674","514","160","41","715","1349","0","53.0","38.1"
"10","007","00","003","0314","0401","674","514","160","41","715","1349","0","53.0","38.1"
"10","007","00","003","0315","0000","2726","2112","614","90","2816","5134","0","54.85","41.14"
"10","007","00","003","0315","0402","699","534","165","27","726","1155","0","62.86","46.23"
"10","007","00","003","0315","0403","678","514","164","19","697","1253","0","55.63","41.02"
"10","007","00","003","0315","0404","673","502","171","20","693","1252","0","55.35","40.1"
"10","007","00","003","0315","0405","676","562","114","24","700","1474","0","47.49","38.13"
"10","007","00","003","0316","0000","1107","876","231","53","1160","1910","0","60.73","45.86"
"10","007","00","003","0316","0408","593","483","110","21","614","999","0","61.46","48.35"
"10","007","00","003","0316","0409","514","393","121","32","546","911","0","59.93","43.14"
"10","007","00","003","0317","0000","1450","1108","342","57","1507","2632","0","57.26","42.1"
"10","007","00","003","0317","0412","739","568","171","24","763","1308","0","58.33","43.43"
"10","007","00","003","0317","0413","711","540","171","33","744","1324","0","56.19","40.79"
"10","007","00","003","0318","0000","1108","834","274","51","1159","1972","0","58.77","42.29"
"10","007","00","003","0318","0410","579","426","153","19","598","1005","0","59.5","42.39"
"10","007","00","003","0318","0411","529","408","121","32","561","967","0","58.01","42.19"
"10","007","00","003","0319","0000","1888","1380","508","100","1988","3437","0","57.84","40.15"
"10","007","00","003","0319","0414","619","443","176","40","659","1102","0","59.8","40.2"
"10","007","00","003","0319","0415","607","441","166","17","624","1124","0","55.52","39.23"
"10","007","00","003","0319","0416","662","496","166","43","705","1211","0","58.22","40.96"
"10","007","00","003","0320","0000","568","445","123","27","595","884","0","67.31","50.34"
"10","007","00","003","0320","0417","568","445","123","27","595","884","0","67.31","50.34"
"10","007","00","003","0321","0000","1307","988","319","79","1386","2419","0","57.3","40.84"
"10","007","00","003","0321","0418","613","467","146","36","649","1119","0","58.0","41.73"
"10","007","00","003","0321","0419","694","521","173","43","737","1300","0","56.69","40.08"
"10","007","00","003","0322","0000","1304","970","334","35","1339","2317","0","57.79","41.86"
"10","007","00","003","0322","0420","583","420","163","10","593","1104","0","53.71","38.04"
"10","007","00","003","0322","0421","721","550","171","25","746","1213","0","61.5","45.34"
"10","007","00","003","0323","0000","555","426","129","28","583","1127","0","51.73","37.8"
"10","007","00","003","0323","0422","555","426","129","28","583","1127","0","51.73","37.8"
"10","007","00","003","0324","0000","1636","1268","368","81","1717","2864","0","59.95","44.27"
"10","007","00","003","0324","0423","506","390","116","22","528","919","0","57.45","42.44"
"10","007","00","003","0324","0424","565","435","130","31","596","987","0","60.39","44.07"
"10","007","00","003","0324","0425","565","443","122","28","593","958","0","61.9","46.24"
"10","007","00","003","0325","0000","2343","1770","573","72","2415","4228","0","57.12","41.86"
"10","007","00","003","0325","0426","766","628","138","27","793","1362","0","58.22","46.11"
"10","007","00","003","0325","0427","793","570","223","20","813","1461","0","55.65","39.01"
"10","007","00","003","0325","0428","784","572","212","25","809","1405","0","57.58","40.71"
"10","007","00","003","0326","0000","948","711","237","53","1001","1746","0","57.33","40.72"
"10","007","00","003","0326","0430","473","364","109","21","494","875","0","56.46","41.6"
"10","007","00","003","0326","0431","475","347","128","32","507","871","0","58.21","39.84"
"10","007","00","003","0327","0000","513","380","133","39","552","883","0","62.51","43.04"
"10","007","00","003","0327","0432","513","380","133","39","552","883","0","62.51","43.04"
"10","007","00","003","0328","0000","633","451","182","49","682","1224","0","55.72","36.85"
"10","007","00","003","0328","0433","633","451","182","49","682","1224","0","55.72","36.85"
"10","007","00","003","0329","0000","1083","810","273","63","1146","2031","0","56.43","39.88"
"10","007","00","003","0329","0434","566","436","130","36","602","1075","0","56.0","40.56"
"10","007","00","003","0329","0435","517","374","143","27","544","956","0","56.9","39.12"
"10","007","00","003","0330","0000","1669","1251","418","84","1753","3071","0","57.08","40.74"
"10","007","00","003","0330","0436","545","415","130","37","582","1037","0","56.12","40.02"
"10","007","00","003","0330","0437","561","426","135","22","583","1011","0","57.67","42.14"
"10","007","00","003","0330","0438","563","410","153","25","588","1023","0","57.48","40.08"
"10","007","00","003","0331","0000","864","657","207","46","910","1632","0","55.76","40.26"
"10","007","00","003","0331","0439","373","279","94","19","392","719","0","54.52","38.8"
"10","007","00","003","0331","0440","491","378","113","27","518","913","0","56.74","41.4"
"10","007","00","003","0332","0000","1409","1032","377","38","1447","2744","0","52.73","37.61"
"10","007","00","003","0332","0406","696","509","187","18","714","1396","0","51.15","36.46"
"10","007","00","003","0332","0407","713","523","190","20","733","1348","0","54.38","38.8"
"10","007","00","004","0000","0000","7982","6150","1832","454","8436","14065","16872","59.98","43.73"
"10","007","00","004","0401","0000","1299","967","332","33","1332","2237","0","59.54","43.23"
"10","007","00","004","0401","0469","614","458","156","14","628","1071","0","58.64","42.76"
"10","007","00","004","0401","0470","685","509","176","19","704","1166","0","60.38","43.65"
"10","007","00","004","0402","0000","698","535","163","57","755","1269","0","59.5","42.16"
"10","007","00","004","0402","0471","698","535","163","57","755","1269","0","59.5","42.16"
"10","007","00","004","0403","0000","1287","1013","274","87","1374","2266","0","60.64","44.7"
"10","007","00","004","0403","0472","624","492","132","27","651","1138","0","57.21","43.23"
"10","007","00","004","0403","0473","663","521","142","60","723","1128","0","64.1","46.19"
"10","007","00","004","0404","0000","722","562","160","51","773","1275","0","60.63","44.08"
"10","007","00","004","0404","0474","722","562","160","51","773","1275","0","60.63","44.08"
"10","007","00","004","0405","0000","672","508","164","37","709","1187","0","59.73","42.8"
"10","007","00","004","0405","0475","672","508","164","37","709","1187","0","59.73","42.8"
"10","007","00","004","0406","0000","1097","837","260","74","1171","1929","0","60.71","43.39"
"10","007","00","004","0406","0476","566","441","125","39","605","991","0","61.05","44.5"
"10","007","00","004","0406","0477","531","396","135","35","566","938","0","60.34","42.22"
"10","007","00","004","0407","0000","1374","1073","301","70","1444","2561","0","56.38","41.9"
"10","007","00","004","0407","0478","648","507","141","35","683","1276","0","53.53","39.73"
"10","007","00","004","0407","0479","726","566","160","35","761","1285","0","59.22","44.05"
"10","007","00","004","0408","0000","833","655","178","45","878","1341","0","65.47","48.84"
"10","007","00","004","0408","0480","833","655","178","45","878","1341","0","65.47","48.84"
"10","007","00","005","0000","0000","16388","12387","4001","900","17288","30407","37062","56.86","40.74"
"10","007","00","005","0501","0000","857","671","186","54","911","1700","0","53.59","39.47"
"10","007","00","005","0501","0456","445","347","98","34","479","854","0","56.09","40.63"
"10","007","00","005","0501","0457","412","324","88","20","432","846","0","51.06","38.3"
"10","007","00","005","0502","0000","541","400","141","70","611","1143","0","53.46","35.0"
"10","007","00","005","0502","0458","541","400","141","70","611","1143","0","53.46","35.0"
"10","007","00","005","0503","0000","741","551","190","39","780","1317","0","59.23","41.84"
"10","007","00","005","0503","0463","741","551","190","39","780","1317","0","59.23","41.84"
"10","007","00","005","0504","0000","1003","768","235","68","1071","1912","0","56.01","40.17"
"10","007","00","005","0504","0447","473","357","116","38","511","904","0","56.53","39.49"
"10","007","00","005","0504","0448","530","411","119","30","560","1008","0","55.56","40.77"
"10","007","00","005","0505","0000","1131","870","261","60","1191","1993","0","59.76","43.65"
"10","007","00","005","0505","0453","612","471","141","36","648","1085","0","59.72","43.41"
"10","007","00","005","0505","0454","519","399","120","24","543","908","0","59.8","43.94"
"10","007","00","005","0506","0000","739","592","147","44","783","1264","0","61.95","46.84"
"10","007","00","005","0506","0455","739","592","147","44","783","1264","0","61.95","46.84"
"10","007","00","005","0507","0000","1002","754","248","52","1054","1839","0","57.31","41.0"
"10","007","00","005","0507","0443","533","404","129","28","561","966","0","58.07","41.82"
"10","007","00","005","0507","0444","469","350","119","24","493","873","0","56.47","40.09"
"10","007","00","005","0508","0000","929","719","210","52","981","1687","0","58.15","42.62"
"10","007","00","005","0508","0445","461","365","96","28","489","812","0","60.22","44.95"
"10","007","00","005","0508","0446","468","354","114","24","492","875","0","56.23","40.46"
"10","007","00","005","0509","0000","1375","1047","328","93","1468","2640","0","55.61","39.66"
"10","007","00","005","0509","0449","645","495","150","40","685","1154","0","59.36","42.89"
"10","007","00","005","0509","0450","730","552","178","53","783","1486","0","52.69","37.15"
"10","007","00","005","0510","0000","2758","1998","760","125","2883","5139","0","56.1","38.88"
"10","007","00","005","0510","0459","729","524","205","28","757","1357","0","55.78","38.61"
"10","007","00","005","0510","0460","713","516","197","41","754","1349","0","55.89","38.25"
"10","007","00","005","0510","0461","644","484","160","34","678","1154","0","58.75","41.94"
"10","007","00","005","0510","0462","672","474","198","22","694","1279","0","54.26","37.06"
"10","007","00","005","0511","0000","1123","877","246","43","1166","2182","0","53.44","40.19"
"10","007","00","005","0511","0451","581","461","120","29","610","1095","0","55.71","42.1"
"10","007","00","005","0511","0452","542","416","126","14","556","1087","0","51.15","38.27"
"10","007","00","005","0512","0000","1275","969","306","53","1328","2348","0","56.56","41.27"
"10","007","00","005","0512","0441","585","435","150","22","607","1182","0","51.35","36.8"
"10","007","00","005","0512","0442","690","534","156","31","721","1166","0","61.84","45.8"
"10","007","00","005","0513","0000","1737","1302","435","54","1791","3020","0","59.3","43.11"
"10","007","00","005","0513","0464","588","462","126","19","607","990","0","61.31","46.67"
"10","007","00","005","0513","0465","487","358","129","20","507","852","0","59.51","42.02"
"10","007","00","005","0513","0466","662","482","180","15","677","1178","0","57.47","40.92"
"10","007","00","005","0514","0000","1177","869","308","93","1270","2223","0","57.13","39.09"
"10","007","00","005","0514","0467","563","426","137","57","620","1088","0","56.99","39.15"
"10","007","00","005","0514","0468","614","443","171","36","650","1135","0","57.27","39.03"
"10","007","00","006","0000","0000","20536","15883","4653","1075","21611","39745","47166","54.37","39.96"
"10","007","00","006","0601","0000","777","610","167","31","808","1492","0","54.16","40.88"
"10","007","00","006","0601","0319","777","610","167","31","808","1492","0","54.16","40.88"
"10","007","00","006","0602","0000","660","500","160","31","691","1458","0","47.39","34.29"
"10","007","00","006","0602","0318","660","500","160","31","691","1458","0","47.39","34.29"
"10","007","00","006","0603","0000","628","463","165","38","666","1251","0","53.24","37.01"
"10","007","00","006","0603","0313","628","463","165","38","666","1251","0","53.24","37.01"
"10","007","00","006","0604","0000","731","571","160","37","768","1464","0","52.46","39.0"
"10","007","00","006","0604","0312","731","571","160","37","768","1464","0","52.46","39.0"
"10","007","00","006","0605","0000","586","450","136","54","640","1166","0","54.89","38.59"
"10","007","00","006","0605","0311","586","450","136","54","640","1166","0","54.89","38.59"
"10","007","00","006","0606","0000","625","491","134","45","670","1256","0","53.34","39.09"
"10","007","00","006","0606","0310","625","491","134","45","670","1256","0","53.34","39.09"
"10","007","00","006","0607","0000","697","480","217","47","744","1363","0","54.59","35.22"
"10","007","00","006","0607","0308","697","480","217","47","744","1363","0","54.59","35.22"
"10","007","00","006","0608","0000","436","329","107","20","456","821","0","55.54","40.07"
"10","007","00","006","0608","0309","436","329","107","20","456","821","0","55.54","40.07"
"10","007","00","006","0609","0000","1198","902","296","55","1253","2425","0","51.67","37.2"
"10","007","00","006","0609","0314","740","555","185","37","777","1465","0","53.04","37.88"
"10","007","00","006","0609","0315","458","347","111","18","476","960","0","49.58","36.15"
"10","007","00","006","0610","0000","1396","1043","353","77","1473","2688","0","54.8","38.8"
"10","007","00","006","0610","0316","669","489","180","48","717","1323","0","54.2","36.96"
"10","007","00","006","0610","0317","727","554","173","29","756","1365","0","55.38","40.59"
"10","007","00","006","0611","0000","1259","943","316","55","1314","2477","0","53.05","38.07"
"10","007","00","006","0611","0324","547","396","151","27","574","1085","0","52.9","36.5"
"10","007","00","006","0611","0325","712","547","165","28","740","1392","0","53.16","39.3"
"10","007","00","006","0612","0000","668","536","132","29","697","1216","0","57.32","44.08"
"10","007","00","006","0612","0331","668","536","132","29","697","1216","0","57.32","44.08"
"10","007","00","006","0613","0000","531","405","126","30","561","1063","0","52.78","38.1"
"10","007","00","006","0613","0332","531","405","126","30","561","1063","0","52.78","38.1"
"10","007","00","006","0614","0000","1201","947","254","80","1281","2229","0","57.47","42.49"
"10","007","00","006","0614","0339","627","488","139","47","674","1079","0","62.47","45.23"
"10","007","00","006","0614","0340","574","459","115","33","607","1150","0","52.78","39.91"
"10","007","00","006","0615","0000","1042","817","225","42","1084","1921","0","56.43","42.53"
"10","007","00","006","0615","0337","537","425","112","21","558","926","0","60.26","45.9"
"10","007","00","006","0615","0338","505","392","113","21","526","995","0","52.86","39.4"
"10","007","00","006","0616","0000","1139","986","153","59","1198","2305","0","51.97","42.78"
"10","007","00","006","0616","0335","437","420","17","21","458","994","0","46.08","42.25"
"10","007","00","006","0616","0336","702","566","136","38","740","1311","0","56.45","43.17"
"10","007","00","006","0617","0000","574","441","133","30","604","1287","0","46.93","34.27"
"10","007","00","006","0617","0334","574","441","133","30","604","1287","0","46.93","34.27"
"10","007","00","006","0618","0000","670","522","148","38","708","1306","0","54.21","39.97"
"10","007","00","006","0618","0333","670","522","148","38","708","1306","0","54.21","39.97"
"10","007","00","006","0619","0000","2125","1653","472","79","2204","3672","0","60.02","45.02"
"10","007","00","006","0619","0326","736","576","160","39","775","1316","0","58.89","43.77"
"10","007","00","006","0619","0327","729","562","167","26","755","1255","0","60.16","44.78"
"10","007","00","006","0619","0328","660","515","145","14","674","1101","0","61.22","46.78"
"10","007","00","006","0620","0000","1310","1036","274","86","1396","2560","0","54.53","40.47"
"10","007","00","006","0620","0329","610","490","120","47","657","1167","0","56.3","41.99"
"10","007","00","006","0620","0330","700","546","154","39","739","1393","0","53.05","39.2"
"10","007","00","006","0621","0000","1197","937","260","65","1262","2383","0","52.96","39.32"
"10","007","00","006","0621","0322","495","387","108","26","521","1043","0","49.95","37.1"
"10","007","00","006","0621","0323","702","550","152","39","741","1340","0","55.3","41.04"
"10","007","00","006","0622","0000","1086","821","265","47","1133","1942","0","58.34","42.28"
"10","007","00","006","0622","0320","479","370","109","20","499","888","0","56.19","41.67"
"10","007","00","006","0622","0321","607","451","156","27","634","1054","0","60.15","42.79"
"10","007","00","007","0000","0000","18401","13956","4445","927","19328","32394","39300","59.67","43.08"
"10","007","00","007","0701","0000","1002","779","223","65","1067","1686","0","63.29","46.2"
"10","007","00","007","0701","0341","634","497","137","36","670","1066","0","62.85","46.62"
"10","007","00","007","0701","0342","368","282","86","29","397","620","0","64.03","45.48"
"10","007","00","007","0702","0000","1152","846","306","42","1194","2072","0","57.63","40.83"
"10","007","00","007","0702","0343","448","324","124","11","459","876","0","52.4","36.99"
"10","007","00","007","0702","0344","704","522","182","31","735","1196","0","61.45","43.65"
"10","007","00","007","0703","0000","1490","1158","332","56","1546","2642","0","58.52","43.83"
"10","007","00","007","0703","0345","762","584","178","27","789","1369","0","57.63","42.66"
"10","007","00","007","0703","0346","728","574","154","29","757","1273","0","59.47","45.09"
"10","007","00","007","0704","0000","1104","829","275","25","1129","1888","0","59.8","43.91"
"10","007","00","007","0704","0348","558","410","148","16","574","967","0","59.36","42.4"
"10","007","00","007","0704","0349","546","419","127","9","555","921","0","60.26","45.49"
"10","007","00","007","0705","0000","776","594","182","29","805","1433","0","56.18","41.45"
"10","007","00","007","0705","0347","776","594","182","29","805","1433","0","56.18","41.45"
"10","007","00","007","0706","0000","2241","1662","579","117","2358","3910","0","60.31","42.51"
"10","007","00","007","0706","0350","417","321","96","19","436","689","0","63.28","46.59"
"10","007","00","007","0706","0351","393","294","99","28","421","688","0","61.19","42.73"
"10","007","00","007","0706","0352","738","535","203","43","781","1252","0","62.38","42.73"
"10","007","00","007","0706","0353","693","512","181","27","720","1281","0","56.21","39.97"
"10","007","00","007","0707","0000","1728","1307","421","80","1808","3211","0","56.31","40.7"
"10","007","00","007","0707","0354","400","293","107","30","430","754","0","57.03","38.86"
"10","007","00","007","0707","0355","560","418","142","26","586","1024","0","57.23","40.82"
"10","007","00","007","0707","0356","768","596","172","24","792","1433","0","55.27","41.59"
"10","007","00","007","0708","0000","1356","1038","318","69","1425","2261","0","63.03","45.91"
"10","007","00","007","0708","0357","847","645","202","32","879","1366","0","64.35","47.22"
"10","007","00","007","0708","0358","509","393","116","37","546","895","0","61.01","43.91"
"10","007","00","007","0709","0000","703","498","205","51","754","1386","0","54.4","35.93"
"10","007","00","007","0709","0359","703","498","205","51","754","1386","0","54.4","35.93"
"10","007","00","007","0710","0000","2661","2041","620","159","2820","4454","0","63.31","45.82"
"10","007","00","007","0710","0360","493","390","103","49","542","896","0","60.49","43.53"
"10","007","00","007","0710","0361","518","401","117","23","541","804","0","67.29","49.88"
"10","007","00","007","0710","0362","508","402","106","16","524","827","0","63.36","48.61"
"10","007","00","007","0710","0363","562","415","147","31","593","996","0","59.54","41.67"
"10","007","00","007","0710","0364","580","433","147","40","620","931","0","66.6","46.51"
"10","007","00","007","0711","0000","1118","848","270","59","1177","1944","0","60.55","43.62"
"10","007","00","007","0711","0365","388","291","97","22","410","715","0","57.34","40.7"
"10","007","00","007","0711","0366","730","557","173","37","767","1229","0","62.41","45.32"
"10","007","00","007","0712","0000","914","674","240","56","970","1701","0","57.03","39.62"
"10","007","00","007","0712","0367","441","334","107","21","462","890","0","51.91","37.53"
"10","007","00","007","0712","0368","473","340","133","35","508","811","0","62.64","41.92"
"10","007","00","007","0713","0000","987","774","213","48","1035","1717","0","60.28","45.08"
"10","007","00","007","0713","0369","466","356","110","26","492","786","0","62.6","45.29"
"10","007","00","007","0713","0370","521","418","103","22","543","931","0","58.32","44.9"
"10","007","00","007","0714","0000","1169","908","261","71","1240","2089","0","59.36","43.47"
"10","007","00","007","0714","0371","730","559","171","43","773","1265","0","61.11","44.19"
"10","007","00","007","0714","0372","439","349","90","28","467","824","0","56.67","42.35"
"10","007","00","008","0000","0000","22388","17218","5170","926","23314","38924","45922","59.9","44.23"
"10","007","00","008","0801","0000","1900","1395","505","59","1959","3257","0","60.15","42.83"
"10","007","00","008","0801","0185","538","421","117","19","557","901","0","61.82","46.73"
"10","007","00","008","0801","0186","626","450","176","26","652","1042","0","62.57","43.19"
"10","007","00","008","0801","0187","736","524","212","14","750","1314","0","57.08","39.88"
"10","007","00","008","0802","0000","1056","841","215","43","1099","1827","0","60.15","46.03"
"10","007","00","008","0802","0188","484","397","87","23","507","808","0","62.75","49.13"
"10","007","00","008","0802","0189","572","444","128","20","592","1019","0","58.1","43.57"
"10","007","00","008","0803","0000","1404","1115","289","53","1457","2384","0","61.12","46.77"
"10","007","00","008","0803","0190","680","531","149","32","712","1144","0","62.24","46.42"
"10","007","00","008","0803","0191","724","584","140","21","745","1240","0","60.08","47.1"
"10","007","00","008","0804","0000","691","537","154","19","710","1095","0","64.84","49.04"
"10","007","00","008","0804","0193","691","537","154","19","710","1095","0","64.84","49.04"
"10","007","00","008","0805","0000","844","682","162","39","883","1425","0","61.96","47.86"
"10","007","00","008","0805","0192","844","682","162","39","883","1425","0","61.96","47.86"
"10","007","00","008","0806","0000","1104","863","241","40","1144","1892","0","60.47","45.61"
"10","007","00","008","0806","0194","524","398","126","24","548","910","0","60.22","43.74"
"10","007","00","008","0806","0195","580","465","115","16","596","982","0","60.69","47.35"
"10","007","00","008","0807","0000","479","361","118","27","506","764","0","66.23","47.25"
"10","007","00","008","0807","0198","479","361","118","27","506","764","0","66.23","47.25"
"10","007","00","008","0808","0000","1023","769","254","23","1046","1770","0","59.1","43.45"
"10","007","00","008","0808","0196","624","478","146","13","637","1070","0","59.53","44.67"
"10","007","00","008","0808","0197","399","291","108","10","409","700","0","58.43","41.57"
"10","007","00","008","0809","0000","2835","2190","645","94","2929","4967","0","58.97","44.09"
"10","007","00","008","0809","0207","611","473","138","26","637","1169","0","54.49","40.46"
"10","007","00","008","0809","0208","743","559","184","28","771","1274","0","60.52","43.88"
"10","007","00","008","0809","0209","775","613","162","18","793","1280","0","61.95","47.89"
"10","007","00","008","0809","0210","706","545","161","22","728","1244","0","58.52","43.81"
"10","007","00","008","0810","0000","1729","1299","430","84","1813","3038","0","59.68","42.76"
"10","007","00","008","0810","0199","584","447","137","25","609","953","0","63.9","46.9"
"10","007","00","008","0810","0200","541","400","141","16","557","974","0","57.19","41.07"
"10","007","00","008","0810","0201","604","452","152","43","647","1111","0","58.24","40.68"
"10","007","00","008","0811","0000","2572","1925","647","123","2695","4576","0","58.89","42.07"
"10","007","00","008","0811","0202","635","498","137","41","676","1101","0","61.4","45.23"
"10","007","00","008","0811","0203","599","475","124","27","626","1110","0","56.4","42.79"
"10","007","00","008","0811","0204","709","530","179","31","740","1262","0","58.64","42.0"
"10","007","00","008","0811","0205","629","422","207","24","653","1103","0","59.2","38.26"
"10","007","00","008","0812","0000","678","515","163","30","708","1347","0","52.56","38.23"
"10","007","00","008","0812","0206","678","515","163","30","708","1347","0","52.56","38.23"
"10","007","00","008","0813","0000","1885","1443","442","96","1981","3312","0","59.81","43.57"
"10","007","00","008","0813","0211","648","482","166","39","687","1159","0","59.28","41.59"
"10","007","00","008","0813","0212","634","489","145","29","663","1042","0","63.63","46.93"
"10","007","00","008","0813","0213","603","472","131","28","631","1111","0","56.8","42.48"
"10","007","00","008","0814","0000","540","431","109","31","571","893","0","63.94","48.26"
"10","007","00","008","0814","0214","540","431","109","31","571","893","0","63.94","48.26"
"10","007","00","008","0815","0000","540","415","125","25","565","953","0","59.29","43.55"
"10","007","00","008","0815","0215","540","415","125","25","565","953","0","59.29","43.55"
"10","007","00","008","0816","0000","1103","836","267","61","1164","1912","0","60.88","43.72"
"10","007","00","008","0816","0216","530","391","139","24","554","987","0","56.13","39.61"
"10","007","00","008","0816","0217","573","445","128","37","610","925","0","65.95","48.11"
"10","007","00","008","0817","0000","1071","861","210","43","1114","1906","0","58.45","45.17"
"10","007","00","008","0817","0218","542","453","89","23","565","951","0","59.41","47.63"
"10","007","00","008","0817","0219","529","408","121","20","549","955","0","57.49","42.72"
"10","007","00","008","0818","0000","934","740","194","36","970","1606","0","60.4","46.08"
"10","007","00","008","0818","0220","521","412","109","24","545","895","0","60.89","46.03"
"10","007","00","008","0818","0221","413","328","85","12","425","711","0","59.77","46.13"
"10","007","00","009","0000","0000","10821","8360","2461","652","11473","20408","23594","56.22","40.96"
"10","007","00","009","0901","0000","936","738","198","61","997","1752","0","56.91","42.12"
"10","007","00","009","0901","0222","513","415","98","25","538","958","0","56.16","43.32"
"10","007","00","009","0901","0223","423","323","100","36","459","794","0","57.81","40.68"
"10","007","00","009","0902","0000","682","504","178","65","747","1415","0","52.79","35.62"
"10","007","00","009","0902","0224","682","504","178","65","747","1415","0","52.79","35.62"
"10","007","00","009","0903","0000","984","780","204","61","1045","1758","0","59.44","44.37"
"10","007","00","009","0903","0225","541","420","121","30","571","927","0","61.6","45.31"
"10","007","00","009","0903","0226","443","360","83","31","474","831","0","57.04","43.32"
"10","007","00","009","0904","0000","1281","964","317","60","1341","2465","0","54.4","39.11"
"10","007","00","009","0904","0228","635","455","180","23","658","1227","0","53.63","37.08"
"10","007","00","009","0904","0229","646","509","137","37","683","1238","0","55.17","41.11"
"10","007","00","009","0905","0000","1288","992","296","88","1376","2351","0","58.53","42.19"
"10","007","00","009","0905","0230","739","561","178","48","787","1362","0","57.78","41.19"
"10","007","00","009","0905","0231","549","431","118","40","589","989","0","59.56","43.58"
"10","007","00","009","0906","0000","1013","795","218","59","1072","1661","0","64.54","47.86"
"10","007","00","009","0906","0232","639","505","134","32","671","1054","0","63.66","47.91"
"10","007","00","009","0906","0233","374","290","84","27","401","607","0","66.06","47.78"
"10","007","00","009","0907","0000","507","408","99","29","536","882","0","60.77","46.26"
"10","007","00","009","0907","0234","507","408","99","29","536","882","0","60.77","46.26"
"10","007","00","009","0908","0000","540","417","123","27","567","1143","0","49.61","36.48"
"10","007","00","009","0908","0235","540","417","123","27","567","1143","0","49.61","36.48"
"10","007","00","009","0909","0000","330","266","64","14","344","661","0","52.04","40.24"
"10","007","00","009","0909","0236","330","266","64","14","344","661","0","52.04","40.24"
"10","007","00","009","0910","0000","869","658","211","34","903","1685","0","53.59","39.05"
"10","007","00","009","0910","0237","456","356","100","2","458","838","0","54.65","42.48"
"10","007","00","009","0910","0238","413","302","111","32","445","847","0","52.54","35.66"
"10","007","00","009","0911","0000","553","426","127","39","592","987","0","59.98","43.16"
"10","007","00","009","0911","0239","553","426","127","39","592","987","0","59.98","43.16"
"10","007","00","009","0912","0000","608","463","145","31","639","1217","0","52.51","38.04"
"10","007","00","009","0912","0240","608","463","145","31","639","1217","0","52.51","38.04"
"10","007","00","009","0913","0000","420","333","87","41","461","865","0","53.29","38.5"
"10","007","00","009","0913","0241","420","333","87","41","461","865","0","53.29","38.5"
"10","007","00","009","0914","0000","488","364","124","28","516","996","0","51.81","36.55"
"10","007","00","009","0914","0242","488","364","124","28","516","996","0","51.81","36.55"
"10","007","00","009","0915","0000","322","252","70","15","337","570","0","59.12","44.21"
"10","007","00","009","0915","0227","322","252","70","15","337","570","0","59.12","44.21"
"10","007","00","010","0000","0000","56071","41969","14102","2267","58338","102028","124755","57.18","41.13"
"10","007","00","010","1001","0000","586","434","152","33","619","1063","0","58.23","40.83"
"10","007","00","010","1001","0504","586","434","152","33","619","1063","0","58.23","40.83"
"10","007","00","010","1002","0000","1555","1145","410","70","1625","2788","0","58.29","41.07"
"10","007","00","010","1002","0505","498","327","171","19","517","925","0","55.89","35.35"
"10","007","00","010","1002","0506","528","409","119","31","559","947","0","59.03","43.19"
"10","007","00","010","1002","0507","529","409","120","20","549","916","0","59.93","44.65"
"10","007","00","010","1003","0000","1777","1326","451","42","1819","3174","0","57.31","41.78"
"10","007","00","010","1003","0528","480","371","109","9","489","867","0","56.4","42.79"
"10","007","00","010","1003","0529","666","493","173","17","683","1201","0","56.87","41.05"
"10","007","00","010","1003","0530","631","462","169","16","647","1106","0","58.5","41.77"
"10","007","00","010","1004","0000","1471","1073","398","68","1539","2588","0","59.47","41.46"
"10","007","00","010","1004","0531","484","367","117","25","509","845","0","60.24","43.43"
"10","007","00","010","1004","0532","504","352","152","22","526","894","0","58.84","39.37"
"10","007","00","010","1004","0533","483","354","129","21","504","849","0","59.36","41.7"
"10","007","00","010","1005","0000","451","323","128","20","471","747","0","63.05","43.24"
"10","007","00","010","1005","0534","451","323","128","20","471","747","0","63.05","43.24"
"10","007","00","010","1006","0000","1534","1134","400","41","1575","2824","0","55.77","40.16"
"10","007","00","010","1006","0535","532","375","157","16","548","884","0","61.99","42.42"
"10","007","00","010","1006","0536","465","341","124","15","480","900","0","53.33","37.89"
"10","007","00","010","1006","0537","537","418","119","10","547","1040","0","52.6","40.19"
"10","007","00","010","1007","0000","464","333","131","17","481","831","0","57.88","40.07"
"10","007","00","010","1007","0538","464","333","131","17","481","831","0","57.88","40.07"
"10","007","00","010","1008","0000","357","262","95","35","392","591","0","66.33","44.33"
"10","007","00","010","1008","0539","357","262","95","35","392","591","0","66.33","44.33"
"10","007","00","010","1009","0000","1011","746","265","34","1045","1849","0","56.52","40.35"
"10","007","00","010","1009","0508","461","348","113","20","481","862","0","55.8","40.37"
"10","007","00","010","1009","0509","550","398","152","14","564","987","0","57.14","40.32"
"10","007","00","010","1010","0000","3153","2360","793","110","3263","5677","0","57.48","41.57"
"10","007","00","010","1010","0510","577","453","124","23","600","1085","0","55.3","41.75"
"10","007","00","010","1010","0511","616","459","157","18","634","1110","0","57.12","41.35"
"10","007","00","010","1010","0512","574","430","144","13","587","1095","0","53.61","39.27"
"10","007","00","010","1010","0513","757","541","216","30","787","1278","0","61.58","42.33"
"10","007","00","010","1010","0514","629","477","152","26","655","1109","0","59.06","43.01"
"10","007","00","010","1011","0000","1286","961","325","50","1336","2487","0","53.72","38.64"
"10","007","00","010","1011","0561","609","465","144","24","633","1131","0","55.97","41.11"
"10","007","00","010","1011","0562","677","496","181","26","703","1356","0","51.84","36.58"
"10","007","00","010","1012","0000","2393","1712","681","95","2488","4191","0","59.37","40.85"
"10","007","00","010","1012","0563","735","536","199","39","774","1370","0","56.5","39.12"
"10","007","00","010","1012","0564","615","425","190","22","637","1090","0","58.44","38.99"
"10","007","00","010","1012","0565","519","375","144","15","534","821","0","65.04","45.68"
"10","007","00","010","1012","0566","524","376","148","19","543","910","0","59.67","41.32"
"10","007","00","010","1013","0000","2807","2043","764","88","2895","4993","0","57.98","40.92"
"10","007","00","010","1013","0567","670","497","173","21","691","1203","0","57.44","41.31"
"10","007","00","010","1013","0568","753","515","238","21","774","1378","0","56.17","37.37"
"10","007","00","010","1013","0569","743","552","191","29","772","1352","0","57.1","40.83"
"10","007","00","010","1013","0570","641","479","162","17","658","1060","0","62.08","45.19"
"10","007","00","010","1014","0000","2397","1949","448","129","2526","4559","0","55.41","42.75"
"10","007","00","010","1014","0571","682","515","167","39","721","1317","0","54.75","39.1"
"10","007","00","010","1014","0572","585","540","45","29","614","1120","0","54.82","48.21"
"10","007","00","010","1014","0573","525","425","100","32","557","1025","0","54.34","41.46"
"10","007","00","010","1014","0574","605","469","136","29","634","1097","0","57.79","42.75"
"10","007","00","010","1015","0000","956","713","243","43","999","1696","0","58.9","42.04"
"10","007","00","010","1015","0575","500","372","128","28","528","859","0","61.47","43.31"
"10","007","00","010","1015","0576","456","341","115","15","471","837","0","56.27","40.74"
"10","007","00","010","1016","0000","1247","969","278","66","1313","2163","0","60.7","44.8"
"10","007","00","010","1016","0577","661","520","141","27","688","1090","0","63.12","47.71"
"10","007","00","010","1016","0578","586","449","137","39","625","1073","0","58.25","41.85"
"10","007","00","010","1017","0000","1418","1036","382","38","1456","2625","0","55.47","39.47"
"10","007","00","010","1017","0540","709","518","191","16","725","1330","0","54.51","38.95"
"10","007","00","010","1017","0541","709","518","191","22","731","1295","0","56.45","40.0"
"10","007","00","010","1018","0000","3397","2550","847","126","3523","6205","0","56.78","41.1"
"10","007","00","010","1018","0545","668","483","185","28","696","1176","0","59.18","41.07"
"10","007","00","010","1018","0546","447","340","107","10","457","867","0","52.71","39.22"
"10","007","00","010","1018","0547","589","409","180","36","625","1121","0","55.75","36.49"
"10","007","00","010","1018","0548","619","447","172","14","633","1190","0","53.19","37.56"
"10","007","00","010","1018","0549","540","417","123","25","565","945","0","59.79","44.13"
"10","007","00","010","1018","0550","534","454","80","13","547","906","0","60.38","50.11"
"10","007","00","010","1019","0000","1638","1189","449","89","1727","2876","0","60.05","41.34"
"10","007","00","010","1019","0551","566","392","174","32","598","978","0","61.15","40.08"
"10","007","00","010","1019","0552","530","389","141","31","561","949","0","59.11","40.99"
"10","007","00","010","1019","0553","542","408","134","26","568","949","0","59.85","42.99"
"10","007","00","010","1020","0000","1065","793","272","49","1114","1931","0","57.69","41.07"
"10","007","00","010","1020","0515","573","441","132","28","601","1055","0","56.97","41.8"
"10","007","00","010","1020","0516","492","352","140","21","513","876","0","58.56","40.18"
"10","007","00","010","1021","0000","1200","900","300","44","1244","2301","0","54.06","39.11"
"10","007","00","010","1021","0517","534","400","134","21","555","1115","0","49.78","35.87"
"10","007","00","010","1021","0518","666","500","166","23","689","1186","0","58.09","42.16"
"10","007","00","010","1022","0000","1728","1282","446","70","1798","3195","0","56.28","40.13"
"10","007","00","010","1022","0519","567","429","138","35","602","995","0","60.5","43.12"
"10","007","00","010","1022","0520","522","387","135","18","540","999","0","54.05","38.74"
"10","007","00","010","1022","0521","639","466","173","17","656","1201","0","54.62","38.8"
"10","007","00","010","1023","0000","1315","1010","305","38","1353","2428","0","55.72","41.6"
"10","007","00","010","1023","0522","739","562","177","13","752","1342","0","56.04","41.88"
"10","007","00","010","1023","0523","576","448","128","25","601","1086","0","55.34","41.25"
"10","007","00","010","1024","0000","2082","1557","525","75","2157","3624","0","59.52","42.96"
"10","007","00","010","1024","0524","437","333","104","22","459","854","0","53.75","38.99"
"10","007","00","010","1024","0525","585","449","136","19","604","1064","0","56.77","42.2"
"10","007","00","010","1024","0526","519","375","144","12","531","879","0","60.41","42.66"
"10","007","00","010","1024","0527","541","400","141","22","563","827","0","68.08","48.37"
"10","007","00","010","1025","0000","1236","1063","173","45","1281","2440","0","52.5","43.57"
"10","007","00","010","1025","0481","549","450","99","20","569","1087","0","52.35","41.4"
"10","007","00","010","1025","0482","687","613","74","25","712","1353","0","52.62","45.31"
"10","007","00","010","1026","0000","1276","946","330","63","1339","2641","0","50.7","35.82"
"10","007","00","010","1026","0483","673","493","180","30","703","1313","0","53.54","37.55"
"10","007","00","010","1026","0484","603","453","150","33","636","1328","0","47.89","34.11"
"10","007","00","010","1027","0000","1508","1134","374","73","1581","2786","0","56.75","40.7"
"10","007","00","010","1027","0485","579","436","143","20","599","1055","0","56.78","41.33"
"10","007","00","010","1027","0486","506","374","132","24","530","959","0","55.27","39.0"
"10","007","00","010","1027","0487","423","324","99","29","452","772","0","58.55","41.97"
"10","007","00","010","1028","0000","855","645","210","44","899","1685","0","53.35","38.28"
"10","007","00","010","1028","0488","479","363","116","32","511","831","0","61.49","43.68"
"10","007","00","010","1028","0489","376","282","94","12","388","854","0","45.43","33.02"
"10","007","00","010","1029","0000","537","414","123","22","559","1190","0","46.97","34.79"
"10","007","00","010","1029","0490","537","414","123","22","559","1190","0","46.97","34.79"
"10","007","00","010","1030","0000","381","304","77","20","401","726","0","55.23","41.87"
"10","007","00","010","1030","0491","381","304","77","20","401","726","0","55.23","41.87"
"10","007","00","010","1031","0000","1028","750","278","62","1090","1984","0","54.94","37.8"
"10","007","00","010","1031","0492","601","447","154","32","633","1124","0","56.32","39.77"
"10","007","00","010","1031","0493","427","303","124","30","457","860","0","53.14","35.23"
"10","007","00","010","1032","0000","1296","1058","238","52","1348","2197","0","61.36","48.16"
"10","007","00","010","1032","0494","655","592","63","30","685","1122","0","61.05","52.76"
"10","007","00","010","1032","0495","641","466","175","22","663","1075","0","61.67","43.35"
"10","007","00","010","1033","0000","1029","789","240","54","1083","1960","0","55.26","40.26"
"10","007","00","010","1033","0496","520","403","117","30","550","993","0","55.39","40.58"
"10","007","00","010","1033","0497","509","386","123","24","533","967","0","55.12","39.92"
"10","007","00","010","1034","0000","984","739","245","58","1042","1812","0","57.51","40.78"
"10","007","00","010","1034","0498","552","405","147","30","582","1008","0","57.74","40.18"
"10","007","00","010","1034","0499","432","334","98","28","460","804","0","57.21","41.54"
"10","007","00","010","1035","0000","937","708","229","35","972","1752","0","55.48","40.41"
"10","007","00","010","1035","0500","466","345","121","20","486","867","0","56.06","39.79"
"10","007","00","010","1035","0501","471","363","108","15","486","885","0","54.92","41.02"
"10","007","00","010","1036","0000","1171","873","298","45","1216","2352","0","51.7","37.12"
"10","007","00","010","1036","0502","513","387","126","21","534","1097","0","48.68","35.28"
"10","007","00","010","1036","0503","658","486","172","24","682","1255","0","54.34","38.73"
"10","007","00","010","1037","0000","1625","1183","442","53","1678","2818","0","59.55","41.98"
"10","007","00","010","1037","0554","567","419","148","10","577","1006","0","57.36","41.65"
"10","007","00","010","1037","0555","497","352","145","31","528","889","0","59.39","39.6"
"10","007","00","010","1037","0556","561","412","149","12","573","923","0","62.08","44.64"
"10","007","00","010","1038","0000","1349","1005","344","51","1400","2284","0","61.3","44.0"
"10","007","00","010","1038","0557","725","526","199","26","751","1209","0","62.12","43.51"
"10","007","00","010","1038","0558","624","479","145","25","649","1075","0","60.37","44.56"
"10","007","00","010","1039","0000","1478","1037","441","47","1525","2381","0","64.05","43.55"
"10","007","00","010","1039","0559","807","586","221","24","831","1342","0","61.92","43.67"
"10","007","00","010","1039","0560","671","451","220","23","694","1039","0","66.79","43.41"
"10","007","00","010","1040","0000","846","600","246","31","877","1388","0","63.18","43.23"
"10","007","00","010","1040","0544","846","600","246","31","877","1388","0","63.18","43.23"
"10","007","00","010","1041","0000","1247","921","326","42","1289","2226","0","57.91","41.37"
"10","007","00","010","1041","0542","688","507","181","29","717","1283","0","55.88","39.52"
"10","007","00","010","1041","0543","559","414","145","13","572","943","0","60.66","43.9"
"10","007","00","011","0000","0000","25051","19037","6014","1167","26218","45147","55412","58.07","42.17"
"10","007","00","011","1101","0000","664","502","162","16","680","1221","0","55.69","41.11"
"10","007","00","011","1101","0640","664","502","162","16","680","1221","0","55.69","41.11"
"10","007","00","011","1102","0000","385","275","110","24","409","638","0","64.11","43.1"
"10","007","00","011","1102","0641","385","275","110","24","409","638","0","64.11","43.1"
"10","007","00","011","1103","0000","1028","802","226","45","1073","1785","0","60.11","44.93"
"10","007","00","011","1103","0642","460","346","114","27","487","817","0","59.61","42.35"
"10","007","00","011","1103","0643","568","456","112","18","586","968","0","60.54","47.11"
"10","007","00","011","1104","0000","289","209","80","6","295","448","0","65.85","46.65"
"10","007","00","011","1104","0644","289","209","80","6","295","448","0","65.85","46.65"
"10","007","00","011","1105","0000","1855","1403","452","83","1938","3275","0","59.18","42.84"
"10","007","00","011","1105","0654","586","446","140","32","618","1072","0","57.65","41.6"
"10","007","00","011","1105","0655","631","476","155","35","666","1113","0","59.84","42.77"
"10","007","00","011","1105","0656","638","481","157","16","654","1090","0","60.0","44.13"
"10","007","00","011","1106","0000","1252","989","263","59","1311","2145","0","61.12","46.11"
"10","007","00","011","1106","0657","692","537","155","27","719","1193","0","60.27","45.01"
"10","007","00","011","1106","0658","560","452","108","32","592","952","0","62.18","47.48"
"10","007","00","011","1107","0000","1850","1376","474","70","1920","3387","0","56.69","40.63"
"10","007","00","011","1107","0659","557","406","151","25","582","1172","0","49.66","34.64"
"10","007","00","011","1107","0660","571","412","159","21","592","1027","0","57.64","40.12"
"10","007","00","011","1107","0661","722","558","164","24","746","1188","0","62.79","46.97"
"10","007","00","011","1108","0000","721","535","186","31","752","1403","0","53.6","38.13"
"10","007","00","011","1108","0662","721","535","186","31","752","1403","0","53.6","38.13"
"10","007","00","011","1109","0000","1589","1173","416","73","1662","3033","0","54.8","38.67"
"10","007","00","011","1109","0663","694","508","186","31","725","1397","0","51.9","36.36"
"10","007","00","011","1109","0664","895","665","230","42","937","1636","0","57.27","40.65"
"10","007","00","011","1110","0000","1415","1077","338","69","1484","2512","0","59.08","42.87"
"10","007","00","011","1110","0665","739","558","181","40","779","1298","0","60.02","42.99"
"10","007","00","011","1110","0666","676","519","157","29","705","1214","0","58.07","42.75"
"10","007","00","011","1111","0000","1337","980","357","44","1381","2265","0","60.97","43.27"
"10","007","00","011","1111","0667","752","543","209","24","776","1297","0","59.83","41.87"
"10","007","00","011","1111","0668","585","437","148","20","605","968","0","62.5","45.14"
"10","007","00","011","1112","0000","477","363","114","27","504","839","0","60.07","43.27"
"10","007","00","011","1112","0669","477","363","114","27","504","839","0","60.07","43.27"
"10","007","00","011","1113","0000","969","749","220","52","1021","1805","0","56.57","41.5"
"10","007","00","011","1113","0670","521","397","124","31","552","907","0","60.86","43.77"
"10","007","00","011","1113","0671","448","352","96","21","469","898","0","52.23","39.2"
"10","007","00","011","1114","0000","1325","1054","271","68","1393","2345","0","59.4","44.95"
"10","007","00","011","1114","0649","654","517","137","29","683","1146","0","59.6","45.11"
"10","007","00","011","1114","0650","671","537","134","39","710","1199","0","59.22","44.79"
"10","007","00","011","1115","0000","467","332","135","23","490","851","0","57.58","39.01"
"10","007","00","011","1115","0653","467","332","135","23","490","851","0","57.58","39.01"
"10","007","00","011","1116","0000","811","591","220","52","863","1365","0","63.22","43.3"
"10","007","00","011","1116","0681","811","591","220","52","863","1365","0","63.22","43.3"
"10","007","00","011","1117","0000","1060","825","235","53","1113","1859","0","59.87","44.38"
"10","007","00","011","1117","0651","486","372","114","35","521","895","0","58.21","41.56"
"10","007","00","011","1117","0652","574","453","121","18","592","964","0","61.41","46.99"
"10","007","00","011","1118","0000","2547","1921","626","92","2639","4689","0","56.28","40.97"
"10","007","00","011","1118","0645","585","467","118","22","607","1123","0","54.05","41.59"
"10","007","00","011","1118","0646","624","452","172","35","659","1166","0","56.52","38.77"
"10","007","00","011","1118","0647","630","475","155","18","648","1151","0","56.3","41.27"
"10","007","00","011","1118","0648","708","527","181","17","725","1249","0","58.05","42.19"
"10","007","00","011","1119","0000","428","318","110","21","449","650","0","69.08","48.92"
"10","007","00","011","1119","0672","428","318","110","21","449","650","0","69.08","48.92"
"10","007","00","011","1120","0000","692","543","149","45","737","1279","0","57.62","42.46"
"10","007","00","011","1120","0673","692","543","149","45","737","1279","0","57.62","42.46"
"10","007","00","011","1121","0000","441","362","79","24","465","730","0","63.7","49.59"
"10","007","00","011","1121","0674","441","362","79","24","465","730","0","63.7","49.59"
"10","007","00","011","1122","0000","779","609","170","48","827","1407","0","58.78","43.28"
"10","007","00","011","1122","0675","779","609","170","48","827","1407","0","58.78","43.28"
"10","007","00","011","1123","0000","606","462","144","33","639","1273","0","50.2","36.29"
"10","007","00","011","1123","0676","606","462","144","33","639","1273","0","50.2","36.29"
"10","007","00","011","1124","0000","1087","831","256","60","1147","2201","0","52.11","37.76"
"10","007","00","011","1124","0679","493","379","114","34","527","1052","0","50.1","36.03"
"10","007","00","011","1124","0680","594","452","142","26","620","1149","0","53.96","39.34"
"10","007","00","011","1125","0000","977","756","221","49","1026","1742","0","58.9","43.4"
"10","007","00","011","1125","0677","524","406","118","21","545","988","0","55.16","41.09"
"10","007","00","011","1125","0678","453","350","103","28","481","754","0","63.79","46.42"
"10","007","00","012","0000","0000","19656","15277","4379","989","20645","35391","41599","58.33","43.17"
"10","007","00","012","1201","0000","441","349","92","40","481","854","0","56.32","40.87"
"10","007","00","012","1201","0742","441","349","92","40","481","854","0","56.32","40.87"
"10","007","00","012","1202","0000","510","396","114","27","537","1138","0","47.19","34.8"
"10","007","00","012","1202","0743","472","368","104","20","492","963","0","51.09","38.21"
"10","007","00","012","1202","0744","38","28","10","7","45","175","0","25.71","16.0"
"10","007","00","012","1203","0000","377","309","68","19","396","739","0","53.59","41.81"
"10","007","00","012","1203","0745","377","309","68","19","396","739","0","53.59","41.81"
"10","007","00","012","1204","0000","864","693","171","40","904","1567","0","57.69","44.22"
"10","007","00","012","1204","0746","440","350","90","13","453","826","0","54.84","42.37"
"10","007","00","012","1204","0747","424","343","81","27","451","741","0","60.86","46.29"
"10","007","00","012","1205","0000","727","564","163","52","779","1507","0","51.69","37.43"
"10","007","00","012","1205","0748","232","182","50","12","244","506","0","48.22","35.97"
"10","007","00","012","1205","0749","495","382","113","40","535","1001","0","53.45","38.16"
"10","007","00","012","1206","0000","711","565","146","37","748","1281","0","58.39","44.11"
"10","007","00","012","1206","0750","711","565","146","37","748","1281","0","58.39","44.11"
"10","007","00","012","1207","0000","1018","797","221","43","1061","1757","0","60.39","45.36"
"10","007","00","012","1207","0753","503","389","114","20","523","844","0","61.97","46.09"
"10","007","00","012","1207","0754","515","408","107","23","538","913","0","58.93","44.69"
"10","007","00","012","1208","0000","377","309","68","29","406","613","0","66.23","50.41"
"10","007","00","012","1208","0755","377","309","68","29","406","613","0","66.23","50.41"
"10","007","00","012","1209","0000","2019","1566","453","96","2115","3351","0","63.12","46.73"
"10","007","00","012","1209","0756","774","606","168","47","821","1382","0","59.41","43.85"
"10","007","00","012","1209","0757","648","497","151","29","677","1034","0","65.47","48.07"
"10","007","00","012","1209","0758","597","463","134","20","617","935","0","65.99","49.52"
"10","007","00","012","1210","0000","1366","1034","332","52","1418","2401","0","59.06","43.07"
"10","007","00","012","1210","0759","722","541","181","30","752","1301","0","57.8","41.58"
"10","007","00","012","1210","0760","644","493","151","22","666","1100","0","60.55","44.82"
"10","007","00","012","1211","0000","628","460","168","28","656","1071","0","61.25","42.95"
"10","007","00","012","1211","0761","628","460","168","28","656","1071","0","61.25","42.95"
"10","007","00","012","1212","0000","697","541","156","35","732","1163","0","62.94","46.52"
"10","007","00","012","1212","0762","697","541","156","35","732","1163","0","62.94","46.52"
"10","007","00","012","1213","0000","1184","902","282","65","1249","1964","0","63.59","45.93"
"10","007","00","012","1213","0763","508","394","114","28","536","809","0","66.25","48.7"
"10","007","00","012","1213","0764","676","508","168","37","713","1155","0","61.73","43.98"
"10","007","00","012","1214","0000","1343","1064","279","56","1399","2362","0","59.23","45.05"
"10","007","00","012","1214","0751","590","480","110","30","620","1035","0","59.9","46.38"
"10","007","00","012","1214","0752","753","584","169","26","779","1327","0","58.7","44.01"
"10","007","00","012","1215","0000","870","664","206","46","916","1606","0","57.04","41.34"
"10","007","00","012","1215","0766","465","344","121","24","489","870","0","56.21","39.54"
"10","007","00","012","1215","0767","405","320","85","22","427","736","0","58.02","43.48"
"10","007","00","012","1216","0000","668","520","148","32","700","1335","0","52.43","38.95"
"10","007","00","012","1216","0768","668","520","148","32","700","1335","0","52.43","38.95"
"10","007","00","012","1217","0000","944","736","208","56","1000","1774","0","56.37","41.49"
"10","007","00","012","1217","0769","479","383","96","23","502","876","0","57.31","43.72"
"10","007","00","012","1217","0770","465","353","112","33","498","898","0","55.46","39.31"
"10","007","00","012","1218","0000","2355","1782","573","75","2430","4224","0","57.53","42.19"
"10","007","00","012","1218","0771","763","590","173","11","774","1298","0","59.63","45.45"
"10","007","00","012","1218","0772","784","589","195","35","819","1451","0","56.44","40.59"
"10","007","00","012","1218","0773","808","603","205","29","837","1475","0","56.75","40.88"
"10","007","00","012","1219","0000","696","544","152","40","736","1270","0","57.95","42.83"
"10","007","00","012","1219","0765","696","544","152","40","736","1270","0","57.95","42.83"
"10","007","00","012","1220","0000","804","688","116","41","845","1576","0","53.62","43.65"
"10","007","00","012","1220","0774","370","281","89","31","401","766","0","52.35","36.68"
"10","007","00","012","1220","0775","434","407","27","10","444","810","0","54.81","50.25"
"10","007","00","012","1221","0000","529","379","150","42","571","953","0","59.92","39.77"
"10","007","00","012","1221","0776","529","379","150","42","571","953","0","59.92","39.77"
"10","007","00","012","1222","0000","528","415","113","38","566","885","0","63.95","46.89"
"10","007","00","012","1222","0777","528","415","113","38","566","885","0","63.95","46.89"
"10","007","00","013","0000","0000","17845","13606","4239","874","18719","31492","36907","59.44","43.2"
"10","007","00","013","1301","0000","1867","1403","464","103","1970","3152","0","62.5","44.51"
"10","007","00","013","1301","0579","862","650","212","45","907","1426","0","63.6","45.58"
"10","007","00","013","1301","0580","1005","753","252","58","1063","1726","0","61.59","43.63"
"10","007","00","013","1302","0000","908","696","212","46","954","1542","0","61.87","45.14"
"10","007","00","013","1302","0581","481","370","111","30","511","797","0","64.12","46.42"
"10","007","00","013","1302","0582","427","326","101","16","443","745","0","59.46","43.76"
"10","007","00","013","1303","0000","786","582","204","49","835","1426","0","58.56","40.81"
"10","007","00","013","1303","0585","786","582","204","49","835","1426","0","58.56","40.81"
"10","007","00","013","1304","0000","647","527","120","45","692","1125","0","61.51","46.84"
"10","007","00","013","1304","0583","647","527","120","45","692","1125","0","61.51","46.84"
"10","007","00","013","1305","0000","602","459","143","43","645","1161","0","55.56","39.53"
"10","007","00","013","1305","0591","602","459","143","43","645","1161","0","55.56","39.53"
"10","007","00","013","1306","0000","1573","1170","403","61","1634","2813","0","58.09","41.59"
"10","007","00","013","1306","0594","786","578","208","35","821","1412","0","58.14","40.93"
"10","007","00","013","1306","0595","787","592","195","26","813","1401","0","58.03","42.26"
"10","007","00","013","1307","0000","1724","1311","413","85","1809","3028","0","59.74","43.3"
"10","007","00","013","1307","0597","573","419","154","31","604","996","0","60.64","42.07"
"10","007","00","013","1307","0598","588","440","148","25","613","1047","0","58.55","42.02"
"10","007","00","013","1307","0599","563","452","111","29","592","985","0","60.1","45.89"
"10","007","00","013","1308","0000","1361","1060","301","57","1418","2494","0","56.86","42.5"
"10","007","00","013","1308","0604","679","523","156","36","715","1189","0","60.13","43.99"
"10","007","00","013","1308","0605","682","537","145","21","703","1305","0","53.87","41.15"
"10","007","00","013","1309","0000","903","710","193","57","960","1486","0","64.6","47.78"
"10","007","00","013","1309","0584","903","710","193","57","960","1486","0","64.6","47.78"
"10","007","00","013","1310","0000","854","636","218","28","882","1478","0","59.68","43.03"
"10","007","00","013","1310","0588","854","636","218","28","882","1478","0","59.68","43.03"
"10","007","00","013","1311","0000","838","646","192","32","870","1395","0","62.37","46.31"
"10","007","00","013","1311","0596","838","646","192","32","870","1395","0","62.37","46.31"
"10","007","00","013","1312","0000","1093","844","249","59","1152","2001","0","57.57","42.18"
"10","007","00","013","1312","0586","491","380","111","33","524","824","0","63.59","46.12"
"10","007","00","013","1312","0587","602","464","138","26","628","1177","0","53.36","39.42"
"10","007","00","013","1313","0000","890","672","218","48","938","1591","0","58.96","42.24"
"10","007","00","013","1313","0589","403","308","95","20","423","779","0","54.3","39.54"
"10","007","00","013","1313","0590","487","364","123","28","515","812","0","63.42","44.83"
"10","007","00","013","1314","0000","1352","1030","322","42","1394","2497","0","55.83","41.25"
"10","007","00","013","1314","0592","655","492","163","12","667","1238","0","53.88","39.74"
"10","007","00","013","1314","0593","697","538","159","30","727","1259","0","57.74","42.73"
"10","007","00","013","1315","0000","1312","1010","302","61","1373","2254","0","60.91","44.81"
"10","007","00","013","1315","0600","623","473","150","37","660","1054","0","62.62","44.88"
"10","007","00","013","1315","0601","689","537","152","24","713","1200","0","59.42","44.75"
"10","007","00","013","1316","0000","1135","850","285","58","1193","2049","0","58.22","41.48"
"10","007","00","013","1316","0602","574","439","135","44","618","1003","0","61.62","43.77"
"10","007","00","013","1316","0603","561","411","150","14","575","1046","0","54.97","39.29"
"10","007","00","014","0000","0000","15977","12636","3341","989","16966","28026","32517","60.54","45.09"
"10","007","00","014","1401","0000","1052","772","280","39","1091","1712","0","63.73","45.09"
"10","007","00","014","1401","0682","572","465","107","23","595","958","0","62.11","48.54"
"10","007","00","014","1401","0683","480","307","173","16","496","754","0","65.78","40.72"
"10","007","00","014","1402","0000","968","740","228","41","1009","1563","0","64.56","47.34"
"10","007","00","014","1402","0684","479","359","120","22","501","757","0","66.18","47.42"
"10","007","00","014","1402","0685","489","381","108","19","508","806","0","63.03","47.27"
"10","007","00","014","1403","0000","734","602","132","29","763","1280","0","59.61","47.03"
"10","007","00","014","1403","0686","734","602","132","29","763","1280","0","59.61","47.03"
"10","007","00","014","1404","0000","520","404","116","31","551","928","0","59.38","43.53"
"10","007","00","014","1404","0687","520","404","116","31","551","928","0","59.38","43.53"
"10","007","00","014","1405","0000","1035","816","219","83","1118","1710","0","65.38","47.72"
"10","007","00","014","1405","0688","552","420","132","40","592","895","0","66.15","46.93"
"10","007","00","014","1405","0689","483","396","87","43","526","815","0","64.54","48.59"
"10","007","00","014","1406","0000","540","418","122","20","560","957","0","58.52","43.68"
"10","007","00","014","1406","0690","540","418","122","20","560","957","0","58.52","43.68"
"10","007","00","014","1407","0000","744","604","140","51","795","1338","0","59.42","45.14"
"10","007","00","014","1407","0691","744","604","140","51","795","1338","0","59.42","45.14"
"10","007","00","014","1408","0000","616","478","138","25","641","1106","0","57.96","43.22"
"10","007","00","014","1408","0692","616","478","138","25","641","1106","0","57.96","43.22"
"10","007","00","014","1409","0000","462","364","98","22","484","690","0","70.14","52.75"
"10","007","00","014","1409","0693","462","364","98","22","484","690","0","70.14","52.75"
"10","007","00","014","1410","0000","677","532","145","35","712","1230","0","57.89","43.25"
"10","007","00","014","1410","0694","677","532","145","35","712","1230","0","57.89","43.25"
"10","007","00","014","1411","0000","1027","802","225","41","1068","1744","0","61.24","45.99"
"10","007","00","014","1411","0695","487","369","118","19","506","847","0","59.74","43.57"
"10","007","00","014","1411","0696","540","433","107","22","562","897","0","62.65","48.27"
"10","007","00","014","1412","0000","1158","913","245","90","1248","2062","0","60.52","44.28"
"10","007","00","014","1412","0697","487","373","114","44","531","882","0","60.2","42.29"
"10","007","00","014","1412","0698","671","540","131","46","717","1180","0","60.76","45.76"
"10","007","00","014","1413","0000","641","586","55","65","706","1215","0","58.11","48.23"
"10","007","00","014","1413","0699","641","586","55","65","706","1215","0","58.11","48.23"
"10","007","00","014","1414","0000","269","222","47","13","282","422","0","66.82","52.61"
"10","007","00","014","1414","0700","269","222","47","13","282","422","0","66.82","52.61"
"10","007","00","014","1415","0000","576","471","105","44","620","1106","0","56.06","42.59"
"10","007","00","014","1415","0701","576","471","105","44","620","1106","0","56.06","42.59"
"10","007","00","014","1416","0000","508","416","92","57","565","874","0","64.65","47.6"
"10","007","00","014","1416","0702","508","416","92","57","565","874","0","64.65","47.6"
"10","007","00","014","1417","0000","788","594","194","66","854","1445","0","59.1","41.11"
"10","007","00","014","1417","0703","788","594","194","66","854","1445","0","59.1","41.11"
"10","007","00","014","1418","0000","501","406","95","46","547","875","0","62.51","46.4"
"10","007","00","014","1418","0704","501","406","95","46","547","875","0","62.51","46.4"
"10","007","00","014","1419","0000","809","662","147","52","861","1522","0","56.57","43.5"
"10","007","00","014","1419","0705","416","339","77","32","448","837","0","53.52","40.5"
"10","007","00","014","1419","0706","393","323","70","20","413","685","0","60.29","47.15"
"10","007","00","014","1420","0000","913","686","227","58","971","1531","0","63.42","44.81"
"10","007","00","014","1420","0707","449","334","115","21","470","733","0","64.12","45.57"
"10","007","00","014","1420","0708","464","352","112","37","501","798","0","62.78","44.11"
"10","007","00","014","1421","0000","754","605","149","45","799","1381","0","57.86","43.81"
"10","007","00","014","1421","0709","754","605","149","45","799","1381","0","57.86","43.81"
"10","007","00","014","1422","0000","685","543","142","36","721","1335","0","54.01","40.67"
"10","007","00","014","1422","0710","685","543","142","36","721","1335","0","54.01","40.67"
"10","007","00","015","0000","0000","17343","13270","4073","1013","18356","29642","34739","61.93","44.77"
"10","007","00","015","1501","0000","2101","1614","487","106","2207","3604","0","61.24","44.78"
"10","007","00","015","1501","0711","665","509","156","51","716","1139","0","62.86","44.69"
"10","007","00","015","1501","0712","687","546","141","31","718","1217","0","59.0","44.86"
"10","007","00","015","1501","0713","749","559","190","24","773","1248","0","61.94","44.79"
"10","007","00","015","1502","0000","752","571","181","54","806","1248","0","64.58","45.75"
"10","007","00","015","1502","0714","752","571","181","54","806","1248","0","64.58","45.75"
"10","007","00","015","1503","0000","932","689","243","47","979","1541","0","63.53","44.71"
"10","007","00","015","1503","0715","540","418","122","28","568","916","0","62.01","45.63"
"10","007","00","015","1503","0716","392","271","121","19","411","625","0","65.76","43.36"
"10","007","00","015","1504","0000","674","507","167","56","730","1271","0","57.44","39.89"
"10","007","00","015","1504","0717","674","507","167","56","730","1271","0","57.44","39.89"
"10","007","00","015","1505","0000","1064","851","213","67","1131","1740","0","65.0","48.91"
"10","007","00","015","1505","0718","375","301","74","21","396","608","0","65.13","49.51"
"10","007","00","015","1505","0719","689","550","139","46","735","1132","0","64.93","48.59"
"10","007","00","015","1506","0000","1159","889","270","75","1234","1953","0","63.18","45.52"
"10","007","00","015","1506","0720","597","466","131","44","641","1027","0","62.41","45.37"
"10","007","00","015","1506","0721","562","423","139","31","593","926","0","64.04","45.68"
"10","007","00","015","1507","0000","870","681","189","45","915","1438","0","63.63","47.36"
"10","007","00","015","1507","0722","450","350","100","32","482","778","0","61.95","44.99"
"10","007","00","015","1507","0723","420","331","89","13","433","660","0","65.61","50.15"
"10","007","00","015","1508","0000","1102","832","270","59","1161","2019","0","57.5","41.21"
"10","007","00","015","1508","0726","541","397","144","28","569","985","0","57.77","40.3"
"10","007","00","015","1508","0727","561","435","126","31","592","1034","0","57.25","42.07"
"10","007","00","015","1509","0000","1351","1031","320","70","1421","2321","0","61.22","44.42"
"10","007","00","015","1509","0724","779","607","172","49","828","1330","0","62.26","45.64"
"10","007","00","015","1509","0725","572","424","148","21","593","991","0","59.84","42.79"
"10","007","00","015","1510","0000","375","296","79","26","401","612","0","65.52","48.37"
"10","007","00","015","1510","0728","375","296","79","26","401","612","0","65.52","48.37"
"10","007","00","015","1511","0000","754","583","171","39","793","1236","0","64.16","47.17"
"10","007","00","015","1511","0729","754","583","171","39","793","1236","0","64.16","47.17"
"10","007","00","015","1512","0000","932","708","224","51","983","1513","0","64.97","46.79"
"10","007","00","015","1512","0730","456","346","110","30","486","775","0","62.71","44.65"
"10","007","00","015","1512","0731","476","362","114","21","497","738","0","67.34","49.05"
"10","007","00","015","1513","0000","617","447","170","21","638","1036","0","61.58","43.15"
"10","007","00","015","1513","0732","617","447","170","21","638","1036","0","61.58","43.15"
"10","007","00","015","1514","0000","528","398","130","38","566","975","0","58.05","40.82"
"10","007","00","015","1514","0733","528","398","130","38","566","975","0","58.05","40.82"
"10","007","00","015","1515","0000","800","650","150","49","849","1348","0","62.98","48.22"
"10","007","00","015","1515","0736","395","329","66","26","421","689","0","61.1","47.75"
"10","007","00","015","1515","0737","405","321","84","23","428","659","0","64.95","48.71"
"10","007","00","015","1516","0000","1043","791","252","71","1114","1824","0","61.07","43.37"
"10","007","00","015","1516","0734","490","377","113","29","519","885","0","58.64","42.6"
"10","007","00","015","1516","0735","553","414","139","42","595","939","0","63.37","44.09"
"10","007","00","015","1517","0000","850","647","203","44","894","1352","0","66.12","47.86"
"10","007","00","015","1517","0739","850","647","203","44","894","1352","0","66.12","47.86"
"10","007","00","015","1518","0000","495","375","120","24","519","910","0","57.03","41.21"
"10","007","00","015","1518","0738","495","375","120","24","519","910","0","57.03","41.21"
"10","007","00","015","1519","0000","417","310","107","30","447","759","0","58.89","40.84"
"10","007","00","015","1519","0740","417","310","107","30","447","759","0","58.89","40.84"
"10","007","00","015","1520","0000","527","400","127","41","568","942","0","60.3","42.46"
"10","007","00","015","1520","0741","527","400","127","41","568","942","0","60.3","42.46"
"10","007","00","016","0000","0000","17874","13773","4101","896","18770","31239","37055","60.09","44.09"
"10","007","00","016","1601","0000","525","382","143","26","551","792","0","69.57","48.23"
"10","007","00","016","1601","0616","525","382","143","26","551","792","0","69.57","48.23"
"10","007","00","016","1602","0000","914","674","240","41","955","1516","0","62.99","44.46"
"10","007","00","016","1602","0617","424","298","126","23","447","695","0","64.32","42.88"
"10","007","00","016","1602","0618","490","376","114","18","508","821","0","61.88","45.8"
"10","007","00","016","1603","0000","1087","820","267","72","1159","1904","0","60.87","43.07"
"10","007","00","016","1603","0619","624","469","155","48","672","1064","0","63.16","44.08"
"10","007","00","016","1603","0620","463","351","112","24","487","840","0","57.98","41.79"
"10","007","00","016","1604","0000","1277","969","308","44","1321","2127","0","62.11","45.56"
"10","007","00","016","1604","0621","647","502","145","20","667","1079","0","61.82","46.52"
"10","007","00","016","1604","0622","630","467","163","24","654","1048","0","62.4","44.56"
"10","007","00","016","1605","0000","1076","824","252","46","1122","1758","0","63.82","46.87"
"10","007","00","016","1605","0623","604","477","127","22","626","960","0","65.21","49.69"
"10","007","00","016","1605","0624","472","347","125","24","496","798","0","62.16","43.48"
"10","007","00","016","1606","0000","883","688","195","34","917","1458","0","62.89","47.19"
"10","007","00","016","1606","0625","515","397","118","17","532","796","0","66.83","49.87"
"10","007","00","016","1606","0626","368","291","77","17","385","662","0","58.16","43.96"
"10","007","00","016","1607","0000","583","461","122","25","608","1040","0","58.46","44.33"
"10","007","00","016","1607","0627","583","461","122","25","608","1040","0","58.46","44.33"
"10","007","00","016","1608","0000","560","424","136","31","591","1025","0","57.66","41.37"
"10","007","00","016","1608","0628","560","424","136","31","591","1025","0","57.66","41.37"
"10","007","00","016","1609","0000","1603","1330","273","72","1675","2593","0","64.6","51.29"
"10","007","00","016","1609","0629","836","735","101","35","871","1357","0","64.19","54.16"
"10","007","00","016","1609","0630","767","595","172","37","804","1236","0","65.05","48.14"
"10","007","00","016","1610","0000","824","616","208","30","854","1393","0","61.31","44.22"
"10","007","00","016","1610","0611","408","317","91","12","420","659","0","63.73","48.1"
"10","007","00","016","1610","0612","416","299","117","18","434","734","0","59.13","40.74"
"10","007","00","016","1611","0000","636","479","157","31","667","1255","0","53.15","38.17"
"10","007","00","016","1611","0606","636","479","157","31","667","1255","0","53.15","38.17"
"10","007","00","016","1612","0000","947","739","208","60","1007","1648","0","61.1","44.84"
"10","007","00","016","1612","0609","425","330","95","27","452","724","0","62.43","45.58"
"10","007","00","016","1612","0610","522","409","113","33","555","924","0","60.06","44.26"
"10","007","00","016","1613","0000","1070","802","268","59","1129","1915","0","58.96","41.88"
"10","007","00","016","1613","0607","509","380","129","38","547","889","0","61.53","42.74"
"10","007","00","016","1613","0608","561","422","139","21","582","1026","0","56.73","41.13"
"10","007","00","016","1614","0000","884","674","210","48","932","1606","0","58.03","41.97"
"10","007","00","016","1614","0613","360","265","95","16","376","758","0","49.6","34.96"
"10","007","00","016","1614","0614","524","409","115","32","556","848","0","65.57","48.23"
"10","007","00","016","1615","0000","705","533","172","52","757","1404","0","53.92","37.96"
"10","007","00","016","1615","0615","705","533","172","52","757","1404","0","53.92","37.96"
"10","007","00","016","1616","0000","489","371","118","30","519","871","0","59.59","42.59"
"10","007","00","016","1616","0631","489","371","118","30","519","871","0","59.59","42.59"
"10","007","00","016","1617","0000","365","281","84","20","385","706","0","54.53","39.8"
"10","007","00","016","1617","0632","365","281","84","20","385","706","0","54.53","39.8"
"10","007","00","016","1618","0000","477","370","107","20","497","770","0","64.55","48.05"
"10","007","00","016","1618","0633","477","370","107","20","497","770","0","64.55","48.05"
"10","007","00","016","1619","0000","420","335","85","22","442","669","0","66.07","50.07"
"10","007","00","016","1619","0634","420","335","85","22","442","669","0","66.07","50.07"
"10","007","00","016","1620","0000","488","367","121","21","509","862","0","59.05","42.58"
"10","007","00","016","1620","0635","488","367","121","21","509","862","0","59.05","42.58"
"10","007","00","016","1621","0000","450","364","86","26","476","847","0","56.2","42.98"
"10","007","00","016","1621","0636","450","364","86","26","476","847","0","56.2","42.98"
"10","007","00","016","1622","0000","394","316","78","36","430","668","0","64.37","47.31"
"10","007","00","016","1622","0637","394","316","78","36","430","668","0","64.37","47.31"
"10","007","00","016","1623","0000","554","438","116","20","574","1073","0","53.49","40.82"
"10","007","00","016","1623","0638","554","438","116","20","574","1073","0","53.49","40.82"
"10","007","00","016","1624","0000","663","516","147","30","693","1339","0","51.76","38.54"
"10","007","00","016","1624","0639","663","516","147","30","693","1339","0","51.76","38.54"
"10","007","00","017","0000","0000","20139","15535","4604","917","21056","36306","42917","58.0","42.79"
"10","007","00","017","1701","0000","1501","1131","370","63","1564","2765","0","56.56","40.9"
"10","007","00","017","1701","0778","444","323","121","24","468","791","0","59.17","40.83"
"10","007","00","017","1701","0779","536","408","128","24","560","984","0","56.91","41.46"
"10","007","00","017","1701","0780","521","400","121","15","536","990","0","54.14","40.4"
"10","007","00","017","1702","0000","775","615","160","40","815","1478","0","55.14","41.61"
"10","007","00","017","1702","0785","415","331","84","12","427","753","0","56.71","43.96"
"10","007","00","017","1702","0786","360","284","76","28","388","725","0","53.52","39.17"
"10","007","00","017","1703","0000","640","510","130","39","679","1165","0","58.28","43.78"
"10","007","00","017","1703","0805","640","510","130","39","679","1165","0","58.28","43.78"
"10","007","00","017","1704","0000","2576","1950","626","123","2699","4546","0","59.37","42.89"
"10","007","00","017","1704","0781","601","465","136","30","631","1016","0","62.11","45.77"
"10","007","00","017","1704","0782","627","466","161","32","659","1091","0","60.4","42.71"
"10","007","00","017","1704","0783","703","517","186","40","743","1236","0","60.11","41.83"
"10","007","00","017","1704","0784","645","502","143","21","666","1203","0","55.36","41.73"
"10","007","00","017","1705","0000","539","417","122","24","563","933","0","60.34","44.69"
"10","007","00","017","1705","0790","539","417","122","24","563","933","0","60.34","44.69"
"10","007","00","017","1706","0000","583","427","156","19","602","1092","0","55.13","39.1"
"10","007","00","017","1706","0812","583","427","156","19","602","1092","0","55.13","39.1"
"10","007","00","017","1707","0000","1553","1225","328","42","1595","2698","0","59.12","45.4"
"10","007","00","017","1707","0798","403","312","91","11","414","688","0","60.17","45.35"
"10","007","00","017","1707","0799","483","393","90","11","494","870","0","56.78","45.17"
"10","007","00","017","1707","0800","667","520","147","20","687","1140","0","60.26","45.61"
"10","007","00","017","1708","0000","1156","888","268","46","1202","2066","0","58.18","42.98"
"10","007","00","017","1708","0791","575","434","141","31","606","990","0","61.21","43.84"
"10","007","00","017","1708","0792","581","454","127","15","596","1076","0","55.39","42.19"
"10","007","00","017","1709","0000","434","342","92","25","459","724","0","63.4","47.24"
"10","007","00","017","1709","0807","434","342","92","25","459","724","0","63.4","47.24"
"10","007","00","017","1710","0000","531","398","133","24","555","937","0","59.23","42.48"
"10","007","00","017","1710","0803","531","398","133","24","555","937","0","59.23","42.48"
"10","007","00","017","1711","0000","890","661","229","55","945","1645","0","57.45","40.18"
"10","007","00","017","1711","0796","432","315","117","25","457","750","0","60.93","42.0"
"10","007","00","017","1711","0797","458","346","112","30","488","895","0","54.53","38.66"
"10","007","00","017","1712","0000","575","438","137","29","604","992","0","60.89","44.15"
"10","007","00","017","1712","0811","575","438","137","29","604","992","0","60.89","44.15"
"10","007","00","017","1713","0000","751","606","145","39","790","1266","0","62.4","47.87"
"10","007","00","017","1713","0802","751","606","145","39","790","1266","0","62.4","47.87"
"10","007","00","017","1714","0000","827","541","286","23","850","1414","0","60.11","38.26"
"10","007","00","017","1714","0793","448","248","200","12","460","742","0","61.99","33.42"
"10","007","00","017","1714","0794","379","293","86","11","390","672","0","58.04","43.6"
"10","007","00","017","1715","0000","561","447","114","31","592","1015","0","58.33","44.04"
"10","007","00","017","1715","0808","561","447","114","31","592","1015","0","58.33","44.04"
"10","007","00","017","1716","0000","563","449","114","21","584","985","0","59.29","45.58"
"10","007","00","017","1716","0801","563","449","114","21","584","985","0","59.29","45.58"
"10","007","00","017","1717","0000","607","477","130","22","629","1235","0","50.93","38.62"
"10","007","00","017","1717","0795","607","477","130","22","629","1235","0","50.93","38.62"
"10","007","00","017","1718","0000","495","403","92","14","509","828","0","61.47","48.67"
"10","007","00","017","1718","0813","495","403","92","14","509","828","0","61.47","48.67"
"10","007","00","017","1719","0000","934","706","228","41","975","1611","0","60.52","43.82"
"10","007","00","017","1719","0788","362","274","88","19","381","562","0","67.79","48.75"
"10","007","00","017","1719","0789","572","432","140","22","594","1049","0","56.63","41.18"
"10","007","00","017","1720","0000","553","430","123","36","589","986","0","59.74","43.61"
"10","007","00","017","1720","0806","553","430","123","36","589","986","0","59.74","43.61"
"10","007","00","017","1721","0000","743","669","74","47","790","1506","0","52.46","44.42"
"10","007","00","017","1721","0814","394","393","1","29","423","787","0","53.75","49.94"
"10","007","00","017","1721","0815","349","276","73","18","367","719","0","51.04","38.39"
"10","007","00","017","1722","0000","583","446","137","41","624","1023","0","61.0","43.6"
"10","007","00","017","1722","0787","583","446","137","41","624","1023","0","61.0","43.6"
"10","007","00","017","1723","0000","672","520","152","19","691","1219","0","56.69","42.66"
"10","007","00","017","1723","0804","672","520","152","19","691","1219","0","56.69","42.66"
"10","007","00","017","1724","0000","1097","839","258","54","1151","2177","0","52.87","38.54"
"10","007","00","017","1724","0809","551","421","130","21","572","1116","0","51.25","37.72"
"10","007","00","017","1724","0810","546","418","128","33","579","1061","0","54.57","39.4"
"10","007","00","018","0000","0000","7687","5976","1711","445","8132","13339","15193","60.96","44.8"
"10","007","00","018","1801","0000","456","359","97","24","480","871","0","55.11","41.22"
"10","007","00","018","1801","0818","456","359","97","24","480","871","0","55.11","41.22"
"10","007","00","018","1802","0000","522","339","183","50","572","953","0","60.02","35.57"
"10","007","00","018","1802","0819","522","339","183","50","572","953","0","60.02","35.57"
"10","007","00","018","1803","0000","319","260","59","23","342","624","0","54.81","41.67"
"10","007","00","018","1803","0820","319","260","59","23","342","624","0","54.81","41.67"
"10","007","00","018","1804","0000","414","319","95","20","434","645","0","67.29","49.46"
"10","007","00","018","1804","0821","414","319","95","20","434","645","0","67.29","49.46"
"10","007","00","018","1805","0000","598","470","128","28","626","943","0","66.38","49.84"
"10","007","00","018","1805","0823","598","470","128","28","626","943","0","66.38","49.84"
"10","007","00","018","1806","0000","627","504","123","29","656","986","0","66.53","51.12"
"10","007","00","018","1806","0822","627","504","123","29","656","986","0","66.53","51.12"
"10","007","00","018","1807","0000","541","427","114","17","558","831","0","67.15","51.38"
"10","007","00","018","1807","0825","541","427","114","17","558","831","0","67.15","51.38"
"10","007","00","018","1808","0000","274","217","57","9","283","455","0","62.2","47.69"
"10","007","00","018","1808","0824","274","217","57","9","283","455","0","62.2","47.69"
"10","007","00","018","1809","0000","555","426","129","25","580","1013","0","57.26","42.05"
"10","007","00","018","1809","0827","555","426","129","25","580","1013","0","57.26","42.05"
"10","007","00","018","1810","0000","497","394","103","23","520","831","0","62.58","47.41"
"10","007","00","018","1810","0826","497","394","103","23","520","831","0","62.58","47.41"
"10","007","00","018","1811","0000","468","384","84","37","505","796","0","63.44","48.24"
"10","007","00","018","1811","0828","468","384","84","37","505","796","0","63.44","48.24"
"10","007","00","018","1812","0000","413","335","78","40","453","781","0","58.0","42.89"
"10","007","00","018","1812","0829","413","335","78","40","453","781","0","58.0","42.89"
"10","007","00","018","1813","0000","356","276","80","17","373","692","0","53.9","39.88"
"10","007","00","018","1813","0830","356","276","80","17","373","692","0","53.9","39.88"
"10","007","00","018","1814","0000","361","271","90","13","374","635","0","58.9","42.68"
"10","007","00","018","1814","0831","361","271","90","13","374","635","0","58.9","42.68"
"10","007","00","018","1815","0000","306","236","70","27","333","566","0","58.83","41.7"
"10","007","00","018","1815","0832","306","236","70","27","333","566","0","58.83","41.7"
"10","007","00","018","1816","0000","580","438","142","30","610","1028","0","59.34","42.61"
"10","007","00","018","1816","0816","580","438","142","30","610","1028","0","59.34","42.61"
"10","007","00","018","1817","0000","400","321","79","33","433","689","0","62.84","46.59"
"10","007","00","018","1817","0817","400","321","79","33","433","689","0","62.84","46.59"
"10","007","00","019","0000","0000","15372","11911","3461","821","16193","27593","33335","58.69","43.17"
"10","007","00","019","1901","0000","1047","797","250","37","1084","1790","0","60.56","44.53"
"10","007","00","019","1901","0844","493","397","96","21","514","833","0","61.7","47.66"
"10","007","00","019","1901","0845","554","400","154","16","570","957","0","59.56","41.8"
"10","007","00","019","1902","0000","410","327","83","29","439","783","0","56.07","41.76"
"10","007","00","019","1902","0846","410","327","83","29","439","783","0","56.07","41.76"
"10","007","00","019","1903","0000","297","214","83","24","321","573","0","56.02","37.35"
"10","007","00","019","1903","0847","297","214","83","24","321","573","0","56.02","37.35"
"10","007","00","019","1904","0000","364","273","91","22","386","672","0","57.44","40.63"
"10","007","00","019","1904","0848","364","273","91","22","386","672","0","57.44","40.63"
"10","007","00","019","1905","0000","726","542","184","57","783","1442","0","54.3","37.59"
"10","007","00","019","1905","0849","352","264","88","28","380","695","0","54.68","37.99"
"10","007","00","019","1905","0850","374","278","96","29","403","747","0","53.95","37.22"
"10","007","00","019","1906","0000","777","598","179","37","814","1305","0","62.38","45.82"
"10","007","00","019","1906","0851","405","302","103","11","416","643","0","64.7","46.97"
"10","007","00","019","1906","0852","372","296","76","26","398","662","0","60.12","44.71"
"10","007","00","019","1907","0000","1278","1017","261","86","1364","2206","0","61.83","46.1"
"10","007","00","019","1907","0853","651","522","129","42","693","1085","0","63.87","48.11"
"10","007","00","019","1907","0854","627","495","132","44","671","1121","0","59.86","44.16"
"10","007","00","019","1908","0000","1651","1250","401","68","1719","3017","0","56.98","41.43"
"10","007","00","019","1908","0855","479","377","102","29","508","830","0","61.2","45.42"
"10","007","00","019","1908","0856","521","409","112","23","544","975","0","55.79","41.95"
"10","007","00","019","1908","0857","651","464","187","16","667","1212","0","55.03","38.28"
"10","007","00","019","1909","0000","745","585","160","35","780","1302","0","59.91","44.93"
"10","007","00","019","1909","0858","745","585","160","35","780","1302","0","59.91","44.93"
"10","007","00","019","1910","0000","2598","1993","605","117","2715","4597","0","59.06","43.35"
"10","007","00","019","1910","0838","642","512","130","36","678","1124","0","60.32","45.55"
"10","007","00","019","1910","0839","647","467","180","29","676","1096","0","61.68","42.61"
"10","007","00","019","1910","0840","696","542","154","18","714","1213","0","58.86","44.68"
"10","007","00","019","1910","0841","613","472","141","34","647","1164","0","55.58","40.55"
"10","007","00","019","1911","0000","874","683","191","39","913","1608","0","56.78","42.48"
"10","007","00","019","1911","0842","398","298","100","22","420","730","0","57.53","40.82"
"10","007","00","019","1911","0843","476","385","91","17","493","878","0","56.15","43.85"
"10","007","00","019","1912","0000","1524","1232","292","88","1612","2649","0","60.85","46.51"
"10","007","00","019","1912","0833","491","406","85","33","524","925","0","56.65","43.89"
"10","007","00","019","1912","0834","507","396","111","28","535","869","0","61.57","45.57"
"10","007","00","019","1912","0835","526","430","96","27","553","855","0","64.68","50.29"
"10","007","00","019","1913","0000","1109","866","243","69","1178","1893","0","62.23","45.75"
"10","007","00","019","1913","0836","645","493","152","26","671","1065","0","63.0","46.29"
"10","007","00","019","1913","0837","464","373","91","43","507","828","0","61.23","45.05"
"10","007","00","019","1914","0000","981","768","213","63","1044","1994","0","52.36","38.52"
"10","007","00","019","1914","0859","508","398","110","31","539","1077","0","50.05","36.95"
"10","007","00","019","1914","0860","473","370","103","32","505","917","0","55.07","40.35"
"10","007","00","019","1915","0000","991","766","225","50","1041","1762","0","59.08","43.47"
"10","007","00","019","1915","0861","448","342","106","23","471","825","0","57.09","41.45"
"10","007","00","019","1915","0862","543","424","119","27","570","937","0","60.83","45.25"
"10","007","00","020","0000","0000","21473","16632","4841","1303","22776","42976","50709","53.0","38.7"
"10","007","00","020","2001","0000","1191","889","302","52","1243","2148","0","57.87","41.39"
"10","007","00","020","2001","0945","499","376","123","20","519","892","0","58.18","42.15"
"10","007","00","020","2001","0946","692","513","179","32","724","1256","0","57.64","40.84"
"10","007","00","020","2002","0000","1778","1346","432","87","1865","3201","0","58.26","42.05"
"10","007","00","020","2002","0947","544","424","120","34","578","1043","0","55.42","40.65"
"10","007","00","020","2002","0948","625","451","174","23","648","1076","0","60.22","41.91"
"10","007","00","020","2002","0949","609","471","138","30","639","1082","0","59.06","43.53"
"10","007","00","020","2003","0000","762","567","195","30","792","1427","0","55.5","39.73"
"10","007","00","020","2003","0950","762","567","195","30","792","1427","0","55.5","39.73"
"10","007","00","020","2004","0000","1522","1126","396","106","1628","3040","0","53.55","37.04"
"10","007","00","020","2004","0951","496","378","118","40","536","1030","0","52.04","36.7"
"10","007","00","020","2004","0952","508","373","135","35","543","1033","0","52.57","36.11"
"10","007","00","020","2004","0953","518","375","143","31","549","977","0","56.19","38.38"
"10","007","00","020","2005","0000","823","670","153","43","866","1658","0","52.23","40.41"
"10","007","00","020","2005","0954","335","272","63","17","352","683","0","51.54","39.82"
"10","007","00","020","2005","0955","488","398","90","26","514","975","0","52.72","40.82"
"10","007","00","020","2006","0000","554","440","114","48","602","1336","0","45.06","32.93"
"10","007","00","020","2006","0956","554","440","114","48","602","1336","0","45.06","32.93"
"10","007","00","020","2007","0000","443","339","104","44","487","1019","0","47.79","33.27"
"10","007","00","020","2007","0957","443","339","104","44","487","1019","0","47.79","33.27"
"10","007","00","020","2008","0000","412","320","92","35","447","1003","0","44.57","31.9"
"10","007","00","020","2008","0958","412","320","92","35","447","1003","0","44.57","31.9"
"10","007","00","020","2009","0000","604","484","120","48","652","1151","0","56.65","42.05"
"10","007","00","020","2009","0959","604","484","120","48","652","1151","0","56.65","42.05"
"10","007","00","020","2010","0000","849","647","202","58","907","1598","0","56.76","40.49"
"10","007","00","020","2010","0960","849","647","202","58","907","1598","0","56.76","40.49"
"10","007","00","020","2011","0000","1736","1330","406","77","1813","3259","0","55.63","40.81"
"10","007","00","020","2011","0961","767","594","173","35","802","1488","0","53.9","39.92"
"10","007","00","020","2011","0962","969","736","233","42","1011","1771","0","57.09","41.56"
"10","007","00","020","2012","0000","1288","996","292","78","1366","2540","0","53.78","39.21"
"10","007","00","020","2012","0942","288","228","60","28","316","731","0","43.23","31.19"
"10","007","00","020","2012","0943","560","431","129","31","591","1025","0","57.66","42.05"
"10","007","00","020","2012","0944","440","337","103","19","459","784","0","58.55","42.98"
"10","007","00","020","2013","0000","554","430","124","34","588","1360","0","43.24","31.62"
"10","007","00","020","2013","0963","554","430","124","34","588","1360","0","43.24","31.62"
"10","007","00","020","2014","0000","714","561","153","42","756","1613","0","46.87","34.78"
"10","007","00","020","2014","0964","714","561","153","42","756","1613","0","46.87","34.78"
"10","007","00","020","2015","0000","584","438","146","57","641","1228","0","52.2","35.67"
"10","007","00","020","2015","0965","584","438","146","57","641","1228","0","52.2","35.67"
"10","007","00","020","2016","0000","425","331","94","17","442","771","0","57.33","42.93"
"10","007","00","020","2016","0966","425","331","94","17","442","771","0","57.33","42.93"
"10","007","00","020","2017","0000","781","611","170","25","806","1519","0","53.06","40.22"
"10","007","00","020","2017","0967","482","366","116","25","507","858","0","59.09","42.66"
"10","007","00","020","2017","0968","299","245","54","0","299","661","0","45.23","37.07"
"10","007","00","020","2018","0000","585","496","89","51","636","1268","0","50.16","39.12"
"10","007","00","020","2018","0969","585","496","89","51","636","1268","0","50.16","39.12"
"10","007","00","020","2019","0000","508","398","110","30","538","1081","0","49.77","36.82"
"10","007","00","020","2019","0970","508","398","110","30","538","1081","0","49.77","36.82"
"10","007","00","020","2020","0000","1764","1374","390","108","1872","3659","0","51.16","37.55"
"10","007","00","020","2020","0971","575","447","128","21","596","1213","0","49.13","36.85"
"10","007","00","020","2020","0972","708","539","169","34","742","1328","0","55.87","40.59"
"10","007","00","020","2020","0973","481","388","93","53","534","1118","0","47.76","34.7"
"10","007","00","020","2021","0000","452","371","81","28","480","972","0","49.38","38.17"
"10","007","00","020","2021","0975","452","371","81","28","480","972","0","49.38","38.17"
"10","007","00","020","2022","0000","487","387","100","40","527","1157","0","45.55","33.45"
"10","007","00","020","2022","0974","487","387","100","40","527","1157","0","45.55","33.45"
"10","007","00","020","2023","0000","461","349","112","27","488","902","0","54.1","38.69"
"10","007","00","020","2023","0976","461","349","112","27","488","902","0","54.1","38.69"
"10","007","00","020","2024","0000","761","621","140","46","807","1273","0","63.39","48.78"
"10","007","00","020","2024","0977","761","621","140","46","807","1273","0","63.39","48.78"
"10","007","00","020","2025","0000","558","430","128","35","593","1087","0","54.55","39.56"
"10","007","00","020","2025","0978","558","430","128","35","593","1087","0","54.55","39.56"
"10","007","00","020","2026","0000","555","436","119","38","593","987","0","60.08","44.17"
"10","007","00","020","2026","0979","555","436","119","38","593","987","0","60.08","44.17"
"10","007","00","020","2027","0000","322","245","77","19","341","719","0","47.43","34.08"
"10","007","00","020","2027","0980","322","245","77","19","341","719","0","47.43","34.08"
"10","007","00","021","0000","0000","13049","10063","2986","752","13801","23179","27346","59.54","43.41"
"10","007","00","021","2101","0000","631","480","151","34","665","1284","0","51.79","37.38"
"10","007","00","021","2101","0863","631","480","151","34","665","1284","0","51.79","37.38"
"10","007","00","021","2102","0000","573","455","118","33","606","874","0","69.34","52.06"
"10","007","00","021","2102","0873","573","455","118","33","606","874","0","69.34","52.06"
"10","007","00","021","2103","0000","1513","1162","351","65","1578","2562","0","61.59","45.36"
"10","007","00","021","2103","0871","806","602","204","35","841","1376","0","61.12","43.75"
"10","007","00","021","2103","0872","707","560","147","30","737","1186","0","62.14","47.22"
"10","007","00","021","2104","0000","620","479","141","67","687","1079","0","63.67","44.39"
"10","007","00","021","2104","0882","620","479","141","67","687","1079","0","63.67","44.39"
"10","007","00","021","2105","0000","385","299","86","30","415","760","0","54.61","39.34"
"10","007","00","021","2105","0886","385","299","86","30","415","760","0","54.61","39.34"
"10","007","00","021","2106","0000","646","480","166","56","702","1084","0","64.76","44.28"
"10","007","00","021","2106","0887","646","480","166","56","702","1084","0","64.76","44.28"
"10","007","00","021","2107","0000","611","461","150","41","652","1198","0","54.42","38.48"
"10","007","00","021","2107","0884","611","461","150","41","652","1198","0","54.42","38.48"
"10","007","00","021","2108","0000","336","267","69","19","355","621","0","57.17","43.0"
"10","007","00","021","2108","0885","336","267","69","19","355","621","0","57.17","43.0"
"10","007","00","021","2109","0000","746","557","189","36","782","1336","0","58.53","41.69"
"10","007","00","021","2109","0883","746","557","189","36","782","1336","0","58.53","41.69"
"10","007","00","021","2110","0000","707","536","171","36","743","1337","0","55.57","40.09"
"10","007","00","021","2110","0870","707","536","171","36","743","1337","0","55.57","40.09"
"10","007","00","021","2111","0000","903","690","213","33","936","1555","0","60.19","44.37"
"10","007","00","021","2111","0868","367","288","79","10","377","680","0","55.44","42.35"
"10","007","00","021","2111","0869","536","402","134","23","559","875","0","63.89","45.94"
"10","007","00","021","2112","0000","690","547","143","39","729","1187","0","61.42","46.08"
"10","007","00","021","2112","0864","690","547","143","39","729","1187","0","61.42","46.08"
"10","007","00","021","2113","0000","1000","788","212","62","1062","1729","0","61.42","45.58"
"10","007","00","021","2113","0865","593","443","150","41","634","1033","0","61.37","42.88"
"10","007","00","021","2113","0866","407","345","62","21","428","696","0","61.49","49.57"
"10","007","00","021","2114","0000","581","423","158","17","598","938","0","63.75","45.1"
"10","007","00","021","2114","0878","581","423","158","17","598","938","0","63.75","45.1"
"10","007","00","021","2115","0000","529","414","115","38","567","880","0","64.43","47.05"
"10","007","00","021","2115","0879","529","414","115","38","567","880","0","64.43","47.05"
"10","007","00","021","2116","0000","719","548","171","40","759","1396","0","54.37","39.26"
"10","007","00","021","2116","0880","406","309","97","24","430","804","0","53.48","38.43"
"10","007","00","021","2116","0881","313","239","74","16","329","592","0","55.57","40.37"
"10","007","00","021","2117","0000","905","736","169","40","945","1606","0","58.84","45.83"
"10","007","00","021","2117","0874","352","283","69","16","368","647","0","56.88","43.74"
"10","007","00","021","2117","0875","553","453","100","24","577","959","0","60.17","47.24"
"10","007","00","021","2118","0000","134","101","33","10","144","263","0","54.75","38.4"
"10","007","00","021","2118","0876","134","101","33","10","144","263","0","54.75","38.4"
"10","007","00","021","2119","0000","307","243","64","30","337","618","0","54.53","39.32"
"10","007","00","021","2119","0877","307","243","64","30","337","618","0","54.53","39.32"
"10","007","00","021","2120","0000","513","397","116","26","539","872","0","61.81","45.53"
"10","007","00","021","2120","0867","513","397","116","26","539","872","0","61.81","45.53"
"10","007","00","022","0000","0000","12746","9848","2898","902","13648","25677","30536","53.15","38.35"
"10","007","00","022","2201","0000","1192","921","271","73","1265","2468","0","51.26","37.32"
"10","007","00","022","2201","0888","535","411","124","41","576","1178","0","48.9","34.89"
"10","007","00","022","2201","0889","657","510","147","32","689","1290","0","53.41","39.53"
"10","007","00","022","2202","0000","865","650","215","65","930","1756","0","52.96","37.02"
"10","007","00","022","2202","0890","467","340","127","41","508","973","0","52.21","34.94"
"10","007","00","022","2202","0891","398","310","88","24","422","783","0","53.9","39.59"
"10","007","00","022","2203","0000","882","659","223","64","946","1632","0","57.97","40.38"
"10","007","00","022","2203","0892","387","289","98","30","417","733","0","56.89","39.43"
"10","007","00","022","2203","0893","495","370","125","34","529","899","0","58.84","41.16"
"10","007","00","022","2204","0000","1174","931","243","82","1256","2321","0","54.11","40.11"
"10","007","00","022","2204","0894","501","400","101","43","544","965","0","56.37","41.45"
"10","007","00","022","2204","0895","673","531","142","39","712","1356","0","52.51","39.16"
"10","007","00","022","2205","0000","655","504","151","38","693","1265","0","54.78","39.84"
"10","007","00","022","2205","0896","655","504","151","38","693","1265","0","54.78","39.84"
"10","007","00","022","2206","0000","870","694","176","60","930","1582","0","58.79","43.87"
"10","007","00","022","2206","0897","518","420","98","30","548","877","0","62.49","47.89"
"10","007","00","022","2206","0898","352","274","78","30","382","705","0","54.18","38.87"
"10","007","00","022","2207","0000","1418","1021","397","85","1503","3285","0","45.75","31.08"
"10","007","00","022","2207","0899","178","49","129","29","207","1062","0","19.49","4.61"
"10","007","00","022","2207","0900","715","549","166","30","745","1300","0","57.31","42.23"
"10","007","00","022","2207","0901","525","423","102","26","551","923","0","59.7","45.83"
"10","007","00","022","2208","0000","1144","875","269","88","1232","2188","0","56.31","39.99"
"10","007","00","022","2208","0902","543","419","124","35","578","1085","0","53.27","38.62"
"10","007","00","022","2208","0903","601","456","145","53","654","1103","0","59.29","41.34"
"10","007","00","022","2209","0000","371","290","81","16","387","735","0","52.65","39.46"
"10","007","00","022","2209","0904","371","290","81","16","387","735","0","52.65","39.46"
"10","007","00","022","2210","0000","280","215","65","36","316","574","0","55.05","37.46"
"10","007","00","022","2210","0905","280","215","65","36","316","574","0","55.05","37.46"
"10","007","00","022","2211","0000","734","611","123","64","798","1504","0","53.06","40.63"
"10","007","00","022","2211","0906","350","294","56","37","387","767","0","50.46","38.33"
"10","007","00","022","2211","0907","384","317","67","27","411","737","0","55.77","43.01"
"10","007","00","022","2212","0000","480","360","120","37","517","1058","0","48.87","34.03"
"10","007","00","022","2212","0908","480","360","120","37","517","1058","0","48.87","34.03"
"10","007","00","022","2213","0000","376","293","83","51","427","826","0","51.69","35.47"
"10","007","00","022","2213","0909","376","293","83","51","427","826","0","51.69","35.47"
"10","007","00","022","2214","0000","503","410","93","49","552","1082","0","51.02","37.89"
"10","007","00","022","2214","0910","503","410","93","49","552","1082","0","51.02","37.89"
"10","007","00","022","2215","0000","789","636","153","35","824","1448","0","56.91","43.92"
"10","007","00","022","2215","0911","427","349","78","22","449","737","0","60.92","47.35"
"10","007","00","022","2215","0912","362","287","75","13","375","711","0","52.74","40.37"
"10","007","00","022","2216","0000","568","423","145","35","603","1043","0","57.81","40.56"
"10","007","00","022","2216","0913","568","423","145","35","603","1043","0","57.81","40.56"
"10","007","00","022","2217","0000","445","355","90","24","469","910","0","51.54","39.01"
"10","007","00","022","2217","0914","445","355","90","24","469","910","0","51.54","39.01"
"10","007","00","023","0000","0000","13297","10493","2804","1056","14353","29291","33549","49.0","35.82"
"10","007","00","023","2301","0000","308","233","75","29","337","940","0","35.85","24.79"
"10","007","00","023","2301","0998","308","233","75","29","337","940","0","35.85","24.79"
"10","007","00","023","2302","0000","154","129","25","18","172","403","0","42.68","32.01"
"10","007","00","023","2302","0999","154","129","25","18","172","403","0","42.68","32.01"
"10","007","00","023","2303","0000","350","280","70","31","381","756","0","50.4","37.04"
"10","007","00","023","2303","1000","350","280","70","31","381","756","0","50.4","37.04"
"10","007","00","023","2304","0000","157","114","43","21","178","548","0","32.48","20.8"
"10","007","00","023","2304","1001","157","114","43","21","178","548","0","32.48","20.8"
"10","007","00","023","2305","0000","486","385","101","33","519","997","0","52.06","38.62"
"10","007","00","023","2305","1002","486","385","101","33","519","997","0","52.06","38.62"
"10","007","00","023","2306","0000","956","742","214","76","1032","2159","0","47.8","34.37"
"10","007","00","023","2306","1003","542","405","137","46","588","1300","0","45.23","31.15"
"10","007","00","023","2306","1004","414","337","77","30","444","859","0","51.69","39.23"
"10","007","00","023","2307","0000","649","514","135","42","691","1370","0","50.44","37.52"
"10","007","00","023","2307","1005","365","288","77","20","385","734","0","52.45","39.24"
"10","007","00","023","2307","1006","284","226","58","22","306","636","0","48.11","35.53"
"10","007","00","023","2308","0000","196","161","35","11","207","470","0","44.04","34.26"
"10","007","00","023","2308","1022","196","161","35","11","207","470","0","44.04","34.26"
"10","007","00","023","2309","0000","271","211","60","24","295","668","0","44.16","31.59"
"10","007","00","023","2309","1008","271","211","60","24","295","668","0","44.16","31.59"
"10","007","00","023","2310","0000","353","252","101","24","377","744","0","50.67","33.87"
"10","007","00","023","2310","1009","353","252","101","24","377","744","0","50.67","33.87"
"10","007","00","023","2311","0000","456","361","95","44","500","1026","0","48.73","35.19"
"10","007","00","023","2311","1010","456","361","95","44","500","1026","0","48.73","35.19"
"10","007","00","023","2312","0000","232","193","39","11","243","586","0","41.47","32.94"
"10","007","00","023","2312","1011","232","193","39","11","243","586","0","41.47","32.94"
"10","007","00","023","2313","0000","286","227","59","28","314","593","0","52.95","38.28"
"10","007","00","023","2313","1012","286","227","59","28","314","593","0","52.95","38.28"
"10","007","00","023","2314","0000","344","276","68","36","380","808","0","47.03","34.16"
"10","007","00","023","2314","1007","344","276","68","36","380","808","0","47.03","34.16"
"10","007","00","023","2315","0000","1043","836","207","97","1140","2131","0","53.5","39.23"
"10","007","00","023","2315","1013","532","427","105","45","577","1071","0","53.87","39.87"
"10","007","00","023","2315","1014","511","409","102","52","563","1060","0","53.11","38.58"
"10","007","00","023","2316","0000","385","322","63","17","402","708","0","56.78","45.48"
"10","007","00","023","2316","1015","385","322","63","17","402","708","0","56.78","45.48"
"10","007","00","023","2317","0000","333","279","54","28","361","735","0","49.12","37.96"
"10","007","00","023","2317","1016","333","279","54","28","361","735","0","49.12","37.96"
"10","007","00","023","2318","0000","324","260","64","32","356","674","0","52.82","38.58"
"10","007","00","023","2318","1019","324","260","64","32","356","674","0","52.82","38.58"
"10","007","00","023","2319","0000","393","263","130","52","445","1300","0","34.23","20.23"
"10","007","00","023","2319","1017","92","22","70","26","118","571","0","20.67","3.85"
"10","007","00","023","2319","1018","301","241","60","26","327","729","0","44.86","33.06"
"10","007","00","023","2320","0000","869","679","190","47","916","1652","0","55.45","41.1"
"10","007","00","023","2320","1020","415","313","102","21","436","846","0","51.54","37.0"
"10","007","00","023","2320","1021","454","366","88","26","480","806","0","59.55","45.41"
"10","007","00","023","2321","0000","710","583","127","58","768","1441","0","53.3","40.46"
"10","007","00","023","2321","1023","573","467","106","43","616","1124","0","54.8","41.55"
"10","007","00","023","2321","1024","137","116","21","15","152","317","0","47.95","36.59"
"10","007","00","023","2322","0000","445","361","84","36","481","1086","0","44.29","33.24"
"10","007","00","023","2322","1028","445","361","84","36","481","1086","0","44.29","33.24"
"10","007","00","023","2323","0000","896","708","188","63","959","2125","0","45.13","33.32"
"10","007","00","023","2323","1025","454","373","81","42","496","1158","0","42.83","32.21"
"10","007","00","023","2323","1026","442","335","107","21","463","967","0","47.88","34.64"
"10","007","00","023","2324","0000","372","299","73","39","411","762","0","53.94","39.24"
"10","007","00","023","2324","1027","372","299","73","39","411","762","0","53.94","39.24"
"10","007","00","023","2325","0000","592","472","120","41","633","1400","0","45.21","33.71"
"10","007","00","023","2325","1029","342","271","71","25","367","747","0","49.13","36.28"
"10","007","00","023","2325","1030","250","201","49","16","266","653","0","40.74","30.78"
"10","007","00","023","2326","0000","1737","1353","384","118","1855","3209","0","57.81","42.16"
"10","007","00","023","2326","1031","474","379","95","40","514","872","0","58.94","43.46"
"10","007","00","023","2326","1032","697","521","176","48","745","1235","0","60.32","42.19"
"10","007","00","023","2326","1033","566","453","113","30","596","1102","0","54.08","41.11"
"10","007","00","024","0000","0000","5360","4311","1049","403","5763","14713","16781","39.17","29.3"
"10","007","00","024","2401","0000","391","307","84","38","429","1104","0","38.86","27.81"
"10","007","00","024","2401","0982","391","307","84","38","429","1104","0","38.86","27.81"
"10","007","00","024","2402","0000","403","326","77","32","435","1092","0","39.84","29.85"
"10","007","00","024","2402","0986","171","143","28","12","183","518","0","35.33","27.61"
"10","007","00","024","2402","0987","232","183","49","20","252","574","0","43.9","31.88"
"10","007","00","024","2403","0000","572","457","115","36","608","1312","0","46.34","34.83"
"10","007","00","024","2403","0984","572","457","115","36","608","1312","0","46.34","34.83"
"10","007","00","024","2404","0000","322","259","63","44","366","853","0","42.91","30.36"
"10","007","00","024","2404","0985","322","259","63","44","366","853","0","42.91","30.36"
"10","007","00","024","2405","0000","510","404","106","31","541","964","0","56.12","41.91"
"10","007","00","024","2405","0983","510","404","106","31","541","964","0","56.12","41.91"
"10","007","00","024","2406","0000","402","331","71","27","429","1103","0","38.89","30.01"
"10","007","00","024","2406","0993","402","331","71","27","429","1103","0","38.89","30.01"
"10","007","00","024","2407","0000","429","349","80","20","449","1288","0","34.86","27.1"
"10","007","00","024","2407","0981","429","349","80","20","449","1288","0","34.86","27.1"
"10","007","00","024","2408","0000","252","206","46","19","271","702","0","38.6","29.34"
"10","007","00","024","2408","0988","252","206","46","19","271","702","0","38.6","29.34"
"10","007","00","024","2409","0000","212","180","32","18","230","686","0","33.53","26.24"
"10","007","00","024","2409","0996","212","180","32","18","230","686","0","33.53","26.24"
"10","007","00","024","2410","0000","312","261","51","24","336","1069","0","31.43","24.42"
"10","007","00","024","2410","0989","108","86","22","14","122","376","0","32.45","22.87"
"10","007","00","024","2410","0990","204","175","29","10","214","693","0","30.88","25.25"
"10","007","00","024","2411","0000","279","219","60","16","295","899","0","32.81","24.36"
"10","007","00","024","2411","0997","279","219","60","16","295","899","0","32.81","24.36"
"10","007","00","024","2412","0000","386","294","92","30","416","1192","0","34.9","24.66"
"10","007","00","024","2412","0994","386","294","92","30","416","1192","0","34.9","24.66"
"10","007","00","024","2413","0000","340","279","61","21","361","917","0","39.37","30.43"
"10","007","00","024","2413","0995","340","279","61","21","361","917","0","39.37","30.43"
"10","007","00","024","2414","0000","355","285","70","35","390","877","0","44.47","32.5"
"10","007","00","024","2414","0991","355","285","70","35","390","877","0","44.47","32.5"
"10","007","00","024","2415","0000","195","154","41","12","207","655","0","31.6","23.51"
"10","007","00","024","2415","0992","195","154","41","12","207","655","0","31.6","23.51"
"10","007","00","025","0000","0000","6570","5147","1423","497","7067","12821","15117","55.12","40.15"
"10","007","00","025","2501","0000","652","516","136","49","701","1168","0","60.02","44.18"
"10","007","00","025","2501","1034","652","516","136","49","701","1168","0","60.02","44.18"
"10","007","00","025","2502","0000","1115","868","247","59","1174","1925","0","60.99","45.09"
"10","007","00","025","2502","1035","544","422","122","28","572","965","0","59.27","43.73"
"10","007","00","025","2502","1036","571","446","125","31","602","960","0","62.71","46.46"
"10","007","00","025","2503","0000","441","341","100","42","483","743","0","65.01","45.9"
"10","007","00","025","2503","1037","441","341","100","42","483","743","0","65.01","45.9"
"10","007","00","025","2504","0000","312","250","62","28","340","751","0","45.27","33.29"
"10","007","00","025","2504","1038","312","250","62","28","340","751","0","45.27","33.29"
"10","007","00","025","2505","0000","712","562","150","43","755","1525","0","49.51","36.85"
"10","007","00","025","2505","1039","356","285","71","29","385","792","0","48.61","35.98"
"10","007","00","025","2505","1040","356","277","79","14","370","733","0","50.48","37.79"
"10","007","00","025","2506","0000","334","265","69","26","360","657","0","54.79","40.33"
"10","007","00","025","2506","1041","334","265","69","26","360","657","0","54.79","40.33"
"10","007","00","025","2507","0000","532","422","110","38","570","1063","0","53.62","39.7"
"10","007","00","025","2507","1042","532","422","110","38","570","1063","0","53.62","39.7"
"10","007","00","025","2508","0000","595","482","113","45","640","1114","0","57.45","43.27"
"10","007","00","025","2508","1043","595","482","113","45","640","1114","0","57.45","43.27"
"10","007","00","025","2509","0000","316","241","75","29","345","506","0","68.18","47.63"
"10","007","00","025","2509","1044","316","241","75","29","345","506","0","68.18","47.63"
"10","007","00","025","2510","0000","397","301","96","28","425","823","0","51.64","36.57"
"10","007","00","025","2510","1045","397","301","96","28","425","823","0","51.64","36.57"
"10","007","00","025","2511","0000","314","237","77","25","339","654","0","51.83","36.24"
"10","007","00","025","2511","1046","314","237","77","25","339","654","0","51.83","36.24"
"10","007","00","025","2512","0000","256","201","55","16","272","577","0","47.14","34.84"
"10","007","00","025","2512","1047","256","201","55","16","272","577","0","47.14","34.84"
"10","007","00","025","2513","0000","372","289","83","39","411","772","0","53.24","37.44"
"10","007","00","025","2513","1048","372","289","83","39","411","772","0","53.24","37.44"
"10","007","00","025","2514","0000","222","172","50","30","252","543","0","46.41","31.68"
"10","007","00","025","2514","1049","222","172","50","30","252","543","0","46.41","31.68"
"10","007","00","026","0000","0000","12479","9746","2733","816","13295","25405","29797","52.33","38.36"
"10","007","00","026","2601","0000","910","732","178","51","961","1839","0","52.26","39.8"
"10","007","00","026","2601","0915","401","331","70","33","434","778","0","55.78","42.54"
"10","007","00","026","2601","0916","509","401","108","18","527","1061","0","49.67","37.79"
"10","007","00","026","2602","0000","605","471","134","46","651","1409","0","46.2","33.43"
"10","007","00","026","2602","0925","605","471","134","46","651","1409","0","46.2","33.43"
"10","007","00","026","2603","0000","484","379","105","48","532","1157","0","45.98","32.76"
"10","007","00","026","2603","0930","484","379","105","48","532","1157","0","45.98","32.76"
"10","007","00","026","2604","0000","795","590","205","38","833","1490","0","55.91","39.6"
"10","007","00","026","2604","0941","795","590","205","38","833","1490","0","55.91","39.6"
"10","007","00","026","2605","0000","336","272","64","31","367","701","0","52.35","38.8"
"10","007","00","026","2605","0917","336","272","64","31","367","701","0","52.35","38.8"
"10","007","00","026","2606","0000","767","600","167","43","810","1506","0","53.78","39.84"
"10","007","00","026","2606","0926","411","323","88","13","424","792","0","53.54","40.78"
"10","007","00","026","2606","0927","356","277","79","30","386","714","0","54.06","38.8"
"10","007","00","026","2607","0000","393","295","98","49","442","843","0","52.43","34.99"
"10","007","00","026","2607","0936","393","295","98","49","442","843","0","52.43","34.99"
"10","007","00","026","2608","0000","529","414","115","20","549","879","0","62.46","47.1"
"10","007","00","026","2608","0918","529","414","115","20","549","879","0","62.46","47.1"
"10","007","00","026","2609","0000","903","716","187","76","979","2071","0","47.27","34.57"
"10","007","00","026","2609","0928","503","395","108","39","542","1109","0","48.87","35.62"
"10","007","00","026","2609","0929","400","321","79","37","437","962","0","45.43","33.37"
"10","007","00","026","2610","0000","266","205","61","8","274","711","0","38.54","28.83"
"10","007","00","026","2610","0937","266","205","61","8","274","711","0","38.54","28.83"
"10","007","00","026","2611","0000","898","705","193","41","939","1532","0","61.29","46.02"
"10","007","00","026","2611","0919","412","322","90","23","435","654","0","66.51","49.24"
"10","007","00","026","2611","0920","486","383","103","18","504","878","0","57.4","43.62"
"10","007","00","026","2612","0000","922","704","218","53","975","1839","0","53.02","38.28"
"10","007","00","026","2612","0931","474","375","99","24","498","952","0","52.31","39.39"
"10","007","00","026","2612","0932","448","329","119","29","477","887","0","53.78","37.09"
"10","007","00","026","2613","0000","436","334","102","36","472","851","0","55.46","39.25"
"10","007","00","026","2613","0938","436","334","102","36","472","851","0","55.46","39.25"
"10","007","00","026","2614","0000","1012","803","209","51","1063","1813","0","58.63","44.29"
"10","007","00","026","2614","0921","550","446","104","25","575","942","0","61.04","47.35"
"10","007","00","026","2614","0922","462","357","105","26","488","871","0","56.03","40.99"
"10","007","00","026","2615","0000","795","602","193","77","872","1876","0","46.48","32.09"
"10","007","00","026","2615","0933","350","262","88","34","384","866","0","44.34","30.25"
"10","007","00","026","2615","0934","445","340","105","43","488","1010","0","48.32","33.66"
"10","007","00","026","2616","0000","587","470","117","47","634","1247","0","50.84","37.69"
"10","007","00","026","2616","0940","587","470","117","47","634","1247","0","50.84","37.69"
"10","007","00","026","2617","0000","1015","806","209","51","1066","1905","0","55.96","42.31"
"10","007","00","026","2617","0923","542","431","111","15","557","1047","0","53.2","41.17"
"10","007","00","026","2617","0924","473","375","98","36","509","858","0","59.32","43.71"
"10","007","00","026","2618","0000","405","311","94","23","428","853","0","50.18","36.46"
"10","007","00","026","2618","0935","405","311","94","23","428","853","0","50.18","36.46"
"10","007","00","026","2619","0000","421","337","84","27","448","883","0","50.74","38.17"
"10","007","00","026","2619","0939","421","337","84","27","448","883","0","50.74","38.17"
"10","008","00","000","0000","0000","236751","184051","52700","12381","249132","427089","497876","58.33","43.09"
"10","008","00","001","0000","0000","49154","37547","11607","2104","51258","84328","99538","60.78","44.52"
"10","008","00","001","0101","0000","546","407","139","22","568","927","0","61.27","43.91"
"10","008","00","001","0101","0001","546","407","139","22","568","927","0","61.27","43.91"
"10","008","00","001","0102","0000","918","707","211","35","953","1440","0","66.18","49.1"
"10","008","00","001","0102","0002","438","340","98","19","457","667","0","68.52","50.97"
"10","008","00","001","0102","0003","480","367","113","16","496","773","0","64.17","47.48"
"10","008","00","001","0103","0000","493","369","124","24","517","818","0","63.2","45.11"
"10","008","00","001","0103","0004","493","369","124","24","517","818","0","63.2","45.11"
"10","008","00","001","0104","0000","347","255","92","10","357","525","0","68.0","48.57"
"10","008","00","001","0104","0005","347","255","92","10","357","525","0","68.0","48.57"
"10","008","00","001","0105","0000","366","286","80","20","386","575","0","67.13","49.74"
"10","008","00","001","0105","0006","366","286","80","20","386","575","0","67.13","49.74"
"10","008","00","001","0106","0000","248","186","62","8","256","368","0","69.57","50.54"
"10","008","00","001","0106","0007","248","186","62","8","256","368","0","69.57","50.54"
"10","008","00","001","0107","0000","613","479","134","21","634","956","0","66.32","50.1"
"10","008","00","001","0107","0008","613","479","134","21","634","956","0","66.32","50.1"
"10","008","00","001","0108","0000","1628","1241","387","68","1696","2632","0","64.44","47.15"
"10","008","00","001","0108","0058","852","668","184","37","889","1387","0","64.1","48.16"
"10","008","00","001","0108","0059","776","573","203","31","807","1245","0","64.82","46.02"
"10","008","00","001","0109","0000","4156","3164","992","168","4324","7018","0","61.61","45.08"
"10","008","00","001","0109","0060","678","515","163","20","698","1199","0","58.22","42.95"
"10","008","00","001","0109","0061","761","598","163","39","800","1288","0","62.11","46.43"
"10","008","00","001","0109","0062","595","460","135","29","624","1040","0","60.0","44.23"
"10","008","00","001","0109","0063","640","484","156","27","667","1070","0","62.34","45.23"
"10","008","00","001","0109","0064","793","588","205","25","818","1299","0","62.97","45.27"
"10","008","00","001","0109","0065","689","519","170","28","717","1122","0","63.9","46.26"
"10","008","00","001","0110","0000","2473","1867","606","98","2571","4543","0","56.59","41.1"
"10","008","00","001","0110","0032","763","583","180","29","792","1356","0","58.41","42.99"
"10","008","00","001","0110","0033","717","533","184","35","752","1373","0","54.77","38.82"
"10","008","00","001","0110","0034","789","580","209","26","815","1452","0","56.13","39.94"
"10","008","00","001","0110","0035","204","171","33","8","212","362","0","58.56","47.24"
"10","008","00","001","0111","0000","212","171","41","24","236","389","0","60.67","43.96"
"10","008","00","001","0111","0036","212","171","41","24","236","389","0","60.67","43.96"
"10","008","00","001","0112","0000","3552","2682","870","125","3677","5992","0","61.37","44.76"
"10","008","00","001","0112","0022","538","405","133","16","554","960","0","57.71","42.19"
"10","008","00","001","0112","0023","529","412","117","30","559","906","0","61.7","45.47"
"10","008","00","001","0112","0024","573","427","146","22","595","957","0","62.17","44.62"
"10","008","00","001","0112","0025","629","481","148","26","655","997","0","65.7","48.24"
"10","008","00","001","0112","0026","612","466","146","18","630","1008","0","62.5","46.23"
"10","008","00","001","0112","0027","671","491","180","13","684","1164","0","58.76","42.18"
"10","008","00","001","0113","0000","1120","865","255","76","1196","2045","0","58.48","42.3"
"10","008","00","001","0113","0028","336","270","66","14","350","587","0","59.63","46.0"
"10","008","00","001","0113","0029","383","289","94","32","415","734","0","56.54","39.37"
"10","008","00","001","0113","0030","401","306","95","30","431","724","0","59.53","42.27"
"10","008","00","001","0114","0000","563","462","101","36","599","1003","0","59.72","46.06"
"10","008","00","001","0114","0031","563","462","101","36","599","1003","0","59.72","46.06"
"10","008","00","001","0115","0000","3123","2360","763","113","3236","5426","0","59.64","43.49"
"10","008","00","001","0115","0009","653","491","162","22","675","1245","0","54.22","39.44"
"10","008","00","001","0115","0010","839","622","217","18","857","1484","0","57.75","41.91"
"10","008","00","001","0115","0011","757","602","155","28","785","1191","0","65.91","50.55"
"10","008","00","001","0115","0012","874","645","229","45","919","1506","0","61.02","42.83"
"10","008","00","001","0116","0000","1719","1286","433","86","1805","2790","0","64.7","46.09"
"10","008","00","001","0116","0013","641","477","164","35","676","1070","0","63.18","44.58"
"10","008","00","001","0116","0014","412","310","102","16","428","670","0","63.88","46.27"
"10","008","00","001","0116","0015","666","499","167","35","701","1050","0","66.76","47.52"
"10","008","00","001","0117","0000","1121","864","257","58","1179","2106","0","55.98","41.03"
"10","008","00","001","0117","0016","591","453","138","31","622","1122","0","55.44","40.37"
"10","008","00","001","0117","0017","530","411","119","27","557","984","0","56.61","41.77"
"10","008","00","001","0118","0000","2613","1961","652","130","2743","4411","0","62.19","44.46"
"10","008","00","001","0118","0018","682","505","177","23","705","1062","0","66.38","47.55"
"10","008","00","001","0118","0019","599","480","119","40","639","1053","0","60.68","45.58"
"10","008","00","001","0118","0020","670","490","180","32","702","1104","0","63.59","44.38"
"10","008","00","001","0118","0021","662","486","176","35","697","1192","0","58.47","40.77"
"10","008","00","001","0119","0000","998","752","246","56","1054","1930","0","54.61","38.96"
"10","008","00","001","0119","0083","486","370","116","39","525","950","0","55.26","38.95"
"10","008","00","001","0119","0084","512","382","130","17","529","980","0","53.98","38.98"
"10","008","00","001","0120","0000","375","293","82","25","400","790","0","50.63","37.09"
"10","008","00","001","0120","0081","375","293","82","25","400","790","0","50.63","37.09"
"10","008","00","001","0121","0000","287","225","62","20","307","647","0","47.45","34.78"
"10","008","00","001","0121","0082","287","225","62","20","307","647","0","47.45","34.78"
"10","008","00","001","0122","0000","517","394","123","77","594","1122","0","52.94","35.12"
"10","008","00","001","0122","0080","517","394","123","77","594","1122","0","52.94","35.12"
"10","008","00","001","0123","0000","3021","2335","686","94","3115","5362","0","58.09","43.55"
"10","008","00","001","0123","0066","820","636","184","23","843","1414","0","59.62","44.98"
"10","008","00","001","0123","0067","639","491","148","30","669","1121","0","59.68","43.8"
"10","008","00","001","0123","0068","807","608","199","23","830","1434","0","57.88","42.4"
"10","008","00","001","0123","0069","755","600","155","18","773","1393","0","55.49","43.07"
"10","008","00","001","0124","0000","2647","2060","587","76","2723","4907","0","55.49","41.98"
"10","008","00","001","0124","0070","597","462","135","15","612","1059","0","57.79","43.63"
"10","008","00","001","0124","0071","690","533","157","20","710","1218","0","58.29","43.76"
"10","008","00","001","0124","0072","702","534","168","17","719","1293","0","55.61","41.3"
"10","008","00","001","0124","0073","658","531","127","24","682","1337","0","51.01","39.72"
"10","008","00","001","0125","0000","1655","1236","419","70","1725","2859","0","60.34","43.23"
"10","008","00","001","0125","0074","541","391","150","25","566","876","0","64.61","44.63"
"10","008","00","001","0125","0075","539","410","129","26","565","971","0","58.19","42.22"
"10","008","00","001","0125","0076","575","435","140","19","594","1012","0","58.7","42.98"
"10","008","00","001","0126","0000","1716","1333","383","77","1793","2999","0","59.79","44.45"
"10","008","00","001","0126","0077","527","420","107","27","554","973","0","56.94","43.17"
"10","008","00","001","0126","0078","609","469","140","23","632","1002","0","63.07","46.81"
"10","008","00","001","0126","0079","580","444","136","27","607","1024","0","59.28","43.36"
"10","008","00","001","0127","0000","3746","2804","942","140","3886","5880","0","66.09","47.69"
"10","008","00","001","0127","0039","557","414","143","36","593","921","0","64.39","44.95"
"10","008","00","001","0127","0040","609","455","154","12","621","892","0","69.62","51.01"
"10","008","00","001","0127","0041","671","505","166","24","695","1050","0","66.19","48.1"
"10","008","00","001","0127","0042","663","506","157","22","685","1078","0","63.54","46.94"
"10","008","00","001","0127","0043","645","483","162","23","668","1078","0","61.97","44.81"
"10","008","00","001","0127","0044","601","441","160","23","624","861","0","72.47","51.22"
"10","008","00","001","0128","0000","1487","1105","382","57","1544","2365","0","65.29","46.72"
"10","008","00","001","0128","0037","799","589","210","31","830","1276","0","65.05","46.16"
"10","008","00","001","0128","0038","688","516","172","26","714","1089","0","65.56","47.38"
"10","008","00","001","0129","0000","3948","2990","958","173","4121","6589","0","62.54","45.38"
"10","008","00","001","0129","0045","689","530","159","45","734","1221","0","60.11","43.41"
"10","008","00","001","0129","0046","645","494","151","26","671","1105","0","60.72","44.71"
"10","008","00","001","0129","0047","740","549","191","17","757","1230","0","61.54","44.63"
"10","008","00","001","0129","0048","634","485","149","41","675","1092","0","61.81","44.41"
"10","008","00","001","0129","0049","804","596","208","20","824","1286","0","64.07","46.35"
"10","008","00","001","0129","0050","436","336","100","24","460","655","0","70.23","51.3"
"10","008","00","001","0130","0000","868","663","205","44","912","1439","0","63.38","46.07"
"10","008","00","001","0130","0051","449","348","101","24","473","719","0","65.79","48.4"
"10","008","00","001","0130","0052","419","315","104","20","439","720","0","60.97","43.75"
"10","008","00","001","0131","0000","491","404","87","14","505","848","0","59.55","47.64"
"10","008","00","001","0131","0057","491","404","87","14","505","848","0","59.55","47.64"
"10","008","00","001","0132","0000","634","549","85","22","656","1108","0","59.21","49.55"
"10","008","00","001","0132","0054","271","239","32","11","282","492","0","57.32","48.58"
"10","008","00","001","0132","0055","363","310","53","11","374","616","0","60.71","50.32"
"10","008","00","001","0133","0000","620","513","107","26","646","1010","0","63.96","50.79"
"10","008","00","001","0133","0056","620","513","107","26","646","1010","0","63.96","50.79"
"10","008","00","001","0134","0000","333","279","54","11","344","509","0","67.58","54.81"
"10","008","00","001","0134","0053","333","279","54","11","344","509","0","67.58","54.81"
"10","008","00","002","0000","0000","37863","29571","8292","1923","39786","68763","80408","57.86","43.0"
"10","008","00","002","0201","0000","1503","1173","330","100","1603","2676","0","59.9","43.83"
"10","008","00","002","0201","0085","470","359","111","33","503","828","0","60.75","43.36"
"10","008","00","002","0201","0086","455","353","102","36","491","786","0","62.47","44.91"
"10","008","00","002","0201","0087","578","461","117","31","609","1062","0","57.34","43.41"
"10","008","00","002","0202","0000","535","431","104","21","556","838","0","66.35","51.43"
"10","008","00","002","0202","0105","535","431","104","21","556","838","0","66.35","51.43"
"10","008","00","002","0203","0000","1651","1278","373","82","1733","3107","0","55.78","41.13"
"10","008","00","002","0203","0102","499","399","100","6","505","901","0","56.05","44.28"
"10","008","00","002","0203","0103","505","408","97","39","544","997","0","54.56","40.92"
"10","008","00","002","0203","0104","647","471","176","37","684","1209","0","56.58","38.96"
"10","008","00","002","0204","0000","1357","1029","328","51","1408","2489","0","56.57","41.34"
"10","008","00","002","0204","0106","593","457","136","20","613","1226","0","50.0","37.28"
"10","008","00","002","0204","0107","764","572","192","31","795","1263","0","62.95","45.29"
"10","008","00","002","0205","0000","1185","939","246","60","1245","2233","0","55.75","42.05"
"10","008","00","002","0205","0121","612","471","141","29","641","1133","0","56.58","41.57"
"10","008","00","002","0205","0122","573","468","105","31","604","1100","0","54.91","42.55"
"10","008","00","002","0206","0000","629","470","159","35","664","1023","0","64.91","45.94"
"10","008","00","002","0206","0126","629","470","159","35","664","1023","0","64.91","45.94"
"10","008","00","002","0207","0000","1937","1493","444","120","2057","3705","0","55.52","40.3"
"10","008","00","002","0207","0123","643","503","140","35","678","1155","0","58.7","43.55"
"10","008","00","002","0207","0124","635","490","145","39","674","1254","0","53.75","39.07"
"10","008","00","002","0207","0125","659","500","159","46","705","1296","0","54.4","38.58"
"10","008","00","002","0208","0000","3263","2557","706","129","3392","5777","0","58.72","44.26"
"10","008","00","002","0208","0127","487","398","89","16","503","964","0","52.18","41.29"
"10","008","00","002","0208","0128","559","435","124","22","581","986","0","58.92","44.12"
"10","008","00","002","0208","0129","598","456","142","19","617","1016","0","60.73","44.88"
"10","008","00","002","0208","0130","509","390","119","25","534","898","0","59.47","43.43"
"10","008","00","002","0208","0131","568","441","127","24","592","980","0","60.41","45.0"
"10","008","00","002","0208","0132","542","437","105","23","565","933","0","60.56","46.84"
"10","008","00","002","0209","0000","613","448","165","39","652","929","0","70.18","48.22"
"10","008","00","002","0209","0133","613","448","165","39","652","929","0","70.18","48.22"
"10","008","00","002","0210","0000","3992","3069","923","168","4160","7458","0","55.78","41.15"
"10","008","00","002","0210","0090","711","548","163","22","733","1282","0","57.18","42.75"
"10","008","00","002","0210","0091","485","382","103","18","503","859","0","58.56","44.47"
"10","008","00","002","0210","0092","703","544","159","47","750","1288","0","58.23","42.24"
"10","008","00","002","0210","0093","737","562","175","27","764","1330","0","57.44","42.26"
"10","008","00","002","0210","0094","729","553","176","37","766","1416","0","54.1","39.05"
"10","008","00","002","0210","0095","627","480","147","17","644","1283","0","50.19","37.41"
"10","008","00","002","0211","0000","2060","1719","341","128","2188","3815","0","57.35","45.06"
"10","008","00","002","0211","0096","644","616","28","52","696","1151","0","60.47","53.52"
"10","008","00","002","0211","0097","613","485","128","22","635","1193","0","53.23","40.65"
"10","008","00","002","0211","0098","803","618","185","54","857","1471","0","58.26","42.01"
"10","008","00","002","0212","0000","490","387","103","43","533","1044","0","51.05","37.07"
"10","008","00","002","0212","0099","490","387","103","43","533","1044","0","51.05","37.07"
"10","008","00","002","0213","0000","620","489","131","51","671","1122","0","59.8","43.58"
"10","008","00","002","0213","0100","620","489","131","51","671","1122","0","59.8","43.58"
"10","008","00","002","0214","0000","700","555","145","26","726","1129","0","64.3","49.16"
"10","008","00","002","0214","0101","700","555","145","26","726","1129","0","64.3","49.16"
"10","008","00","002","0215","0000","573","441","132","20","593","1032","0","57.46","42.73"
"10","008","00","002","0215","0134","573","441","132","20","593","1032","0","57.46","42.73"
"10","008","00","002","0216","0000","148","123","25","12","160","315","0","50.79","39.05"
"10","008","00","002","0216","0135","148","123","25","12","160","315","0","50.79","39.05"
"10","008","00","002","0217","0000","696","544","152","36","732","1363","0","53.71","39.91"
"10","008","00","002","0217","0136","696","544","152","36","732","1363","0","53.71","39.91"
"10","008","00","002","0218","0000","823","645","178","47","870","1430","0","60.84","45.1"
"10","008","00","002","0218","0137","413","316","97","30","443","725","0","61.1","43.59"
"10","008","00","002","0218","0138","410","329","81","17","427","705","0","60.57","46.67"
"10","008","00","002","0219","0000","978","745","233","44","1022","1683","0","60.72","44.27"
"10","008","00","002","0219","0139","466","361","105","22","488","751","0","64.98","48.07"
"10","008","00","002","0219","0140","512","384","128","22","534","932","0","57.3","41.2"
"10","008","00","002","0220","0000","754","582","172","33","787","1332","0","59.08","43.69"
"10","008","00","002","0220","0141","548","415","133","22","570","956","0","59.62","43.41"
"10","008","00","002","0220","0142","206","167","39","11","217","376","0","57.71","44.41"
"10","008","00","002","0221","0000","377","295","82","30","407","682","0","59.68","43.26"
"10","008","00","002","0221","0143","377","295","82","30","407","682","0","59.68","43.26"
"10","008","00","002","0222","0000","611","550","61","35","646","990","0","65.25","55.56"
"10","008","00","002","0222","0144","611","550","61","35","646","990","0","65.25","55.56"
"10","008","00","002","0223","0000","596","504","92","59","655","1170","0","55.98","43.08"
"10","008","00","002","0223","0147","596","504","92","59","655","1170","0","55.98","43.08"
"10","008","00","002","0224","0000","353","278","75","10","363","604","0","60.1","46.03"
"10","008","00","002","0224","0148","353","278","75","10","363","604","0","60.1","46.03"
"10","008","00","002","0225","0000","522","412","110","30","552","999","0","55.26","41.24"
"10","008","00","002","0225","0149","522","412","110","30","552","999","0","55.26","41.24"
"10","008","00","002","0226","0000","1479","1169","310","67","1546","2791","0","55.39","41.88"
"10","008","00","002","0226","0150","452","358","94","22","474","923","0","51.35","38.79"
"10","008","00","002","0226","0151","514","406","108","22","536","887","0","60.43","45.77"
"10","008","00","002","0226","0152","513","405","108","23","536","981","0","54.64","41.28"
"10","008","00","002","0227","0000","927","695","232","51","978","1630","0","60.0","42.64"
"10","008","00","002","0227","0116","394","298","96","31","425","725","0","58.62","41.1"
"10","008","00","002","0227","0117","533","397","136","20","553","905","0","61.1","43.87"
"10","008","00","002","0228","0000","1314","1032","282","92","1406","2588","0","54.33","39.88"
"10","008","00","002","0228","0118","599","459","140","43","642","1179","0","54.45","38.93"
"10","008","00","002","0228","0119","474","374","100","21","495","944","0","52.44","39.62"
"10","008","00","002","0228","0120","241","199","42","28","269","465","0","57.85","42.8"
"10","008","00","002","0229","0000","757","559","198","68","825","1622","0","50.86","34.46"
"10","008","00","002","0229","0145","617","463","154","60","677","1324","0","51.13","34.97"
"10","008","00","002","0229","0146","140","96","44","8","148","298","0","49.66","32.21"
"10","008","00","002","0230","0000","1952","1483","469","80","2032","3227","0","62.97","45.96"
"10","008","00","002","0230","0108","616","448","168","20","636","1045","0","60.86","42.87"
"10","008","00","002","0230","0109","667","519","148","35","702","1120","0","62.68","46.34"
"10","008","00","002","0230","0110","669","516","153","25","694","1062","0","65.35","48.59"
"10","008","00","002","0231","0000","1488","1175","313","52","1540","2616","0","58.87","44.92"
"10","008","00","002","0231","0088","724","569","155","29","753","1201","0","62.7","47.38"
"10","008","00","002","0231","0089","764","606","158","23","787","1415","0","55.62","42.83"
"10","008","00","002","0232","0000","1755","1362","393","69","1824","3179","0","57.38","42.84"
"10","008","00","002","0232","0111","573","436","137","26","599","1022","0","58.61","42.66"
"10","008","00","002","0232","0112","578","451","127","21","599","1051","0","56.99","42.91"
"10","008","00","002","0232","0113","604","475","129","22","626","1106","0","56.6","42.95"
"10","008","00","002","0233","0000","1225","940","285","35","1260","2165","0","58.2","43.42"
"10","008","00","002","0233","0114","610","471","139","16","626","1098","0","57.01","42.9"
"10","008","00","002","0233","0115","615","469","146","19","634","1067","0","59.42","43.96"
"10","008","00","003","0000","0000","46504","35215","11289","2014","48518","82922","97223","58.51","42.47"
"10","008","00","003","0301","0000","1229","923","306","27","1256","2125","0","59.11","43.44"
"10","008","00","003","0301","0153","611","454","157","17","628","998","0","62.93","45.49"
"10","008","00","003","0301","0154","618","469","149","10","628","1127","0","55.72","41.61"
"10","008","00","003","0302","0000","1170","887","283","51","1221","2077","0","58.79","42.71"
"10","008","00","003","0302","0158","516","407","109","24","540","936","0","57.69","43.48"
"10","008","00","003","0302","0159","654","480","174","27","681","1141","0","59.68","42.07"
"10","008","00","003","0303","0000","696","510","186","13","709","1121","0","63.25","45.5"
"10","008","00","003","0303","0161","696","510","186","13","709","1121","0","63.25","45.5"
"10","008","00","003","0304","0000","3654","2854","800","164","3818","6455","0","59.15","44.21"
"10","008","00","003","0304","0164","667","556","111","34","701","1267","0","55.33","43.88"
"10","008","00","003","0304","0165","674","513","161","47","721","1214","0","59.39","42.26"
"10","008","00","003","0304","0166","711","541","170","43","754","1259","0","59.89","42.97"
"10","008","00","003","0304","0167","855","654","201","20","875","1442","0","60.68","45.35"
"10","008","00","003","0304","0168","747","590","157","20","767","1273","0","60.25","46.35"
"10","008","00","003","0305","0000","4310","3186","1124","148","4458","7422","0","60.06","42.93"
"10","008","00","003","0305","0169","628","470","158","28","656","1145","0","57.29","41.05"
"10","008","00","003","0305","0170","700","530","170","23","723","1279","0","56.53","41.44"
"10","008","00","003","0305","0171","640","477","163","16","656","1158","0","56.65","41.19"
"10","008","00","003","0305","0172","860","641","219","27","887","1335","0","66.44","48.01"
"10","008","00","003","0305","0173","732","542","190","33","765","1178","0","64.94","46.01"
"10","008","00","003","0305","0174","750","526","224","21","771","1327","0","58.1","39.64"
"10","008","00","003","0306","0000","3546","2647","899","126","3672","6403","0","57.35","41.34"
"10","008","00","003","0306","0208","794","593","201","37","831","1466","0","56.68","40.45"
"10","008","00","003","0306","0209","642","492","150","37","679","1180","0","57.54","41.69"
"10","008","00","003","0306","0210","602","453","149","10","612","1006","0","60.83","45.03"
"10","008","00","003","0306","0211","493","362","131","16","509","1000","0","50.9","36.2"
"10","008","00","003","0306","0212","674","495","179","16","690","1128","0","61.17","43.88"
"10","008","00","003","0306","0213","341","252","89","10","351","623","0","56.34","40.45"
"10","008","00","003","0307","0000","3026","2244","782","126","3152","6046","0","52.13","37.12"
"10","008","00","003","0307","0190","652","473","179","18","670","1395","0","48.03","33.91"
"10","008","00","003","0307","0191","663","508","155","23","686","1101","0","62.31","46.14"
"10","008","00","003","0307","0192","670","481","189","28","698","1297","0","53.82","37.09"
"10","008","00","003","0307","0193","401","300","101","16","417","877","0","47.55","34.21"
"10","008","00","003","0307","0194","640","482","158","41","681","1376","0","49.49","35.03"
"10","008","00","003","0308","0000","2357","1804","553","146","2503","4066","0","61.56","44.37"
"10","008","00","003","0308","0195","616","472","144","38","654","1008","0","64.88","46.83"
"10","008","00","003","0308","0196","637","491","146","35","672","1080","0","62.22","45.46"
"10","008","00","003","0308","0197","529","394","135","36","565","1017","0","55.56","38.74"
"10","008","00","003","0308","0198","575","447","128","37","612","961","0","63.68","46.51"
"10","008","00","003","0309","0000","2342","1829","513","94","2436","4392","0","55.46","41.64"
"10","008","00","003","0309","0181","537","408","129","13","550","1048","0","52.48","38.93"
"10","008","00","003","0309","0182","557","443","114","24","581","1009","0","57.58","43.9"
"10","008","00","003","0309","0183","601","478","123","24","625","1138","0","54.92","42.0"
"10","008","00","003","0309","0184","647","500","147","33","680","1197","0","56.81","41.77"
"10","008","00","003","0310","0000","1385","1045","340","73","1458","2423","0","60.17","43.13"
"10","008","00","003","0310","0185","779","587","192","34","813","1364","0","59.6","43.04"
"10","008","00","003","0310","0186","606","458","148","39","645","1059","0","60.91","43.25"
"10","008","00","003","0311","0000","1651","1277","374","84","1735","2944","0","58.93","43.38"
"10","008","00","003","0311","0187","635","479","156","28","663","1108","0","59.84","43.23"
"10","008","00","003","0311","0188","479","376","103","26","505","879","0","57.45","42.78"
"10","008","00","003","0311","0189","537","422","115","30","567","957","0","59.25","44.1"
"10","008","00","003","0312","0000","1777","1344","433","65","1842","3143","0","58.61","42.76"
"10","008","00","003","0312","0178","591","448","143","27","618","1121","0","55.13","39.96"
"10","008","00","003","0312","0179","600","463","137","20","620","1043","0","59.44","44.39"
"10","008","00","003","0312","0180","586","433","153","18","604","979","0","61.7","44.23"
"10","008","00","003","0313","0000","2000","1526","474","88","2088","3524","0","59.25","43.3"
"10","008","00","003","0313","0199","679","522","157","35","714","1160","0","61.55","45.0"
"10","008","00","003","0313","0200","631","482","149","27","658","1121","0","58.7","43.0"
"10","008","00","003","0313","0201","690","522","168","26","716","1243","0","57.6","42.0"
"10","008","00","003","0314","0000","1671","1264","407","76","1747","2919","0","59.85","43.3"
"10","008","00","003","0314","0205","550","414","136","35","585","923","0","63.38","44.85"
"10","008","00","003","0314","0206","520","403","117","19","539","970","0","55.57","41.55"
"10","008","00","003","0314","0207","601","447","154","22","623","1026","0","60.72","43.57"
"10","008","00","003","0315","0000","770","620","150","34","804","1518","0","52.96","40.84"
"10","008","00","003","0315","0204","770","620","150","34","804","1518","0","52.96","40.84"
"10","008","00","003","0316","0000","1375","1034","341","54","1429","2255","0","63.37","45.85"
"10","008","00","003","0316","0202","552","417","135","15","567","932","0","60.84","44.74"
"10","008","00","003","0316","0203","823","617","206","39","862","1323","0","65.15","46.64"
"10","008","00","003","0317","0000","1020","791","229","70","1090","1953","0","55.81","40.5"
"10","008","00","003","0317","0214","397","301","96","27","424","707","0","59.97","42.57"
"10","008","00","003","0317","0215","387","311","76","20","407","719","0","56.61","43.25"
"10","008","00","003","0317","0216","236","179","57","23","259","527","0","49.15","33.97"
"10","008","00","003","0318","0000","1194","785","409","52","1246","2052","0","60.72","38.26"
"10","008","00","003","0318","0217","678","491","187","29","707","1183","0","59.76","41.5"
"10","008","00","003","0318","0218","516","294","222","23","539","869","0","62.03","33.83"
"10","008","00","003","0319","0000","2264","1715","549","100","2364","4114","0","57.46","41.69"
"10","008","00","003","0319","0219","573","417","156","25","598","1132","0","52.83","36.84"
"10","008","00","003","0319","0220","538","418","120","31","569","949","0","59.96","44.05"
"10","008","00","003","0319","0221","584","460","124","25","609","965","0","63.11","47.67"
"10","008","00","003","0319","0222","569","420","149","19","588","1068","0","55.06","39.33"
"10","008","00","003","0320","0000","851","668","183","40","891","1659","0","53.71","40.27"
"10","008","00","003","0320","0224","336","274","62","16","352","642","0","54.83","42.68"
"10","008","00","003","0320","0225","515","394","121","24","539","1017","0","53.0","38.74"
"10","008","00","003","0321","0000","580","446","134","47","627","1024","0","61.23","43.55"
"10","008","00","003","0321","0223","580","446","134","47","627","1024","0","61.23","43.55"
"10","008","00","003","0322","0000","1228","953","275","104","1332","2276","0","58.52","41.87"
"10","008","00","003","0322","0227","602","461","141","61","663","1170","0","56.67","39.4"
"10","008","00","003","0322","0228","626","492","134","43","669","1106","0","60.49","44.48"
"10","008","00","003","0323","0000","605","475","130","24","629","1092","0","57.6","43.5"
"10","008","00","003","0323","0226","605","475","130","24","629","1092","0","57.6","43.5"
"10","008","00","003","0324","0000","430","327","103","17","447","705","0","63.4","46.38"
"10","008","00","003","0324","0160","430","327","103","17","447","705","0","63.4","46.38"
"10","008","00","003","0325","0000","1346","987","359","61","1407","2278","0","61.76","43.33"
"10","008","00","003","0325","0162","568","420","148","19","587","877","0","66.93","47.89"
"10","008","00","003","0325","0163","778","567","211","42","820","1401","0","58.53","40.47"
"10","008","00","003","0326","0000","2078","1567","511","64","2142","3796","0","56.43","41.28"
"10","008","00","003","0326","0155","736","542","194","15","751","1401","0","53.6","38.69"
"10","008","00","003","0326","0156","606","458","148","18","624","1110","0","56.22","41.26"
"10","008","00","003","0326","0157","736","567","169","31","767","1285","0","59.69","44.12"
"10","008","00","003","0327","0000","1949","1507","442","66","2015","3140","0","64.17","47.99"
"10","008","00","003","0327","0175","594","438","156","14","608","1000","0","60.8","43.8"
"10","008","00","003","0327","0176","808","637","171","30","838","1257","0","66.67","50.68"
"10","008","00","003","0327","0177","547","432","115","22","569","883","0","64.44","48.92"
"10","008","00","004","0000","0000","24643","19254","5389","1474","26117","47034","54689","55.53","40.94"
"10","008","00","004","0401","0000","1174","920","254","66","1240","2020","0","61.39","45.54"
"10","008","00","004","0401","0229","674","539","135","31","705","1170","0","60.26","46.07"
"10","008","00","004","0401","0230","500","381","119","35","535","850","0","62.94","44.82"
"10","008","00","004","0402","0000","317","235","82","27","344","621","0","55.39","37.84"
"10","008","00","004","0402","0231","317","235","82","27","344","621","0","55.39","37.84"
"10","008","00","004","0403","0000","2331","1810","521","164","2495","4505","0","55.38","40.18"
"10","008","00","004","0403","0232","489","365","124","24","513","905","0","56.69","40.33"
"10","008","00","004","0403","0233","525","414","111","31","556","1099","0","50.59","37.67"
"10","008","00","004","0403","0234","590","465","125","57","647","1214","0","53.29","38.3"
"10","008","00","004","0403","0235","727","566","161","52","779","1287","0","60.53","43.98"
"10","008","00","004","0404","0000","1915","1498","417","120","2035","3587","0","56.73","41.76"
"10","008","00","004","0404","0236","630","503","127","49","679","1191","0","57.01","42.23"
"10","008","00","004","0404","0237","576","461","115","47","623","1118","0","55.72","41.23"
"10","008","00","004","0404","0238","709","534","175","24","733","1278","0","57.36","41.78"
"10","008","00","004","0405","0000","964","735","229","53","1017","1715","0","59.3","42.86"
"10","008","00","004","0405","0270","454","341","113","39","493","793","0","62.17","43.0"
"10","008","00","004","0405","0271","510","394","116","14","524","922","0","56.83","42.73"
"10","008","00","004","0406","0000","665","524","141","25","690","1193","0","57.84","43.92"
"10","008","00","004","0406","0244","308","248","60","13","321","511","0","62.82","48.53"
"10","008","00","004","0406","0245","357","276","81","12","369","682","0","54.11","40.47"
"10","008","00","004","0407","0000","1942","1509","433","113","2055","3710","0","55.39","40.67"
"10","008","00","004","0407","0241","702","541","161","41","743","1308","0","56.8","41.36"
"10","008","00","004","0407","0242","700","541","159","36","736","1358","0","54.2","39.84"
"10","008","00","004","0407","0243","540","427","113","36","576","1044","0","55.17","40.9"
"10","008","00","004","0408","0000","504","385","119","19","523","989","0","52.88","38.93"
"10","008","00","004","0408","0246","504","385","119","19","523","989","0","52.88","38.93"
"10","008","00","004","0409","0000","731","583","148","37","768","1378","0","55.73","42.31"
"10","008","00","004","0409","0247","731","583","148","37","768","1378","0","55.73","42.31"
"10","008","00","004","0410","0000","407","339","68","23","430","875","0","49.14","38.74"
"10","008","00","004","0410","0272","177","145","32","20","197","366","0","53.83","39.62"
"10","008","00","004","0410","0273","230","194","36","3","233","509","0","45.78","38.11"
"10","008","00","004","0411","0000","1505","1179","326","85","1590","2882","0","55.17","40.91"
"10","008","00","004","0411","0260","731","580","151","36","767","1320","0","58.11","43.94"
"10","008","00","004","0411","0261","489","371","118","26","515","967","0","53.26","38.37"
"10","008","00","004","0411","0262","285","228","57","23","308","595","0","51.76","38.32"
"10","008","00","004","0412","0000","796","607","189","57","853","1729","0","49.33","35.11"
"10","008","00","004","0412","0258","412","316","96","20","432","908","0","47.58","34.8"
"10","008","00","004","0412","0259","384","291","93","37","421","821","0","51.28","35.44"
"10","008","00","004","0413","0000","437","345","92","39","476","859","0","55.41","40.16"
"10","008","00","004","0413","0263","437","345","92","39","476","859","0","55.41","40.16"
"10","008","00","004","0414","0000","2717","2085","632","125","2842","4873","0","58.32","42.79"
"10","008","00","004","0414","0251","767","577","190","43","810","1437","0","56.37","40.15"
"10","008","00","004","0414","0252","745","580","165","30","775","1286","0","60.26","45.1"
"10","008","00","004","0414","0253","635","497","138","23","658","1080","0","60.93","46.02"
"10","008","00","004","0414","0254","570","431","139","29","599","1070","0","55.98","40.28"
"10","008","00","004","0415","0000","956","765","191","63","1019","1845","0","55.23","41.46"
"10","008","00","004","0415","0264","608","482","126","41","649","1196","0","54.26","40.3"
"10","008","00","004","0415","0265","348","283","65","22","370","649","0","57.01","43.61"
"10","008","00","004","0416","0000","739","563","176","20","759","1341","0","56.6","41.98"
"10","008","00","004","0416","0266","739","563","176","20","759","1341","0","56.6","41.98"
"10","008","00","004","0417","0000","602","475","127","43","645","1222","0","52.78","38.87"
"10","008","00","004","0417","0267","602","475","127","43","645","1222","0","52.78","38.87"
"10","008","00","004","0418","0000","327","255","72","23","350","602","0","58.14","42.36"
"10","008","00","004","0418","0268","327","255","72","23","350","602","0","58.14","42.36"
"10","008","00","004","0419","0000","204","166","38","8","212","430","0","49.3","38.6"
"10","008","00","004","0419","0250","204","166","38","8","212","430","0","49.3","38.6"
"10","008","00","004","0420","0000","325","253","72","21","346","617","0","56.08","41.0"
"10","008","00","004","0420","0269","325","253","72","21","346","617","0","56.08","41.0"
"10","008","00","004","0421","0000","335","256","79","25","360","599","0","60.1","42.74"
"10","008","00","004","0421","0274","105","87","18","3","108","193","0","55.96","45.08"
"10","008","00","004","0421","0275","230","169","61","22","252","406","0","62.07","41.63"
"10","008","00","004","0422","0000","330","280","50","37","367","802","0","45.76","34.91"
"10","008","00","004","0422","0276","223","187","36","29","252","495","0","50.91","37.78"
"10","008","00","004","0422","0277","107","93","14","8","115","307","0","37.46","30.29"
"10","008","00","004","0423","0000","284","240","44","30","314","577","0","54.42","41.59"
"10","008","00","004","0423","0279","284","240","44","30","314","577","0","54.42","41.59"
"10","008","00","004","0424","0000","226","189","37","10","236","440","0","53.64","42.95"
"10","008","00","004","0424","0278","226","189","37","10","236","440","0","53.64","42.95"
"10","008","00","004","0425","0000","322","257","65","44","366","889","0","41.17","28.91"
"10","008","00","004","0425","0280","184","145","39","31","215","486","0","44.24","29.84"
"10","008","00","004","0425","0281","138","112","26","13","151","403","0","37.47","27.79"
"10","008","00","004","0426","0000","375","289","86","27","402","696","0","57.76","41.52"
"10","008","00","004","0426","0248","109","80","29","5","114","217","0","52.53","36.87"
"10","008","00","004","0426","0249","266","209","57","22","288","479","0","60.13","43.63"
"10","008","00","004","0427","0000","1945","1532","413","86","2031","3642","0","55.77","42.06"
"10","008","00","004","0427","0255","718","565","153","24","742","1295","0","57.3","43.63"
"10","008","00","004","0427","0256","570","467","103","35","605","1047","0","57.78","44.6"
"10","008","00","004","0427","0257","657","500","157","27","684","1300","0","52.62","38.46"
"10","008","00","004","0428","0000","1268","980","288","84","1352","2396","0","56.43","40.9"
"10","008","00","004","0428","0239","631","488","143","47","678","1153","0","58.8","42.32"
"10","008","00","004","0428","0240","637","492","145","37","674","1243","0","54.22","39.58"
"10","008","00","005","0000","0000","5263","4034","1229","319","5582","9611","10871","58.08","41.97"
"10","008","00","005","0501","0000","613","479","134","34","647","1070","0","60.47","44.77"
"10","008","00","005","0501","0282","613","479","134","34","647","1070","0","60.47","44.77"
"10","008","00","005","0502","0000","537","431","106","21","558","918","0","60.78","46.95"
"10","008","00","005","0502","0283","537","431","106","21","558","918","0","60.78","46.95"
"10","008","00","005","0503","0000","325","250","75","27","352","581","0","60.59","43.03"
"10","008","00","005","0503","0284","325","250","75","27","352","581","0","60.59","43.03"
"10","008","00","005","0504","0000","689","545","144","30","719","1194","0","60.22","45.64"
"10","008","00","005","0504","0285","689","545","144","30","719","1194","0","60.22","45.64"
"10","008","00","005","0505","0000","204","159","45","20","224","488","0","45.9","32.58"
"10","008","00","005","0505","0286","204","159","45","20","224","488","0","45.9","32.58"
"10","008","00","005","0506","0000","285","218","67","29","314","504","0","62.3","43.25"
"10","008","00","005","0506","0287","285","218","67","29","314","504","0","62.3","43.25"
"10","008","00","005","0507","0000","526","398","128","37","563","910","0","61.87","43.74"
"10","008","00","005","0507","0288","526","398","128","37","563","910","0","61.87","43.74"
"10","008","00","005","0508","0000","837","637","200","51","888","1482","0","59.92","42.98"
"10","008","00","005","0508","0289","451","346","105","34","485","773","0","62.74","44.76"
"10","008","00","005","0508","0290","386","291","95","17","403","709","0","56.84","41.04"
"10","008","00","005","0509","0000","529","388","141","24","553","960","0","57.6","40.42"
"10","008","00","005","0509","0291","529","388","141","24","553","960","0","57.6","40.42"
"10","008","00","005","0510","0000","266","197","69","8","274","582","0","47.08","33.85"
"10","008","00","005","0510","0294","266","197","69","8","274","582","0","47.08","33.85"
"10","008","00","005","0511","0000","452","332","120","38","490","922","0","53.15","36.01"
"10","008","00","005","0511","0292","258","195","63","19","277","503","0","55.07","38.77"
"10","008","00","005","0511","0293","194","137","57","19","213","419","0","50.84","32.7"
"10","008","00","006","0000","0000","18872","14533","4339","1282","20154","33408","38376","60.33","43.5"
"10","008","00","006","0601","0000","685","535","150","46","731","1050","0","69.62","50.95"
"10","008","00","006","0601","0295","685","535","150","46","731","1050","0","69.62","50.95"
"10","008","00","006","0602","0000","1997","1558","439","121","2118","3405","0","62.2","45.76"
"10","008","00","006","0602","0296","516","418","98","45","561","920","0","60.98","45.43"
"10","008","00","006","0602","0297","442","352","90","33","475","727","0","65.34","48.42"
"10","008","00","006","0602","0298","539","436","103","14","553","861","0","64.23","50.64"
"10","008","00","006","0602","0299","500","352","148","29","529","897","0","58.97","39.24"
"10","008","00","006","0603","0000","1281","996","285","67","1348","2239","0","60.21","44.48"
"10","008","00","006","0603","0300","621","479","142","27","648","1055","0","61.42","45.4"
"10","008","00","006","0603","0301","660","517","143","40","700","1184","0","59.12","43.67"
"10","008","00","006","0604","0000","876","704","172","59","935","1564","0","59.78","45.01"
"10","008","00","006","0604","0302","419","336","83","27","446","783","0","56.96","42.91"
"10","008","00","006","0604","0303","457","368","89","32","489","781","0","62.61","47.12"
"10","008","00","006","0605","0000","521","390","131","53","574","1015","0","56.55","38.42"
"10","008","00","006","0605","0305","521","390","131","53","574","1015","0","56.55","38.42"
"10","008","00","006","0606","0000","532","429","103","21","553","977","0","56.6","43.91"
"10","008","00","006","0606","0304","532","429","103","21","553","977","0","56.6","43.91"
"10","008","00","006","0607","0000","2410","1928","482","127","2537","4234","0","59.92","45.54"
"10","008","00","006","0607","0306","531","421","110","31","562","914","0","61.49","46.06"
"10","008","00","006","0607","0307","582","464","118","14","596","1028","0","57.98","45.14"
"10","008","00","006","0607","0308","582","470","112","35","617","1018","0","60.61","46.17"
"10","008","00","006","0607","0309","715","573","142","47","762","1274","0","59.81","44.98"
"10","008","00","006","0608","0000","981","765","216","66","1047","1650","0","63.45","46.36"
"10","008","00","006","0608","0310","424","327","97","31","455","755","0","60.26","43.31"
"10","008","00","006","0608","0311","557","438","119","35","592","895","0","66.15","48.94"
"10","008","00","006","0609","0000","513","402","111","41","554","951","0","58.25","42.27"
"10","008","00","006","0609","0313","513","402","111","41","554","951","0","58.25","42.27"
"10","008","00","006","0610","0000","676","549","127","52","728","1261","0","57.73","43.54"
"10","008","00","006","0610","0314","676","549","127","52","728","1261","0","57.73","43.54"
"10","008","00","006","0611","0000","1043","825","218","78","1121","1829","0","61.29","45.11"
"10","008","00","006","0611","0316","537","417","120","48","585","962","0","60.81","43.35"
"10","008","00","006","0611","0317","506","408","98","30","536","867","0","61.82","47.06"
"10","008","00","006","0612","0000","512","356","156","56","568","930","0","61.08","38.28"
"10","008","00","006","0612","0318","512","356","156","56","568","930","0","61.08","38.28"
"10","008","00","006","0613","0000","415","310","105","28","443","768","0","57.68","40.36"
"10","008","00","006","0613","0315","415","310","105","28","443","768","0","57.68","40.36"
"10","008","00","006","0614","0000","509","384","125","48","557","931","0","59.83","41.25"
"10","008","00","006","0614","0321","509","384","125","48","557","931","0","59.83","41.25"
"10","008","00","006","0615","0000","614","507","107","59","673","1171","0","57.47","43.3"
"10","008","00","006","0615","0319","349","290","59","40","389","641","0","60.69","45.24"
"10","008","00","006","0615","0320","265","217","48","19","284","530","0","53.58","40.94"
"10","008","00","006","0616","0000","908","716","192","59","967","1570","0","61.59","45.61"
"10","008","00","006","0616","0322","633","498","135","38","671","1127","0","59.54","44.19"
"10","008","00","006","0616","0323","275","218","57","21","296","443","0","66.82","49.21"
"10","008","00","006","0617","0000","875","680","195","52","927","1491","0","62.17","45.61"
"10","008","00","006","0617","0324","500","405","95","34","534","870","0","61.38","46.55"
"10","008","00","006","0617","0325","375","275","100","18","393","621","0","63.29","44.28"
"10","008","00","006","0618","0000","609","464","145","35","644","1179","0","54.62","39.36"
"10","008","00","006","0618","0326","609","464","145","35","644","1179","0","54.62","39.36"
"10","008","00","006","0619","0000","556","446","110","40","596","876","0","68.04","50.91"
"10","008","00","006","0619","0328","556","446","110","40","596","876","0","68.04","50.91"
"10","008","00","006","0620","0000","525","403","122","37","562","881","0","63.79","45.74"
"10","008","00","006","0620","0327","525","403","122","37","562","881","0","63.79","45.74"
"10","008","00","006","0621","0000","438","353","85","38","476","783","0","60.79","45.08"
"10","008","00","006","0621","0329","438","353","85","38","476","783","0","60.79","45.08"
"10","008","00","006","0622","0000","895","430","465","70","965","1761","0","54.8","24.42"
"10","008","00","006","0622","0330","392","318","74","33","425","778","0","54.63","40.87"
"10","008","00","006","0622","0331","503","112","391","37","540","983","0","54.93","11.39"
"10","008","00","006","0623","0000","501","403","98","29","530","892","0","59.42","45.18"
"10","008","00","006","0623","0312","501","403","98","29","530","892","0","59.42","45.18"
"10","008","00","007","0000","0000","8110","6472","1638","500","8610","15941","17698","54.01","40.6"
"10","008","00","007","0701","0000","976","780","196","51","1027","1874","0","54.8","41.62"
"10","008","00","007","0701","0332","466","390","76","20","486","934","0","52.03","41.76"
"10","008","00","007","0701","0333","510","390","120","31","541","940","0","57.55","41.49"
"10","008","00","007","0702","0000","675","522","153","36","711","1430","0","49.72","36.5"
"10","008","00","007","0702","0348","351","267","84","21","372","713","0","52.17","37.45"
"10","008","00","007","0702","0349","324","255","69","15","339","717","0","47.28","35.56"
"10","008","00","007","0703","0000","638","471","167","34","672","1303","0","51.57","36.15"
"10","008","00","007","0703","0334","431","318","113","25","456","852","0","53.52","37.32"
"10","008","00","007","0703","0335","207","153","54","9","216","451","0","47.89","33.92"
"10","008","00","007","0704","0000","1137","982","155","72","1209","1952","0","61.94","50.31"
"10","008","00","007","0704","0336","466","462","4","31","497","810","0","61.36","57.04"
"10","008","00","007","0704","0337","671","520","151","41","712","1142","0","62.35","45.53"
"10","008","00","007","0705","0000","542","428","114","33","575","1045","0","55.02","40.96"
"10","008","00","007","0705","0342","275","216","59","21","296","578","0","51.21","37.37"
"10","008","00","007","0705","0343","267","212","55","12","279","467","0","59.74","45.4"
"10","008","00","007","0706","0000","763","625","138","55","818","1507","0","54.28","41.47"
"10","008","00","007","0706","0345","362","294","68","23","385","740","0","52.03","39.73"
"10","008","00","007","0706","0346","401","331","70","32","433","767","0","56.45","43.16"
"10","008","00","007","0707","0000","493","390","103","38","531","909","0","58.42","42.9"
"10","008","00","007","0707","0347","493","390","103","38","531","909","0","58.42","42.9"
"10","008","00","007","0708","0000","316","266","50","30","346","622","0","55.63","42.77"
"10","008","00","007","0708","0344","316","266","50","30","346","622","0","55.63","42.77"
"10","008","00","007","0709","0000","699","535","164","39","738","1392","0","53.02","38.43"
"10","008","00","007","0709","0340","436","330","106","24","460","811","0","56.72","40.69"
"10","008","00","007","0709","0341","263","205","58","15","278","581","0","47.85","35.28"
"10","008","00","007","0710","0000","840","673","167","48","888","1650","0","53.82","40.79"
"10","008","00","007","0710","0338","352","273","79","18","370","766","0","48.3","35.64"
"10","008","00","007","0710","0339","488","400","88","30","518","884","0","58.6","45.25"
"10","008","00","007","0711","0000","365","289","76","40","405","794","0","51.01","36.4"
"10","008","00","007","0711","0350","365","289","76","40","405","794","0","51.01","36.4"
"10","008","00","007","0712","0000","359","271","88","12","371","726","0","51.1","37.33"
"10","008","00","007","0712","0351","359","271","88","12","371","726","0","51.1","37.33"
"10","008","00","007","0713","0000","307","240","67","12","319","737","0","43.28","32.56"
"10","008","00","007","0713","0352","307","240","67","12","319","737","0","43.28","32.56"
"10","008","00","008","0000","0000","7170","5748","1422","495","7665","13181","14734","58.15","43.61"
"10","008","00","008","0801","0000","473","389","84","32","505","822","0","61.44","47.32"
"10","008","00","008","0801","0353","473","389","84","32","505","822","0","61.44","47.32"
"10","008","00","008","0802","0000","236","194","42","13","249","474","0","52.53","40.93"
"10","008","00","008","0802","0354","149","122","27","6","155","253","0","61.26","48.22"
"10","008","00","008","0802","0355","87","72","15","7","94","221","0","42.53","32.58"
"10","008","00","008","0803","0000","381","301","80","16","397","780","0","50.9","38.59"
"10","008","00","008","0803","0356","155","120","35","5","160","353","0","45.33","33.99"
"10","008","00","008","0803","0357","226","181","45","11","237","427","0","55.5","42.39"
"10","008","00","008","0804","0000","380","319","61","25","405","661","0","61.27","48.26"
"10","008","00","008","0804","0360","380","319","61","25","405","661","0","61.27","48.26"
"10","008","00","008","0805","0000","362","289","73","28","390","713","0","54.7","40.53"
"10","008","00","008","0805","0358","216","174","42","14","230","406","0","56.65","42.86"
"10","008","00","008","0805","0359","146","115","31","14","160","307","0","52.12","37.46"
"10","008","00","008","0806","0000","976","737","239","57","1033","1727","0","59.81","42.68"
"10","008","00","008","0806","0362","546","394","152","30","576","973","0","59.2","40.49"
"10","008","00","008","0806","0363","430","343","87","27","457","754","0","60.61","45.49"
"10","008","00","008","0807","0000","180","149","31","14","194","290","0","66.9","51.38"
"10","008","00","008","0807","0361","180","149","31","14","194","290","0","66.9","51.38"
"10","008","00","008","0808","0000","342","276","66","27","369","662","0","55.74","41.69"
"10","008","00","008","0808","0364","342","276","66","27","369","662","0","55.74","41.69"
"10","008","00","008","0809","0000","243","214","29","10","253","490","0","51.63","43.67"
"10","008","00","008","0809","0365","243","214","29","10","253","490","0","51.63","43.67"
"10","008","00","008","0810","0000","709","561","148","44","753","1325","0","56.83","42.34"
"10","008","00","008","0810","0366","160","130","30","17","177","335","0","52.84","38.81"
"10","008","00","008","0810","0367","549","431","118","27","576","990","0","58.18","43.54"
"10","008","00","008","0811","0000","646","521","125","33","679","1075","0","63.16","48.47"
"10","008","00","008","0811","0368","282","234","48","16","298","461","0","64.64","50.76"
"10","008","00","008","0811","0369","364","287","77","17","381","614","0","62.05","46.74"
"10","008","00","008","0812","0000","468","364","104","46","514","895","0","57.43","40.67"
"10","008","00","008","0812","0370","468","364","104","46","514","895","0","57.43","40.67"
"10","008","00","008","0813","0000","360","286","74","45","405","682","0","59.38","41.94"
"10","008","00","008","0813","0372","360","286","74","45","405","682","0","59.38","41.94"
"10","008","00","008","0814","0000","357","304","53","38","395","643","0","61.43","47.28"
"10","008","00","008","0814","0374","357","304","53","38","395","643","0","61.43","47.28"
"10","008","00","008","0815","0000","256","207","49","13","269","528","0","50.95","39.2"
"10","008","00","008","0815","0376","256","207","49","13","269","528","0","50.95","39.2"
"10","008","00","008","0816","0000","253","203","50","14","267","465","0","57.42","43.66"
"10","008","00","008","0816","0371","253","203","50","14","267","465","0","57.42","43.66"
"10","008","00","008","0817","0000","270","219","51","15","285","459","0","62.09","47.71"
"10","008","00","008","0817","0375","270","219","51","15","285","459","0","62.09","47.71"
"10","008","00","008","0818","0000","278","215","63","25","303","490","0","61.84","43.88"
"10","008","00","008","0818","0373","278","215","63","25","303","490","0","61.84","43.88"
"10","008","00","009","0000","0000","7137","5603","1534","479","7616","13958","15823","54.56","40.14"
"10","008","00","009","0901","0000","833","645","188","62","895","1580","0","56.65","40.82"
"10","008","00","009","0901","0379","362","281","81","25","387","720","0","53.75","39.03"
"10","008","00","009","0901","0380","471","364","107","37","508","860","0","59.07","42.33"
"10","008","00","009","0902","0000","1100","820","280","80","1180","2020","0","58.42","40.59"
"10","008","00","009","0902","0377","500","379","121","33","533","922","0","57.81","41.11"
"10","008","00","009","0902","0378","600","441","159","47","647","1098","0","58.93","40.16"
"10","008","00","009","0903","0000","466","361","105","31","497","1017","0","48.87","35.5"
"10","008","00","009","0903","0394","256","199","57","17","273","578","0","47.23","34.43"
"10","008","00","009","0903","0395","210","162","48","14","224","439","0","51.03","36.9"
"10","008","00","009","0904","0000","718","576","142","42","760","1386","0","54.83","41.56"
"10","008","00","009","0904","0387","423","342","81","14","437","841","0","51.96","40.67"
"10","008","00","009","0904","0388","155","120","35","15","170","270","0","62.96","44.44"
"10","008","00","009","0904","0389","140","114","26","13","153","275","0","55.64","41.45"
"10","008","00","009","0905","0000","518","410","108","34","552","1088","0","50.74","37.68"
"10","008","00","009","0905","0381","237","192","45","25","262","514","0","50.97","37.35"
"10","008","00","009","0905","0382","281","218","63","9","290","574","0","50.52","37.98"
"10","008","00","009","0906","0000","611","470","141","62","673","1249","0","53.88","37.63"
"10","008","00","009","0906","0383","611","470","141","62","673","1249","0","53.88","37.63"
"10","008","00","009","0907","0000","551","442","109","24","575","992","0","57.96","44.56"
"10","008","00","009","0907","0384","186","154","32","8","194","293","0","66.21","52.56"
"10","008","00","009","0907","0385","267","212","55","11","278","513","0","54.19","41.33"
"10","008","00","009","0907","0386","98","76","22","5","103","186","0","55.38","40.86"
"10","008","00","009","0908","0000","306","241","65","17","323","674","0","47.92","35.76"
"10","008","00","009","0908","0390","124","97","27","6","130","282","0","46.1","34.4"
"10","008","00","009","0908","0391","182","144","38","11","193","392","0","49.23","36.73"
"10","008","00","009","0909","0000","378","311","67","25","403","732","0","55.05","42.49"
"10","008","00","009","0909","0392","286","231","55","20","306","556","0","55.04","41.55"
"10","008","00","009","0909","0393","92","80","12","5","97","176","0","55.11","45.45"
"10","008","00","009","0910","0000","484","379","105","16","500","844","0","59.24","44.91"
"10","008","00","009","0910","0396","484","379","105","16","500","844","0","59.24","44.91"
"10","008","00","009","0911","0000","469","377","92","27","496","942","0","52.65","40.02"
"10","008","00","009","0911","0398","181","155","26","9","190","405","0","46.91","38.27"
"10","008","00","009","0911","0399","288","222","66","18","306","537","0","56.98","41.34"
"10","008","00","009","0912","0000","261","231","30","26","287","566","0","50.71","40.81"
"10","008","00","009","0912","0400","169","148","21","14","183","335","0","54.63","44.18"
"10","008","00","009","0912","0401","92","83","9","12","104","231","0","45.02","35.93"
"10","008","00","009","0913","0000","442","340","102","33","475","868","0","54.72","39.17"
"10","008","00","009","0913","0397","442","340","102","33","475","868","0","54.72","39.17"
"10","008","00","010","0000","0000","8843","7089","1754","554","9397","16597","18699","56.62","42.71"
"10","008","00","010","1001","0000","957","786","171","62","1019","1700","0","59.94","46.24"
"10","008","00","010","1001","0402","551","452","99","51","602","964","0","62.45","46.89"
"10","008","00","010","1001","0403","406","334","72","11","417","736","0","56.66","45.38"
"10","008","00","010","1002","0000","958","764","194","62","1020","1765","0","57.79","43.29"
"10","008","00","010","1002","0404","427","356","71","46","473","801","0","59.05","44.44"
"10","008","00","010","1002","0405","531","408","123","16","547","964","0","56.74","42.32"
"10","008","00","010","1003","0000","365","282","83","22","387","686","0","56.41","41.11"
"10","008","00","010","1003","0406","365","282","83","22","387","686","0","56.41","41.11"
"10","008","00","010","1004","0000","942","752","190","52","994","1880","0","52.87","40.0"
"10","008","00","010","1004","0411","545","435","110","29","574","1012","0","56.72","42.98"
"10","008","00","010","1004","0412","397","317","80","23","420","868","0","48.39","36.52"
"10","008","00","010","1005","0000","701","577","124","44","745","1391","0","53.56","41.48"
"10","008","00","010","1005","0407","342","276","66","20","362","661","0","54.77","41.75"
"10","008","00","010","1005","0408","359","301","58","24","383","730","0","52.47","41.23"
"10","008","00","010","1006","0000","406","321","85","15","421","706","0","59.63","45.47"
"10","008","00","010","1006","0410","406","321","85","15","421","706","0","59.63","45.47"
"10","008","00","010","1007","0000","1040","850","190","64","1104","1855","0","59.51","45.82"
"10","008","00","010","1007","0413","542","451","91","20","562","918","0","61.22","49.13"
"10","008","00","010","1007","0414","498","399","99","44","542","937","0","57.84","42.58"
"10","008","00","010","1008","0000","424","334","90","27","451","815","0","55.34","40.98"
"10","008","00","010","1008","0415","424","334","90","27","451","815","0","55.34","40.98"
"10","008","00","010","1009","0000","645","504","141","41","686","1134","0","60.49","44.44"
"10","008","00","010","1009","0416","645","504","141","41","686","1134","0","60.49","44.44"
"10","008","00","010","1010","0000","807","630","177","58","865","1543","0","56.06","40.83"
"10","008","00","010","1010","0418","586","454","132","42","628","1095","0","57.35","41.46"
"10","008","00","010","1010","0419","221","176","45","16","237","448","0","52.9","39.29"
"10","008","00","010","1011","0000","817","687","130","55","872","1634","0","53.37","42.04"
"10","008","00","010","1011","0420","535","453","82","38","573","1064","0","53.85","42.58"
"10","008","00","010","1011","0421","282","234","48","17","299","570","0","52.46","41.05"
"10","008","00","010","1012","0000","380","289","91","16","396","714","0","55.46","40.48"
"10","008","00","010","1012","0417","380","289","91","16","396","714","0","55.46","40.48"
"10","008","00","010","1013","0000","401","313","88","36","437","774","0","56.46","40.44"
"10","008","00","010","1013","0409","401","313","88","36","437","774","0","56.46","40.44"
"10","008","00","011","0000","0000","8187","6392","1795","478","8665","15458","17582","56.06","41.35"
"10","008","00","011","1101","0000","404","315","89","19","423","757","0","55.88","41.61"
"10","008","00","011","1101","0422","404","315","89","19","423","757","0","55.88","41.61"
"10","008","00","011","1102","0000","276","210","66","16","292","480","0","60.83","43.75"
"10","008","00","011","1102","0427","276","210","66","16","292","480","0","60.83","43.75"
"10","008","00","011","1103","0000","825","634","191","68","893","1553","0","57.5","40.82"
"10","008","00","011","1103","0423","284","224","60","30","314","554","0","56.68","40.43"
"10","008","00","011","1103","0424","541","410","131","38","579","999","0","57.96","41.04"
"10","008","00","011","1104","0000","332","268","64","11","343","616","0","55.68","43.51"
"10","008","00","011","1104","0425","332","268","64","11","343","616","0","55.68","43.51"
"10","008","00","011","1105","0000","509","405","104","19","528","875","0","60.34","46.29"
"10","008","00","011","1105","0426","509","405","104","19","528","875","0","60.34","46.29"
"10","008","00","011","1106","0000","569","442","127","22","591","1004","0","58.86","44.02"
"10","008","00","011","1106","0430","569","442","127","22","591","1004","0","58.86","44.02"
"10","008","00","011","1107","0000","607","476","131","32","639","998","0","64.03","47.7"
"10","008","00","011","1107","0433","607","476","131","32","639","998","0","64.03","47.7"
"10","008","00","011","1108","0000","753","594","159","58","811","1389","0","58.39","42.76"
"10","008","00","011","1108","0434","403","312","91","40","443","800","0","55.38","39.0"
"10","008","00","011","1108","0435","350","282","68","18","368","589","0","62.48","47.88"
"10","008","00","011","1109","0000","600","469","131","33","633","1217","0","52.01","38.54"
"10","008","00","011","1109","0437","600","469","131","33","633","1217","0","52.01","38.54"
"10","008","00","011","1110","0000","234","191","43","14","248","450","0","55.11","42.44"
"10","008","00","011","1110","0428","234","191","43","14","248","450","0","55.11","42.44"
"10","008","00","011","1111","0000","322","247","75","34","356","643","0","55.37","38.41"
"10","008","00","011","1111","0429","322","247","75","34","356","643","0","55.37","38.41"
"10","008","00","011","1112","0000","78","60","18","1","79","205","0","38.54","29.27"
"10","008","00","011","1112","0438","78","60","18","1","79","205","0","38.54","29.27"
"10","008","00","011","1113","0000","190","155","35","19","209","330","0","63.33","46.97"
"10","008","00","011","1113","0439","190","155","35","19","209","330","0","63.33","46.97"
"10","008","00","011","1114","0000","545","429","116","32","577","1100","0","52.45","39.0"
"10","008","00","011","1114","0440","545","429","116","32","577","1100","0","52.45","39.0"
"10","008","00","011","1115","0000","443","356","87","31","474","887","0","53.44","40.14"
"10","008","00","011","1115","0436","443","356","87","31","474","887","0","53.44","40.14"
"10","008","00","011","1116","0000","134","94","40","2","136","318","0","42.77","29.56"
"10","008","00","011","1116","0442","134","94","40","2","136","318","0","42.77","29.56"
"10","008","00","011","1117","0000","422","338","84","31","453","818","0","55.38","41.32"
"10","008","00","011","1117","0443","422","338","84","31","453","818","0","55.38","41.32"
"10","008","00","011","1118","0000","100","86","14","5","105","275","0","38.18","31.27"
"10","008","00","011","1118","0441","100","86","14","5","105","275","0","38.18","31.27"
"10","008","00","011","1119","0000","844","623","221","31","875","1543","0","56.71","40.38"
"10","008","00","011","1119","0431","385","307","78","17","402","741","0","54.25","41.43"
"10","008","00","011","1119","0432","459","316","143","14","473","802","0","58.98","39.4"
"10","008","00","012","0000","0000","8107","6891","1216","412","8519","13299","16281","64.06","51.82"
"10","008","00","012","1201","0000","725","627","98","48","773","1203","0","64.26","52.12"
"10","008","00","012","1201","0459","598","520","78","44","642","929","0","69.11","55.97"
"10","008","00","012","1201","0460","127","107","20","4","131","274","0","47.81","39.05"
"10","008","00","012","1202","0000","591","511","80","43","634","900","0","70.44","56.78"
"10","008","00","012","1202","0461","591","511","80","43","634","900","0","70.44","56.78"
"10","008","00","012","1203","0000","372","291","81","20","392","560","0","70.0","51.96"
"10","008","00","012","1203","0463","372","291","81","20","392","560","0","70.0","51.96"
"10","008","00","012","1204","0000","816","680","136","44","860","1530","0","56.21","44.44"
"10","008","00","012","1204","0444","649","530","119","34","683","1201","0","56.87","44.13"
"10","008","00","012","1204","0445","167","150","17","10","177","329","0","53.8","45.59"
"10","008","00","012","1205","0000","266","206","60","8","274","516","0","53.1","39.92"
"10","008","00","012","1205","0446","266","206","60","8","274","516","0","53.1","39.92"
"10","008","00","012","1206","0000","350","281","69","19","369","745","0","49.53","37.72"
"10","008","00","012","1206","0447","186","147","39","13","199","424","0","46.93","34.67"
"10","008","00","012","1206","0448","164","134","30","6","170","321","0","52.96","41.74"
"10","008","00","012","1207","0000","900","802","98","27","927","1376","0","67.37","58.28"
"10","008","00","012","1207","0451","900","802","98","27","927","1376","0","67.37","58.28"
"10","008","00","012","1208","0000","992","864","128","42","1034","1509","0","68.52","57.26"
"10","008","00","012","1208","0452","612","538","74","22","634","979","0","64.76","54.95"
"10","008","00","012","1208","0453","380","326","54","20","400","530","0","75.47","61.51"
"10","008","00","012","1209","0000","736","602","134","37","773","1425","0","54.25","42.25"
"10","008","00","012","1209","0454","491","394","97","25","516","961","0","53.69","41.0"
"10","008","00","012","1209","0455","245","208","37","12","257","464","0","55.39","44.83"
"10","008","00","012","1210","0000","373","299","74","24","397","666","0","59.61","44.89"
"10","008","00","012","1210","0456","287","231","56","20","307","517","0","59.38","44.68"
"10","008","00","012","1210","0457","86","68","18","4","90","149","0","60.4","45.64"
"10","008","00","012","1211","0000","735","651","84","29","764","1020","0","74.9","63.82"
"10","008","00","012","1211","0458","735","651","84","29","764","1020","0","74.9","63.82"
"10","008","00","012","1212","0000","419","360","59","32","451","617","0","73.1","58.35"
"10","008","00","012","1212","0462","419","360","59","32","451","617","0","73.1","58.35"
"10","008","00","012","1213","0000","417","365","52","22","439","584","0","75.17","62.5"
"10","008","00","012","1213","0450","417","365","52","22","439","584","0","75.17","62.5"
"10","008","00","012","1214","0000","415","352","63","17","432","648","0","66.67","54.32"
"10","008","00","012","1214","0449","415","352","63","17","432","648","0","66.67","54.32"
"10","008","00","013","0000","0000","6898","5702","1196","347","7245","12589","15954","57.55","45.29"
"10","008","00","013","1301","0000","356","293","63","9","365","763","0","47.84","38.4"
"10","008","00","013","1301","0484","356","293","63","9","365","763","0","47.84","38.4"
"10","008","00","013","1302","0000","542","485","57","32","574","889","0","64.57","54.56"
"10","008","00","013","1302","0485","542","485","57","32","574","889","0","64.57","54.56"
"10","008","00","013","1303","0000","678","553","125","33","711","1119","0","63.54","49.42"
"10","008","00","013","1303","0486","412","348","64","27","439","672","0","65.33","51.79"
"10","008","00","013","1303","0487","266","205","61","6","272","447","0","60.85","45.86"
"10","008","00","013","1304","0000","291","240","51","12","303","409","0","74.08","58.68"
"10","008","00","013","1304","0488","291","240","51","12","303","409","0","74.08","58.68"
"10","008","00","013","1305","0000","365","308","57","25","390","509","0","76.62","60.51"
"10","008","00","013","1305","0477","365","308","57","25","390","509","0","76.62","60.51"
"10","008","00","013","1306","0000","448","393","55","29","477","769","0","62.03","51.11"
"10","008","00","013","1306","0474","230","201","29","18","248","384","0","64.58","52.34"
"10","008","00","013","1306","0475","57","50","7","5","62","121","0","51.24","41.32"
"10","008","00","013","1306","0476","161","142","19","6","167","264","0","63.26","53.79"
"10","008","00","013","1307","0000","327","274","53","6","333","597","0","55.78","45.9"
"10","008","00","013","1307","0473","327","274","53","6","333","597","0","55.78","45.9"
"10","008","00","013","1308","0000","525","407","118","35","560","1151","0","48.65","35.36"
"10","008","00","013","1308","0480","267","205","62","26","293","613","0","47.8","33.44"
"10","008","00","013","1308","0481","182","139","43","8","190","404","0","47.03","34.41"
"10","008","00","013","1308","0482","76","63","13","1","77","134","0","57.46","47.01"
"10","008","00","013","1309","0000","875","683","192","41","916","1665","0","55.02","41.02"
"10","008","00","013","1309","0466","423","331","92","12","435","900","0","48.33","36.78"
"10","008","00","013","1309","0467","279","212","67","19","298","460","0","64.78","46.09"
"10","008","00","013","1309","0468","173","140","33","10","183","305","0","60.0","45.9"
"10","008","00","013","1310","0000","701","562","139","31","732","1269","0","57.68","44.29"
"10","008","00","013","1310","0464","560","452","108","22","582","973","0","59.82","46.45"
"10","008","00","013","1310","0465","141","110","31","9","150","296","0","50.68","37.16"
"10","008","00","013","1311","0000","444","376","68","13","457","952","0","48.0","39.5"
"10","008","00","013","1311","0470","444","376","68","13","457","952","0","48.0","39.5"
"10","008","00","013","1312","0000","323","277","46","6","329","679","0","48.45","40.8"
"10","008","00","013","1312","0471","323","277","46","6","329","679","0","48.45","40.8"
"10","008","00","013","1313","0000","382","313","69","31","413","630","0","65.56","49.68"
"10","008","00","013","1313","0483","382","313","69","31","413","630","0","65.56","49.68"
"10","008","00","013","1314","0000","17","15","2","3","20","58","0","34.48","25.86"
"10","008","00","013","1314","0469","17","15","2","3","20","58","0","34.48","25.86"
"10","008","00","013","1315","0000","283","238","45","13","296","507","0","58.38","46.94"
"10","008","00","013","1315","0478","195","166","29","12","207","338","0","61.24","49.11"
"10","008","00","013","1315","0479","88","72","16","1","89","169","0","52.66","42.6"
"10","008","00","013","1316","0000","341","285","56","28","369","623","0","59.23","45.75"
"10","008","00","013","1316","0472","341","285","56","28","369","623","0","59.23","45.75"
"10","009","00","000","0000","0000","286489","218210","68279","18949","305438","584480","687195","52.26","37.33"
"10","009","00","001","0000","0000","49784","37033","12751","2138","51922","89761","108487","57.84","41.26"
"10","009","00","001","0101","0000","825","627","198","41","866","1415","0","61.2","44.31"
"10","009","00","001","0101","0431","825","627","198","41","866","1415","0","61.2","44.31"
"10","009","00","001","0102","0000","657","495","162","25","682","1101","0","61.94","44.96"
"10","009","00","001","0102","0432","657","495","162","25","682","1101","0","61.94","44.96"
"10","009","00","001","0103","0000","341","231","110","13","354","644","0","54.97","35.87"
"10","009","00","001","0103","0411","341","231","110","13","354","644","0","54.97","35.87"
"10","009","00","001","0104","0000","329","235","94","21","350","617","0","56.73","38.09"
"10","009","00","001","0104","0412","329","235","94","21","350","617","0","56.73","38.09"
"10","009","00","001","0105","0000","478","333","145","24","502","764","0","65.71","43.59"
"10","009","00","001","0105","0413","478","333","145","24","502","764","0","65.71","43.59"
"10","009","00","001","0106","0000","469","350","119","22","491","784","0","62.63","44.64"
"10","009","00","001","0106","0414","469","350","119","22","491","784","0","62.63","44.64"
"10","009","00","001","0107","0000","422","314","108","27","449","760","0","59.08","41.32"
"10","009","00","001","0107","0415","422","314","108","27","449","760","0","59.08","41.32"
"10","009","00","001","0108","0000","2592","1941","651","113","2705","4634","0","58.37","41.89"
"10","009","00","001","0108","0422","845","631","214","21","866","1529","0","56.64","41.27"
"10","009","00","001","0108","0423","755","573","182","47","802","1335","0","60.07","42.92"
"10","009","00","001","0108","0424","992","737","255","45","1037","1770","0","58.59","41.64"
"10","009","00","001","0109","0000","1704","1272","432","48","1752","3236","0","54.14","39.31"
"10","009","00","001","0109","0433","900","663","237","26","926","1648","0","56.19","40.23"
"10","009","00","001","0109","0434","804","609","195","22","826","1588","0","52.02","38.35"
"10","009","00","001","0110","0000","1633","1241","392","68","1701","2765","0","61.52","44.88"
"10","009","00","001","0110","0427","687","525","162","33","720","1193","0","60.35","44.01"
"10","009","00","001","0110","0428","946","716","230","35","981","1572","0","62.4","45.55"
"10","009","00","001","0111","0000","1025","733","292","46","1071","1747","0","61.31","41.96"
"10","009","00","001","0111","0449","1025","733","292","46","1071","1747","0","61.31","41.96"
"10","009","00","001","0112","0000","1925","1403","522","69","1994","3513","0","56.76","39.94"
"10","009","00","001","0112","0444","600","421","179","20","620","1097","0","56.52","38.38"
"10","009","00","001","0112","0445","713","538","175","25","738","1262","0","58.48","42.63"
"10","009","00","001","0112","0446","612","444","168","24","636","1154","0","55.11","38.47"
"10","009","00","001","0113","0000","2368","1779","589","68","2436","4188","0","58.17","42.48"
"10","009","00","001","0113","0439","861","655","206","18","879","1421","0","61.86","46.09"
"10","009","00","001","0113","0440","713","529","184","18","731","1261","0","57.97","41.95"
"10","009","00","001","0113","0441","794","595","199","32","826","1506","0","54.85","39.51"
"10","009","00","001","0114","0000","1137","875","262","46","1183","2329","0","50.79","37.57"
"10","009","00","001","0114","0437","558","444","114","26","584","1187","0","49.2","37.41"
"10","009","00","001","0114","0438","579","431","148","20","599","1142","0","52.45","37.74"
"10","009","00","001","0115","0000","430","331","99","14","444","669","0","66.37","49.48"
"10","009","00","001","0115","0453","430","331","99","14","444","669","0","66.37","49.48"
"10","009","00","001","0116","0000","1190","907","283","53","1243","2202","0","56.45","41.19"
"10","009","00","001","0116","0454","404","309","95","31","435","752","0","57.85","41.09"
"10","009","00","001","0116","0455","786","598","188","22","808","1450","0","55.72","41.24"
"10","009","00","001","0117","0000","298","226","72","22","320","555","0","57.66","40.72"
"10","009","00","001","0117","0456","298","226","72","22","320","555","0","57.66","40.72"
"10","009","00","001","0118","0000","1355","1012","343","64","1419","2414","0","58.78","41.92"
"10","009","00","001","0118","0451","599","459","140","37","636","1112","0","57.19","41.28"
"10","009","00","001","0118","0452","756","553","203","27","783","1302","0","60.14","42.47"
"10","009","00","001","0119","0000","792","572","220","35","827","1418","0","58.32","40.34"
"10","009","00","001","0119","0450","792","572","220","35","827","1418","0","58.32","40.34"
"10","009","00","001","0120","0000","1298","968","330","39","1337","2397","0","55.78","40.38"
"10","009","00","001","0120","0457","744","538","206","29","773","1470","0","52.59","36.6"
"10","009","00","001","0120","0458","554","430","124","10","564","927","0","60.84","46.39"
"10","009","00","001","0121","0000","808","622","186","60","868","1748","0","49.66","35.58"
"10","009","00","001","0121","0466","808","622","186","60","868","1748","0","49.66","35.58"
"10","009","00","001","0122","0000","3009","2092","917","103","3112","5306","0","58.65","39.43"
"10","009","00","001","0122","0462","817","596","221","27","844","1412","0","59.77","42.21"
"10","009","00","001","0122","0463","810","593","217","31","841","1354","0","62.11","43.8"
"10","009","00","001","0122","0464","711","417","294","17","728","1267","0","57.46","32.91"
"10","009","00","001","0122","0465","671","486","185","28","699","1273","0","54.91","38.18"
"10","009","00","001","0123","0000","2880","2157","723","122","3002","5374","0","55.86","40.14"
"10","009","00","001","0123","0459","1076","777","299","33","1109","1893","0","58.58","41.05"
"10","009","00","001","0123","0460","942","715","227","46","988","1708","0","57.85","41.86"
"10","009","00","001","0123","0461","862","665","197","43","905","1773","0","51.04","37.51"
"10","009","00","001","0124","0000","1044","804","240","66","1110","1813","0","61.22","44.35"
"10","009","00","001","0124","0472","407","319","88","30","437","702","0","62.25","45.44"
"10","009","00","001","0124","0473","637","485","152","36","673","1111","0","60.58","43.65"
"10","009","00","001","0125","0000","547","433","114","20","567","1123","0","50.49","38.56"
"10","009","00","001","0125","0474","547","433","114","20","567","1123","0","50.49","38.56"
"10","009","00","001","0126","0000","2409","1869","540","129","2538","4406","0","57.6","42.42"
"10","009","00","001","0126","0467","678","540","138","56","734","1238","0","59.29","43.62"
"10","009","00","001","0126","0468","858","674","184","34","892","1648","0","54.13","40.9"
"10","009","00","001","0126","0469","873","655","218","39","912","1520","0","60.0","43.09"
"10","009","00","001","0127","0000","572","468","104","25","597","1087","0","54.92","43.05"
"10","009","00","001","0127","0470","572","468","104","25","597","1087","0","54.92","43.05"
"10","009","00","001","0128","0000","1058","809","249","57","1115","1904","0","58.56","42.49"
"10","009","00","001","0128","0471","1058","809","249","57","1115","1904","0","58.56","42.49"
"10","009","00","001","0129","0000","1650","1228","422","98","1748","3095","0","56.48","39.68"
"10","009","00","001","0129","0477","546","402","144","47","593","1023","0","57.97","39.3"
"10","009","00","001","0129","0478","1104","826","278","51","1155","2072","0","55.74","39.86"
"10","009","00","001","0130","0000","1522","1147","375","68","1590","2932","0","54.23","39.12"
"10","009","00","001","0130","0475","596","453","143","28","624","1146","0","54.45","39.53"
"10","009","00","001","0130","0476","926","694","232","40","966","1786","0","54.09","38.86"
"10","009","00","001","0131","0000","594","436","158","21","615","1128","0","54.52","38.65"
"10","009","00","001","0131","0479","594","436","158","21","615","1128","0","54.52","38.65"
"10","009","00","001","0132","0000","1434","1070","364","63","1497","2345","0","63.84","45.63"
"10","009","00","001","0132","0418","764","572","192","29","793","1255","0","63.19","45.58"
"10","009","00","001","0132","0419","670","498","172","34","704","1090","0","64.59","45.69"
"10","009","00","001","0133","0000","2051","1504","547","101","2152","3710","0","58.01","40.54"
"10","009","00","001","0133","0416","1095","794","301","51","1146","1881","0","60.93","42.21"
"10","009","00","001","0133","0417","956","710","246","50","1006","1829","0","55.0","38.82"
"10","009","00","001","0134","0000","1625","1135","490","45","1670","2814","0","59.35","40.33"
"10","009","00","001","0134","0435","807","544","263","22","829","1392","0","59.55","39.08"
"10","009","00","001","0134","0436","818","591","227","23","841","1422","0","59.14","41.56"
"10","009","00","001","0135","0000","1305","959","346","47","1352","2286","0","59.14","41.95"
"10","009","00","001","0135","0447","483","369","114","26","509","847","0","60.09","43.57"
"10","009","00","001","0135","0448","822","590","232","21","843","1439","0","58.58","41.0"
"10","009","00","001","0136","0000","1282","964","318","48","1330","2204","0","60.34","43.74"
"10","009","00","001","0136","0429","565","430","135","15","580","1009","0","57.48","42.62"
"10","009","00","001","0136","0430","717","534","183","33","750","1195","0","62.76","44.69"
"10","009","00","001","0137","0000","1881","1390","491","64","1945","3479","0","55.91","39.95"
"10","009","00","001","0137","0425","738","542","196","23","761","1308","0","58.18","41.44"
"10","009","00","001","0137","0426","1143","848","295","41","1184","2171","0","54.54","39.06"
"10","009","00","001","0138","0000","1521","1102","419","83","1604","2576","0","62.27","42.78"
"10","009","00","001","0138","0442","698","488","210","34","732","1214","0","60.3","40.2"
"10","009","00","001","0138","0443","823","614","209","49","872","1362","0","64.02","45.08"
"10","009","00","001","0139","0000","1324","999","325","60","1384","2279","0","60.73","43.84"
"10","009","00","001","0139","0420","646","483","163","29","675","1103","0","61.2","43.79"
"10","009","00","001","0139","0421","678","516","162","31","709","1176","0","60.29","43.88"
"10","009","00","002","0000","0000","20889","15902","4987","1103","21992","38138","44608","57.66","41.7"
"10","009","00","002","0201","0000","671","522","149","34","705","1166","0","60.46","44.77"
"10","009","00","002","0201","0498","671","522","149","34","705","1166","0","60.46","44.77"
"10","009","00","002","0202","0000","1273","955","318","44","1317","2110","0","62.42","45.26"
"10","009","00","002","0202","0499","690","519","171","22","712","1135","0","62.73","45.73"
"10","009","00","002","0202","0500","583","436","147","22","605","975","0","62.05","44.72"
"10","009","00","002","0203","0000","1211","919","292","50","1261","2228","0","56.6","41.25"
"10","009","00","002","0203","0503","724","545","179","26","750","1321","0","56.78","41.26"
"10","009","00","002","0203","0504","487","374","113","24","511","907","0","56.34","41.23"
"10","009","00","002","0204","0000","884","665","219","42","926","1473","0","62.86","45.15"
"10","009","00","002","0204","0505","884","665","219","42","926","1473","0","62.86","45.15"
"10","009","00","002","0205","0000","759","551","208","45","804","1277","0","62.96","43.15"
"10","009","00","002","0205","0506","759","551","208","45","804","1277","0","62.96","43.15"
"10","009","00","002","0206","0000","1482","1116","366","64","1546","2673","0","57.84","41.75"
"10","009","00","002","0206","0514","621","478","143","23","644","1042","0","61.8","45.87"
"10","009","00","002","0206","0515","861","638","223","41","902","1631","0","55.3","39.12"
"10","009","00","002","0207","0000","709","529","180","45","754","1333","0","56.56","39.68"
"10","009","00","002","0207","0507","709","529","180","45","754","1333","0","56.56","39.68"
"10","009","00","002","0208","0000","410","323","87","24","434","777","0","55.86","41.57"
"10","009","00","002","0208","0508","410","323","87","24","434","777","0","55.86","41.57"
"10","009","00","002","0209","0000","455","368","87","38","493","899","0","54.84","40.93"
"10","009","00","002","0209","0510","455","368","87","38","493","899","0","54.84","40.93"
"10","009","00","002","0210","0000","309","242","67","25","334","688","0","48.55","35.17"
"10","009","00","002","0210","0511","309","242","67","25","334","688","0","48.55","35.17"
"10","009","00","002","0211","0000","583","479","104","27","610","1147","0","53.18","41.76"
"10","009","00","002","0211","0512","583","479","104","27","610","1147","0","53.18","41.76"
"10","009","00","002","0212","0000","897","654","243","66","963","1709","0","56.35","38.27"
"10","009","00","002","0212","0513","897","654","243","66","963","1709","0","56.35","38.27"
"10","009","00","002","0213","0000","519","394","125","17","536","981","0","54.64","40.16"
"10","009","00","002","0213","0525","519","394","125","17","536","981","0","54.64","40.16"
"10","009","00","002","0214","0000","1400","1017","383","85","1485","2715","0","54.7","37.46"
"10","009","00","002","0214","0526","528","390","138","20","548","1129","0","48.54","34.54"
"10","009","00","002","0214","0527","872","627","245","65","937","1586","0","59.08","39.53"
"10","009","00","002","0215","0000","1232","967","265","54","1286","2227","0","57.75","43.42"
"10","009","00","002","0215","0528","729","565","164","38","767","1243","0","61.71","45.45"
"10","009","00","002","0215","0529","503","402","101","16","519","984","0","52.74","40.85"
"10","009","00","002","0216","0000","1862","1439","423","99","1961","3266","0","60.04","44.06"
"10","009","00","002","0216","0516","977","742","235","57","1034","1702","0","60.75","43.6"
"10","009","00","002","0216","0517","885","697","188","42","927","1564","0","59.27","44.57"
"10","009","00","002","0217","0000","438","352","86","11","449","897","0","50.06","39.24"
"10","009","00","002","0217","0520","438","352","86","11","449","897","0","50.06","39.24"
"10","009","00","002","0218","0000","423","317","106","26","449","803","0","55.92","39.48"
"10","009","00","002","0218","0521","423","317","106","26","449","803","0","55.92","39.48"
"10","009","00","002","0219","0000","470","376","94","36","506","866","0","58.43","43.42"
"10","009","00","002","0219","0522","470","376","94","36","506","866","0","58.43","43.42"
"10","009","00","002","0220","0000","834","641","193","58","892","1523","0","58.57","42.09"
"10","009","00","002","0220","0523","466","344","122","38","504","852","0","59.15","40.38"
"10","009","00","002","0220","0524","368","297","71","20","388","671","0","57.82","44.26"
"10","009","00","002","0221","0000","841","654","187","48","889","1507","0","58.99","43.4"
"10","009","00","002","0221","0530","841","654","187","48","889","1507","0","58.99","43.4"
"10","009","00","002","0222","0000","453","340","113","29","482","877","0","54.96","38.77"
"10","009","00","002","0222","0509","453","340","113","29","482","877","0","54.96","38.77"
"10","009","00","002","0223","0000","1597","1166","431","79","1676","2810","0","59.64","41.49"
"10","009","00","002","0223","0501","843","618","225","34","877","1459","0","60.11","42.36"
"10","009","00","002","0223","0502","754","548","206","45","799","1351","0","59.14","40.56"
"10","009","00","002","0224","0000","1177","916","261","57","1234","2186","0","56.45","41.9"
"10","009","00","002","0224","0518","415","340","75","26","441","910","0","48.46","37.36"
"10","009","00","002","0224","0519","762","576","186","31","793","1276","0","62.15","45.14"
"10","009","00","003","0000","0000","29862","22353","7509","1476","31338","58167","70892","53.88","38.43"
"10","009","00","003","0301","0000","541","393","148","33","574","941","0","61.0","41.76"
"10","009","00","003","0301","0117","541","393","148","33","574","941","0","61.0","41.76"
"10","009","00","003","0302","0000","839","636","203","44","883","1675","0","52.72","37.97"
"10","009","00","003","0302","0111","426","328","98","19","445","785","0","56.69","41.78"
"10","009","00","003","0302","0112","413","308","105","25","438","890","0","49.21","34.61"
"10","009","00","003","0303","0000","1430","1070","360","59","1489","2605","0","57.16","41.07"
"10","009","00","003","0303","0109","711","556","155","33","744","1347","0","55.23","41.28"
"10","009","00","003","0303","0110","719","514","205","26","745","1258","0","59.22","40.86"
"10","009","00","003","0304","0000","1656","1230","426","76","1732","2844","0","60.9","43.25"
"10","009","00","003","0304","0113","808","610","198","49","857","1413","0","60.65","43.17"
"10","009","00","003","0304","0114","848","620","228","27","875","1431","0","61.15","43.33"
"10","009","00","003","0305","0000","1269","964","305","52","1321","2549","0","51.82","37.82"
"10","009","00","003","0305","0115","628","485","143","31","659","1224","0","53.84","39.62"
"10","009","00","003","0305","0116","641","479","162","21","662","1325","0","49.96","36.15"
"10","009","00","003","0306","0000","1704","1252","452","52","1756","3254","0","53.96","38.48"
"10","009","00","003","0306","0118","867","648","219","20","887","1613","0","54.99","40.17"
"10","009","00","003","0306","0119","837","604","233","32","869","1641","0","52.96","36.81"
"10","009","00","003","0307","0000","845","655","190","37","882","1438","0","61.34","45.55"
"10","009","00","003","0307","0123","845","655","190","37","882","1438","0","61.34","45.55"
"10","009","00","003","0308","0000","2528","1906","622","72","2600","4295","0","60.54","44.38"
"10","009","00","003","0308","0124","772","584","188","21","793","1361","0","58.27","42.91"
"10","009","00","003","0308","0125","842","639","203","28","870","1444","0","60.25","44.25"
"10","009","00","003","0308","0126","914","683","231","23","937","1490","0","62.89","45.84"
"10","009","00","003","0309","0000","1280","900","380","47","1327","2274","0","58.36","39.58"
"10","009","00","003","0309","0127","808","564","244","29","837","1307","0","64.04","43.15"
"10","009","00","003","0309","0128","472","336","136","18","490","967","0","50.67","34.75"
"10","009","00","003","0310","0000","2013","1494","519","54","2067","3745","0","55.19","39.89"
"10","009","00","003","0310","0129","985","745","240","29","1014","1865","0","54.37","39.95"
"10","009","00","003","0310","0130","1028","749","279","25","1053","1880","0","56.01","39.84"
"10","009","00","003","0311","0000","1059","812","247","41","1100","2000","0","55.0","40.6"
"10","009","00","003","0311","0131","559","443","116","25","584","1099","0","53.14","40.31"
"10","009","00","003","0311","0132","500","369","131","16","516","901","0","57.27","40.95"
"10","009","00","003","0312","0000","586","430","156","26","612","1120","0","54.64","38.39"
"10","009","00","003","0312","0133","586","430","156","26","612","1120","0","54.64","38.39"
"10","009","00","003","0313","0000","587","454","133","53","640","1272","0","50.31","35.69"
"10","009","00","003","0313","0154","587","454","133","53","640","1272","0","50.31","35.69"
"10","009","00","003","0314","0000","392","306","86","23","415","851","0","48.77","35.96"
"10","009","00","003","0314","0153","392","306","86","23","415","851","0","48.77","35.96"
"10","009","00","003","0315","0000","646","463","183","74","720","1549","0","46.48","29.89"
"10","009","00","003","0315","0152","646","463","183","74","720","1549","0","46.48","29.89"
"10","009","00","003","0316","0000","664","499","165","45","709","1509","0","46.98","33.07"
"10","009","00","003","0316","0150","664","499","165","45","709","1509","0","46.98","33.07"
"10","009","00","003","0317","0000","316","216","100","49","365","855","0","42.69","25.26"
"10","009","00","003","0317","0151","316","216","100","49","365","855","0","42.69","25.26"
"10","009","00","003","0318","0000","1357","1018","339","59","1416","2668","0","53.07","38.16"
"10","009","00","003","0318","0135","737","552","185","38","775","1420","0","54.58","38.87"
"10","009","00","003","0318","0136","620","466","154","21","641","1248","0","51.36","37.34"
"10","009","00","003","0319","0000","416","329","87","24","440","799","0","55.07","41.18"
"10","009","00","003","0319","0137","416","329","87","24","440","799","0","55.07","41.18"
"10","009","00","003","0320","0000","836","615","221","67","903","1760","0","51.31","34.94"
"10","009","00","003","0320","0138","410","314","96","37","447","836","0","53.47","37.56"
"10","009","00","003","0320","0139","426","301","125","30","456","924","0","49.35","32.58"
"10","009","00","003","0321","0000","713","555","158","19","732","1648","0","44.42","33.68"
"10","009","00","003","0321","0140","713","555","158","19","732","1648","0","44.42","33.68"
"10","009","00","003","0322","0000","1452","1074","378","116","1568","3162","0","49.59","33.97"
"10","009","00","003","0322","0141","709","536","173","70","779","1616","0","48.21","33.17"
"10","009","00","003","0322","0142","743","538","205","46","789","1546","0","51.03","34.8"
"10","009","00","003","0323","0000","1199","951","248","57","1256","2361","0","53.2","40.28"
"10","009","00","003","0323","0143","638","502","136","34","672","1283","0","52.38","39.13"
"10","009","00","003","0323","0144","561","449","112","23","584","1078","0","54.17","41.65"
"10","009","00","003","0324","0000","1220","917","303","65","1285","2597","0","49.48","35.31"
"10","009","00","003","0324","0145","620","473","147","32","652","1313","0","49.66","36.02"
"10","009","00","003","0324","0146","600","444","156","33","633","1284","0","49.3","34.58"
"10","009","00","003","0325","0000","676","533","143","52","728","1356","0","53.69","39.31"
"10","009","00","003","0325","0147","676","533","143","52","728","1356","0","53.69","39.31"
"10","009","00","003","0326","0000","754","567","187","57","811","1504","0","53.92","37.7"
"10","009","00","003","0326","0148","754","567","187","57","811","1504","0","53.92","37.7"
"10","009","00","003","0327","0000","247","180","67","8","255","545","0","46.79","33.03"
"10","009","00","003","0327","0134","247","180","67","8","255","545","0","46.79","33.03"
"10","009","00","003","0328","0000","2107","1534","573","92","2199","3767","0","58.38","40.72"
"10","009","00","003","0328","0120","684","510","174","27","711","1200","0","59.25","42.5"
"10","009","00","003","0328","0121","722","517","205","38","760","1294","0","58.73","39.95"
"10","009","00","003","0328","0122","701","507","194","27","728","1273","0","57.19","39.83"
"10","009","00","003","0329","0000","530","400","130","23","553","1224","0","45.18","32.68"
"10","009","00","003","0329","0149","530","400","130","23","553","1224","0","45.18","32.68"
"10","009","00","004","0000","0000","19261","14136","5125","1296","20557","38142","46135","53.9","37.06"
"10","009","00","004","0401","0000","818","253","565","54","872","1590","0","54.84","15.91"
"10","009","00","004","0401","0340","818","253","565","54","872","1590","0","54.84","15.91"
"10","009","00","004","0402","0000","912","664","248","50","962","1741","0","55.26","38.14"
"10","009","00","004","0402","0341","912","664","248","50","962","1741","0","55.26","38.14"
"10","009","00","004","0403","0000","1274","966","308","83","1357","2120","0","64.01","45.57"
"10","009","00","004","0403","0342","668","509","159","37","705","1080","0","65.28","47.13"
"10","009","00","004","0403","0343","606","457","149","46","652","1040","0","62.69","43.94"
"10","009","00","004","0404","0000","1619","1246","373","63","1682","2971","0","56.61","41.94"
"10","009","00","004","0404","0344","753","577","176","30","783","1346","0","58.17","42.87"
"10","009","00","004","0404","0345","866","669","197","33","899","1625","0","55.32","41.17"
"10","009","00","004","0405","0000","221","169","52","13","234","354","0","66.1","47.74"
"10","009","00","004","0405","0346","221","169","52","13","234","354","0","66.1","47.74"
"10","009","00","004","0406","0000","305","236","69","15","320","580","0","55.17","40.69"
"10","009","00","004","0406","0347","305","236","69","15","320","580","0","55.17","40.69"
"10","009","00","004","0407","0000","351","254","97","23","374","591","0","63.28","42.98"
"10","009","00","004","0407","0348","351","254","97","23","374","591","0","63.28","42.98"
"10","009","00","004","0408","0000","582","437","145","39","621","1050","0","59.14","41.62"
"10","009","00","004","0408","0349","582","437","145","39","621","1050","0","59.14","41.62"
"10","009","00","004","0409","0000","1472","1094","378","108","1580","2749","0","57.48","39.8"
"10","009","00","004","0409","0350","657","488","169","63","720","1147","0","62.77","42.55"
"10","009","00","004","0409","0351","815","606","209","45","860","1602","0","53.68","37.83"
"10","009","00","004","0410","0000","2224","1682","542","115","2339","4335","0","53.96","38.8"
"10","009","00","004","0410","0352","744","560","184","32","776","1452","0","53.44","38.57"
"10","009","00","004","0410","0353","827","615","212","62","889","1578","0","56.34","38.97"
"10","009","00","004","0410","0354","653","507","146","21","674","1305","0","51.65","38.85"
"10","009","00","004","0411","0000","620","466","154","35","655","1327","0","49.36","35.12"
"10","009","00","004","0411","0355","620","466","154","35","655","1327","0","49.36","35.12"
"10","009","00","004","0412","0000","763","573","190","40","803","1516","0","52.97","37.8"
"10","009","00","004","0412","0356","763","573","190","40","803","1516","0","52.97","37.8"
"10","009","00","004","0413","0000","501","384","117","46","547","983","0","55.65","39.06"
"10","009","00","004","0413","0369","501","384","117","46","547","983","0","55.65","39.06"
"10","009","00","004","0414","0000","526","403","123","28","554","1014","0","54.64","39.74"
"10","009","00","004","0414","0370","526","403","123","28","554","1014","0","54.64","39.74"
"10","009","00","004","0415","0000","866","638","228","61","927","1805","0","51.36","35.35"
"10","009","00","004","0415","0371","445","319","126","32","477","939","0","50.8","33.97"
"10","009","00","004","0415","0372","421","319","102","29","450","866","0","51.96","36.84"
"10","009","00","004","0416","0000","679","514","165","52","731","1486","0","49.19","34.59"
"10","009","00","004","0416","0373","679","514","165","52","731","1486","0","49.19","34.59"
"10","009","00","004","0417","0000","684","533","151","39","723","1616","0","44.74","32.98"
"10","009","00","004","0417","0357","360","275","85","19","379","828","0","45.77","33.21"
"10","009","00","004","0417","0358","324","258","66","20","344","788","0","43.65","32.74"
"10","009","00","004","0418","0000","411","296","115","51","462","863","0","53.53","34.3"
"10","009","00","004","0418","0359","411","296","115","51","462","863","0","53.53","34.3"
"10","009","00","004","0419","0000","479","352","127","43","522","984","0","53.05","35.77"
"10","009","00","004","0419","0360","479","352","127","43","522","984","0","53.05","35.77"
"10","009","00","004","0420","0000","424","317","107","45","469","870","0","53.91","36.44"
"10","009","00","004","0420","0362","424","317","107","45","469","870","0","53.91","36.44"
"10","009","00","004","0421","0000","744","559","185","76","820","1514","0","54.16","36.92"
"10","009","00","004","0421","0361","744","559","185","76","820","1514","0","54.16","36.92"
"10","009","00","004","0422","0000","479","351","128","43","522","971","0","53.76","36.15"
"10","009","00","004","0422","0363","479","351","128","43","522","971","0","53.76","36.15"
"10","009","00","004","0423","0000","413","333","80","35","448","823","0","54.43","40.46"
"10","009","00","004","0423","0366","413","333","80","35","448","823","0","54.43","40.46"
"10","009","00","004","0424","0000","333","242","91","26","359","726","0","49.45","33.33"
"10","009","00","004","0424","0365","333","242","91","26","359","726","0","49.45","33.33"
"10","009","00","004","0425","0000","571","426","145","42","613","1304","0","47.01","32.67"
"10","009","00","004","0425","0364","571","426","145","42","613","1304","0","47.01","32.67"
"10","009","00","004","0426","0000","360","278","82","14","374","886","0","42.21","31.38"
"10","009","00","004","0426","0367","360","278","82","14","374","886","0","42.21","31.38"
"10","009","00","004","0427","0000","630","470","160","57","687","1373","0","50.04","34.23"
"10","009","00","004","0427","0368","630","470","160","57","687","1373","0","50.04","34.23"
"10","009","00","005","0000","0000","12023","9140","2883","949","12972","24412","28827","53.14","37.44"
"10","009","00","005","0501","0000","476","355","121","39","515","809","0","63.66","43.88"
"10","009","00","005","0501","0080","476","355","121","39","515","809","0","63.66","43.88"
"10","009","00","005","0502","0000","506","381","125","39","545","896","0","60.83","42.52"
"10","009","00","005","0502","0081","506","381","125","39","545","896","0","60.83","42.52"
"10","009","00","005","0503","0000","828","619","209","53","881","1389","0","63.43","44.56"
"10","009","00","005","0503","0082","372","271","101","34","406","687","0","59.1","39.45"
"10","009","00","005","0503","0083","456","348","108","19","475","702","0","67.66","49.57"
"10","009","00","005","0504","0000","626","481","145","17","643","1032","0","62.31","46.61"
"10","009","00","005","0504","0084","626","481","145","17","643","1032","0","62.31","46.61"
"10","009","00","005","0505","0000","523","405","118","79","602","1124","0","53.56","36.03"
"10","009","00","005","0505","0085","329","248","81","44","373","697","0","53.52","35.58"
"10","009","00","005","0505","0086","194","157","37","35","229","427","0","53.63","36.77"
"10","009","00","005","0506","0000","690","492","198","39","729","1430","0","50.98","34.41"
"10","009","00","005","0506","0089","284","198","86","8","292","634","0","46.06","31.23"
"10","009","00","005","0506","0090","406","294","112","31","437","796","0","54.9","36.93"
"10","009","00","005","0507","0000","588","439","149","44","632","1321","0","47.84","33.23"
"10","009","00","005","0507","0091","318","237","81","26","344","745","0","46.17","31.81"
"10","009","00","005","0507","0092","270","202","68","18","288","576","0","50.0","35.07"
"10","009","00","005","0508","0000","532","407","125","63","595","1277","0","46.59","31.87"
"10","009","00","005","0508","0093","309","252","57","48","357","743","0","48.05","33.92"
"10","009","00","005","0508","0094","223","155","68","15","238","534","0","44.57","29.03"
"10","009","00","005","0509","0000","435","347","88","36","471","843","0","55.87","41.16"
"10","009","00","005","0509","0099","435","347","88","36","471","843","0","55.87","41.16"
"10","009","00","005","0510","0000","1531","1178","353","55","1586","2734","0","58.01","43.09"
"10","009","00","005","0510","0087","800","621","179","43","843","1451","0","58.1","42.8"
"10","009","00","005","0510","0088","731","557","174","12","743","1283","0","57.91","43.41"
"10","009","00","005","0511","0000","883","692","191","89","972","1864","0","52.15","37.12"
"10","009","00","005","0511","0100","443","350","93","51","494","916","0","53.93","38.21"
"10","009","00","005","0511","0101","440","342","98","38","478","948","0","50.42","36.08"
"10","009","00","005","0512","0000","919","718","201","58","977","1774","0","55.07","40.47"
"10","009","00","005","0512","0102","477","371","106","18","495","914","0","54.16","40.59"
"10","009","00","005","0512","0103","442","347","95","40","482","860","0","56.05","40.35"
"10","009","00","005","0513","0000","355","277","78","33","388","896","0","43.3","30.92"
"10","009","00","005","0513","0106","355","277","78","33","388","896","0","43.3","30.92"
"10","009","00","005","0514","0000","835","616","219","68","903","1804","0","50.06","34.15"
"10","009","00","005","0514","0104","442","320","122","36","478","929","0","51.45","34.45"
"10","009","00","005","0514","0105","393","296","97","32","425","875","0","48.57","33.83"
"10","009","00","005","0515","0000","983","729","254","117","1100","2276","0","48.33","32.03"
"10","009","00","005","0515","0095","492","362","130","61","553","1199","0","46.12","30.19"
"10","009","00","005","0515","0096","491","367","124","56","547","1077","0","50.79","34.08"
"10","009","00","005","0516","0000","700","549","151","54","754","1503","0","50.17","36.53"
"10","009","00","005","0516","0097","357","277","80","27","384","819","0","46.89","33.82"
"10","009","00","005","0516","0098","343","272","71","27","370","684","0","54.09","39.77"
"10","009","00","005","0517","0000","613","455","158","66","679","1440","0","47.15","31.6"
"10","009","00","005","0517","0107","315","234","81","33","348","757","0","45.97","30.91"
"10","009","00","005","0517","0108","298","221","77","33","331","683","0","48.46","32.36"
"10","009","00","006","0000","0000","17513","13375","4138","1149","18662","33958","39975","54.96","39.39"
"10","009","00","006","0601","0000","388","306","82","39","427","724","0","58.98","42.27"
"10","009","00","006","0601","0256","388","306","82","39","427","724","0","58.98","42.27"
"10","009","00","006","0602","0000","411","296","115","41","452","688","0","65.7","43.02"
"10","009","00","006","0602","0257","411","296","115","41","452","688","0","65.7","43.02"
"10","009","00","006","0603","0000","249","204","45","18","267","452","0","59.07","45.13"
"10","009","00","006","0603","0258","249","204","45","18","267","452","0","59.07","45.13"
"10","009","00","006","0604","0000","476","362","114","35","511","866","0","59.01","41.8"
"10","009","00","006","0604","0259","476","362","114","35","511","866","0","59.01","41.8"
"10","009","00","006","0605","0000","173","130","43","6","179","336","0","53.27","38.69"
"10","009","00","006","0605","0260","173","130","43","6","179","336","0","53.27","38.69"
"10","009","00","006","0606","0000","203","169","34","13","216","395","0","54.68","42.78"
"10","009","00","006","0606","0261","203","169","34","13","216","395","0","54.68","42.78"
"10","009","00","006","0607","0000","222","185","37","17","239","376","0","63.56","49.2"
"10","009","00","006","0607","0262","222","185","37","17","239","376","0","63.56","49.2"
"10","009","00","006","0608","0000","522","388","134","23","545","950","0","57.37","40.84"
"10","009","00","006","0608","0263","522","388","134","23","545","950","0","57.37","40.84"
"10","009","00","006","0609","0000","308","243","65","24","332","512","0","64.84","47.46"
"10","009","00","006","0609","0264","308","243","65","24","332","512","0","64.84","47.46"
"10","009","00","006","0610","0000","176","136","40","25","201","324","0","62.04","41.98"
"10","009","00","006","0610","0265","176","136","40","25","201","324","0","62.04","41.98"
"10","009","00","006","0611","0000","278","220","58","23","301","546","0","55.13","40.29"
"10","009","00","006","0611","0266","278","220","58","23","301","546","0","55.13","40.29"
"10","009","00","006","0612","0000","642","507","135","60","702","1184","0","59.29","42.82"
"10","009","00","006","0612","0267","255","200","55","15","270","433","0","62.36","46.19"
"10","009","00","006","0612","0268","387","307","80","45","432","751","0","57.52","40.88"
"10","009","00","006","0613","0000","261","218","43","12","273","442","0","61.76","49.32"
"10","009","00","006","0613","0269","261","218","43","12","273","442","0","61.76","49.32"
"10","009","00","006","0614","0000","2667","2023","644","154","2821","4912","0","57.43","41.18"
"10","009","00","006","0614","0270","630","471","159","39","669","1151","0","58.12","40.92"
"10","009","00","006","0614","0271","686","515","171","31","717","1224","0","58.58","42.08"
"10","009","00","006","0614","0272","647","508","139","35","682","1211","0","56.32","41.95"
"10","009","00","006","0614","0273","704","529","175","49","753","1326","0","56.79","39.89"
"10","009","00","006","0615","0000","1048","793","255","61","1109","1721","0","64.44","46.08"
"10","009","00","006","0615","0274","460","349","111","22","482","744","0","64.78","46.91"
"10","009","00","006","0615","0275","588","444","144","39","627","977","0","64.18","45.45"
"10","009","00","006","0616","0000","3397","2482","915","178","3575","6230","0","57.38","39.84"
"10","009","00","006","0616","0278","762","561","201","28","790","1364","0","57.92","41.13"
"10","009","00","006","0616","0279","619","442","177","42","661","1123","0","58.86","39.36"
"10","009","00","006","0616","0280","790","578","212","34","824","1451","0","56.79","39.83"
"10","009","00","006","0616","0281","661","485","176","35","696","1162","0","59.9","41.74"
"10","009","00","006","0616","0282","565","416","149","39","604","1130","0","53.45","36.81"
"10","009","00","006","0617","0000","574","449","125","31","605","1149","0","52.65","39.08"
"10","009","00","006","0617","0283","574","449","125","31","605","1149","0","52.65","39.08"
"10","009","00","006","0618","0000","341","270","71","16","357","809","0","44.13","33.37"
"10","009","00","006","0618","0287","341","270","71","16","357","809","0","44.13","33.37"
"10","009","00","006","0619","0000","610","488","122","44","654","1397","0","46.81","34.93"
"10","009","00","006","0619","0288","610","488","122","44","654","1397","0","46.81","34.93"
"10","009","00","006","0620","0000","480","375","105","46","526","1145","0","45.94","32.75"
"10","009","00","006","0620","0289","480","375","105","46","526","1145","0","45.94","32.75"
"10","009","00","006","0621","0000","505","374","131","26","531","966","0","54.97","38.72"
"10","009","00","006","0621","0284","225","172","53","14","239","533","0","44.84","32.27"
"10","009","00","006","0621","0285","280","202","78","12","292","433","0","67.44","46.65"
"10","009","00","006","0622","0000","271","218","53","46","317","828","0","38.29","26.33"
"10","009","00","006","0622","0290","271","218","53","46","317","828","0","38.29","26.33"
"10","009","00","006","0623","0000","221","182","39","8","229","557","0","41.11","32.68"
"10","009","00","006","0623","0291","221","182","39","8","229","557","0","41.11","32.68"
"10","009","00","006","0624","0000","742","554","188","55","797","1637","0","48.69","33.84"
"10","009","00","006","0624","0292","481","353","128","29","510","1060","0","48.11","33.3"
"10","009","00","006","0624","0293","261","201","60","26","287","577","0","49.74","34.84"
"10","009","00","006","0625","0000","1494","1132","362","82","1576","2981","0","52.87","37.97"
"10","009","00","006","0625","0294","376","281","95","37","413","931","0","44.36","30.18"
"10","009","00","006","0625","0295","526","404","122","30","556","1018","0","54.62","39.69"
"10","009","00","006","0625","0296","592","447","145","15","607","1032","0","58.82","43.31"
"10","009","00","006","0626","0000","486","369","117","50","536","960","0","55.83","38.44"
"10","009","00","006","0626","0276","486","369","117","50","536","960","0","55.83","38.44"
"10","009","00","006","0627","0000","186","149","37","8","194","494","0","39.27","30.16"
"10","009","00","006","0627","0277","186","149","37","8","194","494","0","39.27","30.16"
"10","009","00","006","0628","0000","182","153","29","8","190","377","0","50.4","40.58"
"10","009","00","006","0628","0286","182","153","29","8","190","377","0","50.4","40.58"
"10","009","00","007","0000","0000","13690","10581","3109","984","14674","27477","31464","53.4","38.51"
"10","009","00","007","0701","0000","617","464","153","38","655","1255","0","52.19","36.97"
"10","009","00","007","0701","0539","617","464","153","38","655","1255","0","52.19","36.97"
"10","009","00","007","0702","0000","617","444","173","36","653","1078","0","60.58","41.19"
"10","009","00","007","0702","0540","617","444","173","36","653","1078","0","60.58","41.19"
"10","009","00","007","0703","0000","619","498","121","64","683","1169","0","58.43","42.6"
"10","009","00","007","0703","0538","619","498","121","64","683","1169","0","58.43","42.6"
"10","009","00","007","0704","0000","698","667","31","56","754","1426","0","52.88","46.77"
"10","009","00","007","0704","0536","592","579","13","53","645","1122","0","57.49","51.6"
"10","009","00","007","0704","0537","106","88","18","3","109","304","0","35.86","28.95"
"10","009","00","007","0705","0000","1541","1197","344","80","1621","3074","0","52.73","38.94"
"10","009","00","007","0705","0534","681","533","148","41","722","1302","0","55.45","40.94"
"10","009","00","007","0705","0535","860","664","196","39","899","1772","0","50.73","37.47"
"10","009","00","007","0706","0000","757","523","234","57","814","1517","0","53.66","34.48"
"10","009","00","007","0706","0533","757","523","234","57","814","1517","0","53.66","34.48"
"10","009","00","007","0707","0000","1070","799","271","83","1153","2120","0","54.39","37.69"
"10","009","00","007","0707","0531","586","448","138","38","624","1126","0","55.42","39.79"
"10","009","00","007","0707","0532","484","351","133","45","529","994","0","53.22","35.31"
"10","009","00","007","0708","0000","289","239","50","12","301","734","0","41.01","32.56"
"10","009","00","007","0708","0554","289","239","50","12","301","734","0","41.01","32.56"
"10","009","00","007","0709","0000","126","93","33","4","130","285","0","45.61","32.63"
"10","009","00","007","0709","0553","126","93","33","4","130","285","0","45.61","32.63"
"10","009","00","007","0710","0000","1074","834","240","91","1165","2138","0","54.49","39.01"
"10","009","00","007","0710","0547","467","357","110","44","511","998","0","51.2","35.77"
"10","009","00","007","0710","0548","607","477","130","47","654","1140","0","57.37","41.84"
"10","009","00","007","0711","0000","589","444","145","47","636","1150","0","55.3","38.61"
"10","009","00","007","0711","0555","589","444","145","47","636","1150","0","55.3","38.61"
"10","009","00","007","0712","0000","538","426","112","79","617","1233","0","50.04","34.55"
"10","009","00","007","0712","0552","538","426","112","79","617","1233","0","50.04","34.55"
"10","009","00","007","0713","0000","235","194","41","17","252","453","0","55.63","42.83"
"10","009","00","007","0713","0556","235","194","41","17","252","453","0","55.63","42.83"
"10","009","00","007","0714","0000","260","215","45","18","278","571","0","48.69","37.65"
"10","009","00","007","0714","0557","260","215","45","18","278","571","0","48.69","37.65"
"10","009","00","007","0715","0000","1059","819","240","55","1114","2058","0","54.13","39.8"
"10","009","00","007","0715","0549","569","435","134","34","603","1102","0","54.72","39.47"
"10","009","00","007","0715","0550","490","384","106","21","511","956","0","53.45","40.17"
"10","009","00","007","0716","0000","363","209","154","24","387","695","0","55.68","30.07"
"10","009","00","007","0716","0551","363","209","154","24","387","695","0","55.68","30.07"
"10","009","00","007","0717","0000","1062","802","260","87","1149","2243","0","51.23","35.76"
"10","009","00","007","0717","0541","448","339","109","28","476","943","0","50.48","35.95"
"10","009","00","007","0717","0542","614","463","151","59","673","1300","0","51.77","35.62"
"10","009","00","007","0718","0000","1057","845","212","65","1122","2108","0","53.23","40.09"
"10","009","00","007","0718","0543","468","390","78","34","502","964","0","52.07","40.46"
"10","009","00","007","0718","0544","589","455","134","31","620","1144","0","54.2","39.77"
"10","009","00","007","0719","0000","750","585","165","47","797","1482","0","53.78","39.47"
"10","009","00","007","0719","0545","750","585","165","47","797","1482","0","53.78","39.47"
"10","009","00","007","0720","0000","369","284","85","24","393","688","0","57.12","41.28"
"10","009","00","007","0720","0546","369","284","85","24","393","688","0","57.12","41.28"
"10","009","00","008","0000","0000","8104","6372","1732","519","8623","16509","19083","52.23","38.6"
"10","009","00","008","0801","0000","382","298","84","24","406","750","0","54.13","39.73"
"10","009","00","008","0801","0480","382","298","84","24","406","750","0","54.13","39.73"
"10","009","00","008","0802","0000","1091","927","164","64","1155","2095","0","55.13","44.25"
"10","009","00","008","0802","0484","757","667","90","39","796","1495","0","53.24","44.62"
"10","009","00","008","0802","0485","334","260","74","25","359","600","0","59.83","43.33"
"10","009","00","008","0803","0000","551","427","124","42","593","1004","0","59.06","42.53"
"10","009","00","008","0803","0486","551","427","124","42","593","1004","0","59.06","42.53"
"10","009","00","008","0804","0000","382","287","95","19","401","948","0","42.3","30.27"
"10","009","00","008","0804","0487","382","287","95","19","401","948","0","42.3","30.27"
"10","009","00","008","0805","0000","883","689","194","55","938","1895","0","49.5","36.36"
"10","009","00","008","0805","0489","654","503","151","41","695","1430","0","48.6","35.17"
"10","009","00","008","0805","0490","229","186","43","14","243","465","0","52.26","40.0"
"10","009","00","008","0806","0000","877","676","201","32","909","1781","0","51.04","37.96"
"10","009","00","008","0806","0491","634","491","143","26","660","1307","0","50.5","37.57"
"10","009","00","008","0806","0492","243","185","58","6","249","474","0","52.53","39.03"
"10","009","00","008","0807","0000","786","629","157","45","831","1539","0","54.0","40.87"
"10","009","00","008","0807","0488","786","629","157","45","831","1539","0","54.0","40.87"
"10","009","00","008","0808","0000","676","508","168","59","735","1220","0","60.25","41.64"
"10","009","00","008","0808","0493","676","508","168","59","735","1220","0","60.25","41.64"
"10","009","00","008","0809","0000","351","268","83","22","373","719","0","51.88","37.27"
"10","009","00","008","0809","0481","351","268","83","22","373","719","0","51.88","37.27"
"10","009","00","008","0810","0000","309","254","55","15","324","603","0","53.73","42.12"
"10","009","00","008","0810","0482","309","254","55","15","324","603","0","53.73","42.12"
"10","009","00","008","0811","0000","490","395","95","44","534","1106","0","48.28","35.71"
"10","009","00","008","0811","0483","490","395","95","44","534","1106","0","48.28","35.71"
"10","009","00","008","0812","0000","375","294","81","17","392","733","0","53.48","40.11"
"10","009","00","008","0812","0494","375","294","81","17","392","733","0","53.48","40.11"
"10","009","00","008","0813","0000","351","265","86","26","377","681","0","55.36","38.91"
"10","009","00","008","0813","0495","351","265","86","26","377","681","0","55.36","38.91"
"10","009","00","008","0814","0000","288","217","71","18","306","712","0","42.98","30.48"
"10","009","00","008","0814","0496","288","217","71","18","306","712","0","42.98","30.48"
"10","009","00","008","0815","0000","312","238","74","37","349","723","0","48.27","32.92"
"10","009","00","008","0815","0497","312","238","74","37","349","723","0","48.27","32.92"
"10","009","00","009","0000","0000","12634","9597","3037","983","13617","24570","28727","55.42","39.06"
"10","009","00","009","0901","0000","2189","1659","530","135","2324","4079","0","56.97","40.67"
"10","009","00","009","0901","0374","820","603","217","37","857","1507","0","56.87","40.01"
"10","009","00","009","0901","0375","681","505","176","29","710","1300","0","54.62","38.85"
"10","009","00","009","0901","0376","688","551","137","69","757","1272","0","59.51","43.32"
"10","009","00","009","0902","0000","441","315","126","22","463","861","0","53.77","36.59"
"10","009","00","009","0902","0377","441","315","126","22","463","861","0","53.77","36.59"
"10","009","00","009","0903","0000","715","542","173","50","765","1565","0","48.88","34.63"
"10","009","00","009","0903","0378","715","542","173","50","765","1565","0","48.88","34.63"
"10","009","00","009","0904","0000","575","445","130","41","616","1213","0","50.78","36.69"
"10","009","00","009","0904","0379","291","235","56","20","311","577","0","53.9","40.73"
"10","009","00","009","0904","0380","284","210","74","21","305","636","0","47.96","33.02"
"10","009","00","009","0905","0000","534","397","137","48","582","1110","0","52.43","35.77"
"10","009","00","009","0905","0381","534","397","137","48","582","1110","0","52.43","35.77"
"10","009","00","009","0906","0000","1023","736","287","105","1128","1958","0","57.61","37.59"
"10","009","00","009","0906","0382","525","370","155","49","574","973","0","58.99","38.03"
"10","009","00","009","0906","0383","498","366","132","56","554","985","0","56.24","37.16"
"10","009","00","009","0907","0000","1641","1253","388","116","1757","2991","0","58.74","41.89"
"10","009","00","009","0907","0384","954","735","219","69","1023","1707","0","59.93","43.06"
"10","009","00","009","0907","0385","687","518","169","47","734","1284","0","57.17","40.34"
"10","009","00","009","0908","0000","702","531","171","39","741","1293","0","57.31","41.07"
"10","009","00","009","0908","0386","702","531","171","39","741","1293","0","57.31","41.07"
"10","009","00","009","0909","0000","578","437","141","25","603","1165","0","51.76","37.51"
"10","009","00","009","0909","0389","578","437","141","25","603","1165","0","51.76","37.51"
"10","009","00","009","0910","0000","1014","780","234","119","1133","1940","0","58.4","40.21"
"10","009","00","009","0910","0387","468","368","100","42","510","900","0","56.67","40.89"
"10","009","00","009","0910","0388","546","412","134","77","623","1040","0","59.9","39.62"
"10","009","00","009","0911","0000","953","746","207","82","1035","1756","0","58.94","42.48"
"10","009","00","009","0911","0390","451","346","105","44","495","871","0","56.83","39.72"
"10","009","00","009","0911","0391","502","400","102","38","540","885","0","61.02","45.2"
"10","009","00","009","0912","0000","701","538","163","37","738","1489","0","49.56","36.13"
"10","009","00","009","0912","0392","701","538","163","37","738","1489","0","49.56","36.13"
"10","009","00","009","0913","0000","605","475","130","66","671","1347","0","49.81","35.26"
"10","009","00","009","0913","0393","605","475","130","66","671","1347","0","49.81","35.26"
"10","009","00","009","0914","0000","963","743","220","98","1061","1803","0","58.85","41.21"
"10","009","00","009","0914","0394","609","468","141","60","669","1150","0","58.17","40.7"
"10","009","00","009","0914","0395","354","275","79","38","392","653","0","60.03","42.11"
"10","009","00","010","0000","0000","8201","6350","1851","658","8859","15551","18089","56.97","40.83"
"10","009","00","010","1001","0000","607","482","125","50","657","1036","0","63.42","46.53"
"10","009","00","010","1001","0396","607","482","125","50","657","1036","0","63.42","46.53"
"10","009","00","010","1002","0000","1873","1444","429","128","2001","3652","0","54.79","39.54"
"10","009","00","010","1002","0397","803","613","190","37","840","1490","0","56.38","41.14"
"10","009","00","010","1002","0398","739","558","181","64","803","1491","0","53.86","37.42"
"10","009","00","010","1002","0399","331","273","58","27","358","671","0","53.35","40.69"
"10","009","00","010","1003","0000","1185","926","259","122","1307","2187","0","59.76","42.34"
"10","009","00","010","1003","0400","787","615","172","74","861","1436","0","59.96","42.83"
"10","009","00","010","1003","0401","398","311","87","48","446","751","0","59.39","41.41"
"10","009","00","010","1004","0000","288","223","65","13","301","535","0","56.26","41.68"
"10","009","00","010","1004","0402","288","223","65","13","301","535","0","56.26","41.68"
"10","009","00","010","1005","0000","355","289","66","38","393","811","0","48.46","35.64"
"10","009","00","010","1005","0403","355","289","66","38","393","811","0","48.46","35.64"
"10","009","00","010","1006","0000","1380","1058","322","102","1482","2625","0","56.46","40.3"
"10","009","00","010","1006","0404","727","557","170","44","771","1339","0","57.58","41.6"
"10","009","00","010","1006","0405","653","501","152","58","711","1286","0","55.29","38.96"
"10","009","00","010","1007","0000","325","253","72","34","359","646","0","55.57","39.16"
"10","009","00","010","1007","0406","325","253","72","34","359","646","0","55.57","39.16"
"10","009","00","010","1008","0000","613","468","145","40","653","1158","0","56.39","40.41"
"10","009","00","010","1008","0407","613","468","145","40","653","1158","0","56.39","40.41"
"10","009","00","010","1009","0000","578","458","120","41","619","1090","0","56.79","42.02"
"10","009","00","010","1009","0408","578","458","120","41","619","1090","0","56.79","42.02"
"10","009","00","010","1010","0000","997","749","248","90","1087","1811","0","60.02","41.36"
"10","009","00","010","1010","0409","534","426","108","61","595","950","0","62.63","44.84"
"10","009","00","010","1010","0410","463","323","140","29","492","861","0","57.14","37.51"
"10","009","00","011","0000","0000","10434","7998","2436","874","11308","23367","26906","48.39","34.23"
"10","009","00","011","1101","0000","659","495","164","28","687","1463","0","46.96","33.83"
"10","009","00","011","1101","0317","659","495","164","28","687","1463","0","46.96","33.83"
"10","009","00","011","1102","0000","773","576","197","48","821","1738","0","47.24","33.14"
"10","009","00","011","1102","0318","773","576","197","48","821","1738","0","47.24","33.14"
"10","009","00","011","1103","0000","730","557","173","81","811","1643","0","49.36","33.9"
"10","009","00","011","1103","0319","267","204","63","36","303","625","0","48.48","32.64"
"10","009","00","011","1103","0320","463","353","110","45","508","1018","0","49.9","34.68"
"10","009","00","011","1104","0000","554","423","131","37","591","1496","0","39.51","28.28"
"10","009","00","011","1104","0321","177","140","37","3","180","448","0","40.18","31.25"
"10","009","00","011","1104","0322","377","283","94","34","411","1048","0","39.22","27.0"
"10","009","00","011","1105","0000","574","428","146","63","637","1161","0","54.87","36.86"
"10","009","00","011","1105","0323","574","428","146","63","637","1161","0","54.87","36.86"
"10","009","00","011","1106","0000","953","727","226","74","1027","1840","0","55.82","39.51"
"10","009","00","011","1106","0324","490","379","111","32","522","991","0","52.67","38.24"
"10","009","00","011","1106","0325","463","348","115","42","505","849","0","59.48","40.99"
"10","009","00","011","1107","0000","418","327","91","32","450","890","0","50.56","36.74"
"10","009","00","011","1107","0326","418","327","91","32","450","890","0","50.56","36.74"
"10","009","00","011","1108","0000","450","356","94","24","474","891","0","53.2","39.96"
"10","009","00","011","1108","0328","450","356","94","24","474","891","0","53.2","39.96"
"10","009","00","011","1109","0000","309","232","77","21","330","757","0","43.59","30.65"
"10","009","00","011","1109","0329","309","232","77","21","330","757","0","43.59","30.65"
"10","009","00","011","1110","0000","668","532","136","66","734","1497","0","49.03","35.54"
"10","009","00","011","1110","0330","668","532","136","66","734","1497","0","49.03","35.54"
"10","009","00","011","1111","0000","896","695","201","76","972","1857","0","52.34","37.43"
"10","009","00","011","1111","0331","519","403","116","43","562","1171","0","47.99","34.42"
"10","009","00","011","1111","0332","377","292","85","33","410","686","0","59.77","42.57"
"10","009","00","011","1112","0000","328","271","57","59","387","864","0","44.79","31.37"
"10","009","00","011","1112","0333","328","271","57","59","387","864","0","44.79","31.37"
"10","009","00","011","1113","0000","837","617","220","84","921","1769","0","52.06","34.88"
"10","009","00","011","1113","0334","553","406","147","63","616","1073","0","57.41","37.84"
"10","009","00","011","1113","0335","284","211","73","21","305","696","0","43.82","30.32"
"10","009","00","011","1114","0000","445","345","100","41","486","1271","0","38.24","27.14"
"10","009","00","011","1114","0336","445","345","100","41","486","1271","0","38.24","27.14"
"10","009","00","011","1115","0000","385","313","72","24","409","912","0","44.85","34.32"
"10","009","00","011","1115","0337","385","313","72","24","409","912","0","44.85","34.32"
"10","009","00","011","1116","0000","364","266","98","35","399","861","0","46.34","30.89"
"10","009","00","011","1116","0338","364","266","98","35","399","861","0","46.34","30.89"
"10","009","00","011","1117","0000","425","328","97","36","461","1030","0","44.76","31.84"
"10","009","00","011","1117","0339","425","328","97","36","461","1030","0","44.76","31.84"
"10","009","00","011","1118","0000","666","510","156","45","711","1427","0","49.82","35.74"
"10","009","00","011","1118","0327","666","510","156","45","711","1427","0","49.82","35.74"
"10","009","00","012","0000","0000","9635","7445","2190","760","10395","21050","24427","49.38","35.37"
"10","009","00","012","1201","0000","612","447","165","51","663","1176","0","56.38","38.01"
"10","009","00","012","1201","0297","612","447","165","51","663","1176","0","56.38","38.01"
"10","009","00","012","1202","0000","680","523","157","50","730","1439","0","50.73","36.34"
"10","009","00","012","1202","0298","680","523","157","50","730","1439","0","50.73","36.34"
"10","009","00","012","1203","0000","1240","959","281","90","1330","2286","0","58.18","41.95"
"10","009","00","012","1203","0299","563","437","126","53","616","1027","0","59.98","42.55"
"10","009","00","012","1203","0300","677","522","155","37","714","1259","0","56.71","41.46"
"10","009","00","012","1204","0000","953","764","189","33","986","2056","0","47.96","37.16"
"10","009","00","012","1204","0301","502","398","104","13","515","1058","0","48.68","37.62"
"10","009","00","012","1204","0302","451","366","85","20","471","998","0","47.19","36.67"
"10","009","00","012","1205","0000","977","748","229","64","1041","2023","0","51.46","36.97"
"10","009","00","012","1205","0303","461","368","93","23","484","968","0","50.0","38.02"
"10","009","00","012","1205","0304","516","380","136","41","557","1055","0","52.8","36.02"
"10","009","00","012","1206","0000","571","412","159","56","627","1315","0","47.68","31.33"
"10","009","00","012","1206","0305","571","412","159","56","627","1315","0","47.68","31.33"
"10","009","00","012","1207","0000","860","692","168","82","942","2024","0","46.54","34.19"
"10","009","00","012","1207","0306","323","246","77","26","349","1027","0","33.98","23.95"
"10","009","00","012","1207","0307","537","446","91","56","593","997","0","59.48","44.73"
"10","009","00","012","1208","0000","392","309","83","39","431","807","0","53.41","38.29"
"10","009","00","012","1208","0308","392","309","83","39","431","807","0","53.41","38.29"
"10","009","00","012","1209","0000","612","454","158","62","674","1502","0","44.87","30.23"
"10","009","00","012","1209","0309","279","216","63","19","298","698","0","42.69","30.95"
"10","009","00","012","1209","0310","333","238","95","43","376","804","0","46.77","29.6"
"10","009","00","012","1210","0000","761","598","163","58","819","1753","0","46.72","34.11"
"10","009","00","012","1210","0311","410","325","85","30","440","867","0","50.75","37.49"
"10","009","00","012","1210","0312","351","273","78","28","379","886","0","42.78","30.81"
"10","009","00","012","1211","0000","550","426","124","68","618","1476","0","41.87","28.86"
"10","009","00","012","1211","0313","550","426","124","68","618","1476","0","41.87","28.86"
"10","009","00","012","1212","0000","380","310","70","29","409","1159","0","35.29","26.75"
"10","009","00","012","1212","0314","380","310","70","29","409","1159","0","35.29","26.75"
"10","009","00","012","1213","0000","650","509","141","50","700","1220","0","57.38","41.72"
"10","009","00","012","1213","0315","650","509","141","50","700","1220","0","57.38","41.72"
"10","009","00","012","1214","0000","397","294","103","28","425","814","0","52.21","36.12"
"10","009","00","012","1214","0316","397","294","103","28","425","814","0","52.21","36.12"
"10","009","00","013","0000","0000","17140","13085","4055","1160","18300","37119","46004","49.3","35.25"
"10","009","00","013","1301","0000","1800","1343","457","133","1933","4029","0","47.98","33.33"
"10","009","00","013","1301","0005","578","415","163","39","617","1340","0","46.04","30.97"
"10","009","00","013","1301","0006","502","373","129","53","555","1138","0","48.77","32.78"
"10","009","00","013","1301","0007","720","555","165","41","761","1551","0","49.07","35.78"
"10","009","00","013","1302","0000","3208","2414","794","178","3386","6988","0","48.45","34.54"
"10","009","00","013","1302","0001","611","475","136","45","656","1497","0","43.82","31.73"
"10","009","00","013","1302","0002","836","631","205","38","874","1738","0","50.29","36.31"
"10","009","00","013","1302","0003","908","685","223","49","957","1921","0","49.82","35.66"
"10","009","00","013","1302","0004","853","623","230","46","899","1832","0","49.07","34.01"
"10","009","00","013","1303","0000","782","609","173","61","843","1909","0","44.16","31.9"
"10","009","00","013","1303","0008","293","234","59","24","317","715","0","44.34","32.73"
"10","009","00","013","1303","0009","489","375","114","37","526","1194","0","44.05","31.41"
"10","009","00","013","1304","0000","1029","800","229","68","1097","2581","0","42.5","31.0"
"10","009","00","013","1304","0010","453","359","94","36","489","1023","0","47.8","35.09"
"10","009","00","013","1304","0011","576","441","135","32","608","1558","0","39.02","28.31"
"10","009","00","013","1305","0000","1194","934","260","73","1267","2559","0","49.51","36.5"
"10","009","00","013","1305","0019","580","451","129","42","622","1230","0","50.57","36.67"
"10","009","00","013","1305","0020","614","483","131","31","645","1329","0","48.53","36.34"
"10","009","00","013","1306","0000","1333","1038","295","116","1449","2959","0","48.97","35.08"
"10","009","00","013","1306","0014","624","479","145","57","681","1363","0","49.96","35.14"
"10","009","00","013","1306","0015","709","559","150","59","768","1596","0","48.12","35.03"
"10","009","00","013","1307","0000","871","644","227","41","912","2170","0","42.03","29.68"
"10","009","00","013","1307","0012","465","343","122","25","490","1187","0","41.28","28.9"
"10","009","00","013","1307","0013","406","301","105","16","422","983","0","42.93","30.62"
"10","009","00","013","1308","0000","830","624","206","60","890","2002","0","44.46","31.17"
"10","009","00","013","1308","0017","403","299","104","33","436","964","0","45.23","31.02"
"10","009","00","013","1308","0018","427","325","102","27","454","1038","0","43.74","31.31"
"10","009","00","013","1309","0000","1969","1528","441","137","2106","3841","0","54.83","39.78"
"10","009","00","013","1309","0021","573","452","121","34","607","1129","0","53.76","40.04"
"10","009","00","013","1309","0022","652","491","161","49","701","1241","0","56.49","39.56"
"10","009","00","013","1309","0023","744","585","159","54","798","1471","0","54.25","39.77"
"10","009","00","013","1310","0000","581","459","122","55","636","1107","0","57.45","41.46"
"10","009","00","013","1310","0024","581","459","122","55","636","1107","0","57.45","41.46"
"10","009","00","013","1311","0000","1658","1277","381","109","1767","3391","0","52.11","37.66"
"10","009","00","013","1311","0025","851","663","188","56","907","1636","0","55.44","40.53"
"10","009","00","013","1311","0026","807","614","193","53","860","1755","0","49.0","34.99"
"10","009","00","013","1312","0000","1088","824","264","62","1150","2114","0","54.4","38.98"
"10","009","00","013","1312","0027","596","454","142","34","630","1158","0","54.4","39.21"
"10","009","00","013","1312","0028","492","370","122","28","520","956","0","54.39","38.7"
"10","009","00","013","1313","0000","797","591","206","67","864","1469","0","58.82","40.23"
"10","009","00","013","1313","0016","797","591","206","67","864","1469","0","58.82","40.23"
"10","009","00","014","0000","0000","6144","4780","1364","485","6629","13239","14845","50.07","36.11"
"10","009","00","014","1401","0000","821","626","195","56","877","1533","0","57.21","40.83"
"10","009","00","014","1401","0055","821","626","195","56","877","1533","0","57.21","40.83"
"10","009","00","014","1402","0000","685","541","144","34","719","1203","0","59.77","44.97"
"10","009","00","014","1402","0056","685","541","144","34","719","1203","0","59.77","44.97"
"10","009","00","014","1403","0000","754","595","159","40","794","1624","0","48.89","36.64"
"10","009","00","014","1403","0053","386","311","75","14","400","896","0","44.64","34.71"
"10","009","00","014","1403","0054","368","284","84","26","394","728","0","54.12","39.01"
"10","009","00","014","1404","0000","303","235","68","26","329","540","0","60.93","43.52"
"10","009","00","014","1404","0052","303","235","68","26","329","540","0","60.93","43.52"
"10","009","00","014","1405","0000","497","370","127","46","543","1207","0","44.99","30.65"
"10","009","00","014","1405","0051","497","370","127","46","543","1207","0","44.99","30.65"
"10","009","00","014","1406","0000","291","235","56","34","325","546","0","59.52","43.04"
"10","009","00","014","1406","0058","291","235","56","34","325","546","0","59.52","43.04"
"10","009","00","014","1407","0000","363","280","83","30","393","817","0","48.1","34.27"
"10","009","00","014","1407","0057","363","280","83","30","393","817","0","48.1","34.27"
"10","009","00","014","1408","0000","334","269","65","40","374","856","0","43.69","31.43"
"10","009","00","014","1408","0060","334","269","65","40","374","856","0","43.69","31.43"
"10","009","00","014","1409","0000","390","312","78","48","438","853","0","51.35","36.58"
"10","009","00","014","1409","0059","390","312","78","48","438","853","0","51.35","36.58"
"10","009","00","014","1410","0000","913","699","214","65","978","1945","0","50.28","35.94"
"10","009","00","014","1410","0061","411","304","107","38","449","923","0","48.65","32.94"
"10","009","00","014","1410","0062","502","395","107","27","529","1022","0","51.76","38.65"
"10","009","00","014","1411","0000","404","309","95","35","439","1087","0","40.39","28.43"
"10","009","00","014","1411","0065","404","309","95","35","439","1087","0","40.39","28.43"
"10","009","00","014","1412","0000","389","309","80","31","420","1028","0","40.86","30.06"
"10","009","00","014","1412","0063","228","182","46","14","242","634","0","38.17","28.71"
"10","009","00","014","1412","0064","161","127","34","17","178","394","0","45.18","32.23"
"10","009","00","015","0000","0000","5483","4110","1373","377","5860","11381","12992","51.49","36.11"
"10","009","00","015","1501","0000","1043","776","267","64","1107","1916","0","57.78","40.5"
"10","009","00","015","1501","0066","483","371","112","37","520","923","0","56.34","40.2"
"10","009","00","015","1501","0067","560","405","155","27","587","993","0","59.11","40.79"
"10","009","00","015","1502","0000","708","562","146","47","755","1450","0","52.07","38.76"
"10","009","00","015","1502","0068","359","263","96","37","396","748","0","52.94","35.16"
"10","009","00","015","1502","0069","349","299","50","10","359","702","0","51.14","42.59"
"10","009","00","015","1503","0000","759","579","180","40","799","1508","0","52.98","38.4"
"10","009","00","015","1503","0070","369","290","79","20","389","752","0","51.73","38.56"
"10","009","00","015","1503","0071","390","289","101","20","410","756","0","54.23","38.23"
"10","009","00","015","1504","0000","569","398","171","37","606","1207","0","50.21","32.97"
"10","009","00","015","1504","0074","216","163","53","16","232","470","0","49.36","34.68"
"10","009","00","015","1504","0075","353","235","118","21","374","737","0","50.75","31.89"
"10","009","00","015","1505","0000","683","519","164","36","719","1524","0","47.18","34.06"
"10","009","00","015","1505","0072","242","188","54","12","254","490","0","51.84","38.37"
"10","009","00","015","1505","0073","441","331","110","24","465","1034","0","44.97","32.01"
"10","009","00","015","1506","0000","421","328","93","21","442","878","0","50.34","37.36"
"10","009","00","015","1506","0076","421","328","93","21","442","878","0","50.34","37.36"
"10","009","00","015","1507","0000","356","256","100","34","390","778","0","50.13","32.9"
"10","009","00","015","1507","0077","356","256","100","34","390","778","0","50.13","32.9"
"10","009","00","015","1508","0000","574","419","155","37","611","1224","0","49.92","34.23"
"10","009","00","015","1508","0078","574","419","155","37","611","1224","0","49.92","34.23"
"10","009","00","015","1509","0000","370","273","97","61","431","896","0","48.1","30.47"
"10","009","00","015","1509","0079","370","273","97","61","431","896","0","48.1","30.47"
"10","009","00","016","0000","0000","9015","7062","1953","740","9755","21125","23824","46.18","33.43"
"10","009","00","016","1601","0000","644","504","140","39","683","1238","0","55.17","40.71"
"10","009","00","016","1601","0029","644","504","140","39","683","1238","0","55.17","40.71"
"10","009","00","016","1602","0000","541","436","105","40","581","1098","0","52.91","39.71"
"10","009","00","016","1602","0031","541","436","105","40","581","1098","0","52.91","39.71"
"10","009","00","016","1603","0000","480","382","98","39","519","1091","0","47.57","35.01"
"10","009","00","016","1603","0030","480","382","98","39","519","1091","0","47.57","35.01"
"10","009","00","016","1604","0000","898","722","176","50","948","2073","0","45.73","34.83"
"10","009","00","016","1604","0032","432","331","101","19","451","1048","0","43.03","31.58"
"10","009","00","016","1604","0033","466","391","75","31","497","1025","0","48.49","38.15"
"10","009","00","016","1605","0000","595","476","119","50","645","1460","0","44.18","32.6"
"10","009","00","016","1605","0035","595","476","119","50","645","1460","0","44.18","32.6"
"10","009","00","016","1606","0000","605","484","121","78","683","1890","0","36.14","25.61"
"10","009","00","016","1606","0036","381","304","77","63","444","1180","0","37.63","25.76"
"10","009","00","016","1606","0037","224","180","44","15","239","710","0","33.66","25.35"
"10","009","00","016","1607","0000","259","209","50","13","272","620","0","43.87","33.71"
"10","009","00","016","1607","0038","259","209","50","13","272","620","0","43.87","33.71"
"10","009","00","016","1608","0000","260","194","66","23","283","687","0","41.19","28.24"
"10","009","00","016","1608","0040","260","194","66","23","283","687","0","41.19","28.24"
"10","009","00","016","1609","0000","196","145","51","19","215","449","0","47.88","32.29"
"10","009","00","016","1609","0039","196","145","51","19","215","449","0","47.88","32.29"
"10","009","00","016","1610","0000","400","318","82","33","433","850","0","50.94","37.41"
"10","009","00","016","1610","0034","400","318","82","33","433","850","0","50.94","37.41"
"10","009","00","016","1611","0000","679","463","216","68","747","1514","0","49.34","30.58"
"10","009","00","016","1611","0043","474","308","166","53","527","1042","0","50.58","29.56"
"10","009","00","016","1611","0044","205","155","50","15","220","472","0","46.61","32.84"
"10","009","00","016","1612","0000","593","486","107","15","608","1409","0","43.15","34.49"
"10","009","00","016","1612","0045","593","486","107","15","608","1409","0","43.15","34.49"
"10","009","00","016","1613","0000","1339","1056","283","154","1493","3067","0","48.68","34.43"
"10","009","00","016","1613","0046","502","390","112","65","567","1061","0","53.44","36.76"
"10","009","00","016","1613","0047","417","328","89","16","433","993","0","43.61","33.03"
"10","009","00","016","1613","0048","420","338","82","73","493","1013","0","48.67","33.37"
"10","009","00","016","1614","0000","819","624","195","57","876","1849","0","47.38","33.75"
"10","009","00","016","1614","0049","574","438","136","38","612","1233","0","49.64","35.52"
"10","009","00","016","1614","0050","245","186","59","19","264","616","0","42.86","30.19"
"10","009","00","016","1615","0000","707","563","144","62","769","1830","0","42.02","30.77"
"10","009","00","016","1615","0041","512","407","105","48","560","1247","0","44.91","32.64"
"10","009","00","016","1615","0042","195","156","39","14","209","583","0","35.85","26.76"
"10","009","00","017","0000","0000","9265","7239","2026","737","10002","22830","25784","43.81","31.71"
"10","009","00","017","1701","0000","1551","1204","347","78","1629","3349","0","48.64","35.95"
"10","009","00","017","1701","0180","446","350","96","19","465","915","0","50.82","38.25"
"10","009","00","017","1701","0181","598","456","142","21","619","1284","0","48.21","35.51"
"10","009","00","017","1701","0182","507","398","109","38","545","1150","0","47.39","34.61"
"10","009","00","017","1702","0000","667","526","141","67","734","1534","0","47.85","34.29"
"10","009","00","017","1702","0183","310","236","74","30","340","744","0","45.7","31.72"
"10","009","00","017","1702","0184","357","290","67","37","394","790","0","49.87","36.71"
"10","009","00","017","1703","0000","500","394","106","63","563","1356","0","41.52","29.06"
"10","009","00","017","1703","0185","500","394","106","63","563","1356","0","41.52","29.06"
"10","009","00","017","1704","0000","328","251","77","31","359","739","0","48.58","33.96"
"10","009","00","017","1704","0186","328","251","77","31","359","739","0","48.58","33.96"
"10","009","00","017","1705","0000","369","282","87","30","399","965","0","41.35","29.22"
"10","009","00","017","1705","0187","369","282","87","30","399","965","0","41.35","29.22"
"10","009","00","017","1706","0000","415","327","88","49","464","1080","0","42.96","30.28"
"10","009","00","017","1706","0188","415","327","88","49","464","1080","0","42.96","30.28"
"10","009","00","017","1707","0000","352","274","78","35","387","948","0","40.82","28.9"
"10","009","00","017","1707","0189","352","274","78","35","387","948","0","40.82","28.9"
"10","009","00","017","1708","0000","227","177","50","18","245","762","0","32.15","23.23"
"10","009","00","017","1708","0190","227","177","50","18","245","762","0","32.15","23.23"
"10","009","00","017","1709","0000","256","194","62","14","270","582","0","46.39","33.33"
"10","009","00","017","1709","0191","256","194","62","14","270","582","0","46.39","33.33"
"10","009","00","017","1710","0000","325","265","60","12","337","865","0","38.96","30.64"
"10","009","00","017","1710","0192","325","265","60","12","337","865","0","38.96","30.64"
"10","009","00","017","1711","0000","84","67","17","4","88","362","0","24.31","18.51"
"10","009","00","017","1711","0193","84","67","17","4","88","362","0","24.31","18.51"
"10","009","00","017","1712","0000","456","360","96","24","480","1162","0","41.31","30.98"
"10","009","00","017","1712","0194","456","360","96","24","480","1162","0","41.31","30.98"
"10","009","00","017","1713","0000","615","478","137","44","659","1527","0","43.16","31.3"
"10","009","00","017","1713","0195","615","478","137","44","659","1527","0","43.16","31.3"
"10","009","00","017","1714","0000","430","329","101","59","489","1006","0","48.61","32.7"
"10","009","00","017","1714","0196","430","329","101","59","489","1006","0","48.61","32.7"
"10","009","00","017","1715","0000","356","286","70","13","369","855","0","43.16","33.45"
"10","009","00","017","1715","0197","356","286","70","13","369","855","0","43.16","33.45"
"10","009","00","017","1716","0000","513","409","104","46","559","1181","0","47.33","34.63"
"10","009","00","017","1716","0198","513","409","104","46","559","1181","0","47.33","34.63"
"10","009","00","017","1717","0000","336","264","72","24","360","864","0","41.67","30.56"
"10","009","00","017","1717","0199","336","264","72","24","360","864","0","41.67","30.56"
"10","009","00","017","1718","0000","580","444","136","46","626","1545","0","40.52","28.74"
"10","009","00","017","1718","0200","241","189","52","28","269","667","0","40.33","28.34"
"10","009","00","017","1718","0201","339","255","84","18","357","878","0","40.66","29.04"
"10","009","00","017","1719","0000","214","175","39","8","222","610","0","36.39","28.69"
"10","009","00","017","1719","0202","214","175","39","8","222","610","0","36.39","28.69"
"10","009","00","017","1720","0000","364","285","79","40","404","837","0","48.27","34.05"
"10","009","00","017","1720","0203","364","285","79","40","404","837","0","48.27","34.05"
"10","009","00","017","1721","0000","327","248","79","32","359","701","0","51.21","35.38"
"10","009","00","017","1721","0204","327","248","79","32","359","701","0","51.21","35.38"
"10","009","00","018","0000","0000","7780","6015","1765","656","8436","20983","23317","40.2","28.67"
"10","009","00","018","1801","0000","786","621","165","72","858","1758","0","48.81","35.32"
"10","009","00","018","1801","0155","450","347","103","33","483","1082","0","44.64","32.07"
"10","009","00","018","1801","0156","336","274","62","39","375","676","0","55.47","40.53"
"10","009","00","018","1802","0000","233","182","51","15","248","650","0","38.15","28.0"
"10","009","00","018","1802","0160","233","182","51","15","248","650","0","38.15","28.0"
"10","009","00","018","1803","0000","411","328","83","20","431","969","0","44.48","33.85"
"10","009","00","018","1803","0161","411","328","83","20","431","969","0","44.48","33.85"
"10","009","00","018","1804","0000","333","249","84","43","376","925","0","40.65","26.92"
"10","009","00","018","1804","0162","333","249","84","43","376","925","0","40.65","26.92"
"10","009","00","018","1805","0000","1121","860","261","48","1169","2291","0","51.03","37.54"
"10","009","00","018","1805","0157","419","331","88","15","434","862","0","50.35","38.4"
"10","009","00","018","1805","0158","183","142","41","10","193","477","0","40.46","29.77"
"10","009","00","018","1805","0159","519","387","132","23","542","952","0","56.93","40.65"
"10","009","00","018","1806","0000","429","334","95","47","476","1219","0","39.05","27.4"
"10","009","00","018","1806","0165","429","334","95","47","476","1219","0","39.05","27.4"
"10","009","00","018","1807","0000","208","151","57","37","245","759","0","32.28","19.89"
"10","009","00","018","1807","0164","208","151","57","37","245","759","0","32.28","19.89"
"10","009","00","018","1808","0000","385","300","85","16","401","914","0","43.87","32.82"
"10","009","00","018","1808","0163","385","300","85","16","401","914","0","43.87","32.82"
"10","009","00","018","1809","0000","287","219","68","23","310","876","0","35.39","25.0"
"10","009","00","018","1809","0169","287","219","68","23","310","876","0","35.39","25.0"
"10","009","00","018","1810","0000","128","103","25","11","139","360","0","38.61","28.61"
"10","009","00","018","1810","0170","128","103","25","11","139","360","0","38.61","28.61"
"10","009","00","018","1811","0000","251","193","58","9","260","773","0","33.64","24.97"
"10","009","00","018","1811","0167","251","193","58","9","260","773","0","33.64","24.97"
"10","009","00","018","1812","0000","297","226","71","27","324","937","0","34.58","24.12"
"10","009","00","018","1812","0166","297","226","71","27","324","937","0","34.58","24.12"
"10","009","00","018","1813","0000","507","392","115","49","556","1718","0","32.36","22.82"
"10","009","00","018","1813","0171","246","196","50","24","270","885","0","30.51","22.15"
"10","009","00","018","1813","0172","261","196","65","25","286","833","0","34.33","23.53"
"10","009","00","018","1814","0000","300","231","69","30","330","785","0","42.04","29.43"
"10","009","00","018","1814","0173","300","231","69","30","330","785","0","42.04","29.43"
"10","009","00","018","1815","0000","314","255","59","27","341","705","0","48.37","36.17"
"10","009","00","018","1815","0174","314","255","59","27","341","705","0","48.37","36.17"
"10","009","00","018","1816","0000","323","259","64","26","349","927","0","37.65","27.94"
"10","009","00","018","1816","0175","323","259","64","26","349","927","0","37.65","27.94"
"10","009","00","018","1817","0000","371","290","81","37","408","1071","0","38.1","27.08"
"10","009","00","018","1817","0177","371","290","81","37","408","1071","0","38.1","27.08"
"10","009","00","018","1818","0000","276","213","63","15","291","1022","0","28.47","20.84"
"10","009","00","018","1818","0178","276","213","63","15","291","1022","0","28.47","20.84"
"10","009","00","018","1819","0000","280","218","62","32","312","711","0","43.88","30.66"
"10","009","00","018","1819","0179","280","218","62","32","312","711","0","43.88","30.66"
"10","009","00","018","1820","0000","196","124","72","29","225","555","0","40.54","22.34"
"10","009","00","018","1820","0168","196","124","72","29","225","555","0","40.54","22.34"
"10","009","00","018","1821","0000","344","267","77","43","387","1058","0","36.58","25.24"
"10","009","00","018","1821","0176","344","267","77","43","387","1058","0","36.58","25.24"
"10","009","00","019","0000","0000","10585","8462","2123","1051","11636","24193","27383","48.1","34.98"
"10","009","00","019","1901","0000","581","456","125","84","665","1225","0","54.29","37.22"
"10","009","00","019","1901","0206","581","456","125","84","665","1225","0","54.29","37.22"
"10","009","00","019","1902","0000","542","409","133","43","585","1134","0","51.59","36.07"
"10","009","00","019","1902","0205","542","409","133","43","585","1134","0","51.59","36.07"
"10","009","00","019","1903","0000","247","203","44","31","278","647","0","42.97","31.38"
"10","009","00","019","1903","0207","247","203","44","31","278","647","0","42.97","31.38"
"10","009","00","019","1904","0000","371","285","86","63","434","900","0","48.22","31.67"
"10","009","00","019","1904","0209","371","285","86","63","434","900","0","48.22","31.67"
"10","009","00","019","1905","0000","339","259","80","22","361","709","0","50.92","36.53"
"10","009","00","019","1905","0208","339","259","80","22","361","709","0","50.92","36.53"
"10","009","00","019","1906","0000","457","348","109","53","510","1011","0","50.45","34.42"
"10","009","00","019","1906","0210","457","348","109","53","510","1011","0","50.45","34.42"
"10","009","00","019","1907","0000","596","489","107","30","626","1437","0","43.56","34.03"
"10","009","00","019","1907","0211","596","489","107","30","626","1437","0","43.56","34.03"
"10","009","00","019","1908","0000","756","591","165","31","787","2041","0","38.56","28.96"
"10","009","00","019","1908","0212","280","217","63","13","293","848","0","34.55","25.59"
"10","009","00","019","1908","0213","476","374","102","18","494","1193","0","41.41","31.35"
"10","009","00","019","1909","0000","587","460","127","72","659","1574","0","41.87","29.22"
"10","009","00","019","1909","0214","254","204","50","34","288","759","0","37.94","26.88"
"10","009","00","019","1909","0215","333","256","77","38","371","815","0","45.52","31.41"
"10","009","00","019","1910","0000","673","514","159","57","730","1460","0","50.0","35.21"
"10","009","00","019","1910","0216","673","514","159","57","730","1460","0","50.0","35.21"
"10","009","00","019","1911","0000","183","134","49","10","193","556","0","34.71","24.1"
"10","009","00","019","1911","0217","183","134","49","10","193","556","0","34.71","24.1"
"10","009","00","019","1912","0000","663","626","37","54","717","1532","0","46.8","40.86"
"10","009","00","019","1912","0218","663","626","37","54","717","1532","0","46.8","40.86"
"10","009","00","019","1913","0000","372","300","72","16","388","847","0","45.81","35.42"
"10","009","00","019","1913","0219","372","300","72","16","388","847","0","45.81","35.42"
"10","009","00","019","1914","0000","878","680","198","143","1021","1882","0","54.25","36.13"
"10","009","00","019","1914","0220","168","127","41","14","182","374","0","48.66","33.96"
"10","009","00","019","1914","0221","710","553","157","129","839","1508","0","55.64","36.67"
"10","009","00","019","1915","0000","474","395","79","60","534","951","0","56.15","41.54"
"10","009","00","019","1915","0222","474","395","79","60","534","951","0","56.15","41.54"
"10","009","00","019","1916","0000","378","293","85","19","397","1006","0","39.46","29.13"
"10","009","00","019","1916","0228","378","293","85","19","397","1006","0","39.46","29.13"
"10","009","00","019","1917","0000","426","358","68","50","476","952","0","50.0","37.61"
"10","009","00","019","1917","0226","426","358","68","50","476","952","0","50.0","37.61"
"10","009","00","019","1918","0000","359","282","77","30","389","720","0","54.03","39.17"
"10","009","00","019","1918","0227","359","282","77","30","389","720","0","54.03","39.17"
"10","009","00","019","1919","0000","951","752","199","93","1044","1789","0","58.36","42.03"
"10","009","00","019","1919","0223","467","368","99","59","526","910","0","57.8","40.44"
"10","009","00","019","1919","0224","484","384","100","34","518","879","0","58.93","43.69"
"10","009","00","019","1920","0000","522","431","91","79","601","1213","0","49.55","35.53"
"10","009","00","019","1920","0225","522","431","91","79","601","1213","0","49.55","35.53"
"10","009","00","019","1921","0000","230","197","33","11","241","607","0","39.7","32.45"
"10","009","00","019","1921","0229","230","197","33","11","241","607","0","39.7","32.45"
"10","009","00","020","0000","0000","9047","7175","1872","854","9901","22508","25426","43.99","31.88"
"10","009","00","020","2001","0000","1027","779","248","63","1090","2242","0","48.62","34.75"
"10","009","00","020","2001","0230","574","440","134","52","626","1355","0","46.2","32.47"
"10","009","00","020","2001","0231","453","339","114","11","464","887","0","52.31","38.22"
"10","009","00","020","2002","0000","984","768","216","64","1048","1997","0","52.48","38.46"
"10","009","00","020","2002","0232","624","497","127","47","671","1234","0","54.38","40.28"
"10","009","00","020","2002","0233","360","271","89","17","377","763","0","49.41","35.52"
"10","009","00","020","2003","0000","451","353","98","47","498","1022","0","48.73","34.54"
"10","009","00","020","2003","0253","451","353","98","47","498","1022","0","48.73","34.54"
"10","009","00","020","2004","0000","470","386","84","30","500","1191","0","41.98","32.41"
"10","009","00","020","2004","0254","470","386","84","30","500","1191","0","41.98","32.41"
"10","009","00","020","2005","0000","440","354","86","58","498","1006","0","49.5","35.19"
"10","009","00","020","2005","0240","440","354","86","58","498","1006","0","49.5","35.19"
"10","009","00","020","2006","0000","260","213","47","6","266","651","0","40.86","32.72"
"10","009","00","020","2006","0241","260","213","47","6","266","651","0","40.86","32.72"
"10","009","00","020","2007","0000","236","190","46","18","254","607","0","41.85","31.3"
"10","009","00","020","2007","0242","236","190","46","18","254","607","0","41.85","31.3"
"10","009","00","020","2008","0000","384","295","89","53","437","1033","0","42.3","28.56"
"10","009","00","020","2008","0243","384","295","89","53","437","1033","0","42.3","28.56"
"10","009","00","020","2009","0000","189","147","42","16","205","631","0","32.49","23.3"
"10","009","00","020","2009","0244","189","147","42","16","205","631","0","32.49","23.3"
"10","009","00","020","2010","0000","378","317","61","38","416","961","0","43.29","32.99"
"10","009","00","020","2010","0245","378","317","61","38","416","961","0","43.29","32.99"
"10","009","00","020","2011","0000","263","192","71","42","305","721","0","42.3","26.63"
"10","009","00","020","2011","0234","263","192","71","42","305","721","0","42.3","26.63"
"10","009","00","020","2012","0000","226","186","40","21","247","647","0","38.18","28.75"
"10","009","00","020","2012","0235","226","186","40","21","247","647","0","38.18","28.75"
"10","009","00","020","2013","0000","391","312","79","18","409","1081","0","37.84","28.86"
"10","009","00","020","2013","0238","391","312","79","18","409","1081","0","37.84","28.86"
"10","009","00","020","2014","0000","387","304","83","51","438","989","0","44.29","30.74"
"10","009","00","020","2014","0236","387","304","83","51","438","989","0","44.29","30.74"
"10","009","00","020","2015","0000","317","251","66","20","337","837","0","40.26","29.99"
"10","009","00","020","2015","0237","317","251","66","20","337","837","0","40.26","29.99"
"10","009","00","020","2016","0000","364","281","83","60","424","951","0","44.58","29.55"
"10","009","00","020","2016","0246","364","281","83","60","424","951","0","44.58","29.55"
"10","009","00","020","2017","0000","355","285","70","18","373","838","0","44.51","34.01"
"10","009","00","020","2017","0247","355","285","70","18","373","838","0","44.51","34.01"
"10","009","00","020","2018","0000","432","356","76","71","503","1055","0","47.68","33.74"
"10","009","00","020","2018","0248","432","356","76","71","503","1055","0","47.68","33.74"
"10","009","00","020","2019","0000","164","133","31","16","180","512","0","35.16","25.98"
"10","009","00","020","2019","0249","164","133","31","16","180","512","0","35.16","25.98"
"10","009","00","020","2020","0000","229","186","43","16","245","671","0","36.51","27.72"
"10","009","00","020","2020","0250","229","186","43","16","245","671","0","36.51","27.72"
"10","009","00","020","2021","0000","186","148","38","36","222","693","0","32.03","21.36"
"10","009","00","020","2021","0251","186","148","38","36","222","693","0","32.03","21.36"
"10","009","00","020","2022","0000","219","179","40","27","246","689","0","35.7","25.98"
"10","009","00","020","2022","0252","219","179","40","27","246","689","0","35.7","25.98"
"10","009","00","020","2023","0000","312","247","65","28","340","704","0","48.3","35.09"
"10","009","00","020","2023","0239","312","247","65","28","340","704","0","48.3","35.09"
"10","009","00","020","2024","0000","383","313","70","37","420","779","0","53.92","40.18"
"10","009","00","020","2024","0255","383","313","70","37","420","779","0","53.92","40.18"
"10","010","00","000","0000","0000","215464","166655","48809","12809","228273","442775","507780","51.56","37.64"
"10","010","00","001","0000","0000","16224","12266","3958","933","17157","31568","38048","54.35","38.86"
"10","010","00","001","0101","0000","1227","906","321","62","1289","2286","0","56.39","39.63"
"10","010","00","001","0101","0001","639","470","169","41","680","1210","0","56.2","38.84"
"10","010","00","001","0101","0002","588","436","152","21","609","1076","0","56.6","40.52"
"10","010","00","001","0102","0000","229","174","55","23","252","488","0","51.64","35.66"
"10","010","00","001","0102","0003","229","174","55","23","252","488","0","51.64","35.66"
"10","010","00","001","0103","0000","707","549","158","44","751","1475","0","50.92","37.22"
"10","010","00","001","0103","0004","707","549","158","44","751","1475","0","50.92","37.22"
"10","010","00","001","0104","0000","774","573","201","50","824","1673","0","49.25","34.25"
"10","010","00","001","0104","0005","351","247","104","25","376","790","0","47.59","31.27"
"10","010","00","001","0104","0006","423","326","97","25","448","883","0","50.74","36.92"
"10","010","00","001","0105","0000","542","417","125","36","578","1147","0","50.39","36.36"
"10","010","00","001","0105","0007","371","280","91","31","402","758","0","53.03","36.94"
"10","010","00","001","0105","0008","171","137","34","5","176","389","0","45.24","35.22"
"10","010","00","001","0106","0000","490","358","132","28","518","1101","0","47.05","32.52"
"10","010","00","001","0106","0009","490","358","132","28","518","1101","0","47.05","32.52"
"10","010","00","001","0107","0000","480","378","102","12","492","853","0","57.68","44.31"
"10","010","00","001","0107","0010","480","378","102","12","492","853","0","57.68","44.31"
"10","010","00","001","0108","0000","844","648","196","45","889","1692","0","52.54","38.3"
"10","010","00","001","0108","0014","425","348","77","30","455","913","0","49.84","38.12"
"10","010","00","001","0108","0015","419","300","119","15","434","779","0","55.71","38.51"
"10","010","00","001","0109","0000","648","483","165","70","718","1278","0","56.18","37.79"
"10","010","00","001","0109","0016","648","483","165","70","718","1278","0","56.18","37.79"
"10","010","00","001","0110","0000","1159","884","275","58","1217","2392","0","50.88","36.96"
"10","010","00","001","0110","0017","369","295","74","36","405","819","0","49.45","36.02"
"10","010","00","001","0110","0018","790","589","201","22","812","1573","0","51.62","37.44"
"10","010","00","001","0111","0000","390","316","74","26","416","726","0","57.3","43.53"
"10","010","00","001","0111","0019","246","201","45","23","269","481","0","55.93","41.79"
"10","010","00","001","0111","0020","144","115","29","3","147","245","0","60.0","46.94"
"10","010","00","001","0112","0000","301","234","67","25","326","575","0","56.7","40.7"
"10","010","00","001","0112","0021","170","135","35","14","184","317","0","58.04","42.59"
"10","010","00","001","0112","0022","131","99","32","11","142","258","0","55.04","38.37"
"10","010","00","001","0113","0000","1835","1378","457","87","1922","3333","0","57.67","41.34"
"10","010","00","001","0113","0023","302","246","56","31","333","611","0","54.5","40.26"
"10","010","00","001","0113","0024","865","643","222","42","907","1526","0","59.44","42.14"
"10","010","00","001","0113","0025","668","489","179","14","682","1196","0","57.02","40.89"
"10","010","00","001","0114","0000","2313","1752","561","158","2471","4467","0","55.32","39.22"
"10","010","00","001","0114","0026","776","574","202","68","844","1536","0","54.95","37.37"
"10","010","00","001","0114","0027","774","581","193","53","827","1481","0","55.84","39.23"
"10","010","00","001","0114","0028","763","597","166","37","800","1450","0","55.17","41.17"
"10","010","00","001","0115","0000","1020","764","256","28","1048","1829","0","57.3","41.77"
"10","010","00","001","0115","0029","453","349","104","14","467","840","0","55.6","41.55"
"10","010","00","001","0115","0030","567","415","152","14","581","989","0","58.75","41.96"
"10","010","00","001","0116","0000","1619","1211","408","87","1706","3040","0","56.12","39.84"
"10","010","00","001","0116","0031","808","628","180","43","851","1529","0","55.66","41.07"
"10","010","00","001","0116","0032","811","583","228","44","855","1511","0","56.59","38.58"
"10","010","00","001","0117","0000","324","249","75","27","351","697","0","50.36","35.72"
"10","010","00","001","0117","0033","324","249","75","27","351","697","0","50.36","35.72"
"10","010","00","001","0118","0000","1322","992","330","67","1389","2516","0","55.21","39.43"
"10","010","00","001","0118","0011","82","51","31","10","92","224","0","41.07","22.77"
"10","010","00","001","0118","0012","296","228","68","32","328","662","0","49.55","34.44"
"10","010","00","001","0118","0013","944","713","231","25","969","1630","0","59.45","43.74"
"10","010","00","002","0000","0000","17533","13420","4113","935","18468","35191","42143","52.48","38.13"
"10","010","00","002","0201","0000","1012","753","259","46","1058","1938","0","54.59","38.85"
"10","010","00","002","0201","0233","623","464","159","19","642","1183","0","54.27","39.22"
"10","010","00","002","0201","0234","389","289","100","27","416","755","0","55.1","38.28"
"10","010","00","002","0202","0000","1273","942","331","61","1334","2331","0","57.23","40.41"
"10","010","00","002","0202","0235","653","502","151","29","682","1253","0","54.43","40.06"
"10","010","00","002","0202","0236","620","440","180","32","652","1078","0","60.48","40.82"
"10","010","00","002","0203","0000","653","473","180","32","685","1117","0","61.32","42.35"
"10","010","00","002","0203","0237","653","473","180","32","685","1117","0","61.32","42.35"
"10","010","00","002","0204","0000","224","166","58","8","232","387","0","59.95","42.89"
"10","010","00","002","0204","0238","224","166","58","8","232","387","0","59.95","42.89"
"10","010","00","002","0205","0000","336","259","77","23","359","633","0","56.71","40.92"
"10","010","00","002","0205","0239","336","259","77","23","359","633","0","56.71","40.92"
"10","010","00","002","0206","0000","355","317","38","15","370","650","0","56.92","48.77"
"10","010","00","002","0206","0240","355","317","38","15","370","650","0","56.92","48.77"
"10","010","00","002","0207","0000","504","391","113","23","527","825","0","63.88","47.39"
"10","010","00","002","0207","0241","504","391","113","23","527","825","0","63.88","47.39"
"10","010","00","002","0208","0000","948","728","220","56","1004","1750","0","57.37","41.6"
"10","010","00","002","0208","0242","429","323","106","24","453","810","0","55.93","39.88"
"10","010","00","002","0208","0243","519","405","114","32","551","940","0","58.62","43.09"
"10","010","00","002","0209","0000","1206","914","292","56","1262","2510","0","50.28","36.41"
"10","010","00","002","0209","0244","466","363","103","27","493","905","0","54.48","40.11"
"10","010","00","002","0209","0245","740","551","189","29","769","1605","0","47.91","34.33"
"10","010","00","002","0210","0000","2322","1716","606","97","2419","4193","0","57.69","40.93"
"10","010","00","002","0210","0246","835","619","216","21","856","1479","0","57.88","41.85"
"10","010","00","002","0210","0247","672","489","183","33","705","1218","0","57.88","40.15"
"10","010","00","002","0210","0248","815","608","207","43","858","1496","0","57.35","40.64"
"10","010","00","002","0211","0000","353","264","89","14","367","667","0","55.02","39.58"
"10","010","00","002","0211","0249","353","264","89","14","367","667","0","55.02","39.58"
"10","010","00","002","0212","0000","245","194","51","11","256","627","0","40.83","30.94"
"10","010","00","002","0212","0250","245","194","51","11","256","627","0","40.83","30.94"
"10","010","00","002","0213","0000","376","310","66","20","396","791","0","50.06","39.19"
"10","010","00","002","0213","0251","376","310","66","20","396","791","0","50.06","39.19"
"10","010","00","002","0214","0000","513","406","107","60","573","1034","0","55.42","39.26"
"10","010","00","002","0214","0252","513","406","107","60","573","1034","0","55.42","39.26"
"10","010","00","002","0215","0000","828","582","246","19","847","1710","0","49.53","34.04"
"10","010","00","002","0215","0253","828","582","246","19","847","1710","0","49.53","34.04"
"10","010","00","002","0216","0000","1482","1130","352","66","1548","3218","0","48.1","35.11"
"10","010","00","002","0216","0254","799","610","189","39","838","1671","0","50.15","36.51"
"10","010","00","002","0216","0255","683","520","163","27","710","1547","0","45.9","33.61"
"10","010","00","002","0217","0000","1353","1040","313","53","1406","2904","0","48.42","35.81"
"10","010","00","002","0217","0256","627","477","150","39","666","1602","0","41.57","29.78"
"10","010","00","002","0217","0257","726","563","163","14","740","1302","0","56.84","43.24"
"10","010","00","002","0218","0000","356","282","74","25","381","740","0","51.49","38.11"
"10","010","00","002","0218","0258","356","282","74","25","381","740","0","51.49","38.11"
"10","010","00","002","0219","0000","580","445","135","42","622","1054","0","59.01","42.22"
"10","010","00","002","0219","0259","580","445","135","42","622","1054","0","59.01","42.22"
"10","010","00","002","0220","0000","388","318","70","12","400","907","0","44.1","35.06"
"10","010","00","002","0220","0260","388","318","70","12","400","907","0","44.1","35.06"
"10","010","00","002","0221","0000","132","98","34","18","150","251","0","59.76","39.04"
"10","010","00","002","0221","0262","132","98","34","18","150","251","0","59.76","39.04"
"10","010","00","002","0222","0000","294","229","65","23","317","720","0","44.03","31.81"
"10","010","00","002","0222","0261","294","229","65","23","317","720","0","44.03","31.81"
"10","010","00","002","0223","0000","309","255","54","34","343","767","0","44.72","33.25"
"10","010","00","002","0223","0263","309","255","54","34","343","767","0","44.72","33.25"
"10","010","00","002","0224","0000","361","296","65","32","393","702","0","55.98","42.17"
"10","010","00","002","0224","0264","361","296","65","32","393","702","0","55.98","42.17"
"10","010","00","002","0225","0000","465","380","85","39","504","1038","0","48.55","36.61"
"10","010","00","002","0225","0265","465","380","85","39","504","1038","0","48.55","36.61"
"10","010","00","002","0226","0000","435","336","99","23","458","1228","0","37.3","27.36"
"10","010","00","002","0226","0266","435","336","99","23","458","1228","0","37.3","27.36"
"10","010","00","002","0227","0000","230","196","34","27","257","499","0","51.5","39.28"
"10","010","00","002","0227","0267","230","196","34","27","257","499","0","51.5","39.28"
"10","010","00","003","0000","0000","10967","8612","2355","848","11815","23965","26846","49.3","35.94"
"10","010","00","003","0301","0000","289","243","46","21","310","614","0","50.49","39.58"
"10","010","00","003","0301","0325","289","243","46","21","310","614","0","50.49","39.58"
"10","010","00","003","0302","0000","162","129","33","9","171","372","0","45.97","34.68"
"10","010","00","003","0302","0326","162","129","33","9","171","372","0","45.97","34.68"
"10","010","00","003","0303","0000","1062","819","243","98","1160","2112","0","54.92","38.78"
"10","010","00","003","0303","0327","459","345","114","53","512","914","0","56.02","37.75"
"10","010","00","003","0303","0328","603","474","129","45","648","1198","0","54.09","39.57"
"10","010","00","003","0304","0000","495","416","79","33","528","1113","0","47.44","37.38"
"10","010","00","003","0304","0329","495","416","79","33","528","1113","0","47.44","37.38"
"10","010","00","003","0305","0000","825","647","178","61","886","1681","0","52.71","38.49"
"10","010","00","003","0305","0330","494","386","108","41","535","992","0","53.93","38.91"
"10","010","00","003","0305","0331","331","261","70","20","351","689","0","50.94","37.88"
"10","010","00","003","0306","0000","415","325","90","52","467","882","0","52.95","36.85"
"10","010","00","003","0306","0332","415","325","90","52","467","882","0","52.95","36.85"
"10","010","00","003","0307","0000","362","287","75","20","382","731","0","52.26","39.26"
"10","010","00","003","0307","0333","362","287","75","20","382","731","0","52.26","39.26"
"10","010","00","003","0308","0000","409","313","96","21","430","779","0","55.2","40.18"
"10","010","00","003","0308","0334","409","313","96","21","430","779","0","55.2","40.18"
"10","010","00","003","0309","0000","425","320","105","34","459","953","0","48.16","33.58"
"10","010","00","003","0309","0349","425","320","105","34","459","953","0","48.16","33.58"
"10","010","00","003","0310","0000","642","504","138","52","694","1292","0","53.72","39.01"
"10","010","00","003","0310","0350","642","504","138","52","694","1292","0","53.72","39.01"
"10","010","00","003","0311","0000","1145","912","233","61","1206","2371","0","50.86","38.46"
"10","010","00","003","0311","0351","564","456","108","44","608","1127","0","53.95","40.46"
"10","010","00","003","0311","0352","581","456","125","17","598","1244","0","48.07","36.66"
"10","010","00","003","0312","0000","521","407","114","17","538","1106","0","48.64","36.8"
"10","010","00","003","0312","0353","521","407","114","17","538","1106","0","48.64","36.8"
"10","010","00","003","0313","0000","508","401","107","38","546","1145","0","47.69","35.02"
"10","010","00","003","0313","0342","508","401","107","38","546","1145","0","47.69","35.02"
"10","010","00","003","0314","0000","857","635","222","44","901","1894","0","47.57","33.53"
"10","010","00","003","0314","0343","431","321","110","18","449","936","0","47.97","34.29"
"10","010","00","003","0314","0344","426","314","112","26","452","958","0","47.18","32.78"
"10","010","00","003","0315","0000","133","104","29","10","143","298","0","47.99","34.9"
"10","010","00","003","0315","0345","133","104","29","10","143","298","0","47.99","34.9"
"10","010","00","003","0316","0000","222","173","49","32","254","428","0","59.35","40.42"
"10","010","00","003","0316","0346","222","173","49","32","254","428","0","59.35","40.42"
"10","010","00","003","0317","0000","91","75","16","11","102","295","0","34.58","25.42"
"10","010","00","003","0317","0347","44","37","7","6","50","121","0","41.32","30.58"
"10","010","00","003","0317","0348","47","38","9","5","52","174","0","29.89","21.84"
"10","010","00","003","0318","0000","314","238","76","29","343","762","0","45.01","31.23"
"10","010","00","003","0318","0335","314","238","76","29","343","762","0","45.01","31.23"
"10","010","00","003","0319","0000","491","387","104","48","539","1184","0","45.52","32.69"
"10","010","00","003","0319","0336","491","387","104","48","539","1184","0","45.52","32.69"
"10","010","00","003","0320","0000","514","393","121","52","566","1351","0","41.89","29.09"
"10","010","00","003","0320","0338","514","393","121","52","566","1351","0","41.89","29.09"
"10","010","00","003","0321","0000","532","423","109","48","580","1423","0","40.76","29.73"
"10","010","00","003","0321","0337","532","423","109","48","580","1423","0","40.76","29.73"
"10","010","00","003","0322","0000","232","192","40","15","247","518","0","47.68","37.07"
"10","010","00","003","0322","0339","124","103","21","6","130","275","0","47.27","37.45"
"10","010","00","003","0322","0340","108","89","19","9","117","243","0","48.15","36.63"
"10","010","00","003","0323","0000","321","269","52","42","363","661","0","54.92","40.7"
"10","010","00","003","0323","0341","321","269","52","42","363","661","0","54.92","40.7"
"10","010","00","004","0000","0000","13374","10329","3045","707","14081","26922","30954","52.3","38.37"
"10","010","00","004","0401","0000","254","190","64","16","270","483","0","55.9","39.34"
"10","010","00","004","0401","0169","254","190","64","16","270","483","0","55.9","39.34"
"10","010","00","004","0402","0000","999","760","239","32","1031","1823","0","56.56","41.69"
"10","010","00","004","0402","0170","999","760","239","32","1031","1823","0","56.56","41.69"
"10","010","00","004","0403","0000","539","428","111","12","551","955","0","57.7","44.82"
"10","010","00","004","0403","0171","539","428","111","12","551","955","0","57.7","44.82"
"10","010","00","004","0404","0000","3035","2280","755","133","3168","5874","0","53.93","38.82"
"10","010","00","004","0404","0172","742","539","203","20","762","1436","0","53.06","37.53"
"10","010","00","004","0404","0173","635","540","95","44","679","1390","0","48.85","38.85"
"10","010","00","004","0404","0174","815","600","215","38","853","1512","0","56.42","39.68"
"10","010","00","004","0404","0175","843","601","242","31","874","1536","0","56.9","39.13"
"10","010","00","004","0405","0000","534","411","123","30","564","1165","0","48.41","35.28"
"10","010","00","004","0405","0176","534","411","123","30","564","1165","0","48.41","35.28"
"10","010","00","004","0406","0000","985","721","264","41","1026","1730","0","59.31","41.68"
"10","010","00","004","0406","0177","985","721","264","41","1026","1730","0","59.31","41.68"
"10","010","00","004","0407","0000","267","215","52","6","273","602","0","45.35","35.71"
"10","010","00","004","0407","0178","267","215","52","6","273","602","0","45.35","35.71"
"10","010","00","004","0408","0000","320","245","75","39","359","716","0","50.14","34.22"
"10","010","00","004","0408","0179","320","245","75","39","359","716","0","50.14","34.22"
"10","010","00","004","0409","0000","268","224","44","12","280","625","0","44.8","35.84"
"10","010","00","004","0409","0180","268","224","44","12","280","625","0","44.8","35.84"
"10","010","00","004","0410","0000","69","49","20","5","74","193","0","38.34","25.39"
"10","010","00","004","0410","0181","69","49","20","5","74","193","0","38.34","25.39"
"10","010","00","004","0411","0000","722","578","144","48","770","1642","0","46.89","35.2"
"10","010","00","004","0411","0182","722","578","144","48","770","1642","0","46.89","35.2"
"10","010","00","004","0412","0000","724","565","159","51","775","1465","0","52.9","38.57"
"10","010","00","004","0412","0183","724","565","159","51","775","1465","0","52.9","38.57"
"10","010","00","004","0413","0000","532","425","107","44","576","1289","0","44.69","32.97"
"10","010","00","004","0413","0184","391","311","80","26","417","928","0","44.94","33.51"
"10","010","00","004","0413","0185","141","114","27","18","159","361","0","44.04","31.58"
"10","010","00","004","0414","0000","405","329","76","21","426","814","0","52.33","40.42"
"10","010","00","004","0414","0186","405","329","76","21","426","814","0","52.33","40.42"
"10","010","00","004","0415","0000","745","576","169","29","774","1579","0","49.02","36.48"
"10","010","00","004","0415","0187","745","576","169","29","774","1579","0","49.02","36.48"
"10","010","00","004","0416","0000","1009","790","219","55","1064","2041","0","52.13","38.71"
"10","010","00","004","0416","0188","1009","790","219","55","1064","2041","0","52.13","38.71"
"10","010","00","004","0417","0000","447","351","96","33","480","931","0","51.56","37.7"
"10","010","00","004","0417","0189","447","351","96","33","480","931","0","51.56","37.7"
"10","010","00","004","0418","0000","331","248","83","29","360","675","0","53.33","36.74"
"10","010","00","004","0418","0190","331","248","83","29","360","675","0","53.33","36.74"
"10","010","00","004","0419","0000","329","267","62","16","345","655","0","52.67","40.76"
"10","010","00","004","0419","0191","329","267","62","16","345","655","0","52.67","40.76"
"10","010","00","004","0420","0000","389","310","79","26","415","833","0","49.82","37.21"
"10","010","00","004","0420","0192","389","310","79","26","415","833","0","49.82","37.21"
"10","010","00","004","0421","0000","471","367","104","29","500","832","0","60.1","44.11"
"10","010","00","004","0421","0193","471","367","104","29","500","832","0","60.1","44.11"
"10","010","00","005","0000","0000","31411","23825","7586","1672","33083","61209","71327","54.05","38.92"
"10","010","00","005","0501","0000","1205","882","323","55","1260","2297","0","54.85","38.4"
"10","010","00","005","0501","0093","700","505","195","34","734","1267","0","57.93","39.86"
"10","010","00","005","0501","0094","505","377","128","21","526","1030","0","51.07","36.6"
"10","010","00","005","0502","0000","906","673","233","44","950","1590","0","59.75","42.33"
"10","010","00","005","0502","0095","906","673","233","44","950","1590","0","59.75","42.33"
"10","010","00","005","0503","0000","1800","1311","489","60","1860","3391","0","54.85","38.66"
"10","010","00","005","0503","0096","848","624","224","18","866","1673","0","51.76","37.3"
"10","010","00","005","0503","0097","952","687","265","42","994","1718","0","57.86","39.99"
"10","010","00","005","0504","0000","1163","877","286","52","1215","2140","0","56.78","40.98"
"10","010","00","005","0504","0098","588","443","145","33","621","1040","0","59.71","42.6"
"10","010","00","005","0504","0099","575","434","141","19","594","1100","0","54.0","39.45"
"10","010","00","005","0505","0000","760","576","184","48","808","1559","0","51.83","36.95"
"10","010","00","005","0505","0100","760","576","184","48","808","1559","0","51.83","36.95"
"10","010","00","005","0506","0000","898","676","222","54","952","1862","0","51.13","36.31"
"10","010","00","005","0506","0101","898","676","222","54","952","1862","0","51.13","36.31"
"10","010","00","005","0507","0000","755","562","193","54","809","1435","0","56.38","39.16"
"10","010","00","005","0507","0102","755","562","193","54","809","1435","0","56.38","39.16"
"10","010","00","005","0508","0000","845","631","214","79","924","1751","0","52.77","36.04"
"10","010","00","005","0508","0103","845","631","214","79","924","1751","0","52.77","36.04"
"10","010","00","005","0509","0000","498","389","109","40","538","933","0","57.66","41.69"
"10","010","00","005","0509","0104","498","389","109","40","538","933","0","57.66","41.69"
"10","010","00","005","0510","0000","483","371","112","34","517","827","0","62.52","44.86"
"10","010","00","005","0510","0105","483","371","112","34","517","827","0","62.52","44.86"
"10","010","00","005","0511","0000","398","295","103","28","426","843","0","50.53","34.99"
"10","010","00","005","0511","0106","398","295","103","28","426","843","0","50.53","34.99"
"10","010","00","005","0512","0000","1066","802","264","54","1120","2159","0","51.88","37.15"
"10","010","00","005","0512","0107","894","672","222","43","937","1774","0","52.82","37.88"
"10","010","00","005","0512","0108","172","130","42","11","183","385","0","47.53","33.77"
"10","010","00","005","0513","0000","742","520","222","30","772","1306","0","59.11","39.82"
"10","010","00","005","0513","0109","742","520","222","30","772","1306","0","59.11","39.82"
"10","010","00","005","0514","0000","296","236","60","24","320","535","0","59.81","44.11"
"10","010","00","005","0514","0110","296","236","60","24","320","535","0","59.81","44.11"
"10","010","00","005","0515","0000","571","449","122","50","621","1055","0","58.86","42.56"
"10","010","00","005","0515","0111","571","449","122","50","621","1055","0","58.86","42.56"
"10","010","00","005","0516","0000","905","729","176","61","966","1875","0","51.52","38.88"
"10","010","00","005","0516","0127","905","729","176","61","966","1875","0","51.52","38.88"
"10","010","00","005","0517","0000","1401","1051","350","83","1484","2746","0","54.04","38.27"
"10","010","00","005","0517","0128","688","517","171","44","732","1305","0","56.09","39.62"
"10","010","00","005","0517","0129","713","534","179","39","752","1441","0","52.19","37.06"
"10","010","00","005","0518","0000","1063","806","257","60","1123","2004","0","56.04","40.22"
"10","010","00","005","0518","0132","1063","806","257","60","1123","2004","0","56.04","40.22"
"10","010","00","005","0519","0000","1330","1013","317","75","1405","2430","0","57.82","41.69"
"10","010","00","005","0519","0133","755","568","187","53","808","1354","0","59.68","41.95"
"10","010","00","005","0519","0134","575","445","130","22","597","1076","0","55.48","41.36"
"10","010","00","005","0520","0000","1844","1442","402","101","1945","3606","0","53.94","39.99"
"10","010","00","005","0520","0135","871","687","184","59","930","1629","0","57.09","42.17"
"10","010","00","005","0520","0136","973","755","218","42","1015","1977","0","51.34","38.19"
"10","010","00","005","0521","0000","644","479","165","56","700","1295","0","54.05","36.99"
"10","010","00","005","0521","0137","644","479","165","56","700","1295","0","54.05","36.99"
"10","010","00","005","0522","0000","2551","1993","558","103","2654","5171","0","51.32","38.54"
"10","010","00","005","0522","0112","773","611","162","37","810","1476","0","54.88","41.4"
"10","010","00","005","0522","0113","771","608","163","27","798","1583","0","50.41","38.41"
"10","010","00","005","0522","0114","353","276","77","19","372","758","0","49.08","36.41"
"10","010","00","005","0522","0115","654","498","156","20","674","1354","0","49.78","36.78"
"10","010","00","005","0523","0000","1306","972","334","48","1354","2377","0","56.96","40.89"
"10","010","00","005","0523","0116","676","506","170","29","705","1202","0","58.65","42.1"
"10","010","00","005","0523","0117","630","466","164","19","649","1175","0","55.23","39.66"
"10","010","00","005","0524","0000","1132","911","221","80","1212","2371","0","51.12","38.42"
"10","010","00","005","0524","0122","468","379","89","35","503","1019","0","49.36","37.19"
"10","010","00","005","0524","0123","664","532","132","45","709","1352","0","52.44","39.35"
"10","010","00","005","0525","0000","1295","968","327","82","1377","2563","0","53.73","37.77"
"10","010","00","005","0525","0124","849","629","220","55","904","1620","0","55.8","38.83"
"10","010","00","005","0525","0125","446","339","107","27","473","943","0","50.16","35.95"
"10","010","00","005","0526","0000","762","590","172","41","803","1720","0","46.69","34.3"
"10","010","00","005","0526","0126","762","590","172","41","803","1720","0","46.69","34.3"
"10","010","00","005","0527","0000","1570","1190","380","62","1632","2973","0","54.89","40.03"
"10","010","00","005","0527","0130","773","576","197","23","796","1413","0","56.33","40.76"
"10","010","00","005","0527","0131","797","614","183","39","836","1560","0","53.59","39.36"
"10","010","00","005","0528","0000","3222","2431","791","114","3336","6395","0","52.17","38.01"
"10","010","00","005","0528","0118","709","501","208","22","731","1423","0","51.37","35.21"
"10","010","00","005","0528","0119","811","621","190","23","834","1612","0","51.74","38.52"
"10","010","00","005","0528","0120","925","695","230","25","950","1695","0","56.05","41.0"
"10","010","00","005","0528","0121","777","614","163","44","821","1665","0","49.31","36.88"
"10","010","00","006","0000","0000","6440","4982","1458","450","6890","13105","14670","52.58","38.02"
"10","010","00","006","0601","0000","709","466","243","57","766","1318","0","58.12","35.36"
"10","010","00","006","0601","0194","709","466","243","57","766","1318","0","58.12","35.36"
"10","010","00","006","0602","0000","375","289","86","24","399","677","0","58.94","42.69"
"10","010","00","006","0602","0195","375","289","86","24","399","677","0","58.94","42.69"
"10","010","00","006","0603","0000","355","289","66","29","384","690","0","55.65","41.88"
"10","010","00","006","0603","0196","211","180","31","13","224","417","0","53.72","43.17"
"10","010","00","006","0603","0197","144","109","35","16","160","273","0","58.61","39.93"
"10","010","00","006","0604","0000","437","351","86","31","468","1003","0","46.66","35.0"
"10","010","00","006","0604","0210","437","351","86","31","468","1003","0","46.66","35.0"
"10","010","00","006","0605","0000","301","246","55","22","323","701","0","46.08","35.09"
"10","010","00","006","0605","0209","301","246","55","22","323","701","0","46.08","35.09"
"10","010","00","006","0606","0000","406","312","94","28","434","786","0","55.22","39.69"
"10","010","00","006","0606","0203","406","312","94","28","434","786","0","55.22","39.69"
"10","010","00","006","0607","0000","379","305","74","26","405","807","0","50.19","37.79"
"10","010","00","006","0607","0204","379","305","74","26","405","807","0","50.19","37.79"
"10","010","00","006","0608","0000","507","406","101","15","522","1168","0","44.69","34.76"
"10","010","00","006","0608","0205","507","406","101","15","522","1168","0","44.69","34.76"
"10","010","00","006","0609","0000","542","416","126","52","594","1052","0","56.46","39.54"
"10","010","00","006","0609","0206","542","416","126","52","594","1052","0","56.46","39.54"
"10","010","00","006","0610","0000","452","365","87","43","495","953","0","51.94","38.3"
"10","010","00","006","0610","0207","257","202","55","28","285","565","0","50.44","35.75"
"10","010","00","006","0610","0208","195","163","32","15","210","388","0","54.12","42.01"
"10","010","00","006","0611","0000","658","513","145","53","711","1294","0","54.95","39.64"
"10","010","00","006","0611","0198","487","392","95","46","533","908","0","58.7","43.17"
"10","010","00","006","0611","0199","171","121","50","7","178","386","0","46.11","31.35"
"10","010","00","006","0612","0000","546","415","131","29","575","1039","0","55.34","39.94"
"10","010","00","006","0612","0200","546","415","131","29","575","1039","0","55.34","39.94"
"10","010","00","006","0613","0000","306","241","65","27","333","708","0","47.03","34.04"
"10","010","00","006","0613","0201","306","241","65","27","333","708","0","47.03","34.04"
"10","010","00","006","0614","0000","467","368","99","14","481","909","0","52.92","40.48"
"10","010","00","006","0614","0202","467","368","99","14","481","909","0","52.92","40.48"
"10","010","00","007","0000","0000","14085","10873","3212","942","15027","27342","31755","54.96","39.77"
"10","010","00","007","0701","0000","1291","980","311","49","1340","2203","0","60.83","44.48"
"10","010","00","007","0701","0138","588","450","138","14","602","1087","0","55.38","41.4"
"10","010","00","007","0701","0139","703","530","173","35","738","1116","0","66.13","47.49"
"10","010","00","007","0702","0000","792","615","177","61","853","1567","0","54.44","39.25"
"10","010","00","007","0702","0140","391","310","81","22","413","740","0","55.81","41.89"
"10","010","00","007","0702","0141","401","305","96","39","440","827","0","53.2","36.88"
"10","010","00","007","0703","0000","868","662","206","52","920","1472","0","62.5","44.97"
"10","010","00","007","0703","0142","416","325","91","23","439","704","0","62.36","46.16"
"10","010","00","007","0703","0143","452","337","115","29","481","768","0","62.63","43.88"
"10","010","00","007","0704","0000","851","641","210","66","917","1611","0","56.92","39.79"
"10","010","00","007","0704","0144","429","319","110","31","460","761","0","60.45","41.92"
"10","010","00","007","0704","0145","422","322","100","35","457","850","0","53.76","37.88"
"10","010","00","007","0705","0000","663","510","153","49","712","1327","0","53.65","38.43"
"10","010","00","007","0705","0146","663","510","153","49","712","1327","0","53.65","38.43"
"10","010","00","007","0706","0000","804","632","172","87","891","1572","0","56.68","40.2"
"10","010","00","007","0706","0147","381","293","88","42","423","756","0","55.95","38.76"
"10","010","00","007","0706","0148","423","339","84","45","468","816","0","57.35","41.54"
"10","010","00","007","0707","0000","830","654","176","43","873","1609","0","54.26","40.65"
"10","010","00","007","0707","0149","334","256","78","20","354","667","0","53.07","38.38"
"10","010","00","007","0707","0150","496","398","98","23","519","942","0","55.1","42.25"
"10","010","00","007","0708","0000","398","317","81","46","444","918","0","48.37","34.53"
"10","010","00","007","0708","0151","398","317","81","46","444","918","0","48.37","34.53"
"10","010","00","007","0709","0000","272","224","48","12","284","554","0","51.26","40.43"
"10","010","00","007","0709","0152","272","224","48","12","284","554","0","51.26","40.43"
"10","010","00","007","0710","0000","434","338","96","30","464","929","0","49.95","36.38"
"10","010","00","007","0710","0153","434","338","96","30","464","929","0","49.95","36.38"
"10","010","00","007","0711","0000","189","136","53","18","207","487","0","42.51","27.93"
"10","010","00","007","0711","0154","189","136","53","18","207","487","0","42.51","27.93"
"10","010","00","007","0712","0000","245","199","46","25","270","487","0","55.44","40.86"
"10","010","00","007","0712","0155","245","199","46","25","270","487","0","55.44","40.86"
"10","010","00","007","0713","0000","859","616","243","65","924","1681","0","54.97","36.64"
"10","010","00","007","0713","0156","413","302","111","29","442","836","0","52.87","36.12"
"10","010","00","007","0713","0157","446","314","132","36","482","845","0","57.04","37.16"
"10","010","00","007","0714","0000","833","631","202","59","892","1587","0","56.21","39.76"
"10","010","00","007","0714","0158","437","330","107","30","467","834","0","56.0","39.57"
"10","010","00","007","0714","0159","396","301","95","29","425","753","0","56.44","39.97"
"10","010","00","007","0715","0000","662","495","167","43","705","1328","0","53.09","37.27"
"10","010","00","007","0715","0160","662","495","167","43","705","1328","0","53.09","37.27"
"10","010","00","007","0716","0000","814","641","173","45","859","1400","0","61.36","45.79"
"10","010","00","007","0716","0163","814","641","173","45","859","1400","0","61.36","45.79"
"10","010","00","007","0717","0000","591","450","141","33","624","1043","0","59.83","43.14"
"10","010","00","007","0717","0162","591","450","141","33","624","1043","0","59.83","43.14"
"10","010","00","007","0718","0000","537","417","120","22","559","969","0","57.69","43.03"
"10","010","00","007","0718","0161","537","417","120","22","559","969","0","57.69","43.03"
"10","010","00","007","0719","0000","381","311","70","22","403","1017","0","39.63","30.58"
"10","010","00","007","0719","0164","381","311","70","22","403","1017","0","39.63","30.58"
"10","010","00","007","0720","0000","524","406","118","32","556","1132","0","49.12","35.87"
"10","010","00","007","0720","0165","524","406","118","32","556","1132","0","49.12","35.87"
"10","010","00","007","0721","0000","498","395","103","46","544","1037","0","52.46","38.09"
"10","010","00","007","0721","0166","498","395","103","46","544","1037","0","52.46","38.09"
"10","010","00","007","0722","0000","309","255","54","24","333","563","0","59.15","45.29"
"10","010","00","007","0722","0167","309","255","54","24","333","563","0","59.15","45.29"
"10","010","00","007","0723","0000","440","348","92","13","453","849","0","53.36","40.99"
"10","010","00","007","0723","0168","440","348","92","13","453","849","0","53.36","40.99"
"10","010","00","008","0000","0000","8490","6755","1735","546","9036","20821","23049","43.4","32.44"
"10","010","00","008","0801","0000","508","412","96","22","530","1165","0","45.49","35.36"
"10","010","00","008","0801","0268","508","412","96","22","530","1165","0","45.49","35.36"
"10","010","00","008","0802","0000","287","235","52","18","305","825","0","36.97","28.48"
"10","010","00","008","0802","0269","287","235","52","18","305","825","0","36.97","28.48"
"10","010","00","008","0803","0000","367","284","83","21","388","850","0","45.65","33.41"
"10","010","00","008","0803","0270","367","284","83","21","388","850","0","45.65","33.41"
"10","010","00","008","0804","0000","117","89","28","15","132","222","0","59.46","40.09"
"10","010","00","008","0804","0271","117","89","28","15","132","222","0","59.46","40.09"
"10","010","00","008","0805","0000","574","451","123","33","607","1216","0","49.92","37.09"
"10","010","00","008","0805","0272","574","451","123","33","607","1216","0","49.92","37.09"
"10","010","00","008","0806","0000","449","361","88","34","483","1200","0","40.25","30.08"
"10","010","00","008","0806","0273","449","361","88","34","483","1200","0","40.25","30.08"
"10","010","00","008","0807","0000","379","302","77","42","421","877","0","48.0","34.44"
"10","010","00","008","0807","0274","379","302","77","42","421","877","0","48.0","34.44"
"10","010","00","008","0808","0000","257","199","58","21","278","644","0","43.17","30.9"
"10","010","00","008","0808","0275","257","199","58","21","278","644","0","43.17","30.9"
"10","010","00","008","0809","0000","268","232","36","15","283","761","0","37.19","30.49"
"10","010","00","008","0809","0276","219","192","27","14","233","594","0","39.23","32.32"
"10","010","00","008","0809","0277","49","40","9","1","50","167","0","29.94","23.95"
"10","010","00","008","0810","0000","272","223","49","20","292","714","0","40.9","31.23"
"10","010","00","008","0810","0283","272","223","49","20","292","714","0","40.9","31.23"
"10","010","00","008","0811","0000","501","406","95","33","534","1051","0","50.81","38.63"
"10","010","00","008","0811","0284","501","406","95","33","534","1051","0","50.81","38.63"
"10","010","00","008","0812","0000","469","374","95","18","487","934","0","52.14","40.04"
"10","010","00","008","0812","0285","469","374","95","18","487","934","0","52.14","40.04"
"10","010","00","008","0813","0000","497","386","111","23","520","1044","0","49.81","36.97"
"10","010","00","008","0813","0286","497","386","111","23","520","1044","0","49.81","36.97"
"10","010","00","008","0814","0000","645","507","138","23","668","1476","0","45.26","34.35"
"10","010","00","008","0814","0287","645","507","138","23","668","1476","0","45.26","34.35"
"10","010","00","008","0815","0000","223","179","44","10","233","618","0","37.7","28.96"
"10","010","00","008","0815","0288","223","179","44","10","233","618","0","37.7","28.96"
"10","010","00","008","0816","0000","148","132","16","14","162","478","0","33.89","27.62"
"10","010","00","008","0816","0289","148","132","16","14","162","478","0","33.89","27.62"
"10","010","00","008","0817","0000","214","173","41","21","235","642","0","36.6","26.95"
"10","010","00","008","0817","0290","214","173","41","21","235","642","0","36.6","26.95"
"10","010","00","008","0818","0000","294","224","70","11","305","883","0","34.54","25.37"
"10","010","00","008","0818","0291","294","224","70","11","305","883","0","34.54","25.37"
"10","010","00","008","0819","0000","599","462","137","51","650","1391","0","46.73","33.21"
"10","010","00","008","0819","0278","71","51","20","3","74","204","0","36.27","25.0"
"10","010","00","008","0819","0279","90","64","26","5","95","234","0","40.6","27.35"
"10","010","00","008","0819","0280","142","113","29","3","145","361","0","40.17","31.3"
"10","010","00","008","0819","0281","296","234","62","40","336","592","0","56.76","39.53"
"10","010","00","008","0820","0000","288","210","78","30","318","619","0","51.37","33.93"
"10","010","00","008","0820","0282","288","210","78","30","318","619","0","51.37","33.93"
"10","010","00","008","0821","0000","260","227","33","4","264","739","0","35.72","30.72"
"10","010","00","008","0821","0292","260","227","33","4","264","739","0","35.72","30.72"
"10","010","00","008","0822","0000","206","159","47","13","219","554","0","39.53","28.7"
"10","010","00","008","0822","0293","206","159","47","13","219","554","0","39.53","28.7"
"10","010","00","008","0823","0000","215","167","48","15","230","649","0","35.44","25.73"
"10","010","00","008","0823","0294","215","167","48","15","230","649","0","35.44","25.73"
"10","010","00","008","0824","0000","249","197","52","25","274","689","0","39.77","28.59"
"10","010","00","008","0824","0295","249","197","52","25","274","689","0","39.77","28.59"
"10","010","00","008","0825","0000","204","164","40","14","218","580","0","37.59","28.28"
"10","010","00","008","0825","0296","167","133","34","13","180","455","0","39.56","29.23"
"10","010","00","008","0825","0297","37","31","6","1","38","125","0","30.4","24.8"
"10","010","00","009","0000","0000","8580","6940","1640","646","9226","21915","24658","42.1","31.67"
"10","010","00","009","0901","0000","885","721","164","55","940","1915","0","49.09","37.65"
"10","010","00","009","0901","0298","885","721","164","55","940","1915","0","49.09","37.65"
"10","010","00","009","0902","0000","344","264","80","37","381","938","0","40.62","28.14"
"10","010","00","009","0902","0299","344","264","80","37","381","938","0","40.62","28.14"
"10","010","00","009","0903","0000","413","321","92","19","432","1366","0","31.63","23.5"
"10","010","00","009","0903","0300","413","321","92","19","432","1366","0","31.63","23.5"
"10","010","00","009","0904","0000","673","551","122","12","685","1676","0","40.87","32.88"
"10","010","00","009","0904","0301","673","551","122","12","685","1676","0","40.87","32.88"
"10","010","00","009","0905","0000","436","342","94","46","482","1151","0","41.88","29.71"
"10","010","00","009","0905","0302","436","342","94","46","482","1151","0","41.88","29.71"
"10","010","00","009","0906","0000","300","242","58","23","323","716","0","45.11","33.8"
"10","010","00","009","0906","0303","300","242","58","23","323","716","0","45.11","33.8"
"10","010","00","009","0907","0000","150","130","20","7","157","387","0","40.57","33.59"
"10","010","00","009","0907","0304","150","130","20","7","157","387","0","40.57","33.59"
"10","010","00","009","0908","0000","266","218","48","10","276","864","0","31.94","25.23"
"10","010","00","009","0908","0305","266","218","48","10","276","864","0","31.94","25.23"
"10","010","00","009","0909","0000","306","238","68","10","316","910","0","34.73","26.15"
"10","010","00","009","0909","0306","306","238","68","10","316","910","0","34.73","26.15"
"10","010","00","009","0910","0000","287","224","63","12","299","760","0","39.34","29.47"
"10","010","00","009","0910","0307","287","224","63","12","299","760","0","39.34","29.47"
"10","010","00","009","0911","0000","158","138","20","11","169","378","0","44.71","36.51"
"10","010","00","009","0911","0308","84","73","11","5","89","166","0","53.61","43.98"
"10","010","00","009","0911","0309","74","65","9","6","80","212","0","37.74","30.66"
"10","010","00","009","0912","0000","311","256","55","38","349","993","0","35.15","25.78"
"10","010","00","009","0912","0310","311","256","55","38","349","993","0","35.15","25.78"
"10","010","00","009","0913","0000","517","414","103","39","556","1226","0","45.35","33.77"
"10","010","00","009","0913","0314","517","414","103","39","556","1226","0","45.35","33.77"
"10","010","00","009","0914","0000","328","254","74","37","365","843","0","43.3","30.13"
"10","010","00","009","0914","0315","328","254","74","37","365","843","0","43.3","30.13"
"10","010","00","009","0915","0000","276","219","57","24","300","693","0","43.29","31.6"
"10","010","00","009","0915","0316","276","219","57","24","300","693","0","43.29","31.6"
"10","010","00","009","0916","0000","378","316","62","34","412","839","0","49.11","37.66"
"10","010","00","009","0916","0317","378","316","62","34","412","839","0","49.11","37.66"
"10","010","00","009","0917","0000","258","218","40","17","275","684","0","40.2","31.87"
"10","010","00","009","0917","0318","149","126","23","10","159","363","0","43.8","34.71"
"10","010","00","009","0917","0319","109","92","17","7","116","321","0","36.14","28.66"
"10","010","00","009","0918","0000","541","449","92","55","596","1083","0","55.03","41.46"
"10","010","00","009","0918","0320","541","449","92","55","596","1083","0","55.03","41.46"
"10","010","00","009","0919","0000","395","302","93","28","423","901","0","46.95","33.52"
"10","010","00","009","0919","0321","395","302","93","28","423","901","0","46.95","33.52"
"10","010","00","009","0920","0000","417","351","66","34","451","1216","0","37.09","28.87"
"10","010","00","009","0920","0322","417","351","66","34","451","1216","0","37.09","28.87"
"10","010","00","009","0921","0000","375","300","75","37","412","789","0","52.22","38.02"
"10","010","00","009","0921","0323","227","182","45","25","252","418","0","60.29","43.54"
"10","010","00","009","0921","0324","148","118","30","12","160","371","0","43.13","31.81"
"10","010","00","009","0922","0000","117","97","20","9","126","306","0","41.18","31.7"
"10","010","00","009","0922","0311","117","97","20","9","126","306","0","41.18","31.7"
"10","010","00","009","0923","0000","449","375","74","52","501","1281","0","39.11","29.27"
"10","010","00","009","0923","0312","371","307","64","40","411","1046","0","39.29","29.35"
"10","010","00","009","0923","0313","78","68","10","12","90","235","0","38.3","28.94"
"10","010","00","010","0000","0000","7974","6137","1837","565","8539","16647","18297","51.29","36.87"
"10","010","00","010","1001","0000","340","270","70","26","366","705","0","51.91","38.3"
"10","010","00","010","1001","0354","217","171","46","15","232","482","0","48.13","35.48"
"10","010","00","010","1001","0355","123","99","24","11","134","223","0","60.09","44.39"
"10","010","00","010","1002","0000","780","484","296","60","840","1529","0","54.94","31.65"
"10","010","00","010","1002","0356","780","484","296","60","840","1529","0","54.94","31.65"
"10","010","00","010","1003","0000","629","489","140","36","665","1175","0","56.6","41.62"
"10","010","00","010","1003","0357","629","489","140","36","665","1175","0","56.6","41.62"
"10","010","00","010","1004","0000","516","399","117","36","552","886","0","62.3","45.03"
"10","010","00","010","1004","0358","516","399","117","36","552","886","0","62.3","45.03"
"10","010","00","010","1005","0000","321","250","71","16","337","743","0","45.36","33.65"
"10","010","00","010","1005","0359","321","250","71","16","337","743","0","45.36","33.65"
"10","010","00","010","1006","0000","619","476","143","63","682","1236","0","55.18","38.51"
"10","010","00","010","1006","0360","619","476","143","63","682","1236","0","55.18","38.51"
"10","010","00","010","1007","0000","182","137","45","12","194","377","0","51.46","36.34"
"10","010","00","010","1007","0361","182","137","45","12","194","377","0","51.46","36.34"
"10","010","00","010","1008","0000","200","164","36","16","216","440","0","49.09","37.27"
"10","010","00","010","1008","0362","143","114","29","13","156","338","0","46.15","33.73"
"10","010","00","010","1008","0363","57","50","7","3","60","102","0","58.82","49.02"
"10","010","00","010","1009","0000","348","273","75","19","367","763","0","48.1","35.78"
"10","010","00","010","1009","0364","348","273","75","19","367","763","0","48.1","35.78"
"10","010","00","010","1010","0000","232","177","55","20","252","429","0","58.74","41.26"
"10","010","00","010","1010","0365","232","177","55","20","252","429","0","58.74","41.26"
"10","010","00","010","1011","0000","193","157","36","21","214","427","0","50.12","36.77"
"10","010","00","010","1011","0366","193","157","36","21","214","427","0","50.12","36.77"
"10","010","00","010","1012","0000","310","243","67","26","336","607","0","55.35","40.03"
"10","010","00","010","1012","0367","310","243","67","26","336","607","0","55.35","40.03"
"10","010","00","010","1013","0000","655","511","144","40","695","1486","0","46.77","34.39"
"10","010","00","010","1013","0368","655","511","144","40","695","1486","0","46.77","34.39"
"10","010","00","010","1014","0000","451","362","89","33","484","835","0","57.96","43.35"
"10","010","00","010","1014","0369","451","362","89","33","484","835","0","57.96","43.35"
"10","010","00","010","1015","0000","323","258","65","32","355","816","0","43.5","31.62"
"10","010","00","010","1015","0370","323","258","65","32","355","816","0","43.5","31.62"
"10","010","00","010","1016","0000","345","248","97","41","386","833","0","46.34","29.77"
"10","010","00","010","1016","0371","345","248","97","41","386","833","0","46.34","29.77"
"10","010","00","010","1017","0000","207","170","37","7","214","433","0","49.42","39.26"
"10","010","00","010","1017","0372","207","170","37","7","214","433","0","49.42","39.26"
"10","010","00","010","1018","0000","243","193","50","5","248","558","0","44.44","34.59"
"10","010","00","010","1018","0373","243","193","50","5","248","558","0","44.44","34.59"
"10","010","00","010","1019","0000","351","276","75","26","377","742","0","50.81","37.2"
"10","010","00","010","1019","0374","292","225","67","25","317","602","0","52.66","37.38"
"10","010","00","010","1019","0375","59","51","8","1","60","140","0","42.86","36.43"
"10","010","00","010","1020","0000","172","137","35","14","186","393","0","47.33","34.86"
"10","010","00","010","1020","0376","172","137","35","14","186","393","0","47.33","34.86"
"10","010","00","010","1021","0000","281","231","50","12","293","585","0","50.09","39.49"
"10","010","00","010","1021","0377","281","231","50","12","293","585","0","50.09","39.49"
"10","010","00","010","1022","0000","276","232","44","4","280","649","0","43.14","35.75"
"10","010","00","010","1022","0378","201","171","30","3","204","526","0","38.78","32.51"
"10","010","00","010","1022","0379","75","61","14","1","76","123","0","61.79","49.59"
"10","010","00","011","0000","0000","6116","4653","1463","518","6634","13937","15422","47.6","33.39"
"10","010","00","011","1101","0000","212","153","59","32","244","522","0","46.74","29.31"
"10","010","00","011","1101","0034","212","153","59","32","244","522","0","46.74","29.31"
"10","010","00","011","1102","0000","275","197","78","29","304","563","0","54.0","34.99"
"10","010","00","011","1102","0035","275","197","78","29","304","563","0","54.0","34.99"
"10","010","00","011","1103","0000","602","448","154","46","648","1304","0","49.69","34.36"
"10","010","00","011","1103","0036","602","448","154","46","648","1304","0","49.69","34.36"
"10","010","00","011","1104","0000","619","445","174","42","661","1312","0","50.38","33.92"
"10","010","00","011","1104","0037","619","445","174","42","661","1312","0","50.38","33.92"
"10","010","00","011","1105","0000","254","195","59","6","260","738","0","35.23","26.42"
"10","010","00","011","1105","0038","147","113","34","3","150","320","0","46.88","35.31"
"10","010","00","011","1105","0039","107","82","25","3","110","418","0","26.32","19.62"
"10","010","00","011","1106","0000","404","324","80","47","451","1025","0","44.0","31.61"
"10","010","00","011","1106","0040","404","324","80","47","451","1025","0","44.0","31.61"
"10","010","00","011","1107","0000","182","140","42","13","195","451","0","43.24","31.04"
"10","010","00","011","1107","0041","182","140","42","13","195","451","0","43.24","31.04"
"10","010","00","011","1108","0000","410","348","62","38","448","830","0","53.98","41.93"
"10","010","00","011","1108","0042","410","348","62","38","448","830","0","53.98","41.93"
"10","010","00","011","1109","0000","464","353","111","35","499","1050","0","47.52","33.62"
"10","010","00","011","1109","0043","464","353","111","35","499","1050","0","47.52","33.62"
"10","010","00","011","1110","0000","357","262","95","42","399","972","0","41.05","26.95"
"10","010","00","011","1110","0044","357","262","95","42","399","972","0","41.05","26.95"
"10","010","00","011","1111","0000","415","317","98","30","445","962","0","46.26","32.95"
"10","010","00","011","1111","0045","415","317","98","30","445","962","0","46.26","32.95"
"10","010","00","011","1112","0000","441","339","102","46","487","940","0","51.81","36.06"
"10","010","00","011","1112","0046","311","225","86","38","349","678","0","51.47","33.19"
"10","010","00","011","1112","0047","130","114","16","8","138","262","0","52.67","43.51"
"10","010","00","011","1113","0000","479","355","124","29","508","1212","0","41.91","29.29"
"10","010","00","011","1113","0048","376","278","98","22","398","906","0","43.93","30.68"
"10","010","00","011","1113","0049","103","77","26","7","110","306","0","35.95","25.16"
"10","010","00","011","1114","0000","707","544","163","54","761","1435","0","53.03","37.91"
"10","010","00","011","1114","0050","514","395","119","40","554","1062","0","52.17","37.19"
"10","010","00","011","1114","0051","193","149","44","14","207","373","0","55.5","39.95"
"10","010","00","011","1115","0000","295","233","62","29","324","621","0","52.17","37.52"
"10","010","00","011","1115","0052","160","117","43","15","175","324","0","54.01","36.11"
"10","010","00","011","1115","0053","135","116","19","14","149","297","0","50.17","39.06"
"10","010","00","012","0000","0000","22398","17400","4998","1083","23481","43857","49406","53.54","39.67"
"10","010","00","012","1201","0000","2002","1512","490","83","2085","3971","0","52.51","38.08"
"10","010","00","012","1201","0054","503","391","112","17","520","1024","0","50.78","38.18"
"10","010","00","012","1201","0055","580","432","148","35","615","1015","0","60.59","42.56"
"10","010","00","012","1201","0056","919","689","230","31","950","1932","0","49.17","35.66"
"10","010","00","012","1202","0000","1388","1052","336","67","1455","2475","0","58.79","42.51"
"10","010","00","012","1202","0057","664","488","176","25","689","1170","0","58.89","41.71"
"10","010","00","012","1202","0058","724","564","160","42","766","1305","0","58.7","43.22"
"10","010","00","012","1203","0000","918","717","201","40","958","1564","0","61.25","45.84"
"10","010","00","012","1203","0066","399","313","86","21","420","626","0","67.09","50.0"
"10","010","00","012","1203","0067","337","257","80","8","345","570","0","60.53","45.09"
"10","010","00","012","1203","0068","182","147","35","11","193","368","0","52.45","39.95"
"10","010","00","012","1204","0000","1039","809","230","83","1122","2102","0","53.38","38.49"
"10","010","00","012","1204","0069","481","385","96","59","540","1037","0","52.07","37.13"
"10","010","00","012","1204","0070","558","424","134","24","582","1065","0","54.65","39.81"
"10","010","00","012","1205","0000","474","357","117","38","512","802","0","63.84","44.51"
"10","010","00","012","1205","0071","474","357","117","38","512","802","0","63.84","44.51"
"10","010","00","012","1206","0000","746","561","185","41","787","1566","0","50.26","35.82"
"10","010","00","012","1206","0059","589","439","150","31","620","1242","0","49.92","35.35"
"10","010","00","012","1206","0060","157","122","35","10","167","324","0","51.54","37.65"
"10","010","00","012","1207","0000","910","690","220","64","974","1838","0","52.99","37.54"
"10","010","00","012","1207","0061","311","243","68","20","331","622","0","53.22","39.07"
"10","010","00","012","1207","0062","599","447","152","44","643","1216","0","52.88","36.76"
"10","010","00","012","1208","0000","1007","775","232","39","1046","1791","0","58.4","43.27"
"10","010","00","012","1208","0063","546","424","122","18","564","1020","0","55.29","41.57"
"10","010","00","012","1208","0064","461","351","110","21","482","771","0","62.52","45.53"
"10","010","00","012","1209","0000","264","197","67","15","279","441","0","63.27","44.67"
"10","010","00","012","1209","0065","264","197","67","15","279","441","0","63.27","44.67"
"10","010","00","012","1210","0000","357","272","85","18","375","641","0","58.5","42.43"
"10","010","00","012","1210","0074","357","272","85","18","375","641","0","58.5","42.43"
"10","010","00","012","1211","0000","235","183","52","10","245","408","0","60.05","44.85"
"10","010","00","012","1211","0075","235","183","52","10","245","408","0","60.05","44.85"
"10","010","00","012","1212","0000","680","514","166","51","731","1363","0","53.63","37.71"
"10","010","00","012","1212","0076","427","325","102","32","459","794","0","57.81","40.93"
"10","010","00","012","1212","0077","253","189","64","19","272","569","0","47.8","33.22"
"10","010","00","012","1213","0000","1003","772","231","44","1047","1948","0","53.75","39.63"
"10","010","00","012","1213","0072","1003","772","231","44","1047","1948","0","53.75","39.63"
"10","010","00","012","1214","0000","501","398","103","32","533","1028","0","51.85","38.72"
"10","010","00","012","1214","0073","501","398","103","32","533","1028","0","51.85","38.72"
"10","010","00","012","1215","0000","1081","827","254","33","1114","2035","0","54.74","40.64"
"10","010","00","012","1215","0080","1081","827","254","33","1114","2035","0","54.74","40.64"
"10","010","00","012","1216","0000","1024","795","229","56","1080","1987","0","54.35","40.01"
"10","010","00","012","1216","0081","1024","795","229","56","1080","1987","0","54.35","40.01"
"10","010","00","012","1217","0000","966","758","208","48","1014","1766","0","57.42","42.92"
"10","010","00","012","1217","0078","431","340","91","23","454","806","0","56.33","42.18"
"10","010","00","012","1217","0079","535","418","117","25","560","960","0","58.33","43.54"
"10","010","00","012","1218","0000","1873","1538","335","65","1938","4310","0","44.97","35.68"
"10","010","00","012","1218","0083","954","808","146","36","990","2208","0","44.84","36.59"
"10","010","00","012","1218","0084","919","730","189","29","948","2102","0","45.1","34.73"
"10","010","00","012","1219","0000","1524","1177","347","58","1582","2980","0","53.09","39.5"
"10","010","00","012","1219","0085","641","517","124","32","673","1309","0","51.41","39.5"
"10","010","00","012","1219","0086","883","660","223","26","909","1671","0","54.4","39.5"
"10","010","00","012","1220","0000","983","774","209","45","1028","1919","0","53.57","40.33"
"10","010","00","012","1220","0089","983","774","209","45","1028","1919","0","53.57","40.33"
"10","010","00","012","1221","0000","896","725","171","29","925","1772","0","52.2","40.91"
"10","010","00","012","1221","0088","896","725","171","29","925","1772","0","52.2","40.91"
"10","010","00","012","1222","0000","439","356","83","19","458","912","0","50.22","39.04"
"10","010","00","012","1222","0090","439","356","83","19","458","912","0","50.22","39.04"
"10","010","00","012","1223","0000","508","417","91","13","521","992","0","52.52","42.04"
"10","010","00","012","1223","0091","508","417","91","13","521","992","0","52.52","42.04"
"10","010","00","012","1224","0000","530","406","124","42","572","1270","0","45.04","31.97"
"10","010","00","012","1224","0092","530","406","124","42","572","1270","0","45.04","31.97"
"10","010","00","012","1225","0000","625","485","140","25","650","1154","0","56.33","42.03"
"10","010","00","012","1225","0082","625","485","140","25","650","1154","0","56.33","42.03"
"10","010","00","012","1226","0000","425","333","92","25","450","822","0","54.74","40.51"
"10","010","00","012","1226","0087","425","333","92","25","450","822","0","54.74","40.51"
"10","010","00","013","0000","0000","17793","13696","4097","899","18692","39139","44605","47.76","34.99"
"10","010","00","013","1301","0000","770","589","181","60","830","1809","0","45.88","32.56"
"10","010","00","013","1301","0392","770","589","181","60","830","1809","0","45.88","32.56"
"10","010","00","013","1302","0000","458","348","110","18","476","953","0","49.95","36.52"
"10","010","00","013","1302","0393","458","348","110","18","476","953","0","49.95","36.52"
"10","010","00","013","1303","0000","351","279","72","17","368","828","0","44.44","33.7"
"10","010","00","013","1303","0401","351","279","72","17","368","828","0","44.44","33.7"
"10","010","00","013","1304","0000","424","326","98","18","442","879","0","50.28","37.09"
"10","010","00","013","1304","0400","424","326","98","18","442","879","0","50.28","37.09"
"10","010","00","013","1305","0000","626","484","142","42","668","1441","0","46.36","33.59"
"10","010","00","013","1305","0394","626","484","142","42","668","1441","0","46.36","33.59"
"10","010","00","013","1306","0000","1213","935","278","61","1274","2834","0","44.95","32.99"
"10","010","00","013","1306","0380","425","326","99","18","443","1046","0","42.35","31.17"
"10","010","00","013","1306","0381","788","609","179","43","831","1788","0","46.48","34.06"
"10","010","00","013","1307","0000","1523","1142","381","63","1586","3311","0","47.9","34.49"
"10","010","00","013","1307","0382","778","590","188","30","808","1730","0","46.71","34.1"
"10","010","00","013","1307","0383","745","552","193","33","778","1581","0","49.21","34.91"
"10","010","00","013","1308","0000","3292","2494","798","88","3380","7060","0","47.88","35.33"
"10","010","00","013","1308","0384","656","494","162","24","680","1594","0","42.66","30.99"
"10","010","00","013","1308","0385","903","667","236","19","922","1801","0","51.19","37.03"
"10","010","00","013","1308","0386","901","693","208","27","928","1862","0","49.84","37.22"
"10","010","00","013","1308","0387","832","640","192","18","850","1803","0","47.14","35.5"
"10","010","00","013","1309","0000","2693","2083","610","127","2820","5642","0","49.98","36.92"
"10","010","00","013","1309","0388","722","557","165","29","751","1481","0","50.71","37.61"
"10","010","00","013","1309","0389","696","539","157","34","730","1366","0","53.44","39.46"
"10","010","00","013","1309","0390","684","521","163","36","720","1599","0","45.03","32.58"
"10","010","00","013","1309","0391","591","466","125","28","619","1196","0","51.76","38.96"
"10","010","00","013","1310","0000","828","657","171","43","871","1882","0","46.28","34.91"
"10","010","00","013","1310","0395","828","657","171","43","871","1882","0","46.28","34.91"
"10","010","00","013","1311","0000","693","552","141","12","705","1470","0","47.96","37.55"
"10","010","00","013","1311","0396","693","552","141","12","705","1470","0","47.96","37.55"
"10","010","00","013","1312","0000","867","673","194","67","934","2121","0","44.04","31.73"
"10","010","00","013","1312","0397","704","548","156","53","757","1699","0","44.56","32.25"
"10","010","00","013","1312","0398","163","125","38","14","177","422","0","41.94","29.62"
"10","010","00","013","1313","0000","484","388","96","34","518","1030","0","50.29","37.67"
"10","010","00","013","1313","0399","484","388","96","34","518","1030","0","50.29","37.67"
"10","010","00","013","1314","0000","618","489","129","33","651","1177","0","55.31","41.55"
"10","010","00","013","1314","0402","480","385","95","23","503","881","0","57.09","43.7"
"10","010","00","013","1314","0403","138","104","34","10","148","296","0","50.0","35.14"
"10","010","00","013","1315","0000","454","345","109","25","479","979","0","48.93","35.24"
"10","010","00","013","1315","0404","454","345","109","25","479","979","0","48.93","35.24"
"10","010","00","013","1316","0000","772","602","170","37","809","1938","0","41.74","31.06"
"10","010","00","013","1316","0405","550","429","121","30","580","1268","0","45.74","33.83"
"10","010","00","013","1316","0406","222","173","49","7","229","670","0","34.18","25.82"
"10","010","00","013","1317","0000","285","213","72","18","303","741","0","40.89","28.74"
"10","010","00","013","1317","0409","285","213","72","18","303","741","0","40.89","28.74"
"10","010","00","013","1318","0000","443","334","109","41","484","1000","0","48.4","33.4"
"10","010","00","013","1318","0410","233","180","53","7","240","518","0","46.33","34.75"
"10","010","00","013","1318","0411","210","154","56","34","244","482","0","50.62","31.95"
"10","010","00","013","1319","0000","327","240","87","32","359","648","0","55.4","37.04"
"10","010","00","013","1319","0408","327","240","87","32","359","648","0","55.4","37.04"
"10","010","00","013","1320","0000","387","296","91","44","431","754","0","57.16","39.26"
"10","010","00","013","1320","0407","387","296","91","44","431","754","0","57.16","39.26"
"10","010","00","013","1321","0000","151","118","33","7","158","348","0","45.4","33.91"
"10","010","00","013","1321","0412","151","118","33","7","158","348","0","45.4","33.91"
"10","010","00","013","1322","0000","134","109","25","12","146","294","0","49.66","37.07"
"10","010","00","013","1322","0413","134","109","25","12","146","294","0","49.66","37.07"
"10","010","00","014","0000","0000","15589","12242","3347","868","16457","31228","35625","52.7","39.2"
"10","010","00","014","1401","0000","1381","1045","336","53","1434","2522","0","56.86","41.44"
"10","010","00","014","1401","0414","709","521","188","27","736","1312","0","56.1","39.71"
"10","010","00","014","1401","0415","672","524","148","26","698","1210","0","57.69","43.31"
"10","010","00","014","1402","0000","1152","929","223","56","1208","2198","0","54.96","42.27"
"10","010","00","014","1402","0416","523","423","100","32","555","991","0","56.0","42.68"
"10","010","00","014","1402","0417","629","506","123","24","653","1207","0","54.1","41.92"
"10","010","00","014","1403","0000","358","253","105","15","373","752","0","49.6","33.64"
"10","010","00","014","1403","0418","358","253","105","15","373","752","0","49.6","33.64"
"10","010","00","014","1404","0000","459","364","95","33","492","833","0","59.06","43.7"
"10","010","00","014","1404","0419","459","364","95","33","492","833","0","59.06","43.7"
"10","010","00","014","1405","0000","658","527","131","35","693","1220","0","56.8","43.2"
"10","010","00","014","1405","0420","658","527","131","35","693","1220","0","56.8","43.2"
"10","010","00","014","1406","0000","367","291","76","16","383","616","0","62.18","47.24"
"10","010","00","014","1406","0421","367","291","76","16","383","616","0","62.18","47.24"
"10","010","00","014","1407","0000","488","398","90","43","531","1031","0","51.5","38.6"
"10","010","00","014","1407","0422","488","398","90","43","531","1031","0","51.5","38.6"
"10","010","00","014","1408","0000","2608","2030","578","113","2721","5283","0","51.5","38.43"
"10","010","00","014","1408","0423","645","519","126","26","671","1292","0","51.93","40.17"
"10","010","00","014","1408","0424","1046","802","244","56","1102","1995","0","55.24","40.2"
"10","010","00","014","1408","0425","917","709","208","31","948","1996","0","47.49","35.52"
"10","010","00","014","1409","0000","727","546","181","37","764","1449","0","52.73","37.68"
"10","010","00","014","1409","0426","727","546","181","37","764","1449","0","52.73","37.68"
"10","010","00","014","1410","0000","727","578","149","43","770","1420","0","54.23","40.7"
"10","010","00","014","1410","0427","727","578","149","43","770","1420","0","54.23","40.7"
"10","010","00","014","1411","0000","836","671","165","46","882","1590","0","55.47","42.2"
"10","010","00","014","1411","0428","836","671","165","46","882","1590","0","55.47","42.2"
"10","010","00","014","1412","0000","822","626","196","51","873","1785","0","48.91","35.07"
"10","010","00","014","1412","0429","372","295","77","21","393","771","0","50.97","38.26"
"10","010","00","014","1412","0430","450","331","119","30","480","1014","0","47.34","32.64"
"10","010","00","014","1413","0000","308","241","67","21","329","641","0","51.33","37.6"
"10","010","00","014","1413","0433","308","241","67","21","329","641","0","51.33","37.6"
"10","010","00","014","1414","0000","472","388","84","29","501","1014","0","49.41","38.26"
"10","010","00","014","1414","0431","130","106","24","5","135","327","0","41.28","32.42"
"10","010","00","014","1414","0432","342","282","60","24","366","687","0","53.28","41.05"
"10","010","00","014","1415","0000","439","344","95","23","462","857","0","53.91","40.14"
"10","010","00","014","1415","0434","258","207","51","9","267","474","0","56.33","43.67"
"10","010","00","014","1415","0435","181","137","44","14","195","383","0","50.91","35.77"
"10","010","00","014","1416","0000","350","271","79","29","379","619","0","61.23","43.78"
"10","010","00","014","1416","0436","350","271","79","29","379","619","0","61.23","43.78"
"10","010","00","014","1417","0000","866","668","198","61","927","1782","0","52.02","37.49"
"10","010","00","014","1417","0437","90","70","20","9","99","214","0","46.26","32.71"
"10","010","00","014","1417","0438","776","598","178","52","828","1568","0","52.81","38.14"
"10","010","00","014","1418","0000","295","247","48","19","314","658","0","47.72","37.54"
"10","010","00","014","1418","0439","295","247","48","19","314","658","0","47.72","37.54"
"10","010","00","014","1419","0000","242","193","49","15","257","434","0","59.22","44.47"
"10","010","00","014","1419","0440","242","193","49","15","257","434","0","59.22","44.47"
"10","010","00","014","1420","0000","887","710","177","73","960","1898","0","50.58","37.41"
"10","010","00","014","1420","0441","475","375","100","36","511","917","0","55.73","40.89"
"10","010","00","014","1420","0442","412","335","77","37","449","981","0","45.77","34.15"
"10","010","00","014","1421","0000","385","319","66","17","402","897","0","44.82","35.56"
"10","010","00","014","1421","0443","357","297","60","13","370","789","0","46.89","37.64"
"10","010","00","014","1421","0444","28","22","6","4","32","108","0","29.63","20.37"
"10","010","00","014","1422","0000","75","62","13","1","76","235","0","32.34","26.38"
"10","010","00","014","1422","0445","75","62","13","1","76","235","0","32.34","26.38"
"10","010","00","014","1423","0000","407","296","111","19","426","781","0","54.55","37.9"
"10","010","00","014","1423","0446","134","100","34","8","142","331","0","42.9","30.21"
"10","010","00","014","1423","0447","273","196","77","11","284","450","0","63.11","43.56"
"10","010","00","014","1424","0000","280","245","35","20","300","713","0","42.08","34.36"
"10","010","00","014","1424","0448","181","154","27","12","193","462","0","41.77","33.33"
"10","010","00","014","1424","0449","99","91","8","8","107","251","0","42.63","36.25"
"10","010","00","015","0000","0000","8880","6892","1988","671","9551","17083","19303","55.91","40.34"
"10","010","00","015","1501","0000","1220","932","288","102","1322","2286","0","57.83","40.77"
"10","010","00","015","1501","0211","538","393","145","28","566","1041","0","54.37","37.75"
"10","010","00","015","1501","0212","682","539","143","74","756","1245","0","60.72","43.29"
"10","010","00","015","1502","0000","543","405","138","36","579","917","0","63.14","44.17"
"10","010","00","015","1502","0213","543","405","138","36","579","917","0","63.14","44.17"
"10","010","00","015","1503","0000","315","231","84","28","343","545","0","62.94","42.39"
"10","010","00","015","1503","0217","315","231","84","28","343","545","0","62.94","42.39"
"10","010","00","015","1504","0000","2296","1745","551","159","2455","4404","0","55.74","39.62"
"10","010","00","015","1504","0214","644","496","148","51","695","1189","0","58.45","41.72"
"10","010","00","015","1504","0215","712","541","171","47","759","1388","0","54.68","38.98"
"10","010","00","015","1504","0216","940","708","232","61","1001","1827","0","54.79","38.75"
"10","010","00","015","1505","0000","163","123","40","20","183","407","0","44.96","30.22"
"10","010","00","015","1505","0218","163","123","40","20","183","407","0","44.96","30.22"
"10","010","00","015","1506","0000","315","234","81","17","332","526","0","63.12","44.49"
"10","010","00","015","1506","0223","315","234","81","17","332","526","0","63.12","44.49"
"10","010","00","015","1507","0000","152","111","41","32","184","372","0","49.46","29.84"
"10","010","00","015","1507","0224","152","111","41","32","184","372","0","49.46","29.84"
"10","010","00","015","1508","0000","342","275","67","28","370","636","0","58.18","43.24"
"10","010","00","015","1508","0219","342","275","67","28","370","636","0","58.18","43.24"
"10","010","00","015","1509","0000","873","698","175","63","936","1674","0","55.91","41.7"
"10","010","00","015","1509","0221","873","698","175","63","936","1674","0","55.91","41.7"
"10","010","00","015","1510","0000","306","240","66","34","340","576","0","59.03","41.67"
"10","010","00","015","1510","0220","306","240","66","34","340","576","0","59.03","41.67"
"10","010","00","015","1511","0000","387","317","70","9","396","858","0","46.15","36.95"
"10","010","00","015","1511","0222","387","317","70","9","396","858","0","46.15","36.95"
"10","010","00","015","1512","0000","226","173","53","29","255","506","0","50.4","34.19"
"10","010","00","015","1512","0225","226","173","53","29","255","506","0","50.4","34.19"
"10","010","00","015","1513","0000","137","105","32","9","146","293","0","49.83","35.84"
"10","010","00","015","1513","0228","137","105","32","9","146","293","0","49.83","35.84"
"10","010","00","015","1514","0000","284","251","33","21","305","433","0","70.44","57.97"
"10","010","00","015","1514","0226","284","251","33","21","305","433","0","70.44","57.97"
"10","010","00","015","1515","0000","424","323","101","23","447","712","0","62.78","45.37"
"10","010","00","015","1515","0229","424","323","101","23","447","712","0","62.78","45.37"
"10","010","00","015","1516","0000","348","288","60","26","374","602","0","62.13","47.84"
"10","010","00","015","1516","0230","348","288","60","26","374","602","0","62.13","47.84"
"10","010","00","015","1517","0000","394","312","82","22","416","932","0","44.64","33.48"
"10","010","00","015","1517","0231","235","183","52","17","252","515","0","48.93","35.53"
"10","010","00","015","1517","0232","159","129","30","5","164","417","0","39.33","30.94"
"10","010","00","015","1518","0000","155","129","26","13","168","404","0","41.58","31.93"
"10","010","00","015","1518","0227","155","129","26","13","168","404","0","41.58","31.93"
"10","010","00","016","0000","0000","5386","4281","1105","315","5701","10156","11470","56.13","42.15"
"10","010","00","016","1601","0000","657","494","163","55","712","1174","0","60.65","42.08"
"10","010","00","016","1601","0450","657","494","163","55","712","1174","0","60.65","42.08"
"10","010","00","016","1602","0000","271","216","55","12","283","449","0","63.03","48.11"
"10","010","00","016","1602","0451","271","216","55","12","283","449","0","63.03","48.11"
"10","010","00","016","1603","0000","685","545","140","40","725","1304","0","55.6","41.79"
"10","010","00","016","1603","0452","439","346","93","23","462","753","0","61.35","45.95"
"10","010","00","016","1603","0453","246","199","47","17","263","551","0","47.73","36.12"
"10","010","00","016","1604","0000","957","717","240","49","1006","1791","0","56.17","40.03"
"10","010","00","016","1604","0454","957","717","240","49","1006","1791","0","56.17","40.03"
"10","010","00","016","1605","0000","505","393","112","33","538","849","0","63.37","46.29"
"10","010","00","016","1605","0455","505","393","112","33","538","849","0","63.37","46.29"
"10","010","00","016","1606","0000","482","377","105","22","504","866","0","58.2","43.53"
"10","010","00","016","1606","0456","482","377","105","22","504","866","0","58.2","43.53"
"10","010","00","016","1607","0000","651","527","124","45","696","1244","0","55.95","42.36"
"10","010","00","016","1607","0457","418","351","67","22","440","800","0","55.0","43.88"
"10","010","00","016","1607","0458","233","176","57","23","256","444","0","57.66","39.64"
"10","010","00","016","1608","0000","254","212","42","10","264","635","0","41.57","33.39"
"10","010","00","016","1608","0459","254","212","42","10","264","635","0","41.57","33.39"
"10","010","00","016","1609","0000","498","426","72","28","526","961","0","54.73","44.33"
"10","010","00","016","1609","0460","140","113","27","9","149","319","0","46.71","35.42"
"10","010","00","016","1609","0461","358","313","45","19","377","642","0","58.72","48.75"
"10","010","00","016","1610","0000","216","189","27","15","231","509","0","45.38","37.13"
"10","010","00","016","1610","0462","216","189","27","15","231","509","0","45.38","37.13"
"10","010","00","016","1611","0000","210","185","25","6","216","374","0","57.75","49.47"
"10","010","00","016","1611","0463","96","87","9","0","96","162","0","59.26","53.7"
"10","010","00","016","1611","0464","114","98","16","6","120","212","0","56.6","46.23"
"10","010","00","017","0000","0000","2086","1585","501","114","2200","3999","4592","55.01","39.63"
"10","010","00","017","1701","0000","756","552","204","51","807","1468","0","54.97","37.6"
"10","010","00","017","1701","0465","756","552","204","51","807","1468","0","54.97","37.6"
"10","010","00","017","1702","0000","289","221","68","12","301","624","0","48.24","35.42"
"10","010","00","017","1702","0466","120","101","19","6","126","320","0","39.38","31.56"
"10","010","00","017","1702","0467","169","120","49","6","175","304","0","57.57","39.47"
"10","010","00","017","1703","0000","241","190","51","9","250","418","0","59.81","45.45"
"10","010","00","017","1703","0468","89","76","13","4","93","184","0","50.54","41.3"
"10","010","00","017","1703","0469","152","114","38","5","157","234","0","67.09","48.72"
"10","010","00","017","1704","0000","468","355","113","24","492","920","0","53.48","38.59"
"10","010","00","017","1704","0470","253","186","67","13","266","495","0","53.74","37.58"
"10","010","00","017","1704","0471","106","86","20","5","111","199","0","55.78","43.22"
"10","010","00","017","1704","0472","109","83","26","6","115","226","0","50.88","36.73"
"10","010","00","017","1705","0000","332","267","65","18","350","569","0","61.51","46.92"
"10","010","00","017","1705","0473","332","267","65","18","350","569","0","61.51","46.92"
"10","010","00","018","0000","0000","2138","1767","371","97","2235","4691","5610","47.64","37.67"
"10","010","00","018","1801","0000","179","148","31","5","184","371","0","49.6","39.89"
"10","010","00","018","1801","0474","179","148","31","5","184","371","0","49.6","39.89"
"10","010","00","018","1802","0000","80","67","13","5","85","197","0","43.15","34.01"
"10","010","00","018","1802","0475","80","67","13","5","85","197","0","43.15","34.01"
"10","010","00","018","1803","0000","70","58","12","4","74","152","0","48.68","38.16"
"10","010","00","018","1803","0476","70","58","12","4","74","152","0","48.68","38.16"
"10","010","00","018","1804","0000","97","79","18","4","101","303","0","33.33","26.07"
"10","010","00","018","1804","0477","77","59","18","3","80","231","0","34.63","25.54"
"10","010","00","018","1804","0478","20","20","0","1","21","72","0","29.17","27.78"
"10","010","00","018","1805","0000","156","138","18","8","164","306","0","53.59","45.1"
"10","010","00","018","1805","0480","156","138","18","8","164","306","0","53.59","45.1"
"10","010","00","018","1806","0000","125","101","24","2","127","311","0","40.84","32.48"
"10","010","00","018","1806","0479","125","101","24","2","127","311","0","40.84","32.48"
"10","010","00","018","1807","0000","425","342","83","29","454","827","0","54.9","41.35"
"10","010","00","018","1807","0482","425","342","83","29","454","827","0","54.9","41.35"
"10","010","00","018","1808","0000","427","341","86","15","442","970","0","45.57","35.15"
"10","010","00","018","1808","0481","427","341","86","15","442","970","0","45.57","35.15"
"10","010","00","018","1809","0000","128","108","20","4","132","238","0","55.46","45.38"
"10","010","00","018","1809","0483","128","108","20","4","132","238","0","55.46","45.38"
"10","010","00","018","1810","0000","171","151","20","6","177","479","0","36.95","31.52"
"10","010","00","018","1810","0484","171","151","20","6","177","479","0","36.95","31.52"
"10","010","00","018","1811","0000","127","103","24","8","135","291","0","46.39","35.4"
"10","010","00","018","1811","0485","127","103","24","8","135","291","0","46.39","35.4"
"10","010","00","018","1812","0000","153","131","22","7","160","246","0","65.04","53.25"
"10","010","00","018","1812","0486","153","131","22","7","160","246","0","65.04","53.25"
"10","013","00","000","0000","0000","356091","270712","85379","21016","377107","711720","826779","52.99","38.04"
"10","013","00","001","0000","0000","87522","64865","22657","3447","90969","170148","199807","53.46","38.12"
"10","013","00","001","0101","0000","400","289","111","18","418","713","0","58.63","40.53"
"10","013","00","001","0101","0004","400","289","111","18","418","713","0","58.63","40.53"
"10","013","00","001","0102","0000","148","99","49","0","148","249","0","59.44","39.76"
"10","013","00","001","0102","0007","148","99","49","0","148","249","0","59.44","39.76"
"10","013","00","001","0103","0000","155","114","41","11","166","294","0","56.46","38.78"
"10","013","00","001","0103","0002","155","114","41","11","166","294","0","56.46","38.78"
"10","013","00","001","0104","0000","310","201","109","7","317","582","0","54.47","34.54"
"10","013","00","001","0104","0003","310","201","109","7","317","582","0","54.47","34.54"
"10","013","00","001","0105","0000","272","200","72","10","282","455","0","61.98","43.96"
"10","013","00","001","0105","0006","272","200","72","10","282","455","0","61.98","43.96"
"10","013","00","001","0106","0000","124","82","42","4","128","237","0","54.01","34.6"
"10","013","00","001","0106","0001","124","82","42","4","128","237","0","54.01","34.6"
"10","013","00","001","0107","0000","300","208","92","19","319","572","0","55.77","36.36"
"10","013","00","001","0107","0005","300","208","92","19","319","572","0","55.77","36.36"
"10","013","00","001","0108","0000","412","285","127","23","435","713","0","61.01","39.97"
"10","013","00","001","0108","0010","412","285","127","23","435","713","0","61.01","39.97"
"10","013","00","001","0109","0000","340","245","95","29","369","573","0","64.4","42.76"
"10","013","00","001","0109","0011","340","245","95","29","369","573","0","64.4","42.76"
"10","013","00","001","0110","0000","268","210","58","13","281","409","0","68.7","51.34"
"10","013","00","001","0110","0013","268","210","58","13","281","409","0","68.7","51.34"
"10","013","00","001","0111","0000","187","138","49","16","203","297","0","68.35","46.46"
"10","013","00","001","0111","0012","187","138","49","16","203","297","0","68.35","46.46"
"10","013","00","001","0112","0000","1275","921","354","52","1327","2688","0","49.37","34.26"
"10","013","00","001","0112","0008","633","478","155","24","657","1315","0","49.96","36.35"
"10","013","00","001","0112","0009","642","443","199","28","670","1373","0","48.8","32.27"
"10","013","00","001","0113","0000","237","143","94","12","249","459","0","54.25","31.15"
"10","013","00","001","0113","0017","237","143","94","12","249","459","0","54.25","31.15"
"10","013","00","001","0114","0000","419","288","131","13","432","672","0","64.29","42.86"
"10","013","00","001","0114","0018","419","288","131","13","432","672","0","64.29","42.86"
"10","013","00","001","0115","0000","253","187","66","5","258","421","0","61.28","44.42"
"10","013","00","001","0115","0015","253","187","66","5","258","421","0","61.28","44.42"
"10","013","00","001","0116","0000","323","232","91","7","330","569","0","58.0","40.77"
"10","013","00","001","0116","0016","323","232","91","7","330","569","0","58.0","40.77"
"10","013","00","001","0117","0000","149","104","45","11","160","286","0","55.94","36.36"
"10","013","00","001","0117","0014","149","104","45","11","160","286","0","55.94","36.36"
"10","013","00","001","0118","0000","400","266","134","23","423","668","0","63.32","39.82"
"10","013","00","001","0118","0019","400","266","134","23","423","668","0","63.32","39.82"
"10","013","00","001","0119","0000","253","189","64","4","257","411","0","62.53","45.99"
"10","013","00","001","0119","0020","253","189","64","4","257","411","0","62.53","45.99"
"10","013","00","001","0120","0000","840","629","211","39","879","1554","0","56.56","40.48"
"10","013","00","001","0120","0021","425","320","105","17","442","768","0","57.55","41.67"
"10","013","00","001","0120","0022","415","309","106","22","437","786","0","55.6","39.31"
"10","013","00","001","0121","0000","509","389","120","20","529","890","0","59.44","43.71"
"10","013","00","001","0121","0023","509","389","120","20","529","890","0","59.44","43.71"
"10","013","00","001","0122","0000","1047","752","295","40","1087","1911","0","56.88","39.35"
"10","013","00","001","0122","0039","501","363","138","23","524","939","0","55.8","38.66"
"10","013","00","001","0122","0040","546","389","157","17","563","972","0","57.92","40.02"
"10","013","00","001","0123","0000","1413","1023","390","53","1466","2517","0","58.24","40.64"
"10","013","00","001","0123","0034","716","521","195","31","747","1258","0","59.38","41.41"
"10","013","00","001","0123","0035","697","502","195","22","719","1259","0","57.11","39.87"
"10","013","00","001","0124","0000","1988","1448","540","46","2034","3556","0","57.2","40.72"
"10","013","00","001","0124","0036","583","438","145","13","596","1076","0","55.39","40.71"
"10","013","00","001","0124","0037","669","478","191","11","680","1162","0","58.52","41.14"
"10","013","00","001","0124","0038","736","532","204","22","758","1318","0","57.51","40.36"
"10","013","00","001","0125","0000","2134","1539","595","66","2200","4039","0","54.47","38.1"
"10","013","00","001","0125","0031","716","513","203","25","741","1297","0","57.13","39.55"
"10","013","00","001","0125","0032","733","528","205","14","747","1361","0","54.89","38.8"
"10","013","00","001","0125","0033","685","498","187","27","712","1381","0","51.56","36.06"
"10","013","00","001","0126","0000","5033","3656","1377","135","5168","9307","0","55.53","39.28"
"10","013","00","001","0126","0024","731","548","183","31","762","1353","0","56.32","40.5"
"10","013","00","001","0126","0025","730","538","192","10","740","1386","0","53.39","38.82"
"10","013","00","001","0126","0026","741","524","217","21","762","1413","0","53.93","37.08"
"10","013","00","001","0126","0027","670","514","156","22","692","1272","0","54.4","40.41"
"10","013","00","001","0126","0028","695","482","213","12","707","1287","0","54.93","37.45"
"10","013","00","001","0126","0029","737","521","216","27","764","1311","0","58.28","39.74"
"10","013","00","001","0126","0030","729","529","200","12","741","1285","0","57.67","41.17"
"10","013","00","001","0127","0000","702","521","181","54","756","1540","0","49.09","33.83"
"10","013","00","001","0127","0047","702","521","181","54","756","1540","0","49.09","33.83"
"10","013","00","001","0128","0000","562","415","147","31","593","1061","0","55.89","39.11"
"10","013","00","001","0128","0046","562","415","147","31","593","1061","0","55.89","39.11"
"10","013","00","001","0129","0000","581","424","157","21","602","1141","0","52.76","37.16"
"10","013","00","001","0129","0048","581","424","157","21","602","1141","0","52.76","37.16"
"10","013","00","001","0130","0000","3704","2742","962","127","3831","7243","0","52.89","37.86"
"10","013","00","001","0130","0041","833","584","249","36","869","1535","0","56.61","38.05"
"10","013","00","001","0130","0042","674","503","171","19","693","1419","0","48.84","35.45"
"10","013","00","001","0130","0043","677","522","155","17","694","1398","0","49.64","37.34"
"10","013","00","001","0130","0044","728","543","185","28","756","1405","0","53.81","38.65"
"10","013","00","001","0130","0045","792","590","202","27","819","1486","0","55.11","39.7"
"10","013","00","001","0131","0000","2794","2163","631","135","2929","5428","0","53.96","39.85"
"10","013","00","001","0131","0075","761","572","189","49","810","1485","0","54.55","38.52"
"10","013","00","001","0131","0076","731","564","167","39","770","1387","0","55.52","40.66"
"10","013","00","001","0131","0077","429","323","106","18","447","953","0","46.9","33.89"
"10","013","00","001","0131","0078","873","704","169","29","902","1603","0","56.27","43.92"
"10","013","00","001","0132","0000","287","207","80","12","299","535","0","55.89","38.69"
"10","013","00","001","0132","0079","287","207","80","12","299","535","0","55.89","38.69"
"10","013","00","001","0133","0000","1330","985","345","61","1391","2843","0","48.93","34.65"
"10","013","00","001","0133","0089","567","421","146","19","586","1215","0","48.23","34.65"
"10","013","00","001","0133","0090","763","564","199","42","805","1628","0","49.45","34.64"
"10","013","00","001","0134","0000","437","332","105","38","475","867","0","54.79","38.29"
"10","013","00","001","0134","0086","437","332","105","38","475","867","0","54.79","38.29"
"10","013","00","001","0135","0000","499","387","112","21","520","918","0","56.64","42.16"
"10","013","00","001","0135","0087","499","387","112","21","520","918","0","56.64","42.16"
"10","013","00","001","0136","0000","659","460","199","27","686","1209","0","56.74","38.05"
"10","013","00","001","0136","0091","659","460","199","27","686","1209","0","56.74","38.05"
"10","013","00","001","0137","0000","326","259","67","20","346","663","0","52.19","39.06"
"10","013","00","001","0137","0088","326","259","67","20","346","663","0","52.19","39.06"
"10","013","00","001","0138","0000","696","494","202","15","711","1110","0","64.05","44.5"
"10","013","00","001","0138","0092","696","494","202","15","711","1110","0","64.05","44.5"
"10","013","00","001","0139","0000","331","265","66","6","337","684","0","49.27","38.74"
"10","013","00","001","0139","0093","331","265","66","6","337","684","0","49.27","38.74"
"10","013","00","001","0140","0000","3592","2667","925","143","3735","7190","0","51.95","37.09"
"10","013","00","001","0140","0094","594","444","150","28","622","1349","0","46.11","32.91"
"10","013","00","001","0140","0095","700","551","149","35","735","1457","0","50.45","37.82"
"10","013","00","001","0140","0096","772","564","208","24","796","1447","0","55.01","38.98"
"10","013","00","001","0140","0097","671","474","197","18","689","1354","0","50.89","35.01"
"10","013","00","001","0140","0098","855","634","221","38","893","1583","0","56.41","40.05"
"10","013","00","001","0141","0000","1236","913","323","50","1286","2503","0","51.38","36.48"
"10","013","00","001","0141","0072","644","468","176","25","669","1284","0","52.1","36.45"
"10","013","00","001","0141","0073","592","445","147","25","617","1219","0","50.62","36.51"
"10","013","00","001","0142","0000","828","618","210","50","878","1544","0","56.87","40.03"
"10","013","00","001","0142","0074","828","618","210","50","878","1544","0","56.87","40.03"
"10","013","00","001","0143","0000","1145","863","282","67","1212","2266","0","53.49","38.08"
"10","013","00","001","0143","0083","605","449","156","30","635","1227","0","51.75","36.59"
"10","013","00","001","0143","0084","540","414","126","37","577","1039","0","55.53","39.85"
"10","013","00","001","0144","0000","743","549","194","52","795","1485","0","53.54","36.97"
"10","013","00","001","0144","0085","743","549","194","52","795","1485","0","53.54","36.97"
"10","013","00","001","0145","0000","577","432","145","27","604","1119","0","53.98","38.61"
"10","013","00","001","0145","0080","577","432","145","27","604","1119","0","53.98","38.61"
"10","013","00","001","0146","0000","945","709","236","84","1029","1770","0","58.14","40.06"
"10","013","00","001","0146","0081","448","353","95","28","476","847","0","56.2","41.68"
"10","013","00","001","0146","0082","497","356","141","56","553","923","0","59.91","38.57"
"10","013","00","001","0147","0000","140","100","40","3","143","391","0","36.57","25.58"
"10","013","00","001","0147","0060","140","100","40","3","143","391","0","36.57","25.58"
"10","013","00","001","0148","0000","118","95","23","3","121","231","0","52.38","41.13"
"10","013","00","001","0148","0063","118","95","23","3","121","231","0","52.38","41.13"
"10","013","00","001","0149","0000","1020","750","270","71","1091","1998","0","54.6","37.54"
"10","013","00","001","0149","0064","494","376","118","31","525","945","0","55.56","39.79"
"10","013","00","001","0149","0065","526","374","152","40","566","1053","0","53.75","35.52"
"10","013","00","001","0150","0000","511","387","124","33","544","1043","0","52.16","37.1"
"10","013","00","001","0150","0066","511","387","124","33","544","1043","0","52.16","37.1"
"10","013","00","001","0151","0000","654","473","181","25","679","1205","0","56.35","39.25"
"10","013","00","001","0151","0071","654","473","181","25","679","1205","0","56.35","39.25"
"10","013","00","001","0153","0000","4274","2963","1311","161","4435","8175","0","54.25","36.24"
"10","013","00","001","0153","0052","665","512","153","24","689","1253","0","54.99","40.86"
"10","013","00","001","0153","0053","688","316","372","28","716","1315","0","54.45","24.03"
"10","013","00","001","0153","0054","702","504","198","24","726","1425","0","50.95","35.37"
"10","013","00","001","0153","0055","718","531","187","16","734","1423","0","51.58","37.32"
"10","013","00","001","0153","0056","744","560","184","38","782","1400","0","55.86","40.0"
"10","013","00","001","0153","0057","757","540","217","31","788","1359","0","57.98","39.74"
"10","013","00","001","0154","0000","1414","1067","347","80","1494","2922","0","51.13","36.52"
"10","013","00","001","0154","0069","714","543","171","53","767","1468","0","52.25","36.99"
"10","013","00","001","0154","0070","700","524","176","27","727","1454","0","50.0","36.04"
"10","013","00","001","0155","0000","2024","1458","566","81","2105","3996","0","52.68","36.49"
"10","013","00","001","0155","0049","604","421","183","22","626","1247","0","50.2","33.76"
"10","013","00","001","0155","0050","708","505","203","27","735","1446","0","50.83","34.92"
"10","013","00","001","0155","0051","712","532","180","32","744","1303","0","57.1","40.83"
"10","013","00","001","0156","0000","953","717","236","65","1018","1937","0","52.56","37.02"
"10","013","00","001","0156","0067","513","391","122","45","558","1061","0","52.59","36.85"
"10","013","00","001","0156","0068","440","326","114","20","460","876","0","52.51","37.21"
"10","013","00","001","0157","0000","147","112","35","21","168","328","0","51.22","34.15"
"10","013","00","001","0157","0062","147","112","35","21","168","328","0","51.22","34.15"
"10","013","00","001","0158","0000","108","82","26","9","117","200","0","58.5","41.0"
"10","013","00","001","0158","0061","108","82","26","9","117","200","0","58.5","41.0"
"10","013","00","001","0159","0000","955","727","228","24","979","1722","0","56.85","42.22"
"10","013","00","001","0159","0122","456","358","98","14","470","853","0","55.1","41.97"
"10","013","00","001","0159","0123","499","369","130","10","509","869","0","58.57","42.46"
"10","013","00","001","0160","0000","2534","1897","637","86","2620","4870","0","53.8","38.95"
"10","013","00","001","0160","0124","639","473","166","31","670","1169","0","57.31","40.46"
"10","013","00","001","0160","0125","579","445","134","17","596","1058","0","56.33","42.06"
"10","013","00","001","0160","0126","654","474","180","20","674","1344","0","50.15","35.27"
"10","013","00","001","0160","0127","662","505","157","18","680","1299","0","52.35","38.88"
"10","013","00","001","0161","0000","411","304","107","16","427","744","0","57.39","40.86"
"10","013","00","001","0161","0143","411","304","107","16","427","744","0","57.39","40.86"
"10","013","00","001","0162","0000","361","256","105","11","372","678","0","54.87","37.76"
"10","013","00","001","0162","0144","361","256","105","11","372","678","0","54.87","37.76"
"10","013","00","001","0163","0000","390","283","107","18","408","681","0","59.91","41.56"
"10","013","00","001","0163","0145","390","283","107","18","408","681","0","59.91","41.56"
"10","013","00","001","0164","0000","2379","1698","681","73","2452","4705","0","52.11","36.09"
"10","013","00","001","0164","0140","816","575","241","27","843","1491","0","56.54","38.56"
"10","013","00","001","0164","0141","665","491","174","24","689","1411","0","48.83","34.8"
"10","013","00","001","0164","0142","898","632","266","22","920","1803","0","51.03","35.05"
"10","013","00","001","0165","0000","2500","1863","637","72","2572","5541","0","46.42","33.62"
"10","013","00","001","0165","0118","526","394","132","16","542","1683","0","32.2","23.41"
"10","013","00","001","0165","0119","752","533","219","12","764","1497","0","51.04","35.6"
"10","013","00","001","0165","0120","573","431","142","25","598","1129","0","52.97","38.18"
"10","013","00","001","0165","0121","649","505","144","19","668","1232","0","54.22","40.99"
"10","013","00","001","0166","0000","877","671","206","23","900","1920","0","46.88","34.95"
"10","013","00","001","0166","0113","396","302","94","10","406","821","0","49.45","36.78"
"10","013","00","001","0166","0114","481","369","112","13","494","1099","0","44.95","33.58"
"10","013","00","001","0167","0000","1200","885","315","60","1260","2327","0","54.15","38.03"
"10","013","00","001","0167","0128","616","463","153","45","661","1204","0","54.9","38.46"
"10","013","00","001","0167","0129","584","422","162","15","599","1123","0","53.34","37.58"
"10","013","00","001","0168","0000","1288","944","344","56","1344","2404","0","55.91","39.27"
"10","013","00","001","0168","0138","710","533","177","36","746","1289","0","57.87","41.35"
"10","013","00","001","0168","0139","578","411","167","20","598","1115","0","53.63","36.86"
"10","013","00","001","0169","0000","3174","2345","829","84","3258","6072","0","53.66","38.62"
"10","013","00","001","0169","0133","592","433","159","18","610","1215","0","50.21","35.64"
"10","013","00","001","0169","0134","711","534","177","18","729","1370","0","53.21","38.98"
"10","013","00","001","0169","0135","650","498","152","10","660","1240","0","53.23","40.16"
"10","013","00","001","0169","0136","641","446","195","24","665","1168","0","56.93","38.18"
"10","013","00","001","0169","0137","580","434","146","14","594","1079","0","55.05","40.22"
"10","013","00","001","0170","0000","1226","871","355","43","1269","2172","0","58.43","40.1"
"10","013","00","001","0170","0148","586","427","159","26","612","1018","0","60.12","41.94"
"10","013","00","001","0170","0149","640","444","196","17","657","1154","0","56.93","38.47"
"10","013","00","001","0171","0000","1030","741","289","63","1093","2082","0","52.5","35.59"
"10","013","00","001","0171","0116","565","397","168","36","601","1167","0","51.5","34.02"
"10","013","00","001","0171","0117","465","344","121","27","492","915","0","53.77","37.6"
"10","013","00","001","0173","0000","5950","4528","1422","129","6079","11833","0","51.37","38.27"
"10","013","00","001","0173","0099","834","627","207","13","847","1707","0","49.62","36.73"
"10","013","00","001","0173","0100","780","599","181","26","806","1637","0","49.24","36.59"
"10","013","00","001","0173","0101","713","552","161","7","720","1459","0","49.35","37.83"
"10","013","00","001","0173","0102","931","708","223","19","950","1759","0","54.01","40.25"
"10","013","00","001","0173","0103","980","719","261","26","1006","1950","0","51.59","36.87"
"10","013","00","001","0173","0104","899","673","226","21","920","1729","0","53.21","38.92"
"10","013","00","001","0173","0105","813","650","163","17","830","1592","0","52.14","40.83"
"10","013","00","001","0174","0000","820","648","172","36","856","1688","0","50.71","38.39"
"10","013","00","001","0174","0115","820","648","172","36","856","1688","0","50.71","38.39"
"10","013","00","001","0175","0000","5588","4239","1349","194","5782","11483","0","50.35","36.92"
"10","013","00","001","0175","0106","704","523","181","27","731","1437","0","50.87","36.4"
"10","013","00","001","0175","0107","604","479","125","23","627","1204","0","52.08","39.78"
"10","013","00","001","0175","0108","605","454","151","29","634","1340","0","47.31","33.88"
"10","013","00","001","0175","0109","693","522","171","26","719","1322","0","54.39","39.49"
"10","013","00","001","0175","0110","709","543","166","33","742","1462","0","50.75","37.14"
"10","013","00","001","0175","0111","1558","1175","383","42","1600","3241","0","49.37","36.25"
"10","013","00","001","0175","0112","715","543","172","14","729","1477","0","49.36","36.76"
"10","013","00","001","0176","0000","618","455","163","20","638","1318","0","48.41","34.52"
"10","013","00","001","0176","0130","618","455","163","20","638","1318","0","48.41","34.52"
"10","013","00","001","0177","0000","486","361","125","35","521","865","0","60.23","41.73"
"10","013","00","001","0177","0131","486","361","125","35","521","865","0","60.23","41.73"
"10","013","00","001","0178","0000","502","386","116","28","530","1100","0","48.18","35.09"
"10","013","00","001","0178","0132","502","386","116","28","530","1100","0","48.18","35.09"
"10","013","00","001","0179","0000","505","432","73","39","544","954","0","57.02","45.28"
"10","013","00","001","0179","0147","505","432","73","39","544","954","0","57.02","45.28"
"10","013","00","001","0180","0000","715","715","0","20","735","1535","0","47.88","46.58"
"10","013","00","001","0180","0146","715","715","0","20","735","1535","0","47.88","46.58"
"10","013","00","001","0181","0000","1487","1170","317","48","1535","2867","0","53.54","40.81"
"10","013","00","001","0181","0058","693","543","150","25","718","1328","0","54.07","40.89"
"10","013","00","001","0181","0059","794","627","167","23","817","1539","0","53.09","40.74"
"10","013","00","002","0000","0000","23001","17588","5413","1142","24143","46444","53924","51.98","37.87"
"10","013","00","002","0201","0000","284","215","69","21","305","504","0","60.52","42.66"
"10","013","00","002","0201","0150","284","215","69","21","305","504","0","60.52","42.66"
"10","013","00","002","0202","0000","359","267","92","21","380","603","0","63.02","44.28"
"10","013","00","002","0202","0154","359","267","92","21","380","603","0","63.02","44.28"
"10","013","00","002","0203","0000","714","547","167","24","738","1245","0","59.28","43.94"
"10","013","00","002","0203","0170","714","547","167","24","738","1245","0","59.28","43.94"
"10","013","00","002","0204","0000","526","388","138","27","553","972","0","56.89","39.92"
"10","013","00","002","0204","0169","526","388","138","27","553","972","0","56.89","39.92"
"10","013","00","002","0205","0000","2262","1705","557","79","2341","4759","0","49.19","35.83"
"10","013","00","002","0205","0151","796","582","214","24","820","1711","0","47.93","34.02"
"10","013","00","002","0205","0152","822","617","205","22","844","1634","0","51.65","37.76"
"10","013","00","002","0205","0153","644","506","138","33","677","1414","0","47.88","35.79"
"10","013","00","002","0206","0000","452","345","107","37","489","896","0","54.58","38.5"
"10","013","00","002","0206","0155","452","345","107","37","489","896","0","54.58","38.5"
"10","013","00","002","0207","0000","2342","1728","614","109","2451","5309","0","46.17","32.55"
"10","013","00","002","0207","0156","655","506","149","23","678","1285","0","52.76","39.38"
"10","013","00","002","0207","0157","446","251","195","25","471","1744","0","27.01","14.39"
"10","013","00","002","0207","0158","600","464","136","19","619","1071","0","57.8","43.32"
"10","013","00","002","0207","0159","641","507","134","42","683","1209","0","56.49","41.94"
"10","013","00","002","0208","0000","3401","2539","862","151","3552","6490","0","54.73","39.12"
"10","013","00","002","0208","0160","597","436","161","26","623","1159","0","53.75","37.62"
"10","013","00","002","0208","0161","637","475","162","32","669","1296","0","51.62","36.65"
"10","013","00","002","0208","0162","789","588","201","33","822","1466","0","56.07","40.11"
"10","013","00","002","0208","0163","628","472","156","28","656","1130","0","58.05","41.77"
"10","013","00","002","0208","0164","750","568","182","32","782","1439","0","54.34","39.47"
"10","013","00","002","0209","0000","1187","951","236","42","1229","2122","0","57.92","44.82"
"10","013","00","002","0209","0165","502","405","97","25","527","897","0","58.75","45.15"
"10","013","00","002","0209","0166","685","546","139","17","702","1225","0","57.31","44.57"
"10","013","00","002","0210","0000","710","554","156","47","757","1415","0","53.5","39.15"
"10","013","00","002","0210","0171","710","554","156","47","757","1415","0","53.5","39.15"
"10","013","00","002","0211","0000","1057","766","291","39","1096","2313","0","47.38","33.12"
"10","013","00","002","0211","0172","581","427","154","19","600","1255","0","47.81","34.02"
"10","013","00","002","0211","0173","476","339","137","20","496","1058","0","46.88","32.04"
"10","013","00","002","0212","0000","1167","910","257","63","1230","2270","0","54.19","40.09"
"10","013","00","002","0212","0174","590","459","131","26","616","1187","0","51.9","38.67"
"10","013","00","002","0212","0175","577","451","126","37","614","1083","0","56.69","41.64"
"10","013","00","002","0213","0000","3539","2720","819","163","3702","7022","0","52.72","38.74"
"10","013","00","002","0213","0176","747","563","184","35","782","1590","0","49.18","35.41"
"10","013","00","002","0213","0177","809","630","179","43","852","1543","0","55.22","40.83"
"10","013","00","002","0213","0178","780","592","188","34","814","1631","0","49.91","36.3"
"10","013","00","002","0213","0179","610","486","124","21","631","1159","0","54.44","41.93"
"10","013","00","002","0213","0180","593","449","144","30","623","1099","0","56.69","40.86"
"10","013","00","002","0214","0000","559","451","108","34","593","1200","0","49.42","37.58"
"10","013","00","002","0214","0181","559","451","108","34","593","1200","0","49.42","37.58"
"10","013","00","002","0215","0000","672","554","118","32","704","1391","0","50.61","39.83"
"10","013","00","002","0215","0182","672","554","118","32","704","1391","0","50.61","39.83"
"10","013","00","002","0216","0000","483","390","93","38","521","881","0","59.14","44.27"
"10","013","00","002","0216","0183","483","390","93","38","521","881","0","59.14","44.27"
"10","013","00","002","0217","0000","214","175","39","15","229","454","0","50.44","38.55"
"10","013","00","002","0217","0184","214","175","39","15","229","454","0","50.44","38.55"
"10","013","00","002","0218","0000","733","574","159","71","804","1639","0","49.05","35.02"
"10","013","00","002","0218","0167","544","425","119","41","585","1158","0","50.52","36.7"
"10","013","00","002","0218","0168","189","149","40","30","219","481","0","45.53","30.98"
"10","013","00","002","0219","0000","870","667","203","40","910","1658","0","54.89","40.23"
"10","013","00","002","0219","0185","870","667","203","40","910","1658","0","54.89","40.23"
"10","013","00","002","0220","0000","820","627","193","41","861","1770","0","48.64","35.42"
"10","013","00","002","0220","0186","397","311","86","26","423","822","0","51.46","37.83"
"10","013","00","002","0220","0187","423","316","107","15","438","948","0","46.2","33.33"
"10","013","00","002","0221","0000","650","515","135","48","698","1531","0","45.59","33.64"
"10","013","00","002","0221","0188","473","369","104","34","507","1194","0","42.46","30.9"
"10","013","00","002","0221","0189","177","146","31","14","191","337","0","56.68","43.32"
"10","013","00","003","0000","0000","19941","15278","4663","1197","21138","39495","47654","53.52","38.68"
"10","013","00","003","0301","0000","1164","901","263","68","1232","2051","0","60.07","43.93"
"10","013","00","003","0301","0190","560","442","118","30","590","981","0","60.14","45.06"
"10","013","00","003","0301","0191","604","459","145","38","642","1070","0","60.0","42.9"
"10","013","00","003","0302","0000","328","269","59","22","350","527","0","66.41","51.04"
"10","013","00","003","0302","0192","328","269","59","22","350","527","0","66.41","51.04"
"10","013","00","003","0303","0000","223","172","51","23","246","395","0","62.28","43.54"
"10","013","00","003","0303","0193","223","172","51","23","246","395","0","62.28","43.54"
"10","013","00","003","0304","0000","311","234","77","27","338","659","0","51.29","35.51"
"10","013","00","003","0304","0194","311","234","77","27","338","659","0","51.29","35.51"
"10","013","00","003","0305","0000","267","202","65","21","288","513","0","56.14","39.38"
"10","013","00","003","0305","0195","267","202","65","21","288","513","0","56.14","39.38"
"10","013","00","003","0306","0000","371","265","106","20","391","695","0","56.26","38.13"
"10","013","00","003","0306","0203","371","265","106","20","391","695","0","56.26","38.13"
"10","013","00","003","0307","0000","907","696","211","45","952","1643","0","57.94","42.36"
"10","013","00","003","0307","0204","632","485","147","28","660","1076","0","61.34","45.07"
"10","013","00","003","0307","0205","275","211","64","17","292","567","0","51.5","37.21"
"10","013","00","003","0308","0000","417","322","95","22","439","806","0","54.47","39.95"
"10","013","00","003","0308","0206","417","322","95","22","439","806","0","54.47","39.95"
"10","013","00","003","0309","0000","653","505","148","35","688","1227","0","56.07","41.16"
"10","013","00","003","0309","0207","653","505","148","35","688","1227","0","56.07","41.16"
"10","013","00","003","0310","0000","294","241","53","33","327","599","0","54.59","40.23"
"10","013","00","003","0310","0208","294","241","53","33","327","599","0","54.59","40.23"
"10","013","00","003","0311","0000","541","428","113","37","578","1354","0","42.69","31.61"
"10","013","00","003","0311","0209","541","428","113","37","578","1354","0","42.69","31.61"
"10","013","00","003","0312","0000","935","721","214","91","1026","1841","0","55.73","39.16"
"10","013","00","003","0312","0210","357","276","81","34","391","734","0","53.27","37.6"
"10","013","00","003","0312","0211","578","445","133","57","635","1107","0","57.36","40.2"
"10","013","00","003","0313","0000","1297","998","299","126","1423","2812","0","50.6","35.49"
"10","013","00","003","0313","0212","539","431","108","60","599","1198","0","50.0","35.98"
"10","013","00","003","0313","0213","758","567","191","66","824","1614","0","51.05","35.13"
"10","013","00","003","0314","0000","895","685","210","52","947","1738","0","54.49","39.41"
"10","013","00","003","0314","0214","404","310","94","22","426","826","0","51.57","37.53"
"10","013","00","003","0314","0215","491","375","116","30","521","912","0","57.13","41.12"
"10","013","00","003","0315","0000","831","651","180","84","915","1636","0","55.93","39.79"
"10","013","00","003","0315","0216","208","162","46","20","228","432","0","52.78","37.5"
"10","013","00","003","0315","0217","623","489","134","64","687","1204","0","57.06","40.61"
"10","013","00","003","0316","0000","2679","2049","630","114","2793","5318","0","52.52","38.53"
"10","013","00","003","0316","0218","674","519","155","43","717","1304","0","54.98","39.8"
"10","013","00","003","0316","0219","720","555","165","31","751","1317","0","57.02","42.14"
"10","013","00","003","0316","0220","687","517","170","23","710","1387","0","51.19","37.27"
"10","013","00","003","0316","0221","598","458","140","17","615","1310","0","46.95","34.96"
"10","013","00","003","0317","0000","909","677","232","75","984","1994","0","49.35","33.95"
"10","013","00","003","0317","0222","569","420","149","42","611","1228","0","49.76","34.2"
"10","013","00","003","0317","0223","340","257","83","33","373","766","0","48.69","33.55"
"10","013","00","003","0318","0000","743","569","174","46","789","1578","0","50.0","36.06"
"10","013","00","003","0318","0224","442","324","118","29","471","823","0","57.23","39.37"
"10","013","00","003","0318","0225","301","245","56","17","318","755","0","42.12","32.45"
"10","013","00","003","0319","0000","4610","3513","1097","168","4778","8957","0","53.34","39.22"
"10","013","00","003","0319","0196","855","645","210","37","892","1732","0","51.5","37.24"
"10","013","00","003","0319","0197","922","690","232","32","954","1779","0","53.63","38.79"
"10","013","00","003","0319","0198","618","517","101","23","641","1270","0","50.47","40.71"
"10","013","00","003","0319","0199","698","510","188","6","704","1327","0","53.05","38.43"
"10","013","00","003","0319","0200","664","502","162","33","697","1242","0","56.12","40.42"
"10","013","00","003","0319","0201","853","649","204","37","890","1607","0","55.38","40.39"
"10","013","00","003","0320","0000","617","460","157","33","650","1305","0","49.81","35.25"
"10","013","00","003","0320","0202","617","460","157","33","650","1305","0","49.81","35.25"
"10","013","00","003","0321","0000","592","443","149","39","631","1094","0","57.68","40.49"
"10","013","00","003","0321","0226","592","443","149","39","631","1094","0","57.68","40.49"
"10","013","00","003","0322","0000","357","277","80","16","373","753","0","49.54","36.79"
"10","013","00","003","0322","0227","357","277","80","16","373","753","0","49.54","36.79"
"10","013","00","004","0000","0000","11430","8603","2827","696","12126","25661","30812","47.25","33.53"
"10","013","00","004","0401","0000","433","352","81","17","450","902","0","49.89","39.02"
"10","013","00","004","0401","0228","433","352","81","17","450","902","0","49.89","39.02"
"10","013","00","004","0402","0000","1116","808","308","71","1187","2249","0","52.78","35.93"
"10","013","00","004","0402","0229","521","382","139","32","553","969","0","57.07","39.42"
"10","013","00","004","0402","0230","595","426","169","39","634","1280","0","49.53","33.28"
"10","013","00","004","0403","0000","571","426","145","42","613","1133","0","54.1","37.6"
"10","013","00","004","0403","0231","571","426","145","42","613","1133","0","54.1","37.6"
"10","013","00","004","0404","0000","1878","1425","453","85","1963","4159","0","47.2","34.26"
"10","013","00","004","0404","0246","698","511","187","28","726","1505","0","48.24","33.95"
"10","013","00","004","0404","0247","499","396","103","24","523","1111","0","47.07","35.64"
"10","013","00","004","0404","0248","681","518","163","33","714","1543","0","46.27","33.57"
"10","013","00","004","0405","0000","1242","931","311","47","1289","3037","0","42.44","30.66"
"10","013","00","004","0405","0232","655","489","166","9","664","1552","0","42.78","31.51"
"10","013","00","004","0405","0233","587","442","145","38","625","1485","0","42.09","29.76"
"10","013","00","004","0406","0000","454","339","115","27","481","896","0","53.68","37.83"
"10","013","00","004","0406","0234","454","339","115","27","481","896","0","53.68","37.83"
"10","013","00","004","0407","0000","232","179","53","20","252","531","0","47.46","33.71"
"10","013","00","004","0407","0235","232","179","53","20","252","531","0","47.46","33.71"
"10","013","00","004","0408","0000","218","164","54","7","225","478","0","47.07","34.31"
"10","013","00","004","0408","0236","218","164","54","7","225","478","0","47.07","34.31"
"10","013","00","004","0409","0000","453","335","118","36","489","1020","0","47.94","32.84"
"10","013","00","004","0409","0237","453","335","118","36","489","1020","0","47.94","32.84"
"10","013","00","004","0410","0000","436","309","127","20","456","924","0","49.35","33.44"
"10","013","00","004","0410","0238","436","309","127","20","456","924","0","49.35","33.44"
"10","013","00","004","0411","0000","443","333","110","27","470","1079","0","43.56","30.86"
"10","013","00","004","0411","0239","443","333","110","27","470","1079","0","43.56","30.86"
"10","013","00","004","0412","0000","712","567","145","59","771","1588","0","48.55","35.71"
"10","013","00","004","0412","0240","307","250","57","21","328","775","0","42.32","32.26"
"10","013","00","004","0412","0241","405","317","88","38","443","813","0","54.49","38.99"
"10","013","00","004","0413","0000","953","730","223","75","1028","2214","0","46.43","32.97"
"10","013","00","004","0413","0242","496","379","117","34","530","1104","0","48.01","34.33"
"10","013","00","004","0413","0243","457","351","106","41","498","1110","0","44.86","31.62"
"10","013","00","004","0414","0000","489","363","126","55","544","1400","0","38.86","25.93"
"10","013","00","004","0414","0244","253","181","72","44","297","692","0","42.92","26.16"
"10","013","00","004","0414","0245","236","182","54","11","247","708","0","34.89","25.71"
"10","013","00","004","0415","0000","745","551","194","40","785","1672","0","46.95","32.95"
"10","013","00","004","0415","0249","327","238","89","15","342","828","0","41.3","28.74"
"10","013","00","004","0415","0250","418","313","105","25","443","844","0","52.49","37.09"
"10","013","00","004","0416","0000","571","411","160","39","610","1253","0","48.68","32.8"
"10","013","00","004","0416","0251","571","411","160","39","610","1253","0","48.68","32.8"
"10","013","00","004","0417","0000","484","380","104","29","513","1126","0","45.56","33.75"
"10","013","00","004","0417","0252","484","380","104","29","513","1126","0","45.56","33.75"
"10","013","00","005","0000","0000","22242","17040","5202","1453","23695","43478","50595","54.5","39.19"
"10","013","00","005","0501","0000","362","269","93","19","381","595","0","64.03","45.21"
"10","013","00","005","0501","0267","362","269","93","19","381","595","0","64.03","45.21"
"10","013","00","005","0502","0000","466","355","111","24","490","847","0","57.85","41.91"
"10","013","00","005","0502","0262","466","355","111","24","490","847","0","57.85","41.91"
"10","013","00","005","0503","0000","1728","1325","403","94","1822","3458","0","52.69","38.32"
"10","013","00","005","0503","0263","571","446","125","25","596","1149","0","51.87","38.82"
"10","013","00","005","0503","0264","586","442","144","30","616","1131","0","54.47","39.08"
"10","013","00","005","0503","0265","571","437","134","39","610","1178","0","51.78","37.1"
"10","013","00","005","0504","0000","414","317","97","15","429","711","0","60.34","44.59"
"10","013","00","005","0504","0266","414","317","97","15","429","711","0","60.34","44.59"
"10","013","00","005","0505","0000","771","590","181","40","811","1403","0","57.8","42.05"
"10","013","00","005","0505","0268","771","590","181","40","811","1403","0","57.8","42.05"
"10","013","00","005","0506","0000","1160","909","251","74","1234","2252","0","54.8","40.36"
"10","013","00","005","0506","0269","552","435","117","19","571","1094","0","52.19","39.76"
"10","013","00","005","0506","0270","608","474","134","55","663","1158","0","57.25","40.93"
"10","013","00","005","0507","0000","1118","854","264","76","1194","2025","0","58.96","42.17"
"10","013","00","005","0507","0271","560","432","128","42","602","963","0","62.51","44.86"
"10","013","00","005","0507","0272","558","422","136","34","592","1062","0","55.74","39.74"
"10","013","00","005","0508","0000","844","629","215","45","889","1684","0","52.79","37.35"
"10","013","00","005","0508","0273","844","629","215","45","889","1684","0","52.79","37.35"
"10","013","00","005","0509","0000","1269","986","283","76","1345","2250","0","59.78","43.82"
"10","013","00","005","0509","0290","584","461","123","43","627","1023","0","61.29","45.06"
"10","013","00","005","0509","0291","685","525","160","33","718","1227","0","58.52","42.79"
"10","013","00","005","0510","0000","568","438","130","15","583","976","0","59.73","44.88"
"10","013","00","005","0510","0275","568","438","130","15","583","976","0","59.73","44.88"
"10","013","00","005","0511","0000","853","659","194","92","945","1860","0","50.81","35.43"
"10","013","00","005","0511","0276","492","381","111","66","558","1013","0","55.08","37.61"
"10","013","00","005","0511","0277","361","278","83","26","387","847","0","45.69","32.82"
"10","013","00","005","0512","0000","835","614","221","77","912","1570","0","58.09","39.11"
"10","013","00","005","0512","0278","835","614","221","77","912","1570","0","58.09","39.11"
"10","013","00","005","0513","0000","655","507","148","46","701","1411","0","49.68","35.93"
"10","013","00","005","0513","0279","655","507","148","46","701","1411","0","49.68","35.93"
"10","013","00","005","0514","0000","417","329","88","32","449","804","0","55.85","40.92"
"10","013","00","005","0514","0282","417","329","88","32","449","804","0","55.85","40.92"
"10","013","00","005","0515","0000","658","492","166","50","708","1284","0","55.14","38.32"
"10","013","00","005","0515","0283","658","492","166","50","708","1284","0","55.14","38.32"
"10","013","00","005","0516","0000","670","514","156","37","707","1430","0","49.44","35.94"
"10","013","00","005","0516","0284","670","514","156","37","707","1430","0","49.44","35.94"
"10","013","00","005","0517","0000","576","445","131","29","605","960","0","63.02","46.35"
"10","013","00","005","0517","0285","576","445","131","29","605","960","0","63.02","46.35"
"10","013","00","005","0518","0000","1035","790","245","96","1131","1944","0","58.18","40.64"
"10","013","00","005","0518","0286","445","350","95","38","483","786","0","61.45","44.53"
"10","013","00","005","0518","0287","590","440","150","58","648","1158","0","55.96","38.0"
"10","013","00","005","0519","0000","738","565","173","42","780","1666","0","46.82","33.91"
"10","013","00","005","0519","0289","738","565","173","42","780","1666","0","46.82","33.91"
"10","013","00","005","0520","0000","676","493","183","42","718","1647","0","43.59","29.93"
"10","013","00","005","0520","0288","676","493","183","42","718","1647","0","43.59","29.93"
"10","013","00","005","0521","0000","819","620","199","41","860","1702","0","50.53","36.43"
"10","013","00","005","0521","0274","819","620","199","41","860","1702","0","50.53","36.43"
"10","013","00","005","0522","0000","961","735","226","84","1045","2096","0","49.86","35.07"
"10","013","00","005","0522","0254","524","402","122","50","574","1147","0","50.04","35.05"
"10","013","00","005","0522","0255","437","333","104","34","471","949","0","49.63","35.09"
"10","013","00","005","0523","0000","643","489","154","42","685","1527","0","44.86","32.02"
"10","013","00","005","0523","0253","643","489","154","42","685","1527","0","44.86","32.02"
"10","013","00","005","0524","0000","554","414","140","55","609","1046","0","58.22","39.58"
"10","013","00","005","0524","0280","554","414","140","55","609","1046","0","58.22","39.58"
"10","013","00","005","0525","0000","943","725","218","43","986","2012","0","49.01","36.03"
"10","013","00","005","0525","0256","459","344","115","25","484","990","0","48.89","34.75"
"10","013","00","005","0525","0257","484","381","103","18","502","1022","0","49.12","37.28"
"10","013","00","005","0526","0000","871","700","171","35","906","1385","0","65.42","50.54"
"10","013","00","005","0526","0281","871","700","171","35","906","1385","0","65.42","50.54"
"10","013","00","005","0527","0000","650","515","135","43","693","1159","0","59.79","44.43"
"10","013","00","005","0527","0259","650","515","135","43","693","1159","0","59.79","44.43"
"10","013","00","005","0528","0000","463","354","109","43","506","837","0","60.45","42.29"
"10","013","00","005","0528","0260","463","354","109","43","506","837","0","60.45","42.29"
"10","013","00","005","0529","0000","343","264","79","28","371","545","0","68.07","48.44"
"10","013","00","005","0529","0258","343","264","79","28","371","545","0","68.07","48.44"
"10","013","00","005","0530","0000","182","144","38","18","200","392","0","51.02","36.73"
"10","013","00","005","0530","0261","182","144","38","18","200","392","0","51.02","36.73"
"10","013","00","006","0000","0000","13649","10288","3361","882","14531","26256","29714","55.34","39.18"
"10","013","00","006","0601","0000","1352","1044","308","100","1452","2632","0","55.17","39.67"
"10","013","00","006","0601","0292","529","421","108","40","569","1018","0","55.89","41.36"
"10","013","00","006","0601","0293","823","623","200","60","883","1614","0","54.71","38.6"
"10","013","00","006","0602","0000","1887","1404","483","94","1981","3555","0","55.72","39.49"
"10","013","00","006","0602","0294","1026","756","270","34","1060","1848","0","57.36","40.91"
"10","013","00","006","0602","0295","861","648","213","60","921","1707","0","53.95","37.96"
"10","013","00","006","0603","0000","1070","810","260","55","1125","1961","0","57.37","41.31"
"10","013","00","006","0603","0296","537","410","127","15","552","972","0","56.79","42.18"
"10","013","00","006","0603","0297","533","400","133","40","573","989","0","57.94","40.44"
"10","013","00","006","0604","0000","1268","916","352","72","1340","2548","0","52.59","35.95"
"10","013","00","006","0604","0298","419","321","98","26","445","735","0","60.54","43.67"
"10","013","00","006","0604","0299","849","595","254","46","895","1813","0","49.37","32.82"
"10","013","00","006","0605","0000","626","458","168","25","651","1073","0","60.67","42.68"
"10","013","00","006","0605","0300","626","458","168","25","651","1073","0","60.67","42.68"
"10","013","00","006","0606","0000","488","386","102","30","518","884","0","58.6","43.67"
"10","013","00","006","0606","0305","488","386","102","30","518","884","0","58.6","43.67"
"10","013","00","006","0607","0000","581","453","128","46","627","1090","0","57.52","41.56"
"10","013","00","006","0607","0306","581","453","128","46","627","1090","0","57.52","41.56"
"10","013","00","006","0608","0000","763","562","201","59","822","1492","0","55.09","37.67"
"10","013","00","006","0608","0304","763","562","201","59","822","1492","0","55.09","37.67"
"10","013","00","006","0609","0000","832","650","182","40","872","1654","0","52.72","39.3"
"10","013","00","006","0609","0301","832","650","182","40","872","1654","0","52.72","39.3"
"10","013","00","006","0610","0000","637","448","189","46","683","1205","0","56.68","37.18"
"10","013","00","006","0610","0302","637","448","189","46","683","1205","0","56.68","37.18"
"10","013","00","006","0611","0000","405","305","100","29","434","758","0","57.26","40.24"
"10","013","00","006","0611","0303","405","305","100","29","434","758","0","57.26","40.24"
"10","013","00","006","0612","0000","1182","897","285","73","1255","2401","0","52.27","37.36"
"10","013","00","006","0612","0311","642","484","158","54","696","1242","0","56.04","38.97"
"10","013","00","006","0612","0312","540","413","127","19","559","1159","0","48.23","35.63"
"10","013","00","006","0613","0000","926","719","207","79","1005","1770","0","56.78","40.62"
"10","013","00","006","0613","0308","431","332","99","37","468","845","0","55.38","39.29"
"10","013","00","006","0613","0309","495","387","108","42","537","925","0","58.05","41.84"
"10","013","00","006","0614","0000","651","475","176","78","729","1422","0","51.27","33.4"
"10","013","00","006","0614","0307","651","475","176","78","729","1422","0","51.27","33.4"
"10","013","00","006","0615","0000","604","476","128","31","635","1138","0","55.8","41.83"
"10","013","00","006","0615","0310","604","476","128","31","635","1138","0","55.8","41.83"
"10","013","00","006","0616","0000","377","285","92","25","402","673","0","59.73","42.35"
"10","013","00","006","0616","0313","377","285","92","25","402","673","0","59.73","42.35"
"10","013","00","007","0000","0000","5617","4152","1465","267","5884","9970","11068","59.02","41.64"
"10","013","00","007","0701","0000","1234","909","325","62","1296","2174","0","59.61","41.81"
"10","013","00","007","0701","0314","426","303","123","23","449","788","0","56.98","38.45"
"10","013","00","007","0701","0315","808","606","202","39","847","1386","0","61.11","43.72"
"10","013","00","007","0702","0000","553","406","147","35","588","957","0","61.44","42.42"
"10","013","00","007","0702","0316","553","406","147","35","588","957","0","61.44","42.42"
"10","013","00","007","0703","0000","905","671","234","51","956","1537","0","62.2","43.66"
"10","013","00","007","0703","0317","429","325","104","23","452","731","0","61.83","44.46"
"10","013","00","007","0703","0318","476","346","130","28","504","806","0","62.53","42.93"
"10","013","00","007","0704","0000","1390","1034","356","63","1453","2547","0","57.05","40.6"
"10","013","00","007","0704","0319","619","460","159","14","633","1207","0","52.44","38.11"
"10","013","00","007","0704","0320","771","574","197","49","820","1340","0","61.19","42.84"
"10","013","00","007","0705","0000","718","528","190","30","748","1221","0","61.26","43.24"
"10","013","00","007","0705","0321","718","528","190","30","748","1221","0","61.26","43.24"
"10","013","00","007","0706","0000","469","342","127","14","483","851","0","56.76","40.19"
"10","013","00","007","0706","0322","469","342","127","14","483","851","0","56.76","40.19"
"10","013","00","007","0707","0000","348","262","86","12","360","683","0","52.71","38.36"
"10","013","00","007","0707","0323","348","262","86","12","360","683","0","52.71","38.36"
"10","013","00","008","0000","0000","9742","7418","2324","739","10481","19132","22095","54.78","38.77"
"10","013","00","008","0801","0000","800","602","198","46","846","1491","0","56.74","40.38"
"10","013","00","008","0801","0324","800","602","198","46","846","1491","0","56.74","40.38"
"10","013","00","008","0802","0000","696","518","178","43","739","1375","0","53.75","37.67"
"10","013","00","008","0802","0325","696","518","178","43","739","1375","0","53.75","37.67"
"10","013","00","008","0803","0000","799","616","183","52","851","1678","0","50.72","36.71"
"10","013","00","008","0803","0326","799","616","183","52","851","1678","0","50.72","36.71"
"10","013","00","008","0804","0000","539","400","139","36","575","1276","0","45.06","31.35"
"10","013","00","008","0804","0328","539","400","139","36","575","1276","0","45.06","31.35"
"10","013","00","008","0805","0000","622","469","153","63","685","1166","0","58.75","40.22"
"10","013","00","008","0805","0327","622","469","153","63","685","1166","0","58.75","40.22"
"10","013","00","008","0806","0000","764","573","191","74","838","1600","0","52.38","35.81"
"10","013","00","008","0806","0334","764","573","191","74","838","1600","0","52.38","35.81"
"10","013","00","008","0807","0000","951","738","213","91","1042","1792","0","58.15","41.18"
"10","013","00","008","0807","0336","951","738","213","91","1042","1792","0","58.15","41.18"
"10","013","00","008","0808","0000","638","502","136","48","686","1248","0","54.97","40.22"
"10","013","00","008","0808","0335","638","502","136","48","686","1248","0","54.97","40.22"
"10","013","00","008","0809","0000","760","592","168","55","815","1482","0","54.99","39.95"
"10","013","00","008","0809","0337","760","592","168","55","815","1482","0","54.99","39.95"
"10","013","00","008","0810","0000","2250","1694","556","171","2421","4414","0","54.85","38.38"
"10","013","00","008","0810","0331","372","293","79","31","403","649","0","62.1","45.15"
"10","013","00","008","0810","0332","1006","758","248","91","1097","1999","0","54.88","37.92"
"10","013","00","008","0810","0333","872","643","229","49","921","1766","0","52.15","36.41"
"10","013","00","008","0811","0000","923","714","209","60","983","1610","0","61.06","44.35"
"10","013","00","008","0811","0329","550","430","120","36","586","1033","0","56.73","41.63"
"10","013","00","008","0811","0330","373","284","89","24","397","577","0","68.8","49.22"
"10","013","00","009","0000","0000","11384","8492","2892","971","12355","22128","26092","55.83","38.38"
"10","013","00","009","0901","0000","1601","1196","405","112","1713","3032","0","56.5","39.45"
"10","013","00","009","0901","0338","871","668","203","53","924","1552","0","59.54","43.04"
"10","013","00","009","0901","0339","730","528","202","59","789","1480","0","53.31","35.68"
"10","013","00","009","0902","0000","658","493","165","28","686","1127","0","60.87","43.74"
"10","013","00","009","0902","0342","658","493","165","28","686","1127","0","60.87","43.74"
"10","013","00","009","0903","0000","467","362","105","31","498","845","0","58.93","42.84"
"10","013","00","009","0903","0343","467","362","105","31","498","845","0","58.93","42.84"
"10","013","00","009","0904","0000","626","465","161","42","668","1282","0","52.11","36.27"
"10","013","00","009","0904","0344","626","465","161","42","668","1282","0","52.11","36.27"
"10","013","00","009","0905","0000","1084","816","268","84","1168","2012","0","58.05","40.56"
"10","013","00","009","0905","0345","526","401","125","43","569","981","0","58.0","40.88"
"10","013","00","009","0905","0346","558","415","143","41","599","1031","0","58.1","40.25"
"10","013","00","009","0906","0000","727","529","198","193","920","1423","0","64.65","37.17"
"10","013","00","009","0906","0347","727","529","198","193","920","1423","0","64.65","37.17"
"10","013","00","009","0907","0000","658","483","175","34","692","1534","0","45.11","31.49"
"10","013","00","009","0907","0340","658","483","175","34","692","1534","0","45.11","31.49"
"10","013","00","009","0908","0000","814","618","196","42","856","1578","0","54.25","39.16"
"10","013","00","009","0908","0341","814","618","196","42","856","1578","0","54.25","39.16"
"10","013","00","009","0909","0000","781","558","223","102","883","1566","0","56.39","35.63"
"10","013","00","009","0909","0348","172","133","39","8","180","363","0","49.59","36.64"
"10","013","00","009","0909","0349","609","425","184","94","703","1203","0","58.44","35.33"
"10","013","00","009","0910","0000","1256","967","289","109","1365","2411","0","56.62","40.11"
"10","013","00","009","0910","0350","580","453","127","59","639","1027","0","62.22","44.11"
"10","013","00","009","0910","0351","676","514","162","50","726","1384","0","52.46","37.14"
"10","013","00","009","0911","0000","1031","788","243","68","1099","2034","0","54.03","38.74"
"10","013","00","009","0911","0352","736","550","186","55","791","1512","0","52.31","36.38"
"10","013","00","009","0911","0353","295","238","57","13","308","522","0","59.0","45.59"
"10","013","00","009","0912","0000","922","655","267","66","988","1829","0","54.02","35.81"
"10","013","00","009","0912","0354","418","313","105","41","459","822","0","55.84","38.08"
"10","013","00","009","0912","0355","504","342","162","25","529","1007","0","52.53","33.96"
"10","013","00","009","0913","0000","493","371","122","44","537","956","0","56.17","38.81"
"10","013","00","009","0913","0356","493","371","122","44","537","956","0","56.17","38.81"
"10","013","00","009","0914","0000","266","191","75","16","282","499","0","56.51","38.28"
"10","013","00","009","0914","0357","266","191","75","16","282","499","0","56.51","38.28"
"10","013","00","010","0000","0000","11014","8460","2554","725","11739","22402","25740","52.4","37.76"
"10","013","00","010","1001","0000","1500","1141","359","98","1598","3148","0","50.76","36.25"
"10","013","00","010","1001","0370","741","582","159","24","765","1598","0","47.87","36.42"
"10","013","00","010","1001","0371","759","559","200","74","833","1550","0","53.74","36.06"
"10","013","00","010","1002","0000","1289","981","308","110","1399","2832","0","49.4","34.64"
"10","013","00","010","1002","0365","650","479","171","59","709","1367","0","51.87","35.04"
"10","013","00","010","1002","0366","639","502","137","51","690","1465","0","47.1","34.27"
"10","013","00","010","1003","0000","922","765","157","46","968","1850","0","52.32","41.35"
"10","013","00","010","1003","0358","489","441","48","21","510","951","0","53.63","46.37"
"10","013","00","010","1003","0359","433","324","109","25","458","899","0","50.95","36.04"
"10","013","00","010","1004","0000","1085","821","264","56","1141","2357","0","48.41","34.83"
"10","013","00","010","1004","0360","483","360","123","27","510","1116","0","45.7","32.26"
"10","013","00","010","1004","0361","602","461","141","29","631","1241","0","50.85","37.15"
"10","013","00","010","1005","0000","858","646","212","59","917","1732","0","52.94","37.3"
"10","013","00","010","1005","0362","371","269","102","36","407","770","0","52.86","34.94"
"10","013","00","010","1005","0363","487","377","110","23","510","962","0","53.01","39.19"
"10","013","00","010","1006","0000","576","453","123","58","634","1041","0","60.9","43.52"
"10","013","00","010","1006","0364","576","453","123","58","634","1041","0","60.9","43.52"
"10","013","00","010","1007","0000","802","614","188","38","840","1852","0","45.36","33.15"
"10","013","00","010","1007","0367","388","296","92","36","424","894","0","47.43","33.11"
"10","013","00","010","1007","0368","414","318","96","2","416","958","0","43.42","33.19"
"10","013","00","010","1008","0000","290","226","64","19","309","553","0","55.88","40.87"
"10","013","00","010","1008","0377","290","226","64","19","309","553","0","55.88","40.87"
"10","013","00","010","1009","0000","448","340","108","45","493","924","0","53.35","36.8"
"10","013","00","010","1009","0369","448","340","108","45","493","924","0","53.35","36.8"
"10","013","00","010","1010","0000","853","633","220","33","886","1619","0","54.73","39.1"
"10","013","00","010","1010","0376","853","633","220","33","886","1619","0","54.73","39.1"
"10","013","00","010","1011","0000","1847","1421","426","113","1960","3510","0","55.84","40.48"
"10","013","00","010","1011","0372","565","436","129","39","604","1127","0","53.59","38.69"
"10","013","00","010","1011","0373","628","494","134","44","672","1150","0","58.43","42.96"
"10","013","00","010","1011","0374","654","491","163","30","684","1233","0","55.47","39.82"
"10","013","00","010","1012","0000","544","419","125","50","594","984","0","60.37","42.58"
"10","013","00","010","1012","0375","544","419","125","50","594","984","0","60.37","42.58"
"10","013","00","011","0000","0000","9919","7475","2444","931","10850","21697","24444","50.01","34.45"
"10","013","00","011","1101","0000","964","722","242","86","1050","2138","0","49.11","33.77"
"10","013","00","011","1101","0378","500","362","138","56","556","883","0","62.97","41.0"
"10","013","00","011","1101","0379","464","360","104","30","494","1255","0","39.36","28.69"
"10","013","00","011","1102","0000","662","514","148","20","682","1278","0","53.36","40.22"
"10","013","00","011","1102","0380","662","514","148","20","682","1278","0","53.36","40.22"
"10","013","00","011","1103","0000","322","264","58","23","345","738","0","46.75","35.77"
"10","013","00","011","1103","0381","322","264","58","23","345","738","0","46.75","35.77"
"10","013","00","011","1104","0000","266","210","56","15","281","585","0","48.03","35.9"
"10","013","00","011","1104","0382","266","210","56","15","281","585","0","48.03","35.9"
"10","013","00","011","1105","0000","517","374","143","78","595","1012","0","58.79","36.96"
"10","013","00","011","1105","0383","517","374","143","78","595","1012","0","58.79","36.96"
"10","013","00","011","1106","0000","514","282","232","63","577","1148","0","50.26","24.56"
"10","013","00","011","1106","0384","514","282","232","63","577","1148","0","50.26","24.56"
"10","013","00","011","1107","0000","287","218","69","22","309","591","0","52.28","36.89"
"10","013","00","011","1107","0385","287","218","69","22","309","591","0","52.28","36.89"
"10","013","00","011","1108","0000","328","243","85","39","367","786","0","46.69","30.92"
"10","013","00","011","1108","0386","328","243","85","39","367","786","0","46.69","30.92"
"10","013","00","011","1109","0000","273","224","49","17","290","649","0","44.68","34.51"
"10","013","00","011","1109","0387","273","224","49","17","290","649","0","44.68","34.51"
"10","013","00","011","1110","0000","471","368","103","52","523","1229","0","42.55","29.94"
"10","013","00","011","1110","0388","471","368","103","52","523","1229","0","42.55","29.94"
"10","013","00","011","1111","0000","573","470","103","43","616","1446","0","42.6","32.5"
"10","013","00","011","1111","0389","573","470","103","43","616","1446","0","42.6","32.5"
"10","013","00","011","1112","0000","792","576","216","56","848","1821","0","46.57","31.63"
"10","013","00","011","1112","0390","352","241","111","15","367","899","0","40.82","26.81"
"10","013","00","011","1112","0391","440","335","105","41","481","922","0","52.17","36.33"
"10","013","00","011","1113","0000","527","383","144","69","596","1259","0","47.34","30.42"
"10","013","00","011","1113","0392","527","383","144","69","596","1259","0","47.34","30.42"
"10","013","00","011","1114","0000","455","356","99","16","471","1056","0","44.6","33.71"
"10","013","00","011","1114","0393","455","356","99","16","471","1056","0","44.6","33.71"
"10","013","00","011","1115","0000","550","415","135","64","614","1116","0","55.02","37.19"
"10","013","00","011","1115","0394","550","415","135","64","614","1116","0","55.02","37.19"
"10","013","00","011","1116","0000","496","372","124","77","573","1020","0","56.18","36.47"
"10","013","00","011","1116","0395","496","372","124","77","573","1020","0","56.18","36.47"
"10","013","00","011","1117","0000","523","397","126","51","574","1055","0","54.41","37.63"
"10","013","00","011","1117","0396","523","397","126","51","574","1055","0","54.41","37.63"
"10","013","00","011","1118","0000","613","475","138","63","676","1231","0","54.91","38.59"
"10","013","00","011","1118","0397","407","312","95","33","440","738","0","59.62","42.28"
"10","013","00","011","1118","0398","206","163","43","30","236","493","0","47.87","33.06"
"10","013","00","011","1119","0000","786","612","174","77","863","1539","0","56.08","39.77"
"10","013","00","011","1119","0399","786","612","174","77","863","1539","0","56.08","39.77"
"10","013","00","012","0000","0000","8772","6818","1954","599","9371","17945","20585","52.22","37.99"
"10","013","00","012","1201","0000","606","458","148","25","631","1239","0","50.93","36.97"
"10","013","00","012","1201","0400","606","458","148","25","631","1239","0","50.93","36.97"
"10","013","00","012","1202","0000","410","303","107","28","438","759","0","57.71","39.92"
"10","013","00","012","1202","0401","410","303","107","28","438","759","0","57.71","39.92"
"10","013","00","012","1203","0000","925","717","208","99","1024","1701","0","60.2","42.15"
"10","013","00","012","1203","0402","504","395","109","53","557","932","0","59.76","42.38"
"10","013","00","012","1203","0403","421","322","99","46","467","769","0","60.73","41.87"
"10","013","00","012","1204","0000","460","351","109","47","507","920","0","55.11","38.15"
"10","013","00","012","1204","0404","460","351","109","47","507","920","0","55.11","38.15"
"10","013","00","012","1205","0000","301","225","76","22","323","560","0","57.68","40.18"
"10","013","00","012","1205","0405","301","225","76","22","323","560","0","57.68","40.18"
"10","013","00","012","1206","0000","513","399","114","26","539","1120","0","48.13","35.63"
"10","013","00","012","1206","0406","513","399","114","26","539","1120","0","48.13","35.63"
"10","013","00","012","1207","0000","508","403","105","25","533","1048","0","50.86","38.45"
"10","013","00","012","1207","0407","508","403","105","25","533","1048","0","50.86","38.45"
"10","013","00","012","1208","0000","634","513","121","20","654","1438","0","45.48","35.67"
"10","013","00","012","1208","0408","634","513","121","20","654","1438","0","45.48","35.67"
"10","013","00","012","1209","0000","1093","876","217","66","1159","2027","0","57.18","43.22"
"10","013","00","012","1209","0411","529","440","89","24","553","1020","0","54.22","43.14"
"10","013","00","012","1209","0412","564","436","128","42","606","1007","0","60.18","43.3"
"10","013","00","012","1210","0000","781","611","170","69","850","1647","0","51.61","37.1"
"10","013","00","012","1210","0409","385","296","89","32","417","834","0","50.0","35.49"
"10","013","00","012","1210","0410","396","315","81","37","433","813","0","53.26","38.75"
"10","013","00","012","1211","0000","676","507","169","53","729","1648","0","44.24","30.76"
"10","013","00","012","1211","0413","676","507","169","53","729","1648","0","44.24","30.76"
"10","013","00","012","1212","0000","704","539","165","44","748","1437","0","52.05","37.51"
"10","013","00","012","1212","0414","704","539","165","44","748","1437","0","52.05","37.51"
"10","013","00","012","1213","0000","537","417","120","19","556","1228","0","45.28","33.96"
"10","013","00","012","1213","0415","537","417","120","19","556","1228","0","45.28","33.96"
"10","013","00","012","1214","0000","624","499","125","56","680","1173","0","57.97","42.54"
"10","013","00","012","1214","0416","325","265","60","27","352","597","0","58.96","44.39"
"10","013","00","012","1214","0417","299","234","65","29","328","576","0","56.94","40.63"
"10","013","00","013","0000","0000","21914","16703","5211","1228","23142","47558","54167","48.66","35.12"
"10","013","00","013","1301","0000","1789","1386","403","93","1882","3979","0","47.3","34.83"
"10","013","00","013","1301","0418","567","441","126","37","604","1305","0","46.28","33.79"
"10","013","00","013","1301","0419","590","472","118","35","625","1287","0","48.56","36.67"
"10","013","00","013","1301","0420","632","473","159","21","653","1387","0","47.08","34.1"
"10","013","00","013","1302","0000","1451","1066","385","63","1514","3145","0","48.14","33.9"
"10","013","00","013","1302","0421","697","496","201","32","729","1540","0","47.34","32.21"
"10","013","00","013","1302","0422","754","570","184","31","785","1605","0","48.91","35.51"
"10","013","00","013","1303","0000","625","487","138","45","670","1326","0","50.53","36.73"
"10","013","00","013","1303","0423","625","487","138","45","670","1326","0","50.53","36.73"
"10","013","00","013","1304","0000","311","241","70","23","334","591","0","56.51","40.78"
"10","013","00","013","1304","0424","311","241","70","23","334","591","0","56.51","40.78"
"10","013","00","013","1305","0000","1025","798","227","44","1069","2202","0","48.55","36.24"
"10","013","00","013","1305","0425","501","373","128","39","540","1123","0","48.09","33.21"
"10","013","00","013","1305","0426","524","425","99","5","529","1079","0","49.03","39.39"
"10","013","00","013","1306","0000","1418","1104","314","69","1487","2733","0","54.41","40.4"
"10","013","00","013","1306","0427","728","565","163","46","774","1485","0","52.12","38.05"
"10","013","00","013","1306","0428","690","539","151","23","713","1248","0","57.13","43.19"
"10","013","00","013","1307","0000","2107","1604","503","98","2205","4482","0","49.2","35.79"
"10","013","00","013","1307","0429","789","606","183","32","821","1569","0","52.33","38.62"
"10","013","00","013","1307","0430","664","500","164","49","713","1493","0","47.76","33.49"
"10","013","00","013","1307","0431","654","498","156","17","671","1420","0","47.25","35.07"
"10","013","00","013","1308","0000","1360","1113","247","75","1435","2853","0","50.3","39.01"
"10","013","00","013","1308","0432","653","519","134","41","694","1334","0","52.02","38.91"
"10","013","00","013","1308","0433","707","594","113","34","741","1519","0","48.78","39.1"
"10","013","00","013","1309","0000","852","655","197","73","925","1672","0","55.32","39.17"
"10","013","00","013","1309","0434","387","290","97","33","420","784","0","53.57","36.99"
"10","013","00","013","1309","0435","465","365","100","40","505","888","0","56.87","41.1"
"10","013","00","013","1310","0000","836","652","184","29","865","1915","0","45.17","34.05"
"10","013","00","013","1310","0436","333","263","70","7","340","747","0","45.52","35.21"
"10","013","00","013","1310","0437","503","389","114","22","525","1168","0","44.95","33.3"
"10","013","00","013","1311","0000","888","674","214","65","953","1824","0","52.25","36.95"
"10","013","00","013","1311","0438","288","221","67","24","312","546","0","57.14","40.48"
"10","013","00","013","1311","0439","600","453","147","41","641","1278","0","50.16","35.45"
"10","013","00","013","1312","0000","1187","913","274","95","1282","2898","0","44.24","31.5"
"10","013","00","013","1312","0440","579","448","131","44","623","1348","0","46.22","33.23"
"10","013","00","013","1312","0441","608","465","143","51","659","1550","0","42.52","30.0"
"10","013","00","013","1313","0000","531","415","116","46","577","947","0","60.93","43.82"
"10","013","00","013","1313","0442","531","415","116","46","577","947","0","60.93","43.82"
"10","013","00","013","1314","0000","530","412","118","38","568","1097","0","51.78","37.56"
"10","013","00","013","1314","0443","530","412","118","38","568","1097","0","51.78","37.56"
"10","013","00","013","1315","0000","864","659","205","76","940","2381","0","39.48","27.68"
"10","013","00","013","1315","0444","428","302","126","53","481","1128","0","42.64","26.77"
"10","013","00","013","1315","0445","436","357","79","23","459","1253","0","36.63","28.49"
"10","013","00","013","1316","0000","670","544","126","15","685","1525","0","44.92","35.67"
"10","013","00","013","1316","0446","670","544","126","15","685","1525","0","44.92","35.67"
"10","013","00","013","1317","0000","1108","886","222","62","1170","2431","0","48.13","36.45"
"10","013","00","013","1317","0447","596","474","122","43","639","1215","0","52.59","39.01"
"10","013","00","013","1317","0448","512","412","100","19","531","1216","0","43.67","33.88"
"10","013","00","013","1318","0000","1084","511","573","53","1137","2379","0","47.79","21.48"
"10","013","00","013","1318","0449","592","470","122","27","619","1353","0","45.75","34.74"
"10","013","00","013","1318","0450","492","41","451","26","518","1026","0","50.49","4.0"
"10","013","00","013","1319","0000","389","303","86","22","411","862","0","47.68","35.15"
"10","013","00","013","1319","0451","389","303","86","22","411","862","0","47.68","35.15"
"10","013","00","013","1320","0000","794","613","181","47","841","1775","0","47.38","34.54"
"10","013","00","013","1320","0452","377","290","87","27","404","921","0","43.87","31.49"
"10","013","00","013","1320","0453","417","323","94","20","437","854","0","51.17","37.82"
"10","013","00","013","1321","0000","1098","887","211","46","1144","2434","0","47.0","36.44"
"10","013","00","013","1321","0454","547","449","98","23","570","1230","0","46.34","36.5"
"10","013","00","013","1321","0455","551","438","113","23","574","1204","0","47.67","36.38"
"10","013","00","013","1322","0000","565","437","128","29","594","1301","0","45.66","33.59"
"10","013","00","013","1322","0456","565","437","128","29","594","1301","0","45.66","33.59"
"10","013","00","013","1323","0000","432","343","89","22","454","806","0","56.33","42.56"
"10","013","00","013","1323","0457","432","343","89","22","454","806","0","56.33","42.56"
"10","013","00","014","0000","0000","8251","6363","1888","631","8882","15353","17181","57.85","41.44"
"10","013","00","014","1401","0000","789","635","154","53","842","1503","0","56.02","42.25"
"10","013","00","014","1401","0458","789","635","154","53","842","1503","0","56.02","42.25"
"10","013","00","014","1402","0000","528","405","123","25","553","899","0","61.51","45.05"
"10","013","00","014","1402","0459","528","405","123","25","553","899","0","61.51","45.05"
"10","013","00","014","1403","0000","420","325","95","34","454","716","0","63.41","45.39"
"10","013","00","014","1403","0460","420","325","95","34","454","716","0","63.41","45.39"
"10","013","00","014","1404","0000","363","268","95","20","383","581","0","65.92","46.13"
"10","013","00","014","1404","0461","363","268","95","20","383","581","0","65.92","46.13"
"10","013","00","014","1405","0000","680","524","156","62","742","1327","0","55.92","39.49"
"10","013","00","014","1405","0462","680","524","156","62","742","1327","0","55.92","39.49"
"10","013","00","014","1406","0000","567","442","125","51","618","997","0","61.99","44.33"
"10","013","00","014","1406","0463","567","442","125","51","618","997","0","61.99","44.33"
"10","013","00","014","1407","0000","339","259","80","25","364","649","0","56.09","39.91"
"10","013","00","014","1407","0464","339","259","80","25","364","649","0","56.09","39.91"
"10","013","00","014","1408","0000","326","258","68","20","346","476","0","72.69","54.2"
"10","013","00","014","1408","0465","326","258","68","20","346","476","0","72.69","54.2"
"10","013","00","014","1409","0000","1277","991","286","108","1385","2486","0","55.71","39.86"
"10","013","00","014","1409","0466","687","528","159","55","742","1259","0","58.94","41.94"
"10","013","00","014","1409","0467","590","463","127","53","643","1227","0","52.4","37.73"
"10","013","00","014","1410","0000","300","233","67","22","322","504","0","63.89","46.23"
"10","013","00","014","1410","0468","300","233","67","22","322","504","0","63.89","46.23"
"10","013","00","014","1411","0000","432","335","97","36","468","860","0","54.42","38.95"
"10","013","00","014","1411","0469","432","335","97","36","468","860","0","54.42","38.95"
"10","013","00","014","1412","0000","411","307","104","19","430","800","0","53.75","38.38"
"10","013","00","014","1412","0470","411","307","104","19","430","800","0","53.75","38.38"
"10","013","00","014","1413","0000","608","481","127","54","662","1134","0","58.38","42.42"
"10","013","00","014","1413","0471","608","481","127","54","662","1134","0","58.38","42.42"
"10","013","00","014","1414","0000","612","455","157","56","668","1229","0","54.35","37.02"
"10","013","00","014","1414","0472","612","455","157","56","668","1229","0","54.35","37.02"
"10","013","00","014","1415","0000","599","445","154","46","645","1192","0","54.11","37.33"
"10","013","00","014","1415","0473","599","445","154","46","645","1192","0","54.11","37.33"
"10","013","00","015","0000","0000","4248","3349","899","341","4589","9033","10035","50.8","37.08"
"10","013","00","015","1501","0000","965","758","207","47","1012","2026","0","49.95","37.41"
"10","013","00","015","1501","0474","809","634","175","28","837","1712","0","48.89","37.03"
"10","013","00","015","1501","0475","156","124","32","19","175","314","0","55.73","39.49"
"10","013","00","015","1502","0000","547","426","121","47","594","1086","0","54.7","39.23"
"10","013","00","015","1502","0476","380","288","92","30","410","752","0","54.52","38.3"
"10","013","00","015","1502","0477","167","138","29","17","184","334","0","55.09","41.32"
"10","013","00","015","1503","0000","504","411","93","40","544","957","0","56.84","42.95"
"10","013","00","015","1503","0478","504","411","93","40","544","957","0","56.84","42.95"
"10","013","00","015","1504","0000","411","315","96","40","451","764","0","59.03","41.23"
"10","013","00","015","1504","0479","411","315","96","40","451","764","0","59.03","41.23"
"10","013","00","015","1505","0000","800","621","179","59","859","1752","0","49.03","35.45"
"10","013","00","015","1505","0480","195","154","41","17","212","373","0","56.84","41.29"
"10","013","00","015","1505","0481","298","230","68","19","317","678","0","46.76","33.92"
"10","013","00","015","1505","0482","307","237","70","23","330","701","0","47.08","33.81"
"10","013","00","015","1506","0000","529","425","104","55","584","1125","0","51.91","37.78"
"10","013","00","015","1506","0484","283","223","60","29","312","541","0","57.67","41.22"
"10","013","00","015","1506","0485","246","202","44","26","272","584","0","46.58","34.59"
"10","013","00","015","1507","0000","492","393","99","53","545","1323","0","41.19","29.71"
"10","013","00","015","1507","0483","492","393","99","53","545","1323","0","41.19","29.71"
"10","013","00","016","0000","0000","10645","8342","2303","806","11451","21394","24413","53.52","38.99"
"10","013","00","016","1601","0000","644","505","139","40","684","1213","0","56.39","41.63"
"10","013","00","016","1601","0486","644","505","139","40","684","1213","0","56.39","41.63"
"10","013","00","016","1602","0000","480","367","113","45","525","891","0","58.92","41.19"
"10","013","00","016","1602","0487","480","367","113","45","525","891","0","58.92","41.19"
"10","013","00","016","1603","0000","452","364","88","45","497","970","0","51.24","37.53"
"10","013","00","016","1603","0488","452","364","88","45","497","970","0","51.24","37.53"
"10","013","00","016","1604","0000","319","262","57","20","339","629","0","53.9","41.65"
"10","013","00","016","1604","0489","319","262","57","20","339","629","0","53.9","41.65"
"10","013","00","016","1605","0000","892","703","189","59","951","1614","0","58.92","43.56"
"10","013","00","016","1605","0490","472","364","108","34","506","840","0","60.24","43.33"
"10","013","00","016","1605","0491","420","339","81","25","445","774","0","57.49","43.8"
"10","013","00","016","1606","0000","2104","1668","436","77","2181","4157","0","52.47","40.13"
"10","013","00","016","1606","0492","673","534","139","45","718","1379","0","52.07","38.72"
"10","013","00","016","1606","0493","800","646","154","32","832","1502","0","55.39","43.01"
"10","013","00","016","1606","0494","631","488","143","0","631","1276","0","49.45","38.24"
"10","013","00","016","1607","0000","1036","824","212","99","1135","1969","0","57.64","41.85"
"10","013","00","016","1607","0495","479","369","110","43","522","964","0","54.15","38.28"
"10","013","00","016","1607","0496","557","455","102","56","613","1005","0","61.0","45.27"
"10","013","00","016","1608","0000","756","602","154","50","806","1459","0","55.24","41.26"
"10","013","00","016","1608","0497","372","296","76","16","388","734","0","52.86","40.33"
"10","013","00","016","1608","0498","384","306","78","34","418","725","0","57.66","42.21"
"10","013","00","016","1609","0000","1053","832","221","117","1170","2113","0","55.37","39.38"
"10","013","00","016","1609","0499","498","386","112","56","554","1046","0","52.96","36.9"
"10","013","00","016","1609","0500","555","446","109","61","616","1067","0","57.73","41.8"
"10","013","00","016","1610","0000","250","188","62","34","284","718","0","39.55","26.18"
"10","013","00","016","1610","0501","250","188","62","34","284","718","0","39.55","26.18"
"10","013","00","016","1611","0000","392","315","77","34","426","903","0","47.18","34.88"
"10","013","00","016","1611","0502","392","315","77","34","426","903","0","47.18","34.88"
"10","013","00","016","1612","0000","370","290","80","20","390","959","0","40.67","30.24"
"10","013","00","016","1612","0506","370","290","80","20","390","959","0","40.67","30.24"
"10","013","00","016","1613","0000","217","175","42","21","238","427","0","55.74","40.98"
"10","013","00","016","1613","0507","217","175","42","21","238","427","0","55.74","40.98"
"10","013","00","016","1614","0000","1315","993","322","118","1433","2754","0","52.03","36.06"
"10","013","00","016","1614","0503","609","457","152","68","677","1387","0","48.81","32.95"
"10","013","00","016","1614","0504","706","536","170","50","756","1367","0","55.3","39.21"
"10","013","00","016","1615","0000","365","254","111","27","392","618","0","63.43","41.1"
"10","013","00","016","1615","0505","365","254","111","27","392","618","0","63.43","41.1"
"10","013","00","017","0000","0000","15119","11532","3587","1213","16332","30706","34961","53.19","37.56"
"10","013","00","017","1701","0000","903","683","220","85","988","1663","0","59.41","41.07"
"10","013","00","017","1701","0508","433","326","107","39","472","820","0","57.56","39.76"
"10","013","00","017","1701","0509","470","357","113","46","516","843","0","61.21","42.35"
"10","013","00","017","1702","0000","1300","985","315","86","1386","2532","0","54.74","38.9"
"10","013","00","017","1702","0510","600","447","153","43","643","1242","0","51.77","35.99"
"10","013","00","017","1702","0511","700","538","162","43","743","1290","0","57.6","41.71"
"10","013","00","017","1703","0000","1117","831","286","100","1217","2161","0","56.32","38.45"
"10","013","00","017","1703","0512","536","405","131","32","568","1073","0","52.94","37.74"
"10","013","00","017","1703","0513","581","426","155","68","649","1088","0","59.65","39.15"
"10","013","00","017","1704","0000","397","309","88","23","420","845","0","49.7","36.57"
"10","013","00","017","1704","0514","397","309","88","23","420","845","0","49.7","36.57"
"10","013","00","017","1705","0000","435","306","129","37","472","862","0","54.76","35.5"
"10","013","00","017","1705","0515","435","306","129","37","472","862","0","54.76","35.5"
"10","013","00","017","1706","0000","1097","824","273","101","1198","2292","0","52.27","35.95"
"10","013","00","017","1706","0516","544","407","137","43","587","1183","0","49.62","34.4"
"10","013","00","017","1706","0517","553","417","136","58","611","1109","0","55.09","37.6"
"10","013","00","017","1707","0000","1047","754","293","47","1094","2271","0","48.17","33.2"
"10","013","00","017","1707","0518","509","369","140","16","525","1119","0","46.92","32.98"
"10","013","00","017","1707","0519","538","385","153","31","569","1152","0","49.39","33.42"
"10","013","00","017","1708","0000","574","461","113","40","614","1240","0","49.52","37.18"
"10","013","00","017","1708","0522","574","461","113","40","614","1240","0","49.52","37.18"
"10","013","00","017","1709","0000","1010","752","258","88","1098","2194","0","50.05","34.28"
"10","013","00","017","1709","0523","449","323","126","25","474","1120","0","42.32","28.84"
"10","013","00","017","1709","0524","561","429","132","63","624","1074","0","58.1","39.94"
"10","013","00","017","1710","0000","739","568","171","73","812","1598","0","50.81","35.54"
"10","013","00","017","1710","0525","368","288","80","34","402","849","0","47.35","33.92"
"10","013","00","017","1710","0526","371","280","91","39","410","749","0","54.74","37.38"
"10","013","00","017","1711","0000","667","450","217","59","726","1416","0","51.27","31.78"
"10","013","00","017","1711","0527","667","450","217","59","726","1416","0","51.27","31.78"
"10","013","00","017","1712","0000","1064","810","254","98","1162","2134","0","54.45","37.96"
"10","013","00","017","1712","0520","524","406","118","49","573","1030","0","55.63","39.42"
"10","013","00","017","1712","0521","540","404","136","49","589","1104","0","53.35","36.59"
"10","013","00","017","1713","0000","1418","1112","306","119","1537","2800","0","54.89","39.71"
"10","013","00","017","1713","0528","456","353","103","37","493","895","0","55.08","39.44"
"10","013","00","017","1713","0529","471","372","99","51","522","933","0","55.95","39.87"
"10","013","00","017","1713","0530","491","387","104","31","522","972","0","53.7","39.81"
"10","013","00","017","1714","0000","2149","1711","438","148","2297","4377","0","52.48","39.09"
"10","013","00","017","1714","0531","649","511","138","38","687","1454","0","47.25","35.14"
"10","013","00","017","1714","0532","901","703","198","64","965","1653","0","58.38","42.53"
"10","013","00","017","1714","0533","599","497","102","46","645","1270","0","50.79","39.13"
"10","013","00","017","1715","0000","1202","976","226","109","1311","2321","0","56.48","42.05"
"10","013","00","017","1715","0534","619","505","114","69","688","1123","0","61.26","44.97"
"10","013","00","017","1715","0535","583","471","112","40","623","1198","0","52.0","39.32"
"10","013","00","018","0000","0000","6075","4526","1549","384","6459","12270","15524","52.64","36.89"
"10","013","00","018","1801","0000","1106","821","285","58","1164","2234","0","52.1","36.75"
"10","013","00","018","1801","0536","561","421","140","26","587","1190","0","49.33","35.38"
"10","013","00","018","1801","0537","545","400","145","32","577","1044","0","55.27","38.31"
"10","013","00","018","1802","0000","1020","741","279","67","1087","2032","0","53.49","36.47"
"10","013","00","018","1802","0538","419","308","111","37","456","818","0","55.75","37.65"
"10","013","00","018","1802","0539","601","433","168","30","631","1214","0","51.98","35.67"
"10","013","00","018","1803","0000","677","511","166","42","719","1253","0","57.38","40.78"
"10","013","00","018","1803","0541","677","511","166","42","719","1253","0","57.38","40.78"
"10","013","00","018","1804","0000","628","483","145","24","652","1325","0","49.21","36.45"
"10","013","00","018","1804","0540","628","483","145","24","652","1325","0","49.21","36.45"
"10","013","00","018","1805","0000","493","351","142","36","529","1039","0","50.91","33.78"
"10","013","00","018","1805","0542","493","351","142","36","529","1039","0","50.91","33.78"
"10","013","00","018","1806","0000","711","531","180","55","766","1549","0","49.45","34.28"
"10","013","00","018","1806","0543","354","261","93","37","391","813","0","48.09","32.1"
"10","013","00","018","1806","0544","357","270","87","18","375","736","0","50.95","36.68"
"10","013","00","018","1807","0000","501","362","139","28","529","934","0","56.64","38.76"
"10","013","00","018","1807","0545","501","362","139","28","529","934","0","56.64","38.76"
"10","013","00","018","1808","0000","939","726","213","74","1013","1904","0","53.2","38.13"
"10","013","00","018","1808","0546","431","333","98","43","474","900","0","52.67","37.0"
"10","013","00","018","1808","0547","508","393","115","31","539","1004","0","53.69","39.14"
"10","013","00","019","0000","0000","8148","6383","1765","648","8796","15691","17842","56.06","40.68"
"10","013","00","019","1901","0000","807","643","164","56","863","1458","0","59.19","44.1"
"10","013","00","019","1901","0548","807","643","164","56","863","1458","0","59.19","44.1"
"10","013","00","019","1902","0000","892","720","172","43","935","1586","0","58.95","45.4"
"10","013","00","019","1902","0549","495","402","93","18","513","891","0","57.58","45.12"
"10","013","00","019","1902","0550","397","318","79","25","422","695","0","60.72","45.76"
"10","013","00","019","1903","0000","900","693","207","78","978","1634","0","59.85","42.41"
"10","013","00","019","1903","0555","461","360","101","40","501","841","0","59.57","42.81"
"10","013","00","019","1903","0556","439","333","106","38","477","793","0","60.15","41.99"
"10","013","00","019","1904","0000","433","319","114","29","462","725","0","63.72","44.0"
"10","013","00","019","1904","0554","433","319","114","29","462","725","0","63.72","44.0"
"10","013","00","019","1905","0000","1713","1318","395","120","1833","3189","0","57.48","41.33"
"10","013","00","019","1905","0551","576","449","127","33","609","1015","0","60.0","44.24"
"10","013","00","019","1905","0552","631","493","138","47","678","1171","0","57.9","42.1"
"10","013","00","019","1905","0553","506","376","130","40","546","1003","0","54.44","37.49"
"10","013","00","019","1906","0000","837","664","173","69","906","1816","0","49.89","36.56"
"10","013","00","019","1906","0559","362","282","80","34","396","783","0","50.57","36.02"
"10","013","00","019","1906","0560","475","382","93","35","510","1033","0","49.37","36.98"
"10","013","00","019","1907","0000","613","471","142","52","665","1283","0","51.83","36.71"
"10","013","00","019","1907","0558","613","471","142","52","665","1283","0","51.83","36.71"
"10","013","00","019","1908","0000","506","405","101","41","547","919","0","59.52","44.07"
"10","013","00","019","1908","0557","506","405","101","41","547","919","0","59.52","44.07"
"10","013","00","019","1909","0000","940","736","204","125","1065","1959","0","54.36","37.57"
"10","013","00","019","1909","0561","556","440","116","86","642","1186","0","54.13","37.1"
"10","013","00","019","1909","0562","384","296","88","39","423","773","0","54.72","38.29"
"10","013","00","019","1910","0000","507","414","93","35","542","1122","0","48.31","36.9"
"10","013","00","019","1910","0563","507","414","93","35","542","1122","0","48.31","36.9"
"10","013","00","020","0000","0000","4822","3652","1170","322","5144","9479","10650","54.27","38.53"
"10","013","00","020","2001","0000","858","684","174","52","910","1666","0","54.62","41.06"
"10","013","00","020","2001","0564","443","349","94","28","471","872","0","54.01","40.02"
"10","013","00","020","2001","0565","415","335","80","24","439","794","0","55.29","42.19"
"10","013","00","020","2002","0000","534","405","129","28","562","962","0","58.42","42.1"
"10","013","00","020","2002","0566","534","405","129","28","562","962","0","58.42","42.1"
"10","013","00","020","2003","0000","262","214","48","16","278","466","0","59.66","45.92"
"10","013","00","020","2003","0569","262","214","48","16","278","466","0","59.66","45.92"
"10","013","00","020","2004","0000","417","313","104","16","433","708","0","61.16","44.21"
"10","013","00","020","2004","0570","417","313","104","16","433","708","0","61.16","44.21"
"10","013","00","020","2005","0000","538","401","137","42","580","1033","0","56.15","38.82"
"10","013","00","020","2005","0567","538","401","137","42","580","1033","0","56.15","38.82"
"10","013","00","020","2006","0000","487","350","137","33","520","1007","0","51.64","34.76"
"10","013","00","020","2006","0568","487","350","137","33","520","1007","0","51.64","34.76"
"10","013","00","020","2007","0000","554","410","144","37","591","1044","0","56.61","39.27"
"10","013","00","020","2007","0571","554","410","144","37","591","1044","0","56.61","39.27"
"10","013","00","020","2008","0000","434","338","96","45","479","1071","0","44.72","31.56"
"10","013","00","020","2008","0572","434","338","96","45","479","1071","0","44.72","31.56"
"10","013","00","020","2009","0000","489","340","149","28","517","979","0","52.81","34.73"
"10","013","00","020","2009","0573","489","340","149","28","517","979","0","52.81","34.73"
"10","013","00","020","2010","0000","249","197","52","25","274","543","0","50.46","36.28"
"10","013","00","020","2010","0574","249","197","52","25","274","543","0","50.46","36.28"
"10","013","00","021","0000","0000","7903","6104","1799","641","8544","17063","19172","50.07","35.77"
"10","013","00","021","2101","0000","643","463","180","44","687","1472","0","46.67","31.45"
"10","013","00","021","2101","0575","643","463","180","44","687","1472","0","46.67","31.45"
"10","013","00","021","2102","0000","563","448","115","51","614","1360","0","45.15","32.94"
"10","013","00","021","2102","0576","563","448","115","51","614","1360","0","45.15","32.94"
"10","013","00","021","2103","0000","424","334","90","45","469","804","0","58.33","41.54"
"10","013","00","021","2103","0577","424","334","90","45","469","804","0","58.33","41.54"
"10","013","00","021","2104","0000","826","622","204","58","884","1780","0","49.66","34.94"
"10","013","00","021","2104","0578","436","323","113","50","486","925","0","52.54","34.92"
"10","013","00","021","2104","0579","390","299","91","8","398","855","0","46.55","34.97"
"10","013","00","021","2105","0000","922","677","245","71","993","1988","0","49.95","34.05"
"10","013","00","021","2105","0580","460","341","119","31","491","981","0","50.05","34.76"
"10","013","00","021","2105","0581","462","336","126","40","502","1007","0","49.85","33.37"
"10","013","00","021","2106","0000","919","679","240","79","998","2127","0","46.92","31.92"
"10","013","00","021","2106","0582","383","278","105","41","424","872","0","48.62","31.88"
"10","013","00","021","2106","0583","536","401","135","38","574","1255","0","45.74","31.95"
"10","013","00","021","2107","0000","521","438","83","54","575","995","0","57.79","44.02"
"10","013","00","021","2107","0584","521","438","83","54","575","995","0","57.79","44.02"
"10","013","00","021","2108","0000","300","217","83","26","326","734","0","44.41","29.56"
"10","013","00","021","2108","0585","300","217","83","26","326","734","0","44.41","29.56"
"10","013","00","021","2109","0000","520","410","110","18","538","1178","0","45.67","34.8"
"10","013","00","021","2109","0586","520","410","110","18","538","1178","0","45.67","34.8"
"10","013","00","021","2110","0000","476","347","129","54","530","1095","0","48.4","31.69"
"10","013","00","021","2110","0587","476","347","129","54","530","1095","0","48.4","31.69"
"10","013","00","021","2111","0000","550","481","69","61","611","1097","0","55.7","43.85"
"10","013","00","021","2111","0588","550","481","69","61","611","1097","0","55.7","43.85"
"10","013","00","021","2112","0000","1239","988","251","80","1319","2433","0","54.21","40.61"
"10","013","00","021","2112","0589","615","496","119","50","665","1273","0","52.24","38.96"
"10","013","00","021","2112","0590","624","492","132","30","654","1160","0","56.38","42.41"
"10","013","00","022","0000","0000","4395","3577","818","332","4727","10706","12395","44.15","33.41"
"10","013","00","022","2201","0000","847","643","204","61","908","2083","0","43.59","30.87"
"10","013","00","022","2201","0591","438","329","109","30","468","1111","0","42.12","29.61"
"10","013","00","022","2201","0592","409","314","95","31","440","972","0","45.27","32.3"
"10","013","00","022","2202","0000","615","481","134","40","655","1278","0","51.25","37.64"
"10","013","00","022","2202","0593","615","481","134","40","655","1278","0","51.25","37.64"
"10","013","00","022","2203","0000","450","364","86","45","495","976","0","50.72","37.3"
"10","013","00","022","2203","0594","450","364","86","45","495","976","0","50.72","37.3"
"10","013","00","022","2204","0000","713","572","141","74","787","1658","0","47.47","34.5"
"10","013","00","022","2204","0595","713","572","141","74","787","1658","0","47.47","34.5"
"10","013","00","022","2205","0000","426","340","86","24","450","1146","0","39.27","29.67"
"10","013","00","022","2205","0596","426","340","86","24","450","1146","0","39.27","29.67"
"10","013","00","022","2206","0000","397","326","71","28","425","1079","0","39.39","30.21"
"10","013","00","022","2206","0597","397","326","71","28","425","1079","0","39.39","30.21"
"10","013","00","022","2207","0000","552","542","10","20","572","1613","0","35.46","33.6"
"10","013","00","022","2207","0598","552","542","10","20","572","1613","0","35.46","33.6"
"10","013","00","022","2208","0000","395","309","86","40","435","873","0","49.83","35.4"
"10","013","00","022","2208","0599","395","309","86","40","435","873","0","49.83","35.4"
"10","013","00","023","0000","0000","3014","2257","757","198","3212","7595","8619","42.29","29.72"
"10","013","00","023","2301","0000","605","447","158","38","643","1347","0","47.74","33.18"
"10","013","00","023","2301","0602","214","161","53","17","231","491","0","47.05","32.79"
"10","013","00","023","2301","0603","391","286","105","21","412","856","0","48.13","33.41"
"10","013","00","023","2302","0000","249","203","46","8","257","554","0","46.39","36.64"
"10","013","00","023","2302","0604","249","203","46","8","257","554","0","46.39","36.64"
"10","013","00","023","2303","0000","217","150","67","24","241","647","0","37.25","23.18"
"10","013","00","023","2303","0601","217","150","67","24","241","647","0","37.25","23.18"
"10","013","00","023","2304","0000","285","210","75","25","310","737","0","42.06","28.49"
"10","013","00","023","2304","0600","285","210","75","25","310","737","0","42.06","28.49"
"10","013","00","023","2305","0000","137","105","32","7","144","388","0","37.11","27.06"
"10","013","00","023","2305","0605","137","105","32","7","144","388","0","37.11","27.06"
"10","013","00","023","2306","0000","350","250","100","24","374","922","0","40.56","27.11"
"10","013","00","023","2306","0606","350","250","100","24","374","922","0","40.56","27.11"
"10","013","00","023","2307","0000","417","313","104","20","437","1220","0","35.82","25.66"
"10","013","00","023","2307","0607","205","146","59","10","215","597","0","36.01","24.46"
"10","013","00","023","2307","0608","212","167","45","10","222","623","0","35.63","26.81"
"10","013","00","023","2308","0000","189","138","51","12","201","425","0","47.29","32.47"
"10","013","00","023","2308","0609","189","138","51","12","201","425","0","47.29","32.47"
"10","013","00","023","2309","0000","199","166","33","16","215","428","0","50.23","38.79"
"10","013","00","023","2309","0610","199","166","33","16","215","428","0","50.23","38.79"
"10","013","00","023","2310","0000","175","131","44","5","180","504","0","35.71","25.99"
"10","013","00","023","2310","0611","175","131","44","5","180","504","0","35.71","25.99"
"10","013","00","023","2311","0000","191","144","47","19","210","423","0","49.65","34.04"
"10","013","00","023","2311","0612","191","144","47","19","210","423","0","49.65","34.04"
"10","013","00","024","0000","0000","2942","2250","692","167","3109","7206","8068","43.14","31.22"
"10","013","00","024","2401","0000","685","502","183","36","721","1575","0","45.78","31.87"
"10","013","00","024","2401","0613","685","502","183","36","721","1575","0","45.78","31.87"
"10","013","00","024","2402","0000","191","147","44","9","200","420","0","47.62","35.0"
"10","013","00","024","2402","0614","191","147","44","9","200","420","0","47.62","35.0"
"10","013","00","024","2403","0000","494","405","89","19","513","1302","0","39.4","31.11"
"10","013","00","024","2403","0616","494","405","89","19","513","1302","0","39.4","31.11"
"10","013","00","024","2404","0000","569","430","139","47","616","1314","0","46.88","32.72"
"10","013","00","024","2404","0617","569","430","139","47","616","1314","0","46.88","32.72"
"10","013","00","024","2405","0000","337","272","65","13","350","602","0","58.14","45.18"
"10","013","00","024","2405","0615","337","272","65","13","350","602","0","58.14","45.18"
"10","013","00","024","2406","0000","379","274","105","15","394","1308","0","30.12","20.95"
"10","013","00","024","2406","0618","379","274","105","15","394","1308","0","30.12","20.95"
"10","013","00","024","2407","0000","140","98","42","9","149","367","0","40.6","26.7"
"10","013","00","024","2407","0619","140","98","42","9","149","367","0","40.6","26.7"
"10","013","00","024","2408","0000","147","122","25","19","166","318","0","52.2","38.36"
"10","013","00","024","2408","0620","147","122","25","19","166","318","0","52.2","38.36"
"10","013","00","025","0000","0000","2364","1831","533","168","2532","4856","5547","52.14","37.71"
"10","013","00","025","2501","0000","594","481","113","42","636","1032","0","61.63","46.61"
"10","013","00","025","2501","0621","347","288","59","21","368","604","0","60.93","47.68"
"10","013","00","025","2501","0622","247","193","54","21","268","428","0","62.62","45.09"
"10","013","00","025","2502","0000","1005","779","226","79","1084","1900","0","57.05","41.0"
"10","013","00","025","2502","0623","520","402","118","61","581","928","0","62.61","43.32"
"10","013","00","025","2502","0624","485","377","108","18","503","972","0","51.75","38.79"
"10","013","00","025","2503","0000","445","335","110","31","476","1041","0","45.73","32.18"
"10","013","00","025","2503","0625","445","335","110","31","476","1041","0","45.73","32.18"
"10","013","00","025","2504","0000","320","236","84","16","336","883","0","38.05","26.73"
"10","013","00","025","2504","0626","320","236","84","16","336","883","0","38.05","26.73"
"10","013","00","026","0000","0000","3810","2964","846","164","3974","6373","7694","62.36","46.51"
"10","013","00","026","2601","0000","871","626","245","32","903","1448","0","62.36","43.23"
"10","013","00","026","2601","0630","871","626","245","32","903","1448","0","62.36","43.23"
"10","013","00","026","2602","0000","202","171","31","3","205","323","0","63.47","52.94"
"10","013","00","026","2602","0629","202","171","31","3","205","323","0","63.47","52.94"
"10","013","00","026","2603","0000","333","267","66","26","359","572","0","62.76","46.68"
"10","013","00","026","2603","0628","333","267","66","26","359","572","0","62.76","46.68"
"10","013","00","026","2604","0000","302","255","47","9","311","616","0","50.49","41.4"
"10","013","00","026","2604","0627","302","255","47","9","311","616","0","50.49","41.4"
"10","013","00","026","2605","0000","386","308","78","7","393","726","0","54.13","42.42"
"10","013","00","026","2605","0631","386","308","78","7","393","726","0","54.13","42.42"
"10","013","00","026","2606","0000","296","215","81","14","310","554","0","55.96","38.81"
"10","013","00","026","2606","0632","296","215","81","14","310","554","0","55.96","38.81"
"10","013","00","026","2607","0000","224","169","55","10","234","346","0","67.63","48.84"
"10","013","00","026","2607","0633","224","169","55","10","234","346","0","67.63","48.84"
"10","013","00","026","2608","0000","334","284","50","5","339","458","0","74.02","62.01"
"10","013","00","026","2608","0634","334","284","50","5","339","458","0","74.02","62.01"
"10","013","00","026","2609","0000","455","361","94","14","469","692","0","67.77","52.17"
"10","013","00","026","2609","0635","455","361","94","14","469","692","0","67.77","52.17"
"10","013","00","026","2610","0000","407","308","99","44","451","638","0","70.69","48.28"
"10","013","00","026","2610","0636","407","308","99","44","451","638","0","70.69","48.28"
"10","013","00","027","0000","0000","2158","1694","464","65","2223","2950","3376","75.36","57.42"
"10","013","00","027","2701","0000","856","674","182","26","882","1185","0","74.43","56.88"
"10","013","00","027","2701","0637","263","203","60","8","271","346","0","78.32","58.67"
"10","013","00","027","2701","0638","499","392","107","16","515","677","0","76.07","57.9"
"10","013","00","027","2701","0639","94","79","15","2","96","162","0","59.26","48.77"
"10","013","00","027","2702","0000","226","199","27","8","234","296","0","79.05","67.23"
"10","013","00","027","2702","0641","226","199","27","8","234","296","0","79.05","67.23"
"10","013","00","027","2703","0000","113","97","16","4","117","189","0","61.9","51.32"
"10","013","00","027","2703","0640","113","97","16","4","117","189","0","61.9","51.32"
"10","013","00","027","2704","0000","331","220","111","14","345","450","0","76.67","48.89"
"10","013","00","027","2704","0644","331","220","111","14","345","450","0","76.67","48.89"
"10","013","00","027","2705","0000","232","176","56","6","238","347","0","68.59","50.72"
"10","013","00","027","2705","0643","232","176","56","6","238","347","0","68.59","50.72"
"10","013","00","027","2706","0000","400","328","72","7","407","483","0","84.27","67.91"
"10","013","00","027","2706","0642","400","328","72","7","407","483","0","84.27","67.91"
"10","013","00","028","0000","0000","3659","2897","762","128","3787","5663","6833","66.87","51.16"
"10","013","00","028","2801","0000","252","177","75","5","257","455","0","56.48","38.9"
"10","013","00","028","2801","0645","252","177","75","5","257","455","0","56.48","38.9"
"10","013","00","028","2802","0000","535","406","129","15","550","821","0","66.99","49.45"
"10","013","00","028","2802","0646","535","406","129","15","550","821","0","66.99","49.45"
"10","013","00","028","2803","0000","633","486","147","17","650","1057","0","61.49","45.98"
"10","013","00","028","2803","0650","633","486","147","17","650","1057","0","61.49","45.98"
"10","013","00","028","2804","0000","537","429","108","16","553","900","0","61.44","47.67"
"10","013","00","028","2804","0651","537","429","108","16","553","900","0","61.44","47.67"
"10","013","00","028","2805","0000","272","223","49","7","279","429","0","65.03","51.98"
"10","013","00","028","2805","0652","272","223","49","7","279","429","0","65.03","51.98"
"10","013","00","028","2806","0000","1430","1176","254","68","1498","2001","0","74.86","58.77"
"10","013","00","028","2806","0647","439","347","92","29","468","635","0","73.7","54.65"
"10","013","00","028","2806","0648","498","412","86","27","525","695","0","75.54","59.28"
"10","013","00","028","2806","0649","493","417","76","12","505","671","0","75.26","62.15"
"10","013","00","029","0000","0000","2767","2193","574","124","2891","4344","5403","66.55","50.48"
"10","013","00","029","2901","0000","520","390","130","14","534","859","0","62.17","45.4"
"10","013","00","029","2901","0653","402","293","109","10","412","669","0","61.58","43.8"
"10","013","00","029","2901","0654","118","97","21","4","122","190","0","64.21","51.05"
"10","013","00","029","2902","0000","572","428","144","35","607","922","0","65.84","46.42"
"10","013","00","029","2902","0655","572","428","144","35","607","922","0","65.84","46.42"
"10","013","00","029","2903","0000","452","367","85","10","462","598","0","77.26","61.37"
"10","013","00","029","2903","0656","452","367","85","10","462","598","0","77.26","61.37"
"10","013","00","029","2904","0000","285","247","38","18","303","414","0","73.19","59.66"
"10","013","00","029","2904","0658","285","247","38","18","303","414","0","73.19","59.66"
"10","013","00","029","2905","0000","463","373","90","19","482","780","0","61.79","47.82"
"10","013","00","029","2905","0659","463","373","90","19","482","780","0","61.79","47.82"
"10","013","00","029","2906","0000","475","388","87","28","503","771","0","65.24","50.32"
"10","013","00","029","2906","0657","475","388","87","28","503","771","0","65.24","50.32"
"10","013","00","030","0000","0000","3591","2890","701","205","3796","6257","7445","60.67","46.19"
"10","013","00","030","3001","0000","569","481","88","52","621","917","0","67.72","52.45"
"10","013","00","030","3001","0660","569","481","88","52","621","917","0","67.72","52.45"
"10","013","00","030","3002","0000","355","295","60","13","368","577","0","63.78","51.13"
"10","013","00","030","3002","0661","220","175","45","13","233","361","0","64.54","48.48"
"10","013","00","030","3002","0662","135","120","15","0","135","216","0","62.5","55.56"
"10","013","00","030","3003","0000","495","424","71","24","519","725","0","71.59","58.48"
"10","013","00","030","3003","0663","321","272","49","16","337","445","0","75.73","61.12"
"10","013","00","030","3003","0664","174","152","22","8","182","280","0","65.0","54.29"
"10","013","00","030","3004","0000","609","492","117","39","648","1097","0","59.07","44.85"
"10","013","00","030","3004","0665","609","492","117","39","648","1097","0","59.07","44.85"
"10","013","00","030","3005","0000","534","442","92","31","565","840","0","67.26","52.62"
"10","013","00","030","3005","0666","534","442","92","31","565","840","0","67.26","52.62"
"10","013","00","030","3006","0000","440","322","118","13","453","889","0","50.96","36.22"
"10","013","00","030","3006","0667","440","322","118","13","453","889","0","50.96","36.22"
"10","013","00","030","3007","0000","589","434","155","33","622","1212","0","51.32","35.81"
"10","013","00","030","3007","0668","589","434","155","33","622","1212","0","51.32","35.81"
"10","013","00","031","0000","0000","1693","1286","407","46","1739","3923","4903","44.33","32.78"
"10","013","00","031","3101","0000","388","301","87","10","398","909","0","43.78","33.11"
"10","013","00","031","3101","0669","388","301","87","10","398","909","0","43.78","33.11"
"10","013","00","031","3102","0000","356","268","88","9","365","663","0","55.05","40.42"
"10","013","00","031","3102","0670","356","268","88","9","365","663","0","55.05","40.42"
"10","013","00","031","3103","0000","122","105","17","0","122","304","0","40.13","34.54"
"10","013","00","031","3103","0671","122","105","17","0","122","304","0","40.13","34.54"
"10","013","00","031","3104","0000","449","342","107","19","468","928","0","50.43","36.85"
"10","013","00","031","3104","0672","449","342","107","19","468","928","0","50.43","36.85"
"10","013","00","031","3105","0000","225","166","59","5","230","641","0","35.88","25.9"
"10","013","00","031","3105","0673","225","166","59","5","230","641","0","35.88","25.9"
"10","013","00","031","3106","0000","153","104","49","3","156","478","0","32.64","21.76"
"10","013","00","031","3106","0674","153","104","49","3","156","478","0","32.64","21.76"
"10","013","00","032","0000","0000","2561","2115","446","93","2654","4230","5018","62.74","50.0"
"10","013","00","032","3201","0000","410","348","62","12","422","751","0","56.19","46.34"
"10","013","00","032","3201","0675","410","348","62","12","422","751","0","56.19","46.34"
"10","013","00","032","3202","0000","436","348","88","23","459","776","0","59.15","44.85"
"10","013","00","032","3202","0676","436","348","88","23","459","776","0","59.15","44.85"
"10","013","00","032","3203","0000","487","423","64","18","505","711","0","71.03","59.49"
"10","013","00","032","3203","0677","487","423","64","18","505","711","0","71.03","59.49"
"10","013","00","032","3204","0000","171","137","34","16","187","243","0","76.95","56.38"
"10","013","00","032","3204","0678","171","137","34","16","187","243","0","76.95","56.38"
"10","013","00","032","3205","0000","223","188","35","6","229","325","0","70.46","57.85"
"10","013","00","032","3205","0679","223","188","35","6","229","325","0","70.46","57.85"
"10","013","00","032","3206","0000","260","206","54","4","264","476","0","55.46","43.28"
"10","013","00","032","3206","0680","260","206","54","4","264","476","0","55.46","43.28"
"10","013","00","032","3207","0000","406","340","66","8","414","602","0","68.77","56.48"
"10","013","00","032","3207","0681","406","340","66","8","414","602","0","68.77","56.48"
"10","013","00","032","3208","0000","168","125","43","6","174","346","0","50.29","36.13"
"10","013","00","032","3208","0682","168","125","43","6","174","346","0","50.29","36.13"
"10","013","00","033","0000","0000","1779","1327","452","63","1842","4314","5003","42.7","30.76"
"10","013","00","033","3301","0000","769","576","193","37","806","1648","0","48.91","34.95"
"10","013","00","033","3301","0683","138","104","34","5","143","342","0","41.81","30.41"
"10","013","00","033","3301","0684","631","472","159","32","663","1306","0","50.77","36.14"
"10","013","00","033","3302","0000","193","141","52","5","198","693","0","28.57","20.35"
"10","013","00","033","3302","0685","193","141","52","5","198","693","0","28.57","20.35"
"10","013","00","033","3303","0000","194","152","42","8","202","437","0","46.22","34.78"
"10","013","00","033","3303","0686","194","152","42","8","202","437","0","46.22","34.78"
"10","013","00","033","3304","0000","192","148","44","4","196","392","0","50.0","37.76"
"10","013","00","033","3304","0687","192","148","44","4","196","392","0","50.0","37.76"
"10","013","00","033","3305","0000","297","207","90","7","304","593","0","51.26","34.91"
"10","013","00","033","3305","0688","297","207","90","7","304","593","0","51.26","34.91"
"10","013","00","033","3306","0000","134","103","31","2","136","551","0","24.68","18.69"
"10","013","00","033","3306","0689","134","103","31","2","136","551","0","24.68","18.69"
"10","002","00","000","0000","0000","205298","150234","55064","11224","216522","386089","455508","56.08","38.91"
"10","002","00","001","0000","0000","43165","30720","12445","1929","45094","79167","95747","56.96","38.8"
"10","002","00","001","0101","0000","1401","1017","384","61","1462","2598","0","56.27","39.15"
"10","002","00","001","0101","0023","383","283","100","14","397","669","0","59.34","42.3"
"10","002","00","001","0101","0024","501","368","133","26","527","923","0","57.1","39.87"
"10","002","00","001","0101","0025","517","366","151","21","538","1006","0","53.48","36.38"
"10","002","00","001","0102","0000","826","641","185","30","856","1747","0","49.0","36.69"
"10","002","00","001","0102","0021","562","462","100","20","582","1282","0","45.4","36.04"
"10","002","00","001","0102","0022","264","179","85","10","274","465","0","58.92","38.49"
"10","002","00","001","0108","0000","1155","803","352","48","1203","2122","0","56.69","37.84"
"10","002","00","001","0108","0029","625","433","192","32","657","1143","0","57.48","37.88"
"10","002","00","001","0108","0030","530","370","160","16","546","979","0","55.77","37.79"
"10","002","00","001","0109","0000","644","465","179","43","687","1214","0","56.59","38.3"
"10","002","00","001","0109","0031","644","465","179","43","687","1214","0","56.59","38.3"
"10","002","00","001","0110","0000","1020","660","360","37","1057","1717","0","61.56","38.44"
"10","002","00","001","0110","0035","544","370","174","14","558","943","0","59.17","39.24"
"10","002","00","001","0110","0036","476","290","186","23","499","774","0","64.47","37.47"
"10","002","00","001","0111","0000","1081","781","300","59","1140","2036","0","55.99","38.36"
"10","002","00","001","0111","0033","527","379","148","26","553","946","0","58.46","40.06"
"10","002","00","001","0111","0034","554","402","152","33","587","1090","0","53.85","36.88"
"10","002","00","001","0112","0000","700","520","180","44","744","1283","0","57.99","40.53"
"10","002","00","001","0112","0032","700","520","180","44","744","1283","0","57.99","40.53"
"10","002","00","001","0113","0000","989","724","265","55","1044","1815","0","57.52","39.89"
"10","002","00","001","0113","0051","484","359","125","25","509","905","0","56.24","39.67"
"10","002","00","001","0113","0052","505","365","140","30","535","910","0","58.79","40.11"
"10","002","00","001","0114","0000","1224","851","373","50","1274","2214","0","57.54","38.44"
"10","002","00","001","0114","0046","607","420","187","21","628","1110","0","56.58","37.84"
"10","002","00","001","0114","0047","617","431","186","29","646","1104","0","58.51","39.04"
"10","002","00","001","0115","0000","1761","1223","538","76","1837","3262","0","56.32","37.49"
"10","002","00","001","0115","0040","585","416","169","33","618","1084","0","57.01","38.38"
"10","002","00","001","0115","0041","574","405","169","22","596","1095","0","54.43","36.99"
"10","002","00","001","0115","0042","602","402","200","21","623","1083","0","57.53","37.12"
"10","002","00","001","0116","0000","704","501","203","31","735","1434","0","51.26","34.94"
"10","002","00","001","0116","0053","704","501","203","31","735","1434","0","51.26","34.94"
"10","002","00","001","0117","0000","912","643","269","54","966","1803","0","53.58","35.66"
"10","002","00","001","0117","0059","446","303","143","29","475","909","0","52.26","33.33"
"10","002","00","001","0117","0060","466","340","126","25","491","894","0","54.92","38.03"
"10","002","00","001","0118","0000","990","741","249","48","1038","1560","0","66.54","47.5"
"10","002","00","001","0118","0027","450","335","115","19","469","727","0","64.51","46.08"
"10","002","00","001","0118","0028","540","406","134","29","569","833","0","68.31","48.74"
"10","002","00","001","0119","0000","555","391","164","26","581","966","0","60.14","40.48"
"10","002","00","001","0119","0055","555","391","164","26","581","966","0","60.14","40.48"
"10","002","00","001","0121","0000","912","654","258","41","953","1595","0","59.75","41.0"
"10","002","00","001","0121","0056","400","289","111","16","416","711","0","58.51","40.65"
"10","002","00","001","0121","0057","512","365","147","25","537","884","0","60.75","41.29"
"10","002","00","001","0122","0000","734","524","210","33","767","1326","0","57.84","39.52"
"10","002","00","001","0122","0058","734","524","210","33","767","1326","0","57.84","39.52"
"10","002","00","001","0123","0000","599","429","170","40","639","1152","0","55.47","37.24"
"10","002","00","001","0123","0054","599","429","170","40","639","1152","0","55.47","37.24"
"10","002","00","001","0124","0000","1454","1097","357","54","1508","2584","0","58.36","42.45"
"10","002","00","001","0124","0064","782","573","209","33","815","1454","0","56.05","39.41"
"10","002","00","001","0124","0065","672","524","148","21","693","1130","0","61.33","46.37"
"10","002","00","001","0125","0000","1061","813","248","61","1122","2025","0","55.41","40.15"
"10","002","00","001","0125","0066","522","398","124","20","542","1087","0","49.86","36.61"
"10","002","00","001","0125","0067","539","415","124","41","580","938","0","61.83","44.24"
"10","002","00","001","0126","0000","1214","640","574","49","1263","2237","0","56.46","28.61"
"10","002","00","001","0126","0068","689","501","188","36","725","1285","0","56.42","38.99"
"10","002","00","001","0126","0069","525","139","386","13","538","952","0","56.51","14.6"
"10","002","00","001","0127","0000","1675","1219","456","110","1785","3123","0","57.16","39.03"
"10","002","00","001","0127","0070","540","398","142","32","572","948","0","60.34","41.98"
"10","002","00","001","0127","0071","576","398","178","34","610","1160","0","52.59","34.31"
"10","002","00","001","0127","0072","559","423","136","44","603","1015","0","59.41","41.67"
"10","002","00","001","0128","0000","641","454","187","37","678","1162","0","58.35","39.07"
"10","002","00","001","0128","0078","641","454","187","37","678","1162","0","58.35","39.07"
"10","002","00","001","0131","0000","490","343","147","28","518","959","0","54.01","35.77"
"10","002","00","001","0131","0075","490","343","147","28","518","959","0","54.01","35.77"
"10","002","00","001","0132","0000","1003","760","243","42","1045","1699","0","61.51","44.73"
"10","002","00","001","0132","0076","494","380","114","23","517","814","0","63.51","46.68"
"10","002","00","001","0132","0077","509","380","129","19","528","885","0","59.66","42.94"
"10","002","00","001","0134","0000","777","567","210","56","833","1388","0","60.01","40.85"
"10","002","00","001","0134","0073","249","177","72","14","263","424","0","62.03","41.75"
"10","002","00","001","0134","0074","528","390","138","42","570","964","0","59.13","40.46"
"10","002","00","001","0135","0000","1559","1105","454","68","1627","2933","0","55.47","37.67"
"10","002","00","001","0135","0007","483","344","139","24","507","912","0","55.59","37.72"
"10","002","00","001","0135","0008","720","517","203","33","753","1335","0","56.4","38.73"
"10","002","00","001","0135","0009","356","244","112","11","367","686","0","53.5","35.57"
"10","002","00","001","0136","0000","1192","887","305","45","1237","2252","0","54.93","39.39"
"10","002","00","001","0136","0001","524","385","139","11","535","982","0","54.48","39.21"
"10","002","00","001","0136","0002","668","502","166","34","702","1270","0","55.28","39.53"
"10","002","00","001","0137","0000","891","621","270","25","916","1605","0","57.07","38.69"
"10","002","00","001","0137","0003","464","318","146","11","475","849","0","55.95","37.46"
"10","002","00","001","0137","0004","427","303","124","14","441","756","0","58.33","40.08"
"10","002","00","001","0138","0000","2414","1635","779","79","2493","4269","0","58.4","38.3"
"10","002","00","001","0138","0010","792","543","249","35","827","1366","0","60.54","39.75"
"10","002","00","001","0138","0011","756","489","267","21","777","1363","0","57.01","35.88"
"10","002","00","001","0138","0012","866","603","263","23","889","1540","0","57.73","39.16"
"10","002","00","001","0139","0000","1619","1117","502","76","1695","3045","0","55.67","36.68"
"10","002","00","001","0139","0015","493","342","151","28","521","900","0","57.89","38.0"
"10","002","00","001","0139","0016","501","362","139","18","519","980","0","52.96","36.94"
"10","002","00","001","0139","0017","625","413","212","30","655","1165","0","56.22","35.45"
"10","002","00","001","0140","0000","1456","1095","361","64","1520","2695","0","56.4","40.63"
"10","002","00","001","0140","0018","483","364","119","22","505","904","0","55.86","40.27"
"10","002","00","001","0140","0019","454","336","118","15","469","813","0","57.69","41.33"
"10","002","00","001","0140","0020","519","395","124","27","546","978","0","55.83","40.39"
"10","002","00","001","0141","0000","1662","1168","494","37","1699","3051","0","55.69","38.28"
"10","002","00","001","0141","0043","582","417","165","12","594","1108","0","53.61","37.64"
"10","002","00","001","0141","0044","488","342","146","8","496","848","0","58.49","40.33"
"10","002","00","001","0141","0045","592","409","183","17","609","1095","0","55.62","37.35"
"10","002","00","001","0142","0000","1791","1263","528","60","1851","3156","0","58.65","40.02"
"10","002","00","001","0142","0048","635","435","200","20","655","1134","0","57.76","38.36"
"10","002","00","001","0142","0049","639","442","197","22","661","1146","0","57.68","38.57"
"10","002","00","001","0142","0050","517","386","131","18","535","876","0","61.07","44.06"
"10","002","00","001","0143","0000","1401","1008","393","49","1450","2550","0","56.86","39.53"
"10","002","00","001","0143","0013","733","514","219","28","761","1341","0","56.75","38.33"
"10","002","00","001","0143","0014","668","494","174","21","689","1209","0","56.99","40.86"
"10","002","00","001","0144","0000","1001","766","235","53","1054","2000","0","52.7","38.3"
"10","002","00","001","0144","0005","531","401","130","25","556","1107","0","50.23","36.22"
"10","002","00","001","0144","0006","470","365","105","28","498","893","0","55.77","40.87"
"10","002","00","001","0145","0000","467","332","135","37","504","762","0","66.14","43.57"
"10","002","00","001","0145","0026","467","332","135","37","504","762","0","66.14","43.57"
"10","002","00","001","0146","0000","1468","1069","399","71","1539","2915","0","52.8","36.67"
"10","002","00","001","0146","0061","618","450","168","22","640","1259","0","50.83","35.74"
"10","002","00","001","0146","0062","401","292","109","16","417","789","0","52.85","37.01"
"10","002","00","001","0146","0063","449","327","122","33","482","867","0","55.59","37.72"
"10","002","00","001","0147","0000","1722","1193","529","52","1774","2913","0","60.9","40.95"
"10","002","00","001","0147","0037","573","400","173","17","590","968","0","60.95","41.32"
"10","002","00","001","0147","0038","552","380","172","19","571","926","0","61.66","41.04"
"10","002","00","001","0147","0039","597","413","184","16","613","1019","0","60.16","40.53"
"10","002","00","002","0000","0000","31810","22790","9020","1500","33310","57686","72457","57.74","39.51"
"10","002","00","002","0204","0000","775","556","219","44","819","1475","0","55.53","37.69"
"10","002","00","002","0204","0081","775","556","219","44","819","1475","0","55.53","37.69"
"10","002","00","002","0205","0000","1872","1340","532","71","1943","3504","0","55.45","38.24"
"10","002","00","002","0205","0082","769","535","234","31","800","1466","0","54.57","36.49"
"10","002","00","002","0205","0083","583","424","159","23","606","1075","0","56.37","39.44"
"10","002","00","002","0205","0084","520","381","139","17","537","963","0","55.76","39.56"
"10","002","00","002","0206","0000","1373","1000","373","87","1460","2677","0","54.54","37.36"
"10","002","00","002","0206","0085","753","554","199","62","815","1511","0","53.94","36.66"
"10","002","00","002","0206","0086","620","446","174","25","645","1166","0","55.32","38.25"
"10","002","00","002","0207","0000","1581","1121","460","68","1649","3008","0","54.82","37.27"
"10","002","00","002","0207","0087","689","477","212","46","735","1273","0","57.74","37.47"
"10","002","00","002","0207","0088","892","644","248","22","914","1735","0","52.68","37.12"
"10","002","00","002","0208","0000","1299","920","379","54","1353","2324","0","58.22","39.59"
"10","002","00","002","0208","0089","819","592","227","31","850","1487","0","57.16","39.81"
"10","002","00","002","0208","0090","480","328","152","23","503","837","0","60.1","39.19"
"10","002","00","002","0209","0000","754","558","196","38","792","1312","0","60.37","42.53"
"10","002","00","002","0209","0091","754","558","196","38","792","1312","0","60.37","42.53"
"10","002","00","002","0210","0000","779","562","217","20","799","1502","0","53.2","37.42"
"10","002","00","002","0210","0092","779","562","217","20","799","1502","0","53.2","37.42"
"10","002","00","002","0211","0000","590","418","172","17","607","1138","0","53.34","36.73"
"10","002","00","002","0211","0093","590","418","172","17","607","1138","0","53.34","36.73"
"10","002","00","002","0216","0000","1942","1415","527","102","2044","3681","0","55.53","38.44"
"10","002","00","002","0216","0096","606","438","168","28","634","1089","0","58.22","40.22"
"10","002","00","002","0216","0097","684","511","173","29","713","1304","0","54.68","39.19"
"10","002","00","002","0216","0098","652","466","186","45","697","1288","0","54.11","36.18"
"10","002","00","002","0217","0000","1563","1141","422","89","1652","2850","0","57.96","40.04"
"10","002","00","002","0217","0102","777","564","213","55","832","1420","0","58.59","39.72"
"10","002","00","002","0217","0103","786","577","209","34","820","1430","0","57.34","40.35"
"10","002","00","002","0218","0000","1557","1102","455","84","1641","2804","0","58.52","39.3"
"10","002","00","002","0218","0104","595","426","169","39","634","1075","0","58.98","39.63"
"10","002","00","002","0218","0105","503","354","149","28","531","879","0","60.41","40.27"
"10","002","00","002","0218","0106","459","322","137","17","476","850","0","56.0","37.88"
"10","002","00","002","0219","0000","1965","1395","570","89","2054","3623","0","56.69","38.5"
"10","002","00","002","0219","0111","768","528","240","38","806","1431","0","56.32","36.9"
"10","002","00","002","0219","0112","606","440","166","29","635","1109","0","57.26","39.68"
"10","002","00","002","0219","0113","591","427","164","22","613","1083","0","56.6","39.43"
"10","002","00","002","0220","0000","1483","1057","426","73","1556","2692","0","57.8","39.26"
"10","002","00","002","0220","0114","781","564","217","35","816","1404","0","58.12","40.17"
"10","002","00","002","0220","0115","702","493","209","38","740","1288","0","57.45","38.28"
"10","002","00","002","0221","0000","518","375","143","30","548","1183","0","46.32","31.7"
"10","002","00","002","0221","0116","518","375","143","30","548","1183","0","46.32","31.7"
"10","002","00","002","0222","0000","1640","1159","481","104","1744","2865","0","60.87","40.45"
"10","002","00","002","0222","0117","625","446","179","38","663","1105","0","60.0","40.36"
"10","002","00","002","0222","0118","577","403","174","29","606","987","0","61.4","40.83"
"10","002","00","002","0222","0119","438","310","128","37","475","773","0","61.45","40.1"
"10","002","00","002","0223","0000","1620","1125","495","68","1688","2926","0","57.69","38.45"
"10","002","00","002","0223","0123","559","386","173","15","574","977","0","58.75","39.51"
"10","002","00","002","0223","0124","503","351","152","29","532","972","0","54.73","36.11"
"10","002","00","002","0223","0125","558","388","170","24","582","977","0","59.57","39.71"
"10","002","00","002","0224","0000","2005","1436","569","96","2101","3551","0","59.17","40.44"
"10","002","00","002","0224","0126","787","556","231","39","826","1398","0","59.08","39.77"
"10","002","00","002","0224","0127","557","397","160","22","579","1022","0","56.65","38.85"
"10","002","00","002","0224","0128","661","483","178","35","696","1131","0","61.54","42.71"
"10","002","00","002","0225","0000","2111","1507","604","66","2177","3431","0","63.45","43.92"
"10","002","00","002","0225","0120","838","578","260","31","869","1366","0","63.62","42.31"
"10","002","00","002","0225","0121","568","407","161","18","586","907","0","64.61","44.87"
"10","002","00","002","0225","0122","705","522","183","17","722","1158","0","62.35","45.08"
"10","002","00","002","0226","0000","2577","1816","761","78","2655","4360","0","60.89","41.65"
"10","002","00","002","0226","0107","645","440","205","19","664","1111","0","59.77","39.6"
"10","002","00","002","0226","0108","691","507","184","23","714","1139","0","62.69","44.51"
"10","002","00","002","0226","0109","682","481","201","16","698","1130","0","61.77","42.57"
"10","002","00","002","0226","0110","559","388","171","20","579","980","0","59.08","39.59"
"10","002","00","002","0227","0000","1750","1264","486","105","1855","2990","0","62.04","42.27"
"10","002","00","002","0227","0099","611","448","163","30","641","1036","0","61.87","43.24"
"10","002","00","002","0227","0100","585","431","154","35","620","969","0","63.98","44.48"
"10","002","00","002","0227","0101","554","385","169","40","594","985","0","60.3","39.09"
"10","002","00","002","0228","0000","771","576","195","37","808","1407","0","57.43","40.94"
"10","002","00","002","0228","0079","389","276","113","19","408","689","0","59.22","40.06"
"10","002","00","002","0228","0080","382","300","82","18","400","718","0","55.71","41.78"
"10","002","00","002","0229","0000","745","547","198","52","797","1373","0","58.05","39.84"
"10","002","00","002","0229","0095","745","547","198","52","797","1373","0","58.05","39.84"
"10","002","00","002","0230","0000","540","400","140","28","568","1010","0","56.24","39.6"
"10","002","00","002","0230","0094","540","400","140","28","568","1010","0","56.24","39.6"
"10","002","00","003","0000","0000","18254","13507","4747","1306","19560","34512","39785","56.68","39.14"
"10","002","00","003","0301","0000","1830","1343","487","113","1943","3364","0","57.76","39.92"
"10","002","00","003","0301","0129","630","470","160","42","672","1194","0","56.28","39.36"
"10","002","00","003","0301","0130","596","448","148","30","626","1128","0","55.5","39.72"
"10","002","00","003","0301","0131","604","425","179","41","645","1042","0","61.9","40.79"
"10","002","00","003","0302","0000","564","392","172","23","587","997","0","58.88","39.32"
"10","002","00","003","0302","0132","564","392","172","23","587","997","0","58.88","39.32"
"10","002","00","003","0303","0000","1986","1466","520","150","2136","3693","0","57.84","39.7"
"10","002","00","003","0303","0133","691","512","179","52","743","1303","0","57.02","39.29"
"10","002","00","003","0303","0134","697","509","188","57","754","1260","0","59.84","40.4"
"10","002","00","003","0303","0135","598","445","153","41","639","1130","0","56.55","39.38"
"10","002","00","003","0304","0000","456","332","124","42","498","910","0","54.73","36.48"
"10","002","00","003","0304","0136","290","208","82","26","316","559","0","56.53","37.21"
"10","002","00","003","0304","0137","166","124","42","16","182","351","0","51.85","35.33"
"10","002","00","003","0305","0000","678","508","170","60","738","1323","0","55.78","38.4"
"10","002","00","003","0305","0138","457","345","112","40","497","889","0","55.91","38.81"
"10","002","00","003","0305","0139","221","163","58","20","241","434","0","55.53","37.56"
"10","002","00","003","0307","0000","1642","1180","462","102","1744","2945","0","59.22","40.07"
"10","002","00","003","0307","0140","483","344","139","26","509","835","0","60.96","41.2"
"10","002","00","003","0307","0141","534","376","158","25","559","975","0","57.33","38.56"
"10","002","00","003","0307","0142","625","460","165","51","676","1135","0","59.56","40.53"
"10","002","00","003","0308","0000","727","529","198","45","772","1257","0","61.42","42.08"
"10","002","00","003","0308","0143","486","344","142","28","514","788","0","65.23","43.65"
"10","002","00","003","0308","0144","241","185","56","17","258","469","0","55.01","39.45"
"10","002","00","003","0309","0000","1187","898","289","67","1254","2300","0","54.52","39.04"
"10","002","00","003","0309","0148","571","439","132","30","601","1146","0","52.44","38.31"
"10","002","00","003","0309","0149","616","459","157","37","653","1154","0","56.59","39.77"
"10","002","00","003","0310","0000","1392","945","447","63","1455","2398","0","60.68","39.41"
"10","002","00","003","0310","0150","555","301","254","12","567","908","0","62.44","33.15"
"10","002","00","003","0310","0151","353","278","75","11","364","656","0","55.49","42.38"
"10","002","00","003","0310","0152","484","366","118","40","524","834","0","62.83","43.88"
"10","002","00","003","0311","0000","588","439","149","27","615","1025","0","60.0","42.83"
"10","002","00","003","0311","0153","588","439","149","27","615","1025","0","60.0","42.83"
"10","002","00","003","0312","0000","248","182","66","16","264","455","0","58.02","40.0"
"10","002","00","003","0312","0154","248","182","66","16","264","455","0","58.02","40.0"
"10","002","00","003","0313","0000","287","218","69","27","314","535","0","58.69","40.75"
"10","002","00","003","0313","0155","287","218","69","27","314","535","0","58.69","40.75"
"10","002","00","003","0314","0000","320","238","82","22","342","536","0","63.81","44.4"
"10","002","00","003","0314","0156","320","238","82","22","342","536","0","63.81","44.4"
"10","002","00","003","0315","0000","264","193","71","12","276","451","0","61.2","42.79"
"10","002","00","003","0315","0157","264","193","71","12","276","451","0","61.2","42.79"
"10","002","00","003","0316","0000","304","224","80","28","332","593","0","55.99","37.77"
"10","002","00","003","0316","0158","304","224","80","28","332","593","0","55.99","37.77"
"10","002","00","003","0317","0000","233","186","47","21","254","441","0","57.6","42.18"
"10","002","00","003","0317","0159","233","186","47","21","254","441","0","57.6","42.18"
"10","002","00","003","0318","0000","514","401","113","36","550","954","0","57.65","42.03"
"10","002","00","003","0318","0160","514","401","113","36","550","954","0","57.65","42.03"
"10","002","00","003","0319","0000","485","379","106","34","519","952","0","54.52","39.81"
"10","002","00","003","0319","0161","485","379","106","34","519","952","0","54.52","39.81"
"10","002","00","003","0320","0000","535","394","141","54","589","1125","0","52.36","35.02"
"10","002","00","003","0320","0162","535","394","141","54","589","1125","0","52.36","35.02"
"10","002","00","003","0321","0000","666","515","151","83","749","1469","0","50.99","35.06"
"10","002","00","003","0321","0163","368","280","88","60","428","763","0","56.09","36.7"
"10","002","00","003","0321","0164","298","235","63","23","321","706","0","45.47","33.29"
"10","002","00","003","0322","0000","482","371","111","43","525","1068","0","49.16","34.74"
"10","002","00","003","0322","0165","482","371","111","43","525","1068","0","49.16","34.74"
"10","002","00","003","0323","0000","629","459","170","87","716","1240","0","57.74","37.02"
"10","002","00","003","0323","0166","352","244","108","36","388","666","0","58.26","36.64"
"10","002","00","003","0323","0167","277","215","62","51","328","574","0","57.14","37.46"
"10","002","00","003","0324","0000","158","110","48","8","166","351","0","47.29","31.34"
"10","002","00","003","0324","0168","158","110","48","8","166","351","0","47.29","31.34"
"10","002","00","003","0325","0000","375","298","77","30","405","717","0","56.49","41.56"
"10","002","00","003","0325","0169","375","298","77","30","405","717","0","56.49","41.56"
"10","002","00","003","0326","0000","218","178","40","34","252","596","0","42.28","29.87"
"10","002","00","003","0326","0170","136","118","18","21","157","373","0","42.09","31.64"
"10","002","00","003","0326","0171","82","60","22","13","95","223","0","42.6","26.91"
"10","002","00","003","0327","0000","1486","1129","357","79","1565","2817","0","55.56","40.08"
"10","002","00","003","0327","0145","421","318","103","24","445","811","0","54.87","39.21"
"10","002","00","003","0327","0146","463","353","110","14","477","867","0","55.02","40.72"
"10","002","00","003","0327","0147","602","458","144","41","643","1139","0","56.45","40.21"
"10","002","00","004","0000","0000","12907","9591","3316","913","13820","25135","29173","54.98","38.16"
"10","002","00","004","0401","0000","96","80","16","11","107","292","0","36.64","27.4"
"10","002","00","004","0401","0172","96","80","16","11","107","292","0","36.64","27.4"
"10","002","00","004","0402","0000","331","241","90","38","369","688","0","53.63","35.03"
"10","002","00","004","0402","0173","331","241","90","38","369","688","0","53.63","35.03"
"10","002","00","004","0403","0000","423","334","89","31","454","879","0","51.65","38.0"
"10","002","00","004","0403","0175","423","334","89","31","454","879","0","51.65","38.0"
"10","002","00","004","0404","0000","184","144","40","20","204","335","0","60.9","42.99"
"10","002","00","004","0404","0176","184","144","40","20","204","335","0","60.9","42.99"
"10","002","00","004","0405","0000","691","519","172","47","738","1356","0","54.42","38.27"
"10","002","00","004","0405","0177","367","280","87","26","393","624","0","62.98","44.87"
"10","002","00","004","0405","0178","324","239","85","21","345","732","0","47.13","32.65"
"10","002","00","004","0406","0000","379","266","113","40","419","892","0","46.97","29.82"
"10","002","00","004","0406","0179","379","266","113","40","419","892","0","46.97","29.82"
"10","002","00","004","0407","0000","290","209","81","23","313","690","0","45.36","30.29"
"10","002","00","004","0407","0180","290","209","81","23","313","690","0","45.36","30.29"
"10","002","00","004","0408","0000","811","584","227","52","863","1578","0","54.69","37.01"
"10","002","00","004","0408","0181","426","310","116","26","452","842","0","53.68","36.82"
"10","002","00","004","0408","0182","385","274","111","26","411","736","0","55.84","37.23"
"10","002","00","004","0409","0000","647","473","174","41","688","1348","0","51.04","35.09"
"10","002","00","004","0409","0183","384","278","106","16","400","788","0","50.76","35.28"
"10","002","00","004","0409","0184","263","195","68","25","288","560","0","51.43","34.82"
"10","002","00","004","0410","0000","405","295","110","20","425","712","0","59.69","41.43"
"10","002","00","004","0410","0185","405","295","110","20","425","712","0","59.69","41.43"
"10","002","00","004","0411","0000","299","227","72","23","322","502","0","64.14","45.22"
"10","002","00","004","0411","0186","299","227","72","23","322","502","0","64.14","45.22"
"10","002","00","004","0412","0000","340","238","102","19","359","569","0","63.09","41.83"
"10","002","00","004","0412","0187","340","238","102","19","359","569","0","63.09","41.83"
"10","002","00","004","0413","0000","336","253","83","25","361","633","0","57.03","39.97"
"10","002","00","004","0413","0188","336","253","83","25","361","633","0","57.03","39.97"
"10","002","00","004","0414","0000","950","705","245","83","1033","2167","0","47.67","32.53"
"10","002","00","004","0414","0189","488","357","131","49","537","1132","0","47.44","31.54"
"10","002","00","004","0414","0190","462","348","114","34","496","1035","0","47.92","33.62"
"10","002","00","004","0415","0000","1114","796","318","50","1164","2019","0","57.65","39.43"
"10","002","00","004","0415","0191","480","363","117","23","503","847","0","59.39","42.86"
"10","002","00","004","0415","0192","634","433","201","27","661","1172","0","56.4","36.95"
"10","002","00","004","0416","0000","1051","752","299","49","1100","1971","0","55.81","38.15"
"10","002","00","004","0416","0193","446","322","124","26","472","896","0","52.68","35.94"
"10","002","00","004","0416","0194","605","430","175","23","628","1075","0","58.42","40.0"
"10","002","00","004","0417","0000","508","374","134","41","549","931","0","58.97","40.17"
"10","002","00","004","0417","0195","508","374","134","41","549","931","0","58.97","40.17"
"10","002","00","004","0418","0000","852","652","200","61","913","1730","0","52.77","37.69"
"10","002","00","004","0418","0196","522","398","124","40","562","1021","0","55.04","38.98"
"10","002","00","004","0418","0197","330","254","76","21","351","709","0","49.51","35.83"
"10","002","00","004","0419","0000","408","332","76","34","442","689","0","64.15","48.19"
"10","002","00","004","0419","0198","408","332","76","34","442","689","0","64.15","48.19"
"10","002","00","004","0420","0000","747","554","193","51","798","1374","0","58.08","40.32"
"10","002","00","004","0420","0199","355","256","99","29","384","615","0","62.44","41.63"
"10","002","00","004","0420","0200","392","298","94","22","414","759","0","54.55","39.26"
"10","002","00","004","0421","0000","527","408","119","36","563","917","0","61.4","44.49"
"10","002","00","004","0421","0201","527","408","119","36","563","917","0","61.4","44.49"
"10","002","00","004","0422","0000","546","414","132","56","602","1045","0","57.61","39.62"
"10","002","00","004","0422","0202","546","414","132","56","602","1045","0","57.61","39.62"
"10","002","00","004","0423","0000","596","459","137","42","638","1130","0","56.46","40.62"
"10","002","00","004","0423","0203","596","459","137","42","638","1130","0","56.46","40.62"
"10","002","00","004","0424","0000","376","282","94","20","396","688","0","57.56","40.99"
"10","002","00","004","0424","0174","376","282","94","20","396","688","0","57.56","40.99"
"10","002","00","005","0000","0000","15981","11795","4186","918","16899","31084","35668","54.37","37.95"
"10","002","00","005","0501","0000","790","605","185","39","829","1627","0","50.95","37.19"
"10","002","00","005","0501","0204","538","418","120","24","562","1122","0","50.09","37.25"
"10","002","00","005","0501","0205","252","187","65","15","267","505","0","52.87","37.03"
"10","002","00","005","0502","0000","982","735","247","51","1033","1959","0","52.73","37.52"
"10","002","00","005","0502","0206","483","359","124","29","512","988","0","51.82","36.34"
"10","002","00","005","0502","0207","499","376","123","22","521","971","0","53.66","38.72"
"10","002","00","005","0503","0000","1843","1338","505","73","1916","4033","0","47.51","33.18"
"10","002","00","005","0503","0208","590","437","153","31","621","1246","0","49.84","35.07"
"10","002","00","005","0503","0209","765","538","227","19","784","1655","0","47.37","32.51"
"10","002","00","005","0503","0210","488","363","125","23","511","1132","0","45.14","32.07"
"10","002","00","005","0504","0000","1327","1028","299","76","1403","2559","0","54.83","40.17"
"10","002","00","005","0504","0211","420","305","115","24","444","783","0","56.7","38.95"
"10","002","00","005","0504","0212","471","396","75","29","500","928","0","53.88","42.67"
"10","002","00","005","0504","0213","436","327","109","23","459","848","0","54.13","38.56"
"10","002","00","005","0505","0000","397","272","125","23","420","663","0","63.35","41.03"
"10","002","00","005","0505","0214","397","272","125","23","420","663","0","63.35","41.03"
"10","002","00","005","0506","0000","774","582","192","41","815","1441","0","56.56","40.39"
"10","002","00","005","0506","0215","324","239","85","18","342","608","0","56.25","39.31"
"10","002","00","005","0506","0216","450","343","107","23","473","833","0","56.78","41.18"
"10","002","00","005","0507","0000","576","397","179","25","601","1233","0","48.74","32.2"
"10","002","00","005","0507","0217","576","397","179","25","601","1233","0","48.74","32.2"
"10","002","00","005","0508","0000","722","509","213","64","786","1429","0","55.0","35.62"
"10","002","00","005","0508","0218","438","316","122","43","481","854","0","56.32","37.0"
"10","002","00","005","0508","0219","284","193","91","21","305","575","0","53.04","33.57"
"10","002","00","005","0509","0000","1143","811","332","75","1218","2140","0","56.92","37.9"
"10","002","00","005","0509","0220","433","304","129","36","469","835","0","56.17","36.41"
"10","002","00","005","0509","0221","710","507","203","39","749","1305","0","57.39","38.85"
"10","002","00","005","0510","0000","1255","926","329","101","1356","2402","0","56.45","38.55"
"10","002","00","005","0510","0222","428","314","114","34","462","830","0","55.66","37.83"
"10","002","00","005","0510","0223","392","285","107","36","428","649","0","65.95","43.91"
"10","002","00","005","0510","0224","435","327","108","31","466","923","0","50.49","35.43"
"10","002","00","005","0511","0000","522","390","132","37","559","1177","0","47.49","33.14"
"10","002","00","005","0511","0225","522","390","132","37","559","1177","0","47.49","33.14"
"10","002","00","005","0512","0000","437","322","115","25","462","840","0","55.0","38.33"
"10","002","00","005","0512","0226","437","322","115","25","462","840","0","55.0","38.33"
"10","002","00","005","0513","0000","578","428","150","25","603","1051","0","57.37","40.72"
"10","002","00","005","0513","0227","578","428","150","25","603","1051","0","57.37","40.72"
"10","002","00","005","0514","0000","647","478","169","29","676","1339","0","50.49","35.7"
"10","002","00","005","0514","0228","647","478","169","29","676","1339","0","50.49","35.7"
"10","002","00","005","0515","0000","1439","1099","340","63","1502","2508","0","59.89","43.82"
"10","002","00","005","0515","0229","682","527","155","26","708","1194","0","59.3","44.14"
"10","002","00","005","0515","0230","757","572","185","37","794","1314","0","60.43","43.53"
"10","002","00","005","0516","0000","1789","1293","496","116","1905","3311","0","57.54","39.05"
"10","002","00","005","0516","0231","602","421","181","30","632","1125","0","56.18","37.42"
"10","002","00","005","0516","0232","668","496","172","56","724","1207","0","59.98","41.09"
"10","002","00","005","0516","0233","519","376","143","30","549","979","0","56.08","38.41"
"10","002","00","005","0517","0000","543","422","121","41","584","954","0","61.22","44.23"
"10","002","00","005","0517","0234","543","422","121","41","584","954","0","61.22","44.23"
"10","002","00","005","0518","0000","217","160","57","14","231","418","0","55.26","38.28"
"10","002","00","005","0518","0235","217","160","57","14","231","418","0","55.26","38.28"
"10","002","00","006","0000","0000","11777","8704","3073","765","12542","21447","24315","58.48","40.58"
"10","002","00","006","0601","0000","1411","1085","326","91","1502","2484","0","60.47","43.68"
"10","002","00","006","0601","0236","804","598","206","65","869","1435","0","60.56","41.67"
"10","002","00","006","0601","0237","607","487","120","26","633","1049","0","60.34","46.43"
"10","002","00","006","0602","0000","989","755","234","61","1050","1835","0","57.22","41.14"
"10","002","00","006","0602","0239","461","338","123","44","505","868","0","58.18","38.94"
"10","002","00","006","0602","0240","528","417","111","17","545","967","0","56.36","43.12"
"10","002","00","006","0603","0000","543","395","148","42","585","940","0","62.23","42.02"
"10","002","00","006","0603","0241","543","395","148","42","585","940","0","62.23","42.02"
"10","002","00","006","0604","0000","459","342","117","26","485","975","0","49.74","35.08"
"10","002","00","006","0604","0242","459","342","117","26","485","975","0","49.74","35.08"
"10","002","00","006","0605","0000","907","579","328","62","969","1605","0","60.37","36.07"
"10","002","00","006","0605","0243","453","329","124","41","494","797","0","61.98","41.28"
"10","002","00","006","0605","0244","454","250","204","21","475","808","0","58.79","30.94"
"10","002","00","006","0606","0000","801","601","200","63","864","1523","0","56.73","39.46"
"10","002","00","006","0606","0245","504","363","141","44","548","911","0","60.15","39.85"
"10","002","00","006","0606","0246","297","238","59","19","316","612","0","51.63","38.89"
"10","002","00","006","0607","0000","465","358","107","37","502","790","0","63.54","45.32"
"10","002","00","006","0607","0247","465","358","107","37","502","790","0","63.54","45.32"
"10","002","00","006","0608","0000","1320","983","337","80","1400","2338","0","59.88","42.04"
"10","002","00","006","0608","0248","497","369","128","32","529","878","0","60.25","42.03"
"10","002","00","006","0608","0249","444","323","121","31","475","723","0","65.7","44.67"
"10","002","00","006","0608","0250","379","291","88","17","396","737","0","53.73","39.48"
"10","002","00","006","0609","0000","867","648","219","37","904","1581","0","57.18","40.99"
"10","002","00","006","0609","0251","385","288","97","29","414","686","0","60.35","41.98"
"10","002","00","006","0609","0252","482","360","122","8","490","895","0","54.75","40.22"
"10","002","00","006","0610","0000","710","541","169","47","757","1237","0","61.2","43.73"
"10","002","00","006","0610","0253","710","541","169","47","757","1237","0","61.2","43.73"
"10","002","00","006","0611","0000","1189","870","319","82","1271","2241","0","56.72","38.82"
"10","002","00","006","0611","0254","603","428","175","48","651","1134","0","57.41","37.74"
"10","002","00","006","0611","0255","586","442","144","34","620","1107","0","56.01","39.93"
"10","002","00","006","0612","0000","614","469","145","32","646","1057","0","61.12","44.37"
"10","002","00","006","0612","0256","614","469","145","32","646","1057","0","61.12","44.37"
"10","002","00","006","0613","0000","879","628","251","70","949","1773","0","53.53","35.42"
"10","002","00","006","0613","0257","509","376","133","36","545","1051","0","51.86","35.78"
"10","002","00","006","0613","0258","370","252","118","34","404","722","0","55.96","34.9"
"10","002","00","006","0614","0000","623","450","173","35","658","1068","0","61.61","42.13"
"10","002","00","006","0614","0238","623","450","173","35","658","1068","0","61.61","42.13"
"10","002","00","007","0000","0000","14195","10506","3689","1036","15231","28131","32281","54.14","37.35"
"10","002","00","007","0701","0000","2787","2013","774","143","2930","5648","0","51.88","35.64"
"10","002","00","007","0701","0259","649","445","204","26","675","1393","0","48.46","31.95"
"10","002","00","007","0701","0260","450","310","140","15","465","895","0","51.96","34.64"
"10","002","00","007","0701","0261","625","486","139","49","674","1231","0","54.75","39.48"
"10","002","00","007","0701","0262","552","406","146","17","569","1098","0","51.82","36.98"
"10","002","00","007","0701","0263","511","366","145","36","547","1031","0","53.06","35.5"
"10","002","00","007","0702","0000","1031","794","237","84","1115","2198","0","50.73","36.12"
"10","002","00","007","0702","0264","512","402","110","45","557","1030","0","54.08","39.03"
"10","002","00","007","0702","0265","519","392","127","39","558","1168","0","47.77","33.56"
"10","002","00","007","0703","0000","841","609","232","71","912","1587","0","57.47","38.37"
"10","002","00","007","0703","0266","426","328","98","39","465","809","0","57.48","40.54"
"10","002","00","007","0703","0267","415","281","134","32","447","778","0","57.46","36.12"
"10","002","00","007","0704","0000","799","582","217","49","848","1465","0","57.88","39.73"
"10","002","00","007","0704","0268","799","582","217","49","848","1465","0","57.88","39.73"
"10","002","00","007","0705","0000","996","729","267","71","1067","1839","0","58.02","39.64"
"10","002","00","007","0705","0269","542","390","152","42","584","979","0","59.65","39.84"
"10","002","00","007","0705","0270","454","339","115","29","483","860","0","56.16","39.42"
"10","002","00","007","0706","0000","472","337","135","128","600","1205","0","49.79","27.97"
"10","002","00","007","0706","0271","472","337","135","128","600","1205","0","49.79","27.97"
"10","002","00","007","0707","0000","806","616","190","55","861","1494","0","57.63","41.23"
"10","002","00","007","0707","0272","572","435","137","42","614","1082","0","56.75","40.2"
"10","002","00","007","0707","0273","234","181","53","13","247","412","0","59.95","43.93"
"10","002","00","007","0708","0000","287","234","53","22","309","635","0","48.66","36.85"
"10","002","00","007","0708","0274","188","150","38","17","205","403","0","50.87","37.22"
"10","002","00","007","0708","0275","99","84","15","5","104","232","0","44.83","36.21"
"10","002","00","007","0709","0000","943","678","265","70","1013","1838","0","55.11","36.89"
"10","002","00","007","0709","0276","487","352","135","25","512","944","0","54.24","37.29"
"10","002","00","007","0709","0277","456","326","130","45","501","894","0","56.04","36.47"
"10","002","00","007","0710","0000","734","562","172","26","760","1356","0","56.05","41.45"
"10","002","00","007","0710","0278","734","562","172","26","760","1356","0","56.05","41.45"
"10","002","00","007","0711","0000","1281","957","324","73","1354","2295","0","59.0","41.7"
"10","002","00","007","0711","0279","433","328","105","26","459","780","0","58.85","42.05"
"10","002","00","007","0711","0280","559","409","150","30","589","932","0","63.2","43.88"
"10","002","00","007","0711","0281","289","220","69","17","306","583","0","52.49","37.74"
"10","002","00","007","0712","0000","1253","953","300","94","1347","2435","0","55.32","39.14"
"10","002","00","007","0712","0282","466","369","97","34","500","900","0","55.56","41.0"
"10","002","00","007","0712","0283","377","281","96","36","413","747","0","55.29","37.62"
"10","002","00","007","0712","0284","410","303","107","24","434","788","0","55.08","38.45"
"10","002","00","007","0713","0000","432","308","124","36","468","884","0","52.94","34.84"
"10","002","00","007","0713","0285","432","308","124","36","468","884","0","52.94","34.84"
"10","002","00","007","0714","0000","428","324","104","18","446","857","0","52.04","37.81"
"10","002","00","007","0714","0286","428","324","104","18","446","857","0","52.04","37.81"
"10","002","00","007","0715","0000","502","364","138","22","524","1016","0","51.57","35.83"
"10","002","00","007","0715","0287","502","364","138","22","524","1016","0","51.57","35.83"
"10","002","00","007","0716","0000","603","446","157","74","677","1379","0","49.09","32.34"
"10","002","00","007","0716","0288","281","202","79","29","310","690","0","44.93","29.28"
"10","002","00","007","0716","0289","322","244","78","45","367","689","0","53.27","35.41"
"10","002","00","008","0000","0000","23550","17229","6321","1142","24692","45405","52843","54.38","37.95"
"10","002","00","008","0801","0000","618","459","159","29","647","1217","0","53.16","37.72"
"10","002","00","008","0801","0312","618","459","159","29","647","1217","0","53.16","37.72"
"10","002","00","008","0802","0000","924","656","268","50","974","1624","0","59.98","40.39"
"10","002","00","008","0802","0290","448","321","127","38","486","807","0","60.22","39.78"
"10","002","00","008","0802","0291","476","335","141","12","488","817","0","59.73","41.0"
"10","002","00","008","0803","0000","626","444","182","34","660","1156","0","57.09","38.41"
"10","002","00","008","0803","0292","626","444","182","34","660","1156","0","57.09","38.41"
"10","002","00","008","0804","0000","453","345","108","33","486","892","0","54.48","38.68"
"10","002","00","008","0804","0293","453","345","108","33","486","892","0","54.48","38.68"
"10","002","00","008","0805","0000","504","482","22","24","528","897","0","58.86","53.73"
"10","002","00","008","0805","0294","504","482","22","24","528","897","0","58.86","53.73"
"10","002","00","008","0806","0000","807","614","193","35","842","1392","0","60.49","44.11"
"10","002","00","008","0806","0295","807","614","193","35","842","1392","0","60.49","44.11"
"10","002","00","008","0807","0000","1480","998","482","53","1533","2906","0","52.75","34.34"
"10","002","00","008","0807","0296","814","507","307","28","842","1471","0","57.24","34.47"
"10","002","00","008","0807","0297","666","491","175","25","691","1435","0","48.15","34.22"
"10","002","00","008","0808","0000","1584","1112","472","52","1636","2975","0","54.99","37.38"
"10","002","00","008","0808","0298","763","546","217","28","791","1519","0","52.07","35.94"
"10","002","00","008","0808","0299","821","566","255","24","845","1456","0","58.04","38.87"
"10","002","00","008","0809","0000","390","292","98","19","409","694","0","58.93","42.07"
"10","002","00","008","0809","0301","390","292","98","19","409","694","0","58.93","42.07"
"10","002","00","008","0810","0000","408","297","111","32","440","711","0","61.88","41.77"
"10","002","00","008","0810","0300","408","297","111","32","440","711","0","61.88","41.77"
"10","002","00","008","0811","0000","935","616","319","46","981","1526","0","64.29","40.37"
"10","002","00","008","0811","0302","935","616","319","46","981","1526","0","64.29","40.37"
"10","002","00","008","0812","0000","475","346","129","22","497","884","0","56.22","39.14"
"10","002","00","008","0812","0303","475","346","129","22","497","884","0","56.22","39.14"
"10","002","00","008","0813","0000","674","474","200","46","720","1465","0","49.15","32.35"
"10","002","00","008","0813","0304","674","474","200","46","720","1465","0","49.15","32.35"
"10","002","00","008","0814","0000","272","219","53","14","286","488","0","58.61","44.88"
"10","002","00","008","0814","0305","272","219","53","14","286","488","0","58.61","44.88"
"10","002","00","008","0815","0000","2435","1862","573","128","2563","4993","0","51.33","37.29"
"10","002","00","008","0815","0306","612","480","132","39","651","1218","0","53.45","39.41"
"10","002","00","008","0815","0307","636","488","148","29","665","1291","0","51.51","37.8"
"10","002","00","008","0815","0308","647","497","150","25","672","1324","0","50.76","37.54"
"10","002","00","008","0815","0309","540","397","143","35","575","1160","0","49.57","34.22"
"10","002","00","008","0816","0000","1521","1131","390","66","1587","3000","0","52.9","37.7"
"10","002","00","008","0816","0310","631","472","159","40","671","1246","0","53.85","37.88"
"10","002","00","008","0816","0311","890","659","231","26","916","1754","0","52.22","37.57"
"10","002","00","008","0817","0000","2263","1643","620","132","2395","4651","0","51.49","35.33"
"10","002","00","008","0817","0313","685","496","189","37","722","1495","0","48.29","33.18"
"10","002","00","008","0817","0314","475","335","140","36","511","937","0","54.54","35.75"
"10","002","00","008","0817","0315","552","403","149","24","576","1101","0","52.32","36.6"
"10","002","00","008","0817","0316","551","409","142","35","586","1118","0","52.42","36.58"
"10","002","00","008","0818","0000","2047","1472","575","75","2122","3732","0","56.86","39.44"
"10","002","00","008","0818","0317","735","529","206","30","765","1301","0","58.8","40.66"
"10","002","00","008","0818","0318","634","454","180","17","651","1225","0","53.14","37.06"
"10","002","00","008","0818","0319","678","489","189","28","706","1206","0","58.54","40.55"
"10","002","00","008","0819","0000","1202","894","308","54","1256","2429","0","51.71","36.81"
"10","002","00","008","0819","0320","628","470","158","24","652","1278","0","51.02","36.78"
"10","002","00","008","0819","0321","574","424","150","30","604","1151","0","52.48","36.84"
"10","002","00","008","0820","0000","503","388","115","37","540","1094","0","49.36","35.47"
"10","002","00","008","0820","0322","503","388","115","37","540","1094","0","49.36","35.47"
"10","002","00","008","0821","0000","1266","916","350","73","1339","2494","0","53.69","36.73"
"10","002","00","008","0821","0323","673","483","190","35","708","1247","0","56.78","38.73"
"10","002","00","008","0821","0324","593","433","160","38","631","1247","0","50.6","34.72"
"10","002","00","008","0822","0000","926","671","255","35","961","1677","0","57.3","40.01"
"10","002","00","008","0822","0325","516","377","139","22","538","979","0","54.95","38.51"
"10","002","00","008","0822","0326","410","294","116","13","423","698","0","60.6","42.12"
"10","002","00","008","0823","0000","879","625","254","38","917","1726","0","53.13","36.21"
"10","002","00","008","0823","0327","879","625","254","38","917","1726","0","53.13","36.21"
"10","002","00","008","0824","0000","358","273","85","15","373","782","0","47.7","34.91"
"10","002","00","008","0824","0328","358","273","85","15","373","782","0","47.7","34.91"
"10","002","00","009","0000","0000","17901","13075","4826","931","18832","34892","39577","53.97","37.47"
"10","002","00","009","0901","0000","1016","743","273","48","1064","2020","0","52.67","36.78"
"10","002","00","009","0901","0329","525","404","121","34","559","1076","0","51.95","37.55"
"10","002","00","009","0901","0330","491","339","152","14","505","944","0","53.5","35.91"
"10","002","00","009","0902","0000","991","725","266","37","1028","1773","0","57.98","40.89"
"10","002","00","009","0902","0331","480","363","117","14","494","836","0","59.09","43.42"
"10","002","00","009","0902","0332","511","362","149","23","534","937","0","56.99","38.63"
"10","002","00","009","0903","0000","1295","915","380","55","1350","2525","0","53.47","36.24"
"10","002","00","009","0903","0333","641","469","172","22","663","1255","0","52.83","37.37"
"10","002","00","009","0903","0334","654","446","208","33","687","1270","0","54.09","35.12"
"10","002","00","009","0904","0000","797","599","198","38","835","1603","0","52.09","37.37"
"10","002","00","009","0904","0335","399","310","89","18","417","801","0","52.06","38.7"
"10","002","00","009","0904","0336","398","289","109","20","418","802","0","52.12","36.03"
"10","002","00","009","0905","0000","623","456","167","33","656","1306","0","50.23","34.92"
"10","002","00","009","0905","0337","623","456","167","33","656","1306","0","50.23","34.92"
"10","002","00","009","0906","0000","1279","889","390","51","1330","2506","0","53.07","35.47"
"10","002","00","009","0906","0338","600","401","199","28","628","1190","0","52.77","33.7"
"10","002","00","009","0906","0339","679","488","191","23","702","1316","0","53.34","37.08"
"10","002","00","009","0907","0000","934","688","246","51","985","1779","0","55.37","38.67"
"10","002","00","009","0907","0340","520","380","140","26","546","965","0","56.58","39.38"
"10","002","00","009","0907","0341","414","308","106","25","439","814","0","53.93","37.84"
"10","002","00","009","0908","0000","1925","1404","521","75","2000","3637","0","54.99","38.6"
"10","002","00","009","0908","0342","632","479","153","23","655","1254","0","52.23","38.2"
"10","002","00","009","0908","0343","581","440","141","24","605","1060","0","57.08","41.51"
"10","002","00","009","0908","0344","712","485","227","28","740","1323","0","55.93","36.66"
"10","002","00","009","0909","0000","1945","1455","490","97","2042","3591","0","56.86","40.52"
"10","002","00","009","0909","0348","518","381","137","21","539","924","0","58.33","41.23"
"10","002","00","009","0909","0349","541","395","146","26","567","933","0","60.77","42.34"
"10","002","00","009","0909","0350","508","399","109","20","528","986","0","53.55","40.47"
"10","002","00","009","0909","0351","378","280","98","30","408","748","0","54.55","37.43"
"10","002","00","009","0910","0000","1678","1208","470","87","1765","3233","0","54.59","37.36"
"10","002","00","009","0910","0345","612","451","161","29","641","1120","0","57.23","40.27"
"10","002","00","009","0910","0346","464","343","121","15","479","893","0","53.64","38.41"
"10","002","00","009","0910","0347","602","414","188","43","645","1220","0","52.87","33.93"
"10","002","00","009","0911","0000","780","563","217","58","838","1550","0","54.06","36.32"
"10","002","00","009","0911","0352","780","563","217","58","838","1550","0","54.06","36.32"
"10","002","00","009","0912","0000","762","600","162","45","807","1435","0","56.24","41.81"
"10","002","00","009","0912","0353","343","271","72","20","363","629","0","57.71","43.08"
"10","002","00","009","0912","0354","419","329","90","25","444","806","0","55.09","40.82"
"10","002","00","009","0913","0000","1011","737","274","60","1071","2022","0","52.97","36.45"
"10","002","00","009","0913","0355","474","323","151","28","502","956","0","52.51","33.79"
"10","002","00","009","0913","0356","537","414","123","32","569","1066","0","53.38","38.84"
"10","002","00","009","0914","0000","1489","1107","382","94","1583","3079","0","51.41","35.95"
"10","002","00","009","0914","0357","692","503","189","59","751","1513","0","49.64","33.25"
"10","002","00","009","0914","0358","797","604","193","35","832","1566","0","53.13","38.57"
"10","002","00","009","0915","0000","1376","986","390","102","1478","2833","0","52.17","34.8"
"10","002","00","009","0915","0359","467","329","138","30","497","894","0","55.59","36.8"
"10","002","00","009","0915","0360","536","373","163","47","583","1235","0","47.21","30.2"
"10","002","00","009","0915","0361","373","284","89","25","398","704","0","56.53","40.34"
"10","002","00","010","0000","0000","9547","6950","2597","547","10094","19051","21391","52.98","36.48"
"10","002","00","010","1001","0000","109","81","28","9","118","215","0","54.88","37.67"
"10","002","00","010","1001","0362","109","81","28","9","118","215","0","54.88","37.67"
"10","002","00","010","1002","0000","225","185","40","16","241","523","0","46.08","35.37"
"10","002","00","010","1002","0363","225","185","40","16","241","523","0","46.08","35.37"
"10","002","00","010","1003","0000","363","257","106","27","390","745","0","52.35","34.5"
"10","002","00","010","1003","0364","363","257","106","27","390","745","0","52.35","34.5"
"10","002","00","010","1004","0000","301","229","72","26","327","583","0","56.09","39.28"
"10","002","00","010","1004","0368","301","229","72","26","327","583","0","56.09","39.28"
"10","002","00","010","1005","0000","219","187","32","15","234","436","0","53.67","42.89"
"10","002","00","010","1005","0369","219","187","32","15","234","436","0","53.67","42.89"
"10","002","00","010","1006","0000","623","461","162","28","651","1224","0","53.19","37.66"
"10","002","00","010","1006","0370","623","461","162","28","651","1224","0","53.19","37.66"
"10","002","00","010","1007","0000","566","435","131","18","584","1151","0","50.74","37.79"
"10","002","00","010","1007","0371","566","435","131","18","584","1151","0","50.74","37.79"
"10","002","00","010","1008","0000","465","358","107","15","480","870","0","55.17","41.15"
"10","002","00","010","1008","0372","465","358","107","15","480","870","0","55.17","41.15"
"10","002","00","010","1009","0000","501","392","109","35","536","1284","0","41.74","30.53"
"10","002","00","010","1009","0373","501","392","109","35","536","1284","0","41.74","30.53"
"10","002","00","010","1010","0000","2166","1625","541","105","2271","4286","0","52.99","37.91"
"10","002","00","010","1010","0375","750","570","180","35","785","1439","0","54.55","39.61"
"10","002","00","010","1010","0376","707","510","197","33","740","1445","0","51.21","35.29"
"10","002","00","010","1010","0377","709","545","164","37","746","1402","0","53.21","38.87"
"10","002","00","010","1011","0000","500","361","139","33","533","897","0","59.42","40.25"
"10","002","00","010","1011","0374","500","361","139","33","533","897","0","59.42","40.25"
"10","002","00","010","1012","0000","304","225","79","20","324","617","0","52.51","36.47"
"10","002","00","010","1012","0365","304","225","79","20","324","617","0","52.51","36.47"
"10","002","00","010","1013","0000","252","196","56","16","268","497","0","53.92","39.44"
"10","002","00","010","1013","0366","252","196","56","16","268","497","0","53.92","39.44"
"10","002","00","010","1014","0000","379","290","89","36","415","735","0","56.46","39.46"
"10","002","00","010","1014","0367","379","290","89","36","415","735","0","56.46","39.46"
"10","002","00","010","1015","0000","626","461","165","22","648","1230","0","52.68","37.48"
"10","002","00","010","1015","0378","626","461","165","22","648","1230","0","52.68","37.48"
"10","002","00","010","1016","0000","392","289","103","40","432","774","0","55.81","37.34"
"10","002","00","010","1016","0379","392","289","103","40","432","774","0","55.81","37.34"
"10","002","00","010","1017","0000","844","391","453","48","892","1563","0","57.07","25.02"
"10","002","00","010","1017","0380","455","120","335","27","482","827","0","58.28","14.51"
"10","002","00","010","1017","0381","389","271","118","21","410","736","0","55.71","36.82"
"10","002","00","010","1018","0000","712","527","185","38","750","1421","0","52.78","37.09"
"10","002","00","010","1018","0382","712","527","185","38","750","1421","0","52.78","37.09"
"10","002","00","011","0000","0000","3444","3001","443","113","3557","4935","6247","72.08","60.81"
"10","002","00","011","1101","0000","556","472","84","24","580","893","0","64.95","52.86"
"10","002","00","011","1101","0383","556","472","84","24","580","893","0","64.95","52.86"
"10","002","00","011","1102","0000","451","384","67","11","462","632","0","73.1","60.76"
"10","002","00","011","1102","0384","451","384","67","11","462","632","0","73.1","60.76"
"10","002","00","011","1103","0000","444","385","59","16","460","684","0","67.25","56.29"
"10","002","00","011","1103","0385","444","385","59","16","460","684","0","67.25","56.29"
"10","002","00","011","1104","0000","171","136","35","6","177","264","0","67.05","51.52"
"10","002","00","011","1104","0386","171","136","35","6","177","264","0","67.05","51.52"
"10","002","00","011","1105","0000","225","204","21","4","229","337","0","67.95","60.53"
"10","002","00","011","1105","0387","225","204","21","4","229","337","0","67.95","60.53"
"10","002","00","011","1106","0000","318","287","31","7","325","404","0","80.45","71.04"
"10","002","00","011","1106","0388","318","287","31","7","325","404","0","80.45","71.04"
"10","002","00","011","1107","0000","24","20","4","3","27","55","0","49.09","36.36"
"10","002","00","011","1107","0389","24","20","4","3","27","55","0","49.09","36.36"
"10","002","00","011","1108","0000","596","525","71","21","617","787","0","78.4","66.71"
"10","002","00","011","1108","0391","596","525","71","21","617","787","0","78.4","66.71"
"10","002","00","011","1109","0000","511","458","53","13","524","680","0","77.06","67.35"
"10","002","00","011","1109","0392","511","458","53","13","524","680","0","77.06","67.35"
"10","002","00","011","1110","0000","148","130","18","8","156","199","0","78.39","65.33"
"10","002","00","011","1110","0390","148","130","18","8","156","199","0","78.39","65.33"
"10","002","00","012","0000","0000","2767","2366","401","124","2891","4644","6024","62.25","50.95"
"10","002","00","012","1201","0000","598","487","111","19","617","1210","0","50.99","40.25"
"10","002","00","012","1201","0394","598","487","111","19","617","1210","0","50.99","40.25"
"10","002","00","012","1202","0000","601","537","64","38","639","962","0","66.42","55.82"
"10","002","00","012","1202","0395","601","537","64","38","639","962","0","66.42","55.82"
"10","002","00","012","1203","0000","279","229","50","7","286","444","0","64.41","51.58"
"10","002","00","012","1203","0393","279","229","50","7","286","444","0","64.41","51.58"
"10","002","00","012","1204","0000","249","214","35","4","253","411","0","61.56","52.07"
"10","002","00","012","1204","0396","249","214","35","4","253","411","0","61.56","52.07"
"10","002","00","012","1205","0000","299","259","40","15","314","447","0","70.25","57.94"
"10","002","00","012","1205","0397","299","259","40","15","314","447","0","70.25","57.94"
"10","002","00","012","1206","0000","350","295","55","18","368","475","0","77.47","62.11"
"10","002","00","012","1206","0398","350","295","55","18","368","475","0","77.47","62.11"
"10","002","00","012","1207","0000","391","345","46","23","414","695","0","59.57","49.64"
"10","002","00","012","1207","0399","391","345","46","23","414","695","0","59.57","49.64"
"10","015","00","000","0000","0000","140727","110028","30699","7095","147822","278059","328331","53.16","39.57"
"10","015","00","001","0000","0000","44335","33819","10516","1508","45843","84807","103798","54.06","39.88"
"10","015","00","001","0101","0000","737","553","184","18","755","1512","0","49.93","36.57"
"10","015","00","001","0101","0019","737","553","184","18","755","1512","0","49.93","36.57"
"10","015","00","001","0102","0000","1074","833","241","50","1124","1996","0","56.31","41.73"
"10","015","00","001","0102","0014","562","448","114","33","595","1071","0","55.56","41.83"
"10","015","00","001","0102","0015","512","385","127","17","529","925","0","57.19","41.62"
"10","015","00","001","0103","0000","246","190","56","4","250","442","0","56.56","42.99"
"10","015","00","001","0103","0023","246","190","56","4","250","442","0","56.56","42.99"
"10","015","00","001","0104","0000","292","223","69","18","310","566","0","54.77","39.4"
"10","015","00","001","0104","0029","292","223","69","18","310","566","0","54.77","39.4"
"10","015","00","001","0105","0000","315","234","81","11","326","565","0","57.7","41.42"
"10","015","00","001","0105","0031","315","234","81","11","326","565","0","57.7","41.42"
"10","015","00","001","0106","0000","1570","1238","332","67","1637","2983","0","54.88","41.5"
"10","015","00","001","0106","0033","463","363","100","19","482","911","0","52.91","39.85"
"10","015","00","001","0106","0034","514","412","102","25","539","1029","0","52.38","40.04"
"10","015","00","001","0106","0035","593","463","130","23","616","1043","0","59.06","44.39"
"10","015","00","001","0107","0000","768","569","199","32","800","1840","0","43.48","30.92"
"10","015","00","001","0107","0052","480","350","130","19","499","1339","0","37.27","26.14"
"10","015","00","001","0107","0053","288","219","69","13","301","501","0","60.08","43.71"
"10","015","00","001","0108","0000","1823","1413","410","65","1888","3241","0","58.25","43.6"
"10","015","00","001","0108","0049","616","458","158","25","641","1022","0","62.72","44.81"
"10","015","00","001","0108","0050","617","477","140","20","637","1135","0","56.12","42.03"
"10","015","00","001","0108","0051","590","478","112","20","610","1084","0","56.27","44.1"
"10","015","00","001","0109","0000","859","631","228","9","868","1522","0","57.03","41.46"
"10","015","00","001","0109","0001","859","631","228","9","868","1522","0","57.03","41.46"
"10","015","00","001","0110","0000","945","778","167","49","994","2029","0","48.99","38.34"
"10","015","00","001","0110","0005","228","176","52","11","239","470","0","50.85","37.45"
"10","015","00","001","0110","0006","409","339","70","28","437","838","0","52.15","40.45"
"10","015","00","001","0110","0007","308","263","45","10","318","721","0","44.11","36.48"
"10","015","00","001","0112","0000","266","205","61","6","272","469","0","58.0","43.71"
"10","015","00","001","0112","0030","266","205","61","6","272","469","0","58.0","43.71"
"10","015","00","001","0113","0000","294","224","70","15","309","538","0","57.43","41.64"
"10","015","00","001","0113","0028","294","224","70","15","309","538","0","57.43","41.64"
"10","015","00","001","0114","0000","1932","1489","443","65","1997","3514","0","56.83","42.37"
"10","015","00","001","0114","0038","724","551","173","30","754","1331","0","56.65","41.4"
"10","015","00","001","0114","0039","680","519","161","16","696","1228","0","56.68","42.26"
"10","015","00","001","0114","0040","528","419","109","19","547","955","0","57.28","43.87"
"10","015","00","001","0115","0000","493","377","116","11","504","904","0","55.75","41.7"
"10","015","00","001","0115","0054","493","377","116","11","504","904","0","55.75","41.7"
"10","015","00","001","0116","0000","2629","2037","592","90","2719","5074","0","53.59","40.15"
"10","015","00","001","0116","0069","680","516","164","20","700","1410","0","49.65","36.6"
"10","015","00","001","0116","0070","693","527","166","16","709","1303","0","54.41","40.45"
"10","015","00","001","0116","0071","655","516","139","19","674","1256","0","53.66","41.08"
"10","015","00","001","0116","0072","601","478","123","35","636","1105","0","57.56","43.26"
"10","015","00","001","0117","0000","2024","1511","513","57","2081","3583","0","58.08","42.17"
"10","015","00","001","0117","0016","683","502","181","30","713","1141","0","62.49","44.0"
"10","015","00","001","0117","0017","608","453","155","9","617","1163","0","53.05","38.95"
"10","015","00","001","0117","0018","733","556","177","18","751","1279","0","58.72","43.47"
"10","015","00","001","0118","0000","1716","1280","436","51","1767","3181","0","55.55","40.24"
"10","015","00","001","0118","0002","628","473","155","24","652","1114","0","58.53","42.46"
"10","015","00","001","0118","0003","364","277","87","13","377","670","0","56.27","41.34"
"10","015","00","001","0118","0004","724","530","194","14","738","1397","0","52.83","37.94"
"10","015","00","001","0119","0000","561","434","127","17","578","1114","0","51.89","38.96"
"10","015","00","001","0119","0024","561","434","127","17","578","1114","0","51.89","38.96"
"10","015","00","001","0120","0000","344","262","82","11","355","577","0","61.53","45.41"
"10","015","00","001","0120","0026","344","262","82","11","355","577","0","61.53","45.41"
"10","015","00","001","0121","0000","1008","750","258","32","1040","1835","0","56.68","40.87"
"10","015","00","001","0121","0036","478","362","116","17","495","856","0","57.83","42.29"
"10","015","00","001","0121","0037","530","388","142","15","545","979","0","55.67","39.63"
"10","015","00","001","0122","0000","554","426","128","25","579","1192","0","48.57","35.74"
"10","015","00","001","0122","0056","554","426","128","25","579","1192","0","48.57","35.74"
"10","015","00","001","0123","0000","1352","1002","350","43","1395","2766","0","50.43","36.23"
"10","015","00","001","0123","0062","632","462","170","13","645","1311","0","49.2","35.24"
"10","015","00","001","0123","0063","720","540","180","30","750","1455","0","51.55","37.11"
"10","015","00","001","0124","0000","935","707","228","43","978","1715","0","57.03","41.22"
"10","015","00","001","0124","0067","393","296","97","25","418","715","0","58.46","41.4"
"10","015","00","001","0124","0068","542","411","131","18","560","1000","0","56.0","41.1"
"10","015","00","001","0125","0000","502","386","116","30","532","918","0","57.95","42.05"
"10","015","00","001","0125","0008","502","386","116","30","532","918","0","57.95","42.05"
"10","015","00","001","0126","0000","325","245","80","9","334","615","0","54.31","39.84"
"10","015","00","001","0126","0020","325","245","80","9","334","615","0","54.31","39.84"
"10","015","00","001","0127","0000","276","220","56","5","281","559","0","50.27","39.36"
"10","015","00","001","0127","0022","276","220","56","5","281","559","0","50.27","39.36"
"10","015","00","001","0128","0000","472","343","129","22","494","810","0","60.99","42.35"
"10","015","00","001","0128","0027","472","343","129","22","494","810","0","60.99","42.35"
"10","015","00","001","0129","0000","1388","1026","362","52","1440","2674","0","53.85","38.37"
"10","015","00","001","0129","0047","623","470","153","35","658","1184","0","55.57","39.7"
"10","015","00","001","0129","0048","765","556","209","17","782","1490","0","52.48","37.32"
"10","015","00","001","0130","0000","294","222","72","10","304","490","0","62.04","45.31"
"10","015","00","001","0130","0055","294","222","72","10","304","490","0","62.04","45.31"
"10","015","00","001","0131","0000","1046","795","251","51","1097","1975","0","55.54","40.25"
"10","015","00","001","0131","0060","527","415","112","18","545","993","0","54.88","41.79"
"10","015","00","001","0131","0061","519","380","139","33","552","982","0","56.21","38.7"
"10","015","00","001","0132","0000","584","413","171","29","613","1068","0","57.4","38.67"
"10","015","00","001","0132","0077","584","413","171","29","613","1068","0","57.4","38.67"
"10","015","00","001","0133","0000","1515","1131","384","45","1560","2942","0","53.03","38.44"
"10","015","00","001","0133","0009","787","562","225","25","812","1539","0","52.76","36.52"
"10","015","00","001","0133","0010","728","569","159","20","748","1403","0","53.31","40.56"
"10","015","00","001","0134","0000","346","248","98","11","357","606","0","58.91","40.92"
"10","015","00","001","0134","0021","346","248","98","11","357","606","0","58.91","40.92"
"10","015","00","001","0135","0000","232","178","54","9","241","416","0","57.93","42.79"
"10","015","00","001","0135","0025","232","178","54","9","241","416","0","57.93","42.79"
"10","015","00","001","0136","0000","388","294","94","16","404","816","0","49.51","36.03"
"10","015","00","001","0136","0032","388","294","94","16","404","816","0","49.51","36.03"
"10","015","00","001","0137","0000","2727","2095","632","103","2830","5217","0","54.25","40.16"
"10","015","00","001","0137","0043","740","585","155","34","774","1369","0","56.54","42.73"
"10","015","00","001","0137","0044","653","482","171","22","675","1435","0","47.04","33.59"
"10","015","00","001","0137","0045","618","476","142","21","639","1164","0","54.9","40.89"
"10","015","00","001","0137","0046","716","552","164","26","742","1249","0","59.41","44.2"
"10","015","00","001","0138","0000","1196","900","296","39","1235","2226","0","55.48","40.43"
"10","015","00","001","0138","0058","657","488","169","20","677","1267","0","53.43","38.52"
"10","015","00","001","0138","0059","539","412","127","19","558","959","0","58.19","42.96"
"10","015","00","001","0139","0000","419","314","105","16","435","869","0","50.06","36.13"
"10","015","00","001","0139","0057","419","314","105","16","435","869","0","50.06","36.13"
"10","015","00","001","0140","0000","666","518","148","15","681","1482","0","45.95","34.95"
"10","015","00","001","0140","0081","666","518","148","15","681","1482","0","45.95","34.95"
"10","015","00","001","0141","0000","2202","1700","502","54","2256","4183","0","53.93","40.64"
"10","015","00","001","0141","0073","537","396","141","21","558","1089","0","51.24","36.36"
"10","015","00","001","0141","0074","513","401","112","17","530","1043","0","50.81","38.45"
"10","015","00","001","0141","0075","608","476","132","12","620","1080","0","57.41","44.07"
"10","015","00","001","0141","0076","544","427","117","4","548","971","0","56.44","43.98"
"10","015","00","001","0142","0000","1248","949","299","42","1290","2498","0","51.64","37.99"
"10","015","00","001","0142","0041","626","470","156","19","645","1268","0","50.87","37.07"
"10","015","00","001","0142","0042","622","479","143","23","645","1230","0","52.44","38.94"
"10","015","00","001","0143","0000","1748","1334","414","46","1794","3727","0","48.14","35.79"
"10","015","00","001","0143","0064","530","422","108","8","538","1151","0","46.74","36.66"
"10","015","00","001","0143","0065","598","467","131","12","610","1237","0","49.31","37.75"
"10","015","00","001","0143","0066","620","445","175","26","646","1339","0","48.24","33.23"
"10","015","00","001","0144","0000","2109","1556","553","59","2168","4064","0","53.35","38.29"
"10","015","00","001","0144","0078","675","520","155","18","693","1379","0","50.25","37.71"
"10","015","00","001","0144","0079","698","516","182","19","717","1362","0","52.64","37.89"
"10","015","00","001","0144","0080","736","520","216","22","758","1323","0","57.29","39.3"
"10","015","00","001","0145","0000","1915","1586","329","56","1971","3494","0","56.41","45.39"
"10","015","00","001","0145","0011","556","535","21","12","568","1068","0","53.18","50.09"
"10","015","00","001","0145","0012","630","485","145","16","646","1167","0","55.36","41.56"
"10","015","00","001","0145","0013","729","566","163","28","757","1259","0","60.13","44.96"
"10","015","00","002","0000","0000","4990","3992","998","393","5383","9676","10902","55.63","41.26"
"10","015","00","002","0201","0000","680","567","113","55","735","1192","0","61.66","47.57"
"10","015","00","002","0201","0195","680","567","113","55","735","1192","0","61.66","47.57"
"10","015","00","002","0202","0000","304","249","55","22","326","639","0","51.02","38.97"
"10","015","00","002","0202","0196","304","249","55","22","326","639","0","51.02","38.97"
"10","015","00","002","0203","0000","372","297","75","30","402","601","0","66.89","49.42"
"10","015","00","002","0203","0197","372","297","75","30","402","601","0","66.89","49.42"
"10","015","00","002","0204","0000","686","540","146","43","729","1137","0","64.12","47.49"
"10","015","00","002","0204","0198","686","540","146","43","729","1137","0","64.12","47.49"
"10","015","00","002","0205","0000","720","575","145","48","768","1352","0","56.8","42.53"
"10","015","00","002","0205","0199","387","300","87","30","417","742","0","56.2","40.43"
"10","015","00","002","0205","0200","333","275","58","18","351","610","0","57.54","45.08"
"10","015","00","002","0206","0000","248","195","53","21","269","513","0","52.44","38.01"
"10","015","00","002","0206","0201","172","128","44","20","192","295","0","65.08","43.39"
"10","015","00","002","0206","0202","76","67","9","1","77","218","0","35.32","30.73"
"10","015","00","002","0207","0000","575","447","128","47","622","1248","0","49.84","35.82"
"10","015","00","002","0207","0203","304","241","63","27","331","720","0","45.97","33.47"
"10","015","00","002","0207","0204","271","206","65","20","291","528","0","55.11","39.02"
"10","015","00","002","0208","0000","280","220","60","13","293","560","0","52.32","39.29"
"10","015","00","002","0208","0205","280","220","60","13","293","560","0","52.32","39.29"
"10","015","00","002","0209","0000","266","221","45","25","291","541","0","53.79","40.85"
"10","015","00","002","0209","0206","266","221","45","25","291","541","0","53.79","40.85"
"10","015","00","002","0210","0000","419","338","81","45","464","818","0","56.72","41.32"
"10","015","00","002","0210","0207","419","338","81","45","464","818","0","56.72","41.32"
"10","015","00","002","0211","0000","399","312","87","35","434","984","0","44.11","31.71"
"10","015","00","002","0211","0208","399","312","87","35","434","984","0","44.11","31.71"
"10","015","00","002","0212","0000","41","31","10","9","50","91","0","54.95","34.07"
"10","015","00","002","0212","0209","41","31","10","9","50","91","0","54.95","34.07"
"10","015","00","003","0000","0000","9379","7597","1782","749","10128","20650","24066","49.05","36.79"
"10","015","00","003","0301","0000","2640","2127","513","172","2812","5111","0","55.02","41.62"
"10","015","00","003","0301","0254","518","409","109","31","549","1008","0","54.46","40.58"
"10","015","00","003","0301","0255","523","445","78","37","560","939","0","59.64","47.39"
"10","015","00","003","0301","0256","620","506","114","38","658","1256","0","52.39","40.29"
"10","015","00","003","0301","0257","468","362","106","41","509","929","0","54.79","38.97"
"10","015","00","003","0301","0258","511","405","106","25","536","979","0","54.75","41.37"
"10","015","00","003","0302","0000","745","577","168","55","800","1619","0","49.41","35.64"
"10","015","00","003","0302","0260","391","301","90","27","418","847","0","49.35","35.54"
"10","015","00","003","0302","0261","354","276","78","28","382","772","0","49.48","35.75"
"10","015","00","003","0303","0000","564","469","95","39","603","1286","0","46.89","36.47"
"10","015","00","003","0303","0264","564","469","95","39","603","1286","0","46.89","36.47"
"10","015","00","003","0304","0000","508","406","102","32","540","1358","0","39.76","29.9"
"10","015","00","003","0304","0262","263","206","57","16","279","558","0","50.0","36.92"
"10","015","00","003","0304","0263","245","200","45","16","261","800","0","32.63","25.0"
"10","015","00","003","0305","0000","696","547","149","34","730","1244","0","58.68","43.97"
"10","015","00","003","0305","0259","696","547","149","34","730","1244","0","58.68","43.97"
"10","015","00","003","0306","0000","554","446","108","44","598","1246","0","47.99","35.79"
"10","015","00","003","0306","0265","554","446","108","44","598","1246","0","47.99","35.79"
"10","015","00","003","0307","0000","311","247","64","37","348","647","0","53.79","38.18"
"10","015","00","003","0307","0266","311","247","64","37","348","647","0","53.79","38.18"
"10","015","00","003","0308","0000","365","311","54","25","390","990","0","39.39","31.41"
"10","015","00","003","0308","0267","365","311","54","25","390","990","0","39.39","31.41"
"10","015","00","003","0309","0000","246","204","42","21","267","530","0","50.38","38.49"
"10","015","00","003","0309","0268","246","204","42","21","267","530","0","50.38","38.49"
"10","015","00","003","0310","0000","674","572","102","72","746","1536","0","48.57","37.24"
"10","015","00","003","0310","0269","391","323","68","35","426","979","0","43.51","32.99"
"10","015","00","003","0310","0270","283","249","34","37","320","557","0","57.45","44.7"
"10","015","00","003","0311","0000","526","440","86","75","601","1499","0","40.09","29.35"
"10","015","00","003","0311","0271","186","160","26","21","207","434","0","47.7","36.87"
"10","015","00","003","0311","0272","340","280","60","54","394","1065","0","37.0","26.29"
"10","015","00","003","0312","0000","423","348","75","45","468","866","0","54.04","40.18"
"10","015","00","003","0312","0273","423","348","75","45","468","866","0","54.04","40.18"
"10","015","00","003","0313","0000","382","327","55","22","404","769","0","52.54","42.52"
"10","015","00","003","0313","0274","382","327","55","22","404","769","0","52.54","42.52"
"10","015","00","003","0314","0000","339","256","83","32","371","869","0","42.69","29.46"
"10","015","00","003","0314","0275","339","256","83","32","371","869","0","42.69","29.46"
"10","015","00","003","0315","0000","406","320","86","44","450","1080","0","41.67","29.63"
"10","015","00","003","0315","0276","406","320","86","44","450","1080","0","41.67","29.63"
"10","015","00","004","0000","0000","8846","6871","1975","436","9282","17029","20112","54.51","40.35"
"10","015","00","004","0401","0000","660","523","137","26","686","1296","0","52.93","40.35"
"10","015","00","004","0401","0082","209","159","50","5","214","367","0","58.31","43.32"
"10","015","00","004","0401","0083","451","364","87","21","472","929","0","50.81","39.18"
"10","015","00","004","0402","0000","470","355","115","60","530","897","0","59.09","39.58"
"10","015","00","004","0402","0084","313","238","75","44","357","590","0","60.51","40.34"
"10","015","00","004","0402","0085","157","117","40","16","173","307","0","56.35","38.11"
"10","015","00","004","0403","0000","1271","1001","270","72","1343","2428","0","55.31","41.23"
"10","015","00","004","0403","0086","147","120","27","14","161","260","0","61.92","46.15"
"10","015","00","004","0403","0087","680","511","169","39","719","1283","0","56.04","39.83"
"10","015","00","004","0403","0088","444","370","74","19","463","885","0","52.32","41.81"
"10","015","00","004","0404","0000","2028","1569","459","77","2105","3962","0","53.13","39.6"
"10","015","00","004","0404","0092","559","428","131","31","590","1163","0","50.73","36.8"
"10","015","00","004","0404","0093","829","632","197","25","854","1605","0","53.21","39.38"
"10","015","00","004","0404","0094","640","509","131","21","661","1194","0","55.36","42.63"
"10","015","00","004","0405","0000","533","421","112","24","557","979","0","56.89","43.0"
"10","015","00","004","0405","0095","533","421","112","24","557","979","0","56.89","43.0"
"10","015","00","004","0406","0000","1952","1493","459","69","2021","3719","0","54.34","40.15"
"10","015","00","004","0406","0096","800","625","175","27","827","1485","0","55.69","42.09"
"10","015","00","004","0406","0097","537","416","121","22","559","1070","0","52.24","38.88"
"10","015","00","004","0406","0098","615","452","163","20","635","1164","0","54.55","38.83"
"10","015","00","004","0407","0000","613","489","124","43","656","1249","0","52.52","39.15"
"10","015","00","004","0407","0099","435","350","85","35","470","880","0","53.41","39.77"
"10","015","00","004","0407","0100","178","139","39","8","186","369","0","50.41","37.67"
"10","015","00","004","0408","0000","1319","1020","299","65","1384","2499","0","55.38","40.82"
"10","015","00","004","0408","0089","417","316","101","32","449","770","0","58.31","41.04"
"10","015","00","004","0408","0090","717","564","153","23","740","1363","0","54.29","41.38"
"10","015","00","004","0408","0091","185","140","45","10","195","366","0","53.28","38.25"
"10","015","00","005","0000","0000","36692","28648","8044","1483","38175","72116","83262","52.94","39.72"
"10","015","00","005","0501","0000","3796","2960","836","105","3901","7071","0","55.17","41.86"
"10","015","00","005","0501","0147","595","459","136","16","611","1135","0","53.83","40.44"
"10","015","00","005","0501","0148","676","549","127","17","693","1223","0","56.66","44.89"
"10","015","00","005","0501","0149","679","540","139","20","699","1274","0","54.87","42.39"
"10","015","00","005","0501","0150","574","453","121","24","598","1124","0","53.2","40.3"
"10","015","00","005","0501","0151","633","476","157","18","651","1158","0","56.22","41.11"
"10","015","00","005","0501","0152","639","483","156","10","649","1157","0","56.09","41.75"
"10","015","00","005","0502","0000","2595","1992","603","71","2666","4926","0","54.12","40.44"
"10","015","00","005","0502","0153","668","515","153","26","694","1258","0","55.17","40.94"
"10","015","00","005","0502","0154","643","499","144","27","670","1257","0","53.3","39.7"
"10","015","00","005","0502","0155","643","499","144","10","653","1245","0","52.45","40.08"
"10","015","00","005","0502","0156","641","479","162","8","649","1166","0","55.66","41.08"
"10","015","00","005","0503","0000","1759","1459","300","81","1840","3739","0","49.21","39.02"
"10","015","00","005","0503","0119","559","531","28","23","582","1107","0","52.57","47.97"
"10","015","00","005","0503","0120","565","439","126","26","591","1179","0","50.13","37.23"
"10","015","00","005","0503","0121","635","489","146","32","667","1453","0","45.91","33.65"
"10","015","00","005","0504","0000","2132","1645","487","109","2241","4178","0","53.64","39.37"
"10","015","00","005","0504","0115","538","414","124","21","559","1059","0","52.79","39.09"
"10","015","00","005","0504","0116","514","386","128","33","547","983","0","55.65","39.27"
"10","015","00","005","0504","0117","530","423","107","34","564","1031","0","54.7","41.03"
"10","015","00","005","0504","0118","550","422","128","21","571","1105","0","51.67","38.19"
"10","015","00","005","0505","0000","3605","2771","834","148","3753","6870","0","54.63","40.33"
"10","015","00","005","0505","0122","803","595","208","40","843","1432","0","58.87","41.55"
"10","015","00","005","0505","0123","699","532","167","30","729","1320","0","55.23","40.3"
"10","015","00","005","0505","0124","681","536","145","23","704","1356","0","51.92","39.53"
"10","015","00","005","0505","0125","657","518","139","22","679","1295","0","52.43","40.0"
"10","015","00","005","0505","0126","765","590","175","33","798","1467","0","54.4","40.22"
"10","015","00","005","0506","0000","2683","2031","652","79","2762","5242","0","52.69","38.74"
"10","015","00","005","0506","0127","773","598","175","18","791","1515","0","52.21","39.47"
"10","015","00","005","0506","0128","607","467","140","23","630","1063","0","59.27","43.93"
"10","015","00","005","0506","0129","556","409","147","11","567","1284","0","44.16","31.85"
"10","015","00","005","0506","0130","747","557","190","27","774","1380","0","56.09","40.36"
"10","015","00","005","0507","0000","1521","1136","385","77","1598","2959","0","54.0","38.39"
"10","015","00","005","0507","0131","710","537","173","27","737","1297","0","56.82","41.4"
"10","015","00","005","0507","0132","811","599","212","50","861","1662","0","51.81","36.04"
"10","015","00","005","0508","0000","719","563","156","39","758","1563","0","48.5","36.02"
"10","015","00","005","0508","0133","719","563","156","39","758","1563","0","48.5","36.02"
"10","015","00","005","0509","0000","579","472","107","42","621","1288","0","48.21","36.65"
"10","015","00","005","0509","0134","579","472","107","42","621","1288","0","48.21","36.65"
"10","015","00","005","0510","0000","1480","1163","317","49","1529","2845","0","53.74","40.88"
"10","015","00","005","0510","0135","512","403","109","17","529","907","0","58.32","44.43"
"10","015","00","005","0510","0136","453","362","91","21","474","917","0","51.69","39.48"
"10","015","00","005","0510","0137","515","398","117","11","526","1021","0","51.52","38.98"
"10","015","00","005","0511","0000","1701","1329","372","95","1796","3187","0","56.35","41.7"
"10","015","00","005","0511","0138","583","447","136","31","614","1033","0","59.44","43.27"
"10","015","00","005","0511","0139","526","413","113","29","555","966","0","57.45","42.75"
"10","015","00","005","0511","0140","592","469","123","35","627","1188","0","52.78","39.48"
"10","015","00","005","0512","0000","1980","1556","424","81","2061","4066","0","50.69","38.27"
"10","015","00","005","0512","0141","747","592","155","27","774","1480","0","52.3","40.0"
"10","015","00","005","0512","0142","646","506","140","29","675","1393","0","48.46","36.32"
"10","015","00","005","0512","0143","587","458","129","25","612","1193","0","51.3","38.39"
"10","015","00","005","0513","0000","1977","1532","445","130","2107","3961","0","53.19","38.68"
"10","015","00","005","0513","0144","675","527","148","28","703","1445","0","48.65","36.47"
"10","015","00","005","0513","0145","642","490","152","70","712","1301","0","54.73","37.66"
"10","015","00","005","0513","0146","660","515","145","32","692","1215","0","56.95","42.39"
"10","015","00","005","0514","0000","3155","2494","661","107","3262","6041","0","54.0","41.28"
"10","015","00","005","0514","0157","689","555","134","23","712","1358","0","52.43","40.87"
"10","015","00","005","0514","0158","607","490","117","22","629","1214","0","51.81","40.36"
"10","015","00","005","0514","0159","585","451","134","29","614","1151","0","53.34","39.18"
"10","015","00","005","0514","0160","630","494","136","18","648","1157","0","56.01","42.7"
"10","015","00","005","0514","0161","644","504","140","15","659","1161","0","56.76","43.41"
"10","015","00","005","0515","0000","2727","2103","624","82","2809","5491","0","51.16","38.3"
"10","015","00","005","0515","0162","715","538","177","22","737","1304","0","56.52","41.26"
"10","015","00","005","0515","0163","696","533","163","28","724","1367","0","52.96","38.99"
"10","015","00","005","0515","0164","643","495","148","19","662","1411","0","46.92","35.08"
"10","015","00","005","0515","0165","673","537","136","13","686","1409","0","48.69","38.11"
"10","015","00","005","0516","0000","1150","930","220","59","1209","2338","0","51.71","39.78"
"10","015","00","005","0516","0166","519","419","100","20","539","1125","0","47.91","37.24"
"10","015","00","005","0516","0167","631","511","120","39","670","1213","0","55.23","42.13"
"10","015","00","005","0517","0000","2119","1696","423","86","2205","4415","0","49.94","38.41"
"10","015","00","005","0517","0168","615","497","118","11","626","1141","0","54.86","43.56"
"10","015","00","005","0517","0169","528","424","104","19","547","1156","0","47.32","36.68"
"10","015","00","005","0517","0170","534","427","107","31","565","1092","0","51.74","39.1"
"10","015","00","005","0517","0171","442","348","94","25","467","1026","0","45.52","33.92"
"10","015","00","005","0518","0000","1014","816","198","43","1057","1936","0","54.6","42.15"
"10","015","00","005","0518","0172","410","335","75","18","428","804","0","53.23","41.67"
"10","015","00","005","0518","0173","604","481","123","25","629","1132","0","55.57","42.49"
"10","015","00","006","0000","0000","8321","6517","1804","537","8858","15847","18006","55.9","41.12"
"10","015","00","006","0601","0000","201","165","36","17","218","357","0","61.06","46.22"
"10","015","00","006","0601","0175","201","165","36","17","218","357","0","61.06","46.22"
"10","015","00","006","0602","0000","512","425","87","33","545","1052","0","51.81","40.4"
"10","015","00","006","0602","0174","512","425","87","33","545","1052","0","51.81","40.4"
"10","015","00","006","0603","0000","987","788","199","76","1063","1897","0","56.04","41.54"
"10","015","00","006","0603","0176","470","379","91","45","515","1022","0","50.39","37.08"
"10","015","00","006","0603","0177","517","409","108","31","548","875","0","62.63","46.74"
"10","015","00","006","0604","0000","746","581","165","49","795","1399","0","56.83","41.53"
"10","015","00","006","0604","0178","395","293","102","31","426","691","0","61.65","42.4"
"10","015","00","006","0604","0179","351","288","63","18","369","708","0","52.12","40.68"
"10","015","00","006","0605","0000","435","328","107","40","475","894","0","53.13","36.69"
"10","015","00","006","0605","0180","435","328","107","40","475","894","0","53.13","36.69"
"10","015","00","006","0606","0000","414","327","87","17","431","695","0","62.01","47.05"
"10","015","00","006","0606","0183","414","327","87","17","431","695","0","62.01","47.05"
"10","015","00","006","0607","0000","841","649","192","40","881","1627","0","54.15","39.89"
"10","015","00","006","0607","0181","391","300","91","16","407","746","0","54.56","40.21"
"10","015","00","006","0607","0182","450","349","101","24","474","881","0","53.8","39.61"
"10","015","00","006","0608","0000","484","386","98","38","522","816","0","63.97","47.3"
"10","015","00","006","0608","0184","484","386","98","38","522","816","0","63.97","47.3"
"10","015","00","006","0609","0000","374","301","73","21","395","773","0","51.1","38.94"
"10","015","00","006","0609","0185","374","301","73","21","395","773","0","51.1","38.94"
"10","015","00","006","0610","0000","800","635","165","47","847","1436","0","58.98","44.22"
"10","015","00","006","0610","0186","557","432","125","33","590","1029","0","57.34","41.98"
"10","015","00","006","0610","0187","243","203","40","14","257","407","0","63.14","49.88"
"10","015","00","006","0611","0000","1339","976","363","76","1415","2549","0","55.51","38.29"
"10","015","00","006","0611","0188","611","468","143","41","652","1139","0","57.24","41.09"
"10","015","00","006","0611","0189","549","365","184","25","574","996","0","57.63","36.65"
"10","015","00","006","0611","0190","179","143","36","10","189","414","0","45.65","34.54"
"10","015","00","006","0612","0000","146","116","30","11","157","270","0","58.15","42.96"
"10","015","00","006","0612","0191","146","116","30","11","157","270","0","58.15","42.96"
"10","015","00","006","0613","0000","464","378","86","24","488","836","0","58.37","45.22"
"10","015","00","006","0613","0192","464","378","86","24","488","836","0","58.37","45.22"
"10","015","00","006","0614","0000","288","238","50","28","316","739","0","42.76","32.21"
"10","015","00","006","0614","0194","288","238","50","28","316","739","0","42.76","32.21"
"10","015","00","006","0615","0000","290","224","66","20","310","507","0","61.14","44.18"
"10","015","00","006","0615","0193","290","224","66","20","310","507","0","61.14","44.18"
"10","015","00","007","0000","0000","5600","4530","1070","473","6073","11417","12847","53.19","39.68"
"10","015","00","007","0701","0000","473","363","110","36","509","859","0","59.25","42.26"
"10","015","00","007","0701","0211","473","363","110","36","509","859","0","59.25","42.26"
"10","015","00","007","0702","0000","696","552","144","36","732","1295","0","56.53","42.63"
"10","015","00","007","0702","0210","696","552","144","36","732","1295","0","56.53","42.63"
"10","015","00","007","0703","0000","524","442","82","50","574","958","0","59.92","46.14"
"10","015","00","007","0703","0212","524","442","82","50","574","958","0","59.92","46.14"
"10","015","00","007","0704","0000","533","447","86","59","592","1011","0","58.56","44.21"
"10","015","00","007","0704","0213","533","447","86","59","592","1011","0","58.56","44.21"
"10","015","00","007","0705","0000","560","458","102","46","606","1041","0","58.21","44.0"
"10","015","00","007","0705","0214","560","458","102","46","606","1041","0","58.21","44.0"
"10","015","00","007","0706","0000","251","201","50","17","268","471","0","56.9","42.68"
"10","015","00","007","0706","0221","251","201","50","17","268","471","0","56.9","42.68"
"10","015","00","007","0707","0000","355","283","72","50","405","756","0","53.57","37.43"
"10","015","00","007","0707","0222","310","242","68","47","357","640","0","55.78","37.81"
"10","015","00","007","0707","0223","45","41","4","3","48","116","0","41.38","35.34"
"10","015","00","007","0708","0000","174","140","34","8","182","496","0","36.69","28.23"
"10","015","00","007","0708","0224","174","140","34","8","182","496","0","36.69","28.23"
"10","015","00","007","0709","0000","138","108","30","8","146","324","0","45.06","33.33"
"10","015","00","007","0709","0225","138","108","30","8","146","324","0","45.06","33.33"
"10","015","00","007","0710","0000","159","131","28","20","179","454","0","39.43","28.85"
"10","015","00","007","0710","0226","159","131","28","20","179","454","0","39.43","28.85"
"10","015","00","007","0711","0000","461","368","93","53","514","1009","0","50.94","36.47"
"10","015","00","007","0711","0215","409","323","86","47","456","821","0","55.54","39.34"
"10","015","00","007","0711","0216","52","45","7","6","58","188","0","30.85","23.94"
"10","015","00","007","0712","0000","439","361","78","36","475","960","0","49.48","37.6"
"10","015","00","007","0712","0217","261","213","48","22","283","514","0","55.06","41.44"
"10","015","00","007","0712","0218","178","148","30","14","192","446","0","43.05","33.18"
"10","015","00","007","0713","0000","450","380","70","31","481","851","0","56.52","44.65"
"10","015","00","007","0713","0219","450","380","70","31","481","851","0","56.52","44.65"
"10","015","00","007","0714","0000","387","296","91","23","410","932","0","43.99","31.76"
"10","015","00","007","0714","0220","387","296","91","23","410","932","0","43.99","31.76"
"10","015","00","008","0000","0000","2035","1574","461","120","2155","4395","4811","49.03","35.81"
"10","015","00","008","0801","0000","860","692","168","52","912","1779","0","51.26","38.9"
"10","015","00","008","0801","0229","274","216","58","24","298","613","0","48.61","35.24"
"10","015","00","008","0801","0230","448","361","87","23","471","809","0","58.22","44.62"
"10","015","00","008","0801","0231","138","115","23","5","143","357","0","40.06","32.21"
"10","015","00","008","0802","0000","320","248","72","21","341","669","0","50.97","37.07"
"10","015","00","008","0802","0232","320","248","72","21","341","669","0","50.97","37.07"
"10","015","00","008","0803","0000","219","163","56","7","226","479","0","47.18","34.03"
"10","015","00","008","0803","0233","219","163","56","7","226","479","0","47.18","34.03"
"10","015","00","008","0804","0000","305","215","90","21","326","751","0","43.41","28.63"
"10","015","00","008","0804","0228","305","215","90","21","326","751","0","43.41","28.63"
"10","015","00","008","0805","0000","331","256","75","19","350","717","0","48.81","35.7"
"10","015","00","008","0805","0227","331","256","75","19","350","717","0","48.81","35.7"
"10","015","00","009","0000","0000","4889","3987","902","336","5225","10279","11716","50.83","38.79"
"10","015","00","009","0901","0000","1012","832","180","67","1079","1904","0","56.67","43.7"
"10","015","00","009","0901","0241","441","370","71","32","473","813","0","58.18","45.51"
"10","015","00","009","0901","0242","571","462","109","35","606","1091","0","55.55","42.35"
"10","015","00","009","0902","0000","988","807","181","47","1035","1814","0","57.06","44.49"
"10","015","00","009","0902","0243","466","372","94","12","478","839","0","56.97","44.34"
"10","015","00","009","0902","0244","522","435","87","35","557","975","0","57.13","44.62"
"10","015","00","009","0903","0000","248","206","42","11","259","546","0","47.44","37.73"
"10","015","00","009","0903","0245","248","206","42","11","259","546","0","47.44","37.73"
"10","015","00","009","0904","0000","535","420","115","36","571","1002","0","56.99","41.92"
"10","015","00","009","0904","0246","535","420","115","36","571","1002","0","56.99","41.92"
"10","015","00","009","0905","0000","248","202","46","28","276","593","0","46.54","34.06"
"10","015","00","009","0905","0247","248","202","46","28","276","593","0","46.54","34.06"
"10","015","00","009","0906","0000","505","400","105","51","556","965","0","57.62","41.45"
"10","015","00","009","0906","0248","505","400","105","51","556","965","0","57.62","41.45"
"10","015","00","009","0907","0000","445","361","84","33","478","863","0","55.39","41.83"
"10","015","00","009","0907","0249","445","361","84","33","478","863","0","55.39","41.83"
"10","015","00","009","0908","0000","107","95","12","6","113","340","0","33.24","27.94"
"10","015","00","009","0908","0250","107","95","12","6","113","340","0","33.24","27.94"
"10","015","00","009","0909","0000","320","260","60","34","354","764","0","46.34","34.03"
"10","015","00","009","0909","0251","320","260","60","34","354","764","0","46.34","34.03"
"10","015","00","009","0910","0000","255","209","46","13","268","868","0","30.88","24.08"
"10","015","00","009","0910","0252","255","209","46","13","268","868","0","30.88","24.08"
"10","015","00","009","0911","0000","226","195","31","10","236","620","0","38.06","31.45"
"10","015","00","009","0911","0253","226","195","31","10","236","620","0","38.06","31.45"
"10","015","00","010","0000","0000","3759","2994","765","389","4148","9065","10331","45.76","33.03"
"10","015","00","010","1001","0000","181","153","28","18","199","467","0","42.61","32.76"
"10","015","00","010","1001","0277","181","153","28","18","199","467","0","42.61","32.76"
"10","015","00","010","1002","0000","362","289","73","44","406","1032","0","39.34","28.0"
"10","015","00","010","1002","0278","362","289","73","44","406","1032","0","39.34","28.0"
"10","015","00","010","1003","0000","260","220","40","23","283","638","0","44.36","34.48"
"10","015","00","010","1003","0279","260","220","40","23","283","638","0","44.36","34.48"
"10","015","00","010","1004","0000","292","241","51","29","321","591","0","54.31","40.78"
"10","015","00","010","1004","0280","292","241","51","29","321","591","0","54.31","40.78"
"10","015","00","010","1005","0000","547","429","118","46","593","1087","0","54.55","39.47"
"10","015","00","010","1005","0281","547","429","118","46","593","1087","0","54.55","39.47"
"10","015","00","010","1006","0000","209","153","56","15","224","431","0","51.97","35.5"
"10","015","00","010","1006","0282","209","153","56","15","224","431","0","51.97","35.5"
"10","015","00","010","1007","0000","396","315","81","38","434","893","0","48.6","35.27"
"10","015","00","010","1007","0283","396","315","81","38","434","893","0","48.6","35.27"
"10","015","00","010","1008","0000","133","108","25","16","149","361","0","41.27","29.92"
"10","015","00","010","1008","0284","133","108","25","16","149","361","0","41.27","29.92"
"10","015","00","010","1009","0000","502","386","116","47","549","1362","0","40.31","28.34"
"10","015","00","010","1009","0285","502","386","116","47","549","1362","0","40.31","28.34"
"10","015","00","010","1010","0000","205","165","40","33","238","458","0","51.97","36.03"
"10","015","00","010","1010","0286","205","165","40","33","238","458","0","51.97","36.03"
"10","015","00","010","1011","0000","175","135","40","33","208","621","0","33.49","21.74"
"10","015","00","010","1011","0287","175","135","40","33","208","621","0","33.49","21.74"
"10","015","00","010","1012","0000","217","176","41","26","243","493","0","49.29","35.7"
"10","015","00","010","1012","0288","217","176","41","26","243","493","0","49.29","35.7"
"10","015","00","010","1013","0000","280","224","56","21","301","631","0","47.7","35.5"
"10","015","00","010","1013","0289","280","224","56","21","301","631","0","47.7","35.5"
"10","015","00","011","0000","0000","6170","4845","1325","335","6505","12562","15937","51.78","38.57"
"10","015","00","011","1101","0000","535","424","111","31","566","1373","0","41.22","30.88"
"10","015","00","011","1101","0103","535","424","111","31","566","1373","0","41.22","30.88"
"10","015","00","011","1102","0000","844","693","151","37","881","1806","0","48.78","38.37"
"10","015","00","011","1102","0104","756","616","140","35","791","1644","0","48.11","37.47"
"10","015","00","011","1102","0105","88","77","11","2","90","162","0","55.56","47.53"
"10","015","00","011","1103","0000","805","602","203","62","867","1766","0","49.09","34.09"
"10","015","00","011","1103","0106","182","134","48","19","201","384","0","52.34","34.9"
"10","015","00","011","1103","0107","623","468","155","43","666","1382","0","48.19","33.86"
"10","015","00","011","1104","0000","647","500","147","56","703","1139","0","61.72","43.9"
"10","015","00","011","1104","0111","647","500","147","56","703","1139","0","61.72","43.9"
"10","015","00","011","1105","0000","659","559","100","11","670","1213","0","55.23","46.08"
"10","015","00","011","1105","0112","659","559","100","11","670","1213","0","55.23","46.08"
"10","015","00","011","1106","0000","570","451","119","25","595","1084","0","54.89","41.61"
"10","015","00","011","1106","0113","414","317","97","16","430","754","0","57.03","42.04"
"10","015","00","011","1106","0114","156","134","22","9","165","330","0","50.0","40.61"
"10","015","00","011","1107","0000","871","652","219","44","915","1752","0","52.23","37.21"
"10","015","00","011","1107","0108","576","437","139","25","601","1125","0","53.42","38.84"
"10","015","00","011","1107","0109","295","215","80","19","314","627","0","50.08","34.29"
"10","015","00","011","1108","0000","521","403","118","30","551","987","0","55.83","40.83"
"10","015","00","011","1108","0110","521","403","118","30","551","987","0","55.83","40.83"
"10","015","00","011","1109","0000","718","561","157","39","757","1442","0","52.5","38.9"
"10","015","00","011","1109","0101","422","347","75","28","450","867","0","51.9","40.02"
"10","015","00","011","1109","0102","296","214","82","11","307","575","0","53.39","37.22"
"10","015","00","012","0000","0000","2937","2376","561","172","3109","5269","6439","59.01","45.09"
"10","015","00","012","1201","0000","559","433","126","44","603","1072","0","56.25","40.39"
"10","015","00","012","1201","0234","559","433","126","44","603","1072","0","56.25","40.39"
"10","015","00","012","1202","0000","304","252","52","6","310","560","0","55.36","45.0"
"10","015","00","012","1202","0235","304","252","52","6","310","560","0","55.36","45.0"
"10","015","00","012","1203","0000","458","378","80","25","483","773","0","62.48","48.9"
"10","015","00","012","1203","0236","458","378","80","25","483","773","0","62.48","48.9"
"10","015","00","012","1204","0000","315","258","57","11","326","661","0","49.32","39.03"
"10","015","00","012","1204","0237","315","258","57","11","326","661","0","49.32","39.03"
"10","015","00","012","1205","0000","603","509","94","38","641","1117","0","57.39","45.57"
"10","015","00","012","1205","0238","265","226","39","15","280","442","0","63.35","51.13"
"10","015","00","012","1205","0239","338","283","55","23","361","675","0","53.48","41.93"
"10","015","00","012","1206","0000","698","546","152","48","746","1086","0","68.69","50.28"
"10","015","00","012","1206","0240","698","546","152","48","746","1086","0","68.69","50.28"
"10","015","00","013","0000","0000","2774","2278","496","164","2938","4947","6104","59.39","46.05"
"10","015","00","013","1301","0000","268","212","56","25","293","533","0","54.97","39.77"
"10","015","00","013","1301","0290","268","212","56","25","293","533","0","54.97","39.77"
"10","015","00","013","1302","0000","625","488","137","31","656","1015","0","64.63","48.08"
"10","015","00","013","1302","0291","318","255","63","21","339","522","0","64.94","48.85"
"10","015","00","013","1302","0292","307","233","74","10","317","493","0","64.3","47.26"
"10","015","00","013","1303","0000","422","373","49","19","441","701","0","62.91","53.21"
"10","015","00","013","1303","0293","422","373","49","19","441","701","0","62.91","53.21"
"10","015","00","013","1304","0000","416","337","79","27","443","746","0","59.38","45.17"
"10","015","00","013","1304","0294","416","337","79","27","443","746","0","59.38","45.17"
"10","015","00","013","1305","0000","549","443","106","42","591","1021","0","57.88","43.39"
"10","015","00","013","1305","0295","354","287","67","35","389","616","0","63.15","46.59"
"10","015","00","013","1305","0296","195","156","39","7","202","405","0","49.88","38.52"
"10","015","00","013","1306","0000","494","425","69","20","514","931","0","55.21","45.65"
"10","015","00","013","1306","0297","173","145","28","7","180","329","0","54.71","44.07"
"10","015","00","013","1306","0298","227","198","29","9","236","428","0","55.14","46.26"
"10","015","00","013","1306","0299","94","82","12","4","98","174","0","56.32","47.13"
"10","014","00","000","0000","0000","92434","72221","20213","5025","97459","185996","219268","52.4","38.83"
"10","014","00","001","0000","0000","46226","35766","10460","1965","48191","87803","105587","54.89","40.73"
"10","014","00","001","0101","0000","702","543","159","69","771","1505","0","51.23","36.08"
"10","014","00","001","0101","0052","702","543","159","69","771","1505","0","51.23","36.08"
"10","014","00","001","0102","0000","378","298","80","26","404","836","0","48.33","35.65"
"10","014","00","001","0102","0053","378","298","80","26","404","836","0","48.33","35.65"
"10","014","00","001","0103","0000","1128","878","250","70","1198","2162","0","55.41","40.61"
"10","014","00","001","0103","0056","1128","878","250","70","1198","2162","0","55.41","40.61"
"10","014","00","001","0104","0000","1422","1103","319","52","1474","2688","0","54.84","41.03"
"10","014","00","001","0104","0059","713","550","163","22","735","1359","0","54.08","40.47"
"10","014","00","001","0104","0060","709","553","156","30","739","1329","0","55.61","41.61"
"10","014","00","001","0105","0000","1587","1191","396","60","1647","2767","0","59.52","43.04"
"10","014","00","001","0105","0057","933","687","246","35","968","1627","0","59.5","42.22"
"10","014","00","001","0105","0058","654","504","150","25","679","1140","0","59.56","44.21"
"10","014","00","001","0106","0000","1384","1057","327","75","1459","2644","0","55.18","39.98"
"10","014","00","001","0106","0054","705","544","161","31","736","1294","0","56.88","42.04"
"10","014","00","001","0106","0055","679","513","166","44","723","1350","0","53.56","38.0"
"10","014","00","001","0107","0000","3556","2743","813","134","3690","6543","0","56.4","41.92"
"10","014","00","001","0107","0026","921","707","214","33","954","1638","0","58.24","43.16"
"10","014","00","001","0107","0027","838","662","176","37","875","1576","0","55.52","42.01"
"10","014","00","001","0107","0028","852","654","198","40","892","1595","0","55.92","41.0"
"10","014","00","001","0107","0029","945","720","225","24","969","1734","0","55.88","41.52"
"10","014","00","001","0108","0000","1773","1398","375","63","1836","3141","0","58.45","44.51"
"10","014","00","001","0108","0006","876","689","187","31","907","1651","0","54.94","41.73"
"10","014","00","001","0108","0007","897","709","188","32","929","1490","0","62.35","47.58"
"10","014","00","001","0109","0000","436","343","93","24","460","859","0","53.55","39.93"
"10","014","00","001","0109","0008","436","343","93","24","460","859","0","53.55","39.93"
"10","014","00","001","0110","0000","1512","1224","288","65","1577","2651","0","59.49","46.17"
"10","014","00","001","0110","0032","717","580","137","41","758","1313","0","57.73","44.17"
"10","014","00","001","0110","0033","795","644","151","24","819","1338","0","61.21","48.13"
"10","014","00","001","0111","0000","1727","1270","457","63","1790","3021","0","59.25","42.04"
"10","014","00","001","0111","0030","816","614","202","40","856","1476","0","57.99","41.6"
"10","014","00","001","0111","0031","911","656","255","23","934","1545","0","60.45","42.46"
"10","014","00","001","0112","0000","2252","1700","552","75","2327","4021","0","57.87","42.28"
"10","014","00","001","0112","0003","679","528","151","25","704","1259","0","55.92","41.94"
"10","014","00","001","0112","0004","756","564","192","25","781","1399","0","55.83","40.31"
"10","014","00","001","0112","0005","817","608","209","25","842","1363","0","61.78","44.61"
"10","014","00","001","0113","0000","868","648","220","37","905","1469","0","61.61","44.11"
"10","014","00","001","0113","0002","868","648","220","37","905","1469","0","61.61","44.11"
"10","014","00","001","0114","0000","356","284","72","21","377","651","0","57.91","43.63"
"10","014","00","001","0114","0010","356","284","72","21","377","651","0","57.91","43.63"
"10","014","00","001","0115","0000","806","614","192","24","830","1650","0","50.3","37.21"
"10","014","00","001","0115","0011","806","614","192","24","830","1650","0","50.3","37.21"
"10","014","00","001","0116","0000","366","279","87","16","382","632","0","60.44","44.15"
"10","014","00","001","0116","0013","366","279","87","16","382","632","0","60.44","44.15"
"10","014","00","001","0117","0000","670","533","137","49","719","1299","0","55.35","41.03"
"10","014","00","001","0117","0016","670","533","137","49","719","1299","0","55.35","41.03"
"10","014","00","001","0118","0000","520","381","139","22","542","890","0","60.9","42.81"
"10","014","00","001","0118","0009","520","381","139","22","542","890","0","60.9","42.81"
"10","014","00","001","0119","0000","433","330","103","18","451","724","0","62.29","45.58"
"10","014","00","001","0119","0012","433","330","103","18","451","724","0","62.29","45.58"
"10","014","00","001","0120","0000","462","340","122","26","488","811","0","60.17","41.92"
"10","014","00","001","0120","0017","462","340","122","26","488","811","0","60.17","41.92"
"10","014","00","001","0121","0000","433","336","97","31","464","771","0","60.18","43.58"
"10","014","00","001","0121","0014","433","336","97","31","464","771","0","60.18","43.58"
"10","014","00","001","0122","0000","411","312","99","17","428","798","0","53.63","39.1"
"10","014","00","001","0122","0015","411","312","99","17","428","798","0","53.63","39.1"
"10","014","00","001","0123","0000","421","339","82","16","437","874","0","50.0","38.79"
"10","014","00","001","0123","0001","421","339","82","16","437","874","0","50.0","38.79"
"10","014","00","001","0124","0000","477","362","115","16","493","764","0","64.53","47.38"
"10","014","00","001","0124","0018","477","362","115","16","493","764","0","64.53","47.38"
"10","014","00","001","0125","0000","295","229","66","17","312","601","0","51.91","38.1"
"10","014","00","001","0125","0023","295","229","66","17","312","601","0","51.91","38.1"
"10","014","00","001","0126","0000","415","305","110","11","426","784","0","54.34","38.9"
"10","014","00","001","0126","0019","415","305","110","11","426","784","0","54.34","38.9"
"10","014","00","001","0127","0000","213","144","69","9","222","417","0","53.24","34.53"
"10","014","00","001","0127","0024","213","144","69","9","222","417","0","53.24","34.53"
"10","014","00","001","0128","0000","219","163","56","6","225","427","0","52.69","38.17"
"10","014","00","001","0128","0020","219","163","56","6","225","427","0","52.69","38.17"
"10","014","00","001","0129","0000","800","633","167","42","842","1597","0","52.72","39.64"
"10","014","00","001","0129","0063","800","633","167","42","842","1597","0","52.72","39.64"
"10","014","00","001","0130","0000","1057","846","211","54","1111","2028","0","54.78","41.72"
"10","014","00","001","0130","0061","498","398","100","20","518","990","0","52.32","40.2"
"10","014","00","001","0130","0062","559","448","111","34","593","1038","0","57.13","43.16"
"10","014","00","001","0131","0000","1381","1064","317","63","1444","2959","0","48.8","35.96"
"10","014","00","001","0131","0036","651","489","162","32","683","1407","0","48.54","34.75"
"10","014","00","001","0131","0037","730","575","155","31","761","1552","0","49.03","37.05"
"10","014","00","001","0132","0000","1465","1176","289","35","1500","2577","0","58.21","45.63"
"10","014","00","001","0132","0034","735","607","128","17","752","1312","0","57.32","46.27"
"10","014","00","001","0132","0035","730","569","161","18","748","1265","0","59.13","44.98"
"10","014","00","001","0133","0000","764","600","164","49","813","1445","0","56.26","41.52"
"10","014","00","001","0133","0038","764","600","164","49","813","1445","0","56.26","41.52"
"10","014","00","001","0134","0000","1172","878","294","46","1218","2098","0","58.06","41.85"
"10","014","00","001","0134","0039","1172","878","294","46","1218","2098","0","58.06","41.85"
"10","014","00","001","0135","0000","728","588","140","58","786","1324","0","59.37","44.41"
"10","014","00","001","0135","0040","728","588","140","58","786","1324","0","59.37","44.41"
"10","014","00","001","0136","0000","1506","1224","282","27","1533","2793","0","54.89","43.82"
"10","014","00","001","0136","0021","630","485","145","26","656","1292","0","50.77","37.54"
"10","014","00","001","0136","0022","876","739","137","1","877","1501","0","58.43","49.23"
"10","014","00","001","0137","0000","530","427","103","34","564","1001","0","56.34","42.66"
"10","014","00","001","0137","0025","530","427","103","34","564","1001","0","56.34","42.66"
"10","014","00","001","0138","0000","4165","3221","944","116","4281","8002","0","53.5","40.25"
"10","014","00","001","0138","0041","864","696","168","23","887","1598","0","55.51","43.55"
"10","014","00","001","0138","0042","782","619","163","22","804","1513","0","53.14","40.91"
"10","014","00","001","0138","0043","835","650","185","23","858","1679","0","51.1","38.71"
"10","014","00","001","0138","0044","747","557","190","26","773","1414","0","54.67","39.39"
"10","014","00","001","0138","0045","937","699","238","22","959","1798","0","53.34","38.88"
"10","014","00","001","0139","0000","2528","1979","549","126","2654","5087","0","52.17","38.9"
"10","014","00","001","0139","0046","816","638","178","36","852","1749","0","48.71","36.48"
"10","014","00","001","0139","0047","883","690","193","59","942","1709","0","55.12","40.37"
"10","014","00","001","0139","0048","829","651","178","31","860","1629","0","52.79","39.96"
"10","014","00","001","0140","0000","1123","873","250","51","1174","2375","0","49.43","36.76"
"10","014","00","001","0140","0049","563","450","113","34","597","1116","0","53.49","40.32"
"10","014","00","001","0140","0050","560","423","137","17","577","1259","0","45.83","33.6"
"10","014","00","001","0141","0000","561","434","127","19","580","1232","0","47.08","35.23"
"10","014","00","001","0141","0051","561","434","127","19","580","1232","0","47.08","35.23"
"10","014","00","001","0142","0000","694","509","185","53","747","1385","0","53.94","36.75"
"10","014","00","001","0142","0064","694","509","185","53","747","1385","0","53.94","36.75"
"10","014","00","001","0143","0000","439","325","114","12","451","939","0","48.03","34.61"
"10","014","00","001","0143","0065","439","325","114","12","451","939","0","48.03","34.61"
"10","014","00","001","0144","0000","548","426","122","28","576","1258","0","45.79","33.86"
"10","014","00","001","0144","0066","548","426","122","28","576","1258","0","45.79","33.86"
"10","014","00","001","0145","0000","643","484","159","7","650","1350","0","48.15","35.85"
"10","014","00","001","0145","0067","643","484","159","7","650","1350","0","48.15","35.85"
"10","014","00","001","0146","0000","900","732","168","33","933","1953","0","47.77","37.48"
"10","014","00","001","0146","0068","492","397","95","14","506","1058","0","47.83","37.52"
"10","014","00","001","0146","0069","408","335","73","19","427","895","0","47.71","37.43"
"10","014","00","002","0000","0000","5767","4693","1074","465","6232","12426","14105","50.15","37.77"
"10","014","00","002","0201","0000","280","226","54","27","307","637","0","48.19","35.48"
"10","014","00","002","0201","0085","156","135","21","5","161","373","0","43.16","36.19"
"10","014","00","002","0201","0086","124","91","33","22","146","264","0","55.3","34.47"
"10","014","00","002","0202","0000","378","301","77","37","415","969","0","42.83","31.06"
"10","014","00","002","0202","0083","204","167","37","15","219","488","0","44.88","34.22"
"10","014","00","002","0202","0084","174","134","40","22","196","481","0","40.75","27.86"
"10","014","00","002","0203","0000","620","508","112","57","677","1403","0","48.25","36.21"
"10","014","00","002","0203","0081","245","204","41","20","265","516","0","51.36","39.53"
"10","014","00","002","0203","0082","375","304","71","37","412","887","0","46.45","34.27"
"10","014","00","002","0204","0000","1303","1073","230","120","1423","2731","0","52.11","39.29"
"10","014","00","002","0204","0079","640","514","126","60","700","1365","0","51.28","37.66"
"10","014","00","002","0204","0080","663","559","104","60","723","1366","0","52.93","40.92"
"10","014","00","002","0205","0000","858","682","176","53","911","1901","0","47.92","35.88"
"10","014","00","002","0205","0077","378","302","76","34","412","931","0","44.25","32.44"
"10","014","00","002","0205","0078","480","380","100","19","499","970","0","51.44","39.18"
"10","014","00","002","0206","0000","1045","840","205","71","1116","2197","0","50.8","38.23"
"10","014","00","002","0206","0074","148","123","25","12","160","339","0","47.2","36.28"
"10","014","00","002","0206","0075","454","361","93","19","473","995","0","47.54","36.28"
"10","014","00","002","0206","0076","443","356","87","40","483","863","0","55.97","41.25"
"10","014","00","002","0207","0000","311","258","53","34","345","747","0","46.18","34.54"
"10","014","00","002","0207","0073","311","258","53","34","345","747","0","46.18","34.54"
"10","014","00","002","0208","0000","972","805","167","66","1038","1841","0","56.38","43.73"
"10","014","00","002","0208","0070","274","227","47","17","291","516","0","56.4","43.99"
"10","014","00","002","0208","0071","542","439","103","41","583","960","0","60.73","45.73"
"10","014","00","002","0208","0072","156","139","17","8","164","365","0","44.93","38.08"
"10","014","00","003","0000","0000","3538","2728","810","216","3754","7509","8727","49.99","36.33"
"10","014","00","003","0301","0000","754","577","177","42","796","1691","0","47.07","34.12"
"10","014","00","003","0301","0093","444","331","113","32","476","912","0","52.19","36.29"
"10","014","00","003","0301","0094","310","246","64","10","320","779","0","41.08","31.58"
"10","014","00","003","0302","0000","585","463","122","38","623","1137","0","54.79","40.72"
"10","014","00","003","0302","0091","585","463","122","38","623","1137","0","54.79","40.72"
"10","014","00","003","0303","0000","382","299","83","15","397","887","0","44.76","33.71"
"10","014","00","003","0303","0090","382","299","83","15","397","887","0","44.76","33.71"
"10","014","00","003","0304","0000","463","360","103","38","501","828","0","60.51","43.48"
"10","014","00","003","0304","0089","463","360","103","38","501","828","0","60.51","43.48"
"10","014","00","003","0305","0000","844","635","209","38","882","1699","0","51.91","37.37"
"10","014","00","003","0305","0087","521","392","129","19","540","909","0","59.41","43.12"
"10","014","00","003","0305","0088","323","243","80","19","342","790","0","43.29","30.76"
"10","014","00","003","0306","0000","188","138","50","15","203","535","0","37.94","25.79"
"10","014","00","003","0306","0095","188","138","50","15","203","535","0","37.94","25.79"
"10","014","00","003","0307","0000","322","256","66","30","352","732","0","48.09","34.97"
"10","014","00","003","0307","0092","322","256","66","30","352","732","0","48.09","34.97"
"10","014","00","004","0000","0000","7390","5747","1643","520","7910","14976","17314","52.82","38.37"
"10","014","00","004","0401","0000","194","141","53","19","213","476","0","44.75","29.62"
"10","014","00","004","0401","0105","88","64","24","8","96","261","0","36.78","24.52"
"10","014","00","004","0401","0106","106","77","29","11","117","215","0","54.42","35.81"
"10","014","00","004","0402","0000","214","174","40","24","238","436","0","54.59","39.91"
"10","014","00","004","0402","0117","214","174","40","24","238","436","0","54.59","39.91"
"10","014","00","004","0403","0000","205","167","38","15","220","488","0","45.08","34.22"
"10","014","00","004","0403","0115","205","167","38","15","220","488","0","45.08","34.22"
"10","014","00","004","0404","0000","188","159","29","16","204","347","0","58.79","45.82"
"10","014","00","004","0404","0116","188","159","29","16","204","347","0","58.79","45.82"
"10","014","00","004","0405","0000","526","416","110","57","583","1163","0","50.13","35.77"
"10","014","00","004","0405","0103","314","243","71","38","352","727","0","48.42","33.43"
"10","014","00","004","0405","0104","212","173","39","19","231","436","0","52.98","39.68"
"10","014","00","004","0406","0000","601","487","114","35","636","1270","0","50.08","38.35"
"10","014","00","004","0406","0101","345","276","69","18","363","767","0","47.33","35.98"
"10","014","00","004","0406","0102","256","211","45","17","273","503","0","54.27","41.95"
"10","014","00","004","0407","0000","444","343","101","37","481","1066","0","45.12","32.18"
"10","014","00","004","0407","0098","90","72","18","13","103","219","0","47.03","32.88"
"10","014","00","004","0407","0099","210","163","47","13","223","460","0","48.48","35.43"
"10","014","00","004","0407","0100","144","108","36","11","155","387","0","40.05","27.91"
"10","014","00","004","0408","0000","1116","880","236","69","1185","2206","0","53.72","39.89"
"10","014","00","004","0408","0096","566","444","122","41","607","1041","0","58.31","42.65"
"10","014","00","004","0408","0097","550","436","114","28","578","1165","0","49.61","37.42"
"10","014","00","004","0409","0000","553","432","121","44","597","1110","0","53.78","38.92"
"10","014","00","004","0409","0110","553","432","121","44","597","1110","0","53.78","38.92"
"10","014","00","004","0410","0000","1571","1154","417","84","1655","3015","0","54.89","38.28"
"10","014","00","004","0410","0107","770","518","252","39","809","1442","0","56.1","35.92"
"10","014","00","004","0410","0108","259","223","36","5","264","527","0","50.09","42.31"
"10","014","00","004","0410","0109","542","413","129","40","582","1046","0","55.64","39.48"
"10","014","00","004","0411","0000","601","456","145","33","634","1105","0","57.38","41.27"
"10","014","00","004","0411","0111","601","456","145","33","634","1105","0","57.38","41.27"
"10","014","00","004","0412","0000","690","564","126","45","735","1167","0","62.98","48.33"
"10","014","00","004","0412","0112","690","564","126","45","735","1167","0","62.98","48.33"
"10","014","00","004","0413","0000","487","374","113","42","529","1127","0","46.94","33.19"
"10","014","00","004","0413","0113","428","331","97","39","467","968","0","48.24","34.19"
"10","014","00","004","0413","0114","59","43","16","3","62","159","0","38.99","27.04"
"10","014","00","005","0000","0000","2908","2190","718","240","3148","6936","7891","45.39","31.57"
"10","014","00","005","0501","0000","271","204","67","21","292","675","0","43.26","30.22"
"10","014","00","005","0501","0125","271","204","67","21","292","675","0","43.26","30.22"
"10","014","00","005","0502","0000","359","262","97","44","403","905","0","44.53","28.95"
"10","014","00","005","0502","0126","197","148","49","18","215","435","0","49.43","34.02"
"10","014","00","005","0502","0127","162","114","48","26","188","470","0","40.0","24.26"
"10","014","00","005","0503","0000","375","275","100","47","422","864","0","48.84","31.83"
"10","014","00","005","0503","0124","375","275","100","47","422","864","0","48.84","31.83"
"10","014","00","005","0504","0000","629","481","148","45","674","1446","0","46.61","33.26"
"10","014","00","005","0504","0121","488","366","122","31","519","1104","0","47.01","33.15"
"10","014","00","005","0504","0122","141","115","26","14","155","342","0","45.32","33.63"
"10","014","00","005","0505","0000","391","316","75","32","423","895","0","47.26","35.31"
"10","014","00","005","0505","0123","391","316","75","32","423","895","0","47.26","35.31"
"10","014","00","005","0506","0000","482","360","122","27","509","1096","0","46.44","32.85"
"10","014","00","005","0506","0118","191","139","52","6","197","522","0","37.74","26.63"
"10","014","00","005","0506","0119","291","221","70","21","312","574","0","54.36","38.5"
"10","014","00","005","0507","0000","401","292","109","24","425","1055","0","40.28","27.68"
"10","014","00","005","0507","0120","401","292","109","24","425","1055","0","40.28","27.68"
"10","014","00","006","0000","0000","3025","2357","668","276","3301","7162","8207","46.09","32.91"
"10","014","00","006","0601","0000","450","348","102","69","519","1137","0","45.65","30.61"
"10","014","00","006","0601","0130","182","146","36","29","211","434","0","48.62","33.64"
"10","014","00","006","0601","0131","268","202","66","40","308","703","0","43.81","28.73"
"10","014","00","006","0602","0000","267","213","54","19","286","654","0","43.73","32.57"
"10","014","00","006","0602","0132","267","213","54","19","286","654","0","43.73","32.57"
"10","014","00","006","0603","0000","113","87","26","15","128","324","0","39.51","26.85"
"10","014","00","006","0603","0133","113","87","26","15","128","324","0","39.51","26.85"
"10","014","00","006","0604","0000","333","252","81","28","361","794","0","45.47","31.74"
"10","014","00","006","0604","0134","333","252","81","28","361","794","0","45.47","31.74"
"10","014","00","006","0605","0000","940","725","215","48","988","1921","0","51.43","37.74"
"10","014","00","006","0605","0128","449","341","108","23","472","992","0","47.58","34.38"
"10","014","00","006","0605","0129","491","384","107","25","516","929","0","55.54","41.33"
"10","014","00","006","0606","0000","123","103","20","19","142","344","0","41.28","29.94"
"10","014","00","006","0606","0136","123","103","20","19","142","344","0","41.28","29.94"
"10","014","00","006","0607","0000","390","316","74","25","415","856","0","48.48","36.92"
"10","014","00","006","0607","0135","390","316","74","25","415","856","0","48.48","36.92"
"10","014","00","006","0608","0000","152","116","36","22","174","311","0","55.95","37.3"
"10","014","00","006","0608","0137","152","116","36","22","174","311","0","55.95","37.3"
"10","014","00","006","0609","0000","126","99","27","11","137","386","0","35.49","25.65"
"10","014","00","006","0609","0138","126","99","27","11","137","386","0","35.49","25.65"
"10","014","00","006","0610","0000","131","98","33","20","151","435","0","34.71","22.53"
"10","014","00","006","0610","0139","131","98","33","20","151","435","0","34.71","22.53"
"10","014","00","007","0000","0000","3163","2506","657","225","3388","7635","8518","44.37","32.82"
"10","014","00","007","0701","0000","491","384","107","40","531","1620","0","32.78","23.7"
"10","014","00","007","0701","0147","198","158","40","15","213","867","0","24.57","18.22"
"10","014","00","007","0701","0148","137","110","27","11","148","345","0","42.9","31.88"
"10","014","00","007","0701","0149","156","116","40","14","170","408","0","41.67","28.43"
"10","014","00","007","0702","0000","350","281","69","27","377","1197","0","31.5","23.48"
"10","014","00","007","0702","0146","350","281","69","27","377","1197","0","31.5","23.48"
"10","014","00","007","0703","0000","404","320","84","23","427","977","0","43.71","32.75"
"10","014","00","007","0703","0145","404","320","84","23","427","977","0","43.71","32.75"
"10","014","00","007","0704","0000","108","87","21","6","114","262","0","43.51","33.21"
"10","014","00","007","0704","0150","108","87","21","6","114","262","0","43.51","33.21"
"10","014","00","007","0705","0000","252","211","41","9","261","555","0","47.03","38.02"
"10","014","00","007","0705","0144","252","211","41","9","261","555","0","47.03","38.02"
"10","014","00","007","0706","0000","410","324","86","46","456","918","0","49.67","35.29"
"10","014","00","007","0706","0143","410","324","86","46","456","918","0","49.67","35.29"
"10","014","00","007","0707","0000","1148","899","249","74","1222","2106","0","58.02","42.69"
"10","014","00","007","0707","0140","120","98","22","8","128","290","0","44.14","33.79"
"10","014","00","007","0707","0141","334","268","66","18","352","620","0","56.77","43.23"
"10","014","00","007","0707","0142","694","533","161","48","742","1196","0","62.04","44.57"
"10","014","00","008","0000","0000","2554","2037","517","246","2800","6484","7196","43.18","31.42"
"10","014","00","008","0801","0000","248","201","47","34","282","630","0","44.76","31.9"
"10","014","00","008","0801","0160","9","9","0","4","13","25","0","52.0","36.0"
"10","014","00","008","0801","0161","239","192","47","30","269","605","0","44.46","31.74"
"10","014","00","008","0802","0000","405","332","73","47","452","1191","0","37.95","27.88"
"10","014","00","008","0802","0157","243","194","49","36","279","660","0","42.27","29.39"
"10","014","00","008","0802","0158","104","93","11","5","109","336","0","32.44","27.68"
"10","014","00","008","0802","0159","58","45","13","6","64","195","0","32.82","23.08"
"10","014","00","008","0803","0000","155","121","34","4","159","532","0","29.89","22.74"
"10","014","00","008","0803","0156","155","121","34","4","159","532","0","29.89","22.74"
"10","014","00","008","0804","0000","812","640","172","45","857","1993","0","43.0","32.11"
"10","014","00","008","0804","0154","469","381","88","18","487","1268","0","38.41","30.05"
"10","014","00","008","0804","0155","343","259","84","27","370","725","0","51.03","35.72"
"10","014","00","008","0805","0000","446","366","80","64","510","913","0","55.86","40.09"
"10","014","00","008","0805","0153","446","366","80","64","510","913","0","55.86","40.09"
"10","014","00","008","0806","0000","488","377","111","52","540","1225","0","44.08","30.78"
"10","014","00","008","0806","0151","277","210","67","32","309","536","0","57.65","39.18"
"10","014","00","008","0806","0152","211","167","44","20","231","689","0","33.53","24.24"
"10","014","00","009","0000","0000","5060","4128","932","284","5344","9666","11186","55.29","42.71"
"10","014","00","009","0901","0000","640","506","134","42","682","1297","0","52.58","39.01"
"10","014","00","009","0901","0162","355","274","81","29","384","722","0","53.19","37.95"
"10","014","00","009","0901","0163","285","232","53","13","298","575","0","51.83","40.35"
"10","014","00","009","0902","0000","287","225","62","27","314","623","0","50.4","36.12"
"10","014","00","009","0902","0164","287","225","62","27","314","623","0","50.4","36.12"
"10","014","00","009","0903","0000","280","229","51","24","304","622","0","48.87","36.82"
"10","014","00","009","0903","0165","280","229","51","24","304","622","0","48.87","36.82"
"10","014","00","009","0904","0000","280","226","54","13","293","560","0","52.32","40.36"
"10","014","00","009","0904","0166","280","226","54","13","293","560","0","52.32","40.36"
"10","014","00","009","0905","0000","754","598","156","42","796","1410","0","56.45","42.41"
"10","014","00","009","0905","0169","398","300","98","18","416","673","0","61.81","44.58"
"10","014","00","009","0905","0170","356","298","58","24","380","737","0","51.56","40.43"
"10","014","00","009","0906","0000","925","777","148","45","970","1766","0","54.93","44.0"
"10","014","00","009","0906","0167","534","454","80","26","560","957","0","58.52","47.44"
"10","014","00","009","0906","0168","391","323","68","19","410","809","0","50.68","39.93"
"10","014","00","009","0907","0000","396","320","76","25","421","798","0","52.76","40.1"
"10","014","00","009","0907","0171","225","187","38","17","242","424","0","57.08","44.1"
"10","014","00","009","0907","0172","171","133","38","8","179","374","0","47.86","35.56"
"10","014","00","009","0908","0000","1056","877","179","22","1078","1698","0","63.49","51.65"
"10","014","00","009","0908","0173","540","442","98","10","550","829","0","66.34","53.32"
"10","014","00","009","0908","0174","516","435","81","12","528","869","0","60.76","50.06"
"10","014","00","009","0909","0000","442","370","72","44","486","892","0","54.48","41.48"
"10","014","00","009","0909","0175","112","95","17","9","121","223","0","54.26","42.6"
"10","014","00","009","0909","0176","330","275","55","35","365","669","0","54.56","41.11"
"10","014","00","010","0000","0000","2592","2072","520","187","2779","5266","6100","52.77","39.35"
"10","014","00","010","1001","0000","413","333","80","28","441","763","0","57.8","43.64"
"10","014","00","010","1001","0181","212","173","39","10","222","386","0","57.51","44.82"
"10","014","00","010","1001","0182","201","160","41","18","219","377","0","58.09","42.44"
"10","014","00","010","1002","0000","494","377","117","48","542","1134","0","47.8","33.25"
"10","014","00","010","1002","0180","494","377","117","48","542","1134","0","47.8","33.25"
"10","014","00","010","1003","0000","676","537","139","32","708","1327","0","53.35","40.47"
"10","014","00","010","1003","0179","676","537","139","32","708","1327","0","53.35","40.47"
"10","014","00","010","1004","0000","665","527","138","72","737","1474","0","50.0","35.75"
"10","014","00","010","1004","0178","665","527","138","72","737","1474","0","50.0","35.75"
"10","014","00","010","1005","0000","344","298","46","7","351","568","0","61.8","52.46"
"10","014","00","010","1005","0177","344","298","46","7","351","568","0","61.8","52.46"
"10","014","00","011","0000","0000","1542","1099","443","48","1590","3579","4097","44.43","30.71"
"10","014","00","011","1101","0000","469","328","141","16","485","1023","0","47.41","32.06"
"10","014","00","011","1101","0185","367","256","111","14","381","813","0","46.86","31.49"
"10","014","00","011","1101","0186","102","72","30","2","104","210","0","49.52","34.29"
"10","014","00","011","1102","0000","456","325","131","16","472","1082","0","43.62","30.04"
"10","014","00","011","1102","0184","456","325","131","16","472","1082","0","43.62","30.04"
"10","014","00","011","1103","0000","617","446","171","16","633","1474","0","42.94","30.26"
"10","014","00","011","1103","0183","617","446","171","16","633","1474","0","42.94","30.26"
"10","014","00","012","0000","0000","1698","1382","316","73","1771","3278","4207","54.03","42.16"
"10","014","00","012","1201","0000","370","308","62","24","394","728","0","54.12","42.31"
"10","014","00","012","1201","0190","370","308","62","24","394","728","0","54.12","42.31"
"10","014","00","012","1202","0000","140","116","24","8","148","259","0","57.14","44.79"
"10","014","00","012","1202","0191","140","116","24","8","148","259","0","57.14","44.79"
"10","014","00","012","1203","0000","145","112","33","3","148","254","0","58.27","44.09"
"10","014","00","012","1203","0192","145","112","33","3","148","254","0","58.27","44.09"
"10","014","00","012","1204","0000","473","374","99","15","488","971","0","50.26","38.52"
"10","014","00","012","1204","0189","473","374","99","15","488","971","0","50.26","38.52"
"10","014","00","012","1205","0000","317","272","45","13","330","569","0","58.0","47.8"
"10","014","00","012","1205","0188","317","272","45","13","330","569","0","58.0","47.8"
"10","014","00","012","1206","0000","253","200","53","10","263","497","0","52.92","40.24"
"10","014","00","012","1206","0187","253","200","53","10","263","497","0","52.92","40.24"
"10","014","00","013","0000","0000","1633","1326","307","68","1701","2930","3656","58.05","45.26"
"10","014","00","013","1301","0000","355","291","64","7","362","579","0","62.52","50.26"
"10","014","00","013","1301","0196","355","291","64","7","362","579","0","62.52","50.26"
"10","014","00","013","1302","0000","203","174","29","6","209","315","0","66.35","55.24"
"10","014","00","013","1302","0195","203","174","29","6","209","315","0","66.35","55.24"
"10","014","00","013","1303","0000","274","228","46","23","297","426","0","69.72","53.52"
"10","014","00","013","1303","0194","274","228","46","23","297","426","0","69.72","53.52"
"10","014","00","013","1304","0000","265","212","53","10","275","596","0","46.14","35.57"
"10","014","00","013","1304","0197","265","212","53","10","275","596","0","46.14","35.57"
"10","014","00","013","1305","0000","536","421","115","22","558","1014","0","55.03","41.52"
"10","014","00","013","1305","0193","536","421","115","22","558","1014","0","55.03","41.52"
"10","014","00","014","0000","0000","1924","1527","397","82","2006","3028","3748","66.25","50.43"
"10","014","00","014","1401","0000","362","256","106","31","393","520","0","75.58","49.23"
"10","014","00","014","1401","0200","362","256","106","31","393","520","0","75.58","49.23"
"10","014","00","014","1402","0000","418","333","85","15","433","601","0","72.05","55.41"
"10","014","00","014","1402","0199","418","333","85","15","433","601","0","72.05","55.41"
"10","014","00","014","1403","0000","705","571","134","19","724","1241","0","58.34","46.01"
"10","014","00","014","1403","0198","705","571","134","19","724","1241","0","58.34","46.01"
"10","014","00","014","1404","0000","182","153","29","9","191","336","0","56.85","45.54"
"10","014","00","014","1404","0201","182","153","29","9","191","336","0","56.85","45.54"
"10","014","00","014","1405","0000","257","214","43","8","265","330","0","80.3","64.85"
"10","014","00","014","1405","0202","257","214","43","8","265","330","0","80.3","64.85"
"10","014","00","015","0000","0000","1798","1446","352","80","1878","3137","3615","59.87","46.09"
"10","014","00","015","1501","0000","293","220","73","10","303","628","0","48.25","35.03"
"10","014","00","015","1501","0208","293","220","73","10","303","628","0","48.25","35.03"
"10","014","00","015","1502","0000","445","328","117","29","474","867","0","54.67","37.83"
"10","014","00","015","1502","0209","445","328","117","29","474","867","0","54.67","37.83"
"10","014","00","015","1503","0000","225","195","30","9","234","331","0","70.69","58.91"
"10","014","00","015","1503","0207","225","195","30","9","234","331","0","70.69","58.91"
"10","014","00","015","1504","0000","367","318","49","12","379","586","0","64.68","54.27"
"10","014","00","015","1504","0203","145","124","21","9","154","246","0","62.6","50.41"
"10","014","00","015","1504","0204","222","194","28","3","225","340","0","66.18","57.06"
"10","014","00","015","1505","0000","281","235","46","12","293","429","0","68.3","54.78"
"10","014","00","015","1505","0206","281","235","46","12","293","429","0","68.3","54.78"
"10","014","00","015","1506","0000","187","150","37","8","195","296","0","65.88","50.68"
"10","014","00","015","1506","0205","187","150","37","8","195","296","0","65.88","50.68"
"10","014","00","016","0000","0000","1616","1217","399","50","1666","4181","5114","39.85","29.11"
"10","014","00","016","1601","0000","461","370","91","9","470","1240","0","37.9","29.84"
"10","014","00","016","1601","0212","461","370","91","9","470","1240","0","37.9","29.84"
"10","014","00","016","1602","0000","270","179","91","9","279","760","0","36.71","23.55"
"10","014","00","016","1602","0213","270","179","91","9","279","760","0","36.71","23.55"
"10","014","00","016","1603","0000","507","377","130","18","525","1238","0","42.41","30.45"
"10","014","00","016","1603","0211","507","377","130","18","525","1238","0","42.41","30.45"
"10","014","00","016","1604","0000","378","291","87","14","392","943","0","41.57","30.86"
"10","014","00","016","1604","0210","378","291","87","14","392","943","0","41.57","30.86"
"10","016","00","000","0000","0000","39356","30169","9187","1884","41240","90405","104400","45.62","33.37"
"10","016","00","001","0000","0000","25296","19142","6154","1087","26383","53655","62523","49.17","35.68"
"10","016","00","001","0102","0000","209","162","47","16","225","481","0","46.78","33.68"
"10","016","00","001","0102","0001","209","162","47","16","225","481","0","46.78","33.68"
"10","016","00","001","0103","0000","280","225","55","8","288","558","0","51.61","40.32"
"10","016","00","001","0103","0002","280","225","55","8","288","558","0","51.61","40.32"
"10","016","00","001","0104","0000","240","190","50","24","264","533","0","49.53","35.65"
"10","016","00","001","0104","0003","240","190","50","24","264","533","0","49.53","35.65"
"10","016","00","001","0105","0000","469","348","121","16","485","922","0","52.6","37.74"
"10","016","00","001","0105","0004","469","348","121","16","485","922","0","52.6","37.74"
"10","016","00","001","0106","0000","529","391","138","26","555","1021","0","54.36","38.3"
"10","016","00","001","0106","0005","529","391","138","26","555","1021","0","54.36","38.3"
"10","016","00","001","0107","0000","388","291","97","18","406","793","0","51.2","36.7"
"10","016","00","001","0107","0006","388","291","97","18","406","793","0","51.2","36.7"
"10","016","00","001","0108","0000","970","727","243","45","1015","1955","0","51.92","37.19"
"10","016","00","001","0108","0007","489","365","124","24","513","954","0","53.77","38.26"
"10","016","00","001","0108","0008","481","362","119","21","502","1001","0","50.15","36.16"
"10","016","00","001","0109","0000","2004","1541","463","86","2090","4130","0","50.61","37.31"
"10","016","00","001","0109","0010","625","490","135","34","659","1402","0","47.0","34.95"
"10","016","00","001","0109","0011","708","543","165","25","733","1389","0","52.77","39.09"
"10","016","00","001","0109","0012","671","508","163","27","698","1339","0","52.13","37.94"
"10","016","00","001","0110","0000","515","383","132","21","536","1192","0","44.97","32.13"
"10","016","00","001","0110","0009","515","383","132","21","536","1192","0","44.97","32.13"
"10","016","00","001","0111","0000","2515","1922","593","118","2633","5281","0","49.86","36.39"
"10","016","00","001","0111","0013","582","449","133","26","608","1254","0","48.48","35.81"
"10","016","00","001","0111","0014","571","457","114","30","601","1194","0","50.34","38.27"
"10","016","00","001","0111","0015","632","478","154","41","673","1393","0","48.31","34.31"
"10","016","00","001","0111","0016","730","538","192","21","751","1440","0","52.15","37.36"
"10","016","00","001","0112","0000","1179","903","276","55","1234","2499","0","49.38","36.13"
"10","016","00","001","0112","0017","573","416","157","28","601","1215","0","49.47","34.24"
"10","016","00","001","0112","0018","606","487","119","27","633","1284","0","49.3","37.93"
"10","016","00","001","0113","0000","714","554","160","32","746","1512","0","49.34","36.64"
"10","016","00","001","0113","0019","714","554","160","32","746","1512","0","49.34","36.64"
"10","016","00","001","0114","0000","2829","1719","1110","85","2914","6044","0","48.21","28.44"
"10","016","00","001","0114","0020","545","419","126","29","574","1181","0","48.6","35.48"
"10","016","00","001","0114","0021","654","502","152","24","678","1348","0","50.3","37.24"
"10","016","00","001","0114","0022","699","511","188","18","717","1391","0","51.55","36.74"
"10","016","00","001","0114","0023","931","287","644","14","945","2124","0","44.49","13.51"
"10","016","00","001","0115","0000","1477","1184","293","44","1521","3082","0","49.35","38.42"
"10","016","00","001","0115","0024","717","575","142","24","741","1500","0","49.4","38.33"
"10","016","00","001","0115","0025","760","609","151","20","780","1582","0","49.3","38.5"
"10","016","00","001","0116","0000","1558","1197","361","44","1602","3192","0","50.19","37.5"
"10","016","00","001","0116","0026","772","600","172","18","790","1638","0","48.23","36.63"
"10","016","00","001","0116","0027","786","597","189","26","812","1554","0","52.25","38.42"
"10","016","00","001","0117","0000","804","615","189","33","837","1872","0","44.71","32.85"
"10","016","00","001","0117","0028","369","280","89","17","386","980","0","39.39","28.57"
"10","016","00","001","0117","0029","435","335","100","16","451","892","0","50.56","37.56"
"10","016","00","001","0118","0000","311","229","82","11","322","778","0","41.39","29.43"
"10","016","00","001","0118","0030","311","229","82","11","322","778","0","41.39","29.43"
"10","016","00","001","0119","0000","461","362","99","19","480","930","0","51.61","38.92"
"10","016","00","001","0119","0031","461","362","99","19","480","930","0","51.61","38.92"
"10","016","00","001","0120","0000","1449","1140","309","35","1484","2609","0","56.88","43.69"
"10","016","00","001","0120","0032","858","669","189","22","880","1481","0","59.42","45.17"
"10","016","00","001","0120","0033","591","471","120","13","604","1128","0","53.55","41.76"
"10","016","00","001","0121","0000","214","179","35","15","229","415","0","55.18","43.13"
"10","016","00","001","0121","0034","214","179","35","15","229","415","0","55.18","43.13"
"10","016","00","001","0122","0000","1032","830","202","44","1076","2070","0","51.98","40.1"
"10","016","00","001","0122","0035","542","423","119","18","560","1120","0","50.0","37.77"
"10","016","00","001","0122","0036","490","407","83","26","516","950","0","54.32","42.84"
"10","016","00","001","0123","0000","268","216","52","13","281","627","0","44.82","34.45"
"10","016","00","001","0123","0037","268","216","52","13","281","627","0","44.82","34.45"
"10","016","00","001","0124","0000","498","409","89","24","522","989","0","52.78","41.35"
"10","016","00","001","0124","0039","498","409","89","24","522","989","0","52.78","41.35"
"10","016","00","001","0125","0000","536","420","116","14","550","1055","0","52.13","39.81"
"10","016","00","001","0125","0038","536","420","116","14","550","1055","0","52.13","39.81"
"10","016","00","001","0126","0000","304","233","71","28","332","591","0","56.18","39.42"
"10","016","00","001","0126","0040","304","233","71","28","332","591","0","56.18","39.42"
"10","016","00","001","0127","0000","795","634","161","40","835","1700","0","49.12","37.29"
"10","016","00","001","0127","0043","381","307","74","24","405","797","0","50.82","38.52"
"10","016","00","001","0127","0044","414","327","87","16","430","903","0","47.62","36.21"
"10","016","00","001","0128","0000","1043","806","237","87","1130","2466","0","45.82","32.68"
"10","016","00","001","0128","0041","614","474","140","48","662","1387","0","47.73","34.17"
"10","016","00","001","0128","0042","429","332","97","39","468","1079","0","43.37","30.77"
"10","016","00","001","0129","0000","157","103","54","18","175","376","0","46.54","27.39"
"10","016","00","001","0129","0045","157","103","54","18","175","376","0","46.54","27.39"
"10","016","00","001","0130","0000","188","139","49","7","195","371","0","52.56","37.47"
"10","016","00","001","0130","0046","188","139","49","7","195","371","0","52.56","37.47"
"10","016","00","001","0131","0000","485","398","87","15","500","1173","0","42.63","33.93"
"10","016","00","001","0131","0047","485","398","87","15","500","1173","0","42.63","33.93"
"10","016","00","001","0132","0000","511","407","104","18","529","1389","0","38.08","29.3"
"10","016","00","001","0132","0048","511","407","104","18","529","1389","0","38.08","29.3"
"10","016","00","001","0133","0000","196","159","37","18","214","761","0","28.12","20.89"
"10","016","00","001","0133","0049","196","159","37","18","214","761","0","28.12","20.89"
"10","016","00","001","0134","0000","168","126","42","10","178","288","0","61.81","43.75"
"10","016","00","001","0134","0050","168","126","42","10","178","288","0","61.81","43.75"
"10","016","00","002","0000","0000","5369","4216","1153","265","5634","12741","14533","44.22","33.09"
"10","016","00","002","0201","0000","561","456","105","22","583","1120","0","52.05","40.71"
"10","016","00","002","0201","0051","561","456","105","22","583","1120","0","52.05","40.71"
"10","016","00","002","0202","0000","131","104","27","10","141","332","0","42.47","31.33"
"10","016","00","002","0202","0052","131","104","27","10","141","332","0","42.47","31.33"
"10","016","00","002","0203","0000","91","73","18","3","94","242","0","38.84","30.17"
"10","016","00","002","0203","0053","91","73","18","3","94","242","0","38.84","30.17"
"10","016","00","002","0204","0000","109","84","25","6","115","293","0","39.25","28.67"
"10","016","00","002","0204","0054","109","84","25","6","115","293","0","39.25","28.67"
"10","016","00","002","0205","0000","250","203","47","26","276","666","0","41.44","30.48"
"10","016","00","002","0205","0055","250","203","47","26","276","666","0","41.44","30.48"
"10","016","00","002","0206","0000","155","127","28","8","163","326","0","50.0","38.96"
"10","016","00","002","0206","0056","155","127","28","8","163","326","0","50.0","38.96"
"10","016","00","002","0207","0000","286","220","66","13","299","732","0","40.85","30.05"
"10","016","00","002","0207","0057","286","220","66","13","299","732","0","40.85","30.05"
"10","016","00","002","0208","0000","294","235","59","6","300","651","0","46.08","36.1"
"10","016","00","002","0208","0058","294","235","59","6","300","651","0","46.08","36.1"
"10","016","00","002","0209","0000","320","242","78","14","334","744","0","44.89","32.53"
"10","016","00","002","0209","0059","320","242","78","14","334","744","0","44.89","32.53"
"10","016","00","002","0210","0000","72","55","17","1","73","134","0","54.48","41.04"
"10","016","00","002","0210","0060","72","55","17","1","73","134","0","54.48","41.04"
"10","016","00","002","0211","0000","77","62","15","1","78","216","0","36.11","28.7"
"10","016","00","002","0211","0062","77","62","15","1","78","216","0","36.11","28.7"
"10","016","00","002","0212","0000","126","108","18","9","135","279","0","48.39","38.71"
"10","016","00","002","0212","0064","126","108","18","9","135","279","0","48.39","38.71"
"10","016","00","002","0213","0000","193","151","42","3","196","664","0","29.52","22.74"
"10","016","00","002","0213","0063","193","151","42","3","196","664","0","29.52","22.74"
"10","016","00","002","0214","0000","150","130","20","4","154","296","0","52.03","43.92"
"10","016","00","002","0214","0065","150","130","20","4","154","296","0","52.03","43.92"
"10","016","00","002","0215","0000","287","213","74","14","301","794","0","37.91","26.83"
"10","016","00","002","0215","0061","287","213","74","14","301","794","0","37.91","26.83"
"10","016","00","002","0216","0000","121","87","34","0","121","257","0","47.08","33.85"
"10","016","00","002","0216","0066","121","87","34","0","121","257","0","47.08","33.85"
"10","016","00","002","0217","0000","28","23","5","1","29","89","0","32.58","25.84"
"10","016","00","002","0217","0067","28","23","5","1","29","89","0","32.58","25.84"
"10","016","00","002","0218","0000","379","275","104","21","400","815","0","49.08","33.74"
"10","016","00","002","0218","0068","379","275","104","21","400","815","0","49.08","33.74"
"10","016","00","002","0219","0000","379","309","70","18","397","975","0","40.72","31.69"
"10","016","00","002","0219","0069","379","309","70","18","397","975","0","40.72","31.69"
"10","016","00","002","0220","0000","304","241","63","18","322","648","0","49.69","37.19"
"10","016","00","002","0220","0070","304","241","63","18","322","648","0","49.69","37.19"
"10","016","00","002","0221","0000","772","594","178","59","831","1739","0","47.79","34.16"
"10","016","00","002","0221","0071","372","286","86","21","393","893","0","44.01","32.03"
"10","016","00","002","0221","0072","400","308","92","38","438","846","0","51.77","36.41"
"10","016","00","002","0222","0000","284","224","60","8","292","729","0","40.05","30.73"
"10","016","00","002","0222","0073","284","224","60","8","292","729","0","40.05","30.73"
"10","016","00","003","0000","0000","3519","2808","711","187","3706","8625","9856","42.97","32.56"
"10","016","00","003","0301","0000","254","192","62","4","258","514","0","50.19","37.35"
"10","016","00","003","0301","0074","254","192","62","4","258","514","0","50.19","37.35"
"10","016","00","003","0302","0000","325","253","72","14","339","657","0","51.6","38.51"
"10","016","00","003","0302","0075","325","253","72","14","339","657","0","51.6","38.51"
"10","016","00","003","0303","0000","68","58","10","4","72","109","0","66.06","53.21"
"10","016","00","003","0303","0076","68","58","10","4","72","109","0","66.06","53.21"
"10","016","00","003","0304","0000","65","50","15","4","69","156","0","44.23","32.05"
"10","016","00","003","0304","0077","65","50","15","4","69","156","0","44.23","32.05"
"10","016","00","003","0305","0000","117","87","30","6","123","293","0","41.98","29.69"
"10","016","00","003","0305","0078","117","87","30","6","123","293","0","41.98","29.69"
"10","016","00","003","0306","0000","70","55","15","5","75","231","0","32.47","23.81"
"10","016","00","003","0306","0079","70","55","15","5","75","231","0","32.47","23.81"
"10","016","00","003","0307","0000","82","62","20","5","87","161","0","54.04","38.51"
"10","016","00","003","0307","0080","82","62","20","5","87","161","0","54.04","38.51"
"10","016","00","003","0308","0000","762","602","160","31","793","1705","0","46.51","35.31"
"10","016","00","003","0308","0081","762","602","160","31","793","1705","0","46.51","35.31"
"10","016","00","003","0309","0000","121","99","22","6","127","285","0","44.56","34.74"
"10","016","00","003","0309","0082","121","99","22","6","127","285","0","44.56","34.74"
"10","016","00","003","0310","0000","225","172","53","5","230","723","0","31.81","23.79"
"10","016","00","003","0310","0083","225","172","53","5","230","723","0","31.81","23.79"
"10","016","00","003","0311","0000","266","211","55","23","289","774","0","37.34","27.26"
"10","016","00","003","0311","0084","266","211","55","23","289","774","0","37.34","27.26"
"10","016","00","003","0312","0000","482","398","84","36","518","1429","0","36.25","27.85"
"10","016","00","003","0312","0085","482","398","84","36","518","1429","0","36.25","27.85"
"10","016","00","003","0313","0000","478","410","68","30","508","1084","0","46.86","37.82"
"10","016","00","003","0313","0086","478","410","68","30","508","1084","0","46.86","37.82"
"10","016","00","003","0314","0000","122","99","23","5","127","251","0","50.6","39.44"
"10","016","00","003","0314","0087","122","99","23","5","127","251","0","50.6","39.44"
"10","016","00","003","0315","0000","82","60","22","9","91","253","0","35.97","23.72"
"10","016","00","003","0315","0088","82","60","22","9","91","253","0","35.97","23.72"
"10","016","00","004","0000","0000","2356","1842","514","222","2578","7382","8396","34.92","24.95"
"10","016","00","004","0401","0000","53","45","8","0","53","283","0","18.73","15.9"
"10","016","00","004","0401","0089","53","45","8","0","53","283","0","18.73","15.9"
"10","016","00","004","0402","0000","111","85","26","10","121","424","0","28.54","20.05"
"10","016","00","004","0402","0090","111","85","26","10","121","424","0","28.54","20.05"
"10","016","00","004","0403","0000","101","70","31","9","110","282","0","39.01","24.82"
"10","016","00","004","0403","0092","101","70","31","9","110","282","0","39.01","24.82"
"10","016","00","004","0404","0000","262","207","55","30","292","826","0","35.35","25.06"
"10","016","00","004","0404","0091","262","207","55","30","292","826","0","35.35","25.06"
"10","016","00","004","0405","0000","241","174","67","23","264","661","0","39.94","26.32"
"10","016","00","004","0405","0093","241","174","67","23","264","661","0","39.94","26.32"
"10","016","00","004","0406","0000","29","21","8","2","31","141","0","21.99","14.89"
"10","016","00","004","0406","0094","29","21","8","2","31","141","0","21.99","14.89"
"10","016","00","004","0407","0000","201","164","37","6","207","635","0","32.6","25.83"
"10","016","00","004","0407","0095","201","164","37","6","207","635","0","32.6","25.83"
"10","016","00","004","0408","0000","72","63","9","3","75","216","0","34.72","29.17"
"10","016","00","004","0408","0096","72","63","9","3","75","216","0","34.72","29.17"
"10","016","00","004","0409","0000","132","109","23","14","146","572","0","25.52","19.06"
"10","016","00","004","0409","0097","132","109","23","14","146","572","0","25.52","19.06"
"10","016","00","004","0410","0000","459","373","86","60","519","1267","0","40.96","29.44"
"10","016","00","004","0410","0098","459","373","86","60","519","1267","0","40.96","29.44"
"10","016","00","004","0411","0000","695","531","164","65","760","2075","0","36.63","25.59"
"10","016","00","004","0411","0099","290","239","51","20","310","942","0","32.91","25.37"
"10","016","00","004","0411","0100","405","292","113","45","450","1133","0","39.72","25.77"
"10","016","00","005","0000","0000","1830","1434","396","81","1911","4628","5237","41.29","30.99"
"10","016","00","005","0501","0000","311","231","80","20","331","734","0","45.1","31.47"
"10","016","00","005","0501","0101","311","231","80","20","331","734","0","45.1","31.47"
"10","016","00","005","0502","0000","184","159","25","6","190","454","0","41.85","35.02"
"10","016","00","005","0502","0102","184","159","25","6","190","454","0","41.85","35.02"
"10","016","00","005","0503","0000","108","84","24","6","114","300","0","38.0","28.0"
"10","016","00","005","0503","0103","108","84","24","6","114","300","0","38.0","28.0"
"10","016","00","005","0504","0000","218","172","46","20","238","471","0","50.53","36.52"
"10","016","00","005","0504","0104","218","172","46","20","238","471","0","50.53","36.52"
"10","016","00","005","0505","0000","543","432","111","16","559","1414","0","39.53","30.55"
"10","016","00","005","0505","0105","236","182","54","9","245","672","0","36.46","27.08"
"10","016","00","005","0505","0106","307","250","57","7","314","742","0","42.32","33.69"
"10","016","00","005","0506","0000","208","151","57","4","212","476","0","44.54","31.72"
"10","016","00","005","0506","0108","208","151","57","4","212","476","0","44.54","31.72"
"10","016","00","005","0507","0000","61","41","20","4","65","208","0","31.25","19.71"
"10","016","00","005","0507","0109","61","41","20","4","65","208","0","31.25","19.71"
"10","016","00","005","0508","0000","109","92","17","2","111","264","0","42.05","34.85"
"10","016","00","005","0508","0107","109","92","17","2","111","264","0","42.05","34.85"
"10","016","00","005","0509","0000","88","72","16","3","91","307","0","29.64","23.45"
"10","016","00","005","0509","0110","88","72","16","3","91","307","0","29.64","23.45"
"10","016","00","006","0000","0000","986","727","259","42","1028","3374","3855","30.47","21.55"
"10","016","00","006","0601","0000","65","48","17","3","68","248","0","27.42","19.35"
"10","016","00","006","0601","0111","65","48","17","3","68","248","0","27.42","19.35"
"10","016","00","006","0602","0000","196","145","51","8","204","581","0","35.11","24.96"
"10","016","00","006","0602","0112","196","145","51","8","204","581","0","35.11","24.96"
"10","016","00","006","0603","0000","210","140","70","18","228","641","0","35.57","21.84"
"10","016","00","006","0603","0113","210","140","70","18","228","641","0","35.57","21.84"
"10","016","00","006","0604","0000","118","95","23","3","121","382","0","31.68","24.87"
"10","016","00","006","0604","0114","118","95","23","3","121","382","0","31.68","24.87"
"10","016","00","006","0605","0000","81","61","20","4","85","351","0","24.22","17.38"
"10","016","00","006","0605","0115","81","61","20","4","85","351","0","24.22","17.38"
"10","016","00","006","0606","0000","316","238","78","6","322","1171","0","27.5","20.32"
"10","016","00","006","0606","0116","316","238","78","6","322","1171","0","27.5","20.32"
"10","017","00","000","0000","0000","160864","116173","44691","6056","166920","320030","370269","52.16","36.3"
"10","017","00","001","0000","0000","20780","15445","5335","966","21746","45545","51716","47.75","33.91"
"10","017","00","001","0101","0000","419","308","111","26","445","709","0","62.76","43.44"
"10","017","00","001","0101","0035","419","308","111","26","445","709","0","62.76","43.44"
"10","017","00","001","0102","0000","605","434","171","38","643","1219","0","52.75","35.6"
"10","017","00","001","0102","0033","605","434","171","38","643","1219","0","52.75","35.6"
"10","017","00","001","0103","0000","445","320","125","29","474","904","0","52.43","35.4"
"10","017","00","001","0103","0034","445","320","125","29","474","904","0","52.43","35.4"
"10","017","00","001","0104","0000","516","373","143","36","552","1037","0","53.23","35.97"
"10","017","00","001","0104","0032","516","373","143","36","552","1037","0","53.23","35.97"
"10","017","00","001","0105","0000","653","491","162","29","682","1210","0","56.36","40.58"
"10","017","00","001","0105","0031","653","491","162","29","682","1210","0","56.36","40.58"
"10","017","00","001","0106","0000","578","412","166","45","623","1175","0","53.02","35.06"
"10","017","00","001","0106","0030","578","412","166","45","623","1175","0","53.02","35.06"
"10","017","00","001","0107","0000","587","438","149","36","623","1267","0","49.17","34.57"
"10","017","00","001","0107","0029","587","438","149","36","623","1267","0","49.17","34.57"
"10","017","00","001","0108","0000","393","292","101","36","429","802","0","53.49","36.41"
"10","017","00","001","0108","0028","393","292","101","36","429","802","0","53.49","36.41"
"10","017","00","001","0109","0000","630","453","177","23","653","1594","0","40.97","28.42"
"10","017","00","001","0109","0027","630","453","177","23","653","1594","0","40.97","28.42"
"10","017","00","001","0110","0000","1105","814","291","40","1145","2316","0","49.44","35.15"
"10","017","00","001","0110","0025","445","339","106","24","469","859","0","54.6","39.46"
"10","017","00","001","0110","0026","660","475","185","16","676","1457","0","46.4","32.6"
"10","017","00","001","0111","0000","691","515","176","46","737","1341","0","54.96","38.4"
"10","017","00","001","0111","0024","691","515","176","46","737","1341","0","54.96","38.4"
"10","017","00","001","0112","0000","923","688","235","74","997","2000","0","49.85","34.4"
"10","017","00","001","0112","0022","541","392","149","35","576","1138","0","50.62","34.45"
"10","017","00","001","0112","0023","382","296","86","39","421","862","0","48.84","34.34"
"10","017","00","001","0113","0000","1025","783","242","35","1060","1960","0","54.08","39.95"
"10","017","00","001","0113","0020","571","438","133","18","589","1090","0","54.04","40.18"
"10","017","00","001","0113","0021","454","345","109","17","471","870","0","54.14","39.66"
"10","017","00","001","0114","0000","615","451","164","21","636","1270","0","50.08","35.51"
"10","017","00","001","0114","0019","615","451","164","21","636","1270","0","50.08","35.51"
"10","017","00","001","0115","0000","550","448","102","21","571","1166","0","48.97","38.42"
"10","017","00","001","0115","0016","550","448","102","21","571","1166","0","48.97","38.42"
"10","017","00","001","0116","0000","842","619","223","52","894","1753","0","51.0","35.31"
"10","017","00","001","0116","0014","842","619","223","52","894","1753","0","51.0","35.31"
"10","017","00","001","0117","0000","429","320","109","18","447","984","0","45.43","32.52"
"10","017","00","001","0117","0015","429","320","109","18","447","984","0","45.43","32.52"
"10","017","00","001","0118","0000","574","434","140","27","601","1261","0","47.66","34.42"
"10","017","00","001","0118","0013","574","434","140","27","601","1261","0","47.66","34.42"
"10","017","00","001","0119","0000","634","478","156","37","671","1474","0","45.52","32.43"
"10","017","00","001","0119","0005","634","478","156","37","671","1474","0","45.52","32.43"
"10","017","00","001","0120","0000","523","390","133","37","560","1271","0","44.06","30.68"
"10","017","00","001","0120","0006","523","390","133","37","560","1271","0","44.06","30.68"
"10","017","00","001","0121","0000","249","190","59","12","261","466","0","56.01","40.77"
"10","017","00","001","0121","0001","249","190","59","12","261","466","0","56.01","40.77"
"10","017","00","001","0122","0000","2132","1573","559","67","2199","5256","0","41.84","29.93"
"10","017","00","001","0122","0002","544","408","136","14","558","1262","0","44.22","32.33"
"10","017","00","001","0122","0003","520","384","136","40","560","1171","0","47.82","32.79"
"10","017","00","001","0122","0004","1068","781","287","13","1081","2823","0","38.29","27.67"
"10","017","00","001","0123","0000","620","419","201","20","640","1694","0","37.78","24.73"
"10","017","00","001","0123","0018","620","419","201","20","640","1694","0","37.78","24.73"
"10","017","00","001","0124","0000","447","322","125","29","476","973","0","48.92","33.09"
"10","017","00","001","0124","0017","447","322","125","29","476","973","0","48.92","33.09"
"10","017","00","001","0125","0000","2412","1824","588","58","2470","5430","0","45.49","33.59"
"10","017","00","001","0125","0010","639","443","196","19","658","1352","0","48.67","32.77"
"10","017","00","001","0125","0011","649","578","71","13","662","1413","0","46.85","40.91"
"10","017","00","001","0125","0012","1124","803","321","26","1150","2665","0","43.15","30.13"
"10","017","00","001","0126","0000","2183","1656","527","74","2257","5013","0","45.02","33.03"
"10","017","00","001","0126","0007","1149","856","293","31","1180","2707","0","43.59","31.62"
"10","017","00","001","0126","0008","722","557","165","31","753","1545","0","48.74","36.05"
"10","017","00","001","0126","0009","312","243","69","12","324","761","0","42.58","31.93"
"10","017","00","002","0000","0000","23736","17231","6505","917","24653","46256","53819","53.3","37.25"
"10","017","00","002","0201","0000","1988","1486","502","70","2058","3754","0","54.82","39.58"
"10","017","00","002","0201","0219","670","527","143","33","703","1258","0","55.88","41.89"
"10","017","00","002","0201","0220","665","499","166","20","685","1237","0","55.38","40.34"
"10","017","00","002","0201","0221","653","460","193","17","670","1259","0","53.22","36.54"
"10","017","00","002","0202","0000","1155","851","304","67","1222","2464","0","49.59","34.54"
"10","017","00","002","0202","0222","534","389","145","44","578","1120","0","51.61","34.73"
"10","017","00","002","0202","0223","621","462","159","23","644","1344","0","47.92","34.38"
"10","017","00","002","0203","0000","1947","1442","505","69","2016","3568","0","56.5","40.41"
"10","017","00","002","0203","0226","940","709","231","38","978","1735","0","56.37","40.86"
"10","017","00","002","0203","0227","1007","733","274","31","1038","1833","0","56.63","39.99"
"10","017","00","002","0204","0000","1071","786","285","40","1111","1900","0","58.47","41.37"
"10","017","00","002","0204","0228","520","386","134","17","537","938","0","57.25","41.15"
"10","017","00","002","0204","0229","551","400","151","23","574","962","0","59.67","41.58"
"10","017","00","002","0205","0000","1217","898","319","40","1257","2190","0","57.4","41.0"
"10","017","00","002","0205","0230","660","473","187","22","682","1191","0","57.26","39.71"
"10","017","00","002","0205","0231","557","425","132","18","575","999","0","57.56","42.54"
"10","017","00","002","0206","0000","749","534","215","30","779","1525","0","51.08","35.02"
"10","017","00","002","0206","0232","135","98","37","4","139","282","0","49.29","34.75"
"10","017","00","002","0206","0233","614","436","178","26","640","1243","0","51.49","35.08"
"10","017","00","002","0207","0000","552","404","148","30","582","1092","0","53.3","37.0"
"10","017","00","002","0207","0234","552","404","148","30","582","1092","0","53.3","37.0"
"10","017","00","002","0208","0000","1129","833","296","35","1164","2260","0","51.5","36.86"
"10","017","00","002","0208","0238","478","374","104","10","488","975","0","50.05","38.36"
"10","017","00","002","0208","0239","651","459","192","25","676","1285","0","52.61","35.72"
"10","017","00","002","0209","0000","2168","1591","577","87","2255","4286","0","52.61","37.12"
"10","017","00","002","0209","0235","636","472","164","35","671","1246","0","53.85","37.88"
"10","017","00","002","0209","0236","839","599","240","28","867","1722","0","50.35","34.79"
"10","017","00","002","0209","0237","693","520","173","24","717","1318","0","54.4","39.45"
"10","017","00","002","0210","0000","1777","1256","521","92","1869","3463","0","53.97","36.27"
"10","017","00","002","0210","0244","913","638","275","51","964","1774","0","54.34","35.96"
"10","017","00","002","0210","0245","864","618","246","41","905","1689","0","53.58","36.59"
"10","017","00","002","0211","0000","940","685","255","52","992","2066","0","48.02","33.16"
"10","017","00","002","0211","0240","490","353","137","31","521","1077","0","48.38","32.78"
"10","017","00","002","0211","0241","450","332","118","21","471","989","0","47.62","33.57"
"10","017","00","002","0212","0000","226","159","67","9","235","428","0","54.91","37.15"
"10","017","00","002","0212","0253","226","159","67","9","235","428","0","54.91","37.15"
"10","017","00","002","0213","0000","185","142","43","15","200","326","0","61.35","43.56"
"10","017","00","002","0213","0254","185","142","43","15","200","326","0","61.35","43.56"
"10","017","00","002","0214","0000","242","191","51","9","251","351","0","71.51","54.42"
"10","017","00","002","0214","0255","242","191","51","9","251","351","0","71.51","54.42"
"10","017","00","002","0215","0000","877","627","250","18","895","1871","0","47.84","33.51"
"10","017","00","002","0215","0256","877","627","250","18","895","1871","0","47.84","33.51"
"10","017","00","002","0216","0000","227","181","46","8","235","448","0","52.46","40.4"
"10","017","00","002","0216","0257","227","181","46","8","235","448","0","52.46","40.4"
"10","017","00","002","0217","0000","1086","801","285","37","1123","1936","0","58.01","41.37"
"10","017","00","002","0217","0224","594","442","152","25","619","1011","0","61.23","43.72"
"10","017","00","002","0217","0225","492","359","133","12","504","925","0","54.49","38.81"
"10","017","00","002","0218","0000","2972","2032","940","91","3063","6059","0","50.55","33.54"
"10","017","00","002","0218","0246","663","381","282","29","692","1355","0","51.07","28.12"
"10","017","00","002","0218","0247","737","498","239","32","769","1512","0","50.86","32.94"
"10","017","00","002","0218","0248","717","530","187","14","731","1486","0","49.19","35.67"
"10","017","00","002","0218","0249","855","623","232","16","871","1706","0","51.06","36.52"
"10","017","00","002","0219","0000","2057","1489","568","69","2126","3803","0","55.9","39.15"
"10","017","00","002","0219","0250","729","542","187","29","758","1384","0","54.77","39.16"
"10","017","00","002","0219","0251","613","433","180","20","633","1045","0","60.57","41.44"
"10","017","00","002","0219","0252","715","514","201","20","735","1374","0","53.49","37.41"
"10","017","00","002","0220","0000","1171","843","328","49","1220","2466","0","49.47","34.18"
"10","017","00","002","0220","0242","584","431","153","17","601","1193","0","50.38","36.13"
"10","017","00","002","0220","0243","587","412","175","32","619","1273","0","48.63","32.36"
"10","017","00","003","0000","0000","17190","12321","4869","517","17707","33225","38606","53.29","37.08"
"10","017","00","003","0301","0000","685","490","195","24","709","1431","0","49.55","34.24"
"10","017","00","003","0301","0191","685","490","195","24","709","1431","0","49.55","34.24"
"10","017","00","003","0302","0000","347","252","95","16","363","637","0","56.99","39.56"
"10","017","00","003","0302","0193","347","252","95","16","363","637","0","56.99","39.56"
"10","017","00","003","0303","0000","423","304","119","20","443","735","0","60.27","41.36"
"10","017","00","003","0303","0194","423","304","119","20","443","735","0","60.27","41.36"
"10","017","00","003","0304","0000","1782","1284","498","64","1846","3641","0","50.7","35.27"
"10","017","00","003","0304","0195","510","398","112","19","529","1078","0","49.07","36.92"
"10","017","00","003","0304","0196","610","419","191","27","637","1238","0","51.45","33.84"
"10","017","00","003","0304","0197","662","467","195","18","680","1325","0","51.32","35.25"
"10","017","00","003","0305","0000","1408","1044","364","46","1454","2626","0","55.37","39.76"
"10","017","00","003","0305","0206","717","518","199","19","736","1267","0","58.09","40.88"
"10","017","00","003","0305","0207","691","526","165","27","718","1359","0","52.83","38.7"
"10","017","00","003","0306","0000","1553","1094","459","48","1601","2916","0","54.9","37.52"
"10","017","00","003","0306","0208","551","431","120","23","574","970","0","59.18","44.43"
"10","017","00","003","0306","0209","522","330","192","12","534","1002","0","53.29","32.93"
"10","017","00","003","0306","0210","480","333","147","13","493","944","0","52.22","35.28"
"10","017","00","003","0307","0000","1300","1023","277","45","1345","2553","0","52.68","40.07"
"10","017","00","003","0307","0200","645","459","186","17","662","1110","0","59.64","41.35"
"10","017","00","003","0307","0201","655","564","91","28","683","1443","0","47.33","39.09"
"10","017","00","003","0308","0000","1336","926","410","37","1373","2654","0","51.73","34.89"
"10","017","00","003","0308","0198","772","532","240","23","795","1475","0","53.9","36.07"
"10","017","00","003","0308","0199","564","394","170","14","578","1179","0","49.02","33.42"
"10","017","00","003","0309","0000","213","152","61","14","227","415","0","54.7","36.63"
"10","017","00","003","0309","0202","213","152","61","14","227","415","0","54.7","36.63"
"10","017","00","003","0310","0000","2382","1671","711","84","2466","4551","0","54.19","36.72"
"10","017","00","003","0310","0203","683","465","218","15","698","1378","0","50.65","33.74"
"10","017","00","003","0310","0204","801","569","232","25","826","1570","0","52.61","36.24"
"10","017","00","003","0310","0205","898","637","261","44","942","1603","0","58.76","39.74"
"10","017","00","003","0311","0000","236","186","50","6","242","456","0","53.07","40.79"
"10","017","00","003","0311","0192","236","186","50","6","242","456","0","53.07","40.79"
"10","017","00","003","0312","0000","2677","1877","800","53","2730","4893","0","55.79","38.36"
"10","017","00","003","0312","0215","722","498","224","18","740","1328","0","55.72","37.5"
"10","017","00","003","0312","0216","618","457","161","11","629","1173","0","53.62","38.96"
"10","017","00","003","0312","0217","592","388","204","15","607","1019","0","59.57","38.08"
"10","017","00","003","0312","0218","745","534","211","9","754","1373","0","54.92","38.89"
"10","017","00","003","0313","0000","2848","2018","830","60","2908","5717","0","50.87","35.3"
"10","017","00","003","0313","0211","830","582","248","17","847","1500","0","56.47","38.8"
"10","017","00","003","0313","0212","589","436","153","10","599","1442","0","41.54","30.24"
"10","017","00","003","0313","0213","624","437","187","10","634","1165","0","54.42","37.51"
"10","017","00","003","0313","0214","805","563","242","23","828","1610","0","51.43","34.97"
"10","017","00","004","0000","0000","18887","13703","5184","879","19766","36738","43950","53.8","37.3"
"10","017","00","004","0401","0000","800","600","200","51","851","1782","0","47.76","33.67"
"10","017","00","004","0401","0072","800","600","200","51","851","1782","0","47.76","33.67"
"10","017","00","004","0402","0000","525","370","155","24","549","1055","0","52.04","35.07"
"10","017","00","004","0402","0073","525","370","155","24","549","1055","0","52.04","35.07"
"10","017","00","004","0403","0000","731","522","209","19","750","1558","0","48.14","33.5"
"10","017","00","004","0403","0074","731","522","209","19","750","1558","0","48.14","33.5"
"10","017","00","004","0404","0000","878","663","215","28","906","1736","0","52.19","38.19"
"10","017","00","004","0404","0075","878","663","215","28","906","1736","0","52.19","38.19"
"10","017","00","004","0405","0000","1305","977","328","55","1360","2352","0","57.82","41.54"
"10","017","00","004","0405","0076","708","530","178","25","733","1243","0","58.97","42.64"
"10","017","00","004","0405","0077","597","447","150","30","627","1109","0","56.54","40.31"
"10","017","00","004","0406","0000","934","689","245","32","966","1684","0","57.36","40.91"
"10","017","00","004","0406","0078","934","689","245","32","966","1684","0","57.36","40.91"
"10","017","00","004","0407","0000","491","338","153","20","511","919","0","55.6","36.78"
"10","017","00","004","0407","0079","491","338","153","20","511","919","0","55.6","36.78"
"10","017","00","004","0408","0000","505","335","170","11","516","991","0","52.07","33.8"
"10","017","00","004","0408","0080","505","335","170","11","516","991","0","52.07","33.8"
"10","017","00","004","0409","0000","483","357","126","8","491","876","0","56.05","40.75"
"10","017","00","004","0409","0081","483","357","126","8","491","876","0","56.05","40.75"
"10","017","00","004","0410","0000","836","611","225","39","875","1480","0","59.12","41.28"
"10","017","00","004","0410","0082","584","425","159","28","612","1046","0","58.51","40.63"
"10","017","00","004","0410","0083","252","186","66","11","263","434","0","60.6","42.86"
"10","017","00","004","0411","0000","424","315","109","30","454","764","0","59.42","41.23"
"10","017","00","004","0411","0084","424","315","109","30","454","764","0","59.42","41.23"
"10","017","00","004","0412","0000","489","344","145","18","507","968","0","52.38","35.54"
"10","017","00","004","0412","0085","489","344","145","18","507","968","0","52.38","35.54"
"10","017","00","004","0413","0000","1191","875","316","67","1258","2641","0","47.63","33.13"
"10","017","00","004","0413","0086","646","471","175","40","686","1326","0","51.73","35.52"
"10","017","00","004","0413","0087","545","404","141","27","572","1315","0","43.5","30.72"
"10","017","00","004","0414","0000","434","323","111","17","451","775","0","58.19","41.68"
"10","017","00","004","0414","0088","434","323","111","17","451","775","0","58.19","41.68"
"10","017","00","004","0415","0000","711","514","197","44","755","1326","0","56.94","38.76"
"10","017","00","004","0415","0089","349","251","98","27","376","652","0","57.67","38.5"
"10","017","00","004","0415","0090","362","263","99","17","379","674","0","56.23","39.02"
"10","017","00","004","0416","0000","386","284","102","26","412","789","0","52.22","35.99"
"10","017","00","004","0416","0091","386","284","102","26","412","789","0","52.22","35.99"
"10","017","00","004","0417","0000","860","636","224","40","900","1715","0","52.48","37.08"
"10","017","00","004","0417","0092","860","636","224","40","900","1715","0","52.48","37.08"
"10","017","00","004","0418","0000","429","304","125","33","462","849","0","54.42","35.81"
"10","017","00","004","0418","0093","429","304","125","33","462","849","0","54.42","35.81"
"10","017","00","004","0419","0000","477","354","123","13","490","875","0","56.0","40.46"
"10","017","00","004","0419","0094","477","354","123","13","490","875","0","56.0","40.46"
"10","017","00","004","0420","0000","409","291","118","26","435","851","0","51.12","34.2"
"10","017","00","004","0420","0095","409","291","118","26","435","851","0","51.12","34.2"
"10","017","00","004","0421","0000","413","301","112","14","427","735","0","58.1","40.95"
"10","017","00","004","0421","0096","413","301","112","14","427","735","0","58.1","40.95"
"10","017","00","004","0422","0000","508","365","143","30","538","1009","0","53.32","36.17"
"10","017","00","004","0422","0097","508","365","143","30","538","1009","0","53.32","36.17"
"10","017","00","004","0423","0000","507","364","143","33","540","1082","0","49.91","33.64"
"10","017","00","004","0423","0098","507","364","143","33","540","1082","0","49.91","33.64"
"10","017","00","004","0424","0000","1477","1065","412","65","1542","2797","0","55.13","38.08"
"10","017","00","004","0424","0099","622","447","175","42","664","1278","0","51.96","34.98"
"10","017","00","004","0424","0100","855","618","237","23","878","1519","0","57.8","40.68"
"10","017","00","004","0425","0000","360","254","106","21","381","708","0","53.81","35.88"
"10","017","00","004","0425","0103","360","254","106","21","381","708","0","53.81","35.88"
"10","017","00","004","0426","0000","338","242","96","17","355","567","0","62.61","42.68"
"10","017","00","004","0426","0104","338","242","96","17","355","567","0","62.61","42.68"
"10","017","00","004","0427","0000","382","253","129","34","416","751","0","55.39","33.69"
"10","017","00","004","0427","0105","382","253","129","34","416","751","0","55.39","33.69"
"10","017","00","004","0428","0000","338","228","110","17","355","589","0","60.27","38.71"
"10","017","00","004","0428","0106","338","228","110","17","355","589","0","60.27","38.71"
"10","017","00","004","0429","0000","1266","929","337","47","1313","2514","0","52.23","36.95"
"10","017","00","004","0429","0101","587","417","170","19","606","1336","0","45.36","31.21"
"10","017","00","004","0429","0102","679","512","167","28","707","1178","0","60.02","43.46"
"10","017","00","005","0000","0000","21040","15249","5791","835","21875","41856","47428","52.26","36.43"
"10","017","00","005","0501","0000","398","292","106","22","420","796","0","52.76","36.68"
"10","017","00","005","0501","0107","398","292","106","22","420","796","0","52.76","36.68"
"10","017","00","005","0502","0000","617","468","149","27","644","1036","0","62.16","45.17"
"10","017","00","005","0502","0108","617","468","149","27","644","1036","0","62.16","45.17"
"10","017","00","005","0503","0000","424","325","99","17","441","756","0","58.33","42.99"
"10","017","00","005","0503","0109","424","325","99","17","441","756","0","58.33","42.99"
"10","017","00","005","0504","0000","458","308","150","17","475","957","0","49.63","32.18"
"10","017","00","005","0504","0110","458","308","150","17","475","957","0","49.63","32.18"
"10","017","00","005","0505","0000","421","309","112","7","428","802","0","53.37","38.53"
"10","017","00","005","0505","0111","421","309","112","7","428","802","0","53.37","38.53"
"10","017","00","005","0506","0000","946","471","475","35","981","1263","0","77.67","37.29"
"10","017","00","005","0506","0112","946","471","475","35","981","1263","0","77.67","37.29"
"10","017","00","005","0507","0000","435","320","115","14","449","778","0","57.71","41.13"
"10","017","00","005","0507","0113","435","320","115","14","449","778","0","57.71","41.13"
"10","017","00","005","0508","0000","598","451","147","68","666","1180","0","56.44","38.22"
"10","017","00","005","0508","0114","598","451","147","68","666","1180","0","56.44","38.22"
"10","017","00","005","0509","0000","458","343","115","24","482","990","0","48.69","34.65"
"10","017","00","005","0509","0115","458","343","115","24","482","990","0","48.69","34.65"
"10","017","00","005","0510","0000","543","398","145","29","572","1332","0","42.94","29.88"
"10","017","00","005","0510","0116","543","398","145","29","572","1332","0","42.94","29.88"
"10","017","00","005","0511","0000","820","598","222","42","862","1770","0","48.7","33.79"
"10","017","00","005","0511","0117","381","268","113","26","407","848","0","48.0","31.6"
"10","017","00","005","0511","0118","439","330","109","16","455","922","0","49.35","35.79"
"10","017","00","005","0512","0000","705","490","215","19","724","1584","0","45.71","30.93"
"10","017","00","005","0512","0122","705","490","215","19","724","1584","0","45.71","30.93"
"10","017","00","005","0513","0000","480","365","115","16","496","1319","0","37.6","27.67"
"10","017","00","005","0513","0123","480","365","115","16","496","1319","0","37.6","27.67"
"10","017","00","005","0514","0000","272","224","48","19","291","574","0","50.7","39.02"
"10","017","00","005","0514","0120","272","224","48","19","291","574","0","50.7","39.02"
"10","017","00","005","0515","0000","430","305","125","25","455","877","0","51.88","34.78"
"10","017","00","005","0515","0121","430","305","125","25","455","877","0","51.88","34.78"
"10","017","00","005","0516","0000","397","265","132","25","422","715","0","59.02","37.06"
"10","017","00","005","0516","0141","397","265","132","25","422","715","0","59.02","37.06"
"10","017","00","005","0517","0000","495","384","111","24","519","849","0","61.13","45.23"
"10","017","00","005","0517","0140","495","384","111","24","519","849","0","61.13","45.23"
"10","017","00","005","0518","0000","466","363","103","15","481","932","0","51.61","38.95"
"10","017","00","005","0518","0139","466","363","103","15","481","932","0","51.61","38.95"
"10","017","00","005","0519","0000","712","509","203","50","762","1642","0","46.41","31.0"
"10","017","00","005","0519","0138","712","509","203","50","762","1642","0","46.41","31.0"
"10","017","00","005","0520","0000","2868","2053","815","82","2950","5387","0","54.76","38.11"
"10","017","00","005","0520","0126","1109","794","315","29","1138","2088","0","54.5","38.03"
"10","017","00","005","0520","0127","1022","711","311","22","1044","1946","0","53.65","36.54"
"10","017","00","005","0520","0128","737","548","189","31","768","1353","0","56.76","40.5"
"10","017","00","005","0521","0000","2890","2207","683","107","2997","5560","0","53.9","39.69"
"10","017","00","005","0521","0129","672","607","65","33","705","1317","0","53.53","46.09"
"10","017","00","005","0521","0130","474","332","142","21","495","870","0","56.9","38.16"
"10","017","00","005","0521","0131","694","510","184","23","717","1322","0","54.24","38.58"
"10","017","00","005","0521","0132","607","425","182","13","620","1295","0","47.88","32.82"
"10","017","00","005","0521","0133","443","333","110","17","460","756","0","60.85","44.05"
"10","017","00","005","0522","0000","1850","1299","551","58","1908","3815","0","50.01","34.05"
"10","017","00","005","0522","0124","960","698","262","38","998","1938","0","51.5","36.02"
"10","017","00","005","0522","0125","890","601","289","20","910","1877","0","48.48","32.02"
"10","017","00","005","0523","0000","258","203","55","14","272","459","0","59.26","44.23"
"10","017","00","005","0523","0119","258","203","55","14","272","459","0","59.26","44.23"
"10","017","00","005","0524","0000","3099","2299","800","79","3178","6483","0","49.02","35.46"
"10","017","00","005","0524","0134","723","518","205","19","742","1602","0","46.32","32.33"
"10","017","00","005","0524","0135","739","546","193","15","754","1568","0","48.09","34.82"
"10","017","00","005","0524","0136","713","524","189","25","738","1404","0","52.56","37.32"
"10","017","00","005","0524","0137","924","711","213","20","944","1909","0","49.45","37.24"
"10","017","00","006","0000","0000","35616","25328","10288","1183","36799","70396","82263","52.27","35.98"
"10","017","00","006","0601","0000","588","462","126","19","607","1213","0","50.04","38.09"
"10","017","00","006","0601","0143","588","462","126","19","607","1213","0","50.04","38.09"
"10","017","00","006","0602","0000","458","356","102","12","470","1026","0","45.81","34.7"
"10","017","00","006","0602","0144","458","356","102","12","470","1026","0","45.81","34.7"
"10","017","00","006","0603","0000","620","497","123","46","666","1361","0","48.93","36.52"
"10","017","00","006","0603","0142","620","497","123","46","666","1361","0","48.93","36.52"
"10","017","00","006","0604","0000","593","442","151","36","629","1038","0","60.6","42.58"
"10","017","00","006","0604","0145","593","442","151","36","629","1038","0","60.6","42.58"
"10","017","00","006","0605","0000","484","344","140","36","520","897","0","57.97","38.35"
"10","017","00","006","0605","0146","484","344","140","36","520","897","0","57.97","38.35"
"10","017","00","006","0606","0000","962","699","263","33","995","2042","0","48.73","34.23"
"10","017","00","006","0606","0147","724","521","203","25","749","1401","0","53.46","37.19"
"10","017","00","006","0606","0148","238","178","60","8","246","641","0","38.38","27.77"
"10","017","00","006","0607","0000","970","693","277","32","1002","1944","0","51.54","35.65"
"10","017","00","006","0607","0149","717","501","216","21","738","1472","0","50.14","34.04"
"10","017","00","006","0607","0150","253","192","61","11","264","472","0","55.93","40.68"
"10","017","00","006","0608","0000","1612","1159","453","64","1676","3250","0","51.57","35.66"
"10","017","00","006","0608","0153","945","684","261","30","975","1901","0","51.29","35.98"
"10","017","00","006","0608","0154","667","475","192","34","701","1349","0","51.96","35.21"
"10","017","00","006","0609","0000","494","368","126","12","506","841","0","60.17","43.76"
"10","017","00","006","0609","0151","494","368","126","12","506","841","0","60.17","43.76"
"10","017","00","006","0610","0000","294","205","89","19","313","571","0","54.82","35.9"
"10","017","00","006","0610","0152","294","205","89","19","313","571","0","54.82","35.9"
"10","017","00","006","0611","0000","1979","1447","532","62","2041","3922","0","52.04","36.89"
"10","017","00","006","0611","0179","1021","745","276","32","1053","1960","0","53.72","38.01"
"10","017","00","006","0611","0180","958","702","256","30","988","1962","0","50.36","35.78"
"10","017","00","006","0612","0000","816","574","242","33","849","1641","0","51.74","34.98"
"10","017","00","006","0612","0186","816","574","242","33","849","1641","0","51.74","34.98"
"10","017","00","006","0613","0000","2672","1891","781","104","2776","5289","0","52.49","35.75"
"10","017","00","006","0613","0187","638","476","162","25","663","1279","0","51.84","37.22"
"10","017","00","006","0613","0188","683","485","198","20","703","1360","0","51.69","35.66"
"10","017","00","006","0613","0189","728","495","233","38","766","1399","0","54.75","35.38"
"10","017","00","006","0613","0190","623","435","188","21","644","1251","0","51.48","34.77"
"10","017","00","006","0614","0000","1930","1395","535","62","1992","3946","0","50.48","35.35"
"10","017","00","006","0614","0181","1065","787","278","38","1103","2117","0","52.1","37.18"
"10","017","00","006","0614","0182","865","608","257","24","889","1829","0","48.61","33.24"
"10","017","00","006","0615","0000","1331","996","335","48","1379","2576","0","53.53","38.66"
"10","017","00","006","0615","0155","610","464","146","18","628","1225","0","51.27","37.88"
"10","017","00","006","0615","0156","721","532","189","30","751","1351","0","55.59","39.38"
"10","017","00","006","0616","0000","2609","1809","800","61","2670","4768","0","56.0","37.94"
"10","017","00","006","0616","0159","848","587","261","24","872","1613","0","54.06","36.39"
"10","017","00","006","0616","0160","931","660","271","19","950","1731","0","54.88","38.13"
"10","017","00","006","0616","0161","830","562","268","18","848","1424","0","59.55","39.47"
"10","017","00","006","0617","0000","1782","1296","486","78","1860","3485","0","53.37","37.19"
"10","017","00","006","0617","0162","888","666","222","33","921","1806","0","51.0","36.88"
"10","017","00","006","0617","0163","894","630","264","45","939","1679","0","55.93","37.52"
"10","017","00","006","0618","0000","2000","1285","715","54","2054","3942","0","52.11","32.6"
"10","017","00","006","0618","0164","995","685","310","24","1019","1902","0","53.58","36.01"
"10","017","00","006","0618","0165","1005","600","405","30","1035","2040","0","50.74","29.41"
"10","017","00","006","0619","0000","1290","932","358","52","1342","2556","0","52.5","36.46"
"10","017","00","006","0619","0166","680","489","191","34","714","1313","0","54.38","37.24"
"10","017","00","006","0619","0167","610","443","167","18","628","1243","0","50.52","35.64"
"10","017","00","006","0620","0000","1369","953","416","41","1410","2968","0","47.51","32.11"
"10","017","00","006","0620","0171","670","474","196","18","688","1557","0","44.19","30.44"
"10","017","00","006","0620","0172","699","479","220","23","722","1411","0","51.17","33.95"
"10","017","00","006","0621","0000","2270","1608","662","53","2323","4538","0","51.19","35.43"
"10","017","00","006","0621","0183","724","519","205","15","739","1529","0","48.33","33.94"
"10","017","00","006","0621","0184","921","634","287","29","950","1869","0","50.83","33.92"
"10","017","00","006","0621","0185","625","455","170","9","634","1140","0","55.61","39.91"
"10","017","00","006","0622","0000","1831","1216","615","61","1892","3319","0","57.01","36.64"
"10","017","00","006","0622","0168","870","608","262","33","903","1759","0","51.34","34.57"
"10","017","00","006","0622","0169","425","269","156","13","438","694","0","63.11","38.76"
"10","017","00","006","0622","0170","536","339","197","15","551","866","0","63.63","39.15"
"10","017","00","006","0623","0000","2148","1540","608","56","2204","4650","0","47.4","33.12"
"10","017","00","006","0623","0176","809","585","224","11","820","1673","0","49.01","34.97"
"10","017","00","006","0623","0177","541","398","143","21","562","1054","0","53.32","37.76"
"10","017","00","006","0623","0178","798","557","241","24","822","1923","0","42.75","28.97"
"10","017","00","006","0624","0000","2361","1623","738","54","2415","4499","0","53.68","36.07"
"10","017","00","006","0624","0173","874","597","277","18","892","1568","0","56.89","38.07"
"10","017","00","006","0624","0174","702","489","213","26","728","1400","0","52.0","34.93"
"10","017","00","006","0624","0175","785","537","248","10","795","1531","0","51.93","35.08"
"10","017","00","006","0625","0000","2153","1538","615","55","2208","4114","0","53.67","37.38"
"10","017","00","006","0625","0157","888","602","286","26","914","1601","0","57.09","37.6"
"10","017","00","006","0625","0158","1265","936","329","29","1294","2513","0","51.49","37.25"
"10","017","00","007","0000","0000","23615","16896","6719","759","24374","46014","52487","52.97","36.72"
"10","017","00","007","0701","0000","591","397","194","27","618","1096","0","56.39","36.22"
"10","017","00","007","0701","0036","591","397","194","27","618","1096","0","56.39","36.22"
"10","017","00","007","0702","0000","714","502","212","22","736","1232","0","59.74","40.75"
"10","017","00","007","0702","0037","714","502","212","22","736","1232","0","59.74","40.75"
"10","017","00","007","0703","0000","670","460","210","14","684","1184","0","57.77","38.85"
"10","017","00","007","0703","0038","670","460","210","14","684","1184","0","57.77","38.85"
"10","017","00","007","0704","0000","1280","948","332","57","1337","2321","0","57.6","40.84"
"10","017","00","007","0704","0039","636","482","154","31","667","1133","0","58.87","42.54"
"10","017","00","007","0704","0040","644","466","178","26","670","1188","0","56.4","39.23"
"10","017","00","007","0705","0000","405","299","106","22","427","725","0","58.9","41.24"
"10","017","00","007","0705","0041","405","299","106","22","427","725","0","58.9","41.24"
"10","017","00","007","0706","0000","687","499","188","37","724","1524","0","47.51","32.74"
"10","017","00","007","0706","0042","687","499","188","37","724","1524","0","47.51","32.74"
"10","017","00","007","0707","0000","397","273","124","16","413","736","0","56.11","37.09"
"10","017","00","007","0707","0043","397","273","124","16","413","736","0","56.11","37.09"
"10","017","00","007","0708","0000","782","580","202","24","806","1562","0","51.6","37.13"
"10","017","00","007","0708","0044","315","233","82","12","327","611","0","53.52","38.13"
"10","017","00","007","0708","0045","467","347","120","12","479","951","0","50.37","36.49"
"10","017","00","007","0709","0000","826","597","229","32","858","1616","0","53.09","36.94"
"10","017","00","007","0709","0046","826","597","229","32","858","1616","0","53.09","36.94"
"10","017","00","007","0710","0000","802","579","223","24","826","1516","0","54.49","38.19"
"10","017","00","007","0710","0047","802","579","223","24","826","1516","0","54.49","38.19"
"10","017","00","007","0711","0000","1082","768","314","33","1115","2118","0","52.64","36.26"
"10","017","00","007","0711","0048","532","396","136","21","553","1049","0","52.72","37.75"
"10","017","00","007","0711","0049","550","372","178","12","562","1069","0","52.57","34.8"
"10","017","00","007","0712","0000","914","670","244","23","937","1763","0","53.15","38.0"
"10","017","00","007","0712","0054","514","374","140","15","529","999","0","52.95","37.44"
"10","017","00","007","0712","0055","400","296","104","8","408","764","0","53.4","38.74"
"10","017","00","007","0713","0000","1723","1214","509","38","1761","3570","0","49.33","34.01"
"10","017","00","007","0713","0056","736","537","199","22","758","1555","0","48.75","34.53"
"10","017","00","007","0713","0057","987","677","310","16","1003","2015","0","49.78","33.6"
"10","017","00","007","0714","0000","1506","1071","435","52","1558","2837","0","54.92","37.75"
"10","017","00","007","0714","0058","703","512","191","21","724","1268","0","57.1","40.38"
"10","017","00","007","0714","0059","803","559","244","31","834","1569","0","53.15","35.63"
"10","017","00","007","0715","0000","683","488","195","21","704","1295","0","54.36","37.68"
"10","017","00","007","0715","0071","683","488","195","21","704","1295","0","54.36","37.68"
"10","017","00","007","0716","0000","2346","1623","723","81","2427","4113","0","59.01","39.46"
"10","017","00","007","0716","0050","409","294","115","15","424","727","0","58.32","40.44"
"10","017","00","007","0716","0051","540","381","159","17","557","929","0","59.96","41.01"
"10","017","00","007","0716","0052","669","461","208","23","692","1118","0","61.9","41.23"
"10","017","00","007","0716","0053","728","487","241","26","754","1339","0","56.31","36.37"
"10","017","00","007","0717","0000","1585","1202","383","53","1638","3780","0","43.33","31.8"
"10","017","00","007","0717","0069","837","631","206","33","870","2016","0","43.15","31.3"
"10","017","00","007","0717","0070","748","571","177","20","768","1764","0","43.54","32.37"
"10","017","00","007","0718","0000","1729","1251","478","43","1772","3461","0","51.2","36.15"
"10","017","00","007","0718","0060","935","661","274","25","960","1985","0","48.36","33.3"
"10","017","00","007","0718","0061","794","590","204","18","812","1476","0","55.01","39.97"
"10","017","00","007","0719","0000","1183","873","310","45","1228","2494","0","49.24","35.0"
"10","017","00","007","0719","0067","669","493","176","26","695","1485","0","46.8","33.2"
"10","017","00","007","0719","0068","514","380","134","19","533","1009","0","52.82","37.66"
"10","017","00","007","0720","0000","3710","2602","1108","95","3805","7071","0","53.81","36.8"
"10","017","00","007","0720","0062","817","539","278","24","841","1493","0","56.33","36.1"
"10","017","00","007","0720","0063","744","505","239","22","766","1249","0","61.33","40.43"
"10","017","00","007","0720","0064","771","555","216","19","790","1559","0","50.67","35.6"
"10","017","00","007","0720","0065","569","406","163","12","581","1168","0","49.74","34.76"
"10","017","00","007","0720","0066","809","597","212","18","827","1602","0","51.62","37.27"
"10","018","00","000","0000","0000","193546","135398","58148","7006","200552","351775","444775","57.01","38.49"
"10","018","00","001","0000","0000","91112","61929","29183","2981","94093","163757","215079","57.46","37.82"
"10","018","00","001","0101","0000","401","278","123","21","422","714","0","59.1","38.94"
"10","018","00","001","0101","0101","401","278","123","21","422","714","0","59.1","38.94"
"10","018","00","001","0102","0000","765","569","196","37","802","1396","0","57.45","40.76"
"10","018","00","001","0102","0103","765","569","196","37","802","1396","0","57.45","40.76"
"10","018","00","001","0103","0000","487","339","148","28","515","875","0","58.86","38.74"
"10","018","00","001","0103","0102","487","339","148","28","515","875","0","58.86","38.74"
"10","018","00","001","0104","0000","277","202","75","9","286","507","0","56.41","39.84"
"10","018","00","001","0104","0100","277","202","75","9","286","507","0","56.41","39.84"
"10","018","00","001","0105","0000","336","248","88","18","354","566","0","62.54","43.82"
"10","018","00","001","0105","0004","336","248","88","18","354","566","0","62.54","43.82"
"10","018","00","001","0106","0000","159","107","52","14","173","305","0","56.72","35.08"
"10","018","00","001","0106","0006","159","107","52","14","173","305","0","56.72","35.08"
"10","018","00","001","0107","0000","356","255","101","18","374","640","0","58.44","39.84"
"10","018","00","001","0107","0005","356","255","101","18","374","640","0","58.44","39.84"
"10","018","00","001","0108","0000","290","224","66","13","303","475","0","63.79","47.16"
"10","018","00","001","0108","0113","290","224","66","13","303","475","0","63.79","47.16"
"10","018","00","001","0109","0000","433","315","118","27","460","752","0","61.17","41.89"
"10","018","00","001","0109","0112","433","315","118","27","460","752","0","61.17","41.89"
"10","018","00","001","0110","0000","404","298","106","22","426","710","0","60.0","41.97"
"10","018","00","001","0110","0111","404","298","106","22","426","710","0","60.0","41.97"
"10","018","00","001","0111","0000","506","348","158","10","516","1512","0","34.13","23.02"
"10","018","00","001","0111","0001","506","348","158","10","516","1512","0","34.13","23.02"
"10","018","00","001","0112","0000","337","248","89","11","348","563","0","61.81","44.05"
"10","018","00","001","0112","0007","337","248","89","11","348","563","0","61.81","44.05"
"10","018","00","001","0113","0000","1710","1164","546","54","1764","3123","0","56.48","37.27"
"10","018","00","001","0113","0027","844","565","279","30","874","1573","0","55.56","35.92"
"10","018","00","001","0113","0028","866","599","267","24","890","1550","0","57.42","38.65"
"10","018","00","001","0114","0000","1615","1103","512","67","1682","2928","0","57.45","37.67"
"10","018","00","001","0114","0114","456","308","148","26","482","880","0","54.77","35.0"
"10","018","00","001","0114","0115","569","384","185","17","586","989","0","59.25","38.83"
"10","018","00","001","0114","0116","590","411","179","24","614","1059","0","57.98","38.81"
"10","018","00","001","0115","0000","793","535","258","56","849","1422","0","59.7","37.62"
"10","018","00","001","0115","0117","343","234","109","29","372","607","0","61.29","38.55"
"10","018","00","001","0115","0118","450","301","149","27","477","815","0","58.53","36.93"
"10","018","00","001","0116","0000","2799","1889","910","101","2900","5524","0","52.5","34.2"
"10","018","00","001","0116","0104","660","460","200","29","689","1232","0","55.93","37.34"
"10","018","00","001","0116","0105","684","435","249","34","718","1323","0","54.27","32.88"
"10","018","00","001","0116","0106","730","510","220","16","746","1516","0","49.21","33.64"
"10","018","00","001","0116","0107","725","484","241","22","747","1453","0","51.41","33.31"
"10","018","00","001","0117","0000","980","638","342","27","1007","1682","0","59.87","37.93"
"10","018","00","001","0117","0002","573","368","205","13","586","953","0","61.49","38.61"
"10","018","00","001","0117","0003","407","270","137","14","421","729","0","57.75","37.04"
"10","018","00","001","0118","0000","2468","1725","743","67","2535","4456","0","56.89","38.71"
"10","018","00","001","0118","0010","856","574","282","28","884","1615","0","54.74","35.54"
"10","018","00","001","0118","0011","722","507","215","26","748","1287","0","58.12","39.39"
"10","018","00","001","0118","0012","890","644","246","13","903","1554","0","58.11","41.44"
"10","018","00","001","0119","0000","2366","1608","758","82","2448","4162","0","58.82","38.64"
"10","018","00","001","0119","0013","805","548","257","19","824","1388","0","59.37","39.48"
"10","018","00","001","0119","0014","837","570","267","31","868","1419","0","61.17","40.17"
"10","018","00","001","0119","0015","724","490","234","32","756","1355","0","55.79","36.16"
"10","018","00","001","0120","0000","2674","1832","842","97","2771","4714","0","58.78","38.86"
"10","018","00","001","0120","0019","607","391","216","21","628","1062","0","59.13","36.82"
"10","018","00","001","0120","0020","730","498","232","23","753","1315","0","57.26","37.87"
"10","018","00","001","0120","0021","574","409","165","23","597","1000","0","59.7","40.9"
"10","018","00","001","0120","0022","763","534","229","30","793","1337","0","59.31","39.94"
"10","018","00","001","0121","0000","3026","1952","1074","79","3105","5333","0","58.22","36.6"
"10","018","00","001","0121","0023","936","590","346","15","951","1747","0","54.44","33.77"
"10","018","00","001","0121","0024","937","581","356","20","957","1600","0","59.81","36.31"
"10","018","00","001","0121","0025","633","436","197","23","656","1158","0","56.65","37.65"
"10","018","00","001","0121","0026","520","345","175","21","541","828","0","65.34","41.67"
"10","018","00","001","0122","0000","1356","909","447","60","1416","2283","0","62.02","39.82"
"10","018","00","001","0122","0039","721","492","229","42","763","1271","0","60.03","38.71"
"10","018","00","001","0122","0040","635","417","218","18","653","1012","0","64.53","41.21"
"10","018","00","001","0123","0000","1380","926","454","61","1441","2604","0","55.34","35.56"
"10","018","00","001","0123","0041","563","406","157","29","592","1001","0","59.14","40.56"
"10","018","00","001","0123","0042","817","520","297","32","849","1603","0","52.96","32.44"
"10","018","00","001","0124","0000","2452","1574","878","83","2535","4297","0","58.99","36.63"
"10","018","00","001","0124","0050","680","418","262","25","705","1195","0","59.0","34.98"
"10","018","00","001","0124","0051","830","561","269","38","868","1569","0","55.32","35.76"
"10","018","00","001","0124","0052","942","595","347","20","962","1533","0","62.75","38.81"
"10","018","00","001","0125","0000","2348","1680","668","66","2414","3992","0","60.47","42.08"
"10","018","00","001","0125","0053","790","602","188","23","813","1336","0","60.85","45.06"
"10","018","00","001","0125","0054","787","558","229","23","810","1367","0","59.25","40.82"
"10","018","00","001","0125","0055","771","520","251","20","791","1289","0","61.37","40.34"
"10","018","00","001","0126","0000","3625","2421","1204","111","3736","6055","0","61.7","39.98"
"10","018","00","001","0126","0034","728","498","230","30","758","1262","0","60.06","39.46"
"10","018","00","001","0126","0035","678","472","206","9","687","1199","0","57.3","39.37"
"10","018","00","001","0126","0036","747","504","243","22","769","1226","0","62.72","41.11"
"10","018","00","001","0126","0037","854","548","306","31","885","1377","0","64.27","39.8"
"10","018","00","001","0126","0038","618","399","219","19","637","991","0","64.28","40.26"
"10","018","00","001","0127","0000","1839","1354","485","49","1888","3142","0","60.09","43.09"
"10","018","00","001","0127","0031","552","452","100","15","567","935","0","60.64","48.34"
"10","018","00","001","0127","0032","606","427","179","14","620","1074","0","57.73","39.76"
"10","018","00","001","0127","0033","681","475","206","20","701","1133","0","61.87","41.92"
"10","018","00","001","0128","0000","1842","1344","498","59","1901","3440","0","55.26","39.07"
"10","018","00","001","0128","0122","530","383","147","31","561","1062","0","52.82","36.06"
"10","018","00","001","0128","0123","612","450","162","17","629","1046","0","60.13","43.02"
"10","018","00","001","0128","0124","700","511","189","11","711","1332","0","53.38","38.36"
"10","018","00","001","0129","0000","1627","1194","433","71","1698","2999","0","56.62","39.81"
"10","018","00","001","0129","0108","491","364","127","26","517","880","0","58.75","41.36"
"10","018","00","001","0129","0109","561","425","136","19","580","1058","0","54.82","40.17"
"10","018","00","001","0129","0110","575","405","170","26","601","1061","0","56.64","38.17"
"10","018","00","001","0130","0000","2800","1844","956","88","2888","5036","0","57.35","36.62"
"10","018","00","001","0130","0132","682","479","203","26","708","1315","0","53.84","36.43"
"10","018","00","001","0130","0133","794","533","261","22","816","1413","0","57.75","37.72"
"10","018","00","001","0130","0134","557","359","198","22","579","1064","0","54.42","33.74"
"10","018","00","001","0130","0135","767","473","294","18","785","1244","0","63.1","38.02"
"10","018","00","001","0131","0000","3048","2105","943","102","3150","5678","0","55.48","37.07"
"10","018","00","001","0131","0125","740","499","241","30","770","1350","0","57.04","36.96"
"10","018","00","001","0131","0126","736","514","222","21","757","1438","0","52.64","35.74"
"10","018","00","001","0131","0127","725","533","192","32","757","1414","0","53.54","37.69"
"10","018","00","001","0131","0128","847","559","288","19","866","1476","0","58.67","37.87"
"10","018","00","001","0132","0000","712","579","133","16","728","1233","0","59.04","46.96"
"10","018","00","001","0132","0099","712","579","133","16","728","1233","0","59.04","46.96"
"10","018","00","001","0133","0000","1699","1101","598","71","1770","3003","0","58.94","36.66"
"10","018","00","001","0133","0063","647","439","208","30","677","1132","0","59.81","38.78"
"10","018","00","001","0133","0064","145","81","64","7","152","251","0","60.56","32.27"
"10","018","00","001","0133","0065","907","581","326","34","941","1620","0","58.09","35.86"
"10","018","00","001","0135","0000","493","370","123","27","520","915","0","56.83","40.44"
"10","018","00","001","0135","0059","493","370","123","27","520","915","0","56.83","40.44"
"10","018","00","001","0136","0000","1607","1144","463","61","1668","2751","0","60.63","41.58"
"10","018","00","001","0136","0056","538","385","153","14","552","960","0","57.5","40.1"
"10","018","00","001","0136","0057","516","342","174","22","538","843","0","63.82","40.57"
"10","018","00","001","0136","0058","553","417","136","25","578","948","0","60.97","43.99"
"10","018","00","001","0137","0000","2027","1428","599","72","2099","3556","0","59.03","40.16"
"10","018","00","001","0137","0060","1014","725","289","36","1050","1801","0","58.3","40.26"
"10","018","00","001","0137","0061","602","424","178","24","626","1079","0","58.02","39.3"
"10","018","00","001","0137","0062","411","279","132","12","423","676","0","62.57","41.27"
"10","018","00","001","0138","0000","1406","1149","257","53","1459","2768","0","52.71","41.51"
"10","018","00","001","0138","0043","671","582","89","30","701","1236","0","56.72","47.09"
"10","018","00","001","0138","0044","735","567","168","23","758","1532","0","49.48","37.01"
"10","018","00","001","0139","0000","1873","1360","513","64","1937","3331","0","58.15","40.83"
"10","018","00","001","0139","0045","729","545","184","19","748","1306","0","57.27","41.73"
"10","018","00","001","0139","0046","599","446","153","36","635","1073","0","59.18","41.57"
"10","018","00","001","0139","0047","545","369","176","9","554","952","0","58.19","38.76"
"10","018","00","001","0140","0000","1078","805","273","28","1106","2076","0","53.28","38.78"
"10","018","00","001","0140","0048","636","464","172","18","654","1298","0","50.39","35.75"
"10","018","00","001","0140","0049","442","341","101","10","452","778","0","58.1","43.83"
"10","018","00","001","0141","0000","2487","1476","1011","72","2559","4669","0","54.81","31.61"
"10","018","00","001","0141","0077","666","443","223","21","687","1215","0","56.54","36.46"
"10","018","00","001","0141","0078","554","408","146","21","575","1067","0","53.89","38.24"
"10","018","00","001","0141","0079","641","305","336","15","656","1194","0","54.94","25.54"
"10","018","00","001","0141","0080","626","320","306","15","641","1193","0","53.73","26.82"
"10","018","00","001","0142","0000","4332","2550","1782","104","4436","7900","0","56.15","32.28"
"10","018","00","001","0142","0066","778","463","315","23","801","1479","0","54.16","31.3"
"10","018","00","001","0142","0067","736","438","298","20","756","1402","0","53.92","31.24"
"10","018","00","001","0142","0068","716","453","263","22","738","1280","0","57.66","35.39"
"10","018","00","001","0142","0069","723","399","324","10","733","1228","0","59.69","32.49"
"10","018","00","001","0142","0070","632","300","332","6","638","1157","0","55.14","25.93"
"10","018","00","001","0142","0071","747","497","250","23","770","1354","0","56.87","36.71"
"10","018","00","001","0143","0000","2942","1999","943","91","3033","5242","0","57.86","38.13"
"10","018","00","001","0143","0081","770","519","251","38","808","1388","0","58.21","37.39"
"10","018","00","001","0143","0082","732","513","219","22","754","1267","0","59.51","40.49"
"10","018","00","001","0143","0083","719","512","207","13","732","1299","0","56.35","39.41"
"10","018","00","001","0143","0084","721","455","266","18","739","1288","0","57.38","35.33"
"10","018","00","001","0144","0000","2448","1579","869","86","2534","4240","0","59.76","37.24"
"10","018","00","001","0144","0096","840","550","290","32","872","1400","0","62.29","39.29"
"10","018","00","001","0144","0097","876","549","327","16","892","1473","0","60.56","37.27"
"10","018","00","001","0144","0098","732","480","252","38","770","1367","0","56.33","35.11"
"10","018","00","001","0145","0000","2639","1841","798","79","2718","5042","0","53.91","36.51"
"10","018","00","001","0145","0092","690","480","210","27","717","1323","0","54.2","36.28"
"10","018","00","001","0145","0093","652","489","163","15","667","1207","0","55.26","40.51"
"10","018","00","001","0145","0094","621","445","176","24","645","1264","0","51.03","35.21"
"10","018","00","001","0145","0095","676","427","249","13","689","1248","0","55.21","34.21"
"10","018","00","001","0146","0000","2494","1765","729","85","2579","4634","0","55.65","38.09"
"10","018","00","001","0146","0088","593","445","148","20","613","1135","0","54.01","39.21"
"10","018","00","001","0146","0089","591","434","157","26","617","1165","0","52.96","37.25"
"10","018","00","001","0146","0090","616","418","198","18","634","1124","0","56.41","37.19"
"10","018","00","001","0146","0091","694","468","226","21","715","1210","0","59.09","38.68"
"10","018","00","001","0147","0000","3858","2509","1349","107","3965","6262","0","63.32","40.07"
"10","018","00","001","0147","0072","847","532","315","26","873","1334","0","65.44","39.88"
"10","018","00","001","0147","0073","736","514","222","20","756","1234","0","61.26","41.65"
"10","018","00","001","0147","0074","871","593","278","26","897","1398","0","64.16","42.42"
"10","018","00","001","0147","0075","560","315","245","11","571","928","0","61.53","33.94"
"10","018","00","001","0147","0076","844","555","289","24","868","1368","0","63.45","40.57"
"10","018","00","001","0148","0000","1354","904","450","54","1408","2357","0","59.74","38.35"
"10","018","00","001","0148","0029","735","499","236","24","759","1317","0","57.63","37.89"
"10","018","00","001","0148","0030","619","405","214","30","649","1040","0","62.4","38.94"
"10","018","00","001","0149","0000","1819","1283","536","59","1878","3392","0","55.37","37.82"
"10","018","00","001","0149","0119","467","337","130","17","484","777","0","62.29","43.37"
"10","018","00","001","0149","0120","694","484","210","19","713","1399","0","50.96","34.6"
"10","018","00","001","0149","0121","658","462","196","23","681","1216","0","56.0","37.99"
"10","018","00","001","0150","0000","2670","1855","815","64","2734","4777","0","57.23","38.83"
"10","018","00","001","0150","0016","821","573","248","23","844","1490","0","56.64","38.46"
"10","018","00","001","0150","0017","901","639","262","20","921","1615","0","57.03","39.57"
"10","018","00","001","0150","0018","948","643","305","21","969","1672","0","57.95","38.46"
"10","018","00","001","0151","0000","1008","671","337","24","1032","1782","0","57.91","37.65"
"10","018","00","001","0151","0008","410","283","127","10","420","741","0","56.68","38.19"
"10","018","00","001","0151","0009","598","388","210","14","612","1041","0","58.79","37.27"
"10","018","00","001","0152","0000","2103","1461","642","54","2157","3526","0","61.17","41.44"
"10","018","00","001","0152","0129","793","575","218","24","817","1326","0","61.61","43.36"
"10","018","00","001","0152","0130","585","368","217","16","601","927","0","64.83","39.7"
"10","018","00","001","0152","0131","725","518","207","14","739","1273","0","58.05","40.69"
"10","018","00","001","0153","0000","2374","1684","690","61","2435","4816","0","50.56","34.97"
"10","018","00","001","0153","0136","614","446","168","8","622","1160","0","53.62","38.45"
"10","018","00","001","0153","0137","692","471","221","12","704","1398","0","50.36","33.69"
"10","018","00","001","0153","0138","559","384","175","11","570","1384","0","41.18","27.75"
"10","018","00","001","0153","0139","509","383","126","30","539","874","0","61.67","43.82"
"10","018","00","001","0154","0000","2190","1188","1002","41","2231","3600","0","61.97","33.0"
"10","018","00","001","0154","0085","730","400","330","19","749","1228","0","60.99","32.57"
"10","018","00","001","0154","0086","684","360","324","10","694","1135","0","61.15","31.72"
"10","018","00","001","0154","0087","776","428","348","12","788","1237","0","63.7","34.6"
"10","018","00","002","0000","0000","67108","47686","19422","2558","69666","123122","151391","56.58","38.73"
"10","018","00","002","0201","0000","308","224","84","21","329","535","0","61.5","41.87"
"10","018","00","002","0201","0141","308","224","84","21","329","535","0","61.5","41.87"
"10","018","00","002","0202","0000","419","305","114","23","442","711","0","62.17","42.9"
"10","018","00","002","0202","0144","419","305","114","23","442","711","0","62.17","42.9"
"10","018","00","002","0203","0000","415","287","128","34","449","746","0","60.19","38.47"
"10","018","00","002","0203","0142","415","287","128","34","449","746","0","60.19","38.47"
"10","018","00","002","0204","0000","261","193","68","7","268","477","0","56.18","40.46"
"10","018","00","002","0204","0140","261","193","68","7","268","477","0","56.18","40.46"
"10","018","00","002","0205","0000","593","445","148","24","617","1143","0","53.98","38.93"
"10","018","00","002","0205","0145","593","445","148","24","617","1143","0","53.98","38.93"
"10","018","00","002","0206","0000","286","207","79","14","300","546","0","54.95","37.91"
"10","018","00","002","0206","0143","286","207","79","14","300","546","0","54.95","37.91"
"10","018","00","002","0207","0000","708","497","211","26","734","1370","0","53.58","36.28"
"10","018","00","002","0207","0146","708","497","211","26","734","1370","0","53.58","36.28"
"10","018","00","002","0208","0000","515","373","142","23","538","957","0","56.22","38.98"
"10","018","00","002","0208","0172","515","373","142","23","538","957","0","56.22","38.98"
"10","018","00","002","0209","0000","341","256","85","18","359","561","0","63.99","45.63"
"10","018","00","002","0209","0169","341","256","85","18","359","561","0","63.99","45.63"
"10","018","00","002","0210","0000","464","320","144","18","482","761","0","63.34","42.05"
"10","018","00","002","0210","0167","464","320","144","18","482","761","0","63.34","42.05"
"10","018","00","002","0211","0000","451","310","141","22","473","788","0","60.03","39.34"
"10","018","00","002","0211","0168","451","310","141","22","473","788","0","60.03","39.34"
"10","018","00","002","0212","0000","689","461","228","26","715","1398","0","51.14","32.98"
"10","018","00","002","0212","0171","689","461","228","26","715","1398","0","51.14","32.98"
"10","018","00","002","0213","0000","775","528","247","54","829","1558","0","53.21","33.89"
"10","018","00","002","0213","0170","775","528","247","54","829","1558","0","53.21","33.89"
"10","018","00","002","0214","0000","2533","1787","746","100","2633","4800","0","54.85","37.23"
"10","018","00","002","0214","0173","676","503","173","28","704","1195","0","58.91","42.09"
"10","018","00","002","0214","0174","596","396","200","19","615","1236","0","49.76","32.04"
"10","018","00","002","0214","0175","636","454","182","34","670","1255","0","53.39","36.18"
"10","018","00","002","0214","0176","625","434","191","19","644","1114","0","57.81","38.96"
"10","018","00","002","0215","0000","1551","1069","482","49","1600","2949","0","54.26","36.25"
"10","018","00","002","0215","0188","755","520","235","18","773","1457","0","53.05","35.69"
"10","018","00","002","0215","0189","796","549","247","31","827","1492","0","55.43","36.8"
"10","018","00","002","0216","0000","2041","1455","586","70","2111","3906","0","54.05","37.25"
"10","018","00","002","0216","0185","614","429","185","8","622","1272","0","48.9","33.73"
"10","018","00","002","0216","0186","705","535","170","35","740","1306","0","56.66","40.96"
"10","018","00","002","0216","0187","722","491","231","27","749","1328","0","56.4","36.97"
"10","018","00","002","0217","0000","1227","890","337","55","1282","2131","0","60.16","41.76"
"10","018","00","002","0217","0190","672","474","198","35","707","1160","0","60.95","40.86"
"10","018","00","002","0217","0191","555","416","139","20","575","971","0","59.22","42.84"
"10","018","00","002","0218","0000","926","691","235","30","956","1651","0","57.9","41.85"
"10","018","00","002","0218","0228","515","378","137","12","527","946","0","55.71","39.96"
"10","018","00","002","0218","0229","411","313","98","18","429","705","0","60.85","44.4"
"10","018","00","002","0219","0000","2157","1479","678","93","2250","3852","0","58.41","38.4"
"10","018","00","002","0219","0221","667","465","202","22","689","1175","0","58.64","39.57"
"10","018","00","002","0219","0222","798","505","293","36","834","1371","0","60.83","36.83"
"10","018","00","002","0219","0223","692","509","183","35","727","1306","0","55.67","38.97"
"10","018","00","002","0220","0000","476","360","116","32","508","848","0","59.91","42.45"
"10","018","00","002","0220","0230","476","360","116","32","508","848","0","59.91","42.45"
"10","018","00","002","0221","0000","1510","1005","505","47","1557","2712","0","57.41","37.06"
"10","018","00","002","0221","0199","776","514","262","27","803","1442","0","55.69","35.64"
"10","018","00","002","0221","0200","734","491","243","20","754","1270","0","59.37","38.66"
"10","018","00","002","0222","0000","3454","2389","1065","122","3576","5949","0","60.11","40.16"
"10","018","00","002","0222","0208","630","434","196","24","654","1106","0","59.13","39.24"
"10","018","00","002","0222","0209","612","425","187","16","628","1044","0","60.15","40.71"
"10","018","00","002","0222","0210","611","412","199","20","631","1061","0","59.47","38.83"
"10","018","00","002","0222","0211","858","597","261","44","902","1518","0","59.42","39.33"
"10","018","00","002","0222","0212","743","521","222","18","761","1220","0","62.38","42.7"
"10","018","00","002","0223","0000","2718","2074","644","96","2814","4623","0","60.87","44.86"
"10","018","00","002","0223","0217","594","446","148","18","612","1059","0","57.79","42.12"
"10","018","00","002","0223","0218","654","501","153","33","687","1130","0","60.8","44.34"
"10","018","00","002","0223","0219","726","532","194","24","750","1208","0","62.09","44.04"
"10","018","00","002","0223","0220","744","595","149","21","765","1226","0","62.4","48.53"
"10","018","00","002","0224","0000","2823","2078","745","108","2931","5718","0","51.26","36.34"
"10","018","00","002","0224","0231","671","491","180","28","699","1295","0","53.98","37.92"
"10","018","00","002","0224","0232","746","548","198","22","768","1467","0","52.35","37.36"
"10","018","00","002","0224","0233","743","534","209","34","777","1659","0","46.84","32.19"
"10","018","00","002","0224","0234","663","505","158","24","687","1297","0","52.97","38.94"
"10","018","00","002","0225","0000","314","237","77","33","347","594","0","58.42","39.9"
"10","018","00","002","0225","0244","314","237","77","33","347","594","0","58.42","39.9"
"10","018","00","002","0226","0000","1575","1126","449","63","1638","2831","0","57.86","39.77"
"10","018","00","002","0226","0235","762","551","211","29","791","1374","0","57.57","40.1"
"10","018","00","002","0226","0236","813","575","238","34","847","1457","0","58.13","39.46"
"10","018","00","002","0227","0000","784","606","178","50","834","1609","0","51.83","37.66"
"10","018","00","002","0227","0243","784","606","178","50","834","1609","0","51.83","37.66"
"10","018","00","002","0228","0000","1899","1376","523","74","1973","3393","0","58.15","40.55"
"10","018","00","002","0228","0237","617","468","149","19","636","1072","0","59.33","43.66"
"10","018","00","002","0228","0238","694","504","190","34","728","1350","0","53.93","37.33"
"10","018","00","002","0228","0239","588","404","184","21","609","971","0","62.72","41.61"
"10","018","00","002","0229","0000","2034","1618","416","84","2118","3723","0","56.89","43.46"
"10","018","00","002","0229","0240","808","695","113","43","851","1450","0","58.69","47.93"
"10","018","00","002","0229","0241","491","379","112","20","511","895","0","57.09","42.35"
"10","018","00","002","0229","0242","735","544","191","21","756","1378","0","54.86","39.48"
"10","018","00","002","0230","0000","995","742","253","32","1027","1766","0","58.15","42.02"
"10","018","00","002","0230","0158","650","506","144","17","667","1128","0","59.13","44.86"
"10","018","00","002","0230","0159","345","236","109","15","360","638","0","56.43","36.99"
"10","018","00","002","0231","0000","1939","1287","652","57","1996","3589","0","55.61","35.86"
"10","018","00","002","0231","0147","722","493","229","24","746","1390","0","53.67","35.47"
"10","018","00","002","0231","0148","541","347","194","17","558","962","0","58.0","36.07"
"10","018","00","002","0231","0149","676","447","229","16","692","1237","0","55.94","36.14"
"10","018","00","002","0232","0000","2594","1889","705","127","2721","5156","0","52.77","36.64"
"10","018","00","002","0232","0151","372","281","91","18","390","758","0","51.45","37.07"
"10","018","00","002","0232","0152","668","480","188","24","692","1320","0","52.42","36.36"
"10","018","00","002","0232","0153","734","523","211","45","779","1519","0","51.28","34.43"
"10","018","00","002","0232","0154","127","90","37","7","134","347","0","38.62","25.94"
"10","018","00","002","0232","0155","693","515","178","33","726","1212","0","59.9","42.49"
"10","018","00","002","0233","0000","1542","1072","470","64","1606","2912","0","55.15","36.81"
"10","018","00","002","0233","0156","794","549","245","20","814","1484","0","54.85","36.99"
"10","018","00","002","0233","0157","748","523","225","44","792","1428","0","55.46","36.62"
"10","018","00","002","0234","0000","2203","1592","611","108","2311","4121","0","56.08","38.63"
"10","018","00","002","0234","0163","734","556","178","39","773","1394","0","55.45","39.89"
"10","018","00","002","0234","0164","801","584","217","31","832","1568","0","53.06","37.24"
"10","018","00","002","0234","0165","668","452","216","38","706","1159","0","60.91","39.0"
"10","018","00","002","0235","0000","104","76","28","1","105","252","0","41.67","30.16"
"10","018","00","002","0235","0166","104","76","28","1","105","252","0","41.67","30.16"
"10","018","00","002","0236","0000","2676","1967","709","99","2775","4656","0","59.6","42.25"
"10","018","00","002","0236","0224","712","525","187","18","730","1340","0","54.48","39.18"
"10","018","00","002","0236","0225","655","458","197","37","692","1111","0","62.29","41.22"
"10","018","00","002","0236","0226","736","529","207","31","767","1197","0","64.08","44.19"
"10","018","00","002","0236","0227","573","455","118","13","586","1008","0","58.13","45.14"
"10","018","00","002","0237","0000","2852","2043","809","103","2955","5296","0","55.8","38.58"
"10","018","00","002","0237","0177","757","542","215","22","779","1396","0","55.8","38.83"
"10","018","00","002","0237","0178","803","584","219","35","838","1456","0","57.55","40.11"
"10","018","00","002","0237","0179","738","510","228","20","758","1374","0","55.17","37.12"
"10","018","00","002","0237","0180","554","407","147","26","580","1070","0","54.21","38.04"
"10","018","00","002","0238","0000","2485","1850","635","111","2596","4524","0","57.38","40.89"
"10","018","00","002","0238","0181","615","479","136","31","646","1142","0","56.57","41.94"
"10","018","00","002","0238","0182","576","412","164","19","595","1103","0","53.94","37.35"
"10","018","00","002","0238","0183","637","469","168","42","679","1190","0","57.06","39.41"
"10","018","00","002","0238","0184","657","490","167","19","676","1089","0","62.08","45.0"
"10","018","00","002","0239","0000","1999","1317","682","57","2056","4112","0","50.0","32.03"
"10","018","00","002","0239","0192","451","308","143","5","456","1401","0","32.55","21.98"
"10","018","00","002","0239","0193","749","485","264","26","775","1340","0","57.84","36.19"
"10","018","00","002","0239","0194","799","524","275","26","825","1371","0","60.18","38.22"
"10","018","00","002","0240","0000","2711","1820","891","80","2791","4793","0","58.23","37.97"
"10","018","00","002","0240","0195","678","460","218","24","702","1267","0","55.41","36.31"
"10","018","00","002","0240","0196","647","436","211","28","675","1073","0","62.91","40.63"
"10","018","00","002","0240","0197","667","465","202","13","680","1159","0","58.67","40.12"
"10","018","00","002","0240","0198","719","459","260","15","734","1294","0","56.72","35.47"
"10","018","00","002","0241","0000","3230","2248","982","63","3293","5721","0","57.56","39.29"
"10","018","00","002","0241","0213","860","578","282","10","870","1475","0","58.98","39.19"
"10","018","00","002","0241","0214","736","551","185","14","750","1373","0","54.62","40.13"
"10","018","00","002","0241","0215","829","578","251","19","848","1450","0","58.48","39.86"
"10","018","00","002","0241","0216","805","541","264","20","825","1423","0","57.98","38.02"
"10","018","00","002","0242","0000","3603","2318","1285","107","3710","6417","0","57.82","36.12"
"10","018","00","002","0242","0203","657","435","222","28","685","1163","0","58.9","37.4"
"10","018","00","002","0242","0204","726","474","252","16","742","1334","0","55.62","35.53"
"10","018","00","002","0242","0205","778","502","276","27","805","1415","0","56.89","35.48"
"10","018","00","002","0242","0206","776","484","292","19","795","1305","0","60.92","37.09"
"10","018","00","002","0242","0207","666","423","243","17","683","1200","0","56.92","35.25"
"10","018","00","002","0243","0000","1328","965","363","39","1367","2128","0","64.24","45.35"
"10","018","00","002","0243","0201","749","541","208","17","766","1179","0","64.97","45.89"
"10","018","00","002","0243","0202","579","424","155","22","601","949","0","63.33","44.68"
"10","018","00","002","0244","0000","768","534","234","28","796","1604","0","49.63","33.29"
"10","018","00","002","0244","0150","768","534","234","28","796","1604","0","49.63","33.29"
"10","018","00","002","0245","0000","1832","1320","512","66","1898","3235","0","58.67","40.8"
"10","018","00","002","0245","0160","681","518","163","33","714","1222","0","58.43","42.39"
"10","018","00","002","0245","0161","562","389","173","20","582","1076","0","54.09","36.15"
"10","018","00","002","0245","0162","589","413","176","13","602","937","0","64.25","44.08"
"10","018","00","003","0000","0000","35326","25783","9543","1467","36793","64896","78305","56.7","39.73"
"10","018","00","003","0301","0000","1439","1115","324","88","1527","2513","0","60.76","44.37"
"10","018","00","003","0301","0271","628","486","142","42","670","1182","0","56.68","41.12"
"10","018","00","003","0301","0272","811","629","182","46","857","1331","0","64.39","47.26"
"10","018","00","003","0302","0000","2855","2141","714","128","2983","5255","0","56.76","40.74"
"10","018","00","003","0302","0266","573","429","144","35","608","1088","0","55.88","39.43"
"10","018","00","003","0302","0267","442","328","114","20","462","903","0","51.16","36.32"
"10","018","00","003","0302","0268","573","410","163","24","597","1012","0","58.99","40.51"
"10","018","00","003","0302","0269","549","433","116","27","576","1014","0","56.8","42.7"
"10","018","00","003","0302","0270","718","541","177","22","740","1238","0","59.77","43.7"
"10","018","00","003","0303","0000","1273","957","316","48","1321","2288","0","57.74","41.83"
"10","018","00","003","0303","0264","535","411","124","23","558","970","0","57.53","42.37"
"10","018","00","003","0303","0265","738","546","192","25","763","1318","0","57.89","41.43"
"10","018","00","003","0304","0000","1415","1059","356","82","1497","2371","0","63.14","44.66"
"10","018","00","003","0304","0262","761","570","191","44","805","1348","0","59.72","42.28"
"10","018","00","003","0304","0263","654","489","165","38","692","1023","0","67.64","47.8"
"10","018","00","003","0305","0000","1250","906","344","62","1312","2095","0","62.63","43.25"
"10","018","00","003","0305","0260","659","473","186","35","694","1138","0","60.98","41.56"
"10","018","00","003","0305","0261","591","433","158","27","618","957","0","64.58","45.25"
"10","018","00","003","0306","0000","1775","1187","588","90","1865","3128","0","59.62","37.95"
"10","018","00","003","0306","0257","585","314","271","20","605","1067","0","56.7","29.43"
"10","018","00","003","0306","0258","490","354","136","29","519","863","0","60.14","41.02"
"10","018","00","003","0306","0259","700","519","181","41","741","1198","0","61.85","43.32"
"10","018","00","003","0307","0000","1623","1189","434","52","1675","2881","0","58.14","41.27"
"10","018","00","003","0307","0252","843","602","241","30","873","1473","0","59.27","40.87"
"10","018","00","003","0307","0253","780","587","193","22","802","1408","0","56.96","41.69"
"10","018","00","003","0308","0000","2307","1642","665","64","2371","4517","0","52.49","36.35"
"10","018","00","003","0308","0254","631","462","169","18","649","1318","0","49.24","35.05"
"10","018","00","003","0308","0255","731","512","219","25","756","1337","0","56.54","38.29"
"10","018","00","003","0308","0256","945","668","277","21","966","1862","0","51.88","35.88"
"10","018","00","003","0309","0000","2661","1864","797","72","2733","4959","0","55.11","37.59"
"10","018","00","003","0309","0245","755","554","201","29","784","1443","0","54.33","38.39"
"10","018","00","003","0309","0246","667","450","217","17","684","1241","0","55.12","36.26"
"10","018","00","003","0309","0247","644","464","180","18","662","1194","0","55.44","38.86"
"10","018","00","003","0309","0248","595","396","199","8","603","1081","0","55.78","36.63"
"10","018","00","003","0310","0000","2259","1540","719","70","2329","3917","0","59.46","39.32"
"10","018","00","003","0310","0273","616","389","227","13","629","976","0","64.45","39.86"
"10","018","00","003","0310","0274","446","320","126","18","464","834","0","55.64","38.37"
"10","018","00","003","0310","0275","513","381","132","19","532","919","0","57.89","41.46"
"10","018","00","003","0310","0276","684","450","234","20","704","1188","0","59.26","37.88"
"10","018","00","003","0311","0000","1956","1414","542","68","2024","3342","0","60.56","42.31"
"10","018","00","003","0311","0277","601","449","152","38","639","1086","0","58.84","41.34"
"10","018","00","003","0311","0278","698","498","200","18","716","1144","0","62.59","43.53"
"10","018","00","003","0311","0279","657","467","190","12","669","1112","0","60.16","42.0"
"10","018","00","003","0312","0000","2388","1766","622","104","2492","4231","0","58.9","41.74"
"10","018","00","003","0312","0280","813","593","220","40","853","1476","0","57.79","40.18"
"10","018","00","003","0312","0281","707","520","187","25","732","1291","0","56.7","40.28"
"10","018","00","003","0312","0282","868","653","215","39","907","1464","0","61.95","44.6"
"10","018","00","003","0313","0000","1531","1147","384","63","1594","2763","0","57.69","41.51"
"10","018","00","003","0313","0283","811","622","189","35","846","1427","0","59.29","43.59"
"10","018","00","003","0313","0284","720","525","195","28","748","1336","0","55.99","39.3"
"10","018","00","003","0314","0000","541","393","148","23","564","1131","0","49.87","34.75"
"10","018","00","003","0314","0285","541","393","148","23","564","1131","0","49.87","34.75"
"10","018","00","003","0315","0000","1208","900","308","63","1271","2076","0","61.22","43.35"
"10","018","00","003","0315","0286","614","453","161","37","651","1070","0","60.84","42.34"
"10","018","00","003","0315","0287","594","447","147","26","620","1006","0","61.63","44.43"
"10","018","00","003","0316","0000","1171","908","263","63","1234","2342","0","52.69","38.77"
"10","018","00","003","0316","0288","566","464","102","35","601","1223","0","49.14","37.94"
"10","018","00","003","0316","0289","605","444","161","28","633","1119","0","56.57","39.68"
"10","018","00","003","0317","0000","439","336","103","23","462","896","0","51.56","37.5"
"10","018","00","003","0317","0299","439","336","103","23","462","896","0","51.56","37.5"
"10","018","00","003","0318","0000","493","373","120","24","517","890","0","58.09","41.91"
"10","018","00","003","0318","0298","493","373","120","24","517","890","0","58.09","41.91"
"10","018","00","003","0319","0000","416","316","100","18","434","776","0","55.93","40.72"
"10","018","00","003","0319","0297","416","316","100","18","434","776","0","55.93","40.72"
"10","018","00","003","0320","0000","891","647","244","37","928","1784","0","52.02","36.27"
"10","018","00","003","0320","0295","391","288","103","16","407","719","0","56.61","40.06"
"10","018","00","003","0320","0296","500","359","141","21","521","1065","0","48.92","33.71"
"10","018","00","003","0321","0000","2073","1508","565","72","2145","4325","0","49.6","34.87"
"10","018","00","003","0321","0291","753","546","207","25","778","1627","0","47.82","33.56"
"10","018","00","003","0321","0292","634","458","176","18","652","1289","0","50.58","35.53"
"10","018","00","003","0321","0293","686","504","182","29","715","1409","0","50.75","35.77"
"10","018","00","003","0322","0000","704","537","167","23","727","1400","0","51.93","38.36"
"10","018","00","003","0322","0290","704","537","167","23","727","1400","0","51.93","38.36"
"10","018","00","003","0323","0000","403","294","109","25","428","814","0","52.58","36.12"
"10","018","00","003","0323","0294","403","294","109","25","428","814","0","52.58","36.12"
"10","018","00","003","0324","0000","2255","1644","611","105","2360","4202","0","56.16","39.12"
"10","018","00","003","0324","0249","464","334","130","18","482","807","0","59.73","41.39"
"10","018","00","003","0324","0250","909","672","237","51","960","1760","0","54.55","38.18"
"10","018","00","003","0324","0251","882","638","244","36","918","1635","0","56.15","39.02"
"10","020","00","000","0000","0000","119398","86583","32815","3759","123157","221553","268741","55.59","39.08"
"10","020","00","001","0000","0000","54155","38806","15349","1598","55753","100647","121279","55.39","38.56"
"10","020","00","001","0101","0000","2370","1726","644","71","2441","4386","0","55.65","39.35"
"10","020","00","001","0101","0079","693","514","179","24","717","1282","0","55.93","40.09"
"10","020","00","001","0101","0080","899","666","233","26","925","1571","0","58.88","42.39"
"10","020","00","001","0101","0081","778","546","232","21","799","1533","0","52.12","35.62"
"10","020","00","001","0102","0000","1562","1109","453","26","1588","3393","0","46.8","32.68"
"10","020","00","001","0102","0077","793","561","232","9","802","1823","0","43.99","30.77"
"10","020","00","001","0102","0078","769","548","221","17","786","1570","0","50.06","34.9"
"10","020","00","001","0103","0000","1447","1031","416","23","1470","2832","0","51.91","36.41"
"10","020","00","001","0103","0075","635","437","198","11","646","1404","0","46.01","31.13"
"10","020","00","001","0103","0076","812","594","218","12","824","1428","0","57.7","41.6"
"10","020","00","001","0104","0000","1687","1228","459","62","1749","3249","0","53.83","37.8"
"10","020","00","001","0104","0069","851","609","242","32","883","1682","0","52.5","36.21"
"10","020","00","001","0104","0070","836","619","217","30","866","1567","0","55.26","39.5"
"10","020","00","001","0105","0000","1274","910","364","28","1302","2188","0","59.51","41.59"
"10","020","00","001","0105","0071","670","468","202","15","685","1207","0","56.75","38.77"
"10","020","00","001","0105","0072","604","442","162","13","617","981","0","62.9","45.06"
"10","020","00","001","0134","0000","2306","1741","565","86","2392","4205","0","56.88","41.4"
"10","020","00","001","0134","0021","627","479","148","27","654","1199","0","54.55","39.95"
"10","020","00","001","0134","0022","678","525","153","19","697","1236","0","56.39","42.48"
"10","020","00","001","0134","0023","489","357","132","15","504","890","0","56.63","40.11"
"10","020","00","001","0134","0024","512","380","132","25","537","880","0","61.02","43.18"
"10","020","00","001","0135","0000","2376","1717","659","69","2445","4172","0","58.6","41.16"
"10","020","00","001","0135","0018","895","655","240","21","916","1552","0","59.02","42.2"
"10","020","00","001","0135","0019","869","605","264","27","896","1558","0","57.51","38.83"
"10","020","00","001","0135","0020","612","457","155","21","633","1062","0","59.6","43.03"
"10","020","00","001","0136","0000","2141","1600","541","34","2175","3967","0","54.83","40.33"
"10","020","00","001","0136","0015","766","567","199","0","766","1453","0","52.72","39.02"
"10","020","00","001","0136","0016","579","446","133","13","592","1094","0","54.11","40.77"
"10","020","00","001","0136","0017","796","587","209","21","817","1420","0","57.54","41.34"
"10","020","00","001","0137","0000","1358","931","427","30","1388","2334","0","59.47","39.89"
"10","020","00","001","0137","0011","724","498","226","16","740","1221","0","60.61","40.79"
"10","020","00","001","0137","0012","634","433","201","14","648","1113","0","58.22","38.9"
"10","020","00","001","0138","0000","1021","713","308","28","1049","1794","0","58.47","39.74"
"10","020","00","001","0138","0005","431","308","123","9","440","702","0","62.68","43.87"
"10","020","00","001","0138","0006","590","405","185","19","609","1092","0","55.77","37.09"
"10","020","00","001","0139","0000","2324","1481","843","59","2383","4239","0","56.22","34.94"
"10","020","00","001","0139","0027","769","392","377","21","790","1435","0","55.05","27.32"
"10","020","00","001","0139","0028","798","563","235","20","818","1349","0","60.64","41.73"
"10","020","00","001","0139","0029","757","526","231","18","775","1455","0","53.26","36.15"
"10","020","00","001","0141","0000","919","676","243","27","946","1816","0","52.09","37.22"
"10","020","00","001","0141","0008","919","676","243","27","946","1816","0","52.09","37.22"
"10","020","00","001","0142","0000","483","353","130","12","495","1023","0","48.39","34.51"
"10","020","00","001","0142","0007","483","353","130","12","495","1023","0","48.39","34.51"
"10","020","00","001","0143","0000","1646","1149","497","38","1684","2847","0","59.15","40.36"
"10","020","00","001","0143","0013","815","580","235","17","832","1452","0","57.3","39.94"
"10","020","00","001","0143","0014","831","569","262","21","852","1395","0","61.08","40.79"
"10","020","00","001","0144","0000","1270","904","366","23","1293","2301","0","56.19","39.29"
"10","020","00","001","0144","0001","585","410","175","11","596","1025","0","58.15","40.0"
"10","020","00","001","0144","0002","685","494","191","12","697","1276","0","54.62","38.71"
"10","020","00","001","0145","0000","1090","798","292","31","1121","1987","0","56.42","40.16"
"10","020","00","001","0145","0042","512","371","141","14","526","938","0","56.08","39.55"
"10","020","00","001","0145","0043","578","427","151","17","595","1049","0","56.72","40.71"
"10","020","00","001","0146","0000","690","524","166","27","717","1360","0","52.72","38.53"
"10","020","00","001","0146","0044","690","524","166","27","717","1360","0","52.72","38.53"
"10","020","00","001","0147","0000","781","567","214","38","819","1615","0","50.71","35.11"
"10","020","00","001","0147","0045","781","567","214","38","819","1615","0","50.71","35.11"
"10","020","00","001","0148","0000","658","467","191","23","681","1267","0","53.75","36.86"
"10","020","00","001","0148","0046","658","467","191","23","681","1267","0","53.75","36.86"
"10","020","00","001","0149","0000","1661","1214","447","60","1721","3410","0","50.47","35.6"
"10","020","00","001","0149","0047","749","572","177","26","775","1579","0","49.08","36.23"
"10","020","00","001","0149","0048","912","642","270","34","946","1831","0","51.67","35.06"
"10","020","00","001","0150","0000","1167","847","320","23","1190","2146","0","55.45","39.47"
"10","020","00","001","0150","0049","552","416","136","16","568","977","0","58.14","42.58"
"10","020","00","001","0150","0050","615","431","184","7","622","1169","0","53.21","36.87"
"10","020","00","001","0151","0000","1418","1027","391","53","1471","2504","0","58.75","41.01"
"10","020","00","001","0151","0051","704","504","200","40","744","1238","0","60.1","40.71"
"10","020","00","001","0151","0052","714","523","191","13","727","1266","0","57.42","41.31"
"10","020","00","001","0152","0000","1363","1035","328","46","1409","2717","0","51.86","38.09"
"10","020","00","001","0152","0053","668","529","139","25","693","1429","0","48.5","37.02"
"10","020","00","001","0152","0054","695","506","189","21","716","1288","0","55.59","39.29"
"10","020","00","001","0153","0000","1308","939","369","49","1357","2347","0","57.82","40.01"
"10","020","00","001","0153","0060","593","428","165","23","616","1170","0","52.65","36.58"
"10","020","00","001","0153","0061","715","511","204","26","741","1177","0","62.96","43.42"
"10","020","00","001","0154","0000","2145","1535","610","59","2204","3893","0","56.61","39.43"
"10","020","00","001","0154","0057","645","480","165","23","668","1133","0","58.96","42.37"
"10","020","00","001","0154","0058","677","476","201","24","701","1235","0","56.76","38.54"
"10","020","00","001","0154","0059","823","579","244","12","835","1525","0","54.75","37.97"
"10","020","00","001","0155","0000","2002","1466","536","89","2091","3667","0","57.02","39.98"
"10","020","00","001","0155","0062","656","482","174","31","687","1207","0","56.92","39.93"
"10","020","00","001","0155","0063","702","521","181","20","722","1272","0","56.76","40.96"
"10","020","00","001","0155","0064","644","463","181","38","682","1188","0","57.41","38.97"
"10","020","00","001","0156","0000","1193","863","330","72","1265","2101","0","60.21","41.08"
"10","020","00","001","0156","0040","581","408","173","35","616","1023","0","60.22","39.88"
"10","020","00","001","0156","0041","612","455","157","37","649","1078","0","60.2","42.21"
"10","020","00","001","0157","0000","907","673","234","36","943","1824","0","51.7","36.9"
"10","020","00","001","0157","0038","556","412","144","26","582","961","0","60.56","42.87"
"10","020","00","001","0157","0039","351","261","90","10","361","863","0","41.83","30.24"
"10","020","00","001","0158","0000","1056","760","296","37","1093","2058","0","53.11","36.93"
"10","020","00","001","0158","0036","488","360","128","13","501","967","0","51.81","37.23"
"10","020","00","001","0158","0037","568","400","168","24","592","1091","0","54.26","36.66"
"10","020","00","001","0159","0000","1083","772","311","39","1122","2021","0","55.52","38.2"
"10","020","00","001","0159","0032","511","375","136","20","531","941","0","56.43","39.85"
"10","020","00","001","0159","0033","572","397","175","19","591","1080","0","54.72","36.76"
"10","020","00","001","0160","0000","1056","771","285","31","1087","1867","0","58.22","41.3"
"10","020","00","001","0160","0030","516","374","142","19","535","915","0","58.47","40.87"
"10","020","00","001","0160","0031","540","397","143","12","552","952","0","57.98","41.7"
"10","020","00","001","0161","0000","1051","738","313","24","1075","1858","0","57.86","39.72"
"10","020","00","001","0161","0025","665","458","207","13","678","1189","0","57.02","38.52"
"10","020","00","001","0161","0026","386","280","106","11","397","669","0","59.34","41.85"
"10","020","00","001","0162","0000","1201","868","333","51","1252","2210","0","56.65","39.28"
"10","020","00","001","0162","0034","590","440","150","24","614","1157","0","53.07","38.03"
"10","020","00","001","0162","0035","611","428","183","27","638","1053","0","60.59","40.65"
"10","020","00","001","0163","0000","1354","943","411","35","1389","2343","0","59.28","40.25"
"10","020","00","001","0163","0067","744","508","236","20","764","1332","0","57.36","38.14"
"10","020","00","001","0163","0068","610","435","175","15","625","1011","0","61.82","43.03"
"10","020","00","001","0164","0000","1179","846","333","20","1199","2192","0","54.7","38.59"
"10","020","00","001","0164","0065","585","413","172","11","596","1172","0","50.85","35.24"
"10","020","00","001","0164","0066","594","433","161","9","603","1020","0","59.12","42.45"
"10","020","00","001","0165","0000","1191","860","331","34","1225","2149","0","57.0","40.02"
"10","020","00","001","0165","0003","486","352","134","16","502","974","0","51.54","36.14"
"10","020","00","001","0165","0004","705","508","197","18","723","1175","0","61.53","43.23"
"10","020","00","001","0166","0000","1987","1303","684","41","2028","3634","0","55.81","35.86"
"10","020","00","001","0166","0009","1045","707","338","24","1069","1936","0","55.22","36.52"
"10","020","00","001","0166","0010","942","596","346","17","959","1698","0","56.48","35.1"
"10","020","00","001","0167","0000","998","712","286","31","1029","1902","0","54.1","37.43"
"10","020","00","001","0167","0055","531","372","159","14","545","980","0","55.61","37.96"
"10","020","00","001","0167","0056","467","340","127","17","484","922","0","52.49","36.88"
"10","020","00","001","0168","0000","1432","1009","423","33","1465","2829","0","51.79","35.67"
"10","020","00","001","0168","0073","740","519","221","19","759","1395","0","54.41","37.2"
"10","020","00","001","0168","0074","692","490","202","14","706","1434","0","49.23","34.17"
"10","020","00","002","0000","0000","65243","47777","17466","2161","67404","120906","147462","55.75","39.52"
"10","020","00","002","0201","0000","436","313","123","16","452","770","0","58.7","40.65"
"10","020","00","002","0201","0152","436","313","123","16","452","770","0","58.7","40.65"
"10","020","00","002","0202","0000","1107","799","308","37","1144","2071","0","55.24","38.58"
"10","020","00","002","0202","0157","516","371","145","19","535","997","0","53.66","37.21"
"10","020","00","002","0202","0158","591","428","163","18","609","1074","0","56.7","39.85"
"10","020","00","002","0203","0000","1267","937","330","59","1326","2257","0","58.75","41.52"
"10","020","00","002","0203","0148","639","453","186","34","673","1146","0","58.73","39.53"
"10","020","00","002","0203","0149","628","484","144","25","653","1111","0","58.78","43.56"
"10","020","00","002","0205","0000","954","668","286","50","1004","1970","0","50.96","33.91"
"10","020","00","002","0205","0153","533","386","147","15","548","1135","0","48.28","34.01"
"10","020","00","002","0205","0154","421","282","139","35","456","835","0","54.61","33.77"
"10","020","00","002","0209","0000","2150","1539","611","61","2211","4311","0","51.29","35.7"
"10","020","00","002","0209","0159","649","436","213","13","662","1460","0","45.34","29.86"
"10","020","00","002","0209","0160","702","532","170","23","725","1352","0","53.62","39.35"
"10","020","00","002","0209","0161","799","571","228","25","824","1499","0","54.97","38.09"
"10","020","00","002","0210","0000","2266","1666","600","118","2384","4132","0","57.7","40.32"
"10","020","00","002","0210","0168","819","607","212","45","864","1467","0","58.9","41.38"
"10","020","00","002","0210","0169","719","524","195","30","749","1431","0","52.34","36.62"
"10","020","00","002","0210","0170","728","535","193","43","771","1234","0","62.48","43.35"
"10","020","00","002","0211","0000","1608","1141","467","52","1660","3214","0","51.65","35.5"
"10","020","00","002","0211","0165","808","604","204","25","833","1674","0","49.76","36.08"
"10","020","00","002","0211","0166","800","537","263","27","827","1540","0","53.7","34.87"
"10","020","00","002","0212","0000","1575","1157","418","72","1647","2868","0","57.43","40.34"
"10","020","00","002","0212","0175","844","596","248","54","898","1546","0","58.09","38.55"
"10","020","00","002","0212","0176","731","561","170","18","749","1322","0","56.66","42.44"
"10","020","00","002","0213","0000","831","636","195","48","879","1549","0","56.75","41.06"
"10","020","00","002","0213","0177","831","636","195","48","879","1549","0","56.75","41.06"
"10","020","00","002","0214","0000","576","417","159","11","587","1155","0","50.82","36.1"
"10","020","00","002","0214","0174","576","417","159","11","587","1155","0","50.82","36.1"
"10","020","00","002","0215","0000","1225","964","261","40","1265","2120","0","59.67","45.47"
"10","020","00","002","0215","0093","617","473","144","29","646","1053","0","61.35","44.92"
"10","020","00","002","0215","0094","608","491","117","11","619","1067","0","58.01","46.02"
"10","020","00","002","0216","0000","2105","1510","595","76","2181","4105","0","53.13","36.78"
"10","020","00","002","0216","0097","605","426","179","27","632","1196","0","52.84","35.62"
"10","020","00","002","0216","0098","645","467","178","18","663","1280","0","51.8","36.48"
"10","020","00","002","0216","0099","855","617","238","31","886","1629","0","54.39","37.88"
"10","020","00","002","0217","0000","1630","1169","461","80","1710","3195","0","53.52","36.59"
"10","020","00","002","0217","0110","679","500","179","40","719","1396","0","51.5","35.82"
"10","020","00","002","0217","0111","951","669","282","40","991","1799","0","55.09","37.19"
"10","020","00","002","0218","0000","1683","1200","483","43","1726","3440","0","50.17","34.88"
"10","020","00","002","0218","0095","769","569","200","18","787","1575","0","49.97","36.13"
"10","020","00","002","0218","0096","914","631","283","25","939","1865","0","50.35","33.83"
"10","020","00","002","0219","0000","2023","1455","568","50","2073","3351","0","61.86","43.42"
"10","020","00","002","0219","0105","614","448","166","17","631","1000","0","63.1","44.8"
"10","020","00","002","0219","0106","664","487","177","12","676","1095","0","61.74","44.47"
"10","020","00","002","0219","0107","745","520","225","21","766","1256","0","60.99","41.4"
"10","020","00","002","0220","0000","1085","778","307","41","1126","1827","0","61.63","42.58"
"10","020","00","002","0220","0108","541","395","146","23","564","962","0","58.63","41.06"
"10","020","00","002","0220","0109","544","383","161","18","562","865","0","64.97","44.28"
"10","020","00","002","0221","0000","3348","2480","868","74","3422","6594","0","51.9","37.61"
"10","020","00","002","0221","0112","758","562","196","12","770","1505","0","51.16","37.34"
"10","020","00","002","0221","0113","897","674","223","26","923","1698","0","54.36","39.69"
"10","020","00","002","0221","0114","1009","749","260","23","1032","1854","0","55.66","40.4"
"10","020","00","002","0221","0115","684","495","189","13","697","1537","0","45.35","32.21"
"10","020","00","002","0222","0000","1080","791","289","46","1126","2024","0","55.63","39.08"
"10","020","00","002","0222","0103","484","351","133","42","526","841","0","62.54","41.74"
"10","020","00","002","0222","0104","596","440","156","4","600","1183","0","50.72","37.19"
"10","020","00","002","0231","0000","1054","776","278","45","1099","1994","0","55.12","38.92"
"10","020","00","002","0231","0082","481","362","119","13","494","885","0","55.82","40.9"
"10","020","00","002","0231","0083","573","414","159","32","605","1109","0","54.55","37.33"
"10","020","00","002","0245","0000","985","758","227","20","1005","1625","0","61.85","46.65"
"10","020","00","002","0245","0140","487","367","120","11","498","756","0","65.87","48.54"
"10","020","00","002","0245","0141","498","391","107","9","507","869","0","58.34","44.99"
"10","020","00","002","0246","0000","989","732","257","32","1021","1904","0","53.62","38.45"
"10","020","00","002","0246","0138","379","266","113","22","401","736","0","54.48","36.14"
"10","020","00","002","0246","0139","610","466","144","10","620","1168","0","53.08","39.9"
"10","020","00","002","0247","0000","3136","2284","852","109","3245","5706","0","56.87","40.03"
"10","020","00","002","0247","0134","841","612","229","36","877","1548","0","56.65","39.53"
"10","020","00","002","0247","0135","686","495","191","19","705","1295","0","54.44","38.22"
"10","020","00","002","0247","0136","775","566","209","23","798","1318","0","60.55","42.94"
"10","020","00","002","0247","0137","834","611","223","31","865","1545","0","55.99","39.55"
"10","020","00","002","0248","0000","3014","2132","882","70","3084","5397","0","57.14","39.5"
"10","020","00","002","0248","0130","766","559","207","12","778","1185","0","65.65","47.17"
"10","020","00","002","0248","0131","777","541","236","15","792","1278","0","61.97","42.33"
"10","020","00","002","0248","0132","621","421","200","11","632","1394","0","45.34","30.2"
"10","020","00","002","0248","0133","850","611","239","32","882","1540","0","57.27","39.68"
"10","020","00","002","0249","0000","2389","1760","629","77","2466","4343","0","56.78","40.52"
"10","020","00","002","0249","0120","717","526","191","33","750","1362","0","55.07","38.62"
"10","020","00","002","0249","0121","742","536","206","17","759","1279","0","59.34","41.91"
"10","020","00","002","0249","0122","930","698","232","27","957","1702","0","56.23","41.01"
"10","020","00","002","0250","0000","2149","1603","546","81","2230","3715","0","60.03","43.15"
"10","020","00","002","0250","0117","575","438","137","28","603","944","0","63.88","46.4"
"10","020","00","002","0250","0118","913","679","234","29","942","1627","0","57.9","41.73"
"10","020","00","002","0250","0119","661","486","175","24","685","1144","0","59.88","42.48"
"10","020","00","002","0251","0000","1026","776","250","40","1066","1811","0","58.86","42.85"
"10","020","00","002","0251","0142","561","402","159","25","586","983","0","59.61","40.9"
"10","020","00","002","0251","0143","465","374","91","15","480","828","0","57.97","45.17"
"10","020","00","002","0252","0000","951","720","231","27","978","1775","0","55.1","40.56"
"10","020","00","002","0252","0144","951","720","231","27","978","1775","0","55.1","40.56"
"10","020","00","002","0253","0000","2792","2064","728","73","2865","4992","0","57.39","41.35"
"10","020","00","002","0253","0126","750","573","177","22","772","1280","0","60.31","44.77"
"10","020","00","002","0253","0127","605","429","176","23","628","1220","0","51.48","35.16"
"10","020","00","002","0253","0128","698","523","175","9","707","1172","0","60.32","44.62"
"10","020","00","002","0253","0129","739","539","200","19","758","1320","0","57.42","40.83"
"10","020","00","002","0254","0000","743","564","179","21","764","1419","0","53.84","39.75"
"10","020","00","002","0254","0145","743","564","179","21","764","1419","0","53.84","39.75"
"10","020","00","002","0255","0000","797","569","228","27","824","1604","0","51.37","35.47"
"10","020","00","002","0255","0116","797","569","228","27","824","1604","0","51.37","35.47"
"10","020","00","002","0256","0000","1092","835","257","43","1135","1945","0","58.35","42.93"
"10","020","00","002","0256","0084","539","414","125","14","553","1020","0","54.22","40.59"
"10","020","00","002","0256","0085","553","421","132","29","582","925","0","62.92","45.51"
"10","020","00","002","0257","0000","794","550","244","15","809","1671","0","48.41","32.91"
"10","020","00","002","0257","0086","794","550","244","15","809","1671","0","48.41","32.91"
"10","020","00","002","0258","0000","1251","946","305","38","1289","2251","0","57.26","42.03"
"10","020","00","002","0258","0087","679","513","166","18","697","1215","0","57.37","42.22"
"10","020","00","002","0258","0088","572","433","139","20","592","1036","0","57.14","41.8"
"10","020","00","002","0259","0000","1193","882","311","31","1224","2256","0","54.26","39.1"
"10","020","00","002","0259","0089","595","438","157","15","610","1129","0","54.03","38.8"
"10","020","00","002","0259","0090","598","444","154","16","614","1127","0","54.48","39.4"
"10","020","00","002","0260","0000","707","525","182","16","723","1366","0","52.93","38.43"
"10","020","00","002","0260","0092","707","525","182","16","723","1366","0","52.93","38.43"
"10","020","00","002","0261","0000","802","571","231","27","829","1415","0","58.59","40.35"
"10","020","00","002","0261","0091","802","571","231","27","829","1415","0","58.59","40.35"
"10","020","00","002","0262","0000","893","667","226","22","915","1634","0","56.0","40.82"
"10","020","00","002","0262","0146","431","323","108","14","445","779","0","57.12","41.46"
"10","020","00","002","0262","0147","462","344","118","8","470","855","0","54.97","40.23"
"10","020","00","002","0263","0000","877","655","222","38","915","1584","0","57.77","41.35"
"10","020","00","002","0263","0150","470","363","107","27","497","767","0","64.8","47.33"
"10","020","00","002","0263","0151","407","292","115","11","418","817","0","51.16","35.74"
"10","020","00","002","0264","0000","1061","823","238","45","1106","2126","0","52.02","38.71"
"10","020","00","002","0264","0155","581","450","131","25","606","1182","0","51.27","38.07"
"10","020","00","002","0264","0156","480","373","107","20","500","944","0","52.97","39.51"
"10","020","00","002","0265","0000","2190","1544","646","84","2274","4164","0","54.61","37.08"
"10","020","00","002","0265","0100","770","554","216","42","812","1393","0","58.29","39.77"
"10","020","00","002","0265","0101","633","467","166","28","661","1077","0","61.37","43.36"
"10","020","00","002","0265","0102","787","523","264","14","801","1694","0","47.28","30.87"
"10","020","00","002","0266","0000","1595","1165","430","44","1639","2718","0","60.3","42.86"
"10","020","00","002","0266","0123","786","572","214","20","806","1358","0","59.35","42.12"
"10","020","00","002","0266","0124","809","593","216","24","833","1360","0","61.25","43.6"
"10","020","00","002","0267","0000","868","660","208","38","906","1589","0","57.02","41.54"
"10","020","00","002","0267","0125","868","660","208","38","906","1589","0","57.02","41.54"
"10","020","00","002","0268","0000","2020","1424","596","38","2058","3598","0","57.2","39.58"
"10","020","00","002","0268","0171","678","481","197","12","690","1266","0","54.5","37.99"
"10","020","00","002","0268","0172","703","498","205","14","717","1211","0","59.21","41.12"
"10","020","00","002","0268","0173","639","445","194","12","651","1121","0","58.07","39.7"
"10","020","00","002","0269","0000","2288","1695","593","78","2366","4295","0","55.09","39.46"
"10","020","00","002","0269","0162","679","491","188","42","721","1262","0","57.13","38.91"
"10","020","00","002","0269","0163","693","507","186","15","708","1299","0","54.5","39.03"
"10","020","00","002","0269","0164","916","697","219","21","937","1734","0","54.04","40.2"
"10","020","00","002","0270","0000","638","477","161","8","646","1056","0","61.17","45.17"
"10","020","00","002","0270","0167","638","477","161","8","646","1056","0","61.17","45.17"
"09","020","00","000","0000","0000","41968","32991","8977","2006","43974","122695","138845","35.84","26.89"
"09","020","00","001","0000","0000","12675","10065","2610","596","13271","37815","43315","35.09","26.62"
"09","020","00","001","0101","0000","1786","1452","334","71","1857","4977","0","37.31","29.17"
"09","020","00","001","0101","0001","492","412","80","22","514","1396","0","36.82","29.51"
"09","020","00","001","0101","0002","682","555","127","20","702","1831","0","38.34","30.31"
"09","020","00","001","0101","0003","612","485","127","29","641","1750","0","36.63","27.71"
"09","020","00","001","0102","0000","3442","2720","722","176","3618","9882","0","36.61","27.52"
"09","020","00","001","0102","0007","511","376","135","47","558","1610","0","34.66","23.35"
"09","020","00","001","0102","0008","569","455","114","33","602","1687","0","35.68","26.97"
"09","020","00","001","0102","0009","565","448","117","16","581","1594","0","36.45","28.11"
"09","020","00","001","0102","0010","589","461","128","29","618","1726","0","35.81","26.71"
"09","020","00","001","0102","0011","606","496","110","25","631","1733","0","36.41","28.62"
"09","020","00","001","0102","0012","602","484","118","26","628","1532","0","40.99","31.59"
"09","020","00","001","0103","0000","1950","1528","422","85","2035","5465","0","37.24","27.96"
"09","020","00","001","0103","0004","691","556","135","27","718","1889","0","38.01","29.43"
"09","020","00","001","0103","0005","512","372","140","24","536","1675","0","32.0","22.21"
"09","020","00","001","0103","0006","747","600","147","34","781","1901","0","41.08","31.56"
"09","020","00","001","0104","0000","1295","1001","294","77","1372","4112","0","33.37","24.34"
"09","020","00","001","0104","0013","673","534","139","44","717","2079","0","34.49","25.69"
"09","020","00","001","0104","0014","622","467","155","33","655","2033","0","32.22","22.97"
"09","020","00","001","0105","0000","1030","809","221","36","1066","3788","0","28.14","21.36"
"09","020","00","001","0105","0018","709","549","160","11","720","2435","0","29.57","22.55"
"09","020","00","001","0105","0019","321","260","61","25","346","1353","0","25.57","19.22"
"09","020","00","001","0106","0000","702","572","130","34","736","2140","0","34.39","26.73"
"09","020","00","001","0106","0017","702","572","130","34","736","2140","0","34.39","26.73"
"09","020","00","001","0107","0000","940","757","183","37","977","2851","0","34.27","26.55"
"09","020","00","001","0107","0020","472","390","82","24","496","1574","0","31.51","24.78"
"09","020","00","001","0107","0021","468","367","101","13","481","1277","0","37.67","28.74"
"09","020","00","001","0108","0000","1530","1226","304","80","1610","4600","0","35.0","26.65"
"09","020","00","001","0108","0015","849","671","178","33","882","2517","0","35.04","26.66"
"09","020","00","001","0108","0016","681","555","126","47","728","2083","0","34.95","26.64"
"09","020","00","002","0000","0000","6260","5217","1043","316","6576","18560","20751","35.43","28.11"
"09","020","00","002","0201","0000","1737","1473","264","90","1827","5106","0","35.78","28.85"
"09","020","00","002","0201","0066","626","527","99","29","655","1909","0","34.31","27.61"
"09","020","00","002","0201","0067","596","506","90","29","625","1524","0","41.01","33.2"
"09","020","00","002","0201","0068","515","440","75","32","547","1673","0","32.7","26.3"
"09","020","00","002","0202","0000","667","565","102","34","701","1895","0","36.99","29.82"
"09","020","00","002","0202","0075","667","565","102","34","701","1895","0","36.99","29.82"
"09","020","00","002","0203","0000","431","361","70","35","466","1135","0","41.06","31.81"
"09","020","00","002","0203","0076","431","361","70","35","466","1135","0","41.06","31.81"
"09","020","00","002","0204","0000","863","695","168","38","901","2377","0","37.9","29.24"
"09","020","00","002","0204","0077","418","328","90","20","438","1252","0","34.98","26.2"
"09","020","00","002","0204","0078","445","367","78","18","463","1125","0","41.16","32.62"
"09","020","00","002","0205","0000","639","549","90","21","660","2003","0","32.95","27.41"
"09","020","00","002","0205","0069","639","549","90","21","660","2003","0","32.95","27.41"
"09","020","00","002","0206","0000","454","368","86","25","479","1540","0","31.1","23.9"
"09","020","00","002","0206","0072","454","368","86","25","479","1540","0","31.1","23.9"
"09","020","00","002","0207","0000","604","495","109","33","637","2166","0","29.41","22.85"
"09","020","00","002","0207","0073","357","291","66","21","378","1216","0","31.09","23.93"
"09","020","00","002","0207","0074","247","204","43","12","259","950","0","27.26","21.47"
"09","020","00","002","0208","0000","865","711","154","40","905","2338","0","38.71","30.41"
"09","020","00","002","0208","0070","473","384","89","22","495","1212","0","40.84","31.68"
"09","020","00","002","0208","0071","392","327","65","18","410","1126","0","36.41","29.04"
"09","020","00","003","0000","0000","9055","7214","1841","457","9512","25915","29658","36.7","27.84"
"09","020","00","003","0301","0000","1554","1200","354","79","1633","4137","0","39.47","29.01"
"09","020","00","003","0301","0049","520","394","126","20","540","1348","0","40.06","29.23"
"09","020","00","003","0301","0050","464","343","121","24","488","1386","0","35.21","24.75"
"09","020","00","003","0301","0051","570","463","107","35","605","1403","0","43.12","33.0"
"09","020","00","003","0302","0000","1173","906","267","63","1236","3264","0","37.87","27.76"
"09","020","00","003","0302","0052","642","506","136","33","675","1771","0","38.11","28.57"
"09","020","00","003","0302","0053","531","400","131","30","561","1493","0","37.58","26.79"
"09","020","00","003","0303","0000","840","669","171","59","899","2618","0","34.34","25.55"
"09","020","00","003","0303","0062","388","315","73","28","416","1236","0","33.66","25.49"
"09","020","00","003","0303","0063","452","354","98","31","483","1382","0","34.95","25.62"
"09","020","00","003","0304","0000","642","526","116","32","674","2006","0","33.6","26.22"
"09","020","00","003","0304","0056","642","526","116","32","674","2006","0","33.6","26.22"
"09","020","00","003","0305","0000","992","823","169","61","1053","3145","0","33.48","26.17"
"09","020","00","003","0305","0064","551","456","95","9","560","1631","0","34.33","27.96"
"09","020","00","003","0305","0065","441","367","74","52","493","1514","0","32.56","24.24"
"09","020","00","003","0306","0000","2755","2173","582","114","2869","7628","0","37.61","28.49"
"09","020","00","003","0306","0057","617","466","151","25","642","1780","0","36.07","26.18"
"09","020","00","003","0306","0058","623","495","128","12","635","1739","0","36.52","28.46"
"09","020","00","003","0306","0059","443","354","89","36","479","1384","0","34.61","25.58"
"09","020","00","003","0306","0060","506","397","109","22","528","1400","0","37.71","28.36"
"09","020","00","003","0306","0061","566","461","105","19","585","1325","0","44.15","34.79"
"09","020","00","003","0307","0000","520","433","87","20","540","1510","0","35.76","28.68"
"09","020","00","003","0307","0054","520","433","87","20","540","1510","0","35.76","28.68"
"09","020","00","003","0308","0000","579","484","95","29","608","1607","0","37.83","30.12"
"09","020","00","003","0308","0055","579","484","95","29","608","1607","0","37.83","30.12"
"09","020","00","004","0000","0000","9769","7058","2711","419","10188","28162","31588","36.18","25.06"
"09","020","00","004","0401","0000","970","798","172","55","1025","3272","0","31.33","24.39"
"09","020","00","004","0401","0022","514","427","87","27","541","1735","0","31.18","24.61"
"09","020","00","004","0401","0023","456","371","85","28","484","1537","0","31.49","24.14"
"09","020","00","004","0402","0000","1529","1186","343","61","1590","4507","0","35.28","26.31"
"09","020","00","004","0402","0024","565","398","167","31","596","1766","0","33.75","22.54"
"09","020","00","004","0402","0025","367","294","73","8","375","1015","0","36.95","28.97"
"09","020","00","004","0402","0026","597","494","103","22","619","1726","0","35.86","28.62"
"09","020","00","004","0403","0000","475","380","95","31","506","1537","0","32.92","24.72"
"09","020","00","004","0403","0038","475","380","95","31","506","1537","0","32.92","24.72"
"09","020","00","004","0404","0000","2684","1803","881","91","2775","7318","0","37.92","24.64"
"09","020","00","004","0404","0027","509","417","92","31","540","1691","0","31.93","24.66"
"09","020","00","004","0404","0028","848","340","508","18","866","2044","0","42.37","16.63"
"09","020","00","004","0404","0029","745","578","167","19","764","1848","0","41.34","31.28"
"09","020","00","004","0404","0030","582","468","114","23","605","1735","0","34.87","26.97"
"09","020","00","004","0405","0000","1612","1285","327","108","1720","5157","0","33.35","24.92"
"09","020","00","004","0405","0031","595","464","131","32","627","1795","0","34.93","25.85"
"09","020","00","004","0405","0032","546","454","92","36","582","1834","0","31.73","24.75"
"09","020","00","004","0405","0033","471","367","104","40","511","1528","0","33.44","24.02"
"09","020","00","004","0406","0000","2499","1606","893","73","2572","6371","0","40.37","25.21"
"09","020","00","004","0406","0034","547","453","94","21","568","1473","0","38.56","30.75"
"09","020","00","004","0406","0035","577","543","34","26","603","1679","0","35.91","32.34"
"09","020","00","004","0406","0036","924","262","662","9","933","1921","0","48.57","13.64"
"09","020","00","004","0406","0037","451","348","103","17","468","1298","0","36.06","26.81"
"09","020","00","005","0000","0000","4052","3304","748","210","4262","11676","12847","36.5","28.3"
"09","020","00","005","0501","0000","985","807","178","45","1030","2841","0","36.25","28.41"
"09","020","00","005","0501","0045","505","410","95","20","525","1412","0","37.18","29.04"
"09","020","00","005","0501","0046","480","397","83","25","505","1429","0","35.34","27.78"
"09","020","00","005","0502","0000","462","370","92","29","491","1425","0","34.46","25.96"
"09","020","00","005","0502","0044","462","370","92","29","491","1425","0","34.46","25.96"
"09","020","00","005","0503","0000","754","619","135","41","795","2395","0","33.19","25.85"
"09","020","00","005","0503","0042","422","341","81","18","440","1296","0","33.95","26.31"
"09","020","00","005","0503","0043","332","278","54","23","355","1099","0","32.3","25.3"
"09","020","00","005","0504","0000","1265","1045","220","74","1339","3380","0","39.62","30.92"
"09","020","00","005","0504","0039","684","564","120","38","722","1647","0","43.84","34.24"
"09","020","00","005","0504","0040","581","481","100","36","617","1733","0","35.6","27.76"
"09","020","00","005","0505","0000","586","463","123","21","607","1635","0","37.13","28.32"
"09","020","00","005","0505","0041","586","463","123","21","607","1635","0","37.13","28.32"
"09","020","00","006","0000","0000","157","133","24","8","165","567","686","29.1","23.46"
"09","020","00","006","0601","0000","74","57","17","4","78","275","0","28.36","20.73"
"09","020","00","006","0601","0047","74","57","17","4","78","275","0","28.36","20.73"
"09","020","00","006","0602","0000","83","76","7","4","87","292","0","29.79","26.03"
"09","020","00","006","0602","0048","83","76","7","4","87","292","0","29.79","26.03"
"09","007","00","000","0000","0000","5590","4341","1249","179","5769","11205","13062","51.49","38.74"
"09","007","00","001","0000","0000","3176","2485","691","101","3277","6461","7657","50.72","38.46"
"09","007","00","001","0101","0000","972","731","241","42","1014","1967","0","51.55","37.16"
"09","007","00","001","0101","0001","972","731","241","42","1014","1967","0","51.55","37.16"
"09","007","00","001","01x2","0000","854","667","187","30","884","1837","0","48.12","36.31"
"09","007","00","001","01x2","0002","854","667","187","30","884","1837","0","48.12","36.31"
"09","007","00","001","01x4","0000","563","435","128","16","579","1114","0","51.97","39.05"
"09","007","00","001","01x4","0003","563","435","128","16","579","1114","0","51.97","39.05"
"09","007","00","001","01x5","0000","787","652","135","13","800","1543","0","51.85","42.26"
"09","007","00","001","01x5","0004","787","652","135","13","800","1543","0","51.85","42.26"
"09","007","00","002","0000","0000","1066","832","234","44","1110","2125","2430","52.24","39.15"
"09","007","00","002","02x1","0000","785","614","171","30","815","1515","0","53.8","40.53"
"09","007","00","002","02x1","0005","785","614","171","30","815","1515","0","53.8","40.53"
"09","007","00","002","02x4","0000","281","218","63","14","295","610","0","48.36","35.74"
"09","007","00","002","02x4","0006","281","218","63","14","295","610","0","48.36","35.74"
"09","007","00","003","0000","0000","774","592","182","22","796","1481","1627","53.75","39.97"
"09","007","00","003","03x1","0000","340","262","78","11","351","698","0","50.29","37.54"
"09","007","00","003","03x1","0007","340","262","78","11","351","698","0","50.29","37.54"
"09","007","00","003","03x4","0000","434","330","104","11","445","783","0","56.83","42.15"
"09","007","00","003","03x4","0008","434","330","104","11","445","783","0","56.83","42.15"
"09","007","00","004","0000","0000","574","432","142","12","586","1138","1348","51.49","37.96"
"09","007","00","004","04x1","0000","574","432","142","12","586","1138","0","51.49","37.96"
"09","007","00","004","04x1","0009","574","432","142","12","586","1138","0","51.49","37.96"
