"prv_code","city_code","area_code","dept_code","li_code","tbox_no","valid_ticket","agree_ticket","disagree_ticket","invalid_ticket","vote_ticket","votable_population","population","vote_to_votable","agree_to_votable"
"00","000","00","000","0000","0000","9909775","5895560","4014215","922960","10832735","19757067","23580833","54.83","29.84"
"63","000","00","000","0000","0000","1193095","698579","494516","91528","1284623","2228430","2669874","57.65","31.35"
"63","000","00","001","0000","0000","93225","55200","38025","6808","100033","169278","205826","59.09","32.61"
"63","000","00","001","0102","0000","2510","1520","990","201","2711","4660","0","58.18","32.62"
"63","000","00","001","0102","0527","875","521","354","60","935","1583","0","59.07","32.91"
"63","000","00","001","0102","0528","896","547","349","86","982","1691","0","58.07","32.35"
"63","000","00","001","0102","0529","739","452","287","55","794","1386","0","57.29","32.61"
"63","000","00","001","0103","0000","3833","2187","1646","333","4166","6767","0","61.56","32.32"
"63","000","00","001","0103","0530","768","444","324","58","826","1362","0","60.65","32.6"
"63","000","00","001","0103","0531","790","462","328","53","843","1399","0","60.26","33.02"
"63","000","00","001","0103","0532","727","393","334","85","812","1324","0","61.33","29.68"
"63","000","00","001","0103","0533","754","429","325","77","831","1296","0","64.12","33.1"
"63","000","00","001","0103","0534","794","459","335","60","854","1386","0","61.62","33.12"
"63","000","00","001","0104","0000","3292","1948","1344","260","3552","5950","0","59.7","32.74"
"63","000","00","001","0104","0535","892","507","385","89","981","1529","0","64.16","33.16"
"63","000","00","001","0104","0536","775","496","279","46","821","1416","0","57.98","35.03"
"63","000","00","001","0104","0537","837","513","324","68","905","1619","0","55.9","31.69"
"63","000","00","001","0104","0538","788","432","356","57","845","1386","0","60.97","31.17"
"63","000","00","001","0105","0000","2373","1395","978","159","2532","4033","0","62.78","34.59"
"63","000","00","001","0105","0539","836","507","329","50","886","1380","0","64.2","36.74"
"63","000","00","001","0105","0540","770","424","346","56","826","1357","0","60.87","31.25"
"63","000","00","001","0105","0541","767","464","303","53","820","1296","0","63.27","35.8"
"63","000","00","001","0106","0000","2470","1343","1127","183","2653","4450","0","59.62","30.18"
"63","000","00","001","0106","0542","906","558","348","79","985","1632","0","60.36","34.19"
"63","000","00","001","0106","0543","774","442","332","52","826","1414","0","58.42","31.26"
"63","000","00","001","0106","0544","790","343","447","52","842","1404","0","59.97","24.43"
"63","000","00","001","0107","0000","2414","1390","1024","208","2622","4279","0","61.28","32.48"
"63","000","00","001","0107","0545","780","460","320","73","853","1365","0","62.49","33.7"
"63","000","00","001","0107","0546","793","456","337","71","864","1431","0","60.38","31.87"
"63","000","00","001","0107","0547","841","474","367","64","905","1483","0","61.02","31.96"
"63","000","00","001","0108","0000","2253","1392","861","168","2421","4010","0","60.37","34.71"
"63","000","00","001","0108","0548","753","433","320","60","813","1293","0","62.88","33.49"
"63","000","00","001","0108","0549","757","486","271","58","815","1410","0","57.8","34.47"
"63","000","00","001","0108","0550","743","473","270","50","793","1307","0","60.67","36.19"
"63","000","00","001","0109","0000","2174","1220","954","156","2330","3710","0","62.8","32.88"
"63","000","00","001","0109","0551","740","399","341","54","794","1242","0","63.93","32.13"
"63","000","00","001","0109","0552","697","405","292","38","735","1192","0","61.66","33.98"
"63","000","00","001","0109","0553","737","416","321","64","801","1276","0","62.77","32.6"
"63","000","00","001","0110","0000","2074","1228","846","119","2193","3676","0","59.66","33.41"
"63","000","00","001","0110","0554","666","392","274","38","704","1201","0","58.62","32.64"
"63","000","00","001","0110","0555","752","448","304","39","791","1318","0","60.02","33.99"
"63","000","00","001","0110","0556","656","388","268","42","698","1157","0","60.33","33.54"
"63","000","00","001","0111","0000","3436","2051","1385","249","3685","6311","0","58.39","32.5"
"63","000","00","001","0111","0557","637","371","266","28","665","1157","0","57.48","32.07"
"63","000","00","001","0111","0558","775","461","314","58","833","1357","0","61.39","33.97"
"63","000","00","001","0111","0559","603","372","231","45","648","1215","0","53.33","30.62"
"63","000","00","001","0111","0560","749","469","280","41","790","1345","0","58.74","34.87"
"63","000","00","001","0111","0561","672","378","294","77","749","1237","0","60.55","30.56"
"63","000","00","001","0112","0000","4938","3134","1804","270","5208","8478","0","61.43","36.97"
"63","000","00","001","0112","0562","832","544","288","34","866","1393","0","62.17","39.05"
"63","000","00","001","0112","0563","807","455","352","56","863","1331","0","64.84","34.18"
"63","000","00","001","0112","0564","908","554","354","57","965","1550","0","62.26","35.74"
"63","000","00","001","0112","0565","702","493","209","41","743","1308","0","56.8","37.69"
"63","000","00","001","0112","0566","835","548","287","43","878","1490","0","58.93","36.78"
"63","000","00","001","0112","0567","854","540","314","39","893","1406","0","63.51","38.41"
"63","000","00","001","0113","0000","1338","757","581","96","1434","2286","0","62.73","33.11"
"63","000","00","001","0113","0568","726","392","334","43","769","1191","0","64.57","32.91"
"63","000","00","001","0113","0569","612","365","247","53","665","1095","0","60.73","33.33"
"63","000","00","001","0114","0000","2010","1181","829","165","2175","3688","0","58.98","32.02"
"63","000","00","001","0114","0570","653","372","281","58","711","1198","0","59.35","31.05"
"63","000","00","001","0114","0571","687","413","274","60","747","1265","0","59.05","32.65"
"63","000","00","001","0114","0572","670","396","274","47","717","1225","0","58.53","32.33"
"63","000","00","001","0115","0000","2948","1781","1167","207","3155","5271","0","59.86","33.79"
"63","000","00","001","0115","0573","986","570","416","69","1055","1698","0","62.13","33.57"
"63","000","00","001","0115","0574","981","634","347","59","1040","1819","0","57.17","34.85"
"63","000","00","001","0115","0575","981","577","404","79","1060","1754","0","60.43","32.9"
"63","000","00","001","0116","0000","4384","2486","1898","302","4686","7675","0","61.06","32.39"
"63","000","00","001","0116","0576","800","412","388","50","850","1361","0","62.45","30.27"
"63","000","00","001","0116","0577","719","430","289","25","744","1189","0","62.57","36.16"
"63","000","00","001","0116","0578","691","390","301","56","747","1214","0","61.53","32.13"
"63","000","00","001","0116","0579","702","402","300","64","766","1284","0","59.66","31.31"
"63","000","00","001","0116","0580","752","439","313","53","805","1297","0","62.07","33.85"
"63","000","00","001","0116","0581","720","413","307","54","774","1330","0","58.2","31.05"
"63","000","00","001","0117","0000","3182","1915","1267","259","3441","5685","0","60.53","33.69"
"63","000","00","001","0117","0582","800","487","313","95","895","1396","0","64.11","34.89"
"63","000","00","001","0117","0583","792","491","301","45","837","1480","0","56.55","33.18"
"63","000","00","001","0117","0584","815","496","319","48","863","1419","0","60.82","34.95"
"63","000","00","001","0117","0585","775","441","334","71","846","1390","0","60.86","31.73"
"63","000","00","001","0118","0000","3089","1701","1388","270","3359","7127","0","47.13","23.87"
"63","000","00","001","0118","0588","839","481","358","58","897","2677","0","33.51","17.97"
"63","000","00","001","0118","0589","716","374","342","57","773","1281","0","60.34","29.2"
"63","000","00","001","0118","0590","655","354","301","69","724","1469","0","49.29","24.1"
"63","000","00","001","0118","0591","879","492","387","86","965","1700","0","56.76","28.94"
"63","000","00","001","0119","0000","3956","2257","1699","305","4261","7443","0","57.25","30.32"
"63","000","00","001","0119","0592","771","423","348","53","824","1503","0","54.82","28.14"
"63","000","00","001","0119","0593","700","406","294","40","740","1309","0","56.53","31.02"
"63","000","00","001","0119","0594","749","447","302","87","836","1376","0","60.76","32.49"
"63","000","00","001","0119","0595","904","529","375","49","953","1654","0","57.62","31.98"
"63","000","00","001","0119","0596","832","452","380","76","908","1601","0","56.71","28.23"
"63","000","00","001","0120","0000","2747","1688","1059","203","2950","4845","0","60.89","34.84"
"63","000","00","001","0120","0597","828","531","297","56","884","1496","0","59.09","35.49"
"63","000","00","001","0120","0598","927","548","379","85","1012","1598","0","63.33","34.29"
"63","000","00","001","0120","0599","992","609","383","62","1054","1751","0","60.19","34.78"
"63","000","00","001","0121","0000","5009","3433","1576","276","5285","8544","0","61.86","40.18"
"63","000","00","001","0121","0600","925","658","267","48","973","1557","0","62.49","42.26"
"63","000","00","001","0121","0601","1038","701","337","51","1089","1686","0","64.59","41.58"
"63","000","00","001","0121","0602","980","702","278","71","1051","1707","0","61.57","41.12"
"63","000","00","001","0121","0603","1138","755","383","57","1195","1854","0","64.46","40.72"
"63","000","00","001","0121","0604","928","617","311","49","977","1740","0","56.15","35.46"
"63","000","00","001","0122","0000","4149","2483","1666","266","4415","7404","0","59.63","33.54"
"63","000","00","001","0122","0605","801","482","319","85","886","1494","0","59.3","32.26"
"63","000","00","001","0122","0606","819","491","328","55","874","1453","0","60.15","33.79"
"63","000","00","001","0122","0607","832","493","339","40","872","1458","0","59.81","33.81"
"63","000","00","001","0122","0608","857","520","337","41","898","1536","0","58.46","33.85"
"63","000","00","001","0122","0609","840","497","343","45","885","1463","0","60.49","33.97"
"63","000","00","001","0124","0000","3665","2090","1575","264","3929","7047","0","55.75","29.66"
"63","000","00","001","0124","0610","911","523","388","45","956","1790","0","53.41","29.22"
"63","000","00","001","0124","0611","951","536","415","66","1017","1679","0","60.57","31.92"
"63","000","00","001","0124","0612","862","484","378","82","944","1785","0","52.89","27.11"
"63","000","00","001","0124","0613","941","547","394","71","1012","1793","0","56.44","30.51"
"63","000","00","001","0125","0000","3107","1916","1191","277","3384","5573","0","60.72","34.38"
"63","000","00","001","0125","0614","758","520","238","62","820","1381","0","59.38","37.65"
"63","000","00","001","0125","0615","716","418","298","59","775","1279","0","60.59","32.68"
"63","000","00","001","0125","0616","912","537","375","96","1008","1681","0","59.96","31.95"
"63","000","00","001","0125","0617","721","441","280","60","781","1232","0","63.39","35.8"
"63","000","00","001","0126","0000","4231","2541","1690","275","4506","7803","0","57.75","32.56"
"63","000","00","001","0126","0618","832","476","356","56","888","1533","0","57.93","31.05"
"63","000","00","001","0126","0619","885","496","389","64","949","1540","0","61.62","32.21"
"63","000","00","001","0126","0620","905","511","394","61","966","1716","0","56.29","29.78"
"63","000","00","001","0126","0621","863","628","235","61","924","1664","0","55.53","37.74"
"63","000","00","001","0126","0622","746","430","316","33","779","1350","0","57.7","31.85"
"63","000","00","001","0127","0000","1759","1006","753","144","1903","3395","0","56.05","29.63"
"63","000","00","001","0127","0623","998","575","423","53","1051","1837","0","57.21","31.3"
"63","000","00","001","0127","0624","761","431","330","91","852","1558","0","54.69","27.66"
"63","000","00","001","0128","0000","1598","920","678","124","1722","2894","0","59.5","31.79"
"63","000","00","001","0128","0625","804","466","338","68","872","1420","0","61.41","32.82"
"63","000","00","001","0128","0626","794","454","340","56","850","1474","0","57.67","30.8"
"63","000","00","001","0129","0000","1772","1047","725","142","1914","3317","0","57.7","31.56"
"63","000","00","001","0129","0627","840","499","341","74","914","1591","0","57.45","31.36"
"63","000","00","001","0129","0628","932","548","384","68","1000","1726","0","57.94","31.75"
"63","000","00","001","0130","0000","3126","1734","1392","235","3361","5792","0","58.03","29.94"
"63","000","00","001","0130","0629","798","435","363","54","852","1452","0","58.68","29.96"
"63","000","00","001","0130","0630","773","422","351","54","827","1482","0","55.8","28.48"
"63","000","00","001","0130","0631","809","447","362","64","873","1460","0","59.79","30.62"
"63","000","00","001","0130","0632","746","430","316","63","809","1398","0","57.87","30.76"
"63","000","00","001","0131","0000","1480","844","636","109","1589","2649","0","59.98","31.86"
"63","000","00","001","0131","0633","789","454","335","67","856","1423","0","60.15","31.9"
"63","000","00","001","0131","0634","691","390","301","42","733","1226","0","59.79","31.81"
"63","000","00","001","0132","0000","1947","1212","735","139","2086","3761","0","55.46","32.23"
"63","000","00","001","0132","0635","650","360","290","54","704","1158","0","60.79","31.09"
"63","000","00","001","0132","0636","769","451","318","54","823","1426","0","57.71","31.63"
"63","000","00","001","0132","0637","528","401","127","31","559","1177","0","47.49","34.07"
"63","000","00","001","0133","0000","3018","1750","1268","241","3259","5355","0","60.86","32.68"
"63","000","00","001","0133","0638","751","449","302","52","803","1363","0","58.91","32.94"
"63","000","00","001","0133","0639","710","429","281","60","770","1240","0","62.1","34.6"
"63","000","00","001","0133","0640","795","433","362","66","861","1375","0","62.62","31.49"
"63","000","00","001","0133","0641","762","439","323","63","825","1377","0","59.91","31.88"
"63","000","00","001","0134","0000","1238","678","560","92","1330","2242","0","59.32","30.24"
"63","000","00","001","0134","0642","640","371","269","43","683","1225","0","55.76","30.29"
"63","000","00","001","0134","0643","598","307","291","49","647","1017","0","63.62","30.19"
"63","000","00","001","0135","0000","1705","972","733","111","1816","3158","0","57.5","30.78"
"63","000","00","001","0135","0586","860","481","379","57","917","1525","0","60.13","31.54"
"63","000","00","001","0135","0587","845","491","354","54","899","1633","0","55.05","30.07"
"63","000","00","002","0000","0000","102494","60987","41507","7625","110119","190444","223594","57.82","32.02"
"63","000","00","002","0201","0000","2387","1560","827","114","2501","5151","0","48.55","30.29"
"63","000","00","002","0201","0644","773","498","275","34","807","2476","0","32.59","20.11"
"63","000","00","002","0201","0645","845","565","280","28","873","1381","0","63.22","40.91"
"63","000","00","002","0201","0646","769","497","272","52","821","1294","0","63.45","38.41"
"63","000","00","002","0202","0000","2238","1370","868","147","2385","3949","0","60.4","34.69"
"63","000","00","002","0202","0647","755","455","300","44","799","1351","0","59.14","33.68"
"63","000","00","002","0202","0648","717","449","268","52","769","1296","0","59.34","34.65"
"63","000","00","002","0202","0649","766","466","300","51","817","1302","0","62.75","35.79"
"63","000","00","002","0203","0000","1267","764","503","104","1371","2446","0","56.05","31.23"
"63","000","00","002","0203","0650","513","304","209","72","585","1025","0","57.07","29.66"
"63","000","00","002","0203","0651","754","460","294","32","786","1421","0","55.31","32.37"
"63","000","00","002","0204","0000","1573","945","628","95","1668","3076","0","54.23","30.72"
"63","000","00","002","0204","0652","806","496","310","50","856","1501","0","57.03","33.04"
"63","000","00","002","0204","0653","767","449","318","45","812","1575","0","51.56","28.51"
"63","000","00","002","0205","0000","1640","981","659","70","1710","2898","0","59.01","33.85"
"63","000","00","002","0205","0654","849","506","343","31","880","1516","0","58.05","33.38"
"63","000","00","002","0205","0655","791","475","316","39","830","1382","0","60.06","34.37"
"63","000","00","002","0206","0000","2753","1622","1131","241","2994","5054","0","59.24","32.09"
"63","000","00","002","0206","0656","606","360","246","53","659","1128","0","58.42","31.91"
"63","000","00","002","0206","0657","728","440","288","70","798","1397","0","57.12","31.5"
"63","000","00","002","0206","0658","670","375","295","66","736","1161","0","63.39","32.3"
"63","000","00","002","0206","0659","749","447","302","52","801","1368","0","58.55","32.68"
"63","000","00","002","0207","0000","2619","1501","1118","175","2794","4589","0","60.88","32.71"
"63","000","00","002","0207","0660","597","350","247","33","630","1049","0","60.06","33.37"
"63","000","00","002","0207","0661","718","415","303","53","771","1308","0","58.94","31.73"
"63","000","00","002","0207","0662","666","370","296","61","727","1154","0","63.0","32.06"
"63","000","00","002","0207","0663","638","366","272","28","666","1078","0","61.78","33.95"
"63","000","00","002","0208","0000","3770","2245","1525","240","4010","6667","0","60.15","33.67"
"63","000","00","002","0208","0664","757","459","298","56","813","1375","0","59.13","33.38"
"63","000","00","002","0208","0665","808","485","323","53","861","1448","0","59.46","33.49"
"63","000","00","002","0208","0666","724","445","279","31","755","1250","0","60.4","35.6"
"63","000","00","002","0208","0667","785","453","332","43","828","1381","0","59.96","32.8"
"63","000","00","002","0208","0668","696","403","293","57","753","1213","0","62.08","33.22"
"63","000","00","002","0209","0000","4864","2797","2067","304","5168","8706","0","59.36","32.13"
"63","000","00","002","0209","0669","825","448","377","52","877","1373","0","63.87","32.63"
"63","000","00","002","0209","0670","700","406","294","51","751","1226","0","61.26","33.12"
"63","000","00","002","0209","0671","633","355","278","35","668","1117","0","59.8","31.78"
"63","000","00","002","0209","0672","649","380","269","53","702","1123","0","62.51","33.84"
"63","000","00","002","0209","0673","690","408","282","39","729","1200","0","60.75","34.0"
"63","000","00","002","0209","0674","676","387","289","37","713","1335","0","53.41","28.99"
"63","000","00","002","0209","0675","691","413","278","37","728","1332","0","54.65","31.01"
"63","000","00","002","0210","0000","1705","1000","705","155","1860","3190","0","58.31","31.35"
"63","000","00","002","0210","0676","898","535","363","83","981","1648","0","59.53","32.46"
"63","000","00","002","0210","0677","807","465","342","72","879","1542","0","57.0","30.16"
"63","000","00","002","0211","0000","2361","1318","1043","193","2554","4362","0","58.55","30.22"
"63","000","00","002","0211","0678","660","377","283","78","738","1228","0","60.1","30.7"
"63","000","00","002","0211","0679","910","494","416","71","981","1731","0","56.67","28.54"
"63","000","00","002","0211","0680","791","447","344","44","835","1403","0","59.52","31.86"
"63","000","00","002","0212","0000","1705","1011","694","159","1864","3229","0","57.73","31.31"
"63","000","00","002","0212","0681","972","578","394","94","1066","1929","0","55.26","29.96"
"63","000","00","002","0212","0682","733","433","300","65","798","1300","0","61.38","33.31"
"63","000","00","002","0213","0000","2277","1317","960","175","2452","4405","0","55.66","29.9"
"63","000","00","002","0213","0683","760","462","298","38","798","1486","0","53.7","31.09"
"63","000","00","002","0213","0684","707","394","313","79","786","1532","0","51.31","25.72"
"63","000","00","002","0213","0685","810","461","349","58","868","1387","0","62.58","33.24"
"63","000","00","002","0214","0000","1759","1055","704","180","1939","3536","0","54.84","29.84"
"63","000","00","002","0214","0686","591","376","215","62","653","1195","0","54.64","31.46"
"63","000","00","002","0214","0687","542","330","212","61","603","1068","0","56.46","30.9"
"63","000","00","002","0214","0688","626","349","277","57","683","1273","0","53.65","27.42"
"63","000","00","002","0215","0000","2060","1168","892","200","2260","3898","0","57.98","29.96"
"63","000","00","002","0215","0689","747","425","322","86","833","1329","0","62.68","31.98"
"63","000","00","002","0215","0690","677","381","296","47","724","1311","0","55.23","29.06"
"63","000","00","002","0215","0691","636","362","274","67","703","1258","0","55.88","28.78"
"63","000","00","002","0216","0000","2810","1599","1211","274","3084","5022","0","61.41","31.84"
"63","000","00","002","0216","0692","686","390","296","88","774","1277","0","60.61","30.54"
"63","000","00","002","0216","0693","746","435","311","67","813","1285","0","63.27","33.85"
"63","000","00","002","0216","0694","681","369","312","64","745","1161","0","64.17","31.78"
"63","000","00","002","0216","0695","697","405","292","55","752","1299","0","57.89","31.18"
"63","000","00","002","0217","0000","2643","1569","1074","183","2826","4811","0","58.74","32.61"
"63","000","00","002","0217","0696","666","407","259","54","720","1243","0","57.92","32.74"
"63","000","00","002","0217","0697","648","389","259","44","692","1197","0","57.81","32.5"
"63","000","00","002","0217","0698","749","443","306","31","780","1224","0","63.73","36.19"
"63","000","00","002","0217","0699","580","330","250","54","634","1147","0","55.27","28.77"
"63","000","00","002","0218","0000","2413","1418","995","188","2601","4373","0","59.48","32.43"
"63","000","00","002","0218","0700","586","329","257","30","616","1045","0","58.95","31.48"
"63","000","00","002","0218","0701","648","395","253","56","704","1096","0","64.23","36.04"
"63","000","00","002","0218","0702","609","355","254","29","638","1115","0","57.22","31.84"
"63","000","00","002","0218","0703","570","339","231","73","643","1117","0","57.56","30.35"
"63","000","00","002","0219","0000","1970","1191","779","157","2127","3770","0","56.42","31.59"
"63","000","00","002","0219","0704","500","294","206","35","535","1019","0","52.5","28.85"
"63","000","00","002","0219","0705","724","441","283","72","796","1346","0","59.14","32.76"
"63","000","00","002","0219","0706","746","456","290","50","796","1405","0","56.65","32.46"
"63","000","00","002","0220","0000","3686","2234","1452","246","3932","6448","0","60.98","34.65"
"63","000","00","002","0220","0707","735","464","271","58","793","1356","0","58.48","34.22"
"63","000","00","002","0220","0708","777","455","322","27","804","1250","0","64.32","36.4"
"63","000","00","002","0220","0709","708","421","287","60","768","1254","0","61.24","33.57"
"63","000","00","002","0220","0710","716","434","282","46","762","1317","0","57.86","32.95"
"63","000","00","002","0220","0711","750","460","290","55","805","1271","0","63.34","36.19"
"63","000","00","002","0221","0000","1041","592","449","82","1123","2004","0","56.04","29.54"
"63","000","00","002","0221","0712","515","286","229","40","555","979","0","56.69","29.21"
"63","000","00","002","0221","0713","526","306","220","42","568","1025","0","55.41","29.85"
"63","000","00","002","0222","0000","3124","1851","1273","186","3310","5741","0","57.66","32.24"
"63","000","00","002","0222","0714","705","427","278","49","754","1512","0","49.87","28.24"
"63","000","00","002","0222","0715","836","475","361","51","887","1483","0","59.81","32.03"
"63","000","00","002","0222","0716","783","458","325","51","834","1359","0","61.37","33.7"
"63","000","00","002","0222","0717","800","491","309","35","835","1387","0","60.2","35.4"
"63","000","00","002","0223","0000","2434","1390","1044","128","2562","4448","0","57.6","31.25"
"63","000","00","002","0223","0718","759","416","343","36","795","1455","0","54.64","28.59"
"63","000","00","002","0223","0719","815","461","354","34","849","1461","0","58.11","31.55"
"63","000","00","002","0223","0720","860","513","347","58","918","1532","0","59.92","33.49"
"63","000","00","002","0224","0000","2212","1266","946","229","2441","3964","0","61.58","31.94"
"63","000","00","002","0224","0721","619","350","269","53","672","1043","0","64.43","33.56"
"63","000","00","002","0224","0722","502","282","220","54","556","875","0","63.54","32.23"
"63","000","00","002","0224","0723","485","282","203","42","527","927","0","56.85","30.42"
"63","000","00","002","0224","0724","606","352","254","80","686","1119","0","61.3","31.46"
"63","000","00","002","0225","0000","3869","2196","1673","300","4169","7061","0","59.04","31.1"
"63","000","00","002","0225","0725","787","425","362","76","863","1463","0","58.99","29.05"
"63","000","00","002","0225","0726","761","424","337","58","819","1293","0","63.34","32.79"
"63","000","00","002","0225","0727","810","475","335","65","875","1553","0","56.34","30.59"
"63","000","00","002","0225","0728","742","425","317","43","785","1360","0","57.72","31.25"
"63","000","00","002","0225","0729","769","447","322","58","827","1392","0","59.41","32.11"
"63","000","00","002","0226","0000","2906","1702","1204","206","3112","5430","0","57.31","31.34"
"63","000","00","002","0226","0730","758","436","322","32","790","1377","0","57.37","31.66"
"63","000","00","002","0226","0731","763","451","312","29","792","1377","0","57.52","32.75"
"63","000","00","002","0226","0732","644","360","284","40","684","1269","0","53.9","28.37"
"63","000","00","002","0226","0733","741","455","286","105","846","1407","0","60.13","32.34"
"63","000","00","002","0227","0000","1974","1140","834","150","2124","3609","0","58.85","31.59"
"63","000","00","002","0227","0734","637","358","279","48","685","1172","0","58.45","30.55"
"63","000","00","002","0227","0735","643","365","278","38","681","1182","0","57.61","30.88"
"63","000","00","002","0227","0736","694","417","277","64","758","1255","0","60.4","33.23"
"63","000","00","002","0228","0000","2296","1414","882","119","2415","4437","0","54.43","31.87"
"63","000","00","002","0228","0737","848","534","314","45","893","1689","0","52.87","31.62"
"63","000","00","002","0228","0738","837","518","319","36","873","1605","0","54.39","32.27"
"63","000","00","002","0228","0739","611","362","249","38","649","1143","0","56.78","31.67"
"63","000","00","002","0229","0000","3123","1896","1227","220","3343","5898","0","56.68","32.15"
"63","000","00","002","0229","0740","718","442","276","59","777","1440","0","53.96","30.69"
"63","000","00","002","0229","0741","802","494","308","61","863","1495","0","57.73","33.04"
"63","000","00","002","0229","0742","861","522","339","52","913","1514","0","60.3","34.48"
"63","000","00","002","0229","0743","742","438","304","48","790","1449","0","54.52","30.23"
"63","000","00","002","0230","0000","4334","2659","1675","290","4624","7867","0","58.78","33.8"
"63","000","00","002","0230","0744","787","461","326","69","856","1401","0","61.1","32.91"
"63","000","00","002","0230","0745","609","372","237","26","635","1181","0","53.77","31.5"
"63","000","00","002","0230","0746","814","512","302","50","864","1376","0","62.79","37.21"
"63","000","00","002","0230","0747","808","507","301","66","874","1422","0","61.46","35.65"
"63","000","00","002","0230","0748","702","446","256","35","737","1267","0","58.17","35.2"
"63","000","00","002","0230","0749","614","361","253","44","658","1220","0","53.93","29.59"
"63","000","00","002","0231","0000","2348","1437","911","139","2487","4622","0","53.81","31.09"
"63","000","00","002","0231","0750","758","467","291","45","803","1562","0","51.41","29.9"
"63","000","00","002","0231","0751","765","451","314","34","799","1455","0","54.91","31.0"
"63","000","00","002","0231","0752","825","519","306","60","885","1605","0","55.14","32.34"
"63","000","00","002","0232","0000","3267","2059","1208","177","3444","6070","0","56.74","33.92"
"63","000","00","002","0232","0753","949","629","320","48","997","1626","0","61.32","38.68"
"63","000","00","002","0232","0754","882","582","300","55","937","1561","0","60.03","37.28"
"63","000","00","002","0232","0755","705","405","300","36","741","1547","0","47.9","26.18"
"63","000","00","002","0232","0756","731","443","288","38","769","1336","0","57.56","33.16"
"63","000","00","002","0233","0000","3472","2059","1413","353","3825","6899","0","55.44","29.84"
"63","000","00","002","0233","0757","616","379","237","61","677","1314","0","51.52","28.84"
"63","000","00","002","0233","0758","662","407","255","46","708","1297","0","54.59","31.38"
"63","000","00","002","0233","0759","682","422","260","80","762","1366","0","55.78","30.89"
"63","000","00","002","0233","0760","735","386","349","106","841","1472","0","57.13","26.22"
"63","000","00","002","0233","0761","777","465","312","60","837","1450","0","57.72","32.07"
"63","000","00","002","0234","0000","2216","1328","888","265","2481","4100","0","60.51","32.39"
"63","000","00","002","0234","0762","688","418","270","87","775","1328","0","58.36","31.48"
"63","000","00","002","0234","0763","778","458","320","81","859","1399","0","61.4","32.74"
"63","000","00","002","0234","0764","750","452","298","97","847","1373","0","61.69","32.92"
"63","000","00","002","0235","0000","1867","1177","690","128","1995","3592","0","55.54","32.77"
"63","000","00","002","0235","0765","574","420","154","38","612","1099","0","55.69","38.22"
"63","000","00","002","0235","0766","653","371","282","59","712","1226","0","58.08","30.26"
"63","000","00","002","0235","0767","640","386","254","31","671","1267","0","52.96","30.47"
"63","000","00","002","0236","0000","3417","2066","1351","249","3666","6247","0","58.68","33.07"
"63","000","00","002","0236","0768","820","457","363","90","910","1531","0","59.44","29.85"
"63","000","00","002","0236","0769","819","514","305","55","874","1438","0","60.78","35.74"
"63","000","00","002","0236","0770","874","540","334","44","918","1657","0","55.4","32.59"
"63","000","00","002","0236","0771","904","555","349","60","964","1621","0","59.47","34.24"
"63","000","00","002","0237","0000","1646","972","674","72","1718","2842","0","60.45","34.2"
"63","000","00","002","0237","0772","878","524","354","22","900","1508","0","59.68","34.75"
"63","000","00","002","0237","0773","768","448","320","50","818","1334","0","61.32","33.58"
"63","000","00","002","0238","0000","1930","1160","770","158","2088","3662","0","57.02","31.68"
"63","000","00","002","0238","0774","546","323","223","56","602","1246","0","48.31","25.92"
"63","000","00","002","0238","0775","701","433","268","61","762","1196","0","63.71","36.2"
"63","000","00","002","0238","0776","683","404","279","41","724","1220","0","59.34","33.11"
"63","000","00","002","0239","0000","3244","1969","1275","269","3513","6210","0","56.57","31.71"
"63","000","00","002","0239","0777","810","486","324","50","860","1538","0","55.92","31.6"
"63","000","00","002","0239","0778","864","540","324","76","940","1565","0","60.06","34.5"
"63","000","00","002","0239","0779","795","484","311","78","873","1621","0","53.86","29.86"
"63","000","00","002","0239","0780","775","459","316","65","840","1486","0","56.53","30.89"
"63","000","00","002","0240","0000","2326","1394","932","195","2521","4310","0","58.49","32.34"
"63","000","00","002","0240","0781","770","466","304","53","823","1507","0","54.61","30.92"
"63","000","00","002","0240","0782","834","509","325","65","899","1516","0","59.3","33.58"
"63","000","00","002","0240","0783","722","419","303","77","799","1287","0","62.08","32.56"
"63","000","00","002","0241","0000","948","595","353","110","1058","1851","0","57.16","32.14"
"63","000","00","002","0241","0784","496","309","187","65","561","1050","0","53.43","29.43"
"63","000","00","002","0241","0785","452","286","166","45","497","801","0","62.05","35.71"
"63","000","00","003","0000","0000","136367","80894","55473","8792","145159","252645","308835","57.46","32.02"
"63","000","00","003","0301","0000","2634","1617","1017","139","2773","4848","0","57.2","33.35"
"63","000","00","003","0301","1214","624","362","262","38","662","1184","0","55.91","30.57"
"63","000","00","003","0301","1215","617","376","241","39","656","1197","0","54.8","31.41"
"63","000","00","003","0301","1216","683","383","300","26","709","1221","0","58.07","31.37"
"63","000","00","003","0301","1217","710","496","214","36","746","1246","0","59.87","39.81"
"63","000","00","003","0302","0000","2450","1435","1015","184","2634","4386","0","60.05","32.72"
"63","000","00","003","0302","1218","861","502","359","50","911","1478","0","61.64","33.96"
"63","000","00","003","0302","1219","673","376","297","76","749","1314","0","57.0","28.61"
"63","000","00","003","0302","1220","916","557","359","58","974","1594","0","61.1","34.94"
"63","000","00","003","0303","0000","3292","1959","1333","167","3459","5767","0","59.98","33.97"
"63","000","00","003","0303","1221","818","466","352","41","859","1429","0","60.11","32.61"
"63","000","00","003","0303","1222","854","556","298","29","883","1452","0","60.81","38.29"
"63","000","00","003","0303","1223","858","490","368","35","893","1551","0","57.58","31.59"
"63","000","00","003","0303","1224","762","447","315","62","824","1335","0","61.72","33.48"
"63","000","00","003","0304","0000","3669","2139","1530","196","3865","6795","0","56.88","31.48"
"63","000","00","003","0304","1225","623","359","264","34","657","1196","0","54.93","30.02"
"63","000","00","003","0304","1226","708","405","303","32","740","1339","0","55.27","30.25"
"63","000","00","003","0304","1227","781","450","331","39","820","1448","0","56.63","31.08"
"63","000","00","003","0304","1228","759","457","302","43","802","1373","0","58.41","33.28"
"63","000","00","003","0304","1229","798","468","330","48","846","1439","0","58.79","32.52"
"63","000","00","003","0305","0000","2207","1277","930","125","2332","4461","0","52.28","28.63"
"63","000","00","003","0305","1230","607","343","264","24","631","1174","0","53.75","29.22"
"63","000","00","003","0305","1231","570","314","256","34","604","1144","0","52.8","27.45"
"63","000","00","003","0305","1232","565","342","223","35","600","1119","0","53.62","30.56"
"63","000","00","003","0305","1233","465","278","187","32","497","1024","0","48.54","27.15"
"63","000","00","003","0306","0000","2911","1790","1121","163","3074","5067","0","60.67","35.33"
"63","000","00","003","0306","1234","595","372","223","35","630","1032","0","61.05","36.05"
"63","000","00","003","0306","1235","761","519","242","37","798","1319","0","60.5","39.35"
"63","000","00","003","0306","1236","802","501","301","42","844","1369","0","61.65","36.6"
"63","000","00","003","0306","1237","753","398","355","49","802","1347","0","59.54","29.55"
"63","000","00","003","0307","0000","2986","1731","1255","164","3150","5988","0","52.61","28.91"
"63","000","00","003","0307","1238","826","451","375","41","867","1655","0","52.39","27.25"
"63","000","00","003","0307","1239","763","447","316","50","813","1595","0","50.97","28.03"
"63","000","00","003","0307","1240","747","468","279","36","783","1429","0","54.79","32.75"
"63","000","00","003","0307","1241","650","365","285","37","687","1309","0","52.48","27.88"
"63","000","00","003","0308","0000","1453","817","636","105","1558","2818","0","55.29","28.99"
"63","000","00","003","0308","1242","769","447","322","56","825","1508","0","54.71","29.64"
"63","000","00","003","0308","1243","684","370","314","49","733","1310","0","55.95","28.24"
"63","000","00","003","0309","0000","1799","998","801","146","1945","3667","0","53.04","27.22"
"63","000","00","003","0309","1244","603","324","279","42","645","1233","0","52.31","26.28"
"63","000","00","003","0309","1245","633","363","270","63","696","1287","0","54.08","28.21"
"63","000","00","003","0309","1246","563","311","252","41","604","1147","0","52.66","27.11"
"63","000","00","003","0310","0000","3271","1873","1398","238","3509","6508","0","53.92","28.78"
"63","000","00","003","0310","1247","632","340","292","47","679","1260","0","53.89","26.98"
"63","000","00","003","0310","1248","723","440","283","31","754","1377","0","54.76","31.95"
"63","000","00","003","0310","1249","641","366","275","76","717","1284","0","55.84","28.5"
"63","000","00","003","0310","1250","647","377","270","36","683","1314","0","51.98","28.69"
"63","000","00","003","0310","1251","628","350","278","48","676","1273","0","53.1","27.49"
"63","000","00","003","0311","0000","2750","1530","1220","157","2907","4829","0","60.2","31.68"
"63","000","00","003","0311","1252","649","334","315","26","675","1146","0","58.9","29.14"
"63","000","00","003","0311","1253","713","412","301","45","758","1285","0","58.99","32.06"
"63","000","00","003","0311","1254","754","410","344","35","789","1297","0","60.83","31.61"
"63","000","00","003","0311","1255","634","374","260","51","685","1101","0","62.22","33.97"
"63","000","00","003","0312","0000","2242","1283","959","151","2393","4047","0","59.13","31.7"
"63","000","00","003","0312","1256","703","402","301","53","756","1310","0","57.71","30.69"
"63","000","00","003","0312","1257","776","449","327","68","844","1365","0","61.83","32.89"
"63","000","00","003","0312","1258","763","432","331","30","793","1372","0","57.8","31.49"
"63","000","00","003","0313","0000","2057","1225","832","132","2189","3596","0","60.87","34.07"
"63","000","00","003","0313","1259","684","410","274","47","731","1189","0","61.48","34.48"
"63","000","00","003","0313","1260","716","436","280","45","761","1256","0","60.59","34.71"
"63","000","00","003","0313","1261","657","379","278","40","697","1151","0","60.56","32.93"
"63","000","00","003","0314","0000","3529","2051","1478","244","3773","6129","0","61.56","33.46"
"63","000","00","003","0314","1262","879","527","352","56","935","1501","0","62.29","35.11"
"63","000","00","003","0314","1263","876","524","352","46","922","1520","0","60.66","34.47"
"63","000","00","003","0314","1264","884","482","402","66","950","1529","0","62.13","31.52"
"63","000","00","003","0314","1265","890","518","372","76","966","1579","0","61.18","32.81"
"63","000","00","003","0315","0000","3004","1773","1231","131","3135","6705","0","46.76","26.44"
"63","000","00","003","0315","1266","640","367","273","37","677","2619","0","25.85","14.01"
"63","000","00","003","0315","1267","710","425","285","31","741","1290","0","57.44","32.95"
"63","000","00","003","0315","1268","791","455","336","32","823","1307","0","62.97","34.81"
"63","000","00","003","0315","1269","863","526","337","31","894","1489","0","60.04","35.33"
"63","000","00","003","0316","0000","2753","1624","1129","140","2893","4884","0","59.23","33.25"
"63","000","00","003","0316","1270","651","387","264","38","689","1097","0","62.81","35.28"
"63","000","00","003","0316","1271","744","448","296","39","783","1328","0","58.96","33.73"
"63","000","00","003","0316","1272","654","376","278","31","685","1189","0","57.61","31.62"
"63","000","00","003","0316","1273","704","413","291","32","736","1270","0","57.95","32.52"
"63","000","00","003","0317","0000","2874","1664","1210","174","3048","5155","0","59.13","32.28"
"63","000","00","003","0317","1274","748","420","328","28","776","1349","0","57.52","31.13"
"63","000","00","003","0317","1275","687","411","276","42","729","1292","0","56.42","31.81"
"63","000","00","003","0317","1276","758","456","302","54","812","1314","0","61.8","34.7"
"63","000","00","003","0317","1277","681","377","304","50","731","1200","0","60.92","31.42"
"63","000","00","003","0318","0000","1672","954","718","119","1791","3119","0","57.42","30.59"
"63","000","00","003","0318","1278","844","471","373","60","904","1558","0","58.02","30.23"
"63","000","00","003","0318","1279","828","483","345","59","887","1561","0","56.82","30.94"
"63","000","00","003","0319","0000","1662","1002","660","92","1754","2945","0","59.56","34.02"
"63","000","00","003","0319","1280","810","491","319","54","864","1446","0","59.75","33.96"
"63","000","00","003","0319","1281","852","511","341","38","890","1499","0","59.37","34.09"
"63","000","00","003","0320","0000","1643","1009","634","80","1723","2978","0","57.86","33.88"
"63","000","00","003","0320","1282","828","505","323","41","869","1467","0","59.24","34.42"
"63","000","00","003","0320","1283","815","504","311","39","854","1511","0","56.52","33.36"
"63","000","00","003","0321","0000","2630","1564","1066","168","2798","4640","0","60.3","33.71"
"63","000","00","003","0321","1284","883","516","367","83","966","1600","0","60.38","32.25"
"63","000","00","003","0321","1285","887","520","367","42","929","1573","0","59.06","33.06"
"63","000","00","003","0321","1286","860","528","332","43","903","1467","0","61.55","35.99"
"63","000","00","003","0322","0000","3230","1956","1274","187","3417","5891","0","58.0","33.2"
"63","000","00","003","0322","1287","763","468","295","40","803","1358","0","59.13","34.46"
"63","000","00","003","0322","1288","847","527","320","60","907","1568","0","57.84","33.61"
"63","000","00","003","0322","1289","785","464","321","56","841","1411","0","59.6","32.88"
"63","000","00","003","0322","1290","835","497","338","31","866","1554","0","55.73","31.98"
"63","000","00","003","0323","0000","3344","2158","1186","148","3492","5712","0","61.13","37.78"
"63","000","00","003","0323","1291","771","489","282","49","820","1345","0","60.97","36.36"
"63","000","00","003","0323","1292","811","533","278","27","838","1435","0","58.4","37.14"
"63","000","00","003","0323","1293","890","577","313","40","930","1481","0","62.8","38.96"
"63","000","00","003","0323","1294","872","559","313","32","904","1451","0","62.3","38.53"
"63","000","00","003","0326","0000","1707","987","720","116","1823","3091","0","58.98","31.93"
"63","000","00","003","0326","1295","859","498","361","68","927","1566","0","59.2","31.8"
"63","000","00","003","0326","1296","848","489","359","48","896","1525","0","58.75","32.07"
"63","000","00","003","0327","0000","2234","1322","912","143","2377","4215","0","56.39","31.36"
"63","000","00","003","0327","1297","717","421","296","47","764","1336","0","57.19","31.51"
"63","000","00","003","0327","1298","830","505","325","63","893","1483","0","60.22","34.05"
"63","000","00","003","0327","1299","687","396","291","33","720","1396","0","51.58","28.37"
"63","000","00","003","0328","0000","3118","1844","1274","216","3334","5535","0","60.23","33.32"
"63","000","00","003","0328","1300","797","462","335","73","870","1406","0","61.88","32.86"
"63","000","00","003","0328","1301","819","482","337","50","869","1434","0","60.6","33.61"
"63","000","00","003","0328","1302","716","424","292","43","759","1288","0","58.93","32.92"
"63","000","00","003","0328","1303","786","476","310","50","836","1407","0","59.42","33.83"
"63","000","00","003","0329","0000","2294","1366","928","174","2468","4554","0","54.19","30.0"
"63","000","00","003","0329","1304","787","464","323","44","831","1514","0","54.89","30.65"
"63","000","00","003","0329","1305","694","403","291","66","760","1550","0","49.03","26.0"
"63","000","00","003","0329","1306","813","499","314","64","877","1490","0","58.86","33.49"
"63","000","00","003","0330","0000","2567","1497","1070","146","2713","4663","0","58.18","32.1"
"63","000","00","003","0330","1307","676","379","297","39","715","1284","0","55.69","29.52"
"63","000","00","003","0330","1308","649","414","235","33","682","1129","0","60.41","36.67"
"63","000","00","003","0330","1309","682","398","284","33","715","1193","0","59.93","33.36"
"63","000","00","003","0330","1310","560","306","254","41","601","1057","0","56.86","28.95"
"63","000","00","003","0331","0000","2744","1604","1140","259","3003","5453","0","55.07","29.42"
"63","000","00","003","0331","1311","727","404","323","60","787","1361","0","57.83","29.68"
"63","000","00","003","0331","1312","741","455","286","56","797","1412","0","56.44","32.22"
"63","000","00","003","0331","1313","628","371","257","56","684","1423","0","48.07","26.07"
"63","000","00","003","0331","1314","648","374","274","87","735","1257","0","58.47","29.75"
"63","000","00","003","0332","0000","2690","1591","1099","231","2921","4829","0","60.49","32.95"
"63","000","00","003","0332","1315","637","386","251","63","700","1133","0","61.78","34.07"
"63","000","00","003","0332","1316","564","320","244","54","618","1077","0","57.38","29.71"
"63","000","00","003","0332","1317","726","413","313","55","781","1300","0","60.08","31.77"
"63","000","00","003","0332","1318","763","472","291","59","822","1319","0","62.32","35.78"
"63","000","00","003","0333","0000","1951","1167","784","171","2122","3633","0","58.41","32.12"
"63","000","00","003","0333","1319","699","402","297","80","779","1265","0","61.58","31.78"
"63","000","00","003","0333","1320","640","379","261","42","682","1265","0","53.91","29.96"
"63","000","00","003","0333","1321","612","386","226","49","661","1103","0","59.93","35.0"
"63","000","00","003","0334","0000","2235","1446","789","147","2382","3958","0","60.18","36.53"
"63","000","00","003","0334","1322","757","486","271","55","812","1341","0","60.55","36.24"
"63","000","00","003","0334","1323","773","512","261","50","823","1357","0","60.65","37.73"
"63","000","00","003","0334","1324","705","448","257","42","747","1260","0","59.29","35.56"
"63","000","00","003","0335","0000","2051","1229","822","126","2177","3844","0","56.63","31.97"
"63","000","00","003","0335","1325","718","450","268","43","761","1295","0","58.76","34.75"
"63","000","00","003","0335","1326","713","395","318","41","754","1399","0","53.9","28.23"
"63","000","00","003","0335","1327","620","384","236","42","662","1150","0","57.57","33.39"
"63","000","00","003","0336","0000","2724","1708","1016","180","2904","5149","0","56.4","33.17"
"63","000","00","003","0336","1328","676","436","240","40","716","1351","0","53.0","32.27"
"63","000","00","003","0336","1329","726","417","309","71","797","1341","0","59.43","31.1"
"63","000","00","003","0336","1330","603","375","228","27","630","1129","0","55.8","33.22"
"63","000","00","003","0336","1331","719","480","239","42","761","1328","0","57.3","36.14"
"63","000","00","003","0337","0000","3363","2260","1103","184","3547","6080","0","58.34","37.17"
"63","000","00","003","0337","1332","941","647","294","43","984","1557","0","63.2","41.55"
"63","000","00","003","0337","1333","854","553","301","56","910","1461","0","62.29","37.85"
"63","000","00","003","0337","1334","781","524","257","39","820","1589","0","51.6","32.98"
"63","000","00","003","0337","1335","787","536","251","46","833","1473","0","56.55","36.39"
"63","000","00","003","0338","0000","1794","1022","772","130","1924","3311","0","58.11","30.87"
"63","000","00","003","0338","1336","794","454","340","42","836","1479","0","56.52","30.7"
"63","000","00","003","0338","1337","486","289","197","34","520","833","0","62.42","34.69"
"63","000","00","003","0338","1338","514","279","235","54","568","999","0","56.86","27.93"
"63","000","00","003","0339","0000","691","305","386","56","747","1757","0","42.52","17.36"
"63","000","00","003","0339","1339","691","305","386","56","747","1757","0","42.52","17.36"
"63","000","00","003","0340","0000","4385","2599","1786","257","4642","7674","0","60.49","33.87"
"63","000","00","003","0340","1340","873","516","357","56","929","1573","0","59.06","32.8"
"63","000","00","003","0340","1341","941","570","371","42","983","1587","0","61.94","35.92"
"63","000","00","003","0340","1342","857","482","375","59","916","1496","0","61.23","32.22"
"63","000","00","003","0340","1343","821","481","340","37","858","1440","0","59.58","33.4"
"63","000","00","003","0340","1344","893","550","343","63","956","1578","0","60.58","34.85"
"63","000","00","003","0341","0000","2030","1141","889","101","2131","3594","0","59.29","31.75"
"63","000","00","003","0341","1345","688","383","305","34","722","1223","0","59.04","31.32"
"63","000","00","003","0341","1346","618","342","276","32","650","1119","0","58.09","30.56"
"63","000","00","003","0341","1347","724","416","308","35","759","1252","0","60.62","33.23"
"63","000","00","003","0343","0000","4005","2329","1676","211","4216","7232","0","58.3","32.2"
"63","000","00","003","0343","1348","893","535","358","48","941","1576","0","59.71","33.95"
"63","000","00","003","0343","1349","786","461","325","33","819","1425","0","57.47","32.35"
"63","000","00","003","0343","1350","756","436","320","33","789","1450","0","54.41","30.07"
"63","000","00","003","0343","1351","772","461","311","54","826","1444","0","57.2","31.93"
"63","000","00","003","0343","1352","798","436","362","43","841","1337","0","62.9","32.61"
"63","000","00","003","0344","0000","2767","1657","1110","217","2984","5100","0","58.51","32.49"
"63","000","00","003","0344","1353","737","436","301","44","781","1417","0","55.12","30.77"
"63","000","00","003","0344","1354","675","398","277","58","733","1250","0","58.64","31.84"
"63","000","00","003","0344","1355","630","395","235","60","690","1176","0","58.67","33.59"
"63","000","00","003","0344","1356","725","428","297","55","780","1257","0","62.05","34.05"
"63","000","00","003","0346","0000","2585","1526","1059","194","2779","4851","0","57.29","31.46"
"63","000","00","003","0346","1357","630","400","230","58","688","1257","0","54.73","31.82"
"63","000","00","003","0346","1358","635","362","273","40","675","1148","0","58.8","31.53"
"63","000","00","003","0346","1359","773","442","331","61","834","1418","0","58.82","31.17"
"63","000","00","003","0346","1360","547","322","225","35","582","1028","0","56.61","31.32"
"63","000","00","003","0347","0000","3759","2253","1506","258","4017","6796","0","59.11","33.15"
"63","000","00","003","0347","1361","824","486","338","44","868","1445","0","60.07","33.63"
"63","000","00","003","0347","1362","757","466","291","53","810","1361","0","59.52","34.24"
"63","000","00","003","0347","1363","776","484","292","55","831","1343","0","61.88","36.04"
"63","000","00","003","0347","1364","695","417","278","58","753","1267","0","59.43","32.91"
"63","000","00","003","0347","1365","707","400","307","48","755","1380","0","54.71","28.99"
"63","000","00","003","0348","0000","2227","1343","884","195","2422","4312","0","56.17","31.15"
"63","000","00","003","0348","1366","801","483","318","57","858","1524","0","56.3","31.69"
"63","000","00","003","0348","1367","810","501","309","61","871","1470","0","59.25","34.08"
"63","000","00","003","0348","1368","616","359","257","77","693","1318","0","52.58","27.24"
"63","000","00","003","0349","0000","2177","1309","868","165","2342","4254","0","55.05","30.77"
"63","000","00","003","0349","1369","709","412","297","70","779","1430","0","54.48","28.81"
"63","000","00","003","0349","1370","748","460","288","52","800","1386","0","57.72","33.19"
"63","000","00","003","0349","1371","720","437","283","43","763","1438","0","53.06","30.39"
"63","000","00","003","0350","0000","2730","1558","1172","190","2920","5267","0","55.44","29.58"
"63","000","00","003","0350","1372","620","361","259","38","658","1270","0","51.81","28.43"
"63","000","00","003","0350","1373","729","416","313","52","781","1395","0","55.99","29.82"
"63","000","00","003","0350","1374","695","392","303","53","748","1292","0","57.89","30.34"
"63","000","00","003","0350","1375","686","389","297","47","733","1310","0","55.95","29.69"
"63","000","00","003","0351","0000","2845","1621","1224","153","2998","5321","0","56.34","30.46"
"63","000","00","003","0351","1376","690","391","299","53","743","1319","0","56.33","29.64"
"63","000","00","003","0351","1377","751","403","348","41","792","1355","0","58.45","29.74"
"63","000","00","003","0351","1378","669","376","293","32","701","1312","0","53.43","28.66"
"63","000","00","003","0351","1379","735","451","284","27","762","1335","0","57.08","33.78"
"63","000","00","003","0352","0000","2127","1250","877","122","2249","4124","0","54.53","30.31"
"63","000","00","003","0352","1380","750","444","306","38","788","1489","0","52.92","29.82"
"63","000","00","003","0352","1381","717","424","293","44","761","1307","0","58.22","32.44"
"63","000","00","003","0352","1382","660","382","278","40","700","1328","0","52.71","28.77"
"63","000","00","003","0353","0000","2791","1669","1122","172","2963","5169","0","57.32","32.29"
"63","000","00","003","0353","1383","664","402","262","7","671","1277","0","52.55","31.48"
"63","000","00","003","0353","1384","705","425","280","53","758","1314","0","57.69","32.34"
"63","000","00","003","0353","1385","718","433","285","53","771","1270","0","60.71","34.09"
"63","000","00","003","0353","1386","704","409","295","59","763","1308","0","58.33","31.27"
"63","000","00","003","0354","0000","2007","1214","793","116","2123","3647","0","58.21","33.29"
"63","000","00","003","0354","1387","662","388","274","27","689","1138","0","60.54","34.09"
"63","000","00","003","0354","1388","697","429","268","44","741","1333","0","55.59","32.18"
"63","000","00","003","0354","1389","648","397","251","45","693","1176","0","58.93","33.76"
"63","000","00","003","0355","0000","2915","1761","1154","187","3102","5436","0","57.06","32.4"
"63","000","00","003","0355","1390","705","416","289","55","760","1311","0","57.97","31.73"
"63","000","00","003","0355","1391","687","397","290","37","724","1295","0","55.91","30.66"
"63","000","00","003","0355","1392","775","500","275","53","828","1421","0","58.27","35.19"
"63","000","00","003","0355","1393","748","448","300","42","790","1409","0","56.07","31.8"
"63","000","00","003","0356","0000","3530","2118","1412","305","3835","6534","0","58.69","32.42"
"63","000","00","003","0356","1394","763","470","293","70","833","1434","0","58.09","32.78"
"63","000","00","003","0356","1395","688","391","297","96","784","1449","0","54.11","26.98"
"63","000","00","003","0356","1396","707","428","279","54","761","1284","0","59.27","33.33"
"63","000","00","003","0356","1397","673","406","267","45","718","1248","0","57.53","32.53"
"63","000","00","003","0356","1398","699","423","276","40","739","1119","0","66.04","37.8"
"63","000","00","003","0357","0000","1262","769","493","120","1382","2327","0","59.39","33.05"
"63","000","00","003","0357","1399","495","305","190","39","534","883","0","60.48","34.54"
"63","000","00","003","0357","1400","315","204","111","46","361","630","0","57.3","32.38"
"63","000","00","003","0357","1401","452","260","192","35","487","814","0","59.83","31.94"
"63","000","00","004","0000","0000","103025","58611","44414","8153","111178","195148","229680","56.97","30.03"
"63","000","00","004","0401","0000","1507","827","680","95","1602","2854","0","56.13","28.98"
"63","000","00","004","0401","0786","818","463","355","57","875","1522","0","57.49","30.42"
"63","000","00","004","0401","0787","689","364","325","38","727","1332","0","54.58","27.33"
"63","000","00","004","0402","0000","2241","1275","966","191","2432","4755","0","51.15","26.81"
"63","000","00","004","0402","0788","775","429","346","62","837","1656","0","50.54","25.91"
"63","000","00","004","0402","0789","644","361","283","67","711","1367","0","52.01","26.41"
"63","000","00","004","0402","0790","822","485","337","62","884","1732","0","51.04","28.0"
"63","000","00","004","0403","0000","1687","919","768","143","1830","3284","0","55.72","27.98"
"63","000","00","004","0403","0791","854","454","400","72","926","1634","0","56.67","27.78"
"63","000","00","004","0403","0792","833","465","368","71","904","1650","0","54.79","28.18"
"63","000","00","004","0404","0000","2265","1186","1079","157","2422","4046","0","59.86","29.31"
"63","000","00","004","0404","0793","769","400","369","46","815","1392","0","58.55","28.74"
"63","000","00","004","0404","0794","682","356","326","47","729","1177","0","61.94","30.25"
"63","000","00","004","0404","0795","814","430","384","64","878","1477","0","59.44","29.11"
"63","000","00","004","0405","0000","1173","692","481","118","1291","2359","0","54.73","29.33"
"63","000","00","004","0405","0796","513","296","217","68","581","1063","0","54.66","27.85"
"63","000","00","004","0405","0797","660","396","264","50","710","1296","0","54.78","30.56"
"63","000","00","004","0406","0000","3012","1714","1298","247","3259","6065","0","53.73","28.26"
"63","000","00","004","0406","0798","670","387","283","44","714","1330","0","53.68","29.1"
"63","000","00","004","0406","0799","745","404","341","67","812","1483","0","54.75","27.24"
"63","000","00","004","0406","0800","762","439","323","64","826","1542","0","53.57","28.47"
"63","000","00","004","0406","0801","835","484","351","72","907","1710","0","53.04","28.3"
"63","000","00","004","0407","0000","1780","969","811","174","1954","3822","0","51.13","25.35"
"63","000","00","004","0407","0802","517","243","274","45","562","1315","0","42.74","18.48"
"63","000","00","004","0407","0803","627","350","277","76","703","1245","0","56.47","28.11"
"63","000","00","004","0407","0804","636","376","260","53","689","1262","0","54.6","29.79"
"63","000","00","004","0408","0000","3176","1777","1399","274","3450","6149","0","56.11","28.9"
"63","000","00","004","0408","0805","810","451","359","67","877","1518","0","57.77","29.71"
"63","000","00","004","0408","0806","797","456","341","81","878","1522","0","57.69","29.96"
"63","000","00","004","0408","0807","765","411","354","68","833","1580","0","52.72","26.01"
"63","000","00","004","0408","0808","804","459","345","58","862","1529","0","56.38","30.02"
"63","000","00","004","0409","0000","1869","1077","792","121","1990","3581","0","55.57","30.08"
"63","000","00","004","0409","0809","646","380","266","47","693","1221","0","56.76","31.12"
"63","000","00","004","0409","0810","686","389","297","39","725","1221","0","59.38","31.86"
"63","000","00","004","0409","0811","537","308","229","35","572","1139","0","50.22","27.04"
"63","000","00","004","0410","0000","2164","1217","947","190","2354","4306","0","54.67","28.26"
"63","000","00","004","0410","0812","704","380","324","100","804","1407","0","57.14","27.01"
"63","000","00","004","0410","0813","718","403","315","41","759","1321","0","57.46","30.51"
"63","000","00","004","0410","0814","742","434","308","49","791","1578","0","50.13","27.5"
"63","000","00","004","0411","0000","2409","1368","1041","192","2601","4917","0","52.9","27.82"
"63","000","00","004","0411","0815","840","475","365","63","903","1739","0","51.93","27.31"
"63","000","00","004","0411","0816","804","454","350","51","855","1637","0","52.23","27.73"
"63","000","00","004","0411","0817","765","439","326","78","843","1541","0","54.7","28.49"
"63","000","00","004","0412","0000","1918","1075","843","184","2102","3765","0","55.83","28.55"
"63","000","00","004","0412","0818","658","374","284","61","719","1210","0","59.42","30.91"
"63","000","00","004","0412","0819","680","387","293","54","734","1331","0","55.15","29.08"
"63","000","00","004","0412","0820","580","314","266","69","649","1224","0","53.02","25.65"
"63","000","00","004","0413","0000","1736","1180","556","115","1851","3209","0","57.68","36.77"
"63","000","00","004","0413","0824","977","664","313","62","1039","1805","0","57.56","36.79"
"63","000","00","004","0413","0825","759","516","243","53","812","1404","0","57.83","36.75"
"63","000","00","004","0414","0000","4416","2611","1805","336","4752","7819","0","60.78","33.39"
"63","000","00","004","0414","0826","1006","590","416","51","1057","1708","0","61.89","34.54"
"63","000","00","004","0414","0827","858","504","354","62","920","1451","0","63.4","34.73"
"63","000","00","004","0414","0828","950","548","402","88","1038","1684","0","61.64","32.54"
"63","000","00","004","0414","0829","852","553","299","47","899","1585","0","56.72","34.89"
"63","000","00","004","0414","0830","750","416","334","88","838","1391","0","60.24","29.91"
"63","000","00","004","0415","0000","3164","1835","1329","202","3366","5575","0","60.38","32.91"
"63","000","00","004","0415","0831","826","451","375","85","911","1375","0","66.25","32.8"
"63","000","00","004","0415","0832","858","489","369","38","896","1472","0","60.87","33.22"
"63","000","00","004","0415","0833","695","417","278","45","740","1327","0","55.76","31.42"
"63","000","00","004","0415","0834","785","478","307","34","819","1401","0","58.46","34.12"
"63","000","00","004","0416","0000","4452","2531","1921","245","4697","7980","0","58.86","31.72"
"63","000","00","004","0416","0835","788","455","333","52","840","1423","0","59.03","31.97"
"63","000","00","004","0416","0836","871","505","366","53","924","1569","0","58.89","32.19"
"63","000","00","004","0416","0837","919","526","393","39","958","1651","0","58.03","31.86"
"63","000","00","004","0416","0838","873","481","392","42","915","1624","0","56.34","29.62"
"63","000","00","004","0416","0839","1001","564","437","59","1060","1713","0","61.88","32.92"
"63","000","00","004","0417","0000","476","259","217","62","538","944","0","56.99","27.44"
"63","000","00","004","0417","0862","476","259","217","62","538","944","0","56.99","27.44"
"63","000","00","004","0418","0000","2369","1289","1080","230","2599","4693","0","55.38","27.47"
"63","000","00","004","0418","0846","756","410","346","74","830","1472","0","56.39","27.85"
"63","000","00","004","0418","0847","750","430","320","71","821","1517","0","54.12","28.35"
"63","000","00","004","0418","0848","863","449","414","85","948","1704","0","55.63","26.35"
"63","000","00","004","0419","0000","2471","1381","1090","239","2710","4476","0","60.55","30.85"
"63","000","00","004","0419","0821","835","473","362","76","911","1585","0","57.48","29.84"
"63","000","00","004","0419","0822","862","472","390","88","950","1523","0","62.38","30.99"
"63","000","00","004","0419","0823","774","436","338","75","849","1368","0","62.06","31.87"
"63","000","00","004","0420","0000","2395","1283","1112","237","2632","4535","0","58.04","28.29"
"63","000","00","004","0420","0849","875","444","431","73","948","1603","0","59.14","27.7"
"63","000","00","004","0420","0850","696","400","296","92","788","1432","0","55.03","27.93"
"63","000","00","004","0420","0851","824","439","385","72","896","1500","0","59.73","29.27"
"63","000","00","004","0421","0000","3124","1790","1334","237","3361","5635","0","59.65","31.77"
"63","000","00","004","0421","0852","745","402","343","62","807","1332","0","60.59","30.18"
"63","000","00","004","0421","0853","841","494","347","61","902","1450","0","62.21","34.07"
"63","000","00","004","0421","0854","801","454","347","62","863","1434","0","60.18","31.66"
"63","000","00","004","0421","0855","737","440","297","52","789","1419","0","55.6","31.01"
"63","000","00","004","0422","0000","2152","1175","977","188","2340","4400","0","53.18","26.7"
"63","000","00","004","0422","0856","661","348","313","55","716","1292","0","55.42","26.93"
"63","000","00","004","0422","0857","760","420","340","77","837","1526","0","54.85","27.52"
"63","000","00","004","0422","0858","731","407","324","56","787","1582","0","49.75","25.73"
"63","000","00","004","0423","0000","2229","1205","1024","234","2463","4584","0","53.73","26.29"
"63","000","00","004","0423","0859","756","399","357","71","827","1588","0","52.08","25.13"
"63","000","00","004","0423","0860","755","401","354","88","843","1463","0","57.62","27.41"
"63","000","00","004","0423","0861","718","405","313","75","793","1533","0","51.73","26.42"
"63","000","00","004","0424","0000","2600","1400","1200","176","2776","6843","0","40.57","20.46"
"63","000","00","004","0424","0863","1023","512","511","72","1095","1745","0","62.75","29.34"
"63","000","00","004","0424","0864","797","447","350","55","852","1679","0","50.74","26.62"
"63","000","00","004","0424","0865","780","441","339","49","829","3419","0","24.25","12.9"
"63","000","00","004","0425","0000","3786","2131","1655","383","4169","7203","0","57.88","29.58"
"63","000","00","004","0425","0866","757","443","314","78","835","1387","0","60.2","31.94"
"63","000","00","004","0425","0867","903","516","387","87","990","1672","0","59.21","30.86"
"63","000","00","004","0425","0868","687","387","300","81","768","1319","0","58.23","29.34"
"63","000","00","004","0425","0869","695","385","310","67","762","1364","0","55.87","28.23"
"63","000","00","004","0425","0870","744","400","344","70","814","1461","0","55.72","27.38"
"63","000","00","004","0426","0000","1879","1061","818","193","2072","3654","0","56.7","29.04"
"63","000","00","004","0426","0871","616","347","269","69","685","1173","0","58.4","29.58"
"63","000","00","004","0426","0872","584","343","241","53","637","1171","0","54.4","29.29"
"63","000","00","004","0426","0873","679","371","308","71","750","1310","0","57.25","28.32"
"63","000","00","004","0427","0000","3753","2139","1614","273","4026","6655","0","60.5","32.14"
"63","000","00","004","0427","0874","769","453","316","56","825","1373","0","60.09","32.99"
"63","000","00","004","0427","0875","746","401","345","39","785","1290","0","60.85","31.09"
"63","000","00","004","0427","0876","748","445","303","78","826","1346","0","61.37","33.06"
"63","000","00","004","0427","0877","827","468","359","60","887","1468","0","60.42","31.88"
"63","000","00","004","0427","0878","663","372","291","40","703","1178","0","59.68","31.58"
"63","000","00","004","0428","0000","3338","1929","1409","237","3575","6102","0","58.59","31.61"
"63","000","00","004","0428","0879","969","564","405","61","1030","1654","0","62.27","34.1"
"63","000","00","004","0428","0880","796","467","329","65","861","1464","0","58.81","31.9"
"63","000","00","004","0428","0881","764","426","338","39","803","1450","0","55.38","29.38"
"63","000","00","004","0428","0882","809","472","337","72","881","1534","0","57.43","30.77"
"63","000","00","004","0429","0000","3577","2043","1534","282","3859","6660","0","57.94","30.68"
"63","000","00","004","0429","0883","901","503","398","52","953","1703","0","55.96","29.54"
"63","000","00","004","0429","0884","887","531","356","70","957","1610","0","59.44","32.98"
"63","000","00","004","0429","0885","850","486","364","78","928","1653","0","56.14","29.4"
"63","000","00","004","0429","0886","939","523","416","82","1021","1694","0","60.27","30.87"
"63","000","00","004","0430","0000","2577","1391","1186","176","2753","4824","0","57.07","28.83"
"63","000","00","004","0430","0887","843","481","362","69","912","1623","0","56.19","29.64"
"63","000","00","004","0430","0888","883","465","418","62","945","1618","0","58.41","28.74"
"63","000","00","004","0430","0889","851","445","406","45","896","1583","0","56.6","28.11"
"63","000","00","004","0431","0000","2641","1463","1178","200","2841","4529","0","62.73","32.3"
"63","000","00","004","0431","0890","896","454","442","69","965","1605","0","60.12","28.29"
"63","000","00","004","0431","0891","831","482","349","61","892","1398","0","63.81","34.48"
"63","000","00","004","0431","0892","914","527","387","70","984","1526","0","64.48","34.53"
"63","000","00","004","0432","0000","2541","1424","1117","198","2739","4739","0","57.8","30.05"
"63","000","00","004","0432","0893","858","460","398","54","912","1555","0","58.65","29.58"
"63","000","00","004","0432","0894","845","497","348","47","892","1597","0","55.85","31.12"
"63","000","00","004","0432","0895","838","467","371","97","935","1587","0","58.92","29.43"
"63","000","00","004","0433","0000","1759","998","761","150","1909","3133","0","60.93","31.85"
"63","000","00","004","0433","0896","888","513","375","74","962","1587","0","60.62","32.33"
"63","000","00","004","0433","0897","871","485","386","76","947","1546","0","61.25","31.37"
"63","000","00","004","0434","0000","2712","1563","1149","216","2928","5094","0","57.48","30.68"
"63","000","00","004","0434","0898","687","410","277","66","753","1322","0","56.96","31.01"
"63","000","00","004","0434","0899","688","392","296","53","741","1267","0","58.48","30.94"
"63","000","00","004","0434","0900","653","359","294","34","687","1210","0","56.78","29.67"
"63","000","00","004","0434","0901","684","402","282","63","747","1295","0","57.68","31.04"
"63","000","00","004","0435","0000","2585","1668","917","234","2819","4474","0","63.01","37.28"
"63","000","00","004","0435","0902","815","482","333","94","909","1467","0","61.96","32.86"
"63","000","00","004","0435","0903","865","587","278","62","927","1491","0","62.17","39.37"
"63","000","00","004","0435","0904","905","599","306","78","983","1516","0","64.84","39.51"
"63","000","00","004","0436","0000","2143","1199","944","133","2276","4035","0","56.41","29.71"
"63","000","00","004","0436","0905","703","390","313","42","745","1384","0","53.83","28.18"
"63","000","00","004","0436","0906","672","374","298","52","724","1138","0","63.62","32.86"
"63","000","00","004","0436","0907","768","435","333","39","807","1513","0","53.34","28.75"
"63","000","00","004","0437","0000","1646","982","664","167","1813","2988","0","60.68","32.86"
"63","000","00","004","0437","0908","850","521","329","76","926","1559","0","59.4","33.42"
"63","000","00","004","0437","0909","796","461","335","91","887","1429","0","62.07","32.26"
"63","000","00","004","0438","0000","1443","809","634","95","1538","2459","0","62.55","32.9"
"63","000","00","004","0438","0910","730","409","321","39","769","1245","0","61.77","32.85"
"63","000","00","004","0438","0911","713","400","313","56","769","1214","0","63.34","32.95"
"63","000","00","004","0439","0000","2864","1619","1245","185","3049","5339","0","57.11","30.32"
"63","000","00","004","0439","0912","775","429","346","55","830","1394","0","59.54","30.77"
"63","000","00","004","0439","0913","667","383","284","25","692","1336","0","51.8","28.67"
"63","000","00","004","0439","0914","651","375","276","52","703","1227","0","57.29","30.56"
"63","000","00","004","0439","0915","771","432","339","53","824","1382","0","59.62","31.26"
"63","000","00","004","0440","0000","2161","1284","877","136","2297","4100","0","56.02","31.32"
"63","000","00","004","0440","0916","772","457","315","55","827","1436","0","57.59","31.82"
"63","000","00","004","0440","0917","692","397","295","43","735","1405","0","52.31","28.26"
"63","000","00","004","0440","0918","697","430","267","38","735","1259","0","58.38","34.15"
"63","000","00","004","0441","0000","3502","2052","1450","222","3724","6297","0","59.14","32.59"
"63","000","00","004","0441","0840","927","546","381","61","988","1647","0","59.99","33.15"
"63","000","00","004","0441","0841","902","533","369","52","954","1762","0","54.14","30.25"
"63","000","00","004","0441","0842","817","502","315","47","864","1399","0","61.76","35.88"
"63","000","00","004","0441","0843","856","471","385","62","918","1489","0","61.65","31.63"
"63","000","00","004","0442","0000","1333","821","512","86","1419","2267","0","62.59","36.22"
"63","000","00","004","0442","0844","738","474","264","48","786","1269","0","61.94","37.35"
"63","000","00","004","0442","0845","595","347","248","38","633","998","0","63.43","34.77"
"63","000","00","005","0000","0000","70093","41549","28544","4712","74805","128292","159026","58.31","32.39"
"63","000","00","005","0501","0000","1410","797","613","117","1527","2625","0","58.17","30.36"
"63","000","00","005","0501","1001","743","426","317","45","788","1308","0","60.24","32.57"
"63","000","00","005","0501","1002","667","371","296","72","739","1317","0","56.11","28.17"
"63","000","00","005","0502","0000","1209","754","455","85","1294","2197","0","58.9","34.32"
"63","000","00","005","0502","1003","628","382","246","36","664","1069","0","62.11","35.73"
"63","000","00","005","0502","1004","581","372","209","49","630","1128","0","55.85","32.98"
"63","000","00","005","0503","0000","1193","699","494","76","1269","2101","0","60.4","33.27"
"63","000","00","005","0503","1005","605","356","249","44","649","1053","0","61.63","33.81"
"63","000","00","005","0503","1006","588","343","245","32","620","1048","0","59.16","32.73"
"63","000","00","005","0504","0000","2277","1375","902","147","2424","3990","0","60.75","34.46"
"63","000","00","005","0504","1007","690","422","268","55","745","1297","0","57.44","32.54"
"63","000","00","005","0504","1008","672","411","261","37","709","1193","0","59.43","34.45"
"63","000","00","005","0504","1009","915","542","373","55","970","1500","0","64.67","36.13"
"63","000","00","005","0505","0000","2205","1341","864","112","2317","4079","0","56.8","32.88"
"63","000","00","005","0505","1010","702","430","272","43","745","1346","0","55.35","31.95"
"63","000","00","005","0505","1011","721","456","265","23","744","1283","0","57.99","35.54"
"63","000","00","005","0505","1012","782","455","327","46","828","1450","0","57.1","31.38"
"63","000","00","005","0506","0000","3077","1798","1279","193","3270","5329","0","61.36","33.74"
"63","000","00","005","0506","1013","805","466","339","49","854","1433","0","59.6","32.52"
"63","000","00","005","0506","1014","805","456","349","57","862","1309","0","65.85","34.84"
"63","000","00","005","0506","1015","789","481","308","32","821","1386","0","59.24","34.7"
"63","000","00","005","0506","1016","678","395","283","55","733","1201","0","61.03","32.89"
"63","000","00","005","0507","0000","2977","1797","1180","197","3174","5107","0","62.15","35.19"
"63","000","00","005","0507","1017","782","479","303","56","838","1336","0","62.72","35.85"
"63","000","00","005","0507","1018","778","459","319","48","826","1358","0","60.82","33.8"
"63","000","00","005","0507","1019","667","415","252","55","722","1177","0","61.34","35.26"
"63","000","00","005","0507","1020","750","444","306","38","788","1236","0","63.75","35.92"
"63","000","00","005","0508","0000","1658","1002","656","85","1743","2952","0","59.04","33.94"
"63","000","00","005","0508","1021","809","476","333","47","856","1478","0","57.92","32.21"
"63","000","00","005","0508","1022","849","526","323","38","887","1474","0","60.18","35.69"
"63","000","00","005","0509","0000","2768","1630","1138","160","2928","4914","0","59.58","33.17"
"63","000","00","005","0509","1023","650","374","276","40","690","1172","0","58.87","31.91"
"63","000","00","005","0509","1024","729","428","301","43","772","1310","0","58.93","32.67"
"63","000","00","005","0509","1025","732","449","283","30","762","1263","0","60.33","35.55"
"63","000","00","005","0509","1026","657","379","278","47","704","1169","0","60.22","32.42"
"63","000","00","005","0510","0000","2136","1284","852","127","2263","3916","0","57.79","32.79"
"63","000","00","005","0510","1027","761","469","292","31","792","1391","0","56.94","33.72"
"63","000","00","005","0510","1028","649","386","263","39","688","1201","0","57.29","32.14"
"63","000","00","005","0510","1029","726","429","297","57","783","1324","0","59.14","32.4"
"63","000","00","005","0511","0000","2809","1619","1190","268","3077","5279","0","58.29","30.67"
"63","000","00","005","0511","1030","617","364","253","66","683","1216","0","56.17","29.93"
"63","000","00","005","0511","1031","621","348","273","60","681","1183","0","57.57","29.42"
"63","000","00","005","0511","1032","810","456","354","82","892","1469","0","60.72","31.04"
"63","000","00","005","0511","1033","761","451","310","60","821","1411","0","58.19","31.96"
"63","000","00","005","0512","0000","2342","1393","949","246","2588","4497","0","57.55","30.98"
"63","000","00","005","0512","1034","754","445","309","92","846","1398","0","60.52","31.83"
"63","000","00","005","0512","1035","759","447","312","81","840","1479","0","56.8","30.22"
"63","000","00","005","0512","1036","829","501","328","73","902","1620","0","55.68","30.93"
"63","000","00","005","0513","0000","1765","1035","730","96","1861","3160","0","58.89","32.75"
"63","000","00","005","0513","1037","573","350","223","22","595","1041","0","57.16","33.62"
"63","000","00","005","0513","1038","561","315","246","23","584","1056","0","55.3","29.83"
"63","000","00","005","0513","1039","631","370","261","51","682","1063","0","64.16","34.81"
"63","000","00","005","0514","0000","2686","1611","1075","303","2989","5865","0","50.96","27.47"
"63","000","00","005","0514","1040","678","395","283","68","746","1591","0","46.89","24.83"
"63","000","00","005","0514","1041","619","367","252","88","707","1502","0","47.07","24.43"
"63","000","00","005","0514","1042","638","391","247","77","715","1331","0","53.72","29.38"
"63","000","00","005","0514","1043","751","458","293","70","821","1441","0","56.97","31.78"
"63","000","00","005","0515","0000","2038","1147","891","138","2176","3562","0","61.09","32.2"
"63","000","00","005","0515","1044","736","415","321","57","793","1273","0","62.29","32.6"
"63","000","00","005","0515","1045","651","368","283","43","694","1133","0","61.25","32.48"
"63","000","00","005","0515","1046","651","364","287","38","689","1156","0","59.6","31.49"
"63","000","00","005","0516","0000","1470","791","679","120","1590","2643","0","60.16","29.93"
"63","000","00","005","0516","1047","752","412","340","58","810","1377","0","58.82","29.92"
"63","000","00","005","0516","1048","718","379","339","62","780","1266","0","61.61","29.94"
"63","000","00","005","0517","0000","1290","771","519","91","1381","2235","0","61.79","34.5"
"63","000","00","005","0517","1049","663","406","257","51","714","1111","0","64.27","36.54"
"63","000","00","005","0517","1050","627","365","262","40","667","1124","0","59.34","32.47"
"63","000","00","005","0518","0000","1573","933","640","108","1681","2724","0","61.71","34.25"
"63","000","00","005","0518","1051","791","432","359","53","844","1373","0","61.47","31.46"
"63","000","00","005","0518","1052","782","501","281","55","837","1351","0","61.95","37.08"
"63","000","00","005","0519","0000","4813","2886","1927","296","5109","8679","0","58.87","33.25"
"63","000","00","005","0519","1053","846","509","337","41","887","1495","0","59.33","34.05"
"63","000","00","005","0519","1054","853","479","374","68","921","1436","0","64.14","33.36"
"63","000","00","005","0519","1055","836","503","333","30","866","1516","0","57.12","33.18"
"63","000","00","005","0519","1056","756","459","297","47","803","1374","0","58.44","33.41"
"63","000","00","005","0519","1057","764","456","308","67","831","1522","0","54.6","29.96"
"63","000","00","005","0519","1058","758","480","278","43","801","1336","0","59.96","35.93"
"63","000","00","005","0520","0000","2605","1512","1093","158","2763","4648","0","59.44","32.53"
"63","000","00","005","0520","1059","876","489","387","43","919","1551","0","59.25","31.53"
"63","000","00","005","0520","1060","907","528","379","52","959","1594","0","60.16","33.12"
"63","000","00","005","0520","1061","822","495","327","63","885","1503","0","58.88","32.93"
"63","000","00","005","0521","0000","4092","2594","1498","197","4289","7237","0","59.26","35.84"
"63","000","00","005","0521","1062","826","501","325","41","867","1455","0","59.59","34.43"
"63","000","00","005","0521","1063","823","498","325","22","845","1439","0","58.72","34.61"
"63","000","00","005","0521","1064","819","507","312","49","868","1469","0","59.09","34.51"
"63","000","00","005","0521","1065","781","533","248","35","816","1430","0","57.06","37.27"
"63","000","00","005","0521","1066","843","555","288","50","893","1444","0","61.84","38.43"
"63","000","00","005","0522","0000","709","418","291","24","733","1254","0","58.45","33.33"
"63","000","00","005","0522","1067","709","418","291","24","733","1254","0","58.45","33.33"
"63","000","00","005","0523","0000","1775","1050","725","167","1942","3213","0","60.44","32.68"
"63","000","00","005","0523","1068","523","308","215","52","575","932","0","61.7","33.05"
"63","000","00","005","0523","1069","584","339","245","61","645","1055","0","61.14","32.13"
"63","000","00","005","0523","1070","668","403","265","54","722","1226","0","58.89","32.87"
"63","000","00","005","0524","0000","1430","871","559","81","1511","2726","0","55.43","31.95"
"63","000","00","005","0524","1071","680","409","271","52","732","1390","0","52.66","29.42"
"63","000","00","005","0524","1072","750","462","288","29","779","1336","0","58.31","34.58"
"63","000","00","005","0525","0000","1517","963","554","106","1623","2780","0","58.38","34.64"
"63","000","00","005","0525","1073","722","386","336","54","776","1419","0","54.69","27.2"
"63","000","00","005","0525","1074","795","577","218","52","847","1361","0","62.23","42.4"
"63","000","00","005","0526","0000","2192","1248","944","94","2286","5016","0","45.57","24.88"
"63","000","00","005","0526","1075","864","518","346","54","918","2520","0","36.43","20.56"
"63","000","00","005","0526","1076","675","396","279","34","709","1224","0","57.92","32.35"
"63","000","00","005","0526","1077","653","334","319","6","659","1272","0","51.81","26.26"
"63","000","00","005","0527","0000","2168","1262","906","144","2312","3951","0","58.52","31.94"
"63","000","00","005","0527","1078","754","412","342","58","812","1400","0","58.0","29.43"
"63","000","00","005","0527","1079","699","420","279","38","737","1319","0","55.88","31.84"
"63","000","00","005","0527","1080","715","430","285","48","763","1232","0","61.93","34.9"
"63","000","00","005","0528","0000","1940","1136","804","106","2046","3274","0","62.49","34.7"
"63","000","00","005","0528","1081","754","448","306","48","802","1265","0","63.4","35.42"
"63","000","00","005","0528","1082","642","370","272","34","676","1055","0","64.08","35.07"
"63","000","00","005","0528","1083","544","318","226","24","568","954","0","59.54","33.33"
"63","000","00","005","0529","0000","2488","1415","1073","196","2684","4703","0","57.07","30.09"
"63","000","00","005","0529","1084","537","306","231","43","580","1018","0","56.97","30.06"
"63","000","00","005","0529","1085","764","439","325","52","816","1431","0","57.02","30.68"
"63","000","00","005","0529","1086","625","379","246","49","674","1271","0","53.03","29.82"
"63","000","00","005","0529","1087","562","291","271","52","614","983","0","62.46","29.6"
"63","000","00","005","0530","0000","3526","2117","1409","176","3702","6409","0","57.76","33.03"
"63","000","00","005","0530","1088","871","513","358","42","913","1594","0","57.28","32.18"
"63","000","00","005","0530","1089","897","552","345","52","949","1565","0","60.64","35.27"
"63","000","00","005","0530","1090","910","547","363","43","953","1650","0","57.76","33.15"
"63","000","00","005","0530","1091","848","505","343","39","887","1600","0","55.44","31.56"
"63","000","00","005","0531","0000","3955","2300","1655","298","4253","7227","0","58.85","31.83"
"63","000","00","005","0531","1092","749","420","329","37","786","1391","0","56.51","30.19"
"63","000","00","005","0531","1093","960","572","388","53","1013","1769","0","57.26","32.33"
"63","000","00","005","0531","1094","819","470","349","65","884","1487","0","59.45","31.61"
"63","000","00","005","0531","1095","678","383","295","108","786","1291","0","60.88","29.67"
"63","000","00","005","0531","1096","749","455","294","35","784","1289","0","60.82","35.3"
"63","000","00","006","0000","0000","56721","31347","25374","5467","62188","107557","127833","57.82","29.14"
"63","000","00","006","0601","0000","1428","783","645","159","1587","2613","0","60.73","29.97"
"63","000","00","006","0601","0919","663","359","304","88","751","1261","0","59.56","28.47"
"63","000","00","006","0601","0920","765","424","341","71","836","1352","0","61.83","31.36"
"63","000","00","006","0602","0000","1584","904","680","139","1723","2972","0","57.97","30.42"
"63","000","00","006","0602","0921","786","443","343","60","846","1462","0","57.87","30.3"
"63","000","00","006","0602","0922","798","461","337","79","877","1510","0","58.08","30.53"
"63","000","00","006","0603","0000","2104","1151","953","207","2311","4132","0","55.93","27.86"
"63","000","00","006","0603","0923","740","398","342","53","793","1496","0","53.01","26.6"
"63","000","00","006","0603","0924","686","364","322","64","750","1329","0","56.43","27.39"
"63","000","00","006","0603","0925","678","389","289","90","768","1307","0","58.76","29.76"
"63","000","00","006","0604","0000","1725","893","832","198","1923","3197","0","60.15","27.93"
"63","000","00","006","0604","0926","560","305","255","70","630","1065","0","59.15","28.64"
"63","000","00","006","0604","0927","582","299","283","49","631","1085","0","58.16","27.56"
"63","000","00","006","0604","0928","583","289","294","79","662","1047","0","63.23","27.6"
"63","000","00","006","0605","0000","2561","1291","1270","233","2794","4703","0","59.41","27.45"
"63","000","00","006","0605","0929","602","324","278","45","647","1215","0","53.25","26.67"
"63","000","00","006","0605","0930","639","307","332","47","686","1117","0","61.41","27.48"
"63","000","00","006","0605","0931","663","336","327","69","732","1186","0","61.72","28.33"
"63","000","00","006","0605","0932","657","324","333","72","729","1185","0","61.52","27.34"
"63","000","00","006","0606","0000","2137","1187","950","145","2282","3923","0","58.17","30.26"
"63","000","00","006","0606","0933","719","419","300","53","772","1359","0","56.81","30.83"
"63","000","00","006","0606","0934","686","369","317","34","720","1273","0","56.56","28.99"
"63","000","00","006","0606","0935","732","399","333","58","790","1291","0","61.19","30.91"
"63","000","00","006","0607","0000","2815","1620","1195","213","3028","5142","0","58.89","31.51"
"63","000","00","006","0607","0936","664","385","279","52","716","1288","0","55.59","29.89"
"63","000","00","006","0607","0937","725","411","314","56","781","1245","0","62.73","33.01"
"63","000","00","006","0607","0938","720","419","301","72","792","1261","0","62.81","33.23"
"63","000","00","006","0607","0939","706","405","301","33","739","1348","0","54.82","30.04"
"63","000","00","006","0608","0000","2326","1290","1036","272","2598","4303","0","60.38","29.98"
"63","000","00","006","0608","0940","879","448","431","111","990","1676","0","59.07","26.73"
"63","000","00","006","0608","0941","735","430","305","70","805","1311","0","61.4","32.8"
"63","000","00","006","0608","0942","712","412","300","91","803","1316","0","61.02","31.31"
"63","000","00","006","0609","0000","2302","1285","1017","234","2536","4253","0","59.63","30.21"
"63","000","00","006","0609","0943","732","402","330","93","825","1409","0","58.55","28.53"
"63","000","00","006","0609","0944","794","433","361","75","869","1436","0","60.52","30.15"
"63","000","00","006","0609","0945","776","450","326","66","842","1408","0","59.8","31.96"
"63","000","00","006","0610","0000","2009","1113","896","130","2139","3710","0","57.65","30.0"
"63","000","00","006","0610","0946","690","387","303","46","736","1276","0","57.68","30.33"
"63","000","00","006","0610","0947","602","335","267","34","636","1110","0","57.3","30.18"
"63","000","00","006","0610","0948","717","391","326","50","767","1324","0","57.93","29.53"
"63","000","00","006","0611","0000","4462","2526","1936","392","4854","7949","0","61.06","31.78"
"63","000","00","006","0611","0949","554","308","246","41","595","1016","0","58.56","30.31"
"63","000","00","006","0611","0950","592","339","253","48","640","1028","0","62.26","32.98"
"63","000","00","006","0611","0951","640","375","265","65","705","1158","0","60.88","32.38"
"63","000","00","006","0611","0952","633","364","269","63","696","1138","0","61.16","31.99"
"63","000","00","006","0611","0953","658","360","298","70","728","1214","0","59.97","29.65"
"63","000","00","006","0611","0954","594","330","264","34","628","1090","0","57.61","30.28"
"63","000","00","006","0611","0955","791","450","341","71","862","1305","0","66.05","34.48"
"63","000","00","006","0612","0000","1886","1060","826","164","2050","3518","0","58.27","30.13"
"63","000","00","006","0612","0956","586","330","256","38","624","1167","0","53.47","28.28"
"63","000","00","006","0612","0957","612","350","262","61","673","1148","0","58.62","30.49"
"63","000","00","006","0612","0958","688","380","308","65","753","1203","0","62.59","31.59"
"63","000","00","006","0613","0000","2904","1579","1325","272","3176","5427","0","58.52","29.1"
"63","000","00","006","0613","0959","729","379","350","70","799","1441","0","55.45","26.3"
"63","000","00","006","0613","0960","749","405","344","70","819","1315","0","62.28","30.8"
"63","000","00","006","0613","0961","721","395","326","72","793","1393","0","56.93","28.36"
"63","000","00","006","0613","0962","705","400","305","60","765","1278","0","59.86","31.3"
"63","000","00","006","0614","0000","1189","646","543","145","1334","2388","0","55.86","27.05"
"63","000","00","006","0614","0963","607","329","278","64","671","1246","0","53.85","26.4"
"63","000","00","006","0614","0964","582","317","265","81","663","1142","0","58.06","27.76"
"63","000","00","006","0615","0000","1501","805","696","149","1650","2699","0","61.13","29.83"
"63","000","00","006","0615","0965","724","400","324","88","812","1336","0","60.78","29.94"
"63","000","00","006","0615","0966","777","405","372","61","838","1363","0","61.48","29.71"
"63","000","00","006","0616","0000","2294","1218","1076","171","2465","4354","0","56.61","27.97"
"63","000","00","006","0616","0967","798","425","373","40","838","1476","0","56.78","28.79"
"63","000","00","006","0616","0968","764","402","362","71","835","1418","0","58.89","28.35"
"63","000","00","006","0616","0969","732","391","341","60","792","1460","0","54.25","26.78"
"63","000","00","006","0617","0000","1080","564","516","176","1256","2468","0","50.89","22.85"
"63","000","00","006","0617","0970","535","276","259","73","608","1222","0","49.75","22.59"
"63","000","00","006","0617","0971","545","288","257","103","648","1246","0","52.01","23.11"
"63","000","00","006","0618","0000","2078","1155","923","167","2245","3885","0","57.79","29.73"
"63","000","00","006","0618","0972","700","404","296","84","784","1256","0","62.42","32.17"
"63","000","00","006","0618","0973","695","375","320","47","742","1289","0","57.56","29.09"
"63","000","00","006","0618","0974","683","376","307","36","719","1340","0","53.66","28.06"
"63","000","00","006","0619","0000","1503","875","628","169","1672","4014","0","41.65","21.8"
"63","000","00","006","0619","0975","772","443","329","67","839","1555","0","53.95","28.49"
"63","000","00","006","0619","0976","731","432","299","102","833","2459","0","33.88","17.57"
"63","000","00","006","0620","0000","2228","1198","1030","266","2494","4466","0","55.84","26.82"
"63","000","00","006","0620","0977","464","248","216","75","539","1108","0","48.65","22.38"
"63","000","00","006","0620","0978","401","227","174","71","472","867","0","54.44","26.18"
"63","000","00","006","0620","0979","744","395","349","73","817","1329","0","61.47","29.72"
"63","000","00","006","0620","0980","619","328","291","47","666","1162","0","57.31","28.23"
"63","000","00","006","0621","0000","2850","1646","1204","295","3145","5823","0","54.01","28.27"
"63","000","00","006","0621","0981","701","375","326","86","787","1434","0","54.88","26.15"
"63","000","00","006","0621","0982","703","400","303","86","789","1351","0","58.4","29.61"
"63","000","00","006","0621","0983","740","493","247","67","807","1531","0","52.71","32.2"
"63","000","00","006","0621","0984","706","378","328","56","762","1507","0","50.56","25.08"
"63","000","00","006","0622","0000","3824","2164","1660","362","4186","7142","0","58.61","30.3"
"63","000","00","006","0622","0985","768","417","351","75","843","1488","0","56.65","28.02"
"63","000","00","006","0622","0986","758","410","348","98","856","1384","0","61.85","29.62"
"63","000","00","006","0622","0987","766","456","310","83","849","1460","0","58.15","31.23"
"63","000","00","006","0622","0988","772","452","320","74","846","1371","0","61.71","32.97"
"63","000","00","006","0622","0989","760","429","331","32","792","1439","0","55.04","29.81"
"63","000","00","006","0624","0000","2818","1493","1325","308","3126","5195","0","60.17","28.74"
"63","000","00","006","0624","0990","756","302","454","72","828","1376","0","60.17","21.95"
"63","000","00","006","0624","0991","684","379","305","94","778","1366","0","56.95","27.75"
"63","000","00","006","0624","0992","714","419","295","74","788","1218","0","64.7","34.4"
"63","000","00","006","0624","0993","664","393","271","68","732","1235","0","59.27","31.82"
"63","000","00","006","0625","0000","3125","1855","1270","253","3378","5651","0","59.78","32.83"
"63","000","00","006","0625","0994","694","413","281","31","725","1364","0","53.15","30.28"
"63","000","00","006","0625","0995","834","500","334","77","911","1408","0","64.7","35.51"
"63","000","00","006","0625","0996","782","463","319","65","847","1450","0","58.41","31.93"
"63","000","00","006","0625","0997","815","479","336","80","895","1429","0","62.63","33.52"
"63","000","00","006","0626","0000","1988","1046","942","248","2236","3630","0","61.6","28.82"
"63","000","00","006","0626","0998","633","343","290","75","708","1170","0","60.51","29.32"
"63","000","00","006","0626","0999","645","319","326","91","736","1245","0","59.12","25.62"
"63","000","00","006","0626","1000","710","384","326","82","792","1215","0","65.19","31.6"
"63","000","00","007","0000","0000","83014","47801","35213","7953","90967","164020","189875","55.46","29.14"
"63","000","00","007","0701","0000","2429","1370","1059","202","2631","4833","0","54.44","28.35"
"63","000","00","007","0701","1097","724","406","318","58","782","1305","0","59.92","31.11"
"63","000","00","007","0701","1098","525","304","221","79","604","1183","0","51.06","25.7"
"63","000","00","007","0701","1099","608","348","260","32","640","1176","0","54.42","29.59"
"63","000","00","007","0701","1100","572","312","260","33","605","1169","0","51.75","26.69"
"63","000","00","007","0702","0000","1356","776","580","142","1498","3020","0","49.6","25.7"
"63","000","00","007","0702","1101","686","399","287","56","742","1457","0","50.93","27.39"
"63","000","00","007","0702","1102","670","377","293","86","756","1563","0","48.37","24.12"
"63","000","00","007","0703","0000","1573","937","636","121","1694","3386","0","50.03","27.67"
"63","000","00","007","0703","1103","798","498","300","56","854","1771","0","48.22","28.12"
"63","000","00","007","0703","1104","775","439","336","65","840","1615","0","52.01","27.18"
"63","000","00","007","0704","0000","2855","1669","1186","294","3149","5794","0","54.35","28.81"
"63","000","00","007","0704","1105","747","436","311","85","832","1478","0","56.29","29.5"
"63","000","00","007","0704","1106","732","442","290","57","789","1462","0","53.97","30.23"
"63","000","00","007","0704","1107","658","387","271","79","737","1507","0","48.91","25.68"
"63","000","00","007","0704","1108","718","404","314","73","791","1347","0","58.72","29.99"
"63","000","00","007","0705","0000","2775","1540","1235","248","3023","5489","0","55.07","28.06"
"63","000","00","007","0705","1109","664","376","288","62","726","1367","0","53.11","27.51"
"63","000","00","007","0705","1110","719","408","311","64","783","1277","0","61.32","31.95"
"63","000","00","007","0705","1111","663","380","283","63","726","1395","0","52.04","27.24"
"63","000","00","007","0705","1112","729","376","353","59","788","1450","0","54.34","25.93"
"63","000","00","007","0706","0000","2472","1388","1084","304","2776","5192","0","53.47","26.73"
"63","000","00","007","0706","1113","614","360","254","80","694","1340","0","51.79","26.87"
"63","000","00","007","0706","1114","592","327","265","67","659","1242","0","53.06","26.33"
"63","000","00","007","0706","1115","631","340","291","84","715","1286","0","55.6","26.44"
"63","000","00","007","0706","1116","635","361","274","73","708","1324","0","53.47","27.27"
"63","000","00","007","0707","0000","2065","1180","885","234","2299","4411","0","52.12","26.75"
"63","000","00","007","0707","1117","780","452","328","80","860","1619","0","53.12","27.92"
"63","000","00","007","0707","1118","584","330","254","92","676","1352","0","50.0","24.41"
"63","000","00","007","0707","1119","701","398","303","62","763","1440","0","52.99","27.64"
"63","000","00","007","0708","0000","1883","1080","803","210","2093","3514","0","59.56","30.73"
"63","000","00","007","0708","1120","670","376","294","51","721","1194","0","60.39","31.49"
"63","000","00","007","0708","1121","619","361","258","74","693","1083","0","63.99","33.33"
"63","000","00","007","0708","1122","594","343","251","85","679","1237","0","54.89","27.73"
"63","000","00","007","0709","0000","2277","1269","1008","218","2495","4301","0","58.01","29.5"
"63","000","00","007","0709","1123","829","448","381","65","894","1625","0","55.02","27.57"
"63","000","00","007","0709","1124","719","404","315","86","805","1324","0","60.8","30.51"
"63","000","00","007","0709","1125","729","417","312","67","796","1352","0","58.88","30.84"
"63","000","00","007","0710","0000","2230","1197","1033","209","2439","5559","0","43.87","21.53"
"63","000","00","007","0710","1126","690","376","314","59","749","2630","0","28.48","14.3"
"63","000","00","007","0710","1127","838","451","387","75","913","1504","0","60.7","29.99"
"63","000","00","007","0710","1128","702","370","332","75","777","1425","0","54.53","25.96"
"63","000","00","007","0711","0000","3141","1725","1416","356","3497","6398","0","54.66","26.96"
"63","000","00","007","0711","1144","500","250","250","56","556","1052","0","52.85","23.76"
"63","000","00","007","0711","1145","569","300","269","61","630","1135","0","55.51","26.43"
"63","000","00","007","0711","1146","622","352","270","68","690","1225","0","56.33","28.73"
"63","000","00","007","0711","1147","752","444","308","81","833","1583","0","52.62","28.05"
"63","000","00","007","0711","1148","698","379","319","90","788","1403","0","56.17","27.01"
"63","000","00","007","0712","0000","2085","1193","892","245","2330","3995","0","58.32","29.86"
"63","000","00","007","0712","1149","725","409","316","88","813","1406","0","57.82","29.09"
"63","000","00","007","0712","1150","742","426","316","74","816","1401","0","58.24","30.41"
"63","000","00","007","0712","1151","618","358","260","83","701","1188","0","59.01","30.13"
"63","000","00","007","0713","0000","1660","1116","544","127","1787","3076","0","58.09","36.28"
"63","000","00","007","0713","1198","739","480","259","69","808","1485","0","54.41","32.32"
"63","000","00","007","0713","1199","921","636","285","58","979","1591","0","61.53","39.97"
"63","000","00","007","0714","0000","4410","2848","1562","220","4630","7544","0","61.37","37.75"
"63","000","00","007","0714","1200","865","572","293","42","907","1394","0","65.06","41.03"
"63","000","00","007","0714","1201","841","524","317","37","878","1522","0","57.69","34.43"
"63","000","00","007","0714","1202","960","631","329","42","1002","1661","0","60.33","37.99"
"63","000","00","007","0714","1203","896","562","334","40","936","1561","0","59.96","36.0"
"63","000","00","007","0714","1204","848","559","289","59","907","1406","0","64.51","39.76"
"63","000","00","007","0715","0000","2568","1472","1096","265","2833","4891","0","57.92","30.1"
"63","000","00","007","0715","1137","622","370","252","41","663","1228","0","53.99","30.13"
"63","000","00","007","0715","1138","638","370","268","85","723","1268","0","57.02","29.18"
"63","000","00","007","0715","1139","655","370","285","76","731","1207","0","60.56","30.65"
"63","000","00","007","0715","1140","653","362","291","63","716","1188","0","60.27","30.47"
"63","000","00","007","0716","0000","3017","1659","1358","256","3273","6228","0","52.55","26.64"
"63","000","00","007","0716","1152","778","422","356","82","860","1597","0","53.85","26.42"
"63","000","00","007","0716","1153","702","387","315","93","795","1290","0","61.63","30.0"
"63","000","00","007","0716","1154","805","441","364","37","842","1746","0","48.22","25.26"
"63","000","00","007","0716","1155","732","409","323","44","776","1595","0","48.65","25.64"
"63","000","00","007","0717","0000","1713","1003","710","163","1876","3860","0","48.6","25.98"
"63","000","00","007","0717","1141","738","420","318","56","794","1474","0","53.87","28.49"
"63","000","00","007","0717","1142","580","365","215","39","619","1304","0","47.47","27.99"
"63","000","00","007","0717","1143","395","218","177","68","463","1082","0","42.79","20.15"
"63","000","00","007","0718","0000","3968","2254","1714","376","4344","7643","0","56.84","29.49"
"63","000","00","007","0718","1132","724","399","325","74","798","1447","0","55.15","27.57"
"63","000","00","007","0718","1133","818","492","326","79","897","1491","0","60.16","33.0"
"63","000","00","007","0718","1134","814","455","359","71","885","1500","0","59.0","30.33"
"63","000","00","007","0718","1135","852","470","382","78","930","1582","0","58.79","29.71"
"63","000","00","007","0718","1136","760","438","322","74","834","1623","0","51.39","26.99"
"63","000","00","007","0719","0000","2202","1227","975","256","2458","4677","0","52.56","26.23"
"63","000","00","007","0719","1129","716","399","317","88","804","1591","0","50.53","25.08"
"63","000","00","007","0719","1130","725","420","305","80","805","1474","0","54.61","28.49"
"63","000","00","007","0719","1131","761","408","353","88","849","1612","0","52.67","25.31"
"63","000","00","007","0720","0000","1795","1013","782","189","1984","3212","0","61.77","31.54"
"63","000","00","007","0720","1163","563","319","244","49","612","1036","0","59.07","30.79"
"63","000","00","007","0720","1164","583","317","266","78","661","1035","0","63.86","30.63"
"63","000","00","007","0720","1165","649","377","272","62","711","1141","0","62.31","33.04"
"63","000","00","007","0721","0000","2610","1594","1016","281","2891","5522","0","52.35","28.87"
"63","000","00","007","0721","1205","639","377","262","60","699","1498","0","46.66","25.17"
"63","000","00","007","0721","1206","629","378","251","83","712","1478","0","48.17","25.58"
"63","000","00","007","0721","1207","586","358","228","77","663","1170","0","56.67","30.6"
"63","000","00","007","0721","1208","756","481","275","61","817","1376","0","59.38","34.96"
"63","000","00","007","0722","0000","2093","1124","969","222","2315","3885","0","59.59","28.93"
"63","000","00","007","0722","1166","688","364","324","60","748","1271","0","58.85","28.64"
"63","000","00","007","0722","1167","704","388","316","105","809","1328","0","60.92","29.22"
"63","000","00","007","0722","1168","701","372","329","57","758","1286","0","58.94","28.93"
"63","000","00","007","0723","0000","1526","870","656","153","1679","2903","0","57.84","29.97"
"63","000","00","007","0723","1172","885","495","390","73","958","1623","0","59.03","30.5"
"63","000","00","007","0723","1173","641","375","266","80","721","1280","0","56.33","29.3"
"63","000","00","007","0724","0000","2868","1599","1269","391","3259","6128","0","53.18","26.09"
"63","000","00","007","0724","1156","824","462","362","116","940","1701","0","55.26","27.16"
"63","000","00","007","0724","1157","585","305","280","77","662","1339","0","49.44","22.78"
"63","000","00","007","0724","1158","630","353","277","104","734","1484","0","49.46","23.79"
"63","000","00","007","0724","1159","829","479","350","94","923","1604","0","57.54","29.86"
"63","000","00","007","0725","0000","2477","1398","1079","243","2720","4923","0","55.25","28.4"
"63","000","00","007","0725","1169","888","493","395","100","988","1679","0","58.84","29.36"
"63","000","00","007","0725","1170","836","474","362","76","912","1619","0","56.33","29.28"
"63","000","00","007","0725","1171","753","431","322","67","820","1625","0","50.46","26.52"
"63","000","00","007","0726","0000","2014","1135","879","206","2220","3767","0","58.93","30.13"
"63","000","00","007","0726","1160","643","371","272","54","697","1197","0","58.23","30.99"
"63","000","00","007","0726","1161","638","361","277","97","735","1347","0","54.57","26.8"
"63","000","00","007","0726","1162","733","403","330","55","788","1223","0","64.43","32.95"
"63","000","00","007","0727","0000","1608","901","707","154","1762","2911","0","60.53","30.95"
"63","000","00","007","0727","1180","767","406","361","62","829","1342","0","61.77","30.25"
"63","000","00","007","0727","1181","841","495","346","92","933","1569","0","59.46","31.55"
"63","000","00","007","0728","0000","2114","1239","875","193","2307","4194","0","55.01","29.54"
"63","000","00","007","0728","1177","727","393","334","62","789","1373","0","57.47","28.62"
"63","000","00","007","0728","1178","688","419","269","84","772","1394","0","55.38","30.06"
"63","000","00","007","0728","1179","699","427","272","47","746","1427","0","52.28","29.92"
"63","000","00","007","0729","0000","1462","869","593","119","1581","3234","0","48.89","26.87"
"63","000","00","007","0729","1182","687","408","279","75","762","1514","0","50.33","26.95"
"63","000","00","007","0729","1183","775","461","314","44","819","1720","0","47.62","26.8"
"63","000","00","007","0730","0000","2424","1387","1037","231","2655","4533","0","58.57","30.6"
"63","000","00","007","0730","1174","806","472","334","91","897","1608","0","55.78","29.35"
"63","000","00","007","0730","1175","779","441","338","76","855","1453","0","58.84","30.35"
"63","000","00","007","0730","1176","839","474","365","64","903","1472","0","61.35","32.2"
"63","000","00","007","0731","0000","2061","1176","885","200","2261","4154","0","54.43","28.31"
"63","000","00","007","0731","1188","632","362","270","54","686","1307","0","52.49","27.7"
"63","000","00","007","0731","1189","737","435","302","95","832","1420","0","58.59","30.63"
"63","000","00","007","0731","1190","692","379","313","51","743","1427","0","52.07","26.56"
"63","000","00","007","0732","0000","3034","1573","1461","250","3284","5505","0","59.65","28.57"
"63","000","00","007","0732","1184","830","467","363","87","917","1461","0","62.77","31.96"
"63","000","00","007","0732","1185","639","361","278","52","691","1264","0","54.67","28.56"
"63","000","00","007","0732","1186","756","410","346","75","831","1334","0","62.29","30.73"
"63","000","00","007","0732","1187","809","335","474","36","845","1446","0","58.44","23.17"
"63","000","00","007","0733","0000","2615","1596","1019","236","2851","4900","0","58.18","32.57"
"63","000","00","007","0733","1191","488","296","192","54","542","956","0","56.69","30.96"
"63","000","00","007","0733","1192","728","417","311","65","793","1352","0","58.65","30.84"
"63","000","00","007","0733","1193","713","434","279","68","781","1370","0","57.01","31.68"
"63","000","00","007","0733","1194","686","449","237","49","735","1222","0","60.15","36.74"
"63","000","00","007","0734","0000","2264","1401","863","165","2429","4365","0","55.65","32.1"
"63","000","00","007","0734","1195","724","470","254","52","776","1375","0","56.44","34.18"
"63","000","00","007","0734","1196","805","507","298","53","858","1463","0","58.65","34.65"
"63","000","00","007","0734","1197","735","424","311","60","795","1527","0","52.06","27.77"
"63","000","00","007","0735","0000","1807","1099","708","168","1975","3296","0","59.92","33.34"
"63","000","00","007","0735","1209","583","357","226","30","613","1093","0","56.08","32.66"
"63","000","00","007","0735","1210","617","380","237","69","686","1084","0","63.28","35.06"
"63","000","00","007","0735","1211","607","362","245","69","676","1119","0","60.41","32.35"
"63","000","00","007","0736","0000","1563","924","639","106","1669","2777","0","60.1","33.27"
"63","000","00","007","0736","1212","802","497","305","52","854","1381","0","61.84","35.99"
"63","000","00","007","0736","1213","761","427","334","54","815","1396","0","58.38","30.59"
"63","000","00","008","0000","0000","126550","77470","49080","9286","135836","227211","273883","59.78","34.1"
"63","000","00","008","0801","0000","3351","2013","1338","242","3593","6228","0","57.69","32.32"
"63","000","00","008","0801","1402","804","469","335","62","866","1539","0","56.27","30.47"
"63","000","00","008","0801","1403","776","504","272","43","819","1548","0","52.91","32.56"
"63","000","00","008","0801","1404","836","489","347","73","909","1493","0","60.88","32.75"
"63","000","00","008","0801","1405","935","551","384","64","999","1648","0","60.62","33.43"
"63","000","00","008","0802","0000","3409","2110","1299","238","3647","6155","0","59.25","34.28"
"63","000","00","008","0802","1406","833","519","314","65","898","1544","0","58.16","33.61"
"63","000","00","008","0802","1407","846","523","323","63","909","1557","0","58.38","33.59"
"63","000","00","008","0802","1408","804","491","313","47","851","1514","0","56.21","32.43"
"63","000","00","008","0802","1409","926","577","349","63","989","1540","0","64.22","37.47"
"63","000","00","008","0803","0000","2500","1503","997","195","2695","4365","0","61.74","34.43"
"63","000","00","008","0803","1410","857","503","354","54","911","1466","0","62.14","34.31"
"63","000","00","008","0803","1411","840","534","306","57","897","1444","0","62.12","36.98"
"63","000","00","008","0803","1412","803","466","337","84","887","1455","0","60.96","32.03"
"63","000","00","008","0804","0000","3064","1839","1225","223","3287","5676","0","57.91","32.4"
"63","000","00","008","0804","1413","747","462","285","61","808","1440","0","56.11","32.08"
"63","000","00","008","0804","1414","798","483","315","69","867","1398","0","62.02","34.55"
"63","000","00","008","0804","1415","754","443","311","30","784","1412","0","55.52","31.37"
"63","000","00","008","0804","1416","765","451","314","63","828","1426","0","58.06","31.63"
"63","000","00","008","0805","0000","2385","1390","995","180","2565","4345","0","59.03","31.99"
"63","000","00","008","0805","1417","783","447","336","61","844","1437","0","58.73","31.11"
"63","000","00","008","0805","1418","740","413","327","73","813","1340","0","60.67","30.82"
"63","000","00","008","0805","1419","862","530","332","46","908","1568","0","57.91","33.8"
"63","000","00","008","0806","0000","2792","1696","1096","177","2969","5016","0","59.19","33.81"
"63","000","00","008","0806","1420","756","462","294","47","803","1372","0","58.53","33.67"
"63","000","00","008","0806","1421","572","336","236","40","612","1046","0","58.51","32.12"
"63","000","00","008","0806","1422","722","445","277","50","772","1274","0","60.6","34.93"
"63","000","00","008","0806","1423","742","453","289","40","782","1324","0","59.06","34.21"
"63","000","00","008","0807","0000","2747","1728","1019","171","2918","4829","0","60.43","35.78"
"63","000","00","008","0807","1424","937","573","364","76","1013","1722","0","58.83","33.28"
"63","000","00","008","0807","1425","977","632","345","67","1044","1737","0","60.1","36.38"
"63","000","00","008","0807","1426","833","523","310","28","861","1370","0","62.85","38.18"
"63","000","00","008","0808","0000","2182","1331","851","210","2392","3961","0","60.39","33.6"
"63","000","00","008","0808","1427","805","497","308","78","883","1495","0","59.06","33.24"
"63","000","00","008","0808","1428","730","447","283","71","801","1328","0","60.32","33.66"
"63","000","00","008","0808","1429","647","387","260","61","708","1138","0","62.21","34.01"
"63","000","00","008","0809","0000","3680","2249","1431","230","3910","6217","0","62.89","36.18"
"63","000","00","008","0809","1430","855","559","296","37","892","1471","0","60.64","38.0"
"63","000","00","008","0809","1431","684","403","281","33","717","1144","0","62.67","35.23"
"63","000","00","008","0809","1432","704","437","267","57","761","1176","0","64.71","37.16"
"63","000","00","008","0809","1433","720","430","290","54","774","1212","0","63.86","35.48"
"63","000","00","008","0809","1434","717","420","297","49","766","1214","0","63.1","34.6"
"63","000","00","008","0810","0000","2671","1585","1086","229","2900","4778","0","60.69","33.17"
"63","000","00","008","0810","1435","625","361","264","50","675","1170","0","57.69","30.85"
"63","000","00","008","0810","1436","745","434","311","59","804","1308","0","61.47","33.18"
"63","000","00","008","0810","1437","667","405","262","62","729","1190","0","61.26","34.03"
"63","000","00","008","0810","1438","634","385","249","58","692","1110","0","62.34","34.68"
"63","000","00","008","0811","0000","1639","1075","564","117","1756","2899","0","60.57","37.08"
"63","000","00","008","0811","1439","835","524","311","56","891","1512","0","58.93","34.66"
"63","000","00","008","0811","1440","804","551","253","61","865","1387","0","62.36","39.73"
"63","000","00","008","0812","0000","2333","1386","947","199","2532","4209","0","60.16","32.93"
"63","000","00","008","0812","1441","762","459","303","53","815","1355","0","60.15","33.87"
"63","000","00","008","0812","1442","754","442","312","76","830","1370","0","60.58","32.26"
"63","000","00","008","0812","1443","817","485","332","70","887","1484","0","59.77","32.68"
"63","000","00","008","0813","0000","2416","1490","926","187","2603","4240","0","61.39","35.14"
"63","000","00","008","0813","1444","968","576","392","86","1054","1786","0","59.01","32.25"
"63","000","00","008","0813","1445","708","443","265","62","770","1260","0","61.11","35.16"
"63","000","00","008","0813","1446","740","471","269","39","779","1194","0","65.24","39.45"
"63","000","00","008","0814","0000","1620","997","623","148","1768","2936","0","60.22","33.96"
"63","000","00","008","0814","1450","770","458","312","88","858","1450","0","59.17","31.59"
"63","000","00","008","0814","1451","850","539","311","60","910","1486","0","61.24","36.27"
"63","000","00","008","0815","0000","3765","2292","1473","227","3992","6643","0","60.09","34.5"
"63","000","00","008","0815","1452","710","416","294","43","753","1259","0","59.81","33.04"
"63","000","00","008","0815","1453","771","478","293","36","807","1317","0","61.28","36.29"
"63","000","00","008","0815","1454","782","461","321","46","828","1321","0","62.68","34.9"
"63","000","00","008","0815","1455","814","511","303","53","867","1475","0","58.78","34.64"
"63","000","00","008","0815","1456","688","426","262","49","737","1271","0","57.99","33.52"
"63","000","00","008","0816","0000","2841","1753","1088","192","3033","5159","0","58.79","33.98"
"63","000","00","008","0816","1457","918","542","376","53","971","1609","0","60.35","33.69"
"63","000","00","008","0816","1458","785","501","284","42","827","1501","0","55.1","33.38"
"63","000","00","008","0816","1459","501","314","187","48","549","997","0","55.07","31.49"
"63","000","00","008","0816","1460","637","396","241","49","686","1052","0","65.21","37.64"
"63","000","00","008","0817","0000","2811","1746","1065","182","2993","4847","0","61.75","36.02"
"63","000","00","008","0817","1461","727","459","268","40","767","1247","0","61.51","36.81"
"63","000","00","008","0817","1462","662","405","257","62","724","1167","0","62.04","34.7"
"63","000","00","008","0817","1463","742","478","264","43","785","1280","0","61.33","37.34"
"63","000","00","008","0817","1464","680","404","276","37","717","1153","0","62.19","35.04"
"63","000","00","008","0818","0000","3406","2168","1238","237","3643","5817","0","62.63","37.27"
"63","000","00","008","0818","1465","896","540","356","59","955","1557","0","61.34","34.68"
"63","000","00","008","0818","1466","805","521","284","71","876","1444","0","60.66","36.08"
"63","000","00","008","0818","1467","884","593","291","58","942","1459","0","64.56","40.64"
"63","000","00","008","0818","1468","821","514","307","49","870","1357","0","64.11","37.88"
"63","000","00","008","0819","0000","2892","1708","1184","237","3129","4847","0","64.56","35.24"
"63","000","00","008","0819","1469","746","437","309","52","798","1194","0","66.83","36.6"
"63","000","00","008","0819","1470","693","408","285","63","756","1184","0","63.85","34.46"
"63","000","00","008","0819","1471","673","405","268","48","721","1119","0","64.43","36.19"
"63","000","00","008","0819","1472","780","458","322","74","854","1350","0","63.26","33.93"
"63","000","00","008","0820","0000","4136","2518","1618","297","4433","7265","0","61.02","34.66"
"63","000","00","008","0820","1473","783","466","317","63","846","1502","0","56.32","31.03"
"63","000","00","008","0820","1474","831","524","307","74","905","1511","0","59.89","34.68"
"63","000","00","008","0820","1475","891","534","357","48","939","1481","0","63.4","36.06"
"63","000","00","008","0820","1476","880","553","327","58","938","1477","0","63.51","37.44"
"63","000","00","008","0820","1477","751","441","310","54","805","1294","0","62.21","34.08"
"63","000","00","008","0821","0000","2115","1285","830","147","2262","3516","0","64.33","36.55"
"63","000","00","008","0821","1478","678","408","270","32","710","1040","0","68.27","39.23"
"63","000","00","008","0821","1479","777","484","293","58","835","1323","0","63.11","36.58"
"63","000","00","008","0821","1480","660","393","267","57","717","1153","0","62.19","34.08"
"63","000","00","008","0822","0000","3307","2049","1258","217","3524","5896","0","59.77","34.75"
"63","000","00","008","0822","1481","840","551","289","67","907","1525","0","59.48","36.13"
"63","000","00","008","0822","1482","721","441","280","59","780","1412","0","55.24","31.23"
"63","000","00","008","0822","1483","893","540","353","44","937","1473","0","63.61","36.66"
"63","000","00","008","0822","1484","853","517","336","47","900","1486","0","60.57","34.79"
"63","000","00","008","0823","0000","3508","2197","1311","268","3776","6013","0","62.8","36.54"
"63","000","00","008","0823","1485","954","628","326","61","1015","1616","0","62.81","38.86"
"63","000","00","008","0823","1486","881","538","343","71","952","1489","0","63.94","36.13"
"63","000","00","008","0823","1487","779","493","286","68","847","1414","0","59.9","34.87"
"63","000","00","008","0823","1488","894","538","356","68","962","1494","0","64.39","36.01"
"63","000","00","008","0824","0000","4557","2852","1705","295","4852","7764","0","62.49","36.73"
"63","000","00","008","0824","1489","888","531","357","72","960","1547","0","62.06","34.32"
"63","000","00","008","0824","1490","901","550","351","69","970","1587","0","61.12","34.66"
"63","000","00","008","0824","1491","927","605","322","45","972","1515","0","64.16","39.93"
"63","000","00","008","0824","1492","926","594","332","61","987","1573","0","62.75","37.76"
"63","000","00","008","0824","1493","915","572","343","48","963","1542","0","62.45","37.09"
"63","000","00","008","0825","0000","1671","1019","652","183","1854","3536","0","52.43","28.82"
"63","000","00","008","0825","1494","731","465","266","71","802","1465","0","54.74","31.74"
"63","000","00","008","0825","1495","303","177","126","42","345","699","0","49.36","25.32"
"63","000","00","008","0825","1496","637","377","260","70","707","1372","0","51.53","27.48"
"63","000","00","008","0826","0000","3305","1970","1335","222","3527","6057","0","58.23","32.52"
"63","000","00","008","0826","1497","697","408","289","59","756","1448","0","52.21","28.18"
"63","000","00","008","0826","1498","872","499","373","49","921","1548","0","59.5","32.24"
"63","000","00","008","0826","1499","843","480","363","59","902","1501","0","60.09","31.98"
"63","000","00","008","0826","1500","893","583","310","55","948","1560","0","60.77","37.37"
"63","000","00","008","0827","0000","4370","2814","1556","274","4644","7736","0","60.03","36.38"
"63","000","00","008","0827","1501","868","548","320","52","920","1567","0","58.71","34.97"
"63","000","00","008","0827","1502","862","530","332","58","920","1554","0","59.2","34.11"
"63","000","00","008","0827","1503","852","535","317","65","917","1544","0","59.39","34.65"
"63","000","00","008","0827","1504","874","614","260","51","925","1528","0","60.54","40.18"
"63","000","00","008","0827","1505","914","587","327","48","962","1543","0","62.35","38.04"
"63","000","00","008","0828","0000","4120","2472","1648","395","4515","9127","0","49.47","27.08"
"63","000","00","008","0828","1506","889","544","345","72","961","2754","0","34.89","19.75"
"63","000","00","008","0828","1507","796","488","308","98","894","1709","0","52.31","28.55"
"63","000","00","008","0828","1508","791","445","346","81","872","1515","0","57.56","29.37"
"63","000","00","008","0828","1509","806","490","316","69","875","1571","0","55.7","31.19"
"63","000","00","008","0828","1510","838","505","333","75","913","1578","0","57.86","32.0"
"63","000","00","008","0829","0000","3619","2268","1351","291","3910","6503","0","60.13","34.88"
"63","000","00","008","0829","1511","771","536","235","52","823","1454","0","56.6","36.86"
"63","000","00","008","0829","1512","796","505","291","63","859","1436","0","59.82","35.17"
"63","000","00","008","0829","1513","827","493","334","60","887","1402","0","63.27","35.16"
"63","000","00","008","0829","1514","638","381","257","53","691","1117","0","61.86","34.11"
"63","000","00","008","0829","1515","587","353","234","63","650","1094","0","59.41","32.27"
"63","000","00","008","0830","0000","4189","2606","1583","311","4500","7402","0","60.79","35.21"
"63","000","00","008","0830","1519","743","466","277","53","796","1385","0","57.47","33.65"
"63","000","00","008","0830","1520","797","499","298","62","859","1416","0","60.66","35.24"
"63","000","00","008","0830","1521","845","530","315","63","908","1412","0","64.31","37.54"
"63","000","00","008","0830","1522","813","471","342","71","884","1535","0","57.59","30.68"
"63","000","00","008","0830","1523","991","640","351","62","1053","1654","0","63.66","38.69"
"63","000","00","008","0831","0000","2777","1731","1046","171","2948","4781","0","61.66","36.21"
"63","000","00","008","0831","1524","685","428","257","43","728","1156","0","62.98","37.02"
"63","000","00","008","0831","1525","686","447","239","46","732","1231","0","59.46","36.31"
"63","000","00","008","0831","1526","682","400","282","46","728","1218","0","59.77","32.84"
"63","000","00","008","0831","1527","724","456","268","36","760","1176","0","64.63","38.78"
"63","000","00","008","0832","0000","2688","1587","1101","228","2916","4889","0","59.64","32.46"
"63","000","00","008","0832","1532","873","514","359","62","935","1613","0","57.97","31.87"
"63","000","00","008","0832","1533","944","577","367","91","1035","1697","0","60.99","34.0"
"63","000","00","008","0832","1534","871","496","375","75","946","1579","0","59.91","31.41"
"63","000","00","008","0833","0000","3906","2331","1575","287","4193","6932","0","60.49","33.63"
"63","000","00","008","0833","1538","921","531","390","72","993","1646","0","60.33","32.26"
"63","000","00","008","0833","1539","724","425","299","60","784","1286","0","60.96","33.05"
"63","000","00","008","0833","1540","703","431","272","46","749","1219","0","61.44","35.36"
"63","000","00","008","0833","1541","767","463","304","45","812","1292","0","62.85","35.84"
"63","000","00","008","0833","1542","791","481","310","64","855","1489","0","57.42","32.3"
"63","000","00","008","0834","0000","2774","1672","1102","175","2949","5133","0","57.45","32.57"
"63","000","00","008","0834","1547","859","516","343","51","910","1816","0","50.11","28.41"
"63","000","00","008","0834","1548","527","267","260","42","569","985","0","57.77","27.11"
"63","000","00","008","0834","1549","776","507","269","32","808","1314","0","61.49","38.58"
"63","000","00","008","0834","1550","612","382","230","50","662","1018","0","65.03","37.52"
"63","000","00","008","0835","0000","3986","2453","1533","274","4260","7131","0","59.74","34.4"
"63","000","00","008","0835","1551","891","560","331","52","943","1578","0","59.76","35.49"
"63","000","00","008","0835","1552","806","502","304","52","858","1457","0","58.89","34.45"
"63","000","00","008","0835","1553","760","485","275","49","809","1326","0","61.01","36.58"
"63","000","00","008","0835","1554","796","495","301","65","861","1393","0","61.81","35.53"
"63","000","00","008","0835","1555","733","411","322","56","789","1377","0","57.3","29.85"
"63","000","00","008","0836","0000","1780","1018","762","202","1982","3454","0","57.38","29.47"
"63","000","00","008","0836","1560","735","438","297","60","795","1288","0","61.72","34.01"
"63","000","00","008","0836","1561","646","360","286","67","713","1301","0","54.8","27.67"
"63","000","00","008","0836","1562","399","220","179","75","474","865","0","54.8","25.43"
"63","000","00","008","0837","0000","401","218","183","39","440","789","0","55.77","27.63"
"63","000","00","008","0837","1563","401","218","183","39","440","789","0","55.77","27.63"
"63","000","00","008","0838","0000","2178","1406","772","152","2330","3615","0","64.45","38.89"
"63","000","00","008","0838","1516","632","426","206","57","689","1070","0","64.39","39.81"
"63","000","00","008","0838","1517","804","521","283","43","847","1319","0","64.22","39.5"
"63","000","00","008","0838","1518","742","459","283","52","794","1226","0","64.76","37.44"
"63","000","00","008","0839","0000","3334","2059","1275","269","3603","6498","0","55.45","31.69"
"63","000","00","008","0839","1543","917","562","355","67","984","1611","0","61.08","34.89"
"63","000","00","008","0839","1544","650","423","227","65","715","1549","0","46.16","27.31"
"63","000","00","008","0839","1545","884","545","339","65","949","1678","0","56.56","32.48"
"63","000","00","008","0839","1546","883","529","354","72","955","1660","0","57.53","31.87"
"63","000","00","008","0840","0000","3573","2144","1429","229","3802","6091","0","62.42","35.2"
"63","000","00","008","0840","1556","809","452","357","59","868","1448","0","59.94","31.22"
"63","000","00","008","0840","1557","867","529","338","54","921","1447","0","63.65","36.56"
"63","000","00","008","0840","1558","1064","652","412","68","1132","1739","0","65.09","37.49"
"63","000","00","008","0840","1559","833","511","322","48","881","1457","0","60.47","35.07"
"63","000","00","008","0841","0000","2966","1763","1203","202","3168","5308","0","59.68","33.21"
"63","000","00","008","0841","1528","814","472","342","4","818","1392","0","58.76","33.91"
"63","000","00","008","0841","1529","702","410","292","87","789","1323","0","59.64","30.99"
"63","000","00","008","0841","1530","700","421","279","48","748","1297","0","57.67","32.46"
"63","000","00","008","0841","1531","750","460","290","63","813","1296","0","62.73","35.49"
"63","000","00","008","0842","0000","2472","1566","906","192","2664","4385","0","60.75","35.71"
"63","000","00","008","0842","1447","803","472","331","69","872","1444","0","60.39","32.69"
"63","000","00","008","0842","1448","845","534","311","55","900","1495","0","60.2","35.72"
"63","000","00","008","0842","1449","824","560","264","68","892","1446","0","61.69","38.73"
"63","000","00","008","0843","0000","2314","1413","901","145","2459","4223","0","58.23","33.46"
"63","000","00","008","0843","1535","787","484","303","59","846","1320","0","64.09","36.67"
"63","000","00","008","0843","1536","780","476","304","49","829","1438","0","57.65","33.1"
"63","000","00","008","0843","1537","747","453","294","37","784","1465","0","53.52","30.92"
"63","000","00","009","0000","0000","54935","31894","23041","3919","58854","101907","121769","57.75","31.3"
"63","000","00","009","0901","0000","2789","1600","1189","168","2957","5655","0","52.29","28.29"
"63","000","00","009","0901","0455","637","345","292","33","670","1280","0","52.34","26.95"
"63","000","00","009","0901","0456","710","407","303","38","748","1351","0","55.37","30.13"
"63","000","00","009","0901","0457","737","453","284","49","786","1345","0","58.44","33.68"
"63","000","00","009","0901","0458","705","395","310","48","753","1679","0","44.85","23.53"
"63","000","00","009","0902","0000","1590","875","715","138","1728","3315","0","52.13","26.4"
"63","000","00","009","0902","0459","823","448","375","63","886","1680","0","52.74","26.67"
"63","000","00","009","0902","0460","767","427","340","75","842","1635","0","51.5","26.12"
"63","000","00","009","0903","0000","2020","1124","896","189","2209","3486","0","63.37","32.24"
"63","000","00","009","0903","0465","647","356","291","57","704","1086","0","64.83","32.78"
"63","000","00","009","0903","0466","709","412","297","73","782","1202","0","65.06","34.28"
"63","000","00","009","0903","0467","664","356","308","59","723","1198","0","60.35","29.72"
"63","000","00","009","0904","0000","3349","2004","1345","192","3541","6330","0","55.94","31.66"
"63","000","00","009","0904","0461","750","434","316","65","815","1459","0","55.86","29.75"
"63","000","00","009","0904","0462","954","601","353","37","991","1706","0","58.09","35.23"
"63","000","00","009","0904","0463","847","482","365","54","901","1674","0","53.82","28.79"
"63","000","00","009","0904","0464","798","487","311","36","834","1491","0","55.94","32.66"
"63","000","00","009","0905","0000","3298","1908","1390","256","3554","6336","0","56.09","30.11"
"63","000","00","009","0905","0483","724","420","304","74","798","1518","0","52.57","27.67"
"63","000","00","009","0905","0484","884","501","383","69","953","1552","0","61.4","32.28"
"63","000","00","009","0905","0485","833","502","331","38","871","1658","0","52.53","30.28"
"63","000","00","009","0905","0486","857","485","372","75","932","1608","0","57.96","30.16"
"63","000","00","009","0906","0000","1718","1068","650","101","1819","3337","0","54.51","32.0"
"63","000","00","009","0906","0504","788","497","291","41","829","1649","0","50.27","30.14"
"63","000","00","009","0906","0505","930","571","359","60","990","1688","0","58.65","33.83"
"63","000","00","009","0907","0000","2296","1302","994","190","2486","4093","0","60.74","31.81"
"63","000","00","009","0907","0490","759","417","342","100","859","1397","0","61.49","29.85"
"63","000","00","009","0907","0491","775","465","310","40","815","1352","0","60.28","34.39"
"63","000","00","009","0907","0492","762","420","342","50","812","1344","0","60.42","31.25"
"63","000","00","009","0908","0000","2154","1229","925","121","2275","4165","0","54.62","29.51"
"63","000","00","009","0908","0493","701","388","313","39","740","1385","0","53.43","28.01"
"63","000","00","009","0908","0494","755","448","307","42","797","1399","0","56.97","32.02"
"63","000","00","009","0908","0495","698","393","305","40","738","1381","0","53.44","28.46"
"63","000","00","009","0909","0000","2247","1298","949","138","2385","4228","0","56.41","30.7"
"63","000","00","009","0909","0496","800","476","324","51","851","1548","0","54.97","30.75"
"63","000","00","009","0909","0497","626","348","278","37","663","1190","0","55.71","29.24"
"63","000","00","009","0909","0498","821","474","347","50","871","1490","0","58.46","31.81"
"63","000","00","009","0910","0000","3361","1941","1420","233","3594","5983","0","60.07","32.44"
"63","000","00","009","0910","0499","628","354","274","42","670","1096","0","61.13","32.3"
"63","000","00","009","0910","0500","718","417","301","45","763","1238","0","61.63","33.68"
"63","000","00","009","0910","0501","745","426","319","39","784","1271","0","61.68","33.52"
"63","000","00","009","0910","0502","609","368","241","59","668","1146","0","58.29","32.11"
"63","000","00","009","0910","0503","661","376","285","48","709","1232","0","57.55","30.52"
"63","000","00","009","0911","0000","3733","2063","1670","316","4049","6741","0","60.07","30.6"
"63","000","00","009","0911","0518","612","324","288","52","664","1225","0","54.2","26.45"
"63","000","00","009","0911","0519","774","472","302","62","836","1264","0","66.14","37.34"
"63","000","00","009","0911","0520","906","381","525","112","1018","1649","0","61.73","23.1"
"63","000","00","009","0911","0521","736","461","275","24","760","1267","0","59.98","36.39"
"63","000","00","009","0911","0522","705","425","280","66","771","1336","0","57.71","31.81"
"63","000","00","009","0912","0000","2149","1238","911","168","2317","3805","0","60.89","32.54"
"63","000","00","009","0912","0509","677","391","286","85","762","1195","0","63.77","32.72"
"63","000","00","009","0912","0510","722","389","333","33","755","1254","0","60.21","31.02"
"63","000","00","009","0912","0511","750","458","292","50","800","1356","0","59.0","33.78"
"63","000","00","009","0913","0000","2258","1337","921","197","2455","4011","0","61.21","33.33"
"63","000","00","009","0913","0512","752","409","343","96","848","1363","0","62.22","30.01"
"63","000","00","009","0913","0513","771","477","294","65","836","1317","0","63.48","36.22"
"63","000","00","009","0913","0514","735","451","284","36","771","1331","0","57.93","33.88"
"63","000","00","009","0914","0000","2509","1487","1022","215","2724","4733","0","57.55","31.42"
"63","000","00","009","0914","0515","855","501","354","85","940","1610","0","58.39","31.12"
"63","000","00","009","0914","0516","802","479","323","46","848","1542","0","54.99","31.06"
"63","000","00","009","0914","0517","852","507","345","84","936","1581","0","59.2","32.07"
"63","000","00","009","0915","0000","2504","1454","1050","131","2635","4508","0","58.45","32.25"
"63","000","00","009","0915","0506","858","510","348","36","894","1503","0","59.48","33.93"
"63","000","00","009","0915","0507","828","459","369","39","867","1542","0","56.23","29.77"
"63","000","00","009","0915","0508","818","485","333","56","874","1463","0","59.74","33.15"
"63","000","00","009","0916","0000","3869","2231","1638","358","4227","7922","0","53.36","28.16"
"63","000","00","009","0916","0478","765","430","335","73","838","1529","0","54.81","28.12"
"63","000","00","009","0916","0479","774","442","332","85","859","1618","0","53.09","27.32"
"63","000","00","009","0916","0480","680","393","287","85","765","1545","0","49.51","25.44"
"63","000","00","009","0916","0481","834","500","334","65","899","1569","0","57.3","31.87"
"63","000","00","009","0916","0482","816","466","350","50","866","1661","0","52.14","28.06"
"63","000","00","009","0917","0000","4537","2657","1880","296","4833","8171","0","59.15","32.52"
"63","000","00","009","0917","0468","716","418","298","34","750","1430","0","52.45","29.23"
"63","000","00","009","0917","0469","729","410","319","58","787","1275","0","61.73","32.16"
"63","000","00","009","0917","0470","809","456","353","63","872","1344","0","64.88","33.93"
"63","000","00","009","0917","0471","792","460","332","43","835","1391","0","60.03","33.07"
"63","000","00","009","0917","0472","784","470","314","40","824","1342","0","61.4","35.02"
"63","000","00","009","0917","0473","707","443","264","58","765","1389","0","55.08","31.89"
"63","000","00","009","0918","0000","3117","1851","1266","200","3317","5592","0","59.32","33.1"
"63","000","00","009","0918","0474","817","457","360","46","863","1426","0","60.52","32.05"
"63","000","00","009","0918","0475","772","494","278","42","814","1359","0","59.9","36.35"
"63","000","00","009","0918","0476","719","399","320","73","792","1366","0","57.98","29.21"
"63","000","00","009","0918","0477","809","501","308","39","848","1441","0","58.85","34.77"
"63","000","00","009","0919","0000","2840","1705","1135","168","3008","4916","0","61.19","34.68"
"63","000","00","009","0919","0523","687","400","287","34","721","1162","0","62.05","34.42"
"63","000","00","009","0919","0524","591","363","228","25","616","1045","0","58.95","34.74"
"63","000","00","009","0919","0525","826","502","324","68","894","1351","0","66.17","37.16"
"63","000","00","009","0919","0526","736","440","296","41","777","1358","0","57.22","32.4"
"63","000","00","009","0920","0000","2597","1522","1075","144","2741","4580","0","59.85","33.23"
"63","000","00","009","0920","0487","744","428","316","51","795","1475","0","53.9","29.02"
"63","000","00","009","0920","0488","990","593","397","60","1050","1722","0","60.98","34.44"
"63","000","00","009","0920","0489","863","501","362","33","896","1383","0","64.79","36.23"
"63","000","00","010","0000","0000","129116","76531","52585","8726","137842","236824","287227","58.2","32.32"
"63","000","00","010","1001","0000","3434","1972","1462","290","3724","6500","0","57.29","30.34"
"63","000","00","010","1001","0305","799","466","333","50","849","1661","0","51.11","28.06"
"63","000","00","010","1001","0306","809","459","350","83","892","1602","0","55.68","28.65"
"63","000","00","010","1001","0307","926","515","411","99","1025","1655","0","61.93","31.12"
"63","000","00","010","1001","0308","900","532","368","58","958","1582","0","60.56","33.63"
"63","000","00","010","1002","0000","4443","2755","1688","381","4824","8357","0","57.72","32.97"
"63","000","00","010","1002","0309","875","527","348","46","921","1688","0","54.56","31.22"
"63","000","00","010","1002","0310","932","573","359","62","994","1737","0","57.23","32.99"
"63","000","00","010","1002","0311","989","609","380","76","1065","1809","0","58.87","33.67"
"63","000","00","010","1002","0312","727","454","273","57","784","1376","0","56.98","32.99"
"63","000","00","010","1002","0313","920","592","328","140","1060","1747","0","60.68","33.89"
"63","000","00","010","1003","0000","3616","2117","1499","188","3804","5914","0","64.32","35.8"
"63","000","00","010","1003","0314","908","546","362","39","947","1389","0","68.18","39.31"
"63","000","00","010","1003","0315","849","485","364","54","903","1454","0","62.1","33.36"
"63","000","00","010","1003","0316","895","508","387","47","942","1468","0","64.17","34.6"
"63","000","00","010","1003","0317","964","578","386","48","1012","1603","0","63.13","36.06"
"63","000","00","010","1005","0000","2932","1761","1171","192","3124","5276","0","59.21","33.38"
"63","000","00","010","1005","0318","956","575","381","37","993","1795","0","55.32","32.03"
"63","000","00","010","1005","0319","1011","597","414","72","1083","1737","0","62.35","34.37"
"63","000","00","010","1005","0320","965","589","376","83","1048","1744","0","60.09","33.77"
"63","000","00","010","1006","0000","2627","1505","1122","180","2807","4732","0","59.32","31.8"
"63","000","00","010","1006","0321","910","567","343","77","987","1661","0","59.42","34.14"
"63","000","00","010","1006","0322","857","488","369","60","917","1577","0","58.15","30.94"
"63","000","00","010","1006","0323","860","450","410","43","903","1494","0","60.44","30.12"
"63","000","00","010","1007","0000","4522","2697","1825","361","4883","8285","0","58.94","32.55"
"63","000","00","010","1007","0324","896","511","385","65","961","1626","0","59.1","31.43"
"63","000","00","010","1007","0325","890","543","347","83","973","1641","0","59.29","33.09"
"63","000","00","010","1007","0326","840","513","327","65","905","1554","0","58.24","33.01"
"63","000","00","010","1007","0327","971","556","415","84","1055","1728","0","61.05","32.18"
"63","000","00","010","1007","0328","925","574","351","64","989","1736","0","56.97","33.06"
"63","000","00","010","1008","0000","4302","2694","1608","250","4552","7740","0","58.81","34.81"
"63","000","00","010","1008","0329","885","542","343","52","937","1461","0","64.13","37.1"
"63","000","00","010","1008","0330","842","594","248","45","887","1509","0","58.78","39.36"
"63","000","00","010","1008","0331","735","442","293","51","786","1358","0","57.88","32.55"
"63","000","00","010","1008","0332","924","558","366","63","987","1761","0","56.05","31.69"
"63","000","00","010","1008","0333","916","558","358","39","955","1651","0","57.84","33.8"
"63","000","00","010","1009","0000","2975","1835","1140","199","3174","5472","0","58.0","33.53"
"63","000","00","010","1009","0334","1004","601","403","79","1083","1809","0","59.87","33.22"
"63","000","00","010","1009","0335","968","607","361","70","1038","1773","0","58.54","34.24"
"63","000","00","010","1009","0336","1003","627","376","50","1053","1890","0","55.71","33.17"
"63","000","00","010","1010","0000","4123","2474","1649","236","4359","7310","0","59.63","33.84"
"63","000","00","010","1010","0337","1060","634","426","75","1135","1760","0","64.49","36.02"
"63","000","00","010","1010","0338","933","584","349","43","976","1645","0","59.33","35.5"
"63","000","00","010","1010","0339","686","368","318","37","723","1324","0","54.61","27.79"
"63","000","00","010","1010","0340","619","376","243","44","663","1072","0","61.85","35.07"
"63","000","00","010","1010","0341","825","512","313","37","862","1509","0","57.12","33.93"
"63","000","00","010","1011","0000","3922","2290","1632","247","4169","7069","0","58.98","32.39"
"63","000","00","010","1011","0342","920","518","402","73","993","1715","0","57.9","30.2"
"63","000","00","010","1011","0343","984","551","433","57","1041","1774","0","58.68","31.06"
"63","000","00","010","1011","0344","1061","651","410","65","1126","1796","0","62.69","36.25"
"63","000","00","010","1011","0345","957","570","387","52","1009","1784","0","56.56","31.95"
"63","000","00","010","1012","0000","2782","1500","1282","158","2940","4835","0","60.81","31.02"
"63","000","00","010","1012","0346","826","445","381","58","884","1417","0","62.39","31.4"
"63","000","00","010","1012","0347","937","526","411","38","975","1699","0","57.39","30.96"
"63","000","00","010","1012","0348","1019","529","490","62","1081","1719","0","62.89","30.77"
"63","000","00","010","1013","0000","2494","1460","1034","164","2658","4784","0","55.56","30.52"
"63","000","00","010","1013","0349","949","557","392","47","996","1715","0","58.08","32.48"
"63","000","00","010","1013","0350","803","489","314","47","850","1634","0","52.02","29.93"
"63","000","00","010","1013","0351","742","414","328","70","812","1435","0","56.59","28.85"
"63","000","00","010","1014","0000","3091","1780","1311","241","3332","5804","0","57.41","30.67"
"63","000","00","010","1014","0352","758","426","332","51","809","1440","0","56.18","29.58"
"63","000","00","010","1014","0353","855","510","345","38","893","1446","0","61.76","35.27"
"63","000","00","010","1014","0354","779","451","328","74","853","1657","0","51.48","27.22"
"63","000","00","010","1014","0355","699","393","306","78","777","1261","0","61.62","31.17"
"63","000","00","010","1015","0000","3515","2034","1481","261","3776","6183","0","61.07","32.9"
"63","000","00","010","1015","0356","193","91","102","45","238","456","0","52.19","19.96"
"63","000","00","010","1015","0357","897","568","329","45","942","1433","0","65.74","39.64"
"63","000","00","010","1015","0358","847","472","375","46","893","1485","0","60.13","31.78"
"63","000","00","010","1015","0359","860","488","372","57","917","1590","0","57.67","30.69"
"63","000","00","010","1015","0360","718","415","303","68","786","1219","0","64.48","34.04"
"63","000","00","010","1016","0000","2755","1614","1141","183","2938","5096","0","57.65","31.67"
"63","000","00","010","1016","0361","892","538","354","78","970","1732","0","56.0","31.06"
"63","000","00","010","1016","0362","969","568","401","37","1006","1727","0","58.25","32.89"
"63","000","00","010","1016","0363","894","508","386","68","962","1637","0","58.77","31.03"
"63","000","00","010","1017","0000","4129","2464","1665","229","4358","7433","0","58.63","33.15"
"63","000","00","010","1017","0364","794","482","312","42","836","1453","0","57.54","33.17"
"63","000","00","010","1017","0365","853","512","341","52","905","1617","0","55.97","31.66"
"63","000","00","010","1017","0366","857","523","334","50","907","1604","0","56.55","32.61"
"63","000","00","010","1017","0367","861","495","366","38","899","1406","0","63.94","35.21"
"63","000","00","010","1017","0368","764","452","312","47","811","1353","0","59.94","33.41"
"63","000","00","010","1018","0000","3413","2099","1314","210","3623","6052","0","59.86","34.68"
"63","000","00","010","1018","0369","988","623","365","65","1053","1724","0","61.08","36.14"
"63","000","00","010","1018","0370","785","485","300","52","837","1378","0","60.74","35.2"
"63","000","00","010","1018","0371","813","491","322","45","858","1403","0","61.15","35.0"
"63","000","00","010","1018","0372","827","500","327","48","875","1547","0","56.56","32.32"
"63","000","00","010","1019","0000","4040","2415","1625","278","4318","7177","0","60.16","33.65"
"63","000","00","010","1019","0373","954","579","375","68","1022","1718","0","59.49","33.7"
"63","000","00","010","1019","0374","976","581","395","66","1042","1813","0","57.47","32.05"
"63","000","00","010","1019","0375","1039","614","425","83","1122","1791","0","62.65","34.28"
"63","000","00","010","1019","0376","1071","641","430","61","1132","1855","0","61.02","34.56"
"63","000","00","010","1020","0000","3846","2301","1545","221","4067","6880","0","59.11","33.44"
"63","000","00","010","1020","0377","967","599","368","40","1007","1731","0","58.17","34.6"
"63","000","00","010","1020","0378","969","551","418","61","1030","1593","0","64.66","34.59"
"63","000","00","010","1020","0379","955","590","365","58","1013","1869","0","54.2","31.57"
"63","000","00","010","1020","0380","955","561","394","62","1017","1687","0","60.28","33.25"
"63","000","00","010","1021","0000","2394","1470","924","158","2552","4144","0","61.58","35.47"
"63","000","00","010","1021","0381","865","538","327","39","904","1530","0","59.08","35.16"
"63","000","00","010","1021","0382","739","461","278","63","802","1300","0","61.69","35.46"
"63","000","00","010","1021","0383","790","471","319","56","846","1314","0","64.38","35.84"
"63","000","00","010","1022","0000","4650","2686","1964","316","4966","8925","0","55.64","30.1"
"63","000","00","010","1022","0384","692","383","309","46","738","1433","0","51.5","26.73"
"63","000","00","010","1022","0385","752","437","315","42","794","1450","0","54.76","30.14"
"63","000","00","010","1022","0386","853","528","325","69","922","1608","0","57.34","32.84"
"63","000","00","010","1022","0387","775","429","346","63","838","1414","0","59.26","30.34"
"63","000","00","010","1022","0388","812","493","319","57","869","1492","0","58.24","33.04"
"63","000","00","010","1022","0389","766","416","350","39","805","1528","0","52.68","27.23"
"63","000","00","010","1023","0000","3549","2014","1535","214","3763","6634","0","56.72","30.36"
"63","000","00","010","1023","0390","930","540","390","56","986","1692","0","58.27","31.91"
"63","000","00","010","1023","0391","861","464","397","60","921","1556","0","59.19","29.82"
"63","000","00","010","1023","0392","838","477","361","55","893","1637","0","54.55","29.14"
"63","000","00","010","1023","0393","920","533","387","43","963","1749","0","55.06","30.47"
"63","000","00","010","1024","0000","3899","2310","1589","315","4214","7348","0","57.35","31.44"
"63","000","00","010","1024","0394","632","365","267","48","680","1220","0","55.74","29.92"
"63","000","00","010","1024","0395","846","503","343","80","926","1600","0","57.88","31.44"
"63","000","00","010","1024","0396","789","469","320","65","854","1473","0","57.98","31.84"
"63","000","00","010","1024","0397","789","469","320","70","859","1498","0","57.34","31.31"
"63","000","00","010","1024","0398","843","504","339","52","895","1557","0","57.48","32.37"
"63","000","00","010","1025","0000","2161","1254","907","187","2348","4190","0","56.04","29.93"
"63","000","00","010","1025","0399","857","518","339","46","903","1674","0","53.94","30.94"
"63","000","00","010","1025","0400","979","565","414","65","1044","1728","0","60.42","32.7"
"63","000","00","010","1025","0401","325","171","154","76","401","788","0","50.89","21.7"
"63","000","00","010","1026","0000","3656","2108","1548","254","3910","7138","0","54.78","29.53"
"63","000","00","010","1026","0402","773","443","330","87","860","1542","0","55.77","28.73"
"63","000","00","010","1026","0403","772","417","355","65","837","1676","0","49.94","24.88"
"63","000","00","010","1026","0404","665","358","307","42","707","1360","0","51.99","26.32"
"63","000","00","010","1026","0405","753","462","291","37","790","1259","0","62.75","36.7"
"63","000","00","010","1026","0406","693","428","265","23","716","1301","0","55.03","32.9"
"63","000","00","010","1027","0000","3134","1843","1291","206","3340","5998","0","55.69","30.73"
"63","000","00","010","1027","0407","595","323","272","47","642","1251","0","51.32","25.82"
"63","000","00","010","1027","0408","778","484","294","76","854","1502","0","56.86","32.22"
"63","000","00","010","1027","0409","852","518","334","47","899","1596","0","56.33","32.46"
"63","000","00","010","1027","0410","909","518","391","36","945","1649","0","57.31","31.41"
"63","000","00","010","1028","0000","1784","1103","681","129","1913","3520","0","54.35","31.34"
"63","000","00","010","1028","0411","901","559","342","78","979","1774","0","55.19","31.51"
"63","000","00","010","1028","0412","883","544","339","51","934","1746","0","53.49","31.16"
"63","000","00","010","1029","0000","3346","1974","1372","249","3595","7676","0","46.83","25.72"
"63","000","00","010","1029","0413","776","474","302","34","810","1473","0","54.99","32.18"
"63","000","00","010","1029","0414","899","533","366","76","975","2824","0","34.53","18.87"
"63","000","00","010","1029","0415","897","490","407","60","957","1849","0","51.76","26.5"
"63","000","00","010","1029","0416","774","477","297","79","853","1530","0","55.75","31.18"
"63","000","00","010","1030","0000","2655","1528","1127","168","2823","4808","0","58.71","31.78"
"63","000","00","010","1030","0417","887","485","402","60","947","1656","0","57.19","29.29"
"63","000","00","010","1030","0418","808","465","343","49","857","1457","0","58.82","31.91"
"63","000","00","010","1030","0419","960","578","382","59","1019","1695","0","60.12","34.1"
"63","000","00","010","1031","0000","3652","2197","1455","230","3882","6644","0","58.43","33.07"
"63","000","00","010","1031","0420","933","565","368","58","991","1663","0","59.59","33.97"
"63","000","00","010","1031","0421","888","506","382","60","948","1654","0","57.32","30.59"
"63","000","00","010","1031","0422","919","569","350","67","986","1642","0","60.05","34.65"
"63","000","00","010","1031","0423","912","557","355","45","957","1685","0","56.8","33.06"
"63","000","00","010","1032","0000","3132","1891","1241","193","3325","5552","0","59.89","34.06"
"63","000","00","010","1032","0424","974","566","408","72","1046","1862","0","56.18","30.4"
"63","000","00","010","1032","0425","1083","648","435","57","1140","1900","0","60.0","34.11"
"63","000","00","010","1032","0426","1075","677","398","64","1139","1790","0","63.63","37.82"
"63","000","00","010","1033","0000","2541","1443","1098","230","2771","4787","0","57.89","30.14"
"63","000","00","010","1033","0427","736","423","313","76","812","1417","0","57.3","29.85"
"63","000","00","010","1033","0428","905","520","385","66","971","1694","0","57.32","30.7"
"63","000","00","010","1033","0429","900","500","400","88","988","1676","0","58.95","29.83"
"63","000","00","010","1034","0000","4517","2757","1760","281","4798","8109","0","59.17","34.0"
"63","000","00","010","1034","0430","894","528","366","33","927","1643","0","56.42","32.14"
"63","000","00","010","1034","0431","880","548","332","57","937","1588","0","59.01","34.51"
"63","000","00","010","1034","0432","903","539","364","60","963","1603","0","60.07","33.62"
"63","000","00","010","1034","0433","878","545","333","78","956","1629","0","58.69","33.46"
"63","000","00","010","1034","0434","962","597","365","53","1015","1646","0","61.66","36.27"
"63","000","00","010","1035","0000","4025","2469","1556","290","4315","7457","0","57.87","33.11"
"63","000","00","010","1035","0435","988","633","355","54","1042","1883","0","55.34","33.62"
"63","000","00","010","1035","0436","780","475","305","46","826","1434","0","57.6","33.12"
"63","000","00","010","1035","0437","761","452","309","50","811","1418","0","57.19","31.88"
"63","000","00","010","1035","0438","747","456","291","72","819","1373","0","59.65","33.21"
"63","000","00","010","1035","0439","749","453","296","68","817","1349","0","60.56","33.58"
"63","000","00","010","1036","0000","2627","1563","1064","189","2816","4624","0","60.9","33.8"
"63","000","00","010","1036","0440","874","521","353","58","932","1511","0","61.68","34.48"
"63","000","00","010","1036","0441","900","545","355","72","972","1563","0","62.19","34.87"
"63","000","00","010","1036","0442","853","497","356","59","912","1550","0","58.84","32.06"
"63","000","00","010","1037","0000","607","330","277","52","659","1157","0","56.96","28.52"
"63","000","00","010","1037","0443","607","330","277","52","659","1157","0","56.96","28.52"
"63","000","00","010","1038","0000","2817","1642","1175","216","3033","5175","0","58.61","31.73"
"63","000","00","010","1038","0444","974","544","430","60","1034","1768","0","58.48","30.77"
"63","000","00","010","1038","0445","908","535","373","64","972","1664","0","58.41","32.15"
"63","000","00","010","1038","0446","935","563","372","92","1027","1743","0","58.92","32.3"
"63","000","00","010","1039","0000","4245","2518","1727","204","4449","7392","0","60.19","34.06"
"63","000","00","010","1039","0447","852","493","359","26","878","1480","0","59.32","33.31"
"63","000","00","010","1039","0448","928","527","401","63","991","1589","0","62.37","33.17"
"63","000","00","010","1039","0449","759","443","316","34","793","1371","0","57.84","32.31"
"63","000","00","010","1039","0450","929","585","344","55","984","1575","0","62.48","37.14"
"63","000","00","010","1039","0451","777","470","307","26","803","1377","0","58.32","34.13"
"63","000","00","010","1040","0000","2764","1664","1100","176","2940","4647","0","63.27","35.81"
"63","000","00","010","1040","0452","919","566","353","71","990","1469","0","67.39","38.53"
"63","000","00","010","1040","0453","920","561","359","32","952","1529","0","62.26","36.69"
"63","000","00","010","1040","0454","925","537","388","73","998","1649","0","60.52","32.57"
"63","000","00","011","0000","0000","126654","71992","54662","11331","137985","241854","286695","57.05","29.77"
"63","000","00","011","1101","0000","1763","978","785","201","1964","3415","0","57.51","28.64"
"63","000","00","011","1101","0142","861","480","381","89","950","1695","0","56.05","28.32"
"63","000","00","011","1101","0143","902","498","404","112","1014","1720","0","58.95","28.95"
"63","000","00","011","1102","0000","1444","844","600","166","1610","2834","0","56.81","29.78"
"63","000","00","011","1102","0144","649","385","264","95","744","1288","0","57.76","29.89"
"63","000","00","011","1102","0145","795","459","336","71","866","1546","0","56.02","29.69"
"63","000","00","011","1103","0000","1473","822","651","135","1608","2659","0","60.47","30.91"
"63","000","00","011","1103","0146","379","222","157","34","413","652","0","63.34","34.05"
"63","000","00","011","1103","0147","439","253","186","45","484","870","0","55.63","29.08"
"63","000","00","011","1103","0148","655","347","308","56","711","1137","0","62.53","30.52"
"63","000","00","011","1104","0000","2264","1285","979","214","2478","5331","0","46.48","24.1"
"63","000","00","011","1104","0149","608","356","252","62","670","1050","0","63.81","33.9"
"63","000","00","011","1104","0150","574","324","250","68","642","1031","0","62.27","31.43"
"63","000","00","011","1104","0151","612","340","272","32","644","1075","0","59.91","31.63"
"63","000","00","011","1104","0152","470","265","205","52","522","2175","0","24.0","12.18"
"63","000","00","011","1105","0000","3673","2196","1477","295","3968","6757","0","58.72","32.5"
"63","000","00","011","1105","0153","889","553","336","56","945","1775","0","53.24","31.15"
"63","000","00","011","1105","0154","917","578","339","67","984","1669","0","58.96","34.63"
"63","000","00","011","1105","0155","926","514","412","89","1015","1665","0","60.96","30.87"
"63","000","00","011","1105","0156","941","551","390","83","1024","1648","0","62.14","33.43"
"63","000","00","011","1106","0000","2991","1582","1409","269","3260","5565","0","58.58","28.43"
"63","000","00","011","1106","0157","690","403","287","36","726","1246","0","58.27","32.34"
"63","000","00","011","1106","0158","745","368","377","71","816","1419","0","57.51","25.93"
"63","000","00","011","1106","0159","695","361","334","84","779","1327","0","58.7","27.2"
"63","000","00","011","1106","0160","861","450","411","78","939","1573","0","59.69","28.61"
"63","000","00","011","1107","0000","3688","2100","1588","275","3963","6779","0","58.46","30.98"
"63","000","00","011","1107","0161","778","454","324","95","873","1470","0","59.39","30.88"
"63","000","00","011","1107","0162","947","536","411","51","998","1775","0","56.23","30.2"
"63","000","00","011","1107","0163","961","537","424","62","1023","1692","0","60.46","31.74"
"63","000","00","011","1107","0164","1002","573","429","67","1069","1842","0","58.03","31.11"
"63","000","00","011","1108","0000","3806","2144","1662","409","4215","7204","0","58.51","29.76"
"63","000","00","011","1108","0165","650","370","280","63","713","1166","0","61.15","31.73"
"63","000","00","011","1108","0166","791","438","353","95","886","1687","0","52.52","25.96"
"63","000","00","011","1108","0167","860","506","354","72","932","1624","0","57.39","31.16"
"63","000","00","011","1108","0168","814","450","364","108","922","1477","0","62.42","30.47"
"63","000","00","011","1108","0169","691","380","311","71","762","1250","0","60.96","30.4"
"63","000","00","011","1109","0000","3237","1857","1380","328","3565","5934","0","60.08","31.29"
"63","000","00","011","1109","0170","746","410","336","110","856","1434","0","59.69","28.59"
"63","000","00","011","1109","0171","766","445","321","51","817","1452","0","56.27","30.65"
"63","000","00","011","1109","0172","890","519","371","74","964","1533","0","62.88","33.86"
"63","000","00","011","1109","0173","835","483","352","93","928","1515","0","61.25","31.88"
"63","000","00","011","1110","0000","2163","1213","950","207","2370","3942","0","60.12","30.77"
"63","000","00","011","1110","0174","659","369","290","70","729","1203","0","60.6","30.67"
"63","000","00","011","1110","0175","840","463","377","88","928","1487","0","62.41","31.14"
"63","000","00","011","1110","0176","664","381","283","49","713","1252","0","56.95","30.43"
"63","000","00","011","1111","0000","3428","1930","1498","283","3711","6175","0","60.1","31.26"
"63","000","00","011","1111","0177","812","480","332","61","873","1536","0","56.84","31.25"
"63","000","00","011","1111","0178","889","471","418","63","952","1556","0","61.18","30.27"
"63","000","00","011","1111","0179","817","463","354","76","893","1511","0","59.1","30.64"
"63","000","00","011","1111","0180","910","516","394","83","993","1572","0","63.17","32.82"
"63","000","00","011","1112","0000","2511","1445","1066","286","2797","4921","0","56.84","29.36"
"63","000","00","011","1112","0181","835","471","364","84","919","1668","0","55.1","28.24"
"63","000","00","011","1112","0182","850","484","366","123","973","1685","0","57.74","28.72"
"63","000","00","011","1112","0183","826","490","336","79","905","1568","0","57.72","31.25"
"63","000","00","011","1113","0000","2864","1585","1279","286","3150","5632","0","55.93","28.14"
"63","000","00","011","1113","0184","674","364","310","59","733","1327","0","55.24","27.43"
"63","000","00","011","1113","0185","673","388","285","74","747","1338","0","55.83","29.0"
"63","000","00","011","1113","0186","727","403","324","77","804","1515","0","53.07","26.6"
"63","000","00","011","1113","0187","790","430","360","76","866","1452","0","59.64","29.61"
"63","000","00","011","1114","0000","2375","1385","990","203","2578","4430","0","58.19","31.26"
"63","000","00","011","1114","0188","770","461","309","72","842","1448","0","58.15","31.84"
"63","000","00","011","1114","0189","827","482","345","72","899","1521","0","59.11","31.69"
"63","000","00","011","1114","0190","778","442","336","59","837","1461","0","57.29","30.25"
"63","000","00","011","1115","0000","2260","1202","1058","226","2486","4747","0","52.37","25.32"
"63","000","00","011","1115","0191","746","401","345","87","833","1541","0","54.06","26.02"
"63","000","00","011","1115","0192","691","369","322","61","752","1611","0","46.68","22.91"
"63","000","00","011","1115","0193","823","432","391","78","901","1595","0","56.49","27.08"
"63","000","00","011","1116","0000","2559","1463","1096","252","2811","5188","0","54.18","28.2"
"63","000","00","011","1116","0194","816","473","343","57","873","1685","0","51.81","28.07"
"63","000","00","011","1116","0195","895","517","378","85","980","1816","0","53.96","28.47"
"63","000","00","011","1116","0196","848","473","375","110","958","1687","0","56.79","28.04"
"63","000","00","011","1117","0000","3451","1925","1526","317","3768","6631","0","56.82","29.03"
"63","000","00","011","1117","0197","838","469","369","93","931","1646","0","56.56","28.49"
"63","000","00","011","1117","0198","814","479","335","71","885","1643","0","53.86","29.15"
"63","000","00","011","1117","0199","918","494","424","61","979","1687","0","58.03","29.28"
"63","000","00","011","1117","0200","881","483","398","92","973","1655","0","58.79","29.18"
"63","000","00","011","1118","0000","1891","1068","823","111","2002","3634","0","55.09","29.39"
"63","000","00","011","1118","0201","874","490","384","44","918","1779","0","51.6","27.54"
"63","000","00","011","1118","0202","1017","578","439","67","1084","1855","0","58.44","31.16"
"63","000","00","011","1119","0000","2671","1478","1193","257","2928","5700","0","51.37","25.93"
"63","000","00","011","1119","0203","712","400","312","74","786","1350","0","58.22","29.63"
"63","000","00","011","1119","0204","696","403","293","51","747","1455","0","51.34","27.7"
"63","000","00","011","1119","0205","653","357","296","68","721","1497","0","48.16","23.85"
"63","000","00","011","1119","0206","610","318","292","64","674","1398","0","48.21","22.75"
"63","000","00","011","1120","0000","4061","2228","1833","457","4518","8041","0","56.19","27.71"
"63","000","00","011","1120","0207","942","544","398","83","1025","1747","0","58.67","31.14"
"63","000","00","011","1120","0208","707","409","298","113","820","1465","0","55.97","27.92"
"63","000","00","011","1120","0209","783","407","376","85","868","1530","0","56.73","26.6"
"63","000","00","011","1120","0210","882","474","408","91","973","1855","0","52.45","25.55"
"63","000","00","011","1120","0211","747","394","353","85","832","1444","0","57.62","27.29"
"63","000","00","011","1121","0000","3168","1729","1439","397","3565","6387","0","55.82","27.07"
"63","000","00","011","1121","0212","750","400","350","80","830","1563","0","53.1","25.59"
"63","000","00","011","1121","0213","760","388","372","99","859","1482","0","57.96","26.18"
"63","000","00","011","1121","0214","745","397","348","120","865","1552","0","55.73","25.58"
"63","000","00","011","1121","0215","913","544","369","98","1011","1790","0","56.48","30.39"
"63","000","00","011","1122","0000","3053","1623","1430","434","3487","6383","0","54.63","25.43"
"63","000","00","011","1122","0216","749","328","421","108","857","1628","0","52.64","20.15"
"63","000","00","011","1122","0217","651","361","290","96","747","1337","0","55.87","27.0"
"63","000","00","011","1122","0218","878","496","382","115","993","1750","0","56.74","28.34"
"63","000","00","011","1122","0219","775","438","337","115","890","1668","0","53.36","26.26"
"63","000","00","011","1123","0000","1881","993","888","200","2081","4342","0","47.93","22.87"
"63","000","00","011","1123","0220","582","310","272","86","668","1403","0","47.61","22.1"
"63","000","00","011","1123","0221","634","320","314","67","701","1468","0","47.75","21.8"
"63","000","00","011","1123","0222","665","363","302","47","712","1471","0","48.4","24.68"
"63","000","00","011","1124","0000","2385","1310","1075","271","2656","5240","0","50.69","25.0"
"63","000","00","011","1124","0223","771","444","327","105","876","1666","0","52.58","26.65"
"63","000","00","011","1124","0224","749","376","373","78","827","1587","0","52.11","23.69"
"63","000","00","011","1124","0225","865","490","375","88","953","1987","0","47.96","24.66"
"63","000","00","011","1125","0000","1559","956","603","129","1688","2999","0","56.29","31.88"
"63","000","00","011","1125","0226","608","359","249","41","649","1271","0","51.06","28.25"
"63","000","00","011","1125","0227","951","597","354","88","1039","1728","0","60.13","34.55"
"63","000","00","011","1126","0000","3508","2032","1476","288","3796","6297","0","60.28","32.27"
"63","000","00","011","1126","0228","889","511","378","91","980","1630","0","60.12","31.35"
"63","000","00","011","1126","0229","898","505","393","74","972","1619","0","60.04","31.19"
"63","000","00","011","1126","0230","795","479","316","49","844","1425","0","59.23","33.61"
"63","000","00","011","1126","0231","926","537","389","74","1000","1623","0","61.61","33.09"
"63","000","00","011","1127","0000","2209","1218","991","175","2384","3862","0","61.73","31.54"
"63","000","00","011","1127","0242","765","395","370","67","832","1273","0","65.36","31.03"
"63","000","00","011","1127","0243","718","418","300","47","765","1273","0","60.09","32.84"
"63","000","00","011","1127","0244","726","405","321","61","787","1316","0","59.8","30.78"
"63","000","00","011","1128","0000","2609","1488","1121","203","2812","4960","0","56.69","30.0"
"63","000","00","011","1128","0245","894","485","409","64","958","1659","0","57.75","29.23"
"63","000","00","011","1128","0246","911","532","379","57","968","1749","0","55.35","30.42"
"63","000","00","011","1128","0247","804","471","333","82","886","1552","0","57.09","30.35"
"63","000","00","011","1129","0000","2581","1659","922","177","2758","4457","0","61.88","37.22"
"63","000","00","011","1129","0232","851","493","358","77","928","1564","0","59.34","31.52"
"63","000","00","011","1129","0233","835","598","237","51","886","1376","0","64.39","43.46"
"63","000","00","011","1129","0234","895","568","327","49","944","1517","0","62.23","37.44"
"63","000","00","011","1130","0000","2391","1630","761","185","2576","4952","0","52.02","32.92"
"63","000","00","011","1130","0248","850","529","321","60","910","1529","0","59.52","34.6"
"63","000","00","011","1130","0249","600","570","30","55","655","1644","0","39.84","34.67"
"63","000","00","011","1130","0250","941","531","410","70","1011","1779","0","56.83","29.85"
"63","000","00","011","1131","0000","3585","2036","1549","225","3810","6584","0","57.87","30.92"
"63","000","00","011","1131","0235","856","484","372","65","921","1729","0","53.27","27.99"
"63","000","00","011","1131","0236","871","489","382","53","924","1511","0","61.15","32.36"
"63","000","00","011","1131","0237","1003","583","420","62","1065","1811","0","58.81","32.19"
"63","000","00","011","1131","0238","855","480","375","45","900","1533","0","58.71","31.31"
"63","000","00","011","1132","0000","2553","1516","1037","195","2748","4558","0","60.29","33.26"
"63","000","00","011","1132","0239","1011","590","421","66","1077","1657","0","65.0","35.61"
"63","000","00","011","1132","0240","813","491","322","48","861","1499","0","57.44","32.76"
"63","000","00","011","1132","0241","729","435","294","81","810","1402","0","57.77","31.03"
"63","000","00","011","1133","0000","2700","1546","1154","219","2919","5127","0","56.93","30.15"
"63","000","00","011","1133","0260","946","552","394","86","1032","1826","0","56.52","30.23"
"63","000","00","011","1133","0261","877","496","381","62","939","1647","0","57.01","30.12"
"63","000","00","011","1133","0262","877","498","379","71","948","1654","0","57.32","30.11"
"63","000","00","011","1134","0000","4115","2320","1795","299","4414","7652","0","57.68","30.32"
"63","000","00","011","1134","0251","854","476","378","62","916","1597","0","57.36","29.81"
"63","000","00","011","1134","0252","765","440","325","80","845","1454","0","58.12","30.26"
"63","000","00","011","1134","0253","916","516","400","57","973","1582","0","61.5","32.62"
"63","000","00","011","1134","0254","831","476","355","71","902","1518","0","59.42","31.36"
"63","000","00","011","1134","0255","749","412","337","29","778","1501","0","51.83","27.45"
"63","000","00","011","1135","0000","3217","1834","1383","256","3473","5690","0","61.04","32.23"
"63","000","00","011","1135","0256","795","475","320","63","858","1420","0","60.42","33.45"
"63","000","00","011","1135","0257","817","477","340","66","883","1494","0","59.1","31.93"
"63","000","00","011","1135","0258","893","500","393","71","964","1568","0","61.48","31.89"
"63","000","00","011","1135","0259","712","382","330","56","768","1208","0","63.58","31.62"
"63","000","00","011","1136","0000","3060","1702","1358","256","3316","5497","0","60.32","30.96"
"63","000","00","011","1136","0263","871","511","360","60","931","1550","0","60.06","32.97"
"63","000","00","011","1136","0264","764","407","357","57","821","1298","0","63.25","31.36"
"63","000","00","011","1136","0265","713","383","330","88","801","1297","0","61.76","29.53"
"63","000","00","011","1136","0266","712","401","311","51","763","1352","0","56.43","29.66"
"63","000","00","011","1137","0000","2396","1330","1066","231","2627","4565","0","57.55","29.13"
"63","000","00","011","1137","0267","812","479","333","67","879","1522","0","57.75","31.47"
"63","000","00","011","1137","0268","826","436","390","90","916","1602","0","57.18","27.22"
"63","000","00","011","1137","0269","758","415","343","74","832","1441","0","57.74","28.8"
"63","000","00","011","1138","0000","2332","1317","1015","143","2475","4410","0","56.12","29.86"
"63","000","00","011","1138","0270","662","375","287","34","696","1325","0","52.53","28.3"
"63","000","00","011","1138","0271","840","498","342","60","900","1567","0","57.43","31.78"
"63","000","00","011","1138","0272","830","444","386","49","879","1518","0","57.91","29.25"
"63","000","00","011","1139","0000","3607","2134","1473","229","3836","6605","0","58.08","32.31"
"63","000","00","011","1139","0273","885","532","353","61","946","1549","0","61.07","34.34"
"63","000","00","011","1139","0274","888","523","365","43","931","1652","0","56.36","31.66"
"63","000","00","011","1139","0275","984","589","395","72","1056","1766","0","59.8","33.35"
"63","000","00","011","1139","0276","850","490","360","53","903","1638","0","55.13","29.91"
"63","000","00","011","1140","0000","3337","1991","1346","199","3536","6105","0","57.92","32.61"
"63","000","00","011","1140","0277","838","513","325","64","902","1491","0","60.5","34.41"
"63","000","00","011","1140","0278","840","483","357","47","887","1521","0","58.32","31.76"
"63","000","00","011","1140","0279","772","459","313","53","825","1351","0","61.07","33.97"
"63","000","00","011","1140","0280","887","536","351","35","922","1742","0","52.93","30.77"
"63","000","00","011","1141","0000","4178","2264","1914","219","4397","7594","0","57.9","29.81"
"63","000","00","011","1141","0281","865","486","379","53","918","1585","0","57.92","30.66"
"63","000","00","011","1141","0282","836","499","337","57","893","1521","0","58.71","32.81"
"63","000","00","011","1141","0283","827","455","372","35","862","1543","0","55.87","29.49"
"63","000","00","011","1141","0284","790","477","313","41","831","1404","0","59.19","33.97"
"63","000","00","011","1141","0285","860","347","513","33","893","1541","0","57.95","22.52"
"63","000","00","011","1142","0000","3050","1725","1325","221","3271","5828","0","56.13","29.6"
"63","000","00","011","1142","0286","810","464","346","68","878","1584","0","55.43","29.29"
"63","000","00","011","1142","0287","843","460","383","67","910","1519","0","59.91","30.28"
"63","000","00","011","1142","0288","738","435","303","36","774","1482","0","52.23","29.35"
"63","000","00","011","1142","0289","659","366","293","50","709","1243","0","57.04","29.44"
"63","000","00","011","1143","0000","597","332","265","71","668","1156","0","57.79","28.72"
"63","000","00","011","1143","0290","597","332","265","71","668","1156","0","57.79","28.72"
"63","000","00","011","1144","0000","590","338","252","110","700","1262","0","55.47","26.78"
"63","000","00","011","1144","0291","590","338","252","110","700","1262","0","55.47","26.78"
"63","000","00","011","1145","0000","945","519","426","124","1069","1747","0","61.19","29.71"
"63","000","00","011","1145","0292","475","274","201","58","533","889","0","59.96","30.82"
"63","000","00","011","1145","0293","470","245","225","66","536","858","0","62.47","28.55"
"63","000","00","011","1146","0000","1367","748","619","201","1568","2781","0","56.38","26.9"
"63","000","00","011","1146","0294","457","219","238","82","539","945","0","57.04","23.17"
"63","000","00","011","1146","0295","471","279","192","63","534","960","0","55.63","29.06"
"63","000","00","011","1146","0296","439","250","189","56","495","876","0","56.51","28.54"
"63","000","00","011","1147","0000","906","566","340","126","1032","1475","0","69.97","38.37"
"63","000","00","011","1147","0297","315","169","146","47","362","556","0","65.11","30.4"
"63","000","00","011","1147","0298","591","397","194","79","670","919","0","72.91","43.2"
"63","000","00","011","1148","0000","790","440","350","109","899","1360","0","66.1","32.35"
"63","000","00","011","1148","0299","790","440","350","109","899","1360","0","66.1","32.35"
"63","000","00","011","1149","0000","734","391","343","97","831","1355","0","61.33","28.86"
"63","000","00","011","1149","0300","734","391","343","97","831","1355","0","61.33","28.86"
"63","000","00","011","1150","0000","1380","817","563","96","1476","2434","0","60.64","33.57"
"63","000","00","011","1150","0301","694","416","278","50","744","1252","0","59.42","33.23"
"63","000","00","011","1150","0302","686","401","285","46","732","1182","0","61.93","33.93"
"63","000","00","011","1151","0000","1298","758","540","69","1367","2671","0","51.18","28.38"
"63","000","00","011","1151","0303","670","401","269","23","693","1431","0","48.43","28.02"
"63","000","00","011","1151","0304","628","357","271","46","674","1240","0","54.35","28.79"
"63","000","00","012","0000","0000","110901","64303","46598","8756","119657","213250","255631","56.11","30.15"
"63","000","00","012","1201","0000","2181","1223","958","171","2352","3797","0","61.94","32.21"
"63","000","00","012","1201","0001","745","447","298","59","804","1313","0","61.23","34.04"
"63","000","00","012","1201","0002","825","441","384","48","873","1403","0","62.22","31.43"
"63","000","00","012","1201","0003","611","335","276","64","675","1081","0","62.44","30.99"
"63","000","00","012","1202","0000","2104","1014","1090","167","2271","3798","0","59.79","26.7"
"63","000","00","012","1202","0004","675","251","424","52","727","1209","0","60.13","20.76"
"63","000","00","012","1202","0005","717","377","340","60","777","1326","0","58.6","28.43"
"63","000","00","012","1202","0006","712","386","326","55","767","1263","0","60.73","30.56"
"63","000","00","012","1203","0000","2569","1501","1068","210","2779","4640","0","59.89","32.35"
"63","000","00","012","1203","0007","884","509","375","73","957","1580","0","60.57","32.22"
"63","000","00","012","1203","0008","868","486","382","65","933","1577","0","59.16","30.82"
"63","000","00","012","1203","0009","817","506","311","72","889","1483","0","59.95","34.12"
"63","000","00","012","1204","0000","3200","1832","1368","234","3434","6090","0","56.39","30.08"
"63","000","00","012","1204","0010","777","451","326","41","818","1461","0","55.99","30.87"
"63","000","00","012","1204","0011","758","416","342","80","838","1466","0","57.16","28.38"
"63","000","00","012","1204","0012","895","502","393","71","966","1620","0","59.63","30.99"
"63","000","00","012","1204","0013","770","463","307","42","812","1543","0","52.62","30.01"
"63","000","00","012","1205","0000","3298","1952","1346","264","3562","6230","0","57.17","31.33"
"63","000","00","012","1205","0014","738","424","314","78","816","1513","0","53.93","28.02"
"63","000","00","012","1205","0015","822","497","325","56","878","1534","0","57.24","32.4"
"63","000","00","012","1205","0016","908","541","367","80","988","1650","0","59.88","32.79"
"63","000","00","012","1205","0017","830","490","340","50","880","1533","0","57.4","31.96"
"63","000","00","012","1206","0000","3519","2038","1481","262","3781","6528","0","57.92","31.22"
"63","000","00","012","1206","0018","875","513","362","66","941","1702","0","55.29","30.14"
"63","000","00","012","1206","0019","919","541","378","62","981","1721","0","57.0","31.44"
"63","000","00","012","1206","0020","899","503","396","60","959","1575","0","60.89","31.94"
"63","000","00","012","1206","0021","826","481","345","74","900","1530","0","58.82","31.44"
"63","000","00","012","1207","0000","3492","2011","1481","214","3706","6810","0","54.42","29.53"
"63","000","00","012","1207","0022","954","529","425","17","971","1728","0","56.19","30.61"
"63","000","00","012","1207","0023","907","514","393","70","977","1702","0","57.4","30.2"
"63","000","00","012","1207","0024","883","501","382","81","964","1696","0","56.84","29.54"
"63","000","00","012","1207","0025","748","467","281","46","794","1684","0","47.15","27.73"
"63","000","00","012","1208","0000","3654","2179","1475","230","3884","6642","0","58.48","32.81"
"63","000","00","012","1208","0026","970","599","371","60","1030","1717","0","59.99","34.89"
"63","000","00","012","1208","0027","840","486","354","45","885","1605","0","55.14","30.28"
"63","000","00","012","1208","0028","919","539","380","71","990","1723","0","57.46","31.28"
"63","000","00","012","1208","0029","925","555","370","54","979","1597","0","61.3","34.75"
"63","000","00","012","1209","0000","4250","2386","1864","228","4478","7993","0","56.02","29.85"
"63","000","00","012","1209","0030","931","563","368","42","973","1700","0","57.24","33.12"
"63","000","00","012","1209","0031","777","415","362","41","818","1544","0","52.98","26.88"
"63","000","00","012","1209","0032","811","453","358","66","877","1635","0","53.64","27.71"
"63","000","00","012","1209","0033","832","445","387","37","869","1495","0","58.13","29.77"
"63","000","00","012","1209","0034","899","510","389","42","941","1619","0","58.12","31.5"
"63","000","00","012","1210","0000","3394","1942","1452","214","3608","6869","0","52.53","28.27"
"63","000","00","012","1210","0035","894","493","401","57","951","1683","0","56.51","29.29"
"63","000","00","012","1210","0036","805","480","325","85","890","1662","0","53.55","28.88"
"63","000","00","012","1210","0037","872","514","358","39","911","1850","0","49.24","27.78"
"63","000","00","012","1210","0038","823","455","368","33","856","1674","0","51.14","27.18"
"63","000","00","012","1211","0000","2340","1324","1016","155","2495","4183","0","59.65","31.65"
"63","000","00","012","1211","0039","864","520","344","59","923","1511","0","61.09","34.41"
"63","000","00","012","1211","0040","731","385","346","32","763","1393","0","54.77","27.64"
"63","000","00","012","1211","0041","745","419","326","64","809","1279","0","63.25","32.76"
"63","000","00","012","1212","0000","2238","1348","890","178","2416","3837","0","62.97","35.13"
"63","000","00","012","1212","0042","589","377","212","48","637","1122","0","56.77","33.6"
"63","000","00","012","1212","0043","800","491","309","57","857","1238","0","69.22","39.66"
"63","000","00","012","1212","0044","849","480","369","73","922","1477","0","62.42","32.5"
"63","000","00","012","1213","0000","3276","1970","1306","274","3550","5857","0","60.61","33.63"
"63","000","00","012","1213","0045","842","487","355","73","915","1495","0","61.2","32.58"
"63","000","00","012","1213","0046","864","511","353","59","923","1469","0","62.83","34.79"
"63","000","00","012","1213","0047","799","508","291","60","859","1462","0","58.76","34.75"
"63","000","00","012","1213","0048","771","464","307","82","853","1431","0","59.61","32.42"
"63","000","00","012","1214","0000","2398","1365","1033","180","2578","4391","0","58.71","31.09"
"63","000","00","012","1214","0049","796","451","345","55","851","1486","0","57.27","30.35"
"63","000","00","012","1214","0050","810","459","351","72","882","1449","0","60.87","31.68"
"63","000","00","012","1214","0051","792","455","337","53","845","1456","0","58.04","31.25"
"63","000","00","012","1215","0000","2191","1272","919","151","2342","4005","0","58.48","31.76"
"63","000","00","012","1215","0052","706","402","304","40","746","1311","0","56.9","30.66"
"63","000","00","012","1215","0053","729","428","301","71","800","1356","0","59.0","31.56"
"63","000","00","012","1215","0054","756","442","314","40","796","1338","0","59.49","33.03"
"63","000","00","012","1216","0000","2381","1346","1035","153","2534","4644","0","54.57","28.98"
"63","000","00","012","1216","0055","819","476","343","41","860","1525","0","56.39","31.21"
"63","000","00","012","1216","0056","821","458","363","63","884","1620","0","54.57","28.27"
"63","000","00","012","1216","0057","741","412","329","49","790","1499","0","52.7","27.48"
"63","000","00","012","1217","0000","4081","2411","1670","374","4455","7724","0","57.68","31.21"
"63","000","00","012","1217","0058","852","550","302","48","900","1497","0","60.12","36.74"
"63","000","00","012","1217","0059","848","506","342","71","919","1624","0","56.59","31.16"
"63","000","00","012","1217","0060","723","400","323","116","839","1536","0","54.62","26.04"
"63","000","00","012","1217","0061","818","475","343","87","905","1469","0","61.61","32.33"
"63","000","00","012","1217","0062","840","480","360","52","892","1598","0","55.82","30.04"
"63","000","00","012","1218","0000","2543","1484","1059","225","2768","4923","0","56.23","30.14"
"63","000","00","012","1218","0063","882","523","359","44","926","1690","0","54.79","30.95"
"63","000","00","012","1218","0064","797","447","350","111","908","1599","0","56.79","27.95"
"63","000","00","012","1218","0065","864","514","350","70","934","1634","0","57.16","31.46"
"63","000","00","012","1219","0000","818","451","367","63","881","1660","0","53.07","27.17"
"63","000","00","012","1219","0066","818","451","367","63","881","1660","0","53.07","27.17"
"63","000","00","012","1220","0000","4794","2736","2058","370","5164","9045","0","57.09","30.25"
"63","000","00","012","1220","0067","932","544","388","70","1002","1900","0","52.74","28.63"
"63","000","00","012","1220","0068","969","550","419","71","1040","1797","0","57.87","30.61"
"63","000","00","012","1220","0069","981","544","437","80","1061","1832","0","57.91","29.69"
"63","000","00","012","1220","0070","969","553","416","79","1048","1784","0","58.74","31.0"
"63","000","00","012","1220","0071","943","545","398","70","1013","1732","0","58.49","31.47"
"63","000","00","012","1221","0000","3732","2248","1484","392","4124","8470","0","48.69","26.54"
"63","000","00","012","1221","0072","497","288","209","62","559","2035","0","27.47","14.15"
"63","000","00","012","1221","0073","789","453","336","72","861","1504","0","57.25","30.12"
"63","000","00","012","1221","0074","902","549","353","86","988","1683","0","58.7","32.62"
"63","000","00","012","1221","0075","821","471","350","85","906","1635","0","55.41","28.81"
"63","000","00","012","1221","0076","723","487","236","87","810","1613","0","50.22","30.19"
"63","000","00","012","1222","0000","3808","2207","1601","339","4147","7542","0","54.99","29.26"
"63","000","00","012","1222","0077","750","465","285","42","792","1483","0","53.41","31.36"
"63","000","00","012","1222","0078","783","435","348","60","843","1500","0","56.2","29.0"
"63","000","00","012","1222","0079","790","456","334","79","869","1483","0","58.6","30.75"
"63","000","00","012","1222","0080","795","466","329","78","873","1544","0","56.54","30.18"
"63","000","00","012","1222","0081","690","385","305","80","770","1532","0","50.26","25.13"
"63","000","00","012","1223","0000","2695","1621","1074","210","2905","5554","0","52.3","29.19"
"63","000","00","012","1223","0082","938","650","288","89","1027","1819","0","56.46","35.73"
"63","000","00","012","1223","0083","874","479","395","89","963","1863","0","51.69","25.71"
"63","000","00","012","1223","0084","883","492","391","32","915","1872","0","48.88","26.28"
"63","000","00","012","1224","0000","2634","1512","1122","188","2822","5164","0","54.65","29.28"
"63","000","00","012","1224","0085","831","466","365","67","898","1627","0","55.19","28.64"
"63","000","00","012","1224","0086","844","488","356","49","893","1696","0","52.65","28.77"
"63","000","00","012","1224","0087","959","558","401","72","1031","1841","0","56.0","30.31"
"63","000","00","012","1225","0000","3129","1788","1341","250","3379","5954","0","56.75","30.03"
"63","000","00","012","1225","0088","679","384","295","74","753","1324","0","56.87","29.0"
"63","000","00","012","1225","0089","764","448","316","52","816","1504","0","54.26","29.79"
"63","000","00","012","1225","0090","783","460","323","72","855","1511","0","56.59","30.44"
"63","000","00","012","1225","0091","903","496","407","52","955","1615","0","59.13","30.71"
"63","000","00","012","1226","0000","1318","752","566","89","1407","2762","0","50.94","27.23"
"63","000","00","012","1226","0092","634","378","256","43","677","1270","0","53.31","29.76"
"63","000","00","012","1226","0093","684","374","310","46","730","1492","0","48.93","25.07"
"63","000","00","012","1227","0000","2932","1747","1185","163","3095","5832","0","53.07","29.96"
"63","000","00","012","1227","0094","724","413","311","41","765","1429","0","53.53","28.9"
"63","000","00","012","1227","0095","781","477","304","32","813","1567","0","51.88","30.44"
"63","000","00","012","1227","0096","721","441","280","59","780","1388","0","56.2","31.77"
"63","000","00","012","1227","0097","706","416","290","31","737","1448","0","50.9","28.73"
"63","000","00","012","1228","0000","1976","1130","846","178","2154","3829","0","56.25","29.51"
"63","000","00","012","1228","0098","669","369","300","49","718","1356","0","52.95","27.21"
"63","000","00","012","1228","0099","674","403","271","61","735","1308","0","56.19","30.81"
"63","000","00","012","1228","0100","633","358","275","68","701","1165","0","60.17","30.73"
"63","000","00","012","1229","0000","3166","1870","1296","281","3447","5889","0","58.53","31.75"
"63","000","00","012","1229","0101","761","460","301","102","863","1429","0","60.39","32.19"
"63","000","00","012","1229","0102","743","459","284","44","787","1472","0","53.46","31.18"
"63","000","00","012","1229","0103","884","510","374","66","950","1508","0","63.0","33.82"
"63","000","00","012","1229","0104","778","441","337","69","847","1480","0","57.23","29.8"
"63","000","00","012","1230","0000","2256","1319","937","195","2451","4365","0","56.15","30.22"
"63","000","00","012","1230","0105","572","315","257","58","630","1142","0","55.17","27.58"
"63","000","00","012","1230","0106","777","480","297","45","822","1554","0","52.9","30.89"
"63","000","00","012","1230","0107","907","524","383","92","999","1669","0","59.86","31.4"
"63","000","00","012","1231","0000","2678","1626","1052","250","2928","5333","0","54.9","30.49"
"63","000","00","012","1231","0108","948","543","405","80","1028","1823","0","56.39","29.79"
"63","000","00","012","1231","0109","857","543","314","92","949","1739","0","54.57","31.22"
"63","000","00","012","1231","0110","873","540","333","78","951","1771","0","53.7","30.49"
"63","000","00","012","1232","0000","1456","878","578","123","1579","2937","0","53.76","29.89"
"63","000","00","012","1232","0111","708","412","296","64","772","1468","0","52.59","28.07"
"63","000","00","012","1232","0112","748","466","282","59","807","1469","0","54.94","31.72"
"63","000","00","012","1233","0000","2128","1345","783","153","2281","3617","0","63.06","37.19"
"63","000","00","012","1233","0113","675","426","249","34","709","1094","0","64.81","38.94"
"63","000","00","012","1233","0114","660","429","231","46","706","1101","0","64.12","38.96"
"63","000","00","012","1233","0115","793","490","303","73","866","1422","0","60.9","34.46"
"63","000","00","012","1234","0000","2113","1229","884","218","2331","3912","0","59.59","31.42"
"63","000","00","012","1234","0116","704","429","275","74","778","1390","0","55.97","30.86"
"63","000","00","012","1234","0117","710","406","304","71","781","1307","0","59.76","31.06"
"63","000","00","012","1234","0118","699","394","305","73","772","1215","0","63.54","32.43"
"63","000","00","012","1235","0000","2415","1431","984","182","2597","4886","0","53.15","29.29"
"63","000","00","012","1235","0119","802","473","329","67","869","1642","0","52.92","28.81"
"63","000","00","012","1235","0120","783","454","329","48","831","1623","0","51.2","27.97"
"63","000","00","012","1235","0121","830","504","326","67","897","1621","0","55.34","31.09"
"63","000","00","012","1236","0000","2803","1584","1219","193","2996","5397","0","55.51","29.35"
"63","000","00","012","1236","0122","714","401","313","26","740","1367","0","54.13","29.33"
"63","000","00","012","1236","0123","652","345","307","70","722","1309","0","55.16","26.36"
"63","000","00","012","1236","0124","732","423","309","44","776","1356","0","57.23","31.19"
"63","000","00","012","1236","0125","705","415","290","53","758","1365","0","55.53","30.4"
"63","000","00","012","1237","0000","3278","1862","1416","253","3531","6487","0","54.43","28.7"
"63","000","00","012","1237","0126","813","448","365","54","867","1613","0","53.75","27.77"
"63","000","00","012","1237","0127","709","415","294","52","761","1590","0","47.86","26.1"
"63","000","00","012","1237","0128","881","505","376","88","969","1662","0","58.3","30.39"
"63","000","00","012","1237","0129","875","494","381","59","934","1622","0","57.58","30.46"
"63","000","00","012","1238","0000","4994","2843","2151","405","5399","10006","0","53.96","28.41"
"63","000","00","012","1238","0130","941","502","439","45","986","1820","0","54.18","27.58"
"63","000","00","012","1238","0131","865","513","352","79","944","1615","0","58.45","31.76"
"63","000","00","012","1238","0132","678","391","287","75","753","1612","0","46.71","24.26"
"63","000","00","012","1238","0133","817","481","336","96","913","1652","0","55.27","29.12"
"63","000","00","012","1238","0134","870","494","376","47","917","1666","0","55.04","29.65"
"63","000","00","012","1238","0135","823","462","361","63","886","1641","0","53.99","28.15"
"63","000","00","012","1239","0000","985","522","463","118","1103","2170","0","50.83","24.06"
"63","000","00","012","1239","0136","285","156","129","34","319","528","0","60.42","29.55"
"63","000","00","012","1239","0137","700","366","334","84","784","1642","0","47.75","22.29"
"63","000","00","012","1240","0000","755","476","279","98","853","1519","0","56.16","31.34"
"63","000","00","012","1240","0138","418","250","168","52","470","829","0","56.69","30.16"
"63","000","00","012","1240","0139","337","226","111","46","383","690","0","55.51","32.75"
"63","000","00","012","1241","0000","520","295","225","63","583","1067","0","54.64","27.65"
"63","000","00","012","1241","0140","520","295","225","63","583","1067","0","54.64","27.65"
"63","000","00","012","1242","0000","409","233","176","98","507","892","0","56.84","26.12"
"63","000","00","012","1242","0141","409","233","176","98","507","892","0","56.84","26.12"
"65","000","00","000","0000","0000","1692429","1000493","691936","162420","1854849","3375513","3992291","54.95","29.64"
"65","000","00","001","0000","0000","234986","136267","98719","23859","258845","463411","554357","55.86","29.41"
"65","000","00","001","0101","0000","672","373","299","98","770","1388","0","55.48","26.87"
"65","000","00","001","0101","0894","672","373","299","98","770","1388","0","55.48","26.87"
"65","000","00","001","0102","0000","693","405","288","66","759","1294","0","58.66","31.3"
"65","000","00","001","0102","0895","693","405","288","66","759","1294","0","58.66","31.3"
"65","000","00","001","0103","0000","366","200","166","37","403","667","0","60.42","29.99"
"65","000","00","001","0103","0896","366","200","166","37","403","667","0","60.42","29.99"
"65","000","00","001","0104","0000","418","235","183","57","475","898","0","52.9","26.17"
"65","000","00","001","0104","0897","418","235","183","57","475","898","0","52.9","26.17"
"65","000","00","001","0105","0000","883","532","351","85","968","1568","0","61.73","33.93"
"65","000","00","001","0105","0898","469","283","186","37","506","829","0","61.04","34.14"
"65","000","00","001","0105","0899","414","249","165","48","462","739","0","62.52","33.69"
"65","000","00","001","0106","0000","2200","1279","921","278","2478","4718","0","52.52","27.11"
"65","000","00","001","0106","0900","561","341","220","70","631","1035","0","60.97","32.95"
"65","000","00","001","0106","0901","702","380","322","74","776","1713","0","45.3","22.18"
"65","000","00","001","0106","0902","306","186","120","27","333","658","0","50.61","28.27"
"65","000","00","001","0106","0903","631","372","259","107","738","1312","0","56.25","28.35"
"65","000","00","001","0107","0000","1321","723","598","159","1480","2885","0","51.3","25.06"
"65","000","00","001","0107","0904","690","385","305","73","763","1492","0","51.14","25.8"
"65","000","00","001","0107","0905","631","338","293","86","717","1393","0","51.47","24.26"
"65","000","00","001","0108","0000","2730","1599","1131","245","2975","8490","0","35.04","18.83"
"65","000","00","001","0108","0906","813","478","335","67","880","4742","0","18.56","10.08"
"65","000","00","001","0108","0907","714","415","299","48","762","1439","0","52.95","28.84"
"65","000","00","001","0108","0908","641","380","261","79","720","1187","0","60.66","32.01"
"65","000","00","001","0108","0909","562","326","236","51","613","1122","0","54.63","29.06"
"65","000","00","001","0109","0000","2039","1155","884","165","2204","3787","0","58.2","30.5"
"65","000","00","001","0109","0910","740","447","293","44","784","1363","0","57.52","32.8"
"65","000","00","001","0109","0911","581","299","282","68","649","1093","0","59.38","27.36"
"65","000","00","001","0109","0912","718","409","309","53","771","1331","0","57.93","30.73"
"65","000","00","001","0110","0000","1864","1096","768","214","2078","3777","0","55.02","29.02"
"65","000","00","001","0110","0915","595","332","263","95","690","1268","0","54.42","26.18"
"65","000","00","001","0110","0916","595","344","251","61","656","1313","0","49.96","26.2"
"65","000","00","001","0110","0917","674","420","254","58","732","1196","0","61.2","35.12"
"65","000","00","001","0111","0000","2725","1627","1098","199","2924","4565","0","64.05","35.64"
"65","000","00","001","0111","0918","725","442","283","50","775","1137","0","68.16","38.87"
"65","000","00","001","0111","0919","752","445","307","53","805","1269","0","63.44","35.07"
"65","000","00","001","0111","0920","640","387","253","40","680","1117","0","60.88","34.65"
"65","000","00","001","0111","0921","608","353","255","56","664","1042","0","63.72","33.88"
"65","000","00","001","0112","0000","1304","719","585","181","1485","2473","0","60.05","29.07"
"65","000","00","001","0112","0922","672","350","322","90","762","1257","0","60.62","27.84"
"65","000","00","001","0112","0923","632","369","263","91","723","1216","0","59.46","30.35"
"65","000","00","001","0113","0000","1365","817","548","139","1504","2416","0","62.25","33.82"
"65","000","00","001","0113","0924","590","340","250","72","662","1126","0","58.79","30.2"
"65","000","00","001","0113","0925","775","477","298","67","842","1290","0","65.27","36.98"
"65","000","00","001","0114","0000","1928","1284","644","149","2077","3372","0","61.6","38.08"
"65","000","00","001","0114","0928","792","547","245","54","846","1329","0","63.66","41.16"
"65","000","00","001","0114","0929","567","391","176","41","608","996","0","61.04","39.26"
"65","000","00","001","0114","0930","569","346","223","54","623","1047","0","59.5","33.05"
"65","000","00","001","0115","0000","1370","821","549","149","1519","2524","0","60.18","32.53"
"65","000","00","001","0115","0931","680","404","276","86","766","1272","0","60.22","31.76"
"65","000","00","001","0115","0932","690","417","273","63","753","1252","0","60.14","33.31"
"65","000","00","001","0116","0000","1772","1056","716","220","1992","3509","0","56.77","30.09"
"65","000","00","001","0116","0936","514","309","205","68","582","1093","0","53.25","28.27"
"65","000","00","001","0116","0937","569","338","231","90","659","1148","0","57.4","29.44"
"65","000","00","001","0116","0938","689","409","280","62","751","1268","0","59.23","32.26"
"65","000","00","001","0117","0000","2217","1235","982","327","2544","4250","0","59.86","29.06"
"65","000","00","001","0117","0939","627","342","285","91","718","1230","0","58.37","27.8"
"65","000","00","001","0117","0940","512","295","217","70","582","1012","0","57.51","29.15"
"65","000","00","001","0117","0941","423","231","192","64","487","811","0","60.05","28.48"
"65","000","00","001","0117","0942","655","367","288","102","757","1197","0","63.24","30.66"
"65","000","00","001","0118","0000","1208","727","481","112","1320","2364","0","55.84","30.75"
"65","000","00","001","0118","0943","572","346","226","49","621","1142","0","54.38","30.3"
"65","000","00","001","0118","0944","636","381","255","63","699","1222","0","57.2","31.18"
"65","000","00","001","0119","0000","1670","903","767","204","1874","3208","0","58.42","28.15"
"65","000","00","001","0119","0947","533","260","273","43","576","1011","0","56.97","25.72"
"65","000","00","001","0119","0948","578","327","251","85","663","1157","0","57.3","28.26"
"65","000","00","001","0119","0949","559","316","243","76","635","1040","0","61.06","30.38"
"65","000","00","001","0120","0000","1987","1201","786","130","2117","3621","0","58.46","33.17"
"65","000","00","001","0120","0950","663","397","266","50","713","1173","0","60.78","33.84"
"65","000","00","001","0120","0951","627","375","252","34","661","1193","0","55.41","31.43"
"65","000","00","001","0120","0952","697","429","268","46","743","1255","0","59.2","34.18"
"65","000","00","001","0121","0000","1764","1009","755","133","1897","3298","0","57.52","30.59"
"65","000","00","001","0121","0953","706","421","285","54","760","1306","0","58.19","32.24"
"65","000","00","001","0121","0954","560","324","236","31","591","1050","0","56.29","30.86"
"65","000","00","001","0121","0955","498","264","234","48","546","942","0","57.96","28.03"
"65","000","00","001","0122","0000","2022","1196","826","196","2218","3677","0","60.32","32.53"
"65","000","00","001","0122","0956","647","390","257","71","718","1133","0","63.37","34.42"
"65","000","00","001","0122","0957","668","389","279","65","733","1251","0","58.59","31.1"
"65","000","00","001","0122","0958","707","417","290","60","767","1293","0","59.32","32.25"
"65","000","00","001","0123","0000","1721","945","776","234","1955","3492","0","55.99","27.06"
"65","000","00","001","0123","0959","573","322","251","78","651","1208","0","53.89","26.66"
"65","000","00","001","0123","0960","621","342","279","78","699","1223","0","57.15","27.96"
"65","000","00","001","0123","0961","527","281","246","78","605","1061","0","57.02","26.48"
"65","000","00","001","0124","0000","2096","1327","769","159","2255","3596","0","62.71","36.9"
"65","000","00","001","0124","0964","679","426","253","36","715","1120","0","63.84","38.04"
"65","000","00","001","0124","0965","621","371","250","69","690","1091","0","63.24","34.01"
"65","000","00","001","0124","0966","796","530","266","54","850","1385","0","61.37","38.27"
"65","000","00","001","0125","0000","1282","736","546","162","1444","2269","0","63.64","32.44"
"65","000","00","001","0125","0969","684","402","282","73","757","1191","0","63.56","33.75"
"65","000","00","001","0125","0970","598","334","264","89","687","1078","0","63.73","30.98"
"65","000","00","001","0126","0000","1404","827","577","170","1574","2673","0","58.89","30.94"
"65","000","00","001","0126","0971","715","421","294","83","798","1351","0","59.07","31.16"
"65","000","00","001","0126","0972","689","406","283","87","776","1322","0","58.7","30.71"
"65","000","00","001","0127","0000","1065","617","448","155","1220","1897","0","64.31","32.53"
"65","000","00","001","0127","0973","462","279","183","66","528","868","0","60.83","32.14"
"65","000","00","001","0127","0974","603","338","265","89","692","1029","0","67.25","32.85"
"65","000","00","001","0128","0000","3290","1831","1459","221","3511","6157","0","57.02","29.74"
"65","000","00","001","0128","0975","881","517","364","59","940","1602","0","58.68","32.27"
"65","000","00","001","0128","0976","738","308","430","16","754","1362","0","55.36","22.61"
"65","000","00","001","0128","0977","871","512","359","96","967","1698","0","56.95","30.15"
"65","000","00","001","0128","0978","800","494","306","50","850","1495","0","56.86","33.04"
"65","000","00","001","0129","0000","2097","1178","919","238","2335","4360","0","53.56","27.02"
"65","000","00","001","0129","0979","752","406","346","93","845","1522","0","55.52","26.68"
"65","000","00","001","0129","0980","687","388","299","69","756","1279","0","59.11","30.34"
"65","000","00","001","0129","0981","658","384","274","76","734","1559","0","47.08","24.63"
"65","000","00","001","0130","0000","2278","1341","937","250","2528","4788","0","52.8","28.01"
"65","000","00","001","0130","0982","710","420","290","117","827","1537","0","53.81","27.33"
"65","000","00","001","0130","0983","701","406","295","94","795","1531","0","51.93","26.52"
"65","000","00","001","0130","0984","867","515","352","39","906","1720","0","52.67","29.94"
"65","000","00","001","0131","0000","2697","1571","1126","212","2909","5277","0","55.13","29.77"
"65","000","00","001","0131","0985","561","341","220","54","615","1165","0","52.79","29.27"
"65","000","00","001","0131","0986","999","589","410","49","1048","1857","0","56.44","31.72"
"65","000","00","001","0131","0987","549","319","230","79","628","1078","0","58.26","29.59"
"65","000","00","001","0131","0988","588","322","266","30","618","1177","0","52.51","27.36"
"65","000","00","001","0132","0000","1710","961","749","181","1891","3253","0","58.13","29.54"
"65","000","00","001","0132","0989","944","544","400","66","1010","1798","0","56.17","30.26"
"65","000","00","001","0132","0990","766","417","349","115","881","1455","0","60.55","28.66"
"65","000","00","001","0133","0000","2060","1250","810","163","2223","4295","0","51.76","29.1"
"65","000","00","001","0133","0993","730","528","202","44","774","1600","0","48.38","33.0"
"65","000","00","001","0133","0994","664","368","296","44","708","1409","0","50.25","26.12"
"65","000","00","001","0133","0995","666","354","312","75","741","1286","0","57.62","27.53"
"65","000","00","001","0134","0000","1139","628","511","157","1296","2547","0","50.88","24.66"
"65","000","00","001","0134","0996","570","296","274","102","672","1359","0","49.45","21.78"
"65","000","00","001","0134","0997","569","332","237","55","624","1188","0","52.53","27.95"
"65","000","00","001","0135","0000","3442","2042","1400","234","3676","6884","0","53.4","29.66"
"65","000","00","001","0135","0998","787","441","346","62","849","1627","0","52.18","27.11"
"65","000","00","001","0135","0999","728","429","299","53","781","1633","0","47.83","26.27"
"65","000","00","001","0135","1000","993","619","374","86","1079","1814","0","59.48","34.12"
"65","000","00","001","0135","1001","934","553","381","33","967","1810","0","53.43","30.55"
"65","000","00","001","0136","0000","1650","915","735","228","1878","3315","0","56.65","27.6"
"65","000","00","001","0136","1005","543","286","257","98","641","1130","0","56.73","25.31"
"65","000","00","001","0136","1006","575","328","247","83","658","1056","0","62.31","31.06"
"65","000","00","001","0136","1007","532","301","231","47","579","1129","0","51.28","26.66"
"65","000","00","001","0137","0000","3385","1994","1391","347","3732","6233","0","59.87","31.99"
"65","000","00","001","0137","1008","864","510","354","109","973","1713","0","56.8","29.77"
"65","000","00","001","0137","1009","843","500","343","110","953","1622","0","58.75","30.83"
"65","000","00","001","0137","1010","813","470","343","88","901","1427","0","63.14","32.94"
"65","000","00","001","0137","1011","865","514","351","40","905","1471","0","61.52","34.94"
"65","000","00","001","0138","0000","1360","764","596","188","1548","2637","0","58.7","28.97"
"65","000","00","001","0138","1015","413","248","165","58","471","828","0","56.88","29.95"
"65","000","00","001","0138","1016","430","225","205","81","511","820","0","62.32","27.44"
"65","000","00","001","0138","1017","517","291","226","49","566","989","0","57.23","29.42"
"65","000","00","001","0139","0000","2195","1209","986","259","2454","4257","0","57.65","28.4"
"65","000","00","001","0139","1018","519","271","248","80","599","1023","0","58.55","26.49"
"65","000","00","001","0139","1019","516","271","245","48","564","1044","0","54.02","25.96"
"65","000","00","001","0139","1020","493","290","203","85","578","968","0","59.71","29.96"
"65","000","00","001","0139","1021","667","377","290","46","713","1222","0","58.35","30.85"
"65","000","00","001","0140","0000","1461","811","650","160","1621","2970","0","54.58","27.31"
"65","000","00","001","0140","1022","698","389","309","62","760","1385","0","54.87","28.09"
"65","000","00","001","0140","1023","763","422","341","98","861","1585","0","54.32","26.62"
"65","000","00","001","0141","0000","1908","1043","865","219","2127","3646","0","58.34","28.61"
"65","000","00","001","0141","1024","907","519","388","103","1010","1840","0","54.89","28.21"
"65","000","00","001","0141","1025","1001","524","477","116","1117","1806","0","61.85","29.01"
"65","000","00","001","0142","0000","2260","1270","990","305","2565","4482","0","57.23","28.34"
"65","000","00","001","0142","1026","751","429","322","110","861","1506","0","57.17","28.49"
"65","000","00","001","0142","1027","716","387","329","110","826","1476","0","55.96","26.22"
"65","000","00","001","0142","1028","793","454","339","85","878","1500","0","58.53","30.27"
"65","000","00","001","0143","0000","1625","689","936","160","1785","3108","0","57.43","22.17"
"65","000","00","001","0143","1031","790","183","607","65","855","1601","0","53.4","11.43"
"65","000","00","001","0143","1032","835","506","329","95","930","1507","0","61.71","33.58"
"65","000","00","001","0144","0000","4849","2876","1973","331","5180","8859","0","58.47","32.46"
"65","000","00","001","0144","1035","979","562","417","112","1091","1822","0","59.88","30.85"
"65","000","00","001","0144","1036","900","525","375","95","995","1605","0","61.99","32.71"
"65","000","00","001","0144","1037","876","528","348","22","898","1549","0","57.97","34.09"
"65","000","00","001","0144","1038","1100","653","447","57","1157","1948","0","59.39","33.52"
"65","000","00","001","0144","1039","994","608","386","45","1039","1935","0","53.7","31.42"
"65","000","00","001","0145","0000","1060","573","487","119","1179","2192","0","53.79","26.14"
"65","000","00","001","0145","1040","524","291","233","57","581","1097","0","52.96","26.53"
"65","000","00","001","0145","1041","536","282","254","62","598","1095","0","54.61","25.75"
"65","000","00","001","0146","0000","1874","1077","797","171","2045","3603","0","56.76","29.89"
"65","000","00","001","0146","1044","579","310","269","88","667","1187","0","56.19","26.12"
"65","000","00","001","0146","1045","626","372","254","44","670","1154","0","58.06","32.24"
"65","000","00","001","0146","1046","669","395","274","39","708","1262","0","56.1","31.3"
"65","000","00","001","0147","0000","1298","723","575","229","1527","2681","0","56.96","26.97"
"65","000","00","001","0147","1047","616","339","277","106","722","1271","0","56.81","26.67"
"65","000","00","001","0147","1048","682","384","298","123","805","1410","0","57.09","27.23"
"65","000","00","001","0148","0000","2633","1497","1136","383","3016","5365","0","56.22","27.9"
"65","000","00","001","0148","1049","790","457","333","120","910","1745","0","52.15","26.19"
"65","000","00","001","0148","1050","901","514","387","156","1057","1867","0","56.61","27.53"
"65","000","00","001","0148","1051","942","526","416","107","1049","1753","0","59.84","30.01"
"65","000","00","001","0149","0000","651","384","267","71","722","1204","0","59.97","31.89"
"65","000","00","001","0149","1052","651","384","267","71","722","1204","0","59.97","31.89"
"65","000","00","001","0150","0000","2844","1579","1265","291","3135","5455","0","57.47","28.95"
"65","000","00","001","0150","1053","803","467","336","91","894","1614","0","55.39","28.93"
"65","000","00","001","0150","1054","680","391","289","63","743","1237","0","60.06","31.61"
"65","000","00","001","0150","1055","714","378","336","91","805","1361","0","59.15","27.77"
"65","000","00","001","0150","1056","647","343","304","46","693","1243","0","55.75","27.59"
"65","000","00","001","0151","0000","2056","1202","854","202","2258","3979","0","56.75","30.21"
"65","000","00","001","0151","1057","722","407","315","42","764","1515","0","50.43","26.86"
"65","000","00","001","0151","1058","819","501","318","88","907","1515","0","59.87","33.07"
"65","000","00","001","0151","1059","515","294","221","72","587","949","0","61.85","30.98"
"65","000","00","001","0152","0000","1806","1024","782","200","2006","3768","0","53.24","27.18"
"65","000","00","001","0152","1060","803","463","340","98","901","1629","0","55.31","28.42"
"65","000","00","001","0152","1061","655","360","295","66","721","1238","0","58.24","29.08"
"65","000","00","001","0152","1062","348","201","147","36","384","901","0","42.62","22.31"
"65","000","00","001","0153","0000","1507","854","653","191","1698","2956","0","57.44","28.89"
"65","000","00","001","0153","1063","764","434","330","101","865","1475","0","58.64","29.42"
"65","000","00","001","0153","1064","743","420","323","90","833","1481","0","56.25","28.36"
"65","000","00","001","0154","0000","2798","1652","1146","328","3126","5602","0","55.8","29.49"
"65","000","00","001","0154","1065","796","453","343","128","924","1800","0","51.33","25.17"
"65","000","00","001","0154","1066","824","489","335","80","904","1630","0","55.46","30.0"
"65","000","00","001","0154","1067","708","437","271","67","775","1298","0","59.71","33.67"
"65","000","00","001","0154","1068","470","273","197","53","523","874","0","59.84","31.24"
"65","000","00","001","0155","0000","1410","782","628","146","1556","2581","0","60.29","30.3"
"65","000","00","001","0155","1071","777","428","349","89","866","1451","0","59.68","29.5"
"65","000","00","001","0155","1072","633","354","279","57","690","1130","0","61.06","31.33"
"65","000","00","001","0156","0000","1580","908","672","177","1757","2971","0","59.14","30.56"
"65","000","00","001","0156","1073","782","481","301","67","849","1440","0","58.96","33.4"
"65","000","00","001","0156","1074","798","427","371","110","908","1531","0","59.31","27.89"
"65","000","00","001","0157","0000","3483","2046","1437","296","3779","6492","0","58.21","31.52"
"65","000","00","001","0157","1077","602","356","246","48","650","1174","0","55.37","30.32"
"65","000","00","001","0157","1078","641","342","299","61","702","1228","0","57.17","27.85"
"65","000","00","001","0157","1079","628","365","263","49","677","1187","0","57.03","30.75"
"65","000","00","001","0157","1080","476","272","204","60","536","870","0","61.61","31.26"
"65","000","00","001","0157","1081","1136","711","425","78","1214","2033","0","59.71","34.97"
"65","000","00","001","0158","0000","1258","704","554","135","1393","2493","0","55.88","28.24"
"65","000","00","001","0158","1082","704","403","301","67","771","1418","0","54.37","28.42"
"65","000","00","001","0158","1083","554","301","253","68","622","1075","0","57.86","28.0"
"65","000","00","001","0159","0000","2243","1322","921","253","2496","4561","0","54.72","28.98"
"65","000","00","001","0159","1086","959","573","386","96","1055","1893","0","55.73","30.27"
"65","000","00","001","0159","1087","641","369","272","79","720","1302","0","55.3","28.34"
"65","000","00","001","0159","1088","643","380","263","78","721","1366","0","52.78","27.82"
"65","000","00","001","0160","0000","1292","678","614","164","1456","2518","0","57.82","26.93"
"65","000","00","001","0160","1089","687","358","329","104","791","1318","0","60.02","27.16"
"65","000","00","001","0160","1090","605","320","285","60","665","1200","0","55.42","26.67"
"65","000","00","001","0161","0000","1954","1107","847","208","2162","3774","0","57.29","29.33"
"65","000","00","001","0161","1091","1059","595","464","79","1138","2028","0","56.11","29.34"
"65","000","00","001","0161","1092","895","512","383","129","1024","1746","0","58.65","29.32"
"65","000","00","001","0162","0000","1583","858","725","167","1750","2981","0","58.71","28.78"
"65","000","00","001","0162","1095","707","390","317","79","786","1418","0","55.43","27.5"
"65","000","00","001","0162","1096","876","468","408","88","964","1563","0","61.68","29.94"
"65","000","00","001","0163","0000","1731","987","744","176","1907","3487","0","54.69","28.31"
"65","000","00","001","0163","1097","868","485","383","115","983","1780","0","55.22","27.25"
"65","000","00","001","0163","1098","863","502","361","61","924","1707","0","54.13","29.41"
"65","000","00","001","0164","0000","1424","815","609","152","1576","3051","0","51.66","26.71"
"65","000","00","001","0164","1099","313","203","110","14","327","906","0","36.09","22.41"
"65","000","00","001","0164","1100","520","296","224","73","593","1030","0","57.57","28.74"
"65","000","00","001","0164","1101","591","316","275","65","656","1115","0","58.83","28.34"
"65","000","00","001","0165","0000","3708","2194","1514","263","3971","7165","0","55.42","30.62"
"65","000","00","001","0165","1102","933","593","340","46","979","1836","0","53.32","32.3"
"65","000","00","001","0165","1103","927","553","374","100","1027","1881","0","54.6","29.4"
"65","000","00","001","0165","1104","869","485","384","58","927","1688","0","54.92","28.73"
"65","000","00","001","0165","1105","979","563","416","59","1038","1760","0","58.98","31.99"
"65","000","00","001","0166","0000","1764","1019","745","202","1966","3186","0","61.71","31.98"
"65","000","00","001","0166","1106","587","325","262","67","654","1044","0","62.64","31.13"
"65","000","00","001","0166","1107","570","329","241","55","625","1043","0","59.92","31.54"
"65","000","00","001","0166","1108","607","365","242","80","687","1099","0","62.51","33.21"
"65","000","00","001","0167","0000","1044","705","339","144","1188","2391","0","49.69","29.49"
"65","000","00","001","0167","1109","449","358","91","77","526","1260","0","41.75","28.41"
"65","000","00","001","0167","1110","595","347","248","67","662","1131","0","58.53","30.68"
"65","000","00","001","0168","0000","2118","1250","868","231","2349","3947","0","59.51","31.67"
"65","000","00","001","0168","1111","651","348","303","70","721","1225","0","58.86","28.41"
"65","000","00","001","0168","1112","842","570","272","66","908","1455","0","62.41","39.18"
"65","000","00","001","0168","1113","625","332","293","95","720","1267","0","56.83","26.2"
"65","000","00","001","0169","0000","2071","1094","977","212","2283","3832","0","59.58","28.55"
"65","000","00","001","0169","1116","607","330","277","36","643","1111","0","57.88","29.7"
"65","000","00","001","0169","1117","688","288","400","94","782","1177","0","66.44","24.47"
"65","000","00","001","0169","1118","776","476","300","82","858","1544","0","55.57","30.83"
"65","000","00","001","0170","0000","2144","1269","875","132","2276","4087","0","55.69","31.05"
"65","000","00","001","0170","1121","768","445","323","56","824","1504","0","54.79","29.59"
"65","000","00","001","0170","1122","700","425","275","44","744","1373","0","54.19","30.95"
"65","000","00","001","0170","1123","676","399","277","32","708","1210","0","58.51","32.98"
"65","000","00","001","0171","0000","1686","1101","585","193","1879","3360","0","55.92","32.77"
"65","000","00","001","0171","1124","877","618","259","86","963","1809","0","53.23","34.16"
"65","000","00","001","0171","1125","809","483","326","107","916","1551","0","59.06","31.14"
"65","000","00","001","0172","0000","2103","1240","863","160","2263","3795","0","59.63","32.67"
"65","000","00","001","0172","1126","769","468","301","55","824","1408","0","58.52","33.24"
"65","000","00","001","0172","1127","700","420","280","52","752","1285","0","58.52","32.68"
"65","000","00","001","0172","1128","634","352","282","53","687","1102","0","62.34","31.94"
"65","000","00","001","0173","0000","1527","943","584","145","1672","3091","0","54.09","30.51"
"65","000","00","001","0173","1129","669","407","262","49","718","1399","0","51.32","29.09"
"65","000","00","001","0173","1130","858","536","322","96","954","1692","0","56.38","31.68"
"65","000","00","001","0174","0000","2345","1409","936","177","2522","4478","0","56.32","31.46"
"65","000","00","001","0174","1133","652","394","258","55","707","1246","0","56.74","31.62"
"65","000","00","001","0174","1134","775","461","314","43","818","1471","0","55.61","31.34"
"65","000","00","001","0174","1135","918","554","364","79","997","1761","0","56.62","31.46"
"65","000","00","001","0175","0000","1471","908","563","151","1622","3027","0","53.58","30.0"
"65","000","00","001","0175","1136","783","464","319","75","858","1499","0","57.24","30.95"
"65","000","00","001","0175","1137","688","444","244","76","764","1528","0","50.0","29.06"
"65","000","00","001","0176","0000","1635","975","660","157","1792","3086","0","58.07","31.59"
"65","000","00","001","0176","1138","819","503","316","78","897","1536","0","58.4","32.75"
"65","000","00","001","0176","1139","816","472","344","79","895","1550","0","57.74","30.45"
"65","000","00","001","0177","0000","1769","1039","730","178","1947","3350","0","58.12","31.01"
"65","000","00","001","0177","1140","1060","621","439","112","1172","2050","0","57.17","30.29"
"65","000","00","001","0177","1141","709","418","291","66","775","1300","0","59.62","32.15"
"65","000","00","001","0178","0000","2963","1715","1248","240","3203","5917","0","54.13","28.98"
"65","000","00","001","0178","1142","820","493","327","61","881","1537","0","57.32","32.08"
"65","000","00","001","0178","1143","630","317","313","46","676","1341","0","50.41","23.64"
"65","000","00","001","0178","1144","818","486","332","85","903","1606","0","56.23","30.26"
"65","000","00","001","0178","1145","695","419","276","48","743","1433","0","51.85","29.24"
"65","000","00","001","0179","0000","2050","1251","799","179","2229","4105","0","54.3","30.48"
"65","000","00","001","0179","1146","791","475","316","61","852","1685","0","50.56","28.19"
"65","000","00","001","0179","1147","705","407","298","65","770","1248","0","61.7","32.61"
"65","000","00","001","0179","1148","554","369","185","53","607","1172","0","51.79","31.48"
"65","000","00","001","0180","0000","3763","2228","1535","350","4113","7527","0","54.64","29.6"
"65","000","00","001","0180","1149","703","414","289","67","770","1640","0","46.95","25.24"
"65","000","00","001","0180","1150","728","476","252","52","780","1428","0","54.62","33.33"
"65","000","00","001","0180","1151","791","406","385","87","878","1527","0","57.5","26.59"
"65","000","00","001","0180","1152","735","431","304","54","789","1350","0","58.44","31.93"
"65","000","00","001","0180","1153","806","501","305","90","896","1582","0","56.64","31.67"
"65","000","00","001","0181","0000","1586","932","654","133","1719","2823","0","60.89","33.01"
"65","000","00","001","0181","1154","541","329","212","60","601","919","0","65.4","35.8"
"65","000","00","001","0181","1155","483","277","206","30","513","930","0","55.16","29.78"
"65","000","00","001","0181","1156","562","326","236","43","605","974","0","62.11","33.47"
"65","000","00","001","0182","0000","1674","992","682","139","1813","3170","0","57.19","31.29"
"65","000","00","001","0182","1157","942","582","360","61","1003","1732","0","57.91","33.6"
"65","000","00","001","0182","1158","732","410","322","78","810","1438","0","56.33","28.51"
"65","000","00","001","0183","0000","1644","979","665","203","1847","3541","0","52.16","27.65"
"65","000","00","001","0183","1159","844","513","331","126","970","1777","0","54.59","28.87"
"65","000","00","001","0183","1160","800","466","334","77","877","1764","0","49.72","26.42"
"65","000","00","001","0184","0000","1920","1137","783","169","2089","3712","0","56.28","30.63"
"65","000","00","001","0184","1164","925","538","387","86","1011","1870","0","54.06","28.77"
"65","000","00","001","0184","1165","995","599","396","83","1078","1842","0","58.52","32.52"
"65","000","00","001","0185","0000","1163","696","467","150","1313","2322","0","56.55","29.97"
"65","000","00","001","0185","1166","565","338","227","73","638","1094","0","58.32","30.9"
"65","000","00","001","0185","1167","598","358","240","77","675","1228","0","54.97","29.15"
"65","000","00","001","0186","0000","3162","1807","1355","244","3406","6224","0","54.72","29.03"
"65","000","00","001","0186","1170","796","439","357","64","860","1622","0","53.02","27.07"
"65","000","00","001","0186","1171","639","330","309","78","717","1205","0","59.5","27.39"
"65","000","00","001","0186","1172","845","482","363","61","906","1787","0","50.7","26.97"
"65","000","00","001","0186","1173","882","556","326","41","923","1610","0","57.33","34.53"
"65","000","00","001","0187","0000","3421","2046","1375","247","3668","6600","0","55.58","31.0"
"65","000","00","001","0187","1174","1232","749","483","60","1292","2216","0","58.3","33.8"
"65","000","00","001","0187","1175","1195","704","491","73","1268","2294","0","55.27","30.69"
"65","000","00","001","0187","1176","994","593","401","114","1108","2090","0","53.01","28.37"
"65","000","00","001","0188","0000","1788","980","808","178","1966","3742","0","52.54","26.19"
"65","000","00","001","0188","1177","636","386","250","43","679","1356","0","50.07","28.47"
"65","000","00","001","0188","1178","571","325","246","53","624","1067","0","58.48","30.46"
"65","000","00","001","0188","1179","581","269","312","82","663","1319","0","50.27","20.39"
"65","000","00","001","0189","0000","1637","920","717","199","1836","3368","0","54.51","27.32"
"65","000","00","001","0189","1180","610","345","265","73","683","1316","0","51.9","26.22"
"65","000","00","001","0189","1181","565","331","234","81","646","1195","0","54.06","27.7"
"65","000","00","001","0189","1182","462","244","218","45","507","857","0","59.16","28.47"
"65","000","00","001","0190","0000","2354","1334","1020","318","2672","4724","0","56.56","28.24"
"65","000","00","001","0190","1183","685","401","284","92","777","1417","0","54.83","28.3"
"65","000","00","001","0190","1184","804","428","376","106","910","1560","0","58.33","27.44"
"65","000","00","001","0190","1185","865","505","360","120","985","1747","0","56.38","28.91"
"65","000","00","001","0191","0000","2070","1212","858","161","2231","3735","0","59.73","32.45"
"65","000","00","001","0191","1186","677","434","243","73","750","1176","0","63.78","36.9"
"65","000","00","001","0191","1187","602","324","278","45","647","1101","0","58.76","29.43"
"65","000","00","001","0191","1188","791","454","337","43","834","1458","0","57.2","31.14"
"65","000","00","001","0192","0000","2875","1721","1154","365","3240","5591","0","57.95","30.78"
"65","000","00","001","0192","1192","551","341","210","59","610","1120","0","54.46","30.45"
"65","000","00","001","0192","1193","514","300","214","113","627","1022","0","61.35","29.35"
"65","000","00","001","0192","1194","535","305","230","106","641","1049","0","61.11","29.08"
"65","000","00","001","0192","1195","538","325","213","43","581","1007","0","57.7","32.27"
"65","000","00","001","0192","1196","737","450","287","44","781","1393","0","56.07","32.3"
"65","000","00","001","0193","0000","414","236","178","85","499","974","0","51.23","24.23"
"65","000","00","001","0193","1197","154","80","74","46","200","474","0","42.19","16.88"
"65","000","00","001","0193","1198","260","156","104","39","299","500","0","59.8","31.2"
"65","000","00","001","0194","0000","1788","1016","772","210","1998","3502","0","57.05","29.01"
"65","000","00","001","0194","1199","592","346","246","68","660","1177","0","56.07","29.4"
"65","000","00","001","0194","1200","598","312","286","50","648","1186","0","54.64","26.31"
"65","000","00","001","0194","1201","598","358","240","92","690","1139","0","60.58","31.43"
"65","000","00","001","0195","0000","1966","1141","825","163","2129","5201","0","40.93","21.94"
"65","000","00","001","0195","1202","868","501","367","98","966","1750","0","55.2","28.63"
"65","000","00","001","0195","1203","1098","640","458","65","1163","3451","0","33.7","18.55"
"65","000","00","001","0196","0000","2250","1293","957","236","2486","4730","0","52.56","27.34"
"65","000","00","001","0196","1204","751","435","316","110","861","1620","0","53.15","26.85"
"65","000","00","001","0196","1205","404","247","157","33","437","903","0","48.39","27.35"
"65","000","00","001","0196","1206","660","373","287","57","717","1232","0","58.2","30.28"
"65","000","00","001","0196","1207","435","238","197","36","471","975","0","48.31","24.41"
"65","000","00","001","0197","0000","1262","686","576","77","1339","2515","0","53.24","27.28"
"65","000","00","001","0197","1208","598","333","265","52","650","1224","0","53.1","27.21"
"65","000","00","001","0197","1209","664","353","311","25","689","1291","0","53.37","27.34"
"65","000","00","001","0198","0000","4016","2351","1665","273","4289","8555","0","50.13","27.48"
"65","000","00","001","0198","1210","840","493","347","57","897","1828","0","49.07","26.97"
"65","000","00","001","0198","1211","798","469","329","70","868","1725","0","50.32","27.19"
"65","000","00","001","0198","1212","483","286","197","38","521","1085","0","48.02","26.36"
"65","000","00","001","0198","1213","1114","659","455","59","1173","2357","0","49.77","27.96"
"65","000","00","001","0198","1214","781","444","337","49","830","1560","0","53.21","28.46"
"65","000","00","001","0199","0000","2628","1409","1219","174","2802","5152","0","54.39","27.35"
"65","000","00","001","0199","1218","1034","486","548","61","1095","1763","0","62.11","27.57"
"65","000","00","001","0199","1219","823","469","354","29","852","1744","0","48.85","26.89"
"65","000","00","001","0199","1220","771","454","317","84","855","1645","0","51.98","27.6"
"65","000","00","001","01A0","0000","1677","986","691","157","1834","3118","0","58.82","31.62"
"65","000","00","001","01A0","1228","800","473","327","84","884","1566","0","56.45","30.2"
"65","000","00","001","01A0","1229","877","513","364","73","950","1552","0","61.21","33.05"
"65","000","00","001","01A1","0000","1165","673","492","203","1368","2270","0","60.26","29.65"
"65","000","00","001","01A1","0913","572","312","260","67","639","1026","0","62.28","30.41"
"65","000","00","001","01A1","0914","593","361","232","136","729","1244","0","58.6","29.02"
"65","000","00","001","01A2","0000","2104","1201","903","252","2356","3821","0","61.66","31.43"
"65","000","00","001","01A2","0933","647","349","298","84","731","1238","0","59.05","28.19"
"65","000","00","001","01A2","0934","788","451","337","86","874","1389","0","62.92","32.47"
"65","000","00","001","01A2","0935","669","401","268","82","751","1194","0","62.9","33.58"
"65","000","00","001","01A3","0000","1467","850","617","152","1619","2740","0","59.09","31.02"
"65","000","00","001","01A3","0962","793","465","328","72","865","1515","0","57.1","30.69"
"65","000","00","001","01A3","0963","674","385","289","80","754","1225","0","61.55","31.43"
"65","000","00","001","01A4","0000","1403","827","576","299","1702","2949","0","57.71","28.04"
"65","000","00","001","01A4","0991","669","370","299","96","765","1245","0","61.45","29.72"
"65","000","00","001","01A4","0992","734","457","277","203","937","1704","0","54.99","26.82"
"65","000","00","001","01A5","0000","1627","947","680","100","1727","3134","0","55.11","30.22"
"65","000","00","001","01A5","1012","524","299","225","36","560","1076","0","52.04","27.79"
"65","000","00","001","01A5","1013","453","270","183","27","480","979","0","49.03","27.58"
"65","000","00","001","01A5","1014","650","378","272","37","687","1079","0","63.67","35.03"
"65","000","00","001","01A6","0000","1328","753","575","127","1455","2493","0","58.36","30.2"
"65","000","00","001","01A6","1033","728","406","322","88","816","1315","0","62.05","30.87"
"65","000","00","001","01A6","1034","600","347","253","39","639","1178","0","54.24","29.46"
"65","000","00","001","01A7","0000","1127","655","472","47","1174","2026","0","57.95","32.33"
"65","000","00","001","01A7","1069","506","281","225","21","527","992","0","53.13","28.33"
"65","000","00","001","01A7","1070","621","374","247","26","647","1034","0","62.57","36.17"
"65","000","00","001","01A8","0000","1430","850","580","106","1536","2697","0","56.95","31.52"
"65","000","00","001","01A8","1084","758","458","300","46","804","1515","0","53.07","30.23"
"65","000","00","001","01A8","1085","672","392","280","60","732","1182","0","61.93","33.16"
"65","000","00","001","01A9","0000","1052","558","494","122","1174","1966","0","59.72","28.38"
"65","000","00","001","01A9","1114","510","257","253","70","580","972","0","59.67","26.44"
"65","000","00","001","01A9","1115","542","301","241","52","594","994","0","59.76","30.28"
"65","000","00","001","01B0","0000","1795","1066","729","158","1953","3337","0","58.53","31.94"
"65","000","00","001","01B0","1131","895","533","362","64","959","1625","0","59.02","32.8"
"65","000","00","001","01B0","1132","900","533","367","94","994","1712","0","58.06","31.13"
"65","000","00","001","01B1","0000","1096","612","484","114","1210","1860","0","65.05","32.9"
"65","000","00","001","01B1","1168","578","328","250","62","640","998","0","64.13","32.87"
"65","000","00","001","01B1","1169","518","284","234","52","570","862","0","66.13","32.95"
"65","000","00","001","01B2","0000","1763","997","766","181","1944","3778","0","51.46","26.39"
"65","000","00","001","01B2","1230","897","509","388","53","950","1885","0","50.4","27.0"
"65","000","00","001","01B2","1231","866","488","378","128","994","1893","0","52.51","25.78"
"65","000","00","001","01B3","0000","2475","1480","995","174","2649","5613","0","47.19","26.37"
"65","000","00","001","01B3","1215","921","565","356","44","965","2201","0","43.84","25.67"
"65","000","00","001","01B3","1216","789","469","320","70","859","1626","0","52.83","28.84"
"65","000","00","001","01B3","1217","765","446","319","60","825","1786","0","46.19","24.97"
"65","000","00","001","01B4","0000","1143","685","458","62","1205","2314","0","52.07","29.6"
"65","000","00","001","01B4","0926","594","342","252","28","622","1215","0","51.19","28.15"
"65","000","00","001","01B4","0927","549","343","206","34","583","1099","0","53.05","31.21"
"65","000","00","001","01B5","0000","1004","611","393","146","1150","1793","0","64.14","34.08"
"65","000","00","001","01B5","0945","448","278","170","56","504","796","0","63.32","34.92"
"65","000","00","001","01B5","0946","556","333","223","90","646","997","0","64.79","33.4"
"65","000","00","001","01B6","0000","1324","748","576","192","1516","2487","0","60.96","30.08"
"65","000","00","001","01B6","0967","706","405","301","84","790","1283","0","61.57","31.57"
"65","000","00","001","01B6","0968","618","343","275","108","726","1204","0","60.3","28.49"
"65","000","00","001","01B7","0000","1567","912","655","224","1791","3024","0","59.23","30.16"
"65","000","00","001","01B7","1002","560","346","214","100","660","1133","0","58.25","30.54"
"65","000","00","001","01B7","1003","431","245","186","45","476","841","0","56.6","29.13"
"65","000","00","001","01B7","1004","576","321","255","79","655","1050","0","62.38","30.57"
"65","000","00","001","01B8","0000","1093","596","497","202","1295","2059","0","62.89","28.95"
"65","000","00","001","01B8","1029","567","309","258","124","691","1096","0","63.05","28.19"
"65","000","00","001","01B8","1030","526","287","239","78","604","963","0","62.72","29.8"
"65","000","00","001","01B9","0000","1641","976","665","240","1881","3428","0","54.87","28.47"
"65","000","00","001","01B9","1042","800","493","307","120","920","1678","0","54.83","29.38"
"65","000","00","001","01B9","1043","841","483","358","120","961","1750","0","54.91","27.6"
"65","000","00","001","01C0","0000","1529","862","667","153","1682","2942","0","57.17","29.3"
"65","000","00","001","01C0","1075","780","439","341","83","863","1349","0","63.97","32.54"
"65","000","00","001","01C0","1076","749","423","326","70","819","1593","0","51.41","26.55"
"65","000","00","001","01C1","0000","1681","1021","660","117","1798","3428","0","52.45","29.78"
"65","000","00","001","01C1","1093","931","579","352","42","973","1954","0","49.8","29.63"
"65","000","00","001","01C1","1094","750","442","308","75","825","1474","0","55.97","29.99"
"65","000","00","001","01C2","0000","1012","596","416","168","1180","2061","0","57.25","28.92"
"65","000","00","001","01C2","1119","501","305","196","87","588","1021","0","57.59","29.87"
"65","000","00","001","01C2","1120","511","291","220","81","592","1040","0","56.92","27.98"
"65","000","00","001","01C3","0000","1865","1071","794","220","2085","3645","0","57.2","29.38"
"65","000","00","001","01C3","1161","658","364","294","42","700","1289","0","54.31","28.24"
"65","000","00","001","01C3","1162","579","331","248","97","676","1182","0","57.19","28.0"
"65","000","00","001","01C3","1163","628","376","252","81","709","1174","0","60.39","32.03"
"65","000","00","001","01C4","0000","5840","3529","2311","530","6370","12065","0","52.8","29.25"
"65","000","00","001","01C4","1221","831","516","315","63","894","1861","0","48.04","27.73"
"65","000","00","001","01C4","1222","730","423","307","47","777","1596","0","48.68","26.5"
"65","000","00","001","01C4","1223","919","549","370","94","1013","1871","0","54.14","29.34"
"65","000","00","001","01C4","1224","963","590","373","102","1065","1938","0","54.95","30.44"
"65","000","00","001","01C4","1225","937","536","401","82","1019","1827","0","55.77","29.34"
"65","000","00","001","01C4","1226","647","385","262","69","716","1359","0","52.69","28.33"
"65","000","00","001","01C4","1227","813","530","283","73","886","1613","0","54.93","32.86"
"65","000","00","001","01C5","0000","1458","858","600","200","1658","3241","0","51.16","26.47"
"65","000","00","001","01C5","1189","743","441","302","58","801","1630","0","49.14","27.06"
"65","000","00","001","01C5","1190","715","417","298","142","857","1611","0","53.2","25.88"
"65","000","00","001","01C6","0000","564","330","234","40","604","1139","0","53.03","28.97"
"65","000","00","001","01C6","1191","564","330","234","40","604","1139","0","53.03","28.97"
"65","000","00","002","0000","0000","163519","93399","70120","19753","183272","329846","386077","55.56","28.32"
"65","000","00","002","0201","0000","2414","1411","1003","273","2687","4753","0","56.53","29.69"
"65","000","00","002","0201","0659","714","414","300","96","810","1509","0","53.68","27.44"
"65","000","00","002","0201","0660","830","492","338","89","919","1591","0","57.76","30.92"
"65","000","00","002","0201","0661","870","505","365","88","958","1653","0","57.96","30.55"
"65","000","00","002","0202","0000","770","457","313","62","832","1459","0","57.03","31.32"
"65","000","00","002","0202","0665","770","457","313","62","832","1459","0","57.03","31.32"
"65","000","00","002","0203","0000","1108","592","516","153","1261","2090","0","60.33","28.33"
"65","000","00","002","0203","0666","539","309","230","81","620","1024","0","60.55","30.18"
"65","000","00","002","0203","0667","569","283","286","72","641","1066","0","60.13","26.55"
"65","000","00","002","0204","0000","491","277","214","75","566","856","0","66.12","32.36"
"65","000","00","002","0204","0668","491","277","214","75","566","856","0","66.12","32.36"
"65","000","00","002","0205","0000","1689","901","788","165","1854","3533","0","52.48","25.5"
"65","000","00","002","0205","0671","885","456","429","85","970","1887","0","51.4","24.17"
"65","000","00","002","0205","0672","804","445","359","80","884","1646","0","53.71","27.04"
"65","000","00","002","0206","0000","193","109","84","22","215","358","0","60.06","30.45"
"65","000","00","002","0206","0673","193","109","84","22","215","358","0","60.06","30.45"
"65","000","00","002","0207","0000","2871","1707","1164","270","3141","5443","0","57.71","31.36"
"65","000","00","002","0207","0674","541","313","228","83","624","1039","0","60.06","30.13"
"65","000","00","002","0207","0675","617","338","279","60","677","1114","0","60.77","30.34"
"65","000","00","002","0207","0676","872","572","300","57","929","1588","0","58.5","36.02"
"65","000","00","002","0207","0677","841","484","357","70","911","1702","0","53.53","28.44"
"65","000","00","002","0208","0000","2574","1475","1099","254","2828","4778","0","59.19","30.87"
"65","000","00","002","0208","0678","710","397","313","82","792","1288","0","61.49","30.82"
"65","000","00","002","0208","0679","914","541","373","72","986","1629","0","60.53","33.21"
"65","000","00","002","0208","0680","950","537","413","100","1050","1861","0","56.42","28.86"
"65","000","00","002","0209","0000","1596","932","664","181","1777","3108","0","57.18","29.99"
"65","000","00","002","0209","0683","807","486","321","91","898","1595","0","56.3","30.47"
"65","000","00","002","0209","0684","789","446","343","90","879","1513","0","58.1","29.48"
"65","000","00","002","0210","0000","3009","1668","1341","253","3262","8503","0","38.36","19.62"
"65","000","00","002","0210","0685","751","420","331","73","824","4433","0","18.59","9.47"
"65","000","00","002","0210","0686","685","368","317","65","750","1283","0","58.46","28.68"
"65","000","00","002","0210","0687","802","464","338","72","874","1430","0","61.12","32.45"
"65","000","00","002","0210","0688","771","416","355","43","814","1357","0","59.99","30.66"
"65","000","00","002","0211","0000","983","573","410","117","1100","1846","0","59.59","31.04"
"65","000","00","002","0211","0689","517","303","214","56","573","963","0","59.5","31.46"
"65","000","00","002","0211","0690","466","270","196","61","527","883","0","59.68","30.58"
"65","000","00","002","0212","0000","1582","934","648","211","1793","3110","0","57.65","30.03"
"65","000","00","002","0212","0691","738","418","320","115","853","1494","0","57.1","27.98"
"65","000","00","002","0212","0692","844","516","328","96","940","1616","0","58.17","31.93"
"65","000","00","002","0213","0000","2090","1152","938","287","2377","3998","0","59.45","28.81"
"65","000","00","002","0213","0693","666","391","275","97","763","1329","0","57.41","29.42"
"65","000","00","002","0213","0694","724","389","335","82","806","1289","0","62.53","30.18"
"65","000","00","002","0213","0695","700","372","328","108","808","1380","0","58.55","26.96"
"65","000","00","002","0214","0000","3087","1792","1295","280","3367","5679","0","59.29","31.55"
"65","000","00","002","0214","0696","888","525","363","61","949","1668","0","56.89","31.47"
"65","000","00","002","0214","0697","685","406","279","91","776","1226","0","63.3","33.12"
"65","000","00","002","0214","0698","779","435","344","56","835","1421","0","58.76","30.61"
"65","000","00","002","0214","0699","735","426","309","72","807","1364","0","59.16","31.23"
"65","000","00","002","0215","0000","2033","1161","872","222","2255","3736","0","60.36","31.08"
"65","000","00","002","0215","0700","673","393","280","63","736","1232","0","59.74","31.9"
"65","000","00","002","0215","0701","692","366","326","77","769","1248","0","61.62","29.33"
"65","000","00","002","0215","0702","668","402","266","82","750","1256","0","59.71","32.01"
"65","000","00","002","0216","0000","1758","997","761","169","1927","3175","0","60.69","31.4"
"65","000","00","002","0216","0703","852","467","385","81","933","1506","0","61.95","31.01"
"65","000","00","002","0216","0704","906","530","376","88","994","1669","0","59.56","31.76"
"65","000","00","002","0217","0000","2896","1613","1283","405","3301","5489","0","60.14","29.39"
"65","000","00","002","0217","0705","655","389","266","108","763","1308","0","58.33","29.74"
"65","000","00","002","0217","0706","751","448","303","76","827","1263","0","65.48","35.47"
"65","000","00","002","0217","0707","741","377","364","97","838","1471","0","56.97","25.63"
"65","000","00","002","0217","0708","749","399","350","124","873","1447","0","60.33","27.57"
"65","000","00","002","0218","0000","2648","1496","1152","227","2875","5520","0","52.08","27.1"
"65","000","00","002","0218","0709","744","424","320","86","830","1693","0","49.03","25.04"
"65","000","00","002","0218","0710","1042","579","463","41","1083","2015","0","53.75","28.73"
"65","000","00","002","0218","0711","862","493","369","100","962","1812","0","53.09","27.21"
"65","000","00","002","0219","0000","1492","886","606","131","1623","2948","0","55.05","30.05"
"65","000","00","002","0219","0712","755","442","313","51","806","1509","0","53.41","29.29"
"65","000","00","002","0219","0713","737","444","293","80","817","1439","0","56.78","30.85"
"65","000","00","002","0220","0000","3416","1961","1455","207","3623","6530","0","55.48","30.03"
"65","000","00","002","0220","0714","745","429","316","68","813","1437","0","56.58","29.85"
"65","000","00","002","0220","0715","911","479","432","7","918","1697","0","54.1","28.23"
"65","000","00","002","0220","0716","870","552","318","59","929","1793","0","51.81","30.79"
"65","000","00","002","0220","0717","890","501","389","73","963","1603","0","60.07","31.25"
"65","000","00","002","0221","0000","1187","670","517","111","1298","2292","0","56.63","29.23"
"65","000","00","002","0221","0718","589","329","260","44","633","1166","0","54.29","28.22"
"65","000","00","002","0221","0719","598","341","257","67","665","1126","0","59.06","30.28"
"65","000","00","002","0222","0000","567","333","234","84","651","1291","0","50.43","25.79"
"65","000","00","002","0222","0720","567","333","234","84","651","1291","0","50.43","25.79"
"65","000","00","002","0223","0000","808","476","332","91","899","1597","0","56.29","29.81"
"65","000","00","002","0223","0721","808","476","332","91","899","1597","0","56.29","29.81"
"65","000","00","002","0224","0000","1064","621","443","184","1248","1992","0","62.65","31.17"
"65","000","00","002","0224","0722","573","342","231","90","663","1081","0","61.33","31.64"
"65","000","00","002","0224","0723","491","279","212","94","585","911","0","64.22","30.63"
"65","000","00","002","0225","0000","782","447","335","63","845","1719","0","49.16","26.0"
"65","000","00","002","0225","0724","782","447","335","63","845","1719","0","49.16","26.0"
"65","000","00","002","0226","0000","622","354","268","105","727","1289","0","56.4","27.46"
"65","000","00","002","0226","0725","622","354","268","105","727","1289","0","56.4","27.46"
"65","000","00","002","0227","0000","694","425","269","111","805","1318","0","61.08","32.25"
"65","000","00","002","0227","0726","694","425","269","111","805","1318","0","61.08","32.25"
"65","000","00","002","0228","0000","860","478","382","87","947","1822","0","51.98","26.23"
"65","000","00","002","0228","0727","860","478","382","87","947","1822","0","51.98","26.23"
"65","000","00","002","0229","0000","553","316","237","114","667","1185","0","56.29","26.67"
"65","000","00","002","0229","0728","553","316","237","114","667","1185","0","56.29","26.67"
"65","000","00","002","0230","0000","604","354","250","118","722","1369","0","52.74","25.86"
"65","000","00","002","0230","0729","604","354","250","118","722","1369","0","52.74","25.86"
"65","000","00","002","0231","0000","754","428","326","102","856","1507","0","56.8","28.4"
"65","000","00","002","0231","0730","754","428","326","102","856","1507","0","56.8","28.4"
"65","000","00","002","0232","0000","907","524","383","117","1024","1876","0","54.58","27.93"
"65","000","00","002","0232","0731","472","283","189","80","552","926","0","59.61","30.56"
"65","000","00","002","0232","0732","435","241","194","37","472","950","0","49.68","25.37"
"65","000","00","002","0233","0000","770","427","343","96","866","1678","0","51.61","25.45"
"65","000","00","002","0233","0733","770","427","343","96","866","1678","0","51.61","25.45"
"65","000","00","002","0234","0000","547","311","236","91","638","1117","0","57.12","27.84"
"65","000","00","002","0234","0734","547","311","236","91","638","1117","0","57.12","27.84"
"65","000","00","002","0235","0000","623","346","277","80","703","1318","0","53.34","26.25"
"65","000","00","002","0235","0735","623","346","277","80","703","1318","0","53.34","26.25"
"65","000","00","002","0236","0000","701","390","311","59","760","1388","0","54.76","28.1"
"65","000","00","002","0236","0736","701","390","311","59","760","1388","0","54.76","28.1"
"65","000","00","002","0237","0000","503","293","210","95","598","1026","0","58.28","28.56"
"65","000","00","002","0237","0737","503","293","210","95","598","1026","0","58.28","28.56"
"65","000","00","002","0238","0000","1130","634","496","125","1255","2063","0","60.83","30.73"
"65","000","00","002","0238","0738","613","324","289","69","682","1096","0","62.23","29.56"
"65","000","00","002","0238","0739","517","310","207","56","573","967","0","59.26","32.06"
"65","000","00","002","0239","0000","1736","1007","729","194","1930","3534","0","54.61","28.49"
"65","000","00","002","0239","0740","911","513","398","84","995","1871","0","53.18","27.42"
"65","000","00","002","0239","0741","825","494","331","110","935","1663","0","56.22","29.71"
"65","000","00","002","0240","0000","613","353","260","35","648","1208","0","53.64","29.22"
"65","000","00","002","0240","0742","613","353","260","35","648","1208","0","53.64","29.22"
"65","000","00","002","0241","0000","1184","681","503","127","1311","2476","0","52.95","27.5"
"65","000","00","002","0241","0743","654","360","294","78","732","1398","0","52.36","25.75"
"65","000","00","002","0241","0744","530","321","209","49","579","1078","0","53.71","29.78"
"65","000","00","002","0242","0000","1177","663","514","192","1369","2495","0","54.87","26.57"
"65","000","00","002","0242","0745","506","278","228","94","600","1102","0","54.45","25.23"
"65","000","00","002","0242","0746","671","385","286","98","769","1393","0","55.2","27.64"
"65","000","00","002","0243","0000","1355","781","574","170","1525","2485","0","61.37","31.43"
"65","000","00","002","0243","0747","656","363","293","83","739","1251","0","59.07","29.02"
"65","000","00","002","0243","0748","699","418","281","87","786","1234","0","63.7","33.87"
"65","000","00","002","0244","0000","1672","940","732","197","1869","3251","0","57.49","28.91"
"65","000","00","002","0244","0749","866","449","417","94","960","1661","0","57.8","27.03"
"65","000","00","002","0244","0750","806","491","315","103","909","1590","0","57.17","30.88"
"65","000","00","002","0245","0000","2034","1099","935","246","2280","3773","0","60.43","29.13"
"65","000","00","002","0245","0751","623","342","281","79","702","1182","0","59.39","28.93"
"65","000","00","002","0245","0752","726","380","346","92","818","1369","0","59.75","27.76"
"65","000","00","002","0245","0753","685","377","308","75","760","1222","0","62.19","30.85"
"65","000","00","002","0246","0000","631","352","279","110","741","1304","0","56.83","26.99"
"65","000","00","002","0246","0754","631","352","279","110","741","1304","0","56.83","26.99"
"65","000","00","002","0247","0000","498","306","192","68","566","1054","0","53.7","29.03"
"65","000","00","002","0247","0755","498","306","192","68","566","1054","0","53.7","29.03"
"65","000","00","002","0248","0000","815","450","365","103","918","1635","0","56.15","27.52"
"65","000","00","002","0248","0756","815","450","365","103","918","1635","0","56.15","27.52"
"65","000","00","002","0249","0000","830","489","341","103","933","1779","0","52.45","27.49"
"65","000","00","002","0249","0757","830","489","341","103","933","1779","0","52.45","27.49"
"65","000","00","002","0250","0000","818","508","310","118","936","1633","0","57.32","31.11"
"65","000","00","002","0250","0758","818","508","310","118","936","1633","0","57.32","31.11"
"65","000","00","002","0251","0000","1144","664","480","135","1279","2128","0","60.1","31.2"
"65","000","00","002","0251","0759","574","337","237","65","639","1107","0","57.72","30.44"
"65","000","00","002","0251","0760","570","327","243","70","640","1021","0","62.68","32.03"
"65","000","00","002","0252","0000","717","396","321","138","855","1649","0","51.85","24.01"
"65","000","00","002","0252","0761","717","396","321","138","855","1649","0","51.85","24.01"
"65","000","00","002","0253","0000","459","256","203","41","500","874","0","57.21","29.29"
"65","000","00","002","0253","0762","459","256","203","41","500","874","0","57.21","29.29"
"65","000","00","002","0254","0000","672","380","292","156","828","1402","0","59.06","27.1"
"65","000","00","002","0254","0763","672","380","292","156","828","1402","0","59.06","27.1"
"65","000","00","002","0255","0000","753","439","314","110","863","1713","0","50.38","25.63"
"65","000","00","002","0255","0764","753","439","314","110","863","1713","0","50.38","25.63"
"65","000","00","002","0256","0000","680","254","426","146","826","2011","0","41.07","12.63"
"65","000","00","002","0256","0765","417","215","202","73","490","973","0","50.36","22.1"
"65","000","00","002","0256","0766","263","39","224","73","336","1038","0","32.37","3.76"
"65","000","00","002","0257","0000","737","414","323","204","941","1833","0","51.34","22.59"
"65","000","00","002","0257","0767","737","414","323","204","941","1833","0","51.34","22.59"
"65","000","00","002","0258","0000","413","228","185","48","461","817","0","56.43","27.91"
"65","000","00","002","0258","0768","413","228","185","48","461","817","0","56.43","27.91"
"65","000","00","002","0259","0000","741","415","326","82","823","1387","0","59.34","29.92"
"65","000","00","002","0259","0769","741","415","326","82","823","1387","0","59.34","29.92"
"65","000","00","002","0260","0000","415","233","182","47","462","784","0","58.93","29.72"
"65","000","00","002","0260","0770","415","233","182","47","462","784","0","58.93","29.72"
"65","000","00","002","0261","0000","1106","620","486","162","1268","2259","0","56.13","27.45"
"65","000","00","002","0261","0771","520","294","226","52","572","1096","0","52.19","26.82"
"65","000","00","002","0261","0772","586","326","260","110","696","1163","0","59.85","28.03"
"65","000","00","002","0262","0000","904","576","328","76","980","1868","0","52.46","30.84"
"65","000","00","002","0262","0773","904","576","328","76","980","1868","0","52.46","30.84"
"65","000","00","002","0263","0000","942","533","409","161","1103","2051","0","53.78","25.99"
"65","000","00","002","0263","0774","514","294","220","99","613","1117","0","54.88","26.32"
"65","000","00","002","0263","0775","428","239","189","62","490","934","0","52.46","25.59"
"65","000","00","002","0264","0000","642","353","289","100","742","1412","0","52.55","25.0"
"65","000","00","002","0264","0776","642","353","289","100","742","1412","0","52.55","25.0"
"65","000","00","002","0265","0000","608","357","251","67","675","1062","0","63.56","33.62"
"65","000","00","002","0265","0777","608","357","251","67","675","1062","0","63.56","33.62"
"65","000","00","002","0266","0000","964","565","399","189","1153","1827","0","63.11","30.93"
"65","000","00","002","0266","0778","414","250","164","95","509","891","0","57.13","28.06"
"65","000","00","002","0266","0779","550","315","235","94","644","936","0","68.8","33.65"
"65","000","00","002","0267","0000","967","522","445","118","1085","2150","0","50.47","24.28"
"65","000","00","002","0267","0780","509","261","248","84","593","1085","0","54.65","24.06"
"65","000","00","002","0267","0781","458","261","197","34","492","1065","0","46.2","24.51"
"65","000","00","002","0268","0000","1507","871","636","160","1667","2948","0","56.55","29.55"
"65","000","00","002","0268","0782","709","411","298","88","797","1398","0","57.01","29.4"
"65","000","00","002","0268","0783","798","460","338","72","870","1550","0","56.13","29.68"
"65","000","00","002","0269","0000","798","449","349","113","911","1674","0","54.42","26.82"
"65","000","00","002","0269","0784","798","449","349","113","911","1674","0","54.42","26.82"
"65","000","00","002","0270","0000","609","361","248","99","708","1215","0","58.27","29.71"
"65","000","00","002","0270","0785","609","361","248","99","708","1215","0","58.27","29.71"
"65","000","00","002","0271","0000","797","453","344","91","888","1606","0","55.29","28.21"
"65","000","00","002","0271","0786","797","453","344","91","888","1606","0","55.29","28.21"
"65","000","00","002","0272","0000","1237","697","540","166","1403","2420","0","57.98","28.8"
"65","000","00","002","0272","0787","609","354","255","65","674","1182","0","57.02","29.95"
"65","000","00","002","0272","0788","628","343","285","101","729","1238","0","58.89","27.71"
"65","000","00","002","0273","0000","1437","813","624","179","1616","2750","0","58.76","29.56"
"65","000","00","002","0273","0789","700","395","305","97","797","1342","0","59.39","29.43"
"65","000","00","002","0273","0790","737","418","319","82","819","1408","0","58.17","29.69"
"65","000","00","002","0274","0000","869","423","446","126","995","1770","0","56.21","23.9"
"65","000","00","002","0274","0791","869","423","446","126","995","1770","0","56.21","23.9"
"65","000","00","002","0275","0000","957","502","455","113","1070","1915","0","55.87","26.21"
"65","000","00","002","0275","0792","484","247","237","69","553","940","0","58.83","26.28"
"65","000","00","002","0275","0793","473","255","218","44","517","975","0","53.03","26.15"
"65","000","00","002","0276","0000","2059","1150","909","269","2328","4183","0","55.65","27.49"
"65","000","00","002","0276","0794","724","401","323","79","803","1507","0","53.28","26.61"
"65","000","00","002","0276","0795","708","384","324","105","813","1419","0","57.29","27.06"
"65","000","00","002","0276","0796","627","365","262","85","712","1257","0","56.64","29.04"
"65","000","00","002","0277","0000","1690","972","718","115","1805","3364","0","53.66","28.89"
"65","000","00","002","0277","0797","826","485","341","96","922","1619","0","56.95","29.96"
"65","000","00","002","0277","0798","864","487","377","19","883","1745","0","50.6","27.91"
"65","000","00","002","0278","0000","2447","1408","1039","293","2740","4898","0","55.94","28.75"
"65","000","00","002","0278","0799","753","425","328","106","859","1519","0","56.55","27.98"
"65","000","00","002","0278","0800","804","473","331","85","889","1682","0","52.85","28.12"
"65","000","00","002","0278","0801","890","510","380","102","992","1697","0","58.46","30.05"
"65","000","00","002","0279","0000","942","557","385","154","1096","1997","0","54.88","27.89"
"65","000","00","002","0279","0802","497","301","196","87","584","1073","0","54.43","28.05"
"65","000","00","002","0279","0803","445","256","189","67","512","924","0","55.41","27.71"
"65","000","00","002","0280","0000","703","391","312","68","771","1613","0","47.8","24.24"
"65","000","00","002","0280","0804","703","391","312","68","771","1613","0","47.8","24.24"
"65","000","00","002","0281","0000","1031","590","441","166","1197","2152","0","55.62","27.42"
"65","000","00","002","0281","0805","469","276","193","83","552","1034","0","53.38","26.69"
"65","000","00","002","0281","0806","562","314","248","83","645","1118","0","57.69","28.09"
"65","000","00","002","0282","0000","1761","997","764","270","2031","3595","0","56.5","27.73"
"65","000","00","002","0282","0807","628","342","286","89","717","1269","0","56.5","26.95"
"65","000","00","002","0282","0808","466","270","196","90","556","990","0","56.16","27.27"
"65","000","00","002","0282","0809","667","385","282","91","758","1336","0","56.74","28.82"
"65","000","00","002","0283","0000","1682","980","702","175","1857","3182","0","58.36","30.8"
"65","000","00","002","0283","0810","811","498","313","93","904","1601","0","56.46","31.11"
"65","000","00","002","0283","0811","871","482","389","82","953","1581","0","60.28","30.49"
"65","000","00","002","0284","0000","1396","772","624","159","1555","2571","0","60.48","30.03"
"65","000","00","002","0284","0812","700","408","292","82","782","1345","0","58.14","30.33"
"65","000","00","002","0284","0813","696","364","332","77","773","1226","0","63.05","29.69"
"65","000","00","002","0285","0000","1323","803","520","198","1521","2790","0","54.52","28.78"
"65","000","00","002","0285","0814","750","471","279","113","863","1650","0","52.3","28.55"
"65","000","00","002","0285","0815","573","332","241","85","658","1140","0","57.72","29.12"
"65","000","00","002","0286","0000","1650","1074","576","139","1789","3338","0","53.59","32.17"
"65","000","00","002","0286","0816","774","472","302","62","836","1639","0","51.01","28.8"
"65","000","00","002","0286","0817","876","602","274","77","953","1699","0","56.09","35.43"
"65","000","00","002","0287","0000","2101","1209","892","276","2377","4355","0","54.58","27.76"
"65","000","00","002","0287","0820","747","439","308","95","842","1540","0","54.68","28.51"
"65","000","00","002","0287","0821","625","360","265","92","717","1276","0","56.19","28.21"
"65","000","00","002","0287","0822","729","410","319","89","818","1539","0","53.15","26.64"
"65","000","00","002","0288","0000","1454","811","643","169","1623","2898","0","56.0","27.98"
"65","000","00","002","0288","0828","699","399","300","91","790","1407","0","56.15","28.36"
"65","000","00","002","0288","0829","755","412","343","78","833","1491","0","55.87","27.63"
"65","000","00","002","0289","0000","2386","1363","1023","275","2661","4718","0","56.4","28.89"
"65","000","00","002","0289","0837","726","420","306","91","817","1398","0","58.44","30.04"
"65","000","00","002","0289","0838","833","469","364","88","921","1706","0","53.99","27.49"
"65","000","00","002","0289","0839","827","474","353","96","923","1614","0","57.19","29.37"
"65","000","00","002","0290","0000","2351","1336","1015","288","2639","4723","0","55.88","28.29"
"65","000","00","002","0290","0840","790","441","349","102","892","1591","0","56.07","27.72"
"65","000","00","002","0290","0841","797","443","354","78","875","1627","0","53.78","27.23"
"65","000","00","002","0290","0842","764","452","312","108","872","1505","0","57.94","30.03"
"65","000","00","002","0291","0000","1787","1030","757","116","1903","3577","0","53.2","28.8"
"65","000","00","002","0291","0832","942","551","391","67","1009","1938","0","52.06","28.43"
"65","000","00","002","0291","0833","845","479","366","49","894","1639","0","54.55","29.23"
"65","000","00","002","0292","0000","1204","631","573","133","1337","2290","0","58.38","27.55"
"65","000","00","002","0292","0823","631","316","315","72","703","1170","0","60.09","27.01"
"65","000","00","002","0292","0824","573","315","258","61","634","1120","0","56.61","28.13"
"65","000","00","002","0293","0000","3542","2046","1496","327","3869","7372","0","52.48","27.75"
"65","000","00","002","0293","0846","940","520","420","113","1053","1800","0","58.5","28.89"
"65","000","00","002","0293","0847","774","469","305","69","843","1703","0","49.5","27.54"
"65","000","00","002","0293","0848","916","536","380","68","984","1975","0","49.82","27.14"
"65","000","00","002","0293","0849","912","521","391","77","989","1894","0","52.22","27.51"
"65","000","00","002","0294","0000","2070","1185","885","210","2280","3957","0","57.62","29.95"
"65","000","00","002","0294","0850","744","432","312","79","823","1405","0","58.58","30.75"
"65","000","00","002","0294","0851","692","386","306","51","743","1293","0","57.46","29.85"
"65","000","00","002","0294","0852","634","367","267","80","714","1259","0","56.71","29.15"
"65","000","00","002","0295","0000","1942","1123","819","275","2217","3711","0","59.74","30.26"
"65","000","00","002","0295","0853","608","363","245","100","708","1144","0","61.89","31.73"
"65","000","00","002","0295","0854","679","385","294","87","766","1254","0","61.08","30.7"
"65","000","00","002","0295","0855","655","375","280","88","743","1313","0","56.59","28.56"
"65","000","00","002","0296","0000","1664","912","752","186","1850","3369","0","54.91","27.07"
"65","000","00","002","0296","0856","777","423","354","96","873","1594","0","54.77","26.54"
"65","000","00","002","0296","0857","887","489","398","90","977","1775","0","55.04","27.55"
"65","000","00","002","0297","0000","1415","803","612","259","1674","2831","0","59.13","28.36"
"65","000","00","002","0297","0858","717","395","322","133","850","1516","0","56.07","26.06"
"65","000","00","002","0297","0859","698","408","290","126","824","1315","0","62.66","31.03"
"65","000","00","002","0298","0000","958","529","429","174","1132","2003","0","56.52","26.41"
"65","000","00","002","0298","0860","433","238","195","87","520","843","0","61.68","28.23"
"65","000","00","002","0298","0861","525","291","234","87","612","1160","0","52.76","25.09"
"65","000","00","002","0299","0000","1125","633","492","157","1282","2106","0","60.87","30.06"
"65","000","00","002","0299","0862","539","302","237","81","620","1052","0","58.94","28.71"
"65","000","00","002","0299","0863","586","331","255","76","662","1054","0","62.81","31.4"
"65","000","00","002","02A0","0000","943","512","431","148","1091","1933","0","56.44","26.49"
"65","000","00","002","02A0","0864","501","273","228","89","590","997","0","59.18","27.38"
"65","000","00","002","02A0","0865","442","239","203","59","501","936","0","53.53","25.53"
"65","000","00","002","02A1","0000","1462","808","654","220","1682","3154","0","53.33","25.62"
"65","000","00","002","02A1","0866","755","414","341","126","881","1658","0","53.14","24.97"
"65","000","00","002","02A1","0867","707","394","313","94","801","1496","0","53.54","26.34"
"65","000","00","002","02A2","0000","1210","685","525","149","1359","2216","0","61.33","30.91"
"65","000","00","002","02A2","0868","576","308","268","79","655","1064","0","61.56","28.95"
"65","000","00","002","02A2","0869","634","377","257","70","704","1152","0","61.11","32.73"
"65","000","00","002","02A3","0000","1899","1100","799","200","2099","4173","0","50.3","26.36"
"65","000","00","002","02A3","0870","743","415","328","59","802","1532","0","52.35","27.09"
"65","000","00","002","02A3","0871","580","339","241","60","640","1338","0","47.83","25.34"
"65","000","00","002","02A3","0872","576","346","230","81","657","1303","0","50.42","26.55"
"65","000","00","002","02A4","0000","2083","1182","901","220","2303","4610","0","49.96","25.64"
"65","000","00","002","02A4","0880","612","353","259","52","664","1381","0","48.08","25.56"
"65","000","00","002","02A4","0881","722","415","307","117","839","1681","0","49.91","24.69"
"65","000","00","002","02A4","0882","749","414","335","51","800","1548","0","51.68","26.74"
"65","000","00","002","02A5","0000","2660","1531","1129","302","2962","5569","0","53.19","27.49"
"65","000","00","002","02A5","0875","808","447","361","140","948","1821","0","52.06","24.55"
"65","000","00","002","02A5","0876","889","532","357","76","965","1906","0","50.63","27.91"
"65","000","00","002","02A5","0877","963","552","411","86","1049","1842","0","56.95","29.97"
"65","000","00","002","02A6","0000","1437","872","565","212","1649","2860","0","57.66","30.49"
"65","000","00","002","02A6","0873","707","457","250","110","817","1369","0","59.68","33.38"
"65","000","00","002","02A6","0874","730","415","315","102","832","1491","0","55.8","27.83"
"65","000","00","002","02A7","0000","937","536","401","146","1083","1841","0","58.83","29.11"
"65","000","00","002","02A7","0878","405","240","165","69","474","878","0","53.99","27.33"
"65","000","00","002","02A7","0879","532","296","236","77","609","963","0","63.24","30.74"
"65","000","00","002","02A8","0000","3439","2033","1406","303","3742","6784","0","55.16","29.97"
"65","000","00","002","02A8","0883","809","459","350","85","894","1542","0","57.98","29.77"
"65","000","00","002","02A8","0884","771","452","319","95","866","1557","0","55.62","29.03"
"65","000","00","002","02A8","0885","825","519","306","76","901","1661","0","54.24","31.25"
"65","000","00","002","02A8","0886","1034","603","431","47","1081","2024","0","53.41","29.79"
"65","000","00","002","02A9","0000","838","463","375","112","950","1585","0","59.94","29.21"
"65","000","00","002","02A9","0669","391","221","170","49","440","764","0","57.59","28.93"
"65","000","00","002","02A9","0670","447","242","205","63","510","821","0","62.12","29.48"
"65","000","00","002","02B0","0000","2184","1272","912","306","2490","4172","0","59.68","30.49"
"65","000","00","002","02B0","0662","743","418","325","102","845","1392","0","60.7","30.03"
"65","000","00","002","02B0","0663","777","474","303","102","879","1451","0","60.58","32.67"
"65","000","00","002","02B0","0664","664","380","284","102","766","1329","0","57.64","28.59"
"65","000","00","002","02B1","0000","1770","988","782","137","1907","3540","0","53.87","27.91"
"65","000","00","002","02B1","0681","829","472","357","66","895","1727","0","51.82","27.33"
"65","000","00","002","02B1","0682","941","516","425","71","1012","1813","0","55.82","28.46"
"65","000","00","002","02B2","0000","1358","769","589","178","1536","2603","0","59.01","29.54"
"65","000","00","002","02B2","0830","738","428","310","90","828","1381","0","59.96","30.99"
"65","000","00","002","02B2","0831","620","341","279","88","708","1222","0","57.94","27.91"
"65","000","00","002","02B3","0000","2397","1338","1059","338","2735","5130","0","53.31","26.08"
"65","000","00","002","02B3","0825","798","428","370","112","910","1789","0","50.87","23.92"
"65","000","00","002","02B3","0826","702","405","297","109","811","1520","0","53.36","26.64"
"65","000","00","002","02B3","0827","897","505","392","117","1014","1821","0","55.68","27.73"
"65","000","00","002","02B4","0000","2235","1284","951","211","2446","4507","0","54.27","28.49"
"65","000","00","002","02B4","0843","686","391","295","70","756","1331","0","56.8","29.38"
"65","000","00","002","02B4","0844","764","448","316","78","842","1678","0","50.18","26.7"
"65","000","00","002","02B4","0845","785","445","340","63","848","1498","0","56.61","29.71"
"65","000","00","002","02B5","0000","2440","1461","979","308","2748","5076","0","54.14","28.78"
"65","000","00","002","02B5","0834","787","460","327","118","905","1614","0","56.07","28.5"
"65","000","00","002","02B5","0835","846","518","328","89","935","1709","0","54.71","30.31"
"65","000","00","002","02B5","0836","807","483","324","101","908","1753","0","51.8","27.55"
"65","000","00","002","02B6","0000","1672","994","678","191","1863","3039","0","61.3","32.71"
"65","000","00","002","02B6","0818","897","564","333","97","994","1501","0","66.22","37.57"
"65","000","00","002","02B6","0819","775","430","345","94","869","1538","0","56.5","27.96"
"65","000","00","002","02B7","0000","1502","869","633","235","1737","3294","0","52.73","26.38"
"65","000","00","002","02B7","0887","697","383","314","98","795","1588","0","50.06","24.12"
"65","000","00","002","02B7","0888","805","486","319","137","942","1706","0","55.22","28.49"
"65","000","00","002","02B8","0000","1869","1090","779","228","2097","3705","0","56.6","29.42"
"65","000","00","002","02B8","0889","701","392","309","82","783","1341","0","58.39","29.23"
"65","000","00","002","02B8","0890","486","295","191","60","546","1025","0","53.27","28.78"
"65","000","00","002","02B8","0891","682","403","279","86","768","1339","0","57.36","30.1"
"65","000","00","002","02B9","0000","1687","983","704","271","1958","3551","0","55.14","27.68"
"65","000","00","002","02B9","0892","810","467","343","152","962","1725","0","55.77","27.07"
"65","000","00","002","02B9","0893","877","516","361","119","996","1826","0","54.55","28.26"
"65","000","00","003","0000","0000","180789","110005","70784","15683","196472","355978","412545","55.19","30.9"
"65","000","00","003","0301","0000","2557","1514","1043","210","2767","5249","0","52.71","28.84"
"65","000","00","003","0301","1232","774","463","311","75","849","1630","0","52.09","28.4"
"65","000","00","003","0301","1233","917","518","399","76","993","1775","0","55.94","29.18"
"65","000","00","003","0301","1234","866","533","333","59","925","1844","0","50.16","28.9"
"65","000","00","003","0302","0000","4207","2599","1608","375","4582","8034","0","57.03","32.35"
"65","000","00","003","0302","1282","879","496","383","80","959","1788","0","53.64","27.74"
"65","000","00","003","0302","1283","938","554","384","65","1003","1793","0","55.94","30.9"
"65","000","00","003","0302","1284","690","439","251","91","781","1352","0","57.77","32.47"
"65","000","00","003","0302","1285","940","629","311","85","1025","1813","0","56.54","34.69"
"65","000","00","003","0302","1286","760","481","279","54","814","1288","0","63.2","37.34"
"65","000","00","003","0303","0000","1917","1127","790","123","2040","3829","0","53.28","29.43"
"65","000","00","003","0303","1287","616","357","259","51","667","1186","0","56.24","30.1"
"65","000","00","003","0303","1288","589","326","263","12","601","1237","0","48.59","26.35"
"65","000","00","003","0303","1289","712","444","268","60","772","1406","0","54.91","31.58"
"65","000","00","003","0304","0000","1997","1160","837","244","2241","3774","0","59.38","30.74"
"65","000","00","003","0304","1290","714","440","274","94","808","1442","0","56.03","30.51"
"65","000","00","003","0304","1291","588","317","271","60","648","1040","0","62.31","30.48"
"65","000","00","003","0304","1292","695","403","292","90","785","1292","0","60.76","31.19"
"65","000","00","003","0305","0000","1807","1121","686","201","2008","3600","0","55.78","31.14"
"65","000","00","003","0305","1293","905","558","347","78","983","1811","0","54.28","30.81"
"65","000","00","003","0305","1294","902","563","339","123","1025","1789","0","57.29","31.47"
"65","000","00","003","0306","0000","1792","1105","687","170","1962","3177","0","61.76","34.78"
"65","000","00","003","0306","1295","512","324","188","53","565","859","0","65.77","37.72"
"65","000","00","003","0306","1296","575","372","203","50","625","972","0","64.3","38.27"
"65","000","00","003","0306","1297","705","409","296","67","772","1346","0","57.36","30.39"
"65","000","00","003","0307","0000","1249","776","473","96","1345","2157","0","62.36","35.98"
"65","000","00","003","0307","1235","609","374","235","38","647","1019","0","63.49","36.7"
"65","000","00","003","0307","1236","640","402","238","58","698","1138","0","61.34","35.33"
"65","000","00","003","0308","0000","2843","1819","1024","238","3081","5702","0","54.03","31.9"
"65","000","00","003","0308","1237","866","563","303","58","924","1878","0","49.2","29.98"
"65","000","00","003","0308","1238","1050","701","349","76","1126","1980","0","56.87","35.4"
"65","000","00","003","0308","1239","927","555","372","104","1031","1844","0","55.91","30.1"
"65","000","00","003","0309","0000","2739","1692","1047","193","2932","5344","0","54.87","31.66"
"65","000","00","003","0309","1240","1079","669","410","61","1140","2085","0","54.68","32.09"
"65","000","00","003","0309","1241","752","468","284","81","833","1498","0","55.61","31.24"
"65","000","00","003","0309","1242","908","555","353","51","959","1761","0","54.46","31.52"
"65","000","00","003","0310","0000","1698","1064","634","153","1851","3294","0","56.19","32.3"
"65","000","00","003","0310","1248","872","528","344","78","950","1712","0","55.49","30.84"
"65","000","00","003","0310","1249","826","536","290","75","901","1582","0","56.95","33.88"
"65","000","00","003","0311","0000","1718","1067","651","155","1873","3235","0","57.9","32.98"
"65","000","00","003","0311","1250","878","552","326","79","957","1742","0","54.94","31.69"
"65","000","00","003","0311","1251","840","515","325","76","916","1493","0","61.35","34.49"
"65","000","00","003","0312","0000","2081","1254","827","194","2275","3990","0","57.02","31.43"
"65","000","00","003","0312","1252","653","377","276","64","717","1352","0","53.03","27.88"
"65","000","00","003","0312","1253","685","431","254","56","741","1244","0","59.57","34.65"
"65","000","00","003","0312","1254","743","446","297","74","817","1394","0","58.61","31.99"
"65","000","00","003","0313","0000","1661","996","665","142","1803","3747","0","48.12","26.58"
"65","000","00","003","0313","1255","808","504","304","40","848","1917","0","44.24","26.29"
"65","000","00","003","0313","1256","853","492","361","102","955","1830","0","52.19","26.89"
"65","000","00","003","0314","0000","1913","1095","818","196","2109","3892","0","54.19","28.13"
"65","000","00","003","0314","1257","587","339","248","79","666","1124","0","59.25","30.16"
"65","000","00","003","0314","1258","647","362","285","53","700","1412","0","49.58","25.64"
"65","000","00","003","0314","1259","679","394","285","64","743","1356","0","54.79","29.06"
"65","000","00","003","0315","0000","1930","1184","746","237","2167","3940","0","55.0","30.05"
"65","000","00","003","0315","1260","620","447","173","56","676","1425","0","47.44","31.37"
"65","000","00","003","0315","1261","671","386","285","87","758","1259","0","60.21","30.66"
"65","000","00","003","0315","1262","639","351","288","94","733","1256","0","58.36","27.95"
"65","000","00","003","0316","0000","2213","1332","881","226","2439","4502","0","54.18","29.59"
"65","000","00","003","0316","1263","727","447","280","69","796","1423","0","55.94","31.41"
"65","000","00","003","0316","1264","641","372","269","68","709","1221","0","58.07","30.47"
"65","000","00","003","0316","1265","845","513","332","89","934","1858","0","50.27","27.61"
"65","000","00","003","0317","0000","2541","1530","1011","174","2715","4958","0","54.76","30.86"
"65","000","00","003","0317","1266","859","518","341","68","927","1804","0","51.39","28.71"
"65","000","00","003","0317","1267","903","545","358","49","952","1669","0","57.04","32.65"
"65","000","00","003","0317","1268","779","467","312","57","836","1485","0","56.3","31.45"
"65","000","00","003","0318","0000","1841","1075","766","213","2054","3351","0","61.3","32.08"
"65","000","00","003","0318","1269","543","313","230","68","611","1005","0","60.8","31.14"
"65","000","00","003","0318","1270","676","392","284","74","750","1175","0","63.83","33.36"
"65","000","00","003","0318","1271","622","370","252","71","693","1171","0","59.18","31.6"
"65","000","00","003","0319","0000","2077","1239","838","196","2273","4413","0","51.51","28.08"
"65","000","00","003","0319","1272","812","486","326","58","870","1746","0","49.83","27.84"
"65","000","00","003","0319","1273","707","426","281","58","765","1555","0","49.2","27.4"
"65","000","00","003","0319","1274","558","327","231","80","638","1112","0","57.37","29.41"
"65","000","00","003","0320","0000","1647","1040","607","122","1769","3286","0","53.83","31.65"
"65","000","00","003","0320","1434","729","448","281","71","800","1462","0","54.72","30.64"
"65","000","00","003","0320","1435","918","592","326","51","969","1824","0","53.13","32.46"
"65","000","00","003","0321","0000","1479","1013","466","145","1624","2823","0","57.53","35.88"
"65","000","00","003","0321","1436","697","524","173","80","777","1389","0","55.94","37.72"
"65","000","00","003","0321","1437","782","489","293","65","847","1434","0","59.07","34.1"
"65","000","00","003","0322","0000","2766","1786","980","178","2944","5350","0","55.03","33.38"
"65","000","00","003","0322","1440","924","602","322","54","978","1858","0","52.64","32.4"
"65","000","00","003","0322","1441","944","600","344","50","994","1801","0","55.19","33.31"
"65","000","00","003","0322","1442","898","584","314","74","972","1691","0","57.48","34.54"
"65","000","00","003","0323","0000","2270","1420","850","161","2431","3948","0","61.58","35.97"
"65","000","00","003","0323","1443","747","478","269","64","811","1363","0","59.5","35.07"
"65","000","00","003","0323","1444","712","454","258","50","762","1220","0","62.46","37.21"
"65","000","00","003","0323","1445","811","488","323","47","858","1365","0","62.86","35.75"
"65","000","00","003","0324","0000","1648","964","684","164","1812","3205","0","56.54","30.08"
"65","000","00","003","0324","1446","622","392","230","46","668","1178","0","56.71","33.28"
"65","000","00","003","0324","1447","461","251","210","43","504","830","0","60.72","30.24"
"65","000","00","003","0324","1448","565","321","244","75","640","1197","0","53.47","26.82"
"65","000","00","003","0325","0000","3664","2315","1349","232","3896","7168","0","54.35","32.3"
"65","000","00","003","0325","1275","976","609","367","75","1051","1780","0","59.04","34.21"
"65","000","00","003","0325","1276","982","609","373","68","1050","1918","0","54.74","31.75"
"65","000","00","003","0325","1277","729","468","261","38","767","1689","0","45.41","27.71"
"65","000","00","003","0325","1278","977","629","348","51","1028","1781","0","57.72","35.32"
"65","000","00","003","0326","0000","2457","1510","947","192","2649","4567","0","58.0","33.06"
"65","000","00","003","0326","1279","736","433","303","65","801","1419","0","56.45","30.51"
"65","000","00","003","0326","1280","668","404","264","57","725","1344","0","53.94","30.06"
"65","000","00","003","0326","1281","1053","673","380","70","1123","1804","0","62.25","37.31"
"65","000","00","003","0327","0000","2245","1385","860","211","2456","4082","0","60.17","33.93"
"65","000","00","003","0327","1449","732","451","281","68","800","1369","0","58.44","32.94"
"65","000","00","003","0327","1450","725","448","277","73","798","1336","0","59.73","33.53"
"65","000","00","003","0327","1451","788","486","302","70","858","1377","0","62.31","35.29"
"65","000","00","003","0328","0000","1731","1085","646","132","1863","3188","0","58.44","34.03"
"65","000","00","003","0328","1452","807","493","314","78","885","1499","0","59.04","32.89"
"65","000","00","003","0328","1453","924","592","332","54","978","1689","0","57.9","35.05"
"65","000","00","003","0329","0000","2244","1380","864","184","2428","4314","0","56.28","31.99"
"65","000","00","003","0329","1456","839","482","357","72","911","1545","0","58.96","31.2"
"65","000","00","003","0329","1457","659","398","261","73","732","1326","0","55.2","30.02"
"65","000","00","003","0329","1458","746","500","246","39","785","1443","0","54.4","34.65"
"65","000","00","003","0330","0000","3071","1960","1111","201","3272","5694","0","57.46","34.42"
"65","000","00","003","0330","1459","903","591","312","47","950","1712","0","55.49","34.52"
"65","000","00","003","0330","1460","960","641","319","84","1044","1916","0","54.49","33.46"
"65","000","00","003","0330","1461","483","287","196","58","541","863","0","62.69","33.26"
"65","000","00","003","0330","1462","725","441","284","12","737","1203","0","61.26","36.66"
"65","000","00","003","0331","0000","2212","1425","787","159","2371","4490","0","52.81","31.74"
"65","000","00","003","0331","1463","769","505","264","34","803","1483","0","54.15","34.05"
"65","000","00","003","0331","1464","780","507","273","62","842","1575","0","53.46","32.19"
"65","000","00","003","0331","1465","663","413","250","63","726","1432","0","50.7","28.84"
"65","000","00","003","0332","0000","2165","1373","792","195","2360","4073","0","57.94","33.71"
"65","000","00","003","0332","1466","727","433","294","79","806","1441","0","55.93","30.05"
"65","000","00","003","0332","1467","674","425","249","72","746","1269","0","58.79","33.49"
"65","000","00","003","0332","1468","764","515","249","44","808","1363","0","59.28","37.78"
"65","000","00","003","0333","0000","1553","999","554","121","1674","2973","0","56.31","33.6"
"65","000","00","003","0333","1474","762","491","271","65","827","1526","0","54.19","32.18"
"65","000","00","003","0333","1475","791","508","283","56","847","1447","0","58.53","35.11"
"65","000","00","003","0334","0000","1425","872","553","153","1578","2757","0","57.24","31.63"
"65","000","00","003","0334","1305","625","362","263","71","696","1319","0","52.77","27.45"
"65","000","00","003","0334","1306","800","510","290","82","882","1438","0","61.34","35.47"
"65","000","00","003","0335","0000","3127","1973","1154","214","3341","6396","0","52.24","30.85"
"65","000","00","003","0335","1307","872","590","282","48","920","1808","0","50.88","32.63"
"65","000","00","003","0335","1308","592","385","207","31","623","1191","0","52.31","32.33"
"65","000","00","003","0335","1309","829","494","335","78","907","1632","0","55.58","30.27"
"65","000","00","003","0335","1310","834","504","330","57","891","1765","0","50.48","28.56"
"65","000","00","003","0336","0000","2205","1462","743","132","2337","3909","0","59.79","37.4"
"65","000","00","003","0336","1311","666","450","216","38","704","1168","0","60.27","38.53"
"65","000","00","003","0336","1312","620","400","220","29","649","1176","0","55.19","34.01"
"65","000","00","003","0336","1313","919","612","307","65","984","1565","0","62.88","39.11"
"65","000","00","003","0337","0000","2264","1329","935","149","2413","4512","0","53.48","29.45"
"65","000","00","003","0337","1314","753","445","308","59","812","1578","0","51.46","28.2"
"65","000","00","003","0337","1315","1034","613","421","45","1079","2029","0","53.18","30.21"
"65","000","00","003","0337","1316","477","271","206","45","522","905","0","57.68","29.94"
"65","000","00","003","0338","0000","2033","1194","839","238","2271","4293","0","52.9","27.81"
"65","000","00","003","0338","1317","393","231","162","50","443","839","0","52.8","27.53"
"65","000","00","003","0338","1318","401","244","157","36","437","762","0","57.35","32.02"
"65","000","00","003","0338","1319","609","327","282","86","695","1420","0","48.94","23.03"
"65","000","00","003","0338","1320","630","392","238","66","696","1272","0","54.72","30.82"
"65","000","00","003","0339","0000","1887","1263","624","134","2021","3755","0","53.82","33.64"
"65","000","00","003","0339","1321","969","635","334","80","1049","1976","0","53.09","32.14"
"65","000","00","003","0339","1322","918","628","290","54","972","1779","0","54.64","35.3"
"65","000","00","003","0340","0000","1403","852","551","124","1527","2870","0","53.21","29.69"
"65","000","00","003","0340","1325","640","401","239","54","694","1369","0","50.69","29.29"
"65","000","00","003","0340","1326","763","451","312","70","833","1501","0","55.5","30.05"
"65","000","00","003","0341","0000","173","99","74","25","198","321","0","61.68","30.84"
"65","000","00","003","0341","1329","173","99","74","25","198","321","0","61.68","30.84"
"65","000","00","003","0342","0000","2244","1403","841","247","2491","4556","0","54.68","30.79"
"65","000","00","003","0342","1330","711","435","276","83","794","1474","0","53.87","29.51"
"65","000","00","003","0342","1331","735","460","275","103","838","1461","0","57.36","31.49"
"65","000","00","003","0342","1332","798","508","290","61","859","1621","0","52.99","31.34"
"65","000","00","003","0343","0000","1107","607","500","129","1236","2102","0","58.8","28.88"
"65","000","00","003","0343","1333","702","369","333","83","785","1327","0","59.16","27.81"
"65","000","00","003","0343","1334","405","238","167","46","451","775","0","58.19","30.71"
"65","000","00","003","0344","0000","1919","1147","772","174","2093","6749","0","31.01","17.0"
"65","000","00","003","0344","1337","707","413","294","58","765","4411","0","17.34","9.36"
"65","000","00","003","0344","1338","612","366","246","63","675","1212","0","55.69","30.2"
"65","000","00","003","0344","1339","600","368","232","53","653","1126","0","57.99","32.68"
"65","000","00","003","0345","0000","2116","1269","847","131","2247","4522","0","49.69","28.06"
"65","000","00","003","0345","1346","698","439","259","47","745","1627","0","45.79","26.98"
"65","000","00","003","0345","1347","727","421","306","48","775","1503","0","51.56","28.01"
"65","000","00","003","0345","1348","691","409","282","36","727","1392","0","52.23","29.38"
"65","000","00","003","0346","0000","2064","1259","805","146","2210","3898","0","56.7","32.3"
"65","000","00","003","0346","1349","595","353","242","44","639","1067","0","59.89","33.08"
"65","000","00","003","0346","1350","796","478","318","65","861","1623","0","53.05","29.45"
"65","000","00","003","0346","1351","673","428","245","37","710","1208","0","58.77","35.43"
"65","000","00","003","0347","0000","2230","1425","805","187","2417","4870","0","49.63","29.26"
"65","000","00","003","0347","1352","814","492","322","75","889","1991","0","44.65","24.71"
"65","000","00","003","0347","1353","825","557","268","77","902","1932","0","46.69","28.83"
"65","000","00","003","0347","1354","591","376","215","35","626","947","0","66.1","39.7"
"65","000","00","003","0348","0000","1584","965","619","161","1745","3234","0","53.96","29.84"
"65","000","00","003","0348","1355","863","519","344","96","959","1660","0","57.77","31.27"
"65","000","00","003","0348","1356","721","446","275","65","786","1574","0","49.94","28.34"
"65","000","00","003","0349","0000","2418","1485","933","257","2675","5146","0","51.98","28.86"
"65","000","00","003","0349","1357","1008","620","388","72","1080","2136","0","50.56","29.03"
"65","000","00","003","0349","1358","697","440","257","84","781","1462","0","53.42","30.1"
"65","000","00","003","0349","1359","713","425","288","101","814","1548","0","52.58","27.45"
"65","000","00","003","0350","0000","2387","1477","910","240","2627","4228","0","62.13","34.93"
"65","000","00","003","0350","1360","420","260","160","37","457","692","0","66.04","37.57"
"65","000","00","003","0350","1361","699","478","221","72","771","1221","0","63.14","39.15"
"65","000","00","003","0350","1362","720","429","291","71","791","1331","0","59.43","32.23"
"65","000","00","003","0350","1363","548","310","238","60","608","984","0","61.79","31.5"
"65","000","00","003","0351","0000","1504","942","562","125","1629","3150","0","51.71","29.9"
"65","000","00","003","0351","1364","891","567","324","54","945","1871","0","50.51","30.3"
"65","000","00","003","0351","1365","613","375","238","71","684","1279","0","53.48","29.32"
"65","000","00","003","0352","0000","2591","1530","1061","178","2769","4826","0","57.38","31.7"
"65","000","00","003","0352","1366","865","522","343","60","925","1629","0","56.78","32.04"
"65","000","00","003","0352","1367","792","464","328","50","842","1482","0","56.82","31.31"
"65","000","00","003","0352","1368","934","544","390","68","1002","1715","0","58.43","31.72"
"65","000","00","003","0353","0000","1009","647","362","77","1086","1952","0","55.64","33.15"
"65","000","00","003","0353","1369","1009","647","362","77","1086","1952","0","55.64","33.15"
"65","000","00","003","0354","0000","349","195","154","50","399","686","0","58.16","28.43"
"65","000","00","003","0354","1370","349","195","154","50","399","686","0","58.16","28.43"
"65","000","00","003","0355","0000","3929","2251","1678","274","4203","7264","0","57.86","30.99"
"65","000","00","003","0355","1371","709","396","313","52","761","1577","0","48.26","25.11"
"65","000","00","003","0355","1372","629","367","262","52","681","1158","0","58.81","31.69"
"65","000","00","003","0355","1373","713","348","365","35","748","1195","0","62.59","29.12"
"65","000","00","003","0355","1374","623","370","253","52","675","1054","0","64.04","35.1"
"65","000","00","003","0355","1375","363","211","152","30","393","612","0","64.22","34.48"
"65","000","00","003","0355","1376","892","559","333","53","945","1668","0","56.65","33.51"
"65","000","00","003","0356","0000","1324","804","520","157","1481","2240","0","66.12","35.89"
"65","000","00","003","0356","1377","608","363","245","74","682","1071","0","63.68","33.89"
"65","000","00","003","0356","1378","716","441","275","83","799","1169","0","68.35","37.72"
"65","000","00","003","0357","0000","2645","1579","1066","206","2851","5558","0","51.3","28.41"
"65","000","00","003","0357","1379","685","402","283","54","739","1370","0","53.94","29.34"
"65","000","00","003","0357","1380","857","514","343","99","956","1574","0","60.74","32.66"
"65","000","00","003","0357","1381","1103","663","440","53","1156","2614","0","44.22","25.36"
"65","000","00","003","0358","0000","1350","792","558","134","1484","2518","0","58.94","31.45"
"65","000","00","003","0358","1382","812","498","314","60","872","1477","0","59.04","33.72"
"65","000","00","003","0358","1383","538","294","244","74","612","1041","0","58.79","28.24"
"65","000","00","003","0359","0000","2321","1400","921","264","2585","4723","0","54.73","29.64"
"65","000","00","003","0359","1384","714","439","275","76","790","1538","0","51.37","28.54"
"65","000","00","003","0359","1385","779","462","317","78","857","1599","0","53.6","28.89"
"65","000","00","003","0359","1386","828","499","329","110","938","1586","0","59.14","31.46"
"65","000","00","003","0360","0000","1973","1100","873","206","2179","3580","0","60.87","30.73"
"65","000","00","003","0360","1387","948","517","431","98","1046","1726","0","60.6","29.95"
"65","000","00","003","0360","1388","1025","583","442","108","1133","1854","0","61.11","31.45"
"65","000","00","003","0361","0000","2426","1470","956","231","2657","4390","0","60.52","33.49"
"65","000","00","003","0361","1389","814","478","336","83","897","1472","0","60.94","32.47"
"65","000","00","003","0361","1390","791","484","307","79","870","1430","0","60.84","33.85"
"65","000","00","003","0361","1391","821","508","313","69","890","1488","0","59.81","34.14"
"65","000","00","003","0362","0000","2075","1268","807","216","2291","4066","0","56.35","31.19"
"65","000","00","003","0362","1392","630","392","238","53","683","1251","0","54.6","31.33"
"65","000","00","003","0362","1393","796","483","313","67","863","1487","0","58.04","32.48"
"65","000","00","003","0362","1394","649","393","256","96","745","1328","0","56.1","29.59"
"65","000","00","003","0363","0000","1254","754","500","105","1359","2136","0","63.62","35.3"
"65","000","00","003","0363","1395","639","378","261","61","700","1128","0","62.06","33.51"
"65","000","00","003","0363","1396","615","376","239","44","659","1008","0","65.38","37.3"
"65","000","00","003","0364","0000","2097","1243","854","116","2213","4005","0","55.26","31.04"
"65","000","00","003","0364","1397","974","561","413","48","1022","1786","0","57.22","31.41"
"65","000","00","003","0364","1398","1123","682","441","68","1191","2219","0","53.67","30.73"
"65","000","00","003","0365","0000","1354","792","562","96","1450","2817","0","51.47","28.12"
"65","000","00","003","0365","1399","621","354","267","53","674","1322","0","50.98","26.78"
"65","000","00","003","0365","1400","733","438","295","43","776","1495","0","51.91","29.3"
"65","000","00","003","0366","0000","2256","1306","950","235","2491","4456","0","55.9","29.31"
"65","000","00","003","0366","1401","689","396","293","76","765","1414","0","54.1","28.01"
"65","000","00","003","0366","1402","882","489","393","88","970","1681","0","57.7","29.09"
"65","000","00","003","0366","1403","685","421","264","71","756","1361","0","55.55","30.93"
"65","000","00","003","0367","0000","2087","1268","819","154","2241","4089","0","54.81","31.01"
"65","000","00","003","0367","1404","730","439","291","75","805","1442","0","55.83","30.44"
"65","000","00","003","0367","1405","669","400","269","39","708","1383","0","51.19","28.92"
"65","000","00","003","0367","1406","688","429","259","40","728","1264","0","57.59","33.94"
"65","000","00","003","0368","0000","1831","1117","714","218","2049","3761","0","54.48","29.7"
"65","000","00","003","0368","1407","961","585","376","127","1088","1810","0","60.11","32.32"
"65","000","00","003","0368","1408","870","532","338","91","961","1951","0","49.26","27.27"
"65","000","00","003","0369","0000","1776","1099","677","164","1940","3527","0","55.0","31.16"
"65","000","00","003","0369","1409","728","468","260","60","788","1582","0","49.81","29.58"
"65","000","00","003","0369","1410","1048","631","417","104","1152","1945","0","59.23","32.44"
"65","000","00","003","0370","0000","2100","1336","764","145","2245","3950","0","56.84","33.82"
"65","000","00","003","0370","1411","749","459","290","58","807","1390","0","58.06","33.02"
"65","000","00","003","0370","1412","632","371","261","29","661","1161","0","56.93","31.96"
"65","000","00","003","0370","1413","719","506","213","58","777","1399","0","55.54","36.17"
"65","000","00","003","0371","0000","1839","1071","768","137","1976","3453","0","57.23","31.02"
"65","000","00","003","0371","1414","549","305","244","33","582","1070","0","54.39","28.5"
"65","000","00","003","0371","1415","599","330","269","28","627","1169","0","53.64","28.23"
"65","000","00","003","0371","1416","691","436","255","76","767","1214","0","63.18","35.91"
"65","000","00","003","0372","0000","1880","1205","675","128","2008","3371","0","59.57","35.75"
"65","000","00","003","0372","1471","599","379","220","46","645","1150","0","56.09","32.96"
"65","000","00","003","0372","1472","663","439","224","35","698","1154","0","60.49","38.04"
"65","000","00","003","0372","1473","618","387","231","47","665","1067","0","62.32","36.27"
"65","000","00","003","0373","0000","2869","1767","1102","172","3041","5742","0","52.96","30.77"
"65","000","00","003","0373","1245","914","576","338","61","975","1789","0","54.5","32.2"
"65","000","00","003","0373","1246","1040","644","396","53","1093","2000","0","54.65","32.2"
"65","000","00","003","0373","1247","915","547","368","58","973","1953","0","49.82","28.01"
"65","000","00","003","0374","0000","903","560","343","68","971","1712","0","56.72","32.71"
"65","000","00","003","0374","1433","903","560","343","68","971","1712","0","56.72","32.71"
"65","000","00","003","0375","0000","1988","962","1026","178","2166","3955","0","54.77","24.32"
"65","000","00","003","0375","1438","960","330","630","80","1040","1953","0","53.25","16.9"
"65","000","00","003","0375","1439","1028","632","396","98","1126","2002","0","56.24","31.57"
"65","000","00","003","0376","0000","1332","772","560","135","1467","2402","0","61.07","32.14"
"65","000","00","003","0376","1454","729","403","326","66","795","1323","0","60.09","30.46"
"65","000","00","003","0376","1455","603","369","234","69","672","1079","0","62.28","34.2"
"65","000","00","003","0377","0000","1157","687","470","79","1236","2260","0","54.69","30.4"
"65","000","00","003","0377","1469","586","376","210","43","629","1089","0","57.76","34.53"
"65","000","00","003","0377","1470","571","311","260","36","607","1171","0","51.84","26.56"
"65","000","00","003","0378","0000","1293","790","503","129","1422","2828","0","50.28","27.93"
"65","000","00","003","0378","1323","635","376","259","73","708","1454","0","48.69","25.86"
"65","000","00","003","0378","1324","658","414","244","56","714","1374","0","51.97","30.13"
"65","000","00","003","0379","0000","1105","683","422","143","1248","1970","0","63.35","34.67"
"65","000","00","003","0379","1327","525","317","208","75","600","920","0","65.22","34.46"
"65","000","00","003","0379","1328","580","366","214","68","648","1050","0","61.71","34.86"
"65","000","00","003","0380","0000","1794","1069","725","148","1942","3817","0","50.88","28.01"
"65","000","00","003","0380","1335","906","534","372","54","960","1916","0","50.1","27.87"
"65","000","00","003","0380","1336","888","535","353","94","982","1901","0","51.66","28.14"
"65","000","00","003","0381","0000","3051","1893","1158","230","3281","5946","0","55.18","31.84"
"65","000","00","003","0381","1340","696","461","235","44","740","1507","0","49.1","30.59"
"65","000","00","003","0381","1341","790","485","305","26","816","1519","0","53.72","31.93"
"65","000","00","003","0381","1342","781","476","305","62","843","1467","0","57.46","32.45"
"65","000","00","003","0381","1343","784","471","313","98","882","1453","0","60.7","32.42"
"65","000","00","003","0382","0000","1444","906","538","111","1555","2666","0","58.33","33.98"
"65","000","00","003","0382","1344","770","496","274","54","824","1364","0","60.41","36.36"
"65","000","00","003","0382","1345","674","410","264","57","731","1302","0","56.14","31.49"
"65","000","00","003","0383","0000","1284","774","510","114","1398","2421","0","57.74","31.97"
"65","000","00","003","0383","1298","549","321","228","49","598","1034","0","57.83","31.04"
"65","000","00","003","0383","1299","735","453","282","65","800","1387","0","57.68","32.66"
"65","000","00","003","0384","0000","1795","1091","704","181","1976","3737","0","52.88","29.19"
"65","000","00","003","0384","1300","1054","661","393","116","1170","2067","0","56.6","31.98"
"65","000","00","003","0384","1301","741","430","311","65","806","1670","0","48.26","25.75"
"65","000","00","003","0385","0000","2069","1199","870","182","2251","3771","0","59.69","31.8"
"65","000","00","003","0385","1417","758","452","306","69","827","1398","0","59.16","32.33"
"65","000","00","003","0385","1418","556","308","248","52","608","1049","0","57.96","29.36"
"65","000","00","003","0385","1419","755","439","316","61","816","1324","0","61.63","33.16"
"65","000","00","003","0386","0000","1538","891","647","161","1699","3474","0","48.91","25.65"
"65","000","00","003","0386","1420","759","467","292","60","819","1765","0","46.4","26.46"
"65","000","00","003","0386","1421","779","424","355","101","880","1709","0","51.49","24.81"
"65","000","00","003","0387","0000","1303","796","507","167","1470","2504","0","58.71","31.79"
"65","000","00","003","0387","1422","609","357","252","87","696","1186","0","58.68","30.1"
"65","000","00","003","0387","1423","694","439","255","80","774","1318","0","58.73","33.31"
"65","000","00","003","0388","0000","1428","889","539","156","1584","3067","0","51.65","28.99"
"65","000","00","003","0388","1424","777","488","289","79","856","1430","0","59.86","34.13"
"65","000","00","003","0388","1425","651","401","250","77","728","1637","0","44.47","24.5"
"65","000","00","003","0389","0000","2014","1150","864","210","2224","3894","0","57.11","29.53"
"65","000","00","003","0389","1426","634","373","261","76","710","1283","0","55.34","29.07"
"65","000","00","003","0389","1427","678","356","322","69","747","1310","0","57.02","27.18"
"65","000","00","003","0389","1428","702","421","281","65","767","1301","0","58.95","32.36"
"65","000","00","003","0390","0000","1584","920","664","167","1751","3065","0","57.13","30.02"
"65","000","00","003","0390","1429","861","493","368","99","960","1681","0","57.11","29.33"
"65","000","00","003","0390","1430","723","427","296","68","791","1384","0","57.15","30.85"
"65","000","00","003","0391","0000","1364","784","580","83","1447","2966","0","48.79","26.43"
"65","000","00","003","0391","1431","604","339","265","80","684","1187","0","57.62","28.56"
"65","000","00","003","0391","1432","760","445","315","3","763","1779","0","42.89","25.01"
"65","000","00","003","0392","0000","1629","974","655","171","1800","3199","0","56.27","30.45"
"65","000","00","003","0392","1302","590","357","233","74","664","1166","0","56.95","30.62"
"65","000","00","003","0392","1303","526","325","201","47","573","963","0","59.5","33.75"
"65","000","00","003","0392","1304","513","292","221","50","563","1070","0","52.62","27.29"
"65","000","00","003","0393","0000","1356","794","562","108","1464","2597","0","56.37","30.57"
"65","000","00","003","0393","1243","628","361","267","51","679","1254","0","54.15","28.79"
"65","000","00","003","0393","1244","728","433","295","57","785","1343","0","58.45","32.24"
"65","000","00","004","0000","0000","102338","62766","39572","8109","110447","187798","221123","58.81","33.42"
"65","000","00","004","0401","0000","1495","934","561","133","1628","3012","0","54.05","31.01"
"65","000","00","004","0401","1486","760","465","295","68","828","1568","0","52.81","29.66"
"65","000","00","004","0401","1487","735","469","266","65","800","1444","0","55.4","32.48"
"65","000","00","004","0402","0000","1390","851","539","88","1478","2535","0","58.3","33.57"
"65","000","00","004","0402","1601","692","441","251","41","733","1189","0","61.65","37.09"
"65","000","00","004","0402","1602","698","410","288","47","745","1346","0","55.35","30.46"
"65","000","00","004","0403","0000","1601","1027","574","98","1699","4440","0","38.27","23.13"
"65","000","00","004","0403","1495","811","542","269","61","872","1598","0","54.57","33.92"
"65","000","00","004","0403","1496","790","485","305","37","827","2842","0","29.1","17.07"
"65","000","00","004","0404","0000","1603","962","641","113","1716","2710","0","63.32","35.5"
"65","000","00","004","0404","1497","728","430","298","62","790","1261","0","62.65","34.1"
"65","000","00","004","0404","1498","875","532","343","51","926","1449","0","63.91","36.71"
"65","000","00","004","0405","0000","1387","829","558","117","1504","2418","0","62.2","34.28"
"65","000","00","004","0405","1599","668","390","278","51","719","1155","0","62.25","33.77"
"65","000","00","004","0405","1600","719","439","280","66","785","1263","0","62.15","34.76"
"65","000","00","004","0406","0000","1673","975","698","84","1757","3034","0","57.91","32.14"
"65","000","00","004","0406","1505","864","509","355","24","888","1566","0","56.7","32.5"
"65","000","00","004","0406","1506","809","466","343","60","869","1468","0","59.2","31.74"
"65","000","00","004","0407","0000","1466","879","587","106","1572","2486","0","63.23","35.36"
"65","000","00","004","0407","1507","806","494","312","55","861","1305","0","65.98","37.85"
"65","000","00","004","0407","1508","660","385","275","51","711","1181","0","60.2","32.6"
"65","000","00","004","0408","0000","1218","710","508","167","1385","2537","0","54.59","27.99"
"65","000","00","004","0408","1543","513","267","246","104","617","1234","0","50.0","21.64"
"65","000","00","004","0408","1544","705","443","262","63","768","1303","0","58.94","34.0"
"65","000","00","004","0409","0000","388","232","156","40","428","893","0","47.93","25.98"
"65","000","00","004","0409","1597","388","232","156","40","428","893","0","47.93","25.98"
"65","000","00","004","0410","0000","403","236","167","33","436","743","0","58.68","31.76"
"65","000","00","004","0410","1598","403","236","167","33","436","743","0","58.68","31.76"
"65","000","00","004","0411","0000","2186","1415","771","212","2398","4189","0","57.25","33.78"
"65","000","00","004","0411","1514","785","511","274","72","857","1488","0","57.59","34.34"
"65","000","00","004","0411","1515","710","449","261","87","797","1288","0","61.88","34.86"
"65","000","00","004","0411","1516","691","455","236","53","744","1413","0","52.65","32.2"
"65","000","00","004","0412","0000","1726","1058","668","166","1892","3289","0","57.53","32.17"
"65","000","00","004","0412","1527","898","550","348","88","986","1798","0","54.84","30.59"
"65","000","00","004","0412","1528","828","508","320","78","906","1491","0","60.76","34.07"
"65","000","00","004","0413","0000","3544","2206","1338","249","3793","6230","0","60.88","35.41"
"65","000","00","004","0413","1582","846","494","352","79","925","1598","0","57.88","30.91"
"65","000","00","004","0413","1583","917","593","324","59","976","1609","0","60.66","36.86"
"65","000","00","004","0413","1584","803","495","308","51","854","1375","0","62.11","36.0"
"65","000","00","004","0413","1585","978","624","354","60","1038","1648","0","62.99","37.86"
"65","000","00","004","0414","0000","2376","1428","948","179","2555","4535","0","56.34","31.49"
"65","000","00","004","0414","1579","834","516","318","69","903","1586","0","56.94","32.53"
"65","000","00","004","0414","1580","683","424","259","33","716","1313","0","54.53","32.29"
"65","000","00","004","0414","1581","859","488","371","77","936","1636","0","57.21","29.83"
"65","000","00","004","0415","0000","2132","1253","879","147","2279","3628","0","62.82","34.54"
"65","000","00","004","0415","1558","693","426","267","54","747","1209","0","61.79","35.24"
"65","000","00","004","0415","1559","672","374","298","39","711","1132","0","62.81","33.04"
"65","000","00","004","0415","1560","767","453","314","54","821","1287","0","63.79","35.2"
"65","000","00","004","0416","0000","2365","1493","872","145","2510","4081","0","61.5","36.58"
"65","000","00","004","0416","1520","692","418","274","53","745","1100","0","67.73","38.0"
"65","000","00","004","0416","1521","890","559","331","63","953","1545","0","61.68","36.18"
"65","000","00","004","0416","1522","783","516","267","29","812","1436","0","56.55","35.93"
"65","000","00","004","0417","0000","2169","1363","806","171","2340","3877","0","60.36","35.16"
"65","000","00","004","0417","1517","713","468","245","60","773","1329","0","58.16","35.21"
"65","000","00","004","0417","1518","848","556","292","52","900","1436","0","62.67","38.72"
"65","000","00","004","0417","1519","608","339","269","59","667","1112","0","59.98","30.49"
"65","000","00","004","0418","0000","1433","701","732","150","1583","2704","0","58.54","25.92"
"65","000","00","004","0418","1489","661","252","409","67","728","1188","0","61.28","21.21"
"65","000","00","004","0418","1490","772","449","323","83","855","1516","0","56.4","29.62"
"65","000","00","004","0419","0000","574","316","258","51","625","1140","0","54.82","27.72"
"65","000","00","004","0419","1488","574","316","258","51","625","1140","0","54.82","27.72"
"65","000","00","004","0420","0000","2000","1223","777","157","2157","3493","0","61.75","35.01"
"65","000","00","004","0420","1523","1001","630","371","75","1076","1731","0","62.16","36.4"
"65","000","00","004","0420","1524","999","593","406","82","1081","1762","0","61.35","33.65"
"65","000","00","004","0421","0000","1285","748","537","91","1376","2617","0","52.58","28.58"
"65","000","00","004","0421","1525","682","369","313","63","745","1320","0","56.44","27.95"
"65","000","00","004","0421","1526","603","379","224","28","631","1297","0","48.65","29.22"
"65","000","00","004","0422","0000","946","535","411","78","1024","1783","0","57.43","30.01"
"65","000","00","004","0422","1606","447","273","174","35","482","879","0","54.84","31.06"
"65","000","00","004","0422","1607","499","262","237","43","542","904","0","59.96","28.98"
"65","000","00","004","0423","0000","1732","1105","627","133","1865","3314","0","56.28","33.34"
"65","000","00","004","0423","1480","907","571","336","64","971","1733","0","56.03","32.95"
"65","000","00","004","0423","1481","825","534","291","69","894","1581","0","56.55","33.78"
"65","000","00","004","0424","0000","1958","1204","754","166","2124","3452","0","61.53","34.88"
"65","000","00","004","0424","1568","1045","658","387","77","1122","1876","0","59.81","35.07"
"65","000","00","004","0424","1569","913","546","367","89","1002","1576","0","63.58","34.64"
"65","000","00","004","0425","0000","1898","1139","759","116","2014","3469","0","58.06","32.83"
"65","000","00","004","0425","1570","925","539","386","71","996","1661","0","59.96","32.45"
"65","000","00","004","0425","1571","973","600","373","45","1018","1808","0","56.31","33.19"
"65","000","00","004","0426","0000","2023","1233","790","213","2236","3547","0","63.04","34.76"
"65","000","00","004","0426","1563","703","443","260","60","763","1222","0","62.44","36.25"
"65","000","00","004","0426","1564","628","388","240","80","708","1157","0","61.19","33.54"
"65","000","00","004","0426","1565","692","402","290","73","765","1168","0","65.5","34.42"
"65","000","00","004","0427","0000","1433","847","586","122","1555","2655","0","58.57","31.9"
"65","000","00","004","0427","1566","676","393","283","75","751","1283","0","58.53","30.63"
"65","000","00","004","0427","1567","757","454","303","47","804","1372","0","58.6","33.09"
"65","000","00","004","0428","0000","1602","1000","602","127","1729","2979","0","58.04","33.57"
"65","000","00","004","0428","1610","814","522","292","60","874","1551","0","56.35","33.66"
"65","000","00","004","0428","1611","788","478","310","67","855","1428","0","59.87","33.47"
"65","000","00","004","0429","0000","1194","675","519","111","1305","2239","0","58.28","30.15"
"65","000","00","004","0429","1608","709","440","269","63","772","1221","0","63.23","36.04"
"65","000","00","004","0429","1609","485","235","250","48","533","1018","0","52.36","23.08"
"65","000","00","004","0430","0000","2212","1391","821","105","2317","3932","0","58.93","35.38"
"65","000","00","004","0430","1551","704","442","262","23","727","1210","0","60.08","36.53"
"65","000","00","004","0430","1552","886","553","333","45","931","1630","0","57.12","33.93"
"65","000","00","004","0430","1553","622","396","226","37","659","1092","0","60.35","36.26"
"65","000","00","004","0431","0000","2398","1487","911","193","2591","4196","0","61.75","35.44"
"65","000","00","004","0431","1547","582","361","221","38","620","991","0","62.56","36.43"
"65","000","00","004","0431","1548","598","372","226","51","649","1016","0","63.88","36.61"
"65","000","00","004","0431","1549","632","410","222","62","694","1146","0","60.56","35.78"
"65","000","00","004","0431","1550","586","344","242","42","628","1043","0","60.21","32.98"
"65","000","00","004","0432","0000","1351","826","525","103","1454","2334","0","62.3","35.39"
"65","000","00","004","0432","1556","594","355","239","54","648","1049","0","61.77","33.84"
"65","000","00","004","0432","1557","757","471","286","49","806","1285","0","62.72","36.65"
"65","000","00","004","0433","0000","2242","1344","898","200","2442","4225","0","57.8","31.81"
"65","000","00","004","0433","1576","645","406","239","46","691","1177","0","58.71","34.49"
"65","000","00","004","0433","1577","827","489","338","94","921","1557","0","59.15","31.41"
"65","000","00","004","0433","1578","770","449","321","60","830","1491","0","55.67","30.11"
"65","000","00","004","0434","0000","1747","1096","651","152","1899","3434","0","55.3","31.92"
"65","000","00","004","0434","1536","883","543","340","80","963","1713","0","56.22","31.7"
"65","000","00","004","0434","1537","864","553","311","72","936","1721","0","54.39","32.13"
"65","000","00","004","0435","0000","2516","1590","926","173","2689","4177","0","64.38","38.07"
"65","000","00","004","0435","1540","797","477","320","54","851","1348","0","63.13","35.39"
"65","000","00","004","0435","1541","975","665","310","47","1022","1461","0","69.95","45.52"
"65","000","00","004","0435","1542","744","448","296","72","816","1368","0","59.65","32.75"
"65","000","00","004","0436","0000","830","497","333","87","917","1554","0","59.01","31.98"
"65","000","00","004","0436","1476","830","497","333","87","917","1554","0","59.01","31.98"
"65","000","00","004","0437","0000","1175","767","408","130","1305","2107","0","61.94","36.4"
"65","000","00","004","0437","1478","490","302","188","55","545","854","0","63.82","35.36"
"65","000","00","004","0437","1479","685","465","220","75","760","1253","0","60.65","37.11"
"65","000","00","004","0438","0000","2554","1696","858","166","2720","4561","0","59.64","37.18"
"65","000","00","004","0438","1499","836","521","315","56","892","1511","0","59.03","34.48"
"65","000","00","004","0438","1500","868","546","322","52","920","1470","0","62.59","37.14"
"65","000","00","004","0438","1501","850","629","221","58","908","1580","0","57.47","39.81"
"65","000","00","004","0439","0000","2227","1368","859","136","2363","3789","0","62.36","36.1"
"65","000","00","004","0439","1502","835","510","325","68","903","1438","0","62.8","35.47"
"65","000","00","004","0439","1503","777","482","295","39","816","1305","0","62.53","36.93"
"65","000","00","004","0439","1504","615","376","239","29","644","1046","0","61.57","35.95"
"65","000","00","004","0440","0000","1571","1002","569","122","1693","2938","0","57.62","34.1"
"65","000","00","004","0440","1545","780","510","270","44","824","1516","0","54.35","33.64"
"65","000","00","004","0440","1546","791","492","299","78","869","1422","0","61.11","34.6"
"65","000","00","004","0441","0000","369","216","153","58","427","768","0","55.6","28.13"
"65","000","00","004","0441","1596","369","216","153","58","427","768","0","55.6","28.13"
"65","000","00","004","0442","0000","478","298","180","48","526","853","0","61.66","34.94"
"65","000","00","004","0442","1595","478","298","180","48","526","853","0","61.66","34.94"
"65","000","00","004","0443","0000","993","621","372","73","1066","1898","0","56.16","32.72"
"65","000","00","004","0443","1572","993","621","372","73","1066","1898","0","56.16","32.72"
"65","000","00","004","0444","0000","2365","1451","914","211","2576","4271","0","60.31","33.97"
"65","000","00","004","0444","1573","863","550","313","64","927","1508","0","61.47","36.47"
"65","000","00","004","0444","1574","741","448","293","77","818","1341","0","61.0","33.41"
"65","000","00","004","0444","1575","761","453","308","70","831","1422","0","58.44","31.86"
"65","000","00","004","0445","0000","1133","716","417","122","1255","2011","0","62.41","35.6"
"65","000","00","004","0445","1612","586","365","221","61","647","1044","0","61.97","34.96"
"65","000","00","004","0445","1613","547","351","196","61","608","967","0","62.87","36.3"
"65","000","00","004","0446","0000","1916","1165","751","158","2074","3545","0","58.5","32.86"
"65","000","00","004","0446","1593","1011","612","399","100","1111","1938","0","57.33","31.58"
"65","000","00","004","0446","1594","905","553","352","58","963","1607","0","59.93","34.41"
"65","000","00","004","0447","0000","2392","1455","937","244","2636","4361","0","60.44","33.36"
"65","000","00","004","0447","1511","822","509","313","148","970","1649","0","58.82","30.87"
"65","000","00","004","0447","1512","705","395","310","49","754","1206","0","62.52","32.75"
"65","000","00","004","0447","1513","865","551","314","47","912","1506","0","60.56","36.59"
"65","000","00","004","0448","0000","1505","916","589","111","1616","2823","0","57.24","32.45"
"65","000","00","004","0448","1509","862","557","305","72","934","1720","0","54.3","32.38"
"65","000","00","004","0448","1510","643","359","284","39","682","1103","0","61.83","32.55"
"65","000","00","004","0449","0000","1887","1145","742","174","2061","3465","0","59.48","33.04"
"65","000","00","004","0449","1533","569","346","223","37","606","1115","0","54.35","31.03"
"65","000","00","004","0449","1534","656","376","280","71","727","1133","0","64.17","33.19"
"65","000","00","004","0449","1535","662","423","239","66","728","1217","0","59.82","34.76"
"65","000","00","004","0450","0000","1267","803","464","104","1371","2331","0","58.82","34.45"
"65","000","00","004","0450","1529","670","430","240","32","702","1223","0","57.4","35.16"
"65","000","00","004","0450","1530","597","373","224","72","669","1108","0","60.38","33.66"
"65","000","00","004","0451","0000","1686","1086","600","129","1815","3104","0","58.47","34.99"
"65","000","00","004","0451","1484","913","579","334","73","986","1650","0","59.76","35.09"
"65","000","00","004","0451","1485","773","507","266","56","829","1454","0","57.02","34.87"
"65","000","00","004","0452","0000","576","366","210","27","603","1065","0","56.62","34.37"
"65","000","00","004","0452","1477","576","366","210","27","603","1065","0","56.62","34.37"
"65","000","00","004","0453","0000","1113","676","437","91","1204","2025","0","59.46","33.38"
"65","000","00","004","0453","1493","605","364","241","48","653","1084","0","60.24","33.58"
"65","000","00","004","0453","1494","508","312","196","43","551","941","0","58.55","33.16"
"65","000","00","004","0454","0000","1467","917","550","129","1596","2835","0","56.3","32.35"
"65","000","00","004","0454","1491","705","447","258","75","780","1397","0","55.83","32.0"
"65","000","00","004","0454","1492","762","470","292","54","816","1438","0","56.75","32.68"
"65","000","00","004","0455","0000","1689","1070","619","133","1822","3298","0","55.25","32.44"
"65","000","00","004","0455","1482","873","567","306","89","962","1735","0","55.45","32.68"
"65","000","00","004","0455","1483","816","503","313","44","860","1563","0","55.02","32.18"
"65","000","00","004","0456","0000","1994","1235","759","120","2114","3653","0","57.87","33.81"
"65","000","00","004","0456","1554","1031","617","414","75","1106","1872","0","59.08","32.96"
"65","000","00","004","0456","1555","963","618","345","45","1008","1781","0","56.6","34.7"
"65","000","00","004","0457","0000","1289","812","477","104","1393","2411","0","57.78","33.68"
"65","000","00","004","0457","1603","714","458","256","61","775","1368","0","56.65","33.48"
"65","000","00","004","0457","1604","575","354","221","43","618","1043","0","59.25","33.94"
"65","000","00","004","0458","0000","963","557","406","68","1031","1709","0","60.33","32.59"
"65","000","00","004","0458","1605","963","557","406","68","1031","1709","0","60.33","32.59"
"65","000","00","004","0459","0000","1409","857","552","122","1531","2584","0","59.25","33.17"
"65","000","00","004","0459","1538","673","406","267","77","750","1327","0","56.52","30.6"
"65","000","00","004","0459","1539","736","451","285","45","781","1257","0","62.13","35.88"
"65","000","00","004","0460","0000","1493","875","618","136","1629","2673","0","60.94","32.73"
"65","000","00","004","0460","1531","791","456","335","70","861","1408","0","61.15","32.39"
"65","000","00","004","0460","1532","702","419","283","66","768","1265","0","60.71","33.12"
"65","000","00","004","0461","0000","1265","740","525","119","1384","2166","0","63.9","34.16"
"65","000","00","004","0461","1561","612","350","262","60","672","1068","0","62.92","32.77"
"65","000","00","004","0461","1562","653","390","263","59","712","1098","0","64.85","35.52"
"65","000","00","004","0462","0000","5066","3148","1918","298","5364","8673","0","61.85","36.3"
"65","000","00","004","0462","1586","587","332","255","59","646","1077","0","59.98","30.83"
"65","000","00","004","0462","1587","652","394","258","56","708","1157","0","61.19","34.05"
"65","000","00","004","0462","1588","814","506","308","40","854","1339","0","63.78","37.79"
"65","000","00","004","0462","1589","764","479","285","35","799","1306","0","61.18","36.68"
"65","000","00","004","0462","1590","749","476","273","37","786","1236","0","63.59","38.51"
"65","000","00","004","0462","1591","671","428","243","35","706","1133","0","62.31","37.78"
"65","000","00","004","0462","1592","829","533","296","36","865","1425","0","60.7","37.4"
"65","000","00","005","0000","0000","177944","103947","73997","17707","195651","344981","417405","56.71","30.13"
"65","000","00","005","0501","0000","2608","1457","1151","324","2932","4792","0","61.19","30.4"
"65","000","00","005","0501","0302","574","336","238","87","661","1123","0","58.86","29.92"
"65","000","00","005","0501","0303","693","383","310","83","776","1278","0","60.72","29.97"
"65","000","00","005","0501","0304","656","352","304","82","738","1163","0","63.46","30.27"
"65","000","00","005","0501","0305","685","386","299","72","757","1228","0","61.64","31.43"
"65","000","00","005","0502","0000","3639","2133","1506","278","3917","7166","0","54.66","29.77"
"65","000","00","005","0502","0328","646","380","266","42","688","1382","0","49.78","27.5"
"65","000","00","005","0502","0329","753","429","324","72","825","1475","0","55.93","29.08"
"65","000","00","005","0502","0330","800","497","303","30","830","1462","0","56.77","33.99"
"65","000","00","005","0502","0331","725","415","310","59","784","1426","0","54.98","29.1"
"65","000","00","005","0502","0332","715","412","303","75","790","1421","0","55.59","28.99"
"65","000","00","005","0503","0000","638","374","264","118","756","1341","0","56.38","27.89"
"65","000","00","005","0503","0449","638","374","264","118","756","1341","0","56.38","27.89"
"65","000","00","005","0504","0000","2135","1156","979","216","2351","3923","0","59.93","29.47"
"65","000","00","005","0504","0306","649","345","304","62","711","1211","0","58.71","28.49"
"65","000","00","005","0504","0307","626","318","308","75","701","1176","0","59.61","27.04"
"65","000","00","005","0504","0308","860","493","367","79","939","1536","0","61.13","32.1"
"65","000","00","005","0505","0000","2025","1172","853","121","2146","3872","0","55.42","30.27"
"65","000","00","005","0505","0333","789","485","304","35","824","1536","0","53.65","31.58"
"65","000","00","005","0505","0334","853","490","363","68","921","1587","0","58.03","30.88"
"65","000","00","005","0505","0335","383","197","186","18","401","749","0","53.54","26.3"
"65","000","00","005","0506","0000","1780","994","786","211","1991","3313","0","60.1","30.0"
"65","000","00","005","0506","0446","590","353","237","70","660","1107","0","59.62","31.89"
"65","000","00","005","0506","0447","592","336","256","66","658","1063","0","61.9","31.61"
"65","000","00","005","0506","0448","598","305","293","75","673","1143","0","58.88","26.68"
"65","000","00","005","0507","0000","2240","1341","899","217","2457","4240","0","57.95","31.63"
"65","000","00","005","0507","0312","678","408","270","92","770","1353","0","56.91","30.16"
"65","000","00","005","0507","0313","801","471","330","76","877","1409","0","62.24","33.43"
"65","000","00","005","0507","0314","761","462","299","49","810","1478","0","54.8","31.26"
"65","000","00","005","0508","0000","2003","1184","819","280","2283","3930","0","58.09","30.13"
"65","000","00","005","0508","0383","693","408","285","93","786","1342","0","58.57","30.4"
"65","000","00","005","0508","0384","687","391","296","92","779","1341","0","58.09","29.16"
"65","000","00","005","0508","0385","623","385","238","95","718","1247","0","57.58","30.87"
"65","000","00","005","0509","0000","3242","1888","1354","270","3512","6296","0","55.78","29.99"
"65","000","00","005","0509","0501","772","467","305","58","830","1539","0","53.93","30.34"
"65","000","00","005","0509","0502","831","457","374","52","883","1586","0","55.67","28.81"
"65","000","00","005","0509","0503","856","514","342","85","941","1631","0","57.69","31.51"
"65","000","00","005","0509","0504","783","450","333","75","858","1540","0","55.71","29.22"
"65","000","00","005","0510","0000","1044","614","430","142","1186","1892","0","62.68","32.45"
"65","000","00","005","0510","0315","493","278","215","82","575","921","0","62.43","30.18"
"65","000","00","005","0510","0316","551","336","215","60","611","971","0","62.92","34.6"
"65","000","00","005","0511","0000","2708","1508","1200","285","2993","5088","0","58.82","29.64"
"65","000","00","005","0511","0379","667","346","321","68","735","1167","0","62.98","29.65"
"65","000","00","005","0511","0380","645","375","270","82","727","1299","0","55.97","28.87"
"65","000","00","005","0511","0381","645","331","314","56","701","1207","0","58.08","27.42"
"65","000","00","005","0511","0382","751","456","295","79","830","1415","0","58.66","32.23"
"65","000","00","005","0512","0000","1347","771","576","153","1500","2771","0","54.13","27.82"
"65","000","00","005","0512","0518","650","372","278","72","722","1371","0","52.66","27.13"
"65","000","00","005","0512","0519","697","399","298","81","778","1400","0","55.57","28.5"
"65","000","00","005","0513","0000","1624","972","652","148","1772","3070","0","57.72","31.66"
"65","000","00","005","0513","0319","360","198","162","52","412","697","0","59.11","28.41"
"65","000","00","005","0513","0320","669","415","254","45","714","1235","0","57.81","33.6"
"65","000","00","005","0513","0321","595","359","236","51","646","1138","0","56.77","31.55"
"65","000","00","005","0514","0000","2191","1242","949","237","2428","4068","0","59.69","30.53"
"65","000","00","005","0514","0390","720","405","315","54","774","1346","0","57.5","30.09"
"65","000","00","005","0514","0391","735","418","317","85","820","1372","0","59.77","30.47"
"65","000","00","005","0514","0392","736","419","317","98","834","1350","0","61.78","31.04"
"65","000","00","005","0515","0000","4966","2871","2095","399","5365","9838","0","54.53","29.18"
"65","000","00","005","0515","0547","626","368","258","53","679","1126","0","60.3","32.68"
"65","000","00","005","0515","0548","662","376","286","61","723","1240","0","58.31","30.32"
"65","000","00","005","0515","0549","778","472","306","53","831","1460","0","56.92","32.33"
"65","000","00","005","0515","0550","545","316","229","57","602","1072","0","56.16","29.48"
"65","000","00","005","0515","0551","528","304","224","63","591","1127","0","52.44","26.97"
"65","000","00","005","0515","0552","713","411","302","52","765","1332","0","57.43","30.86"
"65","000","00","005","0515","0553","657","372","285","31","688","1341","0","51.3","27.74"
"65","000","00","005","0515","0554","457","252","205","29","486","1140","0","42.63","22.11"
"65","000","00","005","0516","0000","1290","748","542","104","1394","4462","0","31.24","16.76"
"65","000","00","005","0516","0322","514","288","226","38","552","1063","0","51.93","27.09"
"65","000","00","005","0516","0323","776","460","316","66","842","3399","0","24.77","13.53"
"65","000","00","005","0517","0000","2003","1237","766","260","2263","3947","0","57.33","31.34"
"65","000","00","005","0517","0393","647","434","213","77","724","1307","0","55.39","33.21"
"65","000","00","005","0517","0394","670","397","273","107","777","1353","0","57.43","29.34"
"65","000","00","005","0517","0395","686","406","280","76","762","1287","0","59.21","31.55"
"65","000","00","005","0518","0000","2780","1617","1163","249","3029","5155","0","58.76","31.37"
"65","000","00","005","0518","0452","697","402","295","53","750","1309","0","57.3","30.71"
"65","000","00","005","0518","0453","645","345","300","71","716","1216","0","58.88","28.37"
"65","000","00","005","0518","0454","663","393","270","26","689","1278","0","53.91","30.75"
"65","000","00","005","0518","0455","775","477","298","99","874","1352","0","64.64","35.28"
"65","000","00","005","0519","0000","856","509","347","80","936","1575","0","59.43","32.32"
"65","000","00","005","0519","0324","856","509","347","80","936","1575","0","59.43","32.32"
"65","000","00","005","0520","0000","962","566","396","148","1110","1907","0","58.21","29.68"
"65","000","00","005","0520","0413","508","288","220","63","571","955","0","59.79","30.16"
"65","000","00","005","0520","0414","454","278","176","85","539","952","0","56.62","29.2"
"65","000","00","005","0521","0000","2871","1634","1237","382","3253","6100","0","53.33","26.79"
"65","000","00","005","0521","0485","721","396","325","106","827","1505","0","54.95","26.31"
"65","000","00","005","0521","0486","712","410","302","111","823","1527","0","53.9","26.85"
"65","000","00","005","0521","0487","714","396","318","68","782","1482","0","52.77","26.72"
"65","000","00","005","0521","0488","724","432","292","97","821","1586","0","51.77","27.24"
"65","000","00","005","0522","0000","924","543","381","78","1002","1615","0","62.04","33.62"
"65","000","00","005","0522","0325","924","543","381","78","1002","1615","0","62.04","33.62"
"65","000","00","005","0523","0000","2990","1716","1274","289","3279","5541","0","59.18","30.97"
"65","000","00","005","0523","0415","732","405","327","53","785","1412","0","55.59","28.68"
"65","000","00","005","0523","0416","740","417","323","84","824","1415","0","58.23","29.47"
"65","000","00","005","0523","0417","778","470","308","81","859","1421","0","60.45","33.08"
"65","000","00","005","0523","0418","740","424","316","71","811","1293","0","62.72","32.79"
"65","000","00","005","0524","0000","1090","652","438","145","1235","2161","0","57.15","30.17"
"65","000","00","005","0524","0491","545","324","221","67","612","1090","0","56.15","29.72"
"65","000","00","005","0524","0492","545","328","217","78","623","1071","0","58.17","30.63"
"65","000","00","005","0525","0000","2337","1351","986","271","2608","4748","0","54.93","28.45"
"65","000","00","005","0525","0371","788","457","331","97","885","1571","0","56.33","29.09"
"65","000","00","005","0525","0372","769","449","320","91","860","1594","0","53.95","28.17"
"65","000","00","005","0525","0373","780","445","335","83","863","1583","0","54.52","28.11"
"65","000","00","005","0526","0000","1179","760","419","104","1283","2027","0","63.3","37.49"
"65","000","00","005","0526","0386","608","399","209","40","648","984","0","65.85","40.55"
"65","000","00","005","0526","0387","571","361","210","64","635","1043","0","60.88","34.61"
"65","000","00","005","0527","0000","2423","1365","1058","247","2670","4704","0","56.76","29.02"
"65","000","00","005","0527","0508","577","342","235","57","634","1181","0","53.68","28.96"
"65","000","00","005","0527","0509","583","318","265","76","659","1135","0","58.06","28.02"
"65","000","00","005","0527","0510","608","334","274","65","673","1173","0","57.37","28.47"
"65","000","00","005","0527","0511","655","371","284","49","704","1215","0","57.94","30.53"
"65","000","00","005","0528","0000","1133","659","474","219","1352","2406","0","56.19","27.39"
"65","000","00","005","0528","0362","532","301","231","100","632","1170","0","54.02","25.73"
"65","000","00","005","0528","0363","601","358","243","119","720","1236","0","58.25","28.96"
"65","000","00","005","0529","0000","1337","787","550","107","1444","2320","0","62.24","33.92"
"65","000","00","005","0529","0388","702","429","273","52","754","1135","0","66.43","37.8"
"65","000","00","005","0529","0389","635","358","277","55","690","1185","0","58.23","30.21"
"65","000","00","005","0530","0000","2397","1394","1003","326","2723","4728","0","57.59","29.48"
"65","000","00","005","0530","0353","777","445","332","139","916","1558","0","58.79","28.56"
"65","000","00","005","0530","0354","776","452","324","85","861","1567","0","54.95","28.84"
"65","000","00","005","0530","0355","844","497","347","102","946","1603","0","59.01","31.0"
"65","000","00","005","0531","0000","2465","1501","964","285","2750","4477","0","61.43","33.53"
"65","000","00","005","0531","0443","804","482","322","106","910","1535","0","59.28","31.4"
"65","000","00","005","0531","0444","846","516","330","83","929","1492","0","62.27","34.58"
"65","000","00","005","0531","0445","815","503","312","96","911","1450","0","62.83","34.69"
"65","000","00","005","0532","0000","2789","1664","1125","238","3027","5219","0","58.0","31.88"
"65","000","00","005","0532","0523","647","366","281","82","729","1318","0","55.31","27.77"
"65","000","00","005","0532","0524","761","453","308","70","831","1411","0","58.89","32.1"
"65","000","00","005","0532","0525","686","396","290","45","731","1262","0","57.92","31.38"
"65","000","00","005","0532","0526","695","449","246","41","736","1228","0","59.93","36.56"
"65","000","00","005","0533","0000","2053","1227","826","263","2316","4251","0","54.48","28.86"
"65","000","00","005","0533","0344","614","360","254","74","688","1351","0","50.93","26.65"
"65","000","00","005","0533","0345","693","422","271","101","794","1403","0","56.59","30.08"
"65","000","00","005","0533","0346","746","445","301","88","834","1497","0","55.71","29.73"
"65","000","00","005","0534","0000","1537","883","654","169","1706","3285","0","51.93","26.88"
"65","000","00","005","0534","0438","741","449","292","79","820","1633","0","50.21","27.5"
"65","000","00","005","0534","0439","796","434","362","90","886","1652","0","53.63","26.27"
"65","000","00","005","0535","0000","1217","729","488","161","1378","2670","0","51.61","27.3"
"65","000","00","005","0535","0529","622","379","243","81","703","1326","0","53.02","28.58"
"65","000","00","005","0535","0530","595","350","245","80","675","1344","0","50.22","26.04"
"65","000","00","005","0536","0000","1513","874","639","176","1689","3126","0","54.03","27.96"
"65","000","00","005","0536","0326","766","424","342","85","851","1612","0","52.79","26.3"
"65","000","00","005","0536","0327","747","450","297","91","838","1514","0","55.35","29.72"
"65","000","00","005","0537","0000","1917","1050","867","152","2069","3484","0","59.39","30.14"
"65","000","00","005","0537","0400","624","346","278","83","707","1148","0","61.59","30.14"
"65","000","00","005","0537","0401","625","340","285","14","639","1201","0","53.21","28.31"
"65","000","00","005","0537","0402","668","364","304","55","723","1135","0","63.7","32.07"
"65","000","00","005","0538","0000","3098","1850","1248","291","3389","6209","0","54.58","29.8"
"65","000","00","005","0538","0542","616","364","252","49","665","1245","0","53.41","29.24"
"65","000","00","005","0538","0543","580","349","231","59","639","1212","0","52.72","28.8"
"65","000","00","005","0538","0544","608","350","258","77","685","1253","0","54.67","27.93"
"65","000","00","005","0538","0545","607","357","250","69","676","1272","0","53.14","28.07"
"65","000","00","005","0538","0546","687","430","257","37","724","1227","0","59.01","35.04"
"65","000","00","005","0539","0000","2012","1207","805","211","2223","3713","0","59.87","32.51"
"65","000","00","005","0539","0374","704","424","280","59","763","1245","0","61.29","34.06"
"65","000","00","005","0539","0375","595","345","250","66","661","1203","0","54.95","28.68"
"65","000","00","005","0539","0376","713","438","275","86","799","1265","0","63.16","34.62"
"65","000","00","005","0540","0000","1088","618","470","93","1181","1990","0","59.35","31.06"
"65","000","00","005","0540","0458","440","249","191","29","469","881","0","53.23","28.26"
"65","000","00","005","0540","0459","648","369","279","64","712","1109","0","64.2","33.27"
"65","000","00","005","0541","0000","1991","1192","799","168","2159","3833","0","56.33","31.1"
"65","000","00","005","0541","0537","675","420","255","35","710","1301","0","54.57","32.28"
"65","000","00","005","0541","0538","654","393","261","72","726","1262","0","57.53","31.14"
"65","000","00","005","0541","0539","662","379","283","61","723","1270","0","56.93","29.84"
"65","000","00","005","0542","0000","1153","687","466","110","1263","2442","0","51.72","28.13"
"65","000","00","005","0542","0369","582","344","238","59","641","1225","0","52.33","28.08"
"65","000","00","005","0542","0370","571","343","228","51","622","1217","0","51.11","28.18"
"65","000","00","005","0543","0000","3739","2193","1546","338","4077","7475","0","54.54","29.34"
"65","000","00","005","0543","0460","652","389","263","65","717","1291","0","55.54","30.13"
"65","000","00","005","0543","0461","641","374","267","41","682","1293","0","52.75","28.92"
"65","000","00","005","0543","0462","713","424","289","77","790","1336","0","59.13","31.74"
"65","000","00","005","0543","0463","679","376","303","69","748","1384","0","54.05","27.17"
"65","000","00","005","0543","0464","574","353","221","34","608","1231","0","49.39","28.68"
"65","000","00","005","0543","0465","480","277","203","52","532","940","0","56.6","29.47"
"65","000","00","005","0544","0000","2100","1249","851","225","2325","4010","0","57.98","31.15"
"65","000","00","005","0544","0531","703","423","280","64","767","1355","0","56.61","31.22"
"65","000","00","005","0544","0532","656","391","265","103","759","1306","0","58.12","29.94"
"65","000","00","005","0544","0533","741","435","306","58","799","1349","0","59.23","32.25"
"65","000","00","005","0545","0000","2288","1293","995","279","2567","4756","0","53.97","27.19"
"65","000","00","005","0545","0366","864","485","379","59","923","1586","0","58.2","30.58"
"65","000","00","005","0545","0367","735","430","305","93","828","1597","0","51.85","26.93"
"65","000","00","005","0545","0368","689","378","311","127","816","1573","0","51.88","24.03"
"65","000","00","005","0546","0000","1982","1080","902","296","2278","4025","0","56.6","26.83"
"65","000","00","005","0546","0466","649","366","283","118","767","1369","0","56.03","26.73"
"65","000","00","005","0546","0467","677","357","320","95","772","1384","0","55.78","25.79"
"65","000","00","005","0546","0468","656","357","299","83","739","1272","0","58.1","28.07"
"65","000","00","005","0547","0000","1933","1146","787","259","2192","3876","0","56.55","29.57"
"65","000","00","005","0547","0347","667","402","265","107","774","1272","0","60.85","31.6"
"65","000","00","005","0547","0348","567","355","212","60","627","1269","0","49.41","27.97"
"65","000","00","005","0547","0349","699","389","310","92","791","1335","0","59.25","29.14"
"65","000","00","005","0548","0000","4793","2901","1892","362","5155","9217","0","55.93","31.47"
"65","000","00","005","0548","0471","812","491","321","28","840","1528","0","54.97","32.13"
"65","000","00","005","0548","0472","629","392","237","50","679","1244","0","54.58","31.51"
"65","000","00","005","0548","0473","662","400","262","67","729","1356","0","53.76","29.5"
"65","000","00","005","0548","0474","570","371","199","41","611","1164","0","52.49","31.87"
"65","000","00","005","0548","0475","748","441","307","92","840","1423","0","59.03","30.99"
"65","000","00","005","0548","0476","730","414","316","45","775","1250","0","62.0","33.12"
"65","000","00","005","0548","0477","642","392","250","39","681","1252","0","54.39","31.31"
"65","000","00","005","0549","0000","1093","636","457","145","1238","2200","0","56.27","28.91"
"65","000","00","005","0549","0364","511","305","206","76","587","1071","0","54.81","28.48"
"65","000","00","005","0549","0365","582","331","251","69","651","1129","0","57.66","29.32"
"65","000","00","005","0550","0000","4172","2459","1713","321","4493","7788","0","57.69","31.57"
"65","000","00","005","0550","0480","903","520","383","58","961","1646","0","58.38","31.59"
"65","000","00","005","0550","0481","796","457","339","75","871","1551","0","56.16","29.46"
"65","000","00","005","0550","0482","828","486","342","79","907","1526","0","59.44","31.85"
"65","000","00","005","0550","0483","802","480","322","52","854","1518","0","56.26","31.62"
"65","000","00","005","0550","0484","843","516","327","57","900","1547","0","58.18","33.35"
"65","000","00","005","0551","0000","1379","815","564","132","1511","2542","0","59.44","32.06"
"65","000","00","005","0551","0377","675","417","258","78","753","1255","0","60.0","33.23"
"65","000","00","005","0551","0378","704","398","306","54","758","1287","0","58.9","30.92"
"65","000","00","005","0552","0000","2020","1166","854","222","2242","4004","0","55.99","29.12"
"65","000","00","005","0552","0435","790","466","324","101","891","1584","0","56.25","29.42"
"65","000","00","005","0552","0436","812","481","331","55","867","1602","0","54.12","30.02"
"65","000","00","005","0552","0437","418","219","199","66","484","818","0","59.17","26.77"
"65","000","00","005","0553","0000","4724","2778","1946","424","5148","9369","0","54.95","29.65"
"65","000","00","005","0553","0429","730","423","307","88","818","1641","0","49.85","25.78"
"65","000","00","005","0553","0430","773","441","332","84","857","1633","0","52.48","27.01"
"65","000","00","005","0553","0431","821","487","334","41","862","1531","0","56.3","31.81"
"65","000","00","005","0553","0432","835","485","350","72","907","1517","0","59.79","31.97"
"65","000","00","005","0553","0433","750","438","312","70","820","1487","0","55.14","29.46"
"65","000","00","005","0553","0434","815","504","311","69","884","1560","0","56.67","32.31"
"65","000","00","005","0554","0000","3851","2346","1505","332","4183","7331","0","57.06","32.0"
"65","000","00","005","0554","0419","731","434","297","32","763","1475","0","51.73","29.42"
"65","000","00","005","0554","0420","731","465","266","87","818","1429","0","57.24","32.54"
"65","000","00","005","0554","0421","777","447","330","65","842","1481","0","56.85","30.18"
"65","000","00","005","0554","0422","803","516","287","89","892","1472","0","60.6","35.05"
"65","000","00","005","0554","0423","809","484","325","59","868","1474","0","58.89","32.84"
"65","000","00","005","0555","0000","1865","1070","795","243","2108","4163","0","50.64","25.7"
"65","000","00","005","0555","0505","640","353","287","59","699","1388","0","50.36","25.43"
"65","000","00","005","0555","0506","604","364","240","110","714","1388","0","51.44","26.22"
"65","000","00","005","0555","0507","621","353","268","74","695","1387","0","50.11","25.45"
"65","000","00","005","0556","0000","1239","710","529","140","1379","2241","0","61.54","31.68"
"65","000","00","005","0556","0499","619","362","257","65","684","1130","0","60.53","32.04"
"65","000","00","005","0556","0500","620","348","272","75","695","1111","0","62.56","31.32"
"65","000","00","005","0557","0000","1579","944","635","154","1733","3276","0","52.9","28.82"
"65","000","00","005","0557","0396","665","388","277","46","711","1567","0","45.37","24.76"
"65","000","00","005","0557","0397","914","556","358","108","1022","1709","0","59.8","32.53"
"65","000","00","005","0558","0000","1482","876","606","145","1627","3244","0","50.15","27.0"
"65","000","00","005","0558","0398","735","458","277","65","800","1616","0","49.5","28.34"
"65","000","00","005","0558","0399","747","418","329","80","827","1628","0","50.8","25.68"
"65","000","00","005","0559","0000","2155","1239","916","203","2358","4258","0","55.38","29.1"
"65","000","00","005","0559","0440","753","449","304","75","828","1498","0","55.27","29.97"
"65","000","00","005","0559","0441","662","351","311","55","717","1379","0","51.99","25.45"
"65","000","00","005","0559","0442","740","439","301","73","813","1381","0","58.87","31.79"
"65","000","00","005","0560","0000","2516","1417","1099","278","2794","4394","0","63.59","32.25"
"65","000","00","005","0560","0309","860","478","382","70","930","1486","0","62.58","32.17"
"65","000","00","005","0560","0310","886","508","378","88","974","1513","0","64.38","33.58"
"65","000","00","005","0560","0311","770","431","339","120","890","1395","0","63.8","30.9"
"65","000","00","005","0561","0000","1679","970","709","246","1925","3322","0","57.95","29.2"
"65","000","00","005","0561","0360","906","518","388","135","1041","1696","0","61.38","30.54"
"65","000","00","005","0561","0361","773","452","321","111","884","1626","0","54.37","27.8"
"65","000","00","005","0562","0000","3069","1780","1289","245","3314","5442","0","60.9","32.71"
"65","000","00","005","0562","0409","791","448","343","77","868","1389","0","62.49","32.25"
"65","000","00","005","0562","0410","683","395","288","64","747","1272","0","58.73","31.05"
"65","000","00","005","0562","0411","830","496","334","48","878","1409","0","62.31","35.2"
"65","000","00","005","0562","0412","765","441","324","56","821","1372","0","59.84","32.14"
"65","000","00","005","0563","0000","1703","969","734","120","1823","3243","0","56.21","29.88"
"65","000","00","005","0563","0358","832","474","358","53","885","1698","0","52.12","27.92"
"65","000","00","005","0563","0359","871","495","376","67","938","1545","0","60.71","32.04"
"65","000","00","005","0564","0000","3140","1887","1253","170","3310","5852","0","56.56","32.25"
"65","000","00","005","0564","0340","817","505","312","28","845","1493","0","56.6","33.82"
"65","000","00","005","0564","0341","806","467","339","71","877","1507","0","58.2","30.99"
"65","000","00","005","0564","0342","772","471","301","35","807","1456","0","55.43","32.35"
"65","000","00","005","0564","0343","745","444","301","36","781","1396","0","55.95","31.81"
"65","000","00","005","0565","0000","1646","970","676","154","1800","3050","0","59.02","31.8"
"65","000","00","005","0565","0317","860","492","368","102","962","1534","0","62.71","32.07"
"65","000","00","005","0565","0318","786","478","308","52","838","1516","0","55.28","31.53"
"65","000","00","005","0566","0000","1608","878","730","295","1903","3301","0","57.65","26.6"
"65","000","00","005","0566","0497","818","439","379","150","968","1689","0","57.31","25.99"
"65","000","00","005","0566","0498","790","439","351","145","935","1612","0","58.0","27.23"
"65","000","00","005","0567","0000","1132","663","469","158","1290","2105","0","61.28","31.5"
"65","000","00","005","0567","0489","524","312","212","96","620","1065","0","58.22","29.3"
"65","000","00","005","0567","0490","608","351","257","62","670","1040","0","64.42","33.75"
"65","000","00","005","0568","0000","1143","658","485","142","1285","2340","0","54.91","28.12"
"65","000","00","005","0568","0456","607","355","252","69","676","1298","0","52.08","27.35"
"65","000","00","005","0568","0457","536","303","233","73","609","1042","0","58.45","29.08"
"65","000","00","005","0569","0000","1504","860","644","138","1642","2712","0","60.55","31.71"
"65","000","00","005","0569","0495","775","451","324","77","852","1362","0","62.56","33.11"
"65","000","00","005","0569","0496","729","409","320","61","790","1350","0","58.52","30.3"
"65","000","00","005","0570","0000","3117","1798","1319","208","3325","5880","0","56.55","30.58"
"65","000","00","005","0570","0512","800","469","331","62","862","1488","0","57.93","31.52"
"65","000","00","005","0570","0513","774","439","335","49","823","1444","0","56.99","30.4"
"65","000","00","005","0570","0514","783","460","323","54","837","1499","0","55.84","30.69"
"65","000","00","005","0570","0515","760","430","330","43","803","1449","0","55.42","29.68"
"65","000","00","005","0571","0000","2147","1248","899","284","2431","4371","0","55.62","28.55"
"65","000","00","005","0571","0520","729","430","299","91","820","1457","0","56.28","29.51"
"65","000","00","005","0571","0521","724","424","300","102","826","1502","0","54.99","28.23"
"65","000","00","005","0571","0522","694","394","300","91","785","1412","0","55.59","27.9"
"65","000","00","005","0572","0000","2784","1661","1123","243","3027","5129","0","59.02","32.38"
"65","000","00","005","0572","0336","705","424","281","63","768","1276","0","60.19","33.23"
"65","000","00","005","0572","0337","667","404","263","44","711","1303","0","54.57","31.01"
"65","000","00","005","0572","0338","692","391","301","77","769","1259","0","61.08","31.06"
"65","000","00","005","0572","0339","720","442","278","59","779","1291","0","60.34","34.24"
"65","000","00","005","0573","0000","1705","1000","705","113","1818","3209","0","56.65","31.16"
"65","000","00","005","0573","0356","818","456","362","47","865","1538","0","56.24","29.65"
"65","000","00","005","0573","0357","887","544","343","66","953","1671","0","57.03","32.56"
"65","000","00","005","0574","0000","2208","1334","874","189","2397","3841","0","62.41","34.73"
"65","000","00","005","0574","0350","737","462","275","53","790","1300","0","60.77","35.54"
"65","000","00","005","0574","0351","722","435","287","63","785","1286","0","61.04","33.83"
"65","000","00","005","0574","0352","749","437","312","73","822","1255","0","65.5","34.82"
"65","000","00","005","0575","0000","4022","2413","1609","231","4253","7288","0","58.36","33.11"
"65","000","00","005","0575","0424","811","487","324","37","848","1462","0","58.0","33.31"
"65","000","00","005","0575","0425","831","506","325","55","886","1484","0","59.7","34.1"
"65","000","00","005","0575","0426","791","484","307","53","844","1461","0","57.77","33.13"
"65","000","00","005","0575","0427","790","453","337","40","830","1444","0","57.48","31.37"
"65","000","00","005","0575","0428","799","483","316","46","845","1437","0","58.8","33.61"
"65","000","00","005","0576","0000","5157","3063","2094","395","5552","9313","0","59.62","32.89"
"65","000","00","005","0576","0403","830","476","354","94","924","1495","0","61.81","31.84"
"65","000","00","005","0576","0404","843","496","347","81","924","1486","0","62.18","33.38"
"65","000","00","005","0576","0405","846","482","364","69","915","1483","0","61.7","32.5"
"65","000","00","005","0576","0406","803","497","306","54","857","1553","0","55.18","32.0"
"65","000","00","005","0576","0407","951","584","367","54","1005","1625","0","61.85","35.94"
"65","000","00","005","0576","0408","884","528","356","43","927","1671","0","55.48","31.6"
"65","000","00","005","0577","0000","1153","645","508","134","1287","2159","0","59.61","29.87"
"65","000","00","005","0577","0450","565","333","232","62","627","1063","0","58.98","31.33"
"65","000","00","005","0577","0451","588","312","276","72","660","1096","0","60.22","28.47"
"65","000","00","005","0578","0000","1580","933","647","106","1686","3402","0","49.56","27.43"
"65","000","00","005","0578","0493","794","482","312","48","842","1704","0","49.41","28.29"
"65","000","00","005","0578","0494","786","451","335","58","844","1698","0","49.71","26.56"
"65","000","00","005","0579","0000","1025","595","430","91","1116","1981","0","56.34","30.04"
"65","000","00","005","0579","0478","516","308","208","36","552","1022","0","54.01","30.14"
"65","000","00","005","0579","0479","509","287","222","55","564","959","0","58.81","29.93"
"65","000","00","005","0580","0000","1150","642","508","87","1237","2131","0","58.05","30.13"
"65","000","00","005","0580","0469","588","348","240","46","634","1073","0","59.09","32.43"
"65","000","00","005","0580","0470","562","294","268","41","603","1058","0","56.99","27.79"
"65","000","00","005","0581","0000","1629","972","657","187","1816","3288","0","55.23","29.56"
"65","000","00","005","0581","0516","827","470","357","95","922","1640","0","56.22","28.66"
"65","000","00","005","0581","0517","802","502","300","92","894","1648","0","54.25","30.46"
"65","000","00","005","0582","0000","1850","1098","752","199","2049","3509","0","58.39","31.29"
"65","000","00","005","0582","0527","937","569","368","90","1027","1748","0","58.75","32.55"
"65","000","00","005","0582","0528","913","529","384","109","1022","1761","0","58.04","30.04"
"65","000","00","005","0583","0000","2046","1209","837","178","2224","3784","0","58.77","31.95"
"65","000","00","005","0583","0534","661","391","270","46","707","1265","0","55.89","30.91"
"65","000","00","005","0583","0535","705","425","280","71","776","1282","0","60.53","33.15"
"65","000","00","005","0583","0536","680","393","287","61","741","1237","0","59.9","31.77"
"65","000","00","005","0584","0000","1242","686","556","171","1413","2465","0","57.32","27.83"
"65","000","00","005","0584","0540","652","371","281","78","730","1245","0","58.63","29.8"
"65","000","00","005","0584","0541","590","315","275","93","683","1220","0","55.98","25.82"
"65","000","00","006","0000","0000","138886","86688","52198","10349","149235","264053","302055","56.52","32.83"
"65","000","00","006","0601","0000","1597","1032","565","164","1761","3019","0","58.33","34.18"
"65","000","00","006","0601","2049","830","529","301","85","915","1552","0","58.96","34.09"
"65","000","00","006","0601","2050","767","503","264","79","846","1467","0","57.67","34.29"
"65","000","00","006","0602","0000","1975","1238","737","171","2146","3593","0","59.73","34.46"
"65","000","00","006","0602","2051","747","485","262","55","802","1371","0","58.5","35.38"
"65","000","00","006","0602","2052","554","325","229","44","598","991","0","60.34","32.8"
"65","000","00","006","0602","2053","674","428","246","72","746","1231","0","60.6","34.77"
"65","000","00","006","0603","0000","1829","1088","741","143","1972","3408","0","57.86","31.92"
"65","000","00","006","0603","2054","913","539","374","85","998","1701","0","58.67","31.69"
"65","000","00","006","0603","2055","916","549","367","58","974","1707","0","57.06","32.16"
"65","000","00","006","0604","0000","1958","1129","829","97","2055","3639","0","56.47","31.03"
"65","000","00","006","0604","2056","995","531","464","50","1045","1773","0","58.94","29.95"
"65","000","00","006","0604","2057","963","598","365","47","1010","1866","0","54.13","32.05"
"65","000","00","006","0605","0000","2854","1828","1026","180","3034","4958","0","61.19","36.87"
"65","000","00","006","0605","2058","976","633","343","58","1034","1735","0","59.6","36.48"
"65","000","00","006","0605","2059","991","625","366","57","1048","1632","0","64.22","38.3"
"65","000","00","006","0605","2060","887","570","317","65","952","1591","0","59.84","35.83"
"65","000","00","006","0606","0000","2700","1703","997","173","2873","4790","0","59.98","35.55"
"65","000","00","006","0606","2063","665","377","288","70","735","1260","0","58.33","29.92"
"65","000","00","006","0606","2064","1108","738","370","51","1159","1948","0","59.5","37.89"
"65","000","00","006","0606","2065","927","588","339","52","979","1582","0","61.88","37.17"
"65","000","00","006","0607","0000","2683","1737","946","186","2869","5031","0","57.03","34.53"
"65","000","00","006","0607","2070","920","570","350","53","973","1735","0","56.08","32.85"
"65","000","00","006","0607","2071","908","618","290","57","965","1716","0","56.24","36.01"
"65","000","00","006","0607","2072","855","549","306","76","931","1580","0","58.92","34.75"
"65","000","00","006","0608","0000","3281","2002","1279","251","3532","5947","0","59.39","33.66"
"65","000","00","006","0608","2073","802","498","304","45","847","1358","0","62.37","36.67"
"65","000","00","006","0608","2074","891","526","365","112","1003","1610","0","62.3","32.67"
"65","000","00","006","0608","2075","720","447","273","52","772","1383","0","55.82","32.32"
"65","000","00","006","0608","2076","868","531","337","42","910","1596","0","57.02","33.27"
"65","000","00","006","0609","0000","1250","828","422","76","1326","2520","0","52.62","32.86"
"65","000","00","006","0609","2077","684","437","247","46","730","1360","0","53.68","32.13"
"65","000","00","006","0609","2078","566","391","175","30","596","1160","0","51.38","33.71"
"65","000","00","006","0610","0000","1526","1052","474","87","1613","2470","0","65.3","42.59"
"65","000","00","006","0610","2079","768","534","234","46","814","1236","0","65.86","43.2"
"65","000","00","006","0610","2080","758","518","240","41","799","1234","0","64.75","41.98"
"65","000","00","006","0611","0000","1482","896","586","151","1633","2820","0","57.91","31.77"
"65","000","00","006","0611","2081","831","481","350","91","922","1579","0","58.39","30.46"
"65","000","00","006","0611","2082","651","415","236","60","711","1241","0","57.29","33.44"
"65","000","00","006","0612","0000","696","406","290","97","793","1578","0","50.25","25.73"
"65","000","00","006","0612","2085","696","406","290","97","793","1578","0","50.25","25.73"
"65","000","00","006","0613","0000","1442","900","542","134","1576","2917","0","54.03","30.85"
"65","000","00","006","0613","2086","746","470","276","50","796","1442","0","55.2","32.59"
"65","000","00","006","0613","2087","696","430","266","84","780","1475","0","52.88","29.15"
"65","000","00","006","0614","0000","4264","2628","1636","294","4558","7921","0","57.54","33.18"
"65","000","00","006","0614","2088","966","649","317","60","1026","1580","0","64.94","41.08"
"65","000","00","006","0614","2089","794","442","352","43","837","1585","0","52.81","27.89"
"65","000","00","006","0614","2090","857","485","372","78","935","1586","0","58.95","30.58"
"65","000","00","006","0614","2091","1001","622","379","73","1074","1931","0","55.62","32.21"
"65","000","00","006","0614","2092","646","430","216","40","686","1239","0","55.37","34.71"
"65","000","00","006","0615","0000","2272","1333","939","257","2529","4617","0","54.78","28.87"
"65","000","00","006","0615","2097","878","532","346","123","1001","1885","0","53.1","28.22"
"65","000","00","006","0615","2098","669","393","276","66","735","1345","0","54.65","29.22"
"65","000","00","006","0615","2099","725","408","317","68","793","1387","0","57.17","29.42"
"65","000","00","006","0616","0000","5338","3316","2022","448","5786","10556","0","54.81","31.41"
"65","000","00","006","0616","2105","900","559","341","87","987","1835","0","53.79","30.46"
"65","000","00","006","0616","2106","985","610","375","101","1086","2009","0","54.06","30.36"
"65","000","00","006","0616","2107","740","451","289","72","812","1450","0","56.0","31.1"
"65","000","00","006","0616","2108","908","551","357","53","961","1726","0","55.68","31.92"
"65","000","00","006","0616","2109","895","553","342","84","979","1797","0","54.48","30.77"
"65","000","00","006","0616","2110","910","592","318","51","961","1739","0","55.26","34.04"
"65","000","00","006","0617","0000","2677","1579","1098","196","2873","5599","0","51.31","28.2"
"65","000","00","006","0617","2114","795","475","320","42","837","1662","0","50.36","28.58"
"65","000","00","006","0617","2115","1099","636","463","84","1183","2067","0","57.23","30.77"
"65","000","00","006","0617","2116","783","468","315","70","853","1870","0","45.61","25.03"
"65","000","00","006","0618","0000","2656","1696","960","197","2853","5222","0","54.63","32.48"
"65","000","00","006","0618","2123","483","279","204","59","542","1079","0","50.23","25.86"
"65","000","00","006","0618","2124","575","332","243","24","599","1140","0","52.54","29.12"
"65","000","00","006","0618","2125","931","701","230","68","999","1825","0","54.74","38.41"
"65","000","00","006","0618","2126","667","384","283","46","713","1178","0","60.53","32.6"
"65","000","00","006","0619","0000","2339","1348","991","241","2580","5277","0","48.89","25.54"
"65","000","00","006","0619","2133","858","500","358","105","963","1992","0","48.34","25.1"
"65","000","00","006","0619","2134","763","426","337","60","823","1668","0","49.34","25.54"
"65","000","00","006","0619","2135","718","422","296","76","794","1617","0","49.1","26.1"
"65","000","00","006","0620","0000","2831","1725","1106","212","3043","5428","0","56.06","31.78"
"65","000","00","006","0620","2136","985","586","399","95","1080","2013","0","53.65","29.11"
"65","000","00","006","0620","2137","989","616","373","50","1039","1791","0","58.01","34.39"
"65","000","00","006","0620","2138","857","523","334","67","924","1624","0","56.9","32.2"
"65","000","00","006","0621","0000","358","222","136","33","391","939","0","41.64","23.64"
"65","000","00","006","0621","2142","358","222","136","33","391","939","0","41.64","23.64"
"65","000","00","006","0622","0000","2551","1579","972","158","2709","4725","0","57.33","33.42"
"65","000","00","006","0622","2148","1013","612","401","66","1079","1860","0","58.01","32.9"
"65","000","00","006","0622","2149","843","526","317","52","895","1743","0","51.35","30.18"
"65","000","00","006","0622","2150","695","441","254","40","735","1122","0","65.51","39.3"
"65","000","00","006","0623","0000","2325","1417","908","177","2502","4575","0","54.69","30.97"
"65","000","00","006","0623","2151","762","478","284","52","814","1468","0","55.45","32.56"
"65","000","00","006","0623","2152","907","545","362","65","972","1763","0","55.13","30.91"
"65","000","00","006","0623","2153","656","394","262","60","716","1344","0","53.27","29.32"
"65","000","00","006","0624","0000","341","194","147","62","403","753","0","53.52","25.76"
"65","000","00","006","0624","2154","341","194","147","62","403","753","0","53.52","25.76"
"65","000","00","006","0625","0000","1375","780","595","101","1476","2839","0","51.99","27.47"
"65","000","00","006","0625","2155","291","169","122","16","307","602","0","51.0","28.07"
"65","000","00","006","0625","2156","1084","611","473","85","1169","2237","0","52.26","27.31"
"65","000","00","006","0626","0000","1034","590","444","96","1130","2239","0","50.47","26.35"
"65","000","00","006","0626","2157","552","304","248","42","594","1096","0","54.2","27.74"
"65","000","00","006","0626","2158","482","286","196","54","536","1143","0","46.89","25.02"
"65","000","00","006","0627","0000","728","420","308","97","825","1569","0","52.58","26.77"
"65","000","00","006","0627","2159","728","420","308","97","825","1569","0","52.58","26.77"
"65","000","00","006","0628","0000","706","453","253","94","800","1284","0","62.31","35.28"
"65","000","00","006","0628","2160","706","453","253","94","800","1284","0","62.31","35.28"
"65","000","00","006","0629","0000","509","270","239","60","569","1189","0","47.86","22.71"
"65","000","00","006","0629","2161","118","64","54","15","133","439","0","30.3","14.58"
"65","000","00","006","0629","2162","391","206","185","45","436","750","0","58.13","27.47"
"65","000","00","006","0630","0000","2385","1400","985","218","2603","4840","0","53.78","28.93"
"65","000","00","006","0630","2145","882","499","383","77","959","1838","0","52.18","27.15"
"65","000","00","006","0630","2146","750","469","281","62","812","1453","0","55.88","32.28"
"65","000","00","006","0630","2147","753","432","321","79","832","1549","0","53.71","27.89"
"65","000","00","006","0631","0000","839","508","331","52","891","1603","0","55.58","31.69"
"65","000","00","006","0631","1987","839","508","331","52","891","1603","0","55.58","31.69"
"65","000","00","006","0632","0000","1002","561","441","68","1070","1921","0","55.7","29.2"
"65","000","00","006","0632","1988","1002","561","441","68","1070","1921","0","55.7","29.2"
"65","000","00","006","0633","0000","1226","727","499","78","1304","2317","0","56.28","31.38"
"65","000","00","006","0633","1989","562","336","226","25","587","1082","0","54.25","31.05"
"65","000","00","006","0633","1990","664","391","273","53","717","1235","0","58.06","31.66"
"65","000","00","006","0634","0000","884","540","344","39","923","1568","0","58.86","34.44"
"65","000","00","006","0634","1991","884","540","344","39","923","1568","0","58.86","34.44"
"65","000","00","006","0635","0000","397","230","167","57","454","771","0","58.88","29.83"
"65","000","00","006","0635","1992","397","230","167","57","454","771","0","58.88","29.83"
"65","000","00","006","0636","0000","1205","695","510","99","1304","2264","0","57.6","30.7"
"65","000","00","006","0636","1993","661","365","296","41","702","1256","0","55.89","29.06"
"65","000","00","006","0636","1994","544","330","214","58","602","1008","0","59.72","32.74"
"65","000","00","006","0637","0000","2619","1658","961","195","2814","4701","0","59.86","35.27"
"65","000","00","006","0637","1995","830","527","303","61","891","1515","0","58.81","34.79"
"65","000","00","006","0637","1996","953","646","307","69","1022","1637","0","62.43","39.46"
"65","000","00","006","0637","1997","836","485","351","65","901","1549","0","58.17","31.31"
"65","000","00","006","0638","0000","2902","1762","1140","251","3153","5335","0","59.1","33.03"
"65","000","00","006","0638","1998","1188","785","403","69","1257","2011","0","62.51","39.04"
"65","000","00","006","0638","1999","823","521","302","83","906","1554","0","58.3","33.53"
"65","000","00","006","0638","2000","891","456","435","99","990","1770","0","55.93","25.76"
"65","000","00","006","0639","0000","1307","835","472","124","1431","2442","0","58.6","34.19"
"65","000","00","006","0639","2001","731","455","276","56","787","1316","0","59.8","34.57"
"65","000","00","006","0639","2002","576","380","196","68","644","1126","0","57.19","33.75"
"65","000","00","006","0640","0000","4289","2745","1544","314","4603","7834","0","58.76","35.04"
"65","000","00","006","0640","2003","731","428","303","65","796","1460","0","54.52","29.32"
"65","000","00","006","0640","2004","865","562","303","78","943","1584","0","59.53","35.48"
"65","000","00","006","0640","2005","768","475","293","66","834","1449","0","57.56","32.78"
"65","000","00","006","0640","2006","897","576","321","60","957","1520","0","62.96","37.89"
"65","000","00","006","0640","2007","1028","704","324","45","1073","1821","0","58.92","38.66"
"65","000","00","006","0641","0000","3707","2356","1351","197","3904","6728","0","58.03","35.02"
"65","000","00","006","0641","2008","1060","676","384","46","1106","1956","0","56.54","34.56"
"65","000","00","006","0641","2009","918","572","346","62","980","1665","0","58.86","34.35"
"65","000","00","006","0641","2010","907","590","317","58","965","1588","0","60.77","37.15"
"65","000","00","006","0641","2011","822","518","304","31","853","1519","0","56.16","34.1"
"65","000","00","006","0642","0000","2209","1354","855","160","2369","5969","0","39.69","22.68"
"65","000","00","006","0642","2014","640","409","231","52","692","1106","0","62.57","36.98"
"65","000","00","006","0642","2015","382","216","166","27","409","2700","0","15.15","8.0"
"65","000","00","006","0642","2016","564","348","216","33","597","995","0","60.0","34.97"
"65","000","00","006","0642","2017","623","381","242","48","671","1168","0","57.45","32.62"
"65","000","00","006","0643","0000","1346","840","506","122","1468","2208","0","66.49","38.04"
"65","000","00","006","0643","2018","691","428","263","69","760","1123","0","67.68","38.11"
"65","000","00","006","0643","2019","655","412","243","53","708","1085","0","65.25","37.97"
"65","000","00","006","0644","0000","3147","2030","1117","217","3364","5645","0","59.59","35.96"
"65","000","00","006","0644","2020","816","524","292","63","879","1412","0","62.25","37.11"
"65","000","00","006","0644","2021","906","588","318","64","970","1659","0","58.47","35.44"
"65","000","00","006","0644","2022","722","467","255","48","770","1198","0","64.27","38.98"
"65","000","00","006","0644","2023","703","451","252","42","745","1376","0","54.14","32.78"
"65","000","00","006","0645","0000","2055","1338","717","127","2182","3926","0","55.58","34.08"
"65","000","00","006","0645","2024","672","426","246","45","717","1300","0","55.15","32.77"
"65","000","00","006","0645","2025","680","451","229","46","726","1238","0","58.64","36.43"
"65","000","00","006","0645","2026","703","461","242","36","739","1388","0","53.24","33.21"
"65","000","00","006","0646","0000","1076","554","522","101","1177","1841","0","63.93","30.09"
"65","000","00","006","0646","2027","541","217","324","52","593","933","0","63.56","23.26"
"65","000","00","006","0646","2028","535","337","198","49","584","908","0","64.32","37.11"
"65","000","00","006","0647","0000","1961","1251","710","188","2149","3508","0","61.26","35.66"
"65","000","00","006","0647","2031","546","332","214","57","603","971","0","62.1","34.19"
"65","000","00","006","0647","2032","642","426","216","66","708","1145","0","61.83","37.21"
"65","000","00","006","0647","2033","773","493","280","65","838","1392","0","60.2","35.42"
"65","000","00","006","0648","0000","1633","1033","600","120","1753","2892","0","60.62","35.72"
"65","000","00","006","0648","2034","852","527","325","64","916","1452","0","63.09","36.29"
"65","000","00","006","0648","2035","781","506","275","56","837","1440","0","58.13","35.14"
"65","000","00","006","0649","0000","1919","1290","629","169","2088","3611","0","57.82","35.72"
"65","000","00","006","0649","2036","933","586","347","91","1024","1786","0","57.33","32.81"
"65","000","00","006","0649","2037","986","704","282","78","1064","1825","0","58.3","38.58"
"65","000","00","006","0650","0000","1820","1136","684","103","1923","3227","0","59.59","35.2"
"65","000","00","006","0650","2038","851","519","332","40","891","1477","0","60.32","35.14"
"65","000","00","006","0650","2039","969","617","352","63","1032","1750","0","58.97","35.26"
"65","000","00","006","0651","0000","2017","1365","652","131","2148","3771","0","56.96","36.2"
"65","000","00","006","0651","2040","962","643","319","64","1026","1792","0","57.25","35.88"
"65","000","00","006","0651","2041","1055","722","333","67","1122","1979","0","56.7","36.48"
"65","000","00","006","0652","0000","2386","1602","784","122","2508","4133","0","60.68","38.76"
"65","000","00","006","0652","2042","470","303","167","31","501","826","0","60.65","36.68"
"65","000","00","006","0652","2043","1092","738","354","58","1150","1924","0","59.77","38.36"
"65","000","00","006","0652","2044","824","561","263","33","857","1383","0","61.97","40.56"
"65","000","00","006","0653","0000","380","230","150","45","425","830","0","51.2","27.71"
"65","000","00","006","0653","2045","380","230","150","45","425","830","0","51.2","27.71"
"65","000","00","006","0654","0000","2996","1957","1039","156","3152","5197","0","60.65","37.66"
"65","000","00","006","0654","2046","1022","675","347","47","1069","1759","0","60.77","38.37"
"65","000","00","006","0654","2047","1110","723","387","71","1181","1957","0","60.35","36.94"
"65","000","00","006","0654","2048","864","559","305","38","902","1481","0","60.9","37.74"
"65","000","00","006","0655","0000","1817","1167","650","100","1917","3135","0","61.15","37.22"
"65","000","00","006","0655","2119","980","623","357","54","1034","1712","0","60.4","36.39"
"65","000","00","006","0655","2120","837","544","293","46","883","1423","0","62.05","38.23"
"65","000","00","006","0656","0000","3362","2070","1292","246","3608","6684","0","53.98","30.97"
"65","000","00","006","0656","2093","971","599","372","73","1044","1892","0","55.18","31.66"
"65","000","00","006","0656","2094","735","442","293","62","797","1529","0","52.13","28.91"
"65","000","00","006","0656","2095","730","469","261","61","791","1358","0","58.25","34.54"
"65","000","00","006","0656","2096","926","560","366","50","976","1905","0","51.23","29.4"
"65","000","00","006","0657","0000","2370","1541","829","160","2530","4334","0","58.38","35.56"
"65","000","00","006","0657","2139","671","432","239","45","716","1178","0","60.78","36.67"
"65","000","00","006","0657","2140","709","464","245","42","751","1277","0","58.81","36.34"
"65","000","00","006","0657","2141","990","645","345","73","1063","1879","0","56.57","34.33"
"65","000","00","006","0658","0000","3460","2196","1264","234","3694","6377","0","57.93","34.44"
"65","000","00","006","0658","2066","703","411","292","62","765","1315","0","58.17","31.25"
"65","000","00","006","0658","2067","795","475","320","60","855","1562","0","54.74","30.41"
"65","000","00","006","0658","2068","1128","786","342","47","1175","1982","0","59.28","39.66"
"65","000","00","006","0658","2069","834","524","310","65","899","1518","0","59.22","34.52"
"65","000","00","006","0659","0000","1957","1256","701","154","2111","3435","0","61.46","36.56"
"65","000","00","006","0659","2121","935","611","324","79","1014","1666","0","60.86","36.67"
"65","000","00","006","0659","2122","1022","645","377","75","1097","1769","0","62.01","36.46"
"65","000","00","006","0660","0000","4618","2910","1708","259","4877","9469","0","51.5","30.73"
"65","000","00","006","0660","2127","743","469","274","54","797","1463","0","54.48","32.06"
"65","000","00","006","0660","2128","609","377","232","45","654","1152","0","56.77","32.73"
"65","000","00","006","0660","2129","902","551","351","42","944","2008","0","47.01","27.44"
"65","000","00","006","0660","2130","917","589","328","55","972","2120","0","45.85","27.78"
"65","000","00","006","0660","2131","662","411","251","23","685","1153","0","59.41","35.65"
"65","000","00","006","0660","2132","785","513","272","40","825","1573","0","52.45","32.61"
"65","000","00","006","0661","0000","1546","948","598","143","1689","2829","0","59.7","33.51"
"65","000","00","006","0661","2029","836","496","340","75","911","1582","0","57.59","31.35"
"65","000","00","006","0661","2030","710","452","258","68","778","1247","0","62.39","36.25"
"65","000","00","006","0662","0000","1469","1007","462","112","1581","3006","0","52.59","33.5"
"65","000","00","006","0662","2061","739","435","304","79","818","1495","0","54.72","29.1"
"65","000","00","006","0662","2062","730","572","158","33","763","1511","0","50.5","37.86"
"65","000","00","006","0663","0000","1266","742","524","93","1359","2489","0","54.6","29.81"
"65","000","00","006","0663","2083","685","401","284","28","713","1275","0","55.92","31.45"
"65","000","00","006","0663","2084","581","341","240","65","646","1214","0","53.21","28.09"
"65","000","00","006","0664","0000","2508","1626","882","128","2636","4809","0","54.81","33.81"
"65","000","00","006","0664","2111","803","522","281","49","852","1523","0","55.94","34.27"
"65","000","00","006","0664","2112","845","546","299","41","886","1642","0","53.96","33.25"
"65","000","00","006","0664","2113","860","558","302","38","898","1644","0","54.62","33.94"
"65","000","00","006","0665","0000","1376","854","522","71","1447","2280","0","63.46","37.46"
"65","000","00","006","0665","2012","704","430","274","44","748","1185","0","63.12","36.29"
"65","000","00","006","0665","2013","672","424","248","27","699","1095","0","63.84","38.72"
"65","000","00","006","0666","0000","1948","1214","734","165","2113","3797","0","55.65","31.97"
"65","000","00","006","0666","2100","1004","626","378","77","1081","1960","0","55.15","31.94"
"65","000","00","006","0666","2101","944","588","356","88","1032","1837","0","56.18","32.01"
"65","000","00","006","0667","0000","2717","1738","979","198","2915","4983","0","58.5","34.88"
"65","000","00","006","0667","2102","873","565","308","73","946","1662","0","56.92","34.0"
"65","000","00","006","0667","2103","921","586","335","73","994","1617","0","61.47","36.24"
"65","000","00","006","0667","2104","923","587","336","52","975","1704","0","57.22","34.45"
"65","000","00","006","0668","0000","1845","1219","626","114","1959","3528","0","55.53","34.55"
"65","000","00","006","0668","2117","1017","647","370","61","1078","1982","0","54.39","32.64"
"65","000","00","006","0668","2118","828","572","256","53","881","1546","0","56.99","37.0"
"65","000","00","006","0669","0000","1343","814","529","86","1429","2394","0","59.69","34.0"
"65","000","00","006","0669","2143","509","304","205","44","553","960","0","57.6","31.67"
"65","000","00","006","0669","2144","834","510","324","42","876","1434","0","61.09","35.56"
"65","000","00","007","0000","0000","75920","43905","32015","7616","83536","152102","183780","54.92","28.87"
"65","000","00","007","0701","0000","1602","908","694","204","1806","3613","0","49.99","25.13"
"65","000","00","007","0701","1620","777","432","345","117","894","1897","0","47.13","22.77"
"65","000","00","007","0701","1621","825","476","349","87","912","1716","0","53.15","27.74"
"65","000","00","007","0702","0000","1824","1058","766","190","2014","3470","0","58.04","30.49"
"65","000","00","007","0702","1617","597","334","263","75","672","1211","0","55.49","27.58"
"65","000","00","007","0702","1618","597","345","252","60","657","1125","0","58.4","30.67"
"65","000","00","007","0702","1619","630","379","251","55","685","1134","0","60.41","33.42"
"65","000","00","007","0703","0000","1957","1106","851","227","2184","4252","0","51.36","26.01"
"65","000","00","007","0703","1614","652","372","280","91","743","1408","0","52.77","26.42"
"65","000","00","007","0703","1615","633","348","285","46","679","1310","0","51.83","26.56"
"65","000","00","007","0703","1616","672","386","286","90","762","1534","0","49.67","25.16"
"65","000","00","007","0704","0000","1592","882","710","162","1754","3296","0","53.22","26.76"
"65","000","00","007","0704","1643","569","332","237","83","652","1116","0","58.42","29.75"
"65","000","00","007","0704","1644","515","262","253","50","565","1077","0","52.46","24.33"
"65","000","00","007","0704","1645","508","288","220","29","537","1103","0","48.69","26.11"
"65","000","00","007","0705","0000","2817","1670","1147","229","3046","5619","0","54.21","29.72"
"65","000","00","007","0705","1639","727","415","312","49","776","1483","0","52.33","27.98"
"65","000","00","007","0705","1640","763","440","323","51","814","1524","0","53.41","28.87"
"65","000","00","007","0705","1641","758","479","279","42","800","1431","0","55.9","33.47"
"65","000","00","007","0705","1642","569","336","233","87","656","1181","0","55.55","28.45"
"65","000","00","007","0706","0000","1856","1075","781","218","2074","4297","0","48.27","25.02"
"65","000","00","007","0706","1633","626","366","260","85","711","1927","0","36.9","18.99"
"65","000","00","007","0706","1634","463","253","210","60","523","914","0","57.22","27.68"
"65","000","00","007","0706","1635","767","456","311","73","840","1456","0","57.69","31.32"
"65","000","00","007","0707","0000","2092","1193","899","210","2302","4468","0","51.52","26.7"
"65","000","00","007","0707","1624","737","420","317","63","800","1542","0","51.88","27.24"
"65","000","00","007","0707","1625","700","383","317","108","808","1470","0","54.97","26.05"
"65","000","00","007","0707","1626","655","390","265","39","694","1456","0","47.66","26.79"
"65","000","00","007","0708","0000","1687","970","717","173","1860","3218","0","57.8","30.14"
"65","000","00","007","0708","1652","465","274","191","35","500","870","0","57.47","31.49"
"65","000","00","007","0708","1653","734","396","338","87","821","1338","0","61.36","29.6"
"65","000","00","007","0708","1654","488","300","188","51","539","1010","0","53.37","29.7"
"65","000","00","007","0709","0000","2394","1436","958","263","2657","4558","0","58.29","31.51"
"65","000","00","007","0709","1657","778","480","298","111","889","1405","0","63.27","34.16"
"65","000","00","007","0709","1658","815","494","321","73","888","1587","0","55.95","31.13"
"65","000","00","007","0709","1659","801","462","339","79","880","1566","0","56.19","29.5"
"65","000","00","007","0710","0000","2051","1161","890","182","2233","3749","0","59.56","30.97"
"65","000","00","007","0710","1667","689","363","326","84","773","1268","0","60.96","28.63"
"65","000","00","007","0710","1668","697","418","279","43","740","1281","0","57.77","32.63"
"65","000","00","007","0710","1669","665","380","285","55","720","1200","0","60.0","31.67"
"65","000","00","007","0711","0000","1544","955","589","135","1679","2979","0","56.36","32.06"
"65","000","00","007","0711","1663","887","564","323","66","953","1701","0","56.03","33.16"
"65","000","00","007","0711","1664","657","391","266","69","726","1278","0","56.81","30.59"
"65","000","00","007","0712","0000","684","369","315","56","740","1491","0","49.63","24.75"
"65","000","00","007","0712","1670","684","369","315","56","740","1491","0","49.63","24.75"
"65","000","00","007","0713","0000","529","306","223","32","561","1066","0","52.63","28.71"
"65","000","00","007","0713","1671","529","306","223","32","561","1066","0","52.63","28.71"
"65","000","00","007","0714","0000","1585","946","639","137","1722","3132","0","54.98","30.2"
"65","000","00","007","0714","1686","803","490","313","73","876","1566","0","55.94","31.29"
"65","000","00","007","0714","1687","782","456","326","64","846","1566","0","54.02","29.12"
"65","000","00","007","0715","0000","1717","962","755","208","1925","3427","0","56.17","28.07"
"65","000","00","007","0715","1676","611","347","264","77","688","1144","0","60.14","30.33"
"65","000","00","007","0715","1677","511","285","226","49","560","1059","0","52.88","26.91"
"65","000","00","007","0715","1678","595","330","265","82","677","1224","0","55.31","26.96"
"65","000","00","007","0716","0000","2140","1194","946","252","2392","4452","0","53.73","26.82"
"65","000","00","007","0716","1683","730","390","340","104","834","1514","0","55.09","25.76"
"65","000","00","007","0716","1684","713","419","294","67","780","1546","0","50.45","27.1"
"65","000","00","007","0716","1685","697","385","312","81","778","1392","0","55.89","27.66"
"65","000","00","007","0717","0000","2178","1284","894","251","2429","4572","0","53.13","28.08"
"65","000","00","007","0717","1673","796","442","354","87","883","1616","0","54.64","27.35"
"65","000","00","007","0717","1674","659","408","251","89","748","1589","0","47.07","25.68"
"65","000","00","007","0717","1675","723","434","289","75","798","1367","0","58.38","31.75"
"65","000","00","007","0718","0000","1382","756","626","171","1553","2883","0","53.87","26.22"
"65","000","00","007","0718","1699","763","427","336","81","844","1606","0","52.55","26.59"
"65","000","00","007","0718","1700","619","329","290","90","709","1277","0","55.52","25.76"
"65","000","00","007","0719","0000","2607","1503","1104","271","2878","5231","0","55.02","28.73"
"65","000","00","007","0719","1695","614","371","243","80","694","1247","0","55.65","29.75"
"65","000","00","007","0719","1696","660","401","259","93","753","1390","0","54.17","28.85"
"65","000","00","007","0719","1697","685","384","301","57","742","1293","0","57.39","29.7"
"65","000","00","007","0719","1698","648","347","301","41","689","1301","0","52.96","26.67"
"65","000","00","007","0720","0000","2284","1331","953","224","2508","4264","0","58.82","31.21"
"65","000","00","007","0720","1692","894","511","383","98","992","1661","0","59.72","30.76"
"65","000","00","007","0720","1693","833","486","347","67","900","1585","0","56.78","30.66"
"65","000","00","007","0720","1694","557","334","223","59","616","1018","0","60.51","32.81"
"65","000","00","007","0721","0000","675","399","276","53","728","1683","0","43.26","23.71"
"65","000","00","007","0721","1708","675","399","276","53","728","1683","0","43.26","23.71"
"65","000","00","007","0722","0000","643","366","277","78","721","1565","0","46.07","23.39"
"65","000","00","007","0722","1722","643","366","277","78","721","1565","0","46.07","23.39"
"65","000","00","007","0723","0000","826","456","370","116","942","1638","0","57.51","27.84"
"65","000","00","007","0723","1714","826","456","370","116","942","1638","0","57.51","27.84"
"65","000","00","007","0724","0000","6015","3597","2418","594","6609","11772","0","56.14","30.56"
"65","000","00","007","0724","1715","805","458","347","66","871","1592","0","54.71","28.77"
"65","000","00","007","0724","1716","829","483","346","67","896","1521","0","58.91","31.76"
"65","000","00","007","0724","1717","942","578","364","69","1011","1707","0","59.23","33.86"
"65","000","00","007","0724","1718","910","533","377","105","1015","1741","0","58.3","30.61"
"65","000","00","007","0724","1719","831","483","348","88","919","1655","0","55.53","29.18"
"65","000","00","007","0724","1720","786","479","307","125","911","1775","0","51.32","26.99"
"65","000","00","007","0724","1721","912","583","329","74","986","1781","0","55.36","32.73"
"65","000","00","007","0725","0000","987","554","433","78","1065","1966","0","54.17","28.18"
"65","000","00","007","0725","1723","461","258","203","44","505","936","0","53.95","27.56"
"65","000","00","007","0725","1724","526","296","230","34","560","1030","0","54.37","28.74"
"65","000","00","007","0726","0000","4218","2566","1652","246","4464","7662","0","58.26","33.49"
"65","000","00","007","0726","1709","763","449","314","71","834","1452","0","57.44","30.92"
"65","000","00","007","0726","1710","883","555","328","38","921","1592","0","57.85","34.86"
"65","000","00","007","0726","1711","880","518","362","55","935","1619","0","57.75","32.0"
"65","000","00","007","0726","1712","964","616","348","45","1009","1642","0","61.45","37.52"
"65","000","00","007","0726","1713","728","428","300","37","765","1357","0","56.37","31.54"
"65","000","00","007","0727","0000","476","276","200","81","557","877","0","63.51","31.47"
"65","000","00","007","0727","1672","476","276","200","81","557","877","0","63.51","31.47"
"65","000","00","007","0728","0000","1907","1097","810","187","2094","3846","0","54.45","28.52"
"65","000","00","007","0728","1646","696","402","294","76","772","1385","0","55.74","29.03"
"65","000","00","007","0728","1647","612","349","263","59","671","1266","0","53.0","27.57"
"65","000","00","007","0728","1648","599","346","253","52","651","1195","0","54.48","28.95"
"65","000","00","007","0729","0000","1603","902","701","166","1769","3245","0","54.51","27.8"
"65","000","00","007","0729","1660","483","274","209","32","515","997","0","51.65","27.48"
"65","000","00","007","0729","1661","607","349","258","68","675","1187","0","56.87","29.4"
"65","000","00","007","0729","1662","513","279","234","66","579","1061","0","54.57","26.3"
"65","000","00","007","0730","0000","1739","979","760","192","1931","3196","0","60.42","30.63"
"65","000","00","007","0730","1655","849","493","356","114","963","1658","0","58.08","29.73"
"65","000","00","007","0730","1656","890","486","404","78","968","1538","0","62.94","31.6"
"65","000","00","007","0731","0000","1826","1013","813","134","1960","3571","0","54.89","28.37"
"65","000","00","007","0731","1627","597","327","270","32","629","1124","0","55.96","29.09"
"65","000","00","007","0731","1628","606","339","267","54","660","1235","0","53.44","27.45"
"65","000","00","007","0731","1629","623","347","276","48","671","1212","0","55.36","28.63"
"65","000","00","007","0732","0000","1810","1022","788","184","1994","3764","0","52.98","27.15"
"65","000","00","007","0732","1630","557","315","242","48","605","1223","0","49.47","25.76"
"65","000","00","007","0732","1631","643","368","275","82","725","1335","0","54.31","27.57"
"65","000","00","007","0732","1632","610","339","271","54","664","1206","0","55.06","28.11"
"65","000","00","007","0733","0000","2322","1348","974","262","2584","5192","0","49.77","25.96"
"65","000","00","007","0733","1679","520","301","219","59","579","1141","0","50.74","26.38"
"65","000","00","007","0733","1680","557","349","208","36","593","1396","0","42.48","25.0"
"65","000","00","007","0733","1681","571","325","246","66","637","1157","0","55.06","28.09"
"65","000","00","007","0733","1682","674","373","301","101","775","1498","0","51.74","24.9"
"65","000","00","007","0734","0000","2277","1357","920","233","2510","4454","0","56.35","30.47"
"65","000","00","007","0734","1636","677","409","268","67","744","1409","0","52.8","29.03"
"65","000","00","007","0734","1637","812","478","334","87","899","1500","0","59.93","31.87"
"65","000","00","007","0734","1638","788","470","318","79","867","1545","0","56.12","30.42"
"65","000","00","007","0735","0000","2542","1441","1101","220","2762","4995","0","55.3","28.85"
"65","000","00","007","0735","1701","613","344","269","70","683","1219","0","56.03","28.22"
"65","000","00","007","0735","1702","680","376","304","59","739","1454","0","50.83","25.86"
"65","000","00","007","0735","1703","643","375","268","58","701","1314","0","53.35","28.54"
"65","000","00","007","0735","1704","606","346","260","33","639","1008","0","63.39","34.33"
"65","000","00","007","0736","0000","2224","1292","932","248","2472","4615","0","53.56","28.0"
"65","000","00","007","0736","1705","741","439","302","104","845","1574","0","53.68","27.89"
"65","000","00","007","0736","1706","717","419","298","56","773","1364","0","56.67","30.72"
"65","000","00","007","0736","1707","766","434","332","88","854","1677","0","50.92","25.88"
"65","000","00","007","0737","0000","1492","862","630","175","1667","2739","0","60.86","31.47"
"65","000","00","007","0737","1665","785","470","315","80","865","1433","0","60.36","32.8"
"65","000","00","007","0737","1666","707","392","315","95","802","1306","0","61.41","30.02"
"65","000","00","007","0738","0000","1509","918","591","138","1647","2998","0","54.94","30.62"
"65","000","00","007","0738","1688","748","437","311","77","825","1517","0","54.38","28.81"
"65","000","00","007","0738","1689","761","481","280","61","822","1481","0","55.5","32.48"
"65","000","00","007","0739","0000","1200","623","577","87","1287","2424","0","53.09","25.7"
"65","000","00","007","0739","1690","628","376","252","49","677","1261","0","53.69","29.82"
"65","000","00","007","0739","1691","572","247","325","38","610","1163","0","52.45","21.24"
"65","000","00","007","0740","0000","1254","730","524","151","1405","2517","0","55.82","29.0"
"65","000","00","007","0740","1649","600","345","255","78","678","1254","0","54.07","27.51"
"65","000","00","007","0740","1650","654","385","269","73","727","1263","0","57.56","30.48"
"65","000","00","007","0741","0000","807","469","338","94","901","1473","0","61.17","31.84"
"65","000","00","007","0741","1651","807","469","338","94","901","1473","0","61.17","31.84"
"65","000","00","007","0742","0000","1046","573","473","104","1150","1873","0","61.4","30.59"
"65","000","00","007","0742","1622","401","209","192","56","457","736","0","62.09","28.4"
"65","000","00","007","0742","1623","645","364","281","48","693","1137","0","60.95","32.01"
"65","000","00","008","0000","0000","34178","19947","14231","3399","37577","71645","86223","52.45","27.84"
"65","000","00","008","0801","0000","522","305","217","59","581","965","0","60.21","31.61"
"65","000","00","008","0801","1726","522","305","217","59","581","965","0","60.21","31.61"
"65","000","00","008","0802","0000","1002","599","403","81","1083","2019","0","53.64","29.67"
"65","000","00","008","0802","1729","543","326","217","54","597","1057","0","56.48","30.84"
"65","000","00","008","0802","1730","459","273","186","27","486","962","0","50.52","28.38"
"65","000","00","008","0803","0000","2502","1472","1030","239","2741","5052","0","54.26","29.14"
"65","000","00","008","0803","1732","977","544","433","84","1061","1742","0","60.91","31.23"
"65","000","00","008","0803","1733","786","470","316","73","859","1634","0","52.57","28.76"
"65","000","00","008","0803","1734","739","458","281","82","821","1676","0","48.99","27.33"
"65","000","00","008","0804","0000","1786","1030","756","165","1951","3728","0","52.33","27.63"
"65","000","00","008","0804","1727","980","538","442","83","1063","1931","0","55.05","27.86"
"65","000","00","008","0804","1728","806","492","314","82","888","1797","0","49.42","27.38"
"65","000","00","008","0805","0000","528","309","219","54","582","934","0","62.31","33.08"
"65","000","00","008","0805","1731","528","309","219","54","582","934","0","62.31","33.08"
"65","000","00","008","0806","0000","267","161","106","26","293","515","0","56.89","31.26"
"65","000","00","008","0806","1725","267","161","106","26","293","515","0","56.89","31.26"
"65","000","00","008","0807","0000","776","493","283","65","841","1440","0","58.4","34.24"
"65","000","00","008","0807","1750","776","493","283","65","841","1440","0","58.4","34.24"
"65","000","00","008","0808","0000","3732","2193","1539","387","4119","7315","0","56.31","29.98"
"65","000","00","008","0808","1751","879","525","354","113","992","1809","0","54.84","29.02"
"65","000","00","008","0808","1752","904","552","352","82","986","1758","0","56.09","31.4"
"65","000","00","008","0808","1753","795","458","337","72","867","1589","0","54.56","28.82"
"65","000","00","008","0808","1754","567","318","249","65","632","1067","0","59.23","29.8"
"65","000","00","008","0808","1755","587","340","247","55","642","1092","0","58.79","31.14"
"65","000","00","008","0809","0000","1455","824","631","185","1640","3208","0","51.12","25.69"
"65","000","00","008","0809","1747","448","263","185","56","504","942","0","53.5","27.92"
"65","000","00","008","0809","1748","609","333","276","95","704","1317","0","53.45","25.28"
"65","000","00","008","0809","1749","398","228","170","34","432","949","0","45.52","24.03"
"65","000","00","008","0810","0000","2999","1820","1179","275","3274","6702","0","48.85","27.16"
"65","000","00","008","0810","1743","803","483","320","67","870","1737","0","50.09","27.81"
"65","000","00","008","0810","1744","753","491","262","86","839","1669","0","50.27","29.42"
"65","000","00","008","0810","1745","777","460","317","52","829","1842","0","45.01","24.97"
"65","000","00","008","0810","1746","666","386","280","70","736","1454","0","50.62","26.55"
"65","000","00","008","0811","0000","3204","1887","1317","296","3500","7102","0","49.28","26.57"
"65","000","00","008","0811","1739","846","504","342","70","916","1782","0","51.4","28.28"
"65","000","00","008","0811","1740","729","432","297","65","794","1496","0","53.07","28.88"
"65","000","00","008","0811","1741","938","560","378","63","1001","2071","0","48.33","27.04"
"65","000","00","008","0811","1742","691","391","300","98","789","1753","0","45.01","22.3"
"65","000","00","008","0812","0000","348","195","153","40","388","850","0","45.65","22.94"
"65","000","00","008","0812","1738","348","195","153","40","388","850","0","45.65","22.94"
"65","000","00","008","0813","0000","92","49","43","6","98","227","0","43.17","21.59"
"65","000","00","008","0813","1774","92","49","43","6","98","227","0","43.17","21.59"
"65","000","00","008","0814","0000","2118","1222","896","273","2391","4604","0","51.93","26.54"
"65","000","00","008","0814","1768","581","335","246","108","689","1479","0","46.59","22.65"
"65","000","00","008","0814","1769","804","463","341","95","899","1736","0","51.79","26.67"
"65","000","00","008","0814","1770","733","424","309","70","803","1389","0","57.81","30.53"
"65","000","00","008","0815","0000","1880","1057","823","145","2025","4064","0","49.83","26.01"
"65","000","00","008","0815","1762","447","278","169","39","486","1026","0","47.37","27.1"
"65","000","00","008","0815","1763","796","431","365","54","850","1721","0","49.39","25.04"
"65","000","00","008","0815","1764","637","348","289","52","689","1317","0","52.32","26.42"
"65","000","00","008","0816","0000","1758","963","795","237","1995","3526","0","56.58","27.31"
"65","000","00","008","0816","1765","555","304","251","72","627","1046","0","59.94","29.06"
"65","000","00","008","0816","1766","614","335","279","75","689","1144","0","60.23","29.28"
"65","000","00","008","0816","1767","589","324","265","90","679","1336","0","50.82","24.25"
"65","000","00","008","0817","0000","2229","1312","917","207","2436","4249","0","57.33","30.88"
"65","000","00","008","0817","1756","890","526","364","65","955","1730","0","55.2","30.4"
"65","000","00","008","0817","1757","638","379","259","76","714","1281","0","55.74","29.59"
"65","000","00","008","0817","1758","701","407","294","66","767","1238","0","61.95","32.88"
"65","000","00","008","0818","0000","2276","1315","961","232","2508","5137","0","48.82","25.6"
"65","000","00","008","0818","1771","928","537","391","106","1034","1956","0","52.86","27.45"
"65","000","00","008","0818","1772","664","373","291","79","743","1371","0","54.19","27.21"
"65","000","00","008","0818","1773","684","405","279","47","731","1810","0","40.39","22.38"
"65","000","00","008","0819","0000","1876","1125","751","184","2060","4022","0","51.22","27.97"
"65","000","00","008","0819","1759","791","464","327","78","869","1568","0","55.42","29.59"
"65","000","00","008","0819","1760","612","373","239","73","685","1271","0","53.89","29.35"
"65","000","00","008","0819","1761","473","288","185","33","506","1183","0","42.77","24.34"
"65","000","00","008","0820","0000","2828","1616","1212","243","3071","5986","0","51.3","27.0"
"65","000","00","008","0820","1735","991","553","438","136","1127","2052","0","54.92","26.95"
"65","000","00","008","0820","1736","853","481","372","60","913","1977","0","46.18","24.33"
"65","000","00","008","0820","1737","984","582","402","47","1031","1957","0","52.68","29.74"
"65","000","00","009","0000","0000","45193","26544","18649","4162","49355","94291","115712","52.34","28.15"
"65","000","00","009","0901","0000","159","93","66","29","188","274","0","68.61","33.94"
"65","000","00","009","0901","1917","159","93","66","29","188","274","0","68.61","33.94"
"65","000","00","009","0902","0000","277","159","118","45","322","583","0","55.23","27.27"
"65","000","00","009","0902","1918","277","159","118","45","322","583","0","55.23","27.27"
"65","000","00","009","0903","0000","1570","898","672","111","1681","3479","0","48.32","25.81"
"65","000","00","009","0903","1919","741","414","327","32","773","1765","0","43.8","23.46"
"65","000","00","009","0903","1920","829","484","345","79","908","1714","0","52.98","28.24"
"65","000","00","009","0904","0000","1337","757","580","109","1446","2684","0","53.87","28.2"
"65","000","00","009","0904","1921","655","358","297","42","697","1355","0","51.44","26.42"
"65","000","00","009","0904","1922","682","399","283","67","749","1329","0","56.36","30.02"
"65","000","00","009","0905","0000","480","277","203","75","555","1059","0","52.41","26.16"
"65","000","00","009","0905","1923","480","277","203","75","555","1059","0","52.41","26.16"
"65","000","00","009","0906","0000","3259","1829","1430","365","3624","6529","0","55.51","28.01"
"65","000","00","009","0906","1924","700","372","328","82","782","1364","0","57.33","27.27"
"65","000","00","009","0906","1925","576","317","259","70","646","1098","0","58.83","28.87"
"65","000","00","009","0906","1926","653","386","267","58","711","1296","0","54.86","29.78"
"65","000","00","009","0906","1927","573","306","267","101","674","1240","0","54.35","24.68"
"65","000","00","009","0906","1928","757","448","309","54","811","1531","0","52.97","29.26"
"65","000","00","009","0907","0000","2388","1395","993","225","2613","5025","0","52.0","27.76"
"65","000","00","009","0907","1952","757","462","295","67","824","1634","0","50.43","28.27"
"65","000","00","009","0907","1953","833","462","371","88","921","1716","0","53.67","26.92"
"65","000","00","009","0907","1954","798","471","327","70","868","1675","0","51.82","28.12"
"65","000","00","009","0908","0000","4004","2346","1658","354","4358","8724","0","49.95","26.89"
"65","000","00","009","0908","1929","665","431","234","41","706","1444","0","48.89","29.85"
"65","000","00","009","0908","1930","643","358","285","89","732","1347","0","54.34","26.58"
"65","000","00","009","0908","1931","710","413","297","73","783","1455","0","53.81","28.38"
"65","000","00","009","0908","1932","673","408","265","42","715","1556","0","45.95","26.22"
"65","000","00","009","0908","1933","567","305","262","38","605","1390","0","43.53","21.94"
"65","000","00","009","0908","1934","746","431","315","71","817","1532","0","53.33","28.13"
"65","000","00","009","0909","0000","3915","2432","1483","299","4214","8053","0","52.33","30.2"
"65","000","00","009","0909","1935","586","327","259","84","670","1377","0","48.66","23.75"
"65","000","00","009","0909","1936","827","595","232","70","897","1731","0","51.82","34.37"
"65","000","00","009","0909","1937","801","487","314","50","851","1705","0","49.91","28.56"
"65","000","00","009","0909","1938","823","509","314","49","872","1590","0","54.84","32.01"
"65","000","00","009","0909","1939","878","514","364","46","924","1650","0","56.0","31.15"
"65","000","00","009","0910","0000","1659","996","663","212","1871","3638","0","51.43","27.38"
"65","000","00","009","0910","1966","560","316","244","72","632","1389","0","45.5","22.75"
"65","000","00","009","0910","1967","582","342","240","88","670","1315","0","50.95","26.01"
"65","000","00","009","0910","1968","517","338","179","52","569","934","0","60.92","36.19"
"65","000","00","009","0911","0000","966","556","410","101","1067","2199","0","48.52","25.28"
"65","000","00","009","0911","1969","552","320","232","54","606","1270","0","47.72","25.2"
"65","000","00","009","0911","1970","414","236","178","47","461","929","0","49.62","25.4"
"65","000","00","009","0912","0000","471","260","211","39","510","1035","0","49.28","25.12"
"65","000","00","009","0912","1971","471","260","211","39","510","1035","0","49.28","25.12"
"65","000","00","009","0913","0000","197","97","100","26","223","502","0","44.42","19.32"
"65","000","00","009","0913","1972","197","97","100","26","223","502","0","44.42","19.32"
"65","000","00","009","0914","0000","341","188","153","67","408","836","0","48.8","22.49"
"65","000","00","009","0914","1973","341","188","153","67","408","836","0","48.8","22.49"
"65","000","00","009","0915","0000","257","160","97","70","327","669","0","48.88","23.92"
"65","000","00","009","0915","1974","257","160","97","70","327","669","0","48.88","23.92"
"65","000","00","009","0916","0000","352","207","145","78","430","733","0","58.66","28.24"
"65","000","00","009","0916","1975","352","207","145","78","430","733","0","58.66","28.24"
"65","000","00","009","0917","0000","1040","589","451","83","1123","2138","0","52.53","27.55"
"65","000","00","009","0917","1979","402","226","176","44","446","771","0","57.85","29.31"
"65","000","00","009","0917","1980","638","363","275","39","677","1367","0","49.52","26.55"
"65","000","00","009","0918","0000","610","351","259","65","675","1394","0","48.42","25.18"
"65","000","00","009","0918","1978","610","351","259","65","675","1394","0","48.42","25.18"
"65","000","00","009","0919","0000","1225","703","522","142","1367","2761","0","49.51","25.46"
"65","000","00","009","0919","1981","565","316","249","80","645","1241","0","51.97","25.46"
"65","000","00","009","0919","1982","660","387","273","62","722","1520","0","47.5","25.46"
"65","000","00","009","0920","0000","496","294","202","58","554","873","0","63.46","33.68"
"65","000","00","009","0920","1983","496","294","202","58","554","873","0","63.46","33.68"
"65","000","00","009","0921","0000","486","291","195","90","576","1322","0","43.57","22.01"
"65","000","00","009","0921","1986","486","291","195","90","576","1322","0","43.57","22.01"
"65","000","00","009","0922","0000","722","397","325","165","887","1865","0","47.56","21.29"
"65","000","00","009","0922","1984","251","131","120","123","374","768","0","48.7","17.06"
"65","000","00","009","0922","1985","471","266","205","42","513","1097","0","46.76","24.25"
"65","000","00","009","0923","0000","2731","1451","1280","218","2949","5947","0","49.59","24.4"
"65","000","00","009","0923","1959","667","365","302","67","734","1363","0","53.85","26.78"
"65","000","00","009","0923","1960","775","466","309","74","849","1624","0","52.28","28.69"
"65","000","00","009","0923","1961","694","285","409","55","749","1352","0","55.4","21.08"
"65","000","00","009","0923","1962","595","335","260","22","617","1608","0","38.37","20.83"
"65","000","00","009","0924","0000","3018","1799","1219","283","3301","6635","0","49.75","27.11"
"65","000","00","009","0924","1955","665","392","273","62","727","1649","0","44.09","23.77"
"65","000","00","009","0924","1956","704","399","305","82","786","1489","0","52.79","26.8"
"65","000","00","009","0924","1957","797","487","310","72","869","1771","0","49.07","27.5"
"65","000","00","009","0924","1958","852","521","331","67","919","1726","0","53.24","30.19"
"65","000","00","009","0925","0000","2127","1238","889","246","2373","4629","0","51.26","26.74"
"65","000","00","009","0925","1963","704","429","275","74","778","1458","0","53.36","29.42"
"65","000","00","009","0925","1964","736","411","325","52","788","1641","0","48.02","25.05"
"65","000","00","009","0925","1965","687","398","289","120","807","1530","0","52.75","26.01"
"65","000","00","009","0926","0000","1646","994","652","134","1780","3198","0","55.66","31.08"
"65","000","00","009","0926","1976","868","533","335","70","938","1560","0","60.13","34.17"
"65","000","00","009","0926","1977","778","461","317","64","842","1638","0","51.4","28.14"
"65","000","00","009","0927","0000","6573","4057","2516","326","6899","12019","0","57.4","33.75"
"65","000","00","009","0927","1944","831","487","344","34","865","1579","0","54.78","30.84"
"65","000","00","009","0927","1945","735","433","302","31","766","1435","0","53.38","30.17"
"65","000","00","009","0927","1946","928","607","321","41","969","1659","0","58.41","36.59"
"65","000","00","009","0927","1947","859","526","333","57","916","1512","0","60.58","34.79"
"65","000","00","009","0927","1948","819","523","296","53","872","1463","0","59.6","35.75"
"65","000","00","009","0927","1949","814","494","320","34","848","1465","0","57.88","33.72"
"65","000","00","009","0927","1950","805","502","303","31","836","1463","0","57.14","34.31"
"65","000","00","009","0927","1951","782","485","297","45","827","1443","0","57.31","33.61"
"65","000","00","009","0928","0000","2887","1730","1157","147","3034","5488","0","55.28","31.52"
"65","000","00","009","0928","1940","751","422","329","38","789","1441","0","54.75","29.29"
"65","000","00","009","0928","1941","791","485","306","24","815","1404","0","58.05","34.54"
"65","000","00","009","0928","1942","729","455","274","43","772","1295","0","59.61","35.14"
"65","000","00","009","0928","1943","616","368","248","42","658","1348","0","48.81","27.3"
"65","000","00","010","0000","0000","71827","42612","29215","5493","77320","147272","172677","52.5","28.93"
"65","000","00","010","1001","0000","245","139","106","43","288","544","0","52.94","25.55"
"65","000","00","010","1001","0029","245","139","106","43","288","544","0","52.94","25.55"
"65","000","00","010","1002","0000","502","305","197","80","582","1044","0","55.75","29.21"
"65","000","00","010","1002","0030","502","305","197","80","582","1044","0","55.75","29.21"
"65","000","00","010","1003","0000","677","417","260","58","735","1462","0","50.27","28.52"
"65","000","00","010","1003","0031","677","417","260","58","735","1462","0","50.27","28.52"
"65","000","00","010","1004","0000","707","416","291","93","800","1525","0","52.46","27.28"
"65","000","00","010","1004","0032","707","416","291","93","800","1525","0","52.46","27.28"
"65","000","00","010","1005","0000","419","240","179","47","466","986","0","47.26","24.34"
"65","000","00","010","1005","0033","419","240","179","47","466","986","0","47.26","24.34"
"65","000","00","010","1006","0000","1121","678","443","162","1283","2516","0","50.99","26.95"
"65","000","00","010","1006","0035","564","340","224","94","658","1173","0","56.1","28.99"
"65","000","00","010","1006","0036","557","338","219","68","625","1343","0","46.54","25.17"
"65","000","00","010","1007","0000","400","245","155","45","445","806","0","55.21","30.4"
"65","000","00","010","1007","0034","400","245","155","45","445","806","0","55.21","30.4"
"65","000","00","010","1008","0000","5413","3300","2113","308","5721","12236","0","46.76","26.97"
"65","000","00","010","1008","0065","926","585","341","43","969","1837","0","52.75","31.85"
"65","000","00","010","1008","0066","626","378","248","27","653","1924","0","33.94","19.65"
"65","000","00","010","1008","0067","1138","692","446","39","1177","2340","0","50.3","29.57"
"65","000","00","010","1008","0068","688","387","301","99","787","1704","0","46.19","22.71"
"65","000","00","010","1008","0069","671","414","257","48","719","1363","0","52.75","30.37"
"65","000","00","010","1008","0070","1364","844","520","52","1416","3068","0","46.15","27.51"
"65","000","00","010","1009","0000","698","393","305","50","748","1528","0","48.95","25.72"
"65","000","00","010","1009","0071","698","393","305","50","748","1528","0","48.95","25.72"
"65","000","00","010","1010","0000","3047","1813","1234","234","3281","6351","0","51.66","28.55"
"65","000","00","010","1010","0079","701","426","275","79","780","1373","0","56.81","31.03"
"65","000","00","010","1010","0080","864","539","325","62","926","1732","0","53.46","31.12"
"65","000","00","010","1010","0081","699","401","298","58","757","1519","0","49.84","26.4"
"65","000","00","010","1010","0082","783","447","336","35","818","1727","0","47.37","25.88"
"65","000","00","010","1011","0000","2456","1459","997","250","2706","5041","0","53.68","28.94"
"65","000","00","010","1011","0072","733","429","304","80","813","1600","0","50.81","26.81"
"65","000","00","010","1011","0073","969","576","393","90","1059","1874","0","56.51","30.74"
"65","000","00","010","1011","0074","754","454","300","80","834","1567","0","53.22","28.97"
"65","000","00","010","1012","0000","4336","2575","1761","245","4581","8417","0","54.43","30.59"
"65","000","00","010","1012","0093","911","561","350","59","970","1804","0","53.77","31.1"
"65","000","00","010","1012","0094","654","375","279","45","699","1322","0","52.87","28.37"
"65","000","00","010","1012","0095","1000","601","399","45","1045","2019","0","51.76","29.77"
"65","000","00","010","1012","0096","936","541","395","49","985","1696","0","58.08","31.9"
"65","000","00","010","1012","0097","835","497","338","47","882","1576","0","55.96","31.54"
"65","000","00","010","1013","0000","836","470","366","83","919","2027","0","45.34","23.19"
"65","000","00","010","1013","0037","467","282","185","28","495","1153","0","42.93","24.46"
"65","000","00","010","1013","0038","369","188","181","55","424","874","0","48.51","21.51"
"65","000","00","010","1014","0000","496","258","238","92","588","1063","0","55.32","24.27"
"65","000","00","010","1014","0039","496","258","238","92","588","1063","0","55.32","24.27"
"65","000","00","010","1015","0000","582","346","236","59","641","1309","0","48.97","26.43"
"65","000","00","010","1015","0040","582","346","236","59","641","1309","0","48.97","26.43"
"65","000","00","010","1016","0000","626","347","279","67","693","1290","0","53.72","26.9"
"65","000","00","010","1016","0041","626","347","279","67","693","1290","0","53.72","26.9"
"65","000","00","010","1017","0000","3233","1989","1244","219","3452","6129","0","56.32","32.45"
"65","000","00","010","1017","0042","907","565","342","52","959","1675","0","57.25","33.73"
"65","000","00","010","1017","0043","824","493","331","60","884","1589","0","55.63","31.03"
"65","000","00","010","1017","0044","881","559","322","63","944","1624","0","58.13","34.42"
"65","000","00","010","1017","0045","621","372","249","44","665","1241","0","53.59","29.98"
"65","000","00","010","1018","0000","2930","1723","1207","204","3134","5578","0","56.19","30.89"
"65","000","00","010","1018","0046","639","355","284","71","710","1317","0","53.91","26.96"
"65","000","00","010","1018","0047","655","395","260","41","696","1225","0","56.82","32.24"
"65","000","00","010","1018","0048","737","431","306","52","789","1426","0","55.33","30.22"
"65","000","00","010","1018","0049","899","542","357","40","939","1610","0","58.32","33.66"
"65","000","00","010","1019","0000","3161","1821","1340","294","3455","6426","0","53.77","28.34"
"65","000","00","010","1019","0052","873","504","369","52","925","1822","0","50.77","27.66"
"65","000","00","010","1019","0053","630","338","292","92","722","1232","0","58.6","27.44"
"65","000","00","010","1019","0054","815","473","342","91","906","1588","0","57.05","29.79"
"65","000","00","010","1019","0055","843","506","337","59","902","1784","0","50.56","28.36"
"65","000","00","010","1020","0000","2596","1506","1090","171","2767","5205","0","53.16","28.93"
"65","000","00","010","1020","0056","863","481","382","64","927","1762","0","52.61","27.3"
"65","000","00","010","1020","0057","768","466","302","51","819","1546","0","52.98","30.14"
"65","000","00","010","1020","0058","965","559","406","56","1021","1897","0","53.82","29.47"
"65","000","00","010","1021","0000","4618","2809","1809","261","4879","9332","0","52.28","30.1"
"65","000","00","010","1021","0059","748","453","295","51","799","1489","0","53.66","30.42"
"65","000","00","010","1021","0060","813","502","311","62","875","1679","0","52.11","29.9"
"65","000","00","010","1021","0061","794","479","315","52","846","1693","0","49.97","28.29"
"65","000","00","010","1021","0062","833","507","326","29","862","1674","0","51.49","30.29"
"65","000","00","010","1021","0063","690","419","271","39","729","1330","0","54.81","31.5"
"65","000","00","010","1021","0064","740","449","291","28","768","1467","0","52.35","30.61"
"65","000","00","010","1022","0000","2837","1712","1125","186","3023","5459","0","55.38","31.36"
"65","000","00","010","1022","0098","945","578","367","53","998","1781","0","56.04","32.45"
"65","000","00","010","1022","0099","916","555","361","59","975","1665","0","58.56","33.33"
"65","000","00","010","1022","0100","976","579","397","74","1050","2013","0","52.16","28.76"
"65","000","00","010","1023","0000","1809","1054","755","139","1948","3659","0","53.24","28.81"
"65","000","00","010","1023","0106","552","318","234","32","584","1289","0","45.31","24.67"
"65","000","00","010","1023","0107","715","427","288","69","784","1319","0","59.44","32.37"
"65","000","00","010","1023","0108","542","309","233","38","580","1051","0","55.19","29.4"
"65","000","00","010","1024","0000","668","368","300","53","721","1348","0","53.49","27.3"
"65","000","00","010","1024","0109","668","368","300","53","721","1348","0","53.49","27.3"
"65","000","00","010","1025","0000","532","314","218","38","570","1106","0","51.54","28.39"
"65","000","00","010","1025","0110","532","314","218","38","570","1106","0","51.54","28.39"
"65","000","00","010","1026","0000","377","206","171","43","420","717","0","58.58","28.73"
"65","000","00","010","1026","0111","377","206","171","43","420","717","0","58.58","28.73"
"65","000","00","010","1027","0000","674","377","297","50","724","1385","0","52.27","27.22"
"65","000","00","010","1027","0112","674","377","297","50","724","1385","0","52.27","27.22"
"65","000","00","010","1028","0000","461","247","214","45","506","841","0","60.17","29.37"
"65","000","00","010","1028","0113","461","247","214","45","506","841","0","60.17","29.37"
"65","000","00","010","1029","0000","347","192","155","35","382","665","0","57.44","28.87"
"65","000","00","010","1029","0114","347","192","155","35","382","665","0","57.44","28.87"
"65","000","00","010","1030","0000","227","126","101","24","251","419","0","59.9","30.07"
"65","000","00","010","1030","0115","227","126","101","24","251","419","0","59.9","30.07"
"65","000","00","010","1031","0000","841","490","351","42","883","1599","0","55.22","30.64"
"65","000","00","010","1031","0116","841","490","351","42","883","1599","0","55.22","30.64"
"65","000","00","010","1032","0000","2421","1451","970","207","2628","4930","0","53.31","29.43"
"65","000","00","010","1032","0117","817","469","348","64","881","1670","0","52.75","28.08"
"65","000","00","010","1032","0118","880","552","328","72","952","1683","0","56.57","32.8"
"65","000","00","010","1032","0119","724","430","294","71","795","1577","0","50.41","27.27"
"65","000","00","010","1033","0000","1713","1018","695","119","1832","3832","0","47.81","26.57"
"65","000","00","010","1033","0120","762","442","320","47","809","1618","0","50.0","27.32"
"65","000","00","010","1033","0121","951","576","375","72","1023","2214","0","46.21","26.02"
"65","000","00","010","1034","0000","1862","1081","781","191","2053","3750","0","54.75","28.83"
"65","000","00","010","1034","0083","643","364","279","70","713","1297","0","54.97","28.06"
"65","000","00","010","1034","0084","513","298","215","56","569","1066","0","53.38","27.95"
"65","000","00","010","1034","0085","706","419","287","65","771","1387","0","55.59","30.21"
"65","000","00","010","1035","0000","3656","2159","1497","269","3925","7408","0","52.98","29.14"
"65","000","00","010","1035","0086","975","571","404","64","1039","1909","0","54.43","29.91"
"65","000","00","010","1035","0087","897","544","353","54","951","1770","0","53.73","30.73"
"65","000","00","010","1035","0088","950","567","383","80","1030","2049","0","50.27","27.67"
"65","000","00","010","1035","0089","834","477","357","71","905","1680","0","53.87","28.39"
"65","000","00","010","1036","0000","2228","1300","928","174","2402","4250","0","56.52","30.59"
"65","000","00","010","1036","0090","784","449","335","67","851","1433","0","59.39","31.33"
"65","000","00","010","1036","0091","686","388","298","46","732","1365","0","53.63","28.42"
"65","000","00","010","1036","0092","758","463","295","61","819","1452","0","56.4","31.89"
"65","000","00","010","1037","0000","2067","1274","793","114","2181","4020","0","54.25","31.69"
"65","000","00","010","1037","0077","1048","631","417","62","1110","1992","0","55.72","31.68"
"65","000","00","010","1037","0078","1019","643","376","52","1071","2028","0","52.81","31.71"
"65","000","00","010","1038","0000","1247","739","508","75","1322","2456","0","53.83","30.09"
"65","000","00","010","1038","0075","668","410","258","32","700","1245","0","56.22","32.93"
"65","000","00","010","1038","0076","579","329","250","43","622","1211","0","51.36","27.17"
"65","000","00","010","1039","0000","1843","1094","749","132","1975","3906","0","50.56","28.01"
"65","000","00","010","1039","0050","1015","601","414","68","1083","1982","0","54.64","30.32"
"65","000","00","010","1039","0051","828","493","335","64","892","1924","0","46.36","25.62"
"65","000","00","010","1040","0000","1797","1009","788","144","1941","3612","0","53.74","27.93"
"65","000","00","010","1040","0101","538","295","243","54","592","1108","0","53.43","26.62"
"65","000","00","010","1040","0102","647","386","261","65","712","1305","0","54.56","29.58"
"65","000","00","010","1040","0103","612","328","284","25","637","1199","0","53.13","27.36"
"65","000","00","010","1041","0000","1969","1176","793","140","2109","4142","0","50.92","28.39"
"65","000","00","010","1041","0104","1007","615","392","67","1074","2017","0","53.25","30.49"
"65","000","00","010","1041","0105","962","561","401","73","1035","2125","0","48.71","26.4"
"65","000","00","010","1042","0000","3152","1976","1176","208","3360","6953","0","48.32","28.42"
"65","000","00","010","1042","0122","863","515","348","88","951","1832","0","51.91","28.11"
"65","000","00","010","1042","0123","1024","653","371","85","1109","2123","0","52.24","30.76"
"65","000","00","010","1042","0124","1265","808","457","35","1300","2998","0","43.36","26.95"
"65","000","00","011","0000","0000","84412","50587","33825","7281","91693","173831","200217","52.75","29.1"
"65","000","00","011","1101","0000","637","361","276","70","707","1262","0","56.02","28.61"
"65","000","00","011","1101","2337","637","361","276","70","707","1262","0","56.02","28.61"
"65","000","00","011","1102","0000","466","253","213","73","539","917","0","58.78","27.59"
"65","000","00","011","1102","2338","466","253","213","73","539","917","0","58.78","27.59"
"65","000","00","011","1103","0000","2071","1262","809","177","2248","4156","0","54.09","30.37"
"65","000","00","011","1103","2339","975","618","357","93","1068","1929","0","55.37","32.04"
"65","000","00","011","1103","2340","1096","644","452","84","1180","2227","0","52.99","28.92"
"65","000","00","011","1104","0000","150","89","61","25","175","322","0","54.35","27.64"
"65","000","00","011","1104","2343","150","89","61","25","175","322","0","54.35","27.64"
"65","000","00","011","1105","0000","1214","738","476","114","1328","2564","0","51.79","28.78"
"65","000","00","011","1105","2373","608","382","226","59","667","1244","0","53.62","30.71"
"65","000","00","011","1105","2374","606","356","250","55","661","1320","0","50.08","26.97"
"65","000","00","011","1106","0000","1693","1012","681","148","1841","4797","0","38.38","21.1"
"65","000","00","011","1106","2350","327","183","144","29","356","1809","0","19.68","10.12"
"65","000","00","011","1106","2351","700","419","281","45","745","1601","0","46.53","26.17"
"65","000","00","011","1106","2352","666","410","256","74","740","1387","0","53.35","29.56"
"65","000","00","011","1107","0000","2346","1384","962","145","2491","4840","0","51.47","28.6"
"65","000","00","011","1107","2344","764","429","335","5","769","1460","0","52.67","29.38"
"65","000","00","011","1107","2345","803","490","313","71","874","1719","0","50.84","28.5"
"65","000","00","011","1107","2346","779","465","314","69","848","1661","0","51.05","28.0"
"65","000","00","011","1108","0000","3169","1921","1248","230","3399","6144","0","55.32","31.27"
"65","000","00","011","1108","2355","1035","634","401","78","1113","2072","0","53.72","30.6"
"65","000","00","011","1108","2356","1153","697","456","83","1236","2120","0","58.3","32.88"
"65","000","00","011","1108","2357","981","590","391","69","1050","1952","0","53.79","30.23"
"65","000","00","011","1109","0000","1828","1011","817","201","2029","3964","0","51.19","25.5"
"65","000","00","011","1109","2365","629","355","274","89","718","1363","0","52.68","26.05"
"65","000","00","011","1109","2366","646","354","292","50","696","1368","0","50.88","25.88"
"65","000","00","011","1109","2367","553","302","251","62","615","1233","0","49.88","24.49"
"65","000","00","011","1110","0000","654","364","290","84","738","1481","0","49.83","24.58"
"65","000","00","011","1110","2378","654","364","290","84","738","1481","0","49.83","24.58"
"65","000","00","011","1111","0000","696","412","284","77","773","1497","0","51.64","27.52"
"65","000","00","011","1111","2379","696","412","284","77","773","1497","0","51.64","27.52"
"65","000","00","011","1112","0000","1847","1125","722","126","1973","3940","0","50.08","28.55"
"65","000","00","011","1112","2381","883","545","338","72","955","1913","0","49.92","28.49"
"65","000","00","011","1112","2382","964","580","384","54","1018","2027","0","50.22","28.61"
"65","000","00","011","1113","0000","955","601","354","98","1053","2127","0","49.51","28.26"
"65","000","00","011","1113","2385","955","601","354","98","1053","2127","0","49.51","28.26"
"65","000","00","011","1114","0000","2404","1388","1016","247","2651","5447","0","48.67","25.48"
"65","000","00","011","1114","2386","706","427","279","70","776","1642","0","47.26","26.0"
"65","000","00","011","1114","2387","900","514","386","98","998","1912","0","52.2","26.88"
"65","000","00","011","1114","2388","798","447","351","79","877","1893","0","46.33","23.61"
"65","000","00","011","1115","0000","2063","1285","778","230","2293","4554","0","50.35","28.22"
"65","000","00","011","1115","2389","627","372","255","87","714","1466","0","48.7","25.38"
"65","000","00","011","1115","2390","703","441","262","90","793","1538","0","51.56","28.67"
"65","000","00","011","1115","2391","733","472","261","53","786","1550","0","50.71","30.45"
"65","000","00","011","1116","0000","665","404","261","76","741","1456","0","50.89","27.75"
"65","000","00","011","1116","2392","665","404","261","76","741","1456","0","50.89","27.75"
"65","000","00","011","1117","0000","518","291","227","56","574","947","0","60.61","30.73"
"65","000","00","011","1117","2393","518","291","227","56","574","947","0","60.61","30.73"
"65","000","00","011","1118","0000","809","491","318","46","855","1988","0","43.01","24.7"
"65","000","00","011","1118","2400","809","491","318","46","855","1988","0","43.01","24.7"
"65","000","00","011","1119","0000","1703","988","715","285","1988","4055","0","49.03","24.36"
"65","000","00","011","1119","2395","826","477","349","203","1029","2043","0","50.37","23.35"
"65","000","00","011","1119","2396","877","511","366","82","959","2012","0","47.66","25.4"
"65","000","00","011","1120","0000","2708","1595","1113","282","2990","5100","0","58.63","31.27"
"65","000","00","011","1120","2431","693","399","294","72","765","1335","0","57.3","29.89"
"65","000","00","011","1120","2432","748","462","286","60","808","1324","0","61.03","34.89"
"65","000","00","011","1120","2433","705","424","281","76","781","1286","0","60.73","32.97"
"65","000","00","011","1120","2434","562","310","252","74","636","1155","0","55.06","26.84"
"65","000","00","011","1121","0000","1755","1112","643","141","1896","3847","0","49.29","28.91"
"65","000","00","011","1121","2363","811","506","305","70","881","1941","0","45.39","26.07"
"65","000","00","011","1121","2364","944","606","338","71","1015","1906","0","53.25","31.79"
"65","000","00","011","1122","0000","2068","1228","840","237","2305","4215","0","54.69","29.13"
"65","000","00","011","1122","2438","1054","622","432","141","1195","2184","0","54.72","28.48"
"65","000","00","011","1122","2439","1014","606","408","96","1110","2031","0","54.65","29.84"
"65","000","00","011","1123","0000","279","155","124","25","304","556","0","54.68","27.88"
"65","000","00","011","1123","2380","279","155","124","25","304","556","0","54.68","27.88"
"65","000","00","011","1124","0000","1727","1060","667","135","1862","3336","0","55.82","31.77"
"65","000","00","011","1124","2440","886","535","351","76","962","1759","0","54.69","30.42"
"65","000","00","011","1124","2441","841","525","316","59","900","1577","0","57.07","33.29"
"65","000","00","011","1125","0000","1428","912","516","95","1523","2765","0","55.08","32.98"
"65","000","00","011","1125","2442","693","441","252","33","726","1364","0","53.23","32.33"
"65","000","00","011","1125","2443","735","471","264","62","797","1401","0","56.89","33.62"
"65","000","00","011","1126","0000","3149","1918","1231","305","3454","6938","0","49.78","27.64"
"65","000","00","011","1126","2411","816","487","329","77","893","1765","0","50.59","27.59"
"65","000","00","011","1126","2412","765","473","292","41","806","1815","0","44.41","26.06"
"65","000","00","011","1126","2413","788","469","319","95","883","1778","0","49.66","26.38"
"65","000","00","011","1126","2414","780","489","291","92","872","1580","0","55.19","30.95"
"65","000","00","011","1127","0000","2577","1560","1017","169","2746","5304","0","51.77","29.41"
"65","000","00","011","1127","2422","928","546","382","62","990","2035","0","48.65","26.83"
"65","000","00","011","1127","2423","901","543","358","71","972","1895","0","51.29","28.65"
"65","000","00","011","1127","2424","748","471","277","36","784","1374","0","57.06","34.28"
"65","000","00","011","1128","0000","748","334","414","97","845","1595","0","52.98","20.94"
"65","000","00","011","1128","2336","748","334","414","97","845","1595","0","52.98","20.94"
"65","000","00","011","1129","0000","3078","1912","1166","248","3326","6514","0","51.06","29.35"
"65","000","00","011","1129","2405","735","442","293","50","785","1511","0","51.95","29.25"
"65","000","00","011","1129","2406","753","486","267","54","807","1691","0","47.72","28.74"
"65","000","00","011","1129","2407","800","479","321","69","869","1636","0","53.12","29.28"
"65","000","00","011","1129","2408","790","505","285","75","865","1676","0","51.61","30.13"
"65","000","00","011","1130","0000","3506","2087","1419","309","3815","7292","0","52.32","28.62"
"65","000","00","011","1130","2401","1019","585","434","70","1089","2198","0","49.55","26.62"
"65","000","00","011","1130","2402","798","473","325","71","869","1712","0","50.76","27.63"
"65","000","00","011","1130","2403","926","558","368","79","1005","1806","0","55.65","30.9"
"65","000","00","011","1130","2404","763","471","292","89","852","1576","0","54.06","29.89"
"65","000","00","011","1131","0000","2385","1443","942","216","2601","4725","0","55.05","30.54"
"65","000","00","011","1131","2358","787","481","306","91","878","1654","0","53.08","29.08"
"65","000","00","011","1131","2359","678","425","253","83","761","1444","0","52.7","29.43"
"65","000","00","011","1131","2360","920","537","383","42","962","1627","0","59.13","33.01"
"65","000","00","011","1132","0000","1838","1098","740","164","2002","3817","0","52.45","28.77"
"65","000","00","011","1132","2361","824","486","338","83","907","1751","0","51.8","27.76"
"65","000","00","011","1132","2362","1014","612","402","81","1095","2066","0","53.0","29.62"
"65","000","00","011","1133","0000","2115","1265","850","204","2319","4604","0","50.37","27.48"
"65","000","00","011","1133","2397","624","379","245","54","678","1471","0","46.09","25.76"
"65","000","00","011","1133","2398","742","431","311","76","818","1603","0","51.03","26.89"
"65","000","00","011","1133","2399","749","455","294","74","823","1530","0","53.79","29.74"
"65","000","00","011","1134","0000","1388","804","584","118","1506","2941","0","51.21","27.34"
"65","000","00","011","1134","2415","751","421","330","56","807","1516","0","53.23","27.77"
"65","000","00","011","1134","2416","637","383","254","62","699","1425","0","49.05","26.88"
"65","000","00","011","1135","0000","1413","805","608","134","1547","2824","0","54.78","28.51"
"65","000","00","011","1135","2417","716","423","293","51","767","1388","0","55.26","30.48"
"65","000","00","011","1135","2418","697","382","315","83","780","1436","0","54.32","26.6"
"65","000","00","011","1136","0000","2206","1339","867","135","2341","4624","0","50.63","28.96"
"65","000","00","011","1136","2419","782","479","303","58","840","1591","0","52.8","30.11"
"65","000","00","011","1136","2420","772","474","298","42","814","1639","0","49.66","28.92"
"65","000","00","011","1136","2421","652","386","266","35","687","1394","0","49.28","27.69"
"65","000","00","011","1137","0000","1834","1136","698","116","1950","3176","0","61.4","35.77"
"65","000","00","011","1137","2435","983","610","373","47","1030","1682","0","61.24","36.27"
"65","000","00","011","1137","2436","851","526","325","69","920","1494","0","61.58","35.21"
"65","000","00","011","1138","0000","630","314","316","73","703","1166","0","60.29","26.93"
"65","000","00","011","1138","2437","630","314","316","73","703","1166","0","60.29","26.93"
"65","000","00","011","1139","0000","1997","1234","763","116","2113","3753","0","56.3","32.88"
"65","000","00","011","1139","2444","647","377","270","46","693","1173","0","59.08","32.14"
"65","000","00","011","1139","2445","548","330","218","33","581","993","0","58.51","33.23"
"65","000","00","011","1139","2446","802","527","275","37","839","1587","0","52.87","33.21"
"65","000","00","011","1140","0000","1186","730","456","75","1261","2429","0","51.91","30.05"
"65","000","00","011","1140","2409","610","370","240","46","656","1264","0","51.9","29.27"
"65","000","00","011","1140","2410","576","360","216","29","605","1165","0","51.93","30.9"
"65","000","00","011","1141","0000","1305","756","549","106","1411","2510","0","56.22","30.12"
"65","000","00","011","1141","2341","589","323","266","60","649","1143","0","56.78","28.26"
"65","000","00","011","1141","2342","716","433","283","46","762","1367","0","55.74","31.68"
"65","000","00","011","1142","0000","2103","1223","880","155","2258","4378","0","51.58","27.94"
"65","000","00","011","1142","2368","735","449","286","40","775","1554","0","49.87","28.89"
"65","000","00","011","1142","2369","787","426","361","66","853","1700","0","50.18","25.06"
"65","000","00","011","1142","2370","581","348","233","49","630","1124","0","56.05","30.96"
"65","000","00","011","1143","0000","3015","1863","1152","209","3224","5763","0","55.94","32.33"
"65","000","00","011","1143","2427","794","508","286","64","858","1548","0","55.43","32.82"
"65","000","00","011","1143","2428","734","467","267","37","771","1350","0","57.11","34.59"
"65","000","00","011","1143","2429","761","427","334","50","811","1499","0","54.1","28.49"
"65","000","00","011","1143","2430","726","461","265","58","784","1366","0","57.39","33.75"
"65","000","00","011","1144","0000","488","277","211","29","517","923","0","56.01","30.01"
"65","000","00","011","1144","2394","488","277","211","29","517","923","0","56.01","30.01"
"65","000","00","011","1145","0000","2525","1551","974","217","2742","4938","0","55.53","31.41"
"65","000","00","011","1145","2347","829","521","308","70","899","1590","0","56.54","32.77"
"65","000","00","011","1145","2348","802","464","338","71","873","1599","0","54.6","29.02"
"65","000","00","011","1145","2349","894","566","328","76","970","1749","0","55.46","32.36"
"65","000","00","011","1146","0000","2049","1261","788","148","2197","3853","0","57.02","32.73"
"65","000","00","011","1146","2353","963","567","396","80","1043","1779","0","58.63","31.87"
"65","000","00","011","1146","2354","1086","694","392","68","1154","2074","0","55.64","33.46"
"65","000","00","011","1147","0000","2377","1441","936","192","2569","4541","0","56.57","31.73"
"65","000","00","011","1147","2375","767","445","322","65","832","1473","0","56.48","30.21"
"65","000","00","011","1147","2376","920","584","336","76","996","1802","0","55.27","32.41"
"65","000","00","011","1147","2377","690","412","278","51","741","1266","0","58.53","32.54"
"65","000","00","011","1148","0000","2020","1223","797","162","2182","3950","0","55.24","30.96"
"65","000","00","011","1148","2371","1010","597","413","75","1085","1900","0","57.11","31.42"
"65","000","00","011","1148","2372","1010","626","384","87","1097","2050","0","53.51","30.54"
"65","000","00","011","1149","0000","1393","842","551","61","1454","2373","0","61.27","35.48"
"65","000","00","011","1149","2425","583","327","256","36","619","1061","0","58.34","30.82"
"65","000","00","011","1149","2426","810","515","295","25","835","1312","0","63.64","39.25"
"65","000","00","011","1150","0000","1234","729","505","100","1334","2623","0","50.86","27.79"
"65","000","00","011","1150","2383","897","546","351","49","946","1927","0","49.09","28.33"
"65","000","00","011","1150","2384","337","183","154","51","388","696","0","55.75","26.29"
"65","000","00","012","0000","0000","14997","8893","6104","1750","16747","35036","40022","47.8","25.38"
"65","000","00","012","1201","0000","374","215","159","47","421","725","0","58.07","29.66"
"65","000","00","012","1201","2220","374","215","159","47","421","725","0","58.07","29.66"
"65","000","00","012","1202","0000","941","563","378","98","1039","1899","0","54.71","29.65"
"65","000","00","012","1202","2221","532","310","222","75","607","1074","0","56.52","28.86"
"65","000","00","012","1202","2222","409","253","156","23","432","825","0","52.36","30.67"
"65","000","00","012","1203","0000","607","357","250","30","637","1242","0","51.29","28.74"
"65","000","00","012","1203","2223","607","357","250","30","637","1242","0","51.29","28.74"
"65","000","00","012","1204","0000","736","437","299","100","836","1632","0","51.23","26.78"
"65","000","00","012","1204","2225","414","250","164","52","466","872","0","53.44","28.67"
"65","000","00","012","1204","2226","322","187","135","48","370","760","0","48.68","24.61"
"65","000","00","012","1205","0000","559","349","210","65","624","1330","0","46.92","26.24"
"65","000","00","012","1205","2227","559","349","210","65","624","1330","0","46.92","26.24"
"65","000","00","012","1206","0000","286","173","113","39","325","598","0","54.35","28.93"
"65","000","00","012","1206","2224","286","173","113","39","325","598","0","54.35","28.93"
"65","000","00","012","1207","0000","1605","943","662","197","1802","3609","0","49.93","26.13"
"65","000","00","012","1207","2228","713","430","283","72","785","1683","0","46.64","25.55"
"65","000","00","012","1207","2229","449","257","192","65","514","980","0","52.45","26.22"
"65","000","00","012","1207","2230","443","256","187","60","503","946","0","53.17","27.06"
"65","000","00","012","1208","0000","486","283","203","73","559","1089","0","51.33","25.99"
"65","000","00","012","1208","2235","486","283","203","73","559","1089","0","51.33","25.99"
"65","000","00","012","1209","0000","663","377","286","77","740","1623","0","45.59","23.23"
"65","000","00","012","1209","2233","389","222","167","37","426","978","0","43.56","22.7"
"65","000","00","012","1209","2234","274","155","119","40","314","645","0","48.68","24.03"
"65","000","00","012","1210","0000","524","329","195","68","592","1291","0","45.86","25.48"
"65","000","00","012","1210","2245","310","195","115","53","363","673","0","53.94","28.97"
"65","000","00","012","1210","2246","214","134","80","15","229","618","0","37.06","21.68"
"65","000","00","012","1211","0000","767","461","306","136","903","1701","0","53.09","27.1"
"65","000","00","012","1211","2240","403","243","160","47","450","817","0","55.08","29.74"
"65","000","00","012","1211","2241","364","218","146","89","453","884","0","51.24","24.66"
"65","000","00","012","1212","0000","1267","755","512","128","1395","2985","0","46.73","25.29"
"65","000","00","012","1212","2242","558","328","230","61","619","1333","0","46.44","24.61"
"65","000","00","012","1212","2243","220","138","82","14","234","607","0","38.55","22.73"
"65","000","00","012","1212","2244","489","289","200","53","542","1045","0","51.87","27.66"
"65","000","00","012","1213","0000","865","506","359","94","959","1923","0","49.87","26.31"
"65","000","00","012","1213","2247","454","259","195","39","493","1063","0","46.38","24.37"
"65","000","00","012","1213","2248","411","247","164","55","466","860","0","54.19","28.72"
"65","000","00","012","1214","0000","186","100","86","44","230","461","0","49.89","21.69"
"65","000","00","012","1214","2237","186","100","86","44","230","461","0","49.89","21.69"
"65","000","00","012","1215","0000","116","66","50","22","138","274","0","50.36","24.09"
"65","000","00","012","1215","2238","116","66","50","22","138","274","0","50.36","24.09"
"65","000","00","012","1216","0000","108","65","43","15","123","286","0","43.01","22.73"
"65","000","00","012","1216","2236","108","65","43","15","123","286","0","43.01","22.73"
"65","000","00","012","1217","0000","83","49","34","10","93","155","0","60.0","31.61"
"65","000","00","012","1217","2239","83","49","34","10","93","155","0","60.0","31.61"
"65","000","00","012","1218","0000","121","68","53","5","126","432","0","29.17","15.74"
"65","000","00","012","1218","2249","121","68","53","5","126","432","0","29.17","15.74"
"65","000","00","012","1219","0000","160","95","65","12","172","445","0","38.65","21.35"
"65","000","00","012","1219","2250","160","95","65","12","172","445","0","38.65","21.35"
"65","000","00","012","1220","0000","123","68","55","11","134","318","0","42.14","21.38"
"65","000","00","012","1220","2251","123","68","55","11","134","318","0","42.14","21.38"
"65","000","00","012","1221","0000","65","31","34","12","77","159","0","48.43","19.5"
"65","000","00","012","1221","2252","65","31","34","12","77","159","0","48.43","19.5"
"65","000","00","012","1222","0000","127","78","49","18","145","337","0","43.03","23.15"
"65","000","00","012","1222","2253","127","78","49","18","145","337","0","43.03","23.15"
"65","000","00","012","1223","0000","170","105","65","22","192","369","0","52.03","28.46"
"65","000","00","012","1223","2256","170","105","65","22","192","369","0","52.03","28.46"
"65","000","00","012","1224","0000","87","58","29","11","98","180","0","54.44","32.22"
"65","000","00","012","1224","2254","87","58","29","11","98","180","0","54.44","32.22"
"65","000","00","012","1225","0000","67","46","21","14","81","187","0","43.32","24.6"
"65","000","00","012","1225","2255","67","46","21","14","81","187","0","43.32","24.6"
"65","000","00","012","1226","0000","158","81","77","28","186","335","0","55.52","24.18"
"65","000","00","012","1226","2257","158","81","77","28","186","335","0","55.52","24.18"
"65","000","00","012","1227","0000","109","64","45","7","116","297","0","39.06","21.55"
"65","000","00","012","1227","2259","109","64","45","7","116","297","0","39.06","21.55"
"65","000","00","012","1228","0000","181","112","69","19","200","470","0","42.55","23.83"
"65","000","00","012","1228","2258","181","112","69","19","200","470","0","42.55","23.83"
"65","000","00","012","1229","0000","416","244","172","32","448","1241","0","36.1","19.66"
"65","000","00","012","1229","2262","416","244","172","32","448","1241","0","36.1","19.66"
"65","000","00","012","1230","0000","886","518","368","144","1030","1946","0","52.93","26.62"
"65","000","00","012","1230","2263","454","265","189","78","532","998","0","53.31","26.55"
"65","000","00","012","1230","2264","432","253","179","66","498","948","0","52.53","26.69"
"65","000","00","012","1231","0000","466","276","190","38","504","1308","0","38.53","21.1"
"65","000","00","012","1231","2265","466","276","190","38","504","1308","0","38.53","21.1"
"65","000","00","012","1232","0000","158","89","69","8","166","267","0","62.17","33.33"
"65","000","00","012","1232","2260","158","89","69","8","166","267","0","62.17","33.33"
"65","000","00","012","1233","0000","220","130","90","11","231","876","0","26.37","14.84"
"65","000","00","012","1233","2261","220","130","90","11","231","876","0","26.37","14.84"
"65","000","00","012","1234","0000","1310","802","508","115","1425","3046","0","46.78","26.33"
"65","000","00","012","1234","2231","556","345","211","50","606","1375","0","44.07","25.09"
"65","000","00","012","1234","2232","754","457","297","65","819","1671","0","49.01","27.35"
"65","000","00","013","0000","0000","99523","59061","40462","10321","109844","200783","236964","54.71","29.42"
"65","000","00","013","1301","0000","1616","941","675","216","1832","4869","0","37.63","19.33"
"65","000","00","013","1301","1799","482","271","211","64","546","2518","0","21.68","10.76"
"65","000","00","013","1301","1800","570","347","223","68","638","1218","0","52.38","28.49"
"65","000","00","013","1301","1801","564","323","241","84","648","1133","0","57.19","28.51"
"65","000","00","013","1302","0000","937","562","375","110","1047","1825","0","57.37","30.79"
"65","000","00","013","1302","1802","452","251","201","45","497","894","0","55.59","28.08"
"65","000","00","013","1302","1803","485","311","174","65","550","931","0","59.08","33.4"
"65","000","00","013","1303","0000","2703","1536","1167","313","3016","5283","0","57.09","29.07"
"65","000","00","013","1303","1808","691","394","297","95","786","1378","0","57.04","28.59"
"65","000","00","013","1303","1809","739","411","328","90","829","1421","0","58.34","28.92"
"65","000","00","013","1303","1810","656","398","258","67","723","1340","0","53.96","29.7"
"65","000","00","013","1303","1811","617","333","284","61","678","1144","0","59.27","29.11"
"65","000","00","013","1304","0000","2385","1311","1074","239","2624","4954","0","52.97","26.46"
"65","000","00","013","1304","1795","648","336","312","51","699","1292","0","54.1","26.01"
"65","000","00","013","1304","1796","618","355","263","39","657","1324","0","49.62","26.81"
"65","000","00","013","1304","1797","534","289","245","79","613","1155","0","53.07","25.02"
"65","000","00","013","1304","1798","585","331","254","70","655","1183","0","55.37","27.98"
"65","000","00","013","1305","0000","1064","743","321","90","1154","1820","0","63.41","40.82"
"65","000","00","013","1305","1804","1064","743","321","90","1154","1820","0","63.41","40.82"
"65","000","00","013","1306","0000","2070","1275","795","291","2361","4161","0","56.74","30.64"
"65","000","00","013","1306","1820","677","440","237","102","779","1356","0","57.45","32.45"
"65","000","00","013","1306","1821","753","465","288","85","838","1496","0","56.02","31.08"
"65","000","00","013","1306","1822","640","370","270","104","744","1309","0","56.84","28.27"
"65","000","00","013","1307","0000","2685","1553","1132","303","2988","5067","0","58.97","30.65"
"65","000","00","013","1307","1816","622","364","258","82","704","1230","0","57.24","29.59"
"65","000","00","013","1307","1817","682","393","289","88","770","1342","0","57.38","29.28"
"65","000","00","013","1307","1818","694","407","287","47","741","1268","0","58.44","32.1"
"65","000","00","013","1307","1819","687","389","298","86","773","1227","0","63.0","31.7"
"65","000","00","013","1308","0000","1960","1133","827","218","2178","3900","0","55.85","29.05"
"65","000","00","013","1308","1827","583","343","240","85","668","1182","0","56.51","29.02"
"65","000","00","013","1308","1828","779","445","334","67","846","1558","0","54.3","28.56"
"65","000","00","013","1308","1829","598","345","253","66","664","1160","0","57.24","29.74"
"65","000","00","013","1309","0000","1504","953","551","153","1657","2965","0","55.89","32.14"
"65","000","00","013","1309","1858","691","436","255","83","774","1445","0","53.56","30.17"
"65","000","00","013","1309","1859","813","517","296","70","883","1520","0","58.09","34.01"
"65","000","00","013","1310","0000","3871","2313","1558","415","4286","7503","0","57.12","30.83"
"65","000","00","013","1310","1840","763","431","332","102","865","1576","0","54.89","27.35"
"65","000","00","013","1310","1841","755","455","300","81","836","1458","0","57.34","31.21"
"65","000","00","013","1310","1842","737","433","304","133","870","1517","0","57.35","28.54"
"65","000","00","013","1310","1843","805","505","300","61","866","1489","0","58.16","33.92"
"65","000","00","013","1310","1844","811","489","322","38","849","1463","0","58.03","33.42"
"65","000","00","013","1311","0000","1400","821","579","168","1568","2821","0","55.58","29.1"
"65","000","00","013","1311","1830","697","404","293","67","764","1357","0","56.3","29.77"
"65","000","00","013","1311","1831","703","417","286","101","804","1464","0","54.92","28.48"
"65","000","00","013","1312","0000","3580","2166","1414","331","3911","7204","0","54.29","30.07"
"65","000","00","013","1312","1875","706","415","291","83","789","1402","0","56.28","29.6"
"65","000","00","013","1312","1876","696","421","275","67","763","1379","0","55.33","30.53"
"65","000","00","013","1312","1877","711","445","266","60","771","1471","0","52.41","30.25"
"65","000","00","013","1312","1878","695","427","268","62","757","1410","0","53.69","30.28"
"65","000","00","013","1312","1879","772","458","314","59","831","1542","0","53.89","29.7"
"65","000","00","013","1313","0000","2511","1453","1058","274","2785","5586","0","49.86","26.01"
"65","000","00","013","1313","1864","592","340","252","63","655","1337","0","48.99","25.43"
"65","000","00","013","1313","1865","521","305","216","66","587","1325","0","44.3","23.02"
"65","000","00","013","1313","1866","644","356","288","66","710","1390","0","51.08","25.61"
"65","000","00","013","1313","1867","754","452","302","79","833","1534","0","54.3","29.47"
"65","000","00","013","1314","0000","1978","1181","797","229","2207","3850","0","57.32","30.68"
"65","000","00","013","1314","1880","610","343","267","73","683","1238","0","55.17","27.71"
"65","000","00","013","1314","1881","565","333","232","115","680","1301","0","52.27","25.6"
"65","000","00","013","1314","1882","803","505","298","41","844","1311","0","64.38","38.52"
"65","000","00","013","1315","0000","685","420","265","103","788","1484","0","53.1","28.3"
"65","000","00","013","1315","1868","685","420","265","103","788","1484","0","53.1","28.3"
"65","000","00","013","1316","0000","3025","1844","1181","338","3363","6156","0","54.63","29.95"
"65","000","00","013","1316","1869","676","411","265","117","793","1532","0","51.76","26.83"
"65","000","00","013","1316","1870","763","481","282","82","845","1507","0","56.07","31.92"
"65","000","00","013","1316","1871","804","493","311","69","873","1550","0","56.32","31.81"
"65","000","00","013","1316","1872","782","459","323","70","852","1567","0","54.37","29.29"
"65","000","00","013","1317","0000","3134","1855","1279","338","3472","6530","0","53.17","28.41"
"65","000","00","013","1317","1892","617","355","262","85","702","1312","0","53.51","27.06"
"65","000","00","013","1317","1893","602","383","219","76","678","1301","0","52.11","29.44"
"65","000","00","013","1317","1894","597","336","261","68","665","1254","0","53.03","26.79"
"65","000","00","013","1317","1895","596","338","258","47","643","1215","0","52.92","27.82"
"65","000","00","013","1317","1896","722","443","279","62","784","1448","0","54.14","30.59"
"65","000","00","013","1318","0000","3060","1800","1260","332","3392","6194","0","54.76","29.06"
"65","000","00","013","1318","1906","749","440","309","80","829","1550","0","53.48","28.39"
"65","000","00","013","1318","1907","807","458","349","104","911","1606","0","56.72","28.52"
"65","000","00","013","1318","1908","762","433","329","66","828","1509","0","54.87","28.69"
"65","000","00","013","1318","1909","742","469","273","82","824","1529","0","53.89","30.67"
"65","000","00","013","1319","0000","2212","1346","866","186","2398","4283","0","55.99","31.43"
"65","000","00","013","1319","1886","729","441","288","63","792","1335","0","59.33","33.03"
"65","000","00","013","1319","1887","740","463","277","64","804","1459","0","55.11","31.73"
"65","000","00","013","1319","1888","743","442","301","59","802","1489","0","53.86","29.68"
"65","000","00","013","1320","0000","2151","1242","909","241","2392","4330","0","55.24","28.68"
"65","000","00","013","1320","1792","595","341","254","98","693","1206","0","57.46","28.28"
"65","000","00","013","1320","1793","688","374","314","41","729","1255","0","58.09","29.8"
"65","000","00","013","1320","1794","868","527","341","102","970","1869","0","51.9","28.2"
"65","000","00","013","1321","0000","3521","2098","1423","343","3864","7156","0","54.0","29.32"
"65","000","00","013","1321","1787","653","399","254","86","739","1424","0","51.9","28.02"
"65","000","00","013","1321","1788","687","404","283","99","786","1455","0","54.02","27.77"
"65","000","00","013","1321","1789","672","381","291","65","737","1419","0","51.94","26.85"
"65","000","00","013","1321","1790","757","462","295","46","803","1357","0","59.17","34.05"
"65","000","00","013","1321","1791","752","452","300","47","799","1501","0","53.23","30.11"
"65","000","00","013","1322","0000","1971","1133","838","193","2164","4013","0","53.92","28.23"
"65","000","00","013","1322","1784","632","382","250","72","704","1378","0","51.09","27.72"
"65","000","00","013","1322","1785","612","340","272","56","668","1256","0","53.18","27.07"
"65","000","00","013","1322","1786","727","411","316","65","792","1379","0","57.43","29.8"
"65","000","00","013","1323","0000","2116","1251","865","242","2358","4405","0","53.53","28.4"
"65","000","00","013","1323","1781","757","462","295","69","826","1499","0","55.1","30.82"
"65","000","00","013","1323","1782","701","403","298","71","772","1495","0","51.64","26.96"
"65","000","00","013","1323","1783","658","386","272","102","760","1411","0","53.86","27.36"
"65","000","00","013","1324","0000","2176","1266","910","240","2416","4638","0","52.09","27.3"
"65","000","00","013","1324","1778","716","429","287","87","803","1474","0","54.48","29.1"
"65","000","00","013","1324","1779","674","390","284","80","754","1489","0","50.64","26.19"
"65","000","00","013","1324","1780","786","447","339","73","859","1675","0","51.28","26.69"
"65","000","00","013","1325","0000","1371","815","556","95","1466","2448","0","59.89","33.29"
"65","000","00","013","1325","1776","700","394","306","50","750","1242","0","60.39","31.72"
"65","000","00","013","1325","1777","671","421","250","45","716","1206","0","59.37","34.91"
"65","000","00","013","1326","0000","730","427","303","78","808","1505","0","53.69","28.37"
"65","000","00","013","1326","1775","730","427","303","78","808","1505","0","53.69","28.37"
"65","000","00","013","1327","0000","2291","1365","926","255","2546","4640","0","54.87","29.42"
"65","000","00","013","1327","1847","822","495","327","80","902","1598","0","56.45","30.98"
"65","000","00","013","1327","1848","692","399","293","108","800","1500","0","53.33","26.6"
"65","000","00","013","1327","1849","777","471","306","67","844","1542","0","54.73","30.54"
"65","000","00","013","1328","0000","2417","1509","908","225","2642","5032","0","52.5","29.99"
"65","000","00","013","1328","1835","806","489","317","97","903","1639","0","55.09","29.84"
"65","000","00","013","1328","1836","899","580","319","83","982","1728","0","56.83","33.56"
"65","000","00","013","1328","1837","712","440","272","45","757","1665","0","45.47","26.43"
"65","000","00","013","1329","0000","1580","959","621","130","1710","3140","0","54.46","30.54"
"65","000","00","013","1329","1850","881","544","337","73","954","1619","0","58.93","33.6"
"65","000","00","013","1329","1851","699","415","284","57","756","1521","0","49.7","27.28"
"65","000","00","013","1330","0000","2052","1128","924","217","2269","3975","0","57.08","28.38"
"65","000","00","013","1330","1900","734","379","355","80","814","1366","0","59.59","27.75"
"65","000","00","013","1330","1901","675","382","293","60","735","1292","0","56.89","29.57"
"65","000","00","013","1330","1902","643","367","276","77","720","1317","0","54.67","27.87"
"65","000","00","013","1331","0000","2112","1263","849","305","2417","4421","0","54.67","28.57"
"65","000","00","013","1331","1910","666","427","239","106","772","1458","0","52.95","29.29"
"65","000","00","013","1331","1911","708","403","305","132","840","1468","0","57.22","27.45"
"65","000","00","013","1331","1912","738","433","305","67","805","1495","0","53.85","28.96"
"65","000","00","013","1332","0000","1335","756","579","127","1462","2605","0","56.12","29.02"
"65","000","00","013","1332","1862","628","366","262","57","685","1262","0","54.28","29.0"
"65","000","00","013","1332","1863","707","390","317","70","777","1343","0","57.86","29.04"
"65","000","00","013","1333","0000","2531","1482","1049","340","2871","4947","0","58.04","29.96"
"65","000","00","013","1333","1812","648","375","273","77","725","1268","0","57.18","29.57"
"65","000","00","013","1333","1813","598","351","247","94","692","1196","0","57.86","29.35"
"65","000","00","013","1333","1814","699","421","278","82","781","1308","0","59.71","32.19"
"65","000","00","013","1333","1815","586","335","251","87","673","1175","0","57.28","28.51"
"65","000","00","013","1334","0000","1771","998","773","241","2012","3896","0","51.64","25.62"
"65","000","00","013","1334","1897","632","369","263","83","715","1321","0","54.13","27.93"
"65","000","00","013","1334","1898","517","292","225","80","597","1150","0","51.91","25.39"
"65","000","00","013","1334","1899","622","337","285","78","700","1425","0","49.12","23.65"
"65","000","00","013","1335","0000","2124","1218","906","223","2347","4116","0","57.02","29.59"
"65","000","00","013","1335","1832","629","358","271","64","693","1335","0","51.91","26.82"
"65","000","00","013","1335","1833","659","368","291","91","750","1346","0","55.72","27.34"
"65","000","00","013","1335","1834","836","492","344","68","904","1435","0","63.0","34.29"
"65","000","00","013","1336","0000","2502","1480","1022","268","2770","4896","0","56.58","30.23"
"65","000","00","013","1336","1823","626","362","264","68","694","1175","0","59.06","30.81"
"65","000","00","013","1336","1824","609","354","255","83","692","1237","0","55.94","28.62"
"65","000","00","013","1336","1825","633","381","252","86","719","1256","0","57.25","30.33"
"65","000","00","013","1336","1826","634","383","251","31","665","1228","0","54.15","31.19"
"65","000","00","013","1337","0000","1958","1281","677","161","2119","3975","0","53.31","32.23"
"65","000","00","013","1337","1805","649","421","228","45","694","1320","0","52.58","31.89"
"65","000","00","013","1337","1806","600","443","157","51","651","1241","0","52.46","35.7"
"65","000","00","013","1337","1807","709","417","292","65","774","1414","0","54.74","29.49"
"65","000","00","013","1338","0000","2181","1311","870","221","2402","4680","0","51.32","28.01"
"65","000","00","013","1338","1883","667","414","253","68","735","1511","0","48.64","27.4"
"65","000","00","013","1338","1884","739","419","320","75","814","1531","0","53.17","27.37"
"65","000","00","013","1338","1885","775","478","297","78","853","1638","0","52.08","29.18"
"65","000","00","013","1339","0000","1585","947","638","135","1720","2900","0","59.31","32.66"
"65","000","00","013","1339","1838","726","432","294","82","808","1333","0","60.62","32.41"
"65","000","00","013","1339","1839","859","515","344","53","912","1567","0","58.2","32.87"
"65","000","00","013","1340","0000","2865","1732","1133","306","3171","5663","0","56.0","30.58"
"65","000","00","013","1340","1913","644","363","281","96","740","1303","0","56.79","27.86"
"65","000","00","013","1340","1914","695","397","298","74","769","1365","0","56.34","29.08"
"65","000","00","013","1340","1915","736","452","284","85","821","1476","0","55.62","30.62"
"65","000","00","013","1340","1916","790","520","270","51","841","1519","0","55.37","34.23"
"65","000","00","013","1341","0000","1331","815","516","77","1408","2846","0","49.47","28.64"
"65","000","00","013","1341","1860","645","411","234","37","682","1484","0","45.96","27.7"
"65","000","00","013","1341","1861","686","404","282","40","726","1362","0","53.3","29.66"
"65","000","00","013","1342","0000","2309","1359","950","164","2473","4173","0","59.26","32.57"
"65","000","00","013","1342","1855","754","467","287","31","785","1423","0","55.17","32.82"
"65","000","00","013","1342","1856","757","420","337","57","814","1321","0","61.62","31.79"
"65","000","00","013","1342","1857","798","472","326","76","874","1429","0","61.16","33.03"
"65","000","00","013","1343","0000","2655","1577","1078","177","2832","5120","0","55.31","30.8"
"65","000","00","013","1343","1852","863","505","358","54","917","1691","0","54.23","29.86"
"65","000","00","013","1343","1853","818","494","324","68","886","1657","0","53.47","29.81"
"65","000","00","013","1343","1854","974","578","396","55","1029","1772","0","58.07","32.62"
"65","000","00","013","1344","0000","1528","932","596","138","1666","3048","0","54.66","30.58"
"65","000","00","013","1344","1845","810","467","343","56","866","1584","0","54.67","29.48"
"65","000","00","013","1344","1846","718","465","253","82","800","1464","0","54.64","31.76"
"65","000","00","013","1345","0000","1327","760","567","144","1471","2660","0","55.3","28.57"
"65","000","00","013","1345","1873","702","402","300","76","778","1367","0","56.91","29.41"
"65","000","00","013","1345","1874","625","358","267","68","693","1293","0","53.6","27.69"
"65","000","00","013","1346","0000","2741","1668","1073","197","2938","5364","0","54.77","31.1"
"65","000","00","013","1346","1889","911","560","351","60","971","1774","0","54.74","31.57"
"65","000","00","013","1346","1890","920","546","374","60","980","1792","0","54.69","30.47"
"65","000","00","013","1346","1891","910","562","348","77","987","1798","0","54.89","31.26"
"65","000","00","013","1347","0000","1912","1083","829","191","2103","3736","0","56.29","28.99"
"65","000","00","013","1347","1903","678","404","274","75","753","1324","0","56.87","30.51"
"65","000","00","013","1347","1904","566","328","238","73","639","1189","0","53.74","27.59"
"65","000","00","013","1347","1905","668","351","317","43","711","1223","0","58.14","28.7"
"65","000","00","014","0000","0000","80916","46599","34317","8598","89514","167457","201173","53.45","27.83"
"65","000","00","014","1401","0000","5678","3388","2290","378","6056","10484","0","57.76","32.32"
"65","000","00","014","1401","0581","983","589","394","70","1053","1791","0","58.79","32.89"
"65","000","00","014","1401","0582","957","566","391","79","1036","1714","0","60.44","33.02"
"65","000","00","014","1401","0583","957","593","364","59","1016","1780","0","57.08","33.31"
"65","000","00","014","1401","0584","921","552","369","54","975","1713","0","56.92","32.22"
"65","000","00","014","1401","0585","949","556","393","59","1008","1720","0","58.6","32.33"
"65","000","00","014","1401","0586","911","532","379","57","968","1766","0","54.81","30.12"
"65","000","00","014","1402","0000","2391","1447","944","277","2668","4958","0","53.81","29.19"
"65","000","00","014","1402","0573","860","489","371","93","953","1652","0","57.69","29.6"
"65","000","00","014","1402","0574","683","451","232","119","802","1650","0","48.61","27.33"
"65","000","00","014","1402","0575","848","507","341","65","913","1656","0","55.13","30.62"
"65","000","00","014","1403","0000","1490","822","668","147","1637","3576","0","45.78","22.99"
"65","000","00","014","1403","0561","610","344","266","69","679","1779","0","38.17","19.34"
"65","000","00","014","1403","0562","880","478","402","78","958","1797","0","53.31","26.6"
"65","000","00","014","1404","0000","2325","1317","1008","331","2656","4665","0","56.93","28.23"
"65","000","00","014","1404","0555","772","402","370","136","908","1600","0","56.75","25.13"
"65","000","00","014","1404","0556","780","482","298","81","861","1549","0","55.58","31.12"
"65","000","00","014","1404","0557","773","433","340","114","887","1516","0","58.51","28.56"
"65","000","00","014","1405","0000","1627","963","664","188","1815","3361","0","54.0","28.65"
"65","000","00","014","1405","0655","778","459","319","89","867","1673","0","51.82","27.44"
"65","000","00","014","1405","0656","849","504","345","99","948","1688","0","56.16","29.86"
"65","000","00","014","1406","0000","4238","2511","1727","383","4621","9051","0","51.06","27.74"
"65","000","00","014","1406","0640","913","524","389","86","999","1851","0","53.97","28.31"
"65","000","00","014","1406","0641","813","508","305","62","875","1791","0","48.86","28.36"
"65","000","00","014","1406","0642","843","500","343","82","925","1853","0","49.92","26.98"
"65","000","00","014","1406","0643","790","457","333","64","854","1758","0","48.58","26.0"
"65","000","00","014","1406","0644","879","522","357","89","968","1798","0","53.84","29.03"
"65","000","00","014","1407","0000","2538","1485","1053","287","2825","5589","0","50.55","26.57"
"65","000","00","014","1407","0604","874","514","360","91","965","1806","0","53.43","28.46"
"65","000","00","014","1407","0605","881","523","358","112","993","1910","0","51.99","27.38"
"65","000","00","014","1407","0606","783","448","335","84","867","1873","0","46.29","23.92"
"65","000","00","014","1408","0000","2433","1418","1015","246","2679","4826","0","55.51","29.38"
"65","000","00","014","1408","0616","804","458","346","85","889","1634","0","54.41","28.03"
"65","000","00","014","1408","0617","769","464","305","98","867","1573","0","55.12","29.5"
"65","000","00","014","1408","0618","860","496","364","63","923","1619","0","57.01","30.64"
"65","000","00","014","1409","0000","2720","1589","1131","279","2999","5491","0","54.62","28.94"
"65","000","00","014","1409","0619","915","536","379","112","1027","1878","0","54.69","28.54"
"65","000","00","014","1409","0620","854","502","352","110","964","1797","0","53.64","27.94"
"65","000","00","014","1409","0621","951","551","400","57","1008","1816","0","55.51","30.34"
"65","000","00","014","1410","0000","1521","816","705","203","1724","2836","0","60.79","28.77"
"65","000","00","014","1410","0622","698","385","313","107","805","1344","0","59.9","28.65"
"65","000","00","014","1410","0623","823","431","392","96","919","1492","0","61.6","28.89"
"65","000","00","014","1411","0000","1411","771","640","163","1574","2963","0","53.12","26.02"
"65","000","00","014","1411","0636","786","442","344","94","880","1602","0","54.93","27.59"
"65","000","00","014","1411","0637","625","329","296","69","694","1361","0","50.99","24.17"
"65","000","00","014","1412","0000","1145","603","542","205","1350","2287","0","59.03","26.37"
"65","000","00","014","1412","0634","557","291","266","91","648","1111","0","58.33","26.19"
"65","000","00","014","1412","0635","588","312","276","114","702","1176","0","59.69","26.53"
"65","000","00","014","1413","0000","928","541","387","136","1064","1959","0","54.31","27.62"
"65","000","00","014","1413","0624","928","541","387","136","1064","1959","0","54.31","27.62"
"65","000","00","014","1414","0000","1346","755","591","186","1532","2980","0","51.41","25.34"
"65","000","00","014","1414","0630","646","339","307","84","730","1332","0","54.8","25.45"
"65","000","00","014","1414","0631","700","416","284","102","802","1648","0","48.67","25.24"
"65","000","00","014","1415","0000","2601","1545","1056","249","2850","5122","0","55.64","30.16"
"65","000","00","014","1415","0587","792","479","313","91","883","1623","0","54.41","29.51"
"65","000","00","014","1415","0588","875","541","334","74","949","1740","0","54.54","31.09"
"65","000","00","014","1415","0589","934","525","409","84","1018","1759","0","57.87","29.85"
"65","000","00","014","1416","0000","2871","1633","1238","301","3172","5489","0","57.79","29.75"
"65","000","00","014","1416","0590","938","517","421","94","1032","1775","0","58.14","29.13"
"65","000","00","014","1416","0591","997","589","408","91","1088","1909","0","56.99","30.85"
"65","000","00","014","1416","0592","936","527","409","116","1052","1805","0","58.28","29.2"
"65","000","00","014","1417","0000","2894","1665","1229","247","3141","5952","0","52.77","27.97"
"65","000","00","014","1417","0597","695","415","280","65","760","1434","0","53.0","28.94"
"65","000","00","014","1417","0598","731","411","320","71","802","1450","0","55.31","28.34"
"65","000","00","014","1417","0599","722","403","319","44","766","1543","0","49.64","26.12"
"65","000","00","014","1417","0600","746","436","310","67","813","1525","0","53.31","28.59"
"65","000","00","014","1418","0000","1573","890","683","153","1726","3545","0","48.69","25.11"
"65","000","00","014","1418","0607","788","456","332","64","852","1785","0","47.73","25.55"
"65","000","00","014","1418","0608","785","434","351","89","874","1760","0","49.66","24.66"
"65","000","00","014","1419","0000","2426","1404","1022","246","2672","5146","0","51.92","27.28"
"65","000","00","014","1419","0609","942","573","369","89","1031","1841","0","56.0","31.12"
"65","000","00","014","1419","0610","844","488","356","67","911","1855","0","49.11","26.31"
"65","000","00","014","1419","0611","640","343","297","90","730","1450","0","50.34","23.66"
"65","000","00","014","1420","0000","1380","742","638","234","1614","3126","0","51.63","23.74"
"65","000","00","014","1420","0612","750","383","367","80","830","1585","0","52.37","24.16"
"65","000","00","014","1420","0613","630","359","271","154","784","1541","0","50.88","23.3"
"65","000","00","014","1421","0000","3781","2208","1573","392","4173","8323","0","50.14","26.53"
"65","000","00","014","1421","0645","834","497","337","72","906","1645","0","55.08","30.21"
"65","000","00","014","1421","0646","709","409","300","76","785","1612","0","48.7","25.37"
"65","000","00","014","1421","0647","764","425","339","109","873","1784","0","48.93","23.82"
"65","000","00","014","1421","0648","715","420","295","78","793","1701","0","46.62","24.69"
"65","000","00","014","1421","0649","759","457","302","57","816","1581","0","51.61","28.91"
"65","000","00","014","1422","0000","2421","1388","1033","237","2658","4648","0","57.19","29.86"
"65","000","00","014","1422","0650","766","441","325","76","842","1534","0","54.89","28.75"
"65","000","00","014","1422","0651","841","479","362","87","928","1620","0","57.28","29.57"
"65","000","00","014","1422","0652","814","468","346","74","888","1494","0","59.44","31.33"
"65","000","00","014","1423","0000","1422","814","608","157","1579","2881","0","54.81","28.25"
"65","000","00","014","1423","0579","643","372","271","78","721","1367","0","52.74","27.21"
"65","000","00","014","1423","0580","779","442","337","79","858","1514","0","56.67","29.19"
"65","000","00","014","1424","0000","2328","1318","1010","194","2522","4810","0","52.43","27.4"
"65","000","00","014","1424","0566","734","428","306","66","800","1524","0","52.49","28.08"
"65","000","00","014","1424","0567","764","439","325","74","838","1612","0","51.99","27.23"
"65","000","00","014","1424","0568","830","451","379","54","884","1674","0","52.81","26.94"
"65","000","00","014","1425","0000","1490","849","641","126","1616","2938","0","55.0","28.9"
"65","000","00","014","1425","0571","754","412","342","66","820","1473","0","55.67","27.97"
"65","000","00","014","1425","0572","736","437","299","60","796","1465","0","54.33","29.83"
"65","000","00","014","1426","0000","1364","801","563","102","1466","2726","0","53.78","29.38"
"65","000","00","014","1426","0632","652","389","263","51","703","1355","0","51.88","28.71"
"65","000","00","014","1426","0633","712","412","300","51","763","1371","0","55.65","30.05"
"65","000","00","014","1427","0000","2427","1368","1059","321","2748","4838","0","56.8","28.28"
"65","000","00","014","1427","0625","750","436","314","133","883","1611","0","54.81","27.06"
"65","000","00","014","1427","0626","816","429","387","100","916","1574","0","58.2","27.26"
"65","000","00","014","1427","0627","861","503","358","88","949","1653","0","57.41","30.43"
"65","000","00","014","1428","0000","1826","1056","770","205","2031","4897","0","41.47","21.56"
"65","000","00","014","1428","0628","974","586","388","90","1064","3085","0","34.49","19.0"
"65","000","00","014","1428","0629","852","470","382","115","967","1812","0","53.37","25.94"
"65","000","00","014","1429","0000","2101","1231","870","264","2365","4270","0","55.39","28.83"
"65","000","00","014","1429","0558","667","407","260","107","774","1404","0","55.13","28.99"
"65","000","00","014","1429","0559","658","363","295","94","752","1381","0","54.45","26.29"
"65","000","00","014","1429","0560","776","461","315","63","839","1485","0","56.5","31.04"
"65","000","00","014","1430","0000","1317","757","560","150","1467","2725","0","53.83","27.78"
"65","000","00","014","1430","0657","625","356","269","65","690","1249","0","55.24","28.5"
"65","000","00","014","1430","0658","692","401","291","85","777","1476","0","52.64","27.17"
"65","000","00","014","1431","0000","2212","1229","983","224","2436","4569","0","53.32","26.9"
"65","000","00","014","1431","0576","741","411","330","82","823","1571","0","52.39","26.16"
"65","000","00","014","1431","0577","726","404","322","89","815","1523","0","53.51","26.53"
"65","000","00","014","1431","0578","745","414","331","53","798","1475","0","54.1","28.07"
"65","000","00","014","1432","0000","1161","693","468","192","1353","2455","0","55.11","28.23"
"65","000","00","014","1432","0638","725","443","282","101","826","1530","0","53.99","28.95"
"65","000","00","014","1432","0639","436","250","186","91","527","925","0","56.97","27.03"
"65","000","00","014","1433","0000","1098","601","497","130","1228","2168","0","56.64","27.72"
"65","000","00","014","1433","0653","592","338","254","66","658","1183","0","55.62","28.57"
"65","000","00","014","1433","0654","506","263","243","64","570","985","0","57.87","26.7"
"65","000","00","014","1434","0000","1405","775","630","164","1569","2867","0","54.73","27.03"
"65","000","00","014","1434","0614","784","447","337","84","868","1626","0","53.38","27.49"
"65","000","00","014","1434","0615","621","328","293","80","701","1241","0","56.49","26.43"
"65","000","00","014","1435","0000","2214","1278","936","244","2458","4566","0","53.83","27.99"
"65","000","00","014","1435","0563","696","392","304","96","792","1364","0","58.06","28.74"
"65","000","00","014","1435","0564","829","504","325","86","915","1635","0","55.96","30.83"
"65","000","00","014","1435","0565","689","382","307","62","751","1567","0","47.93","24.38"
"65","000","00","014","1436","0000","1581","892","689","140","1721","3652","0","47.12","24.42"
"65","000","00","014","1436","0569","818","451","367","83","901","1838","0","49.02","24.54"
"65","000","00","014","1436","0570","763","441","322","57","820","1814","0","45.2","24.31"
"65","000","00","014","1437","0000","3257","1884","1373","307","3564","6697","0","53.22","28.13"
"65","000","00","014","1437","0593","807","448","359","62","869","1642","0","52.92","27.28"
"65","000","00","014","1437","0594","840","506","334","82","922","1713","0","53.82","29.54"
"65","000","00","014","1437","0595","804","462","342","90","894","1746","0","51.2","26.46"
"65","000","00","014","1437","0596","806","468","338","73","879","1596","0","55.08","29.32"
"65","000","00","014","1438","0000","1975","1152","823","210","2185","4021","0","54.34","28.65"
"65","000","00","014","1438","0601","673","391","282","63","736","1419","0","51.87","27.55"
"65","000","00","014","1438","0602","672","388","284","68","740","1298","0","57.01","29.89"
"65","000","00","014","1438","0603","630","373","257","79","709","1304","0","54.37","28.6"
"65","000","00","015","0000","0000","34792","20000","14792","3684","38476","72443","86156","53.11","27.61"
"65","000","00","015","1501","0000","2053","1114","939","256","2309","4225","0","54.65","26.37"
"65","000","00","015","1501","0207","685","369","316","112","797","1456","0","54.74","25.34"
"65","000","00","015","1501","0208","704","404","300","83","787","1482","0","53.1","27.26"
"65","000","00","015","1501","0209","664","341","323","61","725","1287","0","56.33","26.5"
"65","000","00","015","1502","0000","515","259","256","48","563","1106","0","50.9","23.42"
"65","000","00","015","1502","0210","515","259","256","48","563","1106","0","50.9","23.42"
"65","000","00","015","1503","0000","1699","980","719","166","1865","3437","0","54.26","28.51"
"65","000","00","015","1503","0212","862","492","370","60","922","1833","0","50.3","26.84"
"65","000","00","015","1503","0213","597","351","246","61","658","1141","0","57.67","30.76"
"65","000","00","015","1503","0214","240","137","103","45","285","463","0","61.56","29.59"
"65","000","00","015","1504","0000","589","336","253","91","680","1283","0","53.0","26.19"
"65","000","00","015","1504","0211","589","336","253","91","680","1283","0","53.0","26.19"
"65","000","00","015","1505","0000","2334","1287","1047","295","2629","5271","0","49.88","24.42"
"65","000","00","015","1505","0219","813","475","338","150","963","1832","0","52.57","25.93"
"65","000","00","015","1505","0220","738","406","332","65","803","1542","0","52.08","26.33"
"65","000","00","015","1505","0221","783","406","377","80","863","1897","0","45.49","21.4"
"65","000","00","015","1506","0000","2445","1426","1019","287","2732","5478","0","49.87","26.03"
"65","000","00","015","1506","0222","810","474","336","142","952","1964","0","48.47","24.13"
"65","000","00","015","1506","0223","782","447","335","103","885","1779","0","49.75","25.13"
"65","000","00","015","1506","0224","853","505","348","42","895","1735","0","51.59","29.11"
"65","000","00","015","1507","0000","550","306","244","53","603","1281","0","47.07","23.89"
"65","000","00","015","1507","0229","550","306","244","53","603","1281","0","47.07","23.89"
"65","000","00","015","1508","0000","1917","1022","895","230","2147","3910","0","54.91","26.14"
"65","000","00","015","1508","0236","473","257","216","48","521","1333","0","39.08","19.28"
"65","000","00","015","1508","0237","671","392","279","87","758","1263","0","60.02","31.04"
"65","000","00","015","1508","0238","773","373","400","95","868","1314","0","66.06","28.39"
"65","000","00","015","1509","0000","1399","827","572","149","1548","3126","0","49.52","26.46"
"65","000","00","015","1509","0230","742","422","320","101","843","1566","0","53.83","26.95"
"65","000","00","015","1509","0231","657","405","252","48","705","1560","0","45.19","25.96"
"65","000","00","015","1510","0000","2256","1316","940","213","2469","4643","0","53.18","28.34"
"65","000","00","015","1510","0239","707","413","294","58","765","1513","0","50.56","27.3"
"65","000","00","015","1510","0240","763","457","306","66","829","1517","0","54.65","30.13"
"65","000","00","015","1510","0241","786","446","340","89","875","1613","0","54.25","27.65"
"65","000","00","015","1511","0000","1083","723","360","88","1171","2281","0","51.34","31.7"
"65","000","00","015","1511","0253","533","358","175","37","570","1127","0","50.58","31.77"
"65","000","00","015","1511","0254","550","365","185","51","601","1154","0","52.08","31.63"
"65","000","00","015","1512","0000","1492","976","516","152","1644","2709","0","60.69","36.03"
"65","000","00","015","1512","0251","771","512","259","80","851","1397","0","60.92","36.65"
"65","000","00","015","1512","0252","721","464","257","72","793","1312","0","60.44","35.37"
"65","000","00","015","1513","0000","2025","1185","840","198","2223","3916","0","56.77","30.26"
"65","000","00","015","1513","0248","707","421","286","41","748","1441","0","51.91","29.22"
"65","000","00","015","1513","0249","687","399","288","67","754","1305","0","57.78","30.57"
"65","000","00","015","1513","0250","631","365","266","90","721","1170","0","61.62","31.2"
"65","000","00","015","1514","0000","1366","757","609","205","1571","2819","0","55.73","26.85"
"65","000","00","015","1514","0217","733","400","333","110","843","1534","0","54.95","26.08"
"65","000","00","015","1514","0218","633","357","276","95","728","1285","0","56.65","27.78"
"65","000","00","015","1515","0000","1702","993","709","119","1821","3401","0","53.54","29.2"
"65","000","00","015","1515","0232","807","475","332","59","866","1622","0","53.39","29.28"
"65","000","00","015","1515","0233","895","518","377","60","955","1779","0","53.68","29.12"
"65","000","00","015","1516","0000","1645","945","700","156","1801","3446","0","52.26","27.42"
"65","000","00","015","1516","0215","866","526","340","88","954","1786","0","53.42","29.45"
"65","000","00","015","1516","0216","779","419","360","68","847","1660","0","51.02","25.24"
"65","000","00","015","1517","0000","1485","854","631","149","1634","3054","0","53.5","27.96"
"65","000","00","015","1517","0234","684","382","302","88","772","1487","0","51.92","25.69"
"65","000","00","015","1517","0235","801","472","329","61","862","1567","0","55.01","30.12"
"65","000","00","015","1518","0000","3463","1947","1516","355","3818","7389","0","51.67","26.35"
"65","000","00","015","1518","0225","1063","618","445","70","1133","2299","0","49.28","26.88"
"65","000","00","015","1518","0226","768","429","339","78","846","1755","0","48.21","24.44"
"65","000","00","015","1518","0227","830","456","374","91","921","1674","0","55.02","27.24"
"65","000","00","015","1518","0228","802","444","358","116","918","1661","0","55.27","26.73"
"65","000","00","015","1519","0000","3337","1884","1453","309","3646","6815","0","53.5","27.64"
"65","000","00","015","1519","0242","782","469","313","91","873","1616","0","54.02","29.02"
"65","000","00","015","1519","0243","783","417","366","83","866","1616","0","53.59","25.8"
"65","000","00","015","1519","0244","823","485","338","97","920","1689","0","54.47","28.72"
"65","000","00","015","1519","0245","949","513","436","38","987","1894","0","52.11","27.09"
"65","000","00","015","1520","0000","1437","863","574","165","1602","2853","0","56.15","30.25"
"65","000","00","015","1520","0246","674","408","266","84","758","1210","0","62.64","33.72"
"65","000","00","015","1520","0247","763","455","308","81","844","1643","0","51.37","27.69"
"65","000","00","016","0000","0000","32416","19053","13363","2930","35346","64252","78683","55.01","29.65"
"65","000","00","016","1601","0000","390","218","172","51","441","829","0","53.2","26.3"
"65","000","00","016","1601","0255","287","159","128","39","326","643","0","50.7","24.73"
"65","000","00","016","1601","0256","103","59","44","12","115","186","0","61.83","31.72"
"65","000","00","016","1602","0000","1497","923","574","134","1631","3051","0","53.46","30.25"
"65","000","00","016","1602","0257","690","428","262","51","741","1457","0","50.86","29.38"
"65","000","00","016","1602","0258","807","495","312","83","890","1594","0","55.83","31.05"
"65","000","00","016","1603","0000","2787","1692","1095","293","3080","5921","0","52.02","28.58"
"65","000","00","016","1603","0259","739","451","288","69","808","1598","0","50.56","28.22"
"65","000","00","016","1603","0260","705","450","255","53","758","1503","0","50.43","29.94"
"65","000","00","016","1603","0261","651","389","262","98","749","1436","0","52.16","27.09"
"65","000","00","016","1603","0262","692","402","290","73","765","1384","0","55.27","29.05"
"65","000","00","016","1604","0000","1234","717","517","119","1353","2526","0","53.56","28.38"
"65","000","00","016","1604","0263","614","359","255","74","688","1231","0","55.89","29.16"
"65","000","00","016","1604","0264","620","358","262","45","665","1295","0","51.35","27.64"
"65","000","00","016","1605","0000","1967","1119","848","163","2130","3901","0","54.6","28.68"
"65","000","00","016","1605","0267","633","348","285","42","675","1253","0","53.87","27.77"
"65","000","00","016","1605","0268","607","348","259","58","665","1294","0","51.39","26.89"
"65","000","00","016","1605","0269","727","423","304","63","790","1354","0","58.35","31.24"
"65","000","00","016","1606","0000","1823","1106","717","144","1967","3605","0","54.56","30.68"
"65","000","00","016","1606","0270","646","405","241","44","690","1259","0","54.81","32.17"
"65","000","00","016","1606","0271","652","389","263","53","705","1252","0","56.31","31.07"
"65","000","00","016","1606","0272","525","312","213","47","572","1094","0","52.29","28.52"
"65","000","00","016","1607","0000","2012","1147","865","250","2262","4048","0","55.88","28.33"
"65","000","00","016","1607","0280","664","396","268","70","734","1201","0","61.12","32.97"
"65","000","00","016","1607","0281","588","332","256","69","657","1182","0","55.58","28.09"
"65","000","00","016","1607","0282","760","419","341","111","871","1665","0","52.31","25.17"
"65","000","00","016","1608","0000","1691","1026","665","188","1879","3306","0","56.84","31.03"
"65","000","00","016","1608","0287","553","350","203","55","608","1152","0","52.78","30.38"
"65","000","00","016","1608","0288","562","328","234","61","623","1114","0","55.92","29.44"
"65","000","00","016","1608","0289","576","348","228","72","648","1040","0","62.31","33.46"
"65","000","00","016","1609","0000","1802","1097","705","148","1950","3517","0","55.44","31.19"
"65","000","00","016","1609","0294","631","352","279","49","680","1211","0","56.15","29.07"
"65","000","00","016","1609","0295","649","430","219","42","691","1237","0","55.86","34.76"
"65","000","00","016","1609","0296","522","315","207","57","579","1069","0","54.16","29.47"
"65","000","00","016","1610","0000","2259","1300","959","156","2415","4348","0","55.54","29.9"
"65","000","00","016","1610","0299","692","408","284","49","741","1420","0","52.18","28.73"
"65","000","00","016","1610","0300","708","414","294","59","767","1337","0","57.37","30.96"
"65","000","00","016","1610","0301","859","478","381","48","907","1591","0","57.01","30.04"
"65","000","00","016","1611","0000","1652","950","702","149","1801","3224","0","55.86","29.47"
"65","000","00","016","1611","0273","832","482","350","61","893","1590","0","56.16","30.31"
"65","000","00","016","1611","0274","820","468","352","88","908","1634","0","55.57","28.64"
"65","000","00","016","1612","0000","3538","2074","1464","354","3892","7245","0","53.72","28.63"
"65","000","00","016","1612","0283","908","516","392","103","1011","1855","0","54.5","27.82"
"65","000","00","016","1612","0284","920","537","383","111","1031","1866","0","55.25","28.78"
"65","000","00","016","1612","0285","953","585","368","78","1031","1935","0","53.28","30.23"
"65","000","00","016","1612","0286","757","436","321","62","819","1589","0","51.54","27.44"
"65","000","00","016","1613","0000","1091","605","486","92","1183","1978","0","59.81","30.59"
"65","000","00","016","1613","0290","540","300","240","59","599","1003","0","59.72","29.91"
"65","000","00","016","1613","0291","551","305","246","33","584","975","0","59.9","31.28"
"65","000","00","016","1614","0000","1458","853","605","107","1565","2920","0","53.6","29.21"
"65","000","00","016","1614","0292","724","428","296","60","784","1440","0","54.44","29.72"
"65","000","00","016","1614","0293","734","425","309","47","781","1480","0","52.77","28.72"
"65","000","00","016","1615","0000","1786","985","801","141","1927","3331","0","57.85","29.57"
"65","000","00","016","1615","0297","917","511","406","79","996","1680","0","59.29","30.42"
"65","000","00","016","1615","0298","869","474","395","62","931","1651","0","56.39","28.71"
"65","000","00","016","1616","0000","1668","1046","622","157","1825","3173","0","57.52","32.97"
"65","000","00","016","1616","0265","821","513","308","77","898","1563","0","57.45","32.82"
"65","000","00","016","1616","0266","847","533","314","80","927","1610","0","57.58","33.11"
"65","000","00","016","1617","0000","3761","2195","1566","284","4045","7329","0","55.19","29.95"
"65","000","00","016","1617","0275","678","371","307","51","729","1536","0","47.46","24.15"
"65","000","00","016","1617","0276","818","450","368","68","886","1534","0","57.76","29.34"
"65","000","00","016","1617","0277","881","532","349","67","948","1545","0","61.36","34.43"
"65","000","00","016","1617","0278","719","435","284","64","783","1399","0","55.97","31.09"
"65","000","00","016","1617","0279","665","407","258","34","699","1315","0","53.16","30.95"
"65","000","00","017","0000","0000","44946","26917","18029","3331","48277","86203","108950","56.0","31.23"
"65","000","00","017","1701","0000","1803","1042","761","182","1985","3657","0","54.28","28.49"
"65","000","00","017","1701","0145","618","350","268","62","680","1268","0","53.63","27.6"
"65","000","00","017","1701","0146","545","319","226","62","607","1171","0","51.84","27.24"
"65","000","00","017","1701","0147","640","373","267","58","698","1218","0","57.31","30.62"
"65","000","00","017","1702","0000","2339","1371","968","227","2566","4861","0","52.79","28.2"
"65","000","00","017","1702","0148","918","522","396","65","983","1788","0","54.98","29.19"
"65","000","00","017","1702","0149","744","436","308","83","827","1625","0","50.89","26.83"
"65","000","00","017","1702","0150","677","413","264","79","756","1448","0","52.21","28.52"
"65","000","00","017","1703","0000","4218","2509","1709","351","4569","8259","0","55.32","30.38"
"65","000","00","017","1703","0151","592","341","251","90","682","1328","0","51.36","25.68"
"65","000","00","017","1703","0152","633","367","266","75","708","1523","0","46.49","24.1"
"65","000","00","017","1703","0153","625","390","235","59","684","1245","0","54.94","31.33"
"65","000","00","017","1703","0154","788","477","311","37","825","1329","0","62.08","35.89"
"65","000","00","017","1703","0155","807","488","319","57","864","1465","0","58.98","33.31"
"65","000","00","017","1703","0156","773","446","327","33","806","1369","0","58.88","32.58"
"65","000","00","017","1704","0000","2070","1184","886","169","2239","3818","0","58.64","31.01"
"65","000","00","017","1704","0157","736","406","330","54","790","1346","0","58.69","30.16"
"65","000","00","017","1704","0158","575","332","243","75","650","1181","0","55.04","28.11"
"65","000","00","017","1704","0159","759","446","313","40","799","1291","0","61.89","34.55"
"65","000","00","017","1705","0000","1857","1092","765","191","2048","3654","0","56.05","29.89"
"65","000","00","017","1705","0160","610","357","253","63","673","1213","0","55.48","29.43"
"65","000","00","017","1705","0161","671","418","253","61","732","1256","0","58.28","33.28"
"65","000","00","017","1705","0162","576","317","259","67","643","1185","0","54.26","26.75"
"65","000","00","017","1706","0000","682","416","266","60","742","1361","0","54.52","30.57"
"65","000","00","017","1706","0163","682","416","266","60","742","1361","0","54.52","30.57"
"65","000","00","017","1707","0000","9103","5640","3463","501","9604","17256","0","55.66","32.68"
"65","000","00","017","1707","0164","864","578","286","37","901","1756","0","51.31","32.92"
"65","000","00","017","1707","0165","826","533","293","35","861","1676","0","51.37","31.8"
"65","000","00","017","1707","0166","830","530","300","41","871","1540","0","56.56","34.42"
"65","000","00","017","1707","0167","813","536","277","39","852","1569","0","54.3","34.16"
"65","000","00","017","1707","0168","803","505","298","35","838","1514","0","55.35","33.36"
"65","000","00","017","1707","0169","662","353","309","33","695","1193","0","58.26","29.59"
"65","000","00","017","1707","0170","884","564","320","34","918","1610","0","57.02","35.03"
"65","000","00","017","1707","0171","727","441","286","45","772","1338","0","57.7","32.96"
"65","000","00","017","1707","0172","595","343","252","60","655","1141","0","57.41","30.06"
"65","000","00","017","1707","0173","689","424","265","49","738","1307","0","56.47","32.44"
"65","000","00","017","1707","0174","718","403","315","42","760","1327","0","57.27","30.37"
"65","000","00","017","1707","0175","692","430","262","51","743","1285","0","57.82","33.46"
"65","000","00","017","1708","0000","8345","5117","3228","416","8761","15777","0","55.53","32.43"
"65","000","00","017","1708","0176","774","440","334","49","823","1481","0","55.57","29.71"
"65","000","00","017","1708","0177","823","480","343","36","859","1510","0","56.89","31.79"
"65","000","00","017","1708","0178","904","549","355","45","949","1785","0","53.17","30.76"
"65","000","00","017","1708","0179","935","567","368","38","973","1792","0","54.3","31.64"
"65","000","00","017","1708","0180","824","528","296","35","859","1517","0","56.62","34.81"
"65","000","00","017","1708","0181","860","560","300","37","897","1564","0","57.35","35.81"
"65","000","00","017","1708","0182","854","549","305","42","896","1560","0","57.44","35.19"
"65","000","00","017","1708","0183","794","490","304","44","838","1544","0","54.27","31.74"
"65","000","00","017","1708","0184","818","500","318","49","867","1593","0","54.43","31.39"
"65","000","00","017","1708","0185","759","454","305","41","800","1431","0","55.9","31.73"
"65","000","00","017","1709","0000","2847","1676","1171","213","3060","5291","0","57.83","31.68"
"65","000","00","017","1709","0195","766","457","309","57","823","1380","0","59.64","33.12"
"65","000","00","017","1709","0196","706","418","288","59","765","1367","0","55.96","30.58"
"65","000","00","017","1709","0197","722","421","301","51","773","1350","0","57.26","31.19"
"65","000","00","017","1709","0198","653","380","273","46","699","1194","0","58.54","31.83"
"65","000","00","017","1710","0000","447","238","209","54","501","1026","0","48.83","23.2"
"65","000","00","017","1710","0202","447","238","209","54","501","1026","0","48.83","23.2"
"65","000","00","017","1711","0000","599","336","263","76","675","1210","0","55.79","27.77"
"65","000","00","017","1711","0203","599","336","263","76","675","1210","0","55.79","27.77"
"65","000","00","017","1712","0000","440","244","196","74","514","912","0","56.36","26.75"
"65","000","00","017","1712","0204","440","244","196","74","514","912","0","56.36","26.75"
"65","000","00","017","1713","0000","429","239","190","50","479","824","0","58.13","29.0"
"65","000","00","017","1713","0205","429","239","190","50","479","824","0","58.13","29.0"
"65","000","00","017","1714","0000","741","425","316","91","832","1411","0","58.97","30.12"
"65","000","00","017","1714","0206","741","425","316","91","832","1411","0","58.97","30.12"
"65","000","00","017","1715","0000","3150","1896","1254","214","3364","5852","0","57.48","32.4"
"65","000","00","017","1715","0186","793","483","310","56","849","1571","0","54.04","30.74"
"65","000","00","017","1715","0187","787","463","324","45","832","1439","0","57.82","32.18"
"65","000","00","017","1715","0188","789","483","306","53","842","1451","0","58.03","33.29"
"65","000","00","017","1715","0189","781","467","314","60","841","1391","0","60.46","33.57"
"65","000","00","017","1716","0000","3969","2389","1580","282","4251","7417","0","57.31","32.21"
"65","000","00","017","1716","0190","764","471","293","47","811","1461","0","55.51","32.24"
"65","000","00","017","1716","0191","864","528","336","48","912","1691","0","53.93","31.22"
"65","000","00","017","1716","0192","773","449","324","82","855","1524","0","56.1","29.46"
"65","000","00","017","1716","0193","788","478","310","51","839","1343","0","62.47","35.59"
"65","000","00","017","1716","0194","780","463","317","54","834","1398","0","59.66","33.12"
"65","000","00","017","1717","0000","1907","1103","804","180","2087","3617","0","57.7","30.49"
"65","000","00","017","1717","0199","658","386","272","79","737","1344","0","54.84","28.72"
"65","000","00","017","1717","0200","605","342","263","48","653","1154","0","56.59","29.64"
"65","000","00","017","1717","0201","644","375","269","53","697","1119","0","62.29","33.51"
"65","000","00","018","0000","0000","10315","6116","4199","931","11246","20624","23617","54.53","29.65"
"65","000","00","018","1801","0000","1423","877","546","113","1536","3004","0","51.13","29.19"
"65","000","00","018","1801","2169","636","390","246","35","671","1496","0","44.85","26.07"
"65","000","00","018","1801","2170","787","487","300","78","865","1508","0","57.36","32.29"
"65","000","00","018","1802","0000","1143","668","475","116","1259","2281","0","55.2","29.29"
"65","000","00","018","1802","2163","540","321","219","49","589","1142","0","51.58","28.11"
"65","000","00","018","1802","2164","603","347","256","67","670","1139","0","58.82","30.47"
"65","000","00","018","1803","0000","1257","739","518","98","1355","2710","0","50.0","27.27"
"65","000","00","018","1803","2167","620","374","246","57","677","1330","0","50.9","28.12"
"65","000","00","018","1803","2168","637","365","272","41","678","1380","0","49.13","26.45"
"65","000","00","018","1804","0000","1000","613","387","63","1063","1946","0","54.62","31.5"
"65","000","00","018","1804","2174","355","204","151","33","388","782","0","49.62","26.09"
"65","000","00","018","1804","2175","645","409","236","30","675","1164","0","57.99","35.14"
"65","000","00","018","1805","0000","301","178","123","38","339","556","0","60.97","32.01"
"65","000","00","018","1805","2178","301","178","123","38","339","556","0","60.97","32.01"
"65","000","00","018","1806","0000","2884","1706","1178","265","3149","5579","0","56.44","30.58"
"65","000","00","018","1806","2171","839","468","371","87","926","1624","0","57.02","28.82"
"65","000","00","018","1806","2172","1105","674","431","73","1178","2165","0","54.41","31.13"
"65","000","00","018","1806","2173","940","564","376","105","1045","1790","0","58.38","31.51"
"65","000","00","018","1807","0000","1146","670","476","143","1289","2465","0","52.29","27.18"
"65","000","00","018","1807","2165","496","262","234","77","573","1065","0","53.8","24.6"
"65","000","00","018","1807","2166","650","408","242","66","716","1400","0","51.14","29.14"
"65","000","00","018","1808","0000","1161","665","496","95","1256","2083","0","60.3","31.93"
"65","000","00","018","1808","2176","735","427","308","67","802","1344","0","59.67","31.77"
"65","000","00","018","1808","2177","426","238","188","28","454","739","0","61.43","32.21"
"65","000","00","019","0000","0000","3009","1680","1329","407","3416","6861","7727","49.79","24.49"
"65","000","00","019","1901","0000","202","109","93","39","241","391","0","61.64","27.88"
"65","000","00","019","1901","2179","202","109","93","39","241","391","0","61.64","27.88"
"65","000","00","019","1902","0000","350","220","130","51","401","789","0","50.82","27.88"
"65","000","00","019","1902","2180","350","220","130","51","401","789","0","50.82","27.88"
"65","000","00","019","1903","0000","259","152","107","46","305","683","0","44.66","22.25"
"65","000","00","019","1903","2185","259","152","107","46","305","683","0","44.66","22.25"
"65","000","00","019","1904","0000","247","134","113","29","276","662","0","41.69","20.24"
"65","000","00","019","1904","2181","247","134","113","29","276","662","0","41.69","20.24"
"65","000","00","019","1905","0000","144","81","63","17","161","310","0","51.94","26.13"
"65","000","00","019","1905","2182","144","81","63","17","161","310","0","51.94","26.13"
"65","000","00","019","1906","0000","166","102","64","21","187","373","0","50.13","27.35"
"65","000","00","019","1906","2183","133","83","50","16","149","280","0","53.21","29.64"
"65","000","00","019","1906","2184","33","19","14","5","38","93","0","40.86","20.43"
"65","000","00","019","1907","0000","271","146","125","44","315","591","0","53.3","24.7"
"65","000","00","019","1907","2188","271","146","125","44","315","591","0","53.3","24.7"
"65","000","00","019","1908","0000","251","135","116","12","263","726","0","36.23","18.6"
"65","000","00","019","1908","2187","251","135","116","12","263","726","0","36.23","18.6"
"65","000","00","019","1909","0000","154","71","83","36","190","282","0","67.38","25.18"
"65","000","00","019","1909","2189","154","71","83","36","190","282","0","67.38","25.18"
"65","000","00","019","1910","0000","189","110","79","14","203","323","0","62.85","34.06"
"65","000","00","019","1910","2186","189","110","79","14","203","323","0","62.85","34.06"
"65","000","00","019","1911","0000","299","184","115","21","320","788","0","40.61","23.35"
"65","000","00","019","1911","2190","299","184","115","21","320","788","0","40.61","23.35"
"65","000","00","019","1912","0000","477","236","241","77","554","943","0","58.75","25.03"
"65","000","00","019","1912","2191","477","236","241","77","554","943","0","58.75","25.03"
"65","000","00","020","0000","0000","2565","1535","1030","390","2955","5891","6570","50.16","26.06"
"65","000","00","020","2001","0000","409","239","170","75","484","843","0","57.41","28.35"
"65","000","00","020","2001","2196","281","162","119","51","332","595","0","55.8","27.23"
"65","000","00","020","2001","2197","128","77","51","24","152","248","0","61.29","31.05"
"65","000","00","020","2002","0000","588","373","215","58","646","1248","0","51.76","29.89"
"65","000","00","020","2002","2192","588","373","215","58","646","1248","0","51.76","29.89"
"65","000","00","020","2003","0000","548","316","232","106","654","1141","0","57.32","27.7"
"65","000","00","020","2003","2194","548","316","232","106","654","1141","0","57.32","27.7"
"65","000","00","020","2004","0000","157","90","67","7","164","417","0","39.33","21.58"
"65","000","00","020","2004","2195","157","90","67","7","164","417","0","39.33","21.58"
"65","000","00","020","2005","0000","321","199","122","47","368","816","0","45.1","24.39"
"65","000","00","020","2005","2198","143","92","51","22","165","338","0","48.82","27.22"
"65","000","00","020","2005","2199","178","107","71","25","203","478","0","42.47","22.38"
"65","000","00","020","2006","0000","248","138","110","44","292","612","0","47.71","22.55"
"65","000","00","020","2006","2193","248","138","110","44","292","612","0","47.71","22.55"
"65","000","00","020","2007","0000","294","180","114","53","347","814","0","42.63","22.11"
"65","000","00","020","2007","2200","136","80","56","17","153","390","0","39.23","20.51"
"65","000","00","020","2007","2201","158","100","58","36","194","424","0","45.75","23.58"
"65","000","00","021","0000","0000","8773","5087","3686","909","9682","20119","23010","48.12","25.28"
"65","000","00","021","2101","0000","134","83","51","13","147","312","0","47.12","26.6"
"65","000","00","021","2101","0011","134","83","51","13","147","312","0","47.12","26.6"
"65","000","00","021","2102","0000","2236","1336","900","182","2418","4806","0","50.31","27.8"
"65","000","00","021","2102","0012","647","403","244","38","685","1421","0","48.21","28.36"
"65","000","00","021","2102","0013","744","468","276","59","803","1557","0","51.57","30.06"
"65","000","00","021","2102","0014","845","465","380","85","930","1828","0","50.88","25.44"
"65","000","00","021","2103","0000","486","265","221","54","540","1060","0","50.94","25.0"
"65","000","00","021","2103","0015","486","265","221","54","540","1060","0","50.94","25.0"
"65","000","00","021","2104","0000","309","189","120","49","358","819","0","43.71","23.08"
"65","000","00","021","2104","0016","309","189","120","49","358","819","0","43.71","23.08"
"65","000","00","021","2105","0000","2556","1470","1086","254","2810","6140","0","45.77","23.94"
"65","000","00","021","2105","0017","676","403","273","42","718","1701","0","42.21","23.69"
"65","000","00","021","2105","0018","759","433","326","80","839","1740","0","48.22","24.89"
"65","000","00","021","2105","0019","619","334","285","60","679","1451","0","46.8","23.02"
"65","000","00","021","2105","0020","502","300","202","72","574","1248","0","45.99","24.04"
"65","000","00","021","2106","0000","301","171","130","22","323","629","0","51.35","27.19"
"65","000","00","021","2106","0021","301","171","130","22","323","629","0","51.35","27.19"
"65","000","00","021","2107","0000","208","123","85","24","232","504","0","46.03","24.4"
"65","000","00","021","2107","0022","208","123","85","24","232","504","0","46.03","24.4"
"65","000","00","021","2108","0000","289","151","138","22","311","698","0","44.56","21.63"
"65","000","00","021","2108","0023","289","151","138","22","311","698","0","44.56","21.63"
"65","000","00","021","2109","0000","880","528","352","74","954","2069","0","46.11","25.52"
"65","000","00","021","2109","0024","880","528","352","74","954","2069","0","46.11","25.52"
"65","000","00","021","2110","0000","371","216","155","45","416","784","0","53.06","27.55"
"65","000","00","021","2110","0025","371","216","155","45","416","784","0","53.06","27.55"
"65","000","00","021","2111","0000","230","122","108","33","263","522","0","50.38","23.37"
"65","000","00","021","2111","0026","230","122","108","33","263","522","0","50.38","23.37"
"65","000","00","021","2112","0000","224","127","97","80","304","587","0","51.79","21.64"
"65","000","00","021","2112","0027","224","127","97","80","304","587","0","51.79","21.64"
"65","000","00","021","2113","0000","549","306","243","57","606","1189","0","50.97","25.74"
"65","000","00","021","2113","0028","549","306","243","57","606","1189","0","50.97","25.74"
"65","000","00","022","0000","0000","4781","2776","2005","667","5448","10528","12158","51.75","26.37"
"65","000","00","022","2201","0000","510","281","229","70","580","1121","0","51.74","25.07"
"65","000","00","022","2201","0001","510","281","229","70","580","1121","0","51.74","25.07"
"65","000","00","022","2202","0000","588","329","259","84","672","1389","0","48.38","23.69"
"65","000","00","022","2202","0002","588","329","259","84","672","1389","0","48.38","23.69"
"65","000","00","022","2203","0000","982","585","397","131","1113","2177","0","51.13","26.87"
"65","000","00","022","2203","0003","442","257","185","52","494","933","0","52.95","27.55"
"65","000","00","022","2203","0004","540","328","212","79","619","1244","0","49.76","26.37"
"65","000","00","022","2204","0000","377","231","146","108","485","883","0","54.93","26.16"
"65","000","00","022","2204","0005","377","231","146","108","485","883","0","54.93","26.16"
"65","000","00","022","2205","0000","755","444","311","78","833","1564","0","53.26","28.39"
"65","000","00","022","2205","0006","755","444","311","78","833","1564","0","53.26","28.39"
"65","000","00","022","2206","0000","716","413","303","82","798","1500","0","53.2","27.53"
"65","000","00","022","2206","0007","716","413","303","82","798","1500","0","53.2","27.53"
"65","000","00","022","2207","0000","128","88","40","23","151","328","0","46.04","26.83"
"65","000","00","022","2207","0008","128","88","40","23","151","328","0","46.04","26.83"
"65","000","00","022","2208","0000","373","197","176","31","404","651","0","62.06","30.26"
"65","000","00","022","2208","0009","373","197","176","31","404","651","0","62.06","30.26"
"65","000","00","022","2209","0000","352","208","144","60","412","915","0","45.03","22.73"
"65","000","00","022","2209","0010","352","208","144","60","412","915","0","45.03","22.73"
"65","000","00","023","0000","0000","15842","9280","6562","1614","17456","32970","38861","52.95","28.15"
"65","000","00","023","2301","0000","3086","1804","1282","303","3389","6595","0","51.39","27.35"
"65","000","00","023","2301","0125","662","393","269","80","742","1498","0","49.53","26.23"
"65","000","00","023","2301","0126","846","497","349","56","902","1939","0","46.52","25.63"
"65","000","00","023","2301","0127","724","402","322","84","808","1516","0","53.3","26.52"
"65","000","00","023","2301","0128","854","512","342","83","937","1642","0","57.06","31.18"
"65","000","00","023","2302","0000","1462","845","617","165","1627","3203","0","50.8","26.38"
"65","000","00","023","2302","0129","841","473","368","96","937","1927","0","48.62","24.55"
"65","000","00","023","2302","0130","621","372","249","69","690","1276","0","54.08","29.15"
"65","000","00","023","2303","0000","1437","851","586","142","1579","2752","0","57.38","30.92"
"65","000","00","023","2303","0131","721","430","291","69","790","1349","0","58.56","31.88"
"65","000","00","023","2303","0132","716","421","295","73","789","1403","0","56.24","30.01"
"65","000","00","023","2304","0000","1726","1010","716","151","1877","3497","0","53.67","28.88"
"65","000","00","023","2304","0133","807","471","336","83","890","1644","0","54.14","28.65"
"65","000","00","023","2304","0134","919","539","380","68","987","1853","0","53.26","29.09"
"65","000","00","023","2305","0000","950","568","382","90","1040","1793","0","58.0","31.68"
"65","000","00","023","2305","0135","950","568","382","90","1040","1793","0","58.0","31.68"
"65","000","00","023","2306","0000","3136","1778","1358","302","3438","6457","0","53.24","27.54"
"65","000","00","023","2306","0136","803","446","357","80","883","1644","0","53.71","27.13"
"65","000","00","023","2306","0137","886","486","400","77","963","1846","0","52.17","26.33"
"65","000","00","023","2306","0138","642","375","267","77","719","1346","0","53.42","27.86"
"65","000","00","023","2306","0139","805","471","334","68","873","1621","0","53.86","29.06"
"65","000","00","023","2307","0000","1757","1050","707","184","1941","4077","0","47.61","25.75"
"65","000","00","023","2307","0140","853","528","325","86","939","2110","0","44.5","25.02"
"65","000","00","023","2307","0141","904","522","382","98","1002","1967","0","50.94","26.54"
"65","000","00","023","2308","0000","816","478","338","82","898","1626","0","55.23","29.4"
"65","000","00","023","2308","0142","816","478","338","82","898","1626","0","55.23","29.4"
"65","000","00","023","2309","0000","752","447","305","81","833","1514","0","55.02","29.52"
"65","000","00","023","2309","0143","752","447","305","81","833","1514","0","55.02","29.52"
"65","000","00","023","2310","0000","720","449","271","114","834","1456","0","57.28","30.84"
"65","000","00","023","2310","0144","720","449","271","114","834","1456","0","57.28","30.84"
"65","000","00","024","0000","0000","1744","1034","710","293","2037","4321","4687","47.14","23.93"
"65","000","00","024","2401","0000","156","88","68","31","187","384","0","48.7","22.92"
"65","000","00","024","2401","2208","156","88","68","31","187","384","0","48.7","22.92"
"65","000","00","024","2402","0000","93","59","34","2","95","232","0","40.95","25.43"
"65","000","00","024","2402","2209","93","59","34","2","95","232","0","40.95","25.43"
"65","000","00","024","2403","0000","127","74","53","13","140","249","0","56.22","29.72"
"65","000","00","024","2403","2210","127","74","53","13","140","249","0","56.22","29.72"
"65","000","00","024","2404","0000","195","128","67","57","252","458","0","55.02","27.95"
"65","000","00","024","2404","2211","195","128","67","57","252","458","0","55.02","27.95"
"65","000","00","024","2405","0000","99","49","50","28","127","232","0","54.74","21.12"
"65","000","00","024","2405","2212","99","49","50","28","127","232","0","54.74","21.12"
"65","000","00","024","2406","0000","233","145","88","27","260","635","0","40.94","22.83"
"65","000","00","024","2406","2213","233","145","88","27","260","635","0","40.94","22.83"
"65","000","00","024","2407","0000","200","111","89","37","237","427","0","55.5","26.0"
"65","000","00","024","2407","2214","200","111","89","37","237","427","0","55.5","26.0"
"65","000","00","024","2408","0000","69","41","28","4","73","147","0","49.66","27.89"
"65","000","00","024","2408","2216","69","41","28","4","73","147","0","49.66","27.89"
"65","000","00","024","2409","0000","119","82","37","18","137","365","0","37.53","22.47"
"65","000","00","024","2409","2217","119","82","37","18","137","365","0","37.53","22.47"
"65","000","00","024","2410","0000","94","61","33","15","109","177","0","61.58","34.46"
"65","000","00","024","2410","2219","94","61","33","15","109","177","0","61.58","34.46"
"65","000","00","024","2411","0000","302","173","129","54","356","862","0","41.3","20.07"
"65","000","00","024","2411","2215","302","173","129","54","356","862","0","41.3","20.07"
"65","000","00","024","2412","0000","57","23","34","7","64","153","0","41.83","15.03"
"65","000","00","024","2412","2218","57","23","34","7","64","153","0","41.83","15.03"
"65","000","00","025","0000","0000","3424","2067","1357","450","3874","7999","8872","48.43","25.84"
"65","000","00","025","2501","0000","186","116","70","30","216","455","0","47.47","25.49"
"65","000","00","025","2501","2266","186","116","70","30","216","455","0","47.47","25.49"
"65","000","00","025","2502","0000","169","103","66","32","201","391","0","51.41","26.34"
"65","000","00","025","2502","2278","55","30","25","10","65","120","0","54.17","25.0"
"65","000","00","025","2502","2279","114","73","41","22","136","271","0","50.18","26.94"
"65","000","00","025","2503","0000","375","227","148","50","425","782","0","54.35","29.03"
"65","000","00","025","2503","2267","129","75","54","19","148","286","0","51.75","26.22"
"65","000","00","025","2503","2268","246","152","94","31","277","496","0","55.85","30.65"
"65","000","00","025","2504","0000","353","196","157","55","408","733","0","55.66","26.74"
"65","000","00","025","2504","2280","183","98","85","30","213","362","0","58.84","27.07"
"65","000","00","025","2504","2281","170","98","72","25","195","371","0","52.56","26.42"
"65","000","00","025","2505","0000","148","87","61","14","162","383","0","42.3","22.72"
"65","000","00","025","2505","2269","148","87","61","14","162","383","0","42.3","22.72"
"65","000","00","025","2506","0000","583","363","220","70","653","1539","0","42.43","23.59"
"65","000","00","025","2506","2270","327","207","120","50","377","887","0","42.5","23.34"
"65","000","00","025","2506","2271","256","156","100","20","276","652","0","42.33","23.93"
"65","000","00","025","2507","0000","156","100","56","15","171","333","0","51.35","30.03"
"65","000","00","025","2507","2272","156","100","56","15","171","333","0","51.35","30.03"
"65","000","00","025","2508","0000","403","240","163","50","453","924","0","49.03","25.97"
"65","000","00","025","2508","2273","281","168","113","37","318","642","0","49.53","26.17"
"65","000","00","025","2508","2274","122","72","50","13","135","282","0","47.87","25.53"
"65","000","00","025","2509","0000","248","148","100","21","269","621","0","43.32","23.83"
"65","000","00","025","2509","2275","248","148","100","21","269","621","0","43.32","23.83"
"65","000","00","025","2510","0000","159","98","61","10","169","422","0","40.05","23.22"
"65","000","00","025","2510","2276","159","98","61","10","169","422","0","40.05","23.22"
"65","000","00","025","2511","0000","103","60","43","31","134","369","0","36.31","16.26"
"65","000","00","025","2511","2277","103","60","43","31","134","369","0","36.31","16.26"
"65","000","00","025","2512","0000","541","329","212","72","613","1047","0","58.55","31.42"
"65","000","00","025","2512","2282","541","329","212","72","613","1047","0","58.55","31.42"
"65","000","00","026","0000","0000","4731","2347","2384","454","5185","11279","12364","45.97","20.81"
"65","000","00","026","2601","0000","400","217","183","52","452","876","0","51.6","24.77"
"65","000","00","026","2601","2283","400","217","183","52","452","876","0","51.6","24.77"
"65","000","00","026","2602","0000","200","127","73","11","211","516","0","40.89","24.61"
"65","000","00","026","2602","2285","200","127","73","11","211","516","0","40.89","24.61"
"65","000","00","026","2603","0000","243","126","117","65","308","686","0","44.9","18.37"
"65","000","00","026","2603","2286","126","70","56","27","153","373","0","41.02","18.77"
"65","000","00","026","2603","2287","117","56","61","38","155","313","0","49.52","17.89"
"65","000","00","026","2604","0000","193","117","76","27","220","433","0","50.81","27.02"
"65","000","00","026","2604","2284","193","117","76","27","220","433","0","50.81","27.02"
"65","000","00","026","2605","0000","291","115","176","18","309","676","0","45.71","17.01"
"65","000","00","026","2605","2292","291","115","176","18","309","676","0","45.71","17.01"
"65","000","00","026","2606","0000","721","328","393","64","785","1673","0","46.92","19.61"
"65","000","00","026","2606","2290","350","168","182","17","367","812","0","45.2","20.69"
"65","000","00","026","2606","2291","371","160","211","47","418","861","0","48.55","18.58"
"65","000","00","026","2607","0000","769","386","383","44","813","1731","0","46.97","22.3"
"65","000","00","026","2607","2295","322","148","174","15","337","769","0","43.82","19.25"
"65","000","00","026","2607","2296","447","238","209","29","476","962","0","49.48","24.74"
"65","000","00","026","2608","0000","797","357","440","78","875","2046","0","42.77","17.45"
"65","000","00","026","2608","2293","434","183","251","31","465","1091","0","42.62","16.77"
"65","000","00","026","2608","2294","363","174","189","47","410","955","0","42.93","18.22"
"65","000","00","026","2609","0000","438","226","212","26","464","900","0","51.56","25.11"
"65","000","00","026","2609","2288","237","135","102","13","250","485","0","51.55","27.84"
"65","000","00","026","2609","2289","201","91","110","13","214","415","0","51.57","21.93"
"65","000","00","026","2610","0000","363","180","183","17","380","739","0","51.42","24.36"
"65","000","00","026","2610","2297","205","105","100","9","214","390","0","54.87","26.92"
"65","000","00","026","2610","2298","158","75","83","8","166","349","0","47.56","21.49"
"65","000","00","026","2611","0000","316","168","148","52","368","1003","0","36.69","16.75"
"65","000","00","026","2611","2299","165","81","84","36","201","508","0","39.57","15.94"
"65","000","00","026","2611","2300","151","87","64","16","167","495","0","33.74","17.58"
"65","000","00","027","0000","0000","8646","4900","3746","960","9606","18978","21821","50.62","25.82"
"65","000","00","027","2701","0000","235","141","94","27","262","481","0","54.47","29.31"
"65","000","00","027","2701","2301","235","141","94","27","262","481","0","54.47","29.31"
"65","000","00","027","2702","0000","343","192","151","36","379","715","0","53.01","26.85"
"65","000","00","027","2702","2302","343","192","151","36","379","715","0","53.01","26.85"
"65","000","00","027","2703","0000","186","114","72","28","214","481","0","44.49","23.7"
"65","000","00","027","2703","2303","186","114","72","28","214","481","0","44.49","23.7"
"65","000","00","027","2704","0000","748","441","307","81","829","1792","0","46.26","24.61"
"65","000","00","027","2704","2304","748","441","307","81","829","1792","0","46.26","24.61"
"65","000","00","027","2705","0000","1821","1013","808","168","1989","3791","0","52.47","26.72"
"65","000","00","027","2705","2305","821","448","373","92","913","1781","0","51.26","25.15"
"65","000","00","027","2705","2306","1000","565","435","76","1076","2010","0","53.53","28.11"
"65","000","00","027","2706","0000","811","449","362","76","887","1716","0","51.69","26.17"
"65","000","00","027","2706","2310","398","224","174","36","434","828","0","52.42","27.05"
"65","000","00","027","2706","2311","413","225","188","40","453","888","0","51.01","25.34"
"65","000","00","027","2707","0000","545","311","234","64","609","1211","0","50.29","25.68"
"65","000","00","027","2707","2312","545","311","234","64","609","1211","0","50.29","25.68"
"65","000","00","027","2708","0000","215","109","106","25","240","416","0","57.69","26.2"
"65","000","00","027","2708","2313","215","109","106","25","240","416","0","57.69","26.2"
"65","000","00","027","2709","0000","346","211","135","53","399","682","0","58.5","30.94"
"65","000","00","027","2709","2314","346","211","135","53","399","682","0","58.5","30.94"
"65","000","00","027","2710","0000","290","149","141","59","349","644","0","54.19","23.14"
"65","000","00","027","2710","2315","290","149","141","59","349","644","0","54.19","23.14"
"65","000","00","027","2711","0000","361","210","151","48","409","830","0","49.28","25.3"
"65","000","00","027","2711","2316","361","210","151","48","409","830","0","49.28","25.3"
"65","000","00","027","2712","0000","230","116","114","29","259","469","0","55.22","24.73"
"65","000","00","027","2712","2318","230","116","114","29","259","469","0","55.22","24.73"
"65","000","00","027","2713","0000","87","44","43","12","99","188","0","52.66","23.4"
"65","000","00","027","2713","2317","87","44","43","12","99","188","0","52.66","23.4"
"65","000","00","027","2714","0000","182","110","72","31","213","582","0","36.6","18.9"
"65","000","00","027","2714","2319","182","110","72","31","213","582","0","36.6","18.9"
"65","000","00","027","2715","0000","2246","1290","956","223","2469","4980","0","49.58","25.9"
"65","000","00","027","2715","2307","716","427","289","67","783","1572","0","49.81","27.16"
"65","000","00","027","2715","2308","811","436","375","101","912","1777","0","51.32","24.54"
"65","000","00","027","2715","2309","719","427","292","55","774","1631","0","47.46","26.18"
"65","000","00","028","0000","0000","8519","4941","3578","1076","9595","19297","22102","49.72","25.61"
"65","000","00","028","2801","0000","2037","1201","836","207","2244","4309","0","52.08","27.87"
"65","000","00","028","2801","2320","622","378","244","74","696","1286","0","54.12","29.39"
"65","000","00","028","2801","2321","790","455","335","68","858","1576","0","54.44","28.87"
"65","000","00","028","2801","2322","625","368","257","65","690","1447","0","47.68","25.43"
"65","000","00","028","2802","0000","1010","613","397","159","1169","2532","0","46.17","24.21"
"65","000","00","028","2802","2325","411","250","161","64","475","1215","0","39.09","20.58"
"65","000","00","028","2802","2326","599","363","236","95","694","1317","0","52.7","27.56"
"65","000","00","028","2803","0000","1308","725","583","160","1468","3226","0","45.51","22.47"
"65","000","00","028","2803","2327","652","342","310","76","728","1676","0","43.44","20.41"
"65","000","00","028","2803","2328","656","383","273","84","740","1550","0","47.74","24.71"
"65","000","00","028","2804","0000","1411","813","598","138","1549","2705","0","57.26","30.06"
"65","000","00","028","2804","2329","528","307","221","62","590","945","0","62.43","32.49"
"65","000","00","028","2804","2330","883","506","377","76","959","1760","0","54.49","28.75"
"65","000","00","028","2805","0000","261","164","97","27","288","570","0","50.53","28.77"
"65","000","00","028","2805","2331","261","164","97","27","288","570","0","50.53","28.77"
"65","000","00","028","2806","0000","408","233","175","44","452","952","0","47.48","24.47"
"65","000","00","028","2806","2332","408","233","175","44","452","952","0","47.48","24.47"
"65","000","00","028","2807","0000","317","186","131","79","396","674","0","58.75","27.6"
"65","000","00","028","2807","2333","317","186","131","79","396","674","0","58.75","27.6"
"65","000","00","028","2808","0000","188","97","91","23","211","405","0","52.1","23.95"
"65","000","00","028","2808","2334","188","97","91","23","211","405","0","52.1","23.95"
"65","000","00","028","2809","0000","473","265","208","77","550","1089","0","50.51","24.33"
"65","000","00","028","2809","2335","473","265","208","77","550","1089","0","50.51","24.33"
"65","000","00","028","2810","0000","1106","644","462","162","1268","2835","0","44.73","22.72"
"65","000","00","028","2810","2323","586","335","251","87","673","1466","0","45.91","22.85"
"65","000","00","028","2810","2324","520","309","211","75","595","1369","0","43.46","22.57"
"65","000","00","029","0000","0000","2498","1540","958","244","2742","5264","6383","52.09","29.26"
"65","000","00","029","2901","0000","1072","649","423","76","1148","2367","0","48.5","27.42"
"65","000","00","029","2901","2203","557","340","217","31","588","1198","0","49.08","28.38"
"65","000","00","029","2901","2204","515","309","206","45","560","1169","0","47.9","26.43"
"65","000","00","029","2902","0000","845","531","314","87","932","1568","0","59.44","33.86"
"65","000","00","029","2902","2202","845","531","314","87","932","1568","0","59.44","33.86"
"65","000","00","029","2903","0000","243","148","95","30","273","615","0","44.39","24.07"
"65","000","00","029","2903","2207","243","148","95","30","273","615","0","44.39","24.07"
"65","000","00","029","2904","0000","223","135","88","47","270","486","0","55.56","27.78"
"65","000","00","029","2904","2206","223","135","88","47","270","486","0","55.56","27.78"
"65","000","00","029","2905","0000","115","77","38","4","119","228","0","52.19","33.77"
"65","000","00","029","2905","2205","115","77","38","4","119","228","0","52.19","33.77"
"68","000","00","000","0000","0000","855618","518318","337300","67514","923132","1801823","2215615","51.23","28.77"
"68","000","00","001","0000","0000","169125","101918","67207","12153","181278","359790","446246","50.38","28.33"
"68","000","00","001","0101","0000","342","193","149","20","362","690","0","52.46","27.97"
"68","000","00","001","0101","0032","342","193","149","20","362","690","0","52.46","27.97"
"68","000","00","001","0102","0000","717","435","282","67","784","1353","0","57.95","32.15"
"68","000","00","001","0102","0034","717","435","282","67","784","1353","0","57.95","32.15"
"68","000","00","001","0103","0000","666","381","285","54","720","1582","0","45.51","24.08"
"68","000","00","001","0103","0043","666","381","285","54","720","1582","0","45.51","24.08"
"68","000","00","001","0104","0000","3029","1764","1265","213","3242","6636","0","48.85","26.58"
"68","000","00","001","0104","0001","746","419","327","65","811","1593","0","50.91","26.3"
"68","000","00","001","0104","0002","809","454","355","38","847","1934","0","43.8","23.47"
"68","000","00","001","0104","0003","836","499","337","78","914","1661","0","55.03","30.04"
"68","000","00","001","0104","0004","638","392","246","32","670","1448","0","46.27","27.07"
"68","000","00","001","0105","0000","1475","966","509","87","1562","3483","0","44.85","27.73"
"68","000","00","001","0105","0190","704","501","203","50","754","1790","0","42.12","27.99"
"68","000","00","001","0105","0191","771","465","306","37","808","1693","0","47.73","27.47"
"68","000","00","001","0106","0000","4033","2432","1601","233","4266","9063","0","47.07","26.83"
"68","000","00","001","0106","0204","853","507","346","48","901","1796","0","50.17","28.23"
"68","000","00","001","0106","0205","868","520","348","39","907","1878","0","48.3","27.69"
"68","000","00","001","0106","0206","791","465","326","54","845","1729","0","48.87","26.89"
"68","000","00","001","0106","0207","780","474","306","48","828","1843","0","44.93","25.72"
"68","000","00","001","0106","0208","741","466","275","44","785","1817","0","43.2","25.65"
"68","000","00","001","0107","0000","529","316","213","54","583","1028","0","56.71","30.74"
"68","000","00","001","0107","0044","529","316","213","54","583","1028","0","56.71","30.74"
"68","000","00","001","0108","0000","682","411","271","66","748","1452","0","51.52","28.31"
"68","000","00","001","0108","0036","682","411","271","66","748","1452","0","51.52","28.31"
"68","000","00","001","0109","0000","794","465","329","77","871","1681","0","51.81","27.66"
"68","000","00","001","0109","0037","794","465","329","77","871","1681","0","51.81","27.66"
"68","000","00","001","0110","0000","2405","1482","923","176","2581","5078","0","50.83","29.18"
"68","000","00","001","0110","0187","765","429","336","63","828","1764","0","46.94","24.32"
"68","000","00","001","0110","0188","949","649","300","83","1032","1899","0","54.34","34.18"
"68","000","00","001","0110","0189","691","404","287","30","721","1415","0","50.95","28.55"
"68","000","00","001","0111","0000","2165","1204","961","204","2369","4509","0","52.54","26.7"
"68","000","00","001","0111","0113","617","353","264","70","687","1308","0","52.52","26.99"
"68","000","00","001","0111","0114","732","423","309","71","803","1583","0","50.73","26.72"
"68","000","00","001","0111","0115","816","428","388","63","879","1618","0","54.33","26.45"
"68","000","00","001","0112","0000","2033","1197","836","165","2198","4668","0","47.09","25.64"
"68","000","00","001","0112","0131","749","420","329","63","812","1689","0","48.08","24.87"
"68","000","00","001","0112","0132","623","388","235","39","662","1542","0","42.93","25.16"
"68","000","00","001","0112","0133","661","389","272","63","724","1437","0","50.38","27.07"
"68","000","00","001","0113","0000","1427","833","594","91","1518","2928","0","51.84","28.45"
"68","000","00","001","0113","0193","631","397","234","40","671","1434","0","46.79","27.68"
"68","000","00","001","0113","0194","796","436","360","51","847","1494","0","56.69","29.18"
"68","000","00","001","0114","0000","866","513","353","59","925","1916","0","48.28","26.77"
"68","000","00","001","0114","0192","866","513","353","59","925","1916","0","48.28","26.77"
"68","000","00","001","0115","0000","507","285","222","46","553","979","0","56.49","29.11"
"68","000","00","001","0115","0209","507","285","222","46","553","979","0","56.49","29.11"
"68","000","00","001","0116","0000","1576","912","664","135","1711","3565","0","47.99","25.58"
"68","000","00","001","0116","0134","774","448","326","59","833","1679","0","49.61","26.68"
"68","000","00","001","0116","0135","802","464","338","76","878","1886","0","46.55","24.6"
"68","000","00","001","0117","0000","1200","705","495","106","1306","2210","0","59.1","31.9"
"68","000","00","001","0117","0105","626","373","253","63","689","1149","0","59.97","32.46"
"68","000","00","001","0117","0106","574","332","242","43","617","1061","0","58.15","31.29"
"68","000","00","001","0118","0000","1214","824","390","145","1359","3058","0","44.44","26.95"
"68","000","00","001","0118","0127","682","520","162","94","776","1995","0","38.9","26.07"
"68","000","00","001","0118","0128","532","304","228","51","583","1063","0","54.84","28.6"
"68","000","00","001","0119","0000","719","426","293","48","767","1587","0","48.33","26.84"
"68","000","00","001","0119","0041","719","426","293","48","767","1587","0","48.33","26.84"
"68","000","00","001","0120","0000","711","415","296","80","791","1375","0","57.53","30.18"
"68","000","00","001","0120","0028","711","415","296","80","791","1375","0","57.53","30.18"
"68","000","00","001","0121","0000","476","250","226","39","515","852","0","60.45","29.34"
"68","000","00","001","0121","0033","476","250","226","39","515","852","0","60.45","29.34"
"68","000","00","001","0122","0000","4474","2705","1769","295","4769","9234","0","51.65","29.29"
"68","000","00","001","0122","0155","865","537","328","57","922","1807","0","51.02","29.72"
"68","000","00","001","0122","0156","894","530","364","55","949","1857","0","51.1","28.54"
"68","000","00","001","0122","0157","813","483","330","80","893","1589","0","56.2","30.4"
"68","000","00","001","0122","0158","993","580","413","56","1049","2088","0","50.24","27.78"
"68","000","00","001","0122","0159","909","575","334","47","956","1893","0","50.5","30.38"
"68","000","00","001","0123","0000","3297","1990","1307","160","3457","6570","0","52.62","30.29"
"68","000","00","001","0123","0050","739","439","300","52","791","1489","0","53.12","29.48"
"68","000","00","001","0123","0051","981","605","376","32","1013","1821","0","55.63","33.22"
"68","000","00","001","0123","0052","708","427","281","29","737","1563","0","47.15","27.32"
"68","000","00","001","0123","0053","869","519","350","47","916","1697","0","53.98","30.58"
"68","000","00","001","0124","0000","2786","1695","1091","246","3032","6075","0","49.91","27.9"
"68","000","00","001","0124","0151","656","399","257","70","726","1569","0","46.27","25.43"
"68","000","00","001","0124","0152","691","436","255","51","742","1505","0","49.3","28.97"
"68","000","00","001","0124","0153","702","391","311","57","759","1496","0","50.74","26.14"
"68","000","00","001","0124","0154","737","469","268","68","805","1505","0","53.49","31.16"
"68","000","00","001","0125","0000","720","407","313","81","801","1451","0","55.2","28.05"
"68","000","00","001","0125","0042","720","407","313","81","801","1451","0","55.2","28.05"
"68","000","00","001","0126","0000","2776","1654","1122","220","2996","5866","0","51.07","28.2"
"68","000","00","001","0126","0045","906","535","371","65","971","1934","0","50.21","27.66"
"68","000","00","001","0126","0046","487","290","197","65","552","1016","0","54.33","28.54"
"68","000","00","001","0126","0047","543","312","231","42","585","1079","0","54.22","28.92"
"68","000","00","001","0126","0048","840","517","323","48","888","1837","0","48.34","28.14"
"68","000","00","001","0127","0000","664","369","295","61","725","1390","0","52.16","26.55"
"68","000","00","001","0127","0049","664","369","295","61","725","1390","0","52.16","26.55"
"68","000","00","001","0128","0000","2362","1387","975","240","2602","4944","0","52.63","28.05"
"68","000","00","001","0128","0081","751","414","337","82","833","1449","0","57.49","28.57"
"68","000","00","001","0128","0082","792","503","289","81","873","1803","0","48.42","27.9"
"68","000","00","001","0128","0083","819","470","349","77","896","1692","0","52.96","27.78"
"68","000","00","001","0129","0000","2262","1290","972","161","2423","4421","0","54.81","29.18"
"68","000","00","001","0129","0060","612","334","278","53","665","1115","0","59.64","29.96"
"68","000","00","001","0129","0061","802","440","362","60","862","1562","0","55.19","28.17"
"68","000","00","001","0129","0062","848","516","332","48","896","1744","0","51.38","29.59"
"68","000","00","001","0130","0000","2590","1601","989","152","2742","5152","0","53.22","31.08"
"68","000","00","001","0130","0057","919","603","316","27","946","1766","0","53.57","34.14"
"68","000","00","001","0130","0058","761","443","318","69","830","1555","0","53.38","28.49"
"68","000","00","001","0130","0059","910","555","355","56","966","1831","0","52.76","30.31"
"68","000","00","001","0131","0000","601","345","256","39","640","1698","0","37.69","20.32"
"68","000","00","001","0131","0035","601","345","256","39","640","1698","0","37.69","20.32"
"68","000","00","001","0132","0000","3031","1848","1183","208","3239","5981","0","54.15","30.9"
"68","000","00","001","0132","0013","716","409","307","64","780","1482","0","52.63","27.6"
"68","000","00","001","0132","0014","728","398","330","50","778","1423","0","54.67","27.97"
"68","000","00","001","0132","0015","776","514","262","56","832","1509","0","55.14","34.06"
"68","000","00","001","0132","0016","811","527","284","38","849","1567","0","54.18","33.63"
"68","000","00","001","0133","0000","2887","1655","1232","224","3111","5805","0","53.59","28.51"
"68","000","00","001","0133","0020","718","385","333","64","782","1399","0","55.9","27.52"
"68","000","00","001","0133","0021","803","483","320","57","860","1540","0","55.84","31.36"
"68","000","00","001","0133","0022","749","475","274","55","804","1638","0","49.08","29.0"
"68","000","00","001","0133","0023","617","312","305","48","665","1228","0","54.15","25.41"
"68","000","00","001","0134","0000","2366","1376","990","211","2577","4781","0","53.9","28.78"
"68","000","00","001","0134","0038","786","460","326","69","855","1669","0","51.23","27.56"
"68","000","00","001","0134","0039","795","454","341","71","866","1530","0","56.6","29.67"
"68","000","00","001","0134","0040","785","462","323","71","856","1582","0","54.11","29.2"
"68","000","00","001","0135","0000","1515","894","621","190","1705","3529","0","48.31","25.33"
"68","000","00","001","0135","0086","528","305","223","59","587","1173","0","50.04","26.0"
"68","000","00","001","0135","0087","525","314","211","38","563","1162","0","48.45","27.02"
"68","000","00","001","0135","0088","462","275","187","93","555","1194","0","46.48","23.03"
"68","000","00","001","0136","0000","2575","1609","966","175","2750","5705","0","48.2","28.2"
"68","000","00","001","0136","0092","820","519","301","77","897","1780","0","50.39","29.16"
"68","000","00","001","0136","0093","820","498","322","54","874","1904","0","45.9","26.16"
"68","000","00","001","0136","0094","935","592","343","44","979","2021","0","48.44","29.29"
"68","000","00","001","0137","0000","1816","1128","688","120","1936","3870","0","50.03","29.15"
"68","000","00","001","0137","0185","921","577","344","52","973","1925","0","50.55","29.97"
"68","000","00","001","0137","0186","895","551","344","68","963","1945","0","49.51","28.33"
"68","000","00","001","0138","0000","2146","1223","923","176","2322","4271","0","54.37","28.63"
"68","000","00","001","0138","0195","652","369","283","69","721","1311","0","55.0","28.15"
"68","000","00","001","0138","0196","729","421","308","44","773","1476","0","52.37","28.52"
"68","000","00","001","0138","0197","765","433","332","63","828","1484","0","55.8","29.18"
"68","000","00","001","0139","0000","973","536","437","86","1059","1970","0","53.76","27.21"
"68","000","00","001","0139","0202","527","309","218","46","573","1015","0","56.45","30.44"
"68","000","00","001","0139","0203","446","227","219","40","486","955","0","50.89","23.77"
"68","000","00","001","0140","0000","2541","1508","1033","209","2750","5333","0","51.57","28.28"
"68","000","00","001","0140","0029","879","503","376","58","937","1743","0","53.76","28.86"
"68","000","00","001","0140","0030","825","501","324","84","909","1862","0","48.82","26.91"
"68","000","00","001","0140","0031","837","504","333","67","904","1728","0","52.31","29.17"
"68","000","00","001","0141","0000","2880","1753","1127","325","3205","6230","0","51.44","28.14"
"68","000","00","001","0141","0024","703","409","294","125","828","1649","0","50.21","24.8"
"68","000","00","001","0141","0025","786","476","310","50","836","1601","0","52.22","29.73"
"68","000","00","001","0141","0026","650","399","251","100","750","1477","0","50.78","27.01"
"68","000","00","001","0141","0027","741","469","272","50","791","1503","0","52.63","31.2"
"68","000","00","001","0142","0000","2351","1376","975","211","2562","5170","0","49.56","26.62"
"68","000","00","001","0142","0010","714","420","294","64","778","1590","0","48.93","26.42"
"68","000","00","001","0142","0011","750","446","304","81","831","1637","0","50.76","27.24"
"68","000","00","001","0142","0012","887","510","377","66","953","1943","0","49.05","26.25"
"68","000","00","001","0143","0000","2417","1495","922","211","2628","5024","0","52.31","29.76"
"68","000","00","001","0143","0007","833","497","336","51","884","1800","0","49.11","27.61"
"68","000","00","001","0143","0008","807","506","301","66","873","1598","0","54.63","31.66"
"68","000","00","001","0143","0009","777","492","285","94","871","1626","0","53.57","30.26"
"68","000","00","001","0144","0000","2057","1248","809","146","2203","4160","0","52.96","30.0"
"68","000","00","001","0144","0017","664","423","241","45","709","1305","0","54.33","32.41"
"68","000","00","001","0144","0018","635","367","268","48","683","1416","0","48.23","25.92"
"68","000","00","001","0144","0019","758","458","300","53","811","1439","0","56.36","31.83"
"68","000","00","001","0145","0000","2085","1186","899","111","2196","4197","0","52.32","28.26"
"68","000","00","001","0145","0173","813","496","317","36","849","1432","0","59.29","34.64"
"68","000","00","001","0145","0174","601","299","302","47","648","1421","0","45.6","21.04"
"68","000","00","001","0145","0175","671","391","280","28","699","1344","0","52.01","29.09"
"68","000","00","001","0146","0000","2341","1394","947","184","2525","5384","0","46.9","25.89"
"68","000","00","001","0146","0182","730","447","283","58","788","1860","0","42.37","24.03"
"68","000","00","001","0146","0183","802","485","317","66","868","1726","0","50.29","28.1"
"68","000","00","001","0146","0184","809","462","347","60","869","1798","0","48.33","25.7"
"68","000","00","001","0147","0000","2781","1670","1111","205","2986","6097","0","48.97","27.39"
"68","000","00","001","0147","0198","712","427","285","52","764","1514","0","50.46","28.2"
"68","000","00","001","0147","0199","670","396","274","85","755","1446","0","52.21","27.39"
"68","000","00","001","0147","0200","716","419","297","28","744","1573","0","47.3","26.64"
"68","000","00","001","0147","0201","683","428","255","40","723","1564","0","46.23","27.37"
"68","000","00","001","0148","0000","3165","1887","1278","235","3400","6901","0","49.27","27.34"
"68","000","00","001","0148","0139","866","410","456","64","930","1846","0","50.38","22.21"
"68","000","00","001","0148","0140","732","540","192","50","782","1644","0","47.57","32.85"
"68","000","00","001","0148","0141","743","446","297","62","805","1674","0","48.09","26.64"
"68","000","00","001","0148","0142","824","491","333","59","883","1737","0","50.83","28.27"
"68","000","00","001","0149","0000","2704","1617","1087","156","2860","5873","0","48.7","27.53"
"68","000","00","001","0149","0107","817","508","309","42","859","1831","0","46.91","27.74"
"68","000","00","001","0149","0108","1014","606","408","68","1082","2168","0","49.91","27.95"
"68","000","00","001","0149","0109","873","503","370","46","919","1874","0","49.04","26.84"
"68","000","00","001","0150","0000","3942","2456","1486","278","4220","8384","0","50.33","29.29"
"68","000","00","001","0150","0116","942","547","395","96","1038","2127","0","48.8","25.72"
"68","000","00","001","0150","0117","942","636","306","41","983","2033","0","48.35","31.28"
"68","000","00","001","0150","0118","1000","632","368","57","1057","2098","0","50.38","30.12"
"68","000","00","001","0150","0119","1058","641","417","84","1142","2126","0","53.72","30.15"
"68","000","00","001","0151","0000","4079","2415","1664","223","4302","8396","0","51.24","28.76"
"68","000","00","001","0151","0146","847","494","353","57","904","1774","0","50.96","27.85"
"68","000","00","001","0151","0147","825","511","314","46","871","1666","0","52.28","30.67"
"68","000","00","001","0151","0148","767","447","320","31","798","1528","0","52.23","29.25"
"68","000","00","001","0151","0149","802","461","341","64","866","1709","0","50.67","26.97"
"68","000","00","001","0151","0150","838","502","336","25","863","1719","0","50.2","29.2"
"68","000","00","001","0152","0000","1396","857","539","104","1500","2598","0","57.74","32.99"
"68","000","00","001","0152","0079","727","441","286","65","792","1404","0","56.41","31.41"
"68","000","00","001","0152","0080","669","416","253","39","708","1194","0","59.3","34.84"
"68","000","00","001","0153","0000","1786","1080","706","150","1936","3728","0","51.93","28.97"
"68","000","00","001","0153","0084","919","563","356","75","994","1913","0","51.96","29.43"
"68","000","00","001","0153","0085","867","517","350","75","942","1815","0","51.9","28.48"
"68","000","00","001","0154","0000","1786","1061","725","128","1914","3914","0","48.9","27.11"
"68","000","00","001","0154","0074","877","500","377","66","943","1949","0","48.38","25.65"
"68","000","00","001","0154","0075","909","561","348","62","971","1965","0","49.41","28.55"
"68","000","00","001","0155","0000","2990","1852","1138","202","3192","6512","0","49.02","28.44"
"68","000","00","001","0155","0076","1020","645","375","65","1085","2414","0","44.95","26.72"
"68","000","00","001","0155","0077","934","565","369","64","998","1942","0","51.39","29.09"
"68","000","00","001","0155","0078","1036","642","394","73","1109","2156","0","51.44","29.78"
"68","000","00","001","0156","0000","2287","1551","736","141","2428","4845","0","50.11","32.01"
"68","000","00","001","0156","0095","738","447","291","58","796","1545","0","51.52","28.93"
"68","000","00","001","0156","0096","736","441","295","40","776","1617","0","47.99","27.27"
"68","000","00","001","0156","0097","813","663","150","43","856","1683","0","50.86","39.39"
"68","000","00","001","0157","0000","2645","1629","1016","132","2777","5884","0","47.2","27.69"
"68","000","00","001","0157","0176","856","520","336","48","904","1942","0","46.55","26.78"
"68","000","00","001","0157","0177","951","591","360","50","1001","2001","0","50.02","29.54"
"68","000","00","001","0157","0178","838","518","320","34","872","1941","0","44.93","26.69"
"68","000","00","001","0158","0000","3569","2195","1374","231","3800","8196","0","46.36","26.78"
"68","000","00","001","0158","0213","997","611","386","72","1069","2164","0","49.4","28.23"
"68","000","00","001","0158","0214","914","543","371","60","974","2020","0","48.22","26.88"
"68","000","00","001","0158","0215","807","502","305","49","856","1924","0","44.49","26.09"
"68","000","00","001","0158","0216","851","539","312","50","901","2088","0","43.15","25.81"
"68","000","00","001","0159","0000","3329","2010","1319","210","3539","9237","0","38.31","21.76"
"68","000","00","001","0159","0101","872","512","360","46","918","1873","0","49.01","27.34"
"68","000","00","001","0159","0102","716","432","284","45","761","3687","0","20.64","11.72"
"68","000","00","001","0159","0103","882","515","367","53","935","1850","0","50.54","27.84"
"68","000","00","001","0159","0104","859","551","308","66","925","1827","0","50.63","30.16"
"68","000","00","001","0160","0000","2458","1520","938","167","2625","5084","0","51.63","29.9"
"68","000","00","001","0160","0089","829","499","330","74","903","1695","0","53.27","29.44"
"68","000","00","001","0160","0090","853","527","326","51","904","1797","0","50.31","29.33"
"68","000","00","001","0160","0091","776","494","282","42","818","1592","0","51.38","31.03"
"68","000","00","001","0161","0000","3399","2049","1350","206","3605","7274","0","49.56","28.17"
"68","000","00","001","0161","0123","823","503","320","34","857","1691","0","50.68","29.75"
"68","000","00","001","0161","0124","820","473","347","39","859","1900","0","45.21","24.89"
"68","000","00","001","0161","0125","849","508","341","87","936","1761","0","53.15","28.85"
"68","000","00","001","0161","0126","907","565","342","46","953","1922","0","49.58","29.4"
"68","000","00","001","0162","0000","2581","1531","1050","239","2820","5712","0","49.37","26.8"
"68","000","00","001","0162","0063","807","480","327","55","862","1838","0","46.9","26.12"
"68","000","00","001","0162","0064","925","544","381","94","1019","1889","0","53.94","28.8"
"68","000","00","001","0162","0065","849","507","342","90","939","1985","0","47.3","25.54"
"68","000","00","001","0163","0000","2384","1416","968","175","2559","4811","0","53.19","29.43"
"68","000","00","001","0163","0136","795","472","323","92","887","1657","0","53.53","28.49"
"68","000","00","001","0163","0137","700","393","307","30","730","1349","0","54.11","29.13"
"68","000","00","001","0163","0138","889","551","338","53","942","1805","0","52.19","30.53"
"68","000","00","001","0164","0000","2321","1438","883","150","2471","4605","0","53.66","31.23"
"68","000","00","001","0164","0054","887","549","338","53","940","1740","0","54.02","31.55"
"68","000","00","001","0164","0055","794","494","300","60","854","1626","0","52.52","30.38"
"68","000","00","001","0164","0056","640","395","245","37","677","1239","0","54.64","31.88"
"68","000","00","001","0165","0000","2513","1538","975","159","2672","4555","0","58.66","33.77"
"68","000","00","001","0165","0066","825","516","309","51","876","1524","0","57.48","33.86"
"68","000","00","001","0165","0067","824","503","321","50","874","1425","0","61.33","35.3"
"68","000","00","001","0165","0068","864","519","345","58","922","1606","0","57.41","32.32"
"68","000","00","001","0166","0000","2158","1382","776","97","2255","4066","0","55.46","33.99"
"68","000","00","001","0166","0069","1098","688","410","43","1141","2056","0","55.5","33.46"
"68","000","00","001","0166","0070","1060","694","366","54","1114","2010","0","55.42","34.53"
"68","000","00","001","0167","0000","2227","1360","867","168","2395","4702","0","50.94","28.92"
"68","000","00","001","0167","0143","769","472","297","68","837","1566","0","53.45","30.14"
"68","000","00","001","0167","0144","757","454","303","52","809","1517","0","53.33","29.93"
"68","000","00","001","0167","0145","701","434","267","48","749","1619","0","46.26","26.81"
"68","000","00","001","0168","0000","2851","1748","1103","150","3001","5893","0","50.92","29.66"
"68","000","00","001","0168","0168","1164","702","462","64","1228","2204","0","55.72","31.85"
"68","000","00","001","0168","0169","884","547","337","47","931","2033","0","45.79","26.91"
"68","000","00","001","0168","0170","803","499","304","39","842","1656","0","50.85","30.13"
"68","000","00","001","0169","0000","2197","1337","860","121","2318","4541","0","51.05","29.44"
"68","000","00","001","0169","0110","671","420","251","35","706","1524","0","46.33","27.56"
"68","000","00","001","0169","0111","780","492","288","32","812","1528","0","53.14","32.2"
"68","000","00","001","0169","0112","746","425","321","54","800","1489","0","53.73","28.54"
"68","000","00","001","0170","0000","2706","1661","1045","164","2870","5371","0","53.44","30.93"
"68","000","00","001","0170","0071","1040","657","383","67","1107","2245","0","49.31","29.27"
"68","000","00","001","0170","0072","786","453","333","60","846","1590","0","53.21","28.49"
"68","000","00","001","0170","0073","880","551","329","37","917","1536","0","59.7","35.87"
"68","000","00","001","0171","0000","2676","1613","1063","175","2851","5717","0","49.87","28.21"
"68","000","00","001","0171","0098","930","574","356","69","999","1834","0","54.47","31.3"
"68","000","00","001","0171","0099","896","523","373","67","963","2055","0","46.86","25.45"
"68","000","00","001","0171","0100","850","516","334","39","889","1828","0","48.63","28.23"
"68","000","00","001","0172","0000","2752","1683","1069","157","2909","5843","0","49.79","28.8"
"68","000","00","001","0172","0120","893","565","328","53","946","1917","0","49.35","29.47"
"68","000","00","001","0172","0121","925","547","378","51","976","1997","0","48.87","27.39"
"68","000","00","001","0172","0122","934","571","363","53","987","1929","0","51.17","29.6"
"68","000","00","001","0173","0000","1458","863","595","108","1566","3158","0","49.59","27.33"
"68","000","00","001","0173","0129","669","430","239","63","732","1412","0","51.84","30.45"
"68","000","00","001","0173","0130","789","433","356","45","834","1746","0","47.77","24.8"
"68","000","00","001","0174","0000","3602","2292","1310","229","3831","7902","0","48.48","29.01"
"68","000","00","001","0174","0164","960","624","336","59","1019","2103","0","48.45","29.67"
"68","000","00","001","0174","0165","900","578","322","57","957","1943","0","49.25","29.75"
"68","000","00","001","0174","0166","929","589","340","49","978","1927","0","50.75","30.57"
"68","000","00","001","0174","0167","813","501","312","64","877","1929","0","45.46","25.97"
"68","000","00","001","0175","0000","2628","1566","1062","166","2794","5729","0","48.77","27.33"
"68","000","00","001","0175","0160","549","324","225","16","565","1303","0","43.36","24.87"
"68","000","00","001","0175","0161","707","431","276","48","755","1416","0","53.32","30.44"
"68","000","00","001","0175","0162","615","359","256","49","664","1351","0","49.15","26.57"
"68","000","00","001","0175","0163","757","452","305","53","810","1659","0","48.82","27.25"
"68","000","00","001","0176","0000","1610","897","713","120","1730","3450","0","50.14","26.0"
"68","000","00","001","0176","0171","801","428","373","55","856","1712","0","50.0","25.0"
"68","000","00","001","0176","0172","809","469","340","65","874","1738","0","50.29","26.99"
"68","000","00","001","0177","0000","1662","967","695","154","1816","3856","0","47.1","25.08"
"68","000","00","001","0177","0005","885","499","386","64","949","1974","0","48.07","25.28"
"68","000","00","001","0177","0006","777","468","309","90","867","1882","0","46.07","24.87"
"68","000","00","001","0178","0000","2347","1412","935","153","2500","4835","0","51.71","29.2"
"68","000","00","001","0178","0179","861","505","356","39","900","1702","0","52.88","29.67"
"68","000","00","001","0178","0180","758","448","310","64","822","1589","0","51.73","28.19"
"68","000","00","001","0178","0181","728","459","269","50","778","1544","0","50.39","29.73"
"68","000","00","001","0179","0000","2057","1284","773","93","2150","4217","0","50.98","30.45"
"68","000","00","001","0179","0210","697","431","266","28","725","1363","0","53.19","31.62"
"68","000","00","001","0179","0211","740","477","263","28","768","1546","0","49.68","30.85"
"68","000","00","001","0179","0212","620","376","244","37","657","1308","0","50.23","28.75"
"68","000","00","002","0000","0000","163565","100616","62949","12025","175590","334402","411135","52.51","30.09"
"68","000","00","002","0201","0000","1290","843","447","138","1428","2916","0","48.97","28.91"
"68","000","00","002","0201","0617","616","403","213","21","637","1329","0","47.93","30.32"
"68","000","00","002","0201","0618","674","440","234","117","791","1587","0","49.84","27.73"
"68","000","00","002","0202","0000","2691","1798","893","170","2861","5418","0","52.81","33.19"
"68","000","00","002","0202","0614","964","642","322","66","1030","1818","0","56.66","35.31"
"68","000","00","002","0202","0615","928","588","340","56","984","1991","0","49.42","29.53"
"68","000","00","002","0202","0616","799","568","231","48","847","1609","0","52.64","35.3"
"68","000","00","002","0203","0000","1532","963","569","104","1636","3033","0","53.94","31.75"
"68","000","00","002","0203","0654","796","501","295","55","851","1588","0","53.59","31.55"
"68","000","00","002","0203","0655","736","462","274","49","785","1445","0","54.33","31.97"
"68","000","00","002","0204","0000","456","285","171","46","502","943","0","53.23","30.22"
"68","000","00","002","0204","0763","456","285","171","46","502","943","0","53.23","30.22"
"68","000","00","002","0205","0000","1031","613","418","94","1125","2152","0","52.28","28.49"
"68","000","00","002","0205","0689","500","305","195","33","533","1087","0","49.03","28.06"
"68","000","00","002","0205","0690","531","308","223","61","592","1065","0","55.59","28.92"
"68","000","00","002","0206","0000","2022","1206","816","208","2230","4283","0","52.07","28.16"
"68","000","00","002","0206","0691","898","519","379","97","995","1844","0","53.96","28.15"
"68","000","00","002","0206","0692","519","331","188","62","581","1220","0","47.62","27.13"
"68","000","00","002","0206","0693","605","356","249","49","654","1219","0","53.65","29.2"
"68","000","00","002","0207","0000","2517","1613","904","141","2658","5415","0","49.09","29.79"
"68","000","00","002","0207","0771","971","639","332","57","1028","2156","0","47.68","29.64"
"68","000","00","002","0207","0772","657","390","267","39","696","1479","0","47.06","26.37"
"68","000","00","002","0207","0773","889","584","305","45","934","1780","0","52.47","32.81"
"68","000","00","002","0208","0000","2361","1506","855","227","2588","5136","0","50.39","29.32"
"68","000","00","002","0208","0679","756","488","268","64","820","1659","0","49.43","29.42"
"68","000","00","002","0208","0680","858","570","288","109","967","1874","0","51.6","30.42"
"68","000","00","002","0208","0681","747","448","299","54","801","1603","0","49.97","27.95"
"68","000","00","002","0209","0000","1728","1149","579","131","1859","3474","0","53.51","33.07"
"68","000","00","002","0209","0675","780","500","280","82","862","1659","0","51.96","30.14"
"68","000","00","002","0209","0676","948","649","299","49","997","1815","0","54.93","35.76"
"68","000","00","002","0210","0000","1871","1152","719","120","1991","3758","0","52.98","30.65"
"68","000","00","002","0210","0662","738","477","261","43","781","1489","0","52.45","32.03"
"68","000","00","002","0210","0663","429","268","161","31","460","827","0","55.62","32.41"
"68","000","00","002","0210","0664","704","407","297","46","750","1442","0","52.01","28.22"
"68","000","00","002","0211","0000","2162","1393","769","174","2336","4303","0","54.29","32.37"
"68","000","00","002","0211","0602","682","445","237","70","752","1281","0","58.7","34.74"
"68","000","00","002","0211","0603","773","468","305","48","821","1462","0","56.16","32.01"
"68","000","00","002","0211","0604","707","480","227","56","763","1560","0","48.91","30.77"
"68","000","00","002","0212","0000","2548","1568","980","192","2740","5378","0","50.95","29.16"
"68","000","00","002","0212","0619","944","598","346","42","986","1955","0","50.43","30.59"
"68","000","00","002","0212","0620","801","470","331","82","883","1711","0","51.61","27.47"
"68","000","00","002","0212","0621","803","500","303","68","871","1712","0","50.88","29.21"
"68","000","00","002","0213","0000","1715","1017","698","95","1810","3009","0","60.15","33.8"
"68","000","00","002","0213","0652","903","564","339","48","951","1625","0","58.52","34.71"
"68","000","00","002","0213","0653","812","453","359","47","859","1384","0","62.07","32.73"
"68","000","00","002","0214","0000","1048","625","423","84","1132","2061","0","54.92","30.33"
"68","000","00","002","0214","0754","427","238","189","41","468","852","0","54.93","27.93"
"68","000","00","002","0214","0755","621","387","234","43","664","1209","0","54.92","32.01"
"68","000","00","002","0215","0000","1960","1165","795","126","2086","3498","0","59.63","33.3"
"68","000","00","002","0215","0721","805","484","321","45","850","1384","0","61.42","34.97"
"68","000","00","002","0215","0722","607","373","234","23","630","1122","0","56.15","33.24"
"68","000","00","002","0215","0723","548","308","240","58","606","992","0","61.09","31.05"
"68","000","00","002","0216","0000","2014","1191","823","161","2175","4141","0","52.52","28.76"
"68","000","00","002","0216","0627","617","359","258","53","670","1201","0","55.79","29.89"
"68","000","00","002","0216","0628","667","402","265","46","713","1353","0","52.7","29.71"
"68","000","00","002","0216","0629","730","430","300","62","792","1587","0","49.91","27.1"
"68","000","00","002","0217","0000","1722","1020","702","118","1840","5573","0","33.02","18.3"
"68","000","00","002","0217","0642","673","405","268","40","713","3474","0","20.52","11.66"
"68","000","00","002","0217","0643","1049","615","434","78","1127","2099","0","53.69","29.3"
"68","000","00","002","0218","0000","1593","941","652","99","1692","3540","0","47.8","26.58"
"68","000","00","002","0218","0648","917","541","376","63","980","1900","0","51.58","28.47"
"68","000","00","002","0218","0649","676","400","276","36","712","1640","0","43.41","24.39"
"68","000","00","002","0219","0000","2325","1420","905","160","2485","4845","0","51.29","29.31"
"68","000","00","002","0219","0667","764","472","292","52","816","1764","0","46.26","26.76"
"68","000","00","002","0219","0668","790","472","318","34","824","1488","0","55.38","31.72"
"68","000","00","002","0219","0669","771","476","295","74","845","1593","0","53.04","29.88"
"68","000","00","002","0220","0000","1479","945","534","78","1557","3362","0","46.31","28.11"
"68","000","00","002","0220","0665","815","509","306","35","850","1842","0","46.15","27.63"
"68","000","00","002","0220","0666","664","436","228","43","707","1520","0","46.51","28.68"
"68","000","00","002","0221","0000","1635","1078","557","124","1759","3334","0","52.76","32.33"
"68","000","00","002","0221","0732","909","561","348","73","982","1951","0","50.33","28.75"
"68","000","00","002","0221","0733","726","517","209","51","777","1383","0","56.18","37.38"
"68","000","00","002","0222","0000","2284","1397","887","169","2453","4872","0","50.35","28.67"
"68","000","00","002","0222","0787","501","312","189","61","562","1097","0","51.23","28.44"
"68","000","00","002","0222","0788","900","544","356","39","939","1917","0","48.98","28.38"
"68","000","00","002","0222","0789","883","541","342","69","952","1858","0","51.24","29.12"
"68","000","00","002","0223","0000","1231","728","503","86","1317","2506","0","52.55","29.05"
"68","000","00","002","0223","0673","578","322","256","39","617","1249","0","49.4","25.78"
"68","000","00","002","0223","0674","653","406","247","47","700","1257","0","55.69","32.3"
"68","000","00","002","0224","0000","1889","1104","785","174","2063","3776","0","54.63","29.24"
"68","000","00","002","0224","0768","516","300","216","43","559","1028","0","54.38","29.18"
"68","000","00","002","0224","0769","609","351","258","58","667","1157","0","57.65","30.34"
"68","000","00","002","0224","0770","764","453","311","73","837","1591","0","52.61","28.47"
"68","000","00","002","0225","0000","1727","1071","656","137","1864","3667","0","50.83","29.21"
"68","000","00","002","0225","0724","874","520","354","56","930","1820","0","51.1","28.57"
"68","000","00","002","0225","0725","853","551","302","81","934","1847","0","50.57","29.83"
"68","000","00","002","0226","0000","1825","1127","698","152","1977","3712","0","53.26","30.36"
"68","000","00","002","0226","0696","858","489","369","79","937","1733","0","54.07","28.22"
"68","000","00","002","0226","0697","967","638","329","73","1040","1979","0","52.55","32.24"
"68","000","00","002","0227","0000","3344","2024","1320","214","3558","6638","0","53.6","30.49"
"68","000","00","002","0227","0716","854","534","320","58","912","1798","0","50.72","29.7"
"68","000","00","002","0227","0717","964","579","385","76","1040","1822","0","57.08","31.78"
"68","000","00","002","0227","0718","814","492","322","35","849","1613","0","52.63","30.5"
"68","000","00","002","0227","0719","712","419","293","45","757","1405","0","53.88","29.82"
"68","000","00","002","0228","0000","413","232","181","31","444","731","0","60.74","31.74"
"68","000","00","002","0228","0764","413","232","181","31","444","731","0","60.74","31.74"
"68","000","00","002","0229","0000","2449","1566","883","246","2695","4672","0","57.68","33.52"
"68","000","00","002","0229","0608","769","487","282","118","887","1627","0","54.52","29.93"
"68","000","00","002","0229","0609","813","484","329","46","859","1519","0","56.55","31.86"
"68","000","00","002","0229","0610","867","595","272","82","949","1526","0","62.19","38.99"
"68","000","00","002","0230","0000","1361","841","520","120","1481","2836","0","52.22","29.65"
"68","000","00","002","0230","0658","726","437","289","66","792","1546","0","51.23","28.27"
"68","000","00","002","0230","0659","635","404","231","54","689","1290","0","53.41","31.32"
"68","000","00","002","0231","0000","1807","1138","669","152","1959","3544","0","55.28","32.11"
"68","000","00","002","0231","0737","899","549","350","90","989","1703","0","58.07","32.24"
"68","000","00","002","0231","0738","908","589","319","62","970","1841","0","52.69","31.99"
"68","000","00","002","0232","0000","1719","1010","709","84","1803","3507","0","51.41","28.8"
"68","000","00","002","0232","0752","942","567","375","51","993","1987","0","49.97","28.54"
"68","000","00","002","0232","0753","777","443","334","33","810","1520","0","53.29","29.14"
"68","000","00","002","0233","0000","4082","2539","1543","244","4326","8947","0","48.35","28.38"
"68","000","00","002","0233","0701","868","520","348","60","928","1943","0","47.76","26.76"
"68","000","00","002","0233","0702","673","428","245","40","713","1363","0","52.31","31.4"
"68","000","00","002","0233","0703","920","555","365","63","983","2172","0","45.26","25.55"
"68","000","00","002","0233","0704","830","550","280","49","879","1798","0","48.89","30.59"
"68","000","00","002","0233","0705","791","486","305","32","823","1671","0","49.25","29.08"
"68","000","00","002","0234","0000","4113","2501","1612","328","4441","8663","0","51.26","28.87"
"68","000","00","002","0234","0709","763","496","267","53","816","1923","0","42.43","25.79"
"68","000","00","002","0234","0710","810","502","308","88","898","1572","0","57.12","31.93"
"68","000","00","002","0234","0711","957","564","393","60","1017","1850","0","54.97","30.49"
"68","000","00","002","0234","0712","749","449","300","71","820","1583","0","51.8","28.36"
"68","000","00","002","0234","0713","834","490","344","56","890","1735","0","51.3","28.24"
"68","000","00","002","0235","0000","978","595","383","78","1056","1957","0","53.96","30.4"
"68","000","00","002","0235","0758","978","595","383","78","1056","1957","0","53.96","30.4"
"68","000","00","002","0236","0000","3597","2206","1391","275","3872","7473","0","51.81","29.52"
"68","000","00","002","0236","0741","849","534","315","61","910","1636","0","55.62","32.64"
"68","000","00","002","0236","0742","815","496","319","56","871","1528","0","57.0","32.46"
"68","000","00","002","0236","0743","1000","614","386","101","1101","2289","0","48.1","26.82"
"68","000","00","002","0236","0744","933","562","371","57","990","2020","0","49.01","27.82"
"68","000","00","002","0237","0000","2285","1396","889","159","2444","4365","0","55.99","31.98"
"68","000","00","002","0237","0636","674","403","271","42","716","1368","0","52.34","29.46"
"68","000","00","002","0237","0637","791","508","283","61","852","1424","0","59.83","35.67"
"68","000","00","002","0237","0638","820","485","335","56","876","1573","0","55.69","30.83"
"68","000","00","002","0238","0000","896","516","380","81","977","1730","0","56.47","29.83"
"68","000","00","002","0238","0720","896","516","380","81","977","1730","0","56.47","29.83"
"68","000","00","002","0239","0000","2443","1651","792","261","2704","4878","0","55.43","33.85"
"68","000","00","002","0239","0611","775","536","239","98","873","1618","0","53.96","33.13"
"68","000","00","002","0239","0612","821","544","277","85","906","1554","0","58.3","35.01"
"68","000","00","002","0239","0613","847","571","276","78","925","1706","0","54.22","33.47"
"68","000","00","002","0240","0000","501","300","201","55","556","1011","0","55.0","29.67"
"68","000","00","002","0240","0766","501","300","201","55","556","1011","0","55.0","29.67"
"68","000","00","002","0241","0000","1434","905","529","112","1546","3045","0","50.77","29.72"
"68","000","00","002","0241","0756","714","455","259","85","799","1481","0","53.95","30.72"
"68","000","00","002","0241","0757","720","450","270","27","747","1564","0","47.76","28.77"
"68","000","00","002","0242","0000","2259","1410","849","174","2433","4841","0","50.26","29.13"
"68","000","00","002","0242","0591","695","445","250","47","742","1401","0","52.96","31.76"
"68","000","00","002","0242","0592","838","498","340","70","908","1798","0","50.5","27.7"
"68","000","00","002","0242","0593","726","467","259","57","783","1642","0","47.69","28.44"
"68","000","00","002","0243","0000","2709","1567","1142","205","2914","6378","0","45.69","24.57"
"68","000","00","002","0243","0798","959","541","418","67","1026","2068","0","49.61","26.16"
"68","000","00","002","0243","0799","823","499","324","68","891","2152","0","41.4","23.19"
"68","000","00","002","0243","0800","927","527","400","70","997","2158","0","46.2","24.42"
"68","000","00","002","0244","0000","2968","1809","1159","206","3174","6013","0","52.79","30.08"
"68","000","00","002","0244","0779","704","404","300","52","756","1426","0","53.02","28.33"
"68","000","00","002","0244","0780","736","437","299","47","783","1618","0","48.39","27.01"
"68","000","00","002","0244","0781","724","453","271","60","784","1441","0","54.41","31.44"
"68","000","00","002","0244","0782","804","515","289","47","851","1528","0","55.69","33.7"
"68","000","00","002","0245","0000","786","473","313","57","843","1532","0","55.03","30.87"
"68","000","00","002","0245","0767","786","473","313","57","843","1532","0","55.03","30.87"
"68","000","00","002","0246","0000","1572","955","617","149","1721","3344","0","51.47","28.56"
"68","000","00","002","0246","0785","736","420","316","68","804","1534","0","52.41","27.38"
"68","000","00","002","0246","0786","836","535","301","81","917","1810","0","50.66","29.56"
"68","000","00","002","0247","0000","2588","1556","1032","274","2862","5162","0","55.44","30.14"
"68","000","00","002","0247","0793","988","598","390","126","1114","2037","0","54.69","29.36"
"68","000","00","002","0247","0794","641","405","236","56","697","1158","0","60.19","34.97"
"68","000","00","002","0247","0795","959","553","406","92","1051","1967","0","53.43","28.11"
"68","000","00","002","0248","0000","1422","854","568","94","1516","3148","0","48.16","27.13"
"68","000","00","002","0248","0777","702","442","260","50","752","1609","0","46.74","27.47"
"68","000","00","002","0248","0778","720","412","308","44","764","1539","0","49.64","26.77"
"68","000","00","002","0249","0000","1696","988","708","142","1838","3686","0","49.86","26.8"
"68","000","00","002","0249","0796","838","508","330","86","924","1830","0","50.49","27.76"
"68","000","00","002","0249","0797","858","480","378","56","914","1856","0","49.25","25.86"
"68","000","00","002","0250","0000","412","234","178","80","492","851","0","57.81","27.5"
"68","000","00","002","0250","0765","412","234","178","80","492","851","0","57.81","27.5"
"68","000","00","002","0251","0000","2379","1226","1153","153","2532","4643","0","54.53","26.41"
"68","000","00","002","0251","0790","834","298","536","39","873","1576","0","55.39","18.91"
"68","000","00","002","0251","0791","753","450","303","64","817","1478","0","55.28","30.45"
"68","000","00","002","0251","0792","792","478","314","50","842","1589","0","52.99","30.08"
"68","000","00","002","0252","0000","2270","1426","844","142","2412","4812","0","50.12","29.63"
"68","000","00","002","0252","0729","674","414","260","47","721","1234","0","58.43","33.55"
"68","000","00","002","0252","0730","886","583","303","63","949","2023","0","46.91","28.82"
"68","000","00","002","0252","0731","710","429","281","32","742","1555","0","47.72","27.59"
"68","000","00","002","0253","0000","1400","873","527","110","1510","2587","0","58.37","33.75"
"68","000","00","002","0253","0634","626","398","228","48","674","1177","0","57.26","33.81"
"68","000","00","002","0253","0635","774","475","299","62","836","1410","0","59.29","33.69"
"68","000","00","002","0254","0000","1470","828","642","117","1587","2767","0","57.35","29.92"
"68","000","00","002","0254","0761","570","303","267","53","623","1066","0","58.44","28.42"
"68","000","00","002","0254","0762","900","525","375","64","964","1701","0","56.67","30.86"
"68","000","00","002","0255","0000","2604","1614","990","164","2768","5434","0","50.94","29.7"
"68","000","00","002","0255","0774","828","485","343","65","893","1651","0","54.09","29.38"
"68","000","00","002","0255","0775","950","615","335","56","1006","1870","0","53.8","32.89"
"68","000","00","002","0255","0776","826","514","312","43","869","1913","0","45.43","26.87"
"68","000","00","002","0256","0000","2739","1662","1077","199","2938","5294","0","55.5","31.39"
"68","000","00","002","0256","0706","899","553","346","75","974","1969","0","49.47","28.09"
"68","000","00","002","0256","0707","925","557","368","65","990","1563","0","63.34","35.64"
"68","000","00","002","0256","0708","915","552","363","59","974","1762","0","55.28","31.33"
"68","000","00","002","0257","0000","2342","1397","945","133","2475","4543","0","54.48","30.75"
"68","000","00","002","0257","0698","807","473","334","43","850","1621","0","52.44","29.18"
"68","000","00","002","0257","0699","728","429","299","52","780","1391","0","56.07","30.84"
"68","000","00","002","0257","0700","807","495","312","38","845","1531","0","55.19","32.33"
"68","000","00","002","0258","0000","1490","866","624","134","1624","2854","0","56.9","30.34"
"68","000","00","002","0258","0694","639","351","288","59","698","1260","0","55.4","27.86"
"68","000","00","002","0258","0695","851","515","336","75","926","1594","0","58.09","32.31"
"68","000","00","002","0259","0000","1306","766","540","50","1356","2557","0","53.03","29.96"
"68","000","00","002","0259","0714","660","368","292","23","683","1292","0","52.86","28.48"
"68","000","00","002","0259","0715","646","398","248","27","673","1265","0","53.2","31.46"
"68","000","00","002","0260","0000","1646","1044","602","101","1747","3331","0","52.45","31.34"
"68","000","00","002","0260","0630","937","616","321","63","1000","1883","0","53.11","32.71"
"68","000","00","002","0260","0631","709","428","281","38","747","1448","0","51.59","29.56"
"68","000","00","002","0261","0000","1797","1138","659","133","1930","3726","0","51.8","30.54"
"68","000","00","002","0261","0632","899","570","329","49","948","1810","0","52.38","31.49"
"68","000","00","002","0261","0633","898","568","330","84","982","1916","0","51.25","29.65"
"68","000","00","002","0262","0000","2415","1495","920","177","2592","4657","0","55.66","32.1"
"68","000","00","002","0262","0594","799","503","296","86","885","1670","0","52.99","30.12"
"68","000","00","002","0262","0595","766","462","304","30","796","1456","0","54.67","31.73"
"68","000","00","002","0262","0596","850","530","320","61","911","1531","0","59.5","34.62"
"68","000","00","002","0263","0000","1728","1099","629","90","1818","3576","0","50.84","30.73"
"68","000","00","002","0263","0597","876","551","325","51","927","1623","0","57.12","33.95"
"68","000","00","002","0263","0598","852","548","304","39","891","1953","0","45.62","28.06"
"68","000","00","002","0264","0000","1788","1083","705","176","1964","3628","0","54.13","29.85"
"68","000","00","002","0264","0783","814","458","356","76","890","1683","0","52.88","27.21"
"68","000","00","002","0264","0784","974","625","349","100","1074","1945","0","55.22","32.13"
"68","000","00","002","0265","0000","2256","1402","854","127","2383","4082","0","58.38","34.35"
"68","000","00","002","0265","0605","880","555","325","41","921","1602","0","57.49","34.64"
"68","000","00","002","0265","0606","602","359","243","43","645","1006","0","64.12","35.69"
"68","000","00","002","0265","0607","774","488","286","43","817","1474","0","55.43","33.11"
"68","000","00","002","0266","0000","2214","1377","837","127","2341","4296","0","54.49","32.05"
"68","000","00","002","0266","0639","619","391","228","21","640","1152","0","55.56","33.94"
"68","000","00","002","0266","0640","621","371","250","28","649","1178","0","55.09","31.49"
"68","000","00","002","0266","0641","974","615","359","78","1052","1966","0","53.51","31.28"
"68","000","00","002","0267","0000","1223","795","428","101","1324","2125","0","62.31","37.41"
"68","000","00","002","0267","0650","555","363","192","40","595","994","0","59.86","36.52"
"68","000","00","002","0267","0651","668","432","236","61","729","1131","0","64.46","38.2"
"68","000","00","002","0268","0000","2345","1484","861","137","2482","4658","0","53.28","31.86"
"68","000","00","002","0268","0670","756","438","318","46","802","1505","0","53.29","29.1"
"68","000","00","002","0268","0671","822","528","294","39","861","1661","0","51.84","31.79"
"68","000","00","002","0268","0672","767","518","249","52","819","1492","0","54.89","34.72"
"68","000","00","002","0269","0000","1387","872","515","117","1504","2575","0","58.41","33.86"
"68","000","00","002","0269","0644","595","392","203","54","649","1178","0","55.09","33.28"
"68","000","00","002","0269","0645","792","480","312","63","855","1397","0","61.2","34.36"
"68","000","00","002","0270","0000","1803","1101","702","146","1949","3756","0","51.89","29.31"
"68","000","00","002","0270","0646","872","535","337","54","926","1669","0","55.48","32.06"
"68","000","00","002","0270","0647","931","566","365","92","1023","2087","0","49.02","27.12"
"68","000","00","002","0271","0000","1612","1046","566","148","1760","3596","0","48.94","29.09"
"68","000","00","002","0271","0660","940","641","299","101","1041","2145","0","48.53","29.88"
"68","000","00","002","0271","0661","672","405","267","47","719","1451","0","49.55","27.91"
"68","000","00","002","0272","0000","2275","1432","843","131","2406","4686","0","51.34","30.56"
"68","000","00","002","0272","0622","782","506","276","50","832","1448","0","57.46","34.94"
"68","000","00","002","0272","0623","759","462","297","60","819","1605","0","51.03","28.79"
"68","000","00","002","0272","0624","734","464","270","21","755","1633","0","46.23","28.41"
"68","000","00","002","0273","0000","2746","1711","1035","189","2935","5990","0","49.0","28.56"
"68","000","00","002","0273","0745","995","613","382","77","1072","2027","0","52.89","30.24"
"68","000","00","002","0273","0746","794","486","308","41","835","1883","0","44.34","25.81"
"68","000","00","002","0273","0747","957","612","345","71","1028","2080","0","49.42","29.42"
"68","000","00","002","0274","0000","3006","1806","1200","180","3186","5466","0","58.29","33.04"
"68","000","00","002","0274","0748","313","176","137","18","331","646","0","51.24","27.24"
"68","000","00","002","0274","0749","1050","642","408","72","1122","1780","0","63.03","36.07"
"68","000","00","002","0274","0750","743","461","282","35","778","1372","0","56.71","33.6"
"68","000","00","002","0274","0751","900","527","373","55","955","1668","0","57.25","31.59"
"68","000","00","002","0275","0000","1552","934","618","101","1653","3555","0","46.5","26.27"
"68","000","00","002","0275","0656","731","451","280","65","796","1743","0","45.67","25.87"
"68","000","00","002","0275","0657","821","483","338","36","857","1812","0","47.3","26.66"
"68","000","00","002","0276","0000","1820","1111","709","114","1934","3484","0","55.51","31.89"
"68","000","00","002","0276","0625","945","556","389","74","1019","1795","0","56.77","30.97"
"68","000","00","002","0276","0626","875","555","320","40","915","1689","0","54.17","32.86"
"68","000","00","002","0277","0000","1679","1111","568","137","1816","3448","0","52.67","32.22"
"68","000","00","002","0277","0685","891","598","293","79","970","1739","0","55.78","34.39"
"68","000","00","002","0277","0686","788","513","275","58","846","1709","0","49.5","30.02"
"68","000","00","002","0278","0000","1704","1056","648","104","1808","3319","0","54.47","31.82"
"68","000","00","002","0278","0687","858","535","323","55","913","1655","0","55.17","32.33"
"68","000","00","002","0278","0688","846","521","325","49","895","1664","0","53.79","31.31"
"68","000","00","002","0279","0000","2287","1379","908","179","2466","4416","0","55.84","31.23"
"68","000","00","002","0279","0734","639","363","276","65","704","1164","0","60.48","31.19"
"68","000","00","002","0279","0735","765","494","271","54","819","1482","0","55.26","33.33"
"68","000","00","002","0279","0736","883","522","361","60","943","1770","0","53.28","29.49"
"68","000","00","002","0280","0000","1287","718","569","132","1419","2405","0","59.0","29.85"
"68","000","00","002","0280","0759","667","376","291","75","742","1223","0","60.67","30.74"
"68","000","00","002","0280","0760","620","342","278","57","677","1182","0","57.28","28.93"
"68","000","00","002","0281","0000","1583","955","628","82","1665","3243","0","51.34","29.45"
"68","000","00","002","0281","0677","805","488","317","53","858","1702","0","50.41","28.67"
"68","000","00","002","0281","0678","778","467","311","29","807","1541","0","52.37","30.3"
"68","000","00","002","0282","0000","2210","1381","829","141","2351","4712","0","49.89","29.31"
"68","000","00","002","0282","0599","615","352","263","42","657","1155","0","56.88","30.48"
"68","000","00","002","0282","0600","790","494","296","51","841","1800","0","46.72","27.44"
"68","000","00","002","0282","0601","805","535","270","48","853","1757","0","48.55","30.45"
"68","000","00","002","0283","0000","2616","1685","931","114","2730","5423","0","50.34","31.07"
"68","000","00","002","0283","0682","835","543","292","45","880","1735","0","50.72","31.3"
"68","000","00","002","0283","0683","899","589","310","28","927","1815","0","51.07","32.45"
"68","000","00","002","0283","0684","882","553","329","41","923","1873","0","49.28","29.52"
"68","000","00","002","0284","0000","2026","1197","829","207","2233","3731","0","59.85","32.08"
"68","000","00","002","0284","0726","696","425","271","64","760","1302","0","58.37","32.64"
"68","000","00","002","0284","0727","609","359","250","77","686","1203","0","57.02","29.84"
"68","000","00","002","0284","0728","721","413","308","66","787","1226","0","64.19","33.69"
"68","000","00","002","0285","0000","2070","1362","708","103","2173","3970","0","54.74","34.31"
"68","000","00","002","0285","0739","1010","659","351","51","1061","1941","0","54.66","33.95"
"68","000","00","002","0285","0740","1060","703","357","52","1112","2029","0","54.81","34.65"
"68","000","00","003","0000","0000","36987","21913","15074","4116","41103","78285","94862","52.5","27.99"
"68","000","00","003","0301","0000","742","395","347","87","829","1477","0","56.13","26.74"
"68","000","00","003","0301","0522","742","395","347","87","829","1477","0","56.13","26.74"
"68","000","00","003","0302","0000","502","288","214","52","554","1006","0","55.07","28.63"
"68","000","00","003","0302","0523","502","288","214","52","554","1006","0","55.07","28.63"
"68","000","00","003","0303","0000","2112","1257","855","188","2300","4752","0","48.4","26.45"
"68","000","00","003","0303","0527","678","384","294","76","754","1585","0","47.57","24.23"
"68","000","00","003","0303","0528","778","458","320","59","837","1612","0","51.92","28.41"
"68","000","00","003","0303","0529","656","415","241","53","709","1555","0","45.59","26.69"
"68","000","00","003","0304","0000","2642","1540","1102","367","3009","5544","0","54.27","27.78"
"68","000","00","003","0304","0530","702","377","325","70","772","1282","0","60.22","29.41"
"68","000","00","003","0304","0531","631","383","248","102","733","1392","0","52.66","27.51"
"68","000","00","003","0304","0532","616","390","226","102","718","1422","0","50.49","27.43"
"68","000","00","003","0304","0533","693","390","303","93","786","1448","0","54.28","26.93"
"68","000","00","003","0305","0000","694","418","276","82","776","1269","0","61.15","32.94"
"68","000","00","003","0305","0534","694","418","276","82","776","1269","0","61.15","32.94"
"68","000","00","003","0306","0000","525","273","252","68","593","977","0","60.7","27.94"
"68","000","00","003","0306","0535","525","273","252","68","593","977","0","60.7","27.94"
"68","000","00","003","0307","0000","1407","803","604","162","1569","3036","0","51.68","26.45"
"68","000","00","003","0307","0539","482","267","215","41","523","1056","0","49.53","25.28"
"68","000","00","003","0307","0540","581","348","233","68","649","1263","0","51.39","27.55"
"68","000","00","003","0307","0541","344","188","156","53","397","717","0","55.37","26.22"
"68","000","00","003","0308","0000","993","598","395","97","1090","2275","0","47.91","26.29"
"68","000","00","003","0308","0542","522","294","228","26","548","1299","0","42.19","22.63"
"68","000","00","003","0308","0543","471","304","167","71","542","976","0","55.53","31.15"
"68","000","00","003","0309","0000","454","261","193","52","506","938","0","53.94","27.83"
"68","000","00","003","0309","0544","454","261","193","52","506","938","0","53.94","27.83"
"68","000","00","003","0310","0000","375","196","179","40","415","832","0","49.88","23.56"
"68","000","00","003","0310","0545","375","196","179","40","415","832","0","49.88","23.56"
"68","000","00","003","0311","0000","697","382","315","61","758","1359","0","55.78","28.11"
"68","000","00","003","0311","0536","697","382","315","61","758","1359","0","55.78","28.11"
"68","000","00","003","0312","0000","870","499","371","172","1042","1795","0","58.05","27.8"
"68","000","00","003","0312","0537","596","345","251","93","689","1135","0","60.7","30.4"
"68","000","00","003","0312","0538","274","154","120","79","353","660","0","53.48","23.33"
"68","000","00","003","0313","0000","1181","691","490","146","1327","2713","0","48.91","25.47"
"68","000","00","003","0313","0548","620","345","275","60","680","1410","0","48.23","24.47"
"68","000","00","003","0313","0549","561","346","215","86","647","1303","0","49.65","26.55"
"68","000","00","003","0314","0000","657","365","292","64","721","1560","0","46.22","23.4"
"68","000","00","003","0314","0546","357","209","148","29","386","866","0","44.57","24.13"
"68","000","00","003","0314","0547","300","156","144","35","335","694","0","48.27","22.48"
"68","000","00","003","0315","0000","1224","784","440","147","1371","2852","0","48.07","27.49"
"68","000","00","003","0315","0557","671","416","255","73","744","1446","0","51.45","28.77"
"68","000","00","003","0315","0558","553","368","185","74","627","1406","0","44.59","26.17"
"68","000","00","003","0316","0000","1285","847","438","106","1391","2542","0","54.72","33.32"
"68","000","00","003","0316","0555","630","438","192","53","683","1173","0","58.23","37.34"
"68","000","00","003","0316","0556","655","409","246","53","708","1369","0","51.72","29.88"
"68","000","00","003","0317","0000","1844","1126","718","151","1995","3603","0","55.37","31.25"
"68","000","00","003","0317","0550","547","338","209","46","593","1125","0","52.71","30.04"
"68","000","00","003","0317","0551","598","354","244","43","641","1170","0","54.79","30.26"
"68","000","00","003","0317","0552","699","434","265","62","761","1308","0","58.18","33.18"
"68","000","00","003","0318","0000","2426","1459","967","264","2690","5012","0","53.67","29.11"
"68","000","00","003","0318","0562","805","485","320","35","840","1684","0","49.88","28.8"
"68","000","00","003","0318","0563","927","554","373","150","1077","1959","0","54.98","28.28"
"68","000","00","003","0318","0564","694","420","274","79","773","1369","0","56.46","30.68"
"68","000","00","003","0319","0000","1329","765","564","116","1445","3088","0","46.79","24.77"
"68","000","00","003","0319","0565","722","422","300","71","793","1431","0","55.42","29.49"
"68","000","00","003","0319","0566","607","343","264","45","652","1657","0","39.35","20.7"
"68","000","00","003","0320","0000","669","403","266","38","707","1514","0","46.7","26.62"
"68","000","00","003","0320","0575","669","403","266","38","707","1514","0","46.7","26.62"
"68","000","00","003","0321","0000","2070","1181","889","302","2372","4947","0","47.95","23.87"
"68","000","00","003","0321","0570","684","397","287","100","784","1511","0","51.89","26.27"
"68","000","00","003","0321","0571","716","400","316","81","797","1719","0","46.36","23.27"
"68","000","00","003","0321","0572","670","384","286","121","791","1717","0","46.07","22.36"
"68","000","00","003","0322","0000","1794","1118","676","188","1982","3732","0","53.11","29.96"
"68","000","00","003","0322","0578","449","266","183","24","473","831","0","56.92","32.01"
"68","000","00","003","0322","0579","706","458","248","73","779","1407","0","55.37","32.55"
"68","000","00","003","0322","0580","639","394","245","91","730","1494","0","48.86","26.37"
"68","000","00","003","0323","0000","1118","675","443","202","1320","2395","0","55.11","28.18"
"68","000","00","003","0323","0573","523","319","204","124","647","1207","0","53.6","26.43"
"68","000","00","003","0323","0574","595","356","239","78","673","1188","0","56.65","29.97"
"68","000","00","003","0324","0000","1455","907","548","143","1598","2789","0","57.3","32.52"
"68","000","00","003","0324","0576","762","484","278","94","856","1529","0","55.98","31.65"
"68","000","00","003","0324","0577","693","423","270","49","742","1260","0","58.89","33.57"
"68","000","00","003","0325","0000","2151","1247","904","269","2420","4508","0","53.68","27.66"
"68","000","00","003","0325","0524","716","418","298","103","819","1553","0","52.74","26.92"
"68","000","00","003","0325","0525","787","459","328","86","873","1597","0","54.66","28.74"
"68","000","00","003","0325","0526","648","370","278","80","728","1358","0","53.61","27.25"
"68","000","00","003","0326","0000","1806","1086","720","152","1958","3875","0","50.53","28.03"
"68","000","00","003","0326","0567","558","344","214","38","596","1387","0","42.97","24.8"
"68","000","00","003","0326","0568","515","311","204","53","568","1085","0","52.35","28.66"
"68","000","00","003","0326","0569","733","431","302","61","794","1403","0","56.59","30.72"
"68","000","00","003","0327","0000","2371","1374","997","227","2598","4648","0","55.9","29.56"
"68","000","00","003","0327","0559","820","498","322","41","861","1592","0","54.08","31.28"
"68","000","00","003","0327","0560","770","427","343","84","854","1497","0","57.05","28.52"
"68","000","00","003","0327","0561","781","449","332","102","883","1559","0","56.64","28.8"
"68","000","00","003","0328","0000","1594","975","619","173","1767","3247","0","54.42","30.03"
"68","000","00","003","0328","0553","539","321","218","80","619","1094","0","56.58","29.34"
"68","000","00","003","0328","0554","1055","654","401","93","1148","2153","0","53.32","30.38"
"68","000","00","004","0000","0000","64751","40318","24433","4946","69697","137917","169991","50.54","29.23"
"68","000","00","004","0401","0000","1815","1124","691","120","1935","3705","0","52.23","30.34"
"68","000","00","004","0401","0960","930","572","358","76","1006","1943","0","51.78","29.44"
"68","000","00","004","0401","0961","885","552","333","44","929","1762","0","52.72","31.33"
"68","000","00","004","0402","0000","527","322","205","46","573","1083","0","52.91","29.73"
"68","000","00","004","0402","0962","527","322","205","46","573","1083","0","52.91","29.73"
"68","000","00","004","0403","0000","1375","866","509","140","1515","2633","0","57.54","32.89"
"68","000","00","004","0403","0964","668","402","266","63","731","1274","0","57.38","31.55"
"68","000","00","004","0403","0965","707","464","243","77","784","1359","0","57.69","34.14"
"68","000","00","004","0404","0000","2781","1822","959","149","2930","6964","0","42.07","26.16"
"68","000","00","004","0404","0966","805","510","295","62","867","2444","0","35.47","20.87"
"68","000","00","004","0404","0967","943","612","331","30","973","2298","0","42.34","26.63"
"68","000","00","004","0404","0968","1033","700","333","57","1090","2222","0","49.05","31.5"
"68","000","00","004","0405","0000","1535","917","618","180","1715","3237","0","52.98","28.33"
"68","000","00","004","0405","0969","767","449","318","83","850","1610","0","52.8","27.89"
"68","000","00","004","0405","0970","768","468","300","97","865","1627","0","53.17","28.76"
"68","000","00","004","0406","0000","1147","677","470","107","1254","2776","0","45.17","24.39"
"68","000","00","004","0406","0973","695","400","295","78","773","1776","0","43.52","22.52"
"68","000","00","004","0406","0974","452","277","175","29","481","1000","0","48.1","27.7"
"68","000","00","004","0407","0000","2074","1365","709","169","2243","4112","0","54.55","33.2"
"68","000","00","004","0407","1003","668","467","201","44","712","1448","0","49.17","32.25"
"68","000","00","004","0407","1004","700","462","238","64","764","1351","0","56.55","34.2"
"68","000","00","004","0407","1005","706","436","270","61","767","1313","0","58.42","33.21"
"68","000","00","004","0408","0000","1303","793","510","73","1376","2602","0","52.88","30.48"
"68","000","00","004","0408","0989","583","338","245","46","629","1194","0","52.68","28.31"
"68","000","00","004","0408","0990","720","455","265","27","747","1408","0","53.05","32.32"
"68","000","00","004","0409","0000","966","622","344","80","1046","2027","0","51.6","30.69"
"68","000","00","004","0409","0963","966","622","344","80","1046","2027","0","51.6","30.69"
"68","000","00","004","0410","0000","1708","1088","620","112","1820","3300","0","55.15","32.97"
"68","000","00","004","0410","0956","844","528","316","41","885","1713","0","51.66","30.82"
"68","000","00","004","0410","0957","864","560","304","71","935","1587","0","58.92","35.29"
"68","000","00","004","0411","0000","736","455","281","64","800","1434","0","55.79","31.73"
"68","000","00","004","0411","0929","736","455","281","64","800","1434","0","55.79","31.73"
"68","000","00","004","0412","0000","598","397","201","56","654","1137","0","57.52","34.92"
"68","000","00","004","0412","0932","598","397","201","56","654","1137","0","57.52","34.92"
"68","000","00","004","0413","0000","2432","1455","977","200","2632","5314","0","49.53","27.38"
"68","000","00","004","0413","0936","737","433","304","75","812","1449","0","56.04","29.88"
"68","000","00","004","0413","0937","793","480","313","72","865","1877","0","46.08","25.57"
"68","000","00","004","0413","0938","902","542","360","53","955","1988","0","48.04","27.26"
"68","000","00","004","0414","0000","2010","1267","743","85","2095","4219","0","49.66","30.03"
"68","000","00","004","0414","0933","1050","665","385","48","1098","2211","0","49.66","30.08"
"68","000","00","004","0414","0934","960","602","358","37","997","2008","0","49.65","29.98"
"68","000","00","004","0415","0000","1789","1091","698","88","1877","3730","0","50.32","29.25"
"68","000","00","004","0415","0942","893","536","357","36","929","1848","0","50.27","29.0"
"68","000","00","004","0415","0943","896","555","341","52","948","1882","0","50.37","29.49"
"68","000","00","004","0416","0000","1616","1055","561","97","1713","3657","0","46.84","28.85"
"68","000","00","004","0416","0991","723","467","256","50","773","1737","0","44.5","26.89"
"68","000","00","004","0416","0992","893","588","305","47","940","1920","0","48.96","30.63"
"68","000","00","004","0417","0000","1642","988","654","110","1752","3378","0","51.87","29.25"
"68","000","00","004","0417","0997","829","480","349","71","900","1692","0","53.19","28.37"
"68","000","00","004","0417","0998","813","508","305","39","852","1686","0","50.53","30.13"
"68","000","00","004","0418","0000","2109","1313","796","195","2304","3923","0","58.73","33.47"
"68","000","00","004","0418","0926","645","400","245","66","711","1269","0","56.03","31.52"
"68","000","00","004","0418","0927","705","422","283","67","772","1246","0","61.96","33.87"
"68","000","00","004","0418","0928","759","491","268","62","821","1408","0","58.31","34.87"
"68","000","00","004","0419","0000","1449","936","513","132","1581","3172","0","49.84","29.51"
"68","000","00","004","0419","0930","719","463","256","60","779","1515","0","51.42","30.56"
"68","000","00","004","0419","0931","730","473","257","72","802","1657","0","48.4","28.55"
"68","000","00","004","0420","0000","816","522","294","100","916","1861","0","49.22","28.05"
"68","000","00","004","0420","0977","816","522","294","100","916","1861","0","49.22","28.05"
"68","000","00","004","0421","0000","1685","1043","642","184","1869","3841","0","48.66","27.15"
"68","000","00","004","0421","0975","945","617","328","100","1045","2290","0","45.63","26.94"
"68","000","00","004","0421","0976","740","426","314","84","824","1551","0","53.13","27.47"
"68","000","00","004","0422","0000","1243","728","515","178","1421","2685","0","52.92","27.11"
"68","000","00","004","0422","0980","705","418","287","93","798","1498","0","53.27","27.9"
"68","000","00","004","0422","0981","538","310","228","85","623","1187","0","52.49","26.12"
"68","000","00","004","0423","0000","1749","1009","740","100","1849","3752","0","49.28","26.89"
"68","000","00","004","0423","1006","816","476","340","60","876","1689","0","51.87","28.18"
"68","000","00","004","0423","1007","933","533","400","40","973","2063","0","47.16","25.84"
"68","000","00","004","0424","0000","1342","800","542","115","1457","2694","0","54.08","29.7"
"68","000","00","004","0424","0982","647","378","269","62","709","1270","0","55.83","29.76"
"68","000","00","004","0424","0983","695","422","273","53","748","1424","0","52.53","29.63"
"68","000","00","004","0425","0000","2284","1363","921","218","2502","5412","0","46.23","25.18"
"68","000","00","004","0425","0986","718","415","303","88","806","1783","0","45.2","23.28"
"68","000","00","004","0425","0987","776","495","281","37","813","1709","0","47.57","28.96"
"68","000","00","004","0425","0988","790","453","337","93","883","1920","0","45.99","23.59"
"68","000","00","004","0426","0000","1568","966","602","95","1663","3007","0","55.3","32.13"
"68","000","00","004","0426","0958","746","454","292","48","794","1416","0","56.07","32.06"
"68","000","00","004","0426","0959","822","512","310","47","869","1591","0","54.62","32.18"
"68","000","00","004","0427","0000","2915","1832","1083","184","3099","6381","0","48.57","28.71"
"68","000","00","004","0427","0950","932","582","350","65","997","2101","0","47.45","27.7"
"68","000","00","004","0427","0951","994","622","372","81","1075","2054","0","52.34","30.28"
"68","000","00","004","0427","0952","989","628","361","38","1027","2226","0","46.14","28.21"
"68","000","00","004","0428","0000","1810","1127","683","73","1883","3687","0","51.07","30.57"
"68","000","00","004","0428","0946","676","422","254","23","699","1562","0","44.75","27.02"
"68","000","00","004","0428","0947","1134","705","429","50","1184","2125","0","55.72","33.18"
"68","000","00","004","0429","0000","1553","975","578","69","1622","3248","0","49.94","30.02"
"68","000","00","004","0429","0953","727","460","267","22","749","1405","0","53.31","32.74"
"68","000","00","004","0429","0954","826","515","311","47","873","1843","0","47.37","27.94"
"68","000","00","004","0430","0000","1655","1022","633","151","1806","3347","0","53.96","30.53"
"68","000","00","004","0430","0971","813","511","302","59","872","1589","0","54.88","32.16"
"68","000","00","004","0430","0972","842","511","331","92","934","1758","0","53.13","29.07"
"68","000","00","004","0431","0000","1877","1034","843","100","1977","3883","0","50.91","26.63"
"68","000","00","004","0431","0995","1067","530","537","59","1126","2020","0","55.74","26.24"
"68","000","00","004","0431","0996","810","504","306","41","851","1863","0","45.68","27.05"
"68","000","00","004","0432","0000","1642","1074","568","216","1858","3492","0","53.21","30.76"
"68","000","00","004","0432","1001","865","597","268","64","929","1603","0","57.95","37.24"
"68","000","00","004","0432","1002","777","477","300","152","929","1889","0","49.18","25.25"
"68","000","00","004","0433","0000","1571","1000","571","159","1730","3183","0","54.35","31.42"
"68","000","00","004","0433","0999","766","477","289","117","883","1626","0","54.31","29.34"
"68","000","00","004","0433","1000","805","523","282","42","847","1557","0","54.4","33.59"
"68","000","00","004","0434","0000","2579","1713","866","153","2732","5546","0","49.26","30.89"
"68","000","00","004","0434","0939","852","598","254","49","901","1931","0","46.66","30.97"
"68","000","00","004","0434","0940","884","563","321","68","952","1938","0","49.12","29.05"
"68","000","00","004","0434","0941","843","552","291","36","879","1677","0","52.42","32.92"
"68","000","00","004","0435","0000","957","591","366","42","999","1911","0","52.28","30.93"
"68","000","00","004","0435","0935","957","591","366","42","999","1911","0","52.28","30.93"
"68","000","00","004","0436","0000","1456","894","562","87","1543","3479","0","44.35","25.7"
"68","000","00","004","0436","0944","573","331","242","30","603","1541","0","39.13","21.48"
"68","000","00","004","0436","0945","883","563","320","57","940","1938","0","48.5","29.05"
"68","000","00","004","0437","0000","1330","802","528","139","1469","2725","0","53.91","29.43"
"68","000","00","004","0437","0993","588","354","234","52","640","1234","0","51.86","28.69"
"68","000","00","004","0437","0994","742","448","294","87","829","1491","0","55.6","30.05"
"68","000","00","004","0438","0000","1272","801","471","129","1401","2926","0","47.88","27.38"
"68","000","00","004","0438","0978","467","279","188","69","536","1141","0","46.98","24.45"
"68","000","00","004","0438","0979","805","522","283","60","865","1785","0","48.46","29.24"
"68","000","00","004","0439","0000","967","596","371","69","1036","2324","0","44.58","25.65"
"68","000","00","004","0439","0955","967","596","371","69","1036","2324","0","44.58","25.65"
"68","000","00","004","0440","0000","1678","1021","657","103","1781","3323","0","53.6","30.73"
"68","000","00","004","0440","0948","825","493","332","64","889","1516","0","58.64","32.52"
"68","000","00","004","0440","0949","853","528","325","39","892","1807","0","49.36","29.22"
"68","000","00","004","0441","0000","1190","852","338","79","1269","2807","0","45.21","30.35"
"68","000","00","004","0441","0984","543","458","85","30","573","1273","0","45.01","35.98"
"68","000","00","004","0441","0985","647","394","253","49","696","1534","0","45.37","25.68"
"68","000","00","005","0000","0000","60505","35742","24763","4898","65403","129252","164057","50.6","27.65"
"68","000","00","005","0501","0000","1224","684","540","242","1466","2896","0","50.62","23.62"
"68","000","00","005","0501","0396","548","315","233","145","693","1358","0","51.03","23.2"
"68","000","00","005","0501","0397","676","369","307","97","773","1538","0","50.26","23.99"
"68","000","00","005","0502","0000","1664","967","697","176","1840","3791","0","48.54","25.51"
"68","000","00","005","0502","0398","814","466","348","97","911","2118","0","43.01","22.0"
"68","000","00","005","0502","0399","850","501","349","79","929","1673","0","55.53","29.95"
"68","000","00","005","0503","0000","2064","1236","828","163","2227","4816","0","46.24","25.66"
"68","000","00","005","0503","0404","613","343","270","30","643","1446","0","44.47","23.72"
"68","000","00","005","0503","0405","671","382","289","83","754","1623","0","46.46","23.54"
"68","000","00","005","0503","0406","780","511","269","50","830","1747","0","47.51","29.25"
"68","000","00","005","0504","0000","2109","1318","791","143","2252","4687","0","48.05","28.12"
"68","000","00","005","0504","0411","1013","627","386","72","1085","2189","0","49.57","28.64"
"68","000","00","005","0504","0412","1096","691","405","71","1167","2498","0","46.72","27.66"
"68","000","00","005","0506","0000","1636","953","683","202","1838","4088","0","44.96","23.31"
"68","000","00","005","0506","0414","755","424","331","95","850","1991","0","42.69","21.3"
"68","000","00","005","0506","0415","881","529","352","107","988","2097","0","47.11","25.23"
"68","000","00","005","0507","0000","1661","955","706","105","1766","3567","0","49.51","26.77"
"68","000","00","005","0507","0430","901","536","365","66","967","1864","0","51.88","28.76"
"68","000","00","005","0507","0431","760","419","341","39","799","1703","0","46.92","24.6"
"68","000","00","005","0508","0000","1820","1053","767","149","1969","3815","0","51.61","27.6"
"68","000","00","005","0508","0432","849","482","367","63","912","1893","0","48.18","25.46"
"68","000","00","005","0508","0433","971","571","400","86","1057","1922","0","54.99","29.71"
"68","000","00","005","0509","0000","1230","743","487","94","1324","2380","0","55.63","31.22"
"68","000","00","005","0509","0440","655","378","277","61","716","1181","0","60.63","32.01"
"68","000","00","005","0509","0441","575","365","210","33","608","1199","0","50.71","30.44"
"68","000","00","005","0510","0000","1151","667","484","172","1323","2521","0","52.48","26.46"
"68","000","00","005","0510","0459","508","306","202","54","562","1318","0","42.64","23.22"
"68","000","00","005","0510","0460","643","361","282","118","761","1203","0","63.26","30.01"
"68","000","00","005","0511","0000","762","449","313","42","804","1771","0","45.4","25.35"
"68","000","00","005","0511","0461","762","449","313","42","804","1771","0","45.4","25.35"
"68","000","00","005","0512","0000","1499","816","683","248","1747","3595","0","48.6","22.7"
"68","000","00","005","0512","0462","738","396","342","119","857","1832","0","46.78","21.62"
"68","000","00","005","0512","0463","761","420","341","129","890","1763","0","50.48","23.82"
"68","000","00","005","0513","0000","560","297","263","30","590","1497","0","39.41","19.84"
"68","000","00","005","0513","0464","560","297","263","30","590","1497","0","39.41","19.84"
"68","000","00","005","0514","0000","823","498","325","161","984","1671","0","58.89","29.8"
"68","000","00","005","0514","0465","823","498","325","161","984","1671","0","58.89","29.8"
"68","000","00","005","0515","0000","1190","671","519","211","1401","2488","0","56.31","26.97"
"68","000","00","005","0515","0466","444","273","171","90","534","929","0","57.48","29.39"
"68","000","00","005","0515","0467","746","398","348","121","867","1559","0","55.61","25.53"
"68","000","00","005","0516","0000","1512","889","623","141","1653","2938","0","56.26","30.26"
"68","000","00","005","0516","0468","694","431","263","47","741","1497","0","49.5","28.79"
"68","000","00","005","0516","0469","818","458","360","94","912","1441","0","63.29","31.78"
"68","000","00","005","0517","0000","1458","887","571","77","1535","3161","0","48.56","28.06"
"68","000","00","005","0517","0428","690","423","267","36","726","1668","0","43.53","25.36"
"68","000","00","005","0517","0429","768","464","304","41","809","1493","0","54.19","31.08"
"68","000","00","005","0518","0000","2416","1437","979","197","2613","5039","0","51.86","28.52"
"68","000","00","005","0518","0416","776","447","329","73","849","1558","0","54.49","28.69"
"68","000","00","005","0518","0417","922","556","366","69","991","1891","0","52.41","29.4"
"68","000","00","005","0518","0418","718","434","284","55","773","1590","0","48.62","27.3"
"68","000","00","005","0519","0000","1173","680","493","89","1262","2588","0","48.76","26.28"
"68","000","00","005","0519","0438","573","313","260","44","617","1232","0","50.08","25.41"
"68","000","00","005","0519","0439","600","367","233","45","645","1356","0","47.57","27.06"
"68","000","00","005","0520","0000","1465","817","648","146","1611","3150","0","51.14","25.94"
"68","000","00","005","0520","0436","795","454","341","62","857","1688","0","50.77","26.9"
"68","000","00","005","0520","0437","670","363","307","84","754","1462","0","51.57","24.83"
"68","000","00","005","0521","0000","667","371","296","40","707","1322","0","53.48","28.06"
"68","000","00","005","0521","0413","667","371","296","40","707","1322","0","53.48","28.06"
"68","000","00","005","0522","0000","1635","951","684","141","1776","3425","0","51.85","27.77"
"68","000","00","005","0522","0407","944","557","387","78","1022","1988","0","51.41","28.02"
"68","000","00","005","0522","0408","691","394","297","63","754","1437","0","52.47","27.42"
"68","000","00","005","0523","0000","1410","814","596","129","1539","2979","0","51.66","27.32"
"68","000","00","005","0523","0409","754","410","344","88","842","1532","0","54.96","26.76"
"68","000","00","005","0523","0410","656","404","252","41","697","1447","0","48.17","27.92"
"68","000","00","005","0524","0000","1584","932","652","117","1701","3172","0","53.63","29.38"
"68","000","00","005","0524","0457","802","473","329","53","855","1483","0","57.65","31.89"
"68","000","00","005","0524","0458","782","459","323","64","846","1689","0","50.09","27.18"
"68","000","00","005","0525","0000","2083","1217","866","105","2188","4595","0","47.62","26.49"
"68","000","00","005","0525","0453","1257","733","524","58","1315","2727","0","48.22","26.88"
"68","000","00","005","0525","0454","826","484","342","47","873","1868","0","46.73","25.91"
"68","000","00","005","0526","0000","2112","1299","813","104","2216","4233","0","52.35","30.69"
"68","000","00","005","0526","0446","972","586","386","59","1031","2055","0","50.17","28.52"
"68","000","00","005","0526","0447","1140","713","427","45","1185","2178","0","54.41","32.74"
"68","000","00","005","0527","0000","1671","1004","667","95","1766","3551","0","49.73","28.27"
"68","000","00","005","0527","0425","793","462","331","49","842","1731","0","48.64","26.69"
"68","000","00","005","0527","0426","878","542","336","46","924","1820","0","50.77","29.78"
"68","000","00","005","0528","0000","2183","1337","846","134","2317","4926","0","47.04","27.14"
"68","000","00","005","0528","0419","995","587","408","77","1072","2404","0","44.59","24.42"
"68","000","00","005","0528","0420","1188","750","438","57","1245","2522","0","49.37","29.74"
"68","000","00","005","0529","0000","1624","846","778","101","1725","3348","0","51.52","25.27"
"68","000","00","005","0529","0421","807","373","434","37","844","1633","0","51.68","22.84"
"68","000","00","005","0529","0422","817","473","344","64","881","1715","0","51.37","27.58"
"68","000","00","005","0530","0000","814","493","321","64","878","1633","0","53.77","30.19"
"68","000","00","005","0530","0427","814","493","321","64","878","1633","0","53.77","30.19"
"68","000","00","005","0531","0000","2750","1769","981","182","2932","5379","0","54.51","32.89"
"68","000","00","005","0531","0449","865","545","320","53","918","1667","0","55.07","32.69"
"68","000","00","005","0531","0450","883","522","361","54","937","1745","0","53.7","29.91"
"68","000","00","005","0531","0451","1002","702","300","75","1077","1967","0","54.75","35.69"
"68","000","00","005","0532","0000","1831","1163","668","76","1907","3511","0","54.32","33.12"
"68","000","00","005","0532","0448","874","565","309","42","916","1709","0","53.6","33.06"
"68","000","00","005","0532","0452","957","598","359","34","991","1802","0","54.99","33.19"
"68","000","00","005","0533","0000","1524","931","593","91","1615","3133","0","51.55","29.72"
"68","000","00","005","0533","0442","872","543","329","35","907","1710","0","53.04","31.75"
"68","000","00","005","0533","0443","652","388","264","56","708","1423","0","49.75","27.27"
"68","000","00","005","0534","0000","1604","966","638","87","1691","3161","0","53.5","30.56"
"68","000","00","005","0534","0444","769","467","302","48","817","1522","0","53.68","30.68"
"68","000","00","005","0534","0445","835","499","336","39","874","1639","0","53.33","30.45"
"68","000","00","005","0535","0000","1383","802","581","90","1473","2731","0","53.94","29.37"
"68","000","00","005","0535","0434","701","416","285","38","739","1393","0","53.05","29.86"
"68","000","00","005","0535","0435","682","386","296","52","734","1338","0","54.86","28.85"
"68","000","00","005","0536","0000","2085","1252","833","109","2194","4604","0","47.65","27.19"
"68","000","00","005","0536","0402","1075","657","418","70","1145","2250","0","50.89","29.2"
"68","000","00","005","0536","0403","1010","595","415","39","1049","2354","0","44.56","25.28"
"68","000","00","005","0537","0000","1588","946","642","103","1691","3199","0","52.86","29.57"
"68","000","00","005","0537","0400","743","453","290","42","785","1500","0","52.33","30.2"
"68","000","00","005","0537","0401","845","493","352","61","906","1699","0","53.33","29.02"
"68","000","00","005","0538","0000","1510","863","647","110","1620","3153","0","51.38","27.37"
"68","000","00","005","0538","0455","715","405","310","64","779","1537","0","50.68","26.35"
"68","000","00","005","0538","0456","795","458","337","46","841","1616","0","52.04","28.34"
"68","000","00","005","0539","0000","1896","1082","814","98","1994","4244","0","46.98","25.49"
"68","000","00","005","0539","0423","967","546","421","43","1010","2215","0","45.6","24.65"
"68","000","00","005","0539","0424","929","536","393","55","984","2029","0","48.5","26.42"
"68","000","00","005","0540","0000","1134","687","447","134","1268","2494","0","50.84","27.55"
"68","000","00","005","0540","0470","657","410","247","82","739","1465","0","50.44","27.99"
"68","000","00","005","0540","0471","477","277","200","52","529","1029","0","51.41","26.92"
"68","000","00","006","0000","0000","33673","19806","13867","2724","36397","73900","90407","49.25","26.8"
"68","000","00","006","0601","0000","2770","1601","1169","242","3012","6145","0","49.02","26.05"
"68","000","00","006","0601","0472","634","370","264","71","705","1538","0","45.84","24.06"
"68","000","00","006","0601","0473","607","373","234","50","657","1616","0","40.66","23.08"
"68","000","00","006","0601","0474","741","412","329","70","811","1437","0","56.44","28.67"
"68","000","00","006","0601","0475","788","446","342","51","839","1554","0","53.99","28.7"
"68","000","00","006","0602","0000","2946","1718","1228","271","3217","6471","0","49.71","26.55"
"68","000","00","006","0602","0476","585","350","235","56","641","1237","0","51.82","28.29"
"68","000","00","006","0602","0477","616","348","268","79","695","1347","0","51.6","25.84"
"68","000","00","006","0602","0478","580","330","250","38","618","1261","0","49.01","26.17"
"68","000","00","006","0602","0479","583","337","246","55","638","1256","0","50.8","26.83"
"68","000","00","006","0602","0480","582","353","229","43","625","1370","0","45.62","25.77"
"68","000","00","006","0603","0000","1939","1143","796","152","2091","4617","0","45.29","24.76"
"68","000","00","006","0603","0481","690","390","300","55","745","1610","0","46.27","24.22"
"68","000","00","006","0603","0482","664","399","265","51","715","1419","0","50.39","28.12"
"68","000","00","006","0603","0483","585","354","231","46","631","1588","0","39.74","22.29"
"68","000","00","006","0604","0000","744","466","278","66","810","1612","0","50.25","28.91"
"68","000","00","006","0604","0484","744","466","278","66","810","1612","0","50.25","28.91"
"68","000","00","006","0605","0000","4817","2845","1972","365","5182","10011","0","51.76","28.42"
"68","000","00","006","0605","0485","654","355","299","53","707","1440","0","49.1","24.65"
"68","000","00","006","0605","0486","585","334","251","63","648","1326","0","48.87","25.19"
"68","000","00","006","0605","0487","743","472","271","73","816","1455","0","56.08","32.44"
"68","000","00","006","0605","0488","767","459","308","71","838","1562","0","53.65","29.39"
"68","000","00","006","0605","0489","678","392","286","43","721","1284","0","56.15","30.53"
"68","000","00","006","0605","0490","660","391","269","33","693","1454","0","47.66","26.89"
"68","000","00","006","0605","0491","730","442","288","29","759","1490","0","50.94","29.66"
"68","000","00","006","0606","0000","2166","1233","933","220","2386","4861","0","49.08","25.37"
"68","000","00","006","0606","0492","669","392","277","54","723","1617","0","44.71","24.24"
"68","000","00","006","0606","0493","726","400","326","99","825","1594","0","51.76","25.09"
"68","000","00","006","0606","0494","771","441","330","67","838","1650","0","50.79","26.73"
"68","000","00","006","0607","0000","2696","1503","1193","172","2868","5896","0","48.64","25.49"
"68","000","00","006","0607","0495","647","349","298","25","672","1467","0","45.81","23.79"
"68","000","00","006","0607","0496","704","401","303","42","746","1494","0","49.93","26.84"
"68","000","00","006","0607","0497","706","406","300","71","777","1538","0","50.52","26.4"
"68","000","00","006","0607","0498","639","347","292","34","673","1397","0","48.17","24.84"
"68","000","00","006","0608","0000","711","406","305","43","754","1637","0","46.06","24.8"
"68","000","00","006","0608","0499","711","406","305","43","754","1637","0","46.06","24.8"
"68","000","00","006","0610","0000","1371","840","531","133","1504","2866","0","52.48","29.31"
"68","000","00","006","0610","0500","634","399","235","65","699","1452","0","48.14","27.48"
"68","000","00","006","0610","0501","737","441","296","68","805","1414","0","56.93","31.19"
"68","000","00","006","0611","0000","2908","1739","1169","199","3107","6871","0","45.22","25.31"
"68","000","00","006","0611","0502","775","461","314","62","837","1670","0","50.12","27.6"
"68","000","00","006","0611","0503","725","429","296","29","754","1701","0","44.33","25.22"
"68","000","00","006","0611","0504","692","428","264","48","740","1813","0","40.82","23.61"
"68","000","00","006","0611","0505","716","421","295","60","776","1687","0","46.0","24.96"
"68","000","00","006","0612","0000","1621","977","644","79","1700","3206","0","53.03","30.47"
"68","000","00","006","0612","0506","803","479","324","20","823","1650","0","49.88","29.03"
"68","000","00","006","0612","0507","818","498","320","59","877","1556","0","56.36","32.01"
"68","000","00","006","0613","0000","773","459","314","53","826","1844","0","44.79","24.89"
"68","000","00","006","0613","0508","773","459","314","53","826","1844","0","44.79","24.89"
"68","000","00","006","0614","0000","1323","797","526","117","1440","2750","0","52.36","28.98"
"68","000","00","006","0614","0509","596","362","234","57","653","1336","0","48.88","27.1"
"68","000","00","006","0614","0510","727","435","292","60","787","1414","0","55.66","30.76"
"68","000","00","006","0615","0000","1350","774","576","135","1485","2465","0","60.24","31.4"
"68","000","00","006","0615","0511","660","384","276","81","741","1238","0","59.85","31.02"
"68","000","00","006","0615","0512","690","390","300","54","744","1227","0","60.64","31.78"
"68","000","00","006","0616","0000","1125","652","473","75","1200","2548","0","47.1","25.59"
"68","000","00","006","0616","0513","544","309","235","47","591","1199","0","49.29","25.77"
"68","000","00","006","0616","0514","581","343","238","28","609","1349","0","45.14","25.43"
"68","000","00","006","0617","0000","1020","709","311","86","1106","2200","0","50.27","32.23"
"68","000","00","006","0617","0515","509","404","105","47","556","1120","0","49.64","36.07"
"68","000","00","006","0617","0516","511","305","206","39","550","1080","0","50.93","28.24"
"68","000","00","006","0618","0000","1230","695","535","139","1369","2686","0","50.97","25.87"
"68","000","00","006","0618","0517","589","336","253","70","659","1341","0","49.14","25.06"
"68","000","00","006","0618","0518","641","359","282","69","710","1345","0","52.79","26.69"
"68","000","00","006","0619","0000","2163","1249","914","177","2340","5214","0","44.88","23.95"
"68","000","00","006","0619","0519","637","375","262","60","697","1565","0","44.54","23.96"
"68","000","00","006","0619","0520","620","367","253","37","657","1519","0","43.25","24.16"
"68","000","00","006","0619","0521","906","507","399","80","986","2130","0","46.29","23.8"
"68","000","00","007","0000","0000","59527","34915","24612","4651","64178","131702","160182","48.73","26.51"
"68","000","00","007","0701","0000","1817","1058","759","135","1952","3735","0","52.26","28.33"
"68","000","00","007","0701","0270","697","396","301","37","734","1455","0","50.45","27.22"
"68","000","00","007","0701","0271","1120","662","458","98","1218","2280","0","53.42","29.04"
"68","000","00","007","0702","0000","3154","1854","1300","283","3437","6706","0","51.25","27.65"
"68","000","00","007","0702","0231","1032","621","411","83","1115","2178","0","51.19","28.51"
"68","000","00","007","0702","0232","815","475","340","80","895","1672","0","53.53","28.41"
"68","000","00","007","0702","0233","627","356","271","52","679","1376","0","49.35","25.87"
"68","000","00","007","0702","0234","680","402","278","68","748","1480","0","50.54","27.16"
"68","000","00","007","0703","0000","1913","1102","811","210","2123","4353","0","48.77","25.32"
"68","000","00","007","0703","0261","391","231","160","37","428","841","0","50.89","27.47"
"68","000","00","007","0703","0262","957","557","400","89","1046","2284","0","45.8","24.39"
"68","000","00","007","0703","0263","565","314","251","84","649","1228","0","52.85","25.57"
"68","000","00","007","0704","0000","2756","1612","1144","210","2966","5735","0","51.72","28.11"
"68","000","00","007","0704","0235","637","378","259","48","685","1258","0","54.45","30.05"
"68","000","00","007","0704","0236","690","410","280","42","732","1464","0","50.0","28.01"
"68","000","00","007","0704","0237","846","485","361","94","940","1844","0","50.98","26.3"
"68","000","00","007","0704","0238","583","339","244","26","609","1169","0","52.1","29.0"
"68","000","00","007","0705","0000","1495","897","598","114","1609","3253","0","49.46","27.57"
"68","000","00","007","0705","0245","850","519","331","63","913","1788","0","51.06","29.03"
"68","000","00","007","0705","0246","645","378","267","51","696","1465","0","47.51","25.8"
"68","000","00","007","0706","0000","2377","1399","978","157","2534","5386","0","47.05","25.97"
"68","000","00","007","0706","0239","695","420","275","52","747","1921","0","38.89","21.86"
"68","000","00","007","0706","0240","764","459","305","30","794","1694","0","46.87","27.1"
"68","000","00","007","0706","0241","918","520","398","75","993","1771","0","56.07","29.36"
"68","000","00","007","0707","0000","1830","1195","635","140","1970","3629","0","54.28","32.93"
"68","000","00","007","0707","0220","878","583","295","73","951","1744","0","54.53","33.43"
"68","000","00","007","0707","0221","952","612","340","67","1019","1885","0","54.06","32.47"
"68","000","00","007","0708","0000","2462","1508","954","139","2601","5033","0","51.68","29.96"
"68","000","00","007","0708","0217","454","304","150","28","482","874","0","55.15","34.78"
"68","000","00","007","0708","0218","989","656","333","84","1073","2014","0","53.28","32.57"
"68","000","00","007","0708","0219","1019","548","471","27","1046","2145","0","48.76","25.55"
"68","000","00","007","0709","0000","571","313","258","42","613","1156","0","53.03","27.08"
"68","000","00","007","0709","0276","571","313","258","42","613","1156","0","53.03","27.08"
"68","000","00","007","0710","0000","1593","945","648","126","1719","3553","0","48.38","26.6"
"68","000","00","007","0710","0272","781","468","313","62","843","1668","0","50.54","28.06"
"68","000","00","007","0710","0273","812","477","335","64","876","1885","0","46.47","25.31"
"68","000","00","007","0711","0000","864","503","361","118","982","1840","0","53.37","27.34"
"68","000","00","007","0711","0289","864","503","361","118","982","1840","0","53.37","27.34"
"68","000","00","007","0712","0000","828","614","214","77","905","1917","0","47.21","32.03"
"68","000","00","007","0712","0267","828","614","214","77","905","1917","0","47.21","32.03"
"68","000","00","007","0713","0000","2032","1212","820","223","2255","4707","0","47.91","25.75"
"68","000","00","007","0713","0222","677","419","258","76","753","1546","0","48.71","27.1"
"68","000","00","007","0713","0223","750","435","315","81","831","1684","0","49.35","25.83"
"68","000","00","007","0713","0224","605","358","247","66","671","1477","0","45.43","24.24"
"68","000","00","007","0714","0000","2073","1206","867","241","2314","4832","0","47.89","24.96"
"68","000","00","007","0714","0242","714","425","289","71","785","1665","0","47.15","25.53"
"68","000","00","007","0714","0243","658","361","297","80","738","1439","0","51.29","25.09"
"68","000","00","007","0714","0244","701","420","281","90","791","1728","0","45.78","24.31"
"68","000","00","007","0715","0000","2695","1554","1141","260","2955","5448","0","54.24","28.52"
"68","000","00","007","0715","0227","762","461","301","78","840","1525","0","55.08","30.23"
"68","000","00","007","0715","0228","550","313","237","57","607","1041","0","58.31","30.07"
"68","000","00","007","0715","0229","649","335","314","45","694","1404","0","49.43","23.86"
"68","000","00","007","0715","0230","734","445","289","80","814","1478","0","55.07","30.11"
"68","000","00","007","0716","0000","1817","1051","766","209","2026","3952","0","51.27","26.59"
"68","000","00","007","0716","0256","461","250","211","76","537","1005","0","53.43","24.88"
"68","000","00","007","0716","0257","715","418","297","53","768","1449","0","53.0","28.85"
"68","000","00","007","0716","0258","641","383","258","80","721","1498","0","48.13","25.57"
"68","000","00","007","0717","0000","802","452","350","77","879","1752","0","50.17","25.8"
"68","000","00","007","0717","0250","802","452","350","77","879","1752","0","50.17","25.8"
"68","000","00","007","0718","0000","1070","626","444","97","1167","2439","0","47.85","25.67"
"68","000","00","007","0718","0265","592","348","244","43","635","1378","0","46.08","25.25"
"68","000","00","007","0718","0266","478","278","200","54","532","1061","0","50.14","26.2"
"68","000","00","007","0719","0000","1397","691","706","131","1528","4057","0","37.66","17.03"
"68","000","00","007","0719","0277","810","448","362","82","892","2114","0","42.19","21.19"
"68","000","00","007","0719","0278","587","243","344","49","636","1943","0","32.73","12.51"
"68","000","00","007","0720","0000","2759","1581","1178","171","2930","6056","0","48.38","26.11"
"68","000","00","007","0720","0286","1036","596","440","71","1107","2187","0","50.62","27.25"
"68","000","00","007","0720","0287","888","534","354","66","954","1959","0","48.7","27.26"
"68","000","00","007","0720","0288","835","451","384","34","869","1910","0","45.5","23.61"
"68","000","00","007","0721","0000","1047","576","471","83","1130","2266","0","49.87","25.42"
"68","000","00","007","0721","0290","1047","576","471","83","1130","2266","0","49.87","25.42"
"68","000","00","007","0722","0000","1964","1143","821","144","2108","5170","0","40.77","22.11"
"68","000","00","007","0722","0247","638","349","289","51","689","1659","0","41.53","21.04"
"68","000","00","007","0722","0248","672","402","270","58","730","1693","0","43.12","23.74"
"68","000","00","007","0722","0249","654","392","262","35","689","1818","0","37.9","21.56"
"68","000","00","007","0723","0000","829","504","325","71","900","1979","0","45.48","25.47"
"68","000","00","007","0723","0264","829","504","325","71","900","1979","0","45.48","25.47"
"68","000","00","007","0724","0000","1555","863","692","72","1627","3317","0","49.05","26.02"
"68","000","00","007","0724","0251","856","488","368","38","894","1818","0","49.17","26.84"
"68","000","00","007","0724","0252","699","375","324","34","733","1499","0","48.9","25.02"
"68","000","00","007","0725","0000","2687","1486","1201","171","2858","5847","0","48.88","25.41"
"68","000","00","007","0725","0253","892","484","408","65","957","1916","0","49.95","25.26"
"68","000","00","007","0725","0254","837","469","368","62","899","1804","0","49.83","26.0"
"68","000","00","007","0725","0255","958","533","425","44","1002","2127","0","47.11","25.06"
"68","000","00","007","0726","0000","1402","819","583","173","1575","3920","0","40.18","20.89"
"68","000","00","007","0726","0259","825","480","345","93","918","2149","0","42.72","22.34"
"68","000","00","007","0726","0260","577","339","238","80","657","1771","0","37.1","19.14"
"68","000","00","007","0727","0000","2372","1405","967","164","2536","5139","0","49.35","27.34"
"68","000","00","007","0727","0279","789","487","302","49","838","1800","0","46.56","27.06"
"68","000","00","007","0727","0280","906","546","360","65","971","2020","0","48.07","27.03"
"68","000","00","007","0727","0281","677","372","305","50","727","1319","0","55.12","28.2"
"68","000","00","007","0728","0000","3998","2310","1688","207","4205","8591","0","48.95","26.89"
"68","000","00","007","0728","0282","1112","618","494","65","1177","2229","0","52.8","27.73"
"68","000","00","007","0728","0283","911","537","374","31","942","1992","0","47.29","26.96"
"68","000","00","007","0728","0284","993","575","418","64","1057","2237","0","47.25","25.7"
"68","000","00","007","0728","0285","982","580","402","47","1029","2133","0","48.24","27.19"
"68","000","00","007","0729","0000","1772","965","807","77","1849","3553","0","52.04","27.16"
"68","000","00","007","0729","0274","857","453","404","44","901","1849","0","48.73","24.5"
"68","000","00","007","0729","0275","915","512","403","33","948","1704","0","55.63","30.05"
"68","000","00","007","0730","0000","1078","693","385","71","1149","2956","0","38.87","23.44"
"68","000","00","007","0730","0225","806","534","272","52","858","1528","0","56.15","34.95"
"68","000","00","007","0730","0226","272","159","113","19","291","1428","0","20.38","11.13"
"68","000","00","007","0731","0000","2940","1788","1152","160","3100","6452","0","48.05","27.71"
"68","000","00","007","0731","0291","998","598","400","60","1058","2387","0","44.32","25.05"
"68","000","00","007","0731","0292","762","472","290","34","796","1692","0","47.04","27.9"
"68","000","00","007","0731","0293","439","265","174","25","464","904","0","51.33","29.31"
"68","000","00","007","0731","0294","741","453","288","41","782","1469","0","53.23","30.84"
"68","000","00","007","0732","0000","1578","990","588","98","1676","2973","0","56.37","33.3"
"68","000","00","007","0732","0268","849","531","318","52","901","1540","0","58.51","34.48"
"68","000","00","007","0732","0269","729","459","270","46","775","1433","0","54.08","32.03"
"68","000","00","008","0000","0000","76358","45937","30421","6782","83140","165065","201493","50.37","27.83"
"68","000","00","008","0801","0000","2695","1580","1115","192","2887","7162","0","40.31","22.06"
"68","000","00","008","0801","0295","736","417","319","86","822","1761","0","46.68","23.68"
"68","000","00","008","0801","0296","702","418","284","27","729","1804","0","40.41","23.17"
"68","000","00","008","0801","0297","479","266","213","33","512","1813","0","28.24","14.67"
"68","000","00","008","0801","0298","778","479","299","46","824","1784","0","46.19","26.85"
"68","000","00","008","0802","0000","3453","2123","1330","238","3691","8278","0","44.59","25.65"
"68","000","00","008","0802","0299","887","541","346","55","942","2257","0","41.74","23.97"
"68","000","00","008","0802","0300","703","419","284","51","754","1857","0","40.6","22.56"
"68","000","00","008","0802","0301","949","578","371","58","1007","2261","0","44.54","25.56"
"68","000","00","008","0802","0302","914","585","329","74","988","1903","0","51.92","30.74"
"68","000","00","008","0803","0000","1593","958","635","113","1706","3620","0","47.13","26.46"
"68","000","00","008","0803","0303","897","565","332","84","981","1955","0","50.18","28.9"
"68","000","00","008","0803","0304","696","393","303","29","725","1665","0","43.54","23.6"
"68","000","00","008","0804","0000","1528","966","562","143","1671","3216","0","51.96","30.04"
"68","000","00","008","0804","0310","811","501","310","93","904","1630","0","55.46","30.74"
"68","000","00","008","0804","0311","717","465","252","50","767","1586","0","48.36","29.32"
"68","000","00","008","0805","0000","1569","946","623","187","1756","3559","0","49.34","26.58"
"68","000","00","008","0805","0312","780","460","320","86","866","1649","0","52.52","27.9"
"68","000","00","008","0805","0313","789","486","303","101","890","1910","0","46.6","25.45"
"68","000","00","008","0806","0000","1594","949","645","161","1755","3252","0","53.97","29.18"
"68","000","00","008","0806","0314","798","465","333","101","899","1612","0","55.77","28.85"
"68","000","00","008","0806","0315","796","484","312","60","856","1640","0","52.2","29.51"
"68","000","00","008","0807","0000","1515","875","640","190","1705","3273","0","52.09","26.73"
"68","000","00","008","0807","0318","794","461","333","75","869","1711","0","50.79","26.94"
"68","000","00","008","0807","0319","721","414","307","115","836","1562","0","53.52","26.5"
"68","000","00","008","0808","0000","2154","1312","842","193","2347","4415","0","53.16","29.72"
"68","000","00","008","0808","0320","801","510","291","79","880","1735","0","50.72","29.39"
"68","000","00","008","0808","0321","798","459","339","49","847","1658","0","51.09","27.68"
"68","000","00","008","0808","0322","555","343","212","65","620","1022","0","60.67","33.56"
"68","000","00","008","0809","0000","1504","964","540","107","1611","3414","0","47.19","28.24"
"68","000","00","008","0809","0323","708","464","244","65","773","1673","0","46.2","27.73"
"68","000","00","008","0809","0324","796","500","296","42","838","1741","0","48.13","28.72"
"68","000","00","008","0810","0000","965","549","416","88","1053","2110","0","49.91","26.02"
"68","000","00","008","0810","0325","965","549","416","88","1053","2110","0","49.91","26.02"
"68","000","00","008","0811","0000","1338","790","548","115","1453","2519","0","57.68","31.36"
"68","000","00","008","0811","0331","716","423","293","52","768","1341","0","57.27","31.54"
"68","000","00","008","0811","0332","622","367","255","63","685","1178","0","58.15","31.15"
"68","000","00","008","0812","0000","1413","854","559","202","1615","3871","0","41.72","22.06"
"68","000","00","008","0812","0335","746","449","297","105","851","1943","0","43.8","23.11"
"68","000","00","008","0812","0336","667","405","262","97","764","1928","0","39.63","21.01"
"68","000","00","008","0813","0000","1461","870","591","96","1557","3147","0","49.48","27.65"
"68","000","00","008","0813","0339","856","499","357","45","901","1947","0","46.28","25.63"
"68","000","00","008","0813","0340","605","371","234","51","656","1200","0","54.67","30.92"
"68","000","00","008","0814","0000","1661","1003","658","188","1849","3883","0","47.62","25.83"
"68","000","00","008","0814","0341","800","457","343","91","891","1895","0","47.02","24.12"
"68","000","00","008","0814","0342","861","546","315","97","958","1988","0","48.19","27.46"
"68","000","00","008","0815","0000","1687","991","696","167","1854","3410","0","54.37","29.06"
"68","000","00","008","0815","0348","608","340","268","81","689","1317","0","52.32","25.82"
"68","000","00","008","0815","0349","1079","651","428","86","1165","2093","0","55.66","31.1"
"68","000","00","008","0816","0000","1681","1039","642","128","1809","3545","0","51.03","29.31"
"68","000","00","008","0816","0351","833","502","331","74","907","1782","0","50.9","28.17"
"68","000","00","008","0816","0352","848","537","311","54","902","1763","0","51.16","30.46"
"68","000","00","008","0817","0000","3209","1951","1258","245","3454","6933","0","49.82","28.14"
"68","000","00","008","0817","0359","959","575","384","65","1024","1998","0","51.25","28.78"
"68","000","00","008","0817","0360","467","255","212","44","511","916","0","55.79","27.84"
"68","000","00","008","0817","0361","848","550","298","80","928","1943","0","47.76","28.31"
"68","000","00","008","0817","0362","935","571","364","56","991","2076","0","47.74","27.5"
"68","000","00","008","0818","0000","803","447","356","82","885","1505","0","58.8","29.7"
"68","000","00","008","0818","0371","803","447","356","82","885","1505","0","58.8","29.7"
"68","000","00","008","0819","0000","1565","933","632","172","1737","3303","0","52.59","28.25"
"68","000","00","008","0819","0373","796","465","331","83","879","1618","0","54.33","28.74"
"68","000","00","008","0819","0374","769","468","301","89","858","1685","0","50.92","27.77"
"68","000","00","008","0820","0000","1644","1023","621","148","1792","3716","0","48.22","27.53"
"68","000","00","008","0820","0375","779","490","289","67","846","1835","0","46.1","26.7"
"68","000","00","008","0820","0376","865","533","332","81","946","1881","0","50.29","28.34"
"68","000","00","008","0821","0000","791","441","350","46","837","1766","0","47.4","24.97"
"68","000","00","008","0821","0377","791","441","350","46","837","1766","0","47.4","24.97"
"68","000","00","008","0822","0000","2851","1864","987","211","3062","5083","0","60.24","36.67"
"68","000","00","008","0822","0385","893","558","335","78","971","1685","0","57.63","33.12"
"68","000","00","008","0822","0386","874","577","297","72","946","1748","0","54.12","33.01"
"68","000","00","008","0822","0387","1084","729","355","61","1145","1650","0","69.39","44.18"
"68","000","00","008","0823","0000","1892","1163","729","191","2083","3923","0","53.1","29.65"
"68","000","00","008","0823","0390","930","577","353","89","1019","1841","0","55.35","31.34"
"68","000","00","008","0823","0391","962","586","376","102","1064","2082","0","51.1","28.15"
"68","000","00","008","0824","0000","1495","858","637","171","1666","3578","0","46.56","23.98"
"68","000","00","008","0824","0365","670","374","296","89","759","1474","0","51.49","25.37"
"68","000","00","008","0824","0366","158","106","52","17","175","718","0","24.37","14.76"
"68","000","00","008","0824","0367","667","378","289","65","732","1386","0","52.81","27.27"
"68","000","00","008","0825","0000","1284","766","518","101","1385","2483","0","55.78","30.85"
"68","000","00","008","0825","0355","610","352","258","57","667","1170","0","57.01","30.09"
"68","000","00","008","0825","0356","674","414","260","44","718","1313","0","54.68","31.53"
"68","000","00","008","0826","0000","1765","994","771","88","1853","4169","0","44.45","23.84"
"68","000","00","008","0826","0344","881","502","379","9","890","2061","0","43.18","24.36"
"68","000","00","008","0826","0345","884","492","392","79","963","2108","0","45.68","23.34"
"68","000","00","008","0827","0000","1892","1175","717","157","2049","4015","0","51.03","29.27"
"68","000","00","008","0827","0378","811","482","329","111","922","1817","0","50.74","26.53"
"68","000","00","008","0827","0379","1081","693","388","46","1127","2198","0","51.27","31.53"
"68","000","00","008","0828","0000","2119","1236","883","185","2304","4185","0","55.05","29.53"
"68","000","00","008","0828","0307","810","477","333","86","896","1583","0","56.6","30.13"
"68","000","00","008","0828","0308","637","364","273","47","684","1246","0","54.9","29.21"
"68","000","00","008","0828","0309","672","395","277","52","724","1356","0","53.39","29.13"
"68","000","00","008","0829","0000","1346","781","565","170","1516","2854","0","53.12","27.37"
"68","000","00","008","0829","0363","640","368","272","89","729","1363","0","53.48","27.0"
"68","000","00","008","0829","0364","706","413","293","81","787","1491","0","52.78","27.7"
"68","000","00","008","0830","0000","1958","1154","804","139","2097","3951","0","53.08","29.21"
"68","000","00","008","0830","0382","634","371","263","44","678","1257","0","53.94","29.51"
"68","000","00","008","0830","0383","589","333","256","65","654","1267","0","51.62","26.28"
"68","000","00","008","0830","0384","735","450","285","30","765","1427","0","53.61","31.53"
"68","000","00","008","0831","0000","1525","909","616","143","1668","3085","0","54.07","29.47"
"68","000","00","008","0831","0388","726","425","301","74","800","1478","0","54.13","28.76"
"68","000","00","008","0831","0389","799","484","315","69","868","1607","0","54.01","30.12"
"68","000","00","008","0832","0000","927","563","364","115","1042","2006","0","51.94","28.07"
"68","000","00","008","0832","0343","927","563","364","115","1042","2006","0","51.94","28.07"
"68","000","00","008","0833","0000","1596","954","642","111","1707","3543","0","48.18","26.93"
"68","000","00","008","0833","0346","814","491","323","76","890","1862","0","47.8","26.37"
"68","000","00","008","0833","0347","782","463","319","35","817","1681","0","48.6","27.54"
"68","000","00","008","0834","0000","783","453","330","68","851","1499","0","56.77","30.22"
"68","000","00","008","0834","0350","783","453","330","68","851","1499","0","56.77","30.22"
"68","000","00","008","0835","0000","617","358","259","86","703","1436","0","48.96","24.93"
"68","000","00","008","0835","0372","617","358","259","86","703","1436","0","48.96","24.93"
"68","000","00","008","0836","0000","1052","627","425","81","1133","2209","0","51.29","28.38"
"68","000","00","008","0836","0393","1052","627","425","81","1133","2209","0","51.29","28.38"
"68","000","00","008","0837","0000","830","498","332","77","907","1959","0","46.3","25.42"
"68","000","00","008","0837","0392","830","498","332","77","907","1959","0","46.3","25.42"
"68","000","00","008","0838","0000","1984","1154","830","122","2106","4531","0","46.48","25.47"
"68","000","00","008","0838","0328","771","452","319","30","801","1848","0","43.34","24.46"
"68","000","00","008","0838","0329","663","377","286","60","723","1334","0","54.2","28.26"
"68","000","00","008","0838","0330","550","325","225","32","582","1349","0","43.14","24.09"
"68","000","00","008","0839","0000","1327","773","554","148","1475","3075","0","47.97","25.14"
"68","000","00","008","0839","0337","622","368","254","50","672","1403","0","47.9","26.23"
"68","000","00","008","0839","0338","705","405","300","98","803","1672","0","48.03","24.22"
"68","000","00","008","0840","0000","1301","753","548","129","1430","2694","0","53.08","27.95"
"68","000","00","008","0840","0305","701","403","298","81","782","1431","0","54.65","28.16"
"68","000","00","008","0840","0306","600","350","250","48","648","1263","0","51.31","27.71"
"68","000","00","008","0841","0000","1266","745","521","120","1386","2537","0","54.63","29.37"
"68","000","00","008","0841","0353","589","339","250","76","665","1226","0","54.24","27.65"
"68","000","00","008","0841","0354","677","406","271","44","721","1311","0","55.0","30.97"
"68","000","00","008","0842","0000","1897","1189","708","112","2009","3821","0","52.58","31.12"
"68","000","00","008","0842","0380","839","498","341","63","902","1732","0","52.08","28.75"
"68","000","00","008","0842","0381","1058","691","367","49","1107","2089","0","52.99","33.08"
"68","000","00","008","0843","0000","1800","1109","691","138","1938","3864","0","50.16","28.7"
"68","000","00","008","0843","0394","912","573","339","66","978","1864","0","52.47","30.74"
"68","000","00","008","0843","0395","888","536","352","72","960","2000","0","48.0","26.8"
"68","000","00","008","0844","0000","1346","806","540","139","1485","2716","0","54.68","29.68"
"68","000","00","008","0844","0316","609","351","258","70","679","1303","0","52.11","26.94"
"68","000","00","008","0844","0317","737","455","282","69","806","1413","0","57.04","32.2"
"68","000","00","008","0845","0000","1117","754","363","85","1202","2155","0","55.78","34.99"
"68","000","00","008","0845","0326","566","382","184","40","606","1145","0","52.93","33.36"
"68","000","00","008","0845","0327","551","372","179","45","596","1010","0","59.01","36.83"
"68","000","00","008","0846","0000","1962","1225","737","250","2212","4294","0","51.51","28.53"
"68","000","00","008","0846","0368","708","432","276","79","787","1487","0","52.93","29.05"
"68","000","00","008","0846","0369","702","468","234","106","808","1552","0","52.06","30.15"
"68","000","00","008","0846","0370","552","325","227","65","617","1255","0","49.16","25.9"
"68","000","00","008","0847","0000","1356","795","561","122","1478","2836","0","52.12","28.03"
"68","000","00","008","0847","0333","701","424","277","48","749","1374","0","54.51","30.86"
"68","000","00","008","0847","0334","655","371","284","74","729","1462","0","49.86","25.38"
"68","000","00","008","0848","0000","1247","717","530","122","1369","2667","0","51.33","26.88"
"68","000","00","008","0848","0357","608","362","246","40","648","1186","0","54.64","30.52"
"68","000","00","008","0848","0358","639","355","284","82","721","1481","0","48.68","23.97"
"68","000","00","009","0000","0000","50205","31654","18551","3856","54061","101574","122981","53.22","31.16"
"68","000","00","009","0901","0000","2131","1490","641","156","2287","4513","0","50.68","33.02"
"68","000","00","009","0901","1008","707","615","92","34","741","1482","0","50.0","41.5"
"68","000","00","009","0901","1009","700","427","273","72","772","1528","0","50.52","27.95"
"68","000","00","009","0901","1010","724","448","276","50","774","1503","0","51.5","29.81"
"68","000","00","009","0902","0000","2731","1737","994","235","2966","5661","0","52.39","30.68"
"68","000","00","009","0902","1013","849","533","316","100","949","2088","0","45.45","25.53"
"68","000","00","009","0902","1014","1016","635","381","88","1104","1987","0","55.56","31.96"
"68","000","00","009","0902","1015","866","569","297","47","913","1586","0","57.57","35.88"
"68","000","00","009","0903","0000","1725","1075","650","136","1861","4006","0","46.46","26.83"
"68","000","00","009","0903","1018","897","551","346","75","972","2081","0","46.71","26.48"
"68","000","00","009","0903","1019","828","524","304","61","889","1925","0","46.18","27.22"
"68","000","00","009","0904","0000","1411","888","523","145","1556","3188","0","48.81","27.85"
"68","000","00","009","0904","1064","763","492","271","55","818","1649","0","49.61","29.84"
"68","000","00","009","0904","1065","648","396","252","90","738","1539","0","47.95","25.73"
"68","000","00","009","0906","0000","1688","1002","686","209","1897","3662","0","51.8","27.36"
"68","000","00","009","0906","1022","800","483","317","80","880","1790","0","49.16","26.98"
"68","000","00","009","0906","1023","888","519","369","129","1017","1872","0","54.33","27.72"
"68","000","00","009","0907","0000","2014","1011","1003","156","2170","4152","0","52.26","24.35"
"68","000","00","009","0907","1026","686","270","416","57","743","1398","0","53.15","19.31"
"68","000","00","009","0907","1027","614","355","259","47","661","1345","0","49.14","26.39"
"68","000","00","009","0907","1028","714","386","328","52","766","1409","0","54.36","27.4"
"68","000","00","009","0908","0000","293","139","154","26","319","678","0","47.05","20.5"
"68","000","00","009","0908","1071","293","139","154","26","319","678","0","47.05","20.5"
"68","000","00","009","0909","0000","2104","1245","859","175","2279","4282","0","53.22","29.08"
"68","000","00","009","0909","1031","761","444","317","72","833","1597","0","52.16","27.8"
"68","000","00","009","0909","1032","696","413","283","42","738","1410","0","52.34","29.29"
"68","000","00","009","0909","1033","647","388","259","61","708","1275","0","55.53","30.43"
"68","000","00","009","0910","0000","2779","1754","1025","188","2967","5372","0","55.23","32.65"
"68","000","00","009","0910","1037","933","592","341","74","1007","1786","0","56.38","33.15"
"68","000","00","009","0910","1038","890","570","320","66","956","1756","0","54.44","32.46"
"68","000","00","009","0910","1039","956","592","364","48","1004","1830","0","54.86","32.35"
"68","000","00","009","0911","0000","1020","585","435","71","1091","1909","0","57.15","30.64"
"68","000","00","009","0911","1034","1020","585","435","71","1091","1909","0","57.15","30.64"
"68","000","00","009","0912","0000","2250","1380","870","172","2422","4369","0","55.44","31.59"
"68","000","00","009","0912","1066","815","515","300","68","883","1541","0","57.3","33.42"
"68","000","00","009","0912","1067","695","419","276","58","753","1375","0","54.76","30.47"
"68","000","00","009","0912","1068","740","446","294","46","786","1453","0","54.09","30.7"
"68","000","00","009","0913","0000","1591","1247","344","108","1699","3597","0","47.23","34.67"
"68","000","00","009","0913","1042","825","567","258","61","886","1805","0","49.09","31.41"
"68","000","00","009","0913","1043","766","680","86","47","813","1792","0","45.37","37.95"
"68","000","00","009","0914","0000","1981","1204","777","172","2153","4268","0","50.45","28.21"
"68","000","00","009","0914","1049","617","375","242","78","695","1297","0","53.59","28.91"
"68","000","00","009","0914","1050","657","416","241","25","682","1407","0","48.47","29.57"
"68","000","00","009","0914","1051","707","413","294","69","776","1564","0","49.62","26.41"
"68","000","00","009","0915","0000","1756","1159","597","141","1897","3485","0","54.43","33.26"
"68","000","00","009","0915","1054","853","539","314","69","922","1721","0","53.57","31.32"
"68","000","00","009","0915","1055","903","620","283","72","975","1764","0","55.27","35.15"
"68","000","00","009","0916","0000","1288","800","488","89","1377","2373","0","58.03","33.71"
"68","000","00","009","0916","1069","549","326","223","61","610","1074","0","56.8","30.35"
"68","000","00","009","0916","1070","739","474","265","28","767","1299","0","59.05","36.49"
"68","000","00","009","0917","0000","723","438","285","84","807","1499","0","53.84","29.22"
"68","000","00","009","0917","1056","723","438","285","84","807","1499","0","53.84","29.22"
"68","000","00","009","0918","0000","948","623","325","59","1007","2151","0","46.82","28.96"
"68","000","00","009","0918","1057","948","623","325","59","1007","2151","0","46.82","28.96"
"68","000","00","009","0919","0000","1674","1107","567","56","1730","2980","0","58.05","37.15"
"68","000","00","009","0919","1058","830","526","304","27","857","1524","0","56.23","34.51"
"68","000","00","009","0919","1059","844","581","263","29","873","1456","0","59.96","39.9"
"68","000","00","009","0920","0000","1297","794","503","128","1425","2784","0","51.19","28.52"
"68","000","00","009","0920","1011","731","446","285","63","794","1568","0","50.64","28.44"
"68","000","00","009","0920","1012","566","348","218","65","631","1216","0","51.89","28.62"
"68","000","00","009","0921","0000","1150","672","478","115","1265","2355","0","53.72","28.54"
"68","000","00","009","0921","1016","564","318","246","57","621","1221","0","50.86","26.04"
"68","000","00","009","0921","1017","586","354","232","58","644","1134","0","56.79","31.22"
"68","000","00","009","0922","0000","2183","1506","677","127","2310","4135","0","55.86","36.42"
"68","000","00","009","0922","1020","1088","748","340","58","1146","2095","0","54.7","35.7"
"68","000","00","009","0922","1021","1095","758","337","69","1164","2040","0","57.06","37.16"
"68","000","00","009","0923","0000","1739","1054","685","204","1943","3518","0","55.23","29.96"
"68","000","00","009","0923","1024","860","509","351","118","978","1726","0","56.66","29.49"
"68","000","00","009","0923","1025","879","545","334","86","965","1792","0","53.85","30.41"
"68","000","00","009","0924","0000","1492","881","611","94","1586","3012","0","52.66","29.25"
"68","000","00","009","0924","1029","617","363","254","35","652","1362","0","47.87","26.65"
"68","000","00","009","0924","1030","875","518","357","59","934","1650","0","56.61","31.39"
"68","000","00","009","0925","0000","2078","1316","762","98","2176","4026","0","54.05","32.69"
"68","000","00","009","0925","1035","1053","676","377","45","1098","2024","0","54.25","33.4"
"68","000","00","009","0925","1036","1025","640","385","53","1078","2002","0","53.85","31.97"
"68","000","00","009","0926","0000","1738","1124","614","102","1840","3216","0","57.21","34.95"
"68","000","00","009","0926","1040","949","605","344","47","996","1697","0","58.69","35.65"
"68","000","00","009","0926","1041","789","519","270","55","844","1519","0","55.56","34.17"
"68","000","00","009","0927","0000","809","494","315","68","877","1500","0","58.47","32.93"
"68","000","00","009","0927","1044","809","494","315","68","877","1500","0","58.47","32.93"
"68","000","00","009","0928","0000","1875","1171","704","176","2051","3980","0","51.53","29.42"
"68","000","00","009","0928","1046","606","381","225","46","652","1444","0","45.15","26.39"
"68","000","00","009","0928","1047","593","378","215","79","672","1321","0","50.87","28.61"
"68","000","00","009","0928","1048","676","412","264","51","727","1215","0","59.84","33.91"
"68","000","00","009","0929","0000","1080","634","446","128","1208","2340","0","51.62","27.09"
"68","000","00","009","0929","1052","628","366","262","72","700","1317","0","53.15","27.79"
"68","000","00","009","0929","1053","452","268","184","56","508","1023","0","49.66","26.2"
"68","000","00","009","0930","0000","2169","1514","655","85","2254","3746","0","60.17","40.42"
"68","000","00","009","0930","1060","1067","767","300","52","1119","1847","0","60.58","41.53"
"68","000","00","009","0930","1061","1102","747","355","33","1135","1899","0","59.77","39.34"
"68","000","00","009","0931","0000","1845","1195","650","106","1951","3390","0","57.55","35.25"
"68","000","00","009","0931","1062","895","583","312","42","937","1725","0","54.32","33.8"
"68","000","00","009","0931","1063","950","612","338","64","1014","1665","0","60.9","36.76"
"68","000","00","009","0932","0000","643","415","228","47","690","1427","0","48.35","29.08"
"68","000","00","009","0932","1045","643","415","228","47","690","1427","0","48.35","29.08"
"68","000","00","010","0000","0000","90265","55590","34675","6517","96782","183560","225897","52.72","30.28"
"68","000","00","010","1001","0000","2234","1360","874","181","2415","4781","0","50.51","28.45"
"68","000","00","010","1001","0864","777","470","307","44","821","1717","0","47.82","27.37"
"68","000","00","010","1001","0865","651","389","262","67","718","1319","0","54.44","29.49"
"68","000","00","010","1001","0866","806","501","305","70","876","1745","0","50.2","28.71"
"68","000","00","010","1002","0000","2209","1350","859","176","2385","4129","0","57.76","32.7"
"68","000","00","010","1002","0867","851","531","320","89","940","1721","0","54.62","30.85"
"68","000","00","010","1002","0868","615","372","243","44","659","1206","0","54.64","30.85"
"68","000","00","010","1002","0869","743","447","296","43","786","1202","0","65.39","37.19"
"68","000","00","010","1003","0000","2801","1727","1074","121","2922","5256","0","55.59","32.86"
"68","000","00","010","1003","0850","634","389","245","37","671","1044","0","64.27","37.26"
"68","000","00","010","1003","0851","606","382","224","15","621","1124","0","55.25","33.99"
"68","000","00","010","1003","0852","782","466","316","32","814","1517","0","53.66","30.72"
"68","000","00","010","1003","0853","779","490","289","37","816","1571","0","51.94","31.19"
"68","000","00","010","1004","0000","2778","1672","1106","253","3031","5442","0","55.7","30.72"
"68","000","00","010","1004","0840","658","374","284","58","716","1307","0","54.78","28.62"
"68","000","00","010","1004","0841","690","427","263","54","744","1337","0","55.65","31.94"
"68","000","00","010","1004","0842","589","372","217","50","639","980","0","65.2","37.96"
"68","000","00","010","1004","0843","841","499","342","91","932","1818","0","51.27","27.45"
"68","000","00","010","1005","0000","2490","1544","946","134","2624","5083","0","51.62","30.38"
"68","000","00","010","1005","0857","813","510","303","51","864","1555","0","55.56","32.8"
"68","000","00","010","1005","0858","924","582","342","48","972","2051","0","47.39","28.38"
"68","000","00","010","1005","0859","753","452","301","35","788","1477","0","53.35","30.6"
"68","000","00","010","1006","0000","1802","1099","703","124","1926","3895","0","49.45","28.22"
"68","000","00","010","1006","0835","940","561","379","78","1018","1901","0","53.55","29.51"
"68","000","00","010","1006","0836","862","538","324","46","908","1994","0","45.54","26.98"
"68","000","00","010","1007","0000","1924","1166","758","122","2046","3585","0","57.07","32.52"
"68","000","00","010","1007","0875","535","315","220","48","583","1010","0","57.72","31.19"
"68","000","00","010","1007","0876","658","392","266","35","693","1261","0","54.96","31.09"
"68","000","00","010","1007","0877","731","459","272","39","770","1314","0","58.6","34.93"
"68","000","00","010","1008","0000","2861","1753","1108","185","3046","6426","0","47.4","27.28"
"68","000","00","010","1008","0883","604","365","239","45","649","2213","0","29.33","16.49"
"68","000","00","010","1008","0884","561","318","243","27","588","949","0","61.96","33.51"
"68","000","00","010","1008","0885","905","579","326","64","969","1621","0","59.78","35.72"
"68","000","00","010","1008","0886","791","491","300","49","840","1643","0","51.13","29.88"
"68","000","00","010","1009","0000","1354","813","541","104","1458","2475","0","58.91","32.85"
"68","000","00","010","1009","0870","659","409","250","47","706","1208","0","58.44","33.86"
"68","000","00","010","1009","0871","695","404","291","57","752","1267","0","59.35","31.89"
"68","000","00","010","1010","0000","2100","1303","797","149","2249","3993","0","56.32","32.63"
"68","000","00","010","1010","0891","567","303","264","44","611","1039","0","58.81","29.16"
"68","000","00","010","1010","0892","723","454","269","54","777","1318","0","58.95","34.45"
"68","000","00","010","1010","0893","810","546","264","51","861","1636","0","52.63","33.37"
"68","000","00","010","1011","0000","1950","1196","754","148","2098","4038","0","51.96","29.62"
"68","000","00","010","1011","0896","638","393","245","68","706","1480","0","47.7","26.55"
"68","000","00","010","1011","0897","669","400","269","39","708","1330","0","53.23","30.08"
"68","000","00","010","1011","0898","643","403","240","41","684","1228","0","55.7","32.82"
"68","000","00","010","1012","0000","2108","1280","828","194","2302","4431","0","51.95","28.89"
"68","000","00","010","1012","0801","652","380","272","67","719","1487","0","48.35","25.55"
"68","000","00","010","1012","0802","711","450","261","65","776","1453","0","53.41","30.97"
"68","000","00","010","1012","0803","745","450","295","62","807","1491","0","54.12","30.18"
"68","000","00","010","1013","0000","2707","1672","1035","186","2893","5762","0","50.21","29.02"
"68","000","00","010","1013","0806","832","501","331","57","889","1921","0","46.28","26.08"
"68","000","00","010","1013","0807","994","631","363","74","1068","1974","0","54.1","31.97"
"68","000","00","010","1013","0808","881","540","341","55","936","1867","0","50.13","28.92"
"68","000","00","010","1014","0000","2231","1395","836","231","2462","4440","0","55.45","31.42"
"68","000","00","010","1014","0827","462","265","197","101","563","1048","0","53.72","25.29"
"68","000","00","010","1014","0828","648","413","235","58","706","1259","0","56.08","32.8"
"68","000","00","010","1014","0829","522","332","190","28","550","1061","0","51.84","31.29"
"68","000","00","010","1014","0830","599","385","214","44","643","1072","0","59.98","35.91"
"68","000","00","010","1015","0000","1103","656","447","63","1166","2326","0","50.13","28.2"
"68","000","00","010","1015","0820","507","307","200","23","530","1130","0","46.9","27.17"
"68","000","00","010","1015","0821","596","349","247","40","636","1196","0","53.18","29.18"
"68","000","00","010","1016","0000","2332","1429","903","150","2482","5300","0","46.83","26.96"
"68","000","00","010","1016","0824","740","448","292","53","793","1564","0","50.7","28.64"
"68","000","00","010","1016","0825","722","449","273","48","770","1824","0","42.21","24.62"
"68","000","00","010","1016","0826","870","532","338","49","919","1912","0","48.06","27.82"
"68","000","00","010","1017","0000","1355","857","498","132","1487","2780","0","53.49","30.83"
"68","000","00","010","1017","0917","661","428","233","86","747","1385","0","53.94","30.9"
"68","000","00","010","1017","0918","694","429","265","46","740","1395","0","53.05","30.75"
"68","000","00","010","1018","0000","1574","976","598","114","1688","3342","0","50.51","29.2"
"68","000","00","010","1018","0919","795","485","310","59","854","1711","0","49.91","28.35"
"68","000","00","010","1018","0920","779","491","288","55","834","1631","0","51.13","30.1"
"68","000","00","010","1019","0000","1288","812","476","109","1397","2541","0","54.98","31.96"
"68","000","00","010","1019","0923","586","344","242","33","619","1127","0","54.92","30.52"
"68","000","00","010","1019","0924","702","468","234","76","778","1414","0","55.02","33.1"
"68","000","00","010","1020","0000","986","671","315","55","1041","1931","0","53.91","34.75"
"68","000","00","010","1020","0922","986","671","315","55","1041","1931","0","53.91","34.75"
"68","000","00","010","1021","0000","579","374","205","26","605","1110","0","54.5","33.69"
"68","000","00","010","1021","0921","579","374","205","26","605","1110","0","54.5","33.69"
"68","000","00","010","1022","0000","793","523","270","52","845","1609","0","52.52","32.5"
"68","000","00","010","1022","0925","793","523","270","52","845","1609","0","52.52","32.5"
"68","000","00","010","1023","0000","2074","1308","766","213","2287","4199","0","54.47","31.15"
"68","000","00","010","1023","0902","636","404","232","76","712","1243","0","57.28","32.5"
"68","000","00","010","1023","0903","760","486","274","79","839","1590","0","52.77","30.57"
"68","000","00","010","1023","0904","678","418","260","58","736","1366","0","53.88","30.6"
"68","000","00","010","1024","0000","2522","1572","950","277","2799","5390","0","51.93","29.17"
"68","000","00","010","1024","0913","479","293","186","34","513","1052","0","48.76","27.85"
"68","000","00","010","1024","0914","644","423","221","66","710","1154","0","61.53","36.66"
"68","000","00","010","1024","0915","764","476","288","38","802","1645","0","48.75","28.94"
"68","000","00","010","1024","0916","635","380","255","139","774","1539","0","50.29","24.69"
"68","000","00","010","1025","0000","1270","785","485","108","1378","2811","0","49.02","27.93"
"68","000","00","010","1025","0908","636","387","249","70","706","1351","0","52.26","28.65"
"68","000","00","010","1025","0909","634","398","236","38","672","1460","0","46.03","27.26"
"68","000","00","010","1026","0000","2053","1245","808","127","2180","4327","0","50.38","28.77"
"68","000","00","010","1026","0910","882","539","343","52","934","1841","0","50.73","29.28"
"68","000","00","010","1026","0911","656","406","250","31","687","1475","0","46.58","27.53"
"68","000","00","010","1026","0912","515","300","215","44","559","1011","0","55.29","29.67"
"68","000","00","010","1027","0000","1435","837","598","115","1550","3006","0","51.56","27.84"
"68","000","00","010","1027","0804","636","366","270","69","705","1346","0","52.38","27.19"
"68","000","00","010","1027","0805","799","471","328","46","845","1660","0","50.9","28.37"
"68","000","00","010","1028","0000","3123","2042","1081","241","3364","6483","0","51.89","31.5"
"68","000","00","010","1028","0860","764","444","320","42","806","1501","0","53.7","29.58"
"68","000","00","010","1028","0861","707","437","270","77","784","1405","0","55.8","31.1"
"68","000","00","010","1028","0862","814","522","292","69","883","1656","0","53.32","31.52"
"68","000","00","010","1028","0863","838","639","199","53","891","1921","0","46.38","33.26"
"68","000","00","010","1029","0000","844","511","333","67","911","1788","0","50.95","28.58"
"68","000","00","010","1029","0831","844","511","333","67","911","1788","0","50.95","28.58"
"68","000","00","010","1030","0000","2089","1288","801","184","2273","4320","0","52.62","29.81"
"68","000","00","010","1030","0832","718","462","256","53","771","1510","0","51.06","30.6"
"68","000","00","010","1030","0833","668","398","270","68","736","1403","0","52.46","28.37"
"68","000","00","010","1030","0834","703","428","275","63","766","1407","0","54.44","30.42"
"68","000","00","010","1031","0000","2010","1205","805","133","2143","3761","0","56.98","32.04"
"68","000","00","010","1031","0844","755","454","301","48","803","1463","0","54.89","31.03"
"68","000","00","010","1031","0845","672","406","266","37","709","1213","0","58.45","33.47"
"68","000","00","010","1031","0846","583","345","238","48","631","1085","0","58.16","31.8"
"68","000","00","010","1032","0000","1626","968","658","116","1742","3217","0","54.15","30.09"
"68","000","00","010","1032","0822","823","496","327","56","879","1685","0","52.17","29.44"
"68","000","00","010","1032","0823","803","472","331","60","863","1532","0","56.33","30.81"
"68","000","00","010","1033","0000","2828","1767","1061","156","2984","6014","0","49.62","29.38"
"68","000","00","010","1033","0809","867","554","313","53","920","1786","0","51.51","31.02"
"68","000","00","010","1033","0810","645","405","240","38","683","1634","0","41.8","24.79"
"68","000","00","010","1033","0811","555","337","218","30","585","1080","0","54.17","31.2"
"68","000","00","010","1033","0812","761","471","290","35","796","1514","0","52.58","31.11"
"68","000","00","010","1034","0000","2028","1202","826","188","2216","4262","0","51.99","28.2"
"68","000","00","010","1034","0847","672","408","264","45","717","1458","0","49.18","27.98"
"68","000","00","010","1034","0848","700","417","283","76","776","1408","0","55.11","29.62"
"68","000","00","010","1034","0849","656","377","279","67","723","1396","0","51.79","27.01"
"68","000","00","010","1035","0000","1548","903","645","104","1652","3094","0","53.39","29.19"
"68","000","00","010","1035","0889","746","445","301","62","808","1577","0","51.24","28.22"
"68","000","00","010","1035","0890","802","458","344","42","844","1517","0","55.64","30.19"
"68","000","00","010","1036","0000","2119","1269","850","140","2259","3806","0","59.35","33.34"
"68","000","00","010","1036","0899","753","435","318","55","808","1377","0","58.68","31.59"
"68","000","00","010","1036","0900","684","429","255","41","725","1198","0","60.52","35.81"
"68","000","00","010","1036","0901","682","405","277","44","726","1231","0","58.98","32.9"
"68","000","00","010","1037","0000","2473","1501","972","160","2633","5039","0","52.25","29.79"
"68","000","00","010","1037","0880","704","393","311","42","746","1399","0","53.32","28.09"
"68","000","00","010","1037","0881","923","579","344","67","990","1968","0","50.3","29.42"
"68","000","00","010","1037","0882","846","529","317","51","897","1672","0","53.65","31.64"
"68","000","00","010","1038","0000","1926","1219","707","122","2048","4201","0","48.75","29.02"
"68","000","00","010","1038","0905","670","447","223","46","716","1332","0","53.75","33.56"
"68","000","00","010","1038","0906","527","333","194","34","561","1201","0","46.71","27.73"
"68","000","00","010","1038","0907","729","439","290","42","771","1668","0","46.22","26.32"
"68","000","00","010","1039","0000","1485","882","603","73","1558","2790","0","55.84","31.61"
"68","000","00","010","1039","0894","690","413","277","51","741","1316","0","56.31","31.38"
"68","000","00","010","1039","0895","795","469","326","22","817","1474","0","55.43","31.82"
"68","000","00","010","1040","0000","832","472","360","72","904","1561","0","57.91","30.24"
"68","000","00","010","1040","0878","382","212","170","41","423","722","0","58.59","29.36"
"68","000","00","010","1040","0879","450","260","190","31","481","839","0","57.33","30.99"
"68","000","00","010","1041","0000","2017","1251","766","130","2147","3703","0","57.98","33.78"
"68","000","00","010","1041","0872","575","333","242","36","611","1094","0","55.85","30.44"
"68","000","00","010","1041","0873","750","465","285","67","817","1394","0","58.61","33.36"
"68","000","00","010","1041","0874","692","453","239","27","719","1215","0","59.18","37.28"
"68","000","00","010","1042","0000","2644","1648","996","158","2802","4896","0","57.23","33.66"
"68","000","00","010","1042","0854","917","572","345","45","962","1752","0","54.91","32.65"
"68","000","00","010","1042","0855","802","496","306","57","859","1434","0","59.9","34.59"
"68","000","00","010","1042","0856","925","580","345","56","981","1710","0","57.37","33.92"
"68","000","00","010","1043","0000","2707","1671","1036","142","2849","5358","0","53.17","31.19"
"68","000","00","010","1043","0837","856","534","322","40","896","1730","0","51.79","30.87"
"68","000","00","010","1043","0838","940","576","364","69","1009","1905","0","52.97","30.24"
"68","000","00","010","1043","0839","911","561","350","33","944","1723","0","54.79","32.56"
"68","000","00","010","1044","0000","1803","1136","667","114","1917","3596","0","53.31","31.59"
"68","000","00","010","1044","0887","962","611","351","52","1014","1844","0","54.99","33.13"
"68","000","00","010","1044","0888","841","525","316","62","903","1752","0","51.54","29.97"
"68","000","00","010","1045","0000","2129","1317","812","217","2346","4767","0","49.21","27.63"
"68","000","00","010","1045","0813","799","519","280","85","884","1918","0","46.09","27.06"
"68","000","00","010","1045","0814","576","329","247","83","659","1182","0","55.75","27.83"
"68","000","00","010","1045","0815","754","469","285","49","803","1667","0","48.17","28.13"
"68","000","00","010","1046","0000","3121","1963","1158","151","3272","6496","0","50.37","30.22"
"68","000","00","010","1046","0816","720","430","290","38","758","1640","0","46.22","26.22"
"68","000","00","010","1046","0817","801","515","286","24","825","1603","0","51.47","32.13"
"68","000","00","010","1046","0818","826","519","307","27","853","1556","0","54.82","33.35"
"68","000","00","010","1046","0819","774","499","275","62","836","1697","0","49.26","29.4"
"68","000","00","011","0000","0000","20969","12387","8582","1976","22945","41461","49159","55.34","29.88"
"68","000","00","011","1101","0000","1544","929","615","91","1635","2862","0","57.13","32.46"
"68","000","00","011","1101","1072","728","447","281","41","769","1306","0","58.88","34.23"
"68","000","00","011","1101","1073","816","482","334","50","866","1556","0","55.66","30.98"
"68","000","00","011","1102","0000","2131","1307","824","213","2344","3945","0","59.42","33.13"
"68","000","00","011","1102","1074","1013","615","398","113","1126","1849","0","60.9","33.26"
"68","000","00","011","1102","1075","1118","692","426","100","1218","2096","0","58.11","33.02"
"68","000","00","011","1103","0000","744","326","418","55","799","1517","0","52.67","21.49"
"68","000","00","011","1103","1076","744","326","418","55","799","1517","0","52.67","21.49"
"68","000","00","011","1104","0000","1885","1148","737","165","2050","3951","0","51.89","29.06"
"68","000","00","011","1104","1077","1083","642","441","108","1191","2095","0","56.85","30.64"
"68","000","00","011","1104","1078","802","506","296","57","859","1856","0","46.28","27.26"
"68","000","00","011","1105","0000","2117","1287","830","177","2294","4024","0","57.01","31.98"
"68","000","00","011","1105","1086","1022","646","376","76","1098","1992","0","55.12","32.43"
"68","000","00","011","1105","1087","1095","641","454","101","1196","2032","0","58.86","31.55"
"68","000","00","011","1106","0000","1336","814","522","126","1462","2542","0","57.51","32.02"
"68","000","00","011","1106","1082","708","435","273","73","781","1271","0","61.45","34.23"
"68","000","00","011","1106","1083","628","379","249","53","681","1271","0","53.58","29.82"
"68","000","00","011","1107","0000","1209","670","539","92","1301","2319","0","56.1","28.89"
"68","000","00","011","1107","1084","647","360","287","49","696","1234","0","56.4","29.17"
"68","000","00","011","1107","1085","562","310","252","43","605","1085","0","55.76","28.57"
"68","000","00","011","1108","0000","637","359","278","52","689","1385","0","49.75","25.92"
"68","000","00","011","1108","1081","637","359","278","52","689","1385","0","49.75","25.92"
"68","000","00","011","1109","0000","600","330","270","93","693","1425","0","48.63","23.16"
"68","000","00","011","1109","1080","600","330","270","93","693","1425","0","48.63","23.16"
"68","000","00","011","1110","0000","987","601","386","92","1079","1986","0","54.33","30.26"
"68","000","00","011","1110","1079","987","601","386","92","1079","1986","0","54.33","30.26"
"68","000","00","011","1111","0000","380","223","157","32","412","741","0","55.6","30.09"
"68","000","00","011","1111","1098","380","223","157","32","412","741","0","55.6","30.09"
"68","000","00","011","1112","0000","780","471","309","105","885","1714","0","51.63","27.48"
"68","000","00","011","1112","1100","780","471","309","105","885","1714","0","51.63","27.48"
"68","000","00","011","1113","0000","516","292","224","66","582","943","0","61.72","30.97"
"68","000","00","011","1113","1099","516","292","224","66","582","943","0","61.72","30.97"
"68","000","00","011","1114","0000","701","386","315","34","735","1340","0","54.85","28.81"
"68","000","00","011","1114","1101","701","386","315","34","735","1340","0","54.85","28.81"
"68","000","00","011","1115","0000","442","251","191","46","488","995","0","49.05","25.23"
"68","000","00","011","1115","1097","442","251","191","46","488","995","0","49.05","25.23"
"68","000","00","011","1116","0000","1199","716","483","134","1333","2265","0","58.85","31.61"
"68","000","00","011","1116","1095","482","279","203","30","512","896","0","57.14","31.14"
"68","000","00","011","1116","1096","717","437","280","104","821","1369","0","59.97","31.92"
"68","000","00","011","1117","0000","596","377","219","71","667","1050","0","63.52","35.9"
"68","000","00","011","1117","1094","596","377","219","71","667","1050","0","63.52","35.9"
"68","000","00","011","1118","0000","362","226","136","46","408","663","0","61.54","34.09"
"68","000","00","011","1118","1092","362","226","136","46","408","663","0","61.54","34.09"
"68","000","00","011","1119","0000","442","243","199","28","470","908","0","51.76","26.76"
"68","000","00","011","1119","1091","442","243","199","28","470","908","0","51.76","26.76"
"68","000","00","011","1120","0000","514","316","198","67","581","1088","0","53.4","29.04"
"68","000","00","011","1120","1093","514","316","198","67","581","1088","0","53.4","29.04"
"68","000","00","011","1121","0000","586","350","236","61","647","1106","0","58.5","31.65"
"68","000","00","011","1121","1090","586","350","236","61","647","1106","0","58.5","31.65"
"68","000","00","011","1122","0000","621","363","258","85","706","1291","0","54.69","28.12"
"68","000","00","011","1122","1088","621","363","258","85","706","1291","0","54.69","28.12"
"68","000","00","011","1123","0000","640","402","238","45","685","1401","0","48.89","28.69"
"68","000","00","011","1123","1089","640","402","238","45","685","1401","0","48.89","28.69"
"68","000","00","012","0000","0000","25152","14918","10234","2399","27551","55149","67208","49.96","27.05"
"68","000","00","012","1201","0000","1117","672","445","90","1207","2733","0","44.16","24.59"
"68","000","00","012","1201","1102","591","354","237","44","635","1371","0","46.32","25.82"
"68","000","00","012","1201","1103","526","318","208","46","572","1362","0","42.0","23.35"
"68","000","00","012","1202","0000","467","270","197","64","531","997","0","53.26","27.08"
"68","000","00","012","1202","1104","467","270","197","64","531","997","0","53.26","27.08"
"68","000","00","012","1203","0000","625","368","257","33","658","1407","0","46.77","26.15"
"68","000","00","012","1203","1105","625","368","257","33","658","1407","0","46.77","26.15"
"68","000","00","012","1204","0000","822","493","329","49","871","1692","0","51.48","29.14"
"68","000","00","012","1204","1106","822","493","329","49","871","1692","0","51.48","29.14"
"68","000","00","012","1205","0000","456","279","177","47","503","892","0","56.39","31.28"
"68","000","00","012","1205","1109","456","279","177","47","503","892","0","56.39","31.28"
"68","000","00","012","1206","0000","1001","631","370","54","1055","2070","0","50.97","30.48"
"68","000","00","012","1206","1107","614","397","217","32","646","1279","0","50.51","31.04"
"68","000","00","012","1206","1108","387","234","153","22","409","791","0","51.71","29.58"
"68","000","00","012","1207","0000","495","312","183","36","531","886","0","59.93","35.21"
"68","000","00","012","1207","1110","495","312","183","36","531","886","0","59.93","35.21"
"68","000","00","012","1208","0000","346","184","162","51","397","712","0","55.76","25.84"
"68","000","00","012","1208","1111","346","184","162","51","397","712","0","55.76","25.84"
"68","000","00","012","1209","0000","677","390","287","136","813","1609","0","50.53","24.24"
"68","000","00","012","1209","1112","677","390","287","136","813","1609","0","50.53","24.24"
"68","000","00","012","1210","0000","1175","714","461","110","1285","2625","0","48.95","27.2"
"68","000","00","012","1210","1113","636","381","255","70","706","1274","0","55.42","29.91"
"68","000","00","012","1210","1114","539","333","206","40","579","1351","0","42.86","24.65"
"68","000","00","012","1211","0000","1272","768","504","162","1434","2504","0","57.27","30.67"
"68","000","00","012","1211","1115","653","391","262","75","728","1262","0","57.69","30.98"
"68","000","00","012","1211","1116","619","377","242","87","706","1242","0","56.84","30.35"
"68","000","00","012","1212","0000","1457","853","604","138","1595","3074","0","51.89","27.75"
"68","000","00","012","1212","1117","706","415","291","69","775","1461","0","53.05","28.41"
"68","000","00","012","1212","1118","751","438","313","69","820","1613","0","50.84","27.15"
"68","000","00","012","1213","0000","735","449","286","64","799","1479","0","54.02","30.36"
"68","000","00","012","1213","1119","735","449","286","64","799","1479","0","54.02","30.36"
"68","000","00","012","1214","0000","2138","1220","918","202","2340","4760","0","49.16","25.63"
"68","000","00","012","1214","1120","669","365","304","72","741","1552","0","47.74","23.52"
"68","000","00","012","1214","1121","697","389","308","56","753","1517","0","49.64","25.64"
"68","000","00","012","1214","1122","772","466","306","74","846","1691","0","50.03","27.56"
"68","000","00","012","1215","0000","1836","1084","752","145","1981","3762","0","52.66","28.81"
"68","000","00","012","1215","1123","606","360","246","24","630","1157","0","54.45","31.11"
"68","000","00","012","1215","1124","687","407","280","55","742","1455","0","51.0","27.97"
"68","000","00","012","1215","1125","543","317","226","66","609","1150","0","52.96","27.57"
"68","000","00","012","1216","0000","1153","699","454","86","1239","2363","0","52.43","29.58"
"68","000","00","012","1216","1126","565","325","240","63","628","1112","0","56.47","29.23"
"68","000","00","012","1216","1127","588","374","214","23","611","1251","0","48.84","29.9"
"68","000","00","012","1217","0000","1307","760","547","266","1573","2939","0","53.52","25.86"
"68","000","00","012","1217","1128","660","400","260","123","783","1446","0","54.15","27.66"
"68","000","00","012","1217","1129","647","360","287","143","790","1493","0","52.91","24.11"
"68","000","00","012","1218","0000","1207","666","541","154","1361","2476","0","54.97","26.9"
"68","000","00","012","1218","1130","592","333","259","113","705","1339","0","52.65","24.87"
"68","000","00","012","1218","1131","615","333","282","41","656","1137","0","57.7","29.29"
"68","000","00","012","1219","0000","488","280","208","39","527","1043","0","50.53","26.85"
"68","000","00","012","1219","1132","488","280","208","39","527","1043","0","50.53","26.85"
"68","000","00","012","1220","0000","860","515","345","87","947","1968","0","48.12","26.17"
"68","000","00","012","1220","1133","411","245","166","49","460","993","0","46.32","24.67"
"68","000","00","012","1220","1134","449","270","179","38","487","975","0","49.95","27.69"
"68","000","00","012","1221","0000","816","490","326","61","877","2029","0","43.22","24.15"
"68","000","00","012","1221","1135","816","490","326","61","877","2029","0","43.22","24.15"
"68","000","00","012","1222","0000","1380","842","538","112","1492","3802","0","39.24","22.15"
"68","000","00","012","1222","1139","744","465","279","62","806","1870","0","43.1","24.87"
"68","000","00","012","1222","1140","636","377","259","50","686","1932","0","35.51","19.51"
"68","000","00","012","1223","0000","746","427","319","39","785","1884","0","41.67","22.66"
"68","000","00","012","1223","1141","350","188","162","17","367","899","0","40.82","20.91"
"68","000","00","012","1223","1142","396","239","157","22","418","985","0","42.44","24.26"
"68","000","00","012","1224","0000","2576","1552","1024","174","2750","5443","0","50.52","28.51"
"68","000","00","012","1224","1136","877","540","337","66","943","1765","0","53.43","30.59"
"68","000","00","012","1224","1137","841","524","317","64","905","1809","0","50.03","28.97"
"68","000","00","012","1224","1138","858","488","370","44","902","1869","0","48.26","26.11"
"68","000","00","013","0000","0000","4536","2604","1932","471","5007","9766","11997","51.27","26.66"
"68","000","00","013","1301","0000","977","508","469","125","1102","1991","0","55.35","25.51"
"68","000","00","013","1301","0581","977","508","469","125","1102","1991","0","55.35","25.51"
"68","000","00","013","1302","0000","693","396","297","98","791","1392","0","56.82","28.45"
"68","000","00","013","1302","0582","693","396","297","98","791","1392","0","56.82","28.45"
"68","000","00","013","1303","0000","328","188","140","27","355","716","0","49.58","26.26"
"68","000","00","013","1303","0584","328","188","140","27","355","716","0","49.58","26.26"
"68","000","00","013","1304","0000","269","185","84","24","293","564","0","51.95","32.8"
"68","000","00","013","1304","0583","269","185","84","24","293","564","0","51.95","32.8"
"68","000","00","013","1305","0000","252","141","111","15","267","669","0","39.91","21.08"
"68","000","00","013","1305","0586","252","141","111","15","267","669","0","39.91","21.08"
"68","000","00","013","1306","0000","211","135","76","21","232","683","0","33.97","19.77"
"68","000","00","013","1306","0589","211","135","76","21","232","683","0","33.97","19.77"
"68","000","00","013","1307","0000","337","198","139","18","355","760","0","46.71","26.05"
"68","000","00","013","1307","0587","337","198","139","18","355","760","0","46.71","26.05"
"68","000","00","013","1308","0000","577","345","232","41","618","1224","0","50.49","28.19"
"68","000","00","013","1308","0590","577","345","232","41","618","1224","0","50.49","28.19"
"68","000","00","013","1309","0000","543","322","221","83","626","1016","0","61.61","31.69"
"68","000","00","013","1309","0585","543","322","221","83","626","1016","0","61.61","31.69"
"68","000","00","013","1310","0000","349","186","163","19","368","751","0","49.0","24.77"
"68","000","00","013","1310","0588","349","186","163","19","368","751","0","49.0","24.77"
"66","000","00","000","0000","0000","1204049","725778","478271","118994","1323043","2295642","2799254","57.63","31.62"
"66","000","00","001","0000","0000","7356","4199","3157","859","8215","14696","18557","55.9","28.57"
"66","000","00","001","0101","0000","744","392","352","104","848","1531","0","55.39","25.6"
"66","000","00","001","0101","1071","744","392","352","104","848","1531","0","55.39","25.6"
"66","000","00","001","0102","0000","1046","591","455","166","1212","2046","0","59.24","28.89"
"66","000","00","001","0102","1075","625","370","255","93","718","1191","0","60.29","31.07"
"66","000","00","001","0102","1076","421","221","200","73","494","855","0","57.78","25.85"
"66","000","00","001","0103","0000","897","515","382","117","1014","1652","0","61.38","31.17"
"66","000","00","001","0103","1070","897","515","382","117","1014","1652","0","61.38","31.17"
"66","000","00","001","0104","0000","726","419","307","71","797","1431","0","55.7","29.28"
"66","000","00","001","0104","1072","726","419","307","71","797","1431","0","55.7","29.28"
"66","000","00","001","0105","0000","1053","632","421","115","1168","2042","0","57.2","30.95"
"66","000","00","001","0105","1073","565","330","235","52","617","1060","0","58.21","31.13"
"66","000","00","001","0105","1074","488","302","186","63","551","982","0","56.11","30.75"
"66","000","00","001","0106","0000","878","519","359","62","940","1840","0","51.09","28.21"
"66","000","00","001","0106","1077","490","291","199","44","534","1135","0","47.05","25.64"
"66","000","00","001","0106","1078","388","228","160","18","406","705","0","57.59","32.34"
"66","000","00","001","0107","0000","1166","646","520","169","1335","2313","0","57.72","27.93"
"66","000","00","001","0107","1079","539","309","230","62","601","1009","0","59.56","30.62"
"66","000","00","001","0107","1080","627","337","290","107","734","1304","0","56.29","25.84"
"66","000","00","001","0108","0000","846","485","361","55","901","1841","0","48.94","26.34"
"66","000","00","001","0108","1081","846","485","361","55","901","1841","0","48.94","26.34"
"66","000","00","002","0000","0000","34224","20239","13985","3437","37661","64291","76070","58.58","31.48"
"66","000","00","002","0201","0000","1389","797","592","132","1521","2999","0","50.72","26.58"
"66","000","00","002","0201","1148","406","224","182","31","437","1138","0","38.4","19.68"
"66","000","00","002","0201","1149","521","306","215","41","562","984","0","57.11","31.1"
"66","000","00","002","0201","1150","462","267","195","60","522","877","0","59.52","30.44"
"66","000","00","002","0202","0000","1739","1014","725","184","1923","3129","0","61.46","32.41"
"66","000","00","002","0202","1151","605","346","259","56","661","1070","0","61.78","32.34"
"66","000","00","002","0202","1152","620","371","249","61","681","1106","0","61.57","33.54"
"66","000","00","002","0202","1153","514","297","217","67","581","953","0","60.97","31.16"
"66","000","00","002","0203","0000","1936","1102","834","160","2096","3636","0","57.65","30.31"
"66","000","00","002","0203","1154","660","385","275","49","709","1195","0","59.33","32.22"
"66","000","00","002","0203","1155","647","370","277","60","707","1251","0","56.51","29.58"
"66","000","00","002","0203","1156","629","347","282","51","680","1190","0","57.14","29.16"
"66","000","00","002","0204","0000","1543","866","677","138","1681","2837","0","59.25","30.53"
"66","000","00","002","0204","1157","723","409","314","68","791","1394","0","56.74","29.34"
"66","000","00","002","0204","1158","820","457","363","70","890","1443","0","61.68","31.67"
"66","000","00","002","0205","0000","1129","641","488","116","1245","1966","0","63.33","32.6"
"66","000","00","002","0205","1161","681","366","315","83","764","1211","0","63.09","30.22"
"66","000","00","002","0205","1162","448","275","173","33","481","755","0","63.71","36.42"
"66","000","00","002","0206","0000","1055","581","474","108","1163","1902","0","61.15","30.55"
"66","000","00","002","0206","1159","395","217","178","47","442","762","0","58.01","28.48"
"66","000","00","002","0206","1160","660","364","296","61","721","1140","0","63.25","31.93"
"66","000","00","002","0207","0000","1227","721","506","156","1383","2491","0","55.52","28.94"
"66","000","00","002","0207","1163","743","454","289","97","840","1491","0","56.34","30.45"
"66","000","00","002","0207","1164","484","267","217","59","543","1000","0","54.3","26.7"
"66","000","00","002","0208","0000","1181","713","468","128","1309","2215","0","59.1","32.19"
"66","000","00","002","0208","1165","598","372","226","81","679","1114","0","60.95","33.39"
"66","000","00","002","0208","1166","583","341","242","47","630","1101","0","57.22","30.97"
"66","000","00","002","0209","0000","3612","2087","1525","362","3974","6563","0","60.55","31.8"
"66","000","00","002","0209","1167","661","367","294","89","750","1169","0","64.16","31.39"
"66","000","00","002","0209","1168","709","405","304","95","804","1283","0","62.67","31.57"
"66","000","00","002","0209","1169","679","406","273","59","738","1168","0","63.18","34.76"
"66","000","00","002","0209","1170","704","400","304","50","754","1386","0","54.4","28.86"
"66","000","00","002","0209","1171","859","509","350","69","928","1557","0","59.6","32.69"
"66","000","00","002","0210","0000","2587","1583","1004","207","2794","4658","0","59.98","33.98"
"66","000","00","002","0210","1172","743","414","329","71","814","1380","0","58.99","30.0"
"66","000","00","002","0210","1173","902","527","375","79","981","1674","0","58.6","31.48"
"66","000","00","002","0210","1174","942","642","300","57","999","1604","0","62.28","40.02"
"66","000","00","002","0211","0000","2102","1289","813","193","2295","3743","0","61.31","34.44"
"66","000","00","002","0211","1179","692","442","250","59","751","1252","0","59.98","35.3"
"66","000","00","002","0211","1180","728","429","299","66","794","1250","0","63.52","34.32"
"66","000","00","002","0211","1181","682","418","264","68","750","1241","0","60.44","33.68"
"66","000","00","002","0212","0000","1281","779","502","165","1446","2606","0","55.49","29.89"
"66","000","00","002","0212","1182","642","390","252","69","711","1318","0","53.95","29.59"
"66","000","00","002","0212","1183","639","389","250","96","735","1288","0","57.07","30.2"
"66","000","00","002","0213","0000","2219","1410","809","254","2473","4096","0","60.38","34.42"
"66","000","00","002","0213","1184","798","499","299","103","901","1442","0","62.48","34.6"
"66","000","00","002","0213","1185","645","406","239","71","716","1202","0","59.57","33.78"
"66","000","00","002","0213","1186","776","505","271","80","856","1452","0","58.95","34.78"
"66","000","00","002","0214","0000","822","554","268","67","889","1693","0","52.51","32.72"
"66","000","00","002","0214","1190","822","554","268","67","889","1693","0","52.51","32.72"
"66","000","00","002","0215","0000","2138","1371","767","200","2338","4083","0","57.26","33.58"
"66","000","00","002","0215","1187","766","471","295","58","824","1480","0","55.68","31.82"
"66","000","00","002","0215","1188","927","643","284","86","1013","1736","0","58.35","37.04"
"66","000","00","002","0215","1189","445","257","188","56","501","867","0","57.79","29.64"
"66","000","00","002","0216","0000","4656","2580","2076","503","5159","8717","0","59.18","29.6"
"66","000","00","002","0216","1191","843","488","355","98","941","1538","0","61.18","31.73"
"66","000","00","002","0216","1192","864","444","420","129","993","1593","0","62.34","27.87"
"66","000","00","002","0216","1193","760","445","315","51","811","1481","0","54.76","30.05"
"66","000","00","002","0216","1194","791","458","333","77","868","1414","0","61.39","32.39"
"66","000","00","002","0216","1195","654","361","293","62","716","1297","0","55.2","27.83"
"66","000","00","002","0216","1196","744","384","360","86","830","1394","0","59.54","27.55"
"66","000","00","002","0217","0000","3608","2151","1457","364","3972","6957","0","57.09","30.92"
"66","000","00","002","0217","1175","999","579","420","90","1089","1815","0","60.0","31.9"
"66","000","00","002","0217","1176","872","528","344","75","947","1700","0","55.71","31.06"
"66","000","00","002","0217","1177","823","498","325","92","915","1592","0","57.47","31.28"
"66","000","00","002","0217","1178","914","546","368","107","1021","1850","0","55.19","29.51"
"66","000","00","003","0000","0000","58108","34386","23722","5432","63540","103643","125726","61.31","33.18"
"66","000","00","003","0301","0000","1934","1095","839","299","2233","3607","0","61.91","30.36"
"66","000","00","003","0301","1201","586","319","267","131","717","1130","0","63.45","28.23"
"66","000","00","003","0301","1202","707","411","296","80","787","1239","0","63.52","33.17"
"66","000","00","003","0301","1203","641","365","276","88","729","1238","0","58.89","29.48"
"66","000","00","003","0302","0000","2133","1228","905","232","2365","3862","0","61.24","31.8"
"66","000","00","003","0302","1204","716","413","303","73","789","1272","0","62.03","32.47"
"66","000","00","003","0302","1205","701","399","302","70","771","1273","0","60.57","31.34"
"66","000","00","003","0302","1206","716","416","300","89","805","1317","0","61.12","31.59"
"66","000","00","003","0303","0000","2097","1215","882","168","2265","3476","0","65.16","34.95"
"66","000","00","003","0303","1207","741","433","308","47","788","1160","0","67.93","37.33"
"66","000","00","003","0303","1208","725","431","294","64","789","1205","0","65.48","35.77"
"66","000","00","003","0303","1209","631","351","280","57","688","1111","0","61.93","31.59"
"66","000","00","003","0304","0000","1637","948","689","145","1782","2826","0","63.06","33.55"
"66","000","00","003","0304","1210","850","490","360","77","927","1407","0","65.88","34.83"
"66","000","00","003","0304","1211","787","458","329","68","855","1419","0","60.25","32.28"
"66","000","00","003","0305","0000","1421","868","553","136","1557","2572","0","60.54","33.75"
"66","000","00","003","0305","1212","650","400","250","88","738","1157","0","63.79","34.57"
"66","000","00","003","0305","1213","771","468","303","48","819","1415","0","57.88","33.07"
"66","000","00","003","0306","0000","1584","914","670","148","1732","2743","0","63.14","33.32"
"66","000","00","003","0306","1214","787","446","341","65","852","1289","0","66.1","34.6"
"66","000","00","003","0306","1215","797","468","329","83","880","1454","0","60.52","32.19"
"66","000","00","003","0307","0000","2295","1374","921","218","2513","4315","0","58.24","31.84"
"66","000","00","003","0307","1216","759","439","320","74","833","1491","0","55.87","29.44"
"66","000","00","003","0307","1217","767","480","287","55","822","1394","0","58.97","34.43"
"66","000","00","003","0307","1218","769","455","314","89","858","1430","0","60.0","31.82"
"66","000","00","003","0308","0000","2116","1209","907","364","2480","3836","0","64.65","31.52"
"66","000","00","003","0308","1219","670","392","278","169","839","1342","0","62.52","29.21"
"66","000","00","003","0308","1220","756","416","340","129","885","1304","0","67.87","31.9"
"66","000","00","003","0308","1221","690","401","289","66","756","1190","0","63.53","33.7"
"66","000","00","003","0309","0000","2978","1833","1145","313","3291","5320","0","61.86","34.45"
"66","000","00","003","0309","1222","678","435","243","81","759","1273","0","59.62","34.17"
"66","000","00","003","0309","1223","819","502","317","86","905","1387","0","65.25","36.19"
"66","000","00","003","0309","1224","739","452","287","71","810","1356","0","59.73","33.33"
"66","000","00","003","0309","1225","742","444","298","75","817","1304","0","62.65","34.05"
"66","000","00","003","0310","0000","2063","1174","889","214","2277","3842","0","59.27","30.56"
"66","000","00","003","0310","1230","709","403","306","92","801","1308","0","61.24","30.81"
"66","000","00","003","0310","1231","669","358","311","64","733","1250","0","58.64","28.64"
"66","000","00","003","0310","1232","685","413","272","58","743","1284","0","57.87","32.17"
"66","000","00","003","0311","0000","4415","2651","1764","346","4761","7672","0","62.06","34.55"
"66","000","00","003","0311","1240","969","590","379","77","1046","1643","0","63.66","35.91"
"66","000","00","003","0311","1241","840","485","355","44","884","1423","0","62.12","34.08"
"66","000","00","003","0311","1242","843","498","345","76","919","1542","0","59.6","32.3"
"66","000","00","003","0311","1243","860","521","339","58","918","1533","0","59.88","33.99"
"66","000","00","003","0311","1244","903","557","346","91","994","1531","0","64.92","36.38"
"66","000","00","003","0312","0000","5940","3499","2441","484","6424","10764","0","59.68","32.51"
"66","000","00","003","0312","1248","900","532","368","86","986","1799","0","54.81","29.57"
"66","000","00","003","0312","1249","997","616","381","86","1083","1708","0","63.41","36.07"
"66","000","00","003","0312","1250","901","482","419","80","981","1700","0","57.71","28.35"
"66","000","00","003","0312","1251","1045","646","399","57","1102","1751","0","62.94","36.89"
"66","000","00","003","0312","1252","1176","681","495","91","1267","2109","0","60.08","32.29"
"66","000","00","003","0312","1253","921","542","379","84","1005","1697","0","59.22","31.94"
"66","000","00","003","0313","0000","4734","2803","1931","387","5121","7918","0","64.68","35.4"
"66","000","00","003","0313","1258","689","377","312","105","794","1274","0","62.32","29.59"
"66","000","00","003","0313","1259","865","519","346","57","922","1390","0","66.33","37.34"
"66","000","00","003","0313","1260","797","477","320","52","849","1295","0","65.56","36.83"
"66","000","00","003","0313","1261","720","419","301","79","799","1312","0","60.9","31.94"
"66","000","00","003","0313","1262","845","522","323","57","902","1417","0","63.66","36.84"
"66","000","00","003","0313","1263","818","489","329","37","855","1230","0","69.51","39.76"
"66","000","00","003","0314","0000","2279","1297","982","247","2526","4174","0","60.52","31.07"
"66","000","00","003","0314","1264","696","418","278","94","790","1308","0","60.4","31.96"
"66","000","00","003","0314","1265","804","471","333","73","877","1467","0","59.78","32.11"
"66","000","00","003","0314","1266","779","408","371","80","859","1399","0","61.4","29.16"
"66","000","00","003","0315","0000","1115","643","472","114","1229","1938","0","63.42","33.18"
"66","000","00","003","0315","1197","518","301","217","54","572","937","0","61.05","32.12"
"66","000","00","003","0315","1198","597","342","255","60","657","1001","0","65.63","34.17"
"66","000","00","003","0316","0000","1484","866","618","163","1647","2451","0","67.2","35.33"
"66","000","00","003","0316","1199","739","415","324","85","824","1249","0","65.97","33.23"
"66","000","00","003","0316","1200","745","451","294","78","823","1202","0","68.47","37.52"
"66","000","00","003","0317","0000","3155","1886","1269","253","3408","5388","0","63.25","35.0"
"66","000","00","003","0317","1226","767","477","290","57","824","1256","0","65.61","37.98"
"66","000","00","003","0317","1227","814","481","333","45","859","1364","0","62.98","35.26"
"66","000","00","003","0317","1228","747","417","330","104","851","1361","0","62.53","30.64"
"66","000","00","003","0317","1229","827","511","316","47","874","1407","0","62.12","36.32"
"66","000","00","003","0318","0000","2025","1243","782","214","2239","3501","0","63.95","35.5"
"66","000","00","003","0318","1233","672","399","273","82","754","1175","0","64.17","33.96"
"66","000","00","003","0318","1234","711","429","282","57","768","1158","0","66.32","37.05"
"66","000","00","003","0318","1235","642","415","227","75","717","1168","0","61.39","35.53"
"66","000","00","003","0319","0000","3608","2225","1383","254","3862","7241","0","53.34","30.73"
"66","000","00","003","0319","1236","955","581","374","83","1038","1626","0","63.84","35.73"
"66","000","00","003","0319","1237","824","506","318","51","875","2115","0","41.37","23.92"
"66","000","00","003","0319","1238","945","586","359","63","1008","1805","0","55.84","32.47"
"66","000","00","003","0319","1239","884","552","332","57","941","1695","0","55.52","32.57"
"66","000","00","003","0320","0000","2380","1393","987","188","2568","4415","0","58.17","31.55"
"66","000","00","003","0320","1245","695","402","293","62","757","1392","0","54.38","28.88"
"66","000","00","003","0320","1246","856","516","340","59","915","1592","0","57.47","32.41"
"66","000","00","003","0320","1247","829","475","354","67","896","1431","0","62.61","33.19"
"66","000","00","003","0321","0000","3759","2279","1480","311","4070","6474","0","62.87","35.2"
"66","000","00","003","0321","1254","813","486","327","56","869","1456","0","59.68","33.38"
"66","000","00","003","0321","1255","1056","603","453","91","1147","1726","0","66.45","34.94"
"66","000","00","003","0321","1256","1001","640","361","80","1081","1723","0","62.74","37.14"
"66","000","00","003","0321","1257","889","550","339","84","973","1569","0","62.01","35.05"
"66","000","00","003","0322","0000","2956","1743","1213","234","3190","5308","0","60.1","32.84"
"66","000","00","003","0322","1267","650","370","280","83","733","1207","0","60.73","30.65"
"66","000","00","003","0322","1268","714","421","293","60","774","1317","0","58.77","31.97"
"66","000","00","003","0322","1269","862","499","363","52","914","1563","0","58.48","31.93"
"66","000","00","003","0322","1270","730","453","277","39","769","1221","0","62.98","37.1"
"66","000","00","004","0000","0000","51048","30092","20956","4312","55360","95040","115551","58.25","31.66"
"66","000","00","004","0401","0000","1052","608","444","96","1148","1798","0","63.85","33.82"
"66","000","00","004","0401","1085","584","349","235","51","635","1020","0","62.25","34.22"
"66","000","00","004","0401","1086","468","259","209","45","513","778","0","65.94","33.29"
"66","000","00","004","0402","0000","771","463","308","69","840","1416","0","59.32","32.7"
"66","000","00","004","0402","1084","771","463","308","69","840","1416","0","59.32","32.7"
"66","000","00","004","0403","0000","995","569","426","74","1069","2261","0","47.28","25.17"
"66","000","00","004","0403","1082","467","267","200","47","514","1400","0","36.71","19.07"
"66","000","00","004","0403","1083","528","302","226","27","555","861","0","64.46","35.08"
"66","000","00","004","0404","0000","1357","782","575","135","1492","2295","0","65.01","34.07"
"66","000","00","004","0404","1090","729","425","304","80","809","1251","0","64.67","33.97"
"66","000","00","004","0404","1091","628","357","271","55","683","1044","0","65.42","34.2"
"66","000","00","004","0405","0000","736","445","291","69","805","1465","0","54.95","30.38"
"66","000","00","004","0405","1087","736","445","291","69","805","1465","0","54.95","30.38"
"66","000","00","004","0406","0000","1048","590","458","69","1117","1885","0","59.26","31.3"
"66","000","00","004","0406","1088","561","319","242","30","591","1017","0","58.11","31.37"
"66","000","00","004","0406","1089","487","271","216","39","526","868","0","60.6","31.22"
"66","000","00","004","0407","0000","2629","1584","1045","198","2827","4791","0","59.01","33.06"
"66","000","00","004","0407","1092","804","480","324","58","862","1487","0","57.97","32.28"
"66","000","00","004","0407","1093","854","518","336","59","913","1573","0","58.04","32.93"
"66","000","00","004","0407","1094","971","586","385","81","1052","1731","0","60.77","33.85"
"66","000","00","004","0408","0000","2195","1307","888","159","2354","3948","0","59.63","33.11"
"66","000","00","004","0408","1095","674","389","285","53","727","1209","0","60.13","32.18"
"66","000","00","004","0408","1096","839","509","330","56","895","1564","0","57.23","32.54"
"66","000","00","004","0408","1097","682","409","273","50","732","1175","0","62.3","34.81"
"66","000","00","004","0409","0000","2948","1768","1180","177","3125","5680","0","55.02","31.13"
"66","000","00","004","0409","1098","790","469","321","63","853","1505","0","56.68","31.16"
"66","000","00","004","0409","1099","806","512","294","46","852","1418","0","60.08","36.11"
"66","000","00","004","0409","1100","655","390","265","10","665","1497","0","44.42","26.05"
"66","000","00","004","0409","1101","697","397","300","58","755","1260","0","59.92","31.51"
"66","000","00","004","0410","0000","1187","689","498","135","1322","2330","0","56.74","29.57"
"66","000","00","004","0410","1116","572","330","242","77","649","1129","0","57.48","29.23"
"66","000","00","004","0410","1117","615","359","256","58","673","1201","0","56.04","29.89"
"66","000","00","004","0411","0000","1649","989","660","125","1774","3196","0","55.51","30.94"
"66","000","00","004","0411","1114","895","543","352","70","965","1822","0","52.96","29.8"
"66","000","00","004","0411","1115","754","446","308","55","809","1374","0","58.88","32.46"
"66","000","00","004","0412","0000","1858","1042","816","168","2026","3502","0","57.85","29.75"
"66","000","00","004","0412","1118","863","478","385","73","936","1639","0","57.11","29.16"
"66","000","00","004","0412","1119","995","564","431","95","1090","1863","0","58.51","30.27"
"66","000","00","004","0413","0000","1543","937","606","142","1685","2846","0","59.21","32.92"
"66","000","00","004","0413","1102","781","464","317","70","851","1399","0","60.83","33.17"
"66","000","00","004","0413","1103","762","473","289","72","834","1447","0","57.64","32.69"
"66","000","00","004","0414","0000","3462","2079","1383","319","3781","6488","0","58.28","32.04"
"66","000","00","004","0414","1104","903","530","373","83","986","1683","0","58.59","31.49"
"66","000","00","004","0414","1105","870","528","342","80","950","1585","0","59.94","33.31"
"66","000","00","004","0414","1106","868","526","342","68","936","1557","0","60.12","33.78"
"66","000","00","004","0414","1107","821","495","326","88","909","1663","0","54.66","29.77"
"66","000","00","004","0415","0000","3131","1806","1325","236","3367","5656","0","59.53","31.93"
"66","000","00","004","0415","1122","721","443","278","44","765","1308","0","58.49","33.87"
"66","000","00","004","0415","1123","775","459","316","69","844","1433","0","58.9","32.03"
"66","000","00","004","0415","1124","771","408","363","52","823","1450","0","56.76","28.14"
"66","000","00","004","0415","1125","864","496","368","71","935","1465","0","63.82","33.86"
"66","000","00","004","0416","0000","2980","1789","1191","220","3200","5663","0","56.51","31.59"
"66","000","00","004","0416","1140","641","389","252","39","680","1139","0","59.7","34.15"
"66","000","00","004","0416","1141","639","362","277","42","681","1105","0","61.63","32.76"
"66","000","00","004","0416","1142","793","495","298","73","866","1498","0","57.81","33.04"
"66","000","00","004","0416","1143","907","543","364","66","973","1921","0","50.65","28.27"
"66","000","00","004","0417","0000","3372","2041","1331","302","3674","6075","0","60.48","33.6"
"66","000","00","004","0417","1133","917","582","335","51","968","1613","0","60.01","36.08"
"66","000","00","004","0417","1134","772","471","301","79","851","1454","0","58.53","32.39"
"66","000","00","004","0417","1135","890","531","359","73","963","1597","0","60.3","33.25"
"66","000","00","004","0417","1136","793","457","336","99","892","1411","0","63.22","32.39"
"66","000","00","004","0418","0000","2896","1663","1233","226","3122","5581","0","55.94","29.8"
"66","000","00","004","0418","1108","1024","598","426","98","1122","1921","0","58.41","31.13"
"66","000","00","004","0418","1109","972","521","451","58","1030","1952","0","52.77","26.69"
"66","000","00","004","0418","1110","900","544","356","70","970","1708","0","56.79","31.85"
"66","000","00","004","0419","0000","3126","1841","1285","295","3421","5667","0","60.37","32.49"
"66","000","00","004","0419","1144","710","401","309","81","791","1340","0","59.03","29.93"
"66","000","00","004","0419","1145","872","531","341","60","932","1536","0","60.68","34.57"
"66","000","00","004","0419","1146","708","394","314","95","803","1361","0","59.0","28.95"
"66","000","00","004","0419","1147","836","515","321","59","895","1430","0","62.59","36.01"
"66","000","00","004","0420","0000","1442","789","653","157","1599","2794","0","57.23","28.24"
"66","000","00","004","0420","1128","776","415","361","95","871","1428","0","60.99","29.06"
"66","000","00","004","0420","1129","666","374","292","62","728","1366","0","53.29","27.38"
"66","000","00","004","0421","0000","1837","1066","771","187","2024","3600","0","56.22","29.61"
"66","000","00","004","0421","1126","901","553","348","89","990","1818","0","54.46","30.42"
"66","000","00","004","0421","1127","936","513","423","98","1034","1782","0","58.02","28.79"
"66","000","00","004","0422","0000","2569","1508","1061","258","2827","4803","0","58.86","31.4"
"66","000","00","004","0422","1137","802","431","371","87","889","1493","0","59.54","28.87"
"66","000","00","004","0422","1138","892","553","339","92","984","1600","0","61.5","34.56"
"66","000","00","004","0422","1139","875","524","351","79","954","1710","0","55.79","30.64"
"66","000","00","004","0423","0000","2314","1364","950","165","2479","4187","0","59.21","32.58"
"66","000","00","004","0423","1130","801","471","330","52","853","1498","0","56.94","31.44"
"66","000","00","004","0423","1131","755","446","309","59","814","1350","0","60.3","33.04"
"66","000","00","004","0423","1132","758","447","311","54","812","1339","0","60.64","33.38"
"66","000","00","004","0424","0000","1606","949","657","141","1747","2791","0","62.59","34.0"
"66","000","00","004","0424","1120","759","455","304","70","829","1287","0","64.41","35.35"
"66","000","00","004","0424","1121","847","494","353","71","918","1504","0","61.04","32.85"
"66","000","00","004","0425","0000","2345","1424","921","190","2535","4322","0","58.65","32.95"
"66","000","00","004","0425","1111","671","417","254","49","720","1131","0","63.66","36.87"
"66","000","00","004","0425","1112","950","608","342","87","1037","1916","0","54.12","31.73"
"66","000","00","004","0425","1113","724","399","325","54","778","1275","0","61.02","31.29"
"66","000","00","005","0000","0000","64202","38821","25381","5539","69741","124621","147528","55.96","31.15"
"66","000","00","005","0501","0000","1018","597","421","115","1133","2047","0","55.35","29.16"
"66","000","00","005","0501","0985","492","290","202","57","549","1051","0","52.24","27.59"
"66","000","00","005","0501","0986","526","307","219","58","584","996","0","58.63","30.82"
"66","000","00","005","0502","0000","1854","1187","667","141","1995","3365","0","59.29","35.27"
"66","000","00","005","0502","0987","828","567","261","38","866","1504","0","57.58","37.7"
"66","000","00","005","0502","0988","552","333","219","54","606","975","0","62.15","34.15"
"66","000","00","005","0502","0989","474","287","187","49","523","886","0","59.03","32.39"
"66","000","00","005","0503","0000","666","394","272","105","771","1404","0","54.91","28.06"
"66","000","00","005","0503","0992","666","394","272","105","771","1404","0","54.91","28.06"
"66","000","00","005","0504","0000","791","482","309","70","861","1532","0","56.2","31.46"
"66","000","00","005","0504","0997","380","229","151","29","409","773","0","52.91","29.62"
"66","000","00","005","0504","0998","411","253","158","41","452","759","0","59.55","33.33"
"66","000","00","005","0505","0000","867","509","358","91","958","1683","0","56.92","30.24"
"66","000","00","005","0505","0995","387","235","152","42","429","704","0","60.94","33.38"
"66","000","00","005","0505","0996","480","274","206","49","529","979","0","54.03","27.99"
"66","000","00","005","0506","0000","1332","872","460","135","1467","2650","0","55.36","32.91"
"66","000","00","005","0506","0999","748","511","237","91","839","1438","0","58.34","35.54"
"66","000","00","005","0506","1000","584","361","223","44","628","1212","0","51.82","29.79"
"66","000","00","005","0507","0000","1660","974","686","106","1766","3176","0","55.6","30.67"
"66","000","00","005","0507","1001","929","569","360","49","978","1731","0","56.5","32.87"
"66","000","00","005","0507","1002","731","405","326","57","788","1445","0","54.53","28.03"
"66","000","00","005","0508","0000","2621","1597","1024","251","2872","5461","0","52.59","29.24"
"66","000","00","005","0508","1003","942","568","374","87","1029","1855","0","55.47","30.62"
"66","000","00","005","0508","1004","780","487","293","95","875","1728","0","50.64","28.18"
"66","000","00","005","0508","1005","899","542","357","69","968","1878","0","51.54","28.86"
"66","000","00","005","0509","0000","1618","979","639","114","1732","3340","0","51.86","29.31"
"66","000","00","005","0509","1008","827","484","343","45","872","1761","0","49.52","27.48"
"66","000","00","005","0509","1009","791","495","296","69","860","1579","0","54.46","31.35"
"66","000","00","005","0510","0000","1373","850","523","102","1475","2482","0","59.43","34.25"
"66","000","00","005","0510","1012","801","490","311","56","857","1476","0","58.06","33.2"
"66","000","00","005","0510","1013","572","360","212","46","618","1006","0","61.43","35.79"
"66","000","00","005","0511","0000","2257","1361","896","159","2416","4309","0","56.07","31.59"
"66","000","00","005","0511","1014","762","461","301","56","818","1403","0","58.3","32.86"
"66","000","00","005","0511","1015","736","454","282","39","775","1446","0","53.6","31.4"
"66","000","00","005","0511","1016","759","446","313","64","823","1460","0","56.37","30.55"
"66","000","00","005","0512","0000","1305","815","490","81","1386","2260","0","61.33","36.06"
"66","000","00","005","0512","1017","658","393","265","39","697","1233","0","56.53","31.87"
"66","000","00","005","0512","1018","647","422","225","42","689","1027","0","67.09","41.09"
"66","000","00","005","0513","0000","3047","1783","1264","228","3275","5590","0","58.59","31.9"
"66","000","00","005","0513","1019","655","403","252","38","693","1207","0","57.42","33.39"
"66","000","00","005","0513","1020","656","388","268","61","717","1167","0","61.44","33.25"
"66","000","00","005","0513","1021","617","344","273","37","654","1150","0","56.87","29.91"
"66","000","00","005","0513","1022","577","330","247","51","628","1061","0","59.19","31.1"
"66","000","00","005","0513","1023","542","318","224","41","583","1005","0","58.01","31.64"
"66","000","00","005","0514","0000","2190","1308","882","208","2398","4077","0","58.82","32.08"
"66","000","00","005","0514","1024","668","386","282","40","708","1250","0","56.64","30.88"
"66","000","00","005","0514","1025","778","445","333","86","864","1448","0","59.67","30.73"
"66","000","00","005","0514","1026","744","477","267","82","826","1379","0","59.9","34.59"
"66","000","00","005","0515","0000","2174","1320","854","155","2329","5070","0","45.94","26.04"
"66","000","00","005","0515","1029","534","314","220","23","557","2078","0","26.8","15.11"
"66","000","00","005","0515","1030","865","537","328","82","947","1562","0","60.63","34.38"
"66","000","00","005","0515","1031","775","469","306","50","825","1430","0","57.69","32.8"
"66","000","00","005","0516","0000","2224","1362","862","179","2403","4440","0","54.12","30.68"
"66","000","00","005","0516","1045","710","443","267","45","755","1461","0","51.68","30.32"
"66","000","00","005","0516","1046","715","420","295","66","781","1310","0","59.62","32.06"
"66","000","00","005","0516","1047","799","499","300","68","867","1669","0","51.95","29.9"
"66","000","00","005","0517","0000","1875","1102","773","186","2061","3614","0","57.03","30.49"
"66","000","00","005","0517","1048","999","622","377","128","1127","1932","0","58.33","32.19"
"66","000","00","005","0517","1049","876","480","396","58","934","1682","0","55.53","28.54"
"66","000","00","005","0518","0000","2577","1513","1064","150","2727","4932","0","55.29","30.68"
"66","000","00","005","0518","1050","970","554","416","40","1010","1891","0","53.41","29.3"
"66","000","00","005","0518","1051","983","590","393","82","1065","1882","0","56.59","31.35"
"66","000","00","005","0518","1052","624","369","255","28","652","1159","0","56.26","31.84"
"66","000","00","005","0519","0000","1390","817","573","139","1529","2613","0","58.52","31.27"
"66","000","00","005","0519","1068","737","429","308","65","802","1346","0","59.58","31.87"
"66","000","00","005","0519","1069","653","388","265","74","727","1267","0","57.38","30.62"
"66","000","00","005","0520","0000","1901","1186","715","211","2112","3752","0","56.29","31.61"
"66","000","00","005","0520","1010","1047","652","395","133","1180","2192","0","53.83","29.74"
"66","000","00","005","0520","1011","854","534","320","78","932","1560","0","59.74","34.23"
"66","000","00","005","0521","0000","3389","2017","1372","246","3635","6457","0","56.3","31.24"
"66","000","00","005","0521","1053","803","484","319","70","873","1553","0","56.21","31.17"
"66","000","00","005","0521","1054","845","505","340","41","886","1607","0","55.13","31.43"
"66","000","00","005","0521","1055","937","548","389","59","996","1773","0","56.18","30.91"
"66","000","00","005","0521","1056","804","480","324","76","880","1524","0","57.74","31.5"
"66","000","00","005","0522","0000","2841","1691","1150","291","3132","5282","0","59.3","32.01"
"66","000","00","005","0522","1057","895","518","377","110","1005","1613","0","62.31","32.11"
"66","000","00","005","0522","1058","1011","627","384","81","1092","1877","0","58.18","33.4"
"66","000","00","005","0522","1059","935","546","389","100","1035","1792","0","57.76","30.47"
"66","000","00","005","0523","0000","3164","1833","1331","307","3471","6037","0","57.5","30.36"
"66","000","00","005","0523","1062","871","485","386","78","949","1556","0","60.99","31.17"
"66","000","00","005","0523","1063","773","442","331","54","827","1497","0","55.24","29.53"
"66","000","00","005","0523","1064","790","462","328","79","869","1550","0","56.06","29.81"
"66","000","00","005","0523","1065","730","444","286","96","826","1434","0","57.6","30.96"
"66","000","00","005","0524","0000","1992","1158","834","116","2108","3734","0","56.45","31.01"
"66","000","00","005","0524","1040","672","389","283","38","710","1243","0","57.12","31.3"
"66","000","00","005","0524","1041","619","374","245","20","639","1219","0","52.42","30.68"
"66","000","00","005","0524","1042","701","395","306","58","759","1272","0","59.67","31.05"
"66","000","00","005","0525","0000","2059","1261","798","144","2203","3777","0","58.33","33.39"
"66","000","00","005","0525","1034","745","434","311","48","793","1432","0","55.38","30.31"
"66","000","00","005","0525","1035","641","402","239","64","705","1157","0","60.93","34.75"
"66","000","00","005","0525","1036","673","425","248","32","705","1188","0","59.34","35.77"
"66","000","00","005","0526","0000","717","430","287","51","768","1437","0","53.44","29.92"
"66","000","00","005","0526","0983","717","430","287","51","768","1437","0","53.44","29.92"
"66","000","00","005","0527","0000","800","479","321","111","911","1708","0","53.34","28.04"
"66","000","00","005","0527","0984","800","479","321","111","911","1708","0","53.34","28.04"
"66","000","00","005","0528","0000","961","557","404","106","1067","2214","0","48.19","25.16"
"66","000","00","005","0528","0990","530","312","218","53","583","1276","0","45.69","24.45"
"66","000","00","005","0528","0991","431","245","186","53","484","938","0","51.6","26.12"
"66","000","00","005","0529","0000","972","578","394","84","1056","1865","0","56.62","30.99"
"66","000","00","005","0529","0993","538","335","203","25","563","996","0","56.53","33.63"
"66","000","00","005","0529","0994","434","243","191","59","493","869","0","56.73","27.96"
"66","000","00","005","0530","0000","1638","1107","531","216","1854","3348","0","55.38","33.06"
"66","000","00","005","0530","1006","814","585","229","120","934","1793","0","52.09","32.63"
"66","000","00","005","0530","1007","824","522","302","96","920","1555","0","59.16","33.57"
"66","000","00","005","0531","0000","1759","1080","679","204","1963","3519","0","55.78","30.69"
"66","000","00","005","0531","1027","836","517","319","116","952","1652","0","57.63","31.3"
"66","000","00","005","0531","1028","923","563","360","88","1011","1867","0","54.15","30.16"
"66","000","00","005","0532","0000","2209","1364","845","213","2422","4305","0","56.26","31.68"
"66","000","00","005","0532","1037","730","449","281","71","801","1419","0","56.45","31.64"
"66","000","00","005","0532","1038","832","534","298","58","890","1653","0","53.84","32.3"
"66","000","00","005","0532","1039","647","381","266","84","731","1233","0","59.29","30.9"
"66","000","00","005","0533","0000","1446","883","563","120","1566","2689","0","58.24","32.84"
"66","000","00","005","0533","1060","767","467","300","64","831","1392","0","59.7","33.55"
"66","000","00","005","0533","1061","679","416","263","56","735","1297","0","56.67","32.07"
"66","000","00","005","0534","0000","1925","1213","712","153","2078","3659","0","56.79","33.15"
"66","000","00","005","0534","1066","962","614","348","75","1037","1793","0","57.84","34.24"
"66","000","00","005","0534","1067","963","599","364","78","1041","1866","0","55.79","32.1"
"66","000","00","005","0535","0000","1670","969","701","114","1784","3065","0","58.21","31.62"
"66","000","00","005","0535","1043","698","414","284","49","747","1285","0","58.13","32.22"
"66","000","00","005","0535","1044","972","555","417","65","1037","1780","0","58.26","31.18"
"66","000","00","005","0536","0000","1920","1193","727","137","2057","3728","0","55.18","32.0"
"66","000","00","005","0536","1032","1077","657","420","95","1172","2018","0","58.08","32.56"
"66","000","00","005","0536","1033","843","536","307","42","885","1710","0","51.75","31.35"
"66","000","00","006","0000","0000","97444","59399","38045","8825","106269","183814","228128","57.81","32.31"
"66","000","00","006","0601","0000","2564","1546","1018","232","2796","4749","0","58.88","32.55"
"66","000","00","006","0601","0625","918","539","379","105","1023","1638","0","62.45","32.91"
"66","000","00","006","0601","0626","677","402","275","56","733","1335","0","54.91","30.11"
"66","000","00","006","0601","0627","969","605","364","71","1040","1776","0","58.56","34.07"
"66","000","00","006","0602","0000","2716","1650","1066","267","2983","5323","0","56.04","31.0"
"66","000","00","006","0602","0634","851","508","343","113","964","1749","0","55.12","29.05"
"66","000","00","006","0602","0635","989","639","350","103","1092","1877","0","58.18","34.04"
"66","000","00","006","0602","0636","876","503","373","51","927","1697","0","54.63","29.64"
"66","000","00","006","0603","0000","2574","1534","1040","205","2779","5447","0","51.02","28.16"
"66","000","00","006","0603","0637","847","495","352","60","907","1480","0","61.28","33.45"
"66","000","00","006","0603","0638","884","524","360","85","969","1483","0","65.34","35.33"
"66","000","00","006","0603","0639","843","515","328","60","903","2484","0","36.35","20.73"
"66","000","00","006","0604","0000","456","283","173","68","524","781","0","67.09","36.24"
"66","000","00","006","0604","0640","456","283","173","68","524","781","0","67.09","36.24"
"66","000","00","006","0605","0000","7156","4369","2787","471","7627","13148","0","58.01","33.23"
"66","000","00","006","0605","0641","836","539","297","59","895","1477","0","60.6","36.49"
"66","000","00","006","0605","0642","941","550","391","60","1001","1784","0","56.11","30.83"
"66","000","00","006","0605","0643","912","570","342","54","966","1686","0","57.3","33.81"
"66","000","00","006","0605","0644","917","574","343","56","973","1692","0","57.51","33.92"
"66","000","00","006","0605","0645","849","570","279","52","901","1659","0","54.31","34.36"
"66","000","00","006","0605","0646","896","476","420","52","948","1648","0","57.52","28.88"
"66","000","00","006","0605","0647","885","552","333","61","946","1536","0","61.59","35.94"
"66","000","00","006","0605","0648","920","538","382","77","997","1666","0","59.84","32.29"
"66","000","00","006","0606","0000","2541","1526","1015","195","2736","4812","0","56.86","31.71"
"66","000","00","006","0606","0649","782","480","302","66","848","1428","0","59.38","33.61"
"66","000","00","006","0606","0650","924","555","369","70","994","1810","0","54.92","30.66"
"66","000","00","006","0606","0651","835","491","344","59","894","1574","0","56.8","31.19"
"66","000","00","006","0607","0000","2286","1382","904","233","2519","4314","0","58.39","32.04"
"66","000","00","006","0607","0658","898","540","358","80","978","1714","0","57.06","31.51"
"66","000","00","006","0607","0659","752","475","277","88","840","1424","0","58.99","33.36"
"66","000","00","006","0607","0660","636","367","269","65","701","1176","0","59.61","31.21"
"66","000","00","006","0608","0000","1547","1052","495","147","1694","2739","0","61.85","38.41"
"66","000","00","006","0608","0665","741","493","248","99","840","1355","0","61.99","36.38"
"66","000","00","006","0608","0666","806","559","247","48","854","1384","0","61.71","40.39"
"66","000","00","006","0609","0000","2550","1592","958","207","2757","5068","0","54.4","31.41"
"66","000","00","006","0609","0679","863","568","295","104","967","1699","0","56.92","33.43"
"66","000","00","006","0609","0680","832","491","341","58","890","1715","0","51.9","28.63"
"66","000","00","006","0609","0681","855","533","322","45","900","1654","0","54.41","32.22"
"66","000","00","006","0610","0000","1716","1151","565","152","1868","3175","0","58.83","36.25"
"66","000","00","006","0610","0667","889","639","250","78","967","1613","0","59.95","39.62"
"66","000","00","006","0610","0668","827","512","315","74","901","1562","0","57.68","32.78"
"66","000","00","006","0611","0000","2199","1272","927","209","2408","3774","0","63.8","33.7"
"66","000","00","006","0611","0695","693","395","298","48","741","1221","0","60.69","32.35"
"66","000","00","006","0611","0696","777","460","317","77","854","1252","0","68.21","36.74"
"66","000","00","006","0611","0697","729","417","312","84","813","1301","0","62.49","32.05"
"66","000","00","006","0612","0000","1222","809","413","123","1345","2162","0","62.21","37.42"
"66","000","00","006","0612","0698","617","401","216","53","670","1049","0","63.87","38.23"
"66","000","00","006","0612","0699","605","408","197","70","675","1113","0","60.65","36.66"
"66","000","00","006","0613","0000","1590","994","596","179","1769","3197","0","55.33","31.09"
"66","000","00","006","0613","0700","766","482","284","91","857","1557","0","55.04","30.96"
"66","000","00","006","0613","0701","824","512","312","88","912","1640","0","55.61","31.22"
"66","000","00","006","0614","0000","2415","1409","1006","311","2726","4807","0","56.71","29.31"
"66","000","00","006","0614","0702","824","471","353","112","936","1402","0","66.76","33.59"
"66","000","00","006","0614","0703","808","496","312","99","907","1717","0","52.82","28.89"
"66","000","00","006","0614","0704","783","442","341","100","883","1688","0","52.31","26.18"
"66","000","00","006","0615","0000","2405","1449","956","318","2723","4904","0","55.53","29.55"
"66","000","00","006","0615","0705","571","321","250","147","718","1168","0","61.47","27.48"
"66","000","00","006","0615","0706","864","519","345","79","943","1729","0","54.54","30.02"
"66","000","00","006","0615","0707","970","609","361","92","1062","2007","0","52.91","30.34"
"66","000","00","006","0616","0000","1174","707","467","162","1336","2364","0","56.51","29.91"
"66","000","00","006","0616","0708","686","420","266","113","799","1296","0","61.65","32.41"
"66","000","00","006","0616","0709","488","287","201","49","537","1068","0","50.28","26.87"
"66","000","00","006","0617","0000","1671","1035","636","215","1886","3343","0","56.42","30.96"
"66","000","00","006","0617","0710","768","480","288","140","908","1707","0","53.19","28.12"
"66","000","00","006","0617","0711","903","555","348","75","978","1636","0","59.78","33.92"
"66","000","00","006","0618","0000","6212","3778","2434","517","6729","12239","0","54.98","30.87"
"66","000","00","006","0618","0712","780","478","302","71","851","1761","0","48.32","27.14"
"66","000","00","006","0618","0713","681","394","287","87","768","1314","0","58.45","29.98"
"66","000","00","006","0618","0714","721","445","276","66","787","1233","0","63.83","36.09"
"66","000","00","006","0618","0715","788","472","316","68","856","1549","0","55.26","30.47"
"66","000","00","006","0618","0716","817","525","292","55","872","1639","0","53.2","32.03"
"66","000","00","006","0618","0717","737","432","305","80","817","1486","0","54.98","29.07"
"66","000","00","006","0618","0718","932","563","369","54","986","1806","0","54.6","31.17"
"66","000","00","006","0618","0719","756","469","287","36","792","1451","0","54.58","32.32"
"66","000","00","006","0619","0000","1484","925","559","134","1618","2655","0","60.94","34.84"
"66","000","00","006","0619","0720","709","422","287","62","771","1302","0","59.22","32.41"
"66","000","00","006","0619","0721","775","503","272","72","847","1353","0","62.6","37.18"
"66","000","00","006","0620","0000","2438","1445","993","278","2716","4520","0","60.09","31.97"
"66","000","00","006","0620","0741","605","351","254","67","672","1206","0","55.72","29.1"
"66","000","00","006","0620","0742","596","341","255","91","687","1086","0","63.26","31.4"
"66","000","00","006","0620","0743","607","358","249","73","680","1088","0","62.5","32.9"
"66","000","00","006","0620","0744","630","395","235","47","677","1140","0","59.39","34.65"
"66","000","00","006","0621","0000","3263","1690","1573","275","3538","6178","0","57.27","27.36"
"66","000","00","006","0621","0682","845","560","285","47","892","1636","0","54.52","34.23"
"66","000","00","006","0621","0683","664","371","293","53","717","1298","0","55.24","28.58"
"66","000","00","006","0621","0684","751","154","597","87","838","1391","0","60.24","11.07"
"66","000","00","006","0621","0685","1003","605","398","88","1091","1853","0","58.88","32.65"
"66","000","00","006","0622","0000","1886","1146","740","177","2063","3629","0","56.85","31.58"
"66","000","00","006","0622","0686","914","569","345","96","1010","1820","0","55.49","31.26"
"66","000","00","006","0622","0687","972","577","395","81","1053","1809","0","58.21","31.9"
"66","000","00","006","0623","0000","3578","2250","1328","317","3895","6663","0","58.46","33.77"
"66","000","00","006","0623","0691","860","530","330","88","948","1674","0","56.63","31.66"
"66","000","00","006","0623","0692","922","563","359","85","1007","1610","0","62.55","34.97"
"66","000","00","006","0623","0693","924","570","354","67","991","1695","0","58.47","33.63"
"66","000","00","006","0623","0694","872","587","285","77","949","1684","0","56.35","34.86"
"66","000","00","006","0624","0000","2452","1597","855","240","2692","4890","0","55.05","32.66"
"66","000","00","006","0624","0631","839","568","271","66","905","1710","0","52.92","33.22"
"66","000","00","006","0624","0632","779","482","297","73","852","1595","0","53.42","30.22"
"66","000","00","006","0624","0633","834","547","287","101","935","1585","0","58.99","34.51"
"66","000","00","006","0625","0000","2337","1418","919","211","2548","4205","0","60.59","33.72"
"66","000","00","006","0625","0672","870","537","333","69","939","1494","0","62.85","35.94"
"66","000","00","006","0625","0673","697","434","263","80","777","1325","0","58.64","32.75"
"66","000","00","006","0625","0674","770","447","323","62","832","1386","0","60.03","32.25"
"66","000","00","006","0626","0000","2339","1473","866","170","2509","4271","0","58.75","34.49"
"66","000","00","006","0626","0628","724","445","279","50","774","1351","0","57.29","32.94"
"66","000","00","006","0626","0629","764","466","298","53","817","1338","0","61.06","34.83"
"66","000","00","006","0626","0630","851","562","289","67","918","1582","0","58.03","35.52"
"66","000","00","006","0627","0000","2620","1619","1001","215","2835","4987","0","56.85","32.46"
"66","000","00","006","0627","0652","889","553","336","47","936","1650","0","56.73","33.52"
"66","000","00","006","0627","0653","886","544","342","91","977","1681","0","58.12","32.36"
"66","000","00","006","0627","0654","845","522","323","77","922","1656","0","55.68","31.52"
"66","000","00","006","0628","0000","2378","1471","907","226","2604","4145","0","62.82","35.49"
"66","000","00","006","0628","0655","662","408","254","97","759","1243","0","61.06","32.82"
"66","000","00","006","0628","0656","871","535","336","78","949","1471","0","64.51","36.37"
"66","000","00","006","0628","0657","845","528","317","51","896","1431","0","62.61","36.9"
"66","000","00","006","0629","0000","3009","1852","1157","286","3295","5327","0","61.85","34.77"
"66","000","00","006","0629","0661","781","477","304","102","883","1456","0","60.65","32.76"
"66","000","00","006","0629","0662","849","543","306","67","916","1451","0","63.13","37.42"
"66","000","00","006","0629","0663","648","406","242","49","697","1063","0","65.57","38.19"
"66","000","00","006","0629","0664","731","426","305","68","799","1357","0","58.88","31.39"
"66","000","00","006","0630","0000","1973","1121","852","229","2202","3585","0","61.42","31.27"
"66","000","00","006","0630","0669","715","418","297","86","801","1219","0","65.71","34.29"
"66","000","00","006","0630","0670","655","373","282","65","720","1235","0","58.3","30.2"
"66","000","00","006","0630","0671","603","330","273","78","681","1131","0","60.21","29.18"
"66","000","00","006","0631","0000","3719","2289","1430","335","4054","7145","0","56.74","32.04"
"66","000","00","006","0631","0675","973","615","358","99","1072","1816","0","59.03","33.87"
"66","000","00","006","0631","0676","874","538","336","61","935","1734","0","53.92","31.03"
"66","000","00","006","0631","0677","961","577","384","91","1052","1777","0","59.2","32.47"
"66","000","00","006","0631","0678","911","559","352","84","995","1818","0","54.73","30.75"
"66","000","00","006","0632","0000","2413","1438","975","224","2637","4359","0","60.5","32.99"
"66","000","00","006","0632","0688","774","463","311","72","846","1352","0","62.57","34.25"
"66","000","00","006","0632","0689","779","479","300","103","882","1521","0","57.99","31.49"
"66","000","00","006","0632","0690","860","496","364","49","909","1486","0","61.17","33.38"
"66","000","00","006","0633","0000","2348","1380","968","275","2623","4285","0","61.21","32.21"
"66","000","00","006","0633","0733","810","472","338","120","930","1526","0","60.94","30.93"
"66","000","00","006","0633","0734","776","454","322","98","874","1425","0","61.33","31.86"
"66","000","00","006","0633","0735","762","454","308","57","819","1334","0","61.39","34.03"
"66","000","00","006","0634","0000","1699","1016","683","145","1844","3215","0","57.36","31.6"
"66","000","00","006","0634","0736","920","537","383","75","995","1649","0","60.34","32.57"
"66","000","00","006","0634","0737","779","479","300","70","849","1566","0","54.21","30.59"
"66","000","00","006","0635","0000","2666","1659","1007","183","2849","4699","0","60.63","35.31"
"66","000","00","006","0635","0738","930","553","377","65","995","1629","0","61.08","33.95"
"66","000","00","006","0635","0739","908","579","329","57","965","1628","0","59.28","35.57"
"66","000","00","006","0635","0740","828","527","301","61","889","1442","0","61.65","36.55"
"66","000","00","006","0636","0000","1457","893","564","120","1577","3043","0","51.82","29.35"
"66","000","00","006","0636","0731","686","420","266","56","742","1541","0","48.15","27.26"
"66","000","00","006","0636","0732","771","473","298","64","835","1502","0","55.59","31.49"
"66","000","00","006","0637","0000","1505","933","572","123","1628","2917","0","55.81","31.98"
"66","000","00","006","0637","0729","759","475","284","56","815","1402","0","58.13","33.88"
"66","000","00","006","0637","0730","746","458","288","67","813","1515","0","53.66","30.23"
"66","000","00","006","0638","0000","3880","2409","1471","269","4149","7133","0","58.17","33.77"
"66","000","00","006","0638","0725","948","599","349","85","1033","1847","0","55.93","32.43"
"66","000","00","006","0638","0726","964","591","373","45","1009","1738","0","58.06","34.0"
"66","000","00","006","0638","0727","926","563","363","81","1007","1640","0","61.4","34.33"
"66","000","00","006","0638","0728","1042","656","386","58","1100","1908","0","57.65","34.38"
"66","000","00","006","0639","0000","3006","1837","1169","182","3188","5617","0","56.76","32.7"
"66","000","00","006","0639","0722","1177","739","438","84","1261","2162","0","58.33","34.18"
"66","000","00","006","0639","0723","829","491","338","40","869","1520","0","57.17","32.3"
"66","000","00","006","0639","0724","1000","607","393","58","1058","1935","0","54.68","31.37"
"66","000","00","007","0000","0000","74956","45026","29930","6711","81667","135448","170160","60.29","33.24"
"66","000","00","007","0701","0000","4737","2828","1909","372","5109","8349","0","61.19","33.87"
"66","000","00","007","0701","0745","727","460","267","79","806","1321","0","61.01","34.82"
"66","000","00","007","0701","0746","760","419","341","83","843","1346","0","62.63","31.13"
"66","000","00","007","0701","0747","792","463","329","70","862","1428","0","60.36","32.42"
"66","000","00","007","0701","0748","775","487","288","53","828","1442","0","57.42","33.77"
"66","000","00","007","0701","0749","869","513","356","40","909","1408","0","64.56","36.43"
"66","000","00","007","0701","0750","814","486","328","47","861","1404","0","61.32","34.62"
"66","000","00","007","0702","0000","6276","3726","2550","501","6777","10909","0","62.12","34.16"
"66","000","00","007","0702","0751","808","489","319","54","862","1354","0","63.66","36.12"
"66","000","00","007","0702","0752","766","466","300","70","836","1332","0","62.76","34.98"
"66","000","00","007","0702","0753","860","499","361","65","925","1463","0","63.23","34.11"
"66","000","00","007","0702","0754","777","467","310","80","857","1413","0","60.65","33.05"
"66","000","00","007","0702","0755","751","455","296","33","784","1218","0","64.37","37.36"
"66","000","00","007","0702","0756","685","386","299","58","743","1308","0","56.8","29.51"
"66","000","00","007","0702","0757","878","504","374","82","960","1527","0","62.87","33.01"
"66","000","00","007","0702","0758","751","460","291","59","810","1294","0","62.6","35.55"
"66","000","00","007","0703","0000","3064","1748","1316","355","3419","5848","0","58.46","29.89"
"66","000","00","007","0703","0759","737","448","289","76","813","1516","0","53.63","29.55"
"66","000","00","007","0703","0760","808","490","318","147","955","1529","0","62.46","32.05"
"66","000","00","007","0703","0761","782","453","329","78","860","1397","0","61.56","32.43"
"66","000","00","007","0703","0762","737","357","380","54","791","1406","0","56.26","25.39"
"66","000","00","007","0704","0000","2104","1255","849","270","2374","4409","0","53.84","28.46"
"66","000","00","007","0704","0763","742","435","307","85","827","1497","0","55.24","29.06"
"66","000","00","007","0704","0764","717","419","298","101","818","1424","0","57.44","29.42"
"66","000","00","007","0704","0765","645","401","244","84","729","1488","0","48.99","26.95"
"66","000","00","007","0705","0000","3048","1871","1177","247","3295","6387","0","51.59","29.29"
"66","000","00","007","0705","0768","646","373","273","87","733","1190","0","61.6","31.34"
"66","000","00","007","0705","0769","626","360","266","41","667","1174","0","56.81","30.66"
"66","000","00","007","0705","0770","688","415","273","14","702","1224","0","57.35","33.91"
"66","000","00","007","0705","0771","654","409","245","66","720","1466","0","49.11","27.9"
"66","000","00","007","0705","0772","434","314","120","39","473","1333","0","35.48","23.56"
"66","000","00","007","0706","0000","450","279","171","72","522","814","0","64.13","34.28"
"66","000","00","007","0706","0773","450","279","171","72","522","814","0","64.13","34.28"
"66","000","00","007","0707","0000","5004","2869","2135","561","5565","9662","0","57.6","29.69"
"66","000","00","007","0707","0774","691","439","252","103","794","1436","0","55.29","30.57"
"66","000","00","007","0707","0775","813","496","317","94","907","1515","0","59.87","32.74"
"66","000","00","007","0707","0776","677","404","273","122","799","1545","0","51.72","26.15"
"66","000","00","007","0707","0777","744","446","298","70","814","1383","0","58.86","32.25"
"66","000","00","007","0707","0778","805","381","424","61","866","1433","0","60.43","26.59"
"66","000","00","007","0707","0779","569","304","265","55","624","1134","0","55.03","26.81"
"66","000","00","007","0707","0780","705","399","306","56","761","1216","0","62.58","32.81"
"66","000","00","007","0708","0000","734","425","309","77","811","1397","0","58.05","30.42"
"66","000","00","007","0708","0785","734","425","309","77","811","1397","0","58.05","30.42"
"66","000","00","007","0709","0000","2629","1575","1054","213","2842","4800","0","59.21","32.81"
"66","000","00","007","0709","0786","829","472","357","94","923","1607","0","57.44","29.37"
"66","000","00","007","0709","0787","878","542","336","68","946","1582","0","59.8","34.26"
"66","000","00","007","0709","0788","922","561","361","51","973","1611","0","60.4","34.82"
"66","000","00","007","0710","0000","3850","2377","1473","278","4128","6621","0","62.35","35.9"
"66","000","00","007","0710","0789","775","488","287","66","841","1322","0","63.62","36.91"
"66","000","00","007","0710","0790","796","493","303","67","863","1321","0","65.33","37.32"
"66","000","00","007","0710","0791","760","458","302","55","815","1360","0","59.93","33.68"
"66","000","00","007","0710","0792","790","482","308","34","824","1361","0","60.54","35.42"
"66","000","00","007","0710","0793","729","456","273","56","785","1257","0","62.45","36.28"
"66","000","00","007","0711","0000","3025","1828","1197","234","3259","5151","0","63.27","35.49"
"66","000","00","007","0711","0809","704","413","291","48","752","1171","0","64.22","35.27"
"66","000","00","007","0711","0810","731","442","289","83","814","1349","0","60.34","32.77"
"66","000","00","007","0711","0811","828","504","324","46","874","1368","0","63.89","36.84"
"66","000","00","007","0711","0812","762","469","293","57","819","1263","0","64.85","37.13"
"66","000","00","007","0712","0000","3438","1993","1445","309","3747","6052","0","61.91","32.93"
"66","000","00","007","0712","0822","983","562","421","52","1035","1544","0","67.03","36.4"
"66","000","00","007","0712","0823","897","488","409","74","971","1482","0","65.52","32.93"
"66","000","00","007","0712","0824","821","494","327","107","928","1488","0","62.37","33.2"
"66","000","00","007","0712","0825","737","449","288","76","813","1538","0","52.86","29.19"
"66","000","00","007","0713","0000","2471","1551","920","289","2760","4239","0","65.11","36.59"
"66","000","00","007","0713","0805","567","338","229","125","692","981","0","70.54","34.45"
"66","000","00","007","0713","0806","628","393","235","75","703","1097","0","64.08","35.82"
"66","000","00","007","0713","0807","611","404","207","39","650","991","0","65.59","40.77"
"66","000","00","007","0713","0808","665","416","249","50","715","1170","0","61.11","35.56"
"66","000","00","007","0714","0000","792","464","328","145","937","1421","0","65.94","32.65"
"66","000","00","007","0714","0766","353","210","143","54","407","608","0","66.94","34.54"
"66","000","00","007","0714","0767","439","254","185","91","530","813","0","65.19","31.24"
"66","000","00","007","0715","0000","2728","1632","1096","244","2972","4733","0","62.79","34.48"
"66","000","00","007","0715","0836","708","439","269","66","774","1278","0","60.56","34.35"
"66","000","00","007","0715","0837","690","399","291","66","756","1144","0","66.08","34.88"
"66","000","00","007","0715","0838","644","373","271","60","704","1140","0","61.75","32.72"
"66","000","00","007","0715","0839","686","421","265","52","738","1171","0","63.02","35.95"
"66","000","00","007","0716","0000","2079","1281","798","209","2288","3673","0","62.29","34.88"
"66","000","00","007","0716","0829","700","437","263","90","790","1217","0","64.91","35.91"
"66","000","00","007","0716","0830","744","438","306","62","806","1347","0","59.84","32.52"
"66","000","00","007","0716","0831","635","406","229","57","692","1109","0","62.4","36.61"
"66","000","00","007","0717","0000","2857","1693","1164","230","3087","5144","0","60.01","32.91"
"66","000","00","007","0717","0832","846","503","343","52","898","1546","0","58.09","32.54"
"66","000","00","007","0717","0833","838","501","337","68","906","1408","0","64.35","35.58"
"66","000","00","007","0717","0834","541","314","227","48","589","1057","0","55.72","29.71"
"66","000","00","007","0717","0835","632","375","257","62","694","1133","0","61.25","33.1"
"66","000","00","007","0718","0000","2592","1608","984","254","2846","5184","0","54.9","31.02"
"66","000","00","007","0718","0826","976","580","396","83","1059","1674","0","63.26","34.65"
"66","000","00","007","0718","0827","792","501","291","71","863","1996","0","43.24","25.1"
"66","000","00","007","0718","0828","824","527","297","100","924","1514","0","61.03","34.81"
"66","000","00","007","0719","0000","2107","1245","862","152","2259","3517","0","64.23","35.4"
"66","000","00","007","0719","0843","688","394","294","48","736","1139","0","64.62","34.59"
"66","000","00","007","0719","0844","726","412","314","56","782","1216","0","64.31","33.88"
"66","000","00","007","0719","0845","693","439","254","48","741","1162","0","63.77","37.78"
"66","000","00","007","0720","0000","2359","1408","951","185","2544","4276","0","59.49","32.93"
"66","000","00","007","0720","0840","784","468","316","52","836","1303","0","64.16","35.92"
"66","000","00","007","0720","0841","728","419","309","59","787","1402","0","56.13","29.89"
"66","000","00","007","0720","0842","847","521","326","74","921","1571","0","58.63","33.16"
"66","000","00","007","0721","0000","3433","2139","1294","317","3750","6405","0","58.55","33.4"
"66","000","00","007","0721","0813","899","558","341","73","972","1547","0","62.83","36.07"
"66","000","00","007","0721","0814","901","564","337","96","997","1649","0","60.46","34.2"
"66","000","00","007","0721","0815","862","563","299","63","925","1629","0","56.78","34.56"
"66","000","00","007","0721","0816","771","454","317","85","856","1580","0","54.18","28.73"
"66","000","00","007","0722","0000","4057","2478","1579","291","4348","7096","0","61.27","34.92"
"66","000","00","007","0722","0817","885","534","351","61","946","1444","0","65.51","36.98"
"66","000","00","007","0722","0818","777","479","298","47","824","1413","0","58.32","33.9"
"66","000","00","007","0722","0819","737","446","291","72","809","1377","0","58.75","32.39"
"66","000","00","007","0722","0820","879","528","351","48","927","1527","0","60.71","34.58"
"66","000","00","007","0722","0821","779","491","288","63","842","1335","0","63.07","36.78"
"66","000","00","007","0723","0000","2674","1601","1073","302","2976","5132","0","57.99","31.2"
"66","000","00","007","0723","0781","637","394","243","99","736","1271","0","57.91","31.0"
"66","000","00","007","0723","0782","603","341","262","62","665","1203","0","55.28","28.35"
"66","000","00","007","0723","0783","686","420","266","56","742","1268","0","58.52","33.12"
"66","000","00","007","0723","0784","748","446","302","85","833","1390","0","59.93","32.09"
"66","000","00","007","0724","0000","4672","2947","1725","357","5029","7974","0","63.07","36.96"
"66","000","00","007","0724","0799","637","382","255","74","711","1102","0","64.52","34.66"
"66","000","00","007","0724","0800","992","691","301","61","1053","1630","0","64.6","42.39"
"66","000","00","007","0724","0801","785","494","291","47","832","1333","0","62.42","37.06"
"66","000","00","007","0724","0802","764","448","316","56","820","1292","0","63.47","34.67"
"66","000","00","007","0724","0803","718","443","275","70","788","1272","0","61.95","34.83"
"66","000","00","007","0724","0804","776","489","287","49","825","1345","0","61.34","36.36"
"66","000","00","007","0725","0000","3776","2205","1571","247","4023","6255","0","64.32","35.25"
"66","000","00","007","0725","0794","731","429","302","53","784","1207","0","64.95","35.54"
"66","000","00","007","0725","0795","778","400","378","42","820","1282","0","63.96","31.2"
"66","000","00","007","0725","0796","771","477","294","50","821","1248","0","65.79","38.22"
"66","000","00","007","0725","0797","793","475","318","60","853","1304","0","65.41","36.43"
"66","000","00","007","0725","0798","703","424","279","42","745","1214","0","61.37","34.93"
"66","000","00","008","0000","0000","119596","73413","46183","10227","129823","227720","278096","57.01","32.24"
"66","000","00","008","0801","0000","1605","993","612","149","1754","3258","0","53.84","30.48"
"66","000","00","008","0801","0850","557","340","217","39","596","1107","0","53.84","30.71"
"66","000","00","008","0801","0851","1048","653","395","110","1158","2151","0","53.84","30.36"
"66","000","00","008","0802","0000","1807","1143","664","188","1995","3376","0","59.09","33.86"
"66","000","00","008","0802","0846","970","617","353","93","1063","1670","0","63.65","36.95"
"66","000","00","008","0802","0847","837","526","311","95","932","1706","0","54.63","30.83"
"66","000","00","008","0803","0000","3730","2284","1446","247","3977","7049","0","56.42","32.4"
"66","000","00","008","0803","0852","918","547","371","51","969","1612","0","60.11","33.93"
"66","000","00","008","0803","0853","907","553","354","74","981","1743","0","56.28","31.73"
"66","000","00","008","0803","0854","1043","624","419","73","1116","2099","0","53.17","29.73"
"66","000","00","008","0803","0855","862","560","302","49","911","1595","0","57.12","35.11"
"66","000","00","008","0804","0000","2880","1733","1147","227","3107","5567","0","55.81","31.13"
"66","000","00","008","0804","0924","850","496","354","63","913","1640","0","55.67","30.24"
"66","000","00","008","0804","0925","1027","640","387","104","1131","2052","0","55.12","31.19"
"66","000","00","008","0804","0926","1003","597","406","60","1063","1875","0","56.69","31.84"
"66","000","00","008","0805","0000","2711","1782","929","233","2944","5056","0","58.23","35.25"
"66","000","00","008","0805","0943","904","659","245","102","1006","1661","0","60.57","39.67"
"66","000","00","008","0805","0944","919","575","344","50","969","1667","0","58.13","34.49"
"66","000","00","008","0805","0945","888","548","340","81","969","1728","0","56.08","31.71"
"66","000","00","008","0806","0000","2197","1343","854","199","2396","4533","0","52.86","29.63"
"66","000","00","008","0806","0860","778","474","304","69","847","1563","0","54.19","30.33"
"66","000","00","008","0806","0861","743","447","296","96","839","1559","0","53.82","28.67"
"66","000","00","008","0806","0862","676","422","254","34","710","1411","0","50.32","29.91"
"66","000","00","008","0807","0000","3202","1899","1303","288","3490","5930","0","58.85","32.02"
"66","000","00","008","0807","0894","796","498","298","78","874","1445","0","60.48","34.46"
"66","000","00","008","0807","0895","983","514","469","74","1057","1842","0","57.38","27.9"
"66","000","00","008","0807","0896","653","408","245","64","717","1187","0","60.4","34.37"
"66","000","00","008","0807","0897","770","479","291","72","842","1456","0","57.83","32.9"
"66","000","00","008","0808","0000","7145","4322","2823","633","7778","12981","0","59.92","33.29"
"66","000","00","008","0808","0863","987","597","390","57","1044","1761","0","59.28","33.9"
"66","000","00","008","0808","0864","770","474","296","95","865","1361","0","63.56","34.83"
"66","000","00","008","0808","0865","932","554","378","123","1055","1852","0","56.97","29.91"
"66","000","00","008","0808","0866","1048","636","412","67","1115","1928","0","57.83","32.99"
"66","000","00","008","0808","0867","904","535","369","58","962","1492","0","64.48","35.86"
"66","000","00","008","0808","0868","984","633","351","117","1101","1998","0","55.11","31.68"
"66","000","00","008","0808","0869","767","447","320","60","827","1272","0","65.02","35.14"
"66","000","00","008","0808","0870","753","446","307","56","809","1317","0","61.43","33.86"
"66","000","00","008","0809","0000","6127","3804","2323","532","6659","11817","0","56.35","32.19"
"66","000","00","008","0809","0871","635","352","283","90","725","1327","0","54.63","26.53"
"66","000","00","008","0809","0872","643","391","252","40","683","1280","0","53.36","30.55"
"66","000","00","008","0809","0873","914","564","350","69","983","1865","0","52.71","30.24"
"66","000","00","008","0809","0874","729","499","230","57","786","1230","0","63.9","40.57"
"66","000","00","008","0809","0875","672","417","255","62","734","1356","0","54.13","30.75"
"66","000","00","008","0809","0876","912","581","331","74","986","1732","0","56.93","33.55"
"66","000","00","008","0809","0877","875","543","332","75","950","1586","0","59.9","34.24"
"66","000","00","008","0809","0878","747","457","290","65","812","1441","0","56.35","31.71"
"66","000","00","008","0810","0000","4931","2946","1985","408","5339","9996","0","53.41","29.47"
"66","000","00","008","0810","0879","1003","574","429","106","1109","2045","0","54.23","28.07"
"66","000","00","008","0810","0880","917","565","352","94","1011","1914","0","52.82","29.52"
"66","000","00","008","0810","0881","919","528","391","61","980","1918","0","51.09","27.53"
"66","000","00","008","0810","0882","1031","644","387","53","1084","2079","0","52.14","30.98"
"66","000","00","008","0810","0883","1061","635","426","94","1155","2040","0","56.62","31.13"
"66","000","00","008","0811","0000","951","546","405","57","1008","2037","0","49.48","26.8"
"66","000","00","008","0811","0890","951","546","405","57","1008","2037","0","49.48","26.8"
"66","000","00","008","0812","0000","518","324","194","63","581","985","0","58.98","32.89"
"66","000","00","008","0812","0889","518","324","194","63","581","985","0","58.98","32.89"
"66","000","00","008","0813","0000","4745","2704","2041","318","5063","9749","0","51.93","27.74"
"66","000","00","008","0813","0884","958","615","343","51","1009","2027","0","49.78","30.34"
"66","000","00","008","0813","0885","727","445","282","62","789","1402","0","56.28","31.74"
"66","000","00","008","0813","0886","979","378","601","88","1067","1826","0","58.43","20.7"
"66","000","00","008","0813","0887","1023","633","390","75","1098","2162","0","50.79","29.28"
"66","000","00","008","0813","0888","1058","633","425","42","1100","2332","0","47.17","27.14"
"66","000","00","008","0814","0000","1158","701","457","104","1262","2094","0","60.27","33.48"
"66","000","00","008","0814","0891","578","328","250","56","634","1032","0","61.43","31.78"
"66","000","00","008","0814","0892","580","373","207","48","628","1062","0","59.13","35.12"
"66","000","00","008","0815","0000","462","275","187","62","524","909","0","57.65","30.25"
"66","000","00","008","0815","0893","462","275","187","62","524","909","0","57.65","30.25"
"66","000","00","008","0816","0000","4410","2661","1749","427","4837","8139","0","59.43","32.69"
"66","000","00","008","0816","0915","799","499","300","87","886","1458","0","60.77","34.22"
"66","000","00","008","0816","0916","872","538","334","74","946","1571","0","60.22","34.25"
"66","000","00","008","0816","0917","850","510","340","95","945","1579","0","59.85","32.3"
"66","000","00","008","0816","0918","1002","542","460","90","1092","1849","0","59.06","29.31"
"66","000","00","008","0816","0919","887","572","315","81","968","1682","0","57.55","34.01"
"66","000","00","008","0817","0000","4052","2606","1446","334","4386","8903","0","49.26","29.27"
"66","000","00","008","0817","0949","1137","737","400","86","1223","2078","0","58.85","35.47"
"66","000","00","008","0817","0950","978","695","283","84","1062","2059","0","51.58","33.75"
"66","000","00","008","0817","0951","957","579","378","94","1051","1792","0","58.65","32.31"
"66","000","00","008","0817","0952","980","595","385","70","1050","2974","0","35.31","20.01"
"66","000","00","008","0818","0000","4511","2786","1725","337","4848","7936","0","61.09","35.11"
"66","000","00","008","0818","0954","1237","788","449","85","1322","2099","0","62.98","37.54"
"66","000","00","008","0818","0955","1072","657","415","90","1162","1823","0","63.74","36.04"
"66","000","00","008","0818","0956","1134","700","434","100","1234","2022","0","61.03","34.62"
"66","000","00","008","0818","0957","1068","641","427","62","1130","1992","0","56.73","32.18"
"66","000","00","008","0819","0000","910","537","373","71","981","1585","0","61.89","33.88"
"66","000","00","008","0819","0958","910","537","373","71","981","1585","0","61.89","33.88"
"66","000","00","008","0820","0000","5404","3476","1928","457","5861","9652","0","60.72","36.01"
"66","000","00","008","0820","0962","979","638","341","70","1049","1755","0","59.77","36.35"
"66","000","00","008","0820","0963","929","590","339","75","1004","1497","0","67.07","39.41"
"66","000","00","008","0820","0964","908","559","349","81","989","1567","0","63.11","35.67"
"66","000","00","008","0820","0965","838","543","295","76","914","1624","0","56.28","33.44"
"66","000","00","008","0820","0966","911","600","311","81","992","1614","0","61.46","37.17"
"66","000","00","008","0820","0967","839","546","293","74","913","1595","0","57.24","34.23"
"66","000","00","008","0821","0000","2822","1761","1061","203","3025","5219","0","57.96","33.74"
"66","000","00","008","0821","0959","892","543","349","69","961","1565","0","61.41","34.7"
"66","000","00","008","0821","0960","852","544","308","57","909","1780","0","51.07","30.56"
"66","000","00","008","0821","0961","1078","674","404","77","1155","1874","0","61.63","35.97"
"66","000","00","008","0822","0000","548","347","201","79","627","1072","0","58.49","32.37"
"66","000","00","008","0822","0953","548","347","201","79","627","1072","0","58.49","32.37"
"66","000","00","008","0823","0000","3569","2184","1385","357","3926","6608","0","59.41","33.05"
"66","000","00","008","0823","0979","967","570","397","85","1052","1785","0","58.94","31.93"
"66","000","00","008","0823","0980","878","515","363","102","980","1596","0","61.4","32.27"
"66","000","00","008","0823","0981","953","618","335","91","1044","1731","0","60.31","35.7"
"66","000","00","008","0823","0982","771","481","290","79","850","1496","0","56.82","32.15"
"66","000","00","008","0824","0000","2456","1549","907","260","2716","4576","0","59.35","33.85"
"66","000","00","008","0824","0971","683","427","256","76","759","1372","0","55.32","31.12"
"66","000","00","008","0824","0972","764","496","268","83","847","1415","0","59.86","35.05"
"66","000","00","008","0824","0973","1009","626","383","101","1110","1789","0","62.05","34.99"
"66","000","00","008","0825","0000","2065","1268","797","210","2275","4210","0","54.04","30.12"
"66","000","00","008","0825","0968","870","552","318","87","957","1782","0","53.7","30.98"
"66","000","00","008","0825","0969","632","359","273","61","693","1357","0","51.07","26.46"
"66","000","00","008","0825","0970","563","357","206","62","625","1071","0","58.36","33.33"
"66","000","00","008","0826","0000","2675","1591","1084","290","2965","5209","0","56.92","30.54"
"66","000","00","008","0826","0930","1007","597","410","86","1093","1889","0","57.86","31.6"
"66","000","00","008","0826","0931","878","532","346","100","978","1728","0","56.6","30.79"
"66","000","00","008","0826","0932","790","462","328","104","894","1592","0","56.16","29.02"
"66","000","00","008","0827","0000","1558","955","603","196","1754","3180","0","55.16","30.03"
"66","000","00","008","0827","0933","813","510","303","105","918","1656","0","55.43","30.8"
"66","000","00","008","0827","0934","745","445","300","91","836","1524","0","54.86","29.2"
"66","000","00","008","0828","0000","3158","1923","1235","236","3394","6168","0","55.03","31.18"
"66","000","00","008","0828","0940","988","612","376","81","1069","2033","0","52.58","30.1"
"66","000","00","008","0828","0941","975","599","376","94","1069","1947","0","54.9","30.77"
"66","000","00","008","0828","0942","1195","712","483","61","1256","2188","0","57.4","32.54"
"66","000","00","008","0829","0000","2496","1488","1008","238","2734","4803","0","56.92","30.98"
"66","000","00","008","0829","0908","890","521","369","89","979","1601","0","61.15","32.54"
"66","000","00","008","0829","0909","786","465","321","75","861","1527","0","56.39","30.45"
"66","000","00","008","0829","0910","820","502","318","74","894","1675","0","53.37","29.97"
"66","000","00","008","0830","0000","2773","1747","1026","182","2955","5216","0","56.65","33.49"
"66","000","00","008","0830","0898","989","654","335","83","1072","1866","0","57.45","35.05"
"66","000","00","008","0830","0899","847","521","326","59","906","1667","0","54.35","31.25"
"66","000","00","008","0830","0900","937","572","365","40","977","1683","0","58.05","33.99"
"66","000","00","008","0831","0000","2614","1679","935","215","2829","4895","0","57.79","34.3"
"66","000","00","008","0831","0976","797","506","291","81","878","1541","0","56.98","32.84"
"66","000","00","008","0831","0977","914","578","336","82","996","1669","0","59.68","34.63"
"66","000","00","008","0831","0978","903","595","308","52","955","1685","0","56.68","35.31"
"66","000","00","008","0832","0000","3404","2053","1351","219","3623","6364","0","56.93","32.26"
"66","000","00","008","0832","0901","845","508","337","69","914","1642","0","55.66","30.94"
"66","000","00","008","0832","0902","816","473","343","41","857","1475","0","58.1","32.07"
"66","000","00","008","0832","0903","841","527","314","58","899","1644","0","54.68","32.06"
"66","000","00","008","0832","0904","902","545","357","51","953","1603","0","59.45","34.0"
"66","000","00","008","0833","0000","2919","1850","1069","223","3142","5179","0","60.67","35.72"
"66","000","00","008","0833","0905","1092","707","385","69","1161","1949","0","59.57","36.28"
"66","000","00","008","0833","0906","1043","686","357","87","1130","1790","0","63.13","38.32"
"66","000","00","008","0833","0907","784","457","327","67","851","1440","0","59.1","31.74"
"66","000","00","008","0834","0000","1663","1060","603","179","1842","3159","0","58.31","33.55"
"66","000","00","008","0834","0848","758","488","270","98","856","1507","0","56.8","32.38"
"66","000","00","008","0834","0849","905","572","333","81","986","1652","0","59.69","34.62"
"66","000","00","008","0835","0000","2564","1461","1103","175","2739","4735","0","57.85","30.86"
"66","000","00","008","0835","0935","817","464","353","62","879","1502","0","58.52","30.89"
"66","000","00","008","0835","0936","937","497","440","49","986","1772","0","55.64","28.05"
"66","000","00","008","0835","0937","810","500","310","64","874","1461","0","59.82","34.22"
"66","000","00","008","0836","0000","1917","1208","709","121","2038","3663","0","55.64","32.98"
"66","000","00","008","0836","0938","857","561","296","46","903","1769","0","51.05","31.71"
"66","000","00","008","0836","0939","1060","647","413","75","1135","1894","0","59.93","34.16"
"66","000","00","008","0837","0000","3195","1957","1238","330","3525","6379","0","55.26","30.68"
"66","000","00","008","0837","0911","739","452","287","76","815","1579","0","51.61","28.63"
"66","000","00","008","0837","0912","785","466","319","100","885","1524","0","58.07","30.58"
"66","000","00","008","0837","0913","838","527","311","81","919","1677","0","54.8","31.43"
"66","000","00","008","0837","0914","833","512","321","73","906","1599","0","56.66","32.02"
"66","000","00","008","0838","0000","2613","1590","1023","177","2790","4844","0","57.6","32.82"
"66","000","00","008","0838","0946","860","500","360","59","919","1688","0","54.44","29.62"
"66","000","00","008","0838","0947","785","490","295","61","846","1475","0","57.36","33.22"
"66","000","00","008","0838","0948","968","600","368","57","1025","1681","0","60.98","35.69"
"66","000","00","008","0839","0000","3551","2162","1389","279","3830","6576","0","58.24","32.88"
"66","000","00","008","0839","0920","874","539","335","95","969","1760","0","55.06","30.63"
"66","000","00","008","0839","0921","896","533","363","99","995","1699","0","58.56","31.37"
"66","000","00","008","0839","0922","933","584","349","74","1007","1626","0","61.93","35.92"
"66","000","00","008","0839","0923","848","506","342","11","859","1491","0","57.61","33.94"
"66","000","00","008","0840","0000","2364","1411","953","229","2593","4436","0","58.45","31.81"
"66","000","00","008","0840","0927","818","496","322","55","873","1559","0","56.0","31.82"
"66","000","00","008","0840","0928","773","450","323","110","883","1480","0","59.66","30.41"
"66","000","00","008","0840","0929","773","465","308","64","837","1397","0","59.91","33.29"
"66","000","00","008","0841","0000","3047","1887","1160","284","3331","5762","0","57.81","32.75"
"66","000","00","008","0841","0856","927","572","355","93","1020","1923","0","53.04","29.75"
"66","000","00","008","0841","0857","823","497","326","79","902","1641","0","54.97","30.29"
"66","000","00","008","0841","0858","692","422","270","52","744","1157","0","64.3","36.47"
"66","000","00","008","0841","0859","605","396","209","60","665","1041","0","63.88","38.04"
"66","000","00","008","0842","0000","2169","1417","752","211","2380","3915","0","60.79","36.19"
"66","000","00","008","0842","0974","1076","695","381","118","1194","1907","0","62.61","36.44"
"66","000","00","008","0842","0975","1093","722","371","93","1186","2008","0","59.06","35.96"
"66","000","00","009","0000","0000","74884","45002","29882","7011","81895","136658","166867","59.93","32.93"
"66","000","00","009","0901","0000","1237","723","514","108","1345","2292","0","58.68","31.54"
"66","000","00","009","0901","0394","498","297","201","65","563","983","0","57.27","30.21"
"66","000","00","009","0901","0395","739","426","313","43","782","1309","0","59.74","32.54"
"66","000","00","009","0902","0000","554","304","250","56","610","945","0","64.55","32.17"
"66","000","00","009","0902","0397","554","304","250","56","610","945","0","64.55","32.17"
"66","000","00","009","0903","0000","461","244","217","83","544","850","0","64.0","28.71"
"66","000","00","009","0903","0398","461","244","217","83","544","850","0","64.0","28.71"
"66","000","00","009","0904","0000","617","338","279","72","689","1116","0","61.74","30.29"
"66","000","00","009","0904","0396","617","338","279","72","689","1116","0","61.74","30.29"
"66","000","00","009","0905","0000","446","267","179","44","490","760","0","64.47","35.13"
"66","000","00","009","0905","0399","446","267","179","44","490","760","0","64.47","35.13"
"66","000","00","009","0906","0000","488","269","219","50","538","759","0","70.88","35.44"
"66","000","00","009","0906","0419","488","269","219","50","538","759","0","70.88","35.44"
"66","000","00","009","0907","0000","380","202","178","42","422","642","0","65.73","31.46"
"66","000","00","009","0907","0420","380","202","178","42","422","642","0","65.73","31.46"
"66","000","00","009","0908","0000","836","500","336","81","917","1647","0","55.68","30.36"
"66","000","00","009","0908","0415","836","500","336","81","917","1647","0","55.68","30.36"
"66","000","00","009","0909","0000","2881","1678","1203","243","3124","4979","0","62.74","33.7"
"66","000","00","009","0909","0421","864","484","380","44","908","1528","0","59.42","31.68"
"66","000","00","009","0909","0422","1053","628","425","89","1142","1788","0","63.87","35.12"
"66","000","00","009","0909","0423","964","566","398","110","1074","1663","0","64.58","34.03"
"66","000","00","009","0910","0000","1288","755","533","114","1402","2162","0","64.85","34.92"
"66","000","00","009","0910","0424","804","470","334","73","877","1260","0","69.6","37.3"
"66","000","00","009","0910","0425","484","285","199","41","525","902","0","58.2","31.6"
"66","000","00","009","0911","0000","831","474","357","84","915","1457","0","62.8","32.53"
"66","000","00","009","0911","0437","831","474","357","84","915","1457","0","62.8","32.53"
"66","000","00","009","0912","0000","666","361","305","66","732","1184","0","61.82","30.49"
"66","000","00","009","0912","0438","666","361","305","66","732","1184","0","61.82","30.49"
"66","000","00","009","0913","0000","1328","740","588","110","1438","2507","0","57.36","29.52"
"66","000","00","009","0913","0403","625","327","298","44","669","1145","0","58.43","28.56"
"66","000","00","009","0913","0404","703","413","290","66","769","1362","0","56.46","30.32"
"66","000","00","009","0914","0000","1628","1005","623","150","1778","2919","0","60.91","34.43"
"66","000","00","009","0914","0405","776","484","292","65","841","1389","0","60.55","34.85"
"66","000","00","009","0914","0406","852","521","331","85","937","1530","0","61.24","34.05"
"66","000","00","009","0915","0000","2113","1228","885","311","2424","4043","0","59.96","30.37"
"66","000","00","009","0915","0407","744","436","308","141","885","1471","0","60.16","29.64"
"66","000","00","009","0915","0408","766","438","328","102","868","1410","0","61.56","31.06"
"66","000","00","009","0915","0409","603","354","249","68","671","1162","0","57.75","30.46"
"66","000","00","009","0916","0000","4804","2881","1923","452","5256","8802","0","59.71","32.73"
"66","000","00","009","0916","0410","889","508","381","64","953","1656","0","57.55","30.68"
"66","000","00","009","0916","0411","965","586","379","79","1044","1838","0","56.8","31.88"
"66","000","00","009","0916","0412","851","507","344","105","956","1666","0","57.38","30.43"
"66","000","00","009","0916","0413","985","605","380","108","1093","1821","0","60.02","33.22"
"66","000","00","009","0916","0414","1114","675","439","96","1210","1821","0","66.45","37.07"
"66","000","00","009","0917","0000","736","395","341","107","843","1256","0","67.12","31.45"
"66","000","00","009","0917","0416","736","395","341","107","843","1256","0","67.12","31.45"
"66","000","00","009","0918","0000","1886","1143","743","160","2046","3345","0","61.17","34.17"
"66","000","00","009","0918","0417","905","551","354","94","999","1552","0","64.37","35.5"
"66","000","00","009","0918","0418","981","592","389","66","1047","1793","0","58.39","33.02"
"66","000","00","009","0919","0000","5156","3109","2047","534","5690","9838","0","57.84","31.6"
"66","000","00","009","0919","0428","1008","626","382","95","1103","1873","0","58.89","33.42"
"66","000","00","009","0919","0429","976","601","375","100","1076","1867","0","57.63","32.19"
"66","000","00","009","0919","0430","930","548","382","134","1064","1823","0","58.37","30.06"
"66","000","00","009","0919","0431","940","577","363","89","1029","1962","0","52.45","29.41"
"66","000","00","009","0919","0432","1302","757","545","116","1418","2313","0","61.31","32.73"
"66","000","00","009","0920","0000","3519","2105","1414","306","3825","6232","0","61.38","33.78"
"66","000","00","009","0920","0433","845","514","331","93","938","1510","0","62.12","34.04"
"66","000","00","009","0920","0434","1020","605","415","78","1098","1824","0","60.2","33.17"
"66","000","00","009","0920","0435","754","449","305","60","814","1363","0","59.72","32.94"
"66","000","00","009","0920","0436","900","537","363","75","975","1535","0","63.52","34.98"
"66","000","00","009","0921","0000","1595","989","606","100","1695","2949","0","57.48","33.54"
"66","000","00","009","0921","0426","693","412","281","40","733","1357","0","54.02","30.36"
"66","000","00","009","0921","0427","902","577","325","60","962","1592","0","60.43","36.24"
"66","000","00","009","0922","0000","3172","2224","948","258","3430","6306","0","54.39","35.27"
"66","000","00","009","0922","0439","1036","635","401","83","1119","2299","0","48.67","27.62"
"66","000","00","009","0922","0440","1043","936","107","111","1154","1940","0","59.48","48.25"
"66","000","00","009","0922","0441","1093","653","440","64","1157","2067","0","55.97","31.59"
"66","000","00","009","0923","0000","5357","3234","2123","483","5840","10123","0","57.69","31.95"
"66","000","00","009","0923","0442","1090","683","407","71","1161","2038","0","56.97","33.51"
"66","000","00","009","0923","0443","985","543","442","72","1057","1835","0","57.6","29.59"
"66","000","00","009","0923","0444","1043","622","421","98","1141","1979","0","57.66","31.43"
"66","000","00","009","0923","0445","1026","647","379","135","1161","2014","0","57.65","32.13"
"66","000","00","009","0923","0446","1213","739","474","107","1320","2257","0","58.48","32.74"
"66","000","00","009","0924","0000","2638","1576","1062","235","2873","4596","0","62.51","34.29"
"66","000","00","009","0924","0447","800","484","316","87","887","1406","0","63.09","34.42"
"66","000","00","009","0924","0448","808","467","341","56","864","1418","0","60.93","32.93"
"66","000","00","009","0924","0449","1030","625","405","92","1122","1772","0","63.32","35.27"
"66","000","00","009","0925","0000","5870","3533","2337","506","6376","10381","0","61.42","34.03"
"66","000","00","009","0925","0452","969","571","398","117","1086","1758","0","61.77","32.48"
"66","000","00","009","0925","0453","903","538","365","84","987","1546","0","63.84","34.8"
"66","000","00","009","0925","0454","1033","654","379","94","1127","1815","0","62.09","36.03"
"66","000","00","009","0925","0455","1089","650","439","82","1171","1932","0","60.61","33.64"
"66","000","00","009","0925","0456","1063","625","438","73","1136","1770","0","64.18","35.31"
"66","000","00","009","0925","0457","813","495","318","56","869","1560","0","55.71","31.73"
"66","000","00","009","0926","0000","1568","923","645","100","1668","2649","0","62.97","34.84"
"66","000","00","009","0926","0450","715","422","293","54","769","1202","0","63.98","35.11"
"66","000","00","009","0926","0451","853","501","352","46","899","1447","0","62.13","34.62"
"66","000","00","009","0927","0000","7028","4252","2776","718","7746","13032","0","59.44","32.63"
"66","000","00","009","0927","0458","965","611","354","90","1055","1810","0","58.29","33.76"
"66","000","00","009","0927","0459","956","574","382","89","1045","1653","0","63.22","34.72"
"66","000","00","009","0927","0460","784","465","319","74","858","1444","0","59.42","32.2"
"66","000","00","009","0927","0461","783","466","317","56","839","1318","0","63.66","35.36"
"66","000","00","009","0927","0462","849","516","333","105","954","1566","0","60.92","32.95"
"66","000","00","009","0927","0463","940","591","349","76","1016","1748","0","58.12","33.81"
"66","000","00","009","0927","0464","845","493","352","112","957","1772","0","54.01","27.82"
"66","000","00","009","0927","0465","906","536","370","116","1022","1721","0","59.38","31.14"
"66","000","00","009","0928","0000","2781","1741","1040","129","2910","5065","0","57.45","34.37"
"66","000","00","009","0928","0400","890","545","345","2","892","1617","0","55.16","33.7"
"66","000","00","009","0928","0401","820","515","305","71","891","1677","0","53.13","30.71"
"66","000","00","009","0928","0402","1071","681","390","56","1127","1771","0","63.64","38.45"
"66","000","00","009","0929","0000","886","517","369","66","952","1578","0","60.33","32.76"
"66","000","00","009","0929","0466","886","517","369","66","952","1578","0","60.33","32.76"
"66","000","00","009","0930","0000","2794","1669","1125","269","3063","5227","0","58.6","31.93"
"66","000","00","009","0930","0467","956","585","371","131","1087","1859","0","58.47","31.47"
"66","000","00","009","0930","0468","803","457","346","70","873","1479","0","59.03","30.9"
"66","000","00","009","0930","0469","1035","627","408","68","1103","1889","0","58.39","33.19"
"66","000","00","009","0931","0000","1672","1048","624","168","1840","3224","0","57.07","32.51"
"66","000","00","009","0931","0470","952","600","352","81","1033","1803","0","57.29","33.28"
"66","000","00","009","0931","0471","720","448","272","87","807","1421","0","56.79","31.53"
"66","000","00","009","0932","0000","1914","1201","713","204","2118","3359","0","63.05","35.75"
"66","000","00","009","0932","0472","908","554","354","96","1004","1585","0","63.34","34.95"
"66","000","00","009","0932","0473","1006","647","359","108","1114","1774","0","62.8","36.47"
"66","000","00","009","0933","0000","1152","669","483","106","1258","2132","0","59.01","31.38"
"66","000","00","009","0933","0474","1152","669","483","106","1258","2132","0","59.01","31.38"
"66","000","00","009","0934","0000","1479","848","631","141","1620","2874","0","56.37","29.51"
"66","000","00","009","0934","0475","818","466","352","90","908","1515","0","59.93","30.76"
"66","000","00","009","0934","0476","661","382","279","51","712","1359","0","52.39","28.11"
"66","000","00","009","0935","0000","1200","699","501","116","1316","2082","0","63.21","33.57"
"66","000","00","009","0935","0477","564","322","242","38","602","948","0","63.5","33.97"
"66","000","00","009","0935","0478","636","377","259","78","714","1134","0","62.96","33.25"
"66","000","00","009","0936","0000","1923","1158","765","239","2162","3346","0","64.61","34.61"
"66","000","00","009","0936","0479","669","407","262","79","748","1114","0","67.15","36.54"
"66","000","00","009","0936","0480","564","324","240","76","640","1050","0","60.95","30.86"
"66","000","00","009","0936","0481","690","427","263","84","774","1182","0","65.48","36.13"
"66","000","00","010","0000","0000","22310","13214","9096","2803","25113","43181","50308","58.16","30.6"
"66","000","00","010","1001","0000","778","502","276","80","858","1357","0","63.23","36.99"
"66","000","00","010","1001","1540","778","502","276","80","858","1357","0","63.23","36.99"
"66","000","00","010","1002","0000","507","331","176","69","576","865","0","66.59","38.27"
"66","000","00","010","1002","1539","507","331","176","69","576","865","0","66.59","38.27"
"66","000","00","010","1003","0000","498","288","210","139","637","1031","0","61.78","27.93"
"66","000","00","010","1003","1538","498","288","210","139","637","1031","0","61.78","27.93"
"66","000","00","010","1004","0000","1070","686","384","106","1176","1850","0","63.57","37.08"
"66","000","00","010","1004","1536","534","340","194","54","588","984","0","59.76","34.55"
"66","000","00","010","1004","1537","536","346","190","52","588","866","0","67.9","39.95"
"66","000","00","010","1005","0000","1194","712","482","187","1381","2196","0","62.89","32.42"
"66","000","00","010","1005","1534","619","366","253","120","739","1169","0","63.22","31.31"
"66","000","00","010","1005","1535","575","346","229","67","642","1027","0","62.51","33.69"
"66","000","00","010","1006","0000","546","314","232","57","603","977","0","61.72","32.14"
"66","000","00","010","1006","1532","546","314","232","57","603","977","0","61.72","32.14"
"66","000","00","010","1007","0000","698","456","242","65","763","1395","0","54.7","32.69"
"66","000","00","010","1007","1533","698","456","242","65","763","1395","0","54.7","32.69"
"66","000","00","010","1008","0000","1942","1168","774","159","2101","3486","0","60.27","33.51"
"66","000","00","010","1008","1529","634","379","255","45","679","1222","0","55.56","31.01"
"66","000","00","010","1008","1530","732","430","302","76","808","1228","0","65.8","35.02"
"66","000","00","010","1008","1531","576","359","217","38","614","1036","0","59.27","34.65"
"66","000","00","010","1009","0000","888","531","357","147","1035","1878","0","55.11","28.27"
"66","000","00","010","1009","1527","429","262","167","37","466","872","0","53.44","30.05"
"66","000","00","010","1009","1528","459","269","190","110","569","1006","0","56.56","26.74"
"66","000","00","010","1010","0000","1949","1192","757","230","2179","3662","0","59.5","32.55"
"66","000","00","010","1010","1523","743","455","288","79","822","1372","0","59.91","33.16"
"66","000","00","010","1010","1524","781","473","308","59","840","1412","0","59.49","33.5"
"66","000","00","010","1010","1525","425","264","161","92","517","878","0","58.88","30.07"
"66","000","00","010","1011","0000","647","379","268","106","753","1475","0","51.05","25.69"
"66","000","00","010","1011","1526","647","379","268","106","753","1475","0","51.05","25.69"
"66","000","00","010","1012","0000","2574","1433","1141","332","2906","4908","0","59.21","29.2"
"66","000","00","010","1012","1519","621","359","262","86","707","1335","0","52.96","26.89"
"66","000","00","010","1012","1520","611","264","347","87","698","1092","0","63.92","24.18"
"66","000","00","010","1012","1521","602","343","259","71","673","1050","0","64.1","32.67"
"66","000","00","010","1012","1522","740","467","273","88","828","1431","0","57.86","32.63"
"66","000","00","010","1013","0000","799","471","328","124","923","1628","0","56.7","28.93"
"66","000","00","010","1013","1518","799","471","328","124","923","1628","0","56.7","28.93"
"66","000","00","010","1014","0000","555","347","208","94","649","991","0","65.49","35.02"
"66","000","00","010","1014","1516","555","347","208","94","649","991","0","65.49","35.02"
"66","000","00","010","1015","0000","396","228","168","40","436","863","0","50.52","26.42"
"66","000","00","010","1015","1517","396","228","168","40","436","863","0","50.52","26.42"
"66","000","00","010","1016","0000","917","520","397","136","1053","1866","0","56.43","27.87"
"66","000","00","010","1016","1514","512","296","216","61","573","1007","0","56.9","29.39"
"66","000","00","010","1016","1515","405","224","181","75","480","859","0","55.88","26.08"
"66","000","00","010","1017","0000","631","376","255","93","724","1299","0","55.74","28.95"
"66","000","00","010","1017","1513","631","376","255","93","724","1299","0","55.74","28.95"
"66","000","00","010","1018","0000","1103","686","417","104","1207","1957","0","61.68","35.05"
"66","000","00","010","1018","1544","537","341","196","41","578","950","0","60.84","35.89"
"66","000","00","010","1018","1545","566","345","221","63","629","1007","0","62.46","34.26"
"66","000","00","010","1019","0000","1113","551","562","118","1231","2050","0","60.05","26.88"
"66","000","00","010","1019","1541","414","236","178","37","451","736","0","61.28","32.07"
"66","000","00","010","1019","1542","699","315","384","81","780","1314","0","59.36","23.97"
"66","000","00","010","1020","0000","790","449","341","123","913","1677","0","54.44","26.77"
"66","000","00","010","1020","1543","790","449","341","123","913","1677","0","54.44","26.77"
"66","000","00","010","1021","0000","578","319","259","46","624","1214","0","51.4","26.28"
"66","000","00","010","1021","1546","578","319","259","46","624","1214","0","51.4","26.28"
"66","000","00","010","1022","0000","910","507","403","107","1017","1809","0","56.22","28.03"
"66","000","00","010","1022","1547","470","281","189","50","520","907","0","57.33","30.98"
"66","000","00","010","1022","1548","440","226","214","57","497","902","0","55.1","25.06"
"66","000","00","010","1023","0000","305","192","113","14","319","720","0","44.31","26.67"
"66","000","00","010","1023","1549","305","192","113","14","319","720","0","44.31","26.67"
"66","000","00","010","1024","0000","283","172","111","25","308","666","0","46.25","25.83"
"66","000","00","010","1024","1550","283","172","111","25","308","666","0","46.25","25.83"
"66","000","00","010","1025","0000","639","404","235","102","741","1361","0","54.45","29.68"
"66","000","00","010","1025","1551","639","404","235","102","741","1361","0","54.45","29.68"
"66","000","00","011","0000","0000","32728","19426","13302","3469","36197","63069","77697","57.39","30.8"
"66","000","00","011","1101","0000","729","290","439","88","817","1356","0","60.25","21.39"
"66","000","00","011","1101","0001","729","290","439","88","817","1356","0","60.25","21.39"
"66","000","00","011","1102","0000","600","360","240","65","665","1059","0","62.8","33.99"
"66","000","00","011","1102","0002","600","360","240","65","665","1059","0","62.8","33.99"
"66","000","00","011","1103","0000","877","503","374","88","965","1568","0","61.54","32.08"
"66","000","00","011","1103","0003","401","227","174","43","444","694","0","63.98","32.71"
"66","000","00","011","1103","0004","476","276","200","45","521","874","0","59.61","31.58"
"66","000","00","011","1104","0000","395","211","184","34","429","763","0","56.23","27.65"
"66","000","00","011","1104","0005","395","211","184","34","429","763","0","56.23","27.65"
"66","000","00","011","1105","0000","1172","681","491","114","1286","2105","0","61.09","32.35"
"66","000","00","011","1105","0006","501","290","211","46","547","856","0","63.9","33.88"
"66","000","00","011","1105","0007","671","391","280","68","739","1249","0","59.17","31.31"
"66","000","00","011","1106","0000","1104","747","357","101","1205","2111","0","57.08","35.39"
"66","000","00","011","1106","0008","462","369","93","41","503","922","0","54.56","40.02"
"66","000","00","011","1106","0009","642","378","264","60","702","1189","0","59.04","31.79"
"66","000","00","011","1107","0000","1901","1133","768","196","2097","3374","0","62.15","33.58"
"66","000","00","011","1107","0010","629","390","239","51","680","1065","0","63.85","36.62"
"66","000","00","011","1107","0011","719","425","294","85","804","1252","0","64.22","33.95"
"66","000","00","011","1107","0012","553","318","235","60","613","1057","0","57.99","30.09"
"66","000","00","011","1108","0000","1167","686","481","95","1262","2091","0","60.35","32.81"
"66","000","00","011","1108","0013","557","315","242","37","594","1031","0","57.61","30.55"
"66","000","00","011","1108","0014","610","371","239","58","668","1060","0","63.02","35.0"
"66","000","00","011","1109","0000","2340","1376","964","228","2568","4405","0","58.3","31.24"
"66","000","00","011","1109","0015","682","388","294","84","766","1311","0","58.43","29.6"
"66","000","00","011","1109","0016","758","449","309","61","819","1424","0","57.51","31.53"
"66","000","00","011","1109","0017","900","539","361","83","983","1670","0","58.86","32.28"
"66","000","00","011","1110","0000","415","253","162","63","478","812","0","58.87","31.16"
"66","000","00","011","1110","0018","415","253","162","63","478","812","0","58.87","31.16"
"66","000","00","011","1111","0000","489","296","193","29","518","863","0","60.02","34.3"
"66","000","00","011","1111","0019","489","296","193","29","518","863","0","60.02","34.3"
"66","000","00","011","1112","0000","1708","984","724","145","1853","3186","0","58.16","30.89"
"66","000","00","011","1112","0020","880","519","361","69","949","1598","0","59.39","32.48"
"66","000","00","011","1112","0021","828","465","363","76","904","1588","0","56.93","29.28"
"66","000","00","011","1113","0000","627","392","235","65","692","1197","0","57.81","32.75"
"66","000","00","011","1113","0022","627","392","235","65","692","1197","0","57.81","32.75"
"66","000","00","011","1114","0000","531","301","230","88","619","1106","0","55.97","27.22"
"66","000","00","011","1114","0023","531","301","230","88","619","1106","0","55.97","27.22"
"66","000","00","011","1115","0000","990","569","421","124","1114","1772","0","62.87","32.11"
"66","000","00","011","1115","0024","500","279","221","71","571","903","0","63.23","30.9"
"66","000","00","011","1115","0025","490","290","200","53","543","869","0","62.49","33.37"
"66","000","00","011","1116","0000","2808","1716","1092","328","3136","5269","0","59.52","32.57"
"66","000","00","011","1116","0026","725","448","277","59","784","1350","0","58.07","33.19"
"66","000","00","011","1116","0027","578","332","246","122","700","1144","0","61.19","29.02"
"66","000","00","011","1116","0028","652","402","250","81","733","1208","0","60.68","33.28"
"66","000","00","011","1116","0029","853","534","319","66","919","1567","0","58.65","34.08"
"66","000","00","011","1117","0000","1169","688","481","92","1261","2013","0","62.64","34.18"
"66","000","00","011","1117","0030","750","455","295","41","791","1246","0","63.48","36.52"
"66","000","00","011","1117","0031","419","233","186","51","470","767","0","61.28","30.38"
"66","000","00","011","1118","0000","975","577","398","94","1069","1762","0","60.67","32.75"
"66","000","00","011","1118","0032","438","259","179","42","480","790","0","60.76","32.78"
"66","000","00","011","1118","0033","537","318","219","52","589","972","0","60.6","32.72"
"66","000","00","011","1119","0000","697","397","300","59","756","1388","0","54.47","28.6"
"66","000","00","011","1119","0034","697","397","300","59","756","1388","0","54.47","28.6"
"66","000","00","011","1120","0000","2383","1482","901","186","2569","4432","0","57.96","33.44"
"66","000","00","011","1120","0035","662","387","275","54","716","1331","0","53.79","29.08"
"66","000","00","011","1120","0036","671","416","255","60","731","1167","0","62.64","35.65"
"66","000","00","011","1120","0037","1050","679","371","72","1122","1934","0","58.01","35.11"
"66","000","00","011","1121","0000","596","384","212","62","658","1263","0","52.1","30.4"
"66","000","00","011","1121","0038","596","384","212","62","658","1263","0","52.1","30.4"
"66","000","00","011","1122","0000","1934","1137","797","205","2139","3973","0","53.84","28.62"
"66","000","00","011","1122","0039","706","411","295","88","794","1390","0","57.12","29.57"
"66","000","00","011","1122","0040","512","309","203","59","571","1186","0","48.15","26.05"
"66","000","00","011","1122","0041","716","417","299","58","774","1397","0","55.4","29.85"
"66","000","00","011","1123","0000","1160","706","454","119","1279","2571","0","49.75","27.46"
"66","000","00","011","1123","0042","477","295","182","29","506","1173","0","43.14","25.15"
"66","000","00","011","1123","0043","683","411","272","90","773","1398","0","55.29","29.4"
"66","000","00","011","1124","0000","2663","1510","1153","290","2953","5453","0","54.15","27.69"
"66","000","00","011","1124","0044","562","325","237","79","641","1228","0","52.2","26.47"
"66","000","00","011","1124","0045","619","348","271","63","682","1258","0","54.21","27.66"
"66","000","00","011","1124","0046","721","407","314","67","788","1435","0","54.91","28.36"
"66","000","00","011","1124","0047","761","430","331","81","842","1532","0","54.96","28.07"
"66","000","00","011","1125","0000","717","432","285","92","809","1522","0","53.15","28.38"
"66","000","00","011","1125","0048","332","218","114","46","378","652","0","57.98","33.44"
"66","000","00","011","1125","0049","385","214","171","46","431","870","0","49.54","24.6"
"66","000","00","011","1126","0000","827","492","335","88","915","1675","0","54.63","29.37"
"66","000","00","011","1126","0050","416","235","181","45","461","891","0","51.74","26.37"
"66","000","00","011","1126","0051","411","257","154","43","454","784","0","57.91","32.78"
"66","000","00","011","1127","0000","630","369","261","119","749","1368","0","54.75","26.97"
"66","000","00","011","1127","0052","630","369","261","119","749","1368","0","54.75","26.97"
"66","000","00","011","1128","0000","504","356","148","96","600","1126","0","53.29","31.62"
"66","000","00","011","1128","0053","504","356","148","96","600","1126","0","53.29","31.62"
"66","000","00","011","1129","0000","620","398","222","116","736","1486","0","49.53","26.78"
"66","000","00","011","1129","0054","620","398","222","116","736","1486","0","49.53","26.78"
"66","000","00","012","0000","0000","37812","23167","14645","4073","41885","71528","86659","58.56","32.39"
"66","000","00","012","1201","0000","546","322","224","38","584","1076","0","54.28","29.93"
"66","000","00","012","1201","0091","546","322","224","38","584","1076","0","54.28","29.93"
"66","000","00","012","1202","0000","556","345","211","68","624","953","0","65.48","36.2"
"66","000","00","012","1202","0092","556","345","211","68","624","953","0","65.48","36.2"
"66","000","00","012","1203","0000","1161","690","471","147","1308","2057","0","63.59","33.54"
"66","000","00","012","1203","0093","502","286","216","71","573","914","0","62.69","31.29"
"66","000","00","012","1203","0094","659","404","255","76","735","1143","0","64.3","35.35"
"66","000","00","012","1204","0000","394","247","147","36","430","680","0","63.24","36.32"
"66","000","00","012","1204","0095","394","247","147","36","430","680","0","63.24","36.32"
"66","000","00","012","1205","0000","1015","619","396","119","1134","1797","0","63.11","34.45"
"66","000","00","012","1205","0096","501","317","184","57","558","904","0","61.73","35.07"
"66","000","00","012","1205","0097","514","302","212","62","576","893","0","64.5","33.82"
"66","000","00","012","1206","0000","842","529","313","75","917","1577","0","58.15","33.54"
"66","000","00","012","1206","0098","842","529","313","75","917","1577","0","58.15","33.54"
"66","000","00","012","1207","0000","371","230","141","35","406","690","0","58.84","33.33"
"66","000","00","012","1207","0099","371","230","141","35","406","690","0","58.84","33.33"
"66","000","00","012","1208","0000","221","122","99","25","246","403","0","61.04","30.27"
"66","000","00","012","1208","0100","221","122","99","25","246","403","0","61.04","30.27"
"66","000","00","012","1209","0000","1145","682","463","159","1304","2190","0","59.54","31.14"
"66","000","00","012","1209","0101","743","449","294","103","846","1413","0","59.87","31.78"
"66","000","00","012","1209","0102","402","233","169","56","458","777","0","58.94","29.99"
"66","000","00","012","1210","0000","5274","3345","1929","357","5631","9237","0","60.96","36.21"
"66","000","00","012","1210","0103","742","477","265","53","795","1313","0","60.55","36.33"
"66","000","00","012","1210","0104","822","537","285","72","894","1439","0","62.13","37.32"
"66","000","00","012","1210","0105","645","384","261","38","683","1265","0","53.99","30.36"
"66","000","00","012","1210","0106","766","490","276","43","809","1277","0","63.35","38.37"
"66","000","00","012","1210","0107","716","457","259","57","773","1276","0","60.58","35.82"
"66","000","00","012","1210","0108","816","484","332","52","868","1376","0","63.08","35.17"
"66","000","00","012","1210","0109","767","516","251","42","809","1291","0","62.66","39.97"
"66","000","00","012","1211","0000","819","519","300","97","916","1510","0","60.66","34.37"
"66","000","00","012","1211","0110","819","519","300","97","916","1510","0","60.66","34.37"
"66","000","00","012","1212","0000","813","412","401","9","822","1524","0","53.94","27.03"
"66","000","00","012","1212","0111","813","412","401","9","822","1524","0","53.94","27.03"
"66","000","00","012","1213","0000","2256","1356","900","242","2498","4302","0","58.07","31.52"
"66","000","00","012","1213","0112","713","422","291","69","782","1474","0","53.05","28.63"
"66","000","00","012","1213","0113","775","474","301","77","852","1507","0","56.54","31.45"
"66","000","00","012","1213","0114","768","460","308","96","864","1321","0","65.4","34.82"
"66","000","00","012","1214","0000","1688","993","695","170","1858","3293","0","56.42","30.15"
"66","000","00","012","1214","0115","543","300","243","61","604","1157","0","52.2","25.93"
"66","000","00","012","1214","0116","691","427","264","61","752","1255","0","59.92","34.02"
"66","000","00","012","1214","0117","454","266","188","48","502","881","0","56.98","30.19"
"66","000","00","012","1215","0000","1118","730","388","123","1241","2034","0","61.01","35.89"
"66","000","00","012","1215","0118","598","384","214","73","671","1083","0","61.96","35.46"
"66","000","00","012","1215","0119","520","346","174","50","570","951","0","59.94","36.38"
"66","000","00","012","1216","0000","2507","1464","1043","305","2812","5145","0","54.66","28.45"
"66","000","00","012","1216","0120","700","420","280","83","783","1424","0","54.99","29.49"
"66","000","00","012","1216","0121","597","348","249","78","675","1233","0","54.74","28.22"
"66","000","00","012","1216","0122","556","310","246","75","631","1288","0","48.99","24.07"
"66","000","00","012","1216","0123","654","386","268","69","723","1200","0","60.25","32.17"
"66","000","00","012","1217","0000","1595","1025","570","87","1682","2745","0","61.28","37.34"
"66","000","00","012","1217","0124","913","626","287","54","967","1609","0","60.1","38.91"
"66","000","00","012","1217","0125","682","399","283","33","715","1136","0","62.94","35.12"
"66","000","00","012","1218","0000","643","447","196","84","727","1302","0","55.84","34.33"
"66","000","00","012","1218","0126","643","447","196","84","727","1302","0","55.84","34.33"
"66","000","00","012","1219","0000","773","520","253","101","874","1373","0","63.66","37.87"
"66","000","00","012","1219","0127","773","520","253","101","874","1373","0","63.66","37.87"
"66","000","00","012","1220","0000","564","337","227","92","656","1257","0","52.19","26.81"
"66","000","00","012","1220","0128","564","337","227","92","656","1257","0","52.19","26.81"
"66","000","00","012","1221","0000","527","322","205","94","621","1184","0","52.45","27.2"
"66","000","00","012","1221","0129","527","322","205","94","621","1184","0","52.45","27.2"
"66","000","00","012","1222","0000","660","429","231","89","749","1322","0","56.66","32.45"
"66","000","00","012","1222","0130","660","429","231","89","749","1322","0","56.66","32.45"
"66","000","00","012","1223","0000","994","581","413","183","1177","2120","0","55.52","27.41"
"66","000","00","012","1223","0131","553","325","228","75","628","1193","0","52.64","27.24"
"66","000","00","012","1223","0132","441","256","185","108","549","927","0","59.22","27.62"
"66","000","00","012","1224","0000","1215","716","499","175","1390","2236","0","62.16","32.02"
"66","000","00","012","1224","0133","588","341","247","80","668","1073","0","62.26","31.78"
"66","000","00","012","1224","0134","627","375","252","95","722","1163","0","62.08","32.24"
"66","000","00","012","1225","0000","848","514","334","131","979","1757","0","55.72","29.25"
"66","000","00","012","1225","0135","437","276","161","40","477","855","0","55.79","32.28"
"66","000","00","012","1225","0136","411","238","173","91","502","902","0","55.65","26.39"
"66","000","00","012","1226","0000","1245","760","485","151","1396","2481","0","56.27","30.63"
"66","000","00","012","1226","0137","729","451","278","87","816","1415","0","57.67","31.87"
"66","000","00","012","1226","0138","516","309","207","64","580","1066","0","54.41","28.99"
"66","000","00","012","1227","0000","3819","2308","1511","345","4164","7264","0","57.32","31.77"
"66","000","00","012","1227","0139","692","425","267","86","778","1391","0","55.93","30.55"
"66","000","00","012","1227","0140","713","440","273","51","764","1449","0","52.73","30.37"
"66","000","00","012","1227","0141","768","469","299","63","831","1377","0","60.35","34.06"
"66","000","00","012","1227","0142","775","440","335","74","849","1423","0","59.66","30.92"
"66","000","00","012","1227","0143","871","534","337","71","942","1624","0","58.0","32.88"
"66","000","00","012","1228","0000","1432","848","584","187","1619","2822","0","57.37","30.05"
"66","000","00","012","1228","0144","672","393","279","95","767","1358","0","56.48","28.94"
"66","000","00","012","1228","0145","760","455","305","92","852","1464","0","58.2","31.08"
"66","000","00","012","1229","0000","649","376","273","97","746","1211","0","61.6","31.05"
"66","000","00","012","1229","0146","649","376","273","97","746","1211","0","61.6","31.05"
"66","000","00","012","1230","0000","622","405","217","103","725","1162","0","62.39","34.85"
"66","000","00","012","1230","0148","622","405","217","103","725","1162","0","62.39","34.85"
"66","000","00","012","1231","0000","786","545","241","88","874","1368","0","63.89","39.84"
"66","000","00","012","1231","0149","786","545","241","88","874","1368","0","63.89","39.84"
"66","000","00","012","1232","0000","714","429","285","61","775","1456","0","53.23","29.46"
"66","000","00","012","1232","0147","714","429","285","61","775","1456","0","53.23","29.46"
"66","000","00","013","0000","0000","38080","22892","15188","4003","42083","74207","93720","56.71","30.85"
"66","000","00","013","1301","0000","666","423","243","71","737","1380","0","53.41","30.65"
"66","000","00","013","1301","0186","666","423","243","71","737","1380","0","53.41","30.65"
"66","000","00","013","1302","0000","1100","673","427","142","1242","2028","0","61.24","33.19"
"66","000","00","013","1302","0187","460","274","186","59","519","852","0","60.92","32.16"
"66","000","00","013","1302","0188","640","399","241","83","723","1176","0","61.48","33.93"
"66","000","00","013","1303","0000","553","353","200","92","645","958","0","67.33","36.85"
"66","000","00","013","1303","0189","553","353","200","92","645","958","0","67.33","36.85"
"66","000","00","013","1304","0000","311","176","135","26","337","488","0","69.06","36.07"
"66","000","00","013","1304","0190","311","176","135","26","337","488","0","69.06","36.07"
"66","000","00","013","1305","0000","1264","782","482","169","1433","2462","0","58.2","31.76"
"66","000","00","013","1305","0191","621","380","241","68","689","1177","0","58.54","32.29"
"66","000","00","013","1305","0192","643","402","241","101","744","1285","0","57.9","31.28"
"66","000","00","013","1306","0000","2266","1358","908","259","2525","4336","0","58.23","31.32"
"66","000","00","013","1306","0195","755","449","306","39","794","1469","0","54.05","30.57"
"66","000","00","013","1306","0196","803","476","327","68","871","1423","0","61.21","33.45"
"66","000","00","013","1306","0197","708","433","275","152","860","1444","0","59.56","29.99"
"66","000","00","013","1307","0000","2642","1555","1087","302","2944","5046","0","58.34","30.82"
"66","000","00","013","1307","0198","731","462","269","124","855","1469","0","58.2","31.45"
"66","000","00","013","1307","0199","1010","567","443","95","1105","1902","0","58.1","29.81"
"66","000","00","013","1307","0200","901","526","375","83","984","1675","0","58.75","31.4"
"66","000","00","013","1308","0000","3630","2133","1497","339","3969","6728","0","58.99","31.7"
"66","000","00","013","1308","0201","565","340","225","73","638","1098","0","58.11","30.97"
"66","000","00","013","1308","0202","868","524","344","81","949","1539","0","61.66","34.05"
"66","000","00","013","1308","0203","733","427","306","53","786","1329","0","59.14","32.13"
"66","000","00","013","1308","0204","642","364","278","64","706","1255","0","56.25","29.0"
"66","000","00","013","1308","0205","822","478","344","68","890","1507","0","59.06","31.72"
"66","000","00","013","1309","0000","3728","2251","1477","449","4177","7300","0","57.22","30.84"
"66","000","00","013","1309","0206","766","446","320","102","868","1463","0","59.33","30.49"
"66","000","00","013","1309","0207","617","371","246","94","711","1279","0","55.59","29.01"
"66","000","00","013","1309","0208","481","301","180","54","535","1024","0","52.25","29.39"
"66","000","00","013","1309","0209","672","411","261","83","755","1388","0","54.39","29.61"
"66","000","00","013","1309","0210","584","358","226","68","652","1074","0","60.71","33.33"
"66","000","00","013","1309","0211","608","364","244","48","656","1072","0","61.19","33.96"
"66","000","00","013","1310","0000","599","361","238","92","691","1107","0","62.42","32.61"
"66","000","00","013","1310","0212","599","361","238","92","691","1107","0","62.42","32.61"
"66","000","00","013","1311","0000","2327","1403","924","187","2514","4771","0","52.69","29.41"
"66","000","00","013","1311","0215","897","573","324","55","952","1633","0","58.3","35.09"
"66","000","00","013","1311","0216","736","450","286","70","806","1533","0","52.58","29.35"
"66","000","00","013","1311","0217","694","380","314","62","756","1605","0","47.1","23.68"
"66","000","00","013","1312","0000","1714","1028","686","173","1887","3629","0","52.0","28.33"
"66","000","00","013","1312","0213","909","547","362","78","987","1947","0","50.69","28.09"
"66","000","00","013","1312","0214","805","481","324","95","900","1682","0","53.51","28.6"
"66","000","00","013","1313","0000","814","512","302","65","879","1694","0","51.89","30.22"
"66","000","00","013","1313","0218","814","512","302","65","879","1694","0","51.89","30.22"
"66","000","00","013","1314","0000","2568","1527","1041","186","2754","4944","0","55.7","30.89"
"66","000","00","013","1314","0219","810","499","311","65","875","1628","0","53.75","30.65"
"66","000","00","013","1314","0220","924","553","371","45","969","1665","0","58.2","33.21"
"66","000","00","013","1314","0221","834","475","359","76","910","1651","0","55.12","28.77"
"66","000","00","013","1315","0000","1798","1098","700","188","1986","3289","0","60.38","33.38"
"66","000","00","013","1315","0222","602","370","232","85","687","1108","0","62.0","33.39"
"66","000","00","013","1315","0223","645","398","247","55","700","1142","0","61.3","34.85"
"66","000","00","013","1315","0224","551","330","221","48","599","1039","0","57.65","31.76"
"66","000","00","013","1316","0000","2648","1527","1121","247","2895","5270","0","54.93","28.98"
"66","000","00","013","1316","0225","928","541","387","89","1017","1840","0","55.27","29.4"
"66","000","00","013","1316","0226","966","553","413","72","1038","1872","0","55.45","29.54"
"66","000","00","013","1316","0227","754","433","321","86","840","1558","0","53.92","27.79"
"66","000","00","013","1317","0000","2255","1386","869","211","2466","4314","0","57.16","32.13"
"66","000","00","013","1317","0232","822","493","329","83","905","1593","0","56.81","30.95"
"66","000","00","013","1317","0233","497","299","198","35","532","981","0","54.23","30.48"
"66","000","00","013","1317","0234","936","594","342","93","1029","1740","0","59.14","34.14"
"66","000","00","013","1318","0000","1234","757","477","125","1359","2294","0","59.24","33.0"
"66","000","00","013","1318","0235","667","412","255","94","761","1247","0","61.03","33.04"
"66","000","00","013","1318","0236","567","345","222","31","598","1047","0","57.12","32.95"
"66","000","00","013","1319","0000","1070","640","430","162","1232","2144","0","57.46","29.85"
"66","000","00","013","1319","0237","561","329","232","105","666","1119","0","59.52","29.4"
"66","000","00","013","1319","0238","509","311","198","57","566","1025","0","55.22","30.34"
"66","000","00","013","1320","0000","1668","990","678","263","1931","3364","0","57.4","29.43"
"66","000","00","013","1320","0193","826","502","324","113","939","1736","0","54.09","28.92"
"66","000","00","013","1320","0194","842","488","354","150","992","1628","0","60.93","29.98"
"66","000","00","013","1321","0000","3225","1959","1266","255","3480","6661","0","52.24","29.41"
"66","000","00","013","1321","0228","826","511","315","76","902","1739","0","51.87","29.38"
"66","000","00","013","1321","0229","790","477","313","54","844","1672","0","50.48","28.53"
"66","000","00","013","1321","0230","848","511","337","62","910","1634","0","55.69","31.27"
"66","000","00","013","1321","0231","761","460","301","63","824","1616","0","50.99","28.47"
"66","000","00","014","0000","0000","24074","14523","9551","2745","26819","47040","58189","57.01","30.87"
"66","000","00","014","1401","0000","1565","914","651","187","1752","3122","0","56.12","29.28"
"66","000","00","014","1401","0150","774","451","323","97","871","1541","0","56.52","29.27"
"66","000","00","014","1401","0151","791","463","328","90","881","1581","0","55.72","29.29"
"66","000","00","014","1402","0000","1026","615","411","140","1166","1959","0","59.52","31.39"
"66","000","00","014","1402","0152","556","342","214","81","637","1083","0","58.82","31.58"
"66","000","00","014","1402","0153","470","273","197","59","529","876","0","60.39","31.16"
"66","000","00","014","1403","0000","1982","1176","806","217","2199","3929","0","55.97","29.93"
"66","000","00","014","1403","0154","535","320","215","83","618","1043","0","59.25","30.68"
"66","000","00","014","1403","0155","723","424","299","60","783","1502","0","52.13","28.23"
"66","000","00","014","1403","0156","724","432","292","74","798","1384","0","57.66","31.21"
"66","000","00","014","1404","0000","306","166","140","44","350","517","0","67.7","32.11"
"66","000","00","014","1404","0157","306","166","140","44","350","517","0","67.7","32.11"
"66","000","00","014","1405","0000","670","412","258","79","749","1169","0","64.07","35.24"
"66","000","00","014","1405","0158","670","412","258","79","749","1169","0","64.07","35.24"
"66","000","00","014","1406","0000","467","285","182","57","524","863","0","60.72","33.02"
"66","000","00","014","1406","0159","467","285","182","57","524","863","0","60.72","33.02"
"66","000","00","014","1407","0000","3055","1772","1283","329","3384","6128","0","55.22","28.92"
"66","000","00","014","1407","0160","574","355","219","66","640","1277","0","50.12","27.8"
"66","000","00","014","1407","0161","862","503","359","76","938","1742","0","53.85","28.87"
"66","000","00","014","1407","0162","715","397","318","74","789","1342","0","58.79","29.58"
"66","000","00","014","1407","0163","904","517","387","113","1017","1767","0","57.56","29.26"
"66","000","00","014","1408","0000","2399","1491","908","233","2632","4974","0","52.92","29.98"
"66","000","00","014","1408","0164","701","424","277","88","789","1542","0","51.17","27.5"
"66","000","00","014","1408","0165","835","539","296","62","897","1636","0","54.83","32.95"
"66","000","00","014","1408","0166","863","528","335","83","946","1796","0","52.67","29.4"
"66","000","00","014","1409","0000","2188","1329","859","268","2456","4364","0","56.28","30.45"
"66","000","00","014","1409","0167","752","474","278","47","799","1450","0","55.1","32.69"
"66","000","00","014","1409","0168","701","423","278","152","853","1548","0","55.1","27.33"
"66","000","00","014","1409","0169","735","432","303","69","804","1366","0","58.86","31.63"
"66","000","00","014","1410","0000","3913","2385","1528","433","4346","7342","0","59.19","32.48"
"66","000","00","014","1410","0170","570","352","218","48","618","955","0","64.71","36.86"
"66","000","00","014","1410","0171","643","383","260","74","717","1305","0","54.94","29.35"
"66","000","00","014","1410","0172","661","393","268","71","732","1239","0","59.08","31.72"
"66","000","00","014","1410","0173","566","338","228","101","667","1079","0","61.82","31.33"
"66","000","00","014","1410","0174","627","395","232","53","680","1220","0","55.74","32.38"
"66","000","00","014","1410","0175","846","524","322","86","932","1544","0","60.36","33.94"
"66","000","00","014","1411","0000","2934","1790","1144","310","3244","5607","0","57.86","31.92"
"66","000","00","014","1411","0176","813","501","312","68","881","1460","0","60.34","34.32"
"66","000","00","014","1411","0177","702","422","280","84","786","1292","0","60.84","32.66"
"66","000","00","014","1411","0178","670","411","259","72","742","1300","0","57.08","31.62"
"66","000","00","014","1411","0179","749","456","293","86","835","1555","0","53.7","29.32"
"66","000","00","014","1412","0000","1181","723","458","160","1341","2308","0","58.1","31.33"
"66","000","00","014","1412","0180","499","309","190","72","571","1031","0","55.38","29.97"
"66","000","00","014","1412","0181","682","414","268","88","770","1277","0","60.3","32.42"
"66","000","00","014","1413","0000","1139","685","454","141","1280","2224","0","57.55","30.8"
"66","000","00","014","1413","0182","515","301","214","59","574","1037","0","55.35","29.03"
"66","000","00","014","1413","0183","624","384","240","82","706","1187","0","59.48","32.35"
"66","000","00","014","1414","0000","1249","780","469","147","1396","2534","0","55.09","30.78"
"66","000","00","014","1414","0184","677","441","236","82","759","1399","0","54.25","31.52"
"66","000","00","014","1414","0185","572","339","233","65","637","1135","0","56.12","29.87"
"66","000","00","015","0000","0000","23168","14056","9112","2852","26020","44962","54682","57.87","31.26"
"66","000","00","015","1501","0000","1035","645","390","155","1190","1987","0","59.89","32.46"
"66","000","00","015","1501","0357","472","300","172","70","542","852","0","63.62","35.21"
"66","000","00","015","1501","0358","563","345","218","85","648","1135","0","57.09","30.4"
"66","000","00","015","1502","0000","500","280","220","80","580","1079","0","53.75","25.95"
"66","000","00","015","1502","0359","500","280","220","80","580","1079","0","53.75","25.95"
"66","000","00","015","1503","0000","1677","1071","606","166","1843","3130","0","58.88","34.22"
"66","000","00","015","1503","0360","833","547","286","82","915","1539","0","59.45","35.54"
"66","000","00","015","1503","0361","844","524","320","84","928","1591","0","58.33","32.94"
"66","000","00","015","1504","0000","2071","1259","812","218","2289","3701","0","61.85","34.02"
"66","000","00","015","1504","0364","748","451","297","104","852","1428","0","59.66","31.58"
"66","000","00","015","1504","0365","708","434","274","74","782","1178","0","66.38","36.84"
"66","000","00","015","1504","0366","615","374","241","40","655","1095","0","59.82","34.16"
"66","000","00","015","1505","0000","1088","656","432","105","1193","2126","0","56.11","30.86"
"66","000","00","015","1505","0367","501","314","187","38","539","963","0","55.97","32.61"
"66","000","00","015","1505","0368","587","342","245","67","654","1163","0","56.23","29.41"
"66","000","00","015","1506","0000","2562","1589","973","278","2840","4712","0","60.27","33.72"
"66","000","00","015","1506","0369","555","336","219","63","618","1018","0","60.71","33.01"
"66","000","00","015","1506","0370","493","295","198","61","554","854","0","64.87","34.54"
"66","000","00","015","1506","0371","736","456","280","77","813","1485","0","54.75","30.71"
"66","000","00","015","1506","0372","778","502","276","77","855","1355","0","63.1","37.05"
"66","000","00","015","1507","0000","1014","598","416","133","1147","1986","0","57.75","30.11"
"66","000","00","015","1507","0373","405","246","159","60","465","840","0","55.36","29.29"
"66","000","00","015","1507","0374","609","352","257","73","682","1146","0","59.51","30.72"
"66","000","00","015","1508","0000","1814","1060","754","253","2067","3342","0","61.85","31.72"
"66","000","00","015","1508","0375","904","525","379","122","1026","1669","0","61.47","31.46"
"66","000","00","015","1508","0376","910","535","375","131","1041","1673","0","62.22","31.98"
"66","000","00","015","1509","0000","1795","1124","671","208","2003","3454","0","57.99","32.54"
"66","000","00","015","1509","0377","800","504","296","71","871","1493","0","58.34","33.76"
"66","000","00","015","1509","0378","551","339","212","98","649","1052","0","61.69","32.22"
"66","000","00","015","1509","0379","444","281","163","39","483","909","0","53.14","30.91"
"66","000","00","015","1510","0000","1241","756","485","249","1490","2433","0","61.24","31.07"
"66","000","00","015","1510","0380","567","346","221","97","664","1091","0","60.86","31.71"
"66","000","00","015","1510","0381","674","410","264","152","826","1342","0","61.55","30.55"
"66","000","00","015","1511","0000","1040","613","427","195","1235","2115","0","58.39","28.98"
"66","000","00","015","1511","0382","516","286","230","129","645","1138","0","56.68","25.13"
"66","000","00","015","1511","0383","524","327","197","66","590","977","0","60.39","33.47"
"66","000","00","015","1512","0000","681","413","268","65","746","1584","0","47.1","26.07"
"66","000","00","015","1512","0384","681","413","268","65","746","1584","0","47.1","26.07"
"66","000","00","015","1513","0000","1106","666","440","158","1264","2140","0","59.07","31.12"
"66","000","00","015","1513","0385","466","287","179","58","524","915","0","57.27","31.37"
"66","000","00","015","1513","0386","640","379","261","100","740","1225","0","60.41","30.94"
"66","000","00","015","1514","0000","1587","969","618","143","1730","3152","0","54.89","30.74"
"66","000","00","015","1514","0387","773","474","299","82","855","1552","0","55.09","30.54"
"66","000","00","015","1514","0388","814","495","319","61","875","1600","0","54.69","30.94"
"66","000","00","015","1515","0000","615","354","261","96","711","1340","0","53.06","26.42"
"66","000","00","015","1515","0393","615","354","261","96","711","1340","0","53.06","26.42"
"66","000","00","015","1516","0000","1043","622","421","146","1189","2122","0","56.03","29.31"
"66","000","00","015","1516","0391","493","291","202","66","559","1055","0","52.99","27.58"
"66","000","00","015","1516","0392","550","331","219","80","630","1067","0","59.04","31.02"
"66","000","00","015","1517","0000","964","562","402","100","1064","1885","0","56.45","29.81"
"66","000","00","015","1517","0389","480","285","195","56","536","942","0","56.9","30.25"
"66","000","00","015","1517","0390","484","277","207","44","528","943","0","55.99","29.37"
"66","000","00","015","1518","0000","1335","819","516","104","1439","2674","0","53.81","30.63"
"66","000","00","015","1518","0362","647","393","254","67","714","1376","0","51.89","28.56"
"66","000","00","015","1518","0363","688","426","262","37","725","1298","0","55.86","32.82"
"66","000","00","016","0000","0000","28814","16779","12035","3200","32014","54565","65692","58.67","30.75"
"66","000","00","016","1601","0000","1755","1049","706","168","1923","3243","0","59.3","32.35"
"66","000","00","016","1601","0482","909","558","351","93","1002","1684","0","59.5","33.14"
"66","000","00","016","1601","0483","846","491","355","75","921","1559","0","59.08","31.49"
"66","000","00","016","1602","0000","1220","692","528","113","1333","2139","0","62.32","32.35"
"66","000","00","016","1602","0484","562","329","233","63","625","1095","0","57.08","30.05"
"66","000","00","016","1602","0485","658","363","295","50","708","1044","0","67.82","34.77"
"66","000","00","016","1603","0000","1454","855","599","229","1683","2604","0","64.63","32.83"
"66","000","00","016","1603","0486","740","441","299","115","855","1310","0","65.27","33.66"
"66","000","00","016","1603","0487","714","414","300","114","828","1294","0","63.99","31.99"
"66","000","00","016","1604","0000","1169","670","499","152","1321","2165","0","61.02","30.95"
"66","000","00","016","1604","0488","620","348","272","67","687","1143","0","60.1","30.45"
"66","000","00","016","1604","0489","549","322","227","85","634","1022","0","62.04","31.51"
"66","000","00","016","1605","0000","3785","2191","1594","328","4113","7265","0","56.61","30.16"
"66","000","00","016","1605","0498","731","432","299","71","802","1452","0","55.23","29.75"
"66","000","00","016","1605","0499","878","519","359","82","960","1551","0","61.9","33.46"
"66","000","00","016","1605","0500","771","456","315","90","861","1567","0","54.95","29.1"
"66","000","00","016","1605","0501","802","450","352","43","845","1449","0","58.32","31.06"
"66","000","00","016","1605","0502","603","334","269","42","645","1246","0","51.77","26.81"
"66","000","00","016","1606","0000","2890","1689","1201","358","3248","5267","0","61.67","32.07"
"66","000","00","016","1606","0503","755","454","301","95","850","1431","0","59.4","31.73"
"66","000","00","016","1606","0504","644","363","281","91","735","1163","0","63.2","31.21"
"66","000","00","016","1606","0505","808","464","344","101","909","1402","0","64.84","33.1"
"66","000","00","016","1606","0506","683","408","275","71","754","1271","0","59.32","32.1"
"66","000","00","016","1607","0000","1330","795","535","191","1521","2510","0","60.6","31.67"
"66","000","00","016","1607","0507","641","385","256","90","731","1198","0","61.02","32.14"
"66","000","00","016","1607","0508","689","410","279","101","790","1312","0","60.21","31.25"
"66","000","00","016","1608","0000","1504","859","645","171","1675","2885","0","58.06","29.77"
"66","000","00","016","1608","0512","840","493","347","100","940","1483","0","63.39","33.24"
"66","000","00","016","1608","0513","664","366","298","71","735","1402","0","52.43","26.11"
"66","000","00","016","1609","0000","2159","1277","882","240","2399","4329","0","55.42","29.5"
"66","000","00","016","1609","0509","786","454","332","117","903","1590","0","56.79","28.55"
"66","000","00","016","1609","0510","681","397","284","47","728","1324","0","54.98","29.98"
"66","000","00","016","1609","0511","692","426","266","76","768","1415","0","54.28","30.11"
"66","000","00","016","1610","0000","3783","2196","1587","401","4184","7224","0","57.92","30.4"
"66","000","00","016","1610","0514","635","399","236","76","711","1275","0","55.76","31.29"
"66","000","00","016","1610","0515","650","380","270","61","711","1288","0","55.2","29.5"
"66","000","00","016","1610","0516","524","308","216","89","613","1080","0","56.76","28.52"
"66","000","00","016","1610","0517","686","392","294","53","739","1344","0","54.99","29.17"
"66","000","00","016","1610","0518","602","317","285","65","667","1061","0","62.87","29.88"
"66","000","00","016","1610","0519","686","400","286","57","743","1176","0","63.18","34.01"
"66","000","00","016","1611","0000","1439","823","616","193","1632","2562","0","63.7","32.12"
"66","000","00","016","1611","0520","685","400","285","95","780","1244","0","62.7","32.15"
"66","000","00","016","1611","0521","754","423","331","98","852","1318","0","64.64","32.09"
"66","000","00","016","1612","0000","1502","862","640","113","1615","2794","0","57.8","30.85"
"66","000","00","016","1612","0522","722","409","313","16","738","1471","0","50.17","27.8"
"66","000","00","016","1612","0523","780","453","327","97","877","1323","0","66.29","34.24"
"66","000","00","016","1613","0000","1092","670","422","124","1216","2354","0","51.66","28.46"
"66","000","00","016","1613","0490","621","372","249","80","701","1269","0","55.24","29.31"
"66","000","00","016","1613","0491","471","298","173","44","515","1085","0","47.47","27.47"
"66","000","00","016","1614","0000","2085","1198","887","251","2336","4090","0","57.11","29.29"
"66","000","00","016","1614","0494","685","389","296","86","771","1390","0","55.47","27.99"
"66","000","00","016","1614","0495","744","418","326","123","867","1372","0","63.19","30.47"
"66","000","00","016","1614","0496","656","391","265","42","698","1328","0","52.56","29.44"
"66","000","00","016","1615","0000","1104","640","464","136","1240","2096","0","59.16","30.53"
"66","000","00","016","1615","0492","527","310","217","65","592","942","0","62.85","32.91"
"66","000","00","016","1615","0493","577","330","247","71","648","1154","0","56.15","28.6"
"66","000","00","016","1616","0000","543","313","230","32","575","1038","0","55.39","30.15"
"66","000","00","016","1616","0497","543","313","230","32","575","1038","0","55.39","30.15"
"66","000","00","017","0000","0000","46926","28569","18357","4041","50967","89487","108777","56.95","31.93"
"66","000","00","017","1701","0000","5690","3413","2277","511","6201","10976","0","56.5","31.1"
"66","000","00","017","1701","0573","897","542","355","107","1004","1630","0","61.6","33.25"
"66","000","00","017","1701","0574","823","496","327","56","879","1532","0","57.38","32.38"
"66","000","00","017","1701","0575","799","460","339","72","871","1677","0","51.94","27.43"
"66","000","00","017","1701","0576","836","490","346","89","925","1744","0","53.04","28.1"
"66","000","00","017","1701","0577","965","572","393","68","1033","1795","0","57.55","31.87"
"66","000","00","017","1701","0578","612","377","235","62","674","1171","0","57.56","32.19"
"66","000","00","017","1701","0579","758","476","282","57","815","1427","0","57.11","33.36"
"66","000","00","017","1702","0000","713","408","305","82","795","1306","0","60.87","31.24"
"66","000","00","017","1702","0570","713","408","305","82","795","1306","0","60.87","31.24"
"66","000","00","017","1703","0000","1286","719","567","130","1416","2287","0","61.92","31.44"
"66","000","00","017","1703","0571","633","361","272","56","689","1128","0","61.08","32.0"
"66","000","00","017","1703","0572","653","358","295","74","727","1159","0","62.73","30.89"
"66","000","00","017","1704","0000","5381","3327","2054","427","5808","10187","0","57.01","32.66"
"66","000","00","017","1704","0580","914","573","341","67","981","1709","0","57.4","33.53"
"66","000","00","017","1704","0581","893","559","334","75","968","1723","0","56.18","32.44"
"66","000","00","017","1704","0582","912","552","360","73","985","1782","0","55.27","30.98"
"66","000","00","017","1704","0583","713","439","274","55","768","1407","0","54.58","31.2"
"66","000","00","017","1704","0584","964","587","377","58","1022","1771","0","57.71","33.15"
"66","000","00","017","1704","0585","985","617","368","99","1084","1795","0","60.39","34.37"
"66","000","00","017","1705","0000","2797","1708","1089","217","3014","5195","0","58.02","32.88"
"66","000","00","017","1705","0586","924","555","369","89","1013","1612","0","62.84","34.43"
"66","000","00","017","1705","0587","985","598","387","56","1041","1894","0","54.96","31.57"
"66","000","00","017","1705","0588","888","555","333","72","960","1689","0","56.84","32.86"
"66","000","00","017","1706","0000","4996","3152","1844","380","5376","9343","0","57.54","33.74"
"66","000","00","017","1706","0599","914","594","320","80","994","1666","0","59.66","35.65"
"66","000","00","017","1706","0600","931","578","353","53","984","1750","0","56.23","33.03"
"66","000","00","017","1706","0601","746","447","299","64","810","1437","0","56.37","31.11"
"66","000","00","017","1706","0602","903","598","305","70","973","1735","0","56.08","34.47"
"66","000","00","017","1706","0603","838","520","318","72","910","1612","0","56.45","32.26"
"66","000","00","017","1706","0604","664","415","249","41","705","1143","0","61.68","36.31"
"66","000","00","017","1707","0000","6321","3999","2322","460","6781","11996","0","56.53","33.34"
"66","000","00","017","1707","0605","1072","659","413","54","1126","2096","0","53.72","31.44"
"66","000","00","017","1707","0606","852","612","240","89","941","1549","0","60.75","39.51"
"66","000","00","017","1707","0607","858","495","363","40","898","1573","0","57.09","31.47"
"66","000","00","017","1707","0608","799","518","281","48","847","1585","0","53.44","32.68"
"66","000","00","017","1707","0609","832","518","314","52","884","1572","0","56.23","32.95"
"66","000","00","017","1707","0610","961","619","342","77","1038","1738","0","59.72","35.62"
"66","000","00","017","1707","0611","947","578","369","100","1047","1883","0","55.6","30.7"
"66","000","00","017","1708","0000","1477","878","599","154","1631","2753","0","59.24","31.89"
"66","000","00","017","1708","0612","729","419","310","68","797","1401","0","56.89","29.91"
"66","000","00","017","1708","0613","748","459","289","86","834","1352","0","61.69","33.95"
"66","000","00","017","1709","0000","3068","1879","1189","300","3368","5805","0","58.02","32.37"
"66","000","00","017","1709","0614","1116","698","418","121","1237","2085","0","59.33","33.48"
"66","000","00","017","1709","0615","1108","683","425","133","1241","2047","0","60.63","33.37"
"66","000","00","017","1709","0616","844","498","346","46","890","1673","0","53.2","29.77"
"66","000","00","017","1710","0000","2386","1386","1000","188","2574","4599","0","55.97","30.14"
"66","000","00","017","1710","0617","990","581","409","66","1056","1874","0","56.35","31.0"
"66","000","00","017","1710","0618","567","322","245","66","633","1051","0","60.23","30.64"
"66","000","00","017","1710","0619","829","483","346","56","885","1674","0","52.87","28.85"
"66","000","00","017","1711","0000","1998","1185","813","173","2171","3834","0","56.62","30.91"
"66","000","00","017","1711","0620","1007","585","422","74","1081","1831","0","59.04","31.95"
"66","000","00","017","1711","0621","991","600","391","99","1090","2003","0","54.42","29.96"
"66","000","00","017","1712","0000","759","476","283","74","833","1535","0","54.27","31.01"
"66","000","00","017","1712","0622","759","476","283","74","833","1535","0","54.27","31.01"
"66","000","00","017","1713","0000","1924","1185","739","243","2167","4147","0","52.25","28.57"
"66","000","00","017","1713","0623","1010","631","379","159","1169","2286","0","51.14","27.6"
"66","000","00","017","1713","0624","914","554","360","84","998","1861","0","53.63","29.77"
"66","000","00","017","1714","0000","2205","1306","899","236","2441","4347","0","56.15","30.04"
"66","000","00","017","1714","0589","717","437","280","92","809","1525","0","53.05","28.66"
"66","000","00","017","1714","0590","842","484","358","67","909","1622","0","56.04","29.84"
"66","000","00","017","1714","0591","646","385","261","77","723","1200","0","60.25","32.08"
"66","000","00","017","1715","0000","3451","2096","1355","251","3702","6729","0","55.02","31.15"
"66","000","00","017","1715","0592","682","408","274","35","717","1355","0","52.92","30.11"
"66","000","00","017","1715","0593","911","546","365","64","975","1777","0","54.87","30.73"
"66","000","00","017","1715","0594","1036","634","402","63","1099","1923","0","57.15","32.97"
"66","000","00","017","1715","0595","822","508","314","89","911","1674","0","54.42","30.35"
"66","000","00","017","1716","0000","2474","1452","1022","215","2689","4448","0","60.45","32.64"
"66","000","00","017","1716","0596","832","488","344","80","912","1451","0","62.85","33.63"
"66","000","00","017","1716","0597","790","468","322","75","865","1486","0","58.21","31.49"
"66","000","00","017","1716","0598","852","496","356","60","912","1511","0","60.36","32.83"
"66","000","00","018","0000","0000","40074","24116","15958","3990","44064","77189","95703","57.09","31.24"
"66","000","00","018","1801","0000","2398","1421","977","256","2654","4378","0","60.62","32.46"
"66","000","00","018","1801","0527","865","529","336","74","939","1537","0","61.09","34.42"
"66","000","00","018","1801","0528","796","465","331","83","879","1439","0","61.08","32.31"
"66","000","00","018","1801","0529","737","427","310","99","836","1402","0","59.63","30.46"
"66","000","00","018","1802","0000","4929","2920","2009","562","5491","9096","0","60.37","32.1"
"66","000","00","018","1802","0553","907","559","348","82","989","1568","0","63.07","35.65"
"66","000","00","018","1802","0554","910","507","403","117","1027","1761","0","58.32","28.79"
"66","000","00","018","1802","0555","924","565","359","146","1070","1752","0","61.07","32.25"
"66","000","00","018","1802","0556","701","407","294","57","758","1264","0","59.97","32.2"
"66","000","00","018","1802","0557","741","418","323","73","814","1302","0","62.52","32.1"
"66","000","00","018","1802","0558","746","464","282","87","833","1449","0","57.49","32.02"
"66","000","00","018","1803","0000","3175","1969","1206","362","3537","6169","0","57.34","31.92"
"66","000","00","018","1803","0559","878","560","318","147","1025","1621","0","63.23","34.55"
"66","000","00","018","1803","0560","808","486","322","116","924","1647","0","56.1","29.51"
"66","000","00","018","1803","0561","742","446","296","49","791","1441","0","54.89","30.95"
"66","000","00","018","1803","0562","747","477","270","50","797","1460","0","54.59","32.67"
"66","000","00","018","1804","0000","1819","1069","750","194","2013","3203","0","62.85","33.37"
"66","000","00","018","1804","0563","1042","602","440","99","1141","1832","0","62.28","32.86"
"66","000","00","018","1804","0564","777","467","310","95","872","1371","0","63.6","34.06"
"66","000","00","018","1805","0000","1704","1216","488","237","1941","3617","0","53.66","33.62"
"66","000","00","018","1805","0568","871","617","254","108","979","1733","0","56.49","35.6"
"66","000","00","018","1805","0569","833","599","234","129","962","1884","0","51.06","31.79"
"66","000","00","018","1806","0000","2210","1320","890","161","2371","4226","0","56.11","31.24"
"66","000","00","018","1806","0565","678","403","275","14","692","1418","0","48.8","28.42"
"66","000","00","018","1806","0566","818","503","315","69","887","1473","0","60.22","34.15"
"66","000","00","018","1806","0567","714","414","300","78","792","1335","0","59.33","31.01"
"66","000","00","018","1807","0000","2798","1717","1081","238","3036","5183","0","58.58","33.13"
"66","000","00","018","1807","0533","1015","649","366","76","1091","1887","0","57.82","34.39"
"66","000","00","018","1807","0534","823","475","348","78","901","1480","0","60.88","32.09"
"66","000","00","018","1807","0535","960","593","367","84","1044","1816","0","57.49","32.65"
"66","000","00","018","1808","0000","2466","1527","939","245","2711","4728","0","57.34","32.3"
"66","000","00","018","1808","0542","828","489","339","105","933","1635","0","57.06","29.91"
"66","000","00","018","1808","0543","870","557","313","75","945","1565","0","60.38","35.59"
"66","000","00","018","1808","0544","768","481","287","65","833","1528","0","54.52","31.48"
"66","000","00","018","1809","0000","2944","1775","1169","269","3213","6020","0","53.37","29.49"
"66","000","00","018","1809","0545","975","600","375","65","1040","1963","0","52.98","30.57"
"66","000","00","018","1809","0546","987","595","392","83","1070","2073","0","51.62","28.7"
"66","000","00","018","1809","0547","982","580","402","121","1103","1984","0","55.59","29.23"
"66","000","00","018","1810","0000","2963","1802","1161","318","3281","5882","0","55.78","30.64"
"66","000","00","018","1810","0536","852","503","349","132","984","1898","0","51.84","26.5"
"66","000","00","018","1810","0537","1048","654","394","100","1148","2008","0","57.17","32.57"
"66","000","00","018","1810","0538","1063","645","418","86","1149","1976","0","58.15","32.64"
"66","000","00","018","1811","0000","2452","1192","1260","213","2665","4464","0","59.7","26.7"
"66","000","00","018","1811","0539","868","517","351","109","977","1673","0","58.4","30.9"
"66","000","00","018","1811","0540","805","494","311","71","876","1409","0","62.17","35.06"
"66","000","00","018","1811","0541","779","181","598","33","812","1382","0","58.76","13.1"
"66","000","00","018","1812","0000","2963","1810","1153","230","3193","5906","0","54.06","30.65"
"66","000","00","018","1812","0524","1076","656","420","88","1164","2027","0","57.42","32.36"
"66","000","00","018","1812","0525","924","545","379","79","1003","1967","0","50.99","27.71"
"66","000","00","018","1812","0526","963","609","354","63","1026","1912","0","53.66","31.85"
"66","000","00","018","1813","0000","3088","1861","1227","245","3333","5941","0","56.1","31.32"
"66","000","00","018","1813","0530","1032","626","406","75","1107","2013","0","54.99","31.1"
"66","000","00","018","1813","0531","1020","615","405","104","1124","1917","0","58.63","32.08"
"66","000","00","018","1813","0532","1036","620","416","66","1102","2011","0","54.8","30.83"
"66","000","00","018","1814","0000","2496","1490","1006","282","2778","4776","0","58.17","31.2"
"66","000","00","018","1814","0548","875","530","345","66","941","1688","0","55.75","31.4"
"66","000","00","018","1814","0549","737","416","321","67","804","1387","0","57.97","29.99"
"66","000","00","018","1814","0550","884","544","340","149","1033","1701","0","60.73","31.98"
"66","000","00","018","1815","0000","1669","1027","642","178","1847","3600","0","51.31","28.53"
"66","000","00","018","1815","0551","882","544","338","97","979","1721","0","56.89","31.61"
"66","000","00","018","1815","0552","787","483","304","81","868","1879","0","46.19","25.71"
"66","000","00","019","0000","0000","9827","5903","3924","1113","10940","20860","24605","52.44","28.3"
"66","000","00","019","1901","0000","1766","1043","723","135","1901","3259","0","58.33","32.0"
"66","000","00","019","1901","1562","523","302","221","40","563","1011","0","55.69","29.87"
"66","000","00","019","1901","1563","641","390","251","52","693","1195","0","57.99","32.64"
"66","000","00","019","1901","1564","602","351","251","43","645","1053","0","61.25","33.33"
"66","000","00","019","1902","0000","804","465","339","78","882","1880","0","46.91","24.73"
"66","000","00","019","1902","1565","357","209","148","47","404","961","0","42.04","21.75"
"66","000","00","019","1902","1566","447","256","191","31","478","919","0","52.01","27.86"
"66","000","00","019","1903","0000","737","461","276","99","836","1367","0","61.16","33.72"
"66","000","00","019","1903","1567","737","461","276","99","836","1367","0","61.16","33.72"
"66","000","00","019","1904","0000","462","290","172","63","525","1010","0","51.98","28.71"
"66","000","00","019","1904","1568","462","290","172","63","525","1010","0","51.98","28.71"
"66","000","00","019","1905","0000","488","268","220","80","568","1169","0","48.59","22.93"
"66","000","00","019","1905","1569","488","268","220","80","568","1169","0","48.59","22.93"
"66","000","00","019","1906","0000","927","588","339","113","1040","1883","0","55.23","31.23"
"66","000","00","019","1906","1570","493","299","194","70","563","989","0","56.93","30.23"
"66","000","00","019","1906","1571","434","289","145","43","477","894","0","53.36","32.33"
"66","000","00","019","1907","0000","1273","793","480","106","1379","2936","0","46.97","27.01"
"66","000","00","019","1907","1572","498","325","173","39","537","1033","0","51.98","31.46"
"66","000","00","019","1907","1573","402","244","158","37","439","1058","0","41.49","23.06"
"66","000","00","019","1907","1574","373","224","149","30","403","845","0","47.69","26.51"
"66","000","00","019","1908","0000","356","166","190","35","391","576","0","67.88","28.82"
"66","000","00","019","1908","1575","356","166","190","35","391","576","0","67.88","28.82"
"66","000","00","019","1909","0000","1241","738","503","188","1429","2900","0","49.28","25.45"
"66","000","00","019","1909","1576","543","331","212","82","625","1229","0","50.85","26.93"
"66","000","00","019","1909","1577","347","202","145","53","400","890","0","44.94","22.7"
"66","000","00","019","1909","1578","351","205","146","53","404","781","0","51.73","26.25"
"66","000","00","019","1910","0000","621","387","234","58","679","1244","0","54.58","31.11"
"66","000","00","019","1910","1579","621","387","234","58","679","1244","0","54.58","31.11"
"66","000","00","019","1911","0000","352","199","153","39","391","889","0","43.98","22.38"
"66","000","00","019","1911","1580","71","42","29","10","81","213","0","38.03","19.72"
"66","000","00","019","1911","1581","281","157","124","29","310","676","0","45.86","23.22"
"66","000","00","019","1912","0000","246","162","84","36","282","585","0","48.21","27.69"
"66","000","00","019","1912","1582","246","162","84","36","282","585","0","48.21","27.69"
"66","000","00","019","1913","0000","554","343","211","83","637","1162","0","54.82","29.52"
"66","000","00","019","1913","1583","451","280","171","75","526","938","0","56.08","29.85"
"66","000","00","019","1913","1584","103","63","40","8","111","224","0","49.55","28.13"
"66","000","00","020","0000","0000","6787","4113","2674","810","7597","12880","14968","58.98","31.93"
"66","000","00","020","2001","0000","656","412","244","72","728","1244","0","58.52","33.12"
"66","000","00","020","2001","1552","656","412","244","72","728","1244","0","58.52","33.12"
"66","000","00","020","2002","0000","780","470","310","80","860","1539","0","55.88","30.54"
"66","000","00","020","2002","1553","780","470","310","80","860","1539","0","55.88","30.54"
"66","000","00","020","2003","0000","658","383","275","52","710","1202","0","59.07","31.86"
"66","000","00","020","2003","1554","658","383","275","52","710","1202","0","59.07","31.86"
"66","000","00","020","2004","0000","592","341","251","105","697","1272","0","54.8","26.81"
"66","000","00","020","2004","1555","592","341","251","105","697","1272","0","54.8","26.81"
"66","000","00","020","2005","0000","330","207","123","60","390","652","0","59.82","31.75"
"66","000","00","020","2005","1556","330","207","123","60","390","652","0","59.82","31.75"
"66","000","00","020","2006","0000","840","504","336","119","959","1457","0","65.82","34.59"
"66","000","00","020","2006","1557","840","504","336","119","959","1457","0","65.82","34.59"
"66","000","00","020","2007","0000","910","595","315","109","1019","1836","0","55.5","32.41"
"66","000","00","020","2007","1558","910","595","315","109","1019","1836","0","55.5","32.41"
"66","000","00","020","2008","0000","521","307","214","62","583","1001","0","58.24","30.67"
"66","000","00","020","2008","1559","521","307","214","62","583","1001","0","58.24","30.67"
"66","000","00","020","2009","0000","823","486","337","65","888","1448","0","61.33","33.56"
"66","000","00","020","2009","1560","823","486","337","65","888","1448","0","61.33","33.56"
"66","000","00","020","2010","0000","677","408","269","86","763","1229","0","62.08","33.2"
"66","000","00","020","2010","1561","677","408","269","86","763","1229","0","62.08","33.2"
"66","000","00","021","0000","0000","14191","8609","5582","1562","15753","27059","32202","58.22","31.82"
"66","000","00","021","2101","0000","531","310","221","71","602","1059","0","56.85","29.27"
"66","000","00","021","2101","0071","531","310","221","71","602","1059","0","56.85","29.27"
"66","000","00","021","2102","0000","1204","713","491","104","1308","2163","0","60.47","32.96"
"66","000","00","021","2102","0072","558","327","231","33","591","1013","0","58.34","32.28"
"66","000","00","021","2102","0073","646","386","260","71","717","1150","0","62.35","33.57"
"66","000","00","021","2103","0000","933","551","382","136","1069","1902","0","56.2","28.97"
"66","000","00","021","2103","0081","933","551","382","136","1069","1902","0","56.2","28.97"
"66","000","00","021","2104","0000","2630","1641","989","228","2858","4635","0","61.66","35.4"
"66","000","00","021","2104","0074","1086","681","405","97","1183","1855","0","63.77","36.71"
"66","000","00","021","2104","0075","743","457","286","54","797","1327","0","60.06","34.44"
"66","000","00","021","2104","0076","801","503","298","77","878","1453","0","60.43","34.62"
"66","000","00","021","2105","0000","1955","1163","792","232","2187","3446","0","63.46","33.75"
"66","000","00","021","2105","0082","655","370","285","77","732","1138","0","64.32","32.51"
"66","000","00","021","2105","0083","590","360","230","89","679","1065","0","63.76","33.8"
"66","000","00","021","2105","0084","710","433","277","66","776","1243","0","62.43","34.84"
"66","000","00","021","2106","0000","3162","1866","1296","345","3507","6297","0","55.69","29.63"
"66","000","00","021","2106","0077","804","515","289","122","926","1653","0","56.02","31.16"
"66","000","00","021","2106","0078","810","478","332","66","876","1615","0","54.24","29.6"
"66","000","00","021","2106","0079","717","392","325","63","780","1470","0","53.06","26.67"
"66","000","00","021","2106","0080","831","481","350","94","925","1559","0","59.33","30.85"
"66","000","00","021","2107","0000","702","502","200","75","777","1391","0","55.86","36.09"
"66","000","00","021","2107","0088","702","502","200","75","777","1391","0","55.86","36.09"
"66","000","00","021","2108","0000","705","450","255","79","784","1216","0","64.47","37.01"
"66","000","00","021","2108","0087","705","450","255","79","784","1216","0","64.47","37.01"
"66","000","00","021","2109","0000","1062","614","448","123","1185","2131","0","55.61","28.81"
"66","000","00","021","2109","0085","478","274","204","50","528","962","0","54.89","28.48"
"66","000","00","021","2109","0086","584","340","244","73","657","1169","0","56.2","29.08"
"66","000","00","021","2110","0000","792","488","304","118","910","1616","0","56.31","30.2"
"66","000","00","021","2110","0089","792","488","304","118","910","1616","0","56.31","30.2"
"66","000","00","021","2111","0000","515","311","204","51","566","1203","0","47.05","25.85"
"66","000","00","021","2111","0090","515","311","204","51","566","1203","0","47.05","25.85"
"66","000","00","022","0000","0000","8407","4964","3443","1312","9719","16520","19250","58.83","30.05"
"66","000","00","022","2201","0000","485","289","196","84","569","1068","0","53.28","27.06"
"66","000","00","022","2201","0055","485","289","196","84","569","1068","0","53.28","27.06"
"66","000","00","022","2202","0000","528","319","209","85","613","1050","0","58.38","30.38"
"66","000","00","022","2202","0056","528","319","209","85","613","1050","0","58.38","30.38"
"66","000","00","022","2203","0000","1359","776","583","183","1542","2643","0","58.34","29.36"
"66","000","00","022","2203","0057","660","370","290","101","761","1246","0","61.08","29.7"
"66","000","00","022","2203","0058","699","406","293","82","781","1397","0","55.91","29.06"
"66","000","00","022","2204","0000","748","458","290","193","941","1581","0","59.52","28.97"
"66","000","00","022","2204","0061","458","285","173","138","596","914","0","65.21","31.18"
"66","000","00","022","2204","0062","290","173","117","55","345","667","0","51.72","25.94"
"66","000","00","022","2205","0000","592","364","228","100","692","1170","0","59.15","31.11"
"66","000","00","022","2205","0060","592","364","228","100","692","1170","0","59.15","31.11"
"66","000","00","022","2206","0000","660","381","279","97","757","1227","0","61.7","31.05"
"66","000","00","022","2206","0059","660","381","279","97","757","1227","0","61.7","31.05"
"66","000","00","022","2207","0000","404","254","150","79","483","890","0","54.27","28.54"
"66","000","00","022","2207","0063","404","254","150","79","483","890","0","54.27","28.54"
"66","000","00","022","2208","0000","843","477","366","134","977","1744","0","56.02","27.35"
"66","000","00","022","2208","0064","640","368","272","95","735","1289","0","57.02","28.55"
"66","000","00","022","2208","0065","203","109","94","39","242","455","0","53.19","23.96"
"66","000","00","022","2209","0000","521","321","200","62","583","1028","0","56.71","31.23"
"66","000","00","022","2209","0066","521","321","200","62","583","1028","0","56.71","31.23"
"66","000","00","022","2210","0000","749","438","311","117","866","1446","0","59.89","30.29"
"66","000","00","022","2210","0067","749","438","311","117","866","1446","0","59.89","30.29"
"66","000","00","022","2211","0000","967","586","381","130","1097","1750","0","62.69","33.49"
"66","000","00","022","2211","0068","407","248","159","41","448","688","0","65.12","36.05"
"66","000","00","022","2211","0069","560","338","222","89","649","1062","0","61.11","31.83"
"66","000","00","022","2212","0000","551","301","250","48","599","923","0","64.9","32.61"
"66","000","00","022","2212","0070","551","301","250","48","599","923","0","64.9","32.61"
"66","000","00","023","0000","0000","32406","19358","13048","3521","35927","61705","75275","58.22","31.37"
"66","000","00","023","2301","0000","4610","2774","1836","467","5077","8455","0","60.05","32.81"
"66","000","00","023","2301","0317","826","523","303","105","931","1480","0","62.91","35.34"
"66","000","00","023","2301","0318","1007","592","415","114","1121","1841","0","60.89","32.16"
"66","000","00","023","2301","0319","911","547","364","92","1003","1751","0","57.28","31.24"
"66","000","00","023","2301","0320","864","496","368","93","957","1547","0","61.86","32.06"
"66","000","00","023","2301","0321","1002","616","386","63","1065","1836","0","58.01","33.55"
"66","000","00","023","2302","0000","1342","783","559","228","1570","2534","0","61.96","30.9"
"66","000","00","023","2302","0322","689","405","284","134","823","1239","0","66.42","32.69"
"66","000","00","023","2302","0323","653","378","275","94","747","1295","0","57.68","29.19"
"66","000","00","023","2303","0000","2389","1404","985","261","2650","4707","0","56.3","29.83"
"66","000","00","023","2303","0324","615","370","245","99","714","1263","0","56.53","29.3"
"66","000","00","023","2303","0325","853","475","378","53","906","1622","0","55.86","29.28"
"66","000","00","023","2303","0326","921","559","362","109","1030","1822","0","56.53","30.68"
"66","000","00","023","2304","0000","2564","1512","1052","225","2789","4813","0","57.95","31.41"
"66","000","00","023","2304","0327","995","593","402","97","1092","1966","0","55.54","30.16"
"66","000","00","023","2304","0328","878","520","358","68","946","1615","0","58.58","32.2"
"66","000","00","023","2304","0329","691","399","292","60","751","1232","0","60.96","32.39"
"66","000","00","023","2305","0000","1268","742","526","100","1368","2512","0","54.46","29.54"
"66","000","00","023","2305","0330","699","405","294","45","744","1347","0","55.23","30.07"
"66","000","00","023","2305","0331","569","337","232","55","624","1165","0","53.56","28.93"
"66","000","00","023","2306","0000","6743","4028","2715","659","7402","12812","0","57.77","31.44"
"66","000","00","023","2306","0332","928","573","355","62","990","1664","0","59.5","34.44"
"66","000","00","023","2306","0333","663","368","295","77","740","1230","0","60.16","29.92"
"66","000","00","023","2306","0334","871","521","350","117","988","1574","0","62.77","33.1"
"66","000","00","023","2306","0335","845","511","334","68","913","1452","0","62.88","35.19"
"66","000","00","023","2306","0336","885","547","338","100","985","1879","0","52.42","29.11"
"66","000","00","023","2306","0337","827","483","344","76","903","1601","0","56.4","30.17"
"66","000","00","023","2306","0338","864","528","336","85","949","1546","0","61.38","34.15"
"66","000","00","023","2306","0339","860","497","363","74","934","1866","0","50.05","26.63"
"66","000","00","023","2307","0000","3930","2415","1515","399","4329","7449","0","58.12","32.42"
"66","000","00","023","2307","0340","1048","622","426","99","1147","1938","0","59.18","32.09"
"66","000","00","023","2307","0341","924","560","364","109","1033","1759","0","58.73","31.84"
"66","000","00","023","2307","0342","1034","651","383","110","1144","2061","0","55.51","31.59"
"66","000","00","023","2307","0343","924","582","342","81","1005","1691","0","59.43","34.42"
"66","000","00","023","2308","0000","1267","710","557","144","1411","2260","0","62.43","31.42"
"66","000","00","023","2308","0344","597","318","279","81","678","1039","0","65.26","30.61"
"66","000","00","023","2308","0345","670","392","278","63","733","1221","0","60.03","32.1"
"66","000","00","023","2309","0000","896","533","363","110","1006","1650","0","60.97","32.3"
"66","000","00","023","2309","0346","896","533","363","110","1006","1650","0","60.97","32.3"
"66","000","00","023","2310","0000","1197","716","481","106","1303","2157","0","60.41","33.19"
"66","000","00","023","2310","0347","514","307","207","63","577","937","0","61.58","32.76"
"66","000","00","023","2310","0348","683","409","274","43","726","1220","0","59.51","33.52"
"66","000","00","023","2311","0000","888","584","304","179","1067","2139","0","49.88","27.3"
"66","000","00","023","2311","0349","888","584","304","179","1067","2139","0","49.88","27.3"
"66","000","00","023","2312","0000","2300","1395","905","286","2586","4356","0","59.37","32.02"
"66","000","00","023","2312","0350","778","455","323","105","883","1371","0","64.41","33.19"
"66","000","00","023","2312","0351","681","421","260","73","754","1277","0","59.04","32.97"
"66","000","00","023","2312","0352","841","519","322","108","949","1708","0","55.56","30.39"
"66","000","00","023","2313","0000","1041","628","413","115","1156","2048","0","56.45","30.66"
"66","000","00","023","2313","0353","1041","628","413","115","1156","2048","0","56.45","30.66"
"66","000","00","023","2314","0000","840","495","345","69","909","1632","0","55.7","30.33"
"66","000","00","023","2314","0354","840","495","345","69","909","1632","0","55.7","30.33"
"66","000","00","023","2315","0000","722","418","304","84","806","1327","0","60.74","31.5"
"66","000","00","023","2315","0355","722","418","304","84","806","1327","0","60.74","31.5"
"66","000","00","023","2316","0000","409","221","188","89","498","854","0","58.31","25.88"
"66","000","00","023","2316","0356","409","221","188","89","498","854","0","58.31","25.88"
"66","000","00","024","0000","0000","24589","14878","9711","2880","27469","47457","57267","57.88","31.35"
"66","000","00","024","2401","0000","2210","1331","879","253","2463","4327","0","56.92","30.76"
"66","000","00","024","2401","0284","721","419","302","73","794","1415","0","56.11","29.61"
"66","000","00","024","2401","0285","659","409","250","88","747","1392","0","53.66","29.38"
"66","000","00","024","2401","0286","830","503","327","92","922","1520","0","60.66","33.09"
"66","000","00","024","2402","0000","512","321","191","71","583","862","0","67.63","37.24"
"66","000","00","024","2402","0287","512","321","191","71","583","862","0","67.63","37.24"
"66","000","00","024","2403","0000","1893","1178","715","245","2138","3558","0","60.09","33.11"
"66","000","00","024","2403","0288","697","440","257","81","778","1256","0","61.94","35.03"
"66","000","00","024","2403","0289","659","426","233","88","747","1292","0","57.82","32.97"
"66","000","00","024","2403","0290","537","312","225","76","613","1010","0","60.69","30.89"
"66","000","00","024","2404","0000","811","467","344","108","919","1485","0","61.89","31.45"
"66","000","00","024","2404","0291","811","467","344","108","919","1485","0","61.89","31.45"
"66","000","00","024","2405","0000","1305","804","501","199","1504","2440","0","61.64","32.95"
"66","000","00","024","2405","0292","659","415","244","100","759","1190","0","63.78","34.87"
"66","000","00","024","2405","0293","646","389","257","99","745","1250","0","59.6","31.12"
"66","000","00","024","2406","0000","1356","911","445","161","1517","2604","0","58.26","34.98"
"66","000","00","024","2406","0294","699","420","279","82","781","1310","0","59.62","32.06"
"66","000","00","024","2406","0295","657","491","166","79","736","1294","0","56.88","37.94"
"66","000","00","024","2407","0000","1637","978","659","196","1833","3050","0","60.1","32.07"
"66","000","00","024","2407","0296","980","576","404","103","1083","1734","0","62.46","33.22"
"66","000","00","024","2407","0297","657","402","255","93","750","1316","0","56.99","30.55"
"66","000","00","024","2408","0000","1186","721","465","135","1321","2127","0","62.11","33.9"
"66","000","00","024","2408","0298","435","258","177","73","508","854","0","59.48","30.21"
"66","000","00","024","2408","0299","751","463","288","62","813","1273","0","63.86","36.37"
"66","000","00","024","2409","0000","500","299","201","43","543","851","0","63.81","35.14"
"66","000","00","024","2409","0300","500","299","201","43","543","851","0","63.81","35.14"
"66","000","00","024","2410","0000","835","529","306","68","903","1629","0","55.43","32.47"
"66","000","00","024","2410","0301","835","529","306","68","903","1629","0","55.43","32.47"
"66","000","00","024","2411","0000","832","507","325","127","959","1709","0","56.11","29.67"
"66","000","00","024","2411","0302","832","507","325","127","959","1709","0","56.11","29.67"
"66","000","00","024","2412","0000","455","267","188","54","509","953","0","53.41","28.02"
"66","000","00","024","2412","0303","455","267","188","54","509","953","0","53.41","28.02"
"66","000","00","024","2413","0000","754","422","332","61","815","1336","0","61.0","31.59"
"66","000","00","024","2413","0304","754","422","332","61","815","1336","0","61.0","31.59"
"66","000","00","024","2414","0000","3716","2283","1433","386","4102","7282","0","56.33","31.35"
"66","000","00","024","2414","0305","1024","609","415","119","1143","2113","0","54.09","28.82"
"66","000","00","024","2414","0306","859","527","332","161","1020","1730","0","58.96","30.46"
"66","000","00","024","2414","0307","900","571","329","50","950","1692","0","56.15","33.75"
"66","000","00","024","2414","0308","933","576","357","56","989","1747","0","56.61","32.97"
"66","000","00","024","2415","0000","2497","1514","983","263","2760","5020","0","54.98","30.16"
"66","000","00","024","2415","0309","834","527","307","101","935","1672","0","55.92","31.52"
"66","000","00","024","2415","0310","818","467","351","68","886","1675","0","52.9","27.88"
"66","000","00","024","2415","0311","845","520","325","94","939","1673","0","56.13","31.08"
"66","000","00","024","2416","0000","2315","1324","991","266","2581","4732","0","54.54","27.98"
"66","000","00","024","2416","0312","869","481","388","88","957","1636","0","58.5","29.4"
"66","000","00","024","2416","0313","822","497","325","121","943","1753","0","53.79","28.35"
"66","000","00","024","2416","0314","624","346","278","57","681","1343","0","50.71","25.76"
"66","000","00","024","2417","0000","1775","1022","753","244","2019","3492","0","57.82","29.27"
"66","000","00","024","2417","0315","897","513","384","90","987","1822","0","54.17","28.16"
"66","000","00","024","2417","0316","878","509","369","154","1032","1670","0","61.8","30.48"
"66","000","00","025","0000","0000","32304","19422","12882","3304","35608","63584","77922","56.0","30.55"
"66","000","00","025","2501","0000","1593","1005","588","190","1783","3033","0","58.79","33.14"
"66","000","00","025","2501","0239","942","595","347","115","1057","1758","0","60.13","33.85"
"66","000","00","025","2501","0240","651","410","241","75","726","1275","0","56.94","32.16"
"66","000","00","025","2502","0000","1271","738","533","146","1417","2782","0","50.93","26.53"
"66","000","00","025","2502","0241","615","353","262","56","671","1379","0","48.66","25.6"
"66","000","00","025","2502","0242","656","385","271","90","746","1403","0","53.17","27.44"
"66","000","00","025","2503","0000","982","586","396","120","1102","1875","0","58.77","31.25"
"66","000","00","025","2503","0243","508","283","225","56","564","974","0","57.91","29.06"
"66","000","00","025","2503","0244","474","303","171","64","538","901","0","59.71","33.63"
"66","000","00","025","2504","0000","1739","1054","685","207","1946","3388","0","57.44","31.11"
"66","000","00","025","2504","0245","868","523","345","117","985","1779","0","55.37","29.4"
"66","000","00","025","2504","0246","871","531","340","90","961","1609","0","59.73","33.0"
"66","000","00","025","2505","0000","492","216","276","43","535","1038","0","51.54","20.81"
"66","000","00","025","2505","0247","492","216","276","43","535","1038","0","51.54","20.81"
"66","000","00","025","2506","0000","1255","793","462","119","1374","2249","0","61.09","35.26"
"66","000","00","025","2506","0248","721","463","258","83","804","1328","0","60.54","34.86"
"66","000","00","025","2506","0249","534","330","204","36","570","921","0","61.89","35.83"
"66","000","00","025","2507","0000","2297","1351","946","262","2559","5028","0","50.89","26.87"
"66","000","00","025","2507","0250","748","460","288","97","845","1609","0","52.52","28.59"
"66","000","00","025","2507","0251","540","308","232","34","574","1227","0","46.78","25.1"
"66","000","00","025","2507","0252","633","378","255","92","725","1278","0","56.73","29.58"
"66","000","00","025","2507","0253","376","205","171","39","415","914","0","45.4","22.43"
"66","000","00","025","2508","0000","1308","771","537","111","1419","2911","0","48.75","26.49"
"66","000","00","025","2508","0254","751","448","303","47","798","1678","0","47.56","26.7"
"66","000","00","025","2508","0255","557","323","234","64","621","1233","0","50.36","26.2"
"66","000","00","025","2509","0000","2472","1489","983","260","2732","4945","0","55.25","30.11"
"66","000","00","025","2509","0256","764","459","305","95","859","1520","0","56.51","30.2"
"66","000","00","025","2509","0257","890","561","329","82","972","1905","0","51.02","29.45"
"66","000","00","025","2509","0258","818","469","349","83","901","1520","0","59.28","30.86"
"66","000","00","025","2510","0000","2872","1710","1162","240","3112","5692","0","54.67","30.04"
"66","000","00","025","2510","0259","680","389","291","70","750","1385","0","54.15","28.09"
"66","000","00","025","2510","0260","624","367","257","57","681","1212","0","56.19","30.28"
"66","000","00","025","2510","0261","771","504","267","42","813","1432","0","56.77","35.2"
"66","000","00","025","2510","0262","797","450","347","71","868","1663","0","52.19","27.06"
"66","000","00","025","2511","0000","3678","2199","1479","331","4009","7249","0","55.3","30.34"
"66","000","00","025","2511","0263","687","438","249","65","752","1422","0","52.88","30.8"
"66","000","00","025","2511","0264","746","409","337","84","830","1616","0","51.36","25.31"
"66","000","00","025","2511","0265","767","474","293","73","840","1422","0","59.07","33.33"
"66","000","00","025","2511","0266","631","367","264","56","687","1165","0","58.97","31.5"
"66","000","00","025","2511","0267","847","511","336","53","900","1624","0","55.42","31.47"
"66","000","00","025","2512","0000","1335","849","486","155","1490","2556","0","58.29","33.22"
"66","000","00","025","2512","0268","810","522","288","93","903","1613","0","55.98","32.36"
"66","000","00","025","2512","0269","525","327","198","62","587","943","0","62.25","34.68"
"66","000","00","025","2513","0000","3023","1829","1194","380","3403","6091","0","55.87","30.03"
"66","000","00","025","2513","0270","740","437","303","111","851","1595","0","53.35","27.4"
"66","000","00","025","2513","0271","788","491","297","100","888","1508","0","58.89","32.56"
"66","000","00","025","2513","0272","708","430","278","81","789","1479","0","53.35","29.07"
"66","000","00","025","2513","0273","787","471","316","88","875","1509","0","57.99","31.21"
"66","000","00","025","2514","0000","844","510","334","98","942","1582","0","59.54","32.24"
"66","000","00","025","2514","0274","844","510","334","98","942","1582","0","59.54","32.24"
"66","000","00","025","2515","0000","2594","1482","1112","254","2848","4692","0","60.7","31.59"
"66","000","00","025","2515","0280","602","335","267","58","660","1121","0","58.88","29.88"
"66","000","00","025","2515","0281","557","324","233","64","621","987","0","62.92","32.83"
"66","000","00","025","2515","0282","661","364","297","59","720","1206","0","59.7","30.18"
"66","000","00","025","2515","0283","774","459","315","73","847","1378","0","61.47","33.31"
"66","000","00","025","2516","0000","4549","2840","1709","388","4937","8473","0","58.27","33.52"
"66","000","00","025","2516","0275","887","657","230","86","973","1725","0","56.41","38.09"
"66","000","00","025","2516","0276","849","523","326","78","927","1616","0","57.36","32.36"
"66","000","00","025","2516","0277","909","532","377","64","973","1657","0","58.72","32.11"
"66","000","00","025","2516","0278","948","590","358","83","1031","1774","0","58.12","33.26"
"66","000","00","025","2516","0279","956","538","418","77","1033","1701","0","60.73","31.63"
"66","000","00","026","0000","0000","29326","17744","11582","3938","33264","55225","65632","60.23","32.13"
"66","000","00","026","2601","0000","674","408","266","70","744","1205","0","61.74","33.86"
"66","000","00","026","2601","1470","674","408","266","70","744","1205","0","61.74","33.86"
"66","000","00","026","2602","0000","4855","2994","1861","563","5418","9281","0","58.38","32.26"
"66","000","00","026","2602","1471","833","491","342","89","922","1620","0","56.91","30.31"
"66","000","00","026","2602","1472","845","537","308","111","956","1559","0","61.32","34.45"
"66","000","00","026","2602","1473","840","535","305","96","936","1660","0","56.39","32.23"
"66","000","00","026","2602","1474","891","551","340","89","980","1602","0","61.17","34.39"
"66","000","00","026","2602","1475","650","395","255","83","733","1325","0","55.32","29.81"
"66","000","00","026","2602","1476","796","485","311","95","891","1515","0","58.81","32.01"
"66","000","00","026","2603","0000","2360","1389","971","285","2645","4738","0","55.83","29.32"
"66","000","00","026","2603","1477","784","437","347","94","878","1561","0","56.25","27.99"
"66","000","00","026","2603","1478","812","480","332","98","910","1691","0","53.81","28.39"
"66","000","00","026","2603","1479","764","472","292","93","857","1486","0","57.67","31.76"
"66","000","00","026","2604","0000","1302","793","509","163","1465","2333","0","62.79","33.99"
"66","000","00","026","2604","1480","526","300","226","86","612","975","0","62.77","30.77"
"66","000","00","026","2604","1481","776","493","283","77","853","1358","0","62.81","36.3"
"66","000","00","026","2605","0000","1164","681","483","157","1321","1996","0","66.18","34.12"
"66","000","00","026","2605","1482","689","410","279","70","759","1141","0","66.52","35.93"
"66","000","00","026","2605","1483","475","271","204","87","562","855","0","65.73","31.7"
"66","000","00","026","2606","0000","628","379","249","91","719","1202","0","59.82","31.53"
"66","000","00","026","2606","1484","628","379","249","91","719","1202","0","59.82","31.53"
"66","000","00","026","2607","0000","530","304","226","71","601","1078","0","55.75","28.2"
"66","000","00","026","2607","1485","530","304","226","71","601","1078","0","55.75","28.2"
"66","000","00","026","2608","0000","3186","2035","1151","353","3539","5834","0","60.66","34.88"
"66","000","00","026","2608","1486","769","471","298","95","864","1456","0","59.34","32.35"
"66","000","00","026","2608","1487","872","552","320","83","955","1573","0","60.71","35.09"
"66","000","00","026","2608","1488","850","561","289","91","941","1591","0","59.15","35.26"
"66","000","00","026","2608","1489","695","451","244","84","779","1214","0","64.17","37.15"
"66","000","00","026","2609","0000","1631","1005","626","190","1821","2936","0","62.02","34.23"
"66","000","00","026","2609","1508","765","493","272","91","856","1363","0","62.8","36.17"
"66","000","00","026","2609","1509","866","512","354","99","965","1573","0","61.35","32.55"
"66","000","00","026","2610","0000","2046","1219","827","225","2271","3910","0","58.08","31.18"
"66","000","00","026","2610","1490","640","369","271","85","725","1267","0","57.22","29.12"
"66","000","00","026","2610","1491","680","435","245","88","768","1277","0","60.14","34.06"
"66","000","00","026","2610","1492","726","415","311","52","778","1366","0","56.95","30.38"
"66","000","00","026","2611","0000","1082","649","433","147","1229","1857","0","66.18","34.95"
"66","000","00","026","2611","1493","585","354","231","103","688","994","0","69.22","35.61"
"66","000","00","026","2611","1494","497","295","202","44","541","863","0","62.69","34.18"
"66","000","00","026","2612","0000","1220","728","492","194","1414","2436","0","58.05","29.89"
"66","000","00","026","2612","1495","641","392","249","91","732","1274","0","57.46","30.77"
"66","000","00","026","2612","1496","579","336","243","103","682","1162","0","58.69","28.92"
"66","000","00","026","2613","0000","1357","817","540","212","1569","2574","0","60.96","31.74"
"66","000","00","026","2613","1497","674","397","277","105","779","1252","0","62.22","31.71"
"66","000","00","026","2613","1498","683","420","263","107","790","1322","0","59.76","31.77"
"66","000","00","026","2614","0000","1274","762","512","239","1513","2642","0","57.27","28.84"
"66","000","00","026","2614","1504","584","344","240","128","712","1314","0","54.19","26.18"
"66","000","00","026","2614","1505","690","418","272","111","801","1328","0","60.32","31.48"
"66","000","00","026","2615","0000","1081","672","409","186","1267","2077","0","61.0","32.35"
"66","000","00","026","2615","1506","491","300","191","96","587","989","0","59.35","30.33"
"66","000","00","026","2615","1507","590","372","218","90","680","1088","0","62.5","34.19"
"66","000","00","026","2616","0000","553","303","250","93","646","1117","0","57.83","27.13"
"66","000","00","026","2616","1510","553","303","250","93","646","1117","0","57.83","27.13"
"66","000","00","026","2617","0000","1329","795","534","219","1548","2366","0","65.43","33.6"
"66","000","00","026","2617","1511","755","447","308","109","864","1342","0","64.38","33.31"
"66","000","00","026","2617","1512","574","348","226","110","684","1024","0","66.8","33.98"
"66","000","00","026","2618","0000","1244","708","536","205","1449","2272","0","63.78","31.16"
"66","000","00","026","2618","1499","616","355","261","92","708","1116","0","63.44","31.81"
"66","000","00","026","2618","1500","628","353","275","113","741","1156","0","64.1","30.54"
"66","000","00","026","2619","0000","1161","691","470","196","1357","2075","0","65.4","33.3"
"66","000","00","026","2619","1501","614","360","254","115","729","1147","0","63.56","31.39"
"66","000","00","026","2619","1502","547","331","216","81","628","928","0","67.67","35.67"
"66","000","00","026","2620","0000","649","412","237","79","728","1296","0","56.17","31.79"
"66","000","00","026","2620","1503","649","412","237","79","728","1296","0","56.17","31.79"
"66","000","00","027","0000","0000","78260","47742","30518","7597","85857","157926","191097","54.37","30.23"
"66","000","00","027","2701","0000","2669","1560","1109","293","2962","5448","0","54.37","28.63"
"66","000","00","027","2701","1271","911","550","361","84","995","1821","0","54.64","30.2"
"66","000","00","027","2701","1272","759","455","304","78","837","1680","0","49.82","27.08"
"66","000","00","027","2701","1273","999","555","444","131","1130","1947","0","58.04","28.51"
"66","000","00","027","2702","0000","3066","1849","1217","288","3354","5757","0","58.26","32.12"
"66","000","00","027","2702","1274","1054","640","414","99","1153","1910","0","60.37","33.51"
"66","000","00","027","2702","1275","940","538","402","82","1022","1894","0","53.96","28.41"
"66","000","00","027","2702","1276","1072","671","401","107","1179","1953","0","60.37","34.36"
"66","000","00","027","2703","0000","1999","1252","747","161","2160","4067","0","53.11","30.78"
"66","000","00","027","2703","1281","985","648","337","107","1092","2011","0","54.3","32.22"
"66","000","00","027","2703","1282","1014","604","410","54","1068","2056","0","51.95","29.38"
"66","000","00","027","2704","0000","1780","1014","766","210","1990","3317","0","59.99","30.57"
"66","000","00","027","2704","1287","1020","598","422","111","1131","1886","0","59.97","31.71"
"66","000","00","027","2704","1288","760","416","344","99","859","1431","0","60.03","29.07"
"66","000","00","027","2705","0000","1467","896","571","117","1584","2924","0","54.17","30.64"
"66","000","00","027","2705","1297","659","394","265","82","741","1378","0","53.77","28.59"
"66","000","00","027","2705","1298","808","502","306","35","843","1546","0","54.53","32.47"
"66","000","00","027","2706","0000","1985","1217","768","210","2195","4083","0","53.76","29.81"
"66","000","00","027","2706","1291","998","622","376","113","1111","2048","0","54.25","30.37"
"66","000","00","027","2706","1292","987","595","392","97","1084","2035","0","53.27","29.24"
"66","000","00","027","2707","0000","2923","1778","1145","277","3200","6114","0","52.34","29.08"
"66","000","00","027","2707","1316","852","541","311","70","922","1623","0","56.81","33.33"
"66","000","00","027","2707","1317","682","407","275","79","761","1548","0","49.16","26.29"
"66","000","00","027","2707","1318","714","452","262","80","794","1442","0","55.06","31.35"
"66","000","00","027","2707","1319","675","378","297","48","723","1501","0","48.17","25.18"
"66","000","00","027","2708","0000","1642","1056","586","142","1784","3605","0","49.49","29.29"
"66","000","00","027","2708","1312","902","572","330","95","997","1654","0","60.28","34.58"
"66","000","00","027","2708","1313","740","484","256","47","787","1951","0","40.34","24.81"
"66","000","00","027","2709","0000","1476","1094","382","187","1663","3281","0","50.69","33.34"
"66","000","00","027","2709","1301","851","521","330","105","956","1582","0","60.43","32.93"
"66","000","00","027","2709","1302","625","573","52","82","707","1699","0","41.61","33.73"
"66","000","00","027","2710","0000","2462","1495","967","201","2663","5163","0","51.58","28.96"
"66","000","00","027","2710","1307","851","524","327","54","905","1776","0","50.96","29.5"
"66","000","00","027","2710","1308","876","522","354","67","943","1729","0","54.54","30.19"
"66","000","00","027","2710","1309","735","449","286","80","815","1658","0","49.16","27.08"
"66","000","00","027","2711","0000","3659","2301","1358","371","4030","7262","0","55.49","31.69"
"66","000","00","027","2711","1325","1032","682","350","179","1211","2075","0","58.36","32.87"
"66","000","00","027","2711","1326","828","509","319","68","896","1723","0","52.0","29.54"
"66","000","00","027","2711","1327","1058","664","394","83","1141","2049","0","55.69","32.41"
"66","000","00","027","2711","1328","741","446","295","41","782","1415","0","55.27","31.52"
"66","000","00","027","2712","0000","3748","2239","1509","357","4105","7197","0","57.04","31.11"
"66","000","00","027","2712","1335","904","520","384","75","979","1667","0","58.73","31.19"
"66","000","00","027","2712","1336","931","571","360","88","1019","1793","0","56.83","31.85"
"66","000","00","027","2712","1337","1000","611","389","84","1084","1903","0","56.96","32.11"
"66","000","00","027","2712","1338","913","537","376","110","1023","1834","0","55.78","29.28"
"66","000","00","027","2713","0000","2866","1756","1110","199","3065","5993","0","51.14","29.3"
"66","000","00","027","2713","1346","896","532","364","76","972","1974","0","49.24","26.95"
"66","000","00","027","2713","1347","956","577","379","60","1016","1828","0","55.58","31.56"
"66","000","00","027","2713","1348","1014","647","367","63","1077","2191","0","49.16","29.53"
"66","000","00","027","2714","0000","833","504","329","129","962","1825","0","52.71","27.62"
"66","000","00","027","2714","1349","833","504","329","129","962","1825","0","52.71","27.62"
"66","000","00","027","2715","0000","601","359","242","88","689","1225","0","56.24","29.31"
"66","000","00","027","2715","1351","601","359","242","88","689","1225","0","56.24","29.31"
"66","000","00","027","2716","0000","1516","875","641","223","1739","3179","0","54.7","27.52"
"66","000","00","027","2716","1352","854","492","362","82","936","1678","0","55.78","29.32"
"66","000","00","027","2716","1353","662","383","279","141","803","1501","0","53.5","25.52"
"66","000","00","027","2717","0000","1505","848","657","144","1649","3094","0","53.3","27.41"
"66","000","00","027","2717","1357","650","359","291","35","685","1428","0","47.97","25.14"
"66","000","00","027","2717","1358","855","489","366","109","964","1666","0","57.86","29.35"
"66","000","00","027","2718","0000","2299","1361","938","238","2537","4710","0","53.86","28.9"
"66","000","00","027","2718","1361","605","371","234","62","667","1166","0","57.2","31.82"
"66","000","00","027","2718","1362","967","568","399","92","1059","1790","0","59.16","31.73"
"66","000","00","027","2718","1363","727","422","305","84","811","1754","0","46.24","24.06"
"66","000","00","027","2719","0000","382","220","162","67","449","699","0","64.23","31.47"
"66","000","00","027","2719","1356","382","220","162","67","449","699","0","64.23","31.47"
"66","000","00","027","2720","0000","3443","2131","1312","329","3772","6563","0","57.47","32.47"
"66","000","00","027","2720","1277","941","573","368","115","1056","1846","0","57.2","31.04"
"66","000","00","027","2720","1278","812","490","322","64","876","1493","0","58.67","32.82"
"66","000","00","027","2720","1279","804","490","314","94","898","1605","0","55.95","30.53"
"66","000","00","027","2720","1280","886","578","308","56","942","1619","0","58.18","35.7"
"66","000","00","027","2721","0000","1951","1137","814","218","2169","4094","0","52.98","27.77"
"66","000","00","027","2721","1289","944","550","394","113","1057","1930","0","54.77","28.5"
"66","000","00","027","2721","1290","1007","587","420","105","1112","2164","0","51.39","27.13"
"66","000","00","027","2722","0000","1768","1024","744","237","2005","3870","0","51.81","26.46"
"66","000","00","027","2722","1293","820","491","329","109","929","1685","0","55.13","29.14"
"66","000","00","027","2722","1294","948","533","415","128","1076","2185","0","49.24","24.39"
"66","000","00","027","2723","0000","1366","806","560","110","1476","2773","0","53.23","29.07"
"66","000","00","027","2723","1295","581","326","255","39","620","1176","0","52.72","27.72"
"66","000","00","027","2723","1296","785","480","305","71","856","1597","0","53.6","30.06"
"66","000","00","027","2724","0000","1822","1196","626","206","2028","3691","0","54.94","32.4"
"66","000","00","027","2724","1283","935","573","362","103","1038","1876","0","55.33","30.54"
"66","000","00","027","2724","1284","887","623","264","103","990","1815","0","54.55","34.33"
"66","000","00","027","2725","0000","1221","695","526","139","1360","2285","0","59.52","30.42"
"66","000","00","027","2725","1285","647","380","267","63","710","1281","0","55.43","29.66"
"66","000","00","027","2725","1286","574","315","259","76","650","1004","0","64.74","31.37"
"66","000","00","027","2726","0000","1391","836","555","157","1548","2943","0","52.6","28.41"
"66","000","00","027","2726","1299","868","529","339","87","955","1890","0","50.53","27.99"
"66","000","00","027","2726","1300","523","307","216","70","593","1053","0","56.32","29.15"
"66","000","00","027","2727","0000","2537","1590","947","160","2697","4703","0","57.35","33.81"
"66","000","00","027","2727","1339","761","495","266","60","821","1526","0","53.8","32.44"
"66","000","00","027","2727","1340","873","547","326","44","917","1483","0","61.83","36.88"
"66","000","00","027","2727","1341","903","548","355","56","959","1694","0","56.61","32.35"
"66","000","00","027","2728","0000","3589","2313","1276","239","3828","6795","0","56.34","34.04"
"66","000","00","027","2728","1342","896","575","321","76","972","1952","0","49.8","29.46"
"66","000","00","027","2728","1343","1017","578","439","62","1079","1995","0","54.09","28.97"
"66","000","00","027","2728","1344","721","620","101","40","761","1311","0","58.05","47.29"
"66","000","00","027","2728","1345","955","540","415","61","1016","1537","0","66.1","35.13"
"66","000","00","027","2729","0000","2797","1725","1072","241","3038","5574","0","54.5","30.95"
"66","000","00","027","2729","1329","909","563","346","87","996","1778","0","56.02","31.66"
"66","000","00","027","2729","1330","833","501","332","75","908","1706","0","53.22","29.37"
"66","000","00","027","2729","1331","1055","661","394","79","1134","2090","0","54.26","31.63"
"66","000","00","027","2730","0000","2409","1456","953","217","2626","5269","0","49.84","27.63"
"66","000","00","027","2730","1332","982","586","396","84","1066","2093","0","50.93","28.0"
"66","000","00","027","2730","1333","731","440","291","69","800","1688","0","47.39","26.07"
"66","000","00","027","2730","1334","696","430","266","64","760","1488","0","51.08","28.9"
"66","000","00","027","2731","0000","2768","1691","1077","276","3044","6065","0","50.19","27.88"
"66","000","00","027","2731","1320","924","560","364","52","976","2025","0","48.2","27.65"
"66","000","00","027","2731","1321","899","537","362","114","1013","1885","0","53.74","28.49"
"66","000","00","027","2731","1322","945","594","351","110","1055","2155","0","48.96","27.56"
"66","000","00","027","2732","0000","1635","963","672","164","1799","3796","0","47.39","25.37"
"66","000","00","027","2732","1323","810","445","365","74","884","1775","0","49.8","25.07"
"66","000","00","027","2732","1324","825","518","307","90","915","2021","0","45.27","25.63"
"66","000","00","027","2733","0000","1890","1205","685","157","2047","3762","0","54.41","32.03"
"66","000","00","027","2733","1310","984","618","366","88","1072","2010","0","53.33","30.75"
"66","000","00","027","2733","1311","906","587","319","69","975","1752","0","55.65","33.5"
"66","000","00","027","2734","0000","2492","1519","973","192","2684","4401","0","60.99","34.51"
"66","000","00","027","2734","1314","1250","758","492","104","1354","2170","0","62.4","34.93"
"66","000","00","027","2734","1315","1242","761","481","88","1330","2231","0","59.61","34.11"
"66","000","00","027","2735","0000","1241","713","528","150","1391","2556","0","54.42","27.9"
"66","000","00","027","2735","1303","729","417","312","84","813","1493","0","54.45","27.93"
"66","000","00","027","2735","1304","512","296","216","66","578","1063","0","54.37","27.85"
"66","000","00","027","2736","0000","1203","782","421","129","1332","2201","0","60.52","35.53"
"66","000","00","027","2736","1305","606","405","201","70","676","1117","0","60.52","36.26"
"66","000","00","027","2736","1306","597","377","220","59","656","1084","0","60.52","34.78"
"66","000","00","027","2737","0000","734","449","285","16","750","1559","0","48.11","28.8"
"66","000","00","027","2737","1350","734","449","285","16","750","1559","0","48.11","28.8"
"66","000","00","027","2738","0000","1809","1043","766","214","2023","3576","0","56.57","29.17"
"66","000","00","027","2738","1354","827","456","371","95","922","1450","0","63.59","31.45"
"66","000","00","027","2738","1355","982","587","395","119","1101","2126","0","51.79","27.61"
"66","000","00","027","2739","0000","1316","794","522","144","1460","2507","0","58.24","31.67"
"66","000","00","027","2739","1359","629","367","262","72","701","1241","0","56.49","29.57"
"66","000","00","027","2739","1360","687","427","260","72","759","1266","0","59.95","33.73"
"66","000","00","028","0000","0000","86970","52609","34361","8899","95869","171769","211860","55.81","30.63"
"66","000","00","028","2801","0000","1811","1046","765","217","2028","3508","0","57.81","29.82"
"66","000","00","028","2801","1373","848","516","332","84","932","1697","0","54.92","30.41"
"66","000","00","028","2801","1374","963","530","433","133","1096","1811","0","60.52","29.27"
"66","000","00","028","2802","0000","4858","2942","1916","581","5439","9923","0","54.81","29.65"
"66","000","00","028","2802","1375","891","539","352","93","984","1830","0","53.77","29.45"
"66","000","00","028","2802","1376","777","427","350","187","964","2228","0","43.27","19.17"
"66","000","00","028","2802","1377","1012","632","380","125","1137","1997","0","56.94","31.65"
"66","000","00","028","2802","1378","1213","793","420","82","1295","2033","0","63.7","39.01"
"66","000","00","028","2802","1379","965","551","414","94","1059","1835","0","57.71","30.03"
"66","000","00","028","2803","0000","1622","928","694","195","1817","3418","0","53.16","27.15"
"66","000","00","028","2803","1384","765","464","301","105","870","1621","0","53.67","28.62"
"66","000","00","028","2803","1385","857","464","393","90","947","1797","0","52.7","25.82"
"66","000","00","028","2804","0000","3539","2209","1330","314","3853","7122","0","54.1","31.02"
"66","000","00","028","2804","1422","933","555","378","65","998","1875","0","53.23","29.6"
"66","000","00","028","2804","1423","879","609","270","82","961","1670","0","57.54","36.47"
"66","000","00","028","2804","1424","917","545","372","101","1018","1898","0","53.64","28.71"
"66","000","00","028","2804","1425","810","500","310","66","876","1679","0","52.17","29.78"
"66","000","00","028","2805","0000","3467","2063","1404","411","3878","6924","0","56.01","29.79"
"66","000","00","028","2805","1386","605","364","241","47","652","1230","0","53.01","29.59"
"66","000","00","028","2805","1387","723","455","268","86","809","1488","0","54.37","30.58"
"66","000","00","028","2805","1388","686","416","270","103","789","1459","0","54.08","28.51"
"66","000","00","028","2805","1389","844","484","360","90","934","1647","0","56.71","29.39"
"66","000","00","028","2805","1390","609","344","265","85","694","1100","0","63.09","31.27"
"66","000","00","028","2806","0000","2041","1221","820","209","2250","3956","0","56.88","30.86"
"66","000","00","028","2806","1434","640","376","264","60","700","1103","0","63.46","34.09"
"66","000","00","028","2806","1435","692","431","261","59","751","1419","0","52.92","30.37"
"66","000","00","028","2806","1436","709","414","295","90","799","1434","0","55.72","28.87"
"66","000","00","028","2807","0000","2677","1626","1051","202","2879","5587","0","51.53","29.1"
"66","000","00","028","2807","1437","828","554","274","71","899","1875","0","47.95","29.55"
"66","000","00","028","2807","1438","920","536","384","70","990","1862","0","53.17","28.79"
"66","000","00","028","2807","1439","929","536","393","61","990","1850","0","53.51","28.97"
"66","000","00","028","2808","0000","4093","2483","1610","368","4461","8258","0","54.02","30.07"
"66","000","00","028","2808","1391","739","434","305","72","811","1410","0","57.52","30.78"
"66","000","00","028","2808","1392","861","538","323","98","959","1807","0","53.07","29.77"
"66","000","00","028","2808","1393","696","395","301","58","754","1331","0","56.65","29.68"
"66","000","00","028","2808","1394","904","559","345","64","968","1801","0","53.75","31.04"
"66","000","00","028","2808","1395","893","557","336","76","969","1909","0","50.76","29.18"
"66","000","00","028","2809","0000","1624","966","658","197","1821","3355","0","54.28","28.79"
"66","000","00","028","2809","1399","837","489","348","108","945","1753","0","53.91","27.9"
"66","000","00","028","2809","1400","787","477","310","89","876","1602","0","54.68","29.78"
"66","000","00","028","2810","0000","2484","1458","1026","287","2771","5278","0","52.5","27.62"
"66","000","00","028","2810","1451","845","473","372","93","938","1759","0","53.33","26.89"
"66","000","00","028","2810","1452","838","502","336","101","939","1783","0","52.66","28.15"
"66","000","00","028","2810","1453","801","483","318","93","894","1736","0","51.5","27.82"
"66","000","00","028","2811","0000","3703","2282","1421","371","4074","7599","0","53.61","30.03"
"66","000","00","028","2811","1458","928","588","340","95","1023","1836","0","55.72","32.03"
"66","000","00","028","2811","1459","957","591","366","90","1047","1913","0","54.73","30.89"
"66","000","00","028","2811","1460","892","544","348","109","1001","1913","0","52.33","28.44"
"66","000","00","028","2811","1461","926","559","367","77","1003","1937","0","51.78","28.86"
"66","000","00","028","2812","0000","2153","1299","854","275","2428","4237","0","57.3","30.66"
"66","000","00","028","2812","1401","564","344","220","96","660","1144","0","57.69","30.07"
"66","000","00","028","2812","1402","861","508","353","102","963","1655","0","58.19","30.69"
"66","000","00","028","2812","1403","728","447","281","77","805","1438","0","55.98","31.08"
"66","000","00","028","2813","0000","520","291","229","77","597","1000","0","59.7","29.1"
"66","000","00","028","2813","1404","520","291","229","77","597","1000","0","59.7","29.1"
"66","000","00","028","2814","0000","4173","2600","1573","440","4613","8369","0","55.12","31.07"
"66","000","00","028","2814","1405","864","535","329","95","959","1711","0","56.05","31.27"
"66","000","00","028","2814","1406","847","566","281","15","862","1698","0","50.77","33.33"
"66","000","00","028","2814","1407","928","561","367","135","1063","1914","0","55.54","29.31"
"66","000","00","028","2814","1408","754","470","284","70","824","1465","0","56.25","32.08"
"66","000","00","028","2814","1409","780","468","312","125","905","1581","0","57.24","29.6"
"66","000","00","028","2815","0000","2008","1202","806","146","2154","4438","0","48.54","27.08"
"66","000","00","028","2815","1414","545","325","220","40","585","1204","0","48.59","26.99"
"66","000","00","028","2815","1415","800","487","313","62","862","1761","0","48.95","27.65"
"66","000","00","028","2815","1416","663","390","273","44","707","1473","0","48.0","26.48"
"66","000","00","028","2816","0000","4291","2612","1679","501","4792","8428","0","56.86","30.99"
"66","000","00","028","2816","1417","862","535","327","85","947","1675","0","56.54","31.94"
"66","000","00","028","2816","1418","897","577","320","94","991","1755","0","56.47","32.88"
"66","000","00","028","2816","1419","820","484","336","122","942","1593","0","59.13","30.38"
"66","000","00","028","2816","1420","904","524","380","93","997","1799","0","55.42","29.13"
"66","000","00","028","2816","1421","808","492","316","107","915","1606","0","56.97","30.64"
"66","000","00","028","2817","0000","5851","3424","2427","591","6442","11504","0","56.0","29.76"
"66","000","00","028","2817","1462","759","437","322","64","823","1508","0","54.58","28.98"
"66","000","00","028","2817","1463","742","429","313","40","782","1340","0","58.36","32.01"
"66","000","00","028","2817","1464","873","529","344","97","970","1656","0","58.57","31.94"
"66","000","00","028","2817","1465","660","393","267","73","733","1290","0","56.82","30.47"
"66","000","00","028","2817","1466","860","509","351","63","923","1655","0","55.77","30.76"
"66","000","00","028","2817","1467","585","359","226","37","622","1260","0","49.37","28.49"
"66","000","00","028","2817","1468","671","377","294","56","727","1247","0","58.3","30.23"
"66","000","00","028","2817","1469","701","391","310","161","862","1548","0","55.68","25.26"
"66","000","00","028","2818","0000","4803","2826","1977","572","5375","9578","0","56.12","29.51"
"66","000","00","028","2818","1445","804","445","359","89","893","1701","0","52.5","26.16"
"66","000","00","028","2818","1446","721","443","278","110","831","1549","0","53.65","28.6"
"66","000","00","028","2818","1447","855","473","382","79","934","1567","0","59.6","30.19"
"66","000","00","028","2818","1448","813","503","310","98","911","1614","0","56.44","31.16"
"66","000","00","028","2818","1449","919","554","365","131","1050","1811","0","57.98","30.59"
"66","000","00","028","2818","1450","691","408","283","65","756","1336","0","56.59","30.54"
"66","000","00","028","2819","0000","4855","2998","1857","506","5361","10155","0","52.79","29.52"
"66","000","00","028","2819","1364","786","497","289","76","862","1614","0","53.41","30.79"
"66","000","00","028","2819","1365","741","465","276","59","800","1599","0","50.03","29.08"
"66","000","00","028","2819","1366","771","488","283","104","875","1715","0","51.02","28.45"
"66","000","00","028","2819","1367","666","419","247","46","712","1264","0","56.33","33.15"
"66","000","00","028","2819","1368","686","429","257","61","747","1416","0","52.75","30.3"
"66","000","00","028","2819","1369","585","356","229","56","641","1188","0","53.96","29.97"
"66","000","00","028","2819","1370","620","344","276","104","724","1359","0","53.27","25.31"
"66","000","00","028","2820","0000","1549","921","628","132","1681","2860","0","58.78","32.2"
"66","000","00","028","2820","1371","777","452","325","73","850","1457","0","58.34","31.02"
"66","000","00","028","2820","1372","772","469","303","59","831","1403","0","59.23","33.43"
"66","000","00","028","2821","0000","3187","1991","1196","244","3431","5775","0","59.41","34.48"
"66","000","00","028","2821","1380","680","423","257","43","723","1268","0","57.02","33.36"
"66","000","00","028","2821","1381","866","535","331","77","943","1645","0","57.33","32.52"
"66","000","00","028","2821","1382","854","543","311","64","918","1561","0","58.81","34.79"
"66","000","00","028","2821","1383","787","490","297","60","847","1301","0","65.1","37.66"
"66","000","00","028","2822","0000","2052","1257","795","263","2315","4102","0","56.44","30.64"
"66","000","00","028","2822","1426","657","388","269","97","754","1373","0","54.92","28.26"
"66","000","00","028","2822","1427","654","412","242","99","753","1299","0","57.97","31.72"
"66","000","00","028","2822","1428","741","457","284","67","808","1430","0","56.5","31.96"
"66","000","00","028","2823","0000","5457","3429","2028","366","5823","9149","0","63.65","37.48"
"66","000","00","028","2823","1429","1070","678","392","71","1141","1805","0","63.21","37.56"
"66","000","00","028","2823","1430","1105","648","457","59","1164","1806","0","64.45","35.88"
"66","000","00","028","2823","1431","1113","784","329","77","1190","1826","0","65.17","42.94"
"66","000","00","028","2823","1432","1102","691","411","75","1177","1805","0","65.21","38.28"
"66","000","00","028","2823","1433","1067","628","439","84","1151","1907","0","60.36","32.93"
"66","000","00","028","2824","0000","4644","2835","1809","408","5052","8472","0","59.63","33.46"
"66","000","00","028","2824","1440","856","498","358","79","935","1622","0","57.64","30.7"
"66","000","00","028","2824","1441","913","558","355","93","1006","1638","0","61.42","34.07"
"66","000","00","028","2824","1442","924","555","369","96","1020","1633","0","62.46","33.99"
"66","000","00","028","2824","1443","883","542","341","73","956","1662","0","57.52","32.61"
"66","000","00","028","2824","1444","1068","682","386","67","1135","1917","0","59.21","35.58"
"66","000","00","028","2825","0000","2562","1567","995","291","2853","5238","0","54.47","29.92"
"66","000","00","028","2825","1396","747","438","309","115","862","1699","0","50.74","25.78"
"66","000","00","028","2825","1397","866","532","334","84","950","1627","0","58.39","32.7"
"66","000","00","028","2825","1398","949","597","352","92","1041","1912","0","54.45","31.22"
"66","000","00","028","2826","0000","3927","2352","1575","380","4307","7648","0","56.32","30.75"
"66","000","00","028","2826","1454","976","615","361","72","1048","1874","0","55.92","32.82"
"66","000","00","028","2826","1455","932","520","412","148","1080","1889","0","57.17","27.53"
"66","000","00","028","2826","1456","972","577","395","72","1044","1947","0","53.62","29.64"
"66","000","00","028","2826","1457","1047","640","407","88","1135","1938","0","58.57","33.02"
"66","000","00","028","2827","0000","3019","1781","1238","355","3374","5888","0","57.3","30.25"
"66","000","00","028","2827","1410","783","473","310","115","898","1509","0","59.51","31.35"
"66","000","00","028","2827","1411","755","477","278","67","822","1570","0","52.36","30.38"
"66","000","00","028","2827","1412","750","446","304","82","832","1425","0","58.39","31.3"
"66","000","00","028","2827","1413","731","385","346","91","822","1384","0","59.39","27.82"
"66","000","00","029","0000","0000","5178","3117","2061","529","5707","9498","11066","60.09","32.82"
"66","000","00","029","2901","0000","1104","651","453","127","1231","1919","0","64.15","33.92"
"66","000","00","029","2901","1585","553","309","244","59","612","956","0","64.02","32.32"
"66","000","00","029","2901","1586","551","342","209","68","619","963","0","64.28","35.51"
"66","000","00","029","2902","0000","246","142","104","13","259","456","0","56.8","31.14"
"66","000","00","029","2902","1587","246","142","104","13","259","456","0","56.8","31.14"
"66","000","00","029","2903","0000","918","577","341","100","1018","1647","0","61.81","35.03"
"66","000","00","029","2903","1588","567","355","212","73","640","1011","0","63.3","35.11"
"66","000","00","029","2903","1589","351","222","129","27","378","636","0","59.43","34.91"
"66","000","00","029","2904","0000","297","162","135","16","313","451","0","69.4","35.92"
"66","000","00","029","2904","1595","297","162","135","16","313","451","0","69.4","35.92"
"66","000","00","029","2905","0000","685","448","237","63","748","1051","0","71.17","42.63"
"66","000","00","029","2905","1590","140","85","55","9","149","270","0","55.19","31.48"
"66","000","00","029","2905","1591","321","226","95","36","357","460","0","77.61","49.13"
"66","000","00","029","2905","1592","224","137","87","18","242","321","0","75.39","42.68"
"66","000","00","029","2906","0000","631","378","253","64","695","1119","0","62.11","33.78"
"66","000","00","029","2906","1593","441","253","188","54","495","783","0","63.22","32.31"
"66","000","00","029","2906","1594","190","125","65","10","200","336","0","59.52","37.2"
"66","000","00","029","2907","0000","898","539","359","105","1003","1985","0","50.53","27.15"
"66","000","00","029","2907","1596","177","96","81","16","193","366","0","52.73","26.23"
"66","000","00","029","2907","1597","311","198","113","14","325","771","0","42.15","25.68"
"66","000","00","029","2907","1598","274","172","102","43","317","574","0","55.23","29.97"
"66","000","00","029","2907","1599","136","73","63","32","168","274","0","61.31","26.64"
"66","000","00","029","2908","0000","399","220","179","41","440","870","0","50.57","25.29"
"66","000","00","029","2908","1600","80","35","45","7","87","157","0","55.41","22.29"
"66","000","00","029","2908","1601","319","185","134","34","353","713","0","49.51","25.95"
"67","000","00","000","0000","0000","733210","422398","310812","72547","805757","1594821","1883804","50.52","26.49"
"67","000","00","001","0000","0000","29399","17689","11710","2570","31969","64949","77651","49.22","27.24"
"67","000","00","001","0101","0000","2190","1311","879","276","2466","4741","0","52.01","27.65"
"67","000","00","001","0101","0116","716","426","290","78","794","1693","0","46.9","25.16"
"67","000","00","001","0101","0117","738","449","289","131","869","1561","0","55.67","28.76"
"67","000","00","001","0101","0118","736","436","300","67","803","1487","0","54.0","29.32"
"67","000","00","001","0102","0000","1093","628","465","73","1166","2299","0","50.72","27.32"
"67","000","00","001","0102","0119","584","332","252","43","627","1232","0","50.89","26.95"
"67","000","00","001","0102","0120","509","296","213","30","539","1067","0","50.52","27.74"
"67","000","00","001","0103","0000","1330","828","502","89","1419","2885","0","49.19","28.7"
"67","000","00","001","0103","0121","594","345","249","46","640","1419","0","45.1","24.31"
"67","000","00","001","0103","0122","736","483","253","43","779","1466","0","53.14","32.95"
"67","000","00","001","0107","0000","1385","768","617","94","1479","2940","0","50.31","26.12"
"67","000","00","001","0107","0126","462","239","223","35","497","888","0","55.97","26.91"
"67","000","00","001","0107","0127","513","295","218","32","545","1115","0","48.88","26.46"
"67","000","00","001","0107","0128","410","234","176","27","437","937","0","46.64","24.97"
"67","000","00","001","0108","0000","2004","1290","714","164","2168","4214","0","51.45","30.61"
"67","000","00","001","0108","0129","629","379","250","54","683","1387","0","49.24","27.33"
"67","000","00","001","0108","0130","689","494","195","67","756","1526","0","49.54","32.37"
"67","000","00","001","0108","0131","686","417","269","43","729","1301","0","56.03","32.05"
"67","000","00","001","0109","0000","628","349","279","65","693","1193","0","58.09","29.25"
"67","000","00","001","0109","0136","628","349","279","65","693","1193","0","58.09","29.25"
"67","000","00","001","0110","0000","503","305","198","26","529","1439","0","36.76","21.2"
"67","000","00","001","0110","0137","503","305","198","26","529","1439","0","36.76","21.2"
"67","000","00","001","0112","0000","921","558","363","78","999","2460","0","40.61","22.68"
"67","000","00","001","0112","0140","456","258","198","47","503","1233","0","40.79","20.92"
"67","000","00","001","0112","0141","465","300","165","31","496","1227","0","40.42","24.45"
"67","000","00","001","0113","0000","933","535","398","89","1022","1797","0","56.87","29.77"
"67","000","00","001","0113","0138","748","439","309","64","812","1438","0","56.47","30.53"
"67","000","00","001","0113","0139","185","96","89","25","210","359","0","58.5","26.74"
"67","000","00","001","0114","0000","1304","785","519","65","1369","3250","0","42.12","24.15"
"67","000","00","001","0114","0142","561","306","255","25","586","1320","0","44.39","23.18"
"67","000","00","001","0114","0143","743","479","264","40","783","1930","0","40.57","24.82"
"67","000","00","001","0115","0000","2080","1314","766","192","2272","4419","0","51.41","29.74"
"67","000","00","001","0115","0150","756","464","292","72","828","1595","0","51.91","29.09"
"67","000","00","001","0115","0151","392","223","169","15","407","959","0","42.44","23.25"
"67","000","00","001","0115","0152","932","627","305","105","1037","1865","0","55.6","33.62"
"67","000","00","001","0116","0000","683","385","298","98","781","1678","0","46.54","22.94"
"67","000","00","001","0116","0153","683","385","298","98","781","1678","0","46.54","22.94"
"67","000","00","001","0117","0000","557","327","230","60","617","1373","0","44.94","23.82"
"67","000","00","001","0117","0154","557","327","230","60","617","1373","0","44.94","23.82"
"67","000","00","001","0118","0000","577","335","242","46","623","1722","0","36.18","19.45"
"67","000","00","001","0118","0155","482","272","210","45","527","1431","0","36.83","19.01"
"67","000","00","001","0118","0156","95","63","32","1","96","291","0","32.99","21.65"
"67","000","00","001","0119","0000","791","445","346","54","845","1749","0","48.31","25.44"
"67","000","00","001","0119","0157","791","445","346","54","845","1749","0","48.31","25.44"
"67","000","00","001","0120","0000","1635","1029","606","167","1802","3683","0","48.93","27.94"
"67","000","00","001","0120","0158","775","497","278","49","824","1862","0","44.25","26.69"
"67","000","00","001","0120","0159","860","532","328","118","978","1821","0","53.71","29.21"
"67","000","00","001","0121","0000","776","459","317","70","846","1845","0","45.85","24.88"
"67","000","00","001","0121","0160","776","459","317","70","846","1845","0","45.85","24.88"
"67","000","00","001","0125","0000","714","405","309","120","834","1644","0","50.73","24.64"
"67","000","00","001","0125","0163","341","179","162","70","411","703","0","58.46","25.46"
"67","000","00","001","0125","0164","373","226","147","50","423","941","0","44.95","24.02"
"67","000","00","001","0126","0000","311","192","119","16","327","944","0","34.64","20.34"
"67","000","00","001","0126","0161","178","107","71","13","191","542","0","35.24","19.74"
"67","000","00","001","0126","0162","133","85","48","3","136","402","0","33.83","21.14"
"67","000","00","001","0127","0000","2248","1381","867","194","2442","4729","0","51.64","29.2"
"67","000","00","001","0127","0144","720","456","264","70","790","1501","0","52.63","30.38"
"67","000","00","001","0127","0145","664","394","270","53","717","1475","0","48.61","26.71"
"67","000","00","001","0127","0146","864","531","333","71","935","1753","0","53.34","30.29"
"67","000","00","001","0128","0000","2250","1318","932","157","2407","4922","0","48.9","26.78"
"67","000","00","001","0128","0147","783","455","328","59","842","1748","0","48.17","26.03"
"67","000","00","001","0128","0148","819","491","328","66","885","1741","0","50.83","28.2"
"67","000","00","001","0128","0149","648","372","276","32","680","1433","0","47.45","25.96"
"67","000","00","001","0129","0000","3225","2024","1201","228","3453","6235","0","55.38","32.46"
"67","000","00","001","0129","0132","800","496","304","65","865","1538","0","56.24","32.25"
"67","000","00","001","0129","0133","801","509","292","52","853","1584","0","53.85","32.13"
"67","000","00","001","0129","0134","863","550","313","37","900","1583","0","56.85","34.74"
"67","000","00","001","0129","0135","761","469","292","74","835","1530","0","54.58","30.65"
"67","000","00","001","0130","0000","1261","718","543","149","1410","2788","0","50.57","25.75"
"67","000","00","001","0130","0123","497","269","228","72","569","932","0","61.05","28.86"
"67","000","00","001","0130","0124","452","266","186","37","489","1099","0","44.49","24.2"
"67","000","00","001","0130","0125","312","183","129","40","352","757","0","46.5","24.17"
"67","000","00","002","0000","0000","9200","5279","3921","1163","10363","22121","25397","46.85","23.86"
"67","000","00","002","0201","0000","705","392","313","106","811","1517","0","53.46","25.84"
"67","000","00","002","0201","0085","474","271","203","80","554","1037","0","53.42","26.13"
"67","000","00","002","0201","0086","231","121","110","26","257","480","0","53.54","25.21"
"67","000","00","002","0208","0000","1599","889","710","140","1739","3743","0","46.46","23.75"
"67","000","00","002","0208","0093","335","171","164","28","363","863","0","42.06","19.81"
"67","000","00","002","0208","0094","584","321","263","42","626","1373","0","45.59","23.38"
"67","000","00","002","0208","0095","680","397","283","70","750","1507","0","49.77","26.34"
"67","000","00","002","0210","0000","280","166","114","49","329","921","0","35.72","18.02"
"67","000","00","002","0210","0099","280","166","114","49","329","921","0","35.72","18.02"
"67","000","00","002","0211","0000","1616","949","667","215","1831","3640","0","50.3","26.07"
"67","000","00","002","0211","0096","643","368","275","83","726","1374","0","52.84","26.78"
"67","000","00","002","0211","0097","501","297","204","69","570","1244","0","45.82","23.87"
"67","000","00","002","0211","0098","472","284","188","63","535","1022","0","52.35","27.79"
"67","000","00","002","0214","0000","636","381","255","91","727","1653","0","43.98","23.05"
"67","000","00","002","0214","0107","374","229","145","45","419","925","0","45.3","24.76"
"67","000","00","002","0214","0108","262","152","110","46","308","728","0","42.31","20.88"
"67","000","00","002","0226","0000","726","434","292","99","825","1454","0","56.74","29.85"
"67","000","00","002","0226","0087","336","200","136","43","379","636","0","59.59","31.45"
"67","000","00","002","0226","0088","136","72","64","16","152","321","0","47.35","22.43"
"67","000","00","002","0226","0089","254","162","92","40","294","497","0","59.15","32.6"
"67","000","00","002","0227","0000","777","431","346","82","859","1607","0","53.45","26.82"
"67","000","00","002","0227","0090","400","222","178","25","425","759","0","55.99","29.25"
"67","000","00","002","0227","0091","138","88","50","25","163","341","0","47.8","25.81"
"67","000","00","002","0227","0092","239","121","118","32","271","507","0","53.45","23.87"
"67","000","00","002","0228","0000","646","370","276","73","719","1539","0","46.72","24.04"
"67","000","00","002","0228","0102","329","190","139","25","354","761","0","46.52","24.97"
"67","000","00","002","0228","0103","126","76","50","14","140","285","0","49.12","26.67"
"67","000","00","002","0228","0104","191","104","87","34","225","493","0","45.64","21.1"
"67","000","00","002","0229","0000","637","322","315","62","699","1583","0","44.16","20.34"
"67","000","00","002","0229","0100","398","201","197","59","457","847","0","53.96","23.73"
"67","000","00","002","0229","0101","239","121","118","3","242","736","0","32.88","16.44"
"67","000","00","002","0230","0000","333","215","118","33","366","1013","0","36.13","21.22"
"67","000","00","002","0230","0105","210","138","72","23","233","621","0","37.52","22.22"
"67","000","00","002","0230","0106","123","77","46","10","133","392","0","33.93","19.64"
"67","000","00","002","0231","0000","371","196","175","65","436","1120","0","38.93","17.5"
"67","000","00","002","0231","0112","248","131","117","40","288","755","0","38.15","17.35"
"67","000","00","002","0231","0113","123","65","58","25","148","365","0","40.55","17.81"
"67","000","00","002","0232","0000","334","206","128","72","406","902","0","45.01","22.84"
"67","000","00","002","0232","0109","52","22","30","28","80","214","0","37.38","10.28"
"67","000","00","002","0232","0110","158","98","60","18","176","387","0","45.48","25.32"
"67","000","00","002","0232","0111","124","86","38","26","150","301","0","49.83","28.57"
"67","000","00","002","0233","0000","540","328","212","76","616","1429","0","43.11","22.95"
"67","000","00","002","0233","0114","366","215","151","36","402","935","0","42.99","22.99"
"67","000","00","002","0233","0115","174","113","61","40","214","494","0","43.32","22.87"
"67","000","00","003","0000","0000","9142","5294","3848","1238","10380","24894","28152","41.7","21.27"
"67","000","00","003","0301","0000","788","460","328","104","892","1722","0","51.8","26.71"
"67","000","00","003","0301","0030","539","308","231","83","622","1176","0","52.89","26.19"
"67","000","00","003","0301","0031","249","152","97","21","270","546","0","49.45","27.84"
"67","000","00","003","0302","0000","1372","787","585","152","1524","2921","0","52.17","26.94"
"67","000","00","003","0302","0032","428","245","183","35","463","859","0","53.9","28.52"
"67","000","00","003","0302","0033","453","264","189","59","512","946","0","54.12","27.91"
"67","000","00","003","0302","0034","491","278","213","58","549","1116","0","49.19","24.91"
"67","000","00","003","0303","0000","485","300","185","38","523","1397","0","37.44","21.47"
"67","000","00","003","0303","0035","485","300","185","38","523","1397","0","37.44","21.47"
"67","000","00","003","0304","0000","628","375","253","81","709","1627","0","43.58","23.05"
"67","000","00","003","0304","0036","262","159","103","23","285","756","0","37.7","21.03"
"67","000","00","003","0304","0037","366","216","150","58","424","871","0","48.68","24.8"
"67","000","00","003","0305","0000","396","228","168","48","444","897","0","49.5","25.42"
"67","000","00","003","0305","0038","396","228","168","48","444","897","0","49.5","25.42"
"67","000","00","003","0306","0000","431","240","191","66","497","1356","0","36.65","17.7"
"67","000","00","003","0306","0039","222","118","104","40","262","784","0","33.42","15.05"
"67","000","00","003","0306","0040","209","122","87","26","235","572","0","41.08","21.33"
"67","000","00","003","0307","0000","127","74","53","9","136","457","0","29.76","16.19"
"67","000","00","003","0307","0041","127","74","53","9","136","457","0","29.76","16.19"
"67","000","00","003","0308","0000","172","98","74","24","196","600","0","32.67","16.33"
"67","000","00","003","0308","0042","172","98","74","24","196","600","0","32.67","16.33"
"67","000","00","003","0309","0000","103","65","38","5","108","375","0","28.8","17.33"
"67","000","00","003","0309","0043","103","65","38","5","108","375","0","28.8","17.33"
"67","000","00","003","0310","0000","111","61","50","15","126","508","0","24.8","12.01"
"67","000","00","003","0310","0044","111","61","50","15","126","508","0","24.8","12.01"
"67","000","00","003","0311","0000","355","193","162","44","399","1305","0","30.57","14.79"
"67","000","00","003","0311","0047","221","119","102","21","242","799","0","30.29","14.89"
"67","000","00","003","0311","0048","134","74","60","23","157","506","0","31.03","14.62"
"67","000","00","003","0312","0000","264","138","126","28","292","1022","0","28.57","13.5"
"67","000","00","003","0312","0045","167","81","86","12","179","631","0","28.37","12.84"
"67","000","00","003","0312","0046","97","57","40","16","113","391","0","28.9","14.58"
"67","000","00","003","0314","0000","456","256","200","43","499","1443","0","34.58","17.74"
"67","000","00","003","0314","0051","223","117","106","14","237","744","0","31.85","15.73"
"67","000","00","003","0314","0052","233","139","94","29","262","699","0","37.48","19.89"
"67","000","00","003","0318","0000","325","204","121","56","381","884","0","43.1","23.08"
"67","000","00","003","0318","0055","325","204","121","56","381","884","0","43.1","23.08"
"67","000","00","003","0319","0000","177","92","85","16","193","740","0","26.08","12.43"
"67","000","00","003","0319","0056","177","92","85","16","193","740","0","26.08","12.43"
"67","000","00","003","0320","0000","482","294","188","66","548","1334","0","41.08","22.04"
"67","000","00","003","0320","0057","482","294","188","66","548","1334","0","41.08","22.04"
"67","000","00","003","0321","0000","272","164","108","81","353","723","0","48.82","22.68"
"67","000","00","003","0321","0058","272","164","108","81","353","723","0","48.82","22.68"
"67","000","00","003","0322","0000","296","172","124","80","376","682","0","55.13","25.22"
"67","000","00","003","0322","0059","296","172","124","80","376","682","0","55.13","25.22"
"67","000","00","003","0325","0000","778","453","325","86","864","2011","0","42.96","22.53"
"67","000","00","003","0325","0049","292","179","113","44","336","832","0","40.38","21.51"
"67","000","00","003","0325","0050","486","274","212","42","528","1179","0","44.78","23.24"
"67","000","00","003","0326","0000","570","312","258","97","667","1492","0","44.71","20.91"
"67","000","00","003","0326","0053","193","99","94","16","209","633","0","33.02","15.64"
"67","000","00","003","0326","0054","377","213","164","81","458","859","0","53.32","24.8"
"67","000","00","003","0327","0000","554","328","226","99","653","1398","0","46.71","23.46"
"67","000","00","003","0327","0060","376","221","155","63","439","855","0","51.35","25.85"
"67","000","00","003","0327","0061","178","107","71","36","214","543","0","39.41","19.71"
"67","000","00","004","0000","0000","7953","4734","3219","1140","9093","18804","21212","48.36","25.18"
"67","000","00","004","0401","0000","818","454","364","84","902","1791","0","50.36","25.35"
"67","000","00","004","0401","0165","498","271","227","65","563","1166","0","48.28","23.24"
"67","000","00","004","0401","0166","320","183","137","19","339","625","0","54.24","29.28"
"67","000","00","004","0402","0000","680","418","262","65","745","1572","0","47.39","26.59"
"67","000","00","004","0402","0167","278","164","114","31","309","738","0","41.87","22.22"
"67","000","00","004","0402","0168","402","254","148","34","436","834","0","52.28","30.46"
"67","000","00","004","0403","0000","458","262","196","43","501","1104","0","45.38","23.73"
"67","000","00","004","0403","0169","458","262","196","43","501","1104","0","45.38","23.73"
"67","000","00","004","0404","0000","1202","725","477","166","1368","2735","0","50.02","26.51"
"67","000","00","004","0404","0170","402","235","167","27","429","1015","0","42.27","23.15"
"67","000","00","004","0404","0171","800","490","310","139","939","1720","0","54.59","28.49"
"67","000","00","004","0405","0000","576","345","231","81","657","1391","0","47.23","24.8"
"67","000","00","004","0405","0172","576","345","231","81","657","1391","0","47.23","24.8"
"67","000","00","004","0406","0000","277","151","126","34","311","743","0","41.86","20.32"
"67","000","00","004","0406","0173","174","95","79","10","184","425","0","43.29","22.35"
"67","000","00","004","0406","0174","103","56","47","24","127","318","0","39.94","17.61"
"67","000","00","004","0407","0000","604","370","234","118","722","1483","0","48.69","24.95"
"67","000","00","004","0407","0175","329","197","132","49","378","753","0","50.2","26.16"
"67","000","00","004","0407","0176","275","173","102","69","344","730","0","47.12","23.7"
"67","000","00","004","0408","0000","814","482","332","129","943","1809","0","52.13","26.64"
"67","000","00","004","0408","0177","305","172","133","48","353","725","0","48.69","23.72"
"67","000","00","004","0408","0178","370","235","135","50","420","787","0","53.37","29.86"
"67","000","00","004","0408","0179","139","75","64","31","170","297","0","57.24","25.25"
"67","000","00","004","0409","0000","620","386","234","119","739","1313","0","56.28","29.4"
"67","000","00","004","0409","0180","314","199","115","55","369","673","0","54.83","29.57"
"67","000","00","004","0409","0181","306","187","119","64","370","640","0","57.81","29.22"
"67","000","00","004","0410","0000","261","158","103","24","285","660","0","43.18","23.94"
"67","000","00","004","0410","0182","261","158","103","24","285","660","0","43.18","23.94"
"67","000","00","004","0411","0000","547","329","218","59","606","1414","0","42.86","23.27"
"67","000","00","004","0411","0183","461","274","187","56","517","1212","0","42.66","22.61"
"67","000","00","004","0411","0184","86","55","31","3","89","202","0","44.06","27.23"
"67","000","00","004","0412","0000","477","280","197","100","577","1207","0","47.8","23.2"
"67","000","00","004","0412","0185","408","243","165","98","506","1049","0","48.24","23.16"
"67","000","00","004","0412","0186","69","37","32","2","71","158","0","44.94","23.42"
"67","000","00","004","0413","0000","619","374","245","118","737","1582","0","46.59","23.64"
"67","000","00","004","0413","0187","377","224","153","87","464","921","0","50.38","24.32"
"67","000","00","004","0413","0188","183","112","71","25","208","504","0","41.27","22.22"
"67","000","00","004","0413","0189","59","38","21","6","65","157","0","41.4","24.2"
"67","000","00","005","0000","0000","8084","4616","3468","1305","9389","20841","23424","45.05","22.15"
"67","000","00","005","0501","0000","755","413","342","103","858","1641","0","52.29","25.17"
"67","000","00","005","0501","0001","367","205","162","58","425","743","0","57.2","27.59"
"67","000","00","005","0501","0002","388","208","180","45","433","898","0","48.22","23.16"
"67","000","00","005","0502","0000","510","289","221","132","642","1320","0","48.64","21.89"
"67","000","00","005","0502","0003","302","181","121","68","370","786","0","47.07","23.03"
"67","000","00","005","0502","0004","208","108","100","64","272","534","0","50.94","20.22"
"67","000","00","005","0503","0000","532","307","225","104","636","1266","0","50.24","24.25"
"67","000","00","005","0503","0005","443","263","180","87","530","1034","0","51.26","25.44"
"67","000","00","005","0503","0006","89","44","45","17","106","232","0","45.69","18.97"
"67","000","00","005","0504","0000","520","277","243","90","610","1316","0","46.35","21.05"
"67","000","00","005","0504","0007","187","102","85","47","234","479","0","48.85","21.29"
"67","000","00","005","0504","0008","333","175","158","43","376","837","0","44.92","20.91"
"67","000","00","005","0510","0000","500","309","191","57","557","1399","0","39.81","22.09"
"67","000","00","005","0510","0021","290","177","113","16","306","958","0","31.94","18.48"
"67","000","00","005","0510","0022","210","132","78","41","251","441","0","56.92","29.93"
"67","000","00","005","0511","0000","724","405","319","150","874","1673","0","52.24","24.21"
"67","000","00","005","0511","0023","287","153","134","70","357","677","0","52.73","22.6"
"67","000","00","005","0511","0024","437","252","185","80","517","996","0","51.91","25.3"
"67","000","00","005","0512","0000","513","282","231","34","547","1255","0","43.59","22.47"
"67","000","00","005","0512","0025","513","282","231","34","547","1255","0","43.59","22.47"
"67","000","00","005","0513","0000","455","262","193","36","491","1231","0","39.89","21.28"
"67","000","00","005","0513","0026","271","164","107","20","291","678","0","42.92","24.19"
"67","000","00","005","0513","0027","184","98","86","16","200","553","0","36.17","17.72"
"67","000","00","005","0514","0000","682","400","282","68","750","1805","0","41.55","22.16"
"67","000","00","005","0514","0028","198","119","79","20","218","616","0","35.39","19.32"
"67","000","00","005","0514","0029","484","281","203","48","532","1189","0","44.74","23.63"
"67","000","00","005","0518","0000","564","324","240","127","691","1475","0","46.85","21.97"
"67","000","00","005","0518","0013","146","87","59","26","172","371","0","46.36","23.45"
"67","000","00","005","0518","0014","266","143","123","61","327","676","0","48.37","21.15"
"67","000","00","005","0518","0015","152","94","58","40","192","428","0","44.86","21.96"
"67","000","00","005","0519","0000","360","200","160","67","427","1002","0","42.61","19.96"
"67","000","00","005","0519","0016","177","103","74","18","195","547","0","35.65","18.83"
"67","000","00","005","0519","0017","183","97","86","49","232","455","0","50.99","21.32"
"67","000","00","005","0522","0000","703","407","296","148","851","2003","0","42.49","20.32"
"67","000","00","005","0522","0018","325","173","152","78","403","984","0","40.96","17.58"
"67","000","00","005","0522","0019","186","108","78","37","223","483","0","46.17","22.36"
"67","000","00","005","0522","0020","192","126","66","33","225","536","0","41.98","23.51"
"67","000","00","005","0523","0000","757","429","328","67","824","2242","0","36.75","19.13"
"67","000","00","005","0523","0009","384","209","175","45","429","1085","0","39.54","19.26"
"67","000","00","005","0523","0010","373","220","153","22","395","1157","0","34.14","19.01"
"67","000","00","005","0524","0000","509","312","197","122","631","1213","0","52.02","25.72"
"67","000","00","005","0524","0011","305","186","119","80","385","755","0","50.99","24.64"
"67","000","00","005","0524","0012","204","126","78","42","246","458","0","53.71","27.51"
"67","000","00","006","0000","0000","5823","3372","2451","965","6788","18471","20870","36.75","18.26"
"67","000","00","006","0601","0000","538","316","222","82","620","1401","0","44.25","22.56"
"67","000","00","006","0601","0062","538","316","222","82","620","1401","0","44.25","22.56"
"67","000","00","006","0602","0000","856","480","376","138","994","2488","0","39.95","19.29"
"67","000","00","006","0602","0063","411","241","170","54","465","1185","0","39.24","20.34"
"67","000","00","006","0602","0064","445","239","206","84","529","1303","0","40.6","18.34"
"67","000","00","006","0603","0000","475","289","186","89","564","1453","0","38.82","19.89"
"67","000","00","006","0603","0065","254","154","100","38","292","732","0","39.89","21.04"
"67","000","00","006","0603","0066","221","135","86","51","272","721","0","37.73","18.72"
"67","000","00","006","0604","0000","317","188","129","42","359","943","0","38.07","19.94"
"67","000","00","006","0604","0068","317","188","129","42","359","943","0","38.07","19.94"
"67","000","00","006","0605","0000","338","196","142","59","397","1104","0","35.96","17.75"
"67","000","00","006","0605","0067","338","196","142","59","397","1104","0","35.96","17.75"
"67","000","00","006","0606","0000","347","208","139","80","427","1249","0","34.19","16.65"
"67","000","00","006","0606","0069","134","81","53","3","137","653","0","20.98","12.4"
"67","000","00","006","0606","0070","213","127","86","77","290","596","0","48.66","21.31"
"67","000","00","006","0607","0000","321","189","132","75","396","878","0","45.1","21.53"
"67","000","00","006","0607","0071","321","189","132","75","396","878","0","45.1","21.53"
"67","000","00","006","0608","0000","90","47","43","7","97","425","0","22.82","11.06"
"67","000","00","006","0608","0075","90","47","43","7","97","425","0","22.82","11.06"
"67","000","00","006","0609","0000","128","81","47","17","145","394","0","36.8","20.56"
"67","000","00","006","0609","0076","128","81","47","17","145","394","0","36.8","20.56"
"67","000","00","006","0610","0000","153","85","68","36","189","373","0","50.67","22.79"
"67","000","00","006","0610","0077","153","85","68","36","189","373","0","50.67","22.79"
"67","000","00","006","0611","0000","537","313","224","64","601","2144","0","28.03","14.6"
"67","000","00","006","0611","0078","350","200","150","52","402","1257","0","31.98","15.91"
"67","000","00","006","0611","0079","187","113","74","12","199","887","0","22.44","12.74"
"67","000","00","006","0612","0000","150","102","48","11","161","658","0","24.47","15.5"
"67","000","00","006","0612","0080","150","102","48","11","161","658","0","24.47","15.5"
"67","000","00","006","0613","0000","273","148","125","39","312","1101","0","28.34","13.44"
"67","000","00","006","0613","0081","273","148","125","39","312","1101","0","28.34","13.44"
"67","000","00","006","0614","0000","242","145","97","19","261","1057","0","24.69","13.72"
"67","000","00","006","0614","0082","242","145","97","19","261","1057","0","24.69","13.72"
"67","000","00","006","0615","0000","347","187","160","71","418","909","0","45.98","20.57"
"67","000","00","006","0615","0083","251","144","107","50","301","639","0","47.1","22.54"
"67","000","00","006","0615","0084","96","43","53","21","117","270","0","43.33","15.93"
"67","000","00","006","0616","0000","711","398","313","136","847","1894","0","44.72","21.01"
"67","000","00","006","0616","0072","256","122","134","64","320","771","0","41.5","15.82"
"67","000","00","006","0616","0073","185","105","80","25","210","483","0","43.48","21.74"
"67","000","00","006","0616","0074","270","171","99","47","317","640","0","49.53","26.72"
"67","000","00","007","0000","0000","16658","9408","7250","1473","18131","37963","44306","47.76","24.78"
"67","000","00","007","0703","0000","1326","744","582","125","1451","2587","0","56.09","28.76"
"67","000","00","007","0703","0385","634","358","276","68","702","1262","0","55.63","28.37"
"67","000","00","007","0703","0386","692","386","306","57","749","1325","0","56.53","29.13"
"67","000","00","007","0704","0000","1154","663","491","76","1230","2505","0","49.1","26.47"
"67","000","00","007","0704","0387","619","359","260","46","665","1384","0","48.05","25.94"
"67","000","00","007","0704","0388","535","304","231","30","565","1121","0","50.4","27.12"
"67","000","00","007","0705","0000","984","637","347","84","1068","2120","0","50.38","30.05"
"67","000","00","007","0705","0383","257","136","121","32","289","523","0","55.26","26.0"
"67","000","00","007","0705","0384","727","501","226","52","779","1597","0","48.78","31.37"
"67","000","00","007","0706","0000","894","350","544","48","942","1975","0","47.7","17.72"
"67","000","00","007","0706","0389","456","224","232","21","477","1021","0","46.72","21.94"
"67","000","00","007","0706","0390","438","126","312","27","465","954","0","48.74","13.21"
"67","000","00","007","0707","0000","608","343","265","40","648","1513","0","42.83","22.67"
"67","000","00","007","0707","0391","608","343","265","40","648","1513","0","42.83","22.67"
"67","000","00","007","0709","0000","1509","882","627","145","1654","3530","0","46.86","24.99"
"67","000","00","007","0709","0392","687","385","302","61","748","1726","0","43.34","22.31"
"67","000","00","007","0709","0393","822","497","325","84","906","1804","0","50.22","27.55"
"67","000","00","007","0710","0000","456","245","211","45","501","1106","0","45.3","22.15"
"67","000","00","007","0710","0394","456","245","211","45","501","1106","0","45.3","22.15"
"67","000","00","007","0711","0000","1313","751","562","102","1415","2805","0","50.45","26.77"
"67","000","00","007","0711","0395","706","393","313","50","756","1503","0","50.3","26.15"
"67","000","00","007","0711","0396","607","358","249","52","659","1302","0","50.61","27.5"
"67","000","00","007","0714","0000","952","548","404","70","1022","2330","0","43.86","23.52"
"67","000","00","007","0714","0399","664","378","286","55","719","1612","0","44.6","23.45"
"67","000","00","007","0714","0400","288","170","118","15","303","718","0","42.2","23.68"
"67","000","00","007","0715","0000","627","374","253","37","664","1656","0","40.1","22.58"
"67","000","00","007","0715","0401","627","374","253","37","664","1656","0","40.1","22.58"
"67","000","00","007","0717","0000","914","537","377","123","1037","2332","0","44.47","23.03"
"67","000","00","007","0717","0402","567","317","250","98","665","1355","0","49.08","23.39"
"67","000","00","007","0717","0403","347","220","127","25","372","977","0","38.08","22.52"
"67","000","00","007","0719","0000","857","460","397","59","916","2105","0","43.52","21.85"
"67","000","00","007","0719","0404","410","223","187","32","442","1012","0","43.68","22.04"
"67","000","00","007","0719","0405","318","165","153","21","339","626","0","54.15","26.36"
"67","000","00","007","0719","0406","129","72","57","6","135","467","0","28.91","15.42"
"67","000","00","007","0721","0000","517","290","227","31","548","1260","0","43.49","23.02"
"67","000","00","007","0721","0407","517","290","227","31","548","1260","0","43.49","23.02"
"67","000","00","007","0722","0000","513","306","207","55","568","1111","0","51.13","27.54"
"67","000","00","007","0722","0408","513","306","207","55","568","1111","0","51.13","27.54"
"67","000","00","007","0724","0000","615","324","291","89","704","1348","0","52.23","24.04"
"67","000","00","007","0724","0409","259","145","114","35","294","550","0","53.45","26.36"
"67","000","00","007","0724","0410","356","179","177","54","410","798","0","51.38","22.43"
"67","000","00","007","0728","0000","361","195","166","18","379","941","0","40.28","20.72"
"67","000","00","007","0728","0413","361","195","166","18","379","941","0","40.28","20.72"
"67","000","00","007","0730","0000","873","487","386","98","971","1865","0","52.06","26.11"
"67","000","00","007","0730","0381","543","309","234","61","604","1205","0","50.12","25.64"
"67","000","00","007","0730","0382","330","178","152","37","367","660","0","55.61","26.97"
"67","000","00","007","0731","0000","728","440","288","101","829","1682","0","49.29","26.16"
"67","000","00","007","0731","0411","417","250","167","87","504","852","0","59.15","29.34"
"67","000","00","007","0731","0412","311","190","121","14","325","830","0","39.16","22.89"
"67","000","00","007","0732","0000","769","438","331","72","841","1770","0","47.51","24.75"
"67","000","00","007","0732","0414","525","294","231","56","581","1158","0","50.17","25.39"
"67","000","00","007","0732","0415","244","144","100","16","260","612","0","42.48","23.53"
"67","000","00","007","0733","0000","688","394","294","55","743","1422","0","52.25","27.71"
"67","000","00","007","0733","0397","291","170","121","14","305","645","0","47.29","26.36"
"67","000","00","007","0733","0398","397","224","173","41","438","777","0","56.37","28.83"
"67","000","00","008","0000","0000","8484","5003","3481","1071","9555","20947","23938","45.62","23.88"
"67","000","00","008","0801","0000","575","344","231","56","631","1558","0","40.5","22.08"
"67","000","00","008","0801","0343","575","344","231","56","631","1558","0","40.5","22.08"
"67","000","00","008","0802","0000","750","430","320","101","851","2005","0","42.44","21.45"
"67","000","00","008","0802","0344","389","225","164","40","429","1112","0","38.58","20.23"
"67","000","00","008","0802","0345","361","205","156","61","422","893","0","47.26","22.96"
"67","000","00","008","0803","0000","581","329","252","64","645","1623","0","39.74","20.27"
"67","000","00","008","0803","0346","581","329","252","64","645","1623","0","39.74","20.27"
"67","000","00","008","0804","0000","663","389","274","97","760","1568","0","48.47","24.81"
"67","000","00","008","0804","0347","663","389","274","97","760","1568","0","48.47","24.81"
"67","000","00","008","0805","0000","830","498","332","82","912","1938","0","47.06","25.7"
"67","000","00","008","0805","0348","447","251","196","59","506","985","0","51.37","25.48"
"67","000","00","008","0805","0349","383","247","136","23","406","953","0","42.6","25.92"
"67","000","00","008","0806","0000","943","569","374","121","1064","2108","0","50.47","26.99"
"67","000","00","008","0806","0350","431","258","173","35","466","1031","0","45.2","25.02"
"67","000","00","008","0806","0351","512","311","201","86","598","1077","0","55.52","28.88"
"67","000","00","008","0811","0000","816","485","331","108","924","1894","0","48.79","25.61"
"67","000","00","008","0811","0356","421","247","174","69","490","959","0","51.09","25.76"
"67","000","00","008","0811","0357","395","238","157","39","434","935","0","46.42","25.45"
"67","000","00","008","0812","0000","396","233","163","54","450","893","0","50.39","26.09"
"67","000","00","008","0812","0358","396","233","163","54","450","893","0","50.39","26.09"
"67","000","00","008","0813","0000","573","368","205","99","672","1293","0","51.97","28.46"
"67","000","00","008","0813","0359","573","368","205","99","672","1293","0","51.97","28.46"
"67","000","00","008","0816","0000","919","531","388","96","1015","2255","0","45.01","23.55"
"67","000","00","008","0816","0354","489","283","206","68","557","1164","0","47.85","24.31"
"67","000","00","008","0816","0355","430","248","182","28","458","1091","0","41.98","22.73"
"67","000","00","008","0817","0000","562","316","246","68","630","1557","0","40.46","20.3"
"67","000","00","008","0817","0352","238","130","108","45","283","703","0","40.26","18.49"
"67","000","00","008","0817","0353","324","186","138","23","347","854","0","40.63","21.78"
"67","000","00","008","0818","0000","876","511","365","125","1001","2255","0","44.39","22.66"
"67","000","00","008","0818","0360","523","302","221","103","626","1185","0","52.83","25.49"
"67","000","00","008","0818","0361","353","209","144","22","375","1070","0","35.05","19.53"
"67","000","00","009","0000","0000","8165","4574","3591","997","9162","19144","22196","47.86","23.89"
"67","000","00","009","0901","0000","1309","679","630","129","1438","2908","0","49.45","23.35"
"67","000","00","009","0901","0362","407","230","177","59","466","819","0","56.9","28.08"
"67","000","00","009","0901","0363","303","166","137","18","321","645","0","49.77","25.74"
"67","000","00","009","0901","0364","599","283","316","52","651","1444","0","45.08","19.6"
"67","000","00","009","0902","0000","1018","559","459","96","1114","2725","0","40.88","20.51"
"67","000","00","009","0902","0365","582","316","266","50","632","1554","0","40.67","20.33"
"67","000","00","009","0902","0366","436","243","193","46","482","1171","0","41.16","20.75"
"67","000","00","009","0903","0000","577","325","252","70","647","1351","0","47.89","24.06"
"67","000","00","009","0903","0367","577","325","252","70","647","1351","0","47.89","24.06"
"67","000","00","009","0905","0000","754","436","318","145","899","1929","0","46.6","22.6"
"67","000","00","009","0905","0368","382","218","164","83","465","1010","0","46.04","21.58"
"67","000","00","009","0905","0369","372","218","154","62","434","919","0","47.23","23.72"
"67","000","00","009","0906","0000","1507","890","617","203","1710","3360","0","50.89","26.49"
"67","000","00","009","0906","0370","577","328","249","76","653","1369","0","47.7","23.96"
"67","000","00","009","0906","0371","436","266","170","69","505","976","0","51.74","27.25"
"67","000","00","009","0906","0372","494","296","198","58","552","1015","0","54.38","29.16"
"67","000","00","009","0907","0000","902","515","387","102","1004","2115","0","47.47","24.35"
"67","000","00","009","0907","0373","476","282","194","46","522","1176","0","44.39","23.98"
"67","000","00","009","0907","0374","426","233","193","56","482","939","0","51.33","24.81"
"67","000","00","009","0908","0000","723","399","324","106","829","1593","0","52.04","25.05"
"67","000","00","009","0908","0375","317","174","143","56","373","712","0","52.39","24.44"
"67","000","00","009","0908","0376","406","225","181","50","456","881","0","51.76","25.54"
"67","000","00","009","0909","0000","616","347","269","71","687","1184","0","58.02","29.31"
"67","000","00","009","0909","0377","616","347","269","71","687","1184","0","58.02","29.31"
"67","000","00","009","0910","0000","326","178","148","35","361","599","0","60.27","29.72"
"67","000","00","009","0910","0378","326","178","148","35","361","599","0","60.27","29.72"
"67","000","00","009","0911","0000","217","126","91","12","229","759","0","30.17","16.6"
"67","000","00","009","0911","0379","217","126","91","12","229","759","0","30.17","16.6"
"67","000","00","009","0912","0000","216","120","96","28","244","621","0","39.29","19.32"
"67","000","00","009","0912","0380","216","120","96","28","244","621","0","39.29","19.32"
"67","000","00","010","0000","0000","8058","4618","3440","770","8828","18675","21329","47.27","24.73"
"67","000","00","010","1001","0000","866","500","366","70","936","2069","0","45.24","24.17"
"67","000","00","010","1001","0416","440","242","198","22","462","1104","0","41.85","21.92"
"67","000","00","010","1001","0417","426","258","168","48","474","965","0","49.12","26.74"
"67","000","00","010","1002","0000","1477","834","643","114","1591","3055","0","52.08","27.3"
"67","000","00","010","1002","0418","633","369","264","53","686","1402","0","48.93","26.32"
"67","000","00","010","1002","0419","844","465","379","61","905","1653","0","54.75","28.13"
"67","000","00","010","1005","0000","107","59","48","6","113","402","0","28.11","14.68"
"67","000","00","010","1005","0422","107","59","48","6","113","402","0","28.11","14.68"
"67","000","00","010","1006","0000","837","483","354","40","877","1957","0","44.81","24.68"
"67","000","00","010","1006","0423","457","242","215","11","468","982","0","47.66","24.64"
"67","000","00","010","1006","0424","380","241","139","29","409","975","0","41.95","24.72"
"67","000","00","010","1007","0000","1559","901","658","135","1694","3375","0","50.19","26.7"
"67","000","00","010","1007","0425","350","209","141","47","397","802","0","49.5","26.06"
"67","000","00","010","1007","0426","544","317","227","55","599","1118","0","53.58","28.35"
"67","000","00","010","1007","0427","665","375","290","33","698","1455","0","47.97","25.77"
"67","000","00","010","1008","0000","550","309","241","43","593","1208","0","49.09","25.58"
"67","000","00","010","1008","0428","550","309","241","43","593","1208","0","49.09","25.58"
"67","000","00","010","1013","0000","313","198","115","19","332","873","0","38.03","22.68"
"67","000","00","010","1013","0435","313","198","115","19","332","873","0","38.03","22.68"
"67","000","00","010","1014","0000","497","292","205","66","563","1250","0","45.04","23.36"
"67","000","00","010","1014","0420","388","224","164","51","439","966","0","45.45","23.19"
"67","000","00","010","1014","0421","109","68","41","15","124","284","0","43.66","23.94"
"67","000","00","010","1015","0000","1117","616","501","182","1299","2586","0","50.23","23.82"
"67","000","00","010","1015","0431","204","106","98","36","240","501","0","47.9","21.16"
"67","000","00","010","1015","0432","333","192","141","65","398","728","0","54.67","26.37"
"67","000","00","010","1015","0433","360","189","171","26","386","842","0","45.84","22.45"
"67","000","00","010","1015","0434","220","129","91","55","275","515","0","53.4","25.05"
"67","000","00","010","1016","0000","735","426","309","95","830","1900","0","43.68","22.42"
"67","000","00","010","1016","0429","520","311","209","71","591","1293","0","45.71","24.05"
"67","000","00","010","1016","0430","215","115","100","24","239","607","0","39.37","18.95"
"67","000","00","011","0000","0000","3564","2110","1454","498","4062","8654","9643","46.94","24.38"
"67","000","00","011","1101","0000","350","187","163","60","410","1021","0","40.16","18.32"
"67","000","00","011","1101","0436","266","141","125","57","323","759","0","42.56","18.58"
"67","000","00","011","1101","0437","84","46","38","3","87","262","0","33.21","17.56"
"67","000","00","011","1102","0000","197","112","85","21","218","646","0","33.75","17.34"
"67","000","00","011","1102","0438","197","112","85","21","218","646","0","33.75","17.34"
"67","000","00","011","1103","0000","518","320","198","77","595","1473","0","40.39","21.72"
"67","000","00","011","1103","0439","518","320","198","77","595","1473","0","40.39","21.72"
"67","000","00","011","1104","0000","426","270","156","67","493","915","0","53.88","29.51"
"67","000","00","011","1104","0440","426","270","156","67","493","915","0","53.88","29.51"
"67","000","00","011","1105","0000","388","217","171","43","431","779","0","55.33","27.86"
"67","000","00","011","1105","0441","388","217","171","43","431","779","0","55.33","27.86"
"67","000","00","011","1106","0000","338","180","158","51","389","637","0","61.07","28.26"
"67","000","00","011","1106","0442","338","180","158","51","389","637","0","61.07","28.26"
"67","000","00","011","1107","0000","378","212","166","41","419","993","0","42.2","21.35"
"67","000","00","011","1107","0443","378","212","166","41","419","993","0","42.2","21.35"
"67","000","00","011","1108","0000","351","217","134","57","408","766","0","53.26","28.33"
"67","000","00","011","1108","0444","351","217","134","57","408","766","0","53.26","28.33"
"67","000","00","011","1109","0000","374","242","132","40","414","841","0","49.23","28.78"
"67","000","00","011","1109","0445","374","242","132","40","414","841","0","49.23","28.78"
"67","000","00","011","1110","0000","244","153","91","41","285","583","0","48.89","26.24"
"67","000","00","011","1110","0446","244","153","91","41","285","583","0","48.89","26.24"
"67","000","00","012","0000","0000","23389","13974","9415","2567","25956","50407","59087","51.49","27.72"
"67","000","00","012","1201","0000","1129","656","473","125","1254","2220","0","56.49","29.55"
"67","000","00","012","1201","0282","691","389","302","81","772","1391","0","55.5","27.97"
"67","000","00","012","1201","0283","438","267","171","44","482","829","0","58.14","32.21"
"67","000","00","012","1202","0000","1124","677","447","102","1226","2853","0","42.97","23.73"
"67","000","00","012","1202","0284","539","325","214","80","619","1401","0","44.18","23.2"
"67","000","00","012","1202","0285","585","352","233","22","607","1452","0","41.8","24.24"
"67","000","00","012","1203","0000","2639","1593","1046","298","2937","5611","0","52.34","28.39"
"67","000","00","012","1203","0286","672","399","273","66","738","1382","0","53.4","28.87"
"67","000","00","012","1203","0287","702","438","264","71","773","1463","0","52.84","29.94"
"67","000","00","012","1203","0288","566","328","238","57","623","1280","0","48.67","25.63"
"67","000","00","012","1203","0289","699","428","271","104","803","1486","0","54.04","28.8"
"67","000","00","012","1204","0000","1892","1145","747","222","2114","4204","0","50.29","27.24"
"67","000","00","012","1204","0297","647","380","267","66","713","1425","0","50.04","26.67"
"67","000","00","012","1204","0298","598","359","239","57","655","1255","0","52.19","28.61"
"67","000","00","012","1204","0299","647","406","241","99","746","1524","0","48.95","26.64"
"67","000","00","012","1205","0000","2783","1694","1089","383","3166","5877","0","53.87","28.82"
"67","000","00","012","1205","0290","691","411","280","67","758","1378","0","55.01","29.83"
"67","000","00","012","1205","0291","731","455","276","74","805","1505","0","53.49","30.23"
"67","000","00","012","1205","0292","864","524","340","106","970","1860","0","52.15","28.17"
"67","000","00","012","1205","0293","497","304","193","136","633","1134","0","55.82","26.81"
"67","000","00","012","1206","0000","1948","1175","773","110","2058","4059","0","50.7","28.95"
"67","000","00","012","1206","0303","664","410","254","49","713","1381","0","51.63","29.69"
"67","000","00","012","1206","0304","624","376","248","34","658","1364","0","48.24","27.57"
"67","000","00","012","1206","0305","660","389","271","27","687","1314","0","52.28","29.6"
"67","000","00","012","1207","0000","1018","626","392","129","1147","2125","0","53.98","29.46"
"67","000","00","012","1207","0306","561","350","211","75","636","1164","0","54.64","30.07"
"67","000","00","012","1207","0307","457","276","181","54","511","961","0","53.17","28.72"
"67","000","00","012","1212","0000","935","579","356","128","1063","2209","0","48.12","26.21"
"67","000","00","012","1212","0312","636","379","257","83","719","1507","0","47.71","25.15"
"67","000","00","012","1212","0313","299","200","99","45","344","702","0","49.0","28.49"
"67","000","00","012","1219","0000","673","366","307","92","765","1513","0","50.56","24.19"
"67","000","00","012","1219","0319","673","366","307","92","765","1513","0","50.56","24.19"
"67","000","00","012","1220","0000","972","530","442","107","1079","2410","0","44.77","21.99"
"67","000","00","012","1220","0320","269","155","114","20","289","714","0","40.48","21.71"
"67","000","00","012","1220","0321","315","169","146","54","369","745","0","49.53","22.68"
"67","000","00","012","1220","0322","388","206","182","33","421","951","0","44.27","21.66"
"67","000","00","012","1222","0000","469","265","204","47","516","1072","0","48.13","24.72"
"67","000","00","012","1222","0310","314","187","127","33","347","689","0","50.36","27.14"
"67","000","00","012","1222","0311","155","78","77","14","169","383","0","44.13","20.37"
"67","000","00","012","1223","0000","2508","1540","968","222","2730","5111","0","53.41","30.13"
"67","000","00","012","1223","0294","692","426","266","64","756","1426","0","53.02","29.87"
"67","000","00","012","1223","0295","861","515","346","76","937","1779","0","52.67","28.95"
"67","000","00","012","1223","0296","955","599","356","82","1037","1906","0","54.41","31.43"
"67","000","00","012","1224","0000","963","568","395","112","1075","2137","0","50.3","26.58"
"67","000","00","012","1224","0308","523","308","215","67","590","1218","0","48.44","25.29"
"67","000","00","012","1224","0309","440","260","180","45","485","919","0","52.77","28.29"
"67","000","00","012","1225","0000","933","569","364","116","1049","1844","0","56.89","30.86"
"67","000","00","012","1225","0314","442","288","154","52","494","907","0","54.47","31.75"
"67","000","00","012","1225","0315","491","281","210","64","555","937","0","59.23","29.99"
"67","000","00","012","1226","0000","1206","670","536","195","1401","2798","0","50.07","23.95"
"67","000","00","012","1226","0316","435","225","210","111","546","1030","0","53.01","21.84"
"67","000","00","012","1226","0317","448","258","190","61","509","981","0","51.89","26.3"
"67","000","00","012","1226","0318","323","187","136","23","346","787","0","43.96","23.76"
"67","000","00","012","1227","0000","2197","1321","876","179","2376","4364","0","54.45","30.27"
"67","000","00","012","1227","0300","757","469","288","55","812","1631","0","49.79","28.76"
"67","000","00","012","1227","0301","784","464","320","75","859","1546","0","55.56","30.01"
"67","000","00","012","1227","0302","656","388","268","49","705","1187","0","59.39","32.69"
"67","000","00","013","0000","0000","9514","5511","4003","1024","10538","22567","25725","46.7","24.42"
"67","000","00","013","1301","0000","1768","1070","698","201","1969","3852","0","51.12","27.78"
"67","000","00","013","1301","0216","640","373","267","45","685","1370","0","50.0","27.23"
"67","000","00","013","1301","0217","542","339","203","62","604","1117","0","54.07","30.35"
"67","000","00","013","1301","0218","586","358","228","94","680","1365","0","49.82","26.23"
"67","000","00","013","1302","0000","995","572","423","68","1063","2235","0","47.56","25.59"
"67","000","00","013","1302","0221","478","274","204","31","509","1052","0","48.38","26.05"
"67","000","00","013","1302","0222","517","298","219","37","554","1183","0","46.83","25.19"
"67","000","00","013","1303","0000","413","239","174","31","444","1238","0","35.86","19.31"
"67","000","00","013","1303","0227","276","179","97","19","295","832","0","35.46","21.51"
"67","000","00","013","1303","0228","137","60","77","12","149","406","0","36.7","14.78"
"67","000","00","013","1304","0000","383","234","149","42","425","818","0","51.96","28.61"
"67","000","00","013","1304","0229","383","234","149","42","425","818","0","51.96","28.61"
"67","000","00","013","1305","0000","807","493","314","81","888","1900","0","46.74","25.95"
"67","000","00","013","1305","0213","288","175","113","37","325","635","0","51.18","27.56"
"67","000","00","013","1305","0214","351","217","134","25","376","822","0","45.74","26.4"
"67","000","00","013","1305","0215","168","101","67","19","187","443","0","42.21","22.8"
"67","000","00","013","1306","0000","1168","655","513","120","1288","2409","0","53.47","27.19"
"67","000","00","013","1306","0208","407","232","175","73","480","862","0","55.68","26.91"
"67","000","00","013","1306","0209","321","186","135","11","332","611","0","54.34","30.44"
"67","000","00","013","1306","0210","440","237","203","36","476","936","0","50.85","25.32"
"67","000","00","013","1307","0000","893","487","406","87","980","1935","0","50.65","25.17"
"67","000","00","013","1307","0211","456","251","205","46","502","1066","0","47.09","23.55"
"67","000","00","013","1307","0212","437","236","201","41","478","869","0","55.01","27.16"
"67","000","00","013","1308","0000","477","244","233","81","558","1241","0","44.96","19.66"
"67","000","00","013","1308","0224","477","244","233","81","558","1241","0","44.96","19.66"
"67","000","00","013","1309","0000","363","212","151","27","390","1052","0","37.07","20.15"
"67","000","00","013","1309","0230","363","212","151","27","390","1052","0","37.07","20.15"
"67","000","00","013","1310","0000","831","494","337","138","969","2116","0","45.79","23.35"
"67","000","00","013","1310","0219","621","380","241","92","713","1489","0","47.88","25.52"
"67","000","00","013","1310","0220","210","114","96","46","256","627","0","40.83","18.18"
"67","000","00","013","1311","0000","360","215","145","31","391","979","0","39.94","21.96"
"67","000","00","013","1311","0223","360","215","145","31","391","979","0","39.94","21.96"
"67","000","00","013","1312","0000","516","283","233","52","568","1369","0","41.49","20.67"
"67","000","00","013","1312","0231","223","112","111","12","235","578","0","40.66","19.38"
"67","000","00","013","1312","0232","140","75","65","28","168","430","0","39.07","17.44"
"67","000","00","013","1312","0233","153","96","57","12","165","361","0","45.71","26.59"
"67","000","00","013","1313","0000","540","313","227","65","605","1423","0","42.52","22.0"
"67","000","00","013","1313","0225","299","171","128","27","326","843","0","38.67","20.28"
"67","000","00","013","1313","0226","241","142","99","38","279","580","0","48.1","24.48"
"67","000","00","014","0000","0000","8842","5130","3712","880","9722","21564","24724","45.08","23.79"
"67","000","00","014","1401","0000","1401","816","585","94","1495","3148","0","47.49","25.92"
"67","000","00","014","1401","0323","419","255","164","23","442","933","0","47.37","27.33"
"67","000","00","014","1401","0324","431","232","199","33","464","901","0","51.5","25.75"
"67","000","00","014","1401","0325","551","329","222","38","589","1314","0","44.82","25.04"
"67","000","00","014","1402","0000","940","533","407","80","1020","2401","0","42.48","22.2"
"67","000","00","014","1402","0329","664","393","271","59","723","1663","0","43.48","23.63"
"67","000","00","014","1402","0330","276","140","136","21","297","738","0","40.24","18.97"
"67","000","00","014","1403","0000","730","439","291","96","826","1593","0","51.85","27.56"
"67","000","00","014","1403","0331","578","353","225","66","644","1211","0","53.18","29.15"
"67","000","00","014","1403","0332","152","86","66","30","182","382","0","47.64","22.51"
"67","000","00","014","1404","0000","664","395","269","42","706","1624","0","43.47","24.32"
"67","000","00","014","1404","0333","320","194","126","17","337","786","0","42.88","24.68"
"67","000","00","014","1404","0334","344","201","143","25","369","838","0","44.03","23.99"
"67","000","00","014","1405","0000","544","306","238","52","596","1449","0","41.13","21.12"
"67","000","00","014","1405","0335","544","306","238","52","596","1449","0","41.13","21.12"
"67","000","00","014","1406","0000","517","284","233","49","566","1479","0","38.27","19.2"
"67","000","00","014","1406","0336","517","284","233","49","566","1479","0","38.27","19.2"
"67","000","00","014","1407","0000","355","216","139","69","424","763","0","55.57","28.31"
"67","000","00","014","1407","0337","355","216","139","69","424","763","0","55.57","28.31"
"67","000","00","014","1408","0000","496","290","206","38","534","1297","0","41.17","22.36"
"67","000","00","014","1408","0338","496","290","206","38","534","1297","0","41.17","22.36"
"67","000","00","014","1409","0000","560","334","226","44","604","1393","0","43.36","23.98"
"67","000","00","014","1409","0339","560","334","226","44","604","1393","0","43.36","23.98"
"67","000","00","014","1410","0000","518","311","207","41","559","1349","0","41.44","23.05"
"67","000","00","014","1410","0340","337","196","141","21","358","958","0","37.37","20.46"
"67","000","00","014","1410","0341","181","115","66","20","201","391","0","51.41","29.41"
"67","000","00","014","1411","0000","366","205","161","54","420","805","0","52.17","25.47"
"67","000","00","014","1411","0342","366","205","161","54","420","805","0","52.17","25.47"
"67","000","00","014","1412","0000","1751","1001","750","221","1972","4263","0","46.26","23.48"
"67","000","00","014","1412","0326","606","334","272","88","694","1349","0","51.45","24.76"
"67","000","00","014","1412","0327","491","278","213","72","563","1014","0","55.52","27.42"
"67","000","00","014","1412","0328","654","389","265","61","715","1900","0","37.63","20.47"
"67","000","00","015","0000","0000","7598","4511","3087","947","8545","19950","22810","42.83","22.61"
"67","000","00","015","1501","0000","459","261","198","40","499","1042","0","47.89","25.05"
"67","000","00","015","1501","0258","220","129","91","19","239","534","0","44.76","24.16"
"67","000","00","015","1501","0259","239","132","107","21","260","508","0","51.18","25.98"
"67","000","00","015","1502","0000","204","132","72","8","212","665","0","31.88","19.85"
"67","000","00","015","1502","0260","204","132","72","8","212","665","0","31.88","19.85"
"67","000","00","015","1504","0000","314","195","119","24","338","834","0","40.53","23.38"
"67","000","00","015","1504","0261","314","195","119","24","338","834","0","40.53","23.38"
"67","000","00","015","1505","0000","277","162","115","22","299","810","0","36.91","20.0"
"67","000","00","015","1505","0262","277","162","115","22","299","810","0","36.91","20.0"
"67","000","00","015","1506","0000","135","83","52","12","147","480","0","30.63","17.29"
"67","000","00","015","1506","0263","135","83","52","12","147","480","0","30.63","17.29"
"67","000","00","015","1507","0000","151","90","61","10","161","445","0","36.18","20.22"
"67","000","00","015","1507","0264","151","90","61","10","161","445","0","36.18","20.22"
"67","000","00","015","1508","0000","468","284","184","44","512","1618","0","31.64","17.55"
"67","000","00","015","1508","0266","244","147","97","14","258","838","0","30.79","17.54"
"67","000","00","015","1508","0267","224","137","87","30","254","780","0","32.56","17.56"
"67","000","00","015","1509","0000","163","91","72","21","184","350","0","52.57","26.0"
"67","000","00","015","1509","0268","163","91","72","21","184","350","0","52.57","26.0"
"67","000","00","015","1510","0000","436","254","182","82","518","907","0","57.11","28.0"
"67","000","00","015","1510","0269","436","254","182","82","518","907","0","57.11","28.0"
"67","000","00","015","1511","0000","285","172","113","31","316","780","0","40.51","22.05"
"67","000","00","015","1511","0270","285","172","113","31","316","780","0","40.51","22.05"
"67","000","00","015","1512","0000","991","623","368","85","1076","2571","0","41.85","24.23"
"67","000","00","015","1512","0271","638","395","243","49","687","1658","0","41.44","23.82"
"67","000","00","015","1512","0272","353","228","125","36","389","913","0","42.61","24.97"
"67","000","00","015","1515","0000","737","425","312","92","829","1898","0","43.68","22.39"
"67","000","00","015","1515","0273","510","299","211","81","591","1202","0","49.17","24.88"
"67","000","00","015","1515","0274","227","126","101","11","238","696","0","34.2","18.1"
"67","000","00","015","1517","0000","180","113","67","13","193","680","0","28.38","16.62"
"67","000","00","015","1517","0265","180","113","67","13","193","680","0","28.38","16.62"
"67","000","00","015","1518","0000","588","352","236","105","693","1269","0","54.61","27.74"
"67","000","00","015","1518","0275","264","155","109","42","306","647","0","47.3","23.96"
"67","000","00","015","1518","0276","324","197","127","63","387","622","0","62.22","31.67"
"67","000","00","015","1519","0000","830","443","387","139","969","1873","0","51.74","23.65"
"67","000","00","015","1519","0277","553","307","246","114","667","1175","0","56.77","26.13"
"67","000","00","015","1519","0278","277","136","141","25","302","698","0","43.27","19.48"
"67","000","00","015","1521","0000","433","268","165","75","508","983","0","51.68","27.26"
"67","000","00","015","1521","0279","433","268","165","75","508","983","0","51.68","27.26"
"67","000","00","015","1522","0000","431","252","179","55","486","1366","0","35.58","18.45"
"67","000","00","015","1522","0280","431","252","179","55","486","1366","0","35.58","18.45"
"67","000","00","015","1523","0000","516","311","205","89","605","1379","0","43.87","22.55"
"67","000","00","015","1523","0281","516","311","205","89","605","1379","0","43.87","22.55"
"67","000","00","016","0000","0000","6742","3964","2778","794","7536","17754","19691","42.45","22.33"
"67","000","00","016","1601","0000","555","335","220","72","627","1110","0","56.49","30.18"
"67","000","00","016","1601","0234","555","335","220","72","627","1110","0","56.49","30.18"
"67","000","00","016","1613","0000","288","164","124","21","309","849","0","36.4","19.32"
"67","000","00","016","1613","0250","288","164","124","21","309","849","0","36.4","19.32"
"67","000","00","016","1614","0000","228","143","85","29","257","645","0","39.84","22.17"
"67","000","00","016","1614","0251","228","143","85","29","257","645","0","39.84","22.17"
"67","000","00","016","1615","0000","385","212","173","29","414","1353","0","30.6","15.67"
"67","000","00","016","1615","0252","211","118","93","16","227","690","0","32.9","17.1"
"67","000","00","016","1615","0253","174","94","80","13","187","663","0","28.21","14.18"
"67","000","00","016","1616","0000","399","233","166","40","439","1175","0","37.36","19.83"
"67","000","00","016","1616","0254","399","233","166","40","439","1175","0","37.36","19.83"
"67","000","00","016","1617","0000","663","389","274","170","833","1898","0","43.89","20.5"
"67","000","00","016","1617","0255","244","150","94","34","278","837","0","33.21","17.92"
"67","000","00","016","1617","0256","419","239","180","136","555","1061","0","52.31","22.53"
"67","000","00","016","1618","0000","280","181","99","26","306","976","0","31.35","18.55"
"67","000","00","016","1618","0257","280","181","99","26","306","976","0","31.35","18.55"
"67","000","00","016","1619","0000","390","198","192","29","419","1223","0","34.26","16.19"
"67","000","00","016","1619","0245","217","100","117","15","232","650","0","35.69","15.38"
"67","000","00","016","1619","0246","173","98","75","14","187","573","0","32.64","17.1"
"67","000","00","016","1620","0000","1103","675","428","74","1177","2387","0","49.31","28.28"
"67","000","00","016","1620","0235","699","450","249","45","744","1418","0","52.47","31.73"
"67","000","00","016","1620","0236","404","225","179","29","433","969","0","44.69","23.22"
"67","000","00","016","1621","0000","1057","596","461","148","1205","2482","0","48.55","24.01"
"67","000","00","016","1621","0237","256","136","120","49","305","519","0","58.77","26.2"
"67","000","00","016","1621","0238","470","272","198","44","514","1106","0","46.47","24.59"
"67","000","00","016","1621","0239","226","131","95","43","269","542","0","49.63","24.17"
"67","000","00","016","1621","0240","105","57","48","12","117","315","0","37.14","18.1"
"67","000","00","016","1622","0000","773","455","318","89","862","2032","0","42.42","22.39"
"67","000","00","016","1622","0241","206","129","77","32","238","584","0","40.75","22.09"
"67","000","00","016","1622","0242","161","91","70","14","175","398","0","43.97","22.86"
"67","000","00","016","1622","0243","208","119","89","23","231","608","0","37.99","19.57"
"67","000","00","016","1622","0244","198","116","82","20","218","442","0","49.32","26.24"
"67","000","00","016","1623","0000","621","383","238","67","688","1624","0","42.36","23.58"
"67","000","00","016","1623","0247","197","126","71","13","210","617","0","34.04","20.42"
"67","000","00","016","1623","0248","240","143","97","24","264","573","0","46.07","24.96"
"67","000","00","016","1623","0249","184","114","70","30","214","434","0","49.31","26.27"
"67","000","00","017","0000","0000","3511","2089","1422","347","3858","9925","11099","38.87","21.05"
"67","000","00","017","1701","0000","498","314","184","27","525","1341","0","39.15","23.42"
"67","000","00","017","1701","0196","282","171","111","12","294","742","0","39.62","23.05"
"67","000","00","017","1701","0197","216","143","73","15","231","599","0","38.56","23.87"
"67","000","00","017","1702","0000","162","92","70","17","179","473","0","37.84","19.45"
"67","000","00","017","1702","0201","162","92","70","17","179","473","0","37.84","19.45"
"67","000","00","017","1705","0000","331","203","128","28","359","838","0","42.84","24.22"
"67","000","00","017","1705","0192","147","93","54","8","155","456","0","33.99","20.39"
"67","000","00","017","1705","0193","184","110","74","20","204","382","0","53.4","28.8"
"67","000","00","017","1706","0000","274","168","106","15","289","954","0","30.29","17.61"
"67","000","00","017","1706","0202","274","168","106","15","289","954","0","30.29","17.61"
"67","000","00","017","1707","0000","372","216","156","46","418","1200","0","34.83","18.0"
"67","000","00","017","1707","0204","208","122","86","13","221","679","0","32.55","17.97"
"67","000","00","017","1707","0205","164","94","70","33","197","521","0","37.81","18.04"
"67","000","00","017","1709","0000","285","166","119","31","316","745","0","42.42","22.28"
"67","000","00","017","1709","0194","153","93","60","24","177","356","0","49.72","26.12"
"67","000","00","017","1709","0195","132","73","59","7","139","389","0","35.73","18.77"
"67","000","00","017","1711","0000","344","207","137","45","389","737","0","52.78","28.09"
"67","000","00","017","1711","0203","344","207","137","45","389","737","0","52.78","28.09"
"67","000","00","017","1713","0000","333","208","125","34","367","885","0","41.47","23.5"
"67","000","00","017","1713","0190","186","105","81","16","202","484","0","41.74","21.69"
"67","000","00","017","1713","0191","147","103","44","18","165","401","0","41.15","25.69"
"67","000","00","017","1714","0000","515","278","237","65","580","1484","0","39.08","18.73"
"67","000","00","017","1714","0198","208","116","92","35","243","594","0","40.91","19.53"
"67","000","00","017","1714","0199","218","110","108","26","244","572","0","42.66","19.23"
"67","000","00","017","1714","0200","89","52","37","4","93","318","0","29.25","16.35"
"67","000","00","017","1715","0000","397","237","160","39","436","1268","0","34.38","18.69"
"67","000","00","017","1715","0206","185","109","76","24","209","632","0","33.07","17.25"
"67","000","00","017","1715","0207","212","128","84","15","227","636","0","35.69","20.13"
"67","000","00","018","0000","0000","17723","10063","7660","2041","19764","37296","43516","52.99","26.98"
"67","000","00","018","1801","0000","1668","940","728","218","1886","3165","0","59.59","29.7"
"67","000","00","018","1801","0581","401","249","152","52","453","746","0","60.72","33.38"
"67","000","00","018","1801","0582","592","323","269","59","651","1102","0","59.07","29.31"
"67","000","00","018","1801","0583","193","102","91","22","215","370","0","58.11","27.57"
"67","000","00","018","1801","0584","482","266","216","85","567","947","0","59.87","28.09"
"67","000","00","018","1802","0000","1917","968","949","249","2166","3951","0","54.82","24.5"
"67","000","00","018","1802","0585","543","217","326","69","612","1154","0","53.03","18.8"
"67","000","00","018","1802","0586","531","295","236","76","607","1082","0","56.1","27.26"
"67","000","00","018","1802","0587","540","303","237","71","611","1075","0","56.84","28.19"
"67","000","00","018","1802","0588","303","153","150","33","336","640","0","52.5","23.91"
"67","000","00","018","1803","0000","1204","667","537","124","1328","2757","0","48.17","24.19"
"67","000","00","018","1803","0589","180","84","96","23","203","410","0","49.51","20.49"
"67","000","00","018","1803","0590","239","151","88","32","271","533","0","50.84","28.33"
"67","000","00","018","1803","0591","400","207","193","34","434","836","0","51.91","24.76"
"67","000","00","018","1803","0592","385","225","160","35","420","978","0","42.94","23.01"
"67","000","00","018","1804","0000","2090","1218","872","185","2275","4380","0","51.94","27.81"
"67","000","00","018","1804","0593","666","372","294","51","717","1348","0","53.19","27.6"
"67","000","00","018","1804","0594","492","281","211","41","533","1015","0","52.51","27.68"
"67","000","00","018","1804","0595","535","351","184","40","575","1228","0","46.82","28.58"
"67","000","00","018","1804","0596","397","214","183","53","450","789","0","57.03","27.12"
"67","000","00","018","1809","0000","1564","912","652","132","1696","3272","0","51.83","27.87"
"67","000","00","018","1809","0597","469","244","225","35","504","1022","0","49.32","23.87"
"67","000","00","018","1809","0598","460","296","164","25","485","1021","0","47.5","28.99"
"67","000","00","018","1809","0599","635","372","263","72","707","1229","0","57.53","30.27"
"67","000","00","018","1810","0000","933","538","395","57","990","2165","0","45.73","24.85"
"67","000","00","018","1810","0600","566","326","240","24","590","1153","0","51.17","28.27"
"67","000","00","018","1810","0601","367","212","155","33","400","1012","0","39.53","20.95"
"67","000","00","018","1811","0000","712","411","301","88","800","1458","0","54.87","28.19"
"67","000","00","018","1811","0602","712","411","301","88","800","1458","0","54.87","28.19"
"67","000","00","018","1812","0000","1624","969","655","152","1776","3220","0","55.16","30.09"
"67","000","00","018","1812","0603","841","509","332","73","914","1645","0","55.56","30.94"
"67","000","00","018","1812","0604","521","313","208","64","585","1016","0","57.58","30.81"
"67","000","00","018","1812","0605","262","147","115","15","277","559","0","49.55","26.3"
"67","000","00","018","1813","0000","1484","850","634","109","1593","2784","0","57.22","30.53"
"67","000","00","018","1813","0606","626","356","270","51","677","1222","0","55.4","29.13"
"67","000","00","018","1813","0607","858","494","364","58","916","1562","0","58.64","31.63"
"67","000","00","018","1814","0000","879","491","388","131","1010","2007","0","50.32","24.46"
"67","000","00","018","1814","0608","417","240","177","34","451","994","0","45.37","24.14"
"67","000","00","018","1814","0609","462","251","211","97","559","1013","0","55.18","24.78"
"67","000","00","018","1815","0000","1039","603","436","143","1182","2218","0","53.29","27.19"
"67","000","00","018","1815","0610","584","341","243","89","673","1197","0","56.22","28.49"
"67","000","00","018","1815","0611","455","262","193","54","509","1021","0","49.85","25.66"
"67","000","00","018","1816","0000","556","314","242","91","647","1428","0","45.31","21.99"
"67","000","00","018","1816","0612","556","314","242","91","647","1428","0","45.31","21.99"
"67","000","00","018","1817","0000","176","114","62","39","215","456","0","47.15","25.0"
"67","000","00","018","1817","0613","176","114","62","39","215","456","0","47.15","25.0"
"67","000","00","018","1818","0000","1046","608","438","145","1191","2134","0","55.81","28.49"
"67","000","00","018","1818","0614","519","295","224","59","578","1037","0","55.74","28.45"
"67","000","00","018","1818","0615","527","313","214","86","613","1097","0","55.88","28.53"
"67","000","00","018","1819","0000","433","243","190","65","498","902","0","55.21","26.94"
"67","000","00","018","1819","0616","433","243","190","65","498","902","0","55.21","26.94"
"67","000","00","018","1820","0000","398","217","181","113","511","999","0","51.15","21.72"
"67","000","00","018","1820","0617","398","217","181","113","511","999","0","51.15","21.72"
"67","000","00","019","0000","0000","18189","10307","7882","1998","20187","39950","48870","50.53","25.8"
"67","000","00","019","1901","0000","472","254","218","35","507","1132","0","44.79","22.44"
"67","000","00","019","1901","0492","472","254","218","35","507","1132","0","44.79","22.44"
"67","000","00","019","1902","0000","1739","1027","712","222","1961","3935","0","49.83","26.1"
"67","000","00","019","1902","0493","823","501","322","85","908","1845","0","49.21","27.15"
"67","000","00","019","1902","0494","916","526","390","137","1053","2090","0","50.38","25.17"
"67","000","00","019","1903","0000","2608","1466","1142","259","2867","5301","0","54.08","27.66"
"67","000","00","019","1903","0495","783","476","307","89","872","1582","0","55.12","30.09"
"67","000","00","019","1903","0496","959","497","462","86","1045","1901","0","54.97","26.14"
"67","000","00","019","1903","0497","866","493","373","84","950","1818","0","52.26","27.12"
"67","000","00","019","1904","0000","1318","756","562","136","1454","2700","0","53.85","28.0"
"67","000","00","019","1904","0498","767","448","319","91","858","1639","0","52.35","27.33"
"67","000","00","019","1904","0499","551","308","243","45","596","1061","0","56.17","29.03"
"67","000","00","019","1905","0000","867","511","356","121","988","1786","0","55.32","28.61"
"67","000","00","019","1905","0500","867","511","356","121","988","1786","0","55.32","28.61"
"67","000","00","019","1908","0000","701","367","334","88","789","1581","0","49.91","23.21"
"67","000","00","019","1908","0502","701","367","334","88","789","1581","0","49.91","23.21"
"67","000","00","019","1909","0000","538","311","227","116","654","1240","0","52.74","25.08"
"67","000","00","019","1909","0503","538","311","227","116","654","1240","0","52.74","25.08"
"67","000","00","019","1910","0000","616","358","258","48","664","1743","0","38.1","20.54"
"67","000","00","019","1910","0504","616","358","258","48","664","1743","0","38.1","20.54"
"67","000","00","019","1911","0000","622","353","269","74","696","1246","0","55.86","28.33"
"67","000","00","019","1911","0505","622","353","269","74","696","1246","0","55.86","28.33"
"67","000","00","019","1912","0000","849","508","341","48","897","1899","0","47.24","26.75"
"67","000","00","019","1912","0506","435","264","171","31","466","961","0","48.49","27.47"
"67","000","00","019","1912","0507","414","244","170","17","431","938","0","45.95","26.01"
"67","000","00","019","1913","0000","328","175","153","26","354","722","0","49.03","24.24"
"67","000","00","019","1913","0508","328","175","153","26","354","722","0","49.03","24.24"
"67","000","00","019","1914","0000","420","253","167","34","454","1062","0","42.75","23.82"
"67","000","00","019","1914","0509","420","253","167","34","454","1062","0","42.75","23.82"
"67","000","00","019","1915","0000","752","433","319","119","871","1715","0","50.79","25.25"
"67","000","00","019","1915","0510","752","433","319","119","871","1715","0","50.79","25.25"
"67","000","00","019","1918","0000","726","404","322","92","818","1574","0","51.97","25.67"
"67","000","00","019","1918","0513","726","404","322","92","818","1574","0","51.97","25.67"
"67","000","00","019","1919","0000","621","368","253","70","691","1535","0","45.02","23.97"
"67","000","00","019","1919","0514","621","368","253","70","691","1535","0","45.02","23.97"
"67","000","00","019","1920","0000","493","260","233","87","580","1106","0","52.44","23.51"
"67","000","00","019","1920","0515","493","260","233","87","580","1106","0","52.44","23.51"
"67","000","00","019","1921","0000","1974","1108","866","192","2166","4240","0","51.08","26.13"
"67","000","00","019","1921","0516","613","334","279","45","658","1402","0","46.93","23.82"
"67","000","00","019","1921","0517","760","443","317","108","868","1458","0","59.53","30.38"
"67","000","00","019","1921","0518","601","331","270","39","640","1380","0","46.38","23.99"
"67","000","00","019","1922","0000","535","315","220","49","584","1147","0","50.92","27.46"
"67","000","00","019","1922","0501","535","315","220","49","584","1147","0","50.92","27.46"
"67","000","00","019","1923","0000","837","445","392","135","972","1985","0","48.97","22.42"
"67","000","00","019","1923","0511","461","256","205","81","542","1120","0","48.39","22.86"
"67","000","00","019","1923","0512","376","189","187","54","430","865","0","49.71","21.85"
"67","000","00","019","1924","0000","1173","635","538","47","1220","2301","0","53.02","27.6"
"67","000","00","019","1924","0519","620","326","294","23","643","1232","0","52.19","26.46"
"67","000","00","019","1924","0520","553","309","244","24","577","1069","0","53.98","28.91"
"67","000","00","020","0000","0000","14511","8362","6149","1595","16106","30386","36824","53.0","27.52"
"67","000","00","020","2001","0000","1388","784","604","130","1518","2928","0","51.84","26.78"
"67","000","00","020","2001","0545","414","227","187","38","452","960","0","47.08","23.65"
"67","000","00","020","2001","0546","591","329","262","62","653","1118","0","58.41","29.43"
"67","000","00","020","2001","0547","383","228","155","30","413","850","0","48.59","26.82"
"67","000","00","020","2002","0000","2964","1690","1274","349","3313","6063","0","54.64","27.87"
"67","000","00","020","2002","0548","589","337","252","72","661","1241","0","53.26","27.16"
"67","000","00","020","2002","0549","643","363","280","58","701","1297","0","54.05","27.99"
"67","000","00","020","2002","0550","489","297","192","52","541","962","0","56.24","30.87"
"67","000","00","020","2002","0551","612","343","269","87","699","1237","0","56.51","27.73"
"67","000","00","020","2002","0552","631","350","281","80","711","1326","0","53.62","26.4"
"67","000","00","020","2003","0000","1225","652","573","127","1352","2516","0","53.74","25.91"
"67","000","00","020","2003","0553","603","329","274","89","692","1211","0","57.14","27.17"
"67","000","00","020","2003","0554","622","323","299","38","660","1305","0","50.57","24.75"
"67","000","00","020","2004","0000","309","203","106","65","374","688","0","54.36","29.51"
"67","000","00","020","2004","0555","309","203","106","65","374","688","0","54.36","29.51"
"67","000","00","020","2005","0000","457","259","198","58","515","911","0","56.53","28.43"
"67","000","00","020","2005","0556","457","259","198","58","515","911","0","56.53","28.43"
"67","000","00","020","2006","0000","662","374","288","64","726","1525","0","47.61","24.52"
"67","000","00","020","2006","0557","662","374","288","64","726","1525","0","47.61","24.52"
"67","000","00","020","2007","0000","1397","820","577","96","1493","3262","0","45.77","25.14"
"67","000","00","020","2007","0558","403","232","171","14","417","1091","0","38.22","21.26"
"67","000","00","020","2007","0559","526","310","216","40","566","1122","0","50.45","27.63"
"67","000","00","020","2007","0560","468","278","190","42","510","1049","0","48.62","26.5"
"67","000","00","020","2008","0000","2013","1253","760","146","2159","4457","0","48.44","28.11"
"67","000","00","020","2008","0561","625","372","253","37","662","1564","0","42.33","23.79"
"67","000","00","020","2008","0562","731","428","303","78","809","1515","0","53.4","28.25"
"67","000","00","020","2008","0563","657","453","204","31","688","1378","0","49.93","32.87"
"67","000","00","020","2009","0000","947","565","382","182","1129","1787","0","63.18","31.62"
"67","000","00","020","2009","0564","438","270","168","77","515","827","0","62.27","32.65"
"67","000","00","020","2009","0565","509","295","214","105","614","960","0","63.96","30.73"
"67","000","00","020","2010","0000","1603","878","725","198","1801","3388","0","53.16","25.91"
"67","000","00","020","2010","0566","434","237","197","64","498","951","0","52.37","24.92"
"67","000","00","020","2010","0567","610","335","275","86","696","1264","0","55.06","26.5"
"67","000","00","020","2010","0568","559","306","253","48","607","1173","0","51.75","26.09"
"67","000","00","020","2011","0000","1546","884","662","180","1726","2861","0","60.33","30.9"
"67","000","00","020","2011","0569","359","198","161","30","389","684","0","56.87","28.95"
"67","000","00","020","2011","0570","547","333","214","101","648","1055","0","61.42","31.56"
"67","000","00","020","2011","0571","640","353","287","49","689","1122","0","61.41","31.46"
"67","000","00","021","0000","0000","12286","7000","5286","1492","13778","26104","30522","52.78","26.82"
"67","000","00","021","2101","0000","1170","606","564","80","1250","2150","0","58.14","28.19"
"67","000","00","021","2101","0521","750","367","383","17","767","1251","0","61.31","29.34"
"67","000","00","021","2101","0522","420","239","181","63","483","899","0","53.73","26.59"
"67","000","00","021","2102","0000","975","564","411","155","1130","2054","0","55.01","27.46"
"67","000","00","021","2102","0523","516","301","215","89","605","1106","0","54.7","27.22"
"67","000","00","021","2102","0524","459","263","196","66","525","948","0","55.38","27.74"
"67","000","00","021","2103","0000","623","373","250","54","677","1442","0","46.95","25.87"
"67","000","00","021","2103","0525","623","373","250","54","677","1442","0","46.95","25.87"
"67","000","00","021","2104","0000","958","523","435","157","1115","2186","0","51.01","23.92"
"67","000","00","021","2104","0526","556","293","263","101","657","1385","0","47.44","21.16"
"67","000","00","021","2104","0527","402","230","172","56","458","801","0","57.18","28.71"
"67","000","00","021","2106","0000","651","367","284","89","740","1517","0","48.78","24.19"
"67","000","00","021","2106","0528","301","164","137","38","339","736","0","46.06","22.28"
"67","000","00","021","2106","0529","350","203","147","51","401","781","0","51.34","25.99"
"67","000","00","021","2107","0000","837","475","362","90","927","1657","0","55.94","28.67"
"67","000","00","021","2107","0530","394","220","174","30","424","795","0","53.33","27.67"
"67","000","00","021","2107","0531","443","255","188","60","503","862","0","58.35","29.58"
"67","000","00","021","2108","0000","1269","736","533","110","1379","2872","0","48.02","25.63"
"67","000","00","021","2108","0532","646","387","259","51","697","1487","0","46.87","26.03"
"67","000","00","021","2108","0533","623","349","274","59","682","1385","0","49.24","25.2"
"67","000","00","021","2109","0000","1207","720","487","116","1323","2612","0","50.65","27.57"
"67","000","00","021","2109","0534","644","377","267","43","687","1518","0","45.26","24.84"
"67","000","00","021","2109","0535","563","343","220","73","636","1094","0","58.14","31.35"
"67","000","00","021","2112","0000","345","209","136","57","402","716","0","56.15","29.19"
"67","000","00","021","2112","0538","345","209","136","57","402","716","0","56.15","29.19"
"67","000","00","021","2113","0000","1197","724","473","128","1325","2435","0","54.41","29.73"
"67","000","00","021","2113","0539","733","440","293","80","813","1492","0","54.49","29.49"
"67","000","00","021","2113","0540","464","284","180","48","512","943","0","54.29","30.12"
"67","000","00","021","2114","0000","1197","658","539","165","1362","2541","0","53.6","25.9"
"67","000","00","021","2114","0541","551","310","241","44","595","1157","0","51.43","26.79"
"67","000","00","021","2114","0542","646","348","298","121","767","1384","0","55.42","25.14"
"67","000","00","021","2117","0000","729","392","337","116","845","1578","0","53.55","24.84"
"67","000","00","021","2117","0543","452","229","223","71","523","967","0","54.08","23.68"
"67","000","00","021","2117","0544","277","163","114","45","322","611","0","52.7","26.68"
"67","000","00","021","2118","0000","1128","653","475","175","1303","2344","0","55.59","27.86"
"67","000","00","021","2118","0536","749","427","322","131","880","1590","0","55.35","26.86"
"67","000","00","021","2118","0537","379","226","153","44","423","754","0","56.1","29.97"
"67","000","00","022","0000","0000","2473","1457","1016","323","2796","6511","7328","42.94","22.38"
"67","000","00","022","2201","0000","567","349","218","108","675","1691","0","39.92","20.64"
"67","000","00","022","2201","0572","292","171","121","67","359","855","0","41.99","20.0"
"67","000","00","022","2201","0573","275","178","97","41","316","836","0","37.8","21.29"
"67","000","00","022","2202","0000","644","356","288","99","743","1541","0","48.22","23.1"
"67","000","00","022","2202","0574","324","181","143","45","369","753","0","49.0","24.04"
"67","000","00","022","2202","0575","320","175","145","54","374","788","0","47.46","22.21"
"67","000","00","022","2203","0000","443","261","182","48","491","984","0","49.9","26.52"
"67","000","00","022","2203","0576","443","261","182","48","491","984","0","49.9","26.52"
"67","000","00","022","2204","0000","381","222","159","22","403","972","0","41.46","22.84"
"67","000","00","022","2204","0577","381","222","159","22","403","972","0","41.46","22.84"
"67","000","00","022","2205","0000","145","92","53","11","156","553","0","28.21","16.64"
"67","000","00","022","2205","0578","145","92","53","11","156","553","0","28.21","16.64"
"67","000","00","022","2206","0000","138","84","54","9","147","378","0","38.89","22.22"
"67","000","00","022","2206","0579","138","84","54","9","147","378","0","38.89","22.22"
"67","000","00","022","2207","0000","155","93","62","26","181","392","0","46.17","23.72"
"67","000","00","022","2207","0580","155","93","62","26","181","392","0","46.17","23.72"
"67","000","00","023","0000","0000","5278","3185","2093","583","5861","12357","14021","47.43","25.77"
"67","000","00","023","2301","0000","553","339","214","32","585","1242","0","47.1","27.29"
"67","000","00","023","2301","0466","553","339","214","32","585","1242","0","47.1","27.29"
"67","000","00","023","2302","0000","1676","1021","655","168","1844","3637","0","50.7","28.07"
"67","000","00","023","2302","0467","545","329","216","45","590","1141","0","51.71","28.83"
"67","000","00","023","2302","0468","302","179","123","28","330","698","0","47.28","25.64"
"67","000","00","023","2302","0469","389","244","145","26","415","849","0","48.88","28.74"
"67","000","00","023","2302","0470","440","269","171","69","509","949","0","53.64","28.35"
"67","000","00","023","2303","0000","497","321","176","40","537","1212","0","44.31","26.49"
"67","000","00","023","2303","0471","272","178","94","31","303","618","0","49.03","28.8"
"67","000","00","023","2303","0472","225","143","82","9","234","594","0","39.39","24.07"
"67","000","00","023","2304","0000","584","337","247","67","651","1439","0","45.24","23.42"
"67","000","00","023","2304","0473","358","208","150","21","379","927","0","40.88","22.44"
"67","000","00","023","2304","0474","226","129","97","46","272","512","0","53.13","25.2"
"67","000","00","023","2305","0000","210","127","83","32","242","509","0","47.54","24.95"
"67","000","00","023","2305","0475","210","127","83","32","242","509","0","47.54","24.95"
"67","000","00","023","2306","0000","233","133","100","29","262","496","0","52.82","26.81"
"67","000","00","023","2306","0476","233","133","100","29","262","496","0","52.82","26.81"
"67","000","00","023","2307","0000","312","188","124","12","324","759","0","42.69","24.77"
"67","000","00","023","2307","0477","312","188","124","12","324","759","0","42.69","24.77"
"67","000","00","023","2308","0000","540","320","220","89","629","1456","0","43.2","21.98"
"67","000","00","023","2308","0478","229","134","95","17","246","669","0","36.77","20.03"
"67","000","00","023","2308","0479","311","186","125","72","383","787","0","48.67","23.63"
"67","000","00","023","2309","0000","235","146","89","50","285","620","0","45.97","23.55"
"67","000","00","023","2309","0480","235","146","89","50","285","620","0","45.97","23.55"
"67","000","00","023","2310","0000","438","253","185","64","502","987","0","50.86","25.63"
"67","000","00","023","2310","0481","438","253","185","64","502","987","0","50.86","25.63"
"67","000","00","024","0000","0000","3337","1991","1346","367","3704","8528","9572","43.43","23.35"
"67","000","00","024","2401","0000","838","499","339","112","950","1848","0","51.41","27.0"
"67","000","00","024","2401","0447","410","246","164","68","478","978","0","48.88","25.15"
"67","000","00","024","2401","0448","428","253","175","44","472","870","0","54.25","29.08"
"67","000","00","024","2402","0000","332","198","134","9","341","1160","0","29.4","17.07"
"67","000","00","024","2402","0449","332","198","134","9","341","1160","0","29.4","17.07"
"67","000","00","024","2403","0000","263","149","114","22","285","699","0","40.77","21.32"
"67","000","00","024","2403","0450","263","149","114","22","285","699","0","40.77","21.32"
"67","000","00","024","2404","0000","322","200","122","22","344","990","0","34.75","20.2"
"67","000","00","024","2404","0451","322","200","122","22","344","990","0","34.75","20.2"
"67","000","00","024","2405","0000","367","216","151","36","403","928","0","43.43","23.28"
"67","000","00","024","2405","0452","367","216","151","36","403","928","0","43.43","23.28"
"67","000","00","024","2406","0000","261","151","110","53","314","660","0","47.58","22.88"
"67","000","00","024","2406","0453","261","151","110","53","314","660","0","47.58","22.88"
"67","000","00","024","2407","0000","954","578","376","113","1067","2243","0","47.57","25.77"
"67","000","00","024","2407","0454","506","298","208","77","583","1187","0","49.12","25.11"
"67","000","00","024","2407","0455","448","280","168","36","484","1056","0","45.83","26.52"
"67","000","00","025","0000","0000","3251","1883","1368","395","3646","7786","8741","46.83","24.18"
"67","000","00","025","2501","0000","651","359","292","102","753","1385","0","54.37","25.92"
"67","000","00","025","2501","0456","325","190","135","46","371","690","0","53.77","27.54"
"67","000","00","025","2501","0457","326","169","157","56","382","695","0","54.96","24.32"
"67","000","00","025","2502","0000","309","174","135","50","359","806","0","44.54","21.59"
"67","000","00","025","2502","0458","309","174","135","50","359","806","0","44.54","21.59"
"67","000","00","025","2503","0000","186","112","74","21","207","425","0","48.71","26.35"
"67","000","00","025","2503","0461","186","112","74","21","207","425","0","48.71","26.35"
"67","000","00","025","2504","0000","236","147","89","39","275","559","0","49.19","26.3"
"67","000","00","025","2504","0462","236","147","89","39","275","559","0","49.19","26.3"
"67","000","00","025","2505","0000","224","138","86","46","270","654","0","41.28","21.1"
"67","000","00","025","2505","0459","224","138","86","46","270","654","0","41.28","21.1"
"67","000","00","025","2506","0000","246","139","107","36","282","783","0","36.02","17.75"
"67","000","00","025","2506","0460","246","139","107","36","282","783","0","36.02","17.75"
"67","000","00","025","2507","0000","452","287","165","31","483","1189","0","40.62","24.14"
"67","000","00","025","2507","0463","452","287","165","31","483","1189","0","40.62","24.14"
"67","000","00","025","2508","0000","492","270","222","39","531","1044","0","50.86","25.86"
"67","000","00","025","2508","0464","492","270","222","39","531","1044","0","50.86","25.86"
"67","000","00","025","2509","0000","455","257","198","31","486","941","0","51.65","27.31"
"67","000","00","025","2509","0465","455","257","198","31","486","941","0","51.65","27.31"
"67","000","00","026","0000","0000","1652","945","707","252","1904","4418","4801","43.1","21.39"
"67","000","00","026","2601","0000","162","95","67","25","187","392","0","47.7","24.23"
"67","000","00","026","2601","0482","162","95","67","25","187","392","0","47.7","24.23"
"67","000","00","026","2602","0000","292","176","116","43","335","644","0","52.02","27.33"
"67","000","00","026","2602","0483","292","176","116","43","335","644","0","52.02","27.33"
"67","000","00","026","2603","0000","164","93","71","16","180","468","0","38.46","19.87"
"67","000","00","026","2603","0484","164","93","71","16","180","468","0","38.46","19.87"
"67","000","00","026","2604","0000","275","156","119","38","313","753","0","41.57","20.72"
"67","000","00","026","2604","0485","275","156","119","38","313","753","0","41.57","20.72"
"67","000","00","026","2605","0000","132","73","59","28","160","345","0","46.38","21.16"
"67","000","00","026","2605","0486","132","73","59","28","160","345","0","46.38","21.16"
"67","000","00","026","2606","0000","150","93","57","15","165","393","0","41.98","23.66"
"67","000","00","026","2606","0487","150","93","57","15","165","393","0","41.98","23.66"
"67","000","00","026","2607","0000","164","89","75","56","220","504","0","43.65","17.66"
"67","000","00","026","2607","0491","164","89","75","56","220","504","0","43.65","17.66"
"67","000","00","026","2608","0000","152","83","69","18","170","420","0","40.48","19.76"
"67","000","00","026","2608","0488","152","83","69","18","170","420","0","40.48","19.76"
"67","000","00","026","2609","0000","98","54","44","10","108","313","0","34.5","17.25"
"67","000","00","026","2609","0489","98","54","44","10","108","313","0","34.5","17.25"
"67","000","00","026","2610","0000","63","33","30","3","66","186","0","35.48","17.74"
"67","000","00","026","2610","0490","63","33","30","3","66","186","0","35.48","17.74"
"67","000","00","027","0000","0000","30868","17804","13064","3028","33896","64632","75797","52.44","27.55"
"67","000","00","027","2701","0000","2664","1473","1191","310","2974","5381","0","55.27","27.37"
"67","000","00","027","2701","1188","650","355","295","72","722","1318","0","54.78","26.93"
"67","000","00","027","2701","1189","700","396","304","70","770","1406","0","54.77","28.17"
"67","000","00","027","2701","1190","676","393","283","90","766","1465","0","52.29","26.83"
"67","000","00","027","2701","1191","638","329","309","78","716","1192","0","60.07","27.6"
"67","000","00","027","2702","0000","1367","737","630","184","1551","2749","0","56.42","26.81"
"67","000","00","027","2702","1192","752","402","350","77","829","1429","0","58.01","28.13"
"67","000","00","027","2702","1193","615","335","280","107","722","1320","0","54.7","25.38"
"67","000","00","027","2703","0000","1424","846","578","162","1586","2703","0","58.68","31.3"
"67","000","00","027","2703","1194","728","454","274","97","825","1373","0","60.09","33.07"
"67","000","00","027","2703","1195","696","392","304","65","761","1330","0","57.22","29.47"
"67","000","00","027","2704","0000","3495","2036","1459","276","3771","7201","0","52.37","28.27"
"67","000","00","027","2704","1196","866","513","353","56","922","1687","0","54.65","30.41"
"67","000","00","027","2704","1197","687","361","326","67","754","1491","0","50.57","24.21"
"67","000","00","027","2704","1198","486","287","199","54","540","1151","0","46.92","24.93"
"67","000","00","027","2704","1199","694","414","280","34","728","1407","0","51.74","29.42"
"67","000","00","027","2704","1200","762","461","301","65","827","1465","0","56.45","31.47"
"67","000","00","027","2705","0000","4516","2605","1911","433","4949","9066","0","54.59","28.73"
"67","000","00","027","2705","1201","699","413","286","51","750","1335","0","56.18","30.94"
"67","000","00","027","2705","1202","711","399","312","75","786","1490","0","52.75","26.78"
"67","000","00","027","2705","1203","771","463","308","81","852","1453","0","58.64","31.87"
"67","000","00","027","2705","1204","448","266","182","33","481","990","0","48.59","26.87"
"67","000","00","027","2705","1205","815","476","339","73","888","1573","0","56.45","30.26"
"67","000","00","027","2705","1206","484","255","229","82","566","1031","0","54.9","24.73"
"67","000","00","027","2705","1207","588","333","255","38","626","1194","0","52.43","27.89"
"67","000","00","027","2706","0000","1540","880","660","146","1686","3342","0","50.45","26.33"
"67","000","00","027","2706","1208","576","325","251","78","654","1268","0","51.58","25.63"
"67","000","00","027","2706","1209","459","249","210","53","512","929","0","55.11","26.8"
"67","000","00","027","2706","1210","505","306","199","15","520","1145","0","45.41","26.72"
"67","000","00","027","2707","0000","4387","2514","1873","445","4832","9116","0","53.01","27.58"
"67","000","00","027","2707","1211","647","374","273","64","711","1413","0","50.32","26.47"
"67","000","00","027","2707","1212","680","396","284","108","788","1465","0","53.79","27.03"
"67","000","00","027","2707","1213","729","366","363","69","798","1390","0","57.41","26.33"
"67","000","00","027","2707","1214","676","363","313","90","766","1396","0","54.87","26.0"
"67","000","00","027","2707","1215","935","561","374","62","997","1906","0","52.31","29.43"
"67","000","00","027","2707","1216","720","454","266","52","772","1546","0","49.94","29.37"
"67","000","00","027","2708","0000","2713","1569","1144","285","2998","5833","0","51.4","26.9"
"67","000","00","027","2708","1217","636","359","277","47","683","1546","0","44.18","23.22"
"67","000","00","027","2708","1218","676","424","252","69","745","1399","0","53.25","30.31"
"67","000","00","027","2708","1219","817","473","344","110","927","1748","0","53.03","27.06"
"67","000","00","027","2708","1220","584","313","271","59","643","1140","0","56.4","27.46"
"67","000","00","027","2711","0000","1195","677","518","88","1283","2763","0","46.44","24.5"
"67","000","00","027","2711","1223","624","349","275","48","672","1414","0","47.52","24.68"
"67","000","00","027","2711","1224","571","328","243","40","611","1349","0","45.29","24.31"
"67","000","00","027","2712","0000","2161","1277","884","170","2331","4659","0","50.03","27.41"
"67","000","00","027","2712","1225","688","406","282","38","726","1471","0","49.35","27.6"
"67","000","00","027","2712","1226","630","362","268","32","662","1324","0","50.0","27.34"
"67","000","00","027","2712","1227","560","346","214","72","632","1310","0","48.24","26.41"
"67","000","00","027","2712","1228","283","163","120","28","311","554","0","56.14","29.42"
"67","000","00","027","2713","0000","699","444","255","50","749","1395","0","53.69","31.83"
"67","000","00","027","2713","1229","699","444","255","50","749","1395","0","53.69","31.83"
"67","000","00","027","2714","0000","617","366","251","20","637","1264","0","50.4","28.96"
"67","000","00","027","2714","1230","617","366","251","20","637","1264","0","50.4","28.96"
"67","000","00","027","2715","0000","898","503","395","141","1039","2108","0","49.29","23.86"
"67","000","00","027","2715","1231","528","311","217","98","626","1180","0","53.05","26.36"
"67","000","00","027","2715","1232","370","192","178","43","413","928","0","44.5","20.69"
"67","000","00","027","2716","0000","856","476","380","79","935","2084","0","44.87","22.84"
"67","000","00","027","2716","1233","399","225","174","32","431","965","0","44.66","23.32"
"67","000","00","027","2716","1234","457","251","206","47","504","1119","0","45.04","22.43"
"67","000","00","027","2717","0000","1163","709","454","155","1318","2672","0","49.33","26.53"
"67","000","00","027","2717","1235","564","343","221","86","650","1206","0","53.9","28.44"
"67","000","00","027","2717","1236","599","366","233","69","668","1466","0","45.57","24.97"
"67","000","00","027","2719","0000","1173","692","481","84","1257","2296","0","54.75","30.14"
"67","000","00","027","2719","1221","584","343","241","32","616","1277","0","48.24","26.86"
"67","000","00","027","2719","1222","589","349","240","52","641","1019","0","62.9","34.25"
"67","000","00","028","0000","0000","27305","15594","11711","2577","29882","57387","68391","52.07","27.17"
"67","000","00","028","2801","0000","2861","1639","1222","285","3146","5916","0","53.18","27.7"
"67","000","00","028","2801","1237","722","414","308","80","802","1560","0","51.41","26.54"
"67","000","00","028","2801","1238","752","435","317","84","836","1383","0","60.45","31.45"
"67","000","00","028","2801","1239","730","413","317","48","778","1491","0","52.18","27.7"
"67","000","00","028","2801","1240","657","377","280","73","730","1482","0","49.26","25.44"
"67","000","00","028","2802","0000","1579","781","798","154","1733","3756","0","46.14","20.79"
"67","000","00","028","2802","1244","522","200","322","49","571","1336","0","42.74","14.97"
"67","000","00","028","2802","1245","514","294","220","71","585","1183","0","49.45","24.85"
"67","000","00","028","2802","1246","543","287","256","34","577","1237","0","46.65","23.2"
"67","000","00","028","2803","0000","1132","644","488","134","1266","2293","0","55.21","28.09"
"67","000","00","028","2803","1271","634","353","281","76","710","1245","0","57.03","28.35"
"67","000","00","028","2803","1272","498","291","207","58","556","1048","0","53.05","27.77"
"67","000","00","028","2804","0000","1605","879","726","177","1782","3286","0","54.23","26.75"
"67","000","00","028","2804","1249","539","293","246","13","552","1105","0","49.95","26.52"
"67","000","00","028","2804","1250","528","286","242","73","601","1099","0","54.69","26.02"
"67","000","00","028","2804","1251","538","300","238","91","629","1082","0","58.13","27.73"
"67","000","00","028","2805","0000","1541","879","662","122","1663","3301","0","50.38","26.63"
"67","000","00","028","2805","1254","533","293","240","46","579","1090","0","53.12","26.88"
"67","000","00","028","2805","1255","520","308","212","35","555","1131","0","49.07","27.23"
"67","000","00","028","2805","1256","488","278","210","41","529","1080","0","48.98","25.74"
"67","000","00","028","2806","0000","1560","852","708","170","1730","3285","0","52.66","25.94"
"67","000","00","028","2806","1259","527","290","237","87","614","1128","0","54.43","25.71"
"67","000","00","028","2806","1260","496","264","232","34","530","1055","0","50.24","25.02"
"67","000","00","028","2806","1261","537","298","239","49","586","1102","0","53.18","27.04"
"67","000","00","028","2807","0000","1049","614","435","124","1173","2101","0","55.83","29.22"
"67","000","00","028","2807","1262","525","314","211","55","580","1068","0","54.31","29.4"
"67","000","00","028","2807","1263","524","300","224","69","593","1033","0","57.41","29.04"
"67","000","00","028","2808","0000","650","385","265","41","691","1772","0","39.0","21.73"
"67","000","00","028","2808","1264","650","385","265","41","691","1772","0","39.0","21.73"
"67","000","00","028","2809","0000","1439","844","595","131","1570","2943","0","53.35","28.68"
"67","000","00","028","2809","1265","680","408","272","88","768","1399","0","54.9","29.16"
"67","000","00","028","2809","1266","759","436","323","43","802","1544","0","51.94","28.24"
"67","000","00","028","2810","0000","273","155","118","14","287","684","0","41.96","22.66"
"67","000","00","028","2810","1267","273","155","118","14","287","684","0","41.96","22.66"
"67","000","00","028","2811","0000","967","536","431","114","1081","1853","0","58.34","28.93"
"67","000","00","028","2811","1268","439","242","197","51","490","839","0","58.4","28.84"
"67","000","00","028","2811","1269","528","294","234","63","591","1014","0","58.28","28.99"
"67","000","00","028","2812","0000","663","391","272","38","701","1906","0","36.78","20.51"
"67","000","00","028","2812","1270","663","391","272","38","701","1906","0","36.78","20.51"
"67","000","00","028","2813","0000","1142","653","489","78","1220","2586","0","47.18","25.25"
"67","000","00","028","2813","1273","549","321","228","30","579","1175","0","49.28","27.32"
"67","000","00","028","2813","1274","593","332","261","48","641","1411","0","45.43","23.53"
"67","000","00","028","2814","0000","1625","944","681","128","1753","3192","0","54.92","29.57"
"67","000","00","028","2814","1275","798","472","326","53","851","1514","0","56.21","31.18"
"67","000","00","028","2814","1276","827","472","355","75","902","1678","0","53.75","28.13"
"67","000","00","028","2815","0000","999","561","438","106","1105","1958","0","56.44","28.65"
"67","000","00","028","2815","1277","471","258","213","35","506","949","0","53.32","27.19"
"67","000","00","028","2815","1278","528","303","225","71","599","1009","0","59.37","30.03"
"67","000","00","028","2816","0000","964","537","427","63","1027","1740","0","59.02","30.86"
"67","000","00","028","2816","1279","572","316","256","8","580","984","0","58.94","32.11"
"67","000","00","028","2816","1280","392","221","171","55","447","756","0","59.13","29.23"
"67","000","00","028","2817","0000","1586","1055","531","155","1741","2945","0","59.12","35.82"
"67","000","00","028","2817","1281","802","476","326","75","877","1478","0","59.34","32.21"
"67","000","00","028","2817","1282","784","579","205","80","864","1467","0","58.9","39.47"
"67","000","00","028","2818","0000","2008","1142","866","141","2149","4145","0","51.85","27.55"
"67","000","00","028","2818","1241","635","361","274","40","675","1330","0","50.75","27.14"
"67","000","00","028","2818","1242","728","403","325","56","784","1399","0","56.04","28.81"
"67","000","00","028","2818","1243","645","378","267","45","690","1416","0","48.73","26.69"
"67","000","00","028","2819","0000","1081","623","458","132","1213","2457","0","49.37","25.36"
"67","000","00","028","2819","1257","460","262","198","34","494","1121","0","44.07","23.37"
"67","000","00","028","2819","1258","621","361","260","98","719","1336","0","53.82","27.02"
"67","000","00","028","2820","0000","1088","614","474","124","1212","2282","0","53.11","26.91"
"67","000","00","028","2820","1247","565","315","250","72","637","1133","0","56.22","27.8"
"67","000","00","028","2820","1248","523","299","224","52","575","1149","0","50.04","26.02"
"67","000","00","028","2821","0000","1493","866","627","146","1639","2986","0","54.89","29.0"
"67","000","00","028","2821","1252","736","413","323","64","800","1519","0","52.67","27.19"
"67","000","00","028","2821","1253","757","453","304","82","839","1467","0","57.19","30.88"
"67","000","00","029","0000","0000","14038","8203","5835","1425","15463","29913","34387","51.69","27.42"
"67","000","00","029","2901","0000","1084","724","360","82","1166","2138","0","54.54","33.86"
"67","000","00","029","2901","1283","465","357","108","34","499","982","0","50.81","36.35"
"67","000","00","029","2901","1284","619","367","252","48","667","1156","0","57.7","31.75"
"67","000","00","029","2902","0000","1004","555","449","94","1098","2049","0","53.59","27.09"
"67","000","00","029","2902","1285","438","239","199","29","467","1006","0","46.42","23.76"
"67","000","00","029","2902","1286","566","316","250","65","631","1043","0","60.5","30.3"
"67","000","00","029","2903","0000","1504","858","646","164","1668","3319","0","50.26","25.85"
"67","000","00","029","2903","1287","487","271","216","94","581","1012","0","57.41","26.78"
"67","000","00","029","2903","1288","422","245","177","20","442","1013","0","43.63","24.19"
"67","000","00","029","2903","1289","595","342","253","50","645","1294","0","49.85","26.43"
"67","000","00","029","2904","0000","1117","668","449","100","1217","2430","0","50.08","27.49"
"67","000","00","029","2904","1290","571","341","230","53","624","1264","0","49.37","26.98"
"67","000","00","029","2904","1291","546","327","219","47","593","1166","0","50.86","28.04"
"67","000","00","029","2905","0000","440","260","180","25","465","1018","0","45.68","25.54"
"67","000","00","029","2905","1292","440","260","180","25","465","1018","0","45.68","25.54"
"67","000","00","029","2906","0000","293","185","108","48","341","733","0","46.52","25.24"
"67","000","00","029","2906","1293","293","185","108","48","341","733","0","46.52","25.24"
"67","000","00","029","2907","0000","1636","958","678","116","1752","3152","0","55.58","30.39"
"67","000","00","029","2907","1294","573","333","240","36","609","1093","0","55.72","30.47"
"67","000","00","029","2907","1295","539","333","206","28","567","1081","0","52.45","30.8"
"67","000","00","029","2907","1296","524","292","232","52","576","978","0","58.9","29.86"
"67","000","00","029","2908","0000","1435","832","603","198","1633","3133","0","52.12","26.56"
"67","000","00","029","2908","1297","484","286","198","27","511","1116","0","45.79","25.63"
"67","000","00","029","2908","1298","454","266","188","65","519","972","0","53.4","27.37"
"67","000","00","029","2908","1299","497","280","217","106","603","1045","0","57.7","26.79"
"67","000","00","029","2909","0000","936","529","407","98","1034","1879","0","55.03","28.15"
"67","000","00","029","2909","1300","416","251","165","44","460","872","0","52.75","28.78"
"67","000","00","029","2909","1301","520","278","242","54","574","1007","0","57.0","27.61"
"67","000","00","029","2912","0000","713","404","309","89","802","1524","0","52.62","26.51"
"67","000","00","029","2912","1306","389","229","160","69","458","804","0","56.97","28.48"
"67","000","00","029","2912","1307","324","175","149","20","344","720","0","47.78","24.31"
"67","000","00","029","2913","0000","492","289","203","47","539","1201","0","44.88","24.06"
"67","000","00","029","2913","1308","340","212","128","26","366","843","0","43.42","25.15"
"67","000","00","029","2913","1309","152","77","75","21","173","358","0","48.32","21.51"
"67","000","00","029","2916","0000","814","452","362","55","869","1867","0","46.55","24.21"
"67","000","00","029","2916","1312","378","204","174","26","404","904","0","44.69","22.57"
"67","000","00","029","2916","1313","436","248","188","29","465","963","0","48.29","25.75"
"67","000","00","029","2917","0000","236","125","111","6","242","489","0","49.49","25.56"
"67","000","00","029","2917","1314","236","125","111","6","242","489","0","49.49","25.56"
"67","000","00","029","2918","0000","1696","963","733","216","1912","3475","0","55.02","27.71"
"67","000","00","029","2918","1302","392","229","163","65","457","763","0","59.9","30.01"
"67","000","00","029","2918","1303","298","168","130","36","334","630","0","53.02","26.67"
"67","000","00","029","2918","1304","489","264","225","63","552","959","0","57.56","27.53"
"67","000","00","029","2918","1305","517","302","215","52","569","1123","0","50.67","26.89"
"67","000","00","029","2919","0000","638","401","237","87","725","1506","0","48.14","26.63"
"67","000","00","029","2919","1310","358","221","137","68","426","797","0","53.45","27.73"
"67","000","00","029","2919","1311","280","180","100","19","299","709","0","42.17","25.39"
"67","000","00","030","0000","0000","1541","903","638","178","1719","3713","3999","46.3","24.32"
"67","000","00","030","3001","0000","458","269","189","65","523","1047","0","49.95","25.69"
"67","000","00","030","3001","1315","458","269","189","65","523","1047","0","49.95","25.69"
"67","000","00","030","3002","0000","255","154","101","22","277","630","0","43.97","24.44"
"67","000","00","030","3002","1316","255","154","101","22","277","630","0","43.97","24.44"
"67","000","00","030","3003","0000","48","31","17","4","52","141","0","36.88","21.99"
"67","000","00","030","3003","1317","48","31","17","4","52","141","0","36.88","21.99"
"67","000","00","030","3004","0000","160","83","77","15","175","367","0","47.68","22.62"
"67","000","00","030","3004","1318","160","83","77","15","175","367","0","47.68","22.62"
"67","000","00","030","3005","0000","150","95","55","14","164","337","0","48.66","28.19"
"67","000","00","030","3005","1319","150","95","55","14","164","337","0","48.66","28.19"
"67","000","00","030","3006","0000","118","62","56","12","130","318","0","40.88","19.5"
"67","000","00","030","3006","1320","118","62","56","12","130","318","0","40.88","19.5"
"67","000","00","030","3007","0000","185","112","73","29","214","427","0","50.12","26.23"
"67","000","00","030","3007","1321","185","112","73","29","214","427","0","50.12","26.23"
"67","000","00","030","3008","0000","167","97","70","17","184","446","0","41.26","21.75"
"67","000","00","030","3008","1322","167","97","70","17","184","446","0","41.26","21.75"
"67","000","00","031","0000","0000","92268","53835","38433","7852","100120","195001","234921","51.34","27.61"
"67","000","00","031","3101","0000","2552","1463","1089","231","2783","5671","0","49.07","25.8"
"67","000","00","031","3101","0708","696","388","308","71","767","1398","0","54.86","27.75"
"67","000","00","031","3101","0709","570","329","241","64","634","1478","0","42.9","22.26"
"67","000","00","031","3101","0710","671","384","287","46","717","1442","0","49.72","26.63"
"67","000","00","031","3101","0711","615","362","253","50","665","1353","0","49.15","26.76"
"67","000","00","031","3102","0000","3054","1816","1238","299","3353","6821","0","49.16","26.62"
"67","000","00","031","3102","0719","750","410","340","76","826","1709","0","48.33","23.99"
"67","000","00","031","3102","0720","741","458","283","96","837","1717","0","48.75","26.67"
"67","000","00","031","3102","0721","773","470","303","67","840","1759","0","47.75","26.72"
"67","000","00","031","3102","0722","790","478","312","60","850","1636","0","51.96","29.22"
"67","000","00","031","3103","0000","3688","2175","1513","311","3999","8791","0","45.49","24.74"
"67","000","00","031","3103","0728","707","396","311","36","743","1389","0","53.49","28.51"
"67","000","00","031","3103","0729","658","391","267","65","723","1369","0","52.81","28.56"
"67","000","00","031","3103","0730","663","398","265","104","767","1415","0","54.2","28.13"
"67","000","00","031","3103","0731","579","349","230","24","603","1386","0","43.51","25.18"
"67","000","00","031","3103","0732","387","221","166","12","399","1747","0","22.84","12.65"
"67","000","00","031","3103","0733","694","420","274","70","764","1485","0","51.45","28.28"
"67","000","00","031","3104","0000","3109","1843","1266","336","3445","7088","0","48.6","26.0"
"67","000","00","031","3104","0734","781","471","310","104","885","1747","0","50.66","26.96"
"67","000","00","031","3104","0735","708","432","276","42","750","1744","0","43.0","24.77"
"67","000","00","031","3104","0736","734","426","308","104","838","1797","0","46.63","23.71"
"67","000","00","031","3104","0737","886","514","372","86","972","1800","0","54.0","28.56"
"67","000","00","031","3105","0000","2874","1657","1217","239","3113","5710","0","54.52","29.02"
"67","000","00","031","3105","0745","757","422","335","68","825","1531","0","53.89","27.56"
"67","000","00","031","3105","0746","693","412","281","72","765","1327","0","57.65","31.05"
"67","000","00","031","3105","0747","712","423","289","36","748","1456","0","51.37","29.05"
"67","000","00","031","3105","0748","712","400","312","63","775","1396","0","55.52","28.65"
"67","000","00","031","3106","0000","1249","697","552","115","1364","2525","0","54.02","27.6"
"67","000","00","031","3106","0785","647","348","299","84","731","1285","0","56.89","27.08"
"67","000","00","031","3106","0786","602","349","253","31","633","1240","0","51.05","28.15"
"67","000","00","031","3107","0000","1309","724","585","124","1433","2670","0","53.67","27.12"
"67","000","00","031","3107","0787","611","351","260","59","670","1343","0","49.89","26.14"
"67","000","00","031","3107","0788","698","373","325","65","763","1327","0","57.5","28.11"
"67","000","00","031","3108","0000","922","526","396","75","997","1862","0","53.54","28.25"
"67","000","00","031","3108","0758","434","226","208","27","461","924","0","49.89","24.46"
"67","000","00","031","3108","0759","488","300","188","48","536","938","0","57.14","31.98"
"67","000","00","031","3109","0000","726","433","293","95","821","1453","0","56.5","29.8"
"67","000","00","031","3109","0760","491","289","202","53","544","957","0","56.84","30.2"
"67","000","00","031","3109","0761","235","144","91","42","277","496","0","55.85","29.03"
"67","000","00","031","3110","0000","2241","1245","996","175","2416","4886","0","49.45","25.48"
"67","000","00","031","3110","0762","829","469","360","76","905","1717","0","52.71","27.32"
"67","000","00","031","3110","0763","700","375","325","55","755","1615","0","46.75","23.22"
"67","000","00","031","3110","0764","712","401","311","44","756","1554","0","48.65","25.8"
"67","000","00","031","3111","0000","1206","679","527","136","1342","2276","0","58.96","29.83"
"67","000","00","031","3111","0772","458","247","211","58","516","890","0","57.98","27.75"
"67","000","00","031","3111","0773","560","303","257","52","612","1018","0","60.12","29.76"
"67","000","00","031","3111","0774","188","129","59","26","214","368","0","58.15","35.05"
"67","000","00","031","3112","0000","1627","962","665","170","1797","3366","0","53.39","28.58"
"67","000","00","031","3112","0795","509","293","216","81","590","1117","0","52.82","26.23"
"67","000","00","031","3112","0796","473","283","190","36","509","1069","0","47.61","26.47"
"67","000","00","031","3112","0797","645","386","259","53","698","1180","0","59.15","32.71"
"67","000","00","031","3113","0000","1751","985","766","212","1963","3542","0","55.42","27.81"
"67","000","00","031","3113","0798","554","337","217","89","643","1176","0","54.68","28.66"
"67","000","00","031","3113","0799","571","310","261","37","608","1158","0","52.5","26.77"
"67","000","00","031","3113","0800","626","338","288","86","712","1208","0","58.94","27.98"
"67","000","00","031","3114","0000","3629","2101","1528","355","3984","7237","0","55.05","29.03"
"67","000","00","031","3114","0801","704","390","314","100","804","1501","0","53.56","25.98"
"67","000","00","031","3114","0802","672","372","300","53","725","1298","0","55.86","28.66"
"67","000","00","031","3114","0803","732","438","294","44","776","1542","0","50.32","28.4"
"67","000","00","031","3114","0804","782","468","314","75","857","1537","0","55.76","30.45"
"67","000","00","031","3114","0805","739","433","306","83","822","1359","0","60.49","31.86"
"67","000","00","031","3115","0000","1692","916","776","190","1882","3835","0","49.07","23.89"
"67","000","00","031","3115","0806","487","267","220","43","530","1139","0","46.53","23.44"
"67","000","00","031","3115","0807","515","284","231","57","572","1158","0","49.4","24.53"
"67","000","00","031","3115","0808","690","365","325","90","780","1538","0","50.72","23.73"
"67","000","00","031","3116","0000","2816","1577","1239","223","3039","5872","0","51.75","26.86"
"67","000","00","031","3116","0809","524","292","232","28","552","1166","0","47.34","25.04"
"67","000","00","031","3116","0810","543","314","229","46","589","1228","0","47.96","25.57"
"67","000","00","031","3116","0811","615","340","275","63","678","1200","0","56.5","28.33"
"67","000","00","031","3116","0812","583","326","257","51","634","1131","0","56.06","28.82"
"67","000","00","031","3116","0813","551","305","246","35","586","1147","0","51.09","26.59"
"67","000","00","031","3117","0000","1791","1050","741","163","1954","4027","0","48.52","26.07"
"67","000","00","031","3117","0814","661","372","289","69","730","1442","0","50.62","25.8"
"67","000","00","031","3117","0815","604","370","234","45","649","1325","0","48.98","27.92"
"67","000","00","031","3117","0816","526","308","218","49","575","1260","0","45.63","24.44"
"67","000","00","031","3118","0000","1068","617","451","150","1218","2099","0","58.03","29.39"
"67","000","00","031","3118","0793","495","284","211","78","573","983","0","58.29","28.89"
"67","000","00","031","3118","0794","573","333","240","72","645","1116","0","57.8","29.84"
"67","000","00","031","3119","0000","819","503","316","97","916","1988","0","46.08","25.3"
"67","000","00","031","3119","0820","425","261","164","71","496","1012","0","49.01","25.79"
"67","000","00","031","3119","0821","394","242","152","26","420","976","0","43.03","24.8"
"67","000","00","031","3120","0000","3927","2231","1696","306","4233","8430","0","50.21","26.47"
"67","000","00","031","3120","0825","627","363","264","72","699","1307","0","53.48","27.77"
"67","000","00","031","3120","0826","654","383","271","32","686","1482","0","46.29","25.84"
"67","000","00","031","3120","0827","584","321","263","41","625","1341","0","46.61","23.94"
"67","000","00","031","3120","0828","651","355","296","47","698","1376","0","50.73","25.8"
"67","000","00","031","3120","0829","637","379","258","55","692","1390","0","49.78","27.27"
"67","000","00","031","3120","0830","774","430","344","59","833","1534","0","54.3","28.03"
"67","000","00","031","3121","0000","846","483","363","95","941","1796","0","52.39","26.89"
"67","000","00","031","3121","0823","418","244","174","57","475","859","0","55.3","28.41"
"67","000","00","031","3121","0824","428","239","189","38","466","937","0","49.73","25.51"
"67","000","00","031","3122","0000","531","316","215","56","587","1151","0","51.0","27.45"
"67","000","00","031","3122","0838","531","316","215","56","587","1151","0","51.0","27.45"
"67","000","00","031","3123","0000","2956","1761","1195","283","3239","5980","0","54.16","29.45"
"67","000","00","031","3123","0789","759","465","294","56","815","1565","0","52.08","29.71"
"67","000","00","031","3123","0790","709","439","270","114","823","1476","0","55.76","29.74"
"67","000","00","031","3123","0791","714","421","293","53","767","1476","0","51.96","28.52"
"67","000","00","031","3123","0792","774","436","338","60","834","1463","0","57.01","29.8"
"67","000","00","031","3124","0000","1057","604","453","107","1164","2097","0","55.51","28.8"
"67","000","00","031","3124","0839","589","355","234","71","660","1026","0","64.33","34.6"
"67","000","00","031","3124","0840","468","249","219","36","504","1071","0","47.06","23.25"
"67","000","00","031","3125","0000","1614","975","639","110","1724","3387","0","50.9","28.79"
"67","000","00","031","3125","0843","820","509","311","63","883","1687","0","52.34","30.17"
"67","000","00","031","3125","0844","794","466","328","47","841","1700","0","49.47","27.41"
"67","000","00","031","3126","0000","3574","2074","1500","274","3848","7729","0","49.79","26.83"
"67","000","00","031","3126","0845","753","430","323","48","801","1444","0","55.47","29.78"
"67","000","00","031","3126","0846","693","402","291","67","760","1485","0","51.18","27.07"
"67","000","00","031","3126","0847","759","450","309","56","815","1717","0","47.47","26.21"
"67","000","00","031","3126","0848","732","429","303","63","795","1701","0","46.74","25.22"
"67","000","00","031","3126","0849","637","363","274","40","677","1382","0","48.99","26.27"
"67","000","00","031","3127","0000","2688","1581","1107","289","2977","6072","0","49.03","26.04"
"67","000","00","031","3127","0778","649","381","268","80","729","1405","0","51.89","27.12"
"67","000","00","031","3127","0779","636","377","259","88","724","1445","0","50.1","26.09"
"67","000","00","031","3127","0780","765","468","297","76","841","1687","0","49.85","27.74"
"67","000","00","031","3127","0781","638","355","283","45","683","1535","0","44.5","23.13"
"67","000","00","031","3128","0000","261","153","108","20","281","531","0","52.92","28.81"
"67","000","00","031","3128","0822","261","153","108","20","281","531","0","52.92","28.81"
"67","000","00","031","3129","0000","2739","1536","1203","180","2919","5725","0","50.99","26.83"
"67","000","00","031","3129","0768","713","422","291","29","742","1457","0","50.93","28.96"
"67","000","00","031","3129","0769","709","407","302","42","751","1451","0","51.76","28.05"
"67","000","00","031","3129","0770","623","334","289","61","684","1423","0","48.07","23.47"
"67","000","00","031","3129","0771","694","373","321","48","742","1394","0","53.23","26.76"
"67","000","00","031","3130","0000","3561","2270","1291","300","3861","7784","0","49.6","29.16"
"67","000","00","031","3130","0723","672","483","189","87","759","1442","0","52.64","33.5"
"67","000","00","031","3130","0724","731","446","285","46","777","1545","0","50.29","28.87"
"67","000","00","031","3130","0725","718","463","255","72","790","1565","0","50.48","29.58"
"67","000","00","031","3130","0726","754","452","302","59","813","1684","0","48.28","26.84"
"67","000","00","031","3130","0727","686","426","260","36","722","1548","0","46.64","27.52"
"67","000","00","031","3131","0000","2689","1579","1110","199","2888","5428","0","53.21","29.09"
"67","000","00","031","3131","0715","610","341","269","46","656","1317","0","49.81","25.89"
"67","000","00","031","3131","0716","644","377","267","59","703","1376","0","51.09","27.4"
"67","000","00","031","3131","0717","687","410","277","41","728","1361","0","53.49","30.12"
"67","000","00","031","3131","0718","748","451","297","53","801","1374","0","58.3","32.82"
"67","000","00","031","3132","0000","1623","919","704","120","1743","3447","0","50.57","26.66"
"67","000","00","031","3132","0712","520","291","229","44","564","1160","0","48.62","25.09"
"67","000","00","031","3132","0713","554","317","237","53","607","1122","0","54.1","28.25"
"67","000","00","031","3132","0714","549","311","238","23","572","1165","0","49.1","26.7"
"67","000","00","031","3133","0000","2840","1603","1237","178","3018","5917","0","51.01","27.09"
"67","000","00","031","3133","0749","787","437","350","58","845","1636","0","51.65","26.71"
"67","000","00","031","3133","0750","797","471","326","60","857","1592","0","53.83","29.59"
"67","000","00","031","3133","0751","922","504","418","37","959","2017","0","47.55","24.99"
"67","000","00","031","3133","0752","334","191","143","23","357","672","0","53.13","28.42"
"67","000","00","031","3134","0000","2059","1200","859","115","2174","4811","0","45.19","24.94"
"67","000","00","031","3134","0755","699","426","273","36","735","1660","0","44.28","25.66"
"67","000","00","031","3134","0756","640","371","269","42","682","1561","0","43.69","23.77"
"67","000","00","031","3134","0757","720","403","317","37","757","1590","0","47.61","25.35"
"67","000","00","031","3135","0000","1449","842","607","92","1541","3113","0","49.5","27.05"
"67","000","00","031","3135","0753","718","421","297","34","752","1611","0","46.68","26.13"
"67","000","00","031","3135","0754","731","421","310","58","789","1502","0","52.53","28.03"
"67","000","00","031","3136","0000","1840","1040","800","140","1980","3776","0","52.44","27.54"
"67","000","00","031","3136","0775","654","391","263","58","712","1208","0","58.94","32.37"
"67","000","00","031","3136","0776","538","279","259","30","568","1187","0","47.85","23.5"
"67","000","00","031","3136","0777","648","370","278","52","700","1381","0","50.69","26.79"
"67","000","00","031","3137","0000","4673","2774","1899","301","4974","9284","0","53.58","29.88"
"67","000","00","031","3137","0831","747","449","298","59","806","1460","0","55.21","30.75"
"67","000","00","031","3137","0832","662","405","257","40","702","1383","0","50.76","29.28"
"67","000","00","031","3137","0833","628","393","235","47","675","1299","0","51.96","30.25"
"67","000","00","031","3137","0834","657","361","296","43","700","1264","0","55.38","28.56"
"67","000","00","031","3137","0835","722","422","300","49","771","1355","0","56.9","31.14"
"67","000","00","031","3137","0836","659","401","258","33","692","1414","0","48.94","28.36"
"67","000","00","031","3137","0837","598","343","255","30","628","1109","0","56.63","30.93"
"67","000","00","031","3138","0000","3822","2449","1373","315","4137","7603","0","54.41","32.21"
"67","000","00","031","3138","0740","773","466","307","45","818","1519","0","53.85","30.68"
"67","000","00","031","3138","0741","735","425","310","103","838","1497","0","55.98","28.39"
"67","000","00","031","3138","0742","705","612","93","39","744","1509","0","49.3","40.56"
"67","000","00","031","3138","0743","814","473","341","81","895","1542","0","58.04","30.67"
"67","000","00","031","3138","0744","795","473","322","47","842","1536","0","54.82","30.79"
"67","000","00","031","3139","0000","1535","888","647","142","1677","2764","0","60.67","32.13"
"67","000","00","031","3139","0841","778","456","322","91","869","1387","0","62.65","32.88"
"67","000","00","031","3139","0842","757","432","325","51","808","1377","0","58.68","31.37"
"67","000","00","031","3140","0000","2215","1211","1004","167","2382","4846","0","49.15","24.99"
"67","000","00","031","3140","0817","734","317","417","66","800","1631","0","49.05","19.44"
"67","000","00","031","3140","0818","709","433","276","59","768","1549","0","49.58","27.95"
"67","000","00","031","3140","0819","772","461","311","42","814","1666","0","48.86","27.67"
"67","000","00","031","3141","0000","1654","986","668","78","1732","3428","0","50.53","28.76"
"67","000","00","031","3141","0738","791","485","306","25","816","1720","0","47.44","28.2"
"67","000","00","031","3141","0739","863","501","362","53","916","1708","0","53.63","29.33"
"67","000","00","031","3142","0000","2248","1385","863","150","2398","4498","0","53.31","30.79"
"67","000","00","031","3142","0782","774","471","303","62","836","1542","0","54.22","30.54"
"67","000","00","031","3142","0783","767","480","287","53","820","1618","0","50.68","29.67"
"67","000","00","031","3142","0784","707","434","273","35","742","1338","0","55.46","32.44"
"67","000","00","031","3143","0000","1744","1006","738","139","1883","3685","0","51.1","27.3"
"67","000","00","031","3143","0765","537","306","231","34","571","1196","0","47.74","25.59"
"67","000","00","031","3143","0766","610","345","265","51","661","1274","0","51.88","27.08"
"67","000","00","031","3143","0767","597","355","242","54","651","1215","0","53.58","29.22"
"67","000","00","032","0000","0000","77272","44495","32777","5805","83077","153359","186117","54.17","29.01"
"67","000","00","032","3201","0000","1063","574","489","72","1135","2191","0","51.8","26.2"
"67","000","00","032","3201","1170","1063","574","489","72","1135","2191","0","51.8","26.2"
"67","000","00","032","3202","0000","1470","826","644","162","1632","2944","0","55.43","28.06"
"67","000","00","032","3202","1166","625","343","282","86","711","1287","0","55.24","26.65"
"67","000","00","032","3202","1167","845","483","362","76","921","1657","0","55.58","29.15"
"67","000","00","032","3203","0000","3184","1957","1227","244","3428","6583","0","52.07","29.73"
"67","000","00","032","3203","1113","926","549","377","124","1050","2067","0","50.8","26.56"
"67","000","00","032","3203","1114","1101","693","408","47","1148","2153","0","53.32","32.19"
"67","000","00","032","3203","1115","1157","715","442","73","1230","2363","0","52.05","30.26"
"67","000","00","032","3204","0000","1549","906","643","137","1686","2869","0","58.77","31.58"
"67","000","00","032","3204","1097","841","470","371","89","930","1491","0","62.37","31.52"
"67","000","00","032","3204","1098","708","436","272","48","756","1378","0","54.86","31.64"
"67","000","00","032","3205","0000","2290","1261","1029","204","2494","4730","0","52.73","26.66"
"67","000","00","032","3205","1180","737","417","320","52","789","1486","0","53.1","28.06"
"67","000","00","032","3205","1181","795","428","367","77","872","1560","0","55.9","27.44"
"67","000","00","032","3205","1182","758","416","342","75","833","1684","0","49.47","24.7"
"67","000","00","032","3206","0000","1948","1152","796","161","2109","4455","0","47.34","25.86"
"67","000","00","032","3206","1118","884","530","354","69","953","2115","0","45.06","25.06"
"67","000","00","032","3206","1119","1064","622","442","92","1156","2340","0","49.4","26.58"
"67","000","00","032","3207","0000","1456","811","645","133","1589","2932","0","54.2","27.66"
"67","000","00","032","3207","1139","745","413","332","50","795","1489","0","53.39","27.74"
"67","000","00","032","3207","1140","711","398","313","83","794","1443","0","55.02","27.58"
"67","000","00","032","3208","0000","2638","1501","1137","125","2763","4858","0","56.88","30.9"
"67","000","00","032","3208","1141","862","468","394","44","906","1498","0","60.48","31.24"
"67","000","00","032","3208","1142","863","496","367","28","891","1622","0","54.93","30.58"
"67","000","00","032","3208","1143","913","537","376","53","966","1738","0","55.58","30.9"
"67","000","00","032","3209","0000","1276","689","587","90","1366","2433","0","56.14","28.32"
"67","000","00","032","3209","1161","569","309","260","24","593","1101","0","53.86","28.07"
"67","000","00","032","3209","1162","707","380","327","66","773","1332","0","58.03","28.53"
"67","000","00","032","3210","0000","1590","888","702","82","1672","3086","0","54.18","28.78"
"67","000","00","032","3210","1158","802","462","340","30","832","1589","0","52.36","29.07"
"67","000","00","032","3210","1159","788","426","362","52","840","1497","0","56.11","28.46"
"67","000","00","032","3211","0000","658","354","304","66","724","1386","0","52.24","25.54"
"67","000","00","032","3211","1160","658","354","304","66","724","1386","0","52.24","25.54"
"67","000","00","032","3212","0000","2136","1283","853","137","2273","4048","0","56.15","31.69"
"67","000","00","032","3212","1173","998","592","406","84","1082","1863","0","58.08","31.78"
"67","000","00","032","3212","1174","1138","691","447","53","1191","2185","0","54.51","31.62"
"67","000","00","032","3213","0000","2535","1406","1129","195","2730","5122","0","53.3","27.45"
"67","000","00","032","3213","1129","810","420","390","75","885","1708","0","51.81","24.59"
"67","000","00","032","3213","1130","797","450","347","59","856","1560","0","54.87","28.85"
"67","000","00","032","3213","1131","928","536","392","61","989","1854","0","53.34","28.91"
"67","000","00","032","3214","0000","2394","1394","1000","159","2553","4865","0","52.48","28.65"
"67","000","00","032","3214","1120","1231","716","515","83","1314","2474","0","53.11","28.94"
"67","000","00","032","3214","1121","1163","678","485","76","1239","2391","0","51.82","28.36"
"67","000","00","032","3215","0000","875","504","371","48","923","1602","0","57.62","31.46"
"67","000","00","032","3215","1177","875","504","371","48","923","1602","0","57.62","31.46"
"67","000","00","032","3216","0000","737","413","324","126","863","1556","0","55.46","26.54"
"67","000","00","032","3216","1176","737","413","324","126","863","1556","0","55.46","26.54"
"67","000","00","032","3217","0000","2210","1283","927","135","2345","4335","0","54.09","29.6"
"67","000","00","032","3217","1133","1005","587","418","61","1066","2093","0","50.93","28.05"
"67","000","00","032","3217","1134","1205","696","509","74","1279","2242","0","57.05","31.04"
"67","000","00","032","3218","0000","681","442","239","92","773","1517","0","50.96","29.14"
"67","000","00","032","3218","1165","681","442","239","92","773","1517","0","50.96","29.14"
"67","000","00","032","3219","0000","2560","1449","1111","223","2783","4992","0","55.75","29.03"
"67","000","00","032","3219","1102","893","493","400","51","944","1639","0","57.6","30.08"
"67","000","00","032","3219","1103","854","484","370","77","931","1724","0","54.0","28.07"
"67","000","00","032","3219","1104","813","472","341","95","908","1629","0","55.74","28.97"
"67","000","00","032","3220","0000","2190","1237","953","180","2370","4484","0","52.85","27.59"
"67","000","00","032","3220","1168","1100","623","477","116","1216","2238","0","54.33","27.84"
"67","000","00","032","3220","1169","1090","614","476","64","1154","2246","0","51.38","27.34"
"67","000","00","032","3221","0000","977","536","441","88","1065","1986","0","53.63","26.99"
"67","000","00","032","3221","1156","560","310","250","24","584","1090","0","53.58","28.44"
"67","000","00","032","3221","1157","417","226","191","64","481","896","0","53.68","25.22"
"67","000","00","032","3222","0000","2196","1299","897","173","2369","4242","0","55.85","30.62"
"67","000","00","032","3222","1148","762","440","322","57","819","1427","0","57.39","30.83"
"67","000","00","032","3222","1149","709","390","319","60","769","1427","0","53.89","27.33"
"67","000","00","032","3222","1150","725","469","256","56","781","1388","0","56.27","33.79"
"67","000","00","032","3223","0000","651","368","283","36","687","1131","0","60.74","32.54"
"67","000","00","032","3223","1151","651","368","283","36","687","1131","0","60.74","32.54"
"67","000","00","032","3224","0000","2439","1367","1072","117","2556","4615","0","55.38","29.62"
"67","000","00","032","3224","1183","873","494","379","44","917","1653","0","55.47","29.89"
"67","000","00","032","3224","1184","811","453","358","33","844","1554","0","54.31","29.15"
"67","000","00","032","3224","1185","755","420","335","40","795","1408","0","56.46","29.83"
"67","000","00","032","3225","0000","2479","1433","1046","202","2681","4874","0","55.01","29.4"
"67","000","00","032","3225","1122","853","484","369","77","930","1673","0","55.59","28.93"
"67","000","00","032","3225","1123","782","451","331","48","830","1594","0","52.07","28.29"
"67","000","00","032","3225","1124","844","498","346","77","921","1607","0","57.31","30.99"
"67","000","00","032","3226","0000","1532","872","660","114","1646","2982","0","55.2","29.24"
"67","000","00","032","3226","1116","730","405","325","58","788","1427","0","55.22","28.38"
"67","000","00","032","3226","1117","802","467","335","56","858","1555","0","55.18","30.03"
"67","000","00","032","3227","0000","1749","1034","715","105","1854","3593","0","51.6","28.78"
"67","000","00","032","3227","1146","846","488","358","46","892","1829","0","48.77","26.68"
"67","000","00","032","3227","1147","903","546","357","59","962","1764","0","54.54","30.95"
"67","000","00","032","3228","0000","743","429","314","72","815","1721","0","47.36","24.93"
"67","000","00","032","3228","1175","743","429","314","72","815","1721","0","47.36","24.93"
"67","000","00","032","3229","0000","2133","1248","885","188","2321","4240","0","54.74","29.43"
"67","000","00","032","3229","1171","980","565","415","92","1072","2063","0","51.96","27.39"
"67","000","00","032","3229","1172","1153","683","470","96","1249","2177","0","57.37","31.37"
"67","000","00","032","3230","0000","1295","754","541","118","1413","2447","0","57.74","30.81"
"67","000","00","032","3230","1163","615","366","249","56","671","1185","0","56.62","30.89"
"67","000","00","032","3230","1164","680","388","292","62","742","1262","0","58.8","30.74"
"67","000","00","032","3231","0000","1490","835","655","138","1628","2983","0","54.58","27.99"
"67","000","00","032","3231","1144","715","393","322","81","796","1501","0","53.03","26.18"
"67","000","00","032","3231","1145","775","442","333","57","832","1482","0","56.14","29.82"
"67","000","00","032","3232","0000","2371","1342","1029","180","2551","4472","0","57.04","30.01"
"67","000","00","032","3232","1099","813","482","331","75","888","1552","0","57.22","31.06"
"67","000","00","032","3232","1100","734","395","339","30","764","1326","0","57.62","29.79"
"67","000","00","032","3232","1101","824","465","359","75","899","1594","0","56.4","29.17"
"67","000","00","032","3233","0000","1101","659","442","91","1192","2296","0","51.92","28.7"
"67","000","00","032","3233","1111","538","325","213","49","587","1039","0","56.5","31.28"
"67","000","00","032","3233","1112","563","334","229","42","605","1257","0","48.13","26.57"
"67","000","00","032","3234","0000","1040","582","458","57","1097","2278","0","48.16","25.55"
"67","000","00","032","3234","1132","1040","582","458","57","1097","2278","0","48.16","25.55"
"67","000","00","032","3235","0000","1507","898","609","83","1590","2933","0","54.21","30.62"
"67","000","00","032","3235","1105","726","436","290","37","763","1399","0","54.54","31.17"
"67","000","00","032","3235","1106","781","462","319","46","827","1534","0","53.91","30.12"
"67","000","00","032","3236","0000","941","496","445","105","1046","1882","0","55.58","26.35"
"67","000","00","032","3236","1154","462","247","215","39","501","935","0","53.58","26.42"
"67","000","00","032","3236","1155","479","249","230","66","545","947","0","57.55","26.29"
"67","000","00","032","3237","0000","1012","582","430","81","1093","1996","0","54.76","29.16"
"67","000","00","032","3237","1152","496","278","218","43","539","1000","0","53.9","27.8"
"67","000","00","032","3237","1153","516","304","212","38","554","996","0","55.62","30.52"
"67","000","00","032","3238","0000","1402","816","586","141","1543","2905","0","53.12","28.09"
"67","000","00","032","3238","1178","719","407","312","82","801","1523","0","52.59","26.72"
"67","000","00","032","3238","1179","683","409","274","59","742","1382","0","53.69","29.59"
"67","000","00","032","3239","0000","2101","1185","916","128","2229","3980","0","56.01","29.77"
"67","000","00","032","3239","1186","1137","640","497","59","1196","2084","0","57.39","30.71"
"67","000","00","032","3239","1187","964","545","419","69","1033","1896","0","54.48","28.74"
"67","000","00","032","3240","0000","1839","1068","771","123","1962","4492","0","43.68","23.78"
"67","000","00","032","3240","1095","970","572","398","75","1045","2681","0","38.98","21.34"
"67","000","00","032","3240","1096","869","496","373","48","917","1811","0","50.64","27.39"
"67","000","00","032","3241","0000","3157","1859","1298","206","3363","5929","0","56.72","31.35"
"67","000","00","032","3241","1107","869","505","364","68","937","1656","0","56.58","30.5"
"67","000","00","032","3241","1108","676","372","304","54","730","1322","0","55.22","28.14"
"67","000","00","032","3241","1109","840","518","322","42","882","1620","0","54.44","31.98"
"67","000","00","032","3241","1110","772","464","308","42","814","1331","0","61.16","34.86"
"67","000","00","032","3242","0000","1604","891","713","166","1770","3308","0","53.51","26.93"
"67","000","00","032","3242","1127","790","459","331","121","911","1696","0","53.71","27.06"
"67","000","00","032","3242","1128","814","432","382","45","859","1612","0","53.29","26.8"
"67","000","00","032","3243","0000","2459","1470","989","98","2557","4456","0","57.38","32.99"
"67","000","00","032","3243","1125","1154","713","441","45","1199","2087","0","57.45","34.16"
"67","000","00","032","3243","1126","1305","757","548","53","1358","2369","0","57.32","31.95"
"67","000","00","032","3244","0000","1388","813","575","101","1489","2470","0","60.28","32.91"
"67","000","00","032","3244","1135","619","372","247","73","692","1152","0","60.07","32.29"
"67","000","00","032","3244","1136","769","441","328","28","797","1318","0","60.47","33.46"
"67","000","00","032","3245","0000","2226","1329","897","123","2349","4160","0","56.47","31.95"
"67","000","00","032","3245","1137","1139","676","463","63","1202","2200","0","54.64","30.73"
"67","000","00","032","3245","1138","1087","653","434","60","1147","1960","0","58.52","33.32"
"67","000","00","033","0000","0000","49469","27903","21566","5463","54932","108650","124790","50.56","25.68"
"67","000","00","033","3301","0000","790","426","364","73","863","1637","0","52.72","26.02"
"67","000","00","033","3301","1024","790","426","364","73","863","1637","0","52.72","26.02"
"67","000","00","033","3303","0000","373","213","160","23","396","871","0","45.46","24.45"
"67","000","00","033","3303","1025","373","213","160","23","396","871","0","45.46","24.45"
"67","000","00","033","3304","0000","789","424","365","70","859","1390","0","61.8","30.5"
"67","000","00","033","3304","1026","310","182","128","25","335","589","0","56.88","30.9"
"67","000","00","033","3304","1027","479","242","237","45","524","801","0","65.42","30.21"
"67","000","00","033","3305","0000","1098","597","501","107","1205","2262","0","53.27","26.39"
"67","000","00","033","3305","1035","536","280","256","46","582","1127","0","51.64","24.84"
"67","000","00","033","3305","1036","562","317","245","61","623","1135","0","54.89","27.93"
"67","000","00","033","3306","0000","1047","581","466","126","1173","2277","0","51.52","25.52"
"67","000","00","033","3306","1037","593","316","277","77","670","1263","0","53.05","25.02"
"67","000","00","033","3306","1038","454","265","189","49","503","1014","0","49.61","26.13"
"67","000","00","033","3307","0000","1219","682","537","96","1315","2774","0","47.4","24.59"
"67","000","00","033","3307","1031","549","299","250","45","594","1204","0","49.34","24.83"
"67","000","00","033","3307","1032","670","383","287","51","721","1570","0","45.92","24.39"
"67","000","00","033","3308","0000","1690","999","691","218","1908","3209","0","59.46","31.13"
"67","000","00","033","3308","1028","496","295","201","72","568","990","0","57.37","29.8"
"67","000","00","033","3308","1029","678","403","275","63","741","1222","0","60.64","32.98"
"67","000","00","033","3308","1030","516","301","215","83","599","997","0","60.08","30.19"
"67","000","00","033","3309","0000","1417","798","619","189","1606","3006","0","53.43","26.55"
"67","000","00","033","3309","1047","747","418","329","83","830","1542","0","53.83","27.11"
"67","000","00","033","3309","1048","670","380","290","106","776","1464","0","53.01","25.96"
"67","000","00","033","3311","0000","1825","995","830","253","2078","4217","0","49.28","23.59"
"67","000","00","033","3311","1052","576","301","275","102","678","1419","0","47.78","21.21"
"67","000","00","033","3311","1053","591","331","260","78","669","1333","0","50.19","24.83"
"67","000","00","033","3311","1054","658","363","295","73","731","1465","0","49.9","24.78"
"67","000","00","033","3313","0000","1609","952","657","200","1809","3607","0","50.15","26.39"
"67","000","00","033","3313","1055","521","314","207","40","561","1099","0","51.05","28.57"
"67","000","00","033","3313","1056","494","303","191","42","536","1133","0","47.31","26.74"
"67","000","00","033","3313","1057","594","335","259","118","712","1375","0","51.78","24.36"
"67","000","00","033","3314","0000","855","479","376","77","932","2064","0","45.16","23.21"
"67","000","00","033","3314","1082","855","479","376","77","932","2064","0","45.16","23.21"
"67","000","00","033","3315","0000","949","549","400","146","1095","2173","0","50.39","25.26"
"67","000","00","033","3315","1079","550","321","229","106","656","1119","0","58.62","28.69"
"67","000","00","033","3315","1080","399","228","171","40","439","1054","0","41.65","21.63"
"67","000","00","033","3316","0000","513","299","214","127","640","1245","0","51.41","24.02"
"67","000","00","033","3316","1081","513","299","214","127","640","1245","0","51.41","24.02"
"67","000","00","033","3317","0000","1298","720","578","88","1386","3429","0","40.42","21.0"
"67","000","00","033","3317","1083","757","427","330","44","801","2056","0","38.96","20.77"
"67","000","00","033","3317","1084","541","293","248","44","585","1373","0","42.61","21.34"
"67","000","00","033","3318","0000","923","524","399","111","1034","2109","0","49.03","24.85"
"67","000","00","033","3318","1093","426","227","199","62","488","1093","0","44.65","20.77"
"67","000","00","033","3318","1094","497","297","200","49","546","1016","0","53.74","29.23"
"67","000","00","033","3319","0000","913","513","400","138","1051","2162","0","48.61","23.73"
"67","000","00","033","3319","1091","353","195","158","41","394","897","0","43.92","21.74"
"67","000","00","033","3319","1092","560","318","242","97","657","1265","0","51.94","25.14"
"67","000","00","033","3320","0000","1199","654","545","188","1387","2544","0","54.52","25.71"
"67","000","00","033","3320","1089","554","314","240","89","643","1186","0","54.22","26.48"
"67","000","00","033","3320","1090","645","340","305","99","744","1358","0","54.79","25.04"
"67","000","00","033","3321","0000","1170","655","515","124","1294","2272","0","56.95","28.83"
"67","000","00","033","3321","1017","602","315","287","66","668","1150","0","58.09","27.39"
"67","000","00","033","3321","1018","568","340","228","58","626","1122","0","55.79","30.3"
"67","000","00","033","3322","0000","2089","1238","851","220","2309","4507","0","51.23","27.47"
"67","000","00","033","3322","1019","630","387","243","70","700","1444","0","48.48","26.8"
"67","000","00","033","3322","1020","778","466","312","89","867","1765","0","49.12","26.4"
"67","000","00","033","3322","1021","681","385","296","61","742","1298","0","57.16","29.66"
"67","000","00","033","3323","0000","1519","837","682","170","1689","3392","0","49.79","24.68"
"67","000","00","033","3323","1015","605","317","288","76","681","1221","0","55.77","25.96"
"67","000","00","033","3323","1016","914","520","394","94","1008","2171","0","46.43","23.95"
"67","000","00","033","3324","0000","1621","997","624","111","1732","3398","0","50.97","29.34"
"67","000","00","033","3324","1022","734","448","286","68","802","1458","0","55.01","30.73"
"67","000","00","033","3324","1023","887","549","338","43","930","1940","0","47.94","28.3"
"67","000","00","033","3325","0000","1090","624","466","97","1187","2298","0","51.65","27.15"
"67","000","00","033","3325","1033","617","343","274","62","679","1222","0","55.56","28.07"
"67","000","00","033","3325","1034","473","281","192","35","508","1076","0","47.21","26.12"
"67","000","00","033","3326","0000","1508","841","667","166","1674","3341","0","50.1","25.17"
"67","000","00","033","3326","1061","806","446","360","103","909","1640","0","55.43","27.2"
"67","000","00","033","3326","1062","702","395","307","63","765","1701","0","44.97","23.22"
"67","000","00","033","3327","0000","1597","934","663","170","1767","3306","0","53.45","28.25"
"67","000","00","033","3327","1039","748","449","299","87","835","1491","0","56.0","30.11"
"67","000","00","033","3327","1040","849","485","364","83","932","1815","0","51.35","26.72"
"67","000","00","033","3328","0000","2422","1357","1065","229","2651","5017","0","52.84","27.05"
"67","000","00","033","3328","1044","852","498","354","97","949","1626","0","58.36","30.63"
"67","000","00","033","3328","1045","789","420","369","45","834","1761","0","47.36","23.85"
"67","000","00","033","3328","1046","781","439","342","87","868","1630","0","53.25","26.93"
"67","000","00","033","3329","0000","1043","565","478","93","1136","2734","0","41.55","20.67"
"67","000","00","033","3329","1068","524","294","230","31","555","1657","0","33.49","17.74"
"67","000","00","033","3329","1069","519","271","248","62","581","1077","0","53.95","25.16"
"67","000","00","033","3330","0000","2362","1291","1071","235","2597","5719","0","45.41","22.57"
"67","000","00","033","3330","1072","818","467","351","42","860","1985","0","43.32","23.53"
"67","000","00","033","3330","1073","808","440","368","100","908","2017","0","45.02","21.81"
"67","000","00","033","3330","1074","736","384","352","93","829","1717","0","48.28","22.36"
"67","000","00","033","3331","0000","817","444","373","90","907","1624","0","55.85","27.34"
"67","000","00","033","3331","1075","459","259","200","54","513","929","0","55.22","27.88"
"67","000","00","033","3331","1076","358","185","173","36","394","695","0","56.69","26.62"
"67","000","00","033","3332","0000","2434","1356","1078","241","2675","5094","0","52.51","26.62"
"67","000","00","033","3332","1065","925","511","414","104","1029","1774","0","58.0","28.8"
"67","000","00","033","3332","1066","737","417","320","95","832","1613","0","51.58","25.85"
"67","000","00","033","3332","1067","772","428","344","42","814","1707","0","47.69","25.07"
"67","000","00","033","3333","0000","1550","879","671","231","1781","3568","0","49.92","24.64"
"67","000","00","033","3333","1063","661","381","280","99","760","1541","0","49.32","24.72"
"67","000","00","033","3333","1064","889","498","391","132","1021","2027","0","50.37","24.57"
"67","000","00","033","3334","0000","2191","1237","954","182","2373","4809","0","49.34","25.72"
"67","000","00","033","3334","1058","740","404","336","47","787","1781","0","44.19","22.68"
"67","000","00","033","3334","1059","813","474","339","60","873","1542","0","56.61","30.74"
"67","000","00","033","3334","1060","638","359","279","75","713","1486","0","47.98","24.16"
"67","000","00","033","3335","0000","2319","1291","1028","186","2505","5092","0","49.19","25.35"
"67","000","00","033","3335","1041","638","361","277","45","683","1398","0","48.86","25.82"
"67","000","00","033","3335","1042","834","477","357","56","890","2107","0","42.24","22.64"
"67","000","00","033","3335","1043","847","453","394","85","932","1587","0","58.73","28.54"
"67","000","00","033","3336","0000","712","416","296","68","780","1781","0","43.8","23.36"
"67","000","00","033","3336","1077","402","226","176","38","440","997","0","44.13","22.67"
"67","000","00","033","3336","1078","310","190","120","30","340","784","0","43.37","24.23"
"67","000","00","033","3337","0000","808","448","360","167","975","1775","0","54.93","25.24"
"67","000","00","033","3337","1087","470","254","216","96","566","1031","0","54.9","24.64"
"67","000","00","033","3337","1088","338","194","144","71","409","744","0","54.97","26.08"
"67","000","00","033","3338","0000","733","416","317","117","850","1762","0","48.24","23.61"
"67","000","00","033","3338","1085","360","201","159","54","414","1002","0","41.32","20.06"
"67","000","00","033","3338","1086","373","215","158","63","436","760","0","57.37","28.29"
"67","000","00","033","3339","0000","1167","676","491","124","1291","2434","0","53.04","27.77"
"67","000","00","033","3339","1070","565","332","233","64","629","1185","0","53.08","28.02"
"67","000","00","033","3339","1071","602","344","258","60","662","1249","0","53.0","27.54"
"67","000","00","033","3340","0000","1810","996","814","212","2022","3751","0","53.91","26.55"
"67","000","00","033","3340","1049","794","441","353","116","910","1727","0","52.69","25.54"
"67","000","00","033","3340","1050","586","332","254","65","651","1085","0","60.0","30.6"
"67","000","00","033","3340","1051","430","223","207","31","461","939","0","49.09","23.75"
"67","000","00","034","0000","0000","54295","31092","23203","4520","58815","110906","132020","53.03","28.03"
"67","000","00","034","3401","0000","1570","931","639","143","1713","3501","0","48.93","26.59"
"67","000","00","034","3401","0850","829","488","341","77","906","1793","0","50.53","27.22"
"67","000","00","034","3401","0851","741","443","298","66","807","1708","0","47.25","25.94"
"67","000","00","034","3404","0000","1109","664","445","83","1192","2030","0","58.72","32.71"
"67","000","00","034","3404","0862","578","339","239","45","623","1076","0","57.9","31.51"
"67","000","00","034","3404","0863","531","325","206","38","569","954","0","59.64","34.07"
"67","000","00","034","3405","0000","1271","720","551","100","1371","2451","0","55.94","29.38"
"67","000","00","034","3405","0858","571","314","257","52","623","1189","0","52.4","26.41"
"67","000","00","034","3405","0859","700","406","294","48","748","1262","0","59.27","32.17"
"67","000","00","034","3407","0000","982","565","417","49","1031","1964","0","52.49","28.77"
"67","000","00","034","3407","0867","485","275","210","18","503","974","0","51.64","28.23"
"67","000","00","034","3407","0868","497","290","207","31","528","990","0","53.33","29.29"
"67","000","00","034","3408","0000","1138","621","517","63","1201","2069","0","58.05","30.01"
"67","000","00","034","3408","0869","593","317","276","19","612","1016","0","60.24","31.2"
"67","000","00","034","3408","0870","545","304","241","44","589","1053","0","55.94","28.87"
"67","000","00","034","3418","0000","1950","1076","874","193","2143","4291","0","49.94","25.08"
"67","000","00","034","3418","0926","620","341","279","36","656","1502","0","43.68","22.7"
"67","000","00","034","3418","0927","724","403","321","60","784","1470","0","53.33","27.41"
"67","000","00","034","3418","0928","606","332","274","97","703","1319","0","53.3","25.17"
"67","000","00","034","3419","0000","995","609","386","57","1052","1864","0","56.44","32.67"
"67","000","00","034","3419","0860","575","352","223","30","605","1017","0","59.49","34.61"
"67","000","00","034","3419","0861","420","257","163","27","447","847","0","52.77","30.34"
"67","000","00","034","3420","0000","2560","1430","1130","102","2662","4824","0","55.18","29.64"
"67","000","00","034","3420","0908","909","524","385","16","925","1709","0","54.13","30.66"
"67","000","00","034","3420","0909","865","500","365","43","908","1517","0","59.85","32.96"
"67","000","00","034","3420","0910","786","406","380","43","829","1598","0","51.88","25.41"
"67","000","00","034","3423","0000","1377","762","615","113","1490","3203","0","46.52","23.79"
"67","000","00","034","3423","0894","477","269","208","27","504","1091","0","46.2","24.66"
"67","000","00","034","3423","0895","455","251","204","35","490","993","0","49.35","25.28"
"67","000","00","034","3423","0896","445","242","203","51","496","1119","0","44.33","21.63"
"67","000","00","034","3424","0000","2167","1210","957","216","2383","4442","0","53.65","27.24"
"67","000","00","034","3424","0897","823","460","363","105","928","1685","0","55.07","27.3"
"67","000","00","034","3424","0898","675","371","304","31","706","1368","0","51.61","27.12"
"67","000","00","034","3424","0899","669","379","290","80","749","1389","0","53.92","27.29"
"67","000","00","034","3425","0000","1598","927","671","107","1705","3296","0","51.73","28.13"
"67","000","00","034","3425","0919","816","452","364","69","885","1662","0","53.25","27.2"
"67","000","00","034","3425","0920","782","475","307","38","820","1634","0","50.18","29.07"
"67","000","00","034","3426","0000","2499","1432","1067","301","2800","5387","0","51.98","26.58"
"67","000","00","034","3426","0923","888","465","423","121","1009","1874","0","53.84","24.81"
"67","000","00","034","3426","0924","807","477","330","91","898","1760","0","51.02","27.1"
"67","000","00","034","3426","0925","804","490","314","89","893","1753","0","50.94","27.95"
"67","000","00","034","3432","0000","670","363","307","86","756","1466","0","51.57","24.76"
"67","000","00","034","3432","0871","670","363","307","86","756","1466","0","51.57","24.76"
"67","000","00","034","3433","0000","866","486","380","127","993","1829","0","54.29","26.57"
"67","000","00","034","3433","0884","436","247","189","78","514","892","0","57.62","27.69"
"67","000","00","034","3433","0885","430","239","191","49","479","937","0","51.12","25.51"
"67","000","00","034","3438","0000","1724","944","780","107","1831","3800","0","48.18","24.84"
"67","000","00","034","3438","0852","484","249","235","27","511","997","0","51.25","24.97"
"67","000","00","034","3438","0853","605","338","267","46","651","1452","0","44.83","23.28"
"67","000","00","034","3438","0854","635","357","278","34","669","1351","0","49.52","26.42"
"67","000","00","034","3439","0000","1472","845","627","171","1643","3079","0","53.36","27.44"
"67","000","00","034","3439","0872","755","448","307","94","849","1535","0","55.31","29.19"
"67","000","00","034","3439","0873","717","397","320","77","794","1544","0","51.42","25.71"
"67","000","00","034","3440","0000","2262","1325","937","190","2452","4317","0","56.8","30.69"
"67","000","00","034","3440","0905","700","422","278","90","790","1340","0","58.96","31.49"
"67","000","00","034","3440","0906","742","446","296","56","798","1464","0","54.51","30.46"
"67","000","00","034","3440","0907","820","457","363","44","864","1513","0","57.11","30.2"
"67","000","00","034","3441","0000","1530","872","658","105","1635","2975","0","54.96","29.31"
"67","000","00","034","3441","0915","712","409","303","47","759","1391","0","54.57","29.4"
"67","000","00","034","3441","0916","818","463","355","58","876","1584","0","55.3","29.23"
"67","000","00","034","3442","0000","1851","1063","788","167","2018","3665","0","55.06","29.0"
"67","000","00","034","3442","0921","917","523","394","98","1015","1793","0","56.61","29.17"
"67","000","00","034","3442","0922","934","540","394","69","1003","1872","0","53.58","28.85"
"67","000","00","034","3443","0000","1822","1118","704","111","1933","3596","0","53.75","31.09"
"67","000","00","034","3443","0929","975","639","336","63","1038","1876","0","55.33","34.06"
"67","000","00","034","3443","0930","847","479","368","48","895","1720","0","52.03","27.85"
"67","000","00","034","3444","0000","1964","1170","794","193","2157","4008","0","53.82","29.19"
"67","000","00","034","3444","0864","607","355","252","81","688","1300","0","52.92","27.31"
"67","000","00","034","3444","0865","669","442","227","60","729","1390","0","52.45","31.8"
"67","000","00","034","3444","0866","688","373","315","52","740","1318","0","56.15","28.3"
"67","000","00","034","3445","0000","1895","1066","829","155","2050","3534","0","58.01","30.16"
"67","000","00","034","3445","0855","755","434","321","73","828","1323","0","62.59","32.8"
"67","000","00","034","3445","0856","550","313","237","40","590","1073","0","54.99","29.17"
"67","000","00","034","3445","0857","590","319","271","42","632","1138","0","55.54","28.03"
"67","000","00","034","3446","0000","2641","1497","1144","230","2871","5305","0","54.12","28.22"
"67","000","00","034","3446","0874","890","512","378","87","977","1760","0","55.51","29.09"
"67","000","00","034","3446","0875","583","312","271","45","628","1372","0","45.77","22.74"
"67","000","00","034","3446","0876","539","320","219","48","587","1002","0","58.58","31.94"
"67","000","00","034","3446","0877","629","353","276","50","679","1171","0","57.98","30.15"
"67","000","00","034","3447","0000","1816","1003","813","162","1978","3964","0","49.9","25.3"
"67","000","00","034","3447","0891","707","399","308","44","751","1522","0","49.34","26.22"
"67","000","00","034","3447","0892","589","331","258","46","635","1278","0","49.69","25.9"
"67","000","00","034","3447","0893","520","273","247","72","592","1164","0","50.86","23.45"
"67","000","00","034","3448","0000","2313","1399","914","226","2539","4860","0","52.24","28.79"
"67","000","00","034","3448","0878","576","371","205","36","612","1285","0","47.63","28.87"
"67","000","00","034","3448","0879","500","303","197","45","545","1036","0","52.61","29.25"
"67","000","00","034","3448","0880","677","412","265","71","748","1392","0","53.74","29.6"
"67","000","00","034","3448","0881","560","313","247","74","634","1147","0","55.27","27.29"
"67","000","00","034","3449","0000","1344","769","575","106","1450","3085","0","47.0","24.93"
"67","000","00","034","3449","0882","607","354","253","56","663","1526","0","43.45","23.2"
"67","000","00","034","3449","0883","737","415","322","50","787","1559","0","50.48","26.62"
"67","000","00","034","3450","0000","1305","739","566","86","1391","2797","0","49.73","26.42"
"67","000","00","034","3450","0889","645","364","281","67","712","1346","0","52.9","27.04"
"67","000","00","034","3450","0890","660","375","285","19","679","1451","0","46.8","25.84"
"67","000","00","034","3451","0000","1765","985","780","243","2008","4176","0","48.08","23.59"
"67","000","00","034","3451","0886","726","400","326","105","831","1449","0","57.35","27.61"
"67","000","00","034","3451","0887","534","312","222","49","583","1160","0","50.26","26.9"
"67","000","00","034","3451","0888","505","273","232","89","594","1567","0","37.91","17.42"
"67","000","00","034","3452","0000","1666","965","701","109","1775","3124","0","56.82","30.89"
"67","000","00","034","3452","0900","788","445","343","38","826","1469","0","56.23","30.29"
"67","000","00","034","3452","0901","878","520","358","71","949","1655","0","57.34","31.42"
"67","000","00","034","3453","0000","2180","1256","924","117","2297","4187","0","54.86","30.0"
"67","000","00","034","3453","0902","679","390","289","35","714","1261","0","56.62","30.93"
"67","000","00","034","3453","0903","719","407","312","34","753","1490","0","50.54","27.32"
"67","000","00","034","3453","0904","782","459","323","48","830","1436","0","57.8","31.96"
"67","000","00","034","3454","0000","1249","700","549","126","1375","2613","0","52.62","26.79"
"67","000","00","034","3454","0911","681","374","307","58","739","1399","0","52.82","26.73"
"67","000","00","034","3454","0912","568","326","242","68","636","1214","0","52.39","26.85"
"67","000","00","034","3455","0000","1210","688","522","89","1299","2212","0","58.73","31.1"
"67","000","00","034","3455","0913","560","310","250","37","597","1064","0","56.11","29.14"
"67","000","00","034","3455","0914","650","378","272","52","702","1148","0","61.15","32.93"
"67","000","00","034","3456","0000","1534","892","642","87","1621","2992","0","54.18","29.81"
"67","000","00","034","3456","0917","843","503","340","49","892","1595","0","55.92","31.54"
"67","000","00","034","3456","0918","691","389","302","38","729","1397","0","52.18","27.85"
"67","000","00","035","0000","0000","74944","42902","32042","7652","82596","159654","193163","51.73","26.87"
"67","000","00","035","3501","0000","1261","688","573","46","1307","2549","0","51.28","26.99"
"67","000","00","035","3501","0618","1261","688","573","46","1307","2549","0","51.28","26.99"
"67","000","00","035","3502","0000","2105","1239","866","177","2282","4600","0","49.61","26.93"
"67","000","00","035","3502","0624","893","516","377","63","956","2143","0","44.61","24.08"
"67","000","00","035","3502","0625","1212","723","489","114","1326","2457","0","53.97","29.43"
"67","000","00","035","3503","0000","2134","1197","937","210","2344","4477","0","52.36","26.74"
"67","000","00","035","3503","0619","1029","578","451","127","1156","2321","0","49.81","24.9"
"67","000","00","035","3503","0620","1105","619","486","83","1188","2156","0","55.1","28.71"
"67","000","00","035","3504","0000","2357","1333","1024","315","2672","4799","0","55.68","27.78"
"67","000","00","035","3504","0621","873","498","375","97","970","1662","0","58.36","29.96"
"67","000","00","035","3504","0622","744","426","318","134","878","1512","0","58.07","28.17"
"67","000","00","035","3504","0623","740","409","331","84","824","1625","0","50.71","25.17"
"67","000","00","035","3505","0000","2206","1269","937","225","2431","4512","0","53.88","28.13"
"67","000","00","035","3505","0626","1075","625","450","127","1202","2148","0","55.96","29.1"
"67","000","00","035","3505","0627","1131","644","487","98","1229","2364","0","51.99","27.24"
"67","000","00","035","3506","0000","1461","883","578","155","1616","2805","0","57.61","31.48"
"67","000","00","035","3506","0644","781","481","300","63","844","1447","0","58.33","33.24"
"67","000","00","035","3506","0645","680","402","278","92","772","1358","0","56.85","29.6"
"67","000","00","035","3507","0000","1785","1045","740","184","1969","3494","0","56.35","29.91"
"67","000","00","035","3507","0639","867","498","369","98","965","1721","0","56.07","28.94"
"67","000","00","035","3507","0640","918","547","371","86","1004","1773","0","56.63","30.85"
"67","000","00","035","3508","0000","1970","1136","834","197","2167","4546","0","47.67","24.99"
"67","000","00","035","3508","0631","928","539","389","95","1023","2291","0","44.65","23.53"
"67","000","00","035","3508","0632","1042","597","445","102","1144","2255","0","50.73","26.47"
"67","000","00","035","3509","0000","2796","1538","1258","237","3033","5977","0","50.74","25.73"
"67","000","00","035","3509","0633","853","453","400","86","939","1940","0","48.4","23.35"
"67","000","00","035","3509","0634","990","529","461","64","1054","2013","0","52.36","26.28"
"67","000","00","035","3509","0635","953","556","397","87","1040","2024","0","51.38","27.47"
"67","000","00","035","3510","0000","2889","1828","1061","241","3130","5933","0","52.76","30.81"
"67","000","00","035","3510","0628","801","455","346","71","872","1868","0","46.68","24.36"
"67","000","00","035","3510","0629","962","724","238","79","1041","1797","0","57.93","40.29"
"67","000","00","035","3510","0630","1126","649","477","91","1217","2268","0","53.66","28.62"
"67","000","00","035","3511","0000","1050","639","411","122","1172","2188","0","53.56","29.2"
"67","000","00","035","3511","0654","1050","639","411","122","1172","2188","0","53.56","29.2"
"67","000","00","035","3512","0000","894","482","412","126","1020","1835","0","55.59","26.27"
"67","000","00","035","3512","0659","894","482","412","126","1020","1835","0","55.59","26.27"
"67","000","00","035","3513","0000","1992","1166","826","207","2199","4646","0","47.33","25.1"
"67","000","00","035","3513","0655","1049","609","440","121","1170","2399","0","48.77","25.39"
"67","000","00","035","3513","0656","943","557","386","86","1029","2247","0","45.79","24.79"
"67","000","00","035","3514","0000","633","355","278","86","719","1165","0","61.72","30.47"
"67","000","00","035","3514","0657","633","355","278","86","719","1165","0","61.72","30.47"
"67","000","00","035","3515","0000","2358","1320","1038","269","2627","5476","0","47.97","24.11"
"67","000","00","035","3515","0670","601","352","249","99","700","1547","0","45.25","22.75"
"67","000","00","035","3515","0671","820","454","366","86","906","1784","0","50.78","25.45"
"67","000","00","035","3515","0672","937","514","423","84","1021","2145","0","47.6","23.96"
"67","000","00","035","3516","0000","1301","763","538","158","1459","2728","0","53.48","27.97"
"67","000","00","035","3516","0668","848","503","345","96","944","1763","0","53.55","28.53"
"67","000","00","035","3516","0669","453","260","193","62","515","965","0","53.37","26.94"
"67","000","00","035","3517","0000","1055","572","483","159","1214","1978","0","61.38","28.92"
"67","000","00","035","3517","0693","481","256","225","72","553","905","0","61.1","28.29"
"67","000","00","035","3517","0694","574","316","258","87","661","1073","0","61.6","29.45"
"67","000","00","035","3518","0000","3442","1977","1465","269","3711","7488","0","49.56","26.4"
"67","000","00","035","3518","0673","1223","727","496","92","1315","2443","0","53.83","29.76"
"67","000","00","035","3518","0674","1037","590","447","72","1109","2565","0","43.24","23.0"
"67","000","00","035","3518","0675","1182","660","522","105","1287","2480","0","51.9","26.61"
"67","000","00","035","3519","0000","550","282","268","73","623","977","0","63.77","28.86"
"67","000","00","035","3519","0662","550","282","268","73","623","977","0","63.77","28.86"
"67","000","00","035","3520","0000","1979","1105","874","235","2214","4517","0","49.01","24.46"
"67","000","00","035","3520","0676","936","548","388","123","1059","2349","0","45.08","23.33"
"67","000","00","035","3520","0677","1043","557","486","112","1155","2168","0","53.27","25.69"
"67","000","00","035","3521","0000","1458","823","635","172","1630","3228","0","50.5","25.5"
"67","000","00","035","3521","0666","616","343","273","82","698","1319","0","52.92","26.0"
"67","000","00","035","3521","0667","842","480","362","90","932","1909","0","48.82","25.14"
"67","000","00","035","3522","0000","1557","876","681","138","1695","3339","0","50.76","26.24"
"67","000","00","035","3522","0663","707","382","325","51","758","1642","0","46.16","23.26"
"67","000","00","035","3522","0664","850","494","356","87","937","1697","0","55.22","29.11"
"67","000","00","035","3523","0000","830","472","358","85","915","1966","0","46.54","24.01"
"67","000","00","035","3523","0665","830","472","358","85","915","1966","0","46.54","24.01"
"67","000","00","035","3524","0000","796","497","299","75","871","1501","0","58.03","33.11"
"67","000","00","035","3524","0707","796","497","299","75","871","1501","0","58.03","33.11"
"67","000","00","035","3525","0000","857","493","364","120","977","1797","0","54.37","27.43"
"67","000","00","035","3525","0660","857","493","364","120","977","1797","0","54.37","27.43"
"67","000","00","035","3526","0000","951","558","393","129","1080","2223","0","48.58","25.1"
"67","000","00","035","3526","0661","951","558","393","129","1080","2223","0","48.58","25.1"
"67","000","00","035","3527","0000","813","475","338","97","910","1579","0","57.63","30.08"
"67","000","00","035","3527","0695","813","475","338","97","910","1579","0","57.63","30.08"
"67","000","00","035","3528","0000","634","345","289","25","659","1462","0","45.08","23.6"
"67","000","00","035","3528","0700","634","345","289","25","659","1462","0","45.08","23.6"
"67","000","00","035","3529","0000","515","315","200","88","603","1044","0","57.76","30.17"
"67","000","00","035","3529","0701","515","315","200","88","603","1044","0","57.76","30.17"
"67","000","00","035","3530","0000","1379","776","603","194","1573","3070","0","51.24","25.28"
"67","000","00","035","3530","0696","840","484","356","130","970","1876","0","51.71","25.8"
"67","000","00","035","3530","0697","539","292","247","64","603","1194","0","50.5","24.46"
"67","000","00","035","3531","0000","617","270","347","34","651","1380","0","47.17","19.57"
"67","000","00","035","3531","0699","617","270","347","34","651","1380","0","47.17","19.57"
"67","000","00","035","3532","0000","514","290","224","43","557","1475","0","37.76","19.66"
"67","000","00","035","3532","0698","514","290","224","43","557","1475","0","37.76","19.66"
"67","000","00","035","3533","0000","698","395","303","95","793","1293","0","61.33","30.55"
"67","000","00","035","3533","0702","331","191","140","64","395","603","0","65.51","31.67"
"67","000","00","035","3533","0703","367","204","163","31","398","690","0","57.68","29.57"
"67","000","00","035","3534","0000","662","342","320","60","722","1447","0","49.9","23.64"
"67","000","00","035","3534","0704","662","342","320","60","722","1447","0","49.9","23.64"
"67","000","00","035","3535","0000","535","309","226","62","597","910","0","65.6","33.96"
"67","000","00","035","3535","0705","535","309","226","62","597","910","0","65.6","33.96"
"67","000","00","035","3536","0000","781","443","338","112","893","1850","0","48.27","23.95"
"67","000","00","035","3536","0706","781","443","338","112","893","1850","0","48.27","23.95"
"67","000","00","035","3537","0000","1028","548","480","114","1142","2143","0","53.29","25.57"
"67","000","00","035","3537","0638","1028","548","480","114","1142","2143","0","53.29","25.57"
"67","000","00","035","3538","0000","1426","776","650","158","1584","2791","0","56.75","27.8"
"67","000","00","035","3538","0636","880","473","407","106","986","1613","0","61.13","29.32"
"67","000","00","035","3538","0637","546","303","243","52","598","1178","0","50.76","25.72"
"67","000","00","035","3539","0000","2199","1265","934","166","2365","4412","0","53.6","28.67"
"67","000","00","035","3539","0641","708","411","297","30","738","1428","0","51.68","28.78"
"67","000","00","035","3539","0642","820","476","344","72","892","1626","0","54.86","29.27"
"67","000","00","035","3539","0643","671","378","293","64","735","1358","0","54.12","27.84"
"67","000","00","035","3540","0000","1602","875","727","201","1803","3120","0","57.79","28.04"
"67","000","00","035","3540","0680","879","488","391","131","1010","1627","0","62.08","29.99"
"67","000","00","035","3540","0681","723","387","336","70","793","1493","0","53.11","25.92"
"67","000","00","035","3541","0000","2080","1192","888","193","2273","4273","0","53.19","27.9"
"67","000","00","035","3541","0682","696","417","279","88","784","1397","0","56.12","29.85"
"67","000","00","035","3541","0683","670","378","292","65","735","1416","0","51.91","26.69"
"67","000","00","035","3541","0684","714","397","317","40","754","1460","0","51.64","27.19"
"67","000","00","035","3542","0000","1551","852","699","165","1716","3661","0","46.87","23.27"
"67","000","00","035","3542","0691","749","399","350","104","853","1815","0","47.0","21.98"
"67","000","00","035","3542","0692","802","453","349","61","863","1846","0","46.75","24.54"
"67","000","00","035","3543","0000","1952","1108","844","143","2095","4437","0","47.22","24.97"
"67","000","00","035","3543","0646","931","528","403","80","1011","2116","0","47.78","24.95"
"67","000","00","035","3543","0647","1021","580","441","63","1084","2321","0","46.7","24.99"
"67","000","00","035","3544","0000","1837","1340","497","143","1980","4044","0","48.96","33.14"
"67","000","00","035","3544","0648","965","864","101","60","1025","2117","0","48.42","40.81"
"67","000","00","035","3544","0649","872","476","396","83","955","1927","0","49.56","24.7"
"67","000","00","035","3545","0000","2022","1149","873","220","2242","4576","0","48.99","25.11"
"67","000","00","035","3545","0650","991","562","429","152","1143","2242","0","50.98","25.07"
"67","000","00","035","3545","0651","1031","587","444","68","1099","2334","0","47.09","25.15"
"67","000","00","035","3546","0000","1858","1050","808","191","2049","3809","0","53.79","27.57"
"67","000","00","035","3546","0686","982","564","418","117","1099","2070","0","53.09","27.25"
"67","000","00","035","3546","0687","876","486","390","74","950","1739","0","54.63","27.95"
"67","000","00","035","3547","0000","1454","825","629","112","1566","3305","0","47.38","24.96"
"67","000","00","035","3547","0678","763","438","325","65","828","1630","0","50.8","26.87"
"67","000","00","035","3547","0679","691","387","304","47","738","1675","0","44.06","23.1"
"67","000","00","035","3548","0000","701","391","310","71","772","1539","0","50.16","25.41"
"67","000","00","035","3548","0658","701","391","310","71","772","1539","0","50.16","25.41"
"67","000","00","035","3549","0000","906","520","386","64","970","2222","0","43.65","23.4"
"67","000","00","035","3549","0685","906","520","386","64","970","2222","0","43.65","23.4"
"67","000","00","035","3550","0000","2715","1476","1239","290","3005","5433","0","55.31","27.17"
"67","000","00","035","3550","0688","831","483","348","105","936","1830","0","51.15","26.39"
"67","000","00","035","3550","0689","947","517","430","105","1052","1803","0","58.35","28.67"
"67","000","00","035","3550","0690","937","476","461","80","1017","1800","0","56.5","26.44"
"67","000","00","035","3551","0000","1798","1039","759","201","1999","3635","0","54.99","28.58"
"67","000","00","035","3551","0652","899","526","373","91","990","1822","0","54.34","28.87"
"67","000","00","035","3551","0653","899","513","386","110","1009","1813","0","55.65","28.3"
"67","000","00","036","0000","0000","25701","14746","10955","2036","27737","55379","66677","50.09","26.63"
"67","000","00","036","3602","0000","872","497","375","119","991","2001","0","49.53","24.84"
"67","000","00","036","3602","1014","872","497","375","119","991","2001","0","49.53","24.84"
"67","000","00","036","3604","0000","169","98","71","13","182","438","0","41.55","22.37"
"67","000","00","036","3604","1007","169","98","71","13","182","438","0","41.55","22.37"
"67","000","00","036","3605","0000","2324","1283","1041","180","2504","4954","0","50.55","25.9"
"67","000","00","036","3605","0986","1167","665","502","93","1260","2547","0","49.47","26.11"
"67","000","00","036","3605","0987","1157","618","539","87","1244","2407","0","51.68","25.68"
"67","000","00","036","3606","0000","1906","1191","715","114","2020","4202","0","48.07","28.34"
"67","000","00","036","3606","0988","883","506","377","59","942","2070","0","45.51","24.44"
"67","000","00","036","3606","0989","1023","685","338","55","1078","2132","0","50.56","32.13"
"67","000","00","036","3607","0000","2371","1308","1063","137","2508","4810","0","52.14","27.19"
"67","000","00","036","3607","0990","738","412","326","34","772","1450","0","53.24","28.41"
"67","000","00","036","3607","0991","755","424","331","35","790","1605","0","49.22","26.42"
"67","000","00","036","3607","0992","878","472","406","68","946","1755","0","53.9","26.89"
"67","000","00","036","3608","0000","3154","1768","1386","250","3404","7011","0","48.55","25.22"
"67","000","00","036","3608","0993","753","425","328","60","813","1728","0","47.05","24.59"
"67","000","00","036","3608","0994","662","349","313","65","727","1754","0","41.45","19.9"
"67","000","00","036","3608","0995","797","449","348","75","872","1686","0","51.72","26.63"
"67","000","00","036","3608","0996","942","545","397","50","992","1843","0","53.83","29.57"
"67","000","00","036","3609","0000","2499","1433","1066","210","2709","4994","0","54.25","28.69"
"67","000","00","036","3609","0983","860","478","382","94","954","1753","0","54.42","27.27"
"67","000","00","036","3609","0984","886","523","363","64","950","1859","0","51.1","28.13"
"67","000","00","036","3609","0985","753","432","321","52","805","1382","0","58.25","31.26"
"67","000","00","036","3610","0000","3269","1907","1362","265","3534","6842","0","51.65","27.87"
"67","000","00","036","3610","1003","840","490","350","86","926","1675","0","55.28","29.25"
"67","000","00","036","3610","1004","955","527","428","67","1022","1979","0","51.64","26.63"
"67","000","00","036","3610","1005","738","427","311","47","785","1602","0","49.0","26.65"
"67","000","00","036","3610","1006","736","463","273","65","801","1586","0","50.5","29.19"
"67","000","00","036","3611","0000","3425","1999","1426","208","3633","7611","0","47.73","26.26"
"67","000","00","036","3611","0999","756","441","315","30","786","1653","0","47.55","26.68"
"67","000","00","036","3611","1000","767","489","278","44","811","1697","0","47.79","28.82"
"67","000","00","036","3611","1001","940","532","408","69","1009","2154","0","46.84","24.7"
"67","000","00","036","3611","1002","962","537","425","65","1027","2107","0","48.74","25.49"
"67","000","00","036","3612","0000","1452","834","618","88","1540","2853","0","53.98","29.23"
"67","000","00","036","3612","0997","821","466","355","50","871","1565","0","55.65","29.78"
"67","000","00","036","3612","0998","631","368","263","38","669","1288","0","51.94","28.57"
"67","000","00","036","3615","0000","1529","862","667","142","1671","3403","0","49.1","25.33"
"67","000","00","036","3615","1008","814","479","335","88","902","1780","0","50.67","26.91"
"67","000","00","036","3615","1009","715","383","332","54","769","1623","0","47.38","23.6"
"67","000","00","036","3616","0000","1511","857","654","170","1681","3443","0","48.82","24.89"
"67","000","00","036","3616","1010","948","555","393","111","1059","2157","0","49.1","25.73"
"67","000","00","036","3616","1011","563","302","261","59","622","1286","0","48.37","23.48"
"67","000","00","036","3617","0000","1220","709","511","140","1360","2817","0","48.28","25.17"
"67","000","00","036","3617","1012","697","391","306","90","787","1492","0","52.75","26.21"
"67","000","00","036","3617","1013","523","318","205","50","573","1325","0","43.25","24.0"
"67","000","00","037","0000","0000","32683","17852","14831","3216","35899","65261","78093","55.01","27.35"
"67","000","00","037","3705","0000","1886","1018","868","232","2118","3854","0","54.96","26.41"
"67","000","00","037","3705","0931","660","341","319","75","735","1332","0","55.18","25.6"
"67","000","00","037","3705","0932","625","342","283","86","711","1246","0","57.06","27.45"
"67","000","00","037","3705","0933","601","335","266","71","672","1276","0","52.66","26.25"
"67","000","00","037","3707","0000","1606","874","732","116","1722","3047","0","56.51","28.68"
"67","000","00","037","3707","0934","827","453","374","65","892","1583","0","56.35","28.62"
"67","000","00","037","3707","0935","779","421","358","51","830","1464","0","56.69","28.76"
"67","000","00","037","3709","0000","1329","714","615","91","1420","2602","0","54.57","27.44"
"67","000","00","037","3709","0936","602","326","276","32","634","1234","0","51.38","26.42"
"67","000","00","037","3709","0937","727","388","339","59","786","1368","0","57.46","28.36"
"67","000","00","037","3711","0000","1134","599","535","120","1254","2538","0","49.41","23.6"
"67","000","00","037","3711","0938","566","321","245","44","610","1322","0","46.14","24.28"
"67","000","00","037","3711","0939","568","278","290","76","644","1216","0","52.96","22.86"
"67","000","00","037","3716","0000","1273","707","566","102","1375","2526","0","54.43","27.99"
"67","000","00","037","3716","0940","630","334","296","45","675","1289","0","52.37","25.91"
"67","000","00","037","3716","0941","643","373","270","57","700","1237","0","56.59","30.15"
"67","000","00","037","3722","0000","1673","933","740","186","1859","3455","0","53.81","27.0"
"67","000","00","037","3722","0942","500","268","232","45","545","1189","0","45.84","22.54"
"67","000","00","037","3722","0943","602","341","261","75","677","1201","0","56.37","28.39"
"67","000","00","037","3722","0944","571","324","247","66","637","1065","0","59.81","30.42"
"67","000","00","037","3725","0000","1896","1073","823","191","2087","3505","0","59.54","30.61"
"67","000","00","037","3725","0945","538","307","231","65","603","1055","0","57.16","29.1"
"67","000","00","037","3725","0946","646","347","299","65","711","1170","0","60.77","29.66"
"67","000","00","037","3725","0947","712","419","293","61","773","1280","0","60.39","32.73"
"67","000","00","037","3731","0000","1308","726","582","133","1441","2515","0","57.3","28.87"
"67","000","00","037","3731","0948","638","361","277","52","690","1223","0","56.42","29.52"
"67","000","00","037","3731","0949","670","365","305","81","751","1292","0","58.13","28.25"
"67","000","00","037","3733","0000","2879","1574","1305","218","3097","5398","0","57.37","29.16"
"67","000","00","037","3733","0950","562","296","266","21","583","993","0","58.71","29.81"
"67","000","00","037","3733","0951","760","408","352","77","837","1541","0","54.32","26.48"
"67","000","00","037","3733","0952","901","499","402","86","987","1652","0","59.75","30.21"
"67","000","00","037","3733","0953","656","371","285","34","690","1212","0","56.93","30.61"
"67","000","00","037","3734","0000","2491","1327","1164","218","2709","4876","0","55.56","27.21"
"67","000","00","037","3734","0954","850","458","392","74","924","1621","0","57.0","28.25"
"67","000","00","037","3734","0955","859","449","410","56","915","1660","0","55.12","27.05"
"67","000","00","037","3734","0956","782","420","362","88","870","1595","0","54.55","26.33"
"67","000","00","037","3739","0000","1831","987","844","182","2013","3557","0","56.59","27.75"
"67","000","00","037","3739","0957","709","394","315","58","767","1436","0","53.41","27.44"
"67","000","00","037","3739","0958","650","339","311","71","721","1265","0","57.0","26.8"
"67","000","00","037","3739","0959","472","254","218","53","525","856","0","61.33","29.67"
"67","000","00","037","3740","0000","1694","918","776","209","1903","3297","0","57.72","27.84"
"67","000","00","037","3740","0960","565","299","266","53","618","1168","0","52.91","25.6"
"67","000","00","037","3740","0961","577","312","265","88","665","1134","0","58.64","27.51"
"67","000","00","037","3740","0962","552","307","245","68","620","995","0","62.31","30.85"
"67","000","00","037","3741","0000","1450","788","662","110","1560","2578","0","60.51","30.57"
"67","000","00","037","3741","0963","766","436","330","43","809","1313","0","61.61","33.21"
"67","000","00","037","3741","0964","684","352","332","67","751","1265","0","59.37","27.83"
"67","000","00","037","3742","0000","1567","867","700","150","1717","3150","0","54.51","27.52"
"67","000","00","037","3742","0965","595","303","292","56","651","1215","0","53.58","24.94"
"67","000","00","037","3742","0966","634","365","269","51","685","1248","0","54.89","29.25"
"67","000","00","037","3742","0967","338","199","139","43","381","687","0","55.46","28.97"
"67","000","00","037","3743","0000","1044","603","441","157","1201","2110","0","56.92","28.58"
"67","000","00","037","3743","0968","541","310","231","93","634","1139","0","55.66","27.22"
"67","000","00","037","3743","0969","503","293","210","64","567","971","0","58.39","30.18"
"67","000","00","037","3744","0000","1781","983","798","193","1974","3978","0","49.62","24.71"
"67","000","00","037","3744","0970","476","279","197","67","543","1254","0","43.3","22.25"
"67","000","00","037","3744","0971","492","252","240","50","542","979","0","55.36","25.74"
"67","000","00","037","3744","0972","813","452","361","76","889","1745","0","50.95","25.9"
"67","000","00","037","3745","0000","1199","633","566","100","1299","2510","0","51.75","25.22"
"67","000","00","037","3745","0973","536","269","267","45","581","1074","0","54.1","25.05"
"67","000","00","037","3745","0974","663","364","299","55","718","1436","0","50.0","25.35"
"67","000","00","037","3746","0000","1003","546","457","130","1133","2029","0","55.84","26.91"
"67","000","00","037","3746","0975","429","234","195","67","496","865","0","57.34","27.05"
"67","000","00","037","3746","0976","574","312","262","63","637","1164","0","54.73","26.8"
"67","000","00","037","3747","0000","1778","951","827","174","1952","4067","0","48.0","23.38"
"67","000","00","037","3747","0977","560","298","262","50","610","1285","0","47.47","23.19"
"67","000","00","037","3747","0978","539","270","269","55","594","1078","0","55.1","25.05"
"67","000","00","037","3747","0979","679","383","296","69","748","1704","0","43.9","22.48"
"67","000","00","037","3748","0000","1861","1031","830","204","2065","3669","0","56.28","28.1"
"67","000","00","037","3748","0980","648","342","306","108","756","1296","0","58.33","26.39"
"67","000","00","037","3748","0981","566","315","251","56","622","1128","0","55.14","27.93"
"67","000","00","037","3748","0982","647","374","273","40","687","1245","0","55.18","30.04"
"64","000","00","000","0000","0000","1262786","752932","509854","103906","1366692","2353342","2772624","58.07","31.99"
"64","000","00","001","0000","0000","11452","6495","4957","718","12170","21617","24098","56.3","30.05"
"64","000","00","001","0101","0000","745","400","345","63","808","1304","0","61.96","30.67"
"64","000","00","001","0101","0845","745","400","345","63","808","1304","0","61.96","30.67"
"64","000","00","001","0102","0000","190","111","79","28","218","357","0","61.06","31.09"
"64","000","00","001","0102","0846","190","111","79","28","218","357","0","61.06","31.09"
"64","000","00","001","0103","0000","352","177","175","35","387","651","0","59.45","27.19"
"64","000","00","001","0103","0847","352","177","175","35","387","651","0","59.45","27.19"
"64","000","00","001","0104","0000","610","358","252","33","643","1322","0","48.64","27.08"
"64","000","00","001","0104","0848","610","358","252","33","643","1322","0","48.64","27.08"
"64","000","00","001","0105","0000","583","346","237","24","607","1056","0","57.48","32.77"
"64","000","00","001","0105","0849","583","346","237","24","607","1056","0","57.48","32.77"
"64","000","00","001","0106","0000","1087","615","472","61","1148","2034","0","56.44","30.24"
"64","000","00","001","0106","0850","507","280","227","24","531","904","0","58.74","30.97"
"64","000","00","001","0106","0851","580","335","245","37","617","1130","0","54.6","29.65"
"64","000","00","001","0107","0000","491","292","199","21","512","840","0","60.95","34.76"
"64","000","00","001","0107","0852","491","292","199","21","512","840","0","60.95","34.76"
"64","000","00","001","0108","0000","403","225","178","35","438","616","0","71.1","36.53"
"64","000","00","001","0108","0853","403","225","178","35","438","616","0","71.1","36.53"
"64","000","00","001","0109","0000","686","407","279","41","727","1397","0","52.04","29.13"
"64","000","00","001","0109","0854","686","407","279","41","727","1397","0","52.04","29.13"
"64","000","00","001","0110","0000","424","221","203","19","443","766","0","57.83","28.85"
"64","000","00","001","0110","0855","424","221","203","19","443","766","0","57.83","28.85"
"64","000","00","001","0111","0000","952","546","406","64","1016","1644","0","61.8","33.21"
"64","000","00","001","0111","0856","476","255","221","45","521","839","0","62.1","30.39"
"64","000","00","001","0111","0857","476","291","185","19","495","805","0","61.49","36.15"
"64","000","00","001","0112","0000","389","229","160","19","408","750","0","54.4","30.53"
"64","000","00","001","0112","0858","389","229","160","19","408","750","0","54.4","30.53"
"64","000","00","001","0113","0000","515","271","244","36","551","986","0","55.88","27.48"
"64","000","00","001","0113","0859","515","271","244","36","551","986","0","55.88","27.48"
"64","000","00","001","0114","0000","527","303","224","13","540","1068","0","50.56","28.37"
"64","000","00","001","0114","0860","527","303","224","13","540","1068","0","50.56","28.37"
"64","000","00","001","0115","0000","582","324","258","47","629","1060","0","59.34","30.57"
"64","000","00","001","0115","0861","582","324","258","47","629","1060","0","59.34","30.57"
"64","000","00","001","0116","0000","406","228","178","37","443","805","0","55.03","28.32"
"64","000","00","001","0116","0862","406","228","178","37","443","805","0","55.03","28.32"
"64","000","00","001","0117","0000","940","560","380","61","1001","1994","0","50.2","28.08"
"64","000","00","001","0117","0863","508","307","201","23","531","1073","0","49.49","28.61"
"64","000","00","001","0117","0864","432","253","179","38","470","921","0","51.03","27.47"
"64","000","00","001","0118","0000","617","362","255","24","641","1171","0","54.74","30.91"
"64","000","00","001","0118","0865","617","362","255","24","641","1171","0","54.74","30.91"
"64","000","00","001","0119","0000","327","165","162","17","344","594","0","57.91","27.78"
"64","000","00","001","0119","0866","327","165","162","17","344","594","0","57.91","27.78"
"64","000","00","001","0120","0000","328","186","142","24","352","592","0","59.46","31.42"
"64","000","00","001","0120","0867","328","186","142","24","352","592","0","59.46","31.42"
"64","000","00","001","0121","0000","298","169","129","16","314","610","0","51.48","27.7"
"64","000","00","001","0121","0868","298","169","129","16","314","610","0","51.48","27.7"
"64","000","00","002","0000","0000","63034","38075","24959","4429","67463","114979","139894","58.67","33.11"
"64","000","00","002","0201","0000","1077","663","414","85","1162","1959","0","59.32","33.84"
"64","000","00","002","0201","0768","467","289","178","32","499","959","0","52.03","30.14"
"64","000","00","002","0201","0769","610","374","236","53","663","1000","0","66.3","37.4"
"64","000","00","002","0202","0000","1135","691","444","83","1218","1995","0","61.05","34.64"
"64","000","00","002","0202","0770","485","289","196","22","507","910","0","55.71","31.76"
"64","000","00","002","0202","0771","650","402","248","61","711","1085","0","65.53","37.05"
"64","000","00","002","0203","0000","2182","1352","830","167","2349","4147","0","56.64","32.6"
"64","000","00","002","0203","0772","617","359","258","53","670","1484","0","45.15","24.19"
"64","000","00","002","0203","0773","788","490","298","38","826","1393","0","59.3","35.18"
"64","000","00","002","0203","0774","777","503","274","76","853","1270","0","67.17","39.61"
"64","000","00","002","0204","0000","1866","1070","796","137","2003","3402","0","58.88","31.45"
"64","000","00","002","0204","0775","546","303","243","43","589","1055","0","55.83","28.72"
"64","000","00","002","0204","0776","638","360","278","38","676","1172","0","57.68","30.72"
"64","000","00","002","0204","0777","682","407","275","56","738","1175","0","62.81","34.64"
"64","000","00","002","0205","0000","686","393","293","54","740","1274","0","58.08","30.85"
"64","000","00","002","0205","0778","686","393","293","54","740","1274","0","58.08","30.85"
"64","000","00","002","0206","0000","496","276","220","63","559","1085","0","51.52","25.44"
"64","000","00","002","0206","0779","496","276","220","63","559","1085","0","51.52","25.44"
"64","000","00","002","0207","0000","1360","827","533","124","1484","2444","0","60.72","33.84"
"64","000","00","002","0207","0780","770","481","289","73","843","1470","0","57.35","32.72"
"64","000","00","002","0207","0781","590","346","244","51","641","974","0","65.81","35.52"
"64","000","00","002","0208","0000","2001","1198","803","201","2202","3719","0","59.21","32.21"
"64","000","00","002","0208","0782","697","414","283","99","796","1275","0","62.43","32.47"
"64","000","00","002","0208","0783","628","361","267","63","691","1206","0","57.3","29.93"
"64","000","00","002","0208","0784","676","423","253","39","715","1238","0","57.75","34.17"
"64","000","00","002","0209","0000","480","371","109","18","498","721","0","69.07","51.46"
"64","000","00","002","0209","0785","480","371","109","18","498","721","0","69.07","51.46"
"64","000","00","002","0210","0000","617","360","257","38","655","1220","0","53.69","29.51"
"64","000","00","002","0210","0786","617","360","257","38","655","1220","0","53.69","29.51"
"64","000","00","002","0211","0000","887","524","363","51","938","1966","0","47.71","26.65"
"64","000","00","002","0211","0787","887","524","363","51","938","1966","0","47.71","26.65"
"64","000","00","002","0212","0000","1652","948","704","163","1815","3442","0","52.73","27.54"
"64","000","00","002","0212","0788","801","426","375","121","922","1722","0","53.54","24.74"
"64","000","00","002","0212","0789","851","522","329","42","893","1720","0","51.92","30.35"
"64","000","00","002","0213","0000","1271","775","496","164","1435","2656","0","54.03","29.18"
"64","000","00","002","0213","0790","690","437","253","115","805","1287","0","62.55","33.95"
"64","000","00","002","0213","0791","581","338","243","49","630","1369","0","46.02","24.69"
"64","000","00","002","0214","0000","1594","943","651","114","1708","2992","0","57.09","31.52"
"64","000","00","002","0214","0792","695","403","292","52","747","1222","0","61.13","32.98"
"64","000","00","002","0214","0793","899","540","359","62","961","1770","0","54.29","30.51"
"64","000","00","002","0215","0000","8532","5150","3382","459","8991","14867","0","60.48","34.64"
"64","000","00","002","0215","0794","1028","729","299","53","1081","1860","0","58.12","39.19"
"64","000","00","002","0215","0795","996","590","406","60","1056","1857","0","56.87","31.77"
"64","000","00","002","0215","0796","1024","606","418","58","1082","1841","0","58.77","32.92"
"64","000","00","002","0215","0797","1096","657","439","74","1170","1830","0","63.93","35.9"
"64","000","00","002","0215","0798","1012","598","414","71","1083","1809","0","59.87","33.06"
"64","000","00","002","0215","0799","1102","663","439","52","1154","1894","0","60.93","35.01"
"64","000","00","002","0215","0800","1112","630","482","38","1150","1882","0","61.11","33.48"
"64","000","00","002","0215","0801","1162","677","485","53","1215","1894","0","64.15","35.74"
"64","000","00","002","0216","0000","12498","7571","4927","563","13061","20876","0","62.56","36.27"
"64","000","00","002","0216","0802","961","607","354","54","1015","1745","0","58.17","34.79"
"64","000","00","002","0216","0803","1015","614","401","30","1045","1887","0","55.38","32.54"
"64","000","00","002","0216","0804","1166","713","453","69","1235","1891","0","65.31","37.7"
"64","000","00","002","0216","0805","1102","647","455","54","1156","1903","0","60.75","34.0"
"64","000","00","002","0216","0806","1167","654","513","52","1219","1998","0","61.01","32.73"
"64","000","00","002","0216","0807","1129","714","415","53","1182","1912","0","61.82","37.34"
"64","000","00","002","0216","0808","1119","660","459","85","1204","1923","0","62.61","34.32"
"64","000","00","002","0216","0809","1267","800","467","35","1302","1888","0","68.96","42.37"
"64","000","00","002","0216","0810","1132","682","450","24","1156","1873","0","61.72","36.41"
"64","000","00","002","0216","0811","1255","760","495","49","1304","1959","0","66.56","38.8"
"64","000","00","002","0216","0812","1185","720","465","58","1243","1897","0","65.52","37.95"
"64","000","00","002","0217","0000","9083","5711","3372","421","9504","16100","0","59.03","35.47"
"64","000","00","002","0217","0813","1191","873","318","55","1246","2362","0","52.75","36.96"
"64","000","00","002","0217","0814","1077","676","401","85","1162","1850","0","62.81","36.54"
"64","000","00","002","0217","0815","1153","664","489","37","1190","1928","0","61.72","34.44"
"64","000","00","002","0217","0816","1073","671","402","33","1106","1937","0","57.1","34.64"
"64","000","00","002","0217","0817","1205","749","456","63","1268","2123","0","59.73","35.28"
"64","000","00","002","0217","0818","1061","635","426","45","1106","1861","0","59.43","34.12"
"64","000","00","002","0217","0819","1061","660","401","40","1101","1892","0","58.19","34.88"
"64","000","00","002","0217","0820","1262","783","479","63","1325","2147","0","61.71","36.47"
"64","000","00","002","0218","0000","2264","1360","904","93","2357","3938","0","59.85","34.54"
"64","000","00","002","0218","0821","1126","686","440","43","1169","1897","0","61.62","36.16"
"64","000","00","002","0218","0822","1138","674","464","50","1188","2041","0","58.21","33.02"
"64","000","00","002","0219","0000","1782","1058","724","126","1908","3176","0","60.08","33.31"
"64","000","00","002","0219","0823","729","454","275","59","788","1309","0","60.2","34.68"
"64","000","00","002","0219","0824","1053","604","449","67","1120","1867","0","59.99","32.35"
"64","000","00","002","0220","0000","1595","1002","593","99","1694","2556","0","66.28","39.2"
"64","000","00","002","0220","0825","749","472","277","38","787","1152","0","68.32","40.97"
"64","000","00","002","0220","0826","846","530","316","61","907","1404","0","64.6","37.75"
"64","000","00","002","0221","0000","451","263","188","28","479","1210","0","39.59","21.74"
"64","000","00","002","0221","0827","451","263","188","28","479","1210","0","39.59","21.74"
"64","000","00","002","0222","0000","587","335","252","50","637","1135","0","56.12","29.52"
"64","000","00","002","0222","0828","587","335","252","50","637","1135","0","56.12","29.52"
"64","000","00","002","0223","0000","578","345","233","87","665","1831","0","36.32","18.84"
"64","000","00","002","0223","0829","578","345","233","87","665","1831","0","36.32","18.84"
"64","000","00","002","0224","0000","702","417","285","60","762","1288","0","59.16","32.38"
"64","000","00","002","0224","0830","702","417","285","60","762","1288","0","59.16","32.38"
"64","000","00","002","0225","0000","605","451","154","52","657","1241","0","52.94","36.34"
"64","000","00","002","0225","0831","605","451","154","52","657","1241","0","52.94","36.34"
"64","000","00","002","0226","0000","752","459","293","73","825","1342","0","61.48","34.2"
"64","000","00","002","0226","0832","752","459","293","73","825","1342","0","61.48","34.2"
"64","000","00","002","0227","0000","744","438","306","129","873","1422","0","61.39","30.8"
"64","000","00","002","0227","0833","744","438","306","129","873","1422","0","61.39","30.8"
"64","000","00","002","0228","0000","788","475","313","126","914","1453","0","62.9","32.69"
"64","000","00","002","0228","0834","788","475","313","126","914","1453","0","62.9","32.69"
"64","000","00","002","0229","0000","344","194","150","55","399","616","0","64.77","31.49"
"64","000","00","002","0229","0835","344","194","150","55","399","616","0","64.77","31.49"
"64","000","00","002","0230","0000","417","237","180","84","501","834","0","60.07","28.42"
"64","000","00","002","0230","0836","417","237","180","84","501","834","0","60.07","28.42"
"64","000","00","002","0231","0000","501","268","233","75","576","969","0","59.44","27.66"
"64","000","00","002","0231","0837","501","268","233","75","576","969","0","59.44","27.66"
"64","000","00","002","0232","0000","494","277","217","89","583","978","0","59.61","28.32"
"64","000","00","002","0232","0838","494","277","217","89","583","978","0","59.61","28.32"
"64","000","00","002","0233","0000","430","229","201","61","491","760","0","64.61","30.13"
"64","000","00","002","0233","0839","430","229","201","61","491","760","0","64.61","30.13"
"64","000","00","002","0234","0000","675","358","317","80","755","1248","0","60.5","28.69"
"64","000","00","002","0234","0840","675","358","317","80","755","1248","0","60.5","28.69"
"64","000","00","002","0235","0000","525","292","233","34","559","1143","0","48.91","25.55"
"64","000","00","002","0235","0841","525","292","233","34","559","1143","0","48.91","25.55"
"64","000","00","002","0236","0000","597","329","268","84","681","1358","0","50.15","24.23"
"64","000","00","002","0236","0842","597","329","268","84","681","1358","0","50.15","24.23"
"64","000","00","002","0237","0000","495","285","210","26","521","1036","0","50.29","27.51"
"64","000","00","002","0237","0843","495","285","210","26","521","1036","0","50.29","27.51"
"64","000","00","002","0238","0000","291","180","111","13","304","580","0","52.41","31.03"
"64","000","00","002","0238","0844","291","180","111","13","304","580","0","52.41","31.03"
"64","000","00","003","0000","0000","90968","56269","34699","5957","96925","161367","196749","60.06","34.87"
"64","000","00","003","0301","0000","803","502","301","78","881","2604","0","33.83","19.28"
"64","000","00","003","0301","0534","803","502","301","78","881","2604","0","33.83","19.28"
"64","000","00","003","0302","0000","554","324","230","89","643","1037","0","62.01","31.24"
"64","000","00","003","0302","0535","554","324","230","89","643","1037","0","62.01","31.24"
"64","000","00","003","0303","0000","304","176","128","55","359","542","0","66.24","32.47"
"64","000","00","003","0303","0536","304","176","128","55","359","542","0","66.24","32.47"
"64","000","00","003","0304","0000","328","183","145","59","387","635","0","60.94","28.82"
"64","000","00","003","0304","0537","328","183","145","59","387","635","0","60.94","28.82"
"64","000","00","003","0305","0000","225","121","104","21","246","518","0","47.49","23.36"
"64","000","00","003","0305","0538","225","121","104","21","246","518","0","47.49","23.36"
"64","000","00","003","0306","0000","377","223","154","71","448","813","0","55.1","27.43"
"64","000","00","003","0306","0539","377","223","154","71","448","813","0","55.1","27.43"
"64","000","00","003","0307","0000","443","344","99","92","535","889","0","60.18","38.7"
"64","000","00","003","0307","0540","443","344","99","92","535","889","0","60.18","38.7"
"64","000","00","003","0308","0000","396","218","178","75","471","731","0","64.43","29.82"
"64","000","00","003","0308","0541","396","218","178","75","471","731","0","64.43","29.82"
"64","000","00","003","0309","0000","1661","980","681","114","1775","3301","0","53.77","29.69"
"64","000","00","003","0309","0542","744","433","311","60","804","1592","0","50.5","27.2"
"64","000","00","003","0309","0543","917","547","370","54","971","1709","0","56.82","32.01"
"64","000","00","003","0311","0000","848","556","292","81","929","1588","0","58.5","35.01"
"64","000","00","003","0311","0544","848","556","292","81","929","1588","0","58.5","35.01"
"64","000","00","003","0312","0000","178","129","49","16","194","358","0","54.19","36.03"
"64","000","00","003","0312","0545","178","129","49","16","194","358","0","54.19","36.03"
"64","000","00","003","0313","0000","436","292","144","20","456","666","0","68.47","43.84"
"64","000","00","003","0313","0546","436","292","144","20","456","666","0","68.47","43.84"
"64","000","00","003","0315","0000","904","575","329","89","993","1748","0","56.81","32.89"
"64","000","00","003","0315","0547","904","575","329","89","993","1748","0","56.81","32.89"
"64","000","00","003","0316","0000","1422","895","527","133","1555","2436","0","63.83","36.74"
"64","000","00","003","0316","0548","704","462","242","63","767","1196","0","64.13","38.63"
"64","000","00","003","0316","0549","718","433","285","70","788","1240","0","63.55","34.92"
"64","000","00","003","0317","0000","1554","1167","387","78","1632","2575","0","63.38","45.32"
"64","000","00","003","0317","0550","827","621","206","46","873","1402","0","62.27","44.29"
"64","000","00","003","0317","0551","727","546","181","32","759","1173","0","64.71","46.55"
"64","000","00","003","0319","0000","427","257","170","30","457","641","0","71.29","40.09"
"64","000","00","003","0319","0552","427","257","170","30","457","641","0","71.29","40.09"
"64","000","00","003","0321","0000","479","245","234","56","535","951","0","56.26","25.76"
"64","000","00","003","0321","0553","479","245","234","56","535","951","0","56.26","25.76"
"64","000","00","003","0322","0000","374","221","153","52","426","732","0","58.2","30.19"
"64","000","00","003","0322","0554","374","221","153","52","426","732","0","58.2","30.19"
"64","000","00","003","0323","0000","158","85","73","22","180","339","0","53.1","25.07"
"64","000","00","003","0323","0555","158","85","73","22","180","339","0","53.1","25.07"
"64","000","00","003","0324","0000","278","152","126","16","294","519","0","56.65","29.29"
"64","000","00","003","0324","0556","278","152","126","16","294","519","0","56.65","29.29"
"64","000","00","003","0325","0000","280","135","145","62","342","514","0","66.54","26.26"
"64","000","00","003","0325","0557","280","135","145","62","342","514","0","66.54","26.26"
"64","000","00","003","0326","0000","391","232","159","69","460","720","0","63.89","32.22"
"64","000","00","003","0326","0558","391","232","159","69","460","720","0","63.89","32.22"
"64","000","00","003","0327","0000","216","115","101","53","269","411","0","65.45","27.98"
"64","000","00","003","0327","0559","216","115","101","53","269","411","0","65.45","27.98"
"64","000","00","003","0328","0000","336","188","148","59","395","603","0","65.51","31.18"
"64","000","00","003","0328","0560","336","188","148","59","395","603","0","65.51","31.18"
"64","000","00","003","0329","0000","482","282","200","74","556","904","0","61.5","31.19"
"64","000","00","003","0329","0561","482","282","200","74","556","904","0","61.5","31.19"
"64","000","00","003","0330","0000","625","385","240","47","672","1318","0","50.99","29.21"
"64","000","00","003","0330","0562","625","385","240","47","672","1318","0","50.99","29.21"
"64","000","00","003","0331","0000","458","251","207","34","492","966","0","50.93","25.98"
"64","000","00","003","0331","0563","458","251","207","34","492","966","0","50.93","25.98"
"64","000","00","003","0332","0000","3195","2212","983","231","3426","5792","0","59.15","38.19"
"64","000","00","003","0332","0564","803","534","269","46","849","1440","0","58.96","37.08"
"64","000","00","003","0332","0565","1050","745","305","57","1107","1990","0","55.63","37.44"
"64","000","00","003","0332","0566","630","435","195","44","674","1090","0","61.83","39.91"
"64","000","00","003","0332","0567","712","498","214","84","796","1272","0","62.58","39.15"
"64","000","00","003","0334","0000","1876","1176","700","74","1950","3059","0","63.75","38.44"
"64","000","00","003","0334","0568","953","621","332","30","983","1558","0","63.09","39.86"
"64","000","00","003","0334","0569","923","555","368","44","967","1501","0","64.42","36.98"
"64","000","00","003","0335","0000","237","159","78","11","248","360","0","68.89","44.17"
"64","000","00","003","0335","0570","237","159","78","11","248","360","0","68.89","44.17"
"64","000","00","003","0336","0000","1531","1097","434","51","1582","2694","0","58.72","40.72"
"64","000","00","003","0336","0571","759","566","193","29","788","1335","0","59.03","42.4"
"64","000","00","003","0336","0572","772","531","241","22","794","1359","0","58.43","39.07"
"64","000","00","003","0337","0000","876","584","292","64","940","1487","0","63.21","39.27"
"64","000","00","003","0337","0573","876","584","292","64","940","1487","0","63.21","39.27"
"64","000","00","003","0338","0000","873","567","306","63","936","1637","0","57.18","34.64"
"64","000","00","003","0338","0574","873","567","306","63","936","1637","0","57.18","34.64"
"64","000","00","003","0339","0000","7653","4668","2985","511","8164","13089","0","62.37","35.66"
"64","000","00","003","0339","0575","913","564","349","51","964","1553","0","62.07","36.32"
"64","000","00","003","0339","0576","938","575","363","69","1007","1564","0","64.39","36.76"
"64","000","00","003","0339","0577","1106","676","430","58","1164","1788","0","65.1","37.81"
"64","000","00","003","0339","0578","1147","698","449","96","1243","2028","0","61.29","34.42"
"64","000","00","003","0339","0579","1136","665","471","110","1246","2037","0","61.17","32.65"
"64","000","00","003","0339","0580","1237","762","475","65","1302","2101","0","61.97","36.27"
"64","000","00","003","0339","0581","1176","728","448","62","1238","2018","0","61.35","36.08"
"64","000","00","003","0340","0000","14425","8575","5850","758","15183","25058","0","60.59","34.22"
"64","000","00","003","0340","0582","1159","648","511","81","1240","1925","0","64.42","33.66"
"64","000","00","003","0340","0583","1106","660","446","39","1145","1989","0","57.57","33.18"
"64","000","00","003","0340","0584","902","566","336","36","938","1780","0","52.7","31.8"
"64","000","00","003","0340","0585","1038","620","418","43","1081","1778","0","60.8","34.87"
"64","000","00","003","0340","0586","873","560","313","40","913","1496","0","61.03","37.43"
"64","000","00","003","0340","0587","912","540","372","53","965","1538","0","62.74","35.11"
"64","000","00","003","0340","0588","1182","710","472","74","1256","2058","0","61.03","34.5"
"64","000","00","003","0340","0589","1155","668","487","39","1194","1992","0","59.94","33.53"
"64","000","00","003","0340","0590","1177","709","468","93","1270","2058","0","61.71","34.45"
"64","000","00","003","0340","0591","1208","718","490","69","1277","2090","0","61.1","34.35"
"64","000","00","003","0340","0592","1197","699","498","41","1238","2157","0","57.39","32.41"
"64","000","00","003","0340","0593","1285","786","499","53","1338","2096","0","63.84","37.5"
"64","000","00","003","0340","0594","1231","691","540","97","1328","2101","0","63.21","32.89"
"64","000","00","003","0341","0000","2676","1582","1094","289","2965","4843","0","61.22","32.67"
"64","000","00","003","0341","0595","892","523","369","102","994","1649","0","60.28","31.72"
"64","000","00","003","0341","0596","804","468","336","97","901","1516","0","59.43","30.87"
"64","000","00","003","0341","0597","980","591","389","90","1070","1678","0","63.77","35.22"
"64","000","00","003","0342","0000","7376","4535","2841","413","7789","13054","0","59.67","34.74"
"64","000","00","003","0342","0598","1055","662","393","102","1157","1898","0","60.96","34.88"
"64","000","00","003","0342","0599","1018","595","423","65","1083","1837","0","58.95","32.39"
"64","000","00","003","0342","0600","1028","624","404","37","1065","1922","0","55.41","32.47"
"64","000","00","003","0342","0601","1049","646","403","72","1121","1785","0","62.8","36.19"
"64","000","00","003","0342","0602","1035","628","407","35","1070","1886","0","56.73","33.3"
"64","000","00","003","0342","0603","1108","674","434","61","1169","1895","0","61.69","35.57"
"64","000","00","003","0342","0604","1083","706","377","41","1124","1831","0","61.39","38.56"
"64","000","00","003","0343","0000","16030","9865","6165","866","16896","27814","0","60.75","35.47"
"64","000","00","003","0343","0605","1123","727","396","61","1184","2050","0","57.76","35.46"
"64","000","00","003","0343","0606","1426","887","539","58","1484","2251","0","65.93","39.4"
"64","000","00","003","0343","0607","1285","754","531","45","1330","2126","0","62.56","35.47"
"64","000","00","003","0343","0608","1019","626","393","42","1061","1928","0","55.03","32.47"
"64","000","00","003","0343","0609","1190","714","476","64","1254","2166","0","57.89","32.96"
"64","000","00","003","0343","0610","1138","694","444","73","1211","2031","0","59.63","34.17"
"64","000","00","003","0343","0611","1165","698","467","64","1229","1987","0","61.85","35.13"
"64","000","00","003","0343","0612","1280","785","495","50","1330","2166","0","61.4","36.24"
"64","000","00","003","0343","0613","1027","614","413","117","1144","1856","0","61.64","33.08"
"64","000","00","003","0343","0614","1358","817","541","45","1403","2289","0","61.29","35.69"
"64","000","00","003","0343","0615","1123","696","427","53","1176","1973","0","59.6","35.28"
"64","000","00","003","0343","0616","1038","677","361","89","1127","1818","0","61.99","37.24"
"64","000","00","003","0343","0617","857","524","333","48","905","1565","0","57.83","33.48"
"64","000","00","003","0343","0618","1001","652","349","57","1058","1608","0","65.8","40.55"
"64","000","00","003","0344","0000","19283","12016","7267","981","20264","33421","0","60.63","35.95"
"64","000","00","003","0344","0619","1111","668","443","68","1179","1812","0","65.07","36.87"
"64","000","00","003","0344","0620","951","613","338","36","987","1821","0","54.2","33.66"
"64","000","00","003","0344","0621","1116","677","439","79","1195","1907","0","62.66","35.5"
"64","000","00","003","0344","0622","1016","633","383","64","1080","1812","0","59.6","34.93"
"64","000","00","003","0344","0623","1120","716","404","38","1158","1833","0","63.18","39.06"
"64","000","00","003","0344","0624","1082","680","402","68","1150","1850","0","62.16","36.76"
"64","000","00","003","0344","0625","959","608","351","72","1031","1738","0","59.32","34.98"
"64","000","00","003","0344","0626","1151","714","437","62","1213","1864","0","65.08","38.3"
"64","000","00","003","0344","0627","1128","684","444","68","1196","1887","0","63.38","36.25"
"64","000","00","003","0344","0628","1020","646","374","31","1051","1870","0","56.2","34.55"
"64","000","00","003","0344","0629","1107","746","361","51","1158","1866","0","62.06","39.98"
"64","000","00","003","0344","0630","1038","708","330","27","1065","1862","0","57.2","38.02"
"64","000","00","003","0344","0631","1049","619","430","50","1099","1816","0","60.52","34.09"
"64","000","00","003","0344","0632","1054","662","392","52","1106","1833","0","60.34","36.12"
"64","000","00","003","0344","0633","986","584","402","67","1053","1676","0","62.83","34.84"
"64","000","00","003","0344","0634","1075","638","437","60","1135","1843","0","61.58","34.62"
"64","000","00","003","0344","0635","1122","690","432","40","1162","1872","0","62.07","36.86"
"64","000","00","003","0344","0636","1198","730","468","48","1246","2259","0","55.16","32.32"
"64","000","00","004","0000","0000","83881","50610","33271","7400","91281","153132","185318","59.61","33.05"
"64","000","00","004","0401","0000","11059","6547","4512","658","11717","20704","0","56.59","31.62"
"64","000","00","004","0401","0435","778","492","286","54","832","1309","0","63.56","37.59"
"64","000","00","004","0401","0436","801","473","328","41","842","1408","0","59.8","33.59"
"64","000","00","004","0401","0437","1031","599","432","65","1096","1851","0","59.21","32.36"
"64","000","00","004","0401","0438","918","527","391","64","982","1578","0","62.23","33.4"
"64","000","00","004","0401","0439","930","542","388","40","970","1715","0","56.56","31.6"
"64","000","00","004","0401","0440","856","419","437","28","884","1611","0","54.87","26.01"
"64","000","00","004","0401","0441","1027","609","418","78","1105","2024","0","54.59","30.09"
"64","000","00","004","0401","0442","974","582","392","47","1021","1890","0","54.02","30.79"
"64","000","00","004","0401","0443","841","529","312","30","871","1762","0","49.43","30.02"
"64","000","00","004","0401","0444","970","575","395","66","1036","1888","0","54.87","30.46"
"64","000","00","004","0401","0445","951","595","356","85","1036","1822","0","56.86","32.66"
"64","000","00","004","0401","0446","982","605","377","60","1042","1846","0","56.45","32.77"
"64","000","00","004","0402","0000","2307","1373","934","175","2482","3940","0","62.99","34.85"
"64","000","00","004","0402","0447","716","432","284","75","791","1268","0","62.38","34.07"
"64","000","00","004","0402","0448","751","452","299","58","809","1240","0","65.24","36.45"
"64","000","00","004","0402","0449","840","489","351","42","882","1432","0","61.59","34.15"
"64","000","00","004","0403","0000","3230","1873","1357","285","3515","5991","0","58.67","31.26"
"64","000","00","004","0403","0450","825","471","354","64","889","1490","0","59.66","31.61"
"64","000","00","004","0403","0451","860","530","330","61","921","1464","0","62.91","36.2"
"64","000","00","004","0403","0452","742","426","316","77","819","1435","0","57.07","29.69"
"64","000","00","004","0403","0453","803","446","357","83","886","1602","0","55.31","27.84"
"64","000","00","004","0404","0000","1594","950","644","157","1751","3091","0","56.65","30.73"
"64","000","00","004","0404","0454","776","455","321","64","840","1500","0","56.0","30.33"
"64","000","00","004","0404","0455","818","495","323","93","911","1591","0","57.26","31.11"
"64","000","00","004","0405","0000","1657","992","665","181","1838","3197","0","57.49","31.03"
"64","000","00","004","0405","0458","792","470","322","95","887","1559","0","56.9","30.15"
"64","000","00","004","0405","0459","865","522","343","86","951","1638","0","58.06","31.87"
"64","000","00","004","0406","0000","1431","820","611","121","1552","3138","0","49.46","26.13"
"64","000","00","004","0406","0456","609","346","263","51","660","1669","0","39.54","20.73"
"64","000","00","004","0406","0457","822","474","348","70","892","1469","0","60.72","32.27"
"64","000","00","004","0407","0000","2089","1247","842","228","2317","3872","0","59.84","32.21"
"64","000","00","004","0407","0460","1069","639","430","101","1170","1960","0","59.69","32.6"
"64","000","00","004","0407","0461","1020","608","412","127","1147","1912","0","59.99","31.8"
"64","000","00","004","0408","0000","2572","1560","1012","165","2737","4678","0","58.51","33.35"
"64","000","00","004","0408","0462","876","535","341","66","942","1559","0","60.42","34.32"
"64","000","00","004","0408","0463","747","436","311","53","800","1423","0","56.22","30.64"
"64","000","00","004","0408","0464","949","589","360","46","995","1696","0","58.67","34.73"
"64","000","00","004","0409","0000","1542","834","708","279","1821","3020","0","60.3","27.62"
"64","000","00","004","0409","0465","734","392","342","163","897","1493","0","60.08","26.26"
"64","000","00","004","0409","0466","808","442","366","116","924","1527","0","60.51","28.95"
"64","000","00","004","0410","0000","1216","699","517","153","1369","2217","0","61.75","31.53"
"64","000","00","004","0410","0467","589","327","262","62","651","1020","0","63.82","32.06"
"64","000","00","004","0410","0468","627","372","255","91","718","1197","0","59.98","31.08"
"64","000","00","004","0411","0000","1638","922","716","215","1853","3446","0","53.77","26.76"
"64","000","00","004","0411","0469","740","424","316","108","848","1528","0","55.5","27.75"
"64","000","00","004","0411","0470","898","498","400","107","1005","1918","0","52.4","25.96"
"64","000","00","004","0412","0000","733","432","301","109","842","1458","0","57.75","29.63"
"64","000","00","004","0412","0471","733","432","301","109","842","1458","0","57.75","29.63"
"64","000","00","004","0413","0000","2061","1224","837","209","2270","3635","0","62.45","33.67"
"64","000","00","004","0413","0472","1012","600","412","111","1123","1790","0","62.74","33.52"
"64","000","00","004","0413","0473","1049","624","425","98","1147","1845","0","62.17","33.82"
"64","000","00","004","0414","0000","8601","5325","3276","589","9190","15761","0","58.31","33.79"
"64","000","00","004","0414","0474","1166","706","460","74","1240","2037","0","60.87","34.66"
"64","000","00","004","0414","0475","1037","633","404","68","1105","1964","0","56.26","32.23"
"64","000","00","004","0414","0476","1074","644","430","46","1120","2006","0","55.83","32.1"
"64","000","00","004","0414","0477","1047","622","425","69","1116","1951","0","57.2","31.88"
"64","000","00","004","0414","0478","1020","628","392","82","1102","1951","0","56.48","32.19"
"64","000","00","004","0414","0479","1127","709","418","82","1209","2008","0","60.21","35.31"
"64","000","00","004","0414","0480","1058","686","372","90","1148","1923","0","59.7","35.67"
"64","000","00","004","0414","0481","1072","697","375","78","1150","1921","0","59.86","36.28"
"64","000","00","004","0415","0000","546","363","183","35","581","832","0","69.83","43.63"
"64","000","00","004","0415","0482","546","363","183","35","581","832","0","69.83","43.63"
"64","000","00","004","0416","0000","1123","564","559","117","1240","2281","0","54.36","24.73"
"64","000","00","004","0416","0483","478","186","292","51","529","1156","0","45.76","16.09"
"64","000","00","004","0416","0484","645","378","267","66","711","1125","0","63.2","33.6"
"64","000","00","004","0417","0000","1462","897","565","135","1597","2562","0","62.33","35.01"
"64","000","00","004","0417","0485","612","364","248","66","678","1060","0","63.96","34.34"
"64","000","00","004","0417","0486","850","533","317","69","919","1502","0","61.19","35.49"
"64","000","00","004","0418","0000","1512","913","599","171","1683","2956","0","56.94","30.89"
"64","000","00","004","0418","0487","757","441","316","101","858","1404","0","61.11","31.41"
"64","000","00","004","0418","0488","755","472","283","70","825","1552","0","53.16","30.41"
"64","000","00","004","0419","0000","1433","882","551","130","1563","2775","0","56.32","31.78"
"64","000","00","004","0419","0489","770","467","303","70","840","1460","0","57.53","31.99"
"64","000","00","004","0419","0490","663","415","248","60","723","1315","0","54.98","31.56"
"64","000","00","004","0420","0000","1187","703","484","147","1334","2140","0","62.34","32.85"
"64","000","00","004","0420","0491","592","344","248","77","669","1062","0","62.99","32.39"
"64","000","00","004","0420","0492","595","359","236","70","665","1078","0","61.69","33.3"
"64","000","00","004","0421","0000","1140","692","448","184","1324","1978","0","66.94","34.98"
"64","000","00","004","0421","0493","531","323","208","84","615","914","0","67.29","35.34"
"64","000","00","004","0421","0494","609","369","240","100","709","1064","0","66.64","34.68"
"64","000","00","004","0422","0000","3003","1861","1142","240","3243","5350","0","60.62","34.79"
"64","000","00","004","0422","0495","948","583","365","94","1042","1705","0","61.11","34.19"
"64","000","00","004","0422","0496","976","586","390","69","1045","1728","0","60.47","33.91"
"64","000","00","004","0422","0497","1079","692","387","77","1156","1917","0","60.3","36.1"
"64","000","00","004","0423","0000","698","406","292","120","818","1439","0","56.85","28.21"
"64","000","00","004","0423","0498","698","406","292","120","818","1439","0","56.85","28.21"
"64","000","00","004","0424","0000","2462","1528","934","228","2690","4196","0","64.11","36.42"
"64","000","00","004","0424","0499","740","440","300","74","814","1287","0","63.25","34.19"
"64","000","00","004","0424","0500","877","540","337","85","962","1504","0","63.96","35.9"
"64","000","00","004","0424","0501","845","548","297","69","914","1405","0","65.05","39.0"
"64","000","00","004","0425","0000","1441","859","582","155","1596","2582","0","61.81","33.27"
"64","000","00","004","0425","0502","699","414","285","87","786","1287","0","61.07","32.17"
"64","000","00","004","0425","0503","742","445","297","68","810","1295","0","62.55","34.36"
"64","000","00","004","0426","0000","1889","1172","717","135","2024","3132","0","64.62","37.42"
"64","000","00","004","0426","0504","861","529","332","67","928","1483","0","62.58","35.67"
"64","000","00","004","0426","0505","1028","643","385","68","1096","1649","0","66.46","38.99"
"64","000","00","004","0427","0000","1176","718","458","140","1316","2023","0","65.05","35.49"
"64","000","00","004","0427","0506","587","353","234","60","647","998","0","64.83","35.37"
"64","000","00","004","0427","0507","589","365","224","80","669","1025","0","65.27","35.61"
"64","000","00","004","0428","0000","1899","1159","740","163","2062","3124","0","66.01","37.1"
"64","000","00","004","0428","0508","1045","654","391","61","1106","1671","0","66.19","39.14"
"64","000","00","004","0428","0509","854","505","349","102","956","1453","0","65.79","34.76"
"64","000","00","004","0429","0000","1799","1149","650","168","1967","3326","0","59.14","34.55"
"64","000","00","004","0429","0510","910","567","343","98","1008","1673","0","60.25","33.89"
"64","000","00","004","0429","0511","889","582","307","70","959","1653","0","58.02","35.21"
"64","000","00","004","0430","0000","1298","774","524","122","1420","2161","0","65.71","35.82"
"64","000","00","004","0430","0512","586","341","245","57","643","1034","0","62.19","32.98"
"64","000","00","004","0430","0513","712","433","279","65","777","1127","0","68.94","38.42"
"64","000","00","004","0431","0000","2440","1451","989","248","2688","4512","0","59.57","32.16"
"64","000","00","004","0431","0514","820","507","313","98","918","1575","0","58.29","32.19"
"64","000","00","004","0431","0515","886","514","372","74","960","1559","0","61.58","32.97"
"64","000","00","004","0431","0516","734","430","304","76","810","1378","0","58.78","31.2"
"64","000","00","004","0432","0000","1920","1318","602","176","2096","3435","0","61.02","38.37"
"64","000","00","004","0432","0517","960","556","404","88","1048","1714","0","61.14","32.44"
"64","000","00","004","0432","0518","960","762","198","88","1048","1721","0","60.89","44.28"
"64","000","00","004","0433","0000","4852","2973","1879","394","5246","8227","0","63.77","36.14"
"64","000","00","004","0433","0519","907","573","334","82","989","1628","0","60.75","35.2"
"64","000","00","004","0433","0520","961","584","377","110","1071","1590","0","67.36","36.73"
"64","000","00","004","0433","0521","921","559","362","75","996","1628","0","61.18","34.34"
"64","000","00","004","0433","0522","1072","631","441","59","1131","1739","0","65.04","36.29"
"64","000","00","004","0433","0523","991","626","365","68","1059","1642","0","64.49","38.12"
"64","000","00","004","0434","0000","2556","1621","935","199","2755","4997","0","55.13","32.44"
"64","000","00","004","0434","0524","906","564","342","75","981","1766","0","55.55","31.94"
"64","000","00","004","0434","0525","776","508","268","82","858","1482","0","57.89","34.28"
"64","000","00","004","0434","0526","874","549","325","42","916","1749","0","52.37","31.39"
"64","000","00","004","0435","0000","3857","2348","1509","227","4084","6433","0","63.49","36.5"
"64","000","00","004","0435","0527","908","541","367","62","970","1591","0","60.97","34.0"
"64","000","00","004","0435","0528","947","577","370","51","998","1545","0","64.6","37.35"
"64","000","00","004","0435","0529","1024","639","385","49","1073","1651","0","64.99","38.7"
"64","000","00","004","0435","0530","978","591","387","65","1043","1646","0","63.37","35.91"
"64","000","00","004","0436","0000","875","491","384","88","963","1496","0","64.37","32.82"
"64","000","00","004","0436","0531","875","491","384","88","963","1496","0","64.37","32.82"
"64","000","00","004","0437","0000","1583","970","613","154","1737","3027","0","57.38","32.04"
"64","000","00","004","0437","0532","706","435","271","96","802","1403","0","57.16","31.0"
"64","000","00","004","0437","0533","877","535","342","58","935","1624","0","57.57","32.94"
"64","000","00","005","0000","0000","157483","92896","64587","11740","169223","289519","341230","58.45","32.09"
"64","000","00","005","0501","0000","1960","1164","796","212","2172","3875","0","56.05","30.04"
"64","000","00","005","0501","0887","996","578","418","95","1091","1893","0","57.63","30.53"
"64","000","00","005","0501","0888","964","586","378","117","1081","1982","0","54.54","29.57"
"64","000","00","005","0502","0000","3915","2333","1582","265","4180","7408","0","56.43","31.49"
"64","000","00","005","0502","0889","879","520","359","93","972","1661","0","58.52","31.31"
"64","000","00","005","0502","0890","979","567","412","33","1012","1894","0","53.43","29.94"
"64","000","00","005","0502","0891","980","604","376","65","1045","1839","0","56.82","32.84"
"64","000","00","005","0502","0892","1077","642","435","74","1151","2014","0","57.15","31.88"
"64","000","00","005","0503","0000","1995","1155","840","179","2174","3913","0","55.56","29.52"
"64","000","00","005","0503","0893","997","573","424","124","1121","1897","0","59.09","30.21"
"64","000","00","005","0503","0894","998","582","416","55","1053","2016","0","52.23","28.87"
"64","000","00","005","0504","0000","1946","1141","805","144","2090","3673","0","56.9","31.06"
"64","000","00","005","0504","0895","990","564","426","67","1057","1924","0","54.94","29.31"
"64","000","00","005","0504","0896","956","577","379","77","1033","1749","0","59.06","32.99"
"64","000","00","005","0505","0000","3856","2348","1508","264","4120","7080","0","58.19","33.16"
"64","000","00","005","0505","0897","1093","674","419","77","1170","1845","0","63.41","36.53"
"64","000","00","005","0505","0898","861","516","345","52","913","1724","0","52.96","29.93"
"64","000","00","005","0505","0899","1026","628","398","58","1084","1889","0","57.38","33.25"
"64","000","00","005","0505","0900","876","530","346","77","953","1622","0","58.75","32.68"
"64","000","00","005","0506","0000","1923","1101","822","115","2038","3393","0","60.06","32.45"
"64","000","00","005","0506","0901","1030","574","456","45","1075","1870","0","57.49","30.7"
"64","000","00","005","0506","0902","893","527","366","70","963","1523","0","63.23","34.6"
"64","000","00","005","0507","0000","11383","6976","4407","658","12041","20639","0","58.34","33.8"
"64","000","00","005","0507","0903","971","564","407","71","1042","2006","0","51.94","28.12"
"64","000","00","005","0507","0904","1235","747","488","73","1308","2076","0","63.01","35.98"
"64","000","00","005","0507","0905","1147","707","440","36","1183","2073","0","57.07","34.11"
"64","000","00","005","0507","0906","1136","689","447","72","1208","2045","0","59.07","33.69"
"64","000","00","005","0507","0907","943","584","359","82","1025","2070","0","49.52","28.21"
"64","000","00","005","0507","0908","1060","638","422","80","1140","2035","0","56.02","31.35"
"64","000","00","005","0507","0909","1247","767","480","50","1297","2075","0","62.51","36.96"
"64","000","00","005","0507","0910","1147","737","410","61","1208","2053","0","58.84","35.9"
"64","000","00","005","0507","0911","1212","739","473","69","1281","2063","0","62.09","35.82"
"64","000","00","005","0507","0912","1285","804","481","64","1349","2143","0","62.95","37.52"
"64","000","00","005","0508","0000","4511","2698","1813","336","4847","8519","0","56.9","31.67"
"64","000","00","005","0508","0913","994","549","445","93","1087","1746","0","62.26","31.44"
"64","000","00","005","0508","0914","842","500","342","37","879","1735","0","50.66","28.82"
"64","000","00","005","0508","0915","841","503","338","72","913","1655","0","55.17","30.39"
"64","000","00","005","0508","0916","878","555","323","71","949","1583","0","59.95","35.06"
"64","000","00","005","0508","0917","956","591","365","63","1019","1800","0","56.61","32.83"
"64","000","00","005","0509","0000","3858","2309","1549","234","4092","7001","0","58.45","32.98"
"64","000","00","005","0509","0918","966","588","378","50","1016","1730","0","58.73","33.99"
"64","000","00","005","0509","0919","911","536","375","49","960","1715","0","55.98","31.25"
"64","000","00","005","0509","0920","942","536","406","65","1007","1691","0","59.55","31.7"
"64","000","00","005","0509","0921","1039","649","390","70","1109","1865","0","59.46","34.8"
"64","000","00","005","0510","0000","1204","673","531","128","1332","1990","0","66.93","33.82"
"64","000","00","005","0510","0922","640","367","273","55","695","1073","0","64.77","34.2"
"64","000","00","005","0510","0923","564","306","258","73","637","917","0","69.47","33.37"
"64","000","00","005","0511","0000","924","538","386","62","986","1647","0","59.87","32.67"
"64","000","00","005","0511","0924","924","538","386","62","986","1647","0","59.87","32.67"
"64","000","00","005","0512","0000","2906","1700","1206","235","3141","5126","0","61.28","33.16"
"64","000","00","005","0512","0925","928","538","390","88","1016","1654","0","61.43","32.53"
"64","000","00","005","0512","0926","955","561","394","66","1021","1639","0","62.29","34.23"
"64","000","00","005","0512","0927","1023","601","422","81","1104","1833","0","60.23","32.79"
"64","000","00","005","0513","0000","2317","1591","726","155","2472","4401","0","56.17","36.15"
"64","000","00","005","0513","0928","843","508","335","47","890","1362","0","65.35","37.3"
"64","000","00","005","0513","0929","912","555","357","75","987","1557","0","63.39","35.65"
"64","000","00","005","0513","0930","562","528","34","33","595","1482","0","40.15","35.63"
"64","000","00","005","0514","0000","2713","1578","1135","157","2870","4583","0","62.62","34.43"
"64","000","00","005","0514","0931","916","523","393","69","985","1563","0","63.02","33.46"
"64","000","00","005","0514","0932","870","508","362","50","920","1497","0","61.46","33.93"
"64","000","00","005","0514","0933","927","547","380","38","965","1523","0","63.36","35.92"
"64","000","00","005","0515","0000","4355","2477","1878","270","4625","7198","0","64.25","34.41"
"64","000","00","005","0515","0934","810","483","327","56","866","1293","0","66.98","37.35"
"64","000","00","005","0515","0935","990","617","373","63","1053","1662","0","63.36","37.12"
"64","000","00","005","0515","0936","803","400","403","60","863","1441","0","59.89","27.76"
"64","000","00","005","0515","0937","833","461","372","56","889","1326","0","67.04","34.77"
"64","000","00","005","0515","0938","919","516","403","35","954","1476","0","64.63","34.96"
"64","000","00","005","0516","0000","1762","1038","724","89","1851","3586","0","51.62","28.95"
"64","000","00","005","0516","0939","973","595","378","35","1008","1968","0","51.22","30.23"
"64","000","00","005","0516","0940","789","443","346","54","843","1618","0","52.1","27.38"
"64","000","00","005","0517","0000","2697","1625","1072","177","2874","5000","0","57.48","32.5"
"64","000","00","005","0517","0941","1014","678","336","70","1084","1873","0","57.88","36.2"
"64","000","00","005","0517","0942","817","447","370","79","896","1487","0","60.26","30.06"
"64","000","00","005","0517","0943","866","500","366","28","894","1640","0","54.51","30.49"
"64","000","00","005","0518","0000","2013","1296","717","90","2103","3858","0","54.51","33.59"
"64","000","00","005","0518","0944","999","586","413","35","1034","1889","0","54.74","31.02"
"64","000","00","005","0518","0945","1014","710","304","55","1069","1969","0","54.29","36.06"
"64","000","00","005","0519","0000","3563","2066","1497","337","3900","6475","0","60.23","31.91"
"64","000","00","005","0519","0946","770","454","316","112","882","1466","0","60.16","30.97"
"64","000","00","005","0519","0947","966","561","405","74","1040","1697","0","61.28","33.06"
"64","000","00","005","0519","0948","933","547","386","81","1014","1663","0","60.97","32.89"
"64","000","00","005","0519","0949","894","504","390","70","964","1649","0","58.46","30.56"
"64","000","00","005","0520","0000","1583","958","625","86","1669","2981","0","55.99","32.14"
"64","000","00","005","0520","0950","793","474","319","55","848","1486","0","57.07","31.9"
"64","000","00","005","0520","0951","790","484","306","31","821","1495","0","54.92","32.37"
"64","000","00","005","0521","0000","1743","1058","685","76","1819","3041","0","59.82","34.79"
"64","000","00","005","0521","0952","939","590","349","33","972","1548","0","62.79","38.11"
"64","000","00","005","0521","0953","804","468","336","43","847","1493","0","56.73","31.35"
"64","000","00","005","0522","0000","4396","2722","1674","242","4638","7649","0","60.64","35.59"
"64","000","00","005","0522","0954","856","532","324","43","899","1445","0","62.21","36.82"
"64","000","00","005","0522","0955","830","564","266","47","877","1529","0","57.36","36.89"
"64","000","00","005","0522","0956","827","473","354","27","854","1506","0","56.71","31.41"
"64","000","00","005","0522","0957","924","569","355","51","975","1549","0","62.94","36.73"
"64","000","00","005","0522","0958","959","584","375","74","1033","1620","0","63.77","36.05"
"64","000","00","005","0523","0000","1786","1044","742","140","1926","3038","0","63.4","34.36"
"64","000","00","005","0523","0959","907","537","370","79","986","1550","0","63.61","34.65"
"64","000","00","005","0523","0960","879","507","372","61","940","1488","0","63.17","34.07"
"64","000","00","005","0524","0000","1618","1037","581","135","1753","2667","0","65.73","38.88"
"64","000","00","005","0524","0961","873","580","293","65","938","1335","0","70.26","43.45"
"64","000","00","005","0524","0962","745","457","288","70","815","1332","0","61.19","34.31"
"64","000","00","005","0525","0000","2990","1753","1237","211","3201","5268","0","60.76","33.28"
"64","000","00","005","0525","0963","981","559","422","96","1077","1764","0","61.05","31.69"
"64","000","00","005","0525","0964","999","599","400","46","1045","1811","0","57.7","33.08"
"64","000","00","005","0525","0965","1010","595","415","69","1079","1693","0","63.73","35.14"
"64","000","00","005","0526","0000","2845","1673","1172","221","3066","4867","0","63.0","34.37"
"64","000","00","005","0526","0966","998","562","436","100","1098","1684","0","65.2","33.37"
"64","000","00","005","0526","0967","789","486","303","65","854","1464","0","58.33","33.2"
"64","000","00","005","0526","0968","1058","625","433","56","1114","1719","0","64.81","36.36"
"64","000","00","005","0527","0000","3720","2243","1477","233","3953","6858","0","57.64","32.71"
"64","000","00","005","0527","0969","961","558","403","52","1013","1749","0","57.92","31.9"
"64","000","00","005","0527","0970","987","629","358","53","1040","1908","0","54.51","32.97"
"64","000","00","005","0527","0971","893","543","350","74","967","1573","0","61.47","34.52"
"64","000","00","005","0527","0972","879","513","366","54","933","1628","0","57.31","31.51"
"64","000","00","005","0528","0000","2181","1277","904","190","2371","4095","0","57.9","31.18"
"64","000","00","005","0528","0973","654","386","268","65","719","1377","0","52.21","28.03"
"64","000","00","005","0528","0974","913","558","355","61","974","1530","0","63.66","36.47"
"64","000","00","005","0528","0975","614","333","281","64","678","1188","0","57.07","28.03"
"64","000","00","005","0529","0000","2735","1589","1146","234","2969","6302","0","47.11","25.21"
"64","000","00","005","0529","0976","775","439","336","52","827","2791","0","29.63","15.73"
"64","000","00","005","0529","0977","1023","587","436","73","1096","1840","0","59.57","31.9"
"64","000","00","005","0529","0978","937","563","374","109","1046","1671","0","62.6","33.69"
"64","000","00","005","0530","0000","4691","2844","1847","297","4988","7969","0","62.59","35.69"
"64","000","00","005","0530","0979","915","537","378","66","981","1624","0","60.41","33.07"
"64","000","00","005","0530","0980","993","608","385","67","1060","1555","0","68.17","39.1"
"64","000","00","005","0530","0981","926","561","365","57","983","1489","0","66.02","37.68"
"64","000","00","005","0530","0982","961","599","362","76","1037","1662","0","62.39","36.04"
"64","000","00","005","0530","0983","896","539","357","31","927","1639","0","56.56","32.89"
"64","000","00","005","0531","0000","2071","1193","878","181","2252","3840","0","58.65","31.07"
"64","000","00","005","0531","0984","996","540","456","99","1095","1872","0","58.49","28.85"
"64","000","00","005","0531","0985","1075","653","422","82","1157","1968","0","58.79","33.18"
"64","000","00","005","0532","0000","1449","851","598","213","1662","3005","0","55.31","28.32"
"64","000","00","005","0532","0986","657","391","266","129","786","1471","0","53.43","26.58"
"64","000","00","005","0532","0987","792","460","332","84","876","1534","0","57.11","29.99"
"64","000","00","005","0533","0000","2604","1541","1063","202","2806","5282","0","53.12","29.17"
"64","000","00","005","0533","0988","813","481","332","94","907","1659","0","54.67","28.99"
"64","000","00","005","0533","0989","867","517","350","48","915","1815","0","50.41","28.48"
"64","000","00","005","0533","0990","924","543","381","60","984","1808","0","54.42","30.03"
"64","000","00","005","0534","0000","1354","825","529","81","1435","2630","0","54.56","31.37"
"64","000","00","005","0534","0991","609","373","236","47","656","1224","0","53.59","30.47"
"64","000","00","005","0534","0992","745","452","293","34","779","1406","0","55.41","32.15"
"64","000","00","005","0535","0000","1056","601","455","81","1137","1889","0","60.19","31.82"
"64","000","00","005","0535","0993","498","287","211","36","534","945","0","56.51","30.37"
"64","000","00","005","0535","0994","558","314","244","45","603","944","0","63.88","33.26"
"64","000","00","005","0536","0000","1705","967","738","192","1897","3142","0","60.38","30.78"
"64","000","00","005","0536","0995","889","510","379","92","981","1669","0","58.78","30.56"
"64","000","00","005","0536","0996","816","457","359","100","916","1473","0","62.19","31.03"
"64","000","00","005","0537","0000","1488","796","692","135","1623","3558","0","45.62","22.37"
"64","000","00","005","0537","0997","888","546","342","69","957","1876","0","51.01","29.1"
"64","000","00","005","0537","0998","600","250","350","66","666","1682","0","39.6","14.86"
"64","000","00","005","0538","0000","6221","3763","2458","368","6589","11459","0","57.5","32.84"
"64","000","00","005","0538","0999","917","543","374","53","970","1791","0","54.16","30.32"
"64","000","00","005","0538","1000","1019","598","421","75","1094","1808","0","60.51","33.08"
"64","000","00","005","0538","1001","923","582","341","76","999","1798","0","55.56","32.37"
"64","000","00","005","0538","1002","1125","659","466","80","1205","2030","0","59.36","32.46"
"64","000","00","005","0538","1003","1129","711","418","36","1165","2034","0","57.28","34.96"
"64","000","00","005","0538","1004","1108","670","438","48","1156","1998","0","57.86","33.53"
"64","000","00","005","0539","0000","1985","1188","797","113","2098","3879","0","54.09","30.63"
"64","000","00","005","0539","1005","960","579","381","57","1017","1914","0","53.13","30.25"
"64","000","00","005","0539","1006","1025","609","416","56","1081","1965","0","55.01","30.99"
"64","000","00","005","0540","0000","997","571","426","100","1097","1885","0","58.2","30.29"
"64","000","00","005","0540","1007","997","571","426","100","1097","1885","0","58.2","30.29"
"64","000","00","005","0541","0000","1259","751","508","106","1365","2277","0","59.95","32.98"
"64","000","00","005","0541","1008","710","433","277","21","731","1220","0","59.92","35.49"
"64","000","00","005","0541","1009","549","318","231","85","634","1057","0","59.98","30.09"
"64","000","00","005","0542","0000","1283","830","453","94","1377","2784","0","49.46","29.81"
"64","000","00","005","0542","1010","684","457","227","41","725","1434","0","50.56","31.87"
"64","000","00","005","0542","1011","599","373","226","53","652","1350","0","48.3","27.63"
"64","000","00","005","0543","0000","859","477","382","54","913","1826","0","50.0","26.12"
"64","000","00","005","0543","1012","398","232","166","23","421","872","0","48.28","26.61"
"64","000","00","005","0543","1013","461","245","216","31","492","954","0","51.57","25.68"
"64","000","00","005","0544","0000","2422","1474","948","161","2583","4415","0","58.51","33.39"
"64","000","00","005","0544","1014","936","582","354","36","972","1689","0","57.55","34.46"
"64","000","00","005","0544","1015","739","454","285","40","779","1390","0","56.04","32.66"
"64","000","00","005","0544","1016","747","438","309","85","832","1336","0","62.28","32.78"
"64","000","00","005","0545","0000","2533","1488","1045","213","2746","4402","0","62.38","33.8"
"64","000","00","005","0545","1017","884","508","376","72","956","1437","0","66.53","35.35"
"64","000","00","005","0545","1018","806","486","320","42","848","1452","0","58.4","33.47"
"64","000","00","005","0545","1019","843","494","349","99","942","1513","0","62.26","32.65"
"64","000","00","005","0546","0000","1703","934","769","203","1906","2848","0","66.92","32.79"
"64","000","00","005","0546","1020","847","466","381","119","966","1467","0","65.85","31.77"
"64","000","00","005","0546","1021","856","468","388","84","940","1381","0","68.07","33.89"
"64","000","00","005","0547","0000","1418","786","632","96","1514","2444","0","61.95","32.16"
"64","000","00","005","0547","1022","609","347","262","55","664","1117","0","59.44","31.07"
"64","000","00","005","0547","1023","809","439","370","41","850","1327","0","64.05","33.08"
"64","000","00","005","0548","0000","746","416","330","51","797","1304","0","61.12","31.9"
"64","000","00","005","0548","1024","746","416","330","51","797","1304","0","61.12","31.9"
"64","000","00","005","0549","0000","744","401","343","47","791","1483","0","53.34","27.04"
"64","000","00","005","0549","1025","744","401","343","47","791","1483","0","53.34","27.04"
"64","000","00","005","0550","0000","850","477","373","62","912","1473","0","61.91","32.38"
"64","000","00","005","0550","1026","850","477","373","62","912","1473","0","61.91","32.38"
"64","000","00","005","0551","0000","550","310","240","54","604","980","0","61.63","31.63"
"64","000","00","005","0551","1027","550","310","240","54","604","980","0","61.63","31.63"
"64","000","00","005","0552","0000","1488","736","752","140","1628","2639","0","61.69","27.89"
"64","000","00","005","0552","1028","799","362","437","74","873","1409","0","61.96","25.69"
"64","000","00","005","0552","1029","689","374","315","66","755","1230","0","61.38","30.41"
"64","000","00","005","0553","0000","1263","702","561","136","1399","2154","0","64.95","32.59"
"64","000","00","005","0553","1030","621","334","287","65","686","1024","0","66.99","32.62"
"64","000","00","005","0553","1031","642","368","274","71","713","1130","0","63.1","32.57"
"64","000","00","005","0554","0000","932","541","391","50","982","1889","0","51.99","28.64"
"64","000","00","005","0554","1032","932","541","391","50","982","1889","0","51.99","28.64"
"64","000","00","005","0555","0000","781","457","324","49","830","1427","0","58.16","32.03"
"64","000","00","005","0555","1033","781","457","324","49","830","1427","0","58.16","32.03"
"64","000","00","005","0556","0000","447","241","206","32","479","791","0","60.56","30.47"
"64","000","00","005","0556","1034","447","241","206","32","479","791","0","60.56","30.47"
"64","000","00","005","0557","0000","664","365","299","98","762","1079","0","70.62","33.83"
"64","000","00","005","0557","1035","664","365","299","98","762","1079","0","70.62","33.83"
"64","000","00","005","0558","0000","825","451","374","79","904","1492","0","60.59","30.23"
"64","000","00","005","0558","1036","825","451","374","79","904","1492","0","60.59","30.23"
"64","000","00","005","0559","0000","1164","647","517","83","1247","2021","0","61.7","32.01"
"64","000","00","005","0559","1037","586","326","260","72","658","1020","0","64.51","31.96"
"64","000","00","005","0559","1038","578","321","257","11","589","1001","0","58.84","32.07"
"64","000","00","005","0560","0000","1630","1015","615","113","1743","3052","0","57.11","33.26"
"64","000","00","005","0560","1039","869","508","361","55","924","1581","0","58.44","32.13"
"64","000","00","005","0560","1040","761","507","254","58","819","1471","0","55.68","34.47"
"64","000","00","005","0561","0000","2144","1229","915","161","2305","3760","0","61.3","32.69"
"64","000","00","005","0561","1041","657","343","314","32","689","1151","0","59.86","29.8"
"64","000","00","005","0561","1042","770","454","316","73","843","1334","0","63.19","34.03"
"64","000","00","005","0561","1043","717","432","285","56","773","1275","0","60.63","33.88"
"64","000","00","005","0562","0000","2104","1185","919","115","2219","4051","0","54.78","29.25"
"64","000","00","005","0562","1044","727","393","334","40","767","1688","0","45.44","23.28"
"64","000","00","005","0562","1045","679","385","294","39","718","1214","0","59.14","31.71"
"64","000","00","005","0562","1046","698","407","291","36","734","1149","0","63.88","35.42"
"64","000","00","005","0563","0000","907","517","390","107","1014","1667","0","60.83","31.01"
"64","000","00","005","0563","1047","907","517","390","107","1014","1667","0","60.83","31.01"
"64","000","00","005","0564","0000","886","506","380","50","936","1786","0","52.41","28.33"
"64","000","00","005","0564","1048","886","506","380","50","936","1786","0","52.41","28.33"
"64","000","00","005","0565","0000","1039","506","533","90","1129","1821","0","62.0","27.79"
"64","000","00","005","0565","1049","525","190","335","23","548","896","0","61.16","21.21"
"64","000","00","005","0565","1050","514","316","198","67","581","925","0","62.81","34.16"
"64","000","00","005","0566","0000","416","233","183","54","470","684","0","68.71","34.06"
"64","000","00","005","0566","1051","416","233","183","54","470","684","0","68.71","34.06"
"64","000","00","005","0567","0000","580","333","247","75","655","981","0","66.77","33.94"
"64","000","00","005","0567","1052","580","333","247","75","655","981","0","66.77","33.94"
"64","000","00","005","0568","0000","682","382","300","85","767","1383","0","55.46","27.62"
"64","000","00","005","0568","1053","682","382","300","85","767","1383","0","55.46","27.62"
"64","000","00","005","0569","0000","745","422","323","62","807","1382","0","58.39","30.54"
"64","000","00","005","0569","1054","745","422","323","62","807","1382","0","58.39","30.54"
"64","000","00","005","0570","0000","426","252","174","41","467","808","0","57.8","31.19"
"64","000","00","005","0570","1055","426","252","174","41","467","808","0","57.8","31.19"
"64","000","00","005","0572","0000","684","377","307","33","717","1197","0","59.9","31.5"
"64","000","00","005","0572","1056","684","377","307","33","717","1197","0","59.9","31.5"
"64","000","00","005","0573","0000","2248","1288","960","162","2410","4047","0","59.55","31.83"
"64","000","00","005","0573","1057","710","410","300","65","775","1344","0","57.66","30.51"
"64","000","00","005","0573","1058","759","420","339","65","824","1344","0","61.31","31.25"
"64","000","00","005","0573","1059","779","458","321","32","811","1359","0","59.68","33.7"
"64","000","00","005","0574","0000","618","347","271","67","685","1073","0","63.84","32.34"
"64","000","00","005","0574","1060","618","347","271","67","685","1073","0","63.84","32.34"
"64","000","00","005","0575","0000","614","344","270","61","675","1186","0","56.91","29.01"
"64","000","00","005","0575","1061","614","344","270","61","675","1186","0","56.91","29.01"
"64","000","00","005","0576","0000","963","567","396","80","1043","1749","0","59.63","32.42"
"64","000","00","005","0576","1062","963","567","396","80","1043","1749","0","59.63","32.42"
"64","000","00","005","0577","0000","432","235","197","23","455","877","0","51.88","26.8"
"64","000","00","005","0577","1063","432","235","197","23","455","877","0","51.88","26.8"
"64","000","00","005","0578","0000","794","467","327","119","913","1402","0","65.12","33.31"
"64","000","00","005","0578","1064","794","467","327","119","913","1402","0","65.12","33.31"
"64","000","00","005","0579","0000","468","260","208","26","494","769","0","64.24","33.81"
"64","000","00","005","0579","1065","468","260","208","26","494","769","0","64.24","33.81"
"64","000","00","005","0581","0000","1286","776","510","121","1407","2477","0","56.8","31.33"
"64","000","00","005","0581","1066","687","422","265","66","753","1207","0","62.39","34.96"
"64","000","00","005","0581","1067","599","354","245","55","654","1270","0","51.5","27.87"
"64","000","00","005","0582","0000","659","402","257","64","723","1248","0","57.93","32.21"
"64","000","00","005","0582","1068","659","402","257","64","723","1248","0","57.93","32.21"
"64","000","00","005","0583","0000","676","419","257","108","784","1263","0","62.07","33.17"
"64","000","00","005","0583","1069","676","419","257","108","784","1263","0","62.07","33.17"
"64","000","00","005","0584","0000","604","348","256","38","642","1101","0","58.31","31.61"
"64","000","00","005","0584","1070","604","348","256","38","642","1101","0","58.31","31.61"
"64","000","00","005","0585","0000","642","384","258","36","678","1116","0","60.75","34.41"
"64","000","00","005","0585","1071","642","384","258","36","678","1116","0","60.75","34.41"
"64","000","00","005","0586","0000","655","379","276","40","695","1152","0","60.33","32.9"
"64","000","00","005","0586","1072","655","379","276","40","695","1152","0","60.33","32.9"
"64","000","00","005","0587","0000","594","344","250","73","667","1057","0","63.1","32.54"
"64","000","00","005","0587","1073","594","344","250","73","667","1057","0","63.1","32.54"
"64","000","00","005","0588","0000","1037","594","443","90","1127","2033","0","55.44","29.22"
"64","000","00","005","0588","1074","479","289","190","55","534","971","0","54.99","29.76"
"64","000","00","005","0588","1075","558","305","253","35","593","1062","0","55.84","28.72"
"64","000","00","006","0000","0000","25020","14213","10807","1773","26793","44355","50942","60.41","32.04"
"64","000","00","006","0601","0000","1045","623","422","84","1129","1791","0","63.04","34.79"
"64","000","00","006","0601","1098","466","284","182","26","492","828","0","59.42","34.3"
"64","000","00","006","0601","1099","579","339","240","58","637","963","0","66.15","35.2"
"64","000","00","006","0602","0000","551","309","242","33","584","1075","0","54.33","28.74"
"64","000","00","006","0602","1100","551","309","242","33","584","1075","0","54.33","28.74"
"64","000","00","006","0603","0000","1651","960","691","78","1729","2926","0","59.09","32.81"
"64","000","00","006","0603","1101","834","505","329","38","872","1488","0","58.6","33.94"
"64","000","00","006","0603","1102","817","455","362","40","857","1438","0","59.6","31.64"
"64","000","00","006","0604","0000","612","348","264","38","650","1049","0","61.96","33.17"
"64","000","00","006","0604","1103","612","348","264","38","650","1049","0","61.96","33.17"
"64","000","00","006","0605","0000","848","446","402","73","921","1378","0","66.84","32.37"
"64","000","00","006","0605","1104","848","446","402","73","921","1378","0","66.84","32.37"
"64","000","00","006","0606","0000","397","236","161","41","438","666","0","65.77","35.44"
"64","000","00","006","0606","1105","397","236","161","41","438","666","0","65.77","35.44"
"64","000","00","006","0607","0000","549","308","241","30","579","981","0","59.02","31.4"
"64","000","00","006","0607","1106","549","308","241","30","579","981","0","59.02","31.4"
"64","000","00","006","0608","0000","1116","600","516","69","1185","1920","0","61.72","31.25"
"64","000","00","006","0608","1107","568","294","274","41","609","933","0","65.27","31.51"
"64","000","00","006","0608","1108","548","306","242","28","576","987","0","58.36","31.0"
"64","000","00","006","0609","0000","579","355","224","42","621","988","0","62.85","35.93"
"64","000","00","006","0609","1109","579","355","224","42","621","988","0","62.85","35.93"
"64","000","00","006","0610","0000","443","255","188","42","485","735","0","65.99","34.69"
"64","000","00","006","0610","1110","443","255","188","42","485","735","0","65.99","34.69"
"64","000","00","006","0611","0000","758","422","336","33","791","1317","0","60.06","32.04"
"64","000","00","006","0611","1111","758","422","336","33","791","1317","0","60.06","32.04"
"64","000","00","006","0612","0000","410","231","179","21","431","800","0","53.88","28.88"
"64","000","00","006","0612","1112","410","231","179","21","431","800","0","53.88","28.88"
"64","000","00","006","0613","0000","1091","621","470","83","1174","1881","0","62.41","33.01"
"64","000","00","006","0613","1113","567","314","253","44","611","968","0","63.12","32.44"
"64","000","00","006","0613","1114","524","307","217","39","563","913","0","61.66","33.63"
"64","000","00","006","0614","0000","1619","912","707","86","1705","2617","0","65.15","34.85"
"64","000","00","006","0614","1115","848","477","371","30","878","1389","0","63.21","34.34"
"64","000","00","006","0614","1116","771","435","336","56","827","1228","0","67.35","35.42"
"64","000","00","006","0615","0000","1318","787","531","105","1423","2312","0","61.55","34.04"
"64","000","00","006","0615","1117","692","407","285","79","771","1211","0","63.67","33.61"
"64","000","00","006","0615","1118","626","380","246","26","652","1101","0","59.22","34.51"
"64","000","00","006","0616","0000","1019","583","436","75","1094","1625","0","67.32","35.88"
"64","000","00","006","0616","1119","449","265","184","25","474","752","0","63.03","35.24"
"64","000","00","006","0616","1120","570","318","252","50","620","873","0","71.02","36.43"
"64","000","00","006","0617","0000","1955","1063","892","126","2081","3345","0","62.21","31.78"
"64","000","00","006","0617","1121","925","489","436","59","984","1609","0","61.16","30.39"
"64","000","00","006","0617","1122","1030","574","456","67","1097","1736","0","63.19","33.06"
"64","000","00","006","0618","0000","693","429","264","27","720","1258","0","57.23","34.1"
"64","000","00","006","0618","1123","693","429","264","27","720","1258","0","57.23","34.1"
"64","000","00","006","0619","0000","631","362","269","59","690","1105","0","62.44","32.76"
"64","000","00","006","0619","1124","631","362","269","59","690","1105","0","62.44","32.76"
"64","000","00","006","0620","0000","482","289","193","52","534","851","0","62.75","33.96"
"64","000","00","006","0620","1125","482","289","193","52","534","851","0","62.75","33.96"
"64","000","00","006","0621","0000","584","327","257","53","637","1011","0","63.01","32.34"
"64","000","00","006","0621","1126","584","327","257","53","637","1011","0","63.01","32.34"
"64","000","00","006","0622","0000","1093","580","513","105","1198","1893","0","63.29","30.64"
"64","000","00","006","0622","1127","545","285","260","76","621","888","0","69.93","32.09"
"64","000","00","006","0622","1128","548","295","253","29","577","1005","0","57.41","29.35"
"64","000","00","006","0623","0000","1384","799","585","81","1465","2763","0","53.02","28.92"
"64","000","00","006","0623","1129","592","350","242","16","608","1375","0","44.22","25.45"
"64","000","00","006","0623","1130","792","449","343","65","857","1388","0","61.74","32.35"
"64","000","00","006","0624","0000","384","230","154","50","434","719","0","60.36","31.99"
"64","000","00","006","0624","1131","384","230","154","50","434","719","0","60.36","31.99"
"64","000","00","006","0625","0000","574","335","239","76","650","1077","0","60.35","31.1"
"64","000","00","006","0625","1132","574","335","239","76","650","1077","0","60.35","31.1"
"64","000","00","006","0626","0000","417","221","196","18","435","875","0","49.71","25.26"
"64","000","00","006","0626","1133","417","221","196","18","435","875","0","49.71","25.26"
"64","000","00","006","0627","0000","485","274","211","25","510","936","0","54.49","29.27"
"64","000","00","006","0627","1134","485","274","211","25","510","936","0","54.49","29.27"
"64","000","00","006","0628","0000","504","289","215","57","561","944","0","59.43","30.61"
"64","000","00","006","0628","1135","504","289","215","57","561","944","0","59.43","30.61"
"64","000","00","006","0629","0000","417","232","185","33","450","833","0","54.02","27.85"
"64","000","00","006","0629","1136","417","232","185","33","450","833","0","54.02","27.85"
"64","000","00","006","0630","0000","404","222","182","19","423","708","0","59.75","31.36"
"64","000","00","006","0630","1137","404","222","182","19","423","708","0","59.75","31.36"
"64","000","00","006","0631","0000","404","250","154","22","426","741","0","57.49","33.74"
"64","000","00","006","0631","1138","404","250","154","22","426","741","0","57.49","33.74"
"64","000","00","006","0632","0000","603","315","288","37","640","1235","0","51.82","25.51"
"64","000","00","006","0632","1139","603","315","288","37","640","1235","0","51.82","25.51"
"64","000","00","007","0000","0000","13377","7735","5642","975","14352","23928","26732","59.98","32.33"
"64","000","00","007","0701","0000","346","187","159","17","363","673","0","53.94","27.79"
"64","000","00","007","0701","1076","346","187","159","17","363","673","0","53.94","27.79"
"64","000","00","007","0702","0000","594","366","228","34","628","1022","0","61.45","35.81"
"64","000","00","007","0702","1077","594","366","228","34","628","1022","0","61.45","35.81"
"64","000","00","007","0703","0000","685","401","284","44","729","1324","0","55.06","30.29"
"64","000","00","007","0703","1078","685","401","284","44","729","1324","0","55.06","30.29"
"64","000","00","007","0704","0000","462","272","190","48","510","839","0","60.79","32.42"
"64","000","00","007","0704","1079","462","272","190","48","510","839","0","60.79","32.42"
"64","000","00","007","0705","0000","522","293","229","77","599","975","0","61.44","30.05"
"64","000","00","007","0705","1080","522","293","229","77","599","975","0","61.44","30.05"
"64","000","00","007","0706","0000","2006","1207","799","111","2117","3587","0","59.02","33.65"
"64","000","00","007","0706","1081","1003","620","383","65","1068","1806","0","59.14","34.33"
"64","000","00","007","0706","1082","1003","587","416","46","1049","1781","0","58.9","32.96"
"64","000","00","007","0707","0000","414","220","194","39","453","717","0","63.18","30.68"
"64","000","00","007","0707","1083","414","220","194","39","453","717","0","63.18","30.68"
"64","000","00","007","0708","0000","597","334","263","27","624","1097","0","56.88","30.45"
"64","000","00","007","0708","1084","597","334","263","27","624","1097","0","56.88","30.45"
"64","000","00","007","0709","0000","902","542","360","41","943","1633","0","57.75","33.19"
"64","000","00","007","0709","1085","902","542","360","41","943","1633","0","57.75","33.19"
"64","000","00","007","0710","0000","482","267","215","39","521","759","0","68.64","35.18"
"64","000","00","007","0710","1086","482","267","215","39","521","759","0","68.64","35.18"
"64","000","00","007","0711","0000","574","317","257","57","631","948","0","66.56","33.44"
"64","000","00","007","0711","1087","574","317","257","57","631","948","0","66.56","33.44"
"64","000","00","007","0712","0000","492","276","216","72","564","1009","0","55.9","27.35"
"64","000","00","007","0712","1088","492","276","216","72","564","1009","0","55.9","27.35"
"64","000","00","007","0713","0000","529","293","236","46","575","945","0","60.85","31.01"
"64","000","00","007","0713","1089","529","293","236","46","575","945","0","60.85","31.01"
"64","000","00","007","0714","0000","909","527","382","58","967","1529","0","63.24","34.47"
"64","000","00","007","0714","1090","453","278","175","24","477","772","0","61.79","36.01"
"64","000","00","007","0714","1091","456","249","207","34","490","757","0","64.73","32.89"
"64","000","00","007","0715","0000","623","381","242","39","662","1047","0","63.23","36.39"
"64","000","00","007","0715","1092","623","381","242","39","662","1047","0","63.23","36.39"
"64","000","00","007","0716","0000","579","316","263","50","629","985","0","63.86","32.08"
"64","000","00","007","0716","1093","579","316","263","50","629","985","0","63.86","32.08"
"64","000","00","007","0717","0000","888","540","348","29","917","1674","0","54.78","32.26"
"64","000","00","007","0717","1094","888","540","348","29","917","1674","0","54.78","32.26"
"64","000","00","007","0718","0000","588","326","262","43","631","1088","0","58.0","29.96"
"64","000","00","007","0718","1095","588","326","262","43","631","1088","0","58.0","29.96"
"64","000","00","007","0719","0000","545","306","239","58","603","893","0","67.53","34.27"
"64","000","00","007","0719","1096","545","306","239","58","603","893","0","67.53","34.27"
"64","000","00","007","0720","0000","640","364","276","46","686","1184","0","57.94","30.74"
"64","000","00","007","0720","1097","640","364","276","46","686","1184","0","57.94","30.74"
"64","000","00","008","0000","0000","82861","48433","34428","5536","88397","146786","169840","60.22","33.0"
"64","000","00","008","0801","0000","429","240","189","29","458","718","0","63.79","33.43"
"64","000","00","008","0801","1140","429","240","189","29","458","718","0","63.79","33.43"
"64","000","00","008","0802","0000","806","471","335","53","859","1492","0","57.57","31.57"
"64","000","00","008","0802","1141","806","471","335","53","859","1492","0","57.57","31.57"
"64","000","00","008","0803","0000","672","399","273","60","732","1210","0","60.5","32.98"
"64","000","00","008","0803","1142","672","399","273","60","732","1210","0","60.5","32.98"
"64","000","00","008","0804","0000","782","442","340","32","814","1617","0","50.34","27.33"
"64","000","00","008","0804","1143","782","442","340","32","814","1617","0","50.34","27.33"
"64","000","00","008","0805","0000","794","463","331","94","888","1428","0","62.18","32.42"
"64","000","00","008","0805","1144","794","463","331","94","888","1428","0","62.18","32.42"
"64","000","00","008","0806","0000","691","495","196","53","744","1444","0","51.52","34.28"
"64","000","00","008","0806","1145","691","495","196","53","744","1444","0","51.52","34.28"
"64","000","00","008","0807","0000","774","434","340","76","850","1452","0","58.54","29.89"
"64","000","00","008","0807","1146","774","434","340","76","850","1452","0","58.54","29.89"
"64","000","00","008","0808","0000","320","185","135","39","359","554","0","64.8","33.39"
"64","000","00","008","0808","1147","320","185","135","39","359","554","0","64.8","33.39"
"64","000","00","008","0809","0000","1017","574","443","48","1065","1928","0","55.24","29.77"
"64","000","00","008","0809","1148","513","296","217","23","536","950","0","56.42","31.16"
"64","000","00","008","0809","1149","504","278","226","25","529","978","0","54.09","28.43"
"64","000","00","008","0810","0000","1824","1100","724","126","1950","3718","0","52.45","29.59"
"64","000","00","008","0810","1150","800","500","300","62","862","1673","0","51.52","29.89"
"64","000","00","008","0810","1151","1024","600","424","64","1088","2045","0","53.2","29.34"
"64","000","00","008","0811","0000","522","331","191","67","589","939","0","62.73","35.25"
"64","000","00","008","0811","1152","522","331","191","67","589","939","0","62.73","35.25"
"64","000","00","008","0812","0000","658","357","301","43","701","1284","0","54.6","27.8"
"64","000","00","008","0812","1153","658","357","301","43","701","1284","0","54.6","27.8"
"64","000","00","008","0813","0000","967","569","398","52","1019","1746","0","58.36","32.59"
"64","000","00","008","0813","1154","515","318","197","34","549","908","0","60.46","35.02"
"64","000","00","008","0813","1155","452","251","201","18","470","838","0","56.09","29.95"
"64","000","00","008","0814","0000","717","394","323","44","761","1267","0","60.06","31.1"
"64","000","00","008","0814","1156","717","394","323","44","761","1267","0","60.06","31.1"
"64","000","00","008","0815","0000","991","560","431","81","1072","1768","0","60.63","31.67"
"64","000","00","008","0815","1157","593","354","239","62","655","994","0","65.9","35.61"
"64","000","00","008","0815","1158","398","206","192","19","417","774","0","53.88","26.61"
"64","000","00","008","0816","0000","642","373","269","32","674","1121","0","60.12","33.27"
"64","000","00","008","0816","1159","642","373","269","32","674","1121","0","60.12","33.27"
"64","000","00","008","0817","0000","1675","974","701","140","1815","2999","0","60.52","32.48"
"64","000","00","008","0817","1160","813","462","351","63","876","1474","0","59.43","31.34"
"64","000","00","008","0817","1161","862","512","350","77","939","1525","0","61.57","33.57"
"64","000","00","008","0818","0000","1150","639","511","82","1232","2161","0","57.01","29.57"
"64","000","00","008","0818","1162","630","381","249","38","668","1147","0","58.24","33.22"
"64","000","00","008","0818","1163","520","258","262","44","564","1014","0","55.62","25.44"
"64","000","00","008","0819","0000","1745","1070","675","116","1861","2995","0","62.14","35.73"
"64","000","00","008","0819","1164","867","467","400","47","914","1496","0","61.1","31.22"
"64","000","00","008","0819","1165","878","603","275","69","947","1499","0","63.18","40.23"
"64","000","00","008","0820","0000","1220","703","517","71","1291","1977","0","65.3","35.56"
"64","000","00","008","0820","1166","679","394","285","28","707","1138","0","62.13","34.62"
"64","000","00","008","0820","1167","541","309","232","43","584","839","0","69.61","36.83"
"64","000","00","008","0821","0000","694","387","307","45","739","2088","0","35.39","18.53"
"64","000","00","008","0821","1168","694","387","307","45","739","2088","0","35.39","18.53"
"64","000","00","008","0822","0000","1838","1084","754","107","1945","3271","0","59.46","33.14"
"64","000","00","008","0822","1169","947","550","397","40","987","1648","0","59.89","33.37"
"64","000","00","008","0822","1170","891","534","357","67","958","1623","0","59.03","32.9"
"64","000","00","008","0823","0000","1178","693","485","61","1239","1932","0","64.13","35.87"
"64","000","00","008","0823","1171","1178","693","485","61","1239","1932","0","64.13","35.87"
"64","000","00","008","0824","0000","1510","891","619","53","1563","2283","0","68.46","39.03"
"64","000","00","008","0824","1172","746","448","298","27","773","1127","0","68.59","39.75"
"64","000","00","008","0824","1173","764","443","321","26","790","1156","0","68.34","38.32"
"64","000","00","008","0825","0000","872","481","391","41","913","1465","0","62.32","32.83"
"64","000","00","008","0825","1174","872","481","391","41","913","1465","0","62.32","32.83"
"64","000","00","008","0826","0000","347","219","128","20","367","690","0","53.19","31.74"
"64","000","00","008","0826","1175","347","219","128","20","367","690","0","53.19","31.74"
"64","000","00","008","0827","0000","643","358","285","99","742","1283","0","57.83","27.9"
"64","000","00","008","0827","1176","643","358","285","99","742","1283","0","57.83","27.9"
"64","000","00","008","0828","0000","1546","899","647","117","1663","2745","0","60.58","32.75"
"64","000","00","008","0828","1177","800","459","341","81","881","1432","0","61.52","32.05"
"64","000","00","008","0828","1178","746","440","306","36","782","1313","0","59.56","33.51"
"64","000","00","008","0829","0000","806","442","364","35","841","1579","0","53.26","27.99"
"64","000","00","008","0829","1179","806","442","364","35","841","1579","0","53.26","27.99"
"64","000","00","008","0830","0000","1622","946","676","134","1756","2834","0","61.96","33.38"
"64","000","00","008","0830","1180","778","438","340","67","845","1385","0","61.01","31.62"
"64","000","00","008","0830","1181","844","508","336","67","911","1449","0","62.87","35.06"
"64","000","00","008","0831","0000","1101","679","422","63","1164","1834","0","63.47","37.02"
"64","000","00","008","0831","1182","1101","679","422","63","1164","1834","0","63.47","37.02"
"64","000","00","008","0832","0000","1712","1114","598","117","1829","2867","0","63.79","38.86"
"64","000","00","008","0832","1183","846","498","348","61","907","1436","0","63.16","34.68"
"64","000","00","008","0832","1184","866","616","250","56","922","1431","0","64.43","43.05"
"64","000","00","008","0833","0000","1672","1015","657","76","1748","2718","0","64.31","37.34"
"64","000","00","008","0833","1185","780","460","320","29","809","1248","0","64.82","36.86"
"64","000","00","008","0833","1186","892","555","337","47","939","1470","0","63.88","37.76"
"64","000","00","008","0834","0000","943","585","358","82","1025","1540","0","66.56","37.99"
"64","000","00","008","0834","1187","943","585","358","82","1025","1540","0","66.56","37.99"
"64","000","00","008","0835","0000","1369","768","601","59","1428","2213","0","64.53","34.7"
"64","000","00","008","0835","1188","843","475","368","29","872","1374","0","63.46","34.57"
"64","000","00","008","0835","1189","526","293","233","30","556","839","0","66.27","34.92"
"64","000","00","008","0836","0000","1320","793","527","59","1379","2084","0","66.17","38.05"
"64","000","00","008","0836","1190","656","382","274","44","700","1022","0","68.49","37.38"
"64","000","00","008","0836","1191","664","411","253","15","679","1062","0","63.94","38.7"
"64","000","00","008","0837","0000","1316","787","529","68","1384","2195","0","63.05","35.85"
"64","000","00","008","0837","1192","642","401","241","27","669","1078","0","62.06","37.2"
"64","000","00","008","0837","1193","674","386","288","41","715","1117","0","64.01","34.56"
"64","000","00","008","0838","0000","891","544","347","49","940","1516","0","62.01","35.88"
"64","000","00","008","0838","1194","891","544","347","49","940","1516","0","62.01","35.88"
"64","000","00","008","0839","0000","771","409","362","120","891","1440","0","61.88","28.4"
"64","000","00","008","0839","1195","771","409","362","120","891","1440","0","61.88","28.4"
"64","000","00","008","0840","0000","946","531","415","61","1007","1727","0","58.31","30.75"
"64","000","00","008","0840","1196","477","266","211","38","515","839","0","61.38","31.7"
"64","000","00","008","0840","1197","469","265","204","23","492","888","0","55.41","29.84"
"64","000","00","008","0841","0000","1334","728","606","92","1426","2105","0","67.74","34.58"
"64","000","00","008","0841","1198","679","370","309","30","709","1101","0","64.4","33.61"
"64","000","00","008","0841","1199","655","358","297","62","717","1004","0","71.41","35.66"
"64","000","00","008","0842","0000","2226","1305","921","153","2379","3779","0","62.95","34.53"
"64","000","00","008","0842","1200","822","476","346","57","879","1427","0","61.6","33.36"
"64","000","00","008","0842","1201","672","405","267","30","702","1168","0","60.1","34.67"
"64","000","00","008","0842","1202","732","424","308","66","798","1184","0","67.4","35.81"
"64","000","00","008","0843","0000","1035","612","423","56","1091","1823","0","59.85","33.57"
"64","000","00","008","0843","1203","596","347","249","39","635","974","0","65.2","35.63"
"64","000","00","008","0843","1204","439","265","174","17","456","849","0","53.71","31.21"
"64","000","00","008","0844","0000","1041","607","434","67","1108","1821","0","60.85","33.33"
"64","000","00","008","0844","1205","1041","607","434","67","1108","1821","0","60.85","33.33"
"64","000","00","008","0845","0000","2195","1282","913","138","2333","3906","0","59.73","32.82"
"64","000","00","008","0845","1206","684","395","289","58","742","1306","0","56.81","30.25"
"64","000","00","008","0845","1207","715","413","302","27","742","1185","0","62.62","34.85"
"64","000","00","008","0845","1208","796","474","322","53","849","1415","0","60.0","33.5"
"64","000","00","008","0846","0000","1138","648","490","95","1233","1926","0","64.02","33.64"
"64","000","00","008","0846","1209","606","348","258","36","642","962","0","66.74","36.17"
"64","000","00","008","0846","1210","532","300","232","59","591","964","0","61.31","31.12"
"64","000","00","008","0847","0000","899","552","347","34","933","1524","0","61.22","36.22"
"64","000","00","008","0847","1211","899","552","347","34","933","1524","0","61.22","36.22"
"64","000","00","008","0848","0000","843","469","374","36","879","1455","0","60.41","32.23"
"64","000","00","008","0848","1212","843","469","374","36","879","1455","0","60.41","32.23"
"64","000","00","008","0849","0000","1298","728","570","71","1369","2528","0","54.15","28.8"
"64","000","00","008","0849","1213","633","358","275","48","681","1272","0","53.54","28.14"
"64","000","00","008","0849","1214","665","370","295","23","688","1256","0","54.78","29.46"
"64","000","00","008","0850","0000","639","376","263","31","670","1203","0","55.69","31.26"
"64","000","00","008","0850","1215","639","376","263","31","670","1203","0","55.69","31.26"
"64","000","00","008","0851","0000","631","391","240","24","655","1062","0","61.68","36.82"
"64","000","00","008","0851","1216","631","391","240","24","655","1062","0","61.68","36.82"
"64","000","00","008","0852","0000","1112","622","490","140","1252","1860","0","67.31","33.44"
"64","000","00","008","0852","1217","503","282","221","59","562","850","0","66.12","33.18"
"64","000","00","008","0852","1218","609","340","269","81","690","1010","0","68.32","33.66"
"64","000","00","008","0853","0000","1145","683","462","87","1232","2055","0","59.95","33.24"
"64","000","00","008","0853","1219","605","365","240","32","637","1118","0","56.98","32.65"
"64","000","00","008","0853","1220","540","318","222","55","595","937","0","63.5","33.94"
"64","000","00","008","0854","0000","1402","850","552","67","1469","2676","0","54.9","31.76"
"64","000","00","008","0854","1221","724","405","319","31","755","1493","0","50.57","27.13"
"64","000","00","008","0854","1222","678","445","233","36","714","1183","0","60.36","37.62"
"64","000","00","008","0855","0000","1379","839","540","92","1471","2680","0","54.89","31.31"
"64","000","00","008","0855","1223","628","383","245","39","667","1318","0","50.61","29.06"
"64","000","00","008","0855","1224","751","456","295","53","804","1362","0","59.03","33.48"
"64","000","00","008","0856","0000","1414","799","615","137","1551","2583","0","60.05","30.93"
"64","000","00","008","0856","1225","599","326","273","75","674","1102","0","61.16","29.58"
"64","000","00","008","0856","1226","815","473","342","62","877","1481","0","59.22","31.94"
"64","000","00","008","0857","0000","977","565","412","80","1057","1786","0","59.18","31.63"
"64","000","00","008","0857","1227","527","297","230","53","580","878","0","66.06","33.83"
"64","000","00","008","0857","1228","450","268","182","27","477","908","0","52.53","29.52"
"64","000","00","008","0858","0000","1191","721","470","95","1286","2147","0","59.9","33.58"
"64","000","00","008","0858","1229","628","395","233","61","689","1056","0","65.25","37.41"
"64","000","00","008","0858","1230","563","326","237","34","597","1091","0","54.72","29.88"
"64","000","00","008","0859","0000","1258","705","553","73","1331","2039","0","65.28","34.58"
"64","000","00","008","0859","1231","595","335","260","26","621","976","0","63.63","34.32"
"64","000","00","008","0859","1232","663","370","293","47","710","1063","0","66.79","34.81"
"64","000","00","008","0860","0000","1627","918","709","110","1737","2774","0","62.62","33.09"
"64","000","00","008","0860","1233","879","520","359","68","947","1484","0","63.81","35.04"
"64","000","00","008","0860","1234","748","398","350","42","790","1290","0","61.24","30.85"
"64","000","00","008","0861","0000","2820","1695","1125","161","2981","4982","0","59.84","34.02"
"64","000","00","008","0861","1235","1019","624","395","63","1082","1740","0","62.18","35.86"
"64","000","00","008","0861","1236","893","511","382","66","959","1594","0","60.16","32.06"
"64","000","00","008","0861","1237","908","560","348","32","940","1648","0","57.04","33.98"
"64","000","00","008","0862","0000","2163","1293","870","137","2300","3730","0","61.66","34.66"
"64","000","00","008","0862","1238","745","475","270","59","804","1236","0","65.05","38.43"
"64","000","00","008","0862","1239","707","404","303","48","755","1211","0","62.35","33.36"
"64","000","00","008","0862","1240","711","414","297","30","741","1283","0","57.76","32.27"
"64","000","00","008","0863","0000","2055","1253","802","161","2216","3522","0","62.92","35.58"
"64","000","00","008","0863","1241","1054","644","410","85","1139","1804","0","63.14","35.7"
"64","000","00","008","0863","1242","1001","609","392","76","1077","1718","0","62.69","35.45"
"64","000","00","008","0864","0000","2319","1359","960","183","2502","4053","0","61.73","33.53"
"64","000","00","008","0864","1243","767","452","315","59","826","1297","0","63.69","34.85"
"64","000","00","008","0864","1244","815","466","349","81","896","1449","0","61.84","32.16"
"64","000","00","008","0864","1245","737","441","296","43","780","1307","0","59.68","33.74"
"64","000","00","008","0865","0000","1455","858","597","143","1598","2434","0","65.65","35.25"
"64","000","00","008","0865","1246","693","411","282","61","754","1184","0","63.68","34.71"
"64","000","00","008","0865","1247","762","447","315","82","844","1250","0","67.52","35.76"
"64","000","00","008","0866","0000","1433","693","740","58","1491","2531","0","58.91","27.38"
"64","000","00","008","0866","1248","691","267","424","36","727","1248","0","58.25","21.39"
"64","000","00","008","0866","1249","742","426","316","22","764","1283","0","59.55","33.2"
"64","000","00","008","0867","0000","2154","1241","913","99","2253","3718","0","60.6","33.38"
"64","000","00","008","0867","1250","650","370","280","30","680","1121","0","60.66","33.01"
"64","000","00","008","0867","1251","718","419","299","29","747","1258","0","59.38","33.31"
"64","000","00","008","0867","1252","786","452","334","40","826","1339","0","61.69","33.76"
"64","000","00","008","0868","0000","1067","586","481","58","1125","1986","0","56.65","29.51"
"64","000","00","008","0868","1253","1067","586","481","58","1125","1986","0","56.65","29.51"
"64","000","00","008","0869","0000","1118","657","461","54","1172","1976","0","59.31","33.25"
"64","000","00","008","0869","1254","564","347","217","33","597","1028","0","58.07","33.75"
"64","000","00","008","0869","1255","554","310","244","21","575","948","0","60.65","32.7"
"64","000","00","009","0000","0000","86139","51114","35025","7418","93557","161797","188516","57.82","31.59"
"64","000","00","009","0901","0000","4338","2462","1876","431","4769","9323","0","51.15","26.41"
"64","000","00","009","0901","1484","874","491","383","126","1000","1809","0","55.28","27.14"
"64","000","00","009","0901","1485","910","507","403","83","993","1835","0","54.11","27.63"
"64","000","00","009","0901","1486","757","439","318","78","835","1890","0","44.18","23.23"
"64","000","00","009","0901","1487","928","519","409","63","991","2013","0","49.23","25.78"
"64","000","00","009","0901","1488","869","506","363","81","950","1776","0","53.49","28.49"
"64","000","00","009","0902","0000","1099","632","467","166","1265","2377","0","53.22","26.59"
"64","000","00","009","0902","1489","756","429","327","87","843","1705","0","49.44","25.16"
"64","000","00","009","0902","1490","343","203","140","79","422","672","0","62.8","30.21"
"64","000","00","009","0903","0000","2526","1476","1050","231","2757","5013","0","55.0","29.44"
"64","000","00","009","0903","1491","764","461","303","85","849","1726","0","49.19","26.71"
"64","000","00","009","0903","1492","852","475","377","50","902","1597","0","56.48","29.74"
"64","000","00","009","0903","1493","910","540","370","96","1006","1690","0","59.53","31.95"
"64","000","00","009","0904","0000","1303","773","530","159","1462","2239","0","65.3","34.52"
"64","000","00","009","0904","1494","613","363","250","77","690","1080","0","63.89","33.61"
"64","000","00","009","0904","1495","690","410","280","82","772","1159","0","66.61","35.38"
"64","000","00","009","0905","0000","638","396","242","81","719","1314","0","54.72","30.14"
"64","000","00","009","0905","1496","638","396","242","81","719","1314","0","54.72","30.14"
"64","000","00","009","0906","0000","1040","618","422","117","1157","1898","0","60.96","32.56"
"64","000","00","009","0906","1497","494","306","188","68","562","896","0","62.72","34.15"
"64","000","00","009","0906","1498","546","312","234","49","595","1002","0","59.38","31.14"
"64","000","00","009","0907","0000","946","573","373","121","1067","2765","0","38.59","20.72"
"64","000","00","009","0907","1499","946","573","373","121","1067","2765","0","38.59","20.72"
"64","000","00","009","0908","0000","315","186","129","63","378","600","0","63.0","31.0"
"64","000","00","009","0908","1500","315","186","129","63","378","600","0","63.0","31.0"
"64","000","00","009","0909","0000","483","266","217","45","528","1466","0","36.02","18.14"
"64","000","00","009","0909","1501","483","266","217","45","528","1466","0","36.02","18.14"
"64","000","00","009","0910","0000","720","408","312","56","776","1449","0","53.55","28.16"
"64","000","00","009","0910","1502","720","408","312","56","776","1449","0","53.55","28.16"
"64","000","00","009","0911","0000","1155","711","444","151","1306","2239","0","58.33","31.76"
"64","000","00","009","0911","1503","483","299","184","65","548","991","0","55.3","30.17"
"64","000","00","009","0911","1504","672","412","260","86","758","1248","0","60.74","33.01"
"64","000","00","009","0912","0000","570","359","211","108","678","1066","0","63.6","33.68"
"64","000","00","009","0912","1505","570","359","211","108","678","1066","0","63.6","33.68"
"64","000","00","009","0913","0000","300","185","115","39","339","706","0","48.02","26.2"
"64","000","00","009","0913","1506","300","185","115","39","339","706","0","48.02","26.2"
"64","000","00","009","0914","0000","340","189","151","33","373","713","0","52.31","26.51"
"64","000","00","009","0914","1507","340","189","151","33","373","713","0","52.31","26.51"
"64","000","00","009","0915","0000","651","370","281","47","698","1344","0","51.93","27.53"
"64","000","00","009","0915","1508","651","370","281","47","698","1344","0","51.93","27.53"
"64","000","00","009","0916","0000","872","467","405","110","982","1729","0","56.8","27.01"
"64","000","00","009","0916","1509","463","244","219","61","524","856","0","61.21","28.5"
"64","000","00","009","0916","1510","409","223","186","49","458","873","0","52.46","25.54"
"64","000","00","009","0917","0000","1020","556","464","68","1088","2226","0","48.88","24.98"
"64","000","00","009","0917","1511","520","296","224","54","574","1114","0","51.53","26.57"
"64","000","00","009","0917","1512","500","260","240","14","514","1112","0","46.22","23.38"
"64","000","00","009","0918","0000","1002","550","452","108","1110","1984","0","55.95","27.72"
"64","000","00","009","0918","1513","524","292","232","68","592","1044","0","56.7","27.97"
"64","000","00","009","0918","1514","478","258","220","40","518","940","0","55.11","27.45"
"64","000","00","009","0919","0000","2258","1324","934","187","2445","4064","0","60.16","32.58"
"64","000","00","009","0919","1515","623","353","270","83","706","1342","0","52.61","26.3"
"64","000","00","009","0919","1516","868","518","350","60","928","1402","0","66.19","36.95"
"64","000","00","009","0919","1517","767","453","314","44","811","1320","0","61.44","34.32"
"64","000","00","009","0920","0000","514","293","221","62","576","958","0","60.13","30.58"
"64","000","00","009","0920","1518","514","293","221","62","576","958","0","60.13","30.58"
"64","000","00","009","0921","0000","1637","955","682","149","1786","2735","0","65.3","34.92"
"64","000","00","009","0921","1519","820","460","360","51","871","1276","0","68.26","36.05"
"64","000","00","009","0921","1520","817","495","322","98","915","1459","0","62.71","33.93"
"64","000","00","009","0922","0000","342","200","142","30","372","761","0","48.88","26.28"
"64","000","00","009","0922","1521","342","200","142","30","372","761","0","48.88","26.28"
"64","000","00","009","0923","0000","537","309","228","28","565","1093","0","51.69","28.27"
"64","000","00","009","0923","1522","537","309","228","28","565","1093","0","51.69","28.27"
"64","000","00","009","0924","0000","2781","1856","925","130","2911","4899","0","59.42","37.89"
"64","000","00","009","0924","1523","911","638","273","55","966","1521","0","63.51","41.95"
"64","000","00","009","0924","1524","922","638","284","40","962","1557","0","61.79","40.98"
"64","000","00","009","0924","1525","948","580","368","35","983","1821","0","53.98","31.85"
"64","000","00","009","0925","0000","1344","914","430","73","1417","2112","0","67.09","43.28"
"64","000","00","009","0925","1526","688","476","212","49","737","1066","0","69.14","44.65"
"64","000","00","009","0925","1527","656","438","218","24","680","1046","0","65.01","41.87"
"64","000","00","009","0928","0000","1893","1111","782","169","2062","3432","0","60.08","32.37"
"64","000","00","009","0928","1528","926","538","388","72","998","1709","0","58.4","31.48"
"64","000","00","009","0928","1529","967","573","394","97","1064","1723","0","61.75","33.26"
"64","000","00","009","0929","0000","2467","1510","957","143","2610","3994","0","65.35","37.81"
"64","000","00","009","0929","1530","735","438","297","51","786","1202","0","65.39","36.44"
"64","000","00","009","0929","1531","800","476","324","44","844","1279","0","65.99","37.22"
"64","000","00","009","0929","1532","932","596","336","48","980","1513","0","64.77","39.39"
"64","000","00","009","0930","0000","693","416","277","26","719","1260","0","57.06","33.02"
"64","000","00","009","0930","1533","693","416","277","26","719","1260","0","57.06","33.02"
"64","000","00","009","0931","0000","1374","854","520","144","1518","2279","0","66.61","37.47"
"64","000","00","009","0931","1534","664","418","246","91","755","1139","0","66.29","36.7"
"64","000","00","009","0931","1535","710","436","274","53","763","1140","0","66.93","38.25"
"64","000","00","009","0932","0000","1637","960","677","141","1778","2821","0","63.03","34.03"
"64","000","00","009","0932","1536","830","477","353","97","927","1462","0","63.41","32.63"
"64","000","00","009","0932","1537","807","483","324","44","851","1359","0","62.62","35.54"
"64","000","00","009","0933","0000","977","535","442","83","1060","2037","0","52.04","26.26"
"64","000","00","009","0933","1538","977","535","442","83","1060","2037","0","52.04","26.26"
"64","000","00","009","0934","0000","1447","887","560","60","1507","2717","0","55.47","32.65"
"64","000","00","009","0934","1539","743","458","285","30","773","1410","0","54.82","32.48"
"64","000","00","009","0934","1540","704","429","275","30","734","1307","0","56.16","32.82"
"64","000","00","009","0935","0000","1622","909","713","179","1801","3003","0","59.97","30.27"
"64","000","00","009","0935","1541","798","459","339","87","885","1512","0","58.53","30.36"
"64","000","00","009","0935","1542","824","450","374","92","916","1491","0","61.44","30.18"
"64","000","00","009","0936","0000","1592","962","630","169","1761","3143","0","56.03","30.61"
"64","000","00","009","0936","1543","851","519","332","98","949","1621","0","58.54","32.02"
"64","000","00","009","0936","1544","741","443","298","71","812","1522","0","53.35","29.11"
"64","000","00","009","0937","0000","3014","1775","1239","257","3271","5348","0","61.16","33.19"
"64","000","00","009","0937","1545","880","507","373","70","950","1593","0","59.64","31.83"
"64","000","00","009","0937","1546","1058","642","416","95","1153","1885","0","61.17","34.06"
"64","000","00","009","0937","1547","1076","626","450","92","1168","1870","0","62.46","33.48"
"64","000","00","009","0938","0000","1536","958","578","101","1637","2736","0","59.83","35.01"
"64","000","00","009","0938","1548","788","496","292","33","821","1388","0","59.15","35.73"
"64","000","00","009","0938","1549","748","462","286","68","816","1348","0","60.53","34.27"
"64","000","00","009","0939","0000","1487","848","639","162","1649","2705","0","60.96","31.35"
"64","000","00","009","0939","1550","662","388","274","110","772","1341","0","57.57","28.93"
"64","000","00","009","0939","1551","825","460","365","52","877","1364","0","64.3","33.72"
"64","000","00","009","0940","0000","1440","872","568","173","1613","2693","0","59.9","32.38"
"64","000","00","009","0940","1552","742","463","279","88","830","1367","0","60.72","33.87"
"64","000","00","009","0940","1553","698","409","289","85","783","1326","0","59.05","30.84"
"64","000","00","009","0941","0000","1227","710","517","67","1294","2178","0","59.41","32.6"
"64","000","00","009","0941","1554","576","331","245","43","619","1059","0","58.45","31.26"
"64","000","00","009","0941","1555","651","379","272","24","675","1119","0","60.32","33.87"
"64","000","00","009","0942","0000","3749","2284","1465","208","3957","6642","0","59.58","34.39"
"64","000","00","009","0942","1556","800","479","321","48","848","1565","0","54.19","30.61"
"64","000","00","009","0942","1557","831","488","343","69","900","1549","0","58.1","31.5"
"64","000","00","009","0942","1558","1053","650","403","49","1102","1691","0","65.17","38.44"
"64","000","00","009","0942","1559","1065","667","398","42","1107","1837","0","60.26","36.31"
"64","000","00","009","0943","0000","1308","765","543","82","1390","2218","0","62.67","34.49"
"64","000","00","009","0943","1560","662","378","284","22","684","1092","0","62.64","34.62"
"64","000","00","009","0943","1561","646","387","259","60","706","1126","0","62.7","34.37"
"64","000","00","009","0944","0000","2361","1409","952","163","2524","4106","0","61.47","34.32"
"64","000","00","009","0944","1562","623","366","257","80","703","1215","0","57.86","30.12"
"64","000","00","009","0944","1563","809","465","344","46","855","1443","0","59.25","32.22"
"64","000","00","009","0944","1564","929","578","351","37","966","1448","0","66.71","39.92"
"64","000","00","009","0945","0000","1761","1024","737","159","1920","3251","0","59.06","31.5"
"64","000","00","009","0945","1565","940","555","385","73","1013","1648","0","61.47","33.68"
"64","000","00","009","0945","1566","821","469","352","86","907","1603","0","56.58","29.26"
"64","000","00","009","0946","0000","768","448","320","29","797","1596","0","49.94","28.07"
"64","000","00","009","0946","1567","768","448","320","29","797","1596","0","49.94","28.07"
"64","000","00","009","0947","0000","2371","1416","955","235","2606","4607","0","56.57","30.74"
"64","000","00","009","0947","1568","685","422","263","41","726","1450","0","50.07","29.1"
"64","000","00","009","0947","1569","745","458","287","98","843","1510","0","55.83","30.33"
"64","000","00","009","0947","1570","941","536","405","96","1037","1647","0","62.96","32.54"
"64","000","00","009","0948","0000","1401","860","541","122","1523","2726","0","55.87","31.55"
"64","000","00","009","0948","1571","705","430","275","69","774","1342","0","57.68","32.04"
"64","000","00","009","0948","1572","696","430","266","53","749","1384","0","54.12","31.07"
"64","000","00","009","0949","0000","2470","1483","987","186","2656","4620","0","57.49","32.1"
"64","000","00","009","0949","1573","743","424","319","80","823","1479","0","55.65","28.67"
"64","000","00","009","0949","1574","820","497","323","45","865","1546","0","55.95","32.15"
"64","000","00","009","0949","1575","907","562","345","61","968","1595","0","60.69","35.24"
"64","000","00","009","0950","0000","1234","736","498","94","1328","2283","0","58.17","32.24"
"64","000","00","009","0950","1576","683","421","262","61","744","1201","0","61.95","35.05"
"64","000","00","009","0950","1577","551","315","236","33","584","1082","0","53.97","29.11"
"64","000","00","009","0951","0000","1002","605","397","118","1120","1928","0","58.09","31.38"
"64","000","00","009","0951","1578","499","313","186","41","540","996","0","54.22","31.43"
"64","000","00","009","0951","1579","503","292","211","77","580","932","0","62.23","31.33"
"64","000","00","009","0952","0000","2069","1259","810","108","2177","3574","0","60.91","35.23"
"64","000","00","009","0952","1580","643","359","284","47","690","1146","0","60.21","31.33"
"64","000","00","009","0952","1581","620","395","225","37","657","1096","0","59.95","36.04"
"64","000","00","009","0952","1582","806","505","301","24","830","1332","0","62.31","37.91"
"64","000","00","009","0953","0000","1916","1102","814","193","2109","3477","0","60.66","31.69"
"64","000","00","009","0953","1583","631","384","247","53","684","1175","0","58.21","32.68"
"64","000","00","009","0953","1584","534","309","225","65","599","986","0","60.75","31.34"
"64","000","00","009","0953","1585","751","409","342","75","826","1316","0","62.77","31.08"
"64","000","00","009","0954","0000","1650","948","702","165","1815","3181","0","57.06","29.8"
"64","000","00","009","0954","1586","748","438","310","76","824","1559","0","52.85","28.09"
"64","000","00","009","0954","1587","902","510","392","89","991","1622","0","61.1","31.44"
"64","000","00","009","0955","0000","1367","789","578","139","1506","2609","0","57.72","30.24"
"64","000","00","009","0955","1588","681","391","290","39","720","1310","0","54.96","29.85"
"64","000","00","009","0955","1589","686","398","288","100","786","1299","0","60.51","30.64"
"64","000","00","009","0956","0000","1405","856","549","114","1519","2566","0","59.2","33.36"
"64","000","00","009","0956","1590","721","429","292","73","794","1191","0","66.67","36.02"
"64","000","00","009","0956","1591","684","427","257","41","725","1375","0","52.73","31.05"
"64","000","00","009","0957","0000","1334","774","560","88","1422","2513","0","56.59","30.8"
"64","000","00","009","0957","1592","733","435","298","40","773","1338","0","57.77","32.51"
"64","000","00","009","0957","1593","601","339","262","48","649","1175","0","55.23","28.85"
"64","000","00","009","0958","0000","1426","827","599","106","1532","2544","0","60.22","32.51"
"64","000","00","009","0958","1594","714","415","299","35","749","1357","0","55.2","30.58"
"64","000","00","009","0958","1595","712","412","300","71","783","1187","0","65.96","34.71"
"64","000","00","009","0959","0000","1322","768","554","125","1447","2383","0","60.72","32.23"
"64","000","00","009","0959","1596","618","365","253","52","670","1164","0","57.56","31.36"
"64","000","00","009","0959","1597","704","403","301","73","777","1219","0","63.74","33.06"
"64","000","00","009","0960","0000","2410","1468","942","162","2572","4454","0","57.75","32.96"
"64","000","00","009","0960","1598","757","464","293","21","778","1428","0","54.48","32.49"
"64","000","00","009","0960","1599","780","469","311","100","880","1495","0","58.86","31.37"
"64","000","00","009","0960","1600","873","535","338","41","914","1531","0","59.7","34.94"
"64","000","00","009","0961","0000","1678","958","720","155","1833","3100","0","59.13","30.9"
"64","000","00","009","0961","1601","846","479","367","77","923","1509","0","61.17","31.74"
"64","000","00","009","0961","1602","832","479","353","78","910","1591","0","57.2","30.11"
"64","000","00","010","0000","0000","11087","6331","4756","1394","12481","24860","28533","50.21","25.47"
"64","000","00","010","1001","0000","608","325","283","125","733","1177","0","62.28","27.61"
"64","000","00","010","1001","0869","608","325","283","125","733","1177","0","62.28","27.61"
"64","000","00","010","1002","0000","484","281","203","61","545","1109","0","49.14","25.34"
"64","000","00","010","1002","0870","484","281","203","61","545","1109","0","49.14","25.34"
"64","000","00","010","1003","0000","704","404","300","31","735","1642","0","44.76","24.6"
"64","000","00","010","1003","0871","704","404","300","31","735","1642","0","44.76","24.6"
"64","000","00","010","1004","0000","1006","558","448","180","1186","2321","0","51.1","24.04"
"64","000","00","010","1004","0872","541","302","239","115","656","1209","0","54.26","24.98"
"64","000","00","010","1004","0873","465","256","209","65","530","1112","0","47.66","23.02"
"64","000","00","010","1005","0000","1362","785","577","148","1510","2943","0","51.31","26.67"
"64","000","00","010","1005","0874","745","417","328","107","852","1483","0","57.45","28.12"
"64","000","00","010","1005","0875","617","368","249","41","658","1460","0","45.07","25.21"
"64","000","00","010","1006","0000","799","458","341","173","972","1572","0","61.83","29.13"
"64","000","00","010","1006","0876","799","458","341","173","972","1572","0","61.83","29.13"
"64","000","00","010","1007","0000","598","368","230","37","635","1384","0","45.88","26.59"
"64","000","00","010","1007","0877","598","368","230","37","635","1384","0","45.88","26.59"
"64","000","00","010","1008","0000","1126","640","486","119","1245","2629","0","47.36","24.34"
"64","000","00","010","1008","0878","585","333","252","50","635","1390","0","45.68","23.96"
"64","000","00","010","1008","0879","541","307","234","69","610","1239","0","49.23","24.78"
"64","000","00","010","1009","0000","902","486","416","148","1050","2045","0","51.34","23.77"
"64","000","00","010","1009","0880","902","486","416","148","1050","2045","0","51.34","23.77"
"64","000","00","010","1010","0000","1232","757","475","160","1392","2759","0","50.45","27.44"
"64","000","00","010","1010","0881","391","206","185","28","419","893","0","46.92","23.07"
"64","000","00","010","1010","0882","841","551","290","132","973","1866","0","52.14","29.53"
"64","000","00","010","1011","0000","710","391","319","51","761","1874","0","40.61","20.86"
"64","000","00","010","1011","0883","710","391","319","51","761","1874","0","40.61","20.86"
"64","000","00","010","1012","0000","392","203","189","66","458","893","0","51.29","22.73"
"64","000","00","010","1012","0884","392","203","189","66","458","893","0","51.29","22.73"
"64","000","00","010","1013","0000","1164","675","489","95","1259","2512","0","50.12","26.87"
"64","000","00","010","1013","0885","599","322","277","45","644","1215","0","53.0","26.5"
"64","000","00","010","1013","0886","565","353","212","50","615","1297","0","47.42","27.22"
"64","000","00","011","0000","0000","71121","42230","28891","5726","76847","132733","157685","57.9","31.82"
"64","000","00","011","1101","0000","1306","770","536","120","1426","2279","0","62.57","33.79"
"64","000","00","011","1101","1603","668","392","276","41","709","1108","0","63.99","35.38"
"64","000","00","011","1101","1604","638","378","260","79","717","1171","0","61.23","32.28"
"64","000","00","011","1102","0000","1774","1052","722","60","1834","3225","0","56.87","32.62"
"64","000","00","011","1102","1605","949","585","364","29","978","1557","0","62.81","37.57"
"64","000","00","011","1102","1606","825","467","358","31","856","1668","0","51.32","28.0"
"64","000","00","011","1103","0000","1440","883","557","73","1513","2555","0","59.22","34.56"
"64","000","00","011","1103","1607","686","431","255","40","726","1183","0","61.37","36.43"
"64","000","00","011","1103","1608","754","452","302","33","787","1372","0","57.36","32.94"
"64","000","00","011","1104","0000","968","591","377","80","1048","1737","0","60.33","34.02"
"64","000","00","011","1104","1609","968","591","377","80","1048","1737","0","60.33","34.02"
"64","000","00","011","1105","0000","1582","934","648","169","1751","3144","0","55.69","29.71"
"64","000","00","011","1105","1610","814","449","365","88","902","1586","0","56.87","28.31"
"64","000","00","011","1105","1611","768","485","283","81","849","1558","0","54.49","31.13"
"64","000","00","011","1106","0000","1507","902","605","129","1636","2533","0","64.59","35.61"
"64","000","00","011","1106","1612","788","494","294","69","857","1284","0","66.74","38.47"
"64","000","00","011","1106","1613","719","408","311","60","779","1249","0","62.37","32.67"
"64","000","00","011","1107","0000","1025","644","381","112","1137","2400","0","47.38","26.83"
"64","000","00","011","1107","1614","1025","644","381","112","1137","2400","0","47.38","26.83"
"64","000","00","011","1108","0000","1257","734","523","80","1337","2260","0","59.16","32.48"
"64","000","00","011","1108","1615","674","369","305","44","718","1181","0","60.8","31.24"
"64","000","00","011","1108","1616","583","365","218","36","619","1079","0","57.37","33.83"
"64","000","00","011","1109","0000","1423","808","615","131","1554","2576","0","60.33","31.37"
"64","000","00","011","1109","1617","729","400","329","57","786","1335","0","58.88","29.96"
"64","000","00","011","1109","1618","694","408","286","74","768","1241","0","61.89","32.88"
"64","000","00","011","1110","0000","3159","1880","1279","243","3402","5796","0","58.7","32.44"
"64","000","00","011","1110","1619","823","501","322","72","895","1513","0","59.15","33.11"
"64","000","00","011","1110","1620","753","454","299","79","832","1349","0","61.68","33.65"
"64","000","00","011","1110","1621","780","445","335","53","833","1483","0","56.17","30.01"
"64","000","00","011","1110","1622","803","480","323","39","842","1451","0","58.03","33.08"
"64","000","00","011","1111","0000","1408","822","586","109","1517","2503","0","60.61","32.84"
"64","000","00","011","1111","1623","639","379","260","32","671","1241","0","54.07","30.54"
"64","000","00","011","1111","1624","769","443","326","77","846","1262","0","67.04","35.1"
"64","000","00","011","1112","0000","1877","1115","762","159","2036","3690","0","55.18","30.22"
"64","000","00","011","1112","1625","995","578","417","109","1104","1813","0","60.89","31.88"
"64","000","00","011","1112","1626","882","537","345","50","932","1877","0","49.65","28.61"
"64","000","00","011","1113","0000","1585","932","653","77","1662","2844","0","58.44","32.77"
"64","000","00","011","1113","1627","758","444","314","27","785","1391","0","56.43","31.92"
"64","000","00","011","1113","1628","827","488","339","50","877","1453","0","60.36","33.59"
"64","000","00","011","1114","0000","2336","1340","996","172","2508","4056","0","61.83","33.04"
"64","000","00","011","1114","1629","836","406","430","47","883","1374","0","64.26","29.55"
"64","000","00","011","1114","1630","729","434","295","61","790","1348","0","58.61","32.2"
"64","000","00","011","1114","1631","771","500","271","64","835","1334","0","62.59","37.48"
"64","000","00","011","1115","0000","2339","1396","943","162","2501","4369","0","57.24","31.95"
"64","000","00","011","1115","1632","774","452","322","39","813","1433","0","56.73","31.54"
"64","000","00","011","1115","1633","705","420","285","31","736","1448","0","50.83","29.01"
"64","000","00","011","1115","1634","860","524","336","92","952","1488","0","63.98","35.22"
"64","000","00","011","1116","0000","1518","910","608","138","1656","2584","0","64.09","35.22"
"64","000","00","011","1116","1635","712","424","288","77","789","1278","0","61.74","33.18"
"64","000","00","011","1116","1636","806","486","320","61","867","1306","0","66.39","37.21"
"64","000","00","011","1117","0000","1835","1079","756","184","2019","3265","0","61.84","33.05"
"64","000","00","011","1117","1637","878","516","362","95","973","1625","0","59.88","31.75"
"64","000","00","011","1117","1638","957","563","394","89","1046","1640","0","63.78","34.33"
"64","000","00","011","1118","0000","1552","983","569","121","1673","2944","0","56.83","33.39"
"64","000","00","011","1118","1639","815","515","300","59","874","1506","0","58.03","34.2"
"64","000","00","011","1118","1640","737","468","269","62","799","1438","0","55.56","32.55"
"64","000","00","011","1119","0000","1313","819","494","73","1386","2272","0","61.0","36.05"
"64","000","00","011","1119","1641","695","424","271","45","740","1105","0","66.97","38.37"
"64","000","00","011","1119","1642","618","395","223","28","646","1167","0","55.36","33.85"
"64","000","00","011","1120","0000","2369","1508","861","131","2500","4039","0","61.9","37.34"
"64","000","00","011","1120","1643","837","528","309","37","874","1420","0","61.55","37.18"
"64","000","00","011","1120","1644","847","548","299","60","907","1380","0","65.72","39.71"
"64","000","00","011","1120","1645","685","432","253","34","719","1239","0","58.03","34.87"
"64","000","00","011","1121","0000","1792","1157","635","161","1953","3207","0","60.9","36.08"
"64","000","00","011","1121","1646","890","702","188","80","970","1563","0","62.06","44.91"
"64","000","00","011","1121","1647","902","455","447","81","983","1644","0","59.79","27.68"
"64","000","00","011","1122","0000","5810","3431","2379","493","6303","11107","0","56.75","30.89"
"64","000","00","011","1122","1648","998","602","396","87","1085","1895","0","57.26","31.77"
"64","000","00","011","1122","1649","892","549","343","109","1001","1748","0","57.27","31.41"
"64","000","00","011","1122","1650","888","490","398","86","974","1579","0","61.68","31.03"
"64","000","00","011","1122","1651","1116","649","467","53","1169","2135","0","54.75","30.4"
"64","000","00","011","1122","1652","928","559","369","85","1013","1728","0","58.62","32.35"
"64","000","00","011","1122","1653","988","582","406","73","1061","2022","0","52.47","28.78"
"64","000","00","011","1123","0000","1960","1144","816","172","2132","3916","0","54.44","29.21"
"64","000","00","011","1123","1654","591","359","232","37","628","1329","0","47.25","27.01"
"64","000","00","011","1123","1655","685","410","275","44","729","1320","0","55.23","31.06"
"64","000","00","011","1123","1656","684","375","309","91","775","1267","0","61.17","29.6"
"64","000","00","011","1124","0000","1489","847","642","133","1622","2587","0","62.7","32.74"
"64","000","00","011","1124","1657","745","421","324","83","828","1298","0","63.79","32.43"
"64","000","00","011","1124","1658","744","426","318","50","794","1289","0","61.6","33.05"
"64","000","00","011","1125","0000","1689","989","700","110","1799","3028","0","59.41","32.66"
"64","000","00","011","1125","1659","861","488","373","47","908","1534","0","59.19","31.81"
"64","000","00","011","1125","1660","828","501","327","63","891","1494","0","59.64","33.53"
"64","000","00","011","1126","0000","1521","945","576","166","1687","2721","0","62.0","34.73"
"64","000","00","011","1126","1661","741","450","291","84","825","1377","0","59.91","32.68"
"64","000","00","011","1126","1662","780","495","285","82","862","1344","0","64.14","36.83"
"64","000","00","011","1127","0000","3070","1815","1255","211","3281","5757","0","56.99","31.53"
"64","000","00","011","1127","1663","791","478","313","71","862","1508","0","57.16","31.7"
"64","000","00","011","1127","1664","717","375","342","35","752","1400","0","53.71","26.79"
"64","000","00","011","1127","1665","822","504","318","68","890","1457","0","61.08","34.59"
"64","000","00","011","1127","1666","740","458","282","37","777","1392","0","55.82","32.9"
"64","000","00","011","1128","0000","2435","1516","919","187","2622","4487","0","58.44","33.79"
"64","000","00","011","1128","1667","995","594","401","92","1087","1983","0","54.82","29.95"
"64","000","00","011","1128","1668","639","413","226","37","676","1204","0","56.15","34.3"
"64","000","00","011","1128","1669","801","509","292","58","859","1300","0","66.08","39.15"
"64","000","00","011","1129","0000","1910","923","987","154","2064","3423","0","60.3","26.96"
"64","000","00","011","1129","1670","1037","587","450","115","1152","1857","0","62.04","31.61"
"64","000","00","011","1129","1671","873","336","537","39","912","1566","0","58.24","21.46"
"64","000","00","011","1130","0000","1525","896","629","171","1696","2579","0","65.76","34.74"
"64","000","00","011","1130","1672","803","474","329","82","885","1343","0","65.9","35.29"
"64","000","00","011","1130","1673","722","422","300","89","811","1236","0","65.61","34.14"
"64","000","00","011","1131","0000","4199","2491","1708","266","4465","7715","0","57.87","32.29"
"64","000","00","011","1131","1674","878","536","342","104","982","1564","0","62.79","34.27"
"64","000","00","011","1131","1675","780","453","327","42","822","1484","0","55.39","30.53"
"64","000","00","011","1131","1676","792","469","323","41","833","1477","0","56.4","31.75"
"64","000","00","011","1131","1677","874","511","363","45","919","1482","0","62.01","34.48"
"64","000","00","011","1131","1678","875","522","353","34","909","1708","0","53.22","30.56"
"64","000","00","011","1132","0000","1806","1049","757","107","1913","3576","0","53.5","29.33"
"64","000","00","011","1132","1679","998","579","419","75","1073","1867","0","57.47","31.01"
"64","000","00","011","1132","1680","808","470","338","32","840","1709","0","49.15","27.5"
"64","000","00","011","1133","0000","1455","845","610","139","1594","3121","0","51.07","27.07"
"64","000","00","011","1133","1681","703","406","297","82","785","1425","0","55.09","28.49"
"64","000","00","011","1133","1682","752","439","313","57","809","1696","0","47.7","25.88"
"64","000","00","011","1134","0000","1472","918","554","177","1649","3053","0","54.01","30.07"
"64","000","00","011","1134","1683","687","419","268","58","745","1522","0","48.95","27.53"
"64","000","00","011","1134","1684","785","499","286","119","904","1531","0","59.05","32.59"
"64","000","00","011","1135","0000","1063","609","454","165","1228","2215","0","55.44","27.49"
"64","000","00","011","1135","1685","1063","609","454","165","1228","2215","0","55.44","27.49"
"64","000","00","011","1136","0000","1467","816","651","90","1557","3050","0","51.05","26.75"
"64","000","00","011","1136","1686","753","411","342","53","806","1515","0","53.2","27.13"
"64","000","00","011","1136","1687","714","405","309","37","751","1535","0","48.93","26.38"
"64","000","00","011","1137","0000","1228","727","501","80","1308","2493","0","52.47","29.16"
"64","000","00","011","1137","1688","656","390","266","39","695","1276","0","54.47","30.56"
"64","000","00","011","1137","1689","572","337","235","41","613","1217","0","50.37","27.69"
"64","000","00","011","1138","0000","1657","1010","647","221","1878","3627","0","51.78","27.85"
"64","000","00","011","1138","1690","775","483","292","76","851","1707","0","49.85","28.3"
"64","000","00","011","1138","1691","882","527","355","145","1027","1920","0","53.49","27.45"
"64","000","00","012","0000","0000","164409","99747","64662","12511","176920","300510","359100","58.87","33.19"
"64","000","00","012","1201","0000","250","156","94","11","261","423","0","61.7","36.88"
"64","000","00","012","1201","1306","250","156","94","11","261","423","0","61.7","36.88"
"64","000","00","012","1202","0000","340","171","169","22","362","618","0","58.58","27.67"
"64","000","00","012","1202","1305","340","171","169","22","362","618","0","58.58","27.67"
"64","000","00","012","1203","0000","703","415","288","63","766","1312","0","58.38","31.63"
"64","000","00","012","1203","1307","703","415","288","63","766","1312","0","58.38","31.63"
"64","000","00","012","1204","0000","559","340","219","68","627","875","0","71.66","38.86"
"64","000","00","012","1204","1321","559","340","219","68","627","875","0","71.66","38.86"
"64","000","00","012","1205","0000","481","279","202","43","524","882","0","59.41","31.63"
"64","000","00","012","1205","1314","481","279","202","43","524","882","0","59.41","31.63"
"64","000","00","012","1206","0000","1175","691","484","60","1235","1982","0","62.31","34.86"
"64","000","00","012","1206","1308","433","257","176","30","463","769","0","60.21","33.42"
"64","000","00","012","1206","1309","742","434","308","30","772","1213","0","63.64","35.78"
"64","000","00","012","1207","0000","646","386","260","65","711","1080","0","65.83","35.74"
"64","000","00","012","1207","1256","646","386","260","65","711","1080","0","65.83","35.74"
"64","000","00","012","1208","0000","2017","1273","744","194","2211","3395","0","65.13","37.5"
"64","000","00","012","1208","1334","661","461","200","74","735","1159","0","63.42","39.78"
"64","000","00","012","1208","1335","616","375","241","63","679","1127","0","60.25","33.27"
"64","000","00","012","1208","1336","740","437","303","57","797","1109","0","71.87","39.4"
"64","000","00","012","1209","0000","4364","2627","1737","302","4666","8473","0","55.07","31.0"
"64","000","00","012","1209","1268","807","469","338","73","880","1496","0","58.82","31.35"
"64","000","00","012","1209","1269","972","602","370","76","1048","2094","0","50.05","28.75"
"64","000","00","012","1209","1270","886","538","348","31","917","1672","0","54.84","32.18"
"64","000","00","012","1209","1271","918","566","352","38","956","1761","0","54.29","32.14"
"64","000","00","012","1209","1272","781","452","329","84","865","1450","0","59.66","31.17"
"64","000","00","012","1210","0000","472","285","187","43","515","819","0","62.88","34.8"
"64","000","00","012","1210","1257","472","285","187","43","515","819","0","62.88","34.8"
"64","000","00","012","1211","0000","2007","1192","815","143","2150","3533","0","60.85","33.74"
"64","000","00","012","1211","1277","707","403","304","66","773","1247","0","61.99","32.32"
"64","000","00","012","1211","1278","617","374","243","45","662","1087","0","60.9","34.41"
"64","000","00","012","1211","1279","683","415","268","32","715","1199","0","59.63","34.61"
"64","000","00","012","1212","0000","2685","1589","1096","184","2869","4957","0","57.88","32.06"
"64","000","00","012","1212","1260","728","443","285","43","771","1223","0","63.04","36.22"
"64","000","00","012","1212","1261","702","396","306","48","750","1207","0","62.14","32.81"
"64","000","00","012","1212","1262","682","395","287","51","733","1339","0","54.74","29.5"
"64","000","00","012","1212","1263","573","355","218","42","615","1188","0","51.77","29.88"
"64","000","00","012","1213","0000","1267","780","487","89","1356","2465","0","55.01","31.64"
"64","000","00","012","1213","1340","753","467","286","65","818","1432","0","57.12","32.61"
"64","000","00","012","1213","1341","514","313","201","24","538","1033","0","52.08","30.3"
"64","000","00","012","1214","0000","3116","1931","1185","204","3320","5972","0","55.59","32.33"
"64","000","00","012","1214","1362","787","466","321","58","845","1521","0","55.56","30.64"
"64","000","00","012","1214","1363","694","423","271","50","744","1407","0","52.88","30.06"
"64","000","00","012","1214","1364","877","551","326","61","938","1542","0","60.83","35.73"
"64","000","00","012","1214","1365","758","491","267","35","793","1502","0","52.8","32.69"
"64","000","00","012","1215","0000","2356","1614","742","158","2514","4111","0","61.15","39.26"
"64","000","00","012","1215","1366","769","495","274","66","835","1320","0","63.26","37.5"
"64","000","00","012","1215","1367","808","568","240","43","851","1507","0","56.47","37.69"
"64","000","00","012","1215","1368","779","551","228","49","828","1284","0","64.49","42.91"
"64","000","00","012","1216","0000","2522","1506","1016","231","2753","4722","0","58.3","31.89"
"64","000","00","012","1216","1445","580","353","227","53","633","1058","0","59.83","33.36"
"64","000","00","012","1216","1446","580","366","214","63","643","976","0","65.88","37.5"
"64","000","00","012","1216","1447","747","446","301","56","803","1545","0","51.97","28.87"
"64","000","00","012","1216","1448","615","341","274","59","674","1143","0","58.97","29.83"
"64","000","00","012","1217","0000","3400","2071","1329","303","3703","6769","0","54.71","30.6"
"64","000","00","012","1217","1407","644","383","261","52","696","1314","0","52.97","29.15"
"64","000","00","012","1217","1408","765","474","291","50","815","1649","0","49.42","28.74"
"64","000","00","012","1217","1409","787","484","303","111","898","1601","0","56.09","30.23"
"64","000","00","012","1217","1410","619","392","227","32","651","1155","0","56.36","33.94"
"64","000","00","012","1217","1411","585","338","247","58","643","1050","0","61.24","32.19"
"64","000","00","012","1218","0000","2808","1706","1102","229","3037","4988","0","60.89","34.2"
"64","000","00","012","1218","1342","705","417","288","95","800","1253","0","63.85","33.28"
"64","000","00","012","1218","1343","677","397","280","37","714","1217","0","58.67","32.62"
"64","000","00","012","1218","1344","765","482","283","53","818","1267","0","64.56","38.04"
"64","000","00","012","1218","1345","661","410","251","44","705","1251","0","56.35","32.77"
"64","000","00","012","1219","0000","2707","1673","1034","179","2886","4562","0","63.26","36.67"
"64","000","00","012","1219","1325","626","374","252","41","667","974","0","68.48","38.4"
"64","000","00","012","1219","1326","553","349","204","49","602","987","0","60.99","35.36"
"64","000","00","012","1219","1327","752","488","264","33","785","1210","0","64.88","40.33"
"64","000","00","012","1219","1328","776","462","314","56","832","1391","0","59.81","33.21"
"64","000","00","012","1220","0000","2282","1469","813","124","2406","3682","0","65.34","39.9"
"64","000","00","012","1220","1337","1131","709","422","71","1202","1879","0","63.97","37.73"
"64","000","00","012","1220","1338","1151","760","391","53","1204","1803","0","66.78","42.15"
"64","000","00","012","1221","0000","887","498","389","127","1014","2513","0","40.35","19.82"
"64","000","00","012","1221","1316","468","261","207","69","537","853","0","62.95","30.6"
"64","000","00","012","1221","1317","419","237","182","58","477","1660","0","28.73","14.28"
"64","000","00","012","1222","0000","1567","976","591","145","1712","2926","0","58.51","33.36"
"64","000","00","012","1222","1369","740","454","286","53","793","1441","0","55.03","31.51"
"64","000","00","012","1222","1370","827","522","305","92","919","1485","0","61.89","35.15"
"64","000","00","012","1224","0000","1850","1104","746","107","1957","3411","0","57.37","32.37"
"64","000","00","012","1224","1275","1001","588","413","71","1072","1713","0","62.58","34.33"
"64","000","00","012","1224","1276","849","516","333","36","885","1698","0","52.12","30.39"
"64","000","00","012","1225","0000","1538","903","635","77","1615","2870","0","56.27","31.46"
"64","000","00","012","1225","1387","807","487","320","30","837","1525","0","54.89","31.93"
"64","000","00","012","1225","1388","731","416","315","47","778","1345","0","57.84","30.93"
"64","000","00","012","1226","0000","2680","1583","1097","181","2861","4708","0","60.77","33.62"
"64","000","00","012","1226","1383","520","291","229","49","569","942","0","60.4","30.89"
"64","000","00","012","1226","1384","619","379","240","40","659","1206","0","54.64","31.43"
"64","000","00","012","1226","1385","708","408","300","39","747","1159","0","64.45","35.2"
"64","000","00","012","1226","1386","833","505","328","53","886","1401","0","63.24","36.05"
"64","000","00","012","1227","0000","3480","2030","1450","355","3835","6189","0","61.96","32.8"
"64","000","00","012","1227","1429","804","490","314","64","868","1405","0","61.78","34.88"
"64","000","00","012","1227","1430","631","353","278","81","712","1097","0","64.9","32.18"
"64","000","00","012","1227","1431","715","405","310","99","814","1248","0","65.22","32.45"
"64","000","00","012","1227","1432","685","407","278","77","762","1225","0","62.2","33.22"
"64","000","00","012","1227","1433","645","375","270","34","679","1214","0","55.93","30.89"
"64","000","00","012","1228","0000","1722","994","728","202","1924","3269","0","58.86","30.41"
"64","000","00","012","1228","1437","504","272","232","64","568","968","0","58.68","28.1"
"64","000","00","012","1228","1438","617","375","242","66","683","1200","0","56.92","31.25"
"64","000","00","012","1228","1439","601","347","254","72","673","1101","0","61.13","31.52"
"64","000","00","012","1229","0000","2994","1754","1240","295","3289","5759","0","57.11","30.46"
"64","000","00","012","1229","1474","547","336","211","61","608","1042","0","58.35","32.25"
"64","000","00","012","1229","1475","596","346","250","65","661","1098","0","60.2","31.51"
"64","000","00","012","1229","1476","627","354","273","32","659","1284","0","51.32","27.57"
"64","000","00","012","1229","1477","620","359","261","54","674","1242","0","54.27","28.9"
"64","000","00","012","1229","1478","604","359","245","83","687","1093","0","62.85","32.85"
"64","000","00","012","1230","0000","2984","1899","1085","271","3255","5398","0","60.3","35.18"
"64","000","00","012","1230","1349","813","500","313","49","862","1588","0","54.28","31.49"
"64","000","00","012","1230","1350","734","528","206","71","805","1255","0","64.14","42.07"
"64","000","00","012","1230","1351","704","422","282","64","768","1264","0","60.76","33.39"
"64","000","00","012","1230","1352","733","449","284","87","820","1291","0","63.52","34.78"
"64","000","00","012","1231","0000","2662","1705","957","201","2863","4819","0","59.41","35.38"
"64","000","00","012","1231","1346","865","540","325","89","954","1563","0","61.04","34.55"
"64","000","00","012","1231","1347","1000","700","300","72","1072","1888","0","56.78","37.08"
"64","000","00","012","1231","1348","797","465","332","40","837","1368","0","61.18","33.99"
"64","000","00","012","1232","0000","1754","1041","713","160","1914","3455","0","55.4","30.13"
"64","000","00","012","1232","1465","586","330","256","69","655","1154","0","56.76","28.6"
"64","000","00","012","1232","1466","631","380","251","65","696","1153","0","60.36","32.96"
"64","000","00","012","1232","1467","537","331","206","26","563","1148","0","49.04","28.83"
"64","000","00","012","1233","0000","2957","1773","1184","214","3171","5211","0","60.85","34.02"
"64","000","00","012","1233","1397","704","411","293","34","738","1388","0","53.17","29.61"
"64","000","00","012","1233","1398","688","409","279","89","777","1241","0","62.61","32.96"
"64","000","00","012","1233","1399","816","499","317","63","879","1394","0","63.06","35.8"
"64","000","00","012","1233","1400","749","454","295","28","777","1188","0","65.4","38.22"
"64","000","00","012","1234","0000","2084","1205","879","161","2245","3815","0","58.85","31.59"
"64","000","00","012","1234","1371","649","363","286","62","711","1205","0","59.0","30.12"
"64","000","00","012","1234","1372","669","373","296","35","704","1284","0","54.83","29.05"
"64","000","00","012","1234","1373","766","469","297","64","830","1326","0","62.59","35.37"
"64","000","00","012","1235","0000","3218","1977","1241","197","3415","5984","0","57.07","33.04"
"64","000","00","012","1235","1359","1097","664","433","80","1177","2173","0","54.16","30.56"
"64","000","00","012","1235","1360","1235","768","467","77","1312","2255","0","58.18","34.06"
"64","000","00","012","1235","1361","886","545","341","40","926","1556","0","59.51","35.03"
"64","000","00","012","1236","0000","2034","1195","839","122","2156","3999","0","53.91","29.88"
"64","000","00","012","1236","1404","606","367","239","49","655","1216","0","53.87","30.18"
"64","000","00","012","1236","1405","626","365","261","41","667","1318","0","50.61","27.69"
"64","000","00","012","1236","1406","802","463","339","32","834","1465","0","56.93","31.6"
"64","000","00","012","1237","0000","1932","1023","909","178","2110","3295","0","64.04","31.05"
"64","000","00","012","1237","1374","622","366","256","32","654","1096","0","59.67","33.39"
"64","000","00","012","1237","1375","675","397","278","85","760","1182","0","64.3","33.59"
"64","000","00","012","1237","1376","635","260","375","61","696","1017","0","68.44","25.57"
"64","000","00","012","1238","0000","1263","713","550","130","1393","2479","0","56.19","28.76"
"64","000","00","012","1238","1377","634","343","291","86","720","1198","0","60.1","28.63"
"64","000","00","012","1238","1378","629","370","259","44","673","1281","0","52.54","28.88"
"64","000","00","012","1239","0000","4824","3029","1795","271","5095","8716","0","58.46","34.75"
"64","000","00","012","1239","1291","1012","637","375","51","1063","1751","0","60.71","36.38"
"64","000","00","012","1239","1292","1005","611","394","47","1052","1758","0","59.84","34.76"
"64","000","00","012","1239","1293","945","604","341","91","1036","1749","0","59.23","34.53"
"64","000","00","012","1239","1294","941","587","354","33","974","1746","0","55.78","33.62"
"64","000","00","012","1239","1295","921","590","331","49","970","1712","0","56.66","34.46"
"64","000","00","012","1240","0000","7072","4412","2660","392","7464","12977","0","57.52","34.0"
"64","000","00","012","1240","1421","828","493","335","55","883","1688","0","52.31","29.21"
"64","000","00","012","1240","1422","890","576","314","80","970","1657","0","58.54","34.76"
"64","000","00","012","1240","1423","862","515","347","44","906","1729","0","52.4","29.79"
"64","000","00","012","1240","1424","932","578","354","59","991","1628","0","60.87","35.5"
"64","000","00","012","1240","1425","911","566","345","26","937","1891","0","49.55","29.93"
"64","000","00","012","1240","1426","938","580","358","53","991","1594","0","62.17","36.39"
"64","000","00","012","1240","1427","818","527","291","20","838","1342","0","62.44","39.27"
"64","000","00","012","1240","1428","893","577","316","55","948","1448","0","65.47","39.85"
"64","000","00","012","1241","0000","1106","644","462","104","1210","1926","0","62.82","33.44"
"64","000","00","012","1241","1258","471","267","204","61","532","851","0","62.51","31.37"
"64","000","00","012","1241","1259","635","377","258","43","678","1075","0","63.07","35.07"
"64","000","00","012","1242","0000","1903","1116","787","151","2054","3418","0","60.09","32.65"
"64","000","00","012","1242","1318","654","391","263","42","696","1124","0","61.92","34.79"
"64","000","00","012","1242","1319","636","352","284","57","693","1112","0","62.32","31.65"
"64","000","00","012","1242","1320","613","373","240","52","665","1182","0","56.26","31.56"
"64","000","00","012","1243","0000","1698","964","734","238","1936","2966","0","65.27","32.5"
"64","000","00","012","1243","1471","591","338","253","50","641","1026","0","62.48","32.94"
"64","000","00","012","1243","1472","568","301","267","106","674","993","0","67.88","30.31"
"64","000","00","012","1243","1473","539","325","214","82","621","947","0","65.58","34.32"
"64","000","00","012","1244","0000","3194","2002","1192","213","3407","5672","0","60.07","35.3"
"64","000","00","012","1244","1329","601","339","262","25","626","1241","0","50.44","27.32"
"64","000","00","012","1244","1330","602","361","241","44","646","1000","0","64.6","36.1"
"64","000","00","012","1244","1331","631","398","233","40","671","1092","0","61.45","36.45"
"64","000","00","012","1244","1332","770","531","239","45","815","1308","0","62.31","40.6"
"64","000","00","012","1244","1333","590","373","217","59","649","1031","0","62.95","36.18"
"64","000","00","012","1245","0000","1014","676","338","95","1109","2045","0","54.23","33.06"
"64","000","00","012","1245","1339","1014","676","338","95","1109","2045","0","54.23","33.06"
"64","000","00","012","1246","0000","2796","1674","1122","165","2961","4742","0","62.44","35.3"
"64","000","00","012","1246","1310","688","410","278","44","732","1107","0","66.12","37.04"
"64","000","00","012","1246","1311","677","388","289","37","714","1188","0","60.1","32.66"
"64","000","00","012","1246","1312","697","475","222","38","735","1183","0","62.13","40.15"
"64","000","00","012","1246","1313","734","401","333","46","780","1264","0","61.71","31.72"
"64","000","00","012","1247","0000","1951","1194","757","147","2098","3351","0","62.61","35.63"
"64","000","00","012","1247","1322","585","336","249","56","641","1040","0","61.63","32.31"
"64","000","00","012","1247","1323","667","401","266","33","700","1094","0","63.99","36.65"
"64","000","00","012","1247","1324","699","457","242","58","757","1217","0","62.2","37.55"
"64","000","00","012","1248","0000","3248","1983","1265","256","3504","6178","0","56.72","32.1"
"64","000","00","012","1248","1286","612","391","221","37","649","1247","0","52.04","31.36"
"64","000","00","012","1248","1287","778","458","320","70","848","1538","0","55.14","29.78"
"64","000","00","012","1248","1288","580","335","245","44","624","1097","0","56.88","30.54"
"64","000","00","012","1248","1289","610","364","246","41","651","1221","0","53.32","29.81"
"64","000","00","012","1248","1290","668","435","233","64","732","1075","0","68.09","40.47"
"64","000","00","012","1249","0000","2381","1404","977","224","2605","4308","0","60.47","32.59"
"64","000","00","012","1249","1481","741","439","302","66","807","1309","0","61.65","33.54"
"64","000","00","012","1249","1482","890","530","360","63","953","1627","0","58.57","32.58"
"64","000","00","012","1249","1483","750","435","315","95","845","1372","0","61.59","31.71"
"64","000","00","012","1250","0000","1375","872","503","87","1462","2520","0","58.02","34.6"
"64","000","00","012","1250","1353","663","431","232","41","704","1224","0","57.52","35.21"
"64","000","00","012","1250","1354","712","441","271","46","758","1296","0","58.49","34.03"
"64","000","00","012","1251","0000","647","391","256","62","709","1007","0","70.41","38.83"
"64","000","00","012","1251","1315","647","391","256","62","709","1007","0","70.41","38.83"
"64","000","00","012","1253","0000","2230","1369","861","226","2456","4102","0","59.87","33.37"
"64","000","00","012","1253","1264","588","380","208","55","643","1055","0","60.95","36.02"
"64","000","00","012","1253","1265","565","365","200","73","638","1109","0","57.53","32.91"
"64","000","00","012","1253","1266","475","271","204","44","519","756","0","68.65","35.85"
"64","000","00","012","1253","1267","602","353","249","54","656","1182","0","55.5","29.86"
"64","000","00","012","1254","0000","880","521","359","61","941","2551","0","36.89","20.42"
"64","000","00","012","1254","1449","319","187","132","18","337","1301","0","25.9","14.37"
"64","000","00","012","1254","1450","561","334","227","43","604","1250","0","48.32","26.72"
"64","000","00","012","1255","0000","4416","2633","1783","349","4765","7753","0","61.46","33.96"
"64","000","00","012","1255","1459","758","470","288","35","793","1291","0","61.43","36.41"
"64","000","00","012","1255","1460","519","315","204","75","594","938","0","63.33","33.58"
"64","000","00","012","1255","1461","998","603","395","52","1050","1783","0","58.89","33.82"
"64","000","00","012","1255","1462","632","367","265","42","674","1105","0","61.0","33.21"
"64","000","00","012","1255","1463","725","421","304","98","823","1392","0","59.12","30.24"
"64","000","00","012","1255","1464","784","457","327","47","831","1244","0","66.8","36.74"
"64","000","00","012","1256","0000","4549","2786","1763","243","4792","8179","0","58.59","34.06"
"64","000","00","012","1256","1280","841","580","261","59","900","1559","0","57.73","37.2"
"64","000","00","012","1256","1281","695","414","281","47","742","1233","0","60.18","33.58"
"64","000","00","012","1256","1282","720","418","302","52","772","1277","0","60.45","32.73"
"64","000","00","012","1256","1283","812","531","281","24","836","1481","0","56.45","35.85"
"64","000","00","012","1256","1284","715","421","294","24","739","1154","0","64.04","36.48"
"64","000","00","012","1256","1285","766","422","344","37","803","1475","0","54.44","28.61"
"64","000","00","012","1257","0000","2047","1227","820","210","2257","4340","0","52.0","28.27"
"64","000","00","012","1257","1468","689","416","273","137","826","1432","0","57.68","29.05"
"64","000","00","012","1257","1469","572","337","235","38","610","1429","0","42.69","23.58"
"64","000","00","012","1257","1470","786","474","312","35","821","1479","0","55.51","32.05"
"64","000","00","012","1258","0000","1378","829","549","116","1494","2689","0","55.56","30.83"
"64","000","00","012","1258","1273","714","443","271","45","759","1455","0","52.16","30.45"
"64","000","00","012","1258","1274","664","386","278","71","735","1234","0","59.56","31.28"
"64","000","00","012","1259","0000","2276","1344","932","143","2419","4003","0","60.43","33.57"
"64","000","00","012","1259","1296","723","413","310","28","751","1247","0","60.22","33.12"
"64","000","00","012","1259","1297","794","480","314","63","857","1409","0","60.82","34.07"
"64","000","00","012","1259","1298","759","451","308","52","811","1347","0","60.21","33.48"
"64","000","00","012","1260","0000","5163","3236","1927","230","5393","9265","0","58.21","34.93"
"64","000","00","012","1260","1299","977","625","352","25","1002","1771","0","56.58","35.29"
"64","000","00","012","1260","1300","855","513","342","23","878","1537","0","57.12","33.38"
"64","000","00","012","1260","1301","915","571","344","36","951","1605","0","59.25","35.58"
"64","000","00","012","1260","1302","771","483","288","57","828","1375","0","60.22","35.13"
"64","000","00","012","1260","1303","818","514","304","57","875","1393","0","62.81","36.9"
"64","000","00","012","1260","1304","827","530","297","32","859","1584","0","54.23","33.46"
"64","000","00","012","1261","0000","1202","773","429","105","1307","2055","0","63.6","37.62"
"64","000","00","012","1261","1355","504","316","188","52","556","826","0","67.31","38.26"
"64","000","00","012","1261","1356","698","457","241","53","751","1229","0","61.11","37.18"
"64","000","00","012","1262","0000","1530","969","561","114","1644","2685","0","61.23","36.09"
"64","000","00","012","1262","1357","842","555","287","57","899","1467","0","61.28","37.83"
"64","000","00","012","1262","1358","688","414","274","57","745","1218","0","61.17","33.99"
"64","000","00","012","1263","0000","1576","916","660","99","1675","2584","0","64.82","35.45"
"64","000","00","012","1263","1379","816","449","367","46","862","1358","0","63.48","33.06"
"64","000","00","012","1263","1380","760","467","293","53","813","1226","0","66.31","38.09"
"64","000","00","012","1264","0000","1328","781","547","110","1438","2298","0","62.58","33.99"
"64","000","00","012","1264","1381","646","382","264","71","717","1098","0","65.3","34.79"
"64","000","00","012","1264","1382","682","399","283","39","721","1200","0","60.08","33.25"
"64","000","00","012","1265","0000","2167","1269","898","152","2319","3785","0","61.27","33.53"
"64","000","00","012","1265","1401","627","362","265","49","676","1112","0","60.79","32.55"
"64","000","00","012","1265","1402","735","413","322","54","789","1198","0","65.86","34.47"
"64","000","00","012","1265","1403","805","494","311","49","854","1475","0","57.9","33.49"
"64","000","00","012","1266","0000","1280","730","550","56","1336","2286","0","58.44","31.93"
"64","000","00","012","1266","1389","715","402","313","32","747","1180","0","63.31","34.07"
"64","000","00","012","1266","1390","565","328","237","24","589","1106","0","53.25","29.66"
"64","000","00","012","1267","0000","2520","1548","972","161","2681","4313","0","62.16","35.89"
"64","000","00","012","1267","1394","755","467","288","30","785","1361","0","57.68","34.31"
"64","000","00","012","1267","1395","817","481","336","71","888","1416","0","62.71","33.97"
"64","000","00","012","1267","1396","948","600","348","60","1008","1536","0","65.63","39.06"
"64","000","00","012","1268","0000","2333","1386","947","182","2515","4061","0","61.93","34.13"
"64","000","00","012","1268","1391","837","512","325","79","916","1442","0","63.52","35.51"
"64","000","00","012","1268","1392","791","467","324","67","858","1376","0","62.35","33.94"
"64","000","00","012","1268","1393","705","407","298","36","741","1243","0","59.61","32.74"
"64","000","00","012","1269","0000","1341","834","507","92","1433","2515","0","56.98","33.16"
"64","000","00","012","1269","1415","648","405","243","59","707","1190","0","59.41","34.03"
"64","000","00","012","1269","1416","693","429","264","33","726","1325","0","54.79","32.38"
"64","000","00","012","1270","0000","2456","1465","991","186","2642","4481","0","58.96","32.69"
"64","000","00","012","1270","1417","595","349","246","60","655","1049","0","62.44","33.27"
"64","000","00","012","1270","1418","573","359","214","37","610","1026","0","59.45","34.99"
"64","000","00","012","1270","1419","663","392","271","60","723","1152","0","62.76","34.03"
"64","000","00","012","1270","1420","625","365","260","29","654","1254","0","52.15","29.11"
"64","000","00","012","1271","0000","2364","1439","925","175","2539","4456","0","56.98","32.29"
"64","000","00","012","1271","1412","706","431","275","24","730","1417","0","51.52","30.42"
"64","000","00","012","1271","1413","804","485","319","83","887","1525","0","58.16","31.8"
"64","000","00","012","1271","1414","854","523","331","68","922","1514","0","60.9","34.54"
"64","000","00","012","1272","0000","2396","1417","979","192","2588","4447","0","58.2","31.86"
"64","000","00","012","1272","1440","691","404","287","58","749","1369","0","54.71","29.51"
"64","000","00","012","1272","1441","813","481","332","77","890","1542","0","57.72","31.19"
"64","000","00","012","1272","1442","892","532","360","57","949","1536","0","61.78","34.64"
"64","000","00","012","1273","0000","1481","830","651","141","1622","2834","0","57.23","29.29"
"64","000","00","012","1273","1443","697","420","277","43","740","1382","0","53.55","30.39"
"64","000","00","012","1273","1444","784","410","374","98","882","1452","0","60.74","28.24"
"64","000","00","012","1274","0000","1381","826","555","111","1492","2432","0","61.35","33.96"
"64","000","00","012","1274","1455","648","397","251","70","718","1125","0","63.82","35.29"
"64","000","00","012","1274","1456","733","429","304","41","774","1307","0","59.22","32.82"
"64","000","00","012","1275","0000","2866","1738","1128","313","3179","5431","0","58.53","32.0"
"64","000","00","012","1275","1451","640","389","251","68","708","1208","0","58.61","32.2"
"64","000","00","012","1275","1452","658","402","256","86","744","1202","0","61.9","33.44"
"64","000","00","012","1275","1453","786","476","310","88","874","1499","0","58.31","31.75"
"64","000","00","012","1275","1454","782","471","311","71","853","1522","0","56.04","30.95"
"64","000","00","012","1276","0000","1435","883","552","156","1591","2657","0","59.88","33.23"
"64","000","00","012","1276","1457","762","459","303","76","838","1405","0","59.64","32.67"
"64","000","00","012","1276","1458","673","424","249","80","753","1252","0","60.14","33.87"
"64","000","00","012","1277","0000","1381","806","575","84","1465","2706","0","54.14","29.79"
"64","000","00","012","1277","1479","698","396","302","61","759","1353","0","56.1","29.27"
"64","000","00","012","1277","1480","683","410","273","23","706","1353","0","52.18","30.3"
"64","000","00","012","1278","0000","3461","2304","1157","261","3722","6056","0","61.46","38.04"
"64","000","00","012","1278","1434","1160","702","458","102","1262","2032","0","62.11","34.55"
"64","000","00","012","1278","1435","1073","644","429","81","1154","1927","0","59.89","33.42"
"64","000","00","012","1278","1436","1228","958","270","78","1306","2097","0","62.28","45.68"
"64","000","00","013","0000","0000","29502","17898","11604","2976","32478","59129","69829","54.93","30.27"
"64","000","00","013","1301","0000","1416","850","566","173","1589","2824","0","56.27","30.1"
"64","000","00","013","1301","1773","670","391","279","93","763","1262","0","60.46","30.98"
"64","000","00","013","1301","1774","746","459","287","80","826","1562","0","52.88","29.39"
"64","000","00","013","1302","0000","1756","1037","719","149","1905","3252","0","58.58","31.89"
"64","000","00","013","1302","1775","565","343","222","33","598","1078","0","55.47","31.82"
"64","000","00","013","1302","1776","571","351","220","58","629","979","0","64.25","35.85"
"64","000","00","013","1302","1777","620","343","277","58","678","1195","0","56.74","28.7"
"64","000","00","013","1303","0000","1919","1143","776","221","2140","3929","0","54.47","29.09"
"64","000","00","013","1303","1778","674","383","291","81","755","1380","0","54.71","27.75"
"64","000","00","013","1303","1779","642","372","270","90","732","1280","0","57.19","29.06"
"64","000","00","013","1303","1780","603","388","215","50","653","1269","0","51.46","30.58"
"64","000","00","013","1304","0000","1315","822","493","88","1403","2794","0","50.21","29.42"
"64","000","00","013","1304","1781","639","379","260","29","668","1568","0","42.6","24.17"
"64","000","00","013","1304","1782","676","443","233","59","735","1226","0","59.95","36.13"
"64","000","00","013","1305","0000","1536","983","553","141","1677","2939","0","57.06","33.45"
"64","000","00","013","1305","1783","749","486","263","64","813","1480","0","54.93","32.84"
"64","000","00","013","1305","1784","787","497","290","77","864","1459","0","59.22","34.06"
"64","000","00","013","1306","0000","1227","731","496","139","1366","2488","0","54.9","29.38"
"64","000","00","013","1306","1785","758","452","306","67","825","1593","0","51.79","28.37"
"64","000","00","013","1306","1786","469","279","190","72","541","895","0","60.45","31.17"
"64","000","00","013","1307","0000","2312","1369","943","250","2562","4455","0","57.51","30.73"
"64","000","00","013","1307","1787","534","307","227","44","578","1110","0","52.07","27.66"
"64","000","00","013","1307","1788","654","386","268","80","734","1348","0","54.45","28.64"
"64","000","00","013","1307","1789","490","286","204","56","546","912","0","59.87","31.36"
"64","000","00","013","1307","1790","634","390","244","70","704","1085","0","64.88","35.94"
"64","000","00","013","1308","0000","952","564","388","110","1062","1834","0","57.91","30.75"
"64","000","00","013","1308","1791","478","284","194","40","518","955","0","54.24","29.74"
"64","000","00","013","1308","1792","474","280","194","70","544","879","0","61.89","31.85"
"64","000","00","013","1309","0000","1761","1093","668","177","1938","3449","0","56.19","31.69"
"64","000","00","013","1309","1793","572","361","211","75","647","1103","0","58.66","32.73"
"64","000","00","013","1309","1794","601","376","225","82","683","1054","0","64.8","35.67"
"64","000","00","013","1309","1795","588","356","232","20","608","1292","0","47.06","27.55"
"64","000","00","013","1310","0000","728","440","288","40","768","1683","0","45.63","26.14"
"64","000","00","013","1310","1796","728","440","288","40","768","1683","0","45.63","26.14"
"64","000","00","013","1311","0000","813","492","321","129","942","1619","0","58.18","30.39"
"64","000","00","013","1311","1797","311","195","116","39","350","607","0","57.66","32.13"
"64","000","00","013","1311","1798","502","297","205","90","592","1012","0","58.5","29.35"
"64","000","00","013","1312","0000","949","594","355","99","1048","1960","0","53.47","30.31"
"64","000","00","013","1312","1799","550","341","209","70","620","1046","0","59.27","32.6"
"64","000","00","013","1312","1800","399","253","146","29","428","914","0","46.83","27.68"
"64","000","00","013","1313","0000","2037","1229","808","217","2254","3874","0","58.18","31.72"
"64","000","00","013","1313","1801","739","431","308","84","823","1405","0","58.58","30.68"
"64","000","00","013","1313","1802","705","444","261","87","792","1299","0","60.97","34.18"
"64","000","00","013","1313","1803","593","354","239","46","639","1170","0","54.62","30.26"
"64","000","00","013","1314","0000","561","322","239","41","602","1299","0","46.34","24.79"
"64","000","00","013","1314","1804","561","322","239","41","602","1299","0","46.34","24.79"
"64","000","00","013","1315","0000","943","560","383","81","1024","1880","0","54.47","29.79"
"64","000","00","013","1315","1805","536","317","219","50","586","1031","0","56.84","30.75"
"64","000","00","013","1315","1806","407","243","164","31","438","849","0","51.59","28.62"
"64","000","00","013","1316","0000","865","520","345","118","983","1776","0","55.35","29.28"
"64","000","00","013","1316","1807","386","207","179","74","460","838","0","54.89","24.7"
"64","000","00","013","1316","1808","479","313","166","44","523","938","0","55.76","33.37"
"64","000","00","013","1317","0000","890","519","371","111","1001","1837","0","54.49","28.25"
"64","000","00","013","1317","1809","475","291","184","48","523","1051","0","49.76","27.69"
"64","000","00","013","1317","1810","415","228","187","63","478","786","0","60.81","29.01"
"64","000","00","013","1318","0000","480","274","206","71","551","894","0","61.63","30.65"
"64","000","00","013","1318","1811","480","274","206","71","551","894","0","61.63","30.65"
"64","000","00","013","1319","0000","252","171","81","25","277","749","0","36.98","22.83"
"64","000","00","013","1319","1812","252","171","81","25","277","749","0","36.98","22.83"
"64","000","00","013","1320","0000","1594","972","622","175","1769","2963","0","59.7","32.8"
"64","000","00","013","1320","1813","825","502","323","50","875","1485","0","58.92","33.8"
"64","000","00","013","1320","1814","769","470","299","125","894","1478","0","60.49","31.8"
"64","000","00","013","1321","0000","1309","791","518","123","1432","2383","0","60.09","33.19"
"64","000","00","013","1321","1815","786","482","304","72","858","1345","0","63.79","35.84"
"64","000","00","013","1321","1816","523","309","214","51","574","1038","0","55.3","29.77"
"64","000","00","013","1322","0000","1737","1029","708","99","1836","3366","0","54.55","30.57"
"64","000","00","013","1322","1817","662","403","259","33","695","1203","0","57.77","33.5"
"64","000","00","013","1322","1818","604","342","262","39","643","1138","0","56.5","30.05"
"64","000","00","013","1322","1819","471","284","187","27","498","1025","0","48.59","27.71"
"64","000","00","013","1323","0000","1215","828","387","132","1347","2559","0","52.64","32.36"
"64","000","00","013","1323","1820","699","423","276","90","789","1341","0","58.84","31.54"
"64","000","00","013","1323","1821","516","405","111","42","558","1218","0","45.81","33.25"
"64","000","00","013","1324","0000","935","565","370","67","1002","2323","0","43.13","24.32"
"64","000","00","013","1324","1822","460","284","176","32","492","1147","0","42.89","24.76"
"64","000","00","013","1324","1823","475","281","194","35","510","1176","0","43.37","23.89"
"64","000","00","014","0000","0000","50549","29648","20901","4348","54897","97309","112334","56.42","30.47"
"64","000","00","014","1401","0000","651","359","292","54","705","1445","0","48.79","24.84"
"64","000","00","014","1401","1692","332","196","136","34","366","727","0","50.34","26.96"
"64","000","00","014","1401","1693","319","163","156","20","339","718","0","47.21","22.7"
"64","000","00","014","1402","0000","2505","1511","994","218","2723","5733","0","47.5","26.36"
"64","000","00","014","1402","1694","602","369","233","63","665","1340","0","49.63","27.54"
"64","000","00","014","1402","1695","674","410","264","65","739","1575","0","46.92","26.03"
"64","000","00","014","1402","1696","235","128","107","27","262","444","0","59.01","28.83"
"64","000","00","014","1402","1697","994","604","390","63","1057","2374","0","44.52","25.44"
"64","000","00","014","1403","0000","3343","2035","1308","332","3675","6681","0","55.01","30.46"
"64","000","00","014","1403","1698","647","423","224","82","729","1291","0","56.47","32.77"
"64","000","00","014","1403","1699","717","417","300","95","812","1400","0","58.0","29.79"
"64","000","00","014","1403","1700","702","413","289","35","737","1390","0","53.02","29.71"
"64","000","00","014","1403","1701","698","419","279","82","780","1401","0","55.67","29.91"
"64","000","00","014","1403","1702","579","363","216","38","617","1199","0","51.46","30.28"
"64","000","00","014","1404","0000","1166","667","499","86","1252","2405","0","52.06","27.73"
"64","000","00","014","1404","1703","550","304","246","37","587","1210","0","48.51","25.12"
"64","000","00","014","1404","1704","616","363","253","49","665","1195","0","55.65","30.38"
"64","000","00","014","1405","0000","2270","1332","938","193","2463","4595","0","53.6","28.99"
"64","000","00","014","1405","1705","566","319","247","34","600","1166","0","51.46","27.36"
"64","000","00","014","1405","1706","699","392","307","46","745","1353","0","55.06","28.97"
"64","000","00","014","1405","1707","574","332","242","82","656","1052","0","62.36","31.56"
"64","000","00","014","1405","1708","431","289","142","31","462","1024","0","45.12","28.22"
"64","000","00","014","1406","0000","2236","1319","917","222","2458","4334","0","56.71","30.43"
"64","000","00","014","1406","1709","631","359","272","31","662","1189","0","55.68","30.19"
"64","000","00","014","1406","1710","813","514","299","103","916","1512","0","60.58","33.99"
"64","000","00","014","1406","1711","792","446","346","88","880","1633","0","53.89","27.31"
"64","000","00","014","1407","0000","2085","1228","857","204","2289","3795","0","60.32","32.36"
"64","000","00","014","1407","1712","649","366","283","81","730","1214","0","60.13","30.15"
"64","000","00","014","1407","1713","715","445","270","91","806","1258","0","64.07","35.37"
"64","000","00","014","1407","1714","721","417","304","32","753","1323","0","56.92","31.52"
"64","000","00","014","1408","0000","1347","789","558","134","1481","2288","0","64.73","34.48"
"64","000","00","014","1408","1715","708","447","261","50","758","1253","0","60.49","35.67"
"64","000","00","014","1408","1716","639","342","297","84","723","1035","0","69.86","33.04"
"64","000","00","014","1409","0000","5730","3336","2394","471","6201","10761","0","57.62","31.0"
"64","000","00","014","1409","1717","572","330","242","40","612","1106","0","55.33","29.84"
"64","000","00","014","1409","1718","636","374","262","51","687","1195","0","57.49","31.3"
"64","000","00","014","1409","1719","576","231","345","22","598","1051","0","56.9","21.98"
"64","000","00","014","1409","1720","762","450","312","91","853","1425","0","59.86","31.58"
"64","000","00","014","1409","1721","843","510","333","71","914","1635","0","55.9","31.19"
"64","000","00","014","1409","1722","745","478","267","65","810","1359","0","59.6","35.17"
"64","000","00","014","1409","1723","734","439","295","72","806","1361","0","59.22","32.26"
"64","000","00","014","1409","1724","862","524","338","59","921","1629","0","56.54","32.17"
"64","000","00","014","1410","0000","3967","2350","1617","247","4214","7606","0","55.4","30.9"
"64","000","00","014","1410","1725","837","455","382","49","886","1518","0","58.37","29.97"
"64","000","00","014","1410","1726","820","482","338","77","897","1620","0","55.37","29.75"
"64","000","00","014","1410","1727","836","498","338","26","862","1648","0","52.31","30.22"
"64","000","00","014","1410","1728","745","480","265","55","800","1385","0","57.76","34.66"
"64","000","00","014","1410","1729","729","435","294","40","769","1435","0","53.59","30.31"
"64","000","00","014","1411","0000","924","541","383","65","989","1835","0","53.9","29.48"
"64","000","00","014","1411","1730","546","320","226","22","568","1046","0","54.3","30.59"
"64","000","00","014","1411","1731","378","221","157","43","421","789","0","53.36","28.01"
"64","000","00","014","1412","0000","846","487","359","79","925","1642","0","56.33","29.66"
"64","000","00","014","1412","1732","449","255","194","43","492","909","0","54.13","28.05"
"64","000","00","014","1412","1733","397","232","165","36","433","733","0","59.07","31.65"
"64","000","00","014","1413","0000","1303","678","625","45","1348","2475","0","54.46","27.39"
"64","000","00","014","1413","1734","827","409","418","18","845","1553","0","54.41","26.34"
"64","000","00","014","1413","1735","476","269","207","27","503","922","0","54.56","29.18"
"64","000","00","014","1414","0000","1500","784","716","187","1687","3001","0","56.21","26.12"
"64","000","00","014","1414","1736","509","287","222","83","592","1012","0","58.5","28.36"
"64","000","00","014","1414","1737","472","177","295","70","542","968","0","55.99","18.29"
"64","000","00","014","1414","1738","519","320","199","34","553","1021","0","54.16","31.34"
"64","000","00","014","1415","0000","681","412","269","80","761","1554","0","48.97","26.51"
"64","000","00","014","1415","1739","681","412","269","80","761","1554","0","48.97","26.51"
"64","000","00","014","1416","0000","3081","1876","1205","232","3313","6101","0","54.3","30.75"
"64","000","00","014","1416","1740","618","384","234","69","687","1120","0","61.34","34.29"
"64","000","00","014","1416","1741","707","441","266","60","767","1225","0","62.61","36.0"
"64","000","00","014","1416","1742","482","279","203","31","513","1320","0","38.86","21.14"
"64","000","00","014","1416","1743","699","430","269","46","745","1317","0","56.57","32.65"
"64","000","00","014","1416","1744","575","342","233","26","601","1119","0","53.71","30.56"
"64","000","00","014","1417","0000","4253","2298","1955","284","4537","7467","0","60.76","30.78"
"64","000","00","014","1417","1745","663","392","271","60","723","1190","0","60.76","32.94"
"64","000","00","014","1417","1746","690","405","285","61","751","1229","0","61.11","32.95"
"64","000","00","014","1417","1747","706","417","289","48","754","1178","0","64.01","35.4"
"64","000","00","014","1417","1748","765","245","520","27","792","1272","0","62.26","19.26"
"64","000","00","014","1417","1749","746","433","313","32","778","1413","0","55.06","30.64"
"64","000","00","014","1417","1750","683","406","277","56","739","1185","0","62.36","34.26"
"64","000","00","014","1418","0000","296","189","107","10","306","553","0","55.33","34.18"
"64","000","00","014","1418","1751","296","189","107","10","306","553","0","55.33","34.18"
"64","000","00","014","1419","0000","3673","2230","1443","294","3967","6837","0","58.02","32.62"
"64","000","00","014","1419","1752","547","315","232","81","628","1121","0","56.02","28.1"
"64","000","00","014","1419","1753","662","420","242","34","696","1227","0","56.72","34.23"
"64","000","00","014","1419","1754","636","388","248","82","718","1058","0","67.86","36.67"
"64","000","00","014","1419","1755","651","392","259","46","697","1209","0","57.65","32.42"
"64","000","00","014","1419","1756","619","392","227","18","637","1100","0","57.91","35.64"
"64","000","00","014","1419","1757","558","323","235","33","591","1122","0","52.67","28.79"
"64","000","00","014","1420","0000","1132","657","475","122","1254","2175","0","57.66","30.21"
"64","000","00","014","1420","1758","557","316","241","87","644","983","0","65.51","32.15"
"64","000","00","014","1420","1759","575","341","234","35","610","1192","0","51.17","28.61"
"64","000","00","014","1421","0000","813","458","355","56","869","1548","0","56.14","29.59"
"64","000","00","014","1421","1760","358","185","173","28","386","719","0","53.69","25.73"
"64","000","00","014","1421","1761","455","273","182","28","483","829","0","58.26","32.93"
"64","000","00","014","1422","0000","1056","584","472","153","1209","1846","0","65.49","31.64"
"64","000","00","014","1422","1762","463","266","197","70","533","771","0","69.13","34.5"
"64","000","00","014","1422","1763","593","318","275","83","676","1075","0","62.88","29.58"
"64","000","00","014","1423","0000","1876","1074","802","253","2129","3669","0","58.03","29.27"
"64","000","00","014","1423","1764","700","408","292","90","790","1280","0","61.72","31.88"
"64","000","00","014","1423","1765","578","309","269","118","696","1179","0","59.03","26.21"
"64","000","00","014","1423","1766","598","357","241","45","643","1210","0","53.14","29.5"
"64","000","00","014","1424","0000","105","74","31","11","116","189","0","61.38","39.15"
"64","000","00","014","1424","1767","105","74","31","11","116","189","0","61.38","39.15"
"64","000","00","014","1425","0000","3710","2380","1330","316","4026","6774","0","59.43","35.13"
"64","000","00","014","1425","1768","684","422","262","67","751","1228","0","61.16","34.36"
"64","000","00","014","1425","1769","624","413","211","49","673","1170","0","57.52","35.3"
"64","000","00","014","1425","1770","808","518","290","66","874","1416","0","61.72","36.58"
"64","000","00","014","1425","1771","851","547","304","58","909","1482","0","61.34","36.91"
"64","000","00","014","1425","1772","743","480","263","76","819","1478","0","55.41","32.48"
"64","000","00","015","0000","0000","18292","10960","7332","1821","20113","36772","42431","54.7","29.81"
"64","000","00","015","1501","0000","1527","899","628","81","1608","2701","0","59.53","33.28"
"64","000","00","015","1501","0736","728","425","303","36","764","1386","0","55.12","30.66"
"64","000","00","015","1501","0737","799","474","325","45","844","1315","0","64.18","36.05"
"64","000","00","015","1502","0000","2523","1558","965","201","2724","5000","0","54.48","31.16"
"64","000","00","015","1502","0738","1241","755","486","81","1322","2461","0","53.72","30.68"
"64","000","00","015","1502","0739","641","380","261","46","687","1274","0","53.92","29.83"
"64","000","00","015","1502","0740","641","423","218","74","715","1265","0","56.52","33.44"
"64","000","00","015","1503","0000","2033","1226","807","160","2193","4126","0","53.15","29.71"
"64","000","00","015","1503","0741","745","463","282","85","830","1504","0","55.19","30.78"
"64","000","00","015","1503","0742","483","276","207","35","518","1049","0","49.38","26.31"
"64","000","00","015","1503","0743","805","487","318","40","845","1573","0","53.72","30.96"
"64","000","00","015","1504","0000","1102","704","398","99","1201","2328","0","51.59","30.24"
"64","000","00","015","1504","0744","503","294","209","41","544","1121","0","48.53","26.23"
"64","000","00","015","1504","0745","599","410","189","58","657","1207","0","54.43","33.97"
"64","000","00","015","1505","0000","1188","716","472","68","1256","2258","0","55.62","31.71"
"64","000","00","015","1505","0746","565","350","215","26","591","1134","0","52.12","30.86"
"64","000","00","015","1505","0747","623","366","257","42","665","1124","0","59.16","32.56"
"64","000","00","015","1506","0000","1819","1113","706","248","2067","3492","0","59.19","31.87"
"64","000","00","015","1506","0748","618","378","240","102","720","1259","0","57.19","30.02"
"64","000","00","015","1506","0749","620","395","225","76","696","1105","0","62.99","35.75"
"64","000","00","015","1506","0750","581","340","241","70","651","1128","0","57.71","30.14"
"64","000","00","015","1507","0000","505","311","194","89","594","1079","0","55.05","28.82"
"64","000","00","015","1507","0751","505","311","194","89","594","1079","0","55.05","28.82"
"64","000","00","015","1508","0000","460","86","374","54","514","1025","0","50.15","8.39"
"64","000","00","015","1508","0752","460","86","374","54","514","1025","0","50.15","8.39"
"64","000","00","015","1509","0000","467","279","188","61","528","950","0","55.58","29.37"
"64","000","00","015","1509","0753","467","279","188","61","528","950","0","55.58","29.37"
"64","000","00","015","1510","0000","692","413","279","115","807","1433","0","56.32","28.82"
"64","000","00","015","1510","0754","692","413","279","115","807","1433","0","56.32","28.82"
"64","000","00","015","1511","0000","624","379","245","58","682","1575","0","43.3","24.06"
"64","000","00","015","1511","0755","343","214","129","35","378","794","0","47.61","26.95"
"64","000","00","015","1511","0756","281","165","116","23","304","781","0","38.92","21.13"
"64","000","00","015","1512","0000","601","342","259","32","633","1318","0","48.03","25.95"
"64","000","00","015","1512","0757","601","342","259","32","633","1318","0","48.03","25.95"
"64","000","00","015","1513","0000","789","491","298","102","891","1783","0","49.97","27.54"
"64","000","00","015","1513","0758","345","223","122","61","406","736","0","55.16","30.3"
"64","000","00","015","1513","0759","444","268","176","41","485","1047","0","46.32","25.6"
"64","000","00","015","1514","0000","1194","690","504","131","1325","2457","0","53.93","28.08"
"64","000","00","015","1514","0760","658","385","273","93","751","1271","0","59.09","30.29"
"64","000","00","015","1514","0761","536","305","231","38","574","1186","0","48.4","25.72"
"64","000","00","015","1515","0000","515","307","208","66","581","1007","0","57.7","30.49"
"64","000","00","015","1515","0762","515","307","208","66","581","1007","0","57.7","30.49"
"64","000","00","015","1516","0000","763","478","285","93","856","1594","0","53.7","29.99"
"64","000","00","015","1516","0763","450","281","169","67","517","859","0","60.19","32.71"
"64","000","00","015","1516","0764","313","197","116","26","339","735","0","46.12","26.8"
"64","000","00","015","1517","0000","1155","765","390","136","1291","1926","0","67.03","39.72"
"64","000","00","015","1517","0765","549","314","235","91","640","1046","0","61.19","30.02"
"64","000","00","015","1517","0766","606","451","155","45","651","880","0","73.98","51.25"
"64","000","00","015","1518","0000","335","203","132","27","362","720","0","50.28","28.19"
"64","000","00","015","1518","0767","335","203","132","27","362","720","0","50.28","28.19"
"64","000","00","016","0000","0000","15654","9014","6640","1434","17088","30046","34591","56.87","30.0"
"64","000","00","016","1601","0000","457","276","181","78","535","950","0","56.32","29.05"
"64","000","00","016","1601","0637","457","276","181","78","535","950","0","56.32","29.05"
"64","000","00","016","1602","0000","1408","833","575","91","1499","3162","0","47.41","26.34"
"64","000","00","016","1602","0638","623","342","281","43","666","1306","0","51.0","26.19"
"64","000","00","016","1602","0639","785","491","294","48","833","1856","0","44.88","26.45"
"64","000","00","016","1603","0000","2660","1522","1138","286","2946","4968","0","59.3","30.64"
"64","000","00","016","1603","0640","565","301","264","67","632","986","0","64.1","30.53"
"64","000","00","016","1603","0641","504","294","210","69","573","1116","0","51.34","26.34"
"64","000","00","016","1603","0642","712","394","318","94","806","1253","0","64.33","31.44"
"64","000","00","016","1603","0643","879","533","346","56","935","1613","0","57.97","33.04"
"64","000","00","016","1604","0000","832","474","358","58","890","1679","0","53.01","28.23"
"64","000","00","016","1604","0659","325","194","131","21","346","745","0","46.44","26.04"
"64","000","00","016","1604","0660","507","280","227","37","544","934","0","58.24","29.98"
"64","000","00","016","1605","0000","1386","807","579","133","1519","2661","0","57.08","30.33"
"64","000","00","016","1605","0646","537","312","225","70","607","1004","0","60.46","31.08"
"64","000","00","016","1605","0647","464","271","193","40","504","879","0","57.34","30.83"
"64","000","00","016","1605","0648","385","224","161","23","408","778","0","52.44","28.79"
"64","000","00","016","1606","0000","2993","1699","1294","262","3255","5391","0","60.38","31.52"
"64","000","00","016","1606","0649","611","356","255","67","678","1110","0","61.08","32.07"
"64","000","00","016","1606","0650","755","423","332","52","807","1432","0","56.35","29.54"
"64","000","00","016","1606","0651","812","493","319","54","866","1466","0","59.07","33.63"
"64","000","00","016","1606","0652","815","427","388","89","904","1383","0","65.37","30.87"
"64","000","00","016","1607","0000","2569","1530","1039","220","2789","4950","0","56.34","30.91"
"64","000","00","016","1607","0653","915","558","357","73","988","1645","0","60.06","33.92"
"64","000","00","016","1607","0654","717","428","289","66","783","1555","0","50.35","27.52"
"64","000","00","016","1607","0655","937","544","393","81","1018","1750","0","58.17","31.09"
"64","000","00","016","1608","0000","1708","968","740","185","1893","3156","0","59.98","30.67"
"64","000","00","016","1608","0656","578","322","256","74","652","1111","0","58.69","28.98"
"64","000","00","016","1608","0657","625","345","280","70","695","1133","0","61.34","30.45"
"64","000","00","016","1608","0658","505","301","204","41","546","912","0","59.87","33.0"
"64","000","00","016","1609","0000","1641","905","736","121","1762","3129","0","56.31","28.92"
"64","000","00","016","1609","0644","717","400","317","61","778","1455","0","53.47","27.49"
"64","000","00","016","1609","0645","924","505","419","60","984","1674","0","58.78","30.17"
"64","000","00","017","0000","0000","39694","24041","15653","2777","42471","73611","87415","57.7","32.66"
"64","000","00","017","1701","0000","2375","1465","910","131","2506","4050","0","61.88","36.17"
"64","000","00","017","1701","0661","1068","629","439","51","1119","1777","0","62.97","35.4"
"64","000","00","017","1701","0662","1307","836","471","80","1387","2273","0","61.02","36.78"
"64","000","00","017","1702","0000","4355","2672","1683","303","4658","7511","0","62.02","35.57"
"64","000","00","017","1702","0663","831","526","305","82","913","1384","0","65.97","38.01"
"64","000","00","017","1702","0664","627","392","235","62","689","1170","0","58.89","33.5"
"64","000","00","017","1702","0665","741","418","323","73","814","1216","0","66.94","34.38"
"64","000","00","017","1702","0666","859","528","331","36","895","1598","0","56.01","33.04"
"64","000","00","017","1702","0667","1297","808","489","50","1347","2143","0","62.86","37.7"
"64","000","00","017","1703","0000","1399","798","601","169","1568","2638","0","59.44","30.25"
"64","000","00","017","1703","0668","676","393","283","75","751","1300","0","57.77","30.23"
"64","000","00","017","1703","0669","723","405","318","94","817","1338","0","61.06","30.27"
"64","000","00","017","1704","0000","1826","1084","742","168","1994","3823","0","52.16","28.35"
"64","000","00","017","1704","0670","621","363","258","31","652","1217","0","53.57","29.83"
"64","000","00","017","1704","0671","531","306","225","87","618","1202","0","51.41","25.46"
"64","000","00","017","1704","0672","674","415","259","50","724","1404","0","51.57","29.56"
"64","000","00","017","1705","0000","427","261","166","55","482","830","0","58.07","31.45"
"64","000","00","017","1705","0673","427","261","166","55","482","830","0","58.07","31.45"
"64","000","00","017","1706","0000","2416","1455","961","180","2596","5417","0","47.92","26.86"
"64","000","00","017","1706","0674","731","442","289","52","783","1802","0","43.45","24.53"
"64","000","00","017","1706","0675","896","557","339","83","979","1877","0","52.16","29.68"
"64","000","00","017","1706","0676","789","456","333","45","834","1738","0","47.99","26.24"
"64","000","00","017","1707","0000","4644","2772","1872","316","4960","8679","0","57.15","31.94"
"64","000","00","017","1707","0677","793","460","333","67","860","1549","0","55.52","29.7"
"64","000","00","017","1707","0678","858","498","360","68","926","1579","0","58.64","31.54"
"64","000","00","017","1707","0679","714","434","280","43","757","1406","0","53.84","30.87"
"64","000","00","017","1707","0680","799","508","291","34","833","1461","0","57.02","34.77"
"64","000","00","017","1707","0681","756","445","311","65","821","1311","0","62.62","33.94"
"64","000","00","017","1707","0682","724","427","297","39","763","1373","0","55.57","31.1"
"64","000","00","017","1708","0000","1082","592","490","67","1149","2216","0","51.85","26.71"
"64","000","00","017","1708","0683","483","255","228","22","505","1035","0","48.79","24.64"
"64","000","00","017","1708","0684","599","337","262","45","644","1181","0","54.53","28.54"
"64","000","00","017","1709","0000","8991","5440","3551","541","9532","15899","0","59.95","34.22"
"64","000","00","017","1709","0685","853","513","340","55","908","1670","0","54.37","30.72"
"64","000","00","017","1709","0686","821","481","340","40","861","1576","0","54.63","30.52"
"64","000","00","017","1709","0687","902","538","364","82","984","1576","0","62.44","34.14"
"64","000","00","017","1709","0688","1110","688","422","53","1163","1915","0","60.73","35.93"
"64","000","00","017","1709","0689","915","537","378","40","955","1758","0","54.32","30.55"
"64","000","00","017","1709","0690","1128","692","436","63","1191","1892","0","62.95","36.58"
"64","000","00","017","1709","0691","1148","697","451","78","1226","2025","0","60.54","34.42"
"64","000","00","017","1709","0692","1182","742","440","66","1248","2014","0","61.97","36.84"
"64","000","00","017","1709","0693","932","552","380","64","996","1473","0","67.62","37.47"
"64","000","00","017","1710","0000","1006","599","407","70","1076","1923","0","55.95","31.15"
"64","000","00","017","1710","0694","496","292","204","33","529","979","0","54.03","29.83"
"64","000","00","017","1710","0695","510","307","203","37","547","944","0","57.94","32.52"
"64","000","00","017","1711","0000","1269","767","502","168","1437","2481","0","57.92","30.91"
"64","000","00","017","1711","0696","601","364","237","117","718","1153","0","62.27","31.57"
"64","000","00","017","1711","0697","668","403","265","51","719","1328","0","54.14","30.35"
"64","000","00","017","1712","0000","922","743","179","76","998","1657","0","60.23","44.84"
"64","000","00","017","1712","0698","922","743","179","76","998","1657","0","60.23","44.84"
"64","000","00","017","1713","0000","2526","1511","1015","193","2719","4564","0","59.57","33.11"
"64","000","00","017","1713","0699","751","440","311","72","823","1545","0","53.27","28.48"
"64","000","00","017","1713","0700","808","460","348","62","870","1417","0","61.4","32.46"
"64","000","00","017","1713","0701","967","611","356","59","1026","1602","0","64.04","38.14"
"64","000","00","017","1714","0000","2089","1259","830","119","2208","3737","0","59.08","33.69"
"64","000","00","017","1714","0702","1089","643","446","79","1168","1823","0","64.07","35.27"
"64","000","00","017","1714","0703","1000","616","384","40","1040","1914","0","54.34","32.18"
"64","000","00","017","1715","0000","3261","1982","1279","155","3416","6019","0","56.75","32.93"
"64","000","00","017","1715","0704","1086","686","400","57","1143","1992","0","57.38","34.44"
"64","000","00","017","1715","0705","1025","589","436","43","1068","2045","0","52.22","28.8"
"64","000","00","017","1715","0706","1150","707","443","55","1205","1982","0","60.8","35.67"
"64","000","00","017","1716","0000","1106","641","465","66","1172","2167","0","54.08","29.58"
"64","000","00","017","1716","0707","1106","641","465","66","1172","2167","0","54.08","29.58"
"64","000","00","018","0000","0000","21931","12625","9306","1688","23619","39191","44387","60.27","32.21"
"64","000","00","018","1801","0000","5422","2889","2533","423","5845","10030","0","58.28","28.8"
"64","000","00","018","1801","0708","917","543","374","71","988","1678","0","58.88","32.36"
"64","000","00","018","1801","0709","826","510","316","87","913","1682","0","54.28","30.32"
"64","000","00","018","1801","0710","701","392","309","55","756","1225","0","61.71","32.0"
"64","000","00","018","1801","0711","667","400","267","67","734","1322","0","55.52","30.26"
"64","000","00","018","1801","0712","683","198","485","54","737","1215","0","60.66","16.3"
"64","000","00","018","1801","0713","919","497","422","62","981","1779","0","55.14","27.94"
"64","000","00","018","1801","0714","709","349","360","27","736","1129","0","65.19","30.91"
"64","000","00","018","1802","0000","2638","1488","1150","188","2826","4682","0","60.36","31.78"
"64","000","00","018","1802","0715","759","414","345","66","825","1374","0","60.04","30.13"
"64","000","00","018","1802","0716","590","329","261","45","635","1089","0","58.31","30.21"
"64","000","00","018","1802","0717","1289","745","544","77","1366","2219","0","61.56","33.57"
"64","000","00","018","1803","0000","5809","3422","2387","346","6155","9817","0","62.7","34.86"
"64","000","00","018","1803","0718","908","544","364","44","952","1634","0","58.26","33.29"
"64","000","00","018","1803","0719","908","543","365","79","987","1553","0","63.55","34.96"
"64","000","00","018","1803","0720","949","563","386","60","1009","1572","0","64.19","35.81"
"64","000","00","018","1803","0721","1014","597","417","47","1061","1688","0","62.86","35.37"
"64","000","00","018","1803","0722","957","566","391","54","1011","1626","0","62.18","34.81"
"64","000","00","018","1803","0723","1073","609","464","62","1135","1744","0","65.08","34.92"
"64","000","00","018","1804","0000","1991","1267","724","197","2188","3548","0","61.67","35.71"
"64","000","00","018","1804","0724","639","375","264","53","692","1230","0","56.26","30.49"
"64","000","00","018","1804","0725","676","496","180","98","774","1201","0","64.45","41.3"
"64","000","00","018","1804","0726","676","396","280","46","722","1117","0","64.64","35.45"
"64","000","00","018","1805","0000","3348","1970","1378","336","3684","6462","0","57.01","30.49"
"64","000","00","018","1805","0727","625","383","242","90","715","1255","0","56.97","30.52"
"64","000","00","018","1805","0728","707","399","308","48","755","1432","0","52.72","27.86"
"64","000","00","018","1805","0729","668","411","257","40","708","1370","0","51.68","30.0"
"64","000","00","018","1805","0730","753","434","319","99","852","1364","0","62.46","31.82"
"64","000","00","018","1805","0731","595","343","252","59","654","1041","0","62.82","32.95"
"64","000","00","018","1806","0000","458","276","182","45","503","702","0","71.65","39.32"
"64","000","00","018","1806","0732","458","276","182","45","503","702","0","71.65","39.32"
"64","000","00","018","1807","0000","2265","1313","952","153","2418","3950","0","61.22","33.24"
"64","000","00","018","1807","0733","680","402","278","54","734","1212","0","60.56","33.17"
"64","000","00","018","1807","0734","693","410","283","64","757","1289","0","58.73","31.81"
"64","000","00","018","1807","0735","892","501","391","35","927","1449","0","63.98","34.58"
"64","000","00","019","0000","0000","45828","28342","17486","3632","49460","81244","97072","60.88","34.89"
"64","000","00","019","1901","0000","697","405","292","71","768","1159","0","66.26","34.94"
"64","000","00","019","1901","0268","697","405","292","71","768","1159","0","66.26","34.94"
"64","000","00","019","1902","0000","2398","1425","973","141","2539","4358","0","58.26","32.7"
"64","000","00","019","1902","0261","833","533","300","50","883","1345","0","65.65","39.63"
"64","000","00","019","1902","0262","451","237","214","24","475","1045","0","45.45","22.68"
"64","000","00","019","1902","0263","595","354","241","44","639","1051","0","60.8","33.68"
"64","000","00","019","1902","0264","519","301","218","23","542","917","0","59.11","32.82"
"64","000","00","019","1903","0000","1966","1222","744","138","2104","3239","0","64.96","37.73"
"64","000","00","019","1903","0265","566","337","229","41","607","934","0","64.99","36.08"
"64","000","00","019","1903","0266","643","412","231","49","692","1097","0","63.08","37.56"
"64","000","00","019","1903","0267","757","473","284","48","805","1208","0","66.64","39.16"
"64","000","00","019","1904","0000","566","336","230","56","622","1018","0","61.1","33.01"
"64","000","00","019","1904","0269","566","336","230","56","622","1018","0","61.1","33.01"
"64","000","00","019","1905","0000","2289","1489","800","89","2378","4091","0","58.13","36.4"
"64","000","00","019","1905","0274","692","436","256","34","726","1328","0","54.67","32.83"
"64","000","00","019","1905","0275","783","475","308","29","812","1382","0","58.76","34.37"
"64","000","00","019","1905","0276","814","578","236","26","840","1381","0","60.83","41.85"
"64","000","00","019","1906","0000","636","371","265","43","679","1316","0","51.6","28.19"
"64","000","00","019","1906","0270","636","371","265","43","679","1316","0","51.6","28.19"
"64","000","00","019","1907","0000","1760","1156","604","85","1845","2895","0","63.73","39.93"
"64","000","00","019","1907","0325","768","437","331","52","820","1336","0","61.38","32.71"
"64","000","00","019","1907","0326","745","570","175","19","764","1218","0","62.73","46.8"
"64","000","00","019","1907","0327","247","149","98","14","261","341","0","76.54","43.7"
"64","000","00","019","1908","0000","225","125","100","16","241","318","0","75.79","39.31"
"64","000","00","019","1908","0332","225","125","100","16","241","318","0","75.79","39.31"
"64","000","00","019","1909","0000","1511","947","564","102","1613","2795","0","57.71","33.88"
"64","000","00","019","1909","0293","719","427","292","55","774","1283","0","60.33","33.28"
"64","000","00","019","1909","0294","792","520","272","47","839","1512","0","55.49","34.39"
"64","000","00","019","1910","0000","700","400","300","39","739","1413","0","52.3","28.31"
"64","000","00","019","1910","0309","700","400","300","39","739","1413","0","52.3","28.31"
"64","000","00","019","1911","0000","2060","1294","766","202","2262","3607","0","62.71","35.87"
"64","000","00","019","1911","0304","725","419","306","58","783","1272","0","61.56","32.94"
"64","000","00","019","1911","0305","640","422","218","58","698","1080","0","64.63","39.07"
"64","000","00","019","1911","0306","695","453","242","86","781","1255","0","62.23","36.1"
"64","000","00","019","1912","0000","3197","1971","1226","234","3431","5535","0","61.99","35.61"
"64","000","00","019","1912","0300","791","485","306","53","844","1360","0","62.06","35.66"
"64","000","00","019","1912","0301","791","490","301","48","839","1363","0","61.56","35.95"
"64","000","00","019","1912","0302","817","503","314","62","879","1352","0","65.01","37.2"
"64","000","00","019","1912","0303","798","493","305","71","869","1460","0","59.52","33.77"
"64","000","00","019","1913","0000","1052","703","349","61","1113","1613","0","69.0","43.58"
"64","000","00","019","1913","0330","535","343","192","43","578","851","0","67.92","40.31"
"64","000","00","019","1913","0331","517","360","157","18","535","762","0","70.21","47.24"
"64","000","00","019","1914","0000","419","234","185","93","512","756","0","67.72","30.95"
"64","000","00","019","1914","0320","419","234","185","93","512","756","0","67.72","30.95"
"64","000","00","019","1915","0000","368","222","146","24","392","866","0","45.27","25.64"
"64","000","00","019","1915","0323","368","222","146","24","392","866","0","45.27","25.64"
"64","000","00","019","1916","0000","1830","1174","656","163","1993","3350","0","59.49","35.04"
"64","000","00","019","1916","0297","607","406","201","72","679","1096","0","61.95","37.04"
"64","000","00","019","1916","0298","605","368","237","44","649","1066","0","60.88","34.52"
"64","000","00","019","1916","0299","618","400","218","47","665","1188","0","55.98","33.67"
"64","000","00","019","1917","0000","2101","1315","786","163","2264","3849","0","58.82","34.16"
"64","000","00","019","1917","0277","694","423","271","76","770","1282","0","60.06","33.0"
"64","000","00","019","1917","0278","672","422","250","28","700","1240","0","56.45","34.03"
"64","000","00","019","1917","0279","735","470","265","59","794","1327","0","59.83","35.42"
"64","000","00","019","1918","0000","2281","1413","868","144","2425","4065","0","59.66","34.76"
"64","000","00","019","1918","0271","735","453","282","39","774","1345","0","57.55","33.68"
"64","000","00","019","1918","0272","758","469","289","51","809","1295","0","62.47","36.22"
"64","000","00","019","1918","0273","788","491","297","54","842","1425","0","59.09","34.46"
"64","000","00","019","1919","0000","3434","2105","1329","313","3747","6674","0","56.14","31.54"
"64","000","00","019","1919","0280","902","562","340","56","958","1736","0","55.18","32.37"
"64","000","00","019","1919","0281","886","513","373","66","952","1566","0","60.79","32.76"
"64","000","00","019","1919","0282","787","501","286","93","880","1779","0","49.47","28.16"
"64","000","00","019","1919","0283","859","529","330","98","957","1593","0","60.08","33.21"
"64","000","00","019","1920","0000","3115","1901","1214","291","3406","5402","0","63.05","35.19"
"64","000","00","019","1920","0284","814","513","301","108","922","1480","0","62.3","34.66"
"64","000","00","019","1920","0285","768","481","287","63","831","1364","0","60.92","35.26"
"64","000","00","019","1920","0286","810","489","321","54","864","1410","0","61.28","34.68"
"64","000","00","019","1920","0287","723","418","305","66","789","1148","0","68.73","36.41"
"64","000","00","019","1921","0000","1071","626","445","62","1133","1830","0","61.91","34.21"
"64","000","00","019","1921","0289","555","326","229","46","601","969","0","62.02","33.64"
"64","000","00","019","1921","0290","516","300","216","16","532","861","0","61.79","34.84"
"64","000","00","019","1922","0000","1067","647","420","59","1126","1808","0","62.28","35.79"
"64","000","00","019","1922","0310","436","259","177","16","452","765","0","59.08","33.86"
"64","000","00","019","1922","0311","631","388","243","43","674","1043","0","64.62","37.2"
"64","000","00","019","1923","0000","1068","667","401","99","1167","1837","0","63.53","36.31"
"64","000","00","019","1923","0312","395","253","142","44","439","844","0","52.01","29.98"
"64","000","00","019","1923","0313","673","414","259","55","728","993","0","73.31","41.69"
"64","000","00","019","1924","0000","591","340","251","80","671","1038","0","64.64","32.76"
"64","000","00","019","1924","0314","591","340","251","80","671","1038","0","64.64","32.76"
"64","000","00","019","1925","0000","939","546","393","92","1031","1712","0","60.22","31.89"
"64","000","00","019","1925","0291","406","246","160","30","436","823","0","52.98","29.89"
"64","000","00","019","1925","0292","533","300","233","62","595","889","0","66.93","33.75"
"64","000","00","019","1926","0000","1921","1111","810","203","2124","3442","0","61.71","32.28"
"64","000","00","019","1926","0315","577","334","243","84","661","1070","0","61.78","31.21"
"64","000","00","019","1926","0316","607","324","283","82","689","1023","0","67.35","31.67"
"64","000","00","019","1926","0317","737","453","284","37","774","1349","0","57.38","33.58"
"64","000","00","019","1927","0000","916","573","343","68","984","1753","0","56.13","32.69"
"64","000","00","019","1927","0318","729","456","273","49","778","1452","0","53.58","31.4"
"64","000","00","019","1927","0319","187","117","70","19","206","301","0","68.44","38.87"
"64","000","00","019","1928","0000","861","494","367","99","960","1587","0","60.49","31.13"
"64","000","00","019","1928","0321","347","179","168","19","366","733","0","49.93","24.42"
"64","000","00","019","1928","0322","514","315","199","80","594","854","0","69.56","36.89"
"64","000","00","019","1929","0000","508","312","196","60","568","978","0","58.08","31.9"
"64","000","00","019","1929","0324","508","312","196","60","568","978","0","58.08","31.9"
"64","000","00","019","1930","0000","1309","793","516","113","1422","2175","0","65.38","36.46"
"64","000","00","019","1930","0307","575","347","228","55","630","938","0","67.16","36.99"
"64","000","00","019","1930","0308","734","446","288","58","792","1237","0","64.03","36.05"
"64","000","00","019","1931","0000","348","188","160","57","405","625","0","64.8","30.08"
"64","000","00","019","1931","0288","348","188","160","57","405","625","0","64.8","30.08"
"64","000","00","019","1932","0000","1310","803","507","118","1428","2245","0","63.61","35.77"
"64","000","00","019","1932","0295","609","348","261","64","673","983","0","68.46","35.4"
"64","000","00","019","1932","0296","701","455","246","54","755","1262","0","59.83","36.05"
"64","000","00","019","1933","0000","1314","1034","280","54","1368","1895","0","72.19","54.56"
"64","000","00","019","1933","0328","679","530","149","37","716","955","0","74.97","55.5"
"64","000","00","019","1933","0329","635","504","131","17","652","940","0","69.36","53.62"
"64","000","00","020","0000","0000","18075","10396","7679","1959","20034","32565","37647","61.52","31.92"
"64","000","00","020","2001","0000","1232","691","541","127","1359","2078","0","65.4","33.25"
"64","000","00","020","2001","0404","603","358","245","73","676","1005","0","67.26","35.62"
"64","000","00","020","2001","0405","629","333","296","54","683","1073","0","63.65","31.03"
"64","000","00","020","2002","0000","628","347","281","34","662","1129","0","58.64","30.74"
"64","000","00","020","2002","0406","628","347","281","34","662","1129","0","58.64","30.74"
"64","000","00","020","2003","0000","1294","732","562","119","1413","2335","0","60.51","31.35"
"64","000","00","020","2003","0407","703","416","287","80","783","1244","0","62.94","33.44"
"64","000","00","020","2003","0408","591","316","275","39","630","1091","0","57.75","28.96"
"64","000","00","020","2004","0000","1463","834","629","119","1582","2469","0","64.07","33.78"
"64","000","00","020","2004","0409","803","461","342","65","868","1329","0","65.31","34.69"
"64","000","00","020","2004","0410","660","373","287","54","714","1140","0","62.63","32.72"
"64","000","00","020","2005","0000","678","386","292","77","755","1220","0","61.89","31.64"
"64","000","00","020","2005","0411","678","386","292","77","755","1220","0","61.89","31.64"
"64","000","00","020","2006","0000","1331","786","545","169","1500","2362","0","63.51","33.28"
"64","000","00","020","2006","0412","655","397","258","58","713","1047","0","68.1","37.92"
"64","000","00","020","2006","0413","676","389","287","111","787","1315","0","59.85","29.58"
"64","000","00","020","2007","0000","779","455","324","92","871","1411","0","61.73","32.25"
"64","000","00","020","2007","0414","362","209","153","33","395","691","0","57.16","30.25"
"64","000","00","020","2007","0415","417","246","171","59","476","720","0","66.11","34.17"
"64","000","00","020","2008","0000","1787","1016","771","294","2081","3271","0","63.62","31.06"
"64","000","00","020","2008","0416","611","331","280","137","748","1192","0","62.75","27.77"
"64","000","00","020","2008","0417","745","421","324","98","843","1318","0","63.96","31.94"
"64","000","00","020","2008","0418","431","264","167","59","490","761","0","64.39","34.69"
"64","000","00","020","2009","0000","851","497","354","64","915","1560","0","58.65","31.86"
"64","000","00","020","2009","0419","521","291","230","30","551","973","0","56.63","29.91"
"64","000","00","020","2009","0420","330","206","124","34","364","587","0","62.01","35.09"
"64","000","00","020","2010","0000","1456","815","641","106","1562","2421","0","64.52","33.66"
"64","000","00","020","2010","0421","473","280","193","54","527","812","0","64.9","34.48"
"64","000","00","020","2010","0422","206","98","108","11","217","343","0","63.27","28.57"
"64","000","00","020","2010","0423","777","437","340","41","818","1266","0","64.61","34.52"
"64","000","00","020","2011","0000","1133","650","483","166","1299","2012","0","64.56","32.31"
"64","000","00","020","2011","0424","635","378","257","101","736","1128","0","65.25","33.51"
"64","000","00","020","2011","0425","498","272","226","65","563","884","0","63.69","30.77"
"64","000","00","020","2012","0000","1275","771","504","194","1469","2446","0","60.06","31.52"
"64","000","00","020","2012","0426","597","351","246","95","692","1187","0","58.3","29.57"
"64","000","00","020","2012","0427","678","420","258","99","777","1259","0","61.72","33.36"
"64","000","00","020","2013","0000","672","399","273","82","754","1361","0","55.4","29.32"
"64","000","00","020","2013","0428","672","399","273","82","754","1361","0","55.4","29.32"
"64","000","00","020","2014","0000","330","174","156","33","363","671","0","54.1","25.93"
"64","000","00","020","2014","0429","330","174","156","33","363","671","0","54.1","25.93"
"64","000","00","020","2015","0000","2143","1265","878","236","2379","3689","0","64.49","34.29"
"64","000","00","020","2015","0430","709","426","283","69","778","1215","0","64.03","35.06"
"64","000","00","020","2015","0431","734","424","310","84","818","1255","0","65.18","33.78"
"64","000","00","020","2015","0432","700","415","285","83","783","1219","0","64.23","34.04"
"64","000","00","020","2016","0000","721","413","308","39","760","1372","0","55.39","30.1"
"64","000","00","020","2016","0433","721","413","308","39","760","1372","0","55.39","30.1"
"64","000","00","020","2017","0000","302","165","137","8","310","758","0","40.9","21.77"
"64","000","00","020","2017","0434","302","165","137","8","310","758","0","40.9","21.77"
"64","000","00","021","0000","0000","13242","8029","5213","1485","14727","26012","29809","56.62","30.87"
"64","000","00","021","2101","0000","570","378","192","94","664","1152","0","57.64","32.81"
"64","000","00","021","2101","0333","570","378","192","94","664","1152","0","57.64","32.81"
"64","000","00","021","2102","0000","1192","702","490","99","1291","2094","0","61.65","33.52"
"64","000","00","021","2102","0334","618","348","270","31","649","1120","0","57.95","31.07"
"64","000","00","021","2102","0335","574","354","220","68","642","974","0","65.91","36.34"
"64","000","00","021","2103","0000","1500","873","627","147","1647","3353","0","49.12","26.04"
"64","000","00","021","2103","0336","526","304","222","25","551","1019","0","54.07","29.83"
"64","000","00","021","2103","0337","529","314","215","78","607","1058","0","57.37","29.68"
"64","000","00","021","2103","0338","408","240","168","40","448","1017","0","44.05","23.6"
"64","000","00","021","2103","0339","37","15","22","4","41","259","0","15.83","5.79"
"64","000","00","021","2104","0000","1463","880","583","176","1639","2652","0","61.8","33.18"
"64","000","00","021","2104","0340","542","319","223","68","610","926","0","65.87","34.45"
"64","000","00","021","2104","0341","280","175","105","32","312","624","0","50.0","28.04"
"64","000","00","021","2104","0342","641","386","255","76","717","1102","0","65.06","35.03"
"64","000","00","021","2105","0000","1226","723","503","138","1364","2433","0","56.06","29.72"
"64","000","00","021","2105","0343","519","312","207","64","583","1072","0","54.38","29.1"
"64","000","00","021","2105","0344","707","411","296","74","781","1361","0","57.38","30.2"
"64","000","00","021","2106","0000","251","155","96","36","287","472","0","60.81","32.84"
"64","000","00","021","2106","0345","251","155","96","36","287","472","0","60.81","32.84"
"64","000","00","021","2107","0000","1218","743","475","142","1360","2331","0","58.34","31.87"
"64","000","00","021","2107","0346","583","354","229","56","639","1197","0","53.38","29.57"
"64","000","00","021","2107","0347","635","389","246","86","721","1134","0","63.58","34.3"
"64","000","00","021","2108","0000","1978","1210","768","190","2168","3757","0","57.71","32.21"
"64","000","00","021","2108","0348","575","327","248","46","621","1148","0","54.09","28.48"
"64","000","00","021","2108","0349","573","354","219","84","657","1207","0","54.43","29.33"
"64","000","00","021","2108","0350","830","529","301","60","890","1402","0","63.48","37.73"
"64","000","00","021","2109","0000","1813","1065","748","213","2026","3401","0","59.57","31.31"
"64","000","00","021","2109","0351","527","289","238","81","608","1000","0","60.8","28.9"
"64","000","00","021","2109","0352","609","363","246","67","676","1110","0","60.9","32.7"
"64","000","00","021","2109","0353","677","413","264","65","742","1291","0","57.47","31.99"
"64","000","00","021","2110","0000","904","523","381","148","1052","1895","0","55.51","27.6"
"64","000","00","021","2110","0354","403","214","189","81","484","797","0","60.73","26.85"
"64","000","00","021","2110","0355","501","309","192","67","568","1098","0","51.73","28.14"
"64","000","00","021","2111","0000","1127","777","350","102","1229","2472","0","49.72","31.43"
"64","000","00","021","2111","0356","674","403","271","77","751","1393","0","53.91","28.93"
"64","000","00","021","2111","0357","453","374","79","25","478","1079","0","44.3","34.66"
"64","000","00","022","0000","0000","2791","1690","1101","354","3145","6671","7196","47.14","25.33"
"64","000","00","022","2201","0000","145","91","54","8","153","369","0","41.46","24.66"
"64","000","00","022","2201","0237","145","91","54","8","153","369","0","41.46","24.66"
"64","000","00","022","2202","0000","372","228","144","29","401","1062","0","37.76","21.47"
"64","000","00","022","2202","0238","258","164","94","19","277","656","0","42.23","25.0"
"64","000","00","022","2202","0239","114","64","50","10","124","406","0","30.54","15.76"
"64","000","00","022","2203","0000","172","97","75","21","193","380","0","50.79","25.53"
"64","000","00","022","2203","0240","172","97","75","21","193","380","0","50.79","25.53"
"64","000","00","022","2204","0000","181","112","69","14","195","379","0","51.45","29.55"
"64","000","00","022","2204","0241","181","112","69","14","195","379","0","51.45","29.55"
"64","000","00","022","2205","0000","299","185","114","56","355","625","0","56.8","29.6"
"64","000","00","022","2205","0242","299","185","114","56","355","625","0","56.8","29.6"
"64","000","00","022","2206","0000","421","241","180","26","447","946","0","47.25","25.48"
"64","000","00","022","2206","0243","421","241","180","26","447","946","0","47.25","25.48"
"64","000","00","022","2207","0000","336","206","130","43","379","794","0","47.73","25.94"
"64","000","00","022","2207","0244","336","206","130","43","379","794","0","47.73","25.94"
"64","000","00","022","2208","0000","148","96","52","21","169","382","0","44.24","25.13"
"64","000","00","022","2208","0245","148","96","52","21","169","382","0","44.24","25.13"
"64","000","00","022","2209","0000","144","87","57","55","199","513","0","38.79","16.96"
"64","000","00","022","2209","0246","144","87","57","55","199","513","0","38.79","16.96"
"64","000","00","022","2210","0000","573","347","226","81","654","1221","0","53.56","28.42"
"64","000","00","022","2210","0247","276","159","117","18","294","601","0","48.92","26.46"
"64","000","00","022","2210","0248","297","188","109","63","360","620","0","58.06","30.32"
"64","000","00","023","0000","0000","12015","6890","5125","1066","13081","24534","28676","53.32","28.08"
"64","000","00","023","2301","0000","568","301","267","40","608","1299","0","46.81","23.17"
"64","000","00","023","2301","0216","568","301","267","40","608","1299","0","46.81","23.17"
"64","000","00","023","2302","0000","960","524","436","74","1034","2005","0","51.57","26.13"
"64","000","00","023","2302","0217","552","296","256","36","588","1107","0","53.12","26.74"
"64","000","00","023","2302","0218","408","228","180","38","446","898","0","49.67","25.39"
"64","000","00","023","2303","0000","611","349","262","79","690","1259","0","54.81","27.72"
"64","000","00","023","2303","0219","611","349","262","79","690","1259","0","54.81","27.72"
"64","000","00","023","2304","0000","1075","599","476","71","1146","2143","0","53.48","27.95"
"64","000","00","023","2304","0220","766","420","346","58","824","1579","0","52.18","26.6"
"64","000","00","023","2304","0221","309","179","130","13","322","564","0","57.09","31.74"
"64","000","00","023","2305","0000","446","269","177","50","496","768","0","64.58","35.03"
"64","000","00","023","2305","0222","446","269","177","50","496","768","0","64.58","35.03"
"64","000","00","023","2306","0000","2494","1508","986","189","2683","4886","0","54.91","30.86"
"64","000","00","023","2306","0223","588","304","284","51","639","1092","0","58.52","27.84"
"64","000","00","023","2306","0224","561","309","252","67","628","1099","0","57.14","28.12"
"64","000","00","023","2306","0225","597","376","221","37","634","1134","0","55.91","33.16"
"64","000","00","023","2306","0226","748","519","229","34","782","1561","0","50.1","33.25"
"64","000","00","023","2307","0000","1304","729","575","157","1461","2649","0","55.15","27.52"
"64","000","00","023","2307","0227","781","429","352","120","901","1533","0","58.77","27.98"
"64","000","00","023","2307","0228","523","300","223","37","560","1116","0","50.18","26.88"
"64","000","00","023","2308","0000","1130","659","471","113","1243","2314","0","53.72","28.48"
"64","000","00","023","2308","0229","511","287","224","50","561","1054","0","53.23","27.23"
"64","000","00","023","2308","0230","619","372","247","63","682","1260","0","54.13","29.52"
"64","000","00","023","2309","0000","718","409","309","78","796","1504","0","52.93","27.19"
"64","000","00","023","2309","0231","718","409","309","78","796","1504","0","52.93","27.19"
"64","000","00","023","2310","0000","780","425","355","51","831","1671","0","49.73","25.43"
"64","000","00","023","2310","0232","382","197","185","24","406","848","0","47.88","23.23"
"64","000","00","023","2310","0233","398","228","170","27","425","823","0","51.64","27.7"
"64","000","00","023","2311","0000","520","295","225","39","559","1021","0","54.75","28.89"
"64","000","00","023","2311","0234","520","295","225","39","559","1021","0","54.75","28.89"
"64","000","00","023","2312","0000","1409","823","586","125","1534","3015","0","50.88","27.3"
"64","000","00","023","2312","0235","789","469","320","60","849","1715","0","49.5","27.35"
"64","000","00","023","2312","0236","620","354","266","65","685","1300","0","52.69","27.23"
"64","000","00","024","0000","0000","23325","13627","9698","2365","25690","43850","52578","58.59","31.08"
"64","000","00","024","2401","0000","1662","980","682","183","1845","3222","0","57.26","30.42"
"64","000","00","024","2401","0175","494","300","194","32","526","1026","0","51.27","29.24"
"64","000","00","024","2401","0176","554","328","226","74","628","1069","0","58.75","30.68"
"64","000","00","024","2401","0177","614","352","262","77","691","1127","0","61.31","31.23"
"64","000","00","024","2402","0000","597","357","240","75","672","1179","0","57.0","30.28"
"64","000","00","024","2402","0178","597","357","240","75","672","1179","0","57.0","30.28"
"64","000","00","024","2403","0000","598","351","247","104","702","1237","0","56.75","28.38"
"64","000","00","024","2403","0179","598","351","247","104","702","1237","0","56.75","28.38"
"64","000","00","024","2404","0000","590","356","234","66","656","1096","0","59.85","32.48"
"64","000","00","024","2404","0180","590","356","234","66","656","1096","0","59.85","32.48"
"64","000","00","024","2405","0000","717","423","294","82","799","1272","0","62.81","33.25"
"64","000","00","024","2405","0181","717","423","294","82","799","1272","0","62.81","33.25"
"64","000","00","024","2406","0000","1226","760","466","125","1351","2309","0","58.51","32.91"
"64","000","00","024","2406","0182","629","386","243","70","699","1182","0","59.14","32.66"
"64","000","00","024","2406","0183","597","374","223","55","652","1127","0","57.85","33.19"
"64","000","00","024","2407","0000","1109","657","452","128","1237","2088","0","59.24","31.47"
"64","000","00","024","2407","0184","517","303","214","56","573","956","0","59.94","31.69"
"64","000","00","024","2407","0185","592","354","238","72","664","1132","0","58.66","31.27"
"64","000","00","024","2408","0000","1694","982","712","200","1894","3333","0","56.83","29.46"
"64","000","00","024","2408","0186","561","332","229","95","656","1025","0","64.0","32.39"
"64","000","00","024","2408","0187","509","262","247","35","544","1007","0","54.02","26.02"
"64","000","00","024","2408","0188","624","388","236","70","694","1301","0","53.34","29.82"
"64","000","00","024","2409","0000","1345","762","583","124","1469","2652","0","55.39","28.73"
"64","000","00","024","2409","0189","470","265","205","39","509","885","0","57.51","29.94"
"64","000","00","024","2409","0190","375","207","168","20","395","837","0","47.19","24.73"
"64","000","00","024","2409","0191","500","290","210","65","565","930","0","60.75","31.18"
"64","000","00","024","2410","0000","887","493","394","126","1013","1804","0","56.15","27.33"
"64","000","00","024","2410","0192","352","196","156","52","404","781","0","51.73","25.1"
"64","000","00","024","2410","0193","535","297","238","74","609","1023","0","59.53","29.03"
"64","000","00","024","2411","0000","1821","1039","782","140","1961","3400","0","57.68","30.56"
"64","000","00","024","2411","0194","961","562","399","83","1044","1763","0","59.22","31.88"
"64","000","00","024","2411","0195","860","477","383","57","917","1637","0","56.02","29.14"
"64","000","00","024","2412","0000","1187","679","508","124","1311","2247","0","58.34","30.22"
"64","000","00","024","2412","0196","531","295","236","63","594","1070","0","55.51","27.57"
"64","000","00","024","2412","0197","656","384","272","61","717","1177","0","60.92","32.63"
"64","000","00","024","2413","0000","1610","921","689","168","1778","3050","0","58.3","30.2"
"64","000","00","024","2413","0198","532","293","239","60","592","1007","0","58.79","29.1"
"64","000","00","024","2413","0199","542","302","240","48","590","1026","0","57.5","29.43"
"64","000","00","024","2413","0200","536","326","210","60","596","1017","0","58.6","32.06"
"64","000","00","024","2414","0000","1276","752","524","126","1402","2353","0","59.58","31.96"
"64","000","00","024","2414","0201","690","410","280","52","742","1264","0","58.7","32.44"
"64","000","00","024","2414","0202","586","342","244","74","660","1089","0","60.61","31.4"
"64","000","00","024","2415","0000","462","304","158","38","500","851","0","58.75","35.72"
"64","000","00","024","2415","0203","462","304","158","38","500","851","0","58.75","35.72"
"64","000","00","024","2416","0000","1110","646","464","124","1234","1948","0","63.35","33.16"
"64","000","00","024","2416","0204","540","307","233","91","631","1011","0","62.41","30.37"
"64","000","00","024","2416","0205","570","339","231","33","603","937","0","64.35","36.18"
"64","000","00","024","2417","0000","894","488","406","54","948","1730","0","54.8","28.21"
"64","000","00","024","2417","0206","360","213","147","19","379","820","0","46.22","25.98"
"64","000","00","024","2417","0207","534","275","259","35","569","910","0","62.53","30.22"
"64","000","00","024","2418","0000","436","249","187","58","494","867","0","56.98","28.72"
"64","000","00","024","2418","0208","436","249","187","58","494","867","0","56.98","28.72"
"64","000","00","024","2419","0000","1503","868","635","107","1610","2737","0","58.82","31.71"
"64","000","00","024","2419","0209","505","280","225","32","537","937","0","57.31","29.88"
"64","000","00","024","2419","0210","491","279","212","27","518","900","0","57.56","31.0"
"64","000","00","024","2419","0211","507","309","198","48","555","900","0","61.67","34.33"
"64","000","00","024","2420","0000","2601","1560","1041","213","2814","4475","0","62.88","34.86"
"64","000","00","024","2420","0212","509","308","201","44","553","918","0","60.24","33.55"
"64","000","00","024","2420","0213","518","282","236","40","558","870","0","64.14","32.41"
"64","000","00","024","2420","0214","663","403","260","57","720","1150","0","62.61","35.04"
"64","000","00","024","2420","0215","911","567","344","72","983","1537","0","63.96","36.89"
"64","000","00","025","0000","0000","12954","7579","5375","1129","14083","25729","29812","54.74","29.46"
"64","000","00","025","2501","0000","531","327","204","29","560","1112","0","50.36","29.41"
"64","000","00","025","2501","0151","531","327","204","29","560","1112","0","50.36","29.41"
"64","000","00","025","2502","0000","492","285","207","91","583","1017","0","57.33","28.02"
"64","000","00","025","2502","0152","492","285","207","91","583","1017","0","57.33","28.02"
"64","000","00","025","2503","0000","378","204","174","33","411","796","0","51.63","25.63"
"64","000","00","025","2503","0153","378","204","174","33","411","796","0","51.63","25.63"
"64","000","00","025","2504","0000","1191","680","511","72","1263","2194","0","57.57","30.99"
"64","000","00","025","2504","0154","611","355","256","38","649","1079","0","60.15","32.9"
"64","000","00","025","2504","0155","580","325","255","34","614","1115","0","55.07","29.15"
"64","000","00","025","2505","0000","1281","760","521","93","1374","2630","0","52.24","28.9"
"64","000","00","025","2505","0156","641","375","266","45","686","1311","0","52.33","28.6"
"64","000","00","025","2505","0157","640","385","255","48","688","1319","0","52.16","29.19"
"64","000","00","025","2506","0000","2067","1236","831","201","2268","3634","0","62.41","34.01"
"64","000","00","025","2506","0158","712","406","306","77","789","1244","0","63.42","32.64"
"64","000","00","025","2506","0159","710","426","284","57","767","1227","0","62.51","34.72"
"64","000","00","025","2506","0160","645","404","241","67","712","1163","0","61.22","34.74"
"64","000","00","025","2507","0000","550","321","229","41","591","981","0","60.24","32.72"
"64","000","00","025","2507","0161","550","321","229","41","591","981","0","60.24","32.72"
"64","000","00","025","2508","0000","1966","1186","780","154","2120","3680","0","57.61","32.23"
"64","000","00","025","2508","0162","384","243","141","20","404","780","0","51.79","31.15"
"64","000","00","025","2508","0163","418","250","168","56","474","832","0","56.97","30.05"
"64","000","00","025","2508","0164","599","355","244","41","640","1017","0","62.93","34.91"
"64","000","00","025","2508","0165","565","338","227","37","602","1051","0","57.28","32.16"
"64","000","00","025","2509","0000","875","494","381","101","976","1804","0","54.1","27.38"
"64","000","00","025","2509","0166","457","265","192","39","496","941","0","52.71","28.16"
"64","000","00","025","2509","0167","418","229","189","62","480","863","0","55.62","26.54"
"64","000","00","025","2510","0000","584","340","244","47","631","1160","0","54.4","29.31"
"64","000","00","025","2510","0168","584","340","244","47","631","1160","0","54.4","29.31"
"64","000","00","025","2511","0000","1015","573","442","93","1108","2212","0","50.09","25.9"
"64","000","00","025","2511","0169","435","255","180","27","462","1090","0","42.39","23.39"
"64","000","00","025","2511","0170","580","318","262","66","646","1122","0","57.58","28.34"
"64","000","00","025","2512","0000","473","286","187","35","508","1123","0","45.24","25.47"
"64","000","00","025","2512","0171","473","286","187","35","508","1123","0","45.24","25.47"
"64","000","00","025","2513","0000","325","170","155","35","360","684","0","52.63","24.85"
"64","000","00","025","2513","0172","325","170","155","35","360","684","0","52.63","24.85"
"64","000","00","025","2514","0000","1226","717","509","104","1330","2702","0","49.22","26.54"
"64","000","00","025","2514","0173","574","335","239","39","613","1249","0","49.08","26.82"
"64","000","00","025","2514","0174","652","382","270","65","717","1453","0","49.35","26.29"
"64","000","00","026","0000","0000","12378","6925","5453","1454","13832","26212","30055","52.77","26.42"
"64","000","00","026","2601","0000","420","237","183","22","442","976","0","45.29","24.28"
"64","000","00","026","2601","0130","420","237","183","22","442","976","0","45.29","24.28"
"64","000","00","026","2602","0000","418","255","163","67","485","887","0","54.68","28.75"
"64","000","00","026","2602","0131","418","255","163","67","485","887","0","54.68","28.75"
"64","000","00","026","2603","0000","800","457","343","49","849","1710","0","49.65","26.73"
"64","000","00","026","2603","0132","800","457","343","49","849","1710","0","49.65","26.73"
"64","000","00","026","2604","0000","1843","1050","793","132","1975","3751","0","52.65","27.99"
"64","000","00","026","2604","0133","509","267","242","53","562","1280","0","43.91","20.86"
"64","000","00","026","2604","0134","685","413","272","42","727","1314","0","55.33","31.43"
"64","000","00","026","2604","0135","649","370","279","37","686","1157","0","59.29","31.98"
"64","000","00","026","2605","0000","863","497","366","121","984","1785","0","55.13","27.84"
"64","000","00","026","2605","0136","863","497","366","121","984","1785","0","55.13","27.84"
"64","000","00","026","2606","0000","558","298","260","65","623","1139","0","54.7","26.16"
"64","000","00","026","2606","0142","558","298","260","65","623","1139","0","54.7","26.16"
"64","000","00","026","2607","0000","1462","822","640","225","1687","2961","0","56.97","27.76"
"64","000","00","026","2607","0143","643","365","278","111","754","1363","0","55.32","26.78"
"64","000","00","026","2607","0144","819","457","362","114","933","1598","0","58.39","28.6"
"64","000","00","026","2608","0000","378","219","159","45","423","925","0","45.73","23.68"
"64","000","00","026","2608","0146","378","219","159","45","423","925","0","45.73","23.68"
"64","000","00","026","2609","0000","519","295","224","74","593","1111","0","53.38","26.55"
"64","000","00","026","2609","0145","519","295","224","74","593","1111","0","53.38","26.55"
"64","000","00","026","2610","0000","540","315","225","75","615","1148","0","53.57","27.44"
"64","000","00","026","2610","0147","540","315","225","75","615","1148","0","53.57","27.44"
"64","000","00","026","2611","0000","1105","613","492","181","1286","2087","0","61.62","29.37"
"64","000","00","026","2611","0137","391","213","178","98","489","838","0","58.35","25.42"
"64","000","00","026","2611","0138","714","400","314","83","797","1249","0","63.81","32.03"
"64","000","00","026","2612","0000","513","300","213","97","610","1116","0","54.66","26.88"
"64","000","00","026","2612","0139","513","300","213","97","610","1116","0","54.66","26.88"
"64","000","00","026","2613","0000","422","228","194","56","478","978","0","48.88","23.31"
"64","000","00","026","2613","0140","422","228","194","56","478","978","0","48.88","23.31"
"64","000","00","026","2614","0000","461","290","171","40","501","1125","0","44.53","25.78"
"64","000","00","026","2614","0141","461","290","171","40","501","1125","0","44.53","25.78"
"64","000","00","026","2615","0000","2076","1049","1027","205","2281","4513","0","50.54","23.24"
"64","000","00","026","2615","0148","624","200","424","46","670","1353","0","49.52","14.78"
"64","000","00","026","2615","0149","645","373","272","76","721","1331","0","54.17","28.02"
"64","000","00","026","2615","0150","807","476","331","83","890","1829","0","48.66","26.03"
"64","000","00","027","0000","0000","6810","4103","2707","699","7509","12001","13888","62.57","34.19"
"64","000","00","027","2701","0000","893","546","347","125","1018","1574","0","64.68","34.69"
"64","000","00","027","2701","0249","449","282","167","53","502","756","0","66.4","37.3"
"64","000","00","027","2701","0250","444","264","180","72","516","818","0","63.08","32.27"
"64","000","00","027","2702","0000","1086","658","428","125","1211","1817","0","66.65","36.21"
"64","000","00","027","2702","0251","550","321","229","46","596","866","0","68.82","37.07"
"64","000","00","027","2702","0252","536","337","199","79","615","951","0","64.67","35.44"
"64","000","00","027","2703","0000","1199","699","500","117","1316","2339","0","56.26","29.88"
"64","000","00","027","2703","0253","560","335","225","65","625","992","0","63.0","33.77"
"64","000","00","027","2703","0254","286","165","121","24","310","682","0","45.45","24.19"
"64","000","00","027","2703","0255","353","199","154","28","381","665","0","57.29","29.92"
"64","000","00","027","2704","0000","185","122","63","19","204","371","0","54.99","32.88"
"64","000","00","027","2704","0256","185","122","63","19","204","371","0","54.99","32.88"
"64","000","00","027","2705","0000","1493","894","599","117","1610","2532","0","63.59","35.31"
"64","000","00","027","2705","0257","663","391","272","68","731","1114","0","65.62","35.1"
"64","000","00","027","2705","0258","830","503","327","49","879","1418","0","61.99","35.47"
"64","000","00","027","2706","0000","1954","1184","770","196","2150","3368","0","63.84","35.15"
"64","000","00","027","2706","0259","864","524","340","98","962","1477","0","65.13","35.48"
"64","000","00","027","2706","0260","1090","660","430","98","1188","1891","0","62.82","34.9"
"64","000","00","028","0000","0000","8997","5293","3704","1094","10091","16487","19266","61.21","32.1"
"64","000","00","028","2801","0000","681","380","301","70","751","1246","0","60.27","30.5"
"64","000","00","028","2801","0358","681","380","301","70","751","1246","0","60.27","30.5"
"64","000","00","028","2802","0000","1056","635","421","138","1194","1840","0","64.89","34.51"
"64","000","00","028","2802","0359","482","271","211","65","547","885","0","61.81","30.62"
"64","000","00","028","2802","0360","574","364","210","73","647","955","0","67.75","38.12"
"64","000","00","028","2803","0000","269","156","113","46","315","534","0","58.99","29.21"
"64","000","00","028","2803","0361","269","156","113","46","315","534","0","58.99","29.21"
"64","000","00","028","2804","0000","408","232","176","40","448","738","0","60.7","31.44"
"64","000","00","028","2804","0362","408","232","176","40","448","738","0","60.7","31.44"
"64","000","00","028","2805","0000","1009","602","407","123","1132","1732","0","65.36","34.76"
"64","000","00","028","2805","0363","517","317","200","58","575","855","0","67.25","37.08"
"64","000","00","028","2805","0364","492","285","207","65","557","877","0","63.51","32.5"
"64","000","00","028","2806","0000","878","528","350","101","979","1589","0","61.61","33.23"
"64","000","00","028","2806","0365","439","279","160","67","506","781","0","64.79","35.72"
"64","000","00","028","2806","0366","439","249","190","34","473","808","0","58.54","30.82"
"64","000","00","028","2807","0000","863","518","345","95","958","1729","0","55.41","29.96"
"64","000","00","028","2807","0367","416","239","177","41","457","904","0","50.55","26.44"
"64","000","00","028","2807","0368","447","279","168","54","501","825","0","60.73","33.82"
"64","000","00","028","2808","0000","1094","649","445","116","1210","2037","0","59.4","31.86"
"64","000","00","028","2808","0370","521","296","225","44","565","1013","0","55.77","29.22"
"64","000","00","028","2808","0371","573","353","220","72","645","1024","0","62.99","34.47"
"64","000","00","028","2809","0000","452","200","252","65","517","941","0","54.94","21.25"
"64","000","00","028","2809","0369","452","200","252","65","517","941","0","54.94","21.25"
"64","000","00","028","2810","0000","417","261","156","28","445","861","0","51.68","30.31"
"64","000","00","028","2810","0372","417","261","156","28","445","861","0","51.68","30.31"
"64","000","00","028","2811","0000","641","369","272","88","729","1163","0","62.68","31.73"
"64","000","00","028","2811","0373","641","369","272","88","729","1163","0","62.68","31.73"
"64","000","00","028","2812","0000","1229","763","466","184","1413","2077","0","68.03","36.74"
"64","000","00","028","2812","0374","691","439","252","98","789","1216","0","64.88","36.1"
"64","000","00","028","2812","0375","538","324","214","86","624","861","0","72.47","37.63"
"64","000","00","029","0000","0000","16183","9540","6643","1625","17808","31025","35896","57.4","30.75"
"64","000","00","029","2901","0000","1162","687","475","146","1308","2124","0","61.58","32.34"
"64","000","00","029","2901","0376","597","350","247","76","673","1061","0","63.43","32.99"
"64","000","00","029","2901","0377","565","337","228","70","635","1063","0","59.74","31.7"
"64","000","00","029","2902","0000","1027","545","482","71","1098","2047","0","53.64","26.62"
"64","000","00","029","2902","0378","512","254","258","41","553","969","0","57.07","26.21"
"64","000","00","029","2902","0379","515","291","224","30","545","1078","0","50.56","26.99"
"64","000","00","029","2903","0000","1209","683","526","145","1354","2231","0","60.69","30.61"
"64","000","00","029","2903","0380","463","244","219","57","520","838","0","62.05","29.12"
"64","000","00","029","2903","0381","340","191","149","47","387","611","0","63.34","31.26"
"64","000","00","029","2903","0382","406","248","158","41","447","782","0","57.16","31.71"
"64","000","00","029","2904","0000","845","515","330","101","946","1451","0","65.2","35.49"
"64","000","00","029","2904","0383","845","515","330","101","946","1451","0","65.2","35.49"
"64","000","00","029","2905","0000","586","343","243","30","616","1144","0","53.85","29.98"
"64","000","00","029","2905","0384","586","343","243","30","616","1144","0","53.85","29.98"
"64","000","00","029","2906","0000","864","496","368","101","965","1827","0","52.82","27.15"
"64","000","00","029","2906","0389","514","300","214","50","564","1112","0","50.72","26.98"
"64","000","00","029","2906","0390","350","196","154","51","401","715","0","56.08","27.41"
"64","000","00","029","2907","0000","1130","681","449","212","1342","2072","0","64.77","32.87"
"64","000","00","029","2907","0394","586","359","227","109","695","1052","0","66.06","34.13"
"64","000","00","029","2907","0395","544","322","222","103","647","1020","0","63.43","31.57"
"64","000","00","029","2908","0000","1420","872","548","88","1508","2855","0","52.82","30.54"
"64","000","00","029","2908","0396","611","368","243","39","650","1260","0","51.59","29.21"
"64","000","00","029","2908","0397","809","504","305","49","858","1595","0","53.79","31.6"
"64","000","00","029","2909","0000","1233","764","469","70","1303","2361","0","55.19","32.36"
"64","000","00","029","2909","0398","456","282","174","42","498","829","0","60.07","34.02"
"64","000","00","029","2909","0399","777","482","295","28","805","1532","0","52.55","31.46"
"64","000","00","029","2910","0000","458","271","187","27","485","975","0","49.74","27.79"
"64","000","00","029","2910","0385","458","271","187","27","485","975","0","49.74","27.79"
"64","000","00","029","2911","0000","1918","1124","794","199","2117","3608","0","58.68","31.15"
"64","000","00","029","2911","0386","686","398","288","56","742","1317","0","56.34","30.22"
"64","000","00","029","2911","0387","658","378","280","93","751","1218","0","61.66","31.03"
"64","000","00","029","2911","0388","574","348","226","50","624","1073","0","58.15","32.43"
"64","000","00","029","2912","0000","1103","632","471","114","1217","2250","0","54.09","28.09"
"64","000","00","029","2912","0391","626","360","266","68","694","1311","0","52.94","27.46"
"64","000","00","029","2912","0392","477","272","205","46","523","939","0","55.7","28.97"
"64","000","00","029","2913","0000","488","289","199","28","516","824","0","62.62","35.07"
"64","000","00","029","2913","0393","488","289","199","28","516","824","0","62.62","35.07"
"64","000","00","029","2914","0000","1307","756","551","165","1472","2338","0","62.96","32.34"
"64","000","00","029","2914","0400","687","368","319","78","765","1195","0","64.02","30.79"
"64","000","00","029","2914","0401","620","388","232","87","707","1143","0","61.85","33.95"
"64","000","00","029","2915","0000","1433","882","551","128","1561","2918","0","53.5","30.23"
"64","000","00","029","2915","0402","664","367","297","72","736","1186","0","62.06","30.94"
"64","000","00","029","2915","0403","769","515","254","56","825","1732","0","47.63","29.73"
"64","000","00","030","0000","0000","16055","9653","6402","1698","17753","31996","36695","55.49","30.17"
"64","000","00","030","3001","0000","1103","663","440","122","1225","2185","0","56.06","30.34"
"64","000","00","030","3001","0060","584","358","226","51","635","1060","0","59.91","33.77"
"64","000","00","030","3001","0061","519","305","214","71","590","1125","0","52.44","27.11"
"64","000","00","030","3002","0000","1303","804","499","69","1372","2338","0","58.68","34.39"
"64","000","00","030","3002","0062","610","387","223","41","651","1100","0","59.18","35.18"
"64","000","00","030","3002","0063","693","417","276","28","721","1238","0","58.24","33.68"
"64","000","00","030","3003","0000","840","505","335","43","883","1660","0","53.19","30.42"
"64","000","00","030","3003","0064","506","315","191","25","531","933","0","56.91","33.76"
"64","000","00","030","3003","0065","334","190","144","18","352","727","0","48.42","26.13"
"64","000","00","030","3004","0000","900","563","337","83","983","1815","0","54.16","31.02"
"64","000","00","030","3004","0066","546","345","201","51","597","1071","0","55.74","32.21"
"64","000","00","030","3004","0067","354","218","136","32","386","744","0","51.88","29.3"
"64","000","00","030","3005","0000","651","380","271","60","711","1469","0","48.4","25.87"
"64","000","00","030","3005","0068","481","277","204","37","518","1100","0","47.09","25.18"
"64","000","00","030","3005","0069","170","103","67","23","193","369","0","52.3","27.91"
"64","000","00","030","3006","0000","561","330","231","29","590","1398","0","42.2","23.61"
"64","000","00","030","3006","0070","366","217","149","20","386","888","0","43.47","24.44"
"64","000","00","030","3006","0071","195","113","82","9","204","510","0","40.0","22.16"
"64","000","00","030","3007","0000","557","322","235","91","648","1042","0","62.19","30.9"
"64","000","00","030","3007","0072","557","322","235","91","648","1042","0","62.19","30.9"
"64","000","00","030","3008","0000","378","235","143","53","431","791","0","54.49","29.71"
"64","000","00","030","3008","0073","378","235","143","53","431","791","0","54.49","29.71"
"64","000","00","030","3009","0000","1047","619","428","124","1171","2157","0","54.29","28.7"
"64","000","00","030","3009","0074","490","308","182","79","569","939","0","60.6","32.8"
"64","000","00","030","3009","0075","557","311","246","45","602","1218","0","49.43","25.53"
"64","000","00","030","3010","0000","78","54","24","19","97","178","0","54.49","30.34"
"64","000","00","030","3010","0076","78","54","24","19","97","178","0","54.49","30.34"
"64","000","00","030","3011","0000","1041","612","429","105","1146","1971","0","58.14","31.05"
"64","000","00","030","3011","0077","530","317","213","59","589","946","0","62.26","33.51"
"64","000","00","030","3011","0078","511","295","216","46","557","1025","0","54.34","28.78"
"64","000","00","030","3012","0000","552","354","198","148","700","1040","0","67.31","34.04"
"64","000","00","030","3012","0079","552","354","198","148","700","1040","0","67.31","34.04"
"64","000","00","030","3013","0000","832","503","329","80","912","1563","0","58.35","32.18"
"64","000","00","030","3013","0080","521","304","217","56","577","900","0","64.11","33.78"
"64","000","00","030","3013","0081","311","199","112","24","335","663","0","50.53","30.02"
"64","000","00","030","3014","0000","1002","594","408","95","1097","2014","0","54.47","29.49"
"64","000","00","030","3014","0082","471","285","186","63","534","954","0","55.97","29.87"
"64","000","00","030","3014","0083","531","309","222","32","563","1060","0","53.11","29.15"
"64","000","00","030","3015","0000","1755","1074","681","180","1935","3323","0","58.23","32.32"
"64","000","00","030","3015","0084","600","360","240","64","664","1110","0","59.82","32.43"
"64","000","00","030","3015","0085","563","345","218","68","631","1062","0","59.42","32.49"
"64","000","00","030","3015","0086","592","369","223","48","640","1151","0","55.6","32.06"
"64","000","00","030","3016","0000","1069","638","431","112","1181","2206","0","53.54","28.92"
"64","000","00","030","3016","0087","140","69","71","25","165","266","0","62.03","25.94"
"64","000","00","030","3016","0088","343","204","139","43","386","633","0","60.98","32.23"
"64","000","00","030","3016","0089","586","365","221","44","630","1307","0","48.2","27.93"
"64","000","00","030","3017","0000","349","188","161","73","422","754","0","55.97","24.93"
"64","000","00","030","3017","0090","349","188","161","73","422","754","0","55.97","24.93"
"64","000","00","030","3018","0000","646","362","284","103","749","1296","0","57.79","27.93"
"64","000","00","030","3018","0091","646","362","284","103","749","1296","0","57.79","27.93"
"64","000","00","030","3019","0000","362","215","147","16","378","839","0","45.05","25.63"
"64","000","00","030","3019","0092","362","215","147","16","378","839","0","45.05","25.63"
"64","000","00","030","3020","0000","691","427","264","59","750","1329","0","56.43","32.13"
"64","000","00","030","3020","0093","691","427","264","59","750","1329","0","56.43","32.13"
"64","000","00","030","3021","0000","338","211","127","34","372","628","0","59.24","33.6"
"64","000","00","030","3021","0094","338","211","127","34","372","628","0","59.24","33.6"
"64","000","00","031","0000","0000","17277","10310","6967","1946","19223","35311","39630","54.44","29.2"
"64","000","00","031","3101","0000","1246","716","530","137","1383","2613","0","52.93","27.4"
"64","000","00","031","3101","0095","597","326","271","94","691","1175","0","58.81","27.74"
"64","000","00","031","3101","0096","649","390","259","43","692","1438","0","48.12","27.12"
"64","000","00","031","3102","0000","1198","685","513","133","1331","2416","0","55.09","28.35"
"64","000","00","031","3102","0097","452","255","197","53","505","989","0","51.06","25.78"
"64","000","00","031","3102","0098","746","430","316","80","826","1427","0","57.88","30.13"
"64","000","00","031","3103","0000","1378","792","586","128","1506","2572","0","58.55","30.79"
"64","000","00","031","3103","0099","673","403","270","64","737","1309","0","56.3","30.79"
"64","000","00","031","3103","0100","705","389","316","64","769","1263","0","60.89","30.8"
"64","000","00","031","3104","0000","1066","646","420","144","1210","2061","0","58.71","31.34"
"64","000","00","031","3104","0101","515","312","203","82","597","997","0","59.88","31.29"
"64","000","00","031","3104","0102","551","334","217","62","613","1064","0","57.61","31.39"
"64","000","00","031","3105","0000","729","444","285","88","817","1498","0","54.54","29.64"
"64","000","00","031","3105","0103","729","444","285","88","817","1498","0","54.54","29.64"
"64","000","00","031","3106","0000","1104","652","452","150","1254","2150","0","58.33","30.33"
"64","000","00","031","3106","0104","566","330","236","90","656","1119","0","58.62","29.49"
"64","000","00","031","3106","0105","538","322","216","60","598","1031","0","58.0","31.23"
"64","000","00","031","3107","0000","1231","753","478","145","1376","2508","0","54.86","30.02"
"64","000","00","031","3107","0106","684","411","273","83","767","1437","0","53.38","28.6"
"64","000","00","031","3107","0107","547","342","205","62","609","1071","0","56.86","31.93"
"64","000","00","031","3108","0000","644","383","261","60","704","1462","0","48.15","26.2"
"64","000","00","031","3108","0108","348","208","140","38","386","687","0","56.19","30.28"
"64","000","00","031","3108","0109","296","175","121","22","318","775","0","41.03","22.58"
"64","000","00","031","3109","0000","620","355","265","79","699","1353","0","51.66","26.24"
"64","000","00","031","3109","0110","620","355","265","79","699","1353","0","51.66","26.24"
"64","000","00","031","3110","0000","547","313","234","45","592","1191","0","49.71","26.28"
"64","000","00","031","3110","0111","547","313","234","45","592","1191","0","49.71","26.28"
"64","000","00","031","3111","0000","1021","631","390","107","1128","2084","0","54.13","30.28"
"64","000","00","031","3111","0112","387","245","142","47","434","906","0","47.9","27.04"
"64","000","00","031","3111","0113","634","386","248","60","694","1178","0","58.91","32.77"
"64","000","00","031","3112","0000","560","353","207","33","593","1252","0","47.36","28.19"
"64","000","00","031","3112","0114","560","353","207","33","593","1252","0","47.36","28.19"
"64","000","00","031","3113","0000","791","476","315","70","861","1549","0","55.58","30.73"
"64","000","00","031","3113","0115","791","476","315","70","861","1549","0","55.58","30.73"
"64","000","00","031","3114","0000","1091","674","417","98","1189","2204","0","53.95","30.58"
"64","000","00","031","3114","0116","504","311","193","50","554","1088","0","50.92","28.58"
"64","000","00","031","3114","0117","587","363","224","48","635","1116","0","56.9","32.53"
"64","000","00","031","3115","0000","924","564","360","115","1039","1793","0","57.95","31.46"
"64","000","00","031","3115","0118","487","305","182","41","528","977","0","54.04","31.22"
"64","000","00","031","3115","0119","437","259","178","74","511","816","0","62.62","31.74"
"64","000","00","031","3116","0000","881","561","320","100","981","1898","0","51.69","29.56"
"64","000","00","031","3116","0120","399","266","133","32","431","955","0","45.13","27.85"
"64","000","00","031","3116","0121","482","295","187","68","550","943","0","58.32","31.28"
"64","000","00","031","3117","0000","651","397","254","56","707","1371","0","51.57","28.96"
"64","000","00","031","3117","0122","651","397","254","56","707","1371","0","51.57","28.96"
"64","000","00","031","3118","0000","963","567","396","115","1078","1834","0","58.78","30.92"
"64","000","00","031","3118","0123","453","263","190","62","515","919","0","56.04","28.62"
"64","000","00","031","3118","0124","510","304","206","53","563","915","0","61.53","33.22"
"64","000","00","031","3119","0000","632","348","284","143","775","1502","0","51.6","23.17"
"64","000","00","031","3119","0125","385","214","171","71","456","828","0","55.07","25.85"
"64","000","00","031","3119","0126","247","134","113","72","319","674","0","47.33","19.88"
"64","000","00","032","0000","0000","4695","2805","1890","727","5422","11501","12984","47.14","24.39"
"64","000","00","032","3201","0000","339","196","143","35","374","760","0","49.21","25.79"
"64","000","00","032","3201","0020","339","196","143","35","374","760","0","49.21","25.79"
"64","000","00","032","3202","0000","260","159","101","49","309","666","0","46.4","23.87"
"64","000","00","032","3202","0021","260","159","101","49","309","666","0","46.4","23.87"
"64","000","00","032","3203","0000","341","212","129","58","399","704","0","56.68","30.11"
"64","000","00","032","3203","0022","341","212","129","58","399","704","0","56.68","30.11"
"64","000","00","032","3204","0000","450","257","193","60","510","1003","0","50.85","25.62"
"64","000","00","032","3204","0023","450","257","193","60","510","1003","0","50.85","25.62"
"64","000","00","032","3205","0000","541","333","208","114","655","1382","0","47.4","24.1"
"64","000","00","032","3205","0024","541","333","208","114","655","1382","0","47.4","24.1"
"64","000","00","032","3206","0000","340","207","133","74","414","986","0","41.99","20.99"
"64","000","00","032","3206","0025","340","207","133","74","414","986","0","41.99","20.99"
"64","000","00","032","3207","0000","473","284","189","52","525","1046","0","50.19","27.15"
"64","000","00","032","3207","0026","473","284","189","52","525","1046","0","50.19","27.15"
"64","000","00","032","3208","0000","318","181","137","62","380","812","0","46.8","22.29"
"64","000","00","032","3208","0027","318","181","137","62","380","812","0","46.8","22.29"
"64","000","00","032","3209","0000","589","338","251","72","661","1431","0","46.19","23.62"
"64","000","00","032","3209","0028","589","338","251","72","661","1431","0","46.19","23.62"
"64","000","00","032","3210","0000","405","254","151","71","476","912","0","52.19","27.85"
"64","000","00","032","3210","0029","405","254","151","71","476","912","0","52.19","27.85"
"64","000","00","032","3211","0000","524","321","203","51","575","1472","0","39.06","21.81"
"64","000","00","032","3211","0030","524","321","203","51","575","1472","0","39.06","21.81"
"64","000","00","032","3212","0000","115","63","52","29","144","327","0","44.04","19.27"
"64","000","00","032","3212","0031","115","63","52","29","144","327","0","44.04","19.27"
"64","000","00","033","0000","0000","2263","1329","934","350","2613","5417","6051","48.24","24.53"
"64","000","00","033","3301","0000","158","97","61","9","167","472","0","35.38","20.55"
"64","000","00","033","3301","0013","158","97","61","9","167","472","0","35.38","20.55"
"64","000","00","033","3302","0000","475","284","191","77","552","882","0","62.59","32.2"
"64","000","00","033","3302","0014","475","284","191","77","552","882","0","62.59","32.2"
"64","000","00","033","3303","0000","304","177","127","48","352","668","0","52.69","26.5"
"64","000","00","033","3303","0015","304","177","127","48","352","668","0","52.69","26.5"
"64","000","00","033","3304","0000","657","381","276","137","794","1581","0","50.22","24.1"
"64","000","00","033","3304","0016","657","381","276","137","794","1581","0","50.22","24.1"
"64","000","00","033","3305","0000","201","121","80","12","213","673","0","31.65","17.98"
"64","000","00","033","3305","0017","201","121","80","12","213","673","0","31.65","17.98"
"64","000","00","033","3306","0000","242","141","101","42","284","607","0","46.79","23.23"
"64","000","00","033","3306","0018","242","141","101","42","284","607","0","46.79","23.23"
"64","000","00","033","3307","0000","226","128","98","25","251","534","0","47.0","23.97"
"64","000","00","033","3307","0019","226","128","98","25","251","534","0","47.0","23.97"
"64","000","00","034","0000","0000","4246","2510","1736","521","4767","10607","11828","44.94","23.66"
"64","000","00","034","3401","0000","259","161","98","55","314","640","0","49.06","25.16"
"64","000","00","034","3401","0032","259","161","98","55","314","640","0","49.06","25.16"
"64","000","00","034","3402","0000","274","146","128","28","302","696","0","43.39","20.98"
"64","000","00","034","3402","0033","274","146","128","28","302","696","0","43.39","20.98"
"64","000","00","034","3403","0000","398","223","175","59","457","1284","0","35.59","17.37"
"64","000","00","034","3403","0034","398","223","175","59","457","1284","0","35.59","17.37"
"64","000","00","034","3404","0000","590","347","243","74","664","1509","0","44.0","23.0"
"64","000","00","034","3404","0035","399","221","178","39","438","1027","0","42.65","21.52"
"64","000","00","034","3404","0036","191","126","65","35","226","482","0","46.89","26.14"
"64","000","00","034","3405","0000","787","444","343","115","902","1627","0","55.44","27.29"
"64","000","00","034","3405","0037","787","444","343","115","902","1627","0","55.44","27.29"
"64","000","00","034","3406","0000","677","435","242","46","723","1630","0","44.36","26.69"
"64","000","00","034","3406","0038","677","435","242","46","723","1630","0","44.36","26.69"
"64","000","00","034","3407","0000","580","355","225","84","664","1261","0","52.66","28.15"
"64","000","00","034","3407","0041","580","355","225","84","664","1261","0","52.66","28.15"
"64","000","00","034","3408","0000","681","399","282","60","741","1960","0","37.81","20.36"
"64","000","00","034","3408","0039","321","198","123","29","350","973","0","35.97","20.35"
"64","000","00","034","3408","0040","360","201","159","31","391","987","0","39.61","20.36"
"64","000","00","035","0000","0000","5361","3171","2190","778","6139","13002","14465","47.22","24.39"
"64","000","00","035","3501","0000","374","211","163","65","439","969","0","45.3","21.78"
"64","000","00","035","3501","0042","374","211","163","65","439","969","0","45.3","21.78"
"64","000","00","035","3502","0000","224","130","94","23","247","652","0","37.88","19.94"
"64","000","00","035","3502","0043","224","130","94","23","247","652","0","37.88","19.94"
"64","000","00","035","3503","0000","430","262","168","82","512","961","0","53.28","27.26"
"64","000","00","035","3503","0044","430","262","168","82","512","961","0","53.28","27.26"
"64","000","00","035","3504","0000","162","96","66","8","170","426","0","39.91","22.54"
"64","000","00","035","3504","0045","162","96","66","8","170","426","0","39.91","22.54"
"64","000","00","035","3505","0000","165","97","68","17","182","398","0","45.73","24.37"
"64","000","00","035","3505","0046","165","97","68","17","182","398","0","45.73","24.37"
"64","000","00","035","3506","0000","199","131","68","19","218","508","0","42.91","25.79"
"64","000","00","035","3506","0047","199","131","68","19","218","508","0","42.91","25.79"
"64","000","00","035","3507","0000","508","312","196","66","574","980","0","58.57","31.84"
"64","000","00","035","3507","0048","508","312","196","66","574","980","0","58.57","31.84"
"64","000","00","035","3508","0000","477","269","208","60","537","1225","0","43.84","21.96"
"64","000","00","035","3508","0049","477","269","208","60","537","1225","0","43.84","21.96"
"64","000","00","035","3509","0000","787","465","322","159","946","1722","0","54.94","27.0"
"64","000","00","035","3509","0050","787","465","322","159","946","1722","0","54.94","27.0"
"64","000","00","035","3510","0000","240","130","110","35","275","560","0","49.11","23.21"
"64","000","00","035","3510","0051","240","130","110","35","275","560","0","49.11","23.21"
"64","000","00","035","3511","0000","296","180","116","22","318","801","0","39.7","22.47"
"64","000","00","035","3511","0052","296","180","116","22","318","801","0","39.7","22.47"
"64","000","00","035","3512","0000","195","103","92","21","216","423","0","51.06","24.35"
"64","000","00","035","3512","0053","195","103","92","21","216","423","0","51.06","24.35"
"64","000","00","035","3513","0000","204","115","89","32","236","497","0","47.48","23.14"
"64","000","00","035","3513","0054","204","115","89","32","236","497","0","47.48","23.14"
"64","000","00","035","3514","0000","282","173","109","33","315","677","0","46.53","25.55"
"64","000","00","035","3514","0055","282","173","109","33","315","677","0","46.53","25.55"
"64","000","00","035","3515","0000","182","110","72","15","197","593","0","33.22","18.55"
"64","000","00","035","3515","0056","182","110","72","15","197","593","0","33.22","18.55"
"64","000","00","035","3516","0000","193","111","82","54","247","597","0","41.37","18.59"
"64","000","00","035","3516","0057","193","111","82","54","247","597","0","41.37","18.59"
"64","000","00","035","3517","0000","129","86","43","14","143","343","0","41.69","25.07"
"64","000","00","035","3517","0058","129","86","43","14","143","343","0","41.69","25.07"
"64","000","00","035","3518","0000","314","190","124","53","367","670","0","54.78","28.36"
"64","000","00","035","3518","0059","314","190","124","53","367","670","0","54.78","28.36"
"64","000","00","036","0000","0000","989","637","352","80","1069","1615","1999","66.19","39.44"
"64","000","00","036","3601","0000","430","283","147","22","452","726","0","62.26","38.98"
"64","000","00","036","3601","0129","430","283","147","22","452","726","0","62.26","38.98"
"64","000","00","036","3602","0000","236","159","77","25","261","382","0","68.32","41.62"
"64","000","00","036","3602","0128","236","159","77","25","261","382","0","68.32","41.62"
"64","000","00","036","3603","0000","323","195","128","33","356","507","0","70.22","38.46"
"64","000","00","036","3603","0127","323","195","128","33","356","507","0","70.22","38.46"
"64","000","00","037","0000","0000","1656","1024","632","122","1778","3498","4310","50.83","29.27"
"64","000","00","037","3701","0000","308","196","112","17","325","783","0","41.51","25.03"
"64","000","00","037","3701","0005","308","196","112","17","325","783","0","41.51","25.03"
"64","000","00","037","3702","0000","229","141","88","21","250","472","0","52.97","29.87"
"64","000","00","037","3702","0008","229","141","88","21","250","472","0","52.97","29.87"
"64","000","00","037","3703","0000","375","246","129","40","415","612","0","67.81","40.2"
"64","000","00","037","3703","0007","375","246","129","40","415","612","0","67.81","40.2"
"64","000","00","037","3704","0000","233","144","89","12","245","632","0","38.77","22.78"
"64","000","00","037","3704","0006","233","144","89","12","245","632","0","38.77","22.78"
"64","000","00","037","3705","0000","107","52","55","6","113","223","0","50.67","23.32"
"64","000","00","037","3705","0004","107","52","55","6","113","223","0","50.67","23.32"
"64","000","00","037","3706","0000","168","101","67","8","176","279","0","63.08","36.2"
"64","000","00","037","3706","0003","168","101","67","8","176","279","0","63.08","36.2"
"64","000","00","037","3707","0000","154","96","58","17","171","233","0","73.39","41.2"
"64","000","00","037","3707","0002","154","96","58","17","171","233","0","73.39","41.2"
"64","000","00","037","3708","0000","82","48","34","1","83","264","0","31.44","18.18"
"64","000","00","037","3708","0001","82","48","34","1","83","264","0","31.44","18.18"
"64","000","00","038","0000","0000","1192","745","447","201","1393","2424","3143","57.47","30.73"
"64","000","00","038","3801","0000","632","387","245","128","760","1326","0","57.32","29.19"
"64","000","00","038","3801","0009","296","176","120","47","343","741","0","46.29","23.75"
"64","000","00","038","3801","0010","336","211","125","81","417","585","0","71.28","36.07"
"64","000","00","038","3802","0000","403","270","133","63","466","609","0","76.52","44.33"
"64","000","00","038","3802","0011","403","270","133","63","466","609","0","76.52","44.33"
"64","000","00","038","3803","0000","157","88","69","10","167","489","0","34.15","18.0"
"64","000","00","038","3803","0012","157","88","69","10","167","489","0","34.15","18.0"
"10","004","00","000","0000","0000","232779","139470","93309","17674","250453","445051","556307","56.28","31.34"
"10","004","00","001","0000","0000","75192","44987","30205","4581","79773","137129","186411","58.17","32.81"
"10","004","00","001","0101","0000","3411","2088","1323","165","3576","5988","0","59.72","34.87"
"10","004","00","001","0101","0041","739","429","310","22","761","1301","0","58.49","32.97"
"10","004","00","001","0101","0042","1003","601","402","50","1053","1798","0","58.57","33.43"
"10","004","00","001","0101","0043","804","503","301","48","852","1427","0","59.71","35.25"
"10","004","00","001","0101","0044","865","555","310","45","910","1462","0","62.24","37.96"
"10","004","00","001","0102","0000","5495","3307","2188","195","5690","9417","0","60.42","35.12"
"10","004","00","001","0102","0001","823","512","311","30","853","1319","0","64.67","38.82"
"10","004","00","001","0102","0002","779","467","312","24","803","1321","0","60.79","35.35"
"10","004","00","001","0102","0003","755","448","307","48","803","1272","0","63.13","35.22"
"10","004","00","001","0102","0004","805","503","302","44","849","1467","0","57.87","34.29"
"10","004","00","001","0102","0005","685","412","273","16","701","1226","0","57.18","33.61"
"10","004","00","001","0102","0006","787","446","341","15","802","1412","0","56.8","31.59"
"10","004","00","001","0102","0007","861","519","342","18","879","1400","0","62.79","37.07"
"10","004","00","001","0103","0000","5737","3190","2547","202","5939","10185","0","58.31","31.32"
"10","004","00","001","0103","0008","845","476","369","35","880","1415","0","62.19","33.64"
"10","004","00","001","0103","0009","759","457","302","36","795","1361","0","58.41","33.58"
"10","004","00","001","0103","0010","811","484","327","26","837","1515","0","55.25","31.95"
"10","004","00","001","0103","0011","877","365","512","17","894","1495","0","59.8","24.41"
"10","004","00","001","0103","0012","819","501","318","20","839","1417","0","59.21","35.36"
"10","004","00","001","0103","0013","852","461","391","37","889","1548","0","57.43","29.78"
"10","004","00","001","0103","0014","774","446","328","31","805","1434","0","56.14","31.1"
"10","004","00","001","0104","0000","3765","2245","1520","174","3939","6515","0","60.46","34.46"
"10","004","00","001","0104","0015","769","486","283","43","812","1385","0","58.63","35.09"
"10","004","00","001","0104","0016","761","439","322","36","797","1247","0","63.91","35.2"
"10","004","00","001","0104","0017","771","431","340","28","799","1373","0","58.19","31.39"
"10","004","00","001","0104","0018","829","498","331","30","859","1345","0","63.87","37.03"
"10","004","00","001","0104","0019","635","391","244","37","672","1165","0","57.68","33.56"
"10","004","00","001","0105","0000","1405","821","584","98","1503","2376","0","63.26","34.55"
"10","004","00","001","0105","0020","691","399","292","57","748","1164","0","64.26","34.28"
"10","004","00","001","0105","0021","714","422","292","41","755","1212","0","62.29","34.82"
"10","004","00","001","0106","0000","1499","959","540","81","1580","3083","0","51.25","31.11"
"10","004","00","001","0106","0022","729","455","274","33","762","1507","0","50.56","30.19"
"10","004","00","001","0106","0023","770","504","266","48","818","1576","0","51.9","31.98"
"10","004","00","001","0107","0000","3245","1992","1253","235","3480","6111","0","56.95","32.6"
"10","004","00","001","0107","0056","737","460","277","49","786","1477","0","53.22","31.14"
"10","004","00","001","0107","0057","924","572","352","60","984","1611","0","61.08","35.51"
"10","004","00","001","0107","0058","834","525","309","77","911","1555","0","58.59","33.76"
"10","004","00","001","0107","0059","750","435","315","49","799","1468","0","54.43","29.63"
"10","004","00","001","0108","0000","4829","2921","1908","395","5224","8856","0","58.99","32.98"
"10","004","00","001","0108","0060","842","528","314","58","900","1509","0","59.64","34.99"
"10","004","00","001","0108","0061","834","479","355","57","891","1602","0","55.62","29.9"
"10","004","00","001","0108","0062","803","501","302","61","864","1448","0","59.67","34.6"
"10","004","00","001","0108","0063","716","466","250","80","796","1318","0","60.39","35.36"
"10","004","00","001","0108","0064","930","546","384","71","1001","1634","0","61.26","33.41"
"10","004","00","001","0108","0065","704","401","303","68","772","1345","0","57.4","29.81"
"10","004","00","001","0109","0000","2820","1687","1133","171","2991","5746","0","52.05","29.36"
"10","004","00","001","0109","0069","812","490","322","43","855","1483","0","57.65","33.04"
"10","004","00","001","0109","0070","693","429","264","55","748","1332","0","56.16","32.21"
"10","004","00","001","0109","0071","722","430","292","45","767","1482","0","51.75","29.01"
"10","004","00","001","0109","0072","593","338","255","28","621","1449","0","42.86","23.33"
"10","004","00","001","0110","0000","2902","1692","1210","175","3077","5703","0","53.95","29.67"
"10","004","00","001","0110","0073","683","413","270","33","716","1319","0","54.28","31.31"
"10","004","00","001","0110","0074","678","393","285","51","729","1332","0","54.73","29.5"
"10","004","00","001","0110","0075","718","433","285","34","752","1412","0","53.26","30.67"
"10","004","00","001","0110","0076","823","453","370","57","880","1640","0","53.66","27.62"
"10","004","00","001","0111","0000","3617","2157","1460","258","3875","6849","0","56.58","31.49"
"10","004","00","001","0111","0077","708","426","282","44","752","1323","0","56.84","32.2"
"10","004","00","001","0111","0078","796","466","330","59","855","1428","0","59.87","32.63"
"10","004","00","001","0111","0079","831","496","335","62","893","1533","0","58.25","32.35"
"10","004","00","001","0111","0080","674","384","290","32","706","1346","0","52.45","28.53"
"10","004","00","001","0111","0081","608","385","223","61","669","1219","0","54.88","31.58"
"10","004","00","001","0112","0000","2360","1414","946","163","2523","4458","0","56.59","31.72"
"10","004","00","001","0112","0086","766","429","337","66","832","1383","0","60.16","31.02"
"10","004","00","001","0112","0087","843","499","344","59","902","1569","0","57.49","31.8"
"10","004","00","001","0112","0088","751","486","265","38","789","1506","0","52.39","32.27"
"10","004","00","001","0113","0000","1051","641","410","84","1135","1951","0","58.18","32.85"
"10","004","00","001","0113","0089","471","280","191","36","507","877","0","57.81","31.93"
"10","004","00","001","0113","0090","580","361","219","48","628","1074","0","58.47","33.61"
"10","004","00","001","0114","0000","1370","816","554","128","1498","2425","0","61.77","33.65"
"10","004","00","001","0114","0091","644","388","256","61","705","1089","0","64.74","35.63"
"10","004","00","001","0114","0092","726","428","298","67","793","1336","0","59.36","32.04"
"10","004","00","001","0115","0000","1189","696","493","129","1318","2143","0","61.5","32.48"
"10","004","00","001","0115","0094","567","328","239","59","626","937","0","66.81","35.01"
"10","004","00","001","0115","0095","622","368","254","70","692","1206","0","57.38","30.51"
"10","004","00","001","0116","0000","621","349","272","67","688","1205","0","57.1","28.96"
"10","004","00","001","0116","0096","621","349","272","67","688","1205","0","57.1","28.96"
"10","004","00","001","0117","0000","837","493","344","96","933","1585","0","58.86","31.1"
"10","004","00","001","0117","0098","467","265","202","59","526","917","0","57.36","28.9"
"10","004","00","001","0117","0099","370","228","142","37","407","668","0","60.93","34.13"
"10","004","00","001","0118","0000","951","546","405","107","1058","1914","0","55.28","28.53"
"10","004","00","001","0118","0102","522","317","205","79","601","977","0","61.51","32.45"
"10","004","00","001","0118","0103","429","229","200","28","457","937","0","48.77","24.44"
"10","004","00","001","0119","0000","942","559","383","86","1028","1718","0","59.84","32.54"
"10","004","00","001","0119","0097","942","559","383","86","1028","1718","0","59.84","32.54"
"10","004","00","001","0120","0000","799","472","327","124","923","1606","0","57.47","29.39"
"10","004","00","001","0120","0100","409","235","174","49","458","824","0","55.58","28.52"
"10","004","00","001","0120","0101","390","237","153","75","465","782","0","59.46","30.31"
"10","004","00","001","0121","0000","3542","2028","1514","129","3671","6176","0","59.44","32.84"
"10","004","00","001","0121","0030","710","403","307","25","735","1196","0","61.45","33.7"
"10","004","00","001","0121","0031","715","415","300","29","744","1235","0","60.24","33.6"
"10","004","00","001","0121","0032","664","363","301","21","685","1204","0","56.89","30.15"
"10","004","00","001","0121","0033","764","444","320","36","800","1308","0","61.16","33.94"
"10","004","00","001","0121","0034","689","403","286","18","707","1233","0","57.34","32.68"
"10","004","00","001","0122","0000","2951","1847","1104","207","3158","5664","0","55.76","32.61"
"10","004","00","001","0122","0082","830","489","341","67","897","1466","0","61.19","33.36"
"10","004","00","001","0122","0083","592","335","257","40","632","1147","0","55.1","29.21"
"10","004","00","001","0122","0084","705","505","200","46","751","1529","0","49.12","33.03"
"10","004","00","001","0122","0085","824","518","306","54","878","1522","0","57.69","34.03"
"10","004","00","001","0123","0000","542","319","223","64","606","1058","0","57.28","30.15"
"10","004","00","001","0123","0093","542","319","223","64","606","1058","0","57.28","30.15"
"10","004","00","001","0124","0000","2246","1333","913","124","2370","3738","0","63.4","35.66"
"10","004","00","001","0124","0049","683","377","306","40","723","1181","0","61.22","31.92"
"10","004","00","001","0124","0050","808","500","308","53","861","1329","0","64.79","37.62"
"10","004","00","001","0124","0051","755","456","299","31","786","1228","0","64.01","37.13"
"10","004","00","001","0125","0000","3196","1917","1279","181","3377","5989","0","56.39","32.01"
"10","004","00","001","0125","0052","826","492","334","50","876","1552","0","56.44","31.7"
"10","004","00","001","0125","0053","862","538","324","31","893","1480","0","60.34","36.35"
"10","004","00","001","0125","0054","761","436","325","43","804","1487","0","54.07","29.32"
"10","004","00","001","0125","0055","747","451","296","57","804","1470","0","54.69","30.68"
"10","004","00","001","0126","0000","1846","1116","730","152","1998","3204","0","62.36","34.83"
"10","004","00","001","0126","0066","591","349","242","35","626","958","0","65.34","36.43"
"10","004","00","001","0126","0067","652","410","242","51","703","1112","0","63.22","36.87"
"10","004","00","001","0126","0068","603","357","246","66","669","1134","0","58.99","31.48"
"10","004","00","001","0127","0000","3035","1943","1092","179","3214","5749","0","55.91","33.8"
"10","004","00","001","0127","0024","788","463","325","39","827","1464","0","56.49","31.63"
"10","004","00","001","0127","0025","777","441","336","41","818","1428","0","57.28","30.88"
"10","004","00","001","0127","0026","699","576","123","29","728","1442","0","50.49","39.94"
"10","004","00","001","0127","0027","771","463","308","70","841","1415","0","59.43","32.72"
"10","004","00","001","0128","0000","1714","1007","707","78","1792","3417","0","52.44","29.47"
"10","004","00","001","0128","0028","822","486","336","28","850","1666","0","51.02","29.17"
"10","004","00","001","0128","0029","892","521","371","50","942","1751","0","53.8","29.75"
"10","004","00","001","0129","0000","1948","1163","785","98","2046","3312","0","61.78","35.11"
"10","004","00","001","0129","0035","651","391","260","21","672","1129","0","59.52","34.63"
"10","004","00","001","0129","0036","633","391","242","29","662","1069","0","61.93","36.58"
"10","004","00","001","0129","0037","664","381","283","48","712","1114","0","63.91","34.2"
"10","004","00","001","0130","0000","1972","1197","775","108","2080","3265","0","63.71","36.66"
"10","004","00","001","0130","0038","642","400","242","37","679","1103","0","61.56","36.26"
"10","004","00","001","0130","0039","635","370","265","35","670","1029","0","65.11","35.96"
"10","004","00","001","0130","0040","695","427","268","36","731","1133","0","64.52","37.69"
"10","004","00","001","0131","0000","3355","2072","1283","128","3483","5723","0","60.86","36.2"
"10","004","00","001","0131","0045","810","507","303","37","847","1342","0","63.11","37.78"
"10","004","00","001","0131","0046","875","575","300","32","907","1480","0","61.28","38.85"
"10","004","00","001","0131","0047","903","524","379","29","932","1645","0","56.66","31.85"
"10","004","00","001","0131","0048","767","466","301","30","797","1256","0","63.46","37.1"
"10","004","00","002","0000","0000","39234","23823","15411","3114","42348","78794","96358","53.75","30.23"
"10","004","00","002","0201","0000","137","82","55","17","154","309","0","49.84","26.54"
"10","004","00","002","0201","0104","137","82","55","17","154","309","0","49.84","26.54"
"10","004","00","002","0202","0000","175","94","81","38","213","416","0","51.2","22.6"
"10","004","00","002","0202","0105","175","94","81","38","213","416","0","51.2","22.6"
"10","004","00","002","0203","0000","181","116","65","12","193","386","0","50.0","30.05"
"10","004","00","002","0203","0106","181","116","65","12","193","386","0","50.0","30.05"
"10","004","00","002","0204","0000","1086","783","303","54","1140","2225","0","51.24","35.19"
"10","004","00","002","0204","0107","439","378","61","33","472","950","0","49.68","39.79"
"10","004","00","002","0204","0108","647","405","242","21","668","1275","0","52.39","31.76"
"10","004","00","002","0205","0000","1676","1025","651","134","1810","3283","0","55.13","31.22"
"10","004","00","002","0205","0116","667","414","253","61","728","1292","0","56.35","32.04"
"10","004","00","002","0205","0117","536","326","210","21","557","1111","0","50.14","29.34"
"10","004","00","002","0205","0118","473","285","188","52","525","880","0","59.66","32.39"
"10","004","00","002","0206","0000","4467","2719","1748","391","4858","9177","0","52.94","29.63"
"10","004","00","002","0206","0109","614","391","223","43","657","1213","0","54.16","32.23"
"10","004","00","002","0206","0110","819","503","316","48","867","1548","0","56.01","32.49"
"10","004","00","002","0206","0111","571","369","202","51","622","1246","0","49.92","29.61"
"10","004","00","002","0206","0112","511","306","205","64","575","1252","0","45.93","24.44"
"10","004","00","002","0206","0113","655","403","252","64","719","1359","0","52.91","29.65"
"10","004","00","002","0206","0114","611","333","278","58","669","1255","0","53.31","26.53"
"10","004","00","002","0206","0115","686","414","272","63","749","1304","0","57.44","31.75"
"10","004","00","002","0207","0000","2361","1457","904","193","2554","4569","0","55.9","31.89"
"10","004","00","002","0207","0121","545","346","199","63","608","1126","0","54.0","30.73"
"10","004","00","002","0207","0122","537","341","196","51","588","1073","0","54.8","31.78"
"10","004","00","002","0207","0123","651","384","267","44","695","1215","0","57.2","31.6"
"10","004","00","002","0207","0124","628","386","242","35","663","1155","0","57.4","33.42"
"10","004","00","002","0208","0000","346","210","136","33","379","704","0","53.84","29.83"
"10","004","00","002","0208","0128","346","210","136","33","379","704","0","53.84","29.83"
"10","004","00","002","0209","0000","1344","780","564","78","1422","3048","0","46.65","25.59"
"10","004","00","002","0209","0129","350","213","137","32","382","951","0","40.17","22.4"
"10","004","00","002","0209","0130","542","312","230","21","563","984","0","57.22","31.71"
"10","004","00","002","0209","0131","452","255","197","25","477","1113","0","42.86","22.91"
"10","004","00","002","0210","0000","737","424","313","89","826","1357","0","60.87","31.25"
"10","004","00","002","0210","0132","319","179","140","38","357","595","0","60.0","30.08"
"10","004","00","002","0210","0133","418","245","173","51","469","762","0","61.55","32.15"
"10","004","00","002","0211","0000","765","431","334","61","826","1400","0","59.0","30.79"
"10","004","00","002","0211","0142","394","204","190","43","437","715","0","61.12","28.53"
"10","004","00","002","0211","0143","371","227","144","18","389","685","0","56.79","33.14"
"10","004","00","002","0212","0000","1816","1098","718","148","1964","3875","0","50.68","28.34"
"10","004","00","002","0212","0136","587","347","240","36","623","1310","0","47.56","26.49"
"10","004","00","002","0212","0137","635","396","239","70","705","1434","0","49.16","27.62"
"10","004","00","002","0212","0138","594","355","239","42","636","1131","0","56.23","31.39"
"10","004","00","002","0213","0000","1660","1006","654","137","1797","3317","0","54.18","30.33"
"10","004","00","002","0213","0139","496","305","191","32","528","967","0","54.6","31.54"
"10","004","00","002","0213","0140","563","334","229","50","613","1196","0","51.25","27.93"
"10","004","00","002","0213","0141","601","367","234","55","656","1154","0","56.85","31.8"
"10","004","00","002","0214","0000","3551","2144","1407","246","3797","7555","0","50.26","28.38"
"10","004","00","002","0214","0149","601","360","241","29","630","1248","0","50.48","28.85"
"10","004","00","002","0214","0150","528","317","211","38","566","1263","0","44.81","25.1"
"10","004","00","002","0214","0151","551","326","225","43","594","1232","0","48.21","26.46"
"10","004","00","002","0214","0152","505","287","218","38","543","1143","0","47.51","25.11"
"10","004","00","002","0214","0153","798","516","282","39","837","1529","0","54.74","33.75"
"10","004","00","002","0214","0154","568","338","230","59","627","1140","0","55.0","29.65"
"10","004","00","002","0215","0000","3057","1882","1175","285","3342","6204","0","53.87","30.34"
"10","004","00","002","0215","0156","617","387","230","38","655","1345","0","48.7","28.77"
"10","004","00","002","0215","0157","642","399","243","94","736","1381","0","53.29","28.89"
"10","004","00","002","0215","0158","705","412","293","60","765","1379","0","55.47","29.88"
"10","004","00","002","0215","0159","547","340","207","56","603","1033","0","58.37","32.91"
"10","004","00","002","0215","0160","546","344","202","37","583","1066","0","54.69","32.27"
"10","004","00","002","0216","0000","2283","1389","894","160","2443","4350","0","56.16","31.93"
"10","004","00","002","0216","0169","562","341","221","63","625","1083","0","57.71","31.49"
"10","004","00","002","0216","0170","569","339","230","40","609","1102","0","55.26","30.76"
"10","004","00","002","0216","0171","552","346","206","32","584","1068","0","54.68","32.4"
"10","004","00","002","0216","0172","600","363","237","25","625","1097","0","56.97","33.09"
"10","004","00","002","0217","0000","930","573","357","69","999","1871","0","53.39","30.63"
"10","004","00","002","0217","0173","444","292","152","37","481","962","0","50.0","30.35"
"10","004","00","002","0217","0174","486","281","205","32","518","909","0","56.99","30.91"
"10","004","00","002","0218","0000","268","163","105","34","302","603","0","50.08","27.03"
"10","004","00","002","0218","0175","268","163","105","34","302","603","0","50.08","27.03"
"10","004","00","002","0219","0000","5174","3073","2101","368","5542","10396","0","53.31","29.56"
"10","004","00","002","0219","0161","500","283","217","56","556","938","0","59.28","30.17"
"10","004","00","002","0219","0162","533","323","210","54","587","952","0","61.66","33.93"
"10","004","00","002","0219","0163","833","528","305","52","885","1468","0","60.29","35.97"
"10","004","00","002","0219","0164","927","496","431","45","972","1915","0","50.76","25.9"
"10","004","00","002","0219","0165","581","331","250","55","636","1220","0","52.13","27.13"
"10","004","00","002","0219","0166","510","302","208","22","532","1166","0","45.63","25.9"
"10","004","00","002","0219","0167","671","433","238","44","715","1492","0","47.92","29.02"
"10","004","00","002","0219","0168","619","377","242","40","659","1245","0","52.93","30.28"
"10","004","00","002","0220","0000","926","519","407","82","1008","1727","0","58.37","30.05"
"10","004","00","002","0220","0125","433","247","186","49","482","852","0","56.57","28.99"
"10","004","00","002","0220","0126","493","272","221","33","526","875","0","60.11","31.09"
"10","004","00","002","0221","0000","1047","638","409","73","1120","1914","0","58.52","33.33"
"10","004","00","002","0221","0119","363","197","166","30","393","670","0","58.66","29.4"
"10","004","00","002","0221","0120","684","441","243","43","727","1244","0","58.44","35.45"
"10","004","00","002","0222","0000","602","389","213","48","650","1070","0","60.75","36.36"
"10","004","00","002","0222","0127","602","389","213","48","650","1070","0","60.75","36.36"
"10","004","00","002","0223","0000","3510","2180","1330","289","3799","6892","0","55.12","31.63"
"10","004","00","002","0223","0144","661","421","240","59","720","1352","0","53.25","31.14"
"10","004","00","002","0223","0145","747","455","292","59","806","1407","0","57.29","32.34"
"10","004","00","002","0223","0146","690","441","249","43","733","1362","0","53.82","32.38"
"10","004","00","002","0223","0147","706","432","274","49","755","1330","0","56.77","32.48"
"10","004","00","002","0223","0148","706","431","275","79","785","1441","0","54.48","29.91"
"10","004","00","002","0224","0000","800","462","338","44","844","1576","0","53.55","29.31"
"10","004","00","002","0224","0134","397","233","164","24","421","763","0","55.18","30.54"
"10","004","00","002","0224","0135","403","229","174","20","423","813","0","52.03","28.17"
"10","004","00","002","0225","0000","335","186","149","31","366","570","0","64.21","32.63"
"10","004","00","002","0225","0155","335","186","149","31","366","570","0","64.21","32.63"
"10","004","00","003","0000","0000","15015","9280","5735","1214","16229","28894","33106","56.17","32.12"
"10","004","00","003","0301","0000","613","374","239","46","659","1139","0","57.86","32.84"
"10","004","00","003","0301","0194","613","374","239","46","659","1139","0","57.86","32.84"
"10","004","00","003","0302","0000","460","289","171","22","482","861","0","55.98","33.57"
"10","004","00","003","0302","0195","460","289","171","22","482","861","0","55.98","33.57"
"10","004","00","003","0303","0000","2043","1223","820","156","2199","4271","0","51.49","28.63"
"10","004","00","003","0303","0196","516","300","216","40","556","1093","0","50.87","27.45"
"10","004","00","003","0303","0197","469","277","192","36","505","978","0","51.64","28.32"
"10","004","00","003","0303","0198","488","293","195","30","518","1040","0","49.81","28.17"
"10","004","00","003","0303","0199","570","353","217","50","620","1160","0","53.45","30.43"
"10","004","00","003","0304","0000","1052","643","409","78","1130","1965","0","57.51","32.72"
"10","004","00","003","0304","0184","507","312","195","30","537","948","0","56.65","32.91"
"10","004","00","003","0304","0185","545","331","214","48","593","1017","0","58.31","32.55"
"10","004","00","003","0305","0000","1736","1045","691","131","1867","3320","0","56.23","31.48"
"10","004","00","003","0305","0186","675","419","256","43","718","1176","0","61.05","35.63"
"10","004","00","003","0305","0187","628","387","241","70","698","1122","0","62.21","34.49"
"10","004","00","003","0305","0188","433","239","194","18","451","1022","0","44.13","23.39"
"10","004","00","003","0306","0000","905","593","312","71","976","1829","0","53.36","32.42"
"10","004","00","003","0306","0182","479","320","159","45","524","924","0","56.71","34.63"
"10","004","00","003","0306","0183","426","273","153","26","452","905","0","49.94","30.17"
"10","004","00","003","0307","0000","1409","948","461","101","1510","2526","0","59.78","37.53"
"10","004","00","003","0307","0179","485","390","95","39","524","935","0","56.04","41.71"
"10","004","00","003","0307","0180","397","233","164","37","434","753","0","57.64","30.94"
"10","004","00","003","0307","0181","527","325","202","25","552","838","0","65.87","38.78"
"10","004","00","003","0308","0000","558","354","204","32","590","983","0","60.02","36.01"
"10","004","00","003","0308","0176","558","354","204","32","590","983","0","60.02","36.01"
"10","004","00","003","0309","0000","341","204","137","28","369","597","0","61.81","34.17"
"10","004","00","003","0309","0177","341","204","137","28","369","597","0","61.81","34.17"
"10","004","00","003","0310","0000","562","360","202","31","593","1070","0","55.42","33.64"
"10","004","00","003","0310","0178","562","360","202","31","593","1070","0","55.42","33.64"
"10","004","00","003","0311","0000","999","608","391","77","1076","1832","0","58.73","33.19"
"10","004","00","003","0311","0200","543","320","223","35","578","950","0","60.84","33.68"
"10","004","00","003","0311","0201","456","288","168","42","498","882","0","56.46","32.65"
"10","004","00","003","0312","0000","1265","782","483","126","1391","2493","0","55.8","31.37"
"10","004","00","003","0312","0202","678","416","262","61","739","1281","0","57.69","32.47"
"10","004","00","003","0312","0203","587","366","221","65","652","1212","0","53.8","30.2"
"10","004","00","003","0313","0000","432","282","150","52","484","1013","0","47.78","27.84"
"10","004","00","003","0313","0204","432","282","150","52","484","1013","0","47.78","27.84"
"10","004","00","003","0314","0000","361","215","146","41","402","630","0","63.81","34.13"
"10","004","00","003","0314","0205","361","215","146","41","402","630","0","63.81","34.13"
"10","004","00","003","0315","0000","620","382","238","59","679","1144","0","59.35","33.39"
"10","004","00","003","0315","0193","620","382","238","59","679","1144","0","59.35","33.39"
"10","004","00","003","0316","0000","664","409","255","49","713","1429","0","49.9","28.62"
"10","004","00","003","0316","0189","664","409","255","49","713","1429","0","49.9","28.62"
"10","004","00","003","0317","0000","266","165","101","38","304","451","0","67.41","36.59"
"10","004","00","003","0317","0190","266","165","101","38","304","451","0","67.41","36.59"
"10","004","00","003","0318","0000","378","199","179","33","411","724","0","56.77","27.49"
"10","004","00","003","0318","0191","378","199","179","33","411","724","0","56.77","27.49"
"10","004","00","003","0319","0000","351","205","146","43","394","617","0","63.86","33.23"
"10","004","00","003","0319","0192","351","205","146","43","394","617","0","63.86","33.23"
"10","004","00","004","0000","0000","12759","7457","5302","1223","13982","24712","28659","56.58","30.18"
"10","004","00","004","0401","0000","273","169","104","34","307","480","0","63.96","35.21"
"10","004","00","004","0401","0206","273","169","104","34","307","480","0","63.96","35.21"
"10","004","00","004","0402","0000","1029","607","422","107","1136","1923","0","59.07","31.57"
"10","004","00","004","0402","0207","483","286","197","59","542","903","0","60.02","31.67"
"10","004","00","004","0402","0208","546","321","225","48","594","1020","0","58.24","31.47"
"10","004","00","004","0403","0000","354","186","168","27","381","705","0","54.04","26.38"
"10","004","00","004","0403","0209","354","186","168","27","381","705","0","54.04","26.38"
"10","004","00","004","0404","0000","1865","1058","807","171","2036","3618","0","56.27","29.24"
"10","004","00","004","0404","0210","538","300","238","46","584","1056","0","55.3","28.41"
"10","004","00","004","0404","0211","639","366","273","59","698","1275","0","54.75","28.71"
"10","004","00","004","0404","0212","688","392","296","66","754","1287","0","58.59","30.46"
"10","004","00","004","0405","0000","523","305","218","45","568","1046","0","54.3","29.16"
"10","004","00","004","0405","0214","523","305","218","45","568","1046","0","54.3","29.16"
"10","004","00","004","0406","0000","426","258","168","40","466","771","0","60.44","33.46"
"10","004","00","004","0406","0213","426","258","168","40","466","771","0","60.44","33.46"
"10","004","00","004","0407","0000","539","290","249","63","602","1030","0","58.45","28.16"
"10","004","00","004","0407","0215","539","290","249","63","602","1030","0","58.45","28.16"
"10","004","00","004","0408","0000","1732","1029","703","194","1926","3653","0","52.72","28.17"
"10","004","00","004","0408","0216","640","398","242","48","688","1208","0","56.95","32.95"
"10","004","00","004","0408","0217","497","289","208","29","526","1095","0","48.04","26.39"
"10","004","00","004","0408","0218","595","342","253","117","712","1350","0","52.74","25.33"
"10","004","00","004","0409","0000","669","405","264","73","742","1362","0","54.48","29.74"
"10","004","00","004","0409","0220","669","405","264","73","742","1362","0","54.48","29.74"
"10","004","00","004","0410","0000","243","139","104","25","268","551","0","48.64","25.23"
"10","004","00","004","0410","0222","243","139","104","25","268","551","0","48.64","25.23"
"10","004","00","004","0411","0000","288","179","109","31","319","572","0","55.77","31.29"
"10","004","00","004","0411","0224","288","179","109","31","319","572","0","55.77","31.29"
"10","004","00","004","0412","0000","473","252","221","34","507","943","0","53.76","26.72"
"10","004","00","004","0412","0225","473","252","221","34","507","943","0","53.76","26.72"
"10","004","00","004","0413","0000","172","101","71","20","192","461","0","41.65","21.91"
"10","004","00","004","0413","0223","172","101","71","20","192","461","0","41.65","21.91"
"10","004","00","004","0414","0000","421","231","190","48","469","808","0","58.04","28.59"
"10","004","00","004","0414","0226","421","231","190","48","469","808","0","58.04","28.59"
"10","004","00","004","0415","0000","1041","639","402","81","1122","1826","0","61.45","34.99"
"10","004","00","004","0415","0227","542","342","200","41","583","923","0","63.16","37.05"
"10","004","00","004","0415","0228","499","297","202","40","539","903","0","59.69","32.89"
"10","004","00","004","0416","0000","461","270","191","44","505","824","0","61.29","32.77"
"10","004","00","004","0416","0230","461","270","191","44","505","824","0","61.29","32.77"
"10","004","00","004","0417","0000","317","191","126","25","342","559","0","61.18","34.17"
"10","004","00","004","0417","0231","317","191","126","25","342","559","0","61.18","34.17"
"10","004","00","004","0418","0000","498","284","214","36","534","854","0","62.53","33.26"
"10","004","00","004","0418","0232","498","284","214","36","534","854","0","62.53","33.26"
"10","004","00","004","0419","0000","501","289","212","35","536","846","0","63.36","34.16"
"10","004","00","004","0419","0219","501","289","212","35","536","846","0","63.36","34.16"
"10","004","00","004","0420","0000","408","241","167","39","447","903","0","49.5","26.69"
"10","004","00","004","0420","0221","408","241","167","39","447","903","0","49.5","26.69"
"10","004","00","004","0421","0000","526","334","192","51","577","977","0","59.06","34.19"
"10","004","00","004","0421","0229","526","334","192","51","577","977","0","59.06","34.19"
"10","004","00","005","0000","0000","33120","19891","13229","2434","35554","63511","77604","55.98","31.32"
"10","004","00","005","0501","0000","712","418","294","56","768","1272","0","60.38","32.86"
"10","004","00","005","0501","0245","712","418","294","56","768","1272","0","60.38","32.86"
"10","004","00","005","0502","0000","470","262","208","47","517","851","0","60.75","30.79"
"10","004","00","005","0502","0244","470","262","208","47","517","851","0","60.75","30.79"
"10","004","00","005","0503","0000","2195","1334","861","164","2359","3993","0","59.08","33.41"
"10","004","00","005","0503","0241","770","459","311","60","830","1444","0","57.48","31.79"
"10","004","00","005","0503","0242","762","478","284","76","838","1347","0","62.21","35.49"
"10","004","00","005","0503","0243","663","397","266","28","691","1202","0","57.49","33.03"
"10","004","00","005","0504","0000","2833","1674","1159","217","3050","5202","0","58.63","32.18"
"10","004","00","005","0504","0250","689","420","269","65","754","1402","0","53.78","29.96"
"10","004","00","005","0504","0251","649","401","248","57","706","1183","0","59.68","33.9"
"10","004","00","005","0504","0252","733","412","321","53","786","1282","0","61.31","32.14"
"10","004","00","005","0504","0253","762","441","321","42","804","1335","0","60.22","33.03"
"10","004","00","005","0505","0000","1563","922","641","123","1686","2835","0","59.47","32.52"
"10","004","00","005","0505","0246","664","389","275","58","722","1275","0","56.63","30.51"
"10","004","00","005","0505","0247","899","533","366","65","964","1560","0","61.79","34.17"
"10","004","00","005","0506","0000","2442","1515","927","204","2646","4714","0","56.13","32.14"
"10","004","00","005","0506","0238","915","579","336","83","998","1719","0","58.06","33.68"
"10","004","00","005","0506","0239","651","405","246","69","720","1162","0","61.96","34.85"
"10","004","00","005","0506","0240","876","531","345","52","928","1833","0","50.63","28.97"
"10","004","00","005","0507","0000","1462","835","627","115","1577","2898","0","54.42","28.81"
"10","004","00","005","0507","0233","651","369","282","58","709","1393","0","50.9","26.49"
"10","004","00","005","0507","0234","811","466","345","57","868","1505","0","57.67","30.96"
"10","004","00","005","0508","0000","1505","919","586","107","1612","3140","0","51.34","29.27"
"10","004","00","005","0508","0258","548","338","210","56","604","1193","0","50.63","28.33"
"10","004","00","005","0508","0259","957","581","376","51","1008","1947","0","51.77","29.84"
"10","004","00","005","0509","0000","619","371","248","62","681","1125","0","60.53","32.98"
"10","004","00","005","0509","0260","619","371","248","62","681","1125","0","60.53","32.98"
"10","004","00","005","0510","0000","1522","924","598","101","1623","2783","0","58.32","33.2"
"10","004","00","005","0510","0261","573","336","237","49","622","1050","0","59.24","32.0"
"10","004","00","005","0510","0262","949","588","361","52","1001","1733","0","57.76","33.93"
"10","004","00","005","0511","0000","1309","807","502","82","1391","2346","0","59.29","34.4"
"10","004","00","005","0511","0263","711","434","277","48","759","1284","0","59.11","33.8"
"10","004","00","005","0511","0264","598","373","225","34","632","1062","0","59.51","35.12"
"10","004","00","005","0512","0000","802","512","290","77","879","1547","0","56.82","33.1"
"10","004","00","005","0512","0265","802","512","290","77","879","1547","0","56.82","33.1"
"10","004","00","005","0513","0000","1259","730","529","100","1359","2197","0","61.86","33.23"
"10","004","00","005","0513","0256","625","369","256","48","673","1082","0","62.2","34.1"
"10","004","00","005","0513","0257","634","361","273","52","686","1115","0","61.52","32.38"
"10","004","00","005","0514","0000","2442","1455","987","180","2622","5072","0","51.7","28.69"
"10","004","00","005","0514","0270","557","341","216","44","601","1058","0","56.81","32.23"
"10","004","00","005","0514","0271","484","288","196","23","507","1220","0","41.56","23.61"
"10","004","00","005","0514","0272","701","430","271","47","748","1333","0","56.11","32.26"
"10","004","00","005","0514","0273","700","396","304","66","766","1461","0","52.43","27.1"
"10","004","00","005","0515","0000","1591","951","640","130","1721","3233","0","53.23","29.42"
"10","004","00","005","0515","0277","705","402","303","36","741","1495","0","49.57","26.89"
"10","004","00","005","0515","0278","383","240","143","51","434","752","0","57.71","31.91"
"10","004","00","005","0515","0279","503","309","194","43","546","986","0","55.38","31.34"
"10","004","00","005","0516","0000","2744","1660","1084","148","2892","5896","0","49.05","28.15"
"10","004","00","005","0516","0266","704","430","274","37","741","1494","0","49.6","28.78"
"10","004","00","005","0516","0267","747","461","286","39","786","1634","0","48.1","28.21"
"10","004","00","005","0516","0268","642","392","250","29","671","1444","0","46.47","27.15"
"10","004","00","005","0516","0269","651","377","274","43","694","1324","0","52.42","28.47"
"10","004","00","005","0517","0000","1848","1117","731","81","1929","3370","0","57.24","33.15"
"10","004","00","005","0517","0254","878","540","338","52","930","1493","0","62.29","36.17"
"10","004","00","005","0517","0255","970","577","393","29","999","1877","0","53.22","30.74"
"10","004","00","005","0518","0000","1542","965","577","165","1707","2876","0","59.35","33.55"
"10","004","00","005","0518","0248","634","402","232","100","734","1147","0","63.99","35.05"
"10","004","00","005","0518","0249","908","563","345","65","973","1729","0","56.28","32.56"
"10","004","00","005","0519","0000","2243","1294","949","165","2408","4123","0","58.4","31.38"
"10","004","00","005","0519","0235","698","388","310","54","752","1188","0","63.3","32.66"
"10","004","00","005","0519","0236","667","387","280","54","721","1267","0","56.91","30.54"
"10","004","00","005","0519","0237","878","519","359","57","935","1668","0","56.06","31.12"
"10","004","00","005","0520","0000","2017","1226","791","110","2127","4038","0","52.67","30.36"
"10","004","00","005","0520","0274","712","434","278","37","749","1429","0","52.41","30.37"
"10","004","00","005","0520","0275","679","400","279","29","708","1506","0","47.01","26.56"
"10","004","00","005","0520","0276","626","392","234","44","670","1103","0","60.74","35.54"
"10","004","00","006","0000","0000","23727","14072","9655","1846","25573","45790","56957","55.85","30.73"
"10","004","00","006","0601","0000","509","298","211","69","578","1080","0","53.52","27.59"
"10","004","00","006","0601","0280","509","298","211","69","578","1080","0","53.52","27.59"
"10","004","00","006","0602","0000","886","522","364","62","948","1799","0","52.7","29.02"
"10","004","00","006","0602","0288","425","235","190","33","458","824","0","55.58","28.52"
"10","004","00","006","0602","0289","461","287","174","29","490","975","0","50.26","29.44"
"10","004","00","006","0603","0000","931","532","399","76","1007","1841","0","54.7","28.9"
"10","004","00","006","0603","0281","433","246","187","37","470","887","0","52.99","27.73"
"10","004","00","006","0603","0282","498","286","212","39","537","954","0","56.29","29.98"
"10","004","00","006","0604","0000","1352","757","595","142","1494","2743","0","54.47","27.6"
"10","004","00","006","0604","0291","754","412","342","77","831","1477","0","56.26","27.89"
"10","004","00","006","0604","0292","598","345","253","65","663","1266","0","52.37","27.25"
"10","004","00","006","0605","0000","871","496","375","95","966","1765","0","54.73","28.1"
"10","004","00","006","0605","0286","472","263","209","54","526","891","0","59.03","29.52"
"10","004","00","006","0605","0287","399","233","166","41","440","874","0","50.34","26.66"
"10","004","00","006","0606","0000","426","275","151","57","483","847","0","57.02","32.47"
"10","004","00","006","0606","0290","426","275","151","57","483","847","0","57.02","32.47"
"10","004","00","006","0607","0000","1678","988","690","142","1820","3232","0","56.31","30.57"
"10","004","00","006","0607","0283","506","279","227","50","556","1003","0","55.43","27.82"
"10","004","00","006","0607","0284","557","350","207","47","604","1106","0","54.61","31.65"
"10","004","00","006","0607","0285","615","359","256","45","660","1123","0","58.77","31.97"
"10","004","00","006","0608","0000","2635","1602","1033","264","2899","5237","0","55.36","30.59"
"10","004","00","006","0608","0305","720","450","270","69","789","1302","0","60.6","34.56"
"10","004","00","006","0608","0306","710","424","286","77","787","1410","0","55.82","30.07"
"10","004","00","006","0608","0307","629","381","248","66","695","1267","0","54.85","30.07"
"10","004","00","006","0608","0308","576","347","229","52","628","1258","0","49.92","27.58"
"10","004","00","006","0609","0000","989","576","413","144","1133","2092","0","54.16","27.53"
"10","004","00","006","0609","0293","474","290","184","82","556","1029","0","54.03","28.18"
"10","004","00","006","0609","0294","515","286","229","62","577","1063","0","54.28","26.9"
"10","004","00","006","0610","0000","1319","802","517","71","1390","2500","0","55.6","32.08"
"10","004","00","006","0610","0295","546","328","218","34","580","1055","0","54.98","31.09"
"10","004","00","006","0610","0296","773","474","299","37","810","1445","0","56.06","32.8"
"10","004","00","006","0611","0000","2391","1454","937","129","2520","4382","0","57.51","33.18"
"10","004","00","006","0611","0311","632","389","243","48","680","1157","0","58.77","33.62"
"10","004","00","006","0611","0312","543","325","218","34","577","1089","0","52.98","29.84"
"10","004","00","006","0611","0313","633","381","252","21","654","1160","0","56.38","32.84"
"10","004","00","006","0611","0314","583","359","224","26","609","976","0","62.4","36.78"
"10","004","00","006","0612","0000","739","448","291","31","770","1486","0","51.82","30.15"
"10","004","00","006","0612","0303","739","448","291","31","770","1486","0","51.82","30.15"
"10","004","00","006","0613","0000","594","368","226","74","668","1067","0","62.61","34.49"
"10","004","00","006","0613","0304","594","368","226","74","668","1067","0","62.61","34.49"
"10","004","00","006","0614","0000","2057","1204","853","113","2170","3519","0","61.67","34.21"
"10","004","00","006","0614","0297","815","500","315","51","866","1413","0","61.29","35.39"
"10","004","00","006","0614","0298","591","326","265","33","624","971","0","64.26","33.57"
"10","004","00","006","0614","0299","651","378","273","29","680","1135","0","59.91","33.3"
"10","004","00","006","0615","0000","2199","1334","865","153","2352","4188","0","56.16","31.85"
"10","004","00","006","0615","0300","641","385","256","46","687","1269","0","54.14","30.34"
"10","004","00","006","0615","0301","659","399","260","49","708","1257","0","56.32","31.74"
"10","004","00","006","0615","0302","899","550","349","58","957","1662","0","57.58","33.09"
"10","004","00","006","0616","0000","2831","1602","1229","149","2980","5339","0","55.82","30.01"
"10","004","00","006","0616","0315","783","476","307","33","816","1443","0","56.55","32.99"
"10","004","00","006","0616","0316","604","377","227","32","636","1247","0","51.0","30.23"
"10","004","00","006","0616","0317","766","487","279","26","792","1411","0","56.13","34.51"
"10","004","00","006","0616","0318","678","262","416","58","736","1238","0","59.45","21.16"
"10","004","00","006","0617","0000","1320","814","506","75","1395","2673","0","52.19","30.45"
"10","004","00","006","0617","0309","561","336","225","34","595","1217","0","48.89","27.61"
"10","004","00","006","0617","0310","759","478","281","41","800","1456","0","54.95","32.83"
"10","004","00","007","0000","0000","9245","5368","3877","904","10149","17293","20043","58.69","31.04"
"10","004","00","007","0701","0000","341","184","157","34","375","534","0","70.22","34.46"
"10","004","00","007","0701","0320","341","184","157","34","375","534","0","70.22","34.46"
"10","004","00","007","0702","0000","223","111","112","20","243","417","0","58.27","26.62"
"10","004","00","007","0702","0319","223","111","112","20","243","417","0","58.27","26.62"
"10","004","00","007","0703","0000","502","278","224","63","565","963","0","58.67","28.87"
"10","004","00","007","0703","0321","502","278","224","63","565","963","0","58.67","28.87"
"10","004","00","007","0704","0000","246","144","102","26","272","418","0","65.07","34.45"
"10","004","00","007","0704","0322","246","144","102","26","272","418","0","65.07","34.45"
"10","004","00","007","0705","0000","1274","684","590","126","1400","2666","0","52.51","25.66"
"10","004","00","007","0705","0323","653","348","305","69","722","1312","0","55.03","26.52"
"10","004","00","007","0705","0324","621","336","285","57","678","1354","0","50.07","24.82"
"10","004","00","007","0706","0000","824","492","332","136","960","1582","0","60.68","31.1"
"10","004","00","007","0706","0325","421","252","169","50","471","785","0","60.0","32.1"
"10","004","00","007","0706","0326","403","240","163","86","489","797","0","61.36","30.11"
"10","004","00","007","0707","0000","350","195","155","29","379","623","0","60.83","31.3"
"10","004","00","007","0707","0327","350","195","155","29","379","623","0","60.83","31.3"
"10","004","00","007","0708","0000","393","217","176","46","439","759","0","57.84","28.59"
"10","004","00","007","0708","0328","393","217","176","46","439","759","0","57.84","28.59"
"10","004","00","007","0709","0000","1211","715","496","108","1319","2401","0","54.94","29.78"
"10","004","00","007","0709","0329","586","345","241","61","647","1272","0","50.86","27.12"
"10","004","00","007","0709","0330","625","370","255","47","672","1129","0","59.52","32.77"
"10","004","00","007","0710","0000","881","504","377","87","968","1552","0","62.37","32.47"
"10","004","00","007","0710","0331","404","231","173","40","444","713","0","62.27","32.4"
"10","004","00","007","0710","0332","477","273","204","47","524","839","0","62.46","32.54"
"10","004","00","007","0711","0000","2409","1501","908","169","2578","4276","0","60.29","35.1"
"10","004","00","007","0711","0333","701","418","283","38","739","1123","0","65.81","37.22"
"10","004","00","007","0711","0334","557","365","192","26","583","981","0","59.43","37.21"
"10","004","00","007","0711","0335","599","369","230","62","661","1078","0","61.32","34.23"
"10","004","00","007","0711","0336","552","349","203","43","595","1094","0","54.39","31.9"
"10","004","00","007","0712","0000","591","343","248","60","651","1102","0","59.07","31.13"
"10","004","00","007","0712","0337","591","343","248","60","651","1102","0","59.07","31.13"
"10","004","00","008","0000","0000","6057","3613","2444","633","6690","11346","13013","58.96","31.84"
"10","004","00","008","0801","0000","1890","1086","804","178","2068","3404","0","60.75","31.9"
"10","004","00","008","0801","0338","685","398","287","69","754","1231","0","61.25","32.33"
"10","004","00","008","0801","0339","566","308","258","61","627","1041","0","60.23","29.59"
"10","004","00","008","0801","0340","639","380","259","48","687","1132","0","60.69","33.57"
"10","004","00","008","0802","0000","468","294","174","41","509","859","0","59.25","34.23"
"10","004","00","008","0802","0341","468","294","174","41","509","859","0","59.25","34.23"
"10","004","00","008","0803","0000","100","60","40","17","117","204","0","57.35","29.41"
"10","004","00","008","0803","0342","100","60","40","17","117","204","0","57.35","29.41"
"10","004","00","008","0804","0000","89","52","37","11","100","222","0","45.05","23.42"
"10","004","00","008","0804","0343","89","52","37","11","100","222","0","45.05","23.42"
"10","004","00","008","0805","0000","170","103","67","47","217","338","0","64.2","30.47"
"10","004","00","008","0805","0344","170","103","67","47","217","338","0","64.2","30.47"
"10","004","00","008","0806","0000","454","272","182","38","492","916","0","53.71","29.69"
"10","004","00","008","0806","0345","454","272","182","38","492","916","0","53.71","29.69"
"10","004","00","008","0807","0000","201","125","76","25","226","463","0","48.81","27.0"
"10","004","00","008","0807","0348","201","125","76","25","226","463","0","48.81","27.0"
"10","004","00","008","0808","0000","522","316","206","67","589","978","0","60.22","32.31"
"10","004","00","008","0808","0349","387","238","149","54","441","690","0","63.91","34.49"
"10","004","00","008","0808","0350","135","78","57","13","148","288","0","51.39","27.08"
"10","004","00","008","0809","0000","878","559","319","99","977","1553","0","62.91","35.99"
"10","004","00","008","0809","0351","388","243","145","53","441","685","0","64.38","35.47"
"10","004","00","008","0809","0352","490","316","174","46","536","868","0","61.75","36.41"
"10","004","00","008","0810","0000","886","519","367","81","967","1561","0","61.95","33.25"
"10","004","00","008","0810","0353","886","519","367","81","967","1561","0","61.95","33.25"
"10","004","00","008","0811","0000","399","227","172","29","428","848","0","50.47","26.77"
"10","004","00","008","0811","0346","224","135","89","15","239","573","0","41.71","23.56"
"10","004","00","008","0811","0347","175","92","83","14","189","275","0","68.73","33.45"
"10","004","00","009","0000","0000","4219","2513","1706","356","4575","8180","9352","55.93","30.72"
"10","004","00","009","0901","0000","555","346","209","19","574","1158","0","49.57","29.88"
"10","004","00","009","0901","0354","555","346","209","19","574","1158","0","49.57","29.88"
"10","004","00","009","0902","0000","664","367","297","73","737","1238","0","59.53","29.64"
"10","004","00","009","0902","0355","664","367","297","73","737","1238","0","59.53","29.64"
"10","004","00","009","0903","0000","1354","839","515","119","1473","2584","0","57.0","32.47"
"10","004","00","009","0903","0357","508","323","185","35","543","931","0","58.32","34.69"
"10","004","00","009","0903","0358","846","516","330","84","930","1653","0","56.26","31.22"
"10","004","00","009","0904","0000","438","277","161","47","485","845","0","57.4","32.78"
"10","004","00","009","0904","0359","438","277","161","47","485","845","0","57.4","32.78"
"10","004","00","009","0905","0000","194","111","83","17","211","384","0","54.95","28.91"
"10","004","00","009","0905","0360","194","111","83","17","211","384","0","54.95","28.91"
"10","004","00","009","0906","0000","395","235","160","26","421","763","0","55.18","30.8"
"10","004","00","009","0906","0361","395","235","160","26","421","763","0","55.18","30.8"
"10","004","00","009","0907","0000","312","164","148","27","339","580","0","58.45","28.28"
"10","004","00","009","0907","0356","312","164","148","27","339","580","0","58.45","28.28"
"10","004","00","009","0908","0000","164","83","81","20","184","333","0","55.26","24.92"
"10","004","00","009","0908","0362","164","83","81","20","184","333","0","55.26","24.92"
"10","004","00","009","0909","0000","143","91","52","8","151","295","0","51.19","30.85"
"10","004","00","009","0909","0363","143","91","52","8","151","295","0","51.19","30.85"
"10","004","00","010","0000","0000","7007","4244","2763","592","7599","12973","14681","58.58","32.71"
"10","004","00","010","1001","0000","1352","816","536","134","1486","2595","0","57.26","31.45"
"10","004","00","010","1001","0364","578","341","237","84","662","1158","0","57.17","29.45"
"10","004","00","010","1001","0365","774","475","299","50","824","1437","0","57.34","33.05"
"10","004","00","010","1002","0000","1035","652","383","63","1098","1900","0","57.79","34.32"
"10","004","00","010","1002","0368","1035","652","383","63","1098","1900","0","57.79","34.32"
"10","004","00","010","1003","0000","514","316","198","26","540","1056","0","51.14","29.92"
"10","004","00","010","1003","0369","514","316","198","26","540","1056","0","51.14","29.92"
"10","004","00","010","1004","0000","695","412","283","66","761","1205","0","63.15","34.19"
"10","004","00","010","1004","0370","695","412","283","66","761","1205","0","63.15","34.19"
"10","004","00","010","1005","0000","468","293","175","51","519","846","0","61.35","34.63"
"10","004","00","010","1005","0372","468","293","175","51","519","846","0","61.35","34.63"
"10","004","00","010","1006","0000","394","249","145","46","440","766","0","57.44","32.51"
"10","004","00","010","1006","0371","394","249","145","46","440","766","0","57.44","32.51"
"10","004","00","010","1007","0000","335","189","146","20","355","554","0","64.08","34.12"
"10","004","00","010","1007","0375","335","189","146","20","355","554","0","64.08","34.12"
"10","004","00","010","1008","0000","445","266","179","46","491","804","0","61.07","33.08"
"10","004","00","010","1008","0373","445","266","179","46","491","804","0","61.07","33.08"
"10","004","00","010","1009","0000","344","212","132","18","362","607","0","59.64","34.93"
"10","004","00","010","1009","0374","344","212","132","18","362","607","0","59.64","34.93"
"10","004","00","010","1010","0000","1425","839","586","122","1547","2640","0","58.6","31.78"
"10","004","00","010","1010","0366","766","471","295","72","838","1470","0","57.01","32.04"
"10","004","00","010","1010","0367","659","368","291","50","709","1170","0","60.6","31.45"
"10","004","00","011","0000","0000","2681","1579","1102","378","3059","5068","5638","60.36","31.16"
"10","004","00","011","1101","0000","505","290","215","69","574","879","0","65.3","32.99"
"10","004","00","011","1101","0376","505","290","215","69","574","879","0","65.3","32.99"
"10","004","00","011","1102","0000","374","213","161","57","431","683","0","63.1","31.19"
"10","004","00","011","1102","0377","374","213","161","57","431","683","0","63.1","31.19"
"10","004","00","011","1103","0000","332","185","147","34","366","604","0","60.6","30.63"
"10","004","00","011","1103","0378","332","185","147","34","366","604","0","60.6","30.63"
"10","004","00","011","1104","0000","737","443","294","119","856","1406","0","60.88","31.51"
"10","004","00","011","1104","0381","737","443","294","119","856","1406","0","60.88","31.51"
"10","004","00","011","1105","0000","285","151","134","29","314","615","0","51.06","24.55"
"10","004","00","011","1105","0379","175","99","76","23","198","339","0","58.41","29.2"
"10","004","00","011","1105","0380","110","52","58","6","116","276","0","42.03","18.84"
"10","004","00","011","1106","0000","448","297","151","70","518","881","0","58.8","33.71"
"10","004","00","011","1106","0382","244","176","68","47","291","462","0","62.99","38.1"
"10","004","00","011","1106","0383","204","121","83","23","227","419","0","54.18","28.88"
"10","004","00","012","0000","0000","2976","1697","1279","258","3234","7364","9683","43.92","23.04"
"10","004","00","012","1201","0000","248","154","94","29","277","599","0","46.24","25.71"
"10","004","00","012","1201","0386","93","50","43","17","110","225","0","48.89","22.22"
"10","004","00","012","1201","0387","155","104","51","12","167","374","0","44.65","27.81"
"10","004","00","012","1202","0000","333","209","124","24","357","831","0","42.96","25.15"
"10","004","00","012","1202","0384","172","96","76","15","187","474","0","39.45","20.25"
"10","004","00","012","1202","0385","161","113","48","9","170","357","0","47.62","31.65"
"10","004","00","012","1203","0000","511","312","199","32","543","1263","0","42.99","24.7"
"10","004","00","012","1203","0388","299","191","108","15","314","773","0","40.62","24.71"
"10","004","00","012","1203","0389","212","121","91","17","229","490","0","46.73","24.69"
"10","004","00","012","1204","0000","338","173","165","63","401","613","0","65.42","28.22"
"10","004","00","012","1204","0392","338","173","165","63","401","613","0","65.42","28.22"
"10","004","00","012","1205","0000","462","262","200","17","479","1191","0","40.22","22.0"
"10","004","00","012","1205","0390","175","104","71","6","181","531","0","34.09","19.59"
"10","004","00","012","1205","0391","287","158","129","11","298","660","0","45.15","23.94"
"10","004","00","012","1206","0000","571","295","276","42","613","1294","0","47.37","22.8"
"10","004","00","012","1206","0393","254","131","123","3","257","593","0","43.34","22.09"
"10","004","00","012","1206","0394","241","121","120","31","272","575","0","47.3","21.04"
"10","004","00","012","1206","0395","76","43","33","8","84","126","0","66.67","34.13"
"10","004","00","012","1207","0000","513","292","221","51","564","1573","0","35.86","18.56"
"10","004","00","012","1207","0396","167","97","70","7","174","499","0","34.87","19.44"
"10","004","00","012","1207","0397","206","124","82","20","226","785","0","28.79","15.8"
"10","004","00","012","1207","0398","140","71","69","24","164","289","0","56.75","24.57"
"10","004","00","013","0000","0000","1547","946","601","141","1688","3997","4802","42.23","23.67"
"10","004","00","013","1301","0000","619","381","238","54","673","1385","0","48.59","27.51"
"10","004","00","013","1301","0399","336","215","121","30","366","672","0","54.46","31.99"
"10","004","00","013","1301","0400","283","166","117","24","307","713","0","43.06","23.28"
"10","004","00","013","1302","0000","273","164","109","13","286","727","0","39.34","22.56"
"10","004","00","013","1302","0403","273","164","109","13","286","727","0","39.34","22.56"
"10","004","00","013","1303","0000","140","74","66","9","149","395","0","37.72","18.73"
"10","004","00","013","1303","0404","140","74","66","9","149","395","0","37.72","18.73"
"10","004","00","013","1304","0000","515","327","188","65","580","1490","0","38.93","21.95"
"10","004","00","013","1304","0401","192","131","61","8","200","594","0","33.67","22.05"
"10","004","00","013","1304","0402","323","196","127","57","380","896","0","42.41","21.88"
"10","005","00","000","0000","0000","239224","143501","95723","22419","261643","461580","549798","56.68","31.09"
"10","005","00","001","0000","0000","40013","25170","14843","2874","42887","74249","88300","57.76","33.9"
"10","005","00","001","0101","0000","593","368","225","33","626","1087","0","57.59","33.85"
"10","005","00","001","0101","0001","593","368","225","33","626","1087","0","57.59","33.85"
"10","005","00","001","0102","0000","2290","1456","834","156","2446","4075","0","60.02","35.73"
"10","005","00","001","0102","0049","593","405","188","50","643","1003","0","64.11","40.38"
"10","005","00","001","0102","0050","552","331","221","29","581","1000","0","58.1","33.1"
"10","005","00","001","0102","0051","552","366","186","39","591","1047","0","56.45","34.96"
"10","005","00","001","0102","0052","593","354","239","38","631","1025","0","61.56","34.54"
"10","005","00","001","0103","0000","540","350","190","31","571","1018","0","56.09","34.38"
"10","005","00","001","0103","0002","540","350","190","31","571","1018","0","56.09","34.38"
"10","005","00","001","0104","0000","1266","820","446","83","1349","2234","0","60.38","36.71"
"10","005","00","001","0104","0009","627","402","225","35","662","1115","0","59.37","36.05"
"10","005","00","001","0104","0010","639","418","221","48","687","1119","0","61.39","37.35"
"10","005","00","001","0105","0000","2043","1272","771","156","2199","3685","0","59.67","34.52"
"10","005","00","001","0105","0011","643","397","246","54","697","1132","0","61.57","35.07"
"10","005","00","001","0105","0012","691","428","263","49","740","1289","0","57.41","33.2"
"10","005","00","001","0105","0013","709","447","262","53","762","1264","0","60.28","35.36"
"10","005","00","001","0106","0000","2030","1307","723","177","2207","3702","0","59.62","35.31"
"10","005","00","001","0106","0006","667","416","251","50","717","1203","0","59.6","34.58"
"10","005","00","001","0106","0007","716","479","237","59","775","1306","0","59.34","36.68"
"10","005","00","001","0106","0008","647","412","235","68","715","1193","0","59.93","34.53"
"10","005","00","001","0107","0000","1778","1152","626","112","1890","3358","0","56.28","34.31"
"10","005","00","001","0107","0003","607","375","232","30","637","1156","0","55.1","32.44"
"10","005","00","001","0107","0004","579","401","178","37","616","1118","0","55.1","35.87"
"10","005","00","001","0107","0005","592","376","216","45","637","1084","0","58.76","34.69"
"10","005","00","001","0108","0000","460","285","175","37","497","870","0","57.13","32.76"
"10","005","00","001","0108","0014","460","285","175","37","497","870","0","57.13","32.76"
"10","005","00","001","0109","0000","1611","1060","551","120","1731","3163","0","54.73","33.51"
"10","005","00","001","0109","0015","469","338","131","46","515","1008","0","51.09","33.53"
"10","005","00","001","0109","0016","537","342","195","32","569","1078","0","52.78","31.73"
"10","005","00","001","0109","0017","605","380","225","42","647","1077","0","60.07","35.28"
"10","005","00","001","0110","0000","454","265","189","49","503","894","0","56.26","29.64"
"10","005","00","001","0110","0019","454","265","189","49","503","894","0","56.26","29.64"
"10","005","00","001","0111","0000","282","173","109","22","304","522","0","58.24","33.14"
"10","005","00","001","0111","0020","282","173","109","22","304","522","0","58.24","33.14"
"10","005","00","001","0112","0000","479","292","187","34","513","880","0","58.3","33.18"
"10","005","00","001","0112","0018","479","292","187","34","513","880","0","58.3","33.18"
"10","005","00","001","0113","0000","2230","1366","864","176","2406","3964","0","60.7","34.46"
"10","005","00","001","0113","0024","656","413","243","54","710","1272","0","55.82","32.47"
"10","005","00","001","0113","0025","642","377","265","73","715","1112","0","64.3","33.9"
"10","005","00","001","0113","0026","521","328","193","23","544","813","0","66.91","40.34"
"10","005","00","001","0113","0027","411","248","163","26","437","767","0","56.98","32.33"
"10","005","00","001","0114","0000","803","486","317","69","872","1376","0","63.37","35.32"
"10","005","00","001","0114","0021","803","486","317","69","872","1376","0","63.37","35.32"
"10","005","00","001","0115","0000","934","585","349","42","976","1597","0","61.11","36.63"
"10","005","00","001","0115","0031","352","220","132","12","364","607","0","59.97","36.24"
"10","005","00","001","0115","0032","582","365","217","30","612","990","0","61.82","36.87"
"10","005","00","001","0116","0000","2644","1709","935","263","2907","5087","0","57.15","33.6"
"10","005","00","001","0116","0033","568","356","212","108","676","1230","0","54.96","28.94"
"10","005","00","001","0116","0034","747","465","282","48","795","1372","0","57.94","33.89"
"10","005","00","001","0116","0035","653","429","224","59","712","1213","0","58.7","35.37"
"10","005","00","001","0116","0036","676","459","217","48","724","1272","0","56.92","36.08"
"10","005","00","001","0117","0000","1698","1085","613","89","1787","3157","0","56.6","34.37"
"10","005","00","001","0117","0028","531","329","202","36","567","1010","0","56.14","32.57"
"10","005","00","001","0117","0029","635","432","203","31","666","1182","0","56.35","36.55"
"10","005","00","001","0117","0030","532","324","208","22","554","965","0","57.41","33.58"
"10","005","00","001","0118","0000","1893","1206","687","106","1999","3496","0","57.18","34.5"
"10","005","00","001","0118","0037","710","458","252","38","748","1221","0","61.26","37.51"
"10","005","00","001","0118","0038","590","357","233","53","643","1104","0","58.24","32.34"
"10","005","00","001","0118","0039","593","391","202","15","608","1171","0","51.92","33.39"
"10","005","00","001","0119","0000","2207","1344","863","185","2392","4135","0","57.85","32.5"
"10","005","00","001","0119","0040","729","461","268","58","787","1392","0","56.54","33.12"
"10","005","00","001","0119","0041","737","438","299","60","797","1356","0","58.78","32.3"
"10","005","00","001","0119","0042","741","445","296","67","808","1387","0","58.26","32.08"
"10","005","00","001","0120","0000","599","362","237","47","646","1180","0","54.75","30.68"
"10","005","00","001","0120","0063","599","362","237","47","646","1180","0","54.75","30.68"
"10","005","00","001","0121","0000","2028","1248","780","123","2151","3644","0","59.03","34.25"
"10","005","00","001","0121","0057","651","389","262","39","690","1125","0","61.33","34.58"
"10","005","00","001","0121","0058","648","410","238","48","696","1241","0","56.08","33.04"
"10","005","00","001","0121","0059","729","449","280","36","765","1278","0","59.86","35.13"
"10","005","00","001","0122","0000","2637","1674","963","172","2809","5200","0","54.02","32.19"
"10","005","00","001","0122","0053","576","341","235","34","610","1130","0","53.98","30.18"
"10","005","00","001","0122","0054","622","400","222","32","654","1146","0","57.07","34.9"
"10","005","00","001","0122","0055","781","497","284","60","841","1432","0","58.73","34.71"
"10","005","00","001","0122","0056","658","436","222","46","704","1492","0","47.18","29.22"
"10","005","00","001","0123","0000","1296","822","474","104","1400","2472","0","56.63","33.25"
"10","005","00","001","0123","0022","704","454","250","47","751","1391","0","53.99","32.64"
"10","005","00","001","0123","0023","592","368","224","57","649","1081","0","60.04","34.04"
"10","005","00","001","0124","0000","790","483","307","68","858","1665","0","51.53","29.01"
"10","005","00","001","0124","0066","385","249","136","41","426","796","0","53.52","31.28"
"10","005","00","001","0124","0067","405","234","171","27","432","869","0","49.71","26.93"
"10","005","00","001","0125","0000","1870","1143","727","117","1987","3412","0","58.24","33.5"
"10","005","00","001","0125","0043","638","393","245","38","676","1206","0","56.05","32.59"
"10","005","00","001","0125","0044","596","359","237","42","638","1004","0","63.55","35.76"
"10","005","00","001","0125","0045","636","391","245","37","673","1202","0","55.99","32.53"
"10","005","00","001","0126","0000","1719","1079","640","114","1833","2900","0","63.21","37.21"
"10","005","00","001","0126","0046","607","370","237","36","643","1052","0","61.12","35.17"
"10","005","00","001","0126","0047","509","320","189","29","538","873","0","61.63","36.66"
"10","005","00","001","0126","0048","603","389","214","49","652","975","0","66.87","39.9"
"10","005","00","001","0127","0000","1056","667","389","66","1122","1984","0","56.55","33.62"
"10","005","00","001","0127","0064","596","360","236","40","636","1072","0","59.33","33.58"
"10","005","00","001","0127","0065","460","307","153","26","486","912","0","53.29","33.66"
"10","005","00","001","0128","0000","1783","1111","672","123","1906","3492","0","54.58","31.82"
"10","005","00","001","0128","0060","690","442","248","32","722","1293","0","55.84","34.18"
"10","005","00","001","0128","0061","662","417","245","45","707","1342","0","52.68","31.07"
"10","005","00","001","0128","0062","431","252","179","46","477","857","0","55.66","29.4"
"10","005","00","002","0000","0000","19956","11583","8373","2201","22157","38890","45367","56.97","29.78"
"10","005","00","002","0201","0000","1191","693","498","121","1312","2219","0","59.13","31.23"
"10","005","00","002","0201","0183","462","260","202","61","523","873","0","59.91","29.78"
"10","005","00","002","0201","0184","729","433","296","60","789","1346","0","58.62","32.17"
"10","005","00","002","0202","0000","871","494","377","82","953","1566","0","60.86","31.55"
"10","005","00","002","0202","0185","569","328","241","61","630","951","0","66.25","34.49"
"10","005","00","002","0202","0186","302","166","136","21","323","615","0","52.52","26.99"
"10","005","00","002","0203","0000","469","266","203","80","549","878","0","62.53","30.3"
"10","005","00","002","0203","0187","469","266","203","80","549","878","0","62.53","30.3"
"10","005","00","002","0204","0000","807","461","346","103","910","1543","0","58.98","29.88"
"10","005","00","002","0204","0188","418","243","175","55","473","767","0","61.67","31.68"
"10","005","00","002","0204","0189","389","218","171","48","437","776","0","56.31","28.09"
"10","005","00","002","0205","0000","553","341","212","82","635","1231","0","51.58","27.7"
"10","005","00","002","0205","0190","553","341","212","82","635","1231","0","51.58","27.7"
"10","005","00","002","0206","0000","1044","619","425","111","1155","1995","0","57.89","31.03"
"10","005","00","002","0206","0191","618","364","254","61","679","1145","0","59.3","31.79"
"10","005","00","002","0206","0192","426","255","171","50","476","850","0","56.0","30.0"
"10","005","00","002","0207","0000","505","309","196","77","582","1052","0","55.32","29.37"
"10","005","00","002","0207","0193","505","309","196","77","582","1052","0","55.32","29.37"
"10","005","00","002","0208","0000","1183","680","503","126","1309","2250","0","58.18","30.22"
"10","005","00","002","0208","0194","585","326","259","54","639","1114","0","57.36","29.26"
"10","005","00","002","0208","0195","598","354","244","72","670","1136","0","58.98","31.16"
"10","005","00","002","0209","0000","2105","1259","846","181","2286","3922","0","58.29","32.1"
"10","005","00","002","0209","0196","633","382","251","38","671","1194","0","56.2","31.99"
"10","005","00","002","0209","0197","828","499","329","74","902","1579","0","57.12","31.6"
"10","005","00","002","0209","0198","644","378","266","69","713","1149","0","62.05","32.9"
"10","005","00","002","0210","0000","1088","633","455","103","1191","2158","0","55.19","29.33"
"10","005","00","002","0210","0199","562","300","262","81","643","1057","0","60.83","28.38"
"10","005","00","002","0210","0200","526","333","193","22","548","1101","0","49.77","30.25"
"10","005","00","002","0211","0000","380","191","189","47","427","912","0","46.82","20.94"
"10","005","00","002","0211","0201","380","191","189","47","427","912","0","46.82","20.94"
"10","005","00","002","0212","0000","320","177","143","44","364","652","0","55.83","27.15"
"10","005","00","002","0212","0202","320","177","143","44","364","652","0","55.83","27.15"
"10","005","00","002","0213","0000","693","423","270","88","781","1348","0","57.94","31.38"
"10","005","00","002","0213","0203","693","423","270","88","781","1348","0","57.94","31.38"
"10","005","00","002","0214","0000","622","356","266","53","675","1395","0","48.39","25.52"
"10","005","00","002","0214","0204","312","168","144","31","343","733","0","46.79","22.92"
"10","005","00","002","0214","0205","310","188","122","22","332","662","0","50.15","28.4"
"10","005","00","002","0215","0000","956","575","381","105","1061","1803","0","58.85","31.89"
"10","005","00","002","0215","0206","462","265","197","54","516","893","0","57.78","29.68"
"10","005","00","002","0215","0207","494","310","184","51","545","910","0","59.89","34.07"
"10","005","00","002","0216","0000","641","343","298","58","699","1270","0","55.04","27.01"
"10","005","00","002","0216","0208","641","343","298","58","699","1270","0","55.04","27.01"
"10","005","00","002","0217","0000","259","158","101","33","292","545","0","53.58","28.99"
"10","005","00","002","0217","0209","259","158","101","33","292","545","0","53.58","28.99"
"10","005","00","002","0218","0000","417","258","159","85","502","792","0","63.38","32.58"
"10","005","00","002","0218","0210","417","258","159","85","502","792","0","63.38","32.58"
"10","005","00","002","0219","0000","1275","734","541","105","1380","2316","0","59.59","31.69"
"10","005","00","002","0219","0218","596","361","235","36","632","1082","0","58.41","33.36"
"10","005","00","002","0219","0219","679","373","306","69","748","1234","0","60.62","30.23"
"10","005","00","002","0220","0000","722","429","293","85","807","1609","0","50.16","26.66"
"10","005","00","002","0220","0212","315","200","115","29","344","827","0","41.6","24.18"
"10","005","00","002","0220","0213","407","229","178","56","463","782","0","59.21","29.28"
"10","005","00","002","0221","0000","823","438","385","74","897","1634","0","54.9","26.81"
"10","005","00","002","0221","0214","397","223","174","38","435","788","0","55.2","28.3"
"10","005","00","002","0221","0215","426","215","211","36","462","846","0","54.61","25.41"
"10","005","00","002","0222","0000","918","546","372","137","1055","1771","0","59.57","30.83"
"10","005","00","002","0222","0216","441","254","187","64","505","828","0","60.99","30.68"
"10","005","00","002","0222","0217","477","292","185","73","550","943","0","58.32","30.97"
"10","005","00","002","0223","0000","380","215","165","38","418","726","0","57.58","29.61"
"10","005","00","002","0223","0211","380","215","165","38","418","726","0","57.58","29.61"
"10","005","00","002","0224","0000","710","389","321","73","783","1434","0","54.6","27.13"
"10","005","00","002","0224","0220","710","389","321","73","783","1434","0","54.6","27.13"
"10","005","00","002","0225","0000","1024","596","428","110","1134","1869","0","60.67","31.89"
"10","005","00","002","0225","0221","520","317","203","51","571","987","0","57.85","32.12"
"10","005","00","002","0225","0222","504","279","225","59","563","882","0","63.83","31.63"
"10","005","00","003","0000","0000","14150","8260","5890","1836","15986","29709","34122","53.81","27.8"
"10","005","00","003","0301","0000","598","325","273","62","660","1142","0","57.79","28.46"
"10","005","00","003","0301","0149","598","325","273","62","660","1142","0","57.79","28.46"
"10","005","00","003","0302","0000","1027","575","452","150","1177","1952","0","60.3","29.46"
"10","005","00","003","0302","0150","516","278","238","60","576","884","0","65.16","31.45"
"10","005","00","003","0302","0151","511","297","214","90","601","1068","0","56.27","27.81"
"10","005","00","003","0303","0000","1028","581","447","112","1140","1868","0","61.03","31.1"
"10","005","00","003","0303","0152","530","296","234","49","579","1009","0","57.38","29.34"
"10","005","00","003","0303","0153","498","285","213","63","561","859","0","65.31","33.18"
"10","005","00","003","0304","0000","807","453","354","104","911","1551","0","58.74","29.21"
"10","005","00","003","0304","0157","448","228","220","61","509","761","0","66.89","29.96"
"10","005","00","003","0304","0158","359","225","134","43","402","790","0","50.89","28.48"
"10","005","00","003","0305","0000","333","180","153","75","408","686","0","59.48","26.24"
"10","005","00","003","0305","0156","333","180","153","75","408","686","0","59.48","26.24"
"10","005","00","003","0306","0000","1260","748","512","210","1470","2709","0","54.26","27.61"
"10","005","00","003","0306","0159","462","268","194","72","534","966","0","55.28","27.74"
"10","005","00","003","0306","0160","417","255","162","86","503","972","0","51.75","26.23"
"10","005","00","003","0306","0161","381","225","156","52","433","771","0","56.16","29.18"
"10","005","00","003","0307","0000","314","178","136","33","347","684","0","50.73","26.02"
"10","005","00","003","0307","0168","314","178","136","33","347","684","0","50.73","26.02"
"10","005","00","003","0308","0000","393","236","157","50","443","943","0","46.98","25.03"
"10","005","00","003","0308","0169","393","236","157","50","443","943","0","46.98","25.03"
"10","005","00","003","0309","0000","412","225","187","67","479","790","0","60.63","28.48"
"10","005","00","003","0309","0170","412","225","187","67","479","790","0","60.63","28.48"
"10","005","00","003","0310","0000","268","156","112","18","286","673","0","42.5","23.18"
"10","005","00","003","0310","0171","268","156","112","18","286","673","0","42.5","23.18"
"10","005","00","003","0311","0000","571","357","214","80","651","1232","0","52.84","28.98"
"10","005","00","003","0311","0172","571","357","214","80","651","1232","0","52.84","28.98"
"10","005","00","003","0312","0000","672","410","262","83","755","1286","0","58.71","31.88"
"10","005","00","003","0312","0173","672","410","262","83","755","1286","0","58.71","31.88"
"10","005","00","003","0313","0000","672","375","297","99","771","1418","0","54.37","26.45"
"10","005","00","003","0313","0174","331","175","156","54","385","649","0","59.32","26.96"
"10","005","00","003","0313","0175","341","200","141","45","386","769","0","50.2","26.01"
"10","005","00","003","0314","0000","843","506","337","80","923","1836","0","50.27","27.56"
"10","005","00","003","0314","0162","315","176","139","26","341","758","0","44.99","23.22"
"10","005","00","003","0314","0163","528","330","198","54","582","1078","0","53.99","30.61"
"10","005","00","003","0315","0000","170","99","71","29","199","459","0","43.36","21.57"
"10","005","00","003","0315","0164","170","99","71","29","199","459","0","43.36","21.57"
"10","005","00","003","0316","0000","403","240","163","46","449","894","0","50.22","26.85"
"10","005","00","003","0316","0165","403","240","163","46","449","894","0","50.22","26.85"
"10","005","00","003","0317","0000","150","87","63","9","159","402","0","39.55","21.64"
"10","005","00","003","0317","0166","150","87","63","9","159","402","0","39.55","21.64"
"10","005","00","003","0318","0000","383","238","145","50","433","802","0","53.99","29.68"
"10","005","00","003","0318","0167","383","238","145","50","433","802","0","53.99","29.68"
"10","005","00","003","0319","0000","1014","577","437","192","1206","2286","0","52.76","25.24"
"10","005","00","003","0319","0176","541","313","228","90","631","1148","0","54.97","27.26"
"10","005","00","003","0319","0177","473","264","209","102","575","1138","0","50.53","23.2"
"10","005","00","003","0320","0000","485","296","189","70","555","1121","0","49.51","26.4"
"10","005","00","003","0320","0178","485","296","189","70","555","1121","0","49.51","26.4"
"10","005","00","003","0321","0000","394","229","165","31","425","769","0","55.27","29.78"
"10","005","00","003","0321","0179","394","229","165","31","425","769","0","55.27","29.78"
"10","005","00","003","0322","0000","663","378","285","71","734","1415","0","51.87","26.71"
"10","005","00","003","0322","0180","279","142","137","19","298","616","0","48.38","23.05"
"10","005","00","003","0322","0181","384","236","148","52","436","799","0","54.57","29.54"
"10","005","00","003","0323","0000","335","195","140","38","373","743","0","50.2","26.24"
"10","005","00","003","0323","0182","335","195","140","38","373","743","0","50.2","26.24"
"10","005","00","003","0324","0000","955","616","339","77","1032","2048","0","50.39","30.08"
"10","005","00","003","0324","0154","554","372","182","54","608","1040","0","58.46","35.77"
"10","005","00","003","0324","0155","401","244","157","23","424","1008","0","42.06","24.21"
"10","005","00","004","0000","0000","35496","21072","14424","2907","38403","68528","86056","56.04","30.75"
"10","005","00","004","0401","0000","1069","599","470","71","1140","1912","0","59.62","31.33"
"10","005","00","004","0401","0270","611","327","284","41","652","1086","0","60.04","30.11"
"10","005","00","004","0401","0271","458","272","186","30","488","826","0","59.08","32.93"
"10","005","00","004","0402","0000","1720","1088","632","186","1906","3302","0","57.72","32.95"
"10","005","00","004","0402","0272","501","318","183","56","557","1051","0","53.0","30.26"
"10","005","00","004","0402","0273","684","433","251","50","734","1235","0","59.43","35.06"
"10","005","00","004","0402","0274","535","337","198","80","615","1016","0","60.53","33.17"
"10","005","00","004","0403","0000","1323","800","523","115","1438","2773","0","51.86","28.85"
"10","005","00","004","0403","0275","725","444","281","75","800","1472","0","54.35","30.16"
"10","005","00","004","0403","0276","598","356","242","40","638","1301","0","49.04","27.36"
"10","005","00","004","0404","0000","2242","1313","929","146","2388","4519","0","52.84","29.06"
"10","005","00","004","0404","0277","739","455","284","43","782","1544","0","50.65","29.47"
"10","005","00","004","0404","0278","790","455","335","41","831","1512","0","54.96","30.09"
"10","005","00","004","0404","0279","713","403","310","62","775","1463","0","52.97","27.55"
"10","005","00","004","0405","0000","2891","1691","1200","159","3050","5258","0","58.01","32.16"
"10","005","00","004","0405","0280","532","302","230","38","570","1073","0","53.12","28.15"
"10","005","00","004","0405","0281","792","460","332","46","838","1453","0","57.67","31.66"
"10","005","00","004","0405","0282","714","431","283","39","753","1245","0","60.48","34.62"
"10","005","00","004","0405","0283","853","498","355","36","889","1487","0","59.78","33.49"
"10","005","00","004","0406","0000","1801","1016","785","153","1954","3445","0","56.72","29.49"
"10","005","00","004","0406","0284","548","322","226","49","597","1018","0","58.64","31.63"
"10","005","00","004","0406","0285","611","336","275","45","656","1105","0","59.37","30.41"
"10","005","00","004","0406","0286","642","358","284","59","701","1322","0","53.03","27.08"
"10","005","00","004","0407","0000","1904","1137","767","129","2033","3343","0","60.81","34.01"
"10","005","00","004","0407","0287","629","394","235","32","661","1140","0","57.98","34.56"
"10","005","00","004","0407","0288","599","368","231","55","654","1067","0","61.29","34.49"
"10","005","00","004","0407","0289","676","375","301","42","718","1136","0","63.2","33.01"
"10","005","00","004","0408","0000","1527","908","619","196","1723","3237","0","53.23","28.05"
"10","005","00","004","0408","0290","590","372","218","63","653","1253","0","52.11","29.69"
"10","005","00","004","0408","0291","438","240","198","76","514","963","0","53.37","24.92"
"10","005","00","004","0408","0292","499","296","203","57","556","1021","0","54.46","28.99"
"10","005","00","004","0409","0000","1123","701","422","118","1241","2111","0","58.79","33.21"
"10","005","00","004","0409","0297","503","307","196","60","563","989","0","56.93","31.04"
"10","005","00","004","0409","0298","620","394","226","58","678","1122","0","60.43","35.12"
"10","005","00","004","0410","0000","2235","1315","920","169","2404","4607","0","52.18","28.54"
"10","005","00","004","0410","0299","476","271","205","49","525","1111","0","47.25","24.39"
"10","005","00","004","0410","0300","563","330","233","52","615","1036","0","59.36","31.85"
"10","005","00","004","0410","0301","529","305","224","30","559","1112","0","50.27","27.43"
"10","005","00","004","0410","0302","667","409","258","38","705","1348","0","52.3","30.34"
"10","005","00","004","0411","0000","601","343","258","54","655","1059","0","61.85","32.39"
"10","005","00","004","0411","0306","601","343","258","54","655","1059","0","61.85","32.39"
"10","005","00","004","0412","0000","1548","921","627","131","1679","2834","0","59.24","32.5"
"10","005","00","004","0412","0307","472","282","190","49","521","869","0","59.95","32.45"
"10","005","00","004","0412","0308","409","240","169","38","447","800","0","55.88","30.0"
"10","005","00","004","0412","0309","667","399","268","44","711","1165","0","61.03","34.25"
"10","005","00","004","0413","0000","765","447","318","68","833","1468","0","56.74","30.45"
"10","005","00","004","0413","0310","420","242","178","41","461","791","0","58.28","30.59"
"10","005","00","004","0413","0311","345","205","140","27","372","677","0","54.95","30.28"
"10","005","00","004","0414","0000","1056","644","412","104","1160","1988","0","58.35","32.39"
"10","005","00","004","0414","0312","457","275","182","60","517","797","0","64.87","34.5"
"10","005","00","004","0414","0313","599","369","230","44","643","1191","0","53.99","30.98"
"10","005","00","004","0415","0000","513","303","210","23","536","1027","0","52.19","29.5"
"10","005","00","004","0415","0314","513","303","210","23","536","1027","0","52.19","29.5"
"10","005","00","004","0416","0000","2018","1196","822","161","2179","3935","0","55.37","30.39"
"10","005","00","004","0416","0315","732","411","321","62","794","1341","0","59.21","30.65"
"10","005","00","004","0416","0316","643","397","246","61","704","1378","0","51.09","28.81"
"10","005","00","004","0416","0317","643","388","255","38","681","1216","0","56.0","31.91"
"10","005","00","004","0417","0000","1069","636","433","91","1160","2108","0","55.03","30.17"
"10","005","00","004","0417","0318","781","480","301","47","828","1570","0","52.74","30.57"
"10","005","00","004","0417","0319","288","156","132","44","332","538","0","61.71","29.0"
"10","005","00","004","0418","0000","515","299","216","30","545","1166","0","46.74","25.64"
"10","005","00","004","0418","0320","515","299","216","30","545","1166","0","46.74","25.64"
"10","005","00","004","0419","0000","2005","1302","703","156","2161","4119","0","52.46","31.61"
"10","005","00","004","0419","0321","735","545","190","43","778","1488","0","52.28","36.63"
"10","005","00","004","0419","0322","683","418","265","38","721","1449","0","49.76","28.85"
"10","005","00","004","0419","0323","587","339","248","75","662","1182","0","56.01","28.68"
"10","005","00","004","0420","0000","1113","606","507","114","1227","2158","0","56.86","28.08"
"10","005","00","004","0420","0324","591","317","274","77","668","1175","0","56.85","26.98"
"10","005","00","004","0420","0325","522","289","233","37","559","983","0","56.87","29.4"
"10","005","00","004","0421","0000","1926","1094","832","165","2091","3715","0","56.29","29.45"
"10","005","00","004","0421","0326","287","177","110","21","308","492","0","62.6","35.98"
"10","005","00","004","0421","0327","567","327","240","55","622","1074","0","57.91","30.45"
"10","005","00","004","0421","0328","428","230","198","45","473","852","0","55.52","27.0"
"10","005","00","004","0421","0329","644","360","284","44","688","1297","0","53.05","27.76"
"10","005","00","004","0422","0000","500","311","189","58","558","1028","0","54.28","30.25"
"10","005","00","004","0422","0330","500","311","189","58","558","1028","0","54.28","30.25"
"10","005","00","004","0423","0000","1692","987","705","132","1824","3111","0","58.63","31.73"
"10","005","00","004","0423","0303","611","347","264","40","651","1114","0","58.44","31.15"
"10","005","00","004","0423","0304","616","365","251","58","674","1119","0","60.23","32.62"
"10","005","00","004","0423","0305","465","275","190","34","499","878","0","56.83","31.32"
"10","005","00","004","0424","0000","1149","701","448","82","1231","2109","0","58.37","33.24"
"10","005","00","004","0424","0295","700","428","272","46","746","1293","0","57.7","33.1"
"10","005","00","004","0424","0296","449","273","176","36","485","816","0","59.44","33.46"
"10","005","00","004","0425","0000","1191","714","477","96","1287","2196","0","58.61","32.51"
"10","005","00","004","0425","0293","644","409","235","48","692","1154","0","59.97","35.44"
"10","005","00","004","0425","0294","547","305","242","48","595","1042","0","57.1","29.27"
"10","005","00","005","0000","0000","43638","26103","17535","3569","47207","83617","103007","56.46","31.22"
"10","005","00","005","0501","0000","1090","635","455","144","1234","2207","0","55.91","28.77"
"10","005","00","005","0501","0331","430","245","185","68","498","915","0","54.43","26.78"
"10","005","00","005","0501","0332","660","390","270","76","736","1292","0","56.97","30.19"
"10","005","00","005","0502","0000","917","537","380","48","965","1763","0","54.74","30.46"
"10","005","00","005","0502","0333","516","288","228","36","552","928","0","59.48","31.03"
"10","005","00","005","0502","0334","401","249","152","12","413","835","0","49.46","29.82"
"10","005","00","005","0503","0000","1462","861","601","103","1565","2988","0","52.38","28.82"
"10","005","00","005","0503","0335","552","339","213","35","587","1070","0","54.86","31.68"
"10","005","00","005","0503","0336","410","238","172","30","440","879","0","50.06","27.08"
"10","005","00","005","0503","0337","500","284","216","38","538","1039","0","51.78","27.33"
"10","005","00","005","0504","0000","1804","1075","729","215","2019","3716","0","54.33","28.93"
"10","005","00","005","0504","0338","593","341","252","66","659","1129","0","58.37","30.2"
"10","005","00","005","0504","0339","504","287","217","69","573","1041","0","55.04","27.57"
"10","005","00","005","0504","0340","707","447","260","80","787","1546","0","50.91","28.91"
"10","005","00","005","0505","0000","2246","1288","958","127","2373","4361","0","54.41","29.53"
"10","005","00","005","0505","0341","539","318","221","45","584","935","0","62.46","34.01"
"10","005","00","005","0505","0342","582","299","283","35","617","1180","0","52.29","25.34"
"10","005","00","005","0505","0343","741","441","300","27","768","1499","0","51.23","29.42"
"10","005","00","005","0505","0344","384","230","154","20","404","747","0","54.08","30.79"
"10","005","00","005","0506","0000","1322","795","527","110","1432","2599","0","55.1","30.59"
"10","005","00","005","0506","0345","715","446","269","43","758","1406","0","53.91","31.72"
"10","005","00","005","0506","0346","607","349","258","67","674","1193","0","56.5","29.25"
"10","005","00","005","0507","0000","500","280","220","52","552","948","0","58.23","29.54"
"10","005","00","005","0507","0347","500","280","220","52","552","948","0","58.23","29.54"
"10","005","00","005","0508","0000","1718","1010","708","111","1829","3297","0","55.47","30.63"
"10","005","00","005","0508","0348","444","274","170","23","467","869","0","53.74","31.53"
"10","005","00","005","0508","0349","603","351","252","59","662","1142","0","57.97","30.74"
"10","005","00","005","0508","0350","671","385","286","29","700","1286","0","54.43","29.94"
"10","005","00","005","0509","0000","1740","1117","623","131","1871","3105","0","60.26","35.97"
"10","005","00","005","0509","0351","492","307","185","44","536","903","0","59.36","34.0"
"10","005","00","005","0509","0352","678","430","248","58","736","1186","0","62.06","36.26"
"10","005","00","005","0509","0353","570","380","190","29","599","1016","0","58.96","37.4"
"10","005","00","005","0510","0000","852","510","342","75","927","1536","0","60.35","33.2"
"10","005","00","005","0510","0357","483","300","183","36","519","890","0","58.31","33.71"
"10","005","00","005","0510","0358","369","210","159","39","408","646","0","63.16","32.51"
"10","005","00","005","0511","0000","440","262","178","24","464","947","0","49.0","27.67"
"10","005","00","005","0511","0356","440","262","178","24","464","947","0","49.0","27.67"
"10","005","00","005","0512","0000","608","374","234","64","672","1030","0","65.24","36.31"
"10","005","00","005","0512","0363","608","374","234","64","672","1030","0","65.24","36.31"
"10","005","00","005","0513","0000","986","599","387","82","1068","1968","0","54.27","30.44"
"10","005","00","005","0513","0384","537","335","202","46","583","1121","0","52.01","29.88"
"10","005","00","005","0513","0385","449","264","185","36","485","847","0","57.26","31.17"
"10","005","00","005","0514","0000","1637","1024","613","182","1819","3454","0","52.66","29.65"
"10","005","00","005","0514","0388","755","463","292","75","830","1655","0","50.15","27.98"
"10","005","00","005","0514","0389","882","561","321","107","989","1799","0","54.97","31.18"
"10","005","00","005","0515","0000","2188","1328","860","126","2314","3884","0","59.58","34.19"
"10","005","00","005","0515","0367","757","457","300","39","796","1326","0","60.03","34.46"
"10","005","00","005","0515","0368","765","485","280","38","803","1270","0","63.23","38.19"
"10","005","00","005","0515","0369","666","386","280","49","715","1288","0","55.51","29.97"
"10","005","00","005","0516","0000","2044","1232","812","117","2161","3830","0","56.42","32.17"
"10","005","00","005","0516","0364","723","420","303","51","774","1338","0","57.85","31.39"
"10","005","00","005","0516","0365","738","456","282","40","778","1450","0","53.66","31.45"
"10","005","00","005","0516","0366","583","356","227","26","609","1042","0","58.45","34.17"
"10","005","00","005","0517","0000","1612","997","615","89","1701","3125","0","54.43","31.9"
"10","005","00","005","0517","0376","845","539","306","42","887","1551","0","57.19","34.75"
"10","005","00","005","0517","0377","767","458","309","47","814","1574","0","51.72","29.1"
"10","005","00","005","0518","0000","1959","1162","797","140","2099","3984","0","52.69","29.17"
"10","005","00","005","0518","0390","607","352","255","56","663","1141","0","58.11","30.85"
"10","005","00","005","0518","0391","724","441","283","59","783","1431","0","54.72","30.82"
"10","005","00","005","0518","0392","628","369","259","25","653","1412","0","46.25","26.13"
"10","005","00","005","0519","0000","728","438","290","74","802","1344","0","59.67","32.59"
"10","005","00","005","0519","0395","728","438","290","74","802","1344","0","59.67","32.59"
"10","005","00","005","0520","0000","913","496","417","62","975","1990","0","48.99","24.92"
"10","005","00","005","0520","0359","539","303","236","43","582","975","0","59.69","31.08"
"10","005","00","005","0520","0360","374","193","181","19","393","1015","0","38.72","19.01"
"10","005","00","005","0521","0000","1416","861","555","140","1556","2542","0","61.21","33.87"
"10","005","00","005","0521","0361","791","506","285","76","867","1399","0","61.97","36.17"
"10","005","00","005","0521","0362","625","355","270","64","689","1143","0","60.28","31.06"
"10","005","00","005","0522","0000","743","435","308","98","841","1363","0","61.7","31.91"
"10","005","00","005","0522","0396","743","435","308","98","841","1363","0","61.7","31.91"
"10","005","00","005","0523","0000","1341","818","523","146","1487","2595","0","57.3","31.52"
"10","005","00","005","0523","0398","619","376","243","93","712","1182","0","60.24","31.81"
"10","005","00","005","0523","0399","722","442","280","53","775","1413","0","54.85","31.28"
"10","005","00","005","0524","0000","504","299","205","59","563","898","0","62.69","33.3"
"10","005","00","005","0524","0397","504","299","205","59","563","898","0","62.69","33.3"
"10","005","00","005","0525","0000","1191","704","487","122","1313","2171","0","60.48","32.43"
"10","005","00","005","0525","0400","560","328","232","57","617","991","0","62.26","33.1"
"10","005","00","005","0525","0401","631","376","255","65","696","1180","0","58.98","31.86"
"10","005","00","005","0526","0000","1095","654","441","76","1171","2048","0","57.18","31.93"
"10","005","00","005","0526","0386","563","345","218","36","599","993","0","60.32","34.74"
"10","005","00","005","0526","0387","532","309","223","40","572","1055","0","54.22","29.29"
"10","005","00","005","0527","0000","1196","718","478","110","1306","2319","0","56.32","30.96"
"10","005","00","005","0527","0393","508","286","222","56","564","1074","0","52.51","26.63"
"10","005","00","005","0527","0394","688","432","256","54","742","1245","0","59.6","34.7"
"10","005","00","005","0528","0000","1909","1132","777","173","2082","3507","0","59.37","32.28"
"10","005","00","005","0528","0378","629","337","292","72","701","1262","0","55.55","26.7"
"10","005","00","005","0528","0379","640","408","232","46","686","1171","0","58.58","34.84"
"10","005","00","005","0528","0380","640","387","253","55","695","1074","0","64.71","36.03"
"10","005","00","005","0529","0000","1916","1116","800","159","2075","3586","0","57.86","31.12"
"10","005","00","005","0529","0381","640","381","259","49","689","1141","0","60.39","33.39"
"10","005","00","005","0529","0382","683","377","306","48","731","1259","0","58.06","29.94"
"10","005","00","005","0529","0383","593","358","235","62","655","1186","0","55.23","30.19"
"10","005","00","005","0530","0000","1043","580","463","81","1124","2022","0","55.59","28.68"
"10","005","00","005","0530","0354","516","258","258","43","559","985","0","56.75","26.19"
"10","005","00","005","0530","0355","527","322","205","38","565","1037","0","54.48","31.05"
"10","005","00","005","0531","0000","1395","891","504","80","1475","2523","0","58.46","35.32"
"10","005","00","005","0531","0370","676","447","229","43","719","1243","0","57.84","35.96"
"10","005","00","005","0531","0371","719","444","275","37","756","1280","0","59.06","34.69"
"10","005","00","005","0532","0000","1716","1000","716","139","1855","3377","0","54.93","29.61"
"10","005","00","005","0532","0372","837","477","360","76","913","1618","0","56.43","29.48"
"10","005","00","005","0532","0373","879","523","356","63","942","1759","0","53.55","29.73"
"10","005","00","005","0533","0000","1407","875","532","110","1517","2590","0","58.57","33.78"
"10","005","00","005","0533","0374","690","443","247","62","752","1264","0","59.49","35.05"
"10","005","00","005","0533","0375","717","432","285","48","765","1326","0","57.69","32.58"
"10","005","00","006","0000","0000","15215","8788","6427","1800","17015","30948","36332","54.98","28.4"
"10","005","00","006","0601","0000","804","445","359","97","901","1473","0","61.17","30.21"
"10","005","00","006","0601","0223","308","182","126","36","344","590","0","58.31","30.85"
"10","005","00","006","0601","0224","496","263","233","61","557","883","0","63.08","29.78"
"10","005","00","006","0602","0000","431","254","177","62","493","793","0","62.17","32.03"
"10","005","00","006","0602","0225","431","254","177","62","493","793","0","62.17","32.03"
"10","005","00","006","0603","0000","723","407","316","78","801","1324","0","60.5","30.74"
"10","005","00","006","0603","0226","399","218","181","42","441","732","0","60.25","29.78"
"10","005","00","006","0603","0227","324","189","135","36","360","592","0","60.81","31.93"
"10","005","00","006","0604","0000","2200","1275","925","200","2400","4218","0","56.9","30.23"
"10","005","00","006","0604","0228","602","345","257","61","663","1113","0","59.57","31.0"
"10","005","00","006","0604","0229","613","346","267","64","677","1195","0","56.65","28.95"
"10","005","00","006","0604","0230","568","345","223","50","618","997","0","61.99","34.6"
"10","005","00","006","0604","0231","417","239","178","25","442","913","0","48.41","26.18"
"10","005","00","006","0605","0000","1131","644","487","143","1274","2304","0","55.3","27.95"
"10","005","00","006","0605","0246","572","333","239","53","625","1107","0","56.46","30.08"
"10","005","00","006","0605","0247","559","311","248","90","649","1197","0","54.22","25.98"
"10","005","00","006","0606","0000","769","478","291","83","852","1216","0","70.07","39.31"
"10","005","00","006","0606","0236","769","478","291","83","852","1216","0","70.07","39.31"
"10","005","00","006","0607","0000","484","288","196","49","533","977","0","54.55","29.48"
"10","005","00","006","0607","0237","484","288","196","49","533","977","0","54.55","29.48"
"10","005","00","006","0608","0000","1285","718","567","185","1470","2704","0","54.36","26.55"
"10","005","00","006","0608","0238","423","246","177","53","476","943","0","50.48","26.09"
"10","005","00","006","0608","0239","441","238","203","80","521","910","0","57.25","26.15"
"10","005","00","006","0608","0240","421","234","187","52","473","851","0","55.58","27.5"
"10","005","00","006","0609","0000","765","424","341","75","840","1375","0","61.09","30.84"
"10","005","00","006","0609","0241","425","229","196","25","450","725","0","62.07","31.59"
"10","005","00","006","0609","0242","340","195","145","50","390","650","0","60.0","30.0"
"10","005","00","006","0610","0000","326","188","138","47","373","706","0","52.83","26.63"
"10","005","00","006","0610","0243","326","188","138","47","373","706","0","52.83","26.63"
"10","005","00","006","0611","0000","697","420","277","82","779","1489","0","52.32","28.21"
"10","005","00","006","0611","0232","302","184","118","33","335","641","0","52.26","28.71"
"10","005","00","006","0611","0233","395","236","159","49","444","848","0","52.36","27.83"
"10","005","00","006","0612","0000","720","424","296","90","810","1549","0","52.29","27.37"
"10","005","00","006","0612","0244","388","225","163","48","436","748","0","58.29","30.08"
"10","005","00","006","0612","0245","332","199","133","42","374","801","0","46.69","24.84"
"10","005","00","006","0613","0000","607","357","250","93","700","1264","0","55.38","28.24"
"10","005","00","006","0613","0234","607","357","250","93","700","1264","0","55.38","28.24"
"10","005","00","006","0614","0000","430","243","187","58","488","965","0","50.57","25.18"
"10","005","00","006","0614","0235","430","243","187","58","488","965","0","50.57","25.18"
"10","005","00","006","0615","0000","474","283","191","54","528","1036","0","50.97","27.32"
"10","005","00","006","0615","0248","474","283","191","54","528","1036","0","50.97","27.32"
"10","005","00","006","0616","0000","381","215","166","38","419","913","0","45.89","23.55"
"10","005","00","006","0616","0249","381","215","166","38","419","913","0","45.89","23.55"
"10","005","00","006","0617","0000","383","228","155","57","440","719","0","61.2","31.71"
"10","005","00","006","0617","0250","383","228","155","57","440","719","0","61.2","31.71"
"10","005","00","006","0618","0000","498","296","202","99","597","1037","0","57.57","28.54"
"10","005","00","006","0618","0251","498","296","202","99","597","1037","0","57.57","28.54"
"10","005","00","006","0619","0000","286","165","121","21","307","601","0","51.08","27.45"
"10","005","00","006","0619","0252","286","165","121","21","307","601","0","51.08","27.45"
"10","005","00","006","0620","0000","521","295","226","54","575","1269","0","45.31","23.25"
"10","005","00","006","0620","0253","521","295","226","54","575","1269","0","45.31","23.25"
"10","005","00","006","0621","0000","332","195","137","28","360","735","0","48.98","26.53"
"10","005","00","006","0621","0254","332","195","137","28","360","735","0","48.98","26.53"
"10","005","00","006","0622","0000","452","253","199","44","496","1047","0","47.37","24.16"
"10","005","00","006","0622","0255","131","66","65","13","144","422","0","34.12","15.64"
"10","005","00","006","0622","0256","321","187","134","31","352","625","0","56.32","29.92"
"10","005","00","006","0623","0000","516","293","223","63","579","1234","0","46.92","23.74"
"10","005","00","006","0623","0257","516","293","223","63","579","1234","0","46.92","23.74"
"10","005","00","007","0000","0000","7780","4776","3004","816","8596","14772","16818","58.19","32.33"
"10","005","00","007","0701","0000","410","262","148","41","451","745","0","60.54","35.17"
"10","005","00","007","0701","0445","410","262","148","41","451","745","0","60.54","35.17"
"10","005","00","007","0702","0000","717","480","237","73","790","1528","0","51.7","31.41"
"10","005","00","007","0702","0446","377","245","132","54","431","783","0","55.04","31.29"
"10","005","00","007","0702","0447","340","235","105","19","359","745","0","48.19","31.54"
"10","005","00","007","0703","0000","1145","680","465","158","1303","2079","0","62.67","32.71"
"10","005","00","007","0703","0451","485","290","195","52","537","865","0","62.08","33.53"
"10","005","00","007","0703","0452","453","265","188","69","522","828","0","63.04","32.0"
"10","005","00","007","0703","0453","207","125","82","37","244","386","0","63.21","32.38"
"10","005","00","007","0704","0000","458","276","182","40","498","999","0","49.85","27.63"
"10","005","00","007","0704","0448","458","276","182","40","498","999","0","49.85","27.63"
"10","005","00","007","0705","0000","414","248","166","49","463","757","0","61.16","32.76"
"10","005","00","007","0705","0449","370","220","150","48","418","671","0","62.3","32.79"
"10","005","00","007","0705","0459","44","28","16","1","45","86","0","52.33","32.56"
"10","005","00","007","0706","0000","495","315","180","21","516","940","0","54.89","33.51"
"10","005","00","007","0706","0460","495","315","180","21","516","940","0","54.89","33.51"
"10","005","00","007","0707","0000","1047","629","418","112","1159","1978","0","58.59","31.8"
"10","005","00","007","0707","0442","547","343","204","39","586","961","0","60.98","35.69"
"10","005","00","007","0707","0443","500","286","214","73","573","1017","0","56.34","28.12"
"10","005","00","007","0708","0000","640","402","238","63","703","1095","0","64.2","36.71"
"10","005","00","007","0708","0444","640","402","238","63","703","1095","0","64.2","36.71"
"10","005","00","007","0709","0000","1230","765","465","138","1368","2209","0","61.93","34.63"
"10","005","00","007","0709","0454","398","246","152","46","444","688","0","64.53","35.76"
"10","005","00","007","0709","0455","447","276","171","47","494","792","0","62.37","34.85"
"10","005","00","007","0709","0456","385","243","142","45","430","729","0","58.98","33.33"
"10","005","00","007","0710","0000","418","231","187","65","483","734","0","65.8","31.47"
"10","005","00","007","0710","0450","418","231","187","65","483","734","0","65.8","31.47"
"10","005","00","007","0711","0000","806","488","318","56","862","1708","0","50.47","28.57"
"10","005","00","007","0711","0457","478","279","199","39","517","1093","0","47.3","25.53"
"10","005","00","007","0711","0458","328","209","119","17","345","615","0","56.1","33.98"
"10","005","00","008","0000","0000","6071","3651","2420","668","6739","12653","14521","53.26","28.85"
"10","005","00","008","0801","0000","828","486","342","66","894","1625","0","55.02","29.91"
"10","005","00","008","0801","0420","372","211","161","34","406","744","0","54.57","28.36"
"10","005","00","008","0801","0421","456","275","181","32","488","881","0","55.39","31.21"
"10","005","00","008","0802","0000","297","177","120","42","339","596","0","56.88","29.7"
"10","005","00","008","0802","0422","297","177","120","42","339","596","0","56.88","29.7"
"10","005","00","008","0803","0000","893","549","344","71","964","1790","0","53.85","30.67"
"10","005","00","008","0803","0424","405","253","152","48","453","867","0","52.25","29.18"
"10","005","00","008","0803","0425","488","296","192","23","511","923","0","55.36","32.07"
"10","005","00","008","0804","0000","627","352","275","110","737","1395","0","52.83","25.23"
"10","005","00","008","0804","0426","627","352","275","110","737","1395","0","52.83","25.23"
"10","005","00","008","0805","0000","181","111","70","22","203","561","0","36.19","19.79"
"10","005","00","008","0805","0427","181","111","70","22","203","561","0","36.19","19.79"
"10","005","00","008","0806","0000","586","349","237","66","652","1260","0","51.75","27.7"
"10","005","00","008","0806","0423","586","349","237","66","652","1260","0","51.75","27.7"
"10","005","00","008","0807","0000","348","231","117","22","370","638","0","57.99","36.21"
"10","005","00","008","0807","0428","348","231","117","22","370","638","0","57.99","36.21"
"10","005","00","008","0808","0000","720","423","297","52","772","1495","0","51.64","28.29"
"10","005","00","008","0808","0431","338","210","128","21","359","652","0","55.06","32.21"
"10","005","00","008","0808","0432","382","213","169","31","413","843","0","48.99","25.27"
"10","005","00","008","0809","0000","353","210","143","46","399","754","0","52.92","27.85"
"10","005","00","008","0809","0429","353","210","143","46","399","754","0","52.92","27.85"
"10","005","00","008","0810","0000","233","133","100","18","251","501","0","50.1","26.55"
"10","005","00","008","0810","0430","233","133","100","18","251","501","0","50.1","26.55"
"10","005","00","008","0811","0000","477","289","188","102","579","1020","0","56.76","28.33"
"10","005","00","008","0811","0433","477","289","188","102","579","1020","0","56.76","28.33"
"10","005","00","008","0812","0000","528","341","187","51","579","1018","0","56.88","33.5"
"10","005","00","008","0812","0434","528","341","187","51","579","1018","0","56.88","33.5"
"10","005","00","009","0000","0000","15040","9169","5871","1693","16733","28318","33327","59.09","32.38"
"10","005","00","009","0901","0000","964","567","397","82","1046","1581","0","66.16","35.86"
"10","005","00","009","0901","0068","473","272","201","49","522","789","0","66.16","34.47"
"10","005","00","009","0901","0069","491","295","196","33","524","792","0","66.16","37.25"
"10","005","00","009","0902","0000","1330","809","521","175","1505","2372","0","63.45","34.11"
"10","005","00","009","0902","0070","619","388","231","101","720","1117","0","64.46","34.74"
"10","005","00","009","0902","0071","711","421","290","74","785","1255","0","62.55","33.55"
"10","005","00","009","0903","0000","1881","1142","739","185","2066","3413","0","60.53","33.46"
"10","005","00","009","0903","0072","621","366","255","63","684","1141","0","59.95","32.08"
"10","005","00","009","0903","0073","622","385","237","65","687","1172","0","58.62","32.85"
"10","005","00","009","0903","0074","638","391","247","57","695","1100","0","63.18","35.55"
"10","005","00","009","0904","0000","475","280","195","80","555","964","0","57.57","29.05"
"10","005","00","009","0904","0079","475","280","195","80","555","964","0","57.57","29.05"
"10","005","00","009","0905","0000","1106","723","383","119","1225","2313","0","52.96","31.26"
"10","005","00","009","0905","0075","601","393","208","52","653","1232","0","53.0","31.9"
"10","005","00","009","0905","0076","505","330","175","67","572","1081","0","52.91","30.53"
"10","005","00","009","0906","0000","1295","811","484","112","1407","2331","0","60.36","34.79"
"10","005","00","009","0906","0077","713","468","245","62","775","1250","0","62.0","37.44"
"10","005","00","009","0906","0078","582","343","239","50","632","1081","0","58.46","31.73"
"10","005","00","009","0907","0000","789","462","327","76","865","1507","0","57.4","30.66"
"10","005","00","009","0907","0084","400","232","168","30","430","719","0","59.81","32.27"
"10","005","00","009","0907","0085","389","230","159","46","435","788","0","55.2","29.19"
"10","005","00","009","0908","0000","545","340","205","86","631","1038","0","60.79","32.76"
"10","005","00","009","0908","0080","545","340","205","86","631","1038","0","60.79","32.76"
"10","005","00","009","0909","0000","1037","592","445","113","1150","2031","0","56.62","29.15"
"10","005","00","009","0909","0082","450","259","191","48","498","865","0","57.57","29.94"
"10","005","00","009","0909","0083","587","333","254","65","652","1166","0","55.92","28.56"
"10","005","00","009","0910","0000","165","108","57","37","202","303","0","66.67","35.64"
"10","005","00","009","0910","0086","165","108","57","37","202","303","0","66.67","35.64"
"10","005","00","009","0911","0000","202","121","81","26","228","360","0","63.33","33.61"
"10","005","00","009","0911","0081","202","121","81","26","228","360","0","63.33","33.61"
"10","005","00","009","0912","0000","1213","758","455","117","1330","2255","0","58.98","33.61"
"10","005","00","009","0912","0087","730","454","276","65","795","1322","0","60.14","34.34"
"10","005","00","009","0912","0088","483","304","179","52","535","933","0","57.34","32.58"
"10","005","00","009","0913","0000","700","410","290","92","792","1455","0","54.43","28.18"
"10","005","00","009","0913","0089","700","410","290","92","792","1455","0","54.43","28.18"
"10","005","00","009","0914","0000","891","543","348","111","1002","1615","0","62.04","33.62"
"10","005","00","009","0914","0090","891","543","348","111","1002","1615","0","62.04","33.62"
"10","005","00","009","0915","0000","705","438","267","99","804","1451","0","55.41","30.19"
"10","005","00","009","0915","0091","705","438","267","99","804","1451","0","55.41","30.19"
"10","005","00","009","0916","0000","661","396","265","76","737","1317","0","55.96","30.07"
"10","005","00","009","0916","0093","661","396","265","76","737","1317","0","55.96","30.07"
"10","005","00","009","0917","0000","804","496","308","78","882","1462","0","60.33","33.93"
"10","005","00","009","0917","0092","804","496","308","78","882","1462","0","60.33","33.93"
"10","005","00","009","0918","0000","117","78","39","14","131","221","0","59.28","35.29"
"10","005","00","009","0918","0094","117","78","39","14","131","221","0","59.28","35.29"
"10","005","00","009","0919","0000","160","95","65","15","175","329","0","53.19","28.88"
"10","005","00","009","0919","0095","160","95","65","15","175","329","0","53.19","28.88"
"10","005","00","010","0000","0000","7975","4875","3100","668","8643","15424","17922","56.04","31.61"
"10","005","00","010","1001","0000","550","373","177","47","597","1029","0","58.02","36.25"
"10","005","00","010","1001","0114","550","373","177","47","597","1029","0","58.02","36.25"
"10","005","00","010","1002","0000","2470","1513","957","209","2679","4463","0","60.03","33.9"
"10","005","00","010","1002","0108","501","324","177","48","549","887","0","61.89","36.53"
"10","005","00","010","1002","0109","577","356","221","54","631","1052","0","59.98","33.84"
"10","005","00","010","1002","0110","773","456","317","54","827","1347","0","61.4","33.85"
"10","005","00","010","1002","0111","619","377","242","53","672","1177","0","57.09","32.03"
"10","005","00","010","1003","0000","905","556","349","82","987","1655","0","59.64","33.6"
"10","005","00","010","1003","0115","485","304","181","36","521","905","0","57.57","33.59"
"10","005","00","010","1003","0116","420","252","168","46","466","750","0","62.13","33.6"
"10","005","00","010","1004","0000","644","368","276","41","685","1268","0","54.02","29.02"
"10","005","00","010","1004","0112","644","368","276","41","685","1268","0","54.02","29.02"
"10","005","00","010","1005","0000","555","334","221","28","583","1185","0","49.2","28.19"
"10","005","00","010","1005","0113","555","334","221","28","583","1185","0","49.2","28.19"
"10","005","00","010","1006","0000","514","312","202","39","553","1080","0","51.2","28.89"
"10","005","00","010","1006","0117","514","312","202","39","553","1080","0","51.2","28.89"
"10","005","00","010","1007","0000","1570","956","614","135","1705","3186","0","53.52","30.01"
"10","005","00","010","1007","0118","547","345","202","54","601","1108","0","54.24","31.14"
"10","005","00","010","1007","0119","419","266","153","38","457","862","0","53.02","30.86"
"10","005","00","010","1007","0120","604","345","259","43","647","1216","0","53.21","28.37"
"10","005","00","010","1008","0000","273","166","107","30","303","588","0","51.53","28.23"
"10","005","00","010","1008","0121","273","166","107","30","303","588","0","51.53","28.23"
"10","005","00","010","1009","0000","207","126","81","27","234","429","0","54.55","29.37"
"10","005","00","010","1009","0122","207","126","81","27","234","429","0","54.55","29.37"
"10","005","00","010","1010","0000","287","171","116","30","317","541","0","58.6","31.61"
"10","005","00","010","1010","0123","287","171","116","30","317","541","0","58.6","31.61"
"10","005","00","011","0000","0000","3901","2287","1614","420","4321","8784","10130","49.19","26.04"
"10","005","00","011","1101","0000","564","326","238","75","639","1155","0","55.32","28.23"
"10","005","00","011","1101","0411","564","326","238","75","639","1155","0","55.32","28.23"
"10","005","00","011","1102","0000","338","201","137","28","366","650","0","56.31","30.92"
"10","005","00","011","1102","0412","338","201","137","28","366","650","0","56.31","30.92"
"10","005","00","011","1103","0000","624","360","264","75","699","1353","0","51.66","26.61"
"10","005","00","011","1103","0413","624","360","264","75","699","1353","0","51.66","26.61"
"10","005","00","011","1104","0000","313","189","124","44","357","813","0","43.91","23.25"
"10","005","00","011","1104","0414","313","189","124","44","357","813","0","43.91","23.25"
"10","005","00","011","1105","0000","324","193","131","39","363","837","0","43.37","23.06"
"10","005","00","011","1105","0415","324","193","131","39","363","837","0","43.37","23.06"
"10","005","00","011","1106","0000","527","341","186","47","574","1093","0","52.52","31.2"
"10","005","00","011","1106","0416","527","341","186","47","574","1093","0","52.52","31.2"
"10","005","00","011","1107","0000","513","281","232","60","573","1048","0","54.68","26.81"
"10","005","00","011","1107","0417","513","281","232","60","573","1048","0","54.68","26.81"
"10","005","00","011","1108","0000","411","233","178","36","447","872","0","51.26","26.72"
"10","005","00","011","1108","0418","411","233","178","36","447","872","0","51.26","26.72"
"10","005","00","011","1109","0000","287","163","124","16","303","963","0","31.46","16.93"
"10","005","00","011","1109","0419","287","163","124","16","303","963","0","31.46","16.93"
"10","005","00","012","0000","0000","5590","3430","2160","511","6101","9390","10711","64.97","36.53"
"10","005","00","012","1201","0000","1543","933","610","177","1720","2503","0","68.72","37.28"
"10","005","00","012","1201","0096","824","495","329","69","893","1335","0","66.89","37.08"
"10","005","00","012","1201","0097","719","438","281","108","827","1168","0","70.8","37.5"
"10","005","00","012","1202","0000","1040","619","421","68","1108","1851","0","59.86","33.44"
"10","005","00","012","1202","0103","467","267","200","37","504","844","0","59.72","31.64"
"10","005","00","012","1202","0104","573","352","221","31","604","1007","0","59.98","34.96"
"10","005","00","012","1203","0000","424","272","152","40","464","725","0","64.0","37.52"
"10","005","00","012","1203","0100","424","272","152","40","464","725","0","64.0","37.52"
"10","005","00","012","1204","0000","1084","658","426","94","1178","1710","0","68.89","38.48"
"10","005","00","012","1204","0098","480","280","200","40","520","792","0","65.66","35.35"
"10","005","00","012","1204","0099","604","378","226","54","658","918","0","71.68","41.18"
"10","005","00","012","1205","0000","512","329","183","43","555","899","0","61.74","36.6"
"10","005","00","012","1205","0101","512","329","183","43","555","899","0","61.74","36.6"
"10","005","00","012","1206","0000","167","98","69","14","181","369","0","49.05","26.56"
"10","005","00","012","1206","0102","167","98","69","14","181","369","0","49.05","26.56"
"10","005","00","012","1207","0000","606","389","217","51","657","1005","0","65.37","38.71"
"10","005","00","012","1207","0105","468","305","163","33","501","794","0","63.1","38.41"
"10","005","00","012","1207","0106","138","84","54","18","156","211","0","73.93","39.81"
"10","005","00","012","1208","0000","214","132","82","24","238","328","0","72.56","40.24"
"10","005","00","012","1208","0107","214","132","82","24","238","328","0","72.56","40.24"
"10","005","00","013","0000","0000","7567","4396","3171","578","8145","13889","16277","58.64","31.65"
"10","005","00","013","1301","0000","2253","1356","897","182","2435","4132","0","58.93","32.82"
"10","005","00","013","1301","0124","463","271","192","58","521","853","0","61.08","31.77"
"10","005","00","013","1301","0125","581","351","230","34","615","983","0","62.56","35.71"
"10","005","00","013","1301","0126","589","354","235","59","648","1080","0","60.0","32.78"
"10","005","00","013","1301","0127","620","380","240","31","651","1216","0","53.54","31.25"
"10","005","00","013","1302","0000","950","550","400","54","1004","1825","0","55.01","30.14"
"10","005","00","013","1302","0132","484","294","190","32","516","991","0","52.07","29.67"
"10","005","00","013","1302","0133","466","256","210","22","488","834","0","58.51","30.7"
"10","005","00","013","1303","0000","755","427","328","71","826","1371","0","60.25","31.15"
"10","005","00","013","1303","0134","336","193","143","30","366","622","0","58.84","31.03"
"10","005","00","013","1303","0135","419","234","185","41","460","749","0","61.42","31.24"
"10","005","00","013","1304","0000","1820","986","834","99","1919","3395","0","56.52","29.04"
"10","005","00","013","1304","0128","558","322","236","45","603","1017","0","59.29","31.66"
"10","005","00","013","1304","0129","608","290","318","24","632","1180","0","53.56","24.58"
"10","005","00","013","1304","0130","654","374","280","30","684","1198","0","57.1","31.22"
"10","005","00","013","1305","0000","925","575","350","70","995","1451","0","68.57","39.63"
"10","005","00","013","1305","0136","427","276","151","33","460","692","0","66.47","39.88"
"10","005","00","013","1305","0137","498","299","199","37","535","759","0","70.49","39.39"
"10","005","00","013","1306","0000","221","135","86","21","242","417","0","58.03","32.37"
"10","005","00","013","1306","0131","221","135","86","21","242","417","0","58.03","32.37"
"10","005","00","013","1307","0000","643","367","276","81","724","1298","0","55.78","28.27"
"10","005","00","013","1307","0138","292","160","132","44","336","629","0","53.42","25.44"
"10","005","00","013","1307","0139","351","207","144","37","388","669","0","58.0","30.94"
"10","005","00","014","0000","0000","3194","1889","1305","329","3523","6382","7072","55.2","29.6"
"10","005","00","014","1401","0000","300","172","128","26","326","601","0","54.24","28.62"
"10","005","00","014","1401","0140","300","172","128","26","326","601","0","54.24","28.62"
"10","005","00","014","1402","0000","315","197","118","26","341","566","0","60.25","34.81"
"10","005","00","014","1402","0141","315","197","118","26","341","566","0","60.25","34.81"
"10","005","00","014","1403","0000","437","249","188","55","492","843","0","58.36","29.54"
"10","005","00","014","1403","0142","437","249","188","55","492","843","0","58.36","29.54"
"10","005","00","014","1404","0000","318","197","121","24","342","648","0","52.78","30.4"
"10","005","00","014","1404","0143","318","197","121","24","342","648","0","52.78","30.4"
"10","005","00","014","1405","0000","274","153","121","20","294","515","0","57.09","29.71"
"10","005","00","014","1405","0146","274","153","121","20","294","515","0","57.09","29.71"
"10","005","00","014","1406","0000","234","142","92","13","247","461","0","53.58","30.8"
"10","005","00","014","1406","0145","234","142","92","13","247","461","0","53.58","30.8"
"10","005","00","014","1407","0000","417","262","155","55","472","936","0","50.43","27.99"
"10","005","00","014","1407","0144","417","262","155","55","472","936","0","50.43","27.99"
"10","005","00","014","1408","0000","545","309","236","70","615","1141","0","53.9","27.08"
"10","005","00","014","1408","0147","545","309","236","70","615","1141","0","53.9","27.08"
"10","005","00","014","1409","0000","354","208","146","40","394","671","0","58.72","31.0"
"10","005","00","014","1409","0148","354","208","146","40","394","671","0","58.72","31.0"
"10","005","00","015","0000","0000","5745","3386","2359","676","6421","11027","12728","58.23","30.71"
"10","005","00","015","1501","0000","1160","682","478","134","1294","2060","0","62.82","33.11"
"10","005","00","015","1501","0258","680","392","288","85","765","1171","0","65.33","33.48"
"10","005","00","015","1501","0259","480","290","190","49","529","889","0","59.51","32.62"
"10","005","00","015","1502","0000","215","149","66","22","237","479","0","49.48","31.11"
"10","005","00","015","1502","0260","215","149","66","22","237","479","0","49.48","31.11"
"10","005","00","015","1503","0000","552","347","205","50","602","1024","0","58.79","33.89"
"10","005","00","015","1503","0261","552","347","205","50","602","1024","0","58.79","33.89"
"10","005","00","015","1504","0000","1645","935","710","180","1825","3442","0","53.02","27.16"
"10","005","00","015","1504","0262","580","310","270","77","657","1214","0","54.12","25.54"
"10","005","00","015","1504","0263","529","297","232","31","560","1071","0","52.29","27.73"
"10","005","00","015","1504","0264","536","328","208","72","608","1157","0","52.55","28.35"
"10","005","00","015","1505","0000","262","151","111","37","299","512","0","58.4","29.49"
"10","005","00","015","1505","0265","262","151","111","37","299","512","0","58.4","29.49"
"10","005","00","015","1506","0000","284","184","100","26","310","491","0","63.14","37.47"
"10","005","00","015","1506","0266","284","184","100","26","310","491","0","63.14","37.47"
"10","005","00","015","1507","0000","687","396","291","78","765","1272","0","60.14","31.13"
"10","005","00","015","1507","0267","687","396","291","78","765","1272","0","60.14","31.13"
"10","005","00","015","1508","0000","399","244","155","52","451","785","0","57.45","31.08"
"10","005","00","015","1508","0268","399","244","155","52","451","785","0","57.45","31.08"
"10","005","00","015","1509","0000","541","298","243","97","638","962","0","66.32","30.98"
"10","005","00","015","1509","0269","541","298","243","97","638","962","0","66.32","30.98"
"10","005","00","016","0000","0000","2992","1768","1224","381","3373","5852","6662","57.64","30.21"
"10","005","00","016","1601","0000","1183","726","457","101","1284","2201","0","58.34","32.99"
"10","005","00","016","1601","0402","561","346","215","35","596","996","0","59.84","34.74"
"10","005","00","016","1601","0403","622","380","242","66","688","1205","0","57.1","31.54"
"10","005","00","016","1602","0000","331","199","132","55","386","635","0","60.79","31.34"
"10","005","00","016","1602","0404","331","199","132","55","386","635","0","60.79","31.34"
"10","005","00","016","1603","0000","425","253","172","69","494","862","0","57.31","29.35"
"10","005","00","016","1603","0405","425","253","172","69","494","862","0","57.31","29.35"
"10","005","00","016","1604","0000","105","55","50","13","118","238","0","49.58","23.11"
"10","005","00","016","1604","0406","105","55","50","13","118","238","0","49.58","23.11"
"10","005","00","016","1605","0000","256","131","125","36","292","541","0","53.97","24.21"
"10","005","00","016","1605","0407","256","131","125","36","292","541","0","53.97","24.21"
"10","005","00","016","1606","0000","263","159","104","35","298","578","0","51.56","27.51"
"10","005","00","016","1606","0408","263","159","104","35","298","578","0","51.56","27.51"
"10","005","00","016","1607","0000","229","128","101","50","279","405","0","68.89","31.6"
"10","005","00","016","1607","0409","229","128","101","50","279","405","0","68.89","31.6"
"10","005","00","016","1608","0000","200","117","83","22","222","392","0","56.63","29.85"
"10","005","00","016","1608","0410","200","117","83","22","222","392","0","56.63","29.85"
"10","005","00","017","0000","0000","1835","1151","684","192","2027","3968","4370","51.08","29.01"
"10","005","00","017","1701","0000","117","77","40","12","129","328","0","39.33","23.48"
"10","005","00","017","1701","0435","117","77","40","12","129","328","0","39.33","23.48"
"10","005","00","017","1702","0000","209","128","81","39","248","565","0","43.89","22.65"
"10","005","00","017","1702","0436","209","128","81","39","248","565","0","43.89","22.65"
"10","005","00","017","1703","0000","464","285","179","59","523","911","0","57.41","31.28"
"10","005","00","017","1703","0437","464","285","179","59","523","911","0","57.41","31.28"
"10","005","00","017","1704","0000","243","159","84","25","268","568","0","47.18","27.99"
"10","005","00","017","1704","0438","243","159","84","25","268","568","0","47.18","27.99"
"10","005","00","017","1705","0000","314","190","124","27","341","580","0","58.79","32.76"
"10","005","00","017","1705","0439","314","190","124","27","341","580","0","58.79","32.76"
"10","005","00","017","1706","0000","161","103","58","9","170","333","0","51.05","30.93"
"10","005","00","017","1706","0440","161","103","58","9","170","333","0","51.05","30.93"
"10","005","00","017","1707","0000","327","209","118","21","348","683","0","50.95","30.6"
"10","005","00","017","1707","0441","327","209","118","21","348","683","0","50.95","30.6"
"10","005","00","018","0000","0000","3066","1747","1319","300","3366","5180","6076","64.98","33.73"
"10","005","00","018","1801","0000","132","70","62","16","148","325","0","45.54","21.54"
"10","005","00","018","1801","0461","132","70","62","16","148","325","0","45.54","21.54"
"10","005","00","018","1802","0000","688","406","282","82","770","1150","0","66.96","35.3"
"10","005","00","018","1802","0462","250","154","96","34","284","484","0","58.68","31.82"
"10","005","00","018","1802","0463","438","252","186","48","486","666","0","72.97","37.84"
"10","005","00","018","1803","0000","494","309","185","66","560","907","0","61.74","34.07"
"10","005","00","018","1803","0464","335","207","128","54","389","574","0","67.77","36.06"
"10","005","00","018","1803","0465","159","102","57","12","171","333","0","51.35","30.63"
"10","005","00","018","1804","0000","321","192","129","15","336","495","0","67.88","38.79"
"10","005","00","018","1804","0466","321","192","129","15","336","495","0","67.88","38.79"
"10","005","00","018","1805","0000","350","202","148","40","390","544","0","71.69","37.13"
"10","005","00","018","1805","0467","350","202","148","40","390","544","0","71.69","37.13"
"10","005","00","018","1806","0000","215","123","92","25","240","500","0","48.0","24.6"
"10","005","00","018","1806","0468","215","123","92","25","240","500","0","48.0","24.6"
"10","005","00","018","1807","0000","429","257","172","50","479","670","0","71.49","38.36"
"10","005","00","018","1807","0469","429","257","172","50","479","670","0","71.49","38.36"
"10","005","00","018","1808","0000","437","188","249","6","443","589","0","75.21","31.92"
"10","005","00","018","1808","0470","437","188","249","6","443","589","0","75.21","31.92"
"10","007","00","000","0000","0000","551433","328349","223084","58500","609933","1066994","1278437","57.16","30.77"
"10","007","00","001","0000","0000","105530","61812","43718","9670","115200","190995","232709","60.32","32.36"
"10","007","00","001","0101","0000","779","456","323","57","836","1295","0","64.56","35.21"
"10","007","00","001","0101","0117","399","217","182","30","429","662","0","64.8","32.78"
"10","007","00","001","0101","0118","380","239","141","27","407","633","0","64.3","37.76"
"10","007","00","001","0102","0000","2852","1715","1137","231","3083","5001","0","61.65","34.29"
"10","007","00","001","0102","0125","708","426","282","59","767","1263","0","60.73","33.73"
"10","007","00","001","0102","0126","730","432","298","70","800","1268","0","63.09","34.07"
"10","007","00","001","0102","0127","714","439","275","59","773","1258","0","61.45","34.9"
"10","007","00","001","0102","0128","700","418","282","43","743","1212","0","61.3","34.49"
"10","007","00","001","0103","0000","940","571","369","64","1004","1656","0","60.63","34.48"
"10","007","00","001","0103","0112","458","278","180","26","484","781","0","61.97","35.6"
"10","007","00","001","0103","0113","482","293","189","38","520","875","0","59.43","33.49"
"10","007","00","001","0104","0000","436","260","176","50","486","816","0","59.56","31.86"
"10","007","00","001","0104","0114","436","260","176","50","486","816","0","59.56","31.86"
"10","007","00","001","0105","0000","807","454","353","98","905","1414","0","64.0","32.11"
"10","007","00","001","0105","0115","393","207","186","41","434","687","0","63.17","30.13"
"10","007","00","001","0105","0116","414","247","167","57","471","727","0","64.79","33.98"
"10","007","00","001","0106","0000","974","578","396","104","1078","1759","0","61.28","32.86"
"10","007","00","001","0106","0119","542","311","231","46","588","906","0","64.9","34.33"
"10","007","00","001","0106","0120","432","267","165","58","490","853","0","57.44","31.3"
"10","007","00","001","0107","0000","2292","1286","1006","214","2506","3986","0","62.87","32.26"
"10","007","00","001","0107","0121","588","347","241","58","646","1027","0","62.9","33.79"
"10","007","00","001","0107","0122","581","325","256","53","634","993","0","63.85","32.73"
"10","007","00","001","0107","0123","462","242","220","58","520","848","0","61.32","28.54"
"10","007","00","001","0107","0124","661","372","289","45","706","1118","0","63.15","33.27"
"10","007","00","001","0108","0000","2809","1592","1217","171","2980","5156","0","57.8","30.88"
"10","007","00","001","0108","0106","646","354","292","13","659","1156","0","57.01","30.62"
"10","007","00","001","0108","0107","698","392","306","58","756","1235","0","61.21","31.74"
"10","007","00","001","0108","0108","722","426","296","54","776","1376","0","56.4","30.96"
"10","007","00","001","0108","0109","743","420","323","46","789","1389","0","56.8","30.24"
"10","007","00","001","0109","0000","1011","572","439","104","1115","1705","0","65.4","33.55"
"10","007","00","001","0109","0110","502","272","230","58","560","846","0","66.19","32.15"
"10","007","00","001","0109","0111","509","300","209","46","555","859","0","64.61","34.92"
"10","007","00","001","0110","0000","983","582","401","72","1055","1883","0","56.03","30.91"
"10","007","00","001","0110","0104","466","280","186","29","495","975","0","50.77","28.72"
"10","007","00","001","0110","0105","517","302","215","43","560","908","0","61.67","33.26"
"10","007","00","001","0111","0000","471","272","199","30","501","773","0","64.81","35.19"
"10","007","00","001","0111","0103","471","272","199","30","501","773","0","64.81","35.19"
"10","007","00","001","0112","0000","791","427","364","91","882","1420","0","62.11","30.07"
"10","007","00","001","0112","0101","405","213","192","43","448","692","0","64.74","30.78"
"10","007","00","001","0112","0102","386","214","172","48","434","728","0","59.62","29.4"
"10","007","00","001","0113","0000","517","302","215","61","578","893","0","64.73","33.82"
"10","007","00","001","0113","0099","517","302","215","61","578","893","0","64.73","33.82"
"10","007","00","001","0114","0000","414","208","206","53","467","691","0","67.58","30.1"
"10","007","00","001","0114","0098","414","208","206","53","467","691","0","67.58","30.1"
"10","007","00","001","0115","0000","406","220","186","50","456","733","0","62.21","30.01"
"10","007","00","001","0115","0100","406","220","186","50","456","733","0","62.21","30.01"
"10","007","00","001","0116","0000","491","268","223","74","565","910","0","62.09","29.45"
"10","007","00","001","0116","0054","491","268","223","74","565","910","0","62.09","29.45"
"10","007","00","001","0117","0000","418","245","173","83","501","771","0","64.98","31.78"
"10","007","00","001","0117","0051","418","245","173","83","501","771","0","64.98","31.78"
"10","007","00","001","0118","0000","476","256","220","55","531","868","0","61.18","29.49"
"10","007","00","001","0118","0052","476","256","220","55","531","868","0","61.18","29.49"
"10","007","00","001","0119","0000","595","330","265","92","687","1135","0","60.53","29.07"
"10","007","00","001","0119","0053","595","330","265","92","687","1135","0","60.53","29.07"
"10","007","00","001","0120","0000","1977","1165","812","177","2154","3360","0","64.11","34.67"
"10","007","00","001","0120","0056","621","354","267","53","674","1077","0","62.58","32.87"
"10","007","00","001","0120","0057","761","465","296","67","828","1258","0","65.82","36.96"
"10","007","00","001","0120","0058","595","346","249","57","652","1025","0","63.61","33.76"
"10","007","00","001","0121","0000","1976","1227","749","241","2217","3648","0","60.77","33.63"
"10","007","00","001","0121","0059","670","399","271","71","741","1177","0","62.96","33.9"
"10","007","00","001","0121","0060","646","411","235","74","720","1262","0","57.05","32.57"
"10","007","00","001","0121","0061","660","417","243","96","756","1209","0","62.53","34.49"
"10","007","00","001","0122","0000","623","344","279","77","700","1203","0","58.19","28.6"
"10","007","00","001","0122","0065","623","344","279","77","700","1203","0","58.19","28.6"
"10","007","00","001","0123","0000","1751","1043","708","170","1921","3145","0","61.08","33.16"
"10","007","00","001","0123","0062","600","364","236","57","657","1041","0","63.11","34.97"
"10","007","00","001","0123","0063","615","354","261","57","672","1075","0","62.51","32.93"
"10","007","00","001","0123","0064","536","325","211","56","592","1029","0","57.53","31.58"
"10","007","00","001","0124","0000","2123","1233","890","199","2322","4157","0","55.86","29.66"
"10","007","00","001","0124","0066","525","289","236","63","588","1014","0","57.99","28.5"
"10","007","00","001","0124","0067","598","360","238","49","647","1069","0","60.52","33.68"
"10","007","00","001","0124","0068","459","262","197","36","495","969","0","51.08","27.04"
"10","007","00","001","0124","0069","541","322","219","51","592","1105","0","53.57","29.14"
"10","007","00","001","0125","0000","566","287","279","49","615","1004","0","61.25","28.59"
"10","007","00","001","0125","0055","566","287","279","49","615","1004","0","61.25","28.59"
"10","007","00","001","0126","0000","1861","1028","833","228","2089","3496","0","59.75","29.41"
"10","007","00","001","0126","0090","623","343","280","74","697","1201","0","58.03","28.56"
"10","007","00","001","0126","0091","592","317","275","70","662","1057","0","62.63","29.99"
"10","007","00","001","0126","0092","646","368","278","84","730","1238","0","58.97","29.73"
"10","007","00","001","0127","0000","1103","620","483","172","1275","2130","0","59.86","29.11"
"10","007","00","001","0127","0088","573","336","237","96","669","1153","0","58.02","29.14"
"10","007","00","001","0127","0089","530","284","246","76","606","977","0","62.03","29.07"
"10","007","00","001","0128","0000","965","593","372","126","1091","1799","0","60.64","32.96"
"10","007","00","001","0128","0086","417","260","157","54","471","799","0","58.95","32.54"
"10","007","00","001","0128","0087","548","333","215","72","620","1000","0","62.0","33.3"
"10","007","00","001","0129","0000","1757","1071","686","126","1883","3091","0","60.92","34.65"
"10","007","00","001","0129","0083","501","303","198","48","549","890","0","61.69","34.04"
"10","007","00","001","0129","0084","659","405","254","43","702","1104","0","63.59","36.68"
"10","007","00","001","0129","0085","597","363","234","35","632","1097","0","57.61","33.09"
"10","007","00","001","0130","0000","1906","1147","759","174","2080","3297","0","63.09","34.79"
"10","007","00","001","0130","0093","692","395","297","55","747","1210","0","61.74","32.64"
"10","007","00","001","0130","0094","573","325","248","62","635","1026","0","61.89","31.68"
"10","007","00","001","0130","0095","641","427","214","57","698","1061","0","65.79","40.25"
"10","007","00","001","0131","0000","2410","1414","996","222","2632","4213","0","62.47","33.56"
"10","007","00","001","0131","0070","578","344","234","51","629","981","0","64.12","35.07"
"10","007","00","001","0131","0071","613","340","273","78","691","1095","0","63.11","31.05"
"10","007","00","001","0131","0072","631","356","275","42","673","1087","0","61.91","32.75"
"10","007","00","001","0131","0073","588","374","214","51","639","1050","0","60.86","35.62"
"10","007","00","001","0132","0000","1362","814","548","141","1503","2545","0","59.06","31.98"
"10","007","00","001","0132","0001","483","293","190","47","530","871","0","60.85","33.64"
"10","007","00","001","0132","0002","320","187","133","43","363","751","0","48.34","24.9"
"10","007","00","001","0132","0003","559","334","225","51","610","923","0","66.09","36.19"
"10","007","00","001","0133","0000","1373","798","575","125","1498","2477","0","60.48","32.22"
"10","007","00","001","0133","0096","653","387","266","72","725","1213","0","59.77","31.9"
"10","007","00","001","0133","0097","720","411","309","53","773","1264","0","61.16","32.52"
"10","007","00","001","0134","0000","865","498","367","98","963","1558","0","61.81","31.96"
"10","007","00","001","0134","0004","431","258","173","53","484","779","0","62.13","33.12"
"10","007","00","001","0134","0005","434","240","194","45","479","779","0","61.49","30.81"
"10","007","00","001","0135","0000","534","300","234","53","587","1027","0","57.16","29.21"
"10","007","00","001","0135","0010","534","300","234","53","587","1027","0","57.16","29.21"
"10","007","00","001","0136","0000","643","363","280","74","717","1249","0","57.41","29.06"
"10","007","00","001","0136","0011","643","363","280","74","717","1249","0","57.41","29.06"
"10","007","00","001","0137","0000","1037","620","417","118","1155","1814","0","63.67","34.18"
"10","007","00","001","0137","0008","452","282","170","51","503","767","0","65.58","36.77"
"10","007","00","001","0137","0009","585","338","247","67","652","1047","0","62.27","32.28"
"10","007","00","001","0138","0000","799","469","330","74","873","1469","0","59.43","31.93"
"10","007","00","001","0138","0006","395","221","174","31","426","720","0","59.17","30.69"
"10","007","00","001","0138","0007","404","248","156","43","447","749","0","59.68","33.11"
"10","007","00","001","0139","0000","4216","2501","1715","320","4536","7563","0","59.98","33.07"
"10","007","00","001","0139","0035","546","312","234","47","593","1045","0","56.75","29.86"
"10","007","00","001","0139","0036","612","351","261","23","635","1097","0","57.89","32.0"
"10","007","00","001","0139","0037","643","391","252","49","692","1190","0","58.15","32.86"
"10","007","00","001","0139","0038","650","392","258","44","694","1106","0","62.75","35.44"
"10","007","00","001","0139","0039","615","371","244","47","662","1097","0","60.35","33.82"
"10","007","00","001","0139","0040","580","342","238","63","643","1048","0","61.35","32.63"
"10","007","00","001","0139","0041","570","342","228","47","617","980","0","62.96","34.9"
"10","007","00","001","0140","0000","855","492","363","85","940","1516","0","62.01","32.45"
"10","007","00","001","0140","0042","417","245","172","29","446","707","0","63.08","34.65"
"10","007","00","001","0140","0043","438","247","191","56","494","809","0","61.06","30.53"
"10","007","00","001","0141","0000","2663","1552","1111","234","2897","4896","0","59.17","31.7"
"10","007","00","001","0141","0025","630","376","254","68","698","1207","0","57.83","31.15"
"10","007","00","001","0141","0026","635","379","256","61","696","1161","0","59.95","32.64"
"10","007","00","001","0141","0027","612","312","300","45","657","1166","0","56.35","26.76"
"10","007","00","001","0141","0028","786","485","301","60","846","1362","0","62.11","35.61"
"10","007","00","001","0142","0000","4040","2331","1709","284","4324","7131","0","60.64","32.69"
"10","007","00","001","0142","0029","726","403","323","45","771","1236","0","62.38","32.61"
"10","007","00","001","0142","0030","591","337","254","54","645","1065","0","60.56","31.64"
"10","007","00","001","0142","0031","664","392","272","62","726","1199","0","60.55","32.69"
"10","007","00","001","0142","0032","701","408","293","39","740","1233","0","60.02","33.09"
"10","007","00","001","0142","0033","687","411","276","34","721","1245","0","57.91","33.01"
"10","007","00","001","0142","0034","671","380","291","50","721","1153","0","62.53","32.96"
"10","007","00","001","0143","0000","1555","926","629","157","1712","2928","0","58.47","31.63"
"10","007","00","001","0143","0045","447","267","180","66","513","901","0","56.94","29.63"
"10","007","00","001","0143","0046","502","302","200","48","550","951","0","57.83","31.76"
"10","007","00","001","0143","0047","606","357","249","43","649","1076","0","60.32","33.18"
"10","007","00","001","0144","0000","1566","821","745","152","1718","2932","0","58.59","28.0"
"10","007","00","001","0144","0048","514","200","314","46","560","1022","0","54.79","19.57"
"10","007","00","001","0144","0049","486","293","193","54","540","894","0","60.4","32.77"
"10","007","00","001","0144","0050","566","328","238","52","618","1016","0","60.83","32.28"
"10","007","00","001","0145","0000","806","487","319","55","861","1409","0","61.11","34.56"
"10","007","00","001","0145","0014","453","263","190","31","484","766","0","63.19","34.33"
"10","007","00","001","0145","0015","353","224","129","24","377","643","0","58.63","34.84"
"10","007","00","001","0146","0000","1142","697","445","112","1254","2552","0","49.14","27.31"
"10","007","00","001","0146","0016","673","432","241","72","745","1251","0","59.55","34.53"
"10","007","00","001","0146","0017","469","265","204","40","509","1301","0","39.12","20.37"
"10","007","00","001","0147","0000","4894","2986","1908","338","5232","8589","0","60.92","34.77"
"10","007","00","001","0147","0018","719","464","255","50","769","1280","0","60.08","36.25"
"10","007","00","001","0147","0019","667","398","269","60","727","1179","0","61.66","33.76"
"10","007","00","001","0147","0020","646","405","241","43","689","1168","0","58.99","34.67"
"10","007","00","001","0147","0021","663","399","264","51","714","1218","0","58.62","32.76"
"10","007","00","001","0147","0022","822","494","328","65","887","1351","0","65.66","36.57"
"10","007","00","001","0147","0023","695","408","287","42","737","1204","0","61.21","33.89"
"10","007","00","001","0147","0024","682","418","264","27","709","1189","0","59.63","35.16"
"10","007","00","001","0148","0000","1257","741","516","143","1400","2305","0","60.74","32.15"
"10","007","00","001","0148","0012","617","357","260","58","675","1136","0","59.42","31.43"
"10","007","00","001","0148","0013","640","384","256","85","725","1169","0","62.02","32.85"
"10","007","00","001","0149","0000","578","312","266","58","636","1008","0","63.1","30.95"
"10","007","00","001","0149","0044","578","312","266","58","636","1008","0","63.1","30.95"
"10","007","00","001","0150","0000","1744","1088","656","158","1902","3262","0","58.31","33.35"
"10","007","00","001","0150","0177","535","313","222","77","612","1002","0","61.08","31.24"
"10","007","00","001","0150","0178","617","393","224","27","644","1148","0","56.1","34.23"
"10","007","00","001","0150","0179","592","382","210","54","646","1112","0","58.09","34.35"
"10","007","00","001","0151","0000","948","535","413","99","1047","1685","0","62.14","31.75"
"10","007","00","001","0151","0153","465","280","185","43","508","800","0","63.5","35.0"
"10","007","00","001","0151","0154","483","255","228","56","539","885","0","60.9","28.81"
"10","007","00","001","0152","0000","1066","652","414","77","1143","1903","0","60.06","34.26"
"10","007","00","001","0152","0174","514","316","198","32","546","930","0","58.71","33.98"
"10","007","00","001","0152","0175","552","336","216","45","597","973","0","61.36","34.53"
"10","007","00","001","0153","0000","1767","1042","725","123","1890","3282","0","57.59","31.75"
"10","007","00","001","0153","0155","583","353","230","32","615","1000","0","61.5","35.3"
"10","007","00","001","0153","0156","584","336","248","47","631","1159","0","54.44","28.99"
"10","007","00","001","0153","0157","600","353","247","44","644","1123","0","57.35","31.43"
"10","007","00","001","0154","0000","1573","970","603","227","1800","2908","0","61.9","33.36"
"10","007","00","001","0154","0158","523","328","195","78","601","907","0","66.26","36.16"
"10","007","00","001","0154","0159","480","316","164","83","563","989","0","56.93","31.95"
"10","007","00","001","0154","0160","570","326","244","66","636","1012","0","62.85","32.21"
"10","007","00","001","0155","0000","3675","2045","1630","331","4006","6789","0","59.01","30.12"
"10","007","00","001","0155","0168","554","317","237","61","615","1120","0","54.91","28.3"
"10","007","00","001","0155","0169","660","337","323","28","688","1269","0","54.22","26.56"
"10","007","00","001","0155","0170","645","384","261","63","708","1159","0","61.09","33.13"
"10","007","00","001","0155","0171","657","352","305","69","726","1184","0","61.32","29.73"
"10","007","00","001","0155","0172","585","332","253","51","636","1089","0","58.4","30.49"
"10","007","00","001","0155","0173","574","323","251","59","633","968","0","65.39","33.37"
"10","007","00","001","0156","0000","1344","767","577","124","1468","2485","0","59.07","30.87"
"10","007","00","001","0156","0151","713","408","305","70","783","1372","0","57.07","29.74"
"10","007","00","001","0156","0152","631","359","272","54","685","1113","0","61.55","32.26"
"10","007","00","001","0157","0000","568","355","213","45","613","1184","0","51.77","29.98"
"10","007","00","001","0157","0176","568","355","213","45","613","1184","0","51.77","29.98"
"10","007","00","001","0158","0000","1389","796","593","169","1558","2445","0","63.72","32.56"
"10","007","00","001","0158","0165","441","252","189","60","501","770","0","65.06","32.73"
"10","007","00","001","0158","0166","510","287","223","47","557","889","0","62.65","32.28"
"10","007","00","001","0158","0167","438","257","181","62","500","786","0","63.61","32.7"
"10","007","00","001","0159","0000","707","415","292","84","791","1249","0","63.33","33.23"
"10","007","00","001","0159","0133","707","415","292","84","791","1249","0","63.33","33.23"
"10","007","00","001","0160","0000","492","305","187","81","573","924","0","62.01","33.01"
"10","007","00","001","0160","0129","492","305","187","81","573","924","0","62.01","33.01"
"10","007","00","001","0161","0000","1746","1028","718","144","1890","2873","0","65.78","35.78"
"10","007","00","001","0161","0130","565","338","227","33","598","939","0","63.68","36.0"
"10","007","00","001","0161","0131","580","323","257","63","643","953","0","67.47","33.89"
"10","007","00","001","0161","0132","601","367","234","48","649","981","0","66.16","37.41"
"10","007","00","001","0162","0000","4576","2764","1812","343","4919","8267","0","59.5","33.43"
"10","007","00","001","0162","0137","691","439","252","40","731","1156","0","63.24","37.98"
"10","007","00","001","0162","0138","698","435","263","42","740","1291","0","57.32","33.69"
"10","007","00","001","0162","0139","624","374","250","39","663","1139","0","58.21","32.84"
"10","007","00","001","0162","0140","636","365","271","62","698","1125","0","62.04","32.44"
"10","007","00","001","0162","0141","680","405","275","41","721","1258","0","57.31","32.19"
"10","007","00","001","0162","0142","617","379","238","49","666","1123","0","59.31","33.75"
"10","007","00","001","0162","0143","630","367","263","70","700","1175","0","59.57","31.23"
"10","007","00","001","0163","0000","1316","789","527","134","1450","2378","0","60.98","33.18"
"10","007","00","001","0163","0134","454","261","193","62","516","817","0","63.16","31.95"
"10","007","00","001","0163","0135","489","302","187","41","530","872","0","60.78","34.63"
"10","007","00","001","0163","0136","373","226","147","31","404","689","0","58.64","32.8"
"10","007","00","001","0164","0000","2265","1299","966","161","2426","4160","0","58.32","31.23"
"10","007","00","001","0164","0147","525","297","228","33","558","1003","0","55.63","29.61"
"10","007","00","001","0164","0148","491","278","213","25","516","915","0","56.39","30.38"
"10","007","00","001","0164","0149","611","369","242","57","668","1158","0","57.69","31.87"
"10","007","00","001","0164","0150","638","355","283","46","684","1084","0","63.1","32.75"
"10","007","00","001","0165","0000","1575","879","696","102","1677","2631","0","63.74","33.41"
"10","007","00","001","0165","0144","531","286","245","40","571","862","0","66.24","33.18"
"10","007","00","001","0165","0145","493","282","211","36","529","872","0","60.67","32.34"
"10","007","00","001","0165","0146","551","311","240","26","577","897","0","64.33","34.67"
"10","007","00","001","0166","0000","600","337","263","60","660","1161","0","56.85","29.03"
"10","007","00","001","0166","0184","600","337","263","60","660","1161","0","56.85","29.03"
"10","007","00","001","0167","0000","669","393","276","90","759","1276","0","59.48","30.8"
"10","007","00","001","0167","0183","669","393","276","90","759","1276","0","59.48","30.8"
"10","007","00","001","0168","0000","377","228","149","45","422","823","0","51.28","27.7"
"10","007","00","001","0168","0182","377","228","149","45","422","823","0","51.28","27.7"
"10","007","00","001","0169","0000","563","348","215","59","622","907","0","68.58","38.37"
"10","007","00","001","0169","0180","563","348","215","59","622","907","0","68.58","38.37"
"10","007","00","001","0170","0000","610","380","230","69","679","1112","0","61.06","34.17"
"10","007","00","001","0170","0181","610","380","230","69","679","1112","0","61.06","34.17"
"10","007","00","001","0171","0000","2389","1475","914","182","2571","4367","0","58.87","33.78"
"10","007","00","001","0171","0161","496","283","213","48","544","1033","0","52.66","27.4"
"10","007","00","001","0171","0162","627","427","200","54","681","1116","0","61.02","38.26"
"10","007","00","001","0171","0163","682","408","274","31","713","1154","0","61.79","35.36"
"10","007","00","001","0171","0164","584","357","227","49","633","1064","0","59.49","33.55"
"10","007","00","001","0172","0000","2952","1724","1228","234","3186","5370","0","59.33","32.1"
"10","007","00","001","0172","0074","709","430","279","63","772","1252","0","61.66","34.35"
"10","007","00","001","0172","0075","570","329","241","50","620","1113","0","55.71","29.56"
"10","007","00","001","0172","0076","589","341","248","42","631","1009","0","62.54","33.8"
"10","007","00","001","0172","0077","528","318","210","48","576","999","0","57.66","31.83"
"10","007","00","001","0172","0078","556","306","250","31","587","997","0","58.88","30.69"
"10","007","00","001","0173","0000","2954","1724","1230","193","3147","5178","0","60.78","33.29"
"10","007","00","001","0173","0079","695","431","264","48","743","1145","0","64.89","37.64"
"10","007","00","001","0173","0080","687","398","289","33","720","1227","0","58.68","32.44"
"10","007","00","001","0173","0081","700","393","307","54","754","1208","0","62.42","32.53"
"10","007","00","001","0173","0082","872","502","370","58","930","1598","0","58.2","31.41"
"10","007","00","002","0000","0000","36557","21577","14980","4143","40700","70505","86762","57.73","30.6"
"10","007","00","002","0201","0000","591","304","287","77","668","1140","0","58.6","26.67"
"10","007","00","002","0201","0243","591","304","287","77","668","1140","0","58.6","26.67"
"10","007","00","002","0202","0000","265","158","107","39","304","511","0","59.49","30.92"
"10","007","00","002","0202","0244","265","158","107","39","304","511","0","59.49","30.92"
"10","007","00","002","0203","0000","382","227","155","22","404","857","0","47.14","26.49"
"10","007","00","002","0203","0245","382","227","155","22","404","857","0","47.14","26.49"
"10","007","00","002","0204","0000","538","300","238","73","611","946","0","64.59","31.71"
"10","007","00","002","0204","0246","538","300","238","73","611","946","0","64.59","31.71"
"10","007","00","002","0205","0000","4070","2402","1668","405","4475","7584","0","59.01","31.67"
"10","007","00","002","0205","0302","667","368","299","69","736","1299","0","56.66","28.33"
"10","007","00","002","0205","0303","737","462","275","65","802","1298","0","61.79","35.59"
"10","007","00","002","0205","0304","758","468","290","82","840","1458","0","57.61","32.1"
"10","007","00","002","0205","0305","614","343","271","57","671","1138","0","58.96","30.14"
"10","007","00","002","0205","0306","617","362","255","67","684","1170","0","58.46","30.94"
"10","007","00","002","0205","0307","677","399","278","65","742","1221","0","60.77","32.68"
"10","007","00","002","0206","0000","2623","1543","1080","267","2890","5161","0","56.0","29.9"
"10","007","00","002","0206","0298","654","398","256","77","731","1227","0","59.58","32.44"
"10","007","00","002","0206","0299","639","365","274","74","713","1187","0","60.07","30.75"
"10","007","00","002","0206","0300","646","390","256","47","693","1296","0","53.47","30.09"
"10","007","00","002","0206","0301","684","390","294","69","753","1451","0","51.9","26.88"
"10","007","00","002","0207","0000","2572","1490","1082","242","2814","4946","0","56.89","30.13"
"10","007","00","002","0207","0247","515","288","227","49","564","945","0","59.68","30.48"
"10","007","00","002","0207","0248","592","355","237","64","656","1097","0","59.8","32.36"
"10","007","00","002","0207","0249","695","415","280","44","739","1479","0","49.97","28.06"
"10","007","00","002","0207","0250","770","432","338","85","855","1425","0","60.0","30.32"
"10","007","00","002","0208","0000","2262","1351","911","220","2482","4335","0","57.25","31.16"
"10","007","00","002","0208","0253","556","316","240","76","632","1047","0","60.36","30.18"
"10","007","00","002","0208","0254","554","321","233","32","586","1097","0","53.42","29.26"
"10","007","00","002","0208","0255","529","325","204","64","593","1030","0","57.57","31.55"
"10","007","00","002","0208","0256","623","389","234","48","671","1161","0","57.8","33.51"
"10","007","00","002","0209","0000","277","148","129","63","340","540","0","62.96","27.41"
"10","007","00","002","0209","0257","277","148","129","63","340","540","0","62.96","27.41"
"10","007","00","002","0210","0000","487","287","200","71","558","880","0","63.41","32.61"
"10","007","00","002","0210","0251","487","287","200","71","558","880","0","63.41","32.61"
"10","007","00","002","0211","0000","577","350","227","83","660","1183","0","55.79","29.59"
"10","007","00","002","0211","0252","577","350","227","83","660","1183","0","55.79","29.59"
"10","007","00","002","0212","0000","587","334","253","80","667","1127","0","59.18","29.64"
"10","007","00","002","0212","0262","587","334","253","80","667","1127","0","59.18","29.64"
"10","007","00","002","0213","0000","686","400","286","67","753","1178","0","63.92","33.96"
"10","007","00","002","0213","0263","686","400","286","67","753","1178","0","63.92","33.96"
"10","007","00","002","0214","0000","154","83","71","15","169","284","0","59.51","29.23"
"10","007","00","002","0214","0264","154","83","71","15","169","284","0","59.51","29.23"
"10","007","00","002","0215","0000","384","226","158","50","434","659","0","65.86","34.29"
"10","007","00","002","0215","0266","384","226","158","50","434","659","0","65.86","34.29"
"10","007","00","002","0216","0000","304","170","134","41","345","584","0","59.08","29.11"
"10","007","00","002","0216","0265","304","170","134","41","345","584","0","59.08","29.11"
"10","007","00","002","0217","0000","467","273","194","30","497","915","0","54.32","29.84"
"10","007","00","002","0217","0267","467","273","194","30","497","915","0","54.32","29.84"
"10","007","00","002","0218","0000","1250","738","512","157","1407","2208","0","63.72","33.42"
"10","007","00","002","0218","0268","598","316","282","79","677","1079","0","62.74","29.29"
"10","007","00","002","0218","0269","652","422","230","78","730","1129","0","64.66","37.38"
"10","007","00","002","0219","0000","1927","1117","810","238","2165","3820","0","56.68","29.24"
"10","007","00","002","0219","0286","725","430","295","94","819","1505","0","54.42","28.57"
"10","007","00","002","0219","0287","539","291","248","65","604","1092","0","55.31","26.65"
"10","007","00","002","0219","0288","663","396","267","79","742","1223","0","60.67","32.38"
"10","007","00","002","0220","0000","1244","796","448","115","1359","2575","0","52.78","30.91"
"10","007","00","002","0220","0289","690","438","252","51","741","1572","0","47.14","27.86"
"10","007","00","002","0220","0290","554","358","196","64","618","1003","0","61.62","35.69"
"10","007","00","002","0221","0000","2187","1308","879","200","2387","4070","0","58.65","32.14"
"10","007","00","002","0221","0295","789","469","320","99","888","1397","0","63.56","33.57"
"10","007","00","002","0221","0296","659","396","263","49","708","1229","0","57.61","32.22"
"10","007","00","002","0221","0297","739","443","296","52","791","1444","0","54.78","30.68"
"10","007","00","002","0222","0000","2187","1268","919","216","2403","4152","0","57.88","30.54"
"10","007","00","002","0222","0291","508","304","204","48","556","933","0","59.59","32.58"
"10","007","00","002","0222","0292","596","347","249","67","663","1093","0","60.66","31.75"
"10","007","00","002","0222","0293","476","284","192","34","510","907","0","56.23","31.31"
"10","007","00","002","0222","0294","607","333","274","67","674","1219","0","55.29","27.32"
"10","007","00","002","0223","0000","1653","1025","628","178","1831","3167","0","57.81","32.37"
"10","007","00","002","0223","0278","492","297","195","48","540","984","0","54.88","30.18"
"10","007","00","002","0223","0279","580","357","223","66","646","1018","0","63.46","35.07"
"10","007","00","002","0223","0280","581","371","210","64","645","1165","0","55.36","31.85"
"10","007","00","002","0224","0000","978","533","445","130","1108","2181","0","50.8","24.44"
"10","007","00","002","0224","0281","487","228","259","64","551","1161","0","47.46","19.64"
"10","007","00","002","0224","0282","491","305","186","66","557","1020","0","54.61","29.9"
"10","007","00","002","0225","0000","1610","955","655","222","1832","3066","0","59.75","31.15"
"10","007","00","002","0225","0283","554","325","229","72","626","1068","0","58.61","30.43"
"10","007","00","002","0225","0284","546","335","211","62","608","1024","0","59.38","32.71"
"10","007","00","002","0225","0285","510","295","215","88","598","974","0","61.4","30.29"
"10","007","00","002","0226","0000","1692","1014","678","261","1953","3557","0","54.91","28.51"
"10","007","00","002","0226","0272","516","342","174","114","630","1137","0","55.41","30.08"
"10","007","00","002","0226","0273","594","320","274","67","661","1195","0","55.31","26.78"
"10","007","00","002","0226","0274","582","352","230","80","662","1225","0","54.04","28.73"
"10","007","00","002","0227","0000","957","599","358","125","1082","1979","0","54.67","30.27"
"10","007","00","002","0227","0270","633","396","237","72","705","1273","0","55.38","31.11"
"10","007","00","002","0227","0271","324","203","121","53","377","706","0","53.4","28.75"
"10","007","00","002","0228","0000","1267","768","499","198","1465","2438","0","60.09","31.5"
"10","007","00","002","0228","0275","562","345","217","68","630","957","0","65.83","36.05"
"10","007","00","002","0228","0276","334","210","124","70","404","758","0","53.3","27.7"
"10","007","00","002","0228","0277","371","213","158","60","431","723","0","59.61","29.46"
"10","007","00","002","0229","0000","2379","1410","969","258","2637","4462","0","59.1","31.6"
"10","007","00","002","0229","0258","579","332","247","65","644","1135","0","56.74","29.25"
"10","007","00","002","0229","0259","593","351","242","79","672","1155","0","58.18","30.39"
"10","007","00","002","0229","0260","642","391","251","56","698","1127","0","61.93","34.69"
"10","007","00","002","0229","0261","565","336","229","58","623","1045","0","59.62","32.15"
"10","007","00","003","0000","0000","39151","23210","15941","3495","42646","75286","90786","56.65","30.83"
"10","007","00","003","0301","0000","2984","1762","1222","230","3214","6061","0","53.03","29.07"
"10","007","00","003","0301","0373","661","391","270","78","739","1341","0","55.11","29.16"
"10","007","00","003","0301","0374","704","418","286","65","769","1480","0","51.96","28.24"
"10","007","00","003","0301","0375","806","476","330","51","857","1529","0","56.05","31.13"
"10","007","00","003","0301","0376","813","477","336","36","849","1711","0","49.62","27.88"
"10","007","00","003","0302","0000","2361","1387","974","213","2574","4313","0","59.68","32.16"
"10","007","00","003","0302","0377","573","326","247","42","615","1057","0","58.18","30.84"
"10","007","00","003","0302","0378","564","345","219","50","614","1032","0","59.5","33.43"
"10","007","00","003","0302","0379","553","302","251","58","611","1015","0","60.2","29.75"
"10","007","00","003","0302","0380","671","414","257","63","734","1209","0","60.71","34.24"
"10","007","00","003","0303","0000","232","130","102","19","251","430","0","58.37","30.23"
"10","007","00","003","0303","0381","232","130","102","19","251","430","0","58.37","30.23"
"10","007","00","003","0304","0000","988","590","398","60","1048","1822","0","57.52","32.38"
"10","007","00","003","0304","0382","444","249","195","23","467","856","0","54.56","29.09"
"10","007","00","003","0304","0383","544","341","203","37","581","966","0","60.14","35.3"
"10","007","00","003","0305","0000","1668","965","703","144","1812","3242","0","55.89","29.77"
"10","007","00","003","0305","0384","548","325","223","34","582","1059","0","54.96","30.69"
"10","007","00","003","0305","0385","583","334","249","55","638","1117","0","57.12","29.9"
"10","007","00","003","0305","0386","537","306","231","55","592","1066","0","55.53","28.71"
"10","007","00","003","0306","0000","1364","853","511","119","1483","2780","0","53.35","30.68"
"10","007","00","003","0306","0387","625","399","226","51","676","1252","0","53.99","31.87"
"10","007","00","003","0306","0388","739","454","285","68","807","1528","0","52.81","29.71"
"10","007","00","003","0307","0000","892","531","361","85","977","1680","0","58.15","31.61"
"10","007","00","003","0307","0389","451","263","188","46","497","826","0","60.17","31.84"
"10","007","00","003","0307","0390","441","268","173","39","480","854","0","56.21","31.38"
"10","007","00","003","0308","0000","470","284","186","50","520","860","0","60.47","33.02"
"10","007","00","003","0308","0429","470","284","186","50","520","860","0","60.47","33.02"
"10","007","00","003","0309","0000","1119","667","452","95","1214","2152","0","56.41","30.99"
"10","007","00","003","0309","0391","668","388","280","69","737","1387","0","53.14","27.97"
"10","007","00","003","0309","0392","451","279","172","26","477","765","0","62.35","36.47"
"10","007","00","003","0310","0000","1432","872","560","148","1580","2834","0","55.75","30.77"
"10","007","00","003","0310","0393","679","426","253","71","750","1438","0","52.16","29.62"
"10","007","00","003","0310","0394","753","446","307","77","830","1396","0","59.46","31.95"
"10","007","00","003","0311","0000","838","501","337","57","895","1467","0","61.01","34.15"
"10","007","00","003","0311","0395","351","211","140","28","379","658","0","57.6","32.07"
"10","007","00","003","0311","0396","487","290","197","29","516","809","0","63.78","35.85"
"10","007","00","003","0312","0000","903","534","369","66","969","1820","0","53.24","29.34"
"10","007","00","003","0312","0397","454","254","200","29","483","932","0","51.82","27.25"
"10","007","00","003","0312","0398","449","280","169","37","486","888","0","54.73","31.53"
"10","007","00","003","0313","0000","1212","745","467","101","1313","2221","0","59.12","33.54"
"10","007","00","003","0313","0399","647","398","249","51","698","1144","0","61.01","34.79"
"10","007","00","003","0313","0400","565","347","218","50","615","1077","0","57.1","32.22"
"10","007","00","003","0314","0000","637","359","278","76","713","1349","0","52.85","26.61"
"10","007","00","003","0314","0401","637","359","278","76","713","1349","0","52.85","26.61"
"10","007","00","003","0315","0000","2693","1663","1030","192","2885","5134","0","56.19","32.39"
"10","007","00","003","0315","0402","670","402","268","49","719","1155","0","62.25","34.81"
"10","007","00","003","0315","0403","639","409","230","55","694","1253","0","55.39","32.64"
"10","007","00","003","0315","0404","632","383","249","53","685","1252","0","54.71","30.59"
"10","007","00","003","0315","0405","752","469","283","35","787","1474","0","53.39","31.82"
"10","007","00","003","0316","0000","1085","621","464","83","1168","1910","0","61.15","32.51"
"10","007","00","003","0316","0408","580","325","255","39","619","999","0","61.96","32.53"
"10","007","00","003","0316","0409","505","296","209","44","549","911","0","60.26","32.49"
"10","007","00","003","0317","0000","1392","745","647","121","1513","2632","0","57.48","28.31"
"10","007","00","003","0317","0412","697","320","377","68","765","1308","0","58.49","24.46"
"10","007","00","003","0317","0413","695","425","270","53","748","1324","0","56.5","32.1"
"10","007","00","003","0318","0000","1056","620","436","91","1147","1972","0","58.16","31.44"
"10","007","00","003","0318","0410","549","312","237","37","586","1005","0","58.31","31.04"
"10","007","00","003","0318","0411","507","308","199","54","561","967","0","58.01","31.85"
"10","007","00","003","0319","0000","1772","991","781","209","1981","3437","0","57.64","28.83"
"10","007","00","003","0319","0414","585","305","280","72","657","1102","0","59.62","27.68"
"10","007","00","003","0319","0415","560","324","236","60","620","1124","0","55.16","28.83"
"10","007","00","003","0319","0416","627","362","265","77","704","1211","0","58.13","29.89"
"10","007","00","003","0320","0000","527","305","222","61","588","884","0","66.52","34.5"
"10","007","00","003","0320","0417","527","305","222","61","588","884","0","66.52","34.5"
"10","007","00","003","0321","0000","1247","714","533","144","1391","2419","0","57.5","29.52"
"10","007","00","003","0321","0418","576","320","256","75","651","1119","0","58.18","28.6"
"10","007","00","003","0321","0419","671","394","277","69","740","1300","0","56.92","30.31"
"10","007","00","003","0322","0000","1223","731","492","121","1344","2317","0","58.01","31.55"
"10","007","00","003","0322","0420","543","310","233","61","604","1104","0","54.71","28.08"
"10","007","00","003","0322","0421","680","421","259","60","740","1213","0","61.01","34.71"
"10","007","00","003","0323","0000","519","308","211","56","575","1127","0","51.02","27.33"
"10","007","00","003","0323","0422","519","308","211","56","575","1127","0","51.02","27.33"
"10","007","00","003","0324","0000","1542","934","608","166","1708","2864","0","59.64","32.61"
"10","007","00","003","0324","0423","463","277","186","61","524","919","0","57.02","30.14"
"10","007","00","003","0324","0424","536","323","213","57","593","987","0","60.08","32.73"
"10","007","00","003","0324","0425","543","334","209","48","591","958","0","61.69","34.86"
"10","007","00","003","0325","0000","2256","1410","846","138","2394","4228","0","56.62","33.35"
"10","007","00","003","0325","0426","734","479","255","55","789","1362","0","57.93","35.17"
"10","007","00","003","0325","0427","757","481","276","44","801","1461","0","54.83","32.92"
"10","007","00","003","0325","0428","765","450","315","39","804","1405","0","57.22","32.03"
"10","007","00","003","0326","0000","911","552","359","71","982","1746","0","56.24","31.62"
"10","007","00","003","0326","0430","457","283","174","22","479","875","0","54.74","32.34"
"10","007","00","003","0326","0431","454","269","185","49","503","871","0","57.75","30.88"
"10","007","00","003","0327","0000","490","281","209","62","552","883","0","62.51","31.82"
"10","007","00","003","0327","0432","490","281","209","62","552","883","0","62.51","31.82"
"10","007","00","003","0328","0000","617","363","254","60","677","1224","0","55.31","29.66"
"10","007","00","003","0328","0433","617","363","254","60","677","1224","0","55.31","29.66"
"10","007","00","003","0329","0000","1038","604","434","103","1141","2031","0","56.18","29.74"
"10","007","00","003","0329","0434","541","317","224","56","597","1075","0","55.53","29.49"
"10","007","00","003","0329","0435","497","287","210","47","544","956","0","56.9","30.02"
"10","007","00","003","0330","0000","1560","910","650","154","1714","3071","0","55.81","29.63"
"10","007","00","003","0330","0436","527","309","218","54","581","1037","0","56.03","29.8"
"10","007","00","003","0330","0437","528","317","211","32","560","1011","0","55.39","31.36"
"10","007","00","003","0330","0438","505","284","221","68","573","1023","0","56.01","27.76"
"10","007","00","003","0331","0000","802","470","332","105","907","1632","0","55.58","28.8"
"10","007","00","003","0331","0439","353","222","131","39","392","719","0","54.52","30.88"
"10","007","00","003","0331","0440","449","248","201","66","515","913","0","56.41","27.16"
"10","007","00","003","0332","0000","1321","808","513","95","1416","2744","0","51.6","29.45"
"10","007","00","003","0332","0406","647","379","268","45","692","1396","0","49.57","27.15"
"10","007","00","003","0332","0407","674","429","245","50","724","1348","0","53.71","31.82"
"10","007","00","004","0000","0000","7596","4647","2949","799","8395","14065","16872","59.69","33.04"
"10","007","00","004","0401","0000","1219","769","450","84","1303","2237","0","58.25","34.38"
"10","007","00","004","0401","0469","570","363","207","39","609","1071","0","56.86","33.89"
"10","007","00","004","0401","0470","649","406","243","45","694","1166","0","59.52","34.82"
"10","007","00","004","0402","0000","678","426","252","76","754","1269","0","59.42","33.57"
"10","007","00","004","0402","0471","678","426","252","76","754","1269","0","59.42","33.57"
"10","007","00","004","0403","0000","1234","734","500","139","1373","2266","0","60.59","32.39"
"10","007","00","004","0403","0472","596","366","230","58","654","1138","0","57.47","32.16"
"10","007","00","004","0403","0473","638","368","270","81","719","1128","0","63.74","32.62"
"10","007","00","004","0404","0000","676","410","266","96","772","1275","0","60.55","32.16"
"10","007","00","004","0404","0474","676","410","266","96","772","1275","0","60.55","32.16"
"10","007","00","004","0405","0000","655","410","245","53","708","1187","0","59.65","34.54"
"10","007","00","004","0405","0475","655","410","245","53","708","1187","0","59.65","34.54"
"10","007","00","004","0406","0000","1039","603","436","131","1170","1929","0","60.65","31.26"
"10","007","00","004","0406","0476","549","317","232","58","607","991","0","61.25","31.99"
"10","007","00","004","0406","0477","490","286","204","73","563","938","0","60.02","30.49"
"10","007","00","004","0407","0000","1296","771","525","141","1437","2561","0","56.11","30.11"
"10","007","00","004","0407","0478","602","370","232","78","680","1276","0","53.29","29.0"
"10","007","00","004","0407","0479","694","401","293","63","757","1285","0","58.91","31.21"
"10","007","00","004","0408","0000","799","524","275","79","878","1341","0","65.47","39.08"
"10","007","00","004","0408","0480","799","524","275","79","878","1341","0","65.47","39.08"
"10","007","00","005","0000","0000","15545","9449","6096","1686","17231","30407","37062","56.67","31.08"
"10","007","00","005","0501","0000","782","444","338","116","898","1700","0","52.82","26.12"
"10","007","00","005","0501","0456","405","243","162","66","471","854","0","55.15","28.45"
"10","007","00","005","0501","0457","377","201","176","50","427","846","0","50.47","23.76"
"10","007","00","005","0502","0000","498","285","213","112","610","1143","0","53.37","24.93"
"10","007","00","005","0502","0458","498","285","213","112","610","1143","0","53.37","24.93"
"10","007","00","005","0503","0000","710","419","291","66","776","1317","0","58.92","31.81"
"10","007","00","005","0503","0463","710","419","291","66","776","1317","0","58.92","31.81"
"10","007","00","005","0504","0000","958","585","373","108","1066","1912","0","55.75","30.6"
"10","007","00","005","0504","0447","449","281","168","57","506","904","0","55.97","31.08"
"10","007","00","005","0504","0448","509","304","205","51","560","1008","0","55.56","30.16"
"10","007","00","005","0505","0000","1067","658","409","122","1189","1993","0","59.66","33.02"
"10","007","00","005","0505","0453","571","338","233","75","646","1085","0","59.54","31.15"
"10","007","00","005","0505","0454","496","320","176","47","543","908","0","59.8","35.24"
"10","007","00","005","0506","0000","723","461","262","49","772","1264","0","61.08","36.47"
"10","007","00","005","0506","0455","723","461","262","49","772","1264","0","61.08","36.47"
"10","007","00","005","0507","0000","945","561","384","106","1051","1839","0","57.15","30.51"
"10","007","00","005","0507","0443","505","300","205","58","563","966","0","58.28","31.06"
"10","007","00","005","0507","0444","440","261","179","48","488","873","0","55.9","29.9"
"10","007","00","005","0508","0000","871","519","352","111","982","1687","0","58.21","30.76"
"10","007","00","005","0508","0445","428","261","167","62","490","812","0","60.34","32.14"
"10","007","00","005","0508","0446","443","258","185","49","492","875","0","56.23","29.49"
"10","007","00","005","0509","0000","1320","786","534","149","1469","2640","0","55.64","29.77"
"10","007","00","005","0509","0449","629","393","236","56","685","1154","0","59.36","34.06"
"10","007","00","005","0509","0450","691","393","298","93","784","1486","0","52.76","26.45"
"10","007","00","005","0510","0000","2613","1528","1085","252","2865","5139","0","55.75","29.73"
"10","007","00","005","0510","0459","706","432","274","54","760","1357","0","56.01","31.83"
"10","007","00","005","0510","0460","673","389","284","77","750","1349","0","55.6","28.84"
"10","007","00","005","0510","0461","611","360","251","68","679","1154","0","58.84","31.2"
"10","007","00","005","0510","0462","623","347","276","53","676","1279","0","52.85","27.13"
"10","007","00","005","0511","0000","1077","648","429","88","1165","2182","0","53.39","29.7"
"10","007","00","005","0511","0451","555","353","202","55","610","1095","0","55.71","32.24"
"10","007","00","005","0511","0452","522","295","227","33","555","1087","0","51.06","27.14"
"10","007","00","005","0512","0000","1192","901","291","122","1314","2348","0","55.96","38.37"
"10","007","00","005","0512","0441","530","421","109","65","595","1182","0","50.34","35.62"
"10","007","00","005","0512","0442","662","480","182","57","719","1166","0","61.66","41.17"
"10","007","00","005","0513","0000","1660","1002","658","129","1789","3020","0","59.24","33.18"
"10","007","00","005","0513","0464","553","326","227","55","608","990","0","61.41","32.93"
"10","007","00","005","0513","0465","475","298","177","29","504","852","0","59.15","34.98"
"10","007","00","005","0513","0466","632","378","254","45","677","1178","0","57.47","32.09"
"10","007","00","005","0514","0000","1129","652","477","156","1285","2223","0","57.8","29.33"
"10","007","00","005","0514","0467","539","291","248","97","636","1088","0","58.46","26.75"
"10","007","00","005","0514","0468","590","361","229","59","649","1135","0","57.18","31.81"
"10","007","00","006","0000","0000","19060","11401","7659","2364","21424","39745","47166","53.9","28.69"
"10","007","00","006","0601","0000","691","419","272","95","786","1492","0","52.68","28.08"
"10","007","00","006","0601","0319","691","419","272","95","786","1492","0","52.68","28.08"
"10","007","00","006","0602","0000","598","336","262","56","654","1458","0","44.86","23.05"
"10","007","00","006","0602","0318","598","336","262","56","654","1458","0","44.86","23.05"
"10","007","00","006","0603","0000","603","356","247","59","662","1251","0","52.92","28.46"
"10","007","00","006","0603","0313","603","356","247","59","662","1251","0","52.92","28.46"
"10","007","00","006","0604","0000","698","414","284","69","767","1464","0","52.39","28.28"
"10","007","00","006","0604","0312","698","414","284","69","767","1464","0","52.39","28.28"
"10","007","00","006","0605","0000","535","308","227","105","640","1166","0","54.89","26.42"
"10","007","00","006","0605","0311","535","308","227","105","640","1166","0","54.89","26.42"
"10","007","00","006","0606","0000","584","363","221","73","657","1256","0","52.31","28.9"
"10","007","00","006","0606","0310","584","363","221","73","657","1256","0","52.31","28.9"
"10","007","00","006","0607","0000","647","358","289","89","736","1363","0","54.0","26.27"
"10","007","00","006","0607","0308","647","358","289","89","736","1363","0","54.0","26.27"
"10","007","00","006","0608","0000","440","250","190","29","469","821","0","57.13","30.45"
"10","007","00","006","0608","0309","440","250","190","29","469","821","0","57.13","30.45"
"10","007","00","006","0609","0000","1130","670","460","117","1247","2425","0","51.42","27.63"
"10","007","00","006","0609","0314","713","423","290","62","775","1465","0","52.9","28.87"
"10","007","00","006","0609","0315","417","247","170","55","472","960","0","49.17","25.73"
"10","007","00","006","0610","0000","1317","775","542","152","1469","2688","0","54.65","28.83"
"10","007","00","006","0610","0316","631","386","245","82","713","1323","0","53.89","29.18"
"10","007","00","006","0610","0317","686","389","297","70","756","1365","0","55.38","28.5"
"10","007","00","006","0611","0000","1149","655","494","110","1259","2477","0","50.83","26.44"
"10","007","00","006","0611","0324","497","296","201","57","554","1085","0","51.06","27.28"
"10","007","00","006","0611","0325","652","359","293","53","705","1392","0","50.65","25.79"
"10","007","00","006","0612","0000","611","364","247","83","694","1216","0","57.07","29.93"
"10","007","00","006","0612","0331","611","364","247","83","694","1216","0","57.07","29.93"
"10","007","00","006","0613","0000","484","294","190","50","534","1063","0","50.24","27.66"
"10","007","00","006","0613","0332","484","294","190","50","534","1063","0","50.24","27.66"
"10","007","00","006","0614","0000","1060","633","427","216","1276","2229","0","57.25","28.4"
"10","007","00","006","0614","0339","558","345","213","113","671","1079","0","62.19","31.97"
"10","007","00","006","0614","0340","502","288","214","103","605","1150","0","52.61","25.04"
"10","007","00","006","0615","0000","973","600","373","93","1066","1921","0","55.49","31.23"
"10","007","00","006","0615","0337","514","330","184","39","553","926","0","59.72","35.64"
"10","007","00","006","0615","0338","459","270","189","54","513","995","0","51.56","27.14"
"10","007","00","006","0616","0000","1130","689","441","169","1299","2305","0","56.36","29.89"
"10","007","00","006","0616","0335","497","305","192","62","559","994","0","56.24","30.68"
"10","007","00","006","0616","0336","633","384","249","107","740","1311","0","56.45","29.29"
"10","007","00","006","0617","0000","531","324","207","69","600","1287","0","46.62","25.17"
"10","007","00","006","0617","0334","531","324","207","69","600","1287","0","46.62","25.17"
"10","007","00","006","0618","0000","617","357","260","86","703","1306","0","53.83","27.34"
"10","007","00","006","0618","0333","617","357","260","86","703","1306","0","53.83","27.34"
"10","007","00","006","0619","0000","1984","1272","712","221","2205","3672","0","60.05","34.64"
"10","007","00","006","0619","0326","678","398","280","95","773","1316","0","58.74","30.24"
"10","007","00","006","0619","0327","687","486","201","70","757","1255","0","60.32","38.73"
"10","007","00","006","0619","0328","619","388","231","56","675","1101","0","61.31","35.24"
"10","007","00","006","0620","0000","1189","731","458","195","1384","2560","0","54.06","28.55"
"10","007","00","006","0620","0329","564","365","199","90","654","1167","0","56.04","31.28"
"10","007","00","006","0620","0330","625","366","259","105","730","1393","0","52.4","26.27"
"10","007","00","006","0621","0000","1128","641","487","132","1260","2383","0","52.87","26.9"
"10","007","00","006","0621","0322","470","263","207","51","521","1043","0","49.95","25.22"
"10","007","00","006","0621","0323","658","378","280","81","739","1340","0","55.15","28.21"
"10","007","00","006","0622","0000","961","592","369","96","1057","1942","0","54.43","30.48"
"10","007","00","006","0622","0320","398","257","141","30","428","888","0","48.2","28.94"
"10","007","00","006","0622","0321","563","335","228","66","629","1054","0","59.68","31.78"
"10","007","00","007","0000","0000","17383","10186","7197","1823","19206","32394","39300","59.29","31.44"
"10","007","00","007","0701","0000","886","528","358","180","1066","1686","0","63.23","31.32"
"10","007","00","007","0701","0341","541","328","213","128","669","1066","0","62.76","30.77"
"10","007","00","007","0701","0342","345","200","145","52","397","620","0","64.03","32.26"
"10","007","00","007","0702","0000","1106","605","501","73","1179","2072","0","56.9","29.2"
"10","007","00","007","0702","0343","419","210","209","22","441","876","0","50.34","23.97"
"10","007","00","007","0702","0344","687","395","292","51","738","1196","0","61.71","33.03"
"10","007","00","007","0703","0000","1419","823","596","126","1545","2642","0","58.48","31.15"
"10","007","00","007","0703","0345","735","412","323","54","789","1369","0","57.63","30.09"
"10","007","00","007","0703","0346","684","411","273","72","756","1273","0","59.39","32.29"
"10","007","00","007","0704","0000","1060","618","442","59","1119","1888","0","59.27","32.73"
"10","007","00","007","0704","0348","537","307","230","35","572","967","0","59.15","31.75"
"10","007","00","007","0704","0349","523","311","212","24","547","921","0","59.39","33.77"
"10","007","00","007","0705","0000","725","424","301","82","807","1433","0","56.32","29.59"
"10","007","00","007","0705","0347","725","424","301","82","807","1433","0","56.32","29.59"
"10","007","00","007","0706","0000","2110","1271","839","219","2329","3910","0","59.57","32.51"
"10","007","00","007","0706","0350","389","241","148","44","433","689","0","62.84","34.98"
"10","007","00","007","0706","0351","373","229","144","48","421","688","0","61.19","33.28"
"10","007","00","007","0706","0352","710","419","291","72","782","1252","0","62.46","33.47"
"10","007","00","007","0706","0353","638","382","256","55","693","1281","0","54.1","29.82"
"10","007","00","007","0707","0000","1650","973","677","128","1778","3211","0","55.37","30.3"
"10","007","00","007","0707","0354","385","223","162","31","416","754","0","55.17","29.58"
"10","007","00","007","0707","0355","536","315","221","51","587","1024","0","57.32","30.76"
"10","007","00","007","0707","0356","729","435","294","46","775","1433","0","54.08","30.36"
"10","007","00","007","0708","0000","1287","741","546","132","1419","2261","0","62.76","32.77"
"10","007","00","007","0708","0357","798","467","331","75","873","1366","0","63.91","34.19"
"10","007","00","007","0708","0358","489","274","215","57","546","895","0","61.01","30.61"
"10","007","00","007","0709","0000","671","390","281","82","753","1386","0","54.33","28.14"
"10","007","00","007","0709","0359","671","390","281","82","753","1386","0","54.33","28.14"
"10","007","00","007","0710","0000","2499","1497","1002","301","2800","4454","0","62.86","33.61"
"10","007","00","007","0710","0360","462","271","191","82","544","896","0","60.71","30.25"
"10","007","00","007","0710","0361","473","285","188","55","528","804","0","65.67","35.45"
"10","007","00","007","0710","0362","473","285","188","45","518","827","0","62.64","34.46"
"10","007","00","007","0710","0363","536","330","206","57","593","996","0","59.54","33.13"
"10","007","00","007","0710","0364","555","326","229","62","617","931","0","66.27","35.02"
"10","007","00","007","0711","0000","1067","632","435","110","1177","1944","0","60.55","32.51"
"10","007","00","007","0711","0365","365","209","156","41","406","715","0","56.78","29.23"
"10","007","00","007","0711","0366","702","423","279","69","771","1229","0","62.73","34.42"
"10","007","00","007","0712","0000","890","488","402","85","975","1701","0","57.32","28.69"
"10","007","00","007","0712","0367","429","223","206","35","464","890","0","52.13","25.06"
"10","007","00","007","0712","0368","461","265","196","50","511","811","0","63.01","32.68"
"10","007","00","007","0713","0000","917","537","380","112","1029","1717","0","59.93","31.28"
"10","007","00","007","0713","0369","432","249","183","55","487","786","0","61.96","31.68"
"10","007","00","007","0713","0370","485","288","197","57","542","931","0","58.22","30.93"
"10","007","00","007","0714","0000","1096","659","437","134","1230","2089","0","58.88","31.55"
"10","007","00","007","0714","0371","682","418","264","86","768","1265","0","60.71","33.04"
"10","007","00","007","0714","0372","414","241","173","48","462","824","0","56.07","29.25"
"10","007","00","008","0000","0000","20589","12086","8503","2152","22741","38924","45922","58.42","31.05"
"10","007","00","008","0801","0000","1714","980","734","147","1861","3257","0","57.14","30.09"
"10","007","00","008","0801","0185","472","268","204","68","540","901","0","59.93","29.74"
"10","007","00","008","0801","0186","582","352","230","50","632","1042","0","60.65","33.78"
"10","007","00","008","0801","0187","660","360","300","29","689","1314","0","52.44","27.4"
"10","007","00","008","0802","0000","969","541","428","108","1077","1827","0","58.95","29.61"
"10","007","00","008","0802","0188","435","229","206","55","490","808","0","60.64","28.34"
"10","007","00","008","0802","0189","534","312","222","53","587","1019","0","57.61","30.62"
"10","007","00","008","0803","0000","1185","695","490","242","1427","2384","0","59.86","29.15"
"10","007","00","008","0803","0190","600","344","256","103","703","1144","0","61.45","30.07"
"10","007","00","008","0803","0191","585","351","234","139","724","1240","0","58.39","28.31"
"10","007","00","008","0804","0000","615","360","255","78","693","1095","0","63.29","32.88"
"10","007","00","008","0804","0193","615","360","255","78","693","1095","0","63.29","32.88"
"10","007","00","008","0805","0000","783","448","335","93","876","1425","0","61.47","31.44"
"10","007","00","008","0805","0192","783","448","335","93","876","1425","0","61.47","31.44"
"10","007","00","008","0806","0000","1010","585","425","110","1120","1892","0","59.2","30.92"
"10","007","00","008","0806","0194","490","290","200","56","546","910","0","60.0","31.87"
"10","007","00","008","0806","0195","520","295","225","54","574","982","0","58.45","30.04"
"10","007","00","008","0807","0000","445","243","202","58","503","764","0","65.84","31.81"
"10","007","00","008","0807","0198","445","243","202","58","503","764","0","65.84","31.81"
"10","007","00","008","0808","0000","896","520","376","43","939","1770","0","53.05","29.38"
"10","007","00","008","0808","0196","545","311","234","19","564","1070","0","52.71","29.07"
"10","007","00","008","0808","0197","351","209","142","24","375","700","0","53.57","29.86"
"10","007","00","008","0809","0000","2698","1667","1031","228","2926","4967","0","58.91","33.56"
"10","007","00","008","0809","0207","579","333","246","60","639","1169","0","54.66","28.49"
"10","007","00","008","0809","0208","702","466","236","62","764","1274","0","59.97","36.58"
"10","007","00","008","0809","0209","747","474","273","54","801","1280","0","62.58","37.03"
"10","007","00","008","0809","0210","670","394","276","52","722","1244","0","58.04","31.67"
"10","007","00","008","0810","0000","1639","958","681","168","1807","3038","0","59.48","31.53"
"10","007","00","008","0810","0199","543","331","212","60","603","953","0","63.27","34.73"
"10","007","00","008","0810","0200","516","290","226","40","556","974","0","57.08","29.77"
"10","007","00","008","0810","0201","580","337","243","68","648","1111","0","58.33","30.33"
"10","007","00","008","0811","0000","2408","1438","970","259","2667","4576","0","58.28","31.42"
"10","007","00","008","0811","0202","583","374","209","89","672","1101","0","61.04","33.97"
"10","007","00","008","0811","0203","551","345","206","62","613","1110","0","55.23","31.08"
"10","007","00","008","0811","0204","666","385","281","67","733","1262","0","58.08","30.51"
"10","007","00","008","0811","0205","608","334","274","41","649","1103","0","58.84","30.28"
"10","007","00","008","0812","0000","623","348","275","71","694","1347","0","51.52","25.84"
"10","007","00","008","0812","0206","623","348","275","71","694","1347","0","51.52","25.84"
"10","007","00","008","0813","0000","1761","998","763","180","1941","3312","0","58.61","30.13"
"10","007","00","008","0813","0211","614","335","279","68","682","1159","0","58.84","28.9"
"10","007","00","008","0813","0212","605","362","243","46","651","1042","0","62.48","34.74"
"10","007","00","008","0813","0213","542","301","241","66","608","1111","0","54.73","27.09"
"10","007","00","008","0814","0000","510","306","204","58","568","893","0","63.61","34.27"
"10","007","00","008","0814","0214","510","306","204","58","568","893","0","63.61","34.27"
"10","007","00","008","0815","0000","498","284","214","65","563","953","0","59.08","29.8"
"10","007","00","008","0815","0215","498","284","214","65","563","953","0","59.08","29.8"
"10","007","00","008","0816","0000","1008","597","411","99","1107","1912","0","57.9","31.22"
"10","007","00","008","0816","0216","466","283","183","41","507","987","0","51.37","28.67"
"10","007","00","008","0816","0217","542","314","228","58","600","925","0","64.86","33.95"
"10","007","00","008","0817","0000","984","612","372","90","1074","1906","0","56.35","32.11"
"10","007","00","008","0817","0218","477","293","184","52","529","951","0","55.63","30.81"
"10","007","00","008","0817","0219","507","319","188","38","545","955","0","57.07","33.4"
"10","007","00","008","0818","0000","843","506","337","55","898","1606","0","55.92","31.51"
"10","007","00","008","0818","0220","466","280","186","21","487","895","0","54.41","31.28"
"10","007","00","008","0818","0221","377","226","151","34","411","711","0","57.81","31.79"
"10","007","00","009","0000","0000","10177","6153","4024","1147","11324","20408","23594","55.49","30.15"
"10","007","00","009","0901","0000","883","553","330","112","995","1752","0","56.79","31.56"
"10","007","00","009","0901","0222","483","308","175","56","539","958","0","56.26","32.15"
"10","007","00","009","0901","0223","400","245","155","56","456","794","0","57.43","30.86"
"10","007","00","009","0902","0000","662","389","273","88","750","1415","0","53.0","27.49"
"10","007","00","009","0902","0224","662","389","273","88","750","1415","0","53.0","27.49"
"10","007","00","009","0903","0000","952","572","380","90","1042","1758","0","59.27","32.54"
"10","007","00","009","0903","0225","530","306","224","38","568","927","0","61.27","33.01"
"10","007","00","009","0903","0226","422","266","156","52","474","831","0","57.04","32.01"
"10","007","00","009","0904","0000","1178","732","446","144","1322","2465","0","53.63","29.7"
"10","007","00","009","0904","0228","576","351","225","63","639","1227","0","52.08","28.61"
"10","007","00","009","0904","0229","602","381","221","81","683","1238","0","55.17","30.78"
"10","007","00","009","0905","0000","1204","706","498","166","1370","2351","0","58.27","30.03"
"10","007","00","009","0905","0230","704","414","290","82","786","1362","0","57.71","30.4"
"10","007","00","009","0905","0231","500","292","208","84","584","989","0","59.05","29.52"
"10","007","00","009","0906","0000","974","596","378","90","1064","1661","0","64.06","35.88"
"10","007","00","009","0906","0232","609","364","245","57","666","1054","0","63.19","34.54"
"10","007","00","009","0906","0233","365","232","133","33","398","607","0","65.57","38.22"
"10","007","00","009","0907","0000","487","308","179","49","536","882","0","60.77","34.92"
"10","007","00","009","0907","0234","487","308","179","49","536","882","0","60.77","34.92"
"10","007","00","009","0908","0000","509","329","180","53","562","1143","0","49.17","28.78"
"10","007","00","009","0908","0235","509","329","180","53","562","1143","0","49.17","28.78"
"10","007","00","009","0909","0000","273","178","95","27","300","661","0","45.39","26.93"
"10","007","00","009","0909","0236","273","178","95","27","300","661","0","45.39","26.93"
"10","007","00","009","0910","0000","816","482","334","36","852","1685","0","50.56","28.61"
"10","007","00","009","0910","0237","399","241","158","6","405","838","0","48.33","28.76"
"10","007","00","009","0910","0238","417","241","176","30","447","847","0","52.77","28.45"
"10","007","00","009","0911","0000","527","304","223","65","592","987","0","59.98","30.8"
"10","007","00","009","0911","0239","527","304","223","65","592","987","0","59.98","30.8"
"10","007","00","009","0912","0000","562","336","226","74","636","1217","0","52.26","27.61"
"10","007","00","009","0912","0240","562","336","226","74","636","1217","0","52.26","27.61"
"10","007","00","009","0913","0000","386","219","167","78","464","865","0","53.64","25.32"
"10","007","00","009","0913","0241","386","219","167","78","464","865","0","53.64","25.32"
"10","007","00","009","0914","0000","463","261","202","52","515","996","0","51.71","26.2"
"10","007","00","009","0914","0242","463","261","202","52","515","996","0","51.71","26.2"
"10","007","00","009","0915","0000","301","188","113","23","324","570","0","56.84","32.98"
"10","007","00","009","0915","0227","301","188","113","23","324","570","0","56.84","32.98"
"10","007","00","010","0000","0000","53173","32021","21152","4579","57752","102028","124755","56.6","31.38"
"10","007","00","010","1001","0000","565","320","245","50","615","1063","0","57.86","30.1"
"10","007","00","010","1001","0504","565","320","245","50","615","1063","0","57.86","30.1"
"10","007","00","010","1002","0000","1522","989","533","106","1628","2788","0","58.39","35.47"
"10","007","00","010","1002","0505","501","400","101","18","519","925","0","56.11","43.24"
"10","007","00","010","1002","0506","503","270","233","56","559","947","0","59.03","28.51"
"10","007","00","010","1002","0507","518","319","199","32","550","916","0","60.04","34.83"
"10","007","00","010","1003","0000","1676","1009","667","108","1784","3174","0","56.21","31.79"
"10","007","00","010","1003","0528","434","266","168","28","462","867","0","53.29","30.68"
"10","007","00","010","1003","0529","642","371","271","37","679","1201","0","56.54","30.89"
"10","007","00","010","1003","0530","600","372","228","43","643","1106","0","58.14","33.63"
"10","007","00","010","1004","0000","1392","845","547","139","1531","2588","0","59.16","32.65"
"10","007","00","010","1004","0531","452","250","202","52","504","845","0","59.64","29.59"
"10","007","00","010","1004","0532","483","296","187","42","525","894","0","58.72","33.11"
"10","007","00","010","1004","0533","457","299","158","45","502","849","0","59.13","35.22"
"10","007","00","010","1005","0000","419","246","173","50","469","747","0","62.78","32.93"
"10","007","00","010","1005","0534","419","246","173","50","469","747","0","62.78","32.93"
"10","007","00","010","1006","0000","1465","914","551","108","1573","2824","0","55.7","32.37"
"10","007","00","010","1006","0535","512","331","181","37","549","884","0","62.1","37.44"
"10","007","00","010","1006","0536","444","262","182","36","480","900","0","53.33","29.11"
"10","007","00","010","1006","0537","509","321","188","35","544","1040","0","52.31","30.87"
"10","007","00","010","1007","0000","426","264","162","30","456","831","0","54.87","31.77"
"10","007","00","010","1007","0538","426","264","162","30","456","831","0","54.87","31.77"
"10","007","00","010","1008","0000","350","224","126","39","389","591","0","65.82","37.9"
"10","007","00","010","1008","0539","350","224","126","39","389","591","0","65.82","37.9"
"10","007","00","010","1009","0000","964","587","377","72","1036","1849","0","56.03","31.75"
"10","007","00","010","1009","0508","437","267","170","43","480","862","0","55.68","30.97"
"10","007","00","010","1009","0509","527","320","207","29","556","987","0","56.33","32.42"
"10","007","00","010","1010","0000","3029","1853","1176","206","3235","5677","0","56.98","32.64"
"10","007","00","010","1010","0510","544","338","206","50","594","1085","0","54.75","31.15"
"10","007","00","010","1010","0511","602","360","242","37","639","1110","0","57.57","32.43"
"10","007","00","010","1010","0512","534","321","213","33","567","1095","0","51.78","29.32"
"10","007","00","010","1010","0513","735","447","288","47","782","1278","0","61.19","34.98"
"10","007","00","010","1010","0514","614","387","227","39","653","1109","0","58.88","34.9"
"10","007","00","010","1011","0000","1190","740","450","145","1335","2487","0","53.68","29.75"
"10","007","00","010","1011","0561","517","324","193","114","631","1131","0","55.79","28.65"
"10","007","00","010","1011","0562","673","416","257","31","704","1356","0","51.92","30.68"
"10","007","00","010","1012","0000","2305","1382","923","177","2482","4191","0","59.22","32.98"
"10","007","00","010","1012","0563","710","441","269","59","769","1370","0","56.13","32.19"
"10","007","00","010","1012","0564","584","344","240","53","637","1090","0","58.44","31.56"
"10","007","00","010","1012","0565","504","307","197","31","535","821","0","65.16","37.39"
"10","007","00","010","1012","0566","507","290","217","34","541","910","0","59.45","31.87"
"10","007","00","010","1013","0000","2717","1659","1058","162","2879","4993","0","57.66","33.23"
"10","007","00","010","1013","0567","629","386","243","54","683","1203","0","56.77","32.09"
"10","007","00","010","1013","0568","740","446","294","40","780","1378","0","56.6","32.37"
"10","007","00","010","1013","0569","728","443","285","35","763","1352","0","56.43","32.77"
"10","007","00","010","1013","0570","620","384","236","33","653","1060","0","61.6","36.23"
"10","007","00","010","1014","0000","2282","1370","912","238","2520","4559","0","55.28","30.05"
"10","007","00","010","1014","0571","659","374","285","67","726","1317","0","55.13","28.4"
"10","007","00","010","1014","0572","553","339","214","56","609","1120","0","54.38","30.27"
"10","007","00","010","1014","0573","495","310","185","60","555","1025","0","54.15","30.24"
"10","007","00","010","1014","0574","575","347","228","55","630","1097","0","57.43","31.63"
"10","007","00","010","1015","0000","896","520","376","93","989","1696","0","58.31","30.66"
"10","007","00","010","1015","0575","473","264","209","51","524","859","0","61.0","30.73"
"10","007","00","010","1015","0576","423","256","167","42","465","837","0","55.56","30.59"
"10","007","00","010","1016","0000","1155","665","490","140","1295","2163","0","59.87","30.74"
"10","007","00","010","1016","0577","623","356","267","60","683","1090","0","62.66","32.66"
"10","007","00","010","1016","0578","532","309","223","80","612","1073","0","57.04","28.8"
"10","007","00","010","1017","0000","1371","841","530","79","1450","2625","0","55.24","32.04"
"10","007","00","010","1017","0540","684","407","277","38","722","1330","0","54.29","30.6"
"10","007","00","010","1017","0541","687","434","253","41","728","1295","0","56.22","33.51"
"10","007","00","010","1018","0000","3187","1965","1222","275","3462","6205","0","55.79","31.67"
"10","007","00","010","1018","0545","632","385","247","48","680","1176","0","57.82","32.74"
"10","007","00","010","1018","0546","399","245","154","21","420","867","0","48.44","28.26"
"10","007","00","010","1018","0547","544","321","223","70","614","1121","0","54.77","28.64"
"10","007","00","010","1018","0548","590","390","200","45","635","1190","0","53.36","32.77"
"10","007","00","010","1018","0549","516","314","202","49","565","945","0","59.79","33.23"
"10","007","00","010","1018","0550","506","310","196","42","548","906","0","60.49","34.22"
"10","007","00","010","1019","0000","1589","918","671","142","1731","2876","0","60.19","31.92"
"10","007","00","010","1019","0551","548","292","256","49","597","978","0","61.04","29.86"
"10","007","00","010","1019","0552","500","308","192","60","560","949","0","59.01","32.46"
"10","007","00","010","1019","0553","541","318","223","33","574","949","0","60.48","33.51"
"10","007","00","010","1020","0000","1011","572","439","109","1120","1931","0","58.0","29.62"
"10","007","00","010","1020","0515","541","312","229","70","611","1055","0","57.91","29.57"
"10","007","00","010","1020","0516","470","260","210","39","509","876","0","58.11","29.68"
"10","007","00","010","1021","0000","1149","700","449","108","1257","2301","0","54.63","30.42"
"10","007","00","010","1021","0517","518","298","220","50","568","1115","0","50.94","26.73"
"10","007","00","010","1021","0518","631","402","229","58","689","1186","0","58.09","33.9"
"10","007","00","010","1022","0000","1661","1040","621","119","1780","3195","0","55.71","32.55"
"10","007","00","010","1022","0519","549","365","184","51","600","995","0","60.3","36.68"
"10","007","00","010","1022","0520","500","309","191","24","524","999","0","52.45","30.93"
"10","007","00","010","1022","0521","612","366","246","44","656","1201","0","54.62","30.47"
"10","007","00","010","1023","0000","1235","704","531","84","1319","2428","0","54.32","29.0"
"10","007","00","010","1023","0522","694","397","297","42","736","1342","0","54.84","29.58"
"10","007","00","010","1023","0523","541","307","234","42","583","1086","0","53.68","28.27"
"10","007","00","010","1024","0000","1980","1216","764","144","2124","3624","0","58.61","33.55"
"10","007","00","010","1024","0524","410","264","146","46","456","854","0","53.4","30.91"
"10","007","00","010","1024","0525","548","334","214","42","590","1064","0","55.45","31.39"
"10","007","00","010","1024","0526","502","296","206","15","517","879","0","58.82","33.67"
"10","007","00","010","1024","0527","520","322","198","41","561","827","0","67.84","38.94"
"10","007","00","010","1025","0000","1186","728","458","79","1265","2440","0","51.84","29.84"
"10","007","00","010","1025","0481","530","337","193","36","566","1087","0","52.07","31.0"
"10","007","00","010","1025","0482","656","391","265","43","699","1353","0","51.66","28.9"
"10","007","00","010","1026","0000","1215","740","475","89","1304","2641","0","49.38","28.02"
"10","007","00","010","1026","0483","635","381","254","63","698","1313","0","53.16","29.02"
"10","007","00","010","1026","0484","580","359","221","26","606","1328","0","45.63","27.03"
"10","007","00","010","1027","0000","1427","770","657","144","1571","2786","0","56.39","27.64"
"10","007","00","010","1027","0485","558","251","307","39","597","1055","0","56.59","23.79"
"10","007","00","010","1027","0486","468","287","181","55","523","959","0","54.54","29.93"
"10","007","00","010","1027","0487","401","232","169","50","451","772","0","58.42","30.05"
"10","007","00","010","1028","0000","826","480","346","78","904","1685","0","53.65","28.49"
"10","007","00","010","1028","0488","460","283","177","51","511","831","0","61.49","34.06"
"10","007","00","010","1028","0489","366","197","169","27","393","854","0","46.02","23.07"
"10","007","00","010","1029","0000","477","266","211","55","532","1190","0","44.71","22.35"
"10","007","00","010","1029","0490","477","266","211","55","532","1190","0","44.71","22.35"
"10","007","00","010","1030","0000","362","219","143","35","397","726","0","54.68","30.17"
"10","007","00","010","1030","0491","362","219","143","35","397","726","0","54.68","30.17"
"10","007","00","010","1031","0000","947","547","400","136","1083","1984","0","54.59","27.57"
"10","007","00","010","1031","0492","559","328","231","71","630","1124","0","56.05","29.18"
"10","007","00","010","1031","0493","388","219","169","65","453","860","0","52.67","25.47"
"10","007","00","010","1032","0000","1197","760","437","127","1324","2197","0","60.26","34.59"
"10","007","00","010","1032","0494","613","389","224","70","683","1122","0","60.87","34.67"
"10","007","00","010","1032","0495","584","371","213","57","641","1075","0","59.63","34.51"
"10","007","00","010","1033","0000","960","526","434","117","1077","1960","0","54.95","26.84"
"10","007","00","010","1033","0496","474","257","217","76","550","993","0","55.39","25.88"
"10","007","00","010","1033","0497","486","269","217","41","527","967","0","54.5","27.82"
"10","007","00","010","1034","0000","905","506","399","128","1033","1812","0","57.01","27.92"
"10","007","00","010","1034","0498","511","283","228","67","578","1008","0","57.34","28.08"
"10","007","00","010","1034","0499","394","223","171","61","455","804","0","56.59","27.74"
"10","007","00","010","1035","0000","856","499","357","88","944","1752","0","53.88","28.48"
"10","007","00","010","1035","0500","441","249","192","41","482","867","0","55.59","28.72"
"10","007","00","010","1035","0501","415","250","165","47","462","885","0","52.2","28.25"
"10","007","00","010","1036","0000","1084","673","411","57","1141","2352","0","48.51","28.61"
"10","007","00","010","1036","0502","447","274","173","21","468","1097","0","42.66","24.98"
"10","007","00","010","1036","0503","637","399","238","36","673","1255","0","53.63","31.79"
"10","007","00","010","1037","0000","1524","1020","504","126","1650","2818","0","58.55","36.2"
"10","007","00","010","1037","0554","509","331","178","51","560","1006","0","55.67","32.9"
"10","007","00","010","1037","0555","477","364","113","51","528","889","0","59.39","40.94"
"10","007","00","010","1037","0556","538","325","213","24","562","923","0","60.89","35.21"
"10","007","00","010","1038","0000","1289","744","545","110","1399","2284","0","61.25","32.57"
"10","007","00","010","1038","0557","685","403","282","63","748","1209","0","61.87","33.33"
"10","007","00","010","1038","0558","604","341","263","47","651","1075","0","60.56","31.72"
"10","007","00","010","1039","0000","1428","859","569","83","1511","2381","0","63.46","36.08"
"10","007","00","010","1039","0559","784","492","292","39","823","1342","0","61.33","36.66"
"10","007","00","010","1039","0560","644","367","277","44","688","1039","0","66.22","35.32"
"10","007","00","010","1040","0000","799","446","353","73","872","1388","0","62.82","32.13"
"10","007","00","010","1040","0544","799","446","353","73","872","1388","0","62.82","32.13"
"10","007","00","010","1041","0000","1155","695","460","131","1286","2226","0","57.77","31.22"
"10","007","00","010","1041","0542","626","369","257","90","716","1283","0","55.81","28.76"
"10","007","00","010","1041","0543","529","326","203","41","570","943","0","60.45","34.57"
"10","007","00","011","0000","0000","23694","14324","9370","2462","26156","45147","55412","57.94","31.73"
"10","007","00","011","1101","0000","609","365","244","67","676","1221","0","55.36","29.89"
"10","007","00","011","1101","0640","609","365","244","67","676","1221","0","55.36","29.89"
"10","007","00","011","1102","0000","366","225","141","43","409","638","0","64.11","35.27"
"10","007","00","011","1102","0641","366","225","141","43","409","638","0","64.11","35.27"
"10","007","00","011","1103","0000","976","614","362","105","1081","1785","0","60.56","34.4"
"10","007","00","011","1103","0642","427","250","177","58","485","817","0","59.36","30.6"
"10","007","00","011","1103","0643","549","364","185","47","596","968","0","61.57","37.6"
"10","007","00","011","1104","0000","271","171","100","24","295","448","0","65.85","38.17"
"10","007","00","011","1104","0644","271","171","100","24","295","448","0","65.85","38.17"
"10","007","00","011","1105","0000","1773","1106","667","157","1930","3275","0","58.93","33.77"
"10","007","00","011","1105","0654","558","338","220","51","609","1072","0","56.81","31.53"
"10","007","00","011","1105","0655","610","376","234","58","668","1113","0","60.02","33.78"
"10","007","00","011","1105","0656","605","392","213","48","653","1090","0","59.91","35.96"
"10","007","00","011","1106","0000","1204","764","440","110","1314","2145","0","61.26","35.62"
"10","007","00","011","1106","0657","674","416","258","49","723","1193","0","60.6","34.87"
"10","007","00","011","1106","0658","530","348","182","61","591","952","0","62.08","36.55"
"10","007","00","011","1107","0000","1850","1234","616","158","2008","3387","0","59.29","36.43"
"10","007","00","011","1107","0659","606","362","244","64","670","1172","0","57.17","30.89"
"10","007","00","011","1107","0660","548","442","106","44","592","1027","0","57.64","43.04"
"10","007","00","011","1107","0661","696","430","266","50","746","1188","0","62.79","36.2"
"10","007","00","011","1108","0000","676","397","279","67","743","1403","0","52.96","28.3"
"10","007","00","011","1108","0662","676","397","279","67","743","1403","0","52.96","28.3"
"10","007","00","011","1109","0000","1466","885","581","162","1628","3033","0","53.68","29.18"
"10","007","00","011","1109","0663","624","375","249","90","714","1397","0","51.11","26.84"
"10","007","00","011","1109","0664","842","510","332","72","914","1636","0","55.87","31.17"
"10","007","00","011","1110","0000","1315","824","491","158","1473","2512","0","58.64","32.8"
"10","007","00","011","1110","0665","680","429","251","94","774","1298","0","59.63","33.05"
"10","007","00","011","1110","0666","635","395","240","64","699","1214","0","57.58","32.54"
"10","007","00","011","1111","0000","1256","758","498","125","1381","2265","0","60.97","33.47"
"10","007","00","011","1111","0667","709","411","298","67","776","1297","0","59.83","31.69"
"10","007","00","011","1111","0668","547","347","200","58","605","968","0","62.5","35.85"
"10","007","00","011","1112","0000","451","258","193","57","508","839","0","60.55","30.75"
"10","007","00","011","1112","0669","451","258","193","57","508","839","0","60.55","30.75"
"10","007","00","011","1113","0000","890","535","355","110","1000","1805","0","55.4","29.64"
"10","007","00","011","1113","0670","481","277","204","70","551","907","0","60.75","30.54"
"10","007","00","011","1113","0671","409","258","151","40","449","898","0","50.0","28.73"
"10","007","00","011","1114","0000","1282","794","488","109","1391","2345","0","59.32","33.86"
"10","007","00","011","1114","0649","622","370","252","56","678","1146","0","59.16","32.29"
"10","007","00","011","1114","0650","660","424","236","53","713","1199","0","59.47","35.36"
"10","007","00","011","1115","0000","462","253","209","35","497","851","0","58.4","29.73"
"10","007","00","011","1115","0653","462","253","209","35","497","851","0","58.4","29.73"
"10","007","00","011","1116","0000","740","291","449","124","864","1365","0","63.3","21.32"
"10","007","00","011","1116","0681","740","291","449","124","864","1365","0","63.3","21.32"
"10","007","00","011","1117","0000","990","596","394","91","1081","1859","0","58.15","32.06"
"10","007","00","011","1117","0651","462","287","175","59","521","895","0","58.21","32.07"
"10","007","00","011","1117","0652","528","309","219","32","560","964","0","58.09","32.05"
"10","007","00","011","1118","0000","2407","1421","986","200","2607","4689","0","55.6","30.3"
"10","007","00","011","1118","0645","531","294","237","54","585","1123","0","52.09","26.18"
"10","007","00","011","1118","0646","602","351","251","56","658","1166","0","56.43","30.1"
"10","007","00","011","1118","0647","597","345","252","44","641","1151","0","55.69","29.97"
"10","007","00","011","1118","0648","677","431","246","46","723","1249","0","57.89","34.51"
"10","007","00","011","1119","0000","397","242","155","52","449","650","0","69.08","37.23"
"10","007","00","011","1119","0672","397","242","155","52","449","650","0","69.08","37.23"
"10","007","00","011","1120","0000","638","384","254","100","738","1279","0","57.7","30.02"
"10","007","00","011","1120","0673","638","384","254","100","738","1279","0","57.7","30.02"
"10","007","00","011","1121","0000","405","240","165","62","467","730","0","63.97","32.88"
"10","007","00","011","1121","0674","405","240","165","62","467","730","0","63.97","32.88"
"10","007","00","011","1122","0000","743","471","272","75","818","1407","0","58.14","33.48"
"10","007","00","011","1122","0675","743","471","272","75","818","1407","0","58.14","33.48"
"10","007","00","011","1123","0000","575","338","237","63","638","1273","0","50.12","26.55"
"10","007","00","011","1123","0676","575","338","237","63","638","1273","0","50.12","26.55"
"10","007","00","011","1124","0000","1029","616","413","113","1142","2201","0","51.89","27.99"
"10","007","00","011","1124","0679","460","279","181","65","525","1052","0","49.9","26.52"
"10","007","00","011","1124","0680","569","337","232","48","617","1149","0","53.7","29.33"
"10","007","00","011","1125","0000","923","542","381","95","1018","1742","0","58.44","31.11"
"10","007","00","011","1125","0677","499","300","199","38","537","988","0","54.35","30.36"
"10","007","00","011","1125","0678","424","242","182","57","481","754","0","63.79","32.1"
"10","007","00","012","0000","0000","18281","10701","7580","2128","20409","35391","41599","57.67","30.24"
"10","007","00","012","1201","0000","392","241","151","84","476","854","0","55.74","28.22"
"10","007","00","012","1201","0742","392","241","151","84","476","854","0","55.74","28.22"
"10","007","00","012","1202","0000","473","290","183","62","535","1138","0","47.01","25.48"
"10","007","00","012","1202","0743","435","269","166","55","490","963","0","50.88","27.93"
"10","007","00","012","1202","0744","38","21","17","7","45","175","0","25.71","12.0"
"10","007","00","012","1203","0000","357","198","159","37","394","739","0","53.32","26.79"
"10","007","00","012","1203","0745","357","198","159","37","394","739","0","53.32","26.79"
"10","007","00","012","1204","0000","795","423","372","97","892","1567","0","56.92","26.99"
"10","007","00","012","1204","0746","401","246","155","42","443","826","0","53.63","29.78"
"10","007","00","012","1204","0747","394","177","217","55","449","741","0","60.59","23.89"
"10","007","00","012","1205","0000","664","401","263","75","739","1507","0","49.04","26.61"
"10","007","00","012","1205","0748","205","128","77","13","218","506","0","43.08","25.3"
"10","007","00","012","1205","0749","459","273","186","62","521","1001","0","52.05","27.27"
"10","007","00","012","1206","0000","642","392","250","94","736","1281","0","57.46","30.6"
"10","007","00","012","1206","0750","642","392","250","94","736","1281","0","57.46","30.6"
"10","007","00","012","1207","0000","944","554","390","94","1038","1757","0","59.08","31.53"
"10","007","00","012","1207","0753","469","269","200","51","520","844","0","61.61","31.87"
"10","007","00","012","1207","0754","475","285","190","43","518","913","0","56.74","31.22"
"10","007","00","012","1208","0000","365","226","139","40","405","613","0","66.07","36.87"
"10","007","00","012","1208","0755","365","226","139","40","405","613","0","66.07","36.87"
"10","007","00","012","1209","0000","1910","1144","766","195","2105","3351","0","62.82","34.14"
"10","007","00","012","1209","0756","719","430","289","98","817","1382","0","59.12","31.11"
"10","007","00","012","1209","0757","618","373","245","53","671","1034","0","64.89","36.07"
"10","007","00","012","1209","0758","573","341","232","44","617","935","0","65.99","36.47"
"10","007","00","012","1210","0000","1302","780","522","116","1418","2401","0","59.06","32.49"
"10","007","00","012","1210","0759","684","404","280","67","751","1301","0","57.72","31.05"
"10","007","00","012","1210","0760","618","376","242","49","667","1100","0","60.64","34.18"
"10","007","00","012","1211","0000","579","336","243","68","647","1071","0","60.41","31.37"
"10","007","00","012","1211","0761","579","336","243","68","647","1071","0","60.41","31.37"
"10","007","00","012","1212","0000","643","401","242","78","721","1163","0","61.99","34.48"
"10","007","00","012","1212","0762","643","401","242","78","721","1163","0","61.99","34.48"
"10","007","00","012","1213","0000","1116","634","482","119","1235","1964","0","62.88","32.28"
"10","007","00","012","1213","0763","480","272","208","53","533","809","0","65.88","33.62"
"10","007","00","012","1213","0764","636","362","274","66","702","1155","0","60.78","31.34"
"10","007","00","012","1214","0000","1245","718","527","140","1385","2362","0","58.64","30.4"
"10","007","00","012","1214","0751","539","316","223","68","607","1035","0","58.65","30.53"
"10","007","00","012","1214","0752","706","402","304","72","778","1327","0","58.63","30.29"
"10","007","00","012","1215","0000","790","444","346","120","910","1606","0","56.66","27.65"
"10","007","00","012","1215","0766","447","248","199","41","488","870","0","56.09","28.51"
"10","007","00","012","1215","0767","343","196","147","79","422","736","0","57.34","26.63"
"10","007","00","012","1216","0000","637","351","286","57","694","1335","0","51.99","26.29"
"10","007","00","012","1216","0768","637","351","286","57","694","1335","0","51.99","26.29"
"10","007","00","012","1217","0000","891","488","403","98","989","1774","0","55.75","27.51"
"10","007","00","012","1217","0769","449","243","206","47","496","876","0","56.62","27.74"
"10","007","00","012","1217","0770","442","245","197","51","493","898","0","54.9","27.28"
"10","007","00","012","1218","0000","2170","1289","881","220","2390","4224","0","56.58","30.52"
"10","007","00","012","1218","0771","703","417","286","41","744","1298","0","57.32","32.13"
"10","007","00","012","1218","0772","711","409","302","98","809","1451","0","55.75","28.19"
"10","007","00","012","1218","0773","756","463","293","81","837","1475","0","56.75","31.39"
"10","007","00","012","1219","0000","642","384","258","90","732","1270","0","57.64","30.24"
"10","007","00","012","1219","0765","642","384","258","90","732","1270","0","57.64","30.24"
"10","007","00","012","1220","0000","745","440","305","98","843","1576","0","53.49","27.92"
"10","007","00","012","1220","0774","343","198","145","61","404","766","0","52.74","25.85"
"10","007","00","012","1220","0775","402","242","160","37","439","810","0","54.2","29.88"
"10","007","00","012","1221","0000","494","279","215","76","570","953","0","59.81","29.28"
"10","007","00","012","1221","0776","494","279","215","76","570","953","0","59.81","29.28"
"10","007","00","012","1222","0000","485","288","197","70","555","885","0","62.71","32.54"
"10","007","00","012","1222","0777","485","288","197","70","555","885","0","62.71","32.54"
"10","007","00","013","0000","0000","16780","10080","6700","1719","18499","31492","36907","58.74","32.01"
"10","007","00","013","1301","0000","1813","1079","734","163","1976","3152","0","62.69","34.23"
"10","007","00","013","1301","0579","825","484","341","78","903","1426","0","63.32","33.94"
"10","007","00","013","1301","0580","988","595","393","85","1073","1726","0","62.17","34.47"
"10","007","00","013","1302","0000","835","466","369","101","936","1542","0","60.7","30.22"
"10","007","00","013","1302","0581","438","224","214","67","505","797","0","63.36","28.11"
"10","007","00","013","1302","0582","397","242","155","34","431","745","0","57.85","32.48"
"10","007","00","013","1303","0000","740","455","285","93","833","1426","0","58.42","31.91"
"10","007","00","013","1303","0585","740","455","285","93","833","1426","0","58.42","31.91"
"10","007","00","013","1304","0000","622","394","228","67","689","1125","0","61.24","35.02"
"10","007","00","013","1304","0583","622","394","228","67","689","1125","0","61.24","35.02"
"10","007","00","013","1305","0000","594","372","222","50","644","1161","0","55.47","32.04"
"10","007","00","013","1305","0591","594","372","222","50","644","1161","0","55.47","32.04"
"10","007","00","013","1306","0000","1520","918","602","92","1612","2813","0","57.31","32.63"
"10","007","00","013","1306","0594","762","458","304","57","819","1412","0","58.0","32.44"
"10","007","00","013","1306","0595","758","460","298","35","793","1401","0","56.6","32.83"
"10","007","00","013","1307","0000","1626","986","640","170","1796","3028","0","59.31","32.56"
"10","007","00","013","1307","0597","532","324","208","69","601","996","0","60.34","32.53"
"10","007","00","013","1307","0598","565","333","232","47","612","1047","0","58.45","31.81"
"10","007","00","013","1307","0599","529","329","200","54","583","985","0","59.19","33.4"
"10","007","00","013","1308","0000","1281","764","517","125","1406","2494","0","56.38","30.63"
"10","007","00","013","1308","0604","644","381","263","61","705","1189","0","59.29","32.04"
"10","007","00","013","1308","0605","637","383","254","64","701","1305","0","53.72","29.35"
"10","007","00","013","1309","0000","753","440","313","114","867","1486","0","58.34","29.61"
"10","007","00","013","1309","0584","753","440","313","114","867","1486","0","58.34","29.61"
"10","007","00","013","1310","0000","793","487","306","88","881","1478","0","59.61","32.95"
"10","007","00","013","1310","0588","793","487","306","88","881","1478","0","59.61","32.95"
"10","007","00","013","1311","0000","754","467","287","89","843","1395","0","60.43","33.48"
"10","007","00","013","1311","0596","754","467","287","89","843","1395","0","60.43","33.48"
"10","007","00","013","1312","0000","1025","615","410","102","1127","2001","0","56.32","30.73"
"10","007","00","013","1312","0586","476","291","185","48","524","824","0","63.59","35.32"
"10","007","00","013","1312","0587","549","324","225","54","603","1177","0","51.23","27.53"
"10","007","00","013","1313","0000","834","501","333","83","917","1591","0","57.64","31.49"
"10","007","00","013","1313","0589","384","216","168","27","411","779","0","52.76","27.73"
"10","007","00","013","1313","0590","450","285","165","56","506","812","0","62.32","35.1"
"10","007","00","013","1314","0000","1278","768","510","129","1407","2497","0","56.35","30.76"
"10","007","00","013","1314","0592","624","377","247","56","680","1238","0","54.93","30.45"
"10","007","00","013","1314","0593","654","391","263","73","727","1259","0","57.74","31.06"
"10","007","00","013","1315","0000","1256","760","496","117","1373","2254","0","60.91","33.72"
"10","007","00","013","1315","0600","602","358","244","56","658","1054","0","62.43","33.97"
"10","007","00","013","1315","0601","654","402","252","61","715","1200","0","59.58","33.5"
"10","007","00","013","1316","0000","1056","608","448","136","1192","2049","0","58.17","29.67"
"10","007","00","013","1316","0602","540","319","221","78","618","1003","0","61.62","31.8"
"10","007","00","013","1316","0603","516","289","227","58","574","1046","0","54.88","27.63"
"10","007","00","014","0000","0000","15067","9245","5822","1792","16859","28026","32517","60.15","32.99"
"10","007","00","014","1401","0000","992","672","320","97","1089","1712","0","63.61","39.25"
"10","007","00","014","1401","0682","550","435","115","44","594","958","0","62.0","45.41"
"10","007","00","014","1401","0683","442","237","205","53","495","754","0","65.65","31.43"
"10","007","00","014","1402","0000","926","531","395","80","1006","1563","0","64.36","33.97"
"10","007","00","014","1402","0684","464","267","197","37","501","757","0","66.18","35.27"
"10","007","00","014","1402","0685","462","264","198","43","505","806","0","62.66","32.75"
"10","007","00","014","1403","0000","703","449","254","39","742","1280","0","57.97","35.08"
"10","007","00","014","1403","0686","703","449","254","39","742","1280","0","57.97","35.08"
"10","007","00","014","1404","0000","504","313","191","45","549","928","0","59.16","33.73"
"10","007","00","014","1404","0687","504","313","191","45","549","928","0","59.16","33.73"
"10","007","00","014","1405","0000","998","572","426","129","1127","1710","0","65.91","33.45"
"10","007","00","014","1405","0688","527","302","225","74","601","895","0","67.15","33.74"
"10","007","00","014","1405","0689","471","270","201","55","526","815","0","64.54","33.13"
"10","007","00","014","1406","0000","501","308","193","59","560","957","0","58.52","32.18"
"10","007","00","014","1406","0690","501","308","193","59","560","957","0","58.52","32.18"
"10","007","00","014","1407","0000","660","425","235","126","786","1338","0","58.74","31.76"
"10","007","00","014","1407","0691","660","425","235","126","786","1338","0","58.74","31.76"
"10","007","00","014","1408","0000","559","322","237","74","633","1106","0","57.23","29.11"
"10","007","00","014","1408","0692","559","322","237","74","633","1106","0","57.23","29.11"
"10","007","00","014","1409","0000","421","259","162","54","475","690","0","68.84","37.54"
"10","007","00","014","1409","0693","421","259","162","54","475","690","0","68.84","37.54"
"10","007","00","014","1410","0000","668","402","266","38","706","1230","0","57.4","32.68"
"10","007","00","014","1410","0694","668","402","266","38","706","1230","0","57.4","32.68"
"10","007","00","014","1411","0000","967","560","407","79","1046","1744","0","59.98","32.11"
"10","007","00","014","1411","0695","442","253","189","42","484","847","0","57.14","29.87"
"10","007","00","014","1411","0696","525","307","218","37","562","897","0","62.65","34.23"
"10","007","00","014","1412","0000","1128","693","435","118","1246","2062","0","60.43","33.61"
"10","007","00","014","1412","0697","471","259","212","58","529","882","0","59.98","29.37"
"10","007","00","014","1412","0698","657","434","223","60","717","1180","0","60.76","36.78"
"10","007","00","014","1413","0000","603","366","237","103","706","1215","0","58.11","30.12"
"10","007","00","014","1413","0699","603","366","237","103","706","1215","0","58.11","30.12"
"10","007","00","014","1414","0000","250","170","80","31","281","422","0","66.59","40.28"
"10","007","00","014","1414","0700","250","170","80","31","281","422","0","66.59","40.28"
"10","007","00","014","1415","0000","561","355","206","62","623","1106","0","56.33","32.1"
"10","007","00","014","1415","0701","561","355","206","62","623","1106","0","56.33","32.1"
"10","007","00","014","1416","0000","497","284","213","68","565","874","0","64.65","32.49"
"10","007","00","014","1416","0702","497","284","213","68","565","874","0","64.65","32.49"
"10","007","00","014","1417","0000","738","451","287","120","858","1445","0","59.38","31.21"
"10","007","00","014","1417","0703","738","451","287","120","858","1445","0","59.38","31.21"
"10","007","00","014","1418","0000","468","296","172","77","545","875","0","62.29","33.83"
"10","007","00","014","1418","0704","468","296","172","77","545","875","0","62.29","33.83"
"10","007","00","014","1419","0000","751","476","275","108","859","1522","0","56.44","31.27"
"10","007","00","014","1419","0705","400","256","144","47","447","837","0","53.41","30.59"
"10","007","00","014","1419","0706","351","220","131","61","412","685","0","60.15","32.12"
"10","007","00","014","1420","0000","810","496","314","150","960","1531","0","62.7","32.4"
"10","007","00","014","1420","0707","404","244","160","60","464","733","0","63.3","33.29"
"10","007","00","014","1420","0708","406","252","154","90","496","798","0","62.16","31.58"
"10","007","00","014","1421","0000","713","457","256","80","793","1381","0","57.42","33.09"
"10","007","00","014","1421","0709","713","457","256","80","793","1381","0","57.42","33.09"
"10","007","00","014","1422","0000","649","388","261","55","704","1335","0","52.73","29.06"
"10","007","00","014","1422","0710","649","388","261","55","704","1335","0","52.73","29.06"
"10","007","00","015","0000","0000","16452","9909","6543","1732","18184","29642","34739","61.35","33.43"
"10","007","00","015","1501","0000","1995","1179","816","203","2198","3604","0","60.99","32.71"
"10","007","00","015","1501","0711","616","381","235","93","709","1139","0","62.25","33.45"
"10","007","00","015","1501","0712","650","370","280","65","715","1217","0","58.75","30.4"
"10","007","00","015","1501","0713","729","428","301","45","774","1248","0","62.02","34.29"
"10","007","00","015","1502","0000","727","404","323","77","804","1248","0","64.42","32.37"
"10","007","00","015","1502","0714","727","404","323","77","804","1248","0","64.42","32.37"
"10","007","00","015","1503","0000","898","552","346","79","977","1541","0","63.4","35.82"
"10","007","00","015","1503","0715","517","338","179","50","567","916","0","61.9","36.9"
"10","007","00","015","1503","0716","381","214","167","29","410","625","0","65.6","34.24"
"10","007","00","015","1504","0000","648","401","247","46","694","1271","0","54.6","31.55"
"10","007","00","015","1504","0717","648","401","247","46","694","1271","0","54.6","31.55"
"10","007","00","015","1505","0000","993","595","398","117","1110","1740","0","63.79","34.2"
"10","007","00","015","1505","0718","343","213","130","35","378","608","0","62.17","35.03"
"10","007","00","015","1505","0719","650","382","268","82","732","1132","0","64.66","33.75"
"10","007","00","015","1506","0000","1104","703","401","122","1226","1953","0","62.78","36.0"
"10","007","00","015","1506","0720","572","363","209","66","638","1027","0","62.12","35.35"
"10","007","00","015","1506","0721","532","340","192","56","588","926","0","63.5","36.72"
"10","007","00","015","1507","0000","807","502","305","101","908","1438","0","63.14","34.91"
"10","007","00","015","1507","0722","414","252","162","68","482","778","0","61.95","32.39"
"10","007","00","015","1507","0723","393","250","143","33","426","660","0","64.55","37.88"
"10","007","00","015","1508","0000","1117","659","458","93","1210","2019","0","59.93","32.64"
"10","007","00","015","1508","0726","569","332","237","46","615","985","0","62.44","33.71"
"10","007","00","015","1508","0727","548","327","221","47","595","1034","0","57.54","31.62"
"10","007","00","015","1509","0000","1303","788","515","96","1399","2321","0","60.28","33.95"
"10","007","00","015","1509","0724","751","475","276","67","818","1330","0","61.5","35.71"
"10","007","00","015","1509","0725","552","313","239","29","581","991","0","58.63","31.58"
"10","007","00","015","1510","0000","344","213","131","55","399","612","0","65.2","34.8"
"10","007","00","015","1510","0728","344","213","131","55","399","612","0","65.2","34.8"
"10","007","00","015","1511","0000","717","448","269","70","787","1236","0","63.67","36.25"
"10","007","00","015","1511","0729","717","448","269","70","787","1236","0","63.67","36.25"
"10","007","00","015","1512","0000","886","525","361","103","989","1513","0","65.37","34.7"
"10","007","00","015","1512","0730","433","257","176","58","491","775","0","63.35","33.16"
"10","007","00","015","1512","0731","453","268","185","45","498","738","0","67.48","36.31"
"10","007","00","015","1513","0000","591","316","275","45","636","1036","0","61.39","30.5"
"10","007","00","015","1513","0732","591","316","275","45","636","1036","0","61.39","30.5"
"10","007","00","015","1514","0000","478","283","195","80","558","975","0","57.23","29.03"
"10","007","00","015","1514","0733","478","283","195","80","558","975","0","57.23","29.03"
"10","007","00","015","1515","0000","718","462","256","78","796","1348","0","59.05","34.27"
"10","007","00","015","1515","0736","361","239","122","43","404","689","0","58.64","34.69"
"10","007","00","015","1515","0737","357","223","134","35","392","659","0","59.48","33.84"
"10","007","00","015","1516","0000","964","580","384","130","1094","1824","0","59.98","31.8"
"10","007","00","015","1516","0734","450","269","181","53","503","885","0","56.84","30.4"
"10","007","00","015","1516","0735","514","311","203","77","591","939","0","62.94","33.12"
"10","007","00","015","1517","0000","798","466","332","93","891","1352","0","65.9","34.47"
"10","007","00","015","1517","0739","798","466","332","93","891","1352","0","65.9","34.47"
"10","007","00","015","1518","0000","455","273","182","46","501","910","0","55.05","30.0"
"10","007","00","015","1518","0738","455","273","182","46","501","910","0","55.05","30.0"
"10","007","00","015","1519","0000","398","237","161","41","439","759","0","57.84","31.23"
"10","007","00","015","1519","0740","398","237","161","41","439","759","0","57.84","31.23"
"10","007","00","015","1520","0000","511","323","188","57","568","942","0","60.3","34.29"
"10","007","00","015","1520","0741","511","323","188","57","568","942","0","60.3","34.29"
"10","007","00","016","0000","0000","16694","9888","6806","1882","18576","31239","37055","59.46","31.65"
"10","007","00","016","1601","0000","513","309","204","37","550","792","0","69.44","39.02"
"10","007","00","016","1601","0616","513","309","204","37","550","792","0","69.44","39.02"
"10","007","00","016","1602","0000","862","524","338","93","955","1516","0","62.99","34.56"
"10","007","00","016","1602","0617","402","225","177","44","446","695","0","64.17","32.37"
"10","007","00","016","1602","0618","460","299","161","49","509","821","0","62.0","36.42"
"10","007","00","016","1603","0000","1025","643","382","133","1158","1904","0","60.82","33.77"
"10","007","00","016","1603","0619","591","382","209","81","672","1064","0","63.16","35.9"
"10","007","00","016","1603","0620","434","261","173","52","486","840","0","57.86","31.07"
"10","007","00","016","1604","0000","1226","696","530","97","1323","2127","0","62.2","32.72"
"10","007","00","016","1604","0621","629","350","279","40","669","1079","0","62.0","32.44"
"10","007","00","016","1604","0622","597","346","251","57","654","1048","0","62.4","33.02"
"10","007","00","016","1605","0000","990","582","408","103","1093","1758","0","62.17","33.11"
"10","007","00","016","1605","0623","544","322","222","67","611","960","0","63.65","33.54"
"10","007","00","016","1605","0624","446","260","186","36","482","798","0","60.4","32.58"
"10","007","00","016","1606","0000","778","436","342","131","909","1458","0","62.35","29.9"
"10","007","00","016","1606","0625","448","238","210","80","528","796","0","66.33","29.9"
"10","007","00","016","1606","0626","330","198","132","51","381","662","0","57.55","29.91"
"10","007","00","016","1607","0000","552","324","228","54","606","1040","0","58.27","31.15"
"10","007","00","016","1607","0627","552","324","228","54","606","1040","0","58.27","31.15"
"10","007","00","016","1608","0000","531","305","226","54","585","1025","0","57.07","29.76"
"10","007","00","016","1608","0628","531","305","226","54","585","1025","0","57.07","29.76"
"10","007","00","016","1609","0000","1492","929","563","160","1652","2593","0","63.71","35.83"
"10","007","00","016","1609","0629","795","498","297","81","876","1357","0","64.55","36.7"
"10","007","00","016","1609","0630","697","431","266","79","776","1236","0","62.78","34.87"
"10","007","00","016","1610","0000","754","409","345","101","855","1393","0","61.38","29.36"
"10","007","00","016","1610","0611","359","179","180","61","420","659","0","63.73","27.16"
"10","007","00","016","1610","0612","395","230","165","40","435","734","0","59.26","31.34"
"10","007","00","016","1611","0000","580","348","232","95","675","1255","0","53.78","27.73"
"10","007","00","016","1611","0606","580","348","232","95","675","1255","0","53.78","27.73"
"10","007","00","016","1612","0000","900","542","358","104","1004","1648","0","60.92","32.89"
"10","007","00","016","1612","0609","398","240","158","53","451","724","0","62.29","33.15"
"10","007","00","016","1612","0610","502","302","200","51","553","924","0","59.85","32.68"
"10","007","00","016","1613","0000","994","577","417","126","1120","1915","0","58.49","30.13"
"10","007","00","016","1613","0607","470","278","192","72","542","889","0","60.97","31.27"
"10","007","00","016","1613","0608","524","299","225","54","578","1026","0","56.34","29.14"
"10","007","00","016","1614","0000","837","504","333","69","906","1606","0","56.41","31.38"
"10","007","00","016","1614","0613","327","191","136","25","352","758","0","46.44","25.2"
"10","007","00","016","1614","0614","510","313","197","44","554","848","0","65.33","36.91"
"10","007","00","016","1615","0000","670","381","289","93","763","1404","0","54.34","27.14"
"10","007","00","016","1615","0615","670","381","289","93","763","1404","0","54.34","27.14"
"10","007","00","016","1616","0000","470","272","198","24","494","871","0","56.72","31.23"
"10","007","00","016","1616","0631","470","272","198","24","494","871","0","56.72","31.23"
"10","007","00","016","1617","0000","345","227","118","42","387","706","0","54.82","32.15"
"10","007","00","016","1617","0632","345","227","118","42","387","706","0","54.82","32.15"
"10","007","00","016","1618","0000","448","252","196","46","494","770","0","64.16","32.73"
"10","007","00","016","1618","0633","448","252","196","46","494","770","0","64.16","32.73"
"10","007","00","016","1619","0000","391","244","147","48","439","669","0","65.62","36.47"
"10","007","00","016","1619","0634","391","244","147","48","439","669","0","65.62","36.47"
"10","007","00","016","1620","0000","439","240","199","58","497","862","0","57.66","27.84"
"10","007","00","016","1620","0635","439","240","199","58","497","862","0","57.66","27.84"
"10","007","00","016","1621","0000","427","258","169","50","477","847","0","56.32","30.46"
"10","007","00","016","1621","0636","427","258","169","50","477","847","0","56.32","30.46"
"10","007","00","016","1622","0000","374","243","131","56","430","668","0","64.37","36.38"
"10","007","00","016","1622","0637","374","243","131","56","430","668","0","64.37","36.38"
"10","007","00","016","1623","0000","503","306","197","45","548","1073","0","51.07","28.52"
"10","007","00","016","1623","0638","503","306","197","45","548","1073","0","51.07","28.52"
"10","007","00","016","1624","0000","593","337","256","63","656","1339","0","48.99","25.17"
"10","007","00","016","1624","0639","593","337","256","63","656","1339","0","48.99","25.17"
"10","007","00","017","0000","0000","18941","11509","7432","1840","20781","36306","42917","57.24","31.7"
"10","007","00","017","1701","0000","1418","812","606","120","1538","2765","0","55.62","29.37"
"10","007","00","017","1701","0778","422","217","205","43","465","791","0","58.79","27.43"
"10","007","00","017","1701","0779","512","303","209","47","559","984","0","56.81","30.79"
"10","007","00","017","1701","0780","484","292","192","30","514","990","0","51.92","29.49"
"10","007","00","017","1702","0000","743","454","289","70","813","1478","0","55.01","30.72"
"10","007","00","017","1702","0785","394","243","151","33","427","753","0","56.71","32.27"
"10","007","00","017","1702","0786","349","211","138","37","386","725","0","53.24","29.1"
"10","007","00","017","1703","0000","591","353","238","78","669","1165","0","57.42","30.3"
"10","007","00","017","1703","0805","591","353","238","78","669","1165","0","57.42","30.3"
"10","007","00","017","1704","0000","2468","1661","807","222","2690","4546","0","59.17","36.54"
"10","007","00","017","1704","0781","572","342","230","58","630","1016","0","62.01","33.66"
"10","007","00","017","1704","0782","610","555","55","49","659","1091","0","60.4","50.87"
"10","007","00","017","1704","0783","663","392","271","80","743","1236","0","60.11","31.72"
"10","007","00","017","1704","0784","623","372","251","35","658","1203","0","54.7","30.92"
"10","007","00","017","1705","0000","512","308","204","46","558","933","0","59.81","33.01"
"10","007","00","017","1705","0790","512","308","204","46","558","933","0","59.81","33.01"
"10","007","00","017","1706","0000","547","342","205","35","582","1092","0","53.3","31.32"
"10","007","00","017","1706","0812","547","342","205","35","582","1092","0","53.3","31.32"
"10","007","00","017","1707","0000","1400","866","534","106","1506","2698","0","55.82","32.1"
"10","007","00","017","1707","0798","323","205","118","23","346","688","0","50.29","29.8"
"10","007","00","017","1707","0799","438","287","151","42","480","870","0","55.17","32.99"
"10","007","00","017","1707","0800","639","374","265","41","680","1140","0","59.65","32.81"
"10","007","00","017","1708","0000","1056","613","443","117","1173","2066","0","56.78","29.67"
"10","007","00","017","1708","0791","539","304","235","67","606","990","0","61.21","30.71"
"10","007","00","017","1708","0792","517","309","208","50","567","1076","0","52.7","28.72"
"10","007","00","017","1709","0000","427","345","82","31","458","724","0","63.26","47.65"
"10","007","00","017","1709","0807","427","345","82","31","458","724","0","63.26","47.65"
"10","007","00","017","1710","0000","505","291","214","49","554","937","0","59.12","31.06"
"10","007","00","017","1710","0803","505","291","214","49","554","937","0","59.12","31.06"
"10","007","00","017","1711","0000","859","485","374","83","942","1645","0","57.26","29.48"
"10","007","00","017","1711","0796","419","233","186","36","455","750","0","60.67","31.07"
"10","007","00","017","1711","0797","440","252","188","47","487","895","0","54.41","28.16"
"10","007","00","017","1712","0000","527","314","213","71","598","992","0","60.28","31.65"
"10","007","00","017","1712","0811","527","314","213","71","598","992","0","60.28","31.65"
"10","007","00","017","1713","0000","717","473","244","70","787","1266","0","62.16","37.36"
"10","007","00","017","1713","0802","717","473","244","70","787","1266","0","62.16","37.36"
"10","007","00","017","1714","0000","763","450","313","60","823","1414","0","58.2","31.82"
"10","007","00","017","1714","0793","422","245","177","30","452","742","0","60.92","33.02"
"10","007","00","017","1714","0794","341","205","136","30","371","672","0","55.21","30.51"
"10","007","00","017","1715","0000","543","317","226","47","590","1015","0","58.13","31.23"
"10","007","00","017","1715","0808","543","317","226","47","590","1015","0","58.13","31.23"
"10","007","00","017","1716","0000","522","296","226","60","582","985","0","59.09","30.05"
"10","007","00","017","1716","0801","522","296","226","60","582","985","0","59.09","30.05"
"10","007","00","017","1717","0000","570","346","224","54","624","1235","0","50.53","28.02"
"10","007","00","017","1717","0795","570","346","224","54","624","1235","0","50.53","28.02"
"10","007","00","017","1718","0000","457","273","184","48","505","828","0","60.99","32.97"
"10","007","00","017","1718","0813","457","273","184","48","505","828","0","60.99","32.97"
"10","007","00","017","1719","0000","868","498","370","95","963","1611","0","59.78","30.91"
"10","007","00","017","1719","0788","334","188","146","46","380","562","0","67.62","33.45"
"10","007","00","017","1719","0789","534","310","224","49","583","1049","0","55.58","29.55"
"10","007","00","017","1720","0000","530","329","201","60","590","986","0","59.84","33.37"
"10","007","00","017","1720","0806","530","329","201","60","590","986","0","59.84","33.37"
"10","007","00","017","1721","0000","688","407","281","84","772","1506","0","51.26","27.03"
"10","007","00","017","1721","0814","365","210","155","59","424","787","0","53.88","26.68"
"10","007","00","017","1721","0815","323","197","126","25","348","719","0","48.4","27.4"
"10","007","00","017","1722","0000","551","309","242","72","623","1023","0","60.9","30.21"
"10","007","00","017","1722","0787","551","309","242","72","623","1023","0","60.9","30.21"
"10","007","00","017","1723","0000","637","386","251","55","692","1219","0","56.77","31.67"
"10","007","00","017","1723","0804","637","386","251","55","692","1219","0","56.77","31.67"
"10","007","00","017","1724","0000","1042","581","461","107","1149","2177","0","52.78","26.69"
"10","007","00","017","1724","0809","521","291","230","51","572","1116","0","51.25","26.08"
"10","007","00","017","1724","0810","521","290","231","56","577","1061","0","54.38","27.33"
"10","007","00","018","0000","0000","7008","4055","2953","935","7943","13339","15193","59.55","30.4"
"10","007","00","018","1801","0000","396","232","164","76","472","871","0","54.19","26.64"
"10","007","00","018","1801","0818","396","232","164","76","472","871","0","54.19","26.64"
"10","007","00","018","1802","0000","463","281","182","99","562","953","0","58.97","29.49"
"10","007","00","018","1802","0819","463","281","182","99","562","953","0","58.97","29.49"
"10","007","00","018","1803","0000","284","161","123","55","339","624","0","54.33","25.8"
"10","007","00","018","1803","0820","284","161","123","55","339","624","0","54.33","25.8"
"10","007","00","018","1804","0000","369","207","162","57","426","645","0","66.05","32.09"
"10","007","00","018","1804","0821","369","207","162","57","426","645","0","66.05","32.09"
"10","007","00","018","1805","0000","550","321","229","72","622","943","0","65.96","34.04"
"10","007","00","018","1805","0823","550","321","229","72","622","943","0","65.96","34.04"
"10","007","00","018","1806","0000","523","270","253","62","585","986","0","59.33","27.38"
"10","007","00","018","1806","0822","523","270","253","62","585","986","0","59.33","27.38"
"10","007","00","018","1807","0000","510","283","227","46","556","831","0","66.91","34.06"
"10","007","00","018","1807","0825","510","283","227","46","556","831","0","66.91","34.06"
"10","007","00","018","1808","0000","259","139","120","10","269","455","0","59.12","30.55"
"10","007","00","018","1808","0824","259","139","120","10","269","455","0","59.12","30.55"
"10","007","00","018","1809","0000","533","310","223","27","560","1013","0","55.28","30.6"
"10","007","00","018","1809","0827","533","310","223","27","560","1013","0","55.28","30.6"
"10","007","00","018","1810","0000","464","280","184","44","508","831","0","61.13","33.69"
"10","007","00","018","1810","0826","464","280","184","44","508","831","0","61.13","33.69"
"10","007","00","018","1811","0000","427","235","192","79","506","796","0","63.57","29.52"
"10","007","00","018","1811","0828","427","235","192","79","506","796","0","63.57","29.52"
"10","007","00","018","1812","0000","387","235","152","64","451","781","0","57.75","30.09"
"10","007","00","018","1812","0829","387","235","152","64","451","781","0","57.75","30.09"
"10","007","00","018","1813","0000","320","171","149","29","349","692","0","50.43","24.71"
"10","007","00","018","1813","0830","320","171","149","29","349","692","0","50.43","24.71"
"10","007","00","018","1814","0000","340","198","142","30","370","635","0","58.27","31.18"
"10","007","00","018","1814","0831","340","198","142","30","370","635","0","58.27","31.18"
"10","007","00","018","1815","0000","278","200","78","49","327","566","0","57.77","35.34"
"10","007","00","018","1815","0832","278","200","78","49","327","566","0","57.77","35.34"
"10","007","00","018","1816","0000","526","307","219","82","608","1028","0","59.14","29.86"
"10","007","00","018","1816","0816","526","307","219","82","608","1028","0","59.14","29.86"
"10","007","00","018","1817","0000","379","225","154","54","433","689","0","62.84","32.66"
"10","007","00","018","1817","0817","379","225","154","54","433","689","0","62.84","32.66"
"10","007","00","019","0000","0000","14437","8622","5815","1661","16098","27593","33335","58.34","31.25"
"10","007","00","019","1901","0000","980","559","421","96","1076","1790","0","60.11","31.23"
"10","007","00","019","1901","0844","463","269","194","46","509","833","0","61.1","32.29"
"10","007","00","019","1901","0845","517","290","227","50","567","957","0","59.25","30.3"
"10","007","00","019","1902","0000","401","250","151","38","439","783","0","56.07","31.93"
"10","007","00","019","1902","0846","401","250","151","38","439","783","0","56.07","31.93"
"10","007","00","019","1903","0000","275","144","131","40","315","573","0","54.97","25.13"
"10","007","00","019","1903","0847","275","144","131","40","315","573","0","54.97","25.13"
"10","007","00","019","1904","0000","337","188","149","45","382","672","0","56.85","27.98"
"10","007","00","019","1904","0848","337","188","149","45","382","672","0","56.85","27.98"
"10","007","00","019","1905","0000","692","400","292","88","780","1442","0","54.09","27.74"
"10","007","00","019","1905","0849","337","190","147","42","379","695","0","54.53","27.34"
"10","007","00","019","1905","0850","355","210","145","46","401","747","0","53.68","28.11"
"10","007","00","019","1906","0000","734","452","282","69","803","1305","0","61.53","34.64"
"10","007","00","019","1906","0851","386","237","149","27","413","643","0","64.23","36.86"
"10","007","00","019","1906","0852","348","215","133","42","390","662","0","58.91","32.48"
"10","007","00","019","1907","0000","1194","738","456","163","1357","2206","0","61.51","33.45"
"10","007","00","019","1907","0853","608","378","230","83","691","1085","0","63.69","34.84"
"10","007","00","019","1907","0854","586","360","226","80","666","1121","0","59.41","32.11"
"10","007","00","019","1908","0000","1584","994","590","137","1721","3017","0","57.04","32.95"
"10","007","00","019","1908","0855","467","272","195","42","509","830","0","61.33","32.77"
"10","007","00","019","1908","0856","494","310","184","52","546","975","0","56.0","31.79"
"10","007","00","019","1908","0857","623","412","211","43","666","1212","0","54.95","33.99"
"10","007","00","019","1909","0000","696","426","270","84","780","1302","0","59.91","32.72"
"10","007","00","019","1909","0858","696","426","270","84","780","1302","0","59.91","32.72"
"10","007","00","019","1910","0000","2428","1436","992","282","2710","4597","0","58.95","31.24"
"10","007","00","019","1910","0838","603","348","255","71","674","1124","0","59.96","30.96"
"10","007","00","019","1910","0839","624","379","245","57","681","1096","0","62.14","34.58"
"10","007","00","019","1910","0840","628","380","248","82","710","1213","0","58.53","31.33"
"10","007","00","019","1910","0841","573","329","244","72","645","1164","0","55.41","28.26"
"10","007","00","019","1911","0000","822","505","317","80","902","1608","0","56.09","31.41"
"10","007","00","019","1911","0842","369","214","155","41","410","730","0","56.16","29.32"
"10","007","00","019","1911","0843","453","291","162","39","492","878","0","56.04","33.14"
"10","007","00","019","1912","0000","1411","813","598","185","1596","2649","0","60.25","30.69"
"10","007","00","019","1912","0833","445","262","183","74","519","925","0","56.11","28.32"
"10","007","00","019","1912","0834","470","266","204","59","529","869","0","60.87","30.61"
"10","007","00","019","1912","0835","496","285","211","52","548","855","0","64.09","33.33"
"10","007","00","019","1913","0000","1042","612","430","138","1180","1893","0","62.33","32.33"
"10","007","00","019","1913","0836","617","382","235","57","674","1065","0","63.29","35.87"
"10","007","00","019","1913","0837","425","230","195","81","506","828","0","61.11","27.78"
"10","007","00","019","1914","0000","923","566","357","117","1040","1994","0","52.16","28.39"
"10","007","00","019","1914","0859","486","291","195","50","536","1077","0","49.77","27.02"
"10","007","00","019","1914","0860","437","275","162","67","504","917","0","54.96","29.99"
"10","007","00","019","1915","0000","918","539","379","99","1017","1762","0","57.72","30.59"
"10","007","00","019","1915","0861","420","262","158","43","463","825","0","56.12","31.76"
"10","007","00","019","1915","0862","498","277","221","56","554","937","0","59.12","29.56"
"10","007","00","020","0000","0000","20067","11880","8187","2470","22537","42976","50709","52.44","27.64"
"10","007","00","020","2001","0000","1107","628","479","127","1234","2148","0","57.45","29.24"
"10","007","00","020","2001","0945","474","288","186","44","518","892","0","58.07","32.29"
"10","007","00","020","2001","0946","633","340","293","83","716","1256","0","57.01","27.07"
"10","007","00","020","2002","0000","1685","1013","672","172","1857","3201","0","58.01","31.65"
"10","007","00","020","2002","0947","517","315","202","53","570","1043","0","54.65","30.2"
"10","007","00","020","2002","0948","598","356","242","48","646","1076","0","60.04","33.09"
"10","007","00","020","2002","0949","570","342","228","71","641","1082","0","59.24","31.61"
"10","007","00","020","2003","0000","687","406","281","76","763","1427","0","53.47","28.45"
"10","007","00","020","2003","0950","687","406","281","76","763","1427","0","53.47","28.45"
"10","007","00","020","2004","0000","1418","818","600","209","1627","3040","0","53.52","26.91"
"10","007","00","020","2004","0951","454","253","201","84","538","1030","0","52.23","24.56"
"10","007","00","020","2004","0952","473","275","198","67","540","1033","0","52.27","26.62"
"10","007","00","020","2004","0953","491","290","201","58","549","977","0","56.19","29.68"
"10","007","00","020","2005","0000","731","429","302","125","856","1658","0","51.63","25.87"
"10","007","00","020","2005","0954","322","183","139","28","350","683","0","51.24","26.79"
"10","007","00","020","2005","0955","409","246","163","97","506","975","0","51.9","25.23"
"10","007","00","020","2006","0000","507","305","202","94","601","1336","0","44.99","22.83"
"10","007","00","020","2006","0956","507","305","202","94","601","1336","0","44.99","22.83"
"10","007","00","020","2007","0000","406","243","163","77","483","1019","0","47.4","23.85"
"10","007","00","020","2007","0957","406","243","163","77","483","1019","0","47.4","23.85"
"10","007","00","020","2008","0000","378","228","150","62","440","1003","0","43.87","22.73"
"10","007","00","020","2008","0958","378","228","150","62","440","1003","0","43.87","22.73"
"10","007","00","020","2009","0000","568","357","211","84","652","1151","0","56.65","31.02"
"10","007","00","020","2009","0959","568","357","211","84","652","1151","0","56.65","31.02"
"10","007","00","020","2010","0000","789","469","320","120","909","1598","0","56.88","29.35"
"10","007","00","020","2010","0960","789","469","320","120","909","1598","0","56.88","29.35"
"10","007","00","020","2011","0000","1668","1028","640","137","1805","3259","0","55.39","31.54"
"10","007","00","020","2011","0961","730","446","284","69","799","1488","0","53.7","29.97"
"10","007","00","020","2011","0962","938","582","356","68","1006","1771","0","56.8","32.86"
"10","007","00","020","2012","0000","1236","727","509","121","1357","2540","0","53.43","28.62"
"10","007","00","020","2012","0942","282","152","130","35","317","731","0","43.37","20.79"
"10","007","00","020","2012","0943","529","334","195","59","588","1025","0","57.37","32.59"
"10","007","00","020","2012","0944","425","241","184","27","452","784","0","57.65","30.74"
"10","007","00","020","2013","0000","529","323","206","55","584","1360","0","42.94","23.75"
"10","007","00","020","2013","0963","529","323","206","55","584","1360","0","42.94","23.75"
"10","007","00","020","2014","0000","683","401","282","81","764","1613","0","47.37","24.86"
"10","007","00","020","2014","0964","683","401","282","81","764","1613","0","47.37","24.86"
"10","007","00","020","2015","0000","540","326","214","93","633","1228","0","51.55","26.55"
"10","007","00","020","2015","0965","540","326","214","93","633","1228","0","51.55","26.55"
"10","007","00","020","2016","0000","403","252","151","33","436","771","0","56.55","32.68"
"10","007","00","020","2016","0966","403","252","151","33","436","771","0","56.55","32.68"
"10","007","00","020","2017","0000","747","448","299","44","791","1519","0","52.07","29.49"
"10","007","00","020","2017","0967","465","268","197","42","507","858","0","59.09","31.24"
"10","007","00","020","2017","0968","282","180","102","2","284","661","0","42.97","27.23"
"10","007","00","020","2018","0000","521","336","185","107","628","1268","0","49.53","26.5"
"10","007","00","020","2018","0969","521","336","185","107","628","1268","0","49.53","26.5"
"10","007","00","020","2019","0000","479","293","186","40","519","1081","0","48.01","27.1"
"10","007","00","020","2019","0970","479","293","186","40","519","1081","0","48.01","27.1"
"10","007","00","020","2020","0000","1645","1006","639","225","1870","3659","0","51.11","27.49"
"10","007","00","020","2020","0971","533","318","215","60","593","1213","0","48.89","26.22"
"10","007","00","020","2020","0972","663","416","247","80","743","1328","0","55.95","31.33"
"10","007","00","020","2020","0973","449","272","177","85","534","1118","0","47.76","24.33"
"10","007","00","020","2021","0000","433","249","184","44","477","972","0","49.07","25.62"
"10","007","00","020","2021","0975","433","249","184","44","477","972","0","49.07","25.62"
"10","007","00","020","2022","0000","464","258","206","67","531","1157","0","45.89","22.3"
"10","007","00","020","2022","0974","464","258","206","67","531","1157","0","45.89","22.3"
"10","007","00","020","2023","0000","439","284","155","45","484","902","0","53.66","31.49"
"10","007","00","020","2023","0976","439","284","155","45","484","902","0","53.66","31.49"
"10","007","00","020","2024","0000","720","397","323","73","793","1273","0","62.29","31.19"
"10","007","00","020","2024","0977","720","397","323","73","793","1273","0","62.29","31.19"
"10","007","00","020","2025","0000","511","220","291","45","556","1087","0","51.15","20.24"
"10","007","00","020","2025","0978","511","220","291","45","556","1087","0","51.15","20.24"
"10","007","00","020","2026","0000","492","288","204","85","577","987","0","58.46","29.18"
"10","007","00","020","2026","0979","492","288","204","85","577","987","0","58.46","29.18"
"10","007","00","020","2027","0000","281","148","133","29","310","719","0","43.12","20.58"
"10","007","00","020","2027","0980","281","148","133","29","310","719","0","43.12","20.58"
"10","007","00","021","0000","0000","12334","7479","4855","1343","13677","23179","27346","59.01","32.27"
"10","007","00","021","2101","0000","602","337","265","64","666","1284","0","51.87","26.25"
"10","007","00","021","2101","0863","602","337","265","64","666","1284","0","51.87","26.25"
"10","007","00","021","2102","0000","540","332","208","66","606","874","0","69.34","37.99"
"10","007","00","021","2102","0873","540","332","208","66","606","874","0","69.34","37.99"
"10","007","00","021","2103","0000","1458","953","505","123","1581","2562","0","61.71","37.2"
"10","007","00","021","2103","0871","774","505","269","70","844","1376","0","61.34","36.7"
"10","007","00","021","2103","0872","684","448","236","53","737","1186","0","62.14","37.77"
"10","007","00","021","2104","0000","593","356","237","93","686","1079","0","63.58","32.99"
"10","007","00","021","2104","0882","593","356","237","93","686","1079","0","63.58","32.99"
"10","007","00","021","2105","0000","371","228","143","41","412","760","0","54.21","30.0"
"10","007","00","021","2105","0886","371","228","143","41","412","760","0","54.21","30.0"
"10","007","00","021","2106","0000","623","366","257","80","703","1084","0","64.85","33.76"
"10","007","00","021","2106","0887","623","366","257","80","703","1084","0","64.85","33.76"
"10","007","00","021","2107","0000","590","372","218","57","647","1198","0","54.01","31.05"
"10","007","00","021","2107","0884","590","372","218","57","647","1198","0","54.01","31.05"
"10","007","00","021","2108","0000","288","169","119","66","354","621","0","57.0","27.21"
"10","007","00","021","2108","0885","288","169","119","66","354","621","0","57.0","27.21"
"10","007","00","021","2109","0000","706","408","298","76","782","1336","0","58.53","30.54"
"10","007","00","021","2109","0883","706","408","298","76","782","1336","0","58.53","30.54"
"10","007","00","021","2110","0000","662","369","293","53","715","1337","0","53.48","27.6"
"10","007","00","021","2110","0870","662","369","293","53","715","1337","0","53.48","27.6"
"10","007","00","021","2111","0000","838","531","307","79","917","1555","0","58.97","34.15"
"10","007","00","021","2111","0868","330","207","123","32","362","680","0","53.24","30.44"
"10","007","00","021","2111","0869","508","324","184","47","555","875","0","63.43","37.03"
"10","007","00","021","2112","0000","644","365","279","83","727","1187","0","61.25","30.75"
"10","007","00","021","2112","0864","644","365","279","83","727","1187","0","61.25","30.75"
"10","007","00","021","2113","0000","947","575","372","93","1040","1729","0","60.15","33.26"
"10","007","00","021","2113","0865","556","322","234","56","612","1033","0","59.24","31.17"
"10","007","00","021","2113","0866","391","253","138","37","428","696","0","61.49","36.35"
"10","007","00","021","2114","0000","550","330","220","30","580","938","0","61.83","35.18"
"10","007","00","021","2114","0878","550","330","220","30","580","938","0","61.83","35.18"
"10","007","00","021","2115","0000","504","332","172","57","561","880","0","63.75","37.73"
"10","007","00","021","2115","0879","504","332","172","57","561","880","0","63.75","37.73"
"10","007","00","021","2116","0000","677","410","267","79","756","1396","0","54.15","29.37"
"10","007","00","021","2116","0880","375","224","151","53","428","804","0","53.23","27.86"
"10","007","00","021","2116","0881","302","186","116","26","328","592","0","55.41","31.42"
"10","007","00","021","2117","0000","824","473","351","102","926","1606","0","57.66","29.45"
"10","007","00","021","2117","0874","311","177","134","45","356","647","0","55.02","27.36"
"10","007","00","021","2117","0875","513","296","217","57","570","959","0","59.44","30.87"
"10","007","00","021","2118","0000","124","75","49","19","143","263","0","54.37","28.52"
"10","007","00","021","2118","0876","124","75","49","19","143","263","0","54.37","28.52"
"10","007","00","021","2119","0000","294","182","112","40","334","618","0","54.05","29.45"
"10","007","00","021","2119","0877","294","182","112","40","334","618","0","54.05","29.45"
"10","007","00","021","2120","0000","499","316","183","42","541","872","0","62.04","36.24"
"10","007","00","021","2120","0867","499","316","183","42","541","872","0","62.04","36.24"
"10","007","00","022","0000","0000","12297","7504","4793","1683","13980","25677","30536","54.45","29.22"
"10","007","00","022","2201","0000","1134","674","460","138","1272","2468","0","51.54","27.31"
"10","007","00","022","2201","0888","507","295","212","73","580","1178","0","49.24","25.04"
"10","007","00","022","2201","0889","627","379","248","65","692","1290","0","53.64","29.38"
"10","007","00","022","2202","0000","832","497","335","110","942","1756","0","53.64","28.3"
"10","007","00","022","2202","0890","454","291","163","69","523","973","0","53.75","29.91"
"10","007","00","022","2202","0891","378","206","172","41","419","783","0","53.51","26.31"
"10","007","00","022","2203","0000","801","503","298","138","939","1632","0","57.54","30.82"
"10","007","00","022","2203","0892","364","224","140","54","418","733","0","57.03","30.56"
"10","007","00","022","2203","0893","437","279","158","84","521","899","0","57.95","31.03"
"10","007","00","022","2204","0000","1107","671","436","140","1247","2321","0","53.73","28.91"
"10","007","00","022","2204","0894","471","272","199","73","544","965","0","56.37","28.19"
"10","007","00","022","2204","0895","636","399","237","67","703","1356","0","51.84","29.42"
"10","007","00","022","2205","0000","600","370","230","89","689","1265","0","54.47","29.25"
"10","007","00","022","2205","0896","600","370","230","89","689","1265","0","54.47","29.25"
"10","007","00","022","2206","0000","800","501","299","118","918","1582","0","58.03","31.67"
"10","007","00","022","2206","0897","466","288","178","70","536","877","0","61.12","32.84"
"10","007","00","022","2206","0898","334","213","121","48","382","705","0","54.18","30.21"
"10","007","00","022","2207","0000","1711","1110","601","208","1919","3285","0","58.42","33.79"
"10","007","00","022","2207","0899","577","360","217","61","638","1062","0","60.08","33.9"
"10","007","00","022","2207","0900","669","446","223","72","741","1300","0","57.0","34.31"
"10","007","00","022","2207","0901","465","304","161","75","540","923","0","58.5","32.94"
"10","007","00","022","2208","0000","1072","690","382","127","1199","2188","0","54.8","31.54"
"10","007","00","022","2208","0902","501","324","177","44","545","1085","0","50.23","29.86"
"10","007","00","022","2208","0903","571","366","205","83","654","1103","0","59.29","33.18"
"10","007","00","022","2209","0000","334","195","139","41","375","735","0","51.02","26.53"
"10","007","00","022","2209","0904","334","195","139","41","375","735","0","51.02","26.53"
"10","007","00","022","2210","0000","279","178","101","37","316","574","0","55.05","31.01"
"10","007","00","022","2210","0905","279","178","101","37","316","574","0","55.05","31.01"
"10","007","00","022","2211","0000","695","444","251","97","792","1504","0","52.66","29.52"
"10","007","00","022","2211","0906","333","221","112","52","385","767","0","50.2","28.81"
"10","007","00","022","2211","0907","362","223","139","45","407","737","0","55.22","30.26"
"10","007","00","022","2212","0000","462","217","245","76","538","1058","0","50.85","20.51"
"10","007","00","022","2212","0908","462","217","245","76","538","1058","0","50.85","20.51"
"10","007","00","022","2213","0000","361","200","161","63","424","826","0","51.33","24.21"
"10","007","00","022","2213","0909","361","200","161","63","424","826","0","51.33","24.21"
"10","007","00","022","2214","0000","451","288","163","101","552","1082","0","51.02","26.62"
"10","007","00","022","2214","0910","451","288","163","101","552","1082","0","51.02","26.62"
"10","007","00","022","2215","0000","737","442","295","87","824","1448","0","56.91","30.52"
"10","007","00","022","2215","0911","392","229","163","55","447","737","0","60.65","31.07"
"10","007","00","022","2215","0912","345","213","132","32","377","711","0","53.02","29.96"
"10","007","00","022","2216","0000","513","283","230","83","596","1043","0","57.14","27.13"
"10","007","00","022","2216","0913","513","283","230","83","596","1043","0","57.14","27.13"
"10","007","00","022","2217","0000","408","241","167","30","438","910","0","48.13","26.48"
"10","007","00","022","2217","0914","408","241","167","30","438","910","0","48.13","26.48"
"10","007","00","023","0000","0000","12295","7397","4898","1925","14220","29291","33549","48.55","25.25"
"10","007","00","023","2301","0000","272","167","105","60","332","940","0","35.32","17.77"
"10","007","00","023","2301","0998","272","167","105","60","332","940","0","35.32","17.77"
"10","007","00","023","2302","0000","123","70","53","30","153","403","0","37.97","17.37"
"10","007","00","023","2302","0999","123","70","53","30","153","403","0","37.97","17.37"
"10","007","00","023","2303","0000","330","194","136","43","373","756","0","49.34","25.66"
"10","007","00","023","2303","1000","330","194","136","43","373","756","0","49.34","25.66"
"10","007","00","023","2304","0000","148","88","60","30","178","548","0","32.48","16.06"
"10","007","00","023","2304","1001","148","88","60","30","178","548","0","32.48","16.06"
"10","007","00","023","2305","0000","449","293","156","66","515","997","0","51.65","29.39"
"10","007","00","023","2305","1002","449","293","156","66","515","997","0","51.65","29.39"
"10","007","00","023","2306","0000","889","499","390","139","1028","2159","0","47.61","23.11"
"10","007","00","023","2306","1003","498","282","216","88","586","1300","0","45.08","21.69"
"10","007","00","023","2306","1004","391","217","174","51","442","859","0","51.46","25.26"
"10","007","00","023","2307","0000","593","390","203","57","650","1370","0","47.45","28.47"
"10","007","00","023","2307","1005","321","205","116","25","346","734","0","47.14","27.93"
"10","007","00","023","2307","1006","272","185","87","32","304","636","0","47.8","29.09"
"10","007","00","023","2308","0000","151","87","64","16","167","470","0","35.53","18.51"
"10","007","00","023","2308","1022","151","87","64","16","167","470","0","35.53","18.51"
"10","007","00","023","2309","0000","242","144","98","53","295","668","0","44.16","21.56"
"10","007","00","023","2309","1008","242","144","98","53","295","668","0","44.16","21.56"
"10","007","00","023","2310","0000","337","212","125","40","377","744","0","50.67","28.49"
"10","007","00","023","2310","1009","337","212","125","40","377","744","0","50.67","28.49"
"10","007","00","023","2311","0000","380","234","146","106","486","1026","0","47.37","22.81"
"10","007","00","023","2311","1010","380","234","146","106","486","1026","0","47.37","22.81"
"10","007","00","023","2312","0000","210","131","79","10","220","586","0","37.54","22.35"
"10","007","00","023","2312","1011","210","131","79","10","220","586","0","37.54","22.35"
"10","007","00","023","2313","0000","287","168","119","27","314","593","0","52.95","28.33"
"10","007","00","023","2313","1012","287","168","119","27","314","593","0","52.95","28.33"
"10","007","00","023","2314","0000","303","173","130","72","375","808","0","46.41","21.41"
"10","007","00","023","2314","1007","303","173","130","72","375","808","0","46.41","21.41"
"10","007","00","023","2315","0000","921","509","412","222","1143","2131","0","53.64","23.89"
"10","007","00","023","2315","1013","458","237","221","126","584","1071","0","54.53","22.13"
"10","007","00","023","2315","1014","463","272","191","96","559","1060","0","52.74","25.66"
"10","007","00","023","2316","0000","288","173","115","31","319","708","0","45.06","24.44"
"10","007","00","023","2316","1015","288","173","115","31","319","708","0","45.06","24.44"
"10","007","00","023","2317","0000","274","162","112","74","348","735","0","47.35","22.04"
"10","007","00","023","2317","1016","274","162","112","74","348","735","0","47.35","22.04"
"10","007","00","023","2318","0000","270","169","101","76","346","674","0","51.34","25.07"
"10","007","00","023","2318","1019","270","169","101","76","346","674","0","51.34","25.07"
"10","007","00","023","2319","0000","538","343","195","102","640","1300","0","49.23","26.38"
"10","007","00","023","2319","1017","270","163","107","61","331","571","0","57.97","28.55"
"10","007","00","023","2319","1018","268","180","88","41","309","729","0","42.39","24.69"
"10","007","00","023","2320","0000","785","484","301","112","897","1652","0","54.3","29.3"
"10","007","00","023","2320","1020","371","218","153","60","431","846","0","50.95","25.77"
"10","007","00","023","2320","1021","414","266","148","52","466","806","0","57.82","33.0"
"10","007","00","023","2321","0000","683","434","249","90","773","1441","0","53.64","30.12"
"10","007","00","023","2321","1023","558","352","206","63","621","1124","0","55.25","31.32"
"10","007","00","023","2321","1024","125","82","43","27","152","317","0","47.95","25.87"
"10","007","00","023","2322","0000","430","268","162","47","477","1086","0","43.92","24.68"
"10","007","00","023","2322","1028","430","268","162","47","477","1086","0","43.92","24.68"
"10","007","00","023","2323","0000","833","492","341","100","933","2125","0","43.91","23.15"
"10","007","00","023","2323","1025","426","242","184","71","497","1158","0","42.92","20.9"
"10","007","00","023","2323","1026","407","250","157","29","436","967","0","45.09","25.85"
"10","007","00","023","2324","0000","342","187","155","55","397","762","0","52.1","24.54"
"10","007","00","023","2324","1027","342","187","155","55","397","762","0","52.1","24.54"
"10","007","00","023","2325","0000","578","365","213","56","634","1400","0","45.29","26.07"
"10","007","00","023","2325","1029","338","203","135","30","368","747","0","49.26","27.18"
"10","007","00","023","2325","1030","240","162","78","26","266","653","0","40.74","24.81"
"10","007","00","023","2326","0000","1639","961","678","211","1850","3209","0","57.65","29.95"
"10","007","00","023","2326","1031","447","257","190","67","514","872","0","58.94","29.47"
"10","007","00","023","2326","1032","675","397","278","70","745","1235","0","60.32","32.15"
"10","007","00","023","2326","1033","517","307","210","74","591","1102","0","53.63","27.86"
"10","007","00","024","0000","0000","4875","2976","1899","748","5623","14713","16781","38.22","20.23"
"10","007","00","024","2401","0000","342","214","128","84","426","1104","0","38.59","19.38"
"10","007","00","024","2401","0982","342","214","128","84","426","1104","0","38.59","19.38"
"10","007","00","024","2402","0000","369","218","151","63","432","1092","0","39.56","19.96"
"10","007","00","024","2402","0986","159","105","54","24","183","518","0","35.33","20.27"
"10","007","00","024","2402","0987","210","113","97","39","249","574","0","43.38","19.69"
"10","007","00","024","2403","0000","543","341","202","67","610","1312","0","46.49","25.99"
"10","007","00","024","2403","0984","543","341","202","67","610","1312","0","46.49","25.99"
"10","007","00","024","2404","0000","291","173","118","75","366","853","0","42.91","20.28"
"10","007","00","024","2404","0985","291","173","118","75","366","853","0","42.91","20.28"
"10","007","00","024","2405","0000","452","290","162","85","537","964","0","55.71","30.08"
"10","007","00","024","2405","0983","452","290","162","85","537","964","0","55.71","30.08"
"10","007","00","024","2406","0000","364","218","146","45","409","1103","0","37.08","19.76"
"10","007","00","024","2406","0993","364","218","146","45","409","1103","0","37.08","19.76"
"10","007","00","024","2407","0000","367","232","135","31","398","1288","0","30.9","18.01"
"10","007","00","024","2407","0981","367","232","135","31","398","1288","0","30.9","18.01"
"10","007","00","024","2408","0000","231","122","109","37","268","702","0","38.18","17.38"
"10","007","00","024","2408","0988","231","122","109","37","268","702","0","38.18","17.38"
"10","007","00","024","2409","0000","192","126","66","32","224","686","0","32.65","18.37"
"10","007","00","024","2409","0996","192","126","66","32","224","686","0","32.65","18.37"
"10","007","00","024","2410","0000","287","168","119","43","330","1069","0","30.87","15.72"
"10","007","00","024","2410","0989","98","57","41","18","116","376","0","30.85","15.16"
"10","007","00","024","2410","0990","189","111","78","25","214","693","0","30.88","16.02"
"10","007","00","024","2411","0000","252","161","91","30","282","899","0","31.37","17.91"
"10","007","00","024","2411","0997","252","161","91","30","282","899","0","31.37","17.91"
"10","007","00","024","2412","0000","360","224","136","50","410","1192","0","34.4","18.79"
"10","007","00","024","2412","0994","360","224","136","50","410","1192","0","34.4","18.79"
"10","007","00","024","2413","0000","320","188","132","41","361","917","0","39.37","20.5"
"10","007","00","024","2413","0995","320","188","132","41","361","917","0","39.37","20.5"
"10","007","00","024","2414","0000","330","202","128","52","382","877","0","43.56","23.03"
"10","007","00","024","2414","0991","330","202","128","52","382","877","0","43.56","23.03"
"10","007","00","024","2415","0000","175","99","76","13","188","655","0","28.7","15.11"
"10","007","00","024","2415","0992","175","99","76","13","188","655","0","28.7","15.11"
"10","007","00","025","0000","0000","5957","3597","2360","870","6827","12821","15117","53.25","28.06"
"10","007","00","025","2501","0000","594","367","227","75","669","1168","0","57.28","31.42"
"10","007","00","025","2501","1034","594","367","227","75","669","1168","0","57.28","31.42"
"10","007","00","025","2502","0000","1041","608","433","100","1141","1925","0","59.27","31.58"
"10","007","00","025","2502","1035","508","296","212","38","546","965","0","56.58","30.67"
"10","007","00","025","2502","1036","533","312","221","62","595","960","0","61.98","32.5"
"10","007","00","025","2503","0000","417","232","185","66","483","743","0","65.01","31.22"
"10","007","00","025","2503","1037","417","232","185","66","483","743","0","65.01","31.22"
"10","007","00","025","2504","0000","295","174","121","44","339","751","0","45.14","23.17"
"10","007","00","025","2504","1038","295","174","121","44","339","751","0","45.14","23.17"
"10","007","00","025","2505","0000","606","361","245","74","680","1525","0","44.59","23.67"
"10","007","00","025","2505","1039","322","190","132","52","374","792","0","47.22","23.99"
"10","007","00","025","2505","1040","284","171","113","22","306","733","0","41.75","23.33"
"10","007","00","025","2506","0000","298","188","110","49","347","657","0","52.82","28.61"
"10","007","00","025","2506","1041","298","188","110","49","347","657","0","52.82","28.61"
"10","007","00","025","2507","0000","477","307","170","55","532","1063","0","50.05","28.88"
"10","007","00","025","2507","1042","477","307","170","55","532","1063","0","50.05","28.88"
"10","007","00","025","2508","0000","544","338","206","91","635","1114","0","57.0","30.34"
"10","007","00","025","2508","1043","544","338","206","91","635","1114","0","57.0","30.34"
"10","007","00","025","2509","0000","273","154","119","67","340","506","0","67.19","30.43"
"10","007","00","025","2509","1044","273","154","119","67","340","506","0","67.19","30.43"
"10","007","00","025","2510","0000","367","206","161","53","420","823","0","51.03","25.03"
"10","007","00","025","2510","1045","367","206","161","53","420","823","0","51.03","25.03"
"10","007","00","025","2511","0000","285","184","101","51","336","654","0","51.38","28.13"
"10","007","00","025","2511","1046","285","184","101","51","336","654","0","51.38","28.13"
"10","007","00","025","2512","0000","216","134","82","32","248","577","0","42.98","23.22"
"10","007","00","025","2512","1047","216","134","82","32","248","577","0","42.98","23.22"
"10","007","00","025","2513","0000","346","219","127","62","408","772","0","52.85","28.37"
"10","007","00","025","2513","1048","346","219","127","62","408","772","0","52.85","28.37"
"10","007","00","025","2514","0000","198","125","73","51","249","543","0","45.86","23.02"
"10","007","00","025","2514","1049","198","125","73","51","249","543","0","45.86","23.02"
"10","007","00","026","0000","0000","11493","6641","4852","1452","12945","25405","29797","50.95","26.14"
"10","007","00","026","2601","0000","847","479","368","87","934","1839","0","50.79","26.05"
"10","007","00","026","2601","0915","381","223","158","51","432","778","0","55.53","28.66"
"10","007","00","026","2601","0916","466","256","210","36","502","1061","0","47.31","24.13"
"10","007","00","026","2602","0000","564","332","232","87","651","1409","0","46.2","23.56"
"10","007","00","026","2602","0925","564","332","232","87","651","1409","0","46.2","23.56"
"10","007","00","026","2603","0000","464","299","165","66","530","1157","0","45.81","25.84"
"10","007","00","026","2603","0930","464","299","165","66","530","1157","0","45.81","25.84"
"10","007","00","026","2604","0000","754","432","322","87","841","1490","0","56.44","28.99"
"10","007","00","026","2604","0941","754","432","322","87","841","1490","0","56.44","28.99"
"10","007","00","026","2605","0000","285","157","128","36","321","701","0","45.79","22.4"
"10","007","00","026","2605","0917","285","157","128","36","321","701","0","45.79","22.4"
"10","007","00","026","2606","0000","664","381","283","101","765","1506","0","50.8","25.3"
"10","007","00","026","2606","0926","345","214","131","35","380","792","0","47.98","27.02"
"10","007","00","026","2606","0927","319","167","152","66","385","714","0","53.92","23.39"
"10","007","00","026","2607","0000","370","225","145","63","433","843","0","51.36","26.69"
"10","007","00","026","2607","0936","370","225","145","63","433","843","0","51.36","26.69"
"10","007","00","026","2608","0000","473","263","210","59","532","879","0","60.52","29.92"
"10","007","00","026","2608","0918","473","263","210","59","532","879","0","60.52","29.92"
"10","007","00","026","2609","0000","848","496","352","120","968","2071","0","46.74","23.95"
"10","007","00","026","2609","0928","466","274","192","73","539","1109","0","48.6","24.71"
"10","007","00","026","2609","0929","382","222","160","47","429","962","0","44.59","23.08"
"10","007","00","026","2610","0000","229","138","91","17","246","711","0","34.6","19.41"
"10","007","00","026","2610","0937","229","138","91","17","246","711","0","34.6","19.41"
"10","007","00","026","2611","0000","833","467","366","91","924","1532","0","60.31","30.48"
"10","007","00","026","2611","0919","380","208","172","49","429","654","0","65.6","31.8"
"10","007","00","026","2611","0920","453","259","194","42","495","878","0","56.38","29.5"
"10","007","00","026","2612","0000","848","505","343","121","969","1839","0","52.69","27.46"
"10","007","00","026","2612","0931","429","265","164","61","490","952","0","51.47","27.84"
"10","007","00","026","2612","0932","419","240","179","60","479","887","0","54.0","27.06"
"10","007","00","026","2613","0000","386","218","168","81","467","851","0","54.88","25.62"
"10","007","00","026","2613","0938","386","218","168","81","467","851","0","54.88","25.62"
"10","007","00","026","2614","0000","961","563","398","98","1059","1813","0","58.41","31.05"
"10","007","00","026","2614","0921","523","297","226","57","580","942","0","61.57","31.53"
"10","007","00","026","2614","0922","438","266","172","41","479","871","0","54.99","30.54"
"10","007","00","026","2615","0000","745","433","312","117","862","1876","0","45.95","23.08"
"10","007","00","026","2615","0933","326","192","134","54","380","866","0","43.88","22.17"
"10","007","00","026","2615","0934","419","241","178","63","482","1010","0","47.72","23.86"
"10","007","00","026","2616","0000","518","322","196","62","580","1247","0","46.51","25.82"
"10","007","00","026","2616","0940","518","322","196","62","580","1247","0","46.51","25.82"
"10","007","00","026","2617","0000","928","523","405","95","1023","1905","0","53.7","27.45"
"10","007","00","026","2617","0923","481","280","201","41","522","1047","0","49.86","26.74"
"10","007","00","026","2617","0924","447","243","204","54","501","858","0","58.39","28.32"
"10","007","00","026","2618","0000","398","205","193","27","425","853","0","49.82","24.03"
"10","007","00","026","2618","0935","398","205","193","27","425","853","0","49.82","24.03"
"10","007","00","026","2619","0000","378","203","175","37","415","883","0","47.0","22.99"
"10","007","00","026","2619","0939","378","203","175","37","415","883","0","47.0","22.99"
"10","008","00","000","0000","0000","224087","138860","85227","21345","245432","427089","497876","57.47","32.51"
"10","008","00","001","0000","0000","47380","29595","17785","3612","50992","84328","99538","60.47","35.1"
"10","008","00","001","0101","0000","524","316","208","28","552","927","0","59.55","34.09"
"10","008","00","001","0101","0001","524","316","208","28","552","927","0","59.55","34.09"
"10","008","00","001","0102","0000","873","512","361","75","948","1440","0","65.83","35.56"
"10","008","00","001","0102","0002","420","241","179","34","454","667","0","68.07","36.13"
"10","008","00","001","0102","0003","453","271","182","41","494","773","0","63.91","35.06"
"10","008","00","001","0103","0000","475","282","193","41","516","818","0","63.08","34.47"
"10","008","00","001","0103","0004","475","282","193","41","516","818","0","63.08","34.47"
"10","008","00","001","0104","0000","328","194","134","28","356","525","0","67.81","36.95"
"10","008","00","001","0104","0005","328","194","134","28","356","525","0","67.81","36.95"
"10","008","00","001","0105","0000","343","206","137","41","384","575","0","66.78","35.83"
"10","008","00","001","0105","0006","343","206","137","41","384","575","0","66.78","35.83"
"10","008","00","001","0106","0000","233","150","83","21","254","368","0","69.02","40.76"
"10","008","00","001","0106","0007","233","150","83","21","254","368","0","69.02","40.76"
"10","008","00","001","0107","0000","583","366","217","55","638","956","0","66.74","38.28"
"10","008","00","001","0107","0008","583","366","217","55","638","956","0","66.74","38.28"
"10","008","00","001","0108","0000","1573","1009","564","123","1696","2632","0","64.44","38.34"
"10","008","00","001","0108","0058","815","524","291","76","891","1387","0","64.24","37.78"
"10","008","00","001","0108","0059","758","485","273","47","805","1245","0","64.66","38.96"
"10","008","00","001","0109","0000","4104","2409","1695","299","4403","7018","0","62.74","34.33"
"10","008","00","001","0109","0060","664","404","260","34","698","1199","0","58.22","33.69"
"10","008","00","001","0109","0061","735","451","284","51","786","1288","0","61.02","35.02"
"10","008","00","001","0109","0062","562","331","231","59","621","1040","0","59.71","31.83"
"10","008","00","001","0109","0063","606","372","234","57","663","1070","0","61.96","34.77"
"10","008","00","001","0109","0064","765","490","275","51","816","1299","0","62.82","37.72"
"10","008","00","001","0109","0065","772","361","411","47","819","1122","0","72.99","32.17"
"10","008","00","001","0110","0000","2388","1519","869","166","2554","4543","0","56.22","33.44"
"10","008","00","001","0110","0032","737","459","278","51","788","1356","0","58.11","33.85"
"10","008","00","001","0110","0033","690","446","244","60","750","1373","0","54.62","32.48"
"10","008","00","001","0110","0034","775","496","279","42","817","1452","0","56.27","34.16"
"10","008","00","001","0110","0035","186","118","68","13","199","362","0","54.97","32.6"
"10","008","00","001","0111","0000","208","124","84","28","236","389","0","60.67","31.88"
"10","008","00","001","0111","0036","208","124","84","28","236","389","0","60.67","31.88"
"10","008","00","001","0112","0000","3388","2053","1335","281","3669","5992","0","61.23","34.26"
"10","008","00","001","0112","0022","516","310","206","37","553","960","0","57.6","32.29"
"10","008","00","001","0112","0023","517","315","202","40","557","906","0","61.48","34.77"
"10","008","00","001","0112","0024","540","328","212","53","593","957","0","61.96","34.27"
"10","008","00","001","0112","0025","587","347","240","65","652","997","0","65.4","34.8"
"10","008","00","001","0112","0026","578","365","213","49","627","1008","0","62.2","36.21"
"10","008","00","001","0112","0027","650","388","262","37","687","1164","0","59.02","33.33"
"10","008","00","001","0113","0000","1052","654","398","129","1181","2045","0","57.75","31.98"
"10","008","00","001","0113","0028","311","193","118","41","352","587","0","59.97","32.88"
"10","008","00","001","0113","0029","364","227","137","41","405","734","0","55.18","30.93"
"10","008","00","001","0113","0030","377","234","143","47","424","724","0","58.56","32.32"
"10","008","00","001","0114","0000","565","396","169","38","603","1003","0","60.12","39.48"
"10","008","00","001","0114","0031","565","396","169","38","603","1003","0","60.12","39.48"
"10","008","00","001","0115","0000","3026","1932","1094","184","3210","5426","0","59.16","35.61"
"10","008","00","001","0115","0009","626","396","230","28","654","1245","0","52.53","31.81"
"10","008","00","001","0115","0010","816","512","304","40","856","1484","0","57.68","34.5"
"10","008","00","001","0115","0011","723","477","246","57","780","1191","0","65.49","40.05"
"10","008","00","001","0115","0012","861","547","314","59","920","1506","0","61.09","36.32"
"10","008","00","001","0116","0000","1665","1065","600","127","1792","2790","0","64.23","38.17"
"10","008","00","001","0116","0013","631","375","256","44","675","1070","0","63.08","35.05"
"10","008","00","001","0116","0014","392","266","126","30","422","670","0","62.99","39.7"
"10","008","00","001","0116","0015","642","424","218","53","695","1050","0","66.19","40.38"
"10","008","00","001","0117","0000","1072","662","410","93","1165","2106","0","55.32","31.43"
"10","008","00","001","0117","0016","559","349","210","50","609","1122","0","54.28","31.11"
"10","008","00","001","0117","0017","513","313","200","43","556","984","0","56.5","31.81"
"10","008","00","001","0118","0000","2527","1574","953","197","2724","4411","0","61.75","35.68"
"10","008","00","001","0118","0018","650","429","221","32","682","1062","0","64.22","40.4"
"10","008","00","001","0118","0019","578","363","215","71","649","1053","0","61.63","34.47"
"10","008","00","001","0118","0020","656","394","262","46","702","1104","0","63.59","35.69"
"10","008","00","001","0118","0021","643","388","255","48","691","1192","0","57.97","32.55"
"10","008","00","001","0119","0000","942","587","355","100","1042","1930","0","53.99","30.41"
"10","008","00","001","0119","0083","470","300","170","67","537","950","0","56.53","31.58"
"10","008","00","001","0119","0084","472","287","185","33","505","980","0","51.53","29.29"
"10","008","00","001","0120","0000","347","214","133","50","397","790","0","50.25","27.09"
"10","008","00","001","0120","0081","347","214","133","50","397","790","0","50.25","27.09"
"10","008","00","001","0121","0000","260","156","104","22","282","647","0","43.59","24.11"
"10","008","00","001","0121","0082","260","156","104","22","282","647","0","43.59","24.11"
"10","008","00","001","0122","0000","487","288","199","105","592","1122","0","52.76","25.67"
"10","008","00","001","0122","0080","487","288","199","105","592","1122","0","52.76","25.67"
"10","008","00","001","0123","0000","2887","1790","1097","209","3096","5362","0","57.74","33.38"
"10","008","00","001","0123","0066","783","490","293","60","843","1414","0","59.62","34.65"
"10","008","00","001","0123","0067","612","367","245","51","663","1121","0","59.14","32.74"
"10","008","00","001","0123","0068","777","467","310","40","817","1434","0","56.97","32.57"
"10","008","00","001","0123","0069","715","466","249","58","773","1393","0","55.49","33.45"
"10","008","00","001","0124","0000","2507","1537","970","139","2646","4907","0","53.92","31.32"
"10","008","00","001","0124","0070","571","371","200","28","599","1059","0","56.56","35.03"
"10","008","00","001","0124","0071","659","397","262","43","702","1218","0","57.64","32.59"
"10","008","00","001","0124","0072","647","405","242","25","672","1293","0","51.97","31.32"
"10","008","00","001","0124","0073","630","364","266","43","673","1337","0","50.34","27.23"
"10","008","00","001","0125","0000","1615","955","660","97","1712","2859","0","59.88","33.4"
"10","008","00","001","0125","0074","524","308","216","32","556","876","0","63.47","35.16"
"10","008","00","001","0125","0075","531","322","209","32","563","971","0","57.98","33.16"
"10","008","00","001","0125","0076","560","325","235","33","593","1012","0","58.6","32.11"
"10","008","00","001","0126","0000","1621","1000","621","154","1775","2999","0","59.19","33.34"
"10","008","00","001","0126","0077","493","314","179","46","539","973","0","55.4","32.27"
"10","008","00","001","0126","0078","573","363","210","52","625","1002","0","62.38","36.23"
"10","008","00","001","0126","0079","555","323","232","56","611","1024","0","59.67","31.54"
"10","008","00","001","0127","0000","3689","2438","1251","203","3892","5880","0","66.19","41.46"
"10","008","00","001","0127","0039","545","341","204","48","593","921","0","64.39","37.02"
"10","008","00","001","0127","0040","591","383","208","32","623","892","0","69.84","42.94"
"10","008","00","001","0127","0041","659","450","209","37","696","1050","0","66.29","42.86"
"10","008","00","001","0127","0042","656","429","227","33","689","1078","0","63.91","39.8"
"10","008","00","001","0127","0043","644","449","195","24","668","1078","0","61.97","41.65"
"10","008","00","001","0127","0044","594","386","208","29","623","861","0","72.36","44.83"
"10","008","00","001","0128","0000","1420","848","572","124","1544","2365","0","65.29","35.86"
"10","008","00","001","0128","0037","766","469","297","64","830","1276","0","65.05","36.76"
"10","008","00","001","0128","0038","654","379","275","60","714","1089","0","65.56","34.8"
"10","008","00","001","0129","0000","3833","2427","1406","260","4093","6589","0","62.12","36.83"
"10","008","00","001","0129","0045","642","381","261","86","728","1221","0","59.62","31.2"
"10","008","00","001","0129","0046","624","397","227","34","658","1105","0","59.55","35.93"
"10","008","00","001","0129","0047","728","455","273","27","755","1230","0","61.38","36.99"
"10","008","00","001","0129","0048","630","400","230","45","675","1092","0","61.81","36.63"
"10","008","00","001","0129","0049","803","542","261","20","823","1286","0","64.0","42.15"
"10","008","00","001","0129","0050","406","252","154","48","454","655","0","69.31","38.47"
"10","008","00","001","0130","0000","820","517","303","66","886","1439","0","61.57","35.93"
"10","008","00","001","0130","0051","436","269","167","33","469","719","0","65.23","37.41"
"10","008","00","001","0130","0052","384","248","136","33","417","720","0","57.92","34.44"
"10","008","00","001","0131","0000","482","350","132","24","506","848","0","59.67","41.27"
"10","008","00","001","0131","0057","482","350","132","24","506","848","0","59.67","41.27"
"10","008","00","001","0132","0000","618","444","174","44","662","1108","0","59.75","40.07"
"10","008","00","001","0132","0054","261","178","83","19","280","492","0","56.91","36.18"
"10","008","00","001","0132","0055","357","266","91","25","382","616","0","62.01","43.18"
"10","008","00","001","0133","0000","602","420","182","40","642","1010","0","63.56","41.58"
"10","008","00","001","0133","0056","602","420","182","40","642","1010","0","63.56","41.58"
"10","008","00","001","0134","0000","323","201","122","21","344","509","0","67.58","39.49"
"10","008","00","001","0134","0053","323","201","122","21","344","509","0","67.58","39.49"
"10","008","00","002","0000","0000","35825","22085","13740","3508","39333","68763","80408","57.2","32.12"
"10","008","00","002","0201","0000","1450","899","551","152","1602","2676","0","59.87","33.59"
"10","008","00","002","0201","0085","455","273","182","47","502","828","0","60.63","32.97"
"10","008","00","002","0201","0086","437","275","162","54","491","786","0","62.47","34.99"
"10","008","00","002","0201","0087","558","351","207","51","609","1062","0","57.34","33.05"
"10","008","00","002","0202","0000","523","304","219","30","553","838","0","65.99","36.28"
"10","008","00","002","0202","0105","523","304","219","30","553","838","0","65.99","36.28"
"10","008","00","002","0203","0000","1482","883","599","119","1601","3107","0","51.53","28.42"
"10","008","00","002","0203","0102","458","283","175","27","485","901","0","53.83","31.41"
"10","008","00","002","0203","0103","494","306","188","47","541","997","0","54.26","30.69"
"10","008","00","002","0203","0104","530","294","236","45","575","1209","0","47.56","24.32"
"10","008","00","002","0204","0000","1247","753","494","150","1397","2489","0","56.13","30.25"
"10","008","00","002","0204","0106","549","339","210","63","612","1226","0","49.92","27.65"
"10","008","00","002","0204","0107","698","414","284","87","785","1263","0","62.15","32.78"
"10","008","00","002","0205","0000","1106","692","414","113","1219","2233","0","54.59","30.99"
"10","008","00","002","0205","0121","582","362","220","58","640","1133","0","56.49","31.95"
"10","008","00","002","0205","0122","524","330","194","55","579","1100","0","52.64","30.0"
"10","008","00","002","0206","0000","618","371","247","46","664","1023","0","64.91","36.27"
"10","008","00","002","0206","0126","618","371","247","46","664","1023","0","64.91","36.27"
"10","008","00","002","0207","0000","1848","1147","701","199","2047","3705","0","55.25","30.96"
"10","008","00","002","0207","0123","618","385","233","58","676","1155","0","58.53","33.33"
"10","008","00","002","0207","0124","605","358","247","67","672","1254","0","53.59","28.55"
"10","008","00","002","0207","0125","625","404","221","74","699","1296","0","53.94","31.17"
"10","008","00","002","0208","0000","3118","1944","1174","237","3355","5777","0","58.08","33.65"
"10","008","00","002","0208","0127","447","284","163","20","467","964","0","48.44","29.46"
"10","008","00","002","0208","0128","522","323","199","48","570","986","0","57.81","32.76"
"10","008","00","002","0208","0129","577","367","210","40","617","1016","0","60.73","36.12"
"10","008","00","002","0208","0130","482","290","192","54","536","898","0","59.69","32.29"
"10","008","00","002","0208","0131","554","343","211","44","598","980","0","61.02","35.0"
"10","008","00","002","0208","0132","536","337","199","31","567","933","0","60.77","36.12"
"10","008","00","002","0209","0000","595","387","208","59","654","929","0","70.4","41.66"
"10","008","00","002","0209","0133","595","387","208","59","654","929","0","70.4","41.66"
"10","008","00","002","0210","0000","3784","2322","1462","345","4129","7458","0","55.36","31.13"
"10","008","00","002","0210","0090","671","429","242","38","709","1282","0","55.3","33.46"
"10","008","00","002","0210","0091","442","270","172","57","499","859","0","58.09","31.43"
"10","008","00","002","0210","0092","652","405","247","93","745","1288","0","57.84","31.44"
"10","008","00","002","0210","0093","719","430","289","41","760","1330","0","57.14","32.33"
"10","008","00","002","0210","0094","705","435","270","62","767","1416","0","54.17","30.72"
"10","008","00","002","0210","0095","595","353","242","54","649","1283","0","50.58","27.51"
"10","008","00","002","0211","0000","1943","1160","783","226","2169","3815","0","56.85","30.41"
"10","008","00","002","0211","0096","600","339","261","101","701","1151","0","60.9","29.45"
"10","008","00","002","0211","0097","595","339","256","39","634","1193","0","53.14","28.42"
"10","008","00","002","0211","0098","748","482","266","86","834","1471","0","56.7","32.77"
"10","008","00","002","0212","0000","427","238","189","106","533","1044","0","51.05","22.8"
"10","008","00","002","0212","0099","427","238","189","106","533","1044","0","51.05","22.8"
"10","008","00","002","0213","0000","588","346","242","78","666","1122","0","59.36","30.84"
"10","008","00","002","0213","0100","588","346","242","78","666","1122","0","59.36","30.84"
"10","008","00","002","0214","0000","663","417","246","63","726","1129","0","64.3","36.94"
"10","008","00","002","0214","0101","663","417","246","63","726","1129","0","64.3","36.94"
"10","008","00","002","0215","0000","487","285","202","102","589","1032","0","57.07","27.62"
"10","008","00","002","0215","0134","487","285","202","102","589","1032","0","57.07","27.62"
"10","008","00","002","0216","0000","145","104","41","5","150","315","0","47.62","33.02"
"10","008","00","002","0216","0135","145","104","41","5","150","315","0","47.62","33.02"
"10","008","00","002","0217","0000","638","370","268","84","722","1363","0","52.97","27.15"
"10","008","00","002","0217","0136","638","370","268","84","722","1363","0","52.97","27.15"
"10","008","00","002","0218","0000","799","454","345","68","867","1430","0","60.63","31.75"
"10","008","00","002","0218","0137","403","242","161","36","439","725","0","60.55","33.38"
"10","008","00","002","0218","0138","396","212","184","32","428","705","0","60.71","30.07"
"10","008","00","002","0219","0000","945","602","343","78","1023","1683","0","60.78","35.77"
"10","008","00","002","0219","0139","456","285","171","33","489","751","0","65.11","37.95"
"10","008","00","002","0219","0140","489","317","172","45","534","932","0","57.3","34.01"
"10","008","00","002","0220","0000","721","431","290","56","777","1332","0","58.33","32.36"
"10","008","00","002","0220","0141","530","306","224","39","569","956","0","59.52","32.01"
"10","008","00","002","0220","0142","191","125","66","17","208","376","0","55.32","33.24"
"10","008","00","002","0221","0000","372","205","167","36","408","682","0","59.82","30.06"
"10","008","00","002","0221","0143","372","205","167","36","408","682","0","59.82","30.06"
"10","008","00","002","0222","0000","585","485","100","59","644","990","0","65.05","48.99"
"10","008","00","002","0222","0144","585","485","100","59","644","990","0","65.05","48.99"
"10","008","00","002","0223","0000","576","390","186","81","657","1170","0","56.15","33.33"
"10","008","00","002","0223","0147","576","390","186","81","657","1170","0","56.15","33.33"
"10","008","00","002","0224","0000","331","217","114","22","353","604","0","58.44","35.93"
"10","008","00","002","0224","0148","331","217","114","22","353","604","0","58.44","35.93"
"10","008","00","002","0225","0000","507","298","209","47","554","999","0","55.46","29.83"
"10","008","00","002","0225","0149","507","298","209","47","554","999","0","55.46","29.83"
"10","008","00","002","0226","0000","1399","878","521","108","1507","2791","0","53.99","31.46"
"10","008","00","002","0226","0150","412","267","145","38","450","923","0","48.75","28.93"
"10","008","00","002","0226","0151","499","314","185","39","538","887","0","60.65","35.4"
"10","008","00","002","0226","0152","488","297","191","31","519","981","0","52.91","30.28"
"10","008","00","002","0227","0000","882","504","378","85","967","1630","0","59.33","30.92"
"10","008","00","002","0227","0116","377","161","216","52","429","725","0","59.17","22.21"
"10","008","00","002","0227","0117","505","343","162","33","538","905","0","59.45","37.9"
"10","008","00","002","0228","0000","1257","767","490","149","1406","2588","0","54.33","29.64"
"10","008","00","002","0228","0118","575","363","212","69","644","1179","0","54.62","30.79"
"10","008","00","002","0228","0119","449","262","187","44","493","944","0","52.22","27.75"
"10","008","00","002","0228","0120","233","142","91","36","269","465","0","57.85","30.54"
"10","008","00","002","0229","0000","685","384","301","133","818","1622","0","50.43","23.67"
"10","008","00","002","0229","0145","556","318","238","116","672","1324","0","50.76","24.02"
"10","008","00","002","0229","0146","129","66","63","17","146","298","0","48.99","22.15"
"10","008","00","002","0230","0000","1866","1177","689","144","2010","3227","0","62.29","36.47"
"10","008","00","002","0230","0108","606","390","216","33","639","1045","0","61.15","37.32"
"10","008","00","002","0230","0109","620","400","220","60","680","1120","0","60.71","35.71"
"10","008","00","002","0230","0110","640","387","253","51","691","1062","0","65.07","36.44"
"10","008","00","002","0231","0000","1391","869","522","126","1517","2616","0","57.99","33.22"
"10","008","00","002","0231","0088","660","421","239","89","749","1201","0","62.36","35.05"
"10","008","00","002","0231","0089","731","448","283","37","768","1415","0","54.28","31.66"
"10","008","00","002","0232","0000","1696","1072","624","116","1812","3179","0","57.0","33.72"
"10","008","00","002","0232","0111","548","352","196","41","589","1022","0","57.63","34.44"
"10","008","00","002","0232","0112","565","370","195","34","599","1051","0","56.99","35.2"
"10","008","00","002","0232","0113","583","350","233","41","624","1106","0","56.42","31.65"
"10","008","00","002","0233","0000","1151","730","421","86","1237","2165","0","57.14","33.72"
"10","008","00","002","0233","0114","568","364","204","33","601","1098","0","54.74","33.15"
"10","008","00","002","0233","0115","583","366","217","53","636","1067","0","59.61","34.3"
"10","008","00","003","0000","0000","44519","27449","17070","3385","47904","82922","97223","57.77","33.1"
"10","008","00","003","0301","0000","1168","770","398","71","1239","2125","0","58.31","36.24"
"10","008","00","003","0301","0153","576","407","169","35","611","998","0","61.22","40.78"
"10","008","00","003","0301","0154","592","363","229","36","628","1127","0","55.72","32.21"
"10","008","00","003","0302","0000","1110","674","436","91","1201","2077","0","57.82","32.45"
"10","008","00","003","0302","0158","495","320","175","38","533","936","0","56.94","34.19"
"10","008","00","003","0302","0159","615","354","261","53","668","1141","0","58.55","31.03"
"10","008","00","003","0303","0000","653","374","279","31","684","1121","0","61.02","33.36"
"10","008","00","003","0303","0161","653","374","279","31","684","1121","0","61.02","33.36"
"10","008","00","003","0304","0000","3521","2165","1356","275","3796","6455","0","58.81","33.54"
"10","008","00","003","0304","0164","644","396","248","53","697","1267","0","55.01","31.25"
"10","008","00","003","0304","0165","637","429","208","84","721","1214","0","59.39","35.34"
"10","008","00","003","0304","0166","697","419","278","49","746","1259","0","59.25","33.28"
"10","008","00","003","0304","0167","824","515","309","47","871","1442","0","60.4","35.71"
"10","008","00","003","0304","0168","719","406","313","42","761","1273","0","59.78","31.89"
"10","008","00","003","0305","0000","4152","2635","1517","289","4441","7422","0","59.84","35.5"
"10","008","00","003","0305","0169","605","408","197","47","652","1145","0","56.94","35.63"
"10","008","00","003","0305","0170","677","454","223","38","715","1279","0","55.9","35.5"
"10","008","00","003","0305","0171","603","383","220","43","646","1158","0","55.79","33.07"
"10","008","00","003","0305","0172","818","530","288","64","882","1335","0","66.07","39.7"
"10","008","00","003","0305","0173","714","402","312","50","764","1178","0","64.86","34.13"
"10","008","00","003","0305","0174","735","458","277","47","782","1327","0","58.93","34.51"
"10","008","00","003","0306","0000","3398","1972","1426","251","3649","6403","0","56.99","30.8"
"10","008","00","003","0306","0208","751","440","311","73","824","1466","0","56.21","30.01"
"10","008","00","003","0306","0209","635","392","243","42","677","1180","0","57.37","33.22"
"10","008","00","003","0306","0210","572","350","222","42","614","1006","0","61.03","34.79"
"10","008","00","003","0306","0211","468","291","177","39","507","1000","0","50.7","29.1"
"10","008","00","003","0306","0212","644","293","351","42","686","1128","0","60.82","25.98"
"10","008","00","003","0306","0213","328","206","122","13","341","623","0","54.74","33.07"
"10","008","00","003","0307","0000","2898","1778","1120","231","3129","6046","0","51.75","29.41"
"10","008","00","003","0307","0190","622","391","231","39","661","1395","0","47.38","28.03"
"10","008","00","003","0307","0191","643","405","238","41","684","1101","0","62.13","36.78"
"10","008","00","003","0307","0192","662","402","260","41","703","1297","0","54.2","30.99"
"10","008","00","003","0307","0193","368","206","162","31","399","877","0","45.5","23.49"
"10","008","00","003","0307","0194","603","374","229","79","682","1376","0","49.56","27.18"
"10","008","00","003","0308","0000","2304","1403","901","195","2499","4066","0","61.46","34.51"
"10","008","00","003","0308","0195","603","359","244","58","661","1008","0","65.58","35.62"
"10","008","00","003","0308","0196","609","374","235","56","665","1080","0","61.57","34.63"
"10","008","00","003","0308","0197","519","329","190","41","560","1017","0","55.06","32.35"
"10","008","00","003","0308","0198","573","341","232","40","613","961","0","63.79","35.48"
"10","008","00","003","0309","0000","2232","1348","884","143","2375","4392","0","54.08","30.69"
"10","008","00","003","0309","0181","498","296","202","28","526","1048","0","50.19","28.24"
"10","008","00","003","0309","0182","539","312","227","41","580","1009","0","57.48","30.92"
"10","008","00","003","0309","0183","571","368","203","34","605","1138","0","53.16","32.34"
"10","008","00","003","0309","0184","624","372","252","40","664","1197","0","55.47","31.08"
"10","008","00","003","0310","0000","1371","859","512","88","1459","2423","0","60.21","35.45"
"10","008","00","003","0310","0185","769","469","300","40","809","1364","0","59.31","34.38"
"10","008","00","003","0310","0186","602","390","212","48","650","1059","0","61.38","36.83"
"10","008","00","003","0311","0000","1572","992","580","155","1727","2944","0","58.66","33.7"
"10","008","00","003","0311","0187","609","369","240","50","659","1108","0","59.48","33.3"
"10","008","00","003","0311","0188","462","308","154","43","505","879","0","57.45","35.04"
"10","008","00","003","0311","0189","501","315","186","62","563","957","0","58.83","32.92"
"10","008","00","003","0312","0000","1739","1065","674","108","1847","3143","0","58.77","33.88"
"10","008","00","003","0312","0178","582","341","241","37","619","1121","0","55.22","30.42"
"10","008","00","003","0312","0179","581","367","214","41","622","1043","0","59.64","35.19"
"10","008","00","003","0312","0180","576","357","219","30","606","979","0","61.9","36.47"
"10","008","00","003","0313","0000","1929","1173","756","139","2068","3524","0","58.68","33.29"
"10","008","00","003","0313","0199","658","406","252","51","709","1160","0","61.12","35.0"
"10","008","00","003","0313","0200","605","371","234","43","648","1121","0","57.81","33.1"
"10","008","00","003","0313","0201","666","396","270","45","711","1243","0","57.2","31.86"
"10","008","00","003","0314","0000","1538","936","602","139","1677","2919","0","57.45","32.07"
"10","008","00","003","0314","0205","521","318","203","52","573","923","0","62.08","34.45"
"10","008","00","003","0314","0206","480","286","194","51","531","970","0","54.74","29.48"
"10","008","00","003","0314","0207","537","332","205","36","573","1026","0","55.85","32.36"
"10","008","00","003","0315","0000","735","448","287","51","786","1518","0","51.78","29.51"
"10","008","00","003","0315","0204","735","448","287","51","786","1518","0","51.78","29.51"
"10","008","00","003","0316","0000","1298","818","480","115","1413","2255","0","62.66","36.27"
"10","008","00","003","0316","0202","516","321","195","39","555","932","0","59.55","34.44"
"10","008","00","003","0316","0203","782","497","285","76","858","1323","0","64.85","37.57"
"10","008","00","003","0317","0000","936","556","380","130","1066","1953","0","54.58","28.47"
"10","008","00","003","0317","0214","357","195","162","63","420","707","0","59.41","27.58"
"10","008","00","003","0317","0215","347","214","133","40","387","719","0","53.82","29.76"
"10","008","00","003","0317","0216","232","147","85","27","259","527","0","49.15","27.89"
"10","008","00","003","0318","0000","1134","704","430","105","1239","2052","0","60.38","34.31"
"10","008","00","003","0318","0217","640","382","258","65","705","1183","0","59.59","32.29"
"10","008","00","003","0318","0218","494","322","172","40","534","869","0","61.45","37.05"
"10","008","00","003","0319","0000","2149","1275","874","144","2293","4114","0","55.74","30.99"
"10","008","00","003","0319","0219","545","315","230","16","561","1132","0","49.56","27.83"
"10","008","00","003","0319","0220","515","292","223","54","569","949","0","59.96","30.77"
"10","008","00","003","0319","0221","550","333","217","40","590","965","0","61.14","34.51"
"10","008","00","003","0319","0222","539","335","204","34","573","1068","0","53.65","31.37"
"10","008","00","003","0320","0000","821","510","311","72","893","1659","0","53.83","30.74"
"10","008","00","003","0320","0224","321","205","116","31","352","642","0","54.83","31.93"
"10","008","00","003","0320","0225","500","305","195","41","541","1017","0","53.2","29.99"
"10","008","00","003","0321","0000","570","354","216","58","628","1024","0","61.33","34.57"
"10","008","00","003","0321","0223","570","354","216","58","628","1024","0","61.33","34.57"
"10","008","00","003","0322","0000","1194","749","445","130","1324","2276","0","58.17","32.91"
"10","008","00","003","0322","0227","586","378","208","68","654","1170","0","55.9","32.31"
"10","008","00","003","0322","0228","608","371","237","62","670","1106","0","60.58","33.54"
"10","008","00","003","0323","0000","587","384","203","38","625","1092","0","57.23","35.16"
"10","008","00","003","0323","0226","587","384","203","38","625","1092","0","57.23","35.16"
"10","008","00","003","0324","0000","416","264","152","29","445","705","0","63.12","37.45"
"10","008","00","003","0324","0160","416","264","152","29","445","705","0","63.12","37.45"
"10","008","00","003","0325","0000","1311","831","480","95","1406","2278","0","61.72","36.48"
"10","008","00","003","0325","0162","551","347","204","31","582","877","0","66.36","39.57"
"10","008","00","003","0325","0163","760","484","276","64","824","1401","0","58.82","34.55"
"10","008","00","003","0326","0000","2016","1239","777","114","2130","3796","0","56.11","32.64"
"10","008","00","003","0326","0155","715","439","276","29","744","1401","0","53.1","31.33"
"10","008","00","003","0326","0156","580","343","237","34","614","1110","0","55.32","30.9"
"10","008","00","003","0326","0157","721","457","264","51","772","1285","0","60.08","35.56"
"10","008","00","003","0327","0000","1767","1173","594","98","1865","3140","0","59.39","37.36"
"10","008","00","003","0327","0175","572","374","198","26","598","1000","0","59.8","37.4"
"10","008","00","003","0327","0176","683","480","203","36","719","1257","0","57.2","38.19"
"10","008","00","003","0327","0177","512","319","193","36","548","883","0","62.06","36.13"
"10","008","00","004","0000","0000","23463","14566","8897","2384","25847","47034","54689","54.95","30.97"
"10","008","00","004","0401","0000","1111","711","400","124","1235","2020","0","61.14","35.2"
"10","008","00","004","0401","0229","643","421","222","62","705","1170","0","60.26","35.98"
"10","008","00","004","0401","0230","468","290","178","62","530","850","0","62.35","34.12"
"10","008","00","004","0402","0000","309","189","120","33","342","621","0","55.07","30.43"
"10","008","00","004","0402","0231","309","189","120","33","342","621","0","55.07","30.43"
"10","008","00","004","0403","0000","2257","1422","835","220","2477","4505","0","54.98","31.56"
"10","008","00","004","0403","0232","469","292","177","36","505","905","0","55.8","32.27"
"10","008","00","004","0403","0233","498","320","178","59","557","1099","0","50.68","29.12"
"10","008","00","004","0403","0234","581","359","222","56","637","1214","0","52.47","29.57"
"10","008","00","004","0403","0235","709","451","258","69","778","1287","0","60.45","35.04"
"10","008","00","004","0404","0000","1855","1130","725","183","2038","3587","0","56.82","31.5"
"10","008","00","004","0404","0236","613","398","215","62","675","1191","0","56.68","33.42"
"10","008","00","004","0404","0237","558","335","223","77","635","1118","0","56.8","29.96"
"10","008","00","004","0404","0238","684","397","287","44","728","1278","0","56.96","31.06"
"10","008","00","004","0405","0000","926","567","359","70","996","1715","0","58.08","33.06"
"10","008","00","004","0405","0270","443","269","174","51","494","793","0","62.3","33.92"
"10","008","00","004","0405","0271","483","298","185","19","502","922","0","54.45","32.32"
"10","008","00","004","0406","0000","642","396","246","45","687","1193","0","57.59","33.19"
"10","008","00","004","0406","0244","291","181","110","30","321","511","0","62.82","35.42"
"10","008","00","004","0406","0245","351","215","136","15","366","682","0","53.67","31.52"
"10","008","00","004","0407","0000","1859","1185","674","162","2021","3710","0","54.47","31.94"
"10","008","00","004","0407","0241","676","448","228","57","733","1308","0","56.04","34.25"
"10","008","00","004","0407","0242","661","418","243","51","712","1358","0","52.43","30.78"
"10","008","00","004","0407","0243","522","319","203","54","576","1044","0","55.17","30.56"
"10","008","00","004","0408","0000","451","282","169","27","478","989","0","48.33","28.51"
"10","008","00","004","0408","0246","451","282","169","27","478","989","0","48.33","28.51"
"10","008","00","004","0409","0000","700","437","263","53","753","1378","0","54.64","31.71"
"10","008","00","004","0409","0247","700","437","263","53","753","1378","0","54.64","31.71"
"10","008","00","004","0410","0000","388","266","122","34","422","875","0","48.23","30.4"
"10","008","00","004","0410","0272","176","115","61","18","194","366","0","53.01","31.42"
"10","008","00","004","0410","0273","212","151","61","16","228","509","0","44.79","29.67"
"10","008","00","004","0411","0000","1410","853","557","139","1549","2882","0","53.75","29.6"
"10","008","00","004","0411","0260","700","427","273","65","765","1320","0","57.95","32.35"
"10","008","00","004","0411","0261","459","281","178","30","489","967","0","50.57","29.06"
"10","008","00","004","0411","0262","251","145","106","44","295","595","0","49.58","24.37"
"10","008","00","004","0412","0000","756","456","300","91","847","1729","0","48.99","26.37"
"10","008","00","004","0412","0258","391","247","144","36","427","908","0","47.03","27.2"
"10","008","00","004","0412","0259","365","209","156","55","420","821","0","51.16","25.46"
"10","008","00","004","0413","0000","402","239","163","74","476","859","0","55.41","27.82"
"10","008","00","004","0413","0263","402","239","163","74","476","859","0","55.41","27.82"
"10","008","00","004","0414","0000","2607","1637","970","227","2834","4873","0","58.16","33.59"
"10","008","00","004","0414","0251","745","453","292","65","810","1437","0","56.37","31.52"
"10","008","00","004","0414","0252","724","443","281","50","774","1286","0","60.19","34.45"
"10","008","00","004","0414","0253","592","391","201","63","655","1080","0","60.65","36.2"
"10","008","00","004","0414","0254","546","350","196","49","595","1070","0","55.61","32.71"
"10","008","00","004","0415","0000","904","577","327","110","1014","1845","0","54.96","31.27"
"10","008","00","004","0415","0264","578","359","219","67","645","1196","0","53.93","30.02"
"10","008","00","004","0415","0265","326","218","108","43","369","649","0","56.86","33.59"
"10","008","00","004","0416","0000","675","383","292","74","749","1341","0","55.85","28.56"
"10","008","00","004","0416","0266","675","383","292","74","749","1341","0","55.85","28.56"
"10","008","00","004","0417","0000","542","344","198","80","622","1222","0","50.9","28.15"
"10","008","00","004","0417","0267","542","344","198","80","622","1222","0","50.9","28.15"
"10","008","00","004","0418","0000","320","203","117","28","348","602","0","57.81","33.72"
"10","008","00","004","0418","0268","320","203","117","28","348","602","0","57.81","33.72"
"10","008","00","004","0419","0000","181","114","67","17","198","430","0","46.05","26.51"
"10","008","00","004","0419","0250","181","114","67","17","198","430","0","46.05","26.51"
"10","008","00","004","0420","0000","316","192","124","29","345","617","0","55.92","31.12"
"10","008","00","004","0420","0269","316","192","124","29","345","617","0","55.92","31.12"
"10","008","00","004","0421","0000","323","207","116","34","357","599","0","59.6","34.56"
"10","008","00","004","0421","0274","93","59","34","13","106","193","0","54.92","30.57"
"10","008","00","004","0421","0275","230","148","82","21","251","406","0","61.82","36.45"
"10","008","00","004","0422","0000","320","194","126","40","360","802","0","44.89","24.19"
"10","008","00","004","0422","0276","223","130","93","29","252","495","0","50.91","26.26"
"10","008","00","004","0422","0277","97","64","33","11","108","307","0","35.18","20.85"
"10","008","00","004","0423","0000","267","178","89","46","313","577","0","54.25","30.85"
"10","008","00","004","0423","0279","267","178","89","46","313","577","0","54.25","30.85"
"10","008","00","004","0424","0000","190","115","75","44","234","440","0","53.18","26.14"
"10","008","00","004","0424","0278","190","115","75","44","234","440","0","53.18","26.14"
"10","008","00","004","0425","0000","311","177","134","49","360","889","0","40.49","19.91"
"10","008","00","004","0425","0280","179","95","84","33","212","486","0","43.62","19.55"
"10","008","00","004","0425","0281","132","82","50","16","148","403","0","36.72","20.35"
"10","008","00","004","0426","0000","355","209","146","44","399","696","0","57.33","30.03"
"10","008","00","004","0426","0248","103","60","43","8","111","217","0","51.15","27.65"
"10","008","00","004","0426","0249","252","149","103","36","288","479","0","60.13","31.11"
"10","008","00","004","0427","0000","1891","1178","713","167","2058","3642","0","56.51","32.34"
"10","008","00","004","0427","0255","687","417","270","58","745","1295","0","57.53","32.2"
"10","008","00","004","0427","0256","542","356","186","50","592","1047","0","56.54","34.0"
"10","008","00","004","0427","0257","662","405","257","59","721","1300","0","55.46","31.15"
"10","008","00","004","0428","0000","1195","725","470","140","1335","2396","0","55.72","30.26"
"10","008","00","004","0428","0239","608","359","249","64","672","1153","0","58.28","31.14"
"10","008","00","004","0428","0240","587","366","221","76","663","1243","0","53.34","29.44"
"10","008","00","005","0000","0000","4966","3091","1875","575","5541","9611","10871","57.65","32.16"
"10","008","00","005","0501","0000","598","356","242","50","648","1070","0","60.56","33.27"
"10","008","00","005","0501","0282","598","356","242","50","648","1070","0","60.56","33.27"
"10","008","00","005","0502","0000","521","349","172","38","559","918","0","60.89","38.02"
"10","008","00","005","0502","0283","521","349","172","38","559","918","0","60.89","38.02"
"10","008","00","005","0503","0000","317","203","114","34","351","581","0","60.41","34.94"
"10","008","00","005","0503","0284","317","203","114","34","351","581","0","60.41","34.94"
"10","008","00","005","0504","0000","653","422","231","61","714","1194","0","59.8","35.34"
"10","008","00","005","0504","0285","653","422","231","61","714","1194","0","59.8","35.34"
"10","008","00","005","0505","0000","192","119","73","28","220","488","0","45.08","24.39"
"10","008","00","005","0505","0286","192","119","73","28","220","488","0","45.08","24.39"
"10","008","00","005","0506","0000","271","175","96","43","314","504","0","62.3","34.72"
"10","008","00","005","0506","0287","271","175","96","43","314","504","0","62.3","34.72"
"10","008","00","005","0507","0000","431","247","184","132","563","910","0","61.87","27.14"
"10","008","00","005","0507","0288","431","247","184","132","563","910","0","61.87","27.14"
"10","008","00","005","0508","0000","806","494","312","79","885","1482","0","59.72","33.33"
"10","008","00","005","0508","0289","439","277","162","43","482","773","0","62.35","35.83"
"10","008","00","005","0508","0290","367","217","150","36","403","709","0","56.84","30.61"
"10","008","00","005","0509","0000","504","340","164","30","534","960","0","55.63","35.42"
"10","008","00","005","0509","0291","504","340","164","30","534","960","0","55.63","35.42"
"10","008","00","005","0510","0000","235","131","104","30","265","582","0","45.53","22.51"
"10","008","00","005","0510","0294","235","131","104","30","265","582","0","45.53","22.51"
"10","008","00","005","0511","0000","438","255","183","50","488","922","0","52.93","27.66"
"10","008","00","005","0511","0292","256","146","110","21","277","503","0","55.07","29.03"
"10","008","00","005","0511","0293","182","109","73","29","211","419","0","50.36","26.01"
"10","008","00","006","0000","0000","17996","11108","6888","2013","20009","33408","38376","59.89","33.25"
"10","008","00","006","0601","0000","674","409","265","56","730","1050","0","69.52","38.95"
"10","008","00","006","0601","0295","674","409","265","56","730","1050","0","69.52","38.95"
"10","008","00","006","0602","0000","1922","1196","726","181","2103","3405","0","61.76","35.12"
"10","008","00","006","0602","0296","488","315","173","66","554","920","0","60.22","34.24"
"10","008","00","006","0602","0297","441","259","182","35","476","727","0","65.47","35.63"
"10","008","00","006","0602","0298","518","322","196","35","553","861","0","64.23","37.4"
"10","008","00","006","0602","0299","475","300","175","45","520","897","0","57.97","33.44"
"10","008","00","006","0603","0000","1215","741","474","126","1341","2239","0","59.89","33.1"
"10","008","00","006","0603","0300","586","359","227","61","647","1055","0","61.33","34.03"
"10","008","00","006","0603","0301","629","382","247","65","694","1184","0","58.61","32.26"
"10","008","00","006","0604","0000","830","506","324","105","935","1564","0","59.78","32.35"
"10","008","00","006","0604","0302","400","234","166","46","446","783","0","56.96","29.89"
"10","008","00","006","0604","0303","430","272","158","59","489","781","0","62.61","34.83"
"10","008","00","006","0605","0000","505","323","182","62","567","1015","0","55.86","31.82"
"10","008","00","006","0605","0305","505","323","182","62","567","1015","0","55.86","31.82"
"10","008","00","006","0606","0000","493","325","168","49","542","977","0","55.48","33.27"
"10","008","00","006","0606","0304","493","325","168","49","542","977","0","55.48","33.27"
"10","008","00","006","0607","0000","2319","1420","899","181","2500","4234","0","59.05","33.54"
"10","008","00","006","0607","0306","513","323","190","41","554","914","0","60.61","35.34"
"10","008","00","006","0607","0307","547","318","229","29","576","1028","0","56.03","30.93"
"10","008","00","006","0607","0308","569","350","219","49","618","1018","0","60.71","34.38"
"10","008","00","006","0607","0309","690","429","261","62","752","1274","0","59.03","33.67"
"10","008","00","006","0608","0000","937","586","351","109","1046","1650","0","63.39","35.52"
"10","008","00","006","0608","0310","406","251","155","48","454","755","0","60.13","33.25"
"10","008","00","006","0608","0311","531","335","196","61","592","895","0","66.15","37.43"
"10","008","00","006","0609","0000","501","285","216","51","552","951","0","58.04","29.97"
"10","008","00","006","0609","0313","501","285","216","51","552","951","0","58.04","29.97"
"10","008","00","006","0610","0000","651","403","248","72","723","1261","0","57.34","31.96"
"10","008","00","006","0610","0314","651","403","248","72","723","1261","0","57.34","31.96"
"10","008","00","006","0611","0000","977","642","335","135","1112","1829","0","60.8","35.1"
"10","008","00","006","0611","0316","516","352","164","62","578","962","0","60.08","36.59"
"10","008","00","006","0611","0317","461","290","171","73","534","867","0","61.59","33.45"
"10","008","00","006","0612","0000","496","290","206","68","564","930","0","60.65","31.18"
"10","008","00","006","0612","0318","496","290","206","68","564","930","0","60.65","31.18"
"10","008","00","006","0613","0000","385","230","155","57","442","768","0","57.55","29.95"
"10","008","00","006","0613","0315","385","230","155","57","442","768","0","57.55","29.95"
"10","008","00","006","0614","0000","494","311","183","62","556","931","0","59.72","33.4"
"10","008","00","006","0614","0321","494","311","183","62","556","931","0","59.72","33.4"
"10","008","00","006","0615","0000","576","325","251","93","669","1171","0","57.13","27.75"
"10","008","00","006","0615","0319","327","184","143","61","388","641","0","60.53","28.71"
"10","008","00","006","0615","0320","249","141","108","32","281","530","0","53.02","26.6"
"10","008","00","006","0616","0000","847","504","343","119","966","1570","0","61.53","32.1"
"10","008","00","006","0616","0322","601","359","242","71","672","1127","0","59.63","31.85"
"10","008","00","006","0616","0323","246","145","101","48","294","443","0","66.37","32.73"
"10","008","00","006","0617","0000","810","499","311","112","922","1491","0","61.84","33.47"
"10","008","00","006","0617","0324","482","303","179","50","532","870","0","61.15","34.83"
"10","008","00","006","0617","0325","328","196","132","62","390","621","0","62.8","31.56"
"10","008","00","006","0618","0000","573","347","226","51","624","1179","0","52.93","29.43"
"10","008","00","006","0618","0326","573","347","226","51","624","1179","0","52.93","29.43"
"10","008","00","006","0619","0000","526","314","212","70","596","876","0","68.04","35.84"
"10","008","00","006","0619","0328","526","314","212","70","596","876","0","68.04","35.84"
"10","008","00","006","0620","0000","503","324","179","59","562","881","0","63.79","36.78"
"10","008","00","006","0620","0327","503","324","179","59","562","881","0","63.79","36.78"
"10","008","00","006","0621","0000","416","274","142","59","475","783","0","60.66","34.99"
"10","008","00","006","0621","0329","416","274","142","59","475","783","0","60.66","34.99"
"10","008","00","006","0622","0000","854","525","329","106","960","1761","0","54.51","29.81"
"10","008","00","006","0622","0330","369","239","130","50","419","778","0","53.86","30.72"
"10","008","00","006","0622","0331","485","286","199","56","541","983","0","55.04","29.09"
"10","008","00","006","0623","0000","492","329","163","30","522","892","0","58.52","36.88"
"10","008","00","006","0623","0312","492","329","163","30","522","892","0","58.52","36.88"
"10","008","00","007","0000","0000","7665","4793","2872","871","8536","15941","17698","53.55","30.07"
"10","008","00","007","0701","0000","892","561","331","129","1021","1874","0","54.48","29.94"
"10","008","00","007","0701","0332","404","250","154","80","484","934","0","51.82","26.77"
"10","008","00","007","0701","0333","488","311","177","49","537","940","0","57.13","33.09"
"10","008","00","007","0702","0000","650","428","222","56","706","1430","0","49.37","29.93"
"10","008","00","007","0702","0348","343","225","118","28","371","713","0","52.03","31.56"
"10","008","00","007","0702","0349","307","203","104","28","335","717","0","46.72","28.31"
"10","008","00","007","0703","0000","584","347","237","79","663","1303","0","50.88","26.63"
"10","008","00","007","0703","0334","413","243","170","43","456","852","0","53.52","28.52"
"10","008","00","007","0703","0335","171","104","67","36","207","451","0","45.9","23.06"
"10","008","00","007","0704","0000","1096","706","390","104","1200","1952","0","61.48","36.17"
"10","008","00","007","0704","0336","451","299","152","36","487","810","0","60.12","36.91"
"10","008","00","007","0704","0337","645","407","238","68","713","1142","0","62.43","35.64"
"10","008","00","007","0705","0000","515","332","183","58","573","1045","0","54.83","31.77"
"10","008","00","007","0705","0342","265","162","103","29","294","578","0","50.87","28.03"
"10","008","00","007","0705","0343","250","170","80","29","279","467","0","59.74","36.4"
"10","008","00","007","0706","0000","724","440","284","92","816","1507","0","54.15","29.2"
"10","008","00","007","0706","0345","347","224","123","36","383","740","0","51.76","30.27"
"10","008","00","007","0706","0346","377","216","161","56","433","767","0","56.45","28.16"
"10","008","00","007","0707","0000","471","298","173","58","529","909","0","58.2","32.78"
"10","008","00","007","0707","0347","471","298","173","58","529","909","0","58.2","32.78"
"10","008","00","007","0708","0000","316","197","119","30","346","622","0","55.63","31.67"
"10","008","00","007","0708","0344","316","197","119","30","346","622","0","55.63","31.67"
"10","008","00","007","0709","0000","668","389","279","70","738","1392","0","53.02","27.95"
"10","008","00","007","0709","0340","417","240","177","44","461","811","0","56.84","29.59"
"10","008","00","007","0709","0341","251","149","102","26","277","581","0","47.68","25.65"
"10","008","00","007","0710","0000","808","497","311","78","886","1650","0","53.7","30.12"
"10","008","00","007","0710","0338","349","216","133","20","369","766","0","48.17","28.2"
"10","008","00","007","0710","0339","459","281","178","58","517","884","0","58.48","31.79"
"10","008","00","007","0711","0000","355","222","133","51","406","794","0","51.13","27.96"
"10","008","00","007","0711","0350","355","222","133","51","406","794","0","51.13","27.96"
"10","008","00","007","0712","0000","308","190","118","27","335","726","0","46.14","26.17"
"10","008","00","007","0712","0351","308","190","118","27","335","726","0","46.14","26.17"
"10","008","00","007","0713","0000","278","186","92","39","317","737","0","43.01","25.24"
"10","008","00","007","0713","0352","278","186","92","39","317","737","0","43.01","25.24"
"10","008","00","008","0000","0000","6772","4091","2681","843","7615","13181","14734","57.77","31.04"
"10","008","00","008","0801","0000","441","261","180","67","508","822","0","61.8","31.75"
"10","008","00","008","0801","0353","441","261","180","67","508","822","0","61.8","31.75"
"10","008","00","008","0802","0000","225","133","92","25","250","474","0","52.74","28.06"
"10","008","00","008","0802","0354","140","82","58","15","155","253","0","61.26","32.41"
"10","008","00","008","0802","0355","85","51","34","10","95","221","0","42.99","23.08"
"10","008","00","008","0803","0000","364","213","151","30","394","780","0","50.51","27.31"
"10","008","00","008","0803","0356","155","89","66","2","157","353","0","44.48","25.21"
"10","008","00","008","0803","0357","209","124","85","28","237","427","0","55.5","29.04"
"10","008","00","008","0804","0000","346","216","130","54","400","661","0","60.51","32.68"
"10","008","00","008","0804","0360","346","216","130","54","400","661","0","60.51","32.68"
"10","008","00","008","0805","0000","339","208","131","49","388","713","0","54.42","29.17"
"10","008","00","008","0805","0358","202","127","75","25","227","406","0","55.91","31.28"
"10","008","00","008","0805","0359","137","81","56","24","161","307","0","52.44","26.38"
"10","008","00","008","0806","0000","955","566","389","79","1034","1727","0","59.87","32.77"
"10","008","00","008","0806","0362","531","314","217","46","577","973","0","59.3","32.27"
"10","008","00","008","0806","0363","424","252","172","33","457","754","0","60.61","33.42"
"10","008","00","008","0807","0000","176","108","68","17","193","290","0","66.55","37.24"
"10","008","00","008","0807","0361","176","108","68","17","193","290","0","66.55","37.24"
"10","008","00","008","0808","0000","328","184","144","40","368","662","0","55.59","27.79"
"10","008","00","008","0808","0364","328","184","144","40","368","662","0","55.59","27.79"
"10","008","00","008","0809","0000","215","144","71","14","229","490","0","46.73","29.39"
"10","008","00","008","0809","0365","215","144","71","14","229","490","0","46.73","29.39"
"10","008","00","008","0810","0000","680","456","224","70","750","1325","0","56.6","34.42"
"10","008","00","008","0810","0366","154","96","58","21","175","335","0","52.24","28.66"
"10","008","00","008","0810","0367","526","360","166","49","575","990","0","58.08","36.36"
"10","008","00","008","0811","0000","625","362","263","49","674","1075","0","62.7","33.67"
"10","008","00","008","0811","0368","271","162","109","21","292","461","0","63.34","35.14"
"10","008","00","008","0811","0369","354","200","154","28","382","614","0","62.21","32.57"
"10","008","00","008","0812","0000","440","275","165","72","512","895","0","57.21","30.73"
"10","008","00","008","0812","0370","440","275","165","72","512","895","0","57.21","30.73"
"10","008","00","008","0813","0000","333","202","131","70","403","682","0","59.09","29.62"
"10","008","00","008","0813","0372","333","202","131","70","403","682","0","59.09","29.62"
"10","008","00","008","0814","0000","336","198","138","59","395","643","0","61.43","30.79"
"10","008","00","008","0814","0374","336","198","138","59","395","643","0","61.43","30.79"
"10","008","00","008","0815","0000","234","133","101","31","265","528","0","50.19","25.19"
"10","008","00","008","0815","0376","234","133","101","31","265","528","0","50.19","25.19"
"10","008","00","008","0816","0000","221","124","97","44","265","465","0","56.99","26.67"
"10","008","00","008","0816","0371","221","124","97","44","265","465","0","56.99","26.67"
"10","008","00","008","0817","0000","252","158","94","32","284","459","0","61.87","34.42"
"10","008","00","008","0817","0375","252","158","94","32","284","459","0","61.87","34.42"
"10","008","00","008","0818","0000","262","150","112","41","303","490","0","61.84","30.61"
"10","008","00","008","0818","0373","262","150","112","41","303","490","0","61.84","30.61"
"10","008","00","009","0000","0000","6828","4192","2636","753","7581","13958","15823","54.31","30.03"
"10","008","00","009","0901","0000","813","519","294","80","893","1580","0","56.52","32.85"
"10","008","00","009","0901","0379","347","231","116","39","386","720","0","53.61","32.08"
"10","008","00","009","0901","0380","466","288","178","41","507","860","0","58.95","33.49"
"10","008","00","009","0902","0000","1054","640","414","125","1179","2020","0","58.37","31.68"
"10","008","00","009","0902","0377","467","287","180","62","529","922","0","57.38","31.13"
"10","008","00","009","0902","0378","587","353","234","63","650","1098","0","59.2","32.15"
"10","008","00","009","0903","0000","440","238","202","57","497","1017","0","48.87","23.4"
"10","008","00","009","0903","0394","238","130","108","35","273","578","0","47.23","22.49"
"10","008","00","009","0903","0395","202","108","94","22","224","439","0","51.03","24.6"
"10","008","00","009","0904","0000","686","417","269","75","761","1386","0","54.91","30.09"
"10","008","00","009","0904","0387","406","248","158","32","438","841","0","52.08","29.49"
"10","008","00","009","0904","0388","147","84","63","23","170","270","0","62.96","31.11"
"10","008","00","009","0904","0389","133","85","48","20","153","275","0","55.64","30.91"
"10","008","00","009","0905","0000","486","307","179","58","544","1088","0","50.0","28.22"
"10","008","00","009","0905","0381","220","136","84","41","261","514","0","50.78","26.46"
"10","008","00","009","0905","0382","266","171","95","17","283","574","0","49.3","29.79"
"10","008","00","009","0906","0000","608","405","203","67","675","1249","0","54.04","32.43"
"10","008","00","009","0906","0383","608","405","203","67","675","1249","0","54.04","32.43"
"10","008","00","009","0907","0000","518","288","230","55","573","992","0","57.76","29.03"
"10","008","00","009","0907","0384","171","101","70","21","192","293","0","65.53","34.47"
"10","008","00","009","0907","0385","252","133","119","27","279","513","0","54.39","25.93"
"10","008","00","009","0907","0386","95","54","41","7","102","186","0","54.84","29.03"
"10","008","00","009","0908","0000","293","184","109","24","317","674","0","47.03","27.3"
"10","008","00","009","0908","0390","116","72","44","13","129","282","0","45.74","25.53"
"10","008","00","009","0908","0391","177","112","65","11","188","392","0","47.96","28.57"
"10","008","00","009","0909","0000","354","217","137","45","399","732","0","54.51","29.64"
"10","008","00","009","0909","0392","269","162","107","34","303","556","0","54.5","29.14"
"10","008","00","009","0909","0393","85","55","30","11","96","176","0","54.55","31.25"
"10","008","00","009","0910","0000","459","296","163","37","496","844","0","58.77","35.07"
"10","008","00","009","0910","0396","459","296","163","37","496","844","0","58.77","35.07"
"10","008","00","009","0911","0000","444","282","162","51","495","942","0","52.55","29.94"
"10","008","00","009","0911","0398","170","122","48","20","190","405","0","46.91","30.12"
"10","008","00","009","0911","0399","274","160","114","31","305","537","0","56.8","29.8"
"10","008","00","009","0912","0000","250","158","92","36","286","566","0","50.53","27.92"
"10","008","00","009","0912","0400","164","104","60","18","182","335","0","54.33","31.04"
"10","008","00","009","0912","0401","86","54","32","18","104","231","0","45.02","23.38"
"10","008","00","009","0913","0000","423","241","182","43","466","868","0","53.69","27.76"
"10","008","00","009","0913","0397","423","241","182","43","466","868","0","53.69","27.76"
"10","008","00","010","0000","0000","8422","5164","3258","888","9310","16597","18699","56.09","31.11"
"10","008","00","010","1001","0000","920","587","333","95","1015","1700","0","59.71","34.53"
"10","008","00","010","1001","0402","535","338","197","66","601","964","0","62.34","35.06"
"10","008","00","010","1001","0403","385","249","136","29","414","736","0","56.25","33.83"
"10","008","00","010","1002","0000","912","585","327","96","1008","1765","0","57.11","33.14"
"10","008","00","010","1002","0404","408","256","152","66","474","801","0","59.18","31.96"
"10","008","00","010","1002","0405","504","329","175","30","534","964","0","55.39","34.13"
"10","008","00","010","1003","0000","349","218","131","36","385","686","0","56.12","31.78"
"10","008","00","010","1003","0406","349","218","131","36","385","686","0","56.12","31.78"
"10","008","00","010","1004","0000","879","532","347","91","970","1880","0","51.6","28.3"
"10","008","00","010","1004","0411","522","303","219","55","577","1012","0","57.02","29.94"
"10","008","00","010","1004","0412","357","229","128","36","393","868","0","45.28","26.38"
"10","008","00","010","1005","0000","658","411","247","86","744","1391","0","53.49","29.55"
"10","008","00","010","1005","0407","321","196","125","41","362","661","0","54.77","29.65"
"10","008","00","010","1005","0408","337","215","122","45","382","730","0","52.33","29.45"
"10","008","00","010","1006","0000","405","233","172","19","424","706","0","60.06","33.0"
"10","008","00","010","1006","0410","405","233","172","19","424","706","0","60.06","33.0"
"10","008","00","010","1007","0000","995","625","370","101","1096","1855","0","59.08","33.69"
"10","008","00","010","1007","0413","518","343","175","42","560","918","0","61.0","37.36"
"10","008","00","010","1007","0414","477","282","195","59","536","937","0","57.2","30.1"
"10","008","00","010","1008","0000","390","232","158","60","450","815","0","55.21","28.47"
"10","008","00","010","1008","0415","390","232","158","60","450","815","0","55.21","28.47"
"10","008","00","010","1009","0000","634","382","252","49","683","1134","0","60.23","33.69"
"10","008","00","010","1009","0416","634","382","252","49","683","1134","0","60.23","33.69"
"10","008","00","010","1010","0000","775","474","301","83","858","1543","0","55.61","30.72"
"10","008","00","010","1010","0418","561","347","214","60","621","1095","0","56.71","31.69"
"10","008","00","010","1010","0419","214","127","87","23","237","448","0","52.9","28.35"
"10","008","00","010","1011","0000","788","489","299","84","872","1634","0","53.37","29.93"
"10","008","00","010","1011","0420","517","321","196","55","572","1064","0","53.76","30.17"
"10","008","00","010","1011","0421","271","168","103","29","300","570","0","52.63","29.47"
"10","008","00","010","1012","0000","338","206","132","33","371","714","0","51.96","28.85"
"10","008","00","010","1012","0417","338","206","132","33","371","714","0","51.96","28.85"
"10","008","00","010","1013","0000","379","190","189","55","434","774","0","56.07","24.55"
"10","008","00","010","1013","0409","379","190","189","55","434","774","0","56.07","24.55"
"10","008","00","011","0000","0000","7763","4806","2957","805","8568","15458","17582","55.43","31.09"
"10","008","00","011","1101","0000","386","243","143","37","423","757","0","55.88","32.1"
"10","008","00","011","1101","0422","386","243","143","37","423","757","0","55.88","32.1"
"10","008","00","011","1102","0000","269","141","128","14","283","480","0","58.96","29.38"
"10","008","00","011","1102","0427","269","141","128","14","283","480","0","58.96","29.38"
"10","008","00","011","1103","0000","805","479","326","87","892","1553","0","57.44","30.84"
"10","008","00","011","1103","0423","273","171","102","41","314","554","0","56.68","30.87"
"10","008","00","011","1103","0424","532","308","224","46","578","999","0","57.86","30.83"
"10","008","00","011","1104","0000","288","184","104","35","323","616","0","52.44","29.87"
"10","008","00","011","1104","0425","288","184","104","35","323","616","0","52.44","29.87"
"10","008","00","011","1105","0000","477","293","184","38","515","875","0","58.86","33.49"
"10","008","00","011","1105","0426","477","293","184","38","515","875","0","58.86","33.49"
"10","008","00","011","1106","0000","559","345","214","31","590","1004","0","58.76","34.36"
"10","008","00","011","1106","0430","559","345","214","31","590","1004","0","58.76","34.36"
"10","008","00","011","1107","0000","585","359","226","57","642","998","0","64.33","35.97"
"10","008","00","011","1107","0433","585","359","226","57","642","998","0","64.33","35.97"
"10","008","00","011","1108","0000","716","440","276","88","804","1389","0","57.88","31.68"
"10","008","00","011","1108","0434","379","244","135","60","439","800","0","54.88","30.5"
"10","008","00","011","1108","0435","337","196","141","28","365","589","0","61.97","33.28"
"10","008","00","011","1109","0000","579","372","207","52","631","1217","0","51.85","30.57"
"10","008","00","011","1109","0437","579","372","207","52","631","1217","0","51.85","30.57"
"10","008","00","011","1110","0000","225","156","69","22","247","450","0","54.89","34.67"
"10","008","00","011","1110","0428","225","156","69","22","247","450","0","54.89","34.67"
"10","008","00","011","1111","0000","314","205","109","41","355","643","0","55.21","31.88"
"10","008","00","011","1111","0429","314","205","109","41","355","643","0","55.21","31.88"
"10","008","00","011","1112","0000","75","52","23","2","77","205","0","37.56","25.37"
"10","008","00","011","1112","0438","75","52","23","2","77","205","0","37.56","25.37"
"10","008","00","011","1113","0000","184","118","66","25","209","330","0","63.33","35.76"
"10","008","00","011","1113","0439","184","118","66","25","209","330","0","63.33","35.76"
"10","008","00","011","1114","0000","523","309","214","42","565","1100","0","51.36","28.09"
"10","008","00","011","1114","0440","523","309","214","42","565","1100","0","51.36","28.09"
"10","008","00","011","1115","0000","381","224","157","87","468","887","0","52.76","25.25"
"10","008","00","011","1115","0436","381","224","157","87","468","887","0","52.76","25.25"
"10","008","00","011","1116","0000","121","75","46","10","131","318","0","41.19","23.58"
"10","008","00","011","1116","0442","121","75","46","10","131","318","0","41.19","23.58"
"10","008","00","011","1117","0000","387","240","147","62","449","818","0","54.89","29.34"
"10","008","00","011","1117","0443","387","240","147","62","449","818","0","54.89","29.34"
"10","008","00","011","1118","0000","82","45","37","10","92","275","0","33.45","16.36"
"10","008","00","011","1118","0441","82","45","37","10","92","275","0","33.45","16.36"
"10","008","00","011","1119","0000","807","526","281","65","872","1543","0","56.51","34.09"
"10","008","00","011","1119","0431","360","228","132","41","401","741","0","54.12","30.77"
"10","008","00","011","1119","0432","447","298","149","24","471","802","0","58.73","37.16"
"10","008","00","012","0000","0000","6382","4054","2328","1136","7518","13299","16281","56.53","30.48"
"10","008","00","012","1201","0000","585","396","189","176","761","1203","0","63.26","32.92"
"10","008","00","012","1201","0459","475","325","150","161","636","929","0","68.46","34.98"
"10","008","00","012","1201","0460","110","71","39","15","125","274","0","45.62","25.91"
"10","008","00","012","1202","0000","547","392","155","83","630","900","0","70.0","43.56"
"10","008","00","012","1202","0461","547","392","155","83","630","900","0","70.0","43.56"
"10","008","00","012","1203","0000","304","204","100","43","347","560","0","61.96","36.43"
"10","008","00","012","1203","0463","304","204","100","43","347","560","0","61.96","36.43"
"10","008","00","012","1204","0000","705","431","274","141","846","1530","0","55.29","28.17"
"10","008","00","012","1204","0444","556","336","220","124","680","1201","0","56.62","27.98"
"10","008","00","012","1204","0445","149","95","54","17","166","329","0","50.46","28.88"
"10","008","00","012","1205","0000","229","131","98","37","266","516","0","51.55","25.39"
"10","008","00","012","1205","0446","229","131","98","37","266","516","0","51.55","25.39"
"10","008","00","012","1206","0000","312","203","109","34","346","745","0","46.44","27.25"
"10","008","00","012","1206","0447","167","113","54","26","193","424","0","45.52","26.65"
"10","008","00","012","1206","0448","145","90","55","8","153","321","0","47.66","28.04"
"10","008","00","012","1207","0000","322","203","119","21","343","1376","0","24.93","14.75"
"10","008","00","012","1207","0451","322","203","119","21","343","1376","0","24.93","14.75"
"10","008","00","012","1208","0000","707","437","270","120","827","1509","0","54.8","28.96"
"10","008","00","012","1208","0452","405","256","149","30","435","979","0","44.43","26.15"
"10","008","00","012","1208","0453","302","181","121","90","392","530","0","73.96","34.15"
"10","008","00","012","1209","0000","673","405","268","69","742","1425","0","52.07","28.42"
"10","008","00","012","1209","0454","438","262","176","49","487","961","0","50.68","27.26"
"10","008","00","012","1209","0455","235","143","92","20","255","464","0","54.96","30.82"
"10","008","00","012","1210","0000","348","208","140","41","389","666","0","58.41","31.23"
"10","008","00","012","1210","0456","264","158","106","38","302","517","0","58.41","30.56"
"10","008","00","012","1210","0457","84","50","34","3","87","149","0","58.39","33.56"
"10","008","00","012","1211","0000","585","346","239","175","760","1020","0","74.51","33.92"
"10","008","00","012","1211","0458","585","346","239","175","760","1020","0","74.51","33.92"
"10","008","00","012","1212","0000","386","256","130","65","451","617","0","73.1","41.49"
"10","008","00","012","1212","0462","386","256","130","65","451","617","0","73.1","41.49"
"10","008","00","012","1213","0000","326","221","105","100","426","584","0","72.95","37.84"
"10","008","00","012","1213","0450","326","221","105","100","426","584","0","72.95","37.84"
"10","008","00","012","1214","0000","353","221","132","31","384","648","0","59.26","34.1"
"10","008","00","012","1214","0449","353","221","132","31","384","648","0","59.26","34.1"
"10","008","00","013","0000","0000","6106","3866","2240","572","6678","12589","15954","53.05","30.71"
"10","008","00","013","1301","0000","289","183","106","11","300","763","0","39.32","23.98"
"10","008","00","013","1301","0484","289","183","106","11","300","763","0","39.32","23.98"
"10","008","00","013","1302","0000","527","332","195","39","566","889","0","63.67","37.35"
"10","008","00","013","1302","0485","527","332","195","39","566","889","0","63.67","37.35"
"10","008","00","013","1303","0000","624","404","220","86","710","1119","0","63.45","36.1"
"10","008","00","013","1303","0486","384","255","129","54","438","672","0","65.18","37.95"
"10","008","00","013","1303","0487","240","149","91","32","272","447","0","60.85","33.33"
"10","008","00","013","1304","0000","287","215","72","17","304","409","0","74.33","52.57"
"10","008","00","013","1304","0488","287","215","72","17","304","409","0","74.33","52.57"
"10","008","00","013","1305","0000","350","229","121","27","377","509","0","74.07","44.99"
"10","008","00","013","1305","0477","350","229","121","27","377","509","0","74.07","44.99"
"10","008","00","013","1306","0000","401","247","154","43","444","769","0","57.74","32.12"
"10","008","00","013","1306","0474","214","120","94","34","248","384","0","64.58","31.25"
"10","008","00","013","1306","0475","56","33","23","6","62","121","0","51.24","27.27"
"10","008","00","013","1306","0476","131","94","37","3","134","264","0","50.76","35.61"
"10","008","00","013","1307","0000","164","100","64","6","170","597","0","28.48","16.75"
"10","008","00","013","1307","0473","164","100","64","6","170","597","0","28.48","16.75"
"10","008","00","013","1308","0000","501","308","193","59","560","1151","0","48.65","26.76"
"10","008","00","013","1308","0480","261","176","85","32","293","613","0","47.8","28.71"
"10","008","00","013","1308","0481","172","98","74","18","190","404","0","47.03","24.26"
"10","008","00","013","1308","0482","68","34","34","9","77","134","0","57.46","25.37"
"10","008","00","013","1309","0000","825","497","328","61","886","1665","0","53.21","29.85"
"10","008","00","013","1309","0466","380","237","143","25","405","900","0","45.0","26.33"
"10","008","00","013","1309","0467","270","159","111","28","298","460","0","64.78","34.57"
"10","008","00","013","1309","0468","175","101","74","8","183","305","0","60.0","33.11"
"10","008","00","013","1310","0000","632","408","224","49","681","1269","0","53.66","32.15"
"10","008","00","013","1310","0464","501","327","174","30","531","973","0","54.57","33.61"
"10","008","00","013","1310","0465","131","81","50","19","150","296","0","50.68","27.36"
"10","008","00","013","1311","0000","364","245","119","14","378","952","0","39.71","25.74"
"10","008","00","013","1311","0470","364","245","119","14","378","952","0","39.71","25.74"
"10","008","00","013","1312","0000","233","159","74","6","239","679","0","35.2","23.42"
"10","008","00","013","1312","0471","233","159","74","6","239","679","0","35.2","23.42"
"10","008","00","013","1313","0000","333","199","134","59","392","630","0","62.22","31.59"
"10","008","00","013","1313","0483","333","199","134","59","392","630","0","62.22","31.59"
"10","008","00","013","1314","0000","18","11","7","2","20","58","0","34.48","18.97"
"10","008","00","013","1314","0469","18","11","7","2","20","58","0","34.48","18.97"
"10","008","00","013","1315","0000","253","144","109","29","282","507","0","55.62","28.4"
"10","008","00","013","1315","0478","178","95","83","29","207","338","0","61.24","28.11"
"10","008","00","013","1315","0479","75","49","26","0","75","169","0","44.38","28.99"
"10","008","00","013","1316","0000","305","185","120","64","369","623","0","59.23","29.7"
"10","008","00","013","1316","0472","305","185","120","64","369","623","0","59.23","29.7"
"10","009","00","000","0000","0000","265005","158850","106155","33678","298683","584480","687195","51.1","27.18"
"10","009","00","001","0000","0000","47327","28906","18421","3746","51073","89761","108487","56.9","32.2"
"10","009","00","001","0101","0000","788","507","281","81","869","1415","0","61.41","35.83"
"10","009","00","001","0101","0431","788","507","281","81","869","1415","0","61.41","35.83"
"10","009","00","001","0102","0000","628","352","276","49","677","1101","0","61.49","31.97"
"10","009","00","001","0102","0432","628","352","276","49","677","1101","0","61.49","31.97"
"10","009","00","001","0103","0000","323","182","141","16","339","644","0","52.64","28.26"
"10","009","00","001","0103","0411","323","182","141","16","339","644","0","52.64","28.26"
"10","009","00","001","0104","0000","307","190","117","42","349","617","0","56.56","30.79"
"10","009","00","001","0104","0412","307","190","117","42","349","617","0","56.56","30.79"
"10","009","00","001","0105","0000","465","278","187","37","502","764","0","65.71","36.39"
"10","009","00","001","0105","0413","465","278","187","37","502","764","0","65.71","36.39"
"10","009","00","001","0106","0000","450","270","180","38","488","784","0","62.24","34.44"
"10","009","00","001","0106","0414","450","270","180","38","488","784","0","62.24","34.44"
"10","009","00","001","0107","0000","390","213","177","42","432","760","0","56.84","28.03"
"10","009","00","001","0107","0415","390","213","177","42","432","760","0","56.84","28.03"
"10","009","00","001","0108","0000","2510","1524","986","165","2675","4634","0","57.73","32.89"
"10","009","00","001","0108","0422","815","483","332","39","854","1529","0","55.85","31.59"
"10","009","00","001","0108","0423","726","452","274","56","782","1335","0","58.58","33.86"
"10","009","00","001","0108","0424","969","589","380","70","1039","1770","0","58.7","33.28"
"10","009","00","001","0109","0000","1586","965","621","99","1685","3236","0","52.07","29.82"
"10","009","00","001","0109","0433","826","488","338","58","884","1648","0","53.64","29.61"
"10","009","00","001","0109","0434","760","477","283","41","801","1588","0","50.44","30.04"
"10","009","00","001","0110","0000","1587","987","600","124","1711","2765","0","61.88","35.7"
"10","009","00","001","0110","0427","672","404","268","58","730","1193","0","61.19","33.86"
"10","009","00","001","0110","0428","915","583","332","66","981","1572","0","62.4","37.09"
"10","009","00","001","0111","0000","991","590","401","74","1065","1747","0","60.96","33.77"
"10","009","00","001","0111","0449","991","590","401","74","1065","1747","0","60.96","33.77"
"10","009","00","001","0112","0000","1834","1141","693","119","1953","3513","0","55.59","32.48"
"10","009","00","001","0112","0444","562","346","216","35","597","1097","0","54.42","31.54"
"10","009","00","001","0112","0445","673","415","258","48","721","1262","0","57.13","32.88"
"10","009","00","001","0112","0446","599","380","219","36","635","1154","0","55.03","32.93"
"10","009","00","001","0113","0000","2254","1347","907","123","2377","4188","0","56.76","32.16"
"10","009","00","001","0113","0439","828","504","324","46","874","1421","0","61.51","35.47"
"10","009","00","001","0113","0440","683","400","283","35","718","1261","0","56.94","31.72"
"10","009","00","001","0113","0441","743","443","300","42","785","1506","0","52.12","29.42"
"10","009","00","001","0114","0000","1067","674","393","101","1168","2329","0","50.15","28.94"
"10","009","00","001","0114","0437","532","352","180","47","579","1187","0","48.78","29.65"
"10","009","00","001","0114","0438","535","322","213","54","589","1142","0","51.58","28.2"
"10","009","00","001","0115","0000","400","217","183","25","425","669","0","63.53","32.44"
"10","009","00","001","0115","0453","400","217","183","25","425","669","0","63.53","32.44"
"10","009","00","001","0116","0000","1100","681","419","101","1201","2202","0","54.54","30.93"
"10","009","00","001","0116","0454","389","248","141","47","436","752","0","57.98","32.98"
"10","009","00","001","0116","0455","711","433","278","54","765","1450","0","52.76","29.86"
"10","009","00","001","0117","0000","275","168","107","46","321","555","0","57.84","30.27"
"10","009","00","001","0117","0456","275","168","107","46","321","555","0","57.84","30.27"
"10","009","00","001","0118","0000","1266","786","480","115","1381","2414","0","57.21","32.56"
"10","009","00","001","0118","0451","579","362","217","54","633","1112","0","56.92","32.55"
"10","009","00","001","0118","0452","687","424","263","61","748","1302","0","57.45","32.57"
"10","009","00","001","0119","0000","760","485","275","52","812","1418","0","57.26","34.2"
"10","009","00","001","0119","0450","760","485","275","52","812","1418","0","57.26","34.2"
"10","009","00","001","0120","0000","1216","751","465","105","1321","2397","0","55.11","31.33"
"10","009","00","001","0120","0457","699","438","261","69","768","1470","0","52.24","29.8"
"10","009","00","001","0120","0458","517","313","204","36","553","927","0","59.65","33.76"
"10","009","00","001","0121","0000","807","522","285","97","904","1748","0","51.72","29.86"
"10","009","00","001","0121","0466","807","522","285","97","904","1748","0","51.72","29.86"
"10","009","00","001","0122","0000","2902","1783","1119","160","3062","5306","0","57.71","33.6"
"10","009","00","001","0122","0462","795","500","295","49","844","1412","0","59.77","35.41"
"10","009","00","001","0122","0463","803","501","302","33","836","1354","0","61.74","37.0"
"10","009","00","001","0122","0464","659","395","264","40","699","1267","0","55.17","31.18"
"10","009","00","001","0122","0465","645","387","258","38","683","1273","0","53.65","30.4"
"10","009","00","001","0123","0000","2663","1653","1010","261","2924","5374","0","54.41","30.76"
"10","009","00","001","0123","0459","1033","654","379","72","1105","1893","0","58.37","34.55"
"10","009","00","001","0123","0460","879","493","386","107","986","1708","0","57.73","28.86"
"10","009","00","001","0123","0461","751","506","245","82","833","1773","0","46.98","28.54"
"10","009","00","001","0124","0000","968","543","425","103","1071","1813","0","59.07","29.95"
"10","009","00","001","0124","0472","385","229","156","39","424","702","0","60.4","32.62"
"10","009","00","001","0124","0473","583","314","269","64","647","1111","0","58.24","28.26"
"10","009","00","001","0125","0000","497","290","207","46","543","1123","0","48.35","25.82"
"10","009","00","001","0125","0474","497","290","207","46","543","1123","0","48.35","25.82"
"10","009","00","001","0126","0000","2299","1412","887","236","2535","4406","0","57.54","32.05"
"10","009","00","001","0126","0467","648","395","253","79","727","1238","0","58.72","31.91"
"10","009","00","001","0126","0468","803","493","310","88","891","1648","0","54.07","29.92"
"10","009","00","001","0126","0469","848","524","324","69","917","1520","0","60.33","34.47"
"10","009","00","001","0127","0000","519","317","202","40","559","1087","0","51.43","29.16"
"10","009","00","001","0127","0470","519","317","202","40","559","1087","0","51.43","29.16"
"10","009","00","001","0128","0000","996","632","364","87","1083","1904","0","56.88","33.19"
"10","009","00","001","0128","0471","996","632","364","87","1083","1904","0","56.88","33.19"
"10","009","00","001","0129","0000","1555","891","664","178","1733","3095","0","55.99","28.79"
"10","009","00","001","0129","0477","517","280","237","69","586","1023","0","57.28","27.37"
"10","009","00","001","0129","0478","1038","611","427","109","1147","2072","0","55.36","29.49"
"10","009","00","001","0130","0000","1438","894","544","95","1533","2932","0","52.29","30.49"
"10","009","00","001","0130","0475","541","339","202","50","591","1146","0","51.57","29.58"
"10","009","00","001","0130","0476","897","555","342","45","942","1786","0","52.74","31.08"
"10","009","00","001","0131","0000","556","326","230","30","586","1128","0","51.95","28.9"
"10","009","00","001","0131","0479","556","326","230","30","586","1128","0","51.95","28.9"
"10","009","00","001","0132","0000","1402","867","535","84","1486","2345","0","63.37","36.97"
"10","009","00","001","0132","0418","732","433","299","51","783","1255","0","62.39","34.5"
"10","009","00","001","0132","0419","670","434","236","33","703","1090","0","64.5","39.82"
"10","009","00","001","0133","0000","1974","1182","792","158","2132","3710","0","57.47","31.86"
"10","009","00","001","0133","0416","1050","629","421","88","1138","1881","0","60.5","33.44"
"10","009","00","001","0133","0417","924","553","371","70","994","1829","0","54.35","30.24"
"10","009","00","001","0134","0000","1550","950","600","98","1648","2814","0","58.56","33.76"
"10","009","00","001","0134","0435","777","475","302","44","821","1392","0","58.98","34.12"
"10","009","00","001","0134","0436","773","475","298","54","827","1422","0","58.16","33.4"
"10","009","00","001","0135","0000","1204","786","418","80","1284","2286","0","56.17","34.38"
"10","009","00","001","0135","0447","478","306","172","33","511","847","0","60.33","36.13"
"10","009","00","001","0135","0448","726","480","246","47","773","1439","0","53.72","33.36"
"10","009","00","001","0136","0000","1211","763","448","94","1305","2204","0","59.21","34.62"
"10","009","00","001","0136","0429","529","326","203","31","560","1009","0","55.5","32.31"
"10","009","00","001","0136","0430","682","437","245","63","745","1195","0","62.34","36.57"
"10","009","00","001","0137","0000","1782","1071","711","142","1924","3479","0","55.3","30.78"
"10","009","00","001","0137","0425","699","400","299","51","750","1308","0","57.34","30.58"
"10","009","00","001","0137","0426","1083","671","412","91","1174","2171","0","54.08","30.91"
"10","009","00","001","0138","0000","1520","899","621","112","1632","2576","0","63.35","34.9"
"10","009","00","001","0138","0442","721","415","306","40","761","1214","0","62.69","34.18"
"10","009","00","001","0138","0443","799","484","315","72","871","1362","0","63.95","35.54"
"10","009","00","001","0139","0000","1287","817","470","91","1378","2279","0","60.47","35.85"
"10","009","00","001","0139","0420","622","383","239","51","673","1103","0","61.02","34.72"
"10","009","00","001","0139","0421","665","434","231","40","705","1176","0","59.95","36.9"
"10","009","00","002","0000","0000","19433","11322","8111","2068","21501","38138","44608","56.38","29.69"
"10","009","00","002","0201","0000","614","338","276","60","674","1166","0","57.8","28.99"
"10","009","00","002","0201","0498","614","338","276","60","674","1166","0","57.8","28.99"
"10","009","00","002","0202","0000","1207","689","518","86","1293","2110","0","61.28","32.65"
"10","009","00","002","0202","0499","646","366","280","42","688","1135","0","60.62","32.25"
"10","009","00","002","0202","0500","561","323","238","44","605","975","0","62.05","33.13"
"10","009","00","002","0203","0000","1123","721","402","117","1240","2228","0","55.66","32.36"
"10","009","00","002","0203","0503","675","458","217","66","741","1321","0","56.09","34.67"
"10","009","00","002","0203","0504","448","263","185","51","499","907","0","55.02","29.0"
"10","009","00","002","0204","0000","862","528","334","68","930","1473","0","63.14","35.85"
"10","009","00","002","0204","0505","862","528","334","68","930","1473","0","63.14","35.85"
"10","009","00","002","0205","0000","728","392","336","75","803","1277","0","62.88","30.7"
"10","009","00","002","0205","0506","728","392","336","75","803","1277","0","62.88","30.7"
"10","009","00","002","0206","0000","1357","788","569","155","1512","2673","0","56.57","29.48"
"10","009","00","002","0206","0514","577","335","242","56","633","1042","0","60.75","32.15"
"10","009","00","002","0206","0515","780","453","327","99","879","1631","0","53.89","27.77"
"10","009","00","002","0207","0000","642","351","291","113","755","1333","0","56.64","26.33"
"10","009","00","002","0207","0507","642","351","291","113","755","1333","0","56.64","26.33"
"10","009","00","002","0208","0000","370","219","151","40","410","777","0","52.77","28.19"
"10","009","00","002","0208","0508","370","219","151","40","410","777","0","52.77","28.19"
"10","009","00","002","0209","0000","428","267","161","65","493","899","0","54.84","29.7"
"10","009","00","002","0209","0510","428","267","161","65","493","899","0","54.84","29.7"
"10","009","00","002","0210","0000","264","151","113","50","314","688","0","45.64","21.95"
"10","009","00","002","0210","0511","264","151","113","50","314","688","0","45.64","21.95"
"10","009","00","002","0211","0000","609","307","302","41","650","1147","0","56.67","26.77"
"10","009","00","002","0211","0512","609","307","302","41","650","1147","0","56.67","26.77"
"10","009","00","002","0212","0000","834","506","328","111","945","1709","0","55.3","29.61"
"10","009","00","002","0212","0513","834","506","328","111","945","1709","0","55.3","29.61"
"10","009","00","002","0213","0000","479","289","190","37","516","981","0","52.6","29.46"
"10","009","00","002","0213","0525","479","289","190","37","516","981","0","52.6","29.46"
"10","009","00","002","0214","0000","1296","775","521","157","1453","2715","0","53.52","28.55"
"10","009","00","002","0214","0526","486","279","207","35","521","1129","0","46.15","24.71"
"10","009","00","002","0214","0527","810","496","314","122","932","1586","0","58.76","31.27"
"10","009","00","002","0215","0000","1102","680","422","128","1230","2227","0","55.23","30.53"
"10","009","00","002","0215","0528","666","429","237","92","758","1243","0","60.98","34.51"
"10","009","00","002","0215","0529","436","251","185","36","472","984","0","47.97","25.51"
"10","009","00","002","0216","0000","1761","865","896","168","1929","3266","0","59.06","26.48"
"10","009","00","002","0216","0516","914","367","547","100","1014","1702","0","59.58","21.56"
"10","009","00","002","0216","0517","847","498","349","68","915","1564","0","58.5","31.84"
"10","009","00","002","0217","0000","365","228","137","24","389","897","0","43.37","25.42"
"10","009","00","002","0217","0520","365","228","137","24","389","897","0","43.37","25.42"
"10","009","00","002","0218","0000","381","231","150","44","425","803","0","52.93","28.77"
"10","009","00","002","0218","0521","381","231","150","44","425","803","0","52.93","28.77"
"10","009","00","002","0219","0000","447","276","171","57","504","866","0","58.2","31.87"
"10","009","00","002","0219","0522","447","276","171","57","504","866","0","58.2","31.87"
"10","009","00","002","0220","0000","754","439","315","131","885","1523","0","58.11","28.82"
"10","009","00","002","0220","0523","428","261","167","76","504","852","0","59.15","30.63"
"10","009","00","002","0220","0524","326","178","148","55","381","671","0","56.78","26.53"
"10","009","00","002","0221","0000","738","431","307","97","835","1507","0","55.41","28.6"
"10","009","00","002","0221","0530","738","431","307","97","835","1507","0","55.41","28.6"
"10","009","00","002","0222","0000","423","226","197","53","476","877","0","54.28","25.77"
"10","009","00","002","0222","0509","423","226","197","53","476","877","0","54.28","25.77"
"10","009","00","002","0223","0000","1541","948","593","116","1657","2810","0","58.97","33.74"
"10","009","00","002","0223","0501","805","507","298","58","863","1459","0","59.15","34.75"
"10","009","00","002","0223","0502","736","441","295","58","794","1351","0","58.77","32.64"
"10","009","00","002","0224","0000","1108","677","431","75","1183","2186","0","54.12","30.97"
"10","009","00","002","0224","0518","385","241","144","16","401","910","0","44.07","26.48"
"10","009","00","002","0224","0519","723","436","287","59","782","1276","0","61.29","34.17"
"10","009","00","003","0000","0000","28055","16809","11246","2608","30663","58167","70892","52.72","28.9"
"10","009","00","003","0301","0000","497","286","211","73","570","941","0","60.57","30.39"
"10","009","00","003","0301","0117","497","286","211","73","570","941","0","60.57","30.39"
"10","009","00","003","0302","0000","799","453","346","74","873","1675","0","52.12","27.04"
"10","009","00","003","0302","0111","410","234","176","25","435","785","0","55.41","29.81"
"10","009","00","003","0302","0112","389","219","170","49","438","890","0","49.21","24.61"
"10","009","00","003","0303","0000","1365","821","544","120","1485","2605","0","57.01","31.52"
"10","009","00","003","0303","0109","671","411","260","73","744","1347","0","55.23","30.51"
"10","009","00","003","0303","0110","694","410","284","47","741","1258","0","58.9","32.59"
"10","009","00","003","0304","0000","1551","941","610","125","1676","2844","0","58.93","33.09"
"10","009","00","003","0304","0113","752","442","310","58","810","1413","0","57.32","31.28"
"10","009","00","003","0304","0114","799","499","300","67","866","1431","0","60.52","34.87"
"10","009","00","003","0305","0000","1175","729","446","127","1302","2549","0","51.08","28.6"
"10","009","00","003","0305","0115","582","348","234","76","658","1224","0","53.76","28.43"
"10","009","00","003","0305","0116","593","381","212","51","644","1325","0","48.6","28.75"
"10","009","00","003","0306","0000","1602","967","635","97","1699","3254","0","52.21","29.72"
"10","009","00","003","0306","0118","821","517","304","40","861","1613","0","53.38","32.05"
"10","009","00","003","0306","0119","781","450","331","57","838","1641","0","51.07","27.42"
"10","009","00","003","0307","0000","823","512","311","44","867","1438","0","60.29","35.61"
"10","009","00","003","0307","0123","823","512","311","44","867","1438","0","60.29","35.61"
"10","009","00","003","0308","0000","2438","1489","949","145","2583","4295","0","60.14","34.67"
"10","009","00","003","0308","0124","744","466","278","42","786","1361","0","57.75","34.24"
"10","009","00","003","0308","0125","813","481","332","54","867","1444","0","60.04","33.31"
"10","009","00","003","0308","0126","881","542","339","49","930","1490","0","62.42","36.38"
"10","009","00","003","0309","0000","1233","742","491","84","1317","2274","0","57.92","32.63"
"10","009","00","003","0309","0127","781","476","305","50","831","1307","0","63.58","36.42"
"10","009","00","003","0309","0128","452","266","186","34","486","967","0","50.26","27.51"
"10","009","00","003","0310","0000","1868","1149","719","112","1980","3745","0","52.87","30.68"
"10","009","00","003","0310","0129","903","538","365","47","950","1865","0","50.94","28.85"
"10","009","00","003","0310","0130","965","611","354","65","1030","1880","0","54.79","32.5"
"10","009","00","003","0311","0000","1010","564","446","67","1077","2000","0","53.85","28.2"
"10","009","00","003","0311","0131","524","292","232","46","570","1099","0","51.87","26.57"
"10","009","00","003","0311","0132","486","272","214","21","507","901","0","56.27","30.19"
"10","009","00","003","0312","0000","543","335","208","35","578","1120","0","51.61","29.91"
"10","009","00","003","0312","0133","543","335","208","35","578","1120","0","51.61","29.91"
"10","009","00","003","0313","0000","558","349","209","79","637","1272","0","50.08","27.44"
"10","009","00","003","0313","0154","558","349","209","79","637","1272","0","50.08","27.44"
"10","009","00","003","0314","0000","356","220","136","37","393","851","0","46.18","25.85"
"10","009","00","003","0314","0153","356","220","136","37","393","851","0","46.18","25.85"
"10","009","00","003","0315","0000","615","377","238","104","719","1549","0","46.42","24.34"
"10","009","00","003","0315","0152","615","377","238","104","719","1549","0","46.42","24.34"
"10","009","00","003","0316","0000","623","379","244","85","708","1509","0","46.92","25.12"
"10","009","00","003","0316","0150","623","379","244","85","708","1509","0","46.92","25.12"
"10","009","00","003","0317","0000","301","145","156","66","367","855","0","42.92","16.96"
"10","009","00","003","0317","0151","301","145","156","66","367","855","0","42.92","16.96"
"10","009","00","003","0318","0000","1242","710","532","121","1363","2668","0","51.09","26.61"
"10","009","00","003","0318","0135","674","383","291","79","753","1420","0","53.03","26.97"
"10","009","00","003","0318","0136","568","327","241","42","610","1248","0","48.88","26.2"
"10","009","00","003","0319","0000","386","241","145","32","418","799","0","52.32","30.16"
"10","009","00","003","0319","0137","386","241","145","32","418","799","0","52.32","30.16"
"10","009","00","003","0320","0000","801","442","359","117","918","1760","0","52.16","25.11"
"10","009","00","003","0320","0138","383","228","155","62","445","836","0","53.23","27.27"
"10","009","00","003","0320","0139","418","214","204","55","473","924","0","51.19","23.16"
"10","009","00","003","0321","0000","647","390","257","55","702","1648","0","42.6","23.67"
"10","009","00","003","0321","0140","647","390","257","55","702","1648","0","42.6","23.67"
"10","009","00","003","0322","0000","1345","803","542","195","1540","3162","0","48.7","25.4"
"10","009","00","003","0322","0141","669","391","278","113","782","1616","0","48.39","24.2"
"10","009","00","003","0322","0142","676","412","264","82","758","1546","0","49.03","26.65"
"10","009","00","003","0323","0000","1074","666","408","83","1157","2361","0","49.0","28.21"
"10","009","00","003","0323","0143","589","373","216","41","630","1283","0","49.1","29.07"
"10","009","00","003","0323","0144","485","293","192","42","527","1078","0","48.89","27.18"
"10","009","00","003","0324","0000","1117","637","480","100","1217","2597","0","46.86","24.53"
"10","009","00","003","0324","0145","557","327","230","52","609","1313","0","46.38","24.9"
"10","009","00","003","0324","0146","560","310","250","48","608","1284","0","47.35","24.14"
"10","009","00","003","0325","0000","627","380","247","101","728","1356","0","53.69","28.02"
"10","009","00","003","0325","0147","627","380","247","101","728","1356","0","53.69","28.02"
"10","009","00","003","0326","0000","727","442","285","78","805","1504","0","53.52","29.39"
"10","009","00","003","0326","0148","727","442","285","78","805","1504","0","53.52","29.39"
"10","009","00","003","0327","0000","232","131","101","12","244","545","0","44.77","24.04"
"10","009","00","003","0327","0134","232","131","101","12","244","545","0","44.77","24.04"
"10","009","00","003","0328","0000","1997","1201","796","197","2194","3767","0","58.24","31.88"
"10","009","00","003","0328","0120","662","410","252","53","715","1200","0","59.58","34.17"
"10","009","00","003","0328","0121","676","403","273","86","762","1294","0","58.89","31.14"
"10","009","00","003","0328","0122","659","388","271","58","717","1273","0","56.32","30.48"
"10","009","00","003","0329","0000","503","308","195","43","546","1224","0","44.61","25.16"
"10","009","00","003","0329","0149","503","308","195","43","546","1224","0","44.61","25.16"
"10","009","00","004","0000","0000","17560","10492","7068","2385","19945","38142","46135","52.29","27.51"
"10","009","00","004","0401","0000","714","432","282","83","797","1590","0","50.13","27.17"
"10","009","00","004","0401","0340","714","432","282","83","797","1590","0","50.13","27.17"
"10","009","00","004","0402","0000","834","517","317","114","948","1741","0","54.45","29.7"
"10","009","00","004","0402","0341","834","517","317","114","948","1741","0","54.45","29.7"
"10","009","00","004","0403","0000","1198","735","463","147","1345","2120","0","63.44","34.67"
"10","009","00","004","0403","0342","621","388","233","71","692","1080","0","64.07","35.93"
"10","009","00","004","0403","0343","577","347","230","76","653","1040","0","62.79","33.37"
"10","009","00","004","0404","0000","1503","935","568","130","1633","2971","0","54.96","31.47"
"10","009","00","004","0404","0344","681","400","281","67","748","1346","0","55.57","29.72"
"10","009","00","004","0404","0345","822","535","287","63","885","1625","0","54.46","32.92"
"10","009","00","004","0405","0000","203","123","80","24","227","354","0","64.12","34.75"
"10","009","00","004","0405","0346","203","123","80","24","227","354","0","64.12","34.75"
"10","009","00","004","0406","0000","275","155","120","43","318","580","0","54.83","26.72"
"10","009","00","004","0406","0347","275","155","120","43","318","580","0","54.83","26.72"
"10","009","00","004","0407","0000","326","193","133","47","373","591","0","63.11","32.66"
"10","009","00","004","0407","0348","326","193","133","47","373","591","0","63.11","32.66"
"10","009","00","004","0408","0000","549","313","236","72","621","1050","0","59.14","29.81"
"10","009","00","004","0408","0349","549","313","236","72","621","1050","0","59.14","29.81"
"10","009","00","004","0409","0000","1386","805","581","186","1572","2749","0","57.18","29.28"
"10","009","00","004","0409","0350","635","368","267","76","711","1147","0","61.99","32.08"
"10","009","00","004","0409","0351","751","437","314","110","861","1602","0","53.75","27.28"
"10","009","00","004","0410","0000","2068","1234","834","239","2307","4335","0","53.22","28.47"
"10","009","00","004","0410","0352","683","445","238","82","765","1452","0","52.69","30.65"
"10","009","00","004","0410","0353","762","426","336","117","879","1578","0","55.7","27.0"
"10","009","00","004","0410","0354","623","363","260","40","663","1305","0","50.8","27.82"
"10","009","00","004","0411","0000","537","323","214","66","603","1327","0","45.44","24.34"
"10","009","00","004","0411","0355","537","323","214","66","603","1327","0","45.44","24.34"
"10","009","00","004","0412","0000","694","436","258","92","786","1516","0","51.85","28.76"
"10","009","00","004","0412","0356","694","436","258","92","786","1516","0","51.85","28.76"
"10","009","00","004","0413","0000","459","282","177","78","537","983","0","54.63","28.69"
"10","009","00","004","0413","0369","459","282","177","78","537","983","0","54.63","28.69"
"10","009","00","004","0414","0000","483","280","203","61","544","1014","0","53.65","27.61"
"10","009","00","004","0414","0370","483","280","203","61","544","1014","0","53.65","27.61"
"10","009","00","004","0415","0000","775","458","317","128","903","1805","0","50.03","25.37"
"10","009","00","004","0415","0371","389","226","163","83","472","939","0","50.27","24.07"
"10","009","00","004","0415","0372","386","232","154","45","431","866","0","49.77","26.79"
"10","009","00","004","0416","0000","631","383","248","93","724","1486","0","48.72","25.77"
"10","009","00","004","0416","0373","631","383","248","93","724","1486","0","48.72","25.77"
"10","009","00","004","0417","0000","574","352","222","62","636","1616","0","39.36","21.78"
"10","009","00","004","0417","0357","303","184","119","37","340","828","0","41.06","22.22"
"10","009","00","004","0417","0358","271","168","103","25","296","788","0","37.56","21.32"
"10","009","00","004","0418","0000","356","205","151","86","442","863","0","51.22","23.75"
"10","009","00","004","0418","0359","356","205","151","86","442","863","0","51.22","23.75"
"10","009","00","004","0419","0000","401","218","183","119","520","984","0","52.85","22.15"
"10","009","00","004","0419","0360","401","218","183","119","520","984","0","52.85","22.15"
"10","009","00","004","0420","0000","381","211","170","82","463","870","0","53.22","24.25"
"10","009","00","004","0420","0362","381","211","170","82","463","870","0","53.22","24.25"
"10","009","00","004","0421","0000","644","357","287","66","710","1514","0","46.9","23.58"
"10","009","00","004","0421","0361","644","357","287","66","710","1514","0","46.9","23.58"
"10","009","00","004","0422","0000","450","271","179","67","517","971","0","53.24","27.91"
"10","009","00","004","0422","0363","450","271","179","67","517","971","0","53.24","27.91"
"10","009","00","004","0423","0000","391","211","180","59","450","823","0","54.68","25.64"
"10","009","00","004","0423","0366","391","211","180","59","450","823","0","54.68","25.64"
"10","009","00","004","0424","0000","299","193","106","51","350","726","0","48.21","26.58"
"10","009","00","004","0424","0365","299","193","106","51","350","726","0","48.21","26.58"
"10","009","00","004","0425","0000","522","309","213","63","585","1304","0","44.86","23.7"
"10","009","00","004","0425","0364","522","309","213","63","585","1304","0","44.86","23.7"
"10","009","00","004","0426","0000","320","198","122","28","348","886","0","39.28","22.35"
"10","009","00","004","0426","0367","320","198","122","28","348","886","0","39.28","22.35"
"10","009","00","004","0427","0000","587","363","224","99","686","1373","0","49.96","26.44"
"10","009","00","004","0427","0368","587","363","224","99","686","1373","0","49.96","26.44"
"10","009","00","005","0000","0000","11070","6582","4488","1639","12709","24412","28827","52.06","26.96"
"10","009","00","005","0501","0000","446","282","164","68","514","809","0","63.54","34.86"
"10","009","00","005","0501","0080","446","282","164","68","514","809","0","63.54","34.86"
"10","009","00","005","0502","0000","469","247","222","70","539","896","0","60.16","27.57"
"10","009","00","005","0502","0081","469","247","222","70","539","896","0","60.16","27.57"
"10","009","00","005","0503","0000","771","482","289","98","869","1389","0","62.56","34.7"
"10","009","00","005","0503","0082","343","204","139","55","398","687","0","57.93","29.69"
"10","009","00","005","0503","0083","428","278","150","43","471","702","0","67.09","39.6"
"10","009","00","005","0504","0000","581","366","215","57","638","1032","0","61.82","35.47"
"10","009","00","005","0504","0084","581","366","215","57","638","1032","0","61.82","35.47"
"10","009","00","005","0505","0000","500","286","214","95","595","1124","0","52.94","25.44"
"10","009","00","005","0505","0085","315","186","129","56","371","697","0","53.23","26.69"
"10","009","00","005","0505","0086","185","100","85","39","224","427","0","52.46","23.42"
"10","009","00","005","0506","0000","646","381","265","61","707","1430","0","49.44","26.64"
"10","009","00","005","0506","0089","259","150","109","20","279","634","0","44.01","23.66"
"10","009","00","005","0506","0090","387","231","156","41","428","796","0","53.77","29.02"
"10","009","00","005","0507","0000","531","293","238","92","623","1321","0","47.16","22.18"
"10","009","00","005","0507","0091","279","150","129","54","333","745","0","44.7","20.13"
"10","009","00","005","0507","0092","252","143","109","38","290","576","0","50.35","24.83"
"10","009","00","005","0508","0000","511","285","226","83","594","1277","0","46.52","22.32"
"10","009","00","005","0508","0093","292","168","124","64","356","743","0","47.91","22.61"
"10","009","00","005","0508","0094","219","117","102","19","238","534","0","44.57","21.91"
"10","009","00","005","0509","0000","393","240","153","67","460","843","0","54.57","28.47"
"10","009","00","005","0509","0099","393","240","153","67","460","843","0","54.57","28.47"
"10","009","00","005","0510","0000","1442","866","576","124","1566","2734","0","57.28","31.68"
"10","009","00","005","0510","0087","757","462","295","86","843","1451","0","58.1","31.84"
"10","009","00","005","0510","0088","685","404","281","38","723","1283","0","56.35","31.49"
"10","009","00","005","0511","0000","815","471","344","145","960","1864","0","51.5","25.27"
"10","009","00","005","0511","0100","400","239","161","87","487","916","0","53.17","26.09"
"10","009","00","005","0511","0101","415","232","183","58","473","948","0","49.89","24.47"
"10","009","00","005","0512","0000","811","509","302","119","930","1774","0","52.42","28.69"
"10","009","00","005","0512","0102","428","275","153","36","464","914","0","50.77","30.09"
"10","009","00","005","0512","0103","383","234","149","83","466","860","0","54.19","27.21"
"10","009","00","005","0513","0000","313","204","109","52","365","896","0","40.74","22.77"
"10","009","00","005","0513","0106","313","204","109","52","365","896","0","40.74","22.77"
"10","009","00","005","0514","0000","762","468","294","127","889","1804","0","49.28","25.94"
"10","009","00","005","0514","0104","407","254","153","64","471","929","0","50.7","27.34"
"10","009","00","005","0514","0105","355","214","141","63","418","875","0","47.77","24.46"
"10","009","00","005","0515","0000","915","519","396","169","1084","2276","0","47.63","22.8"
"10","009","00","005","0515","0095","452","268","184","92","544","1199","0","45.37","22.35"
"10","009","00","005","0515","0096","463","251","212","77","540","1077","0","50.14","23.31"
"10","009","00","005","0516","0000","609","356","253","97","706","1503","0","46.97","23.69"
"10","009","00","005","0516","0097","290","178","112","46","336","819","0","41.03","21.73"
"10","009","00","005","0516","0098","319","178","141","51","370","684","0","54.09","26.02"
"10","009","00","005","0517","0000","555","327","228","115","670","1440","0","46.53","22.71"
"10","009","00","005","0517","0107","272","165","107","70","342","757","0","45.18","21.8"
"10","009","00","005","0517","0108","283","162","121","45","328","683","0","48.02","23.72"
"10","009","00","006","0000","0000","15979","9640","6339","2471","18450","33958","39975","54.33","28.39"
"10","009","00","006","0601","0000","334","215","119","90","424","724","0","58.56","29.7"
"10","009","00","006","0601","0256","334","215","119","90","424","724","0","58.56","29.7"
"10","009","00","006","0602","0000","348","192","156","81","429","688","0","62.35","27.91"
"10","009","00","006","0602","0257","348","192","156","81","429","688","0","62.35","27.91"
"10","009","00","006","0603","0000","217","131","86","48","265","452","0","58.63","28.98"
"10","009","00","006","0603","0258","217","131","86","48","265","452","0","58.63","28.98"
"10","009","00","006","0604","0000","421","238","183","86","507","866","0","58.55","27.48"
"10","009","00","006","0604","0259","421","238","183","86","507","866","0","58.55","27.48"
"10","009","00","006","0605","0000","153","90","63","25","178","336","0","52.98","26.79"
"10","009","00","006","0605","0260","153","90","63","25","178","336","0","52.98","26.79"
"10","009","00","006","0606","0000","182","123","59","35","217","395","0","54.94","31.14"
"10","009","00","006","0606","0261","182","123","59","35","217","395","0","54.94","31.14"
"10","009","00","006","0607","0000","209","131","78","29","238","376","0","63.3","34.84"
"10","009","00","006","0607","0262","209","131","78","29","238","376","0","63.3","34.84"
"10","009","00","006","0608","0000","495","284","211","54","549","950","0","57.79","29.89"
"10","009","00","006","0608","0263","495","284","211","54","549","950","0","57.79","29.89"
"10","009","00","006","0609","0000","271","153","118","51","322","512","0","62.89","29.88"
"10","009","00","006","0609","0264","271","153","118","51","322","512","0","62.89","29.88"
"10","009","00","006","0610","0000","156","99","57","42","198","324","0","61.11","30.56"
"10","009","00","006","0610","0265","156","99","57","42","198","324","0","61.11","30.56"
"10","009","00","006","0611","0000","260","152","108","39","299","546","0","54.76","27.84"
"10","009","00","006","0611","0266","260","152","108","39","299","546","0","54.76","27.84"
"10","009","00","006","0612","0000","589","354","235","101","690","1184","0","58.28","29.9"
"10","009","00","006","0612","0267","234","140","94","25","259","433","0","59.82","32.33"
"10","009","00","006","0612","0268","355","214","141","76","431","751","0","57.39","28.5"
"10","009","00","006","0613","0000","241","154","87","32","273","442","0","61.76","34.84"
"10","009","00","006","0613","0269","241","154","87","32","273","442","0","61.76","34.84"
"10","009","00","006","0614","0000","2467","1453","1014","323","2790","4912","0","56.8","29.58"
"10","009","00","006","0614","0270","578","351","227","88","666","1151","0","57.86","30.5"
"10","009","00","006","0614","0271","647","375","272","66","713","1224","0","58.25","30.64"
"10","009","00","006","0614","0272","594","329","265","70","664","1211","0","54.83","27.17"
"10","009","00","006","0614","0273","648","398","250","99","747","1326","0","56.33","30.02"
"10","009","00","006","0615","0000","984","567","417","122","1106","1721","0","64.26","32.95"
"10","009","00","006","0615","0274","418","244","174","61","479","744","0","64.38","32.8"
"10","009","00","006","0615","0275","566","323","243","61","627","977","0","64.18","33.06"
"10","009","00","006","0616","0000","3174","2018","1156","370","3544","6230","0","56.89","32.39"
"10","009","00","006","0616","0278","712","446","266","76","788","1364","0","57.77","32.7"
"10","009","00","006","0616","0279","570","399","171","84","654","1123","0","58.24","35.53"
"10","009","00","006","0616","0280","757","482","275","65","822","1451","0","56.65","33.22"
"10","009","00","006","0616","0281","620","380","240","77","697","1162","0","59.98","32.7"
"10","009","00","006","0616","0282","515","311","204","68","583","1130","0","51.59","27.52"
"10","009","00","006","0617","0000","517","312","205","60","577","1149","0","50.22","27.15"
"10","009","00","006","0617","0283","517","312","205","60","577","1149","0","50.22","27.15"
"10","009","00","006","0618","0000","317","191","126","34","351","809","0","43.39","23.61"
"10","009","00","006","0618","0287","317","191","126","34","351","809","0","43.39","23.61"
"10","009","00","006","0619","0000","539","324","215","100","639","1397","0","45.74","23.19"
"10","009","00","006","0619","0288","539","324","215","100","639","1397","0","45.74","23.19"
"10","009","00","006","0620","0000","436","262","174","96","532","1145","0","46.46","22.88"
"10","009","00","006","0620","0289","436","262","174","96","532","1145","0","46.46","22.88"
"10","009","00","006","0621","0000","425","231","194","191","616","966","0","63.77","23.91"
"10","009","00","006","0621","0284","192","106","86","48","240","533","0","45.03","19.89"
"10","009","00","006","0621","0285","233","125","108","143","376","433","0","86.84","28.87"
"10","009","00","006","0622","0000","238","134","104","73","311","828","0","37.56","16.18"
"10","009","00","006","0622","0290","238","134","104","73","311","828","0","37.56","16.18"
"10","009","00","006","0623","0000","197","124","73","25","222","557","0","39.86","22.26"
"10","009","00","006","0623","0291","197","124","73","25","222","557","0","39.86","22.26"
"10","009","00","006","0624","0000","683","426","257","93","776","1637","0","47.4","26.02"
"10","009","00","006","0624","0292","442","266","176","56","498","1060","0","46.98","25.09"
"10","009","00","006","0624","0293","241","160","81","37","278","577","0","48.18","27.73"
"10","009","00","006","0625","0000","1351","814","537","163","1514","2981","0","50.79","27.31"
"10","009","00","006","0625","0294","339","196","143","72","411","931","0","44.15","21.05"
"10","009","00","006","0625","0295","493","311","182","53","546","1018","0","53.63","30.55"
"10","009","00","006","0625","0296","519","307","212","38","557","1032","0","53.97","29.75"
"10","009","00","006","0626","0000","456","256","200","74","530","960","0","55.21","26.67"
"10","009","00","006","0626","0276","456","256","200","74","530","960","0","55.21","26.67"
"10","009","00","006","0627","0000","159","98","61","15","174","494","0","35.22","19.84"
"10","009","00","006","0627","0277","159","98","61","15","174","494","0","35.22","19.84"
"10","009","00","006","0628","0000","160","114","46","19","179","377","0","47.48","30.24"
"10","009","00","006","0628","0286","160","114","46","19","179","377","0","47.48","30.24"
"10","009","00","007","0000","0000","12721","7747","4974","1572","14293","27477","31464","52.02","28.19"
"10","009","00","007","0701","0000","539","312","227","111","650","1255","0","51.79","24.86"
"10","009","00","007","0701","0539","539","312","227","111","650","1255","0","51.79","24.86"
"10","009","00","007","0702","0000","586","357","229","66","652","1078","0","60.48","33.12"
"10","009","00","007","0702","0540","586","357","229","66","652","1078","0","60.48","33.12"
"10","009","00","007","0703","0000","573","327","246","107","680","1169","0","58.17","27.97"
"10","009","00","007","0703","0538","573","327","246","107","680","1169","0","58.17","27.97"
"10","009","00","007","0704","0000","628","402","226","112","740","1426","0","51.89","28.19"
"10","009","00","007","0704","0536","540","345","195","104","644","1122","0","57.4","30.75"
"10","009","00","007","0704","0537","88","57","31","8","96","304","0","31.58","18.75"
"10","009","00","007","0705","0000","1436","884","552","134","1570","3074","0","51.07","28.76"
"10","009","00","007","0705","0534","632","402","230","65","697","1302","0","53.53","30.88"
"10","009","00","007","0705","0535","804","482","322","69","873","1772","0","49.27","27.2"
"10","009","00","007","0706","0000","668","399","269","94","762","1517","0","50.23","26.3"
"10","009","00","007","0706","0533","668","399","269","94","762","1517","0","50.23","26.3"
"10","009","00","007","0707","0000","1021","627","394","125","1146","2120","0","54.06","29.58"
"10","009","00","007","0707","0531","561","346","215","61","622","1126","0","55.24","30.73"
"10","009","00","007","0707","0532","460","281","179","64","524","994","0","52.72","28.27"
"10","009","00","007","0708","0000","263","160","103","15","278","734","0","37.87","21.8"
"10","009","00","007","0708","0554","263","160","103","15","278","734","0","37.87","21.8"
"10","009","00","007","0709","0000","91","49","42","11","102","285","0","35.79","17.19"
"10","009","00","007","0709","0553","91","49","42","11","102","285","0","35.79","17.19"
"10","009","00","007","0710","0000","1008","617","391","129","1137","2138","0","53.18","28.86"
"10","009","00","007","0710","0547","421","257","164","66","487","998","0","48.8","25.75"
"10","009","00","007","0710","0548","587","360","227","63","650","1140","0","57.02","31.58"
"10","009","00","007","0711","0000","561","296","265","73","634","1150","0","55.13","25.74"
"10","009","00","007","0711","0555","561","296","265","73","634","1150","0","55.13","25.74"
"10","009","00","007","0712","0000","586","472","114","9","595","1233","0","48.26","38.28"
"10","009","00","007","0712","0552","586","472","114","9","595","1233","0","48.26","38.28"
"10","009","00","007","0713","0000","204","110","94","26","230","453","0","50.77","24.28"
"10","009","00","007","0713","0556","204","110","94","26","230","453","0","50.77","24.28"
"10","009","00","007","0714","0000","236","131","105","41","277","571","0","48.51","22.94"
"10","009","00","007","0714","0557","236","131","105","41","277","571","0","48.51","22.94"
"10","009","00","007","0715","0000","972","587","385","114","1086","2058","0","52.77","28.52"
"10","009","00","007","0715","0549","519","320","199","70","589","1102","0","53.45","29.04"
"10","009","00","007","0715","0550","453","267","186","44","497","956","0","51.99","27.93"
"10","009","00","007","0716","0000","329","189","140","38","367","695","0","52.81","27.19"
"10","009","00","007","0716","0551","329","189","140","38","367","695","0","52.81","27.19"
"10","009","00","007","0717","0000","979","590","389","128","1107","2243","0","49.35","26.3"
"10","009","00","007","0717","0541","393","248","145","45","438","943","0","46.45","26.3"
"10","009","00","007","0717","0542","586","342","244","83","669","1300","0","51.46","26.31"
"10","009","00","007","0718","0000","997","585","412","109","1106","2108","0","52.47","27.75"
"10","009","00","007","0718","0543","429","251","178","54","483","964","0","50.1","26.04"
"10","009","00","007","0718","0544","568","334","234","55","623","1144","0","54.46","29.2"
"10","009","00","007","0719","0000","704","433","271","84","788","1482","0","53.17","29.22"
"10","009","00","007","0719","0545","704","433","271","84","788","1482","0","53.17","29.22"
"10","009","00","007","0720","0000","340","220","120","46","386","688","0","56.1","31.98"
"10","009","00","007","0720","0546","340","220","120","46","386","688","0","56.1","31.98"
"10","009","00","008","0000","0000","7466","4411","3055","964","8430","16509","19083","51.06","26.72"
"10","009","00","008","0801","0000","352","212","140","49","401","750","0","53.47","28.27"
"10","009","00","008","0801","0480","352","212","140","49","401","750","0","53.47","28.27"
"10","009","00","008","0802","0000","1055","626","429","85","1140","2095","0","54.42","29.88"
"10","009","00","008","0802","0484","735","438","297","47","782","1495","0","52.31","29.3"
"10","009","00","008","0802","0485","320","188","132","38","358","600","0","59.67","31.33"
"10","009","00","008","0803","0000","530","312","218","67","597","1004","0","59.46","31.08"
"10","009","00","008","0803","0486","530","312","218","67","597","1004","0","59.46","31.08"
"10","009","00","008","0804","0000","338","199","139","35","373","948","0","39.35","20.99"
"10","009","00","008","0804","0487","338","199","139","35","373","948","0","39.35","20.99"
"10","009","00","008","0805","0000","806","480","326","118","924","1895","0","48.76","25.33"
"10","009","00","008","0805","0489","608","371","237","81","689","1430","0","48.18","25.94"
"10","009","00","008","0805","0490","198","109","89","37","235","465","0","50.54","23.44"
"10","009","00","008","0806","0000","788","431","357","94","882","1781","0","49.52","24.2"
"10","009","00","008","0806","0491","577","324","253","64","641","1307","0","49.04","24.79"
"10","009","00","008","0806","0492","211","107","104","30","241","474","0","50.84","22.57"
"10","009","00","008","0807","0000","730","464","266","101","831","1539","0","54.0","30.15"
"10","009","00","008","0807","0488","730","464","266","101","831","1539","0","54.0","30.15"
"10","009","00","008","0808","0000","616","354","262","106","722","1220","0","59.18","29.02"
"10","009","00","008","0808","0493","616","354","262","106","722","1220","0","59.18","29.02"
"10","009","00","008","0809","0000","324","200","124","32","356","719","0","49.51","27.82"
"10","009","00","008","0809","0481","324","200","124","32","356","719","0","49.51","27.82"
"10","009","00","008","0810","0000","283","179","104","29","312","603","0","51.74","29.68"
"10","009","00","008","0810","0482","283","179","104","29","312","603","0","51.74","29.68"
"10","009","00","008","0811","0000","449","236","213","76","525","1106","0","47.47","21.34"
"10","009","00","008","0811","0483","449","236","213","76","525","1106","0","47.47","21.34"
"10","009","00","008","0812","0000","317","192","125","30","347","733","0","47.34","26.19"
"10","009","00","008","0812","0494","317","192","125","30","347","733","0","47.34","26.19"
"10","009","00","008","0813","0000","326","194","132","46","372","681","0","54.63","28.49"
"10","009","00","008","0813","0495","326","194","132","46","372","681","0","54.63","28.49"
"10","009","00","008","0814","0000","258","151","107","42","300","712","0","42.13","21.21"
"10","009","00","008","0814","0496","258","151","107","42","300","712","0","42.13","21.21"
"10","009","00","008","0815","0000","294","181","113","54","348","723","0","48.13","25.03"
"10","009","00","008","0815","0497","294","181","113","54","348","723","0","48.13","25.03"
"10","009","00","009","0000","0000","11803","7018","4785","1771","13574","24570","28727","55.25","28.56"
"10","009","00","009","0901","0000","2046","1215","831","257","2303","4079","0","56.46","29.79"
"10","009","00","009","0901","0374","750","418","332","101","851","1507","0","56.47","27.74"
"10","009","00","009","0901","0375","655","405","250","50","705","1300","0","54.23","31.15"
"10","009","00","009","0901","0376","641","392","249","106","747","1272","0","58.73","30.82"
"10","009","00","009","0902","0000","364","191","173","94","458","861","0","53.19","22.18"
"10","009","00","009","0902","0377","364","191","173","94","458","861","0","53.19","22.18"
"10","009","00","009","0903","0000","643","384","259","90","733","1565","0","46.84","24.54"
"10","009","00","009","0903","0378","643","384","259","90","733","1565","0","46.84","24.54"
"10","009","00","009","0904","0000","517","306","211","72","589","1213","0","48.56","25.23"
"10","009","00","009","0904","0379","263","162","101","26","289","577","0","50.09","28.08"
"10","009","00","009","0904","0380","254","144","110","46","300","636","0","47.17","22.64"
"10","009","00","009","0905","0000","466","284","182","104","570","1110","0","51.35","25.59"
"10","009","00","009","0905","0381","466","284","182","104","570","1110","0","51.35","25.59"
"10","009","00","009","0906","0000","972","580","392","163","1135","1958","0","57.97","29.62"
"10","009","00","009","0906","0382","509","305","204","78","587","973","0","60.33","31.35"
"10","009","00","009","0906","0383","463","275","188","85","548","985","0","55.63","27.92"
"10","009","00","009","0907","0000","1496","847","649","232","1728","2991","0","57.77","28.32"
"10","009","00","009","0907","0384","885","515","370","125","1010","1707","0","59.17","30.17"
"10","009","00","009","0907","0385","611","332","279","107","718","1284","0","55.92","25.86"
"10","009","00","009","0908","0000","663","378","285","74","737","1293","0","57.0","29.23"
"10","009","00","009","0908","0386","663","378","285","74","737","1293","0","57.0","29.23"
"10","009","00","009","0909","0000","544","316","228","44","588","1165","0","50.47","27.12"
"10","009","00","009","0909","0389","544","316","228","44","588","1165","0","50.47","27.12"
"10","009","00","009","0910","0000","959","588","371","171","1130","1940","0","58.25","30.31"
"10","009","00","009","0910","0387","436","270","166","74","510","900","0","56.67","30.0"
"10","009","00","009","0910","0388","523","318","205","97","620","1040","0","59.62","30.58"
"10","009","00","009","0911","0000","885","540","345","143","1028","1756","0","58.54","30.75"
"10","009","00","009","0911","0390","422","255","167","71","493","871","0","56.6","29.28"
"10","009","00","009","0911","0391","463","285","178","72","535","885","0","60.45","32.2"
"10","009","00","009","0912","0000","641","365","276","84","725","1489","0","48.69","24.51"
"10","009","00","009","0912","0392","641","365","276","84","725","1489","0","48.69","24.51"
"10","009","00","009","0913","0000","689","470","219","106","795","1347","0","59.02","34.89"
"10","009","00","009","0913","0393","689","470","219","106","795","1347","0","59.02","34.89"
"10","009","00","009","0914","0000","918","554","364","137","1055","1803","0","58.51","30.73"
"10","009","00","009","0914","0394","584","349","235","82","666","1150","0","57.91","30.35"
"10","009","00","009","0914","0395","334","205","129","55","389","653","0","59.57","31.39"
"10","009","00","010","0000","0000","7546","4482","3064","1172","8718","15551","18089","56.06","28.82"
"10","009","00","010","1001","0000","575","333","242","81","656","1036","0","63.32","32.14"
"10","009","00","010","1001","0396","575","333","242","81","656","1036","0","63.32","32.14"
"10","009","00","010","1002","0000","1758","1069","689","237","1995","3652","0","54.63","29.27"
"10","009","00","010","1002","0397","763","452","311","73","836","1490","0","56.11","30.34"
"10","009","00","010","1002","0398","708","436","272","96","804","1491","0","53.92","29.24"
"10","009","00","010","1002","0399","287","181","106","68","355","671","0","52.91","26.97"
"10","009","00","010","1003","0000","1102","666","436","203","1305","2187","0","59.67","30.45"
"10","009","00","010","1003","0400","726","419","307","136","862","1436","0","60.03","29.18"
"10","009","00","010","1003","0401","376","247","129","67","443","751","0","58.99","32.89"
"10","009","00","010","1004","0000","258","149","109","34","292","535","0","54.58","27.85"
"10","009","00","010","1004","0402","258","149","109","34","292","535","0","54.58","27.85"
"10","009","00","010","1005","0000","326","187","139","55","381","811","0","46.98","23.06"
"10","009","00","010","1005","0403","326","187","139","55","381","811","0","46.98","23.06"
"10","009","00","010","1006","0000","1230","747","483","208","1438","2625","0","54.78","28.46"
"10","009","00","010","1006","0404","638","388","250","129","767","1339","0","57.28","28.98"
"10","009","00","010","1006","0405","592","359","233","79","671","1286","0","52.18","27.92"
"10","009","00","010","1007","0000","319","187","132","39","358","646","0","55.42","28.95"
"10","009","00","010","1007","0406","319","187","132","39","358","646","0","55.42","28.95"
"10","009","00","010","1008","0000","556","310","246","91","647","1158","0","55.87","26.77"
"10","009","00","010","1008","0407","556","310","246","91","647","1158","0","55.87","26.77"
"10","009","00","010","1009","0000","528","324","204","91","619","1090","0","56.79","29.72"
"10","009","00","010","1009","0408","528","324","204","91","619","1090","0","56.79","29.72"
"10","009","00","010","1010","0000","894","510","384","133","1027","1811","0","56.71","28.16"
"10","009","00","010","1010","0409","498","290","208","82","580","950","0","61.05","30.53"
"10","009","00","010","1010","0410","396","220","176","51","447","861","0","51.92","25.55"
"10","009","00","011","0000","0000","9452","5577","3875","1550","11002","23367","26906","47.08","23.87"
"10","009","00","011","1101","0000","599","324","275","52","651","1463","0","44.5","22.15"
"10","009","00","011","1101","0317","599","324","275","52","651","1463","0","44.5","22.15"
"10","009","00","011","1102","0000","702","416","286","75","777","1738","0","44.71","23.94"
"10","009","00","011","1102","0318","702","416","286","75","777","1738","0","44.71","23.94"
"10","009","00","011","1103","0000","681","415","266","129","810","1643","0","49.3","25.26"
"10","009","00","011","1103","0319","250","150","100","54","304","625","0","48.64","24.0"
"10","009","00","011","1103","0320","431","265","166","75","506","1018","0","49.71","26.03"
"10","009","00","011","1104","0000","507","288","219","60","567","1496","0","37.9","19.25"
"10","009","00","011","1104","0321","162","85","77","3","165","448","0","36.83","18.97"
"10","009","00","011","1104","0322","345","203","142","57","402","1048","0","38.36","19.37"
"10","009","00","011","1105","0000","546","315","231","86","632","1161","0","54.44","27.13"
"10","009","00","011","1105","0323","546","315","231","86","632","1161","0","54.44","27.13"
"10","009","00","011","1106","0000","873","475","398","133","1006","1840","0","54.67","25.82"
"10","009","00","011","1106","0324","456","260","196","52","508","991","0","51.26","26.24"
"10","009","00","011","1106","0325","417","215","202","81","498","849","0","58.66","25.32"
"10","009","00","011","1107","0000","399","240","159","51","450","890","0","50.56","26.97"
"10","009","00","011","1107","0326","399","240","159","51","450","890","0","50.56","26.97"
"10","009","00","011","1108","0000","380","232","148","39","419","891","0","47.03","26.04"
"10","009","00","011","1108","0328","380","232","148","39","419","891","0","47.03","26.04"
"10","009","00","011","1109","0000","275","166","109","41","316","757","0","41.74","21.93"
"10","009","00","011","1109","0329","275","166","109","41","316","757","0","41.74","21.93"
"10","009","00","011","1110","0000","599","357","242","132","731","1497","0","48.83","23.85"
"10","009","00","011","1110","0330","599","357","242","132","731","1497","0","48.83","23.85"
"10","009","00","011","1111","0000","799","466","333","156","955","1857","0","51.43","25.09"
"10","009","00","011","1111","0331","471","269","202","81","552","1171","0","47.14","22.97"
"10","009","00","011","1111","0332","328","197","131","75","403","686","0","58.75","28.72"
"10","009","00","011","1112","0000","298","185","113","88","386","864","0","44.68","21.41"
"10","009","00","011","1112","0333","298","185","113","88","386","864","0","44.68","21.41"
"10","009","00","011","1113","0000","755","472","283","136","891","1769","0","50.37","26.68"
"10","009","00","011","1113","0334","516","324","192","99","615","1073","0","57.32","30.2"
"10","009","00","011","1113","0335","239","148","91","37","276","696","0","39.66","21.26"
"10","009","00","011","1114","0000","391","237","154","81","472","1271","0","37.14","18.65"
"10","009","00","011","1114","0336","391","237","154","81","472","1271","0","37.14","18.65"
"10","009","00","011","1115","0000","342","205","137","63","405","912","0","44.41","22.48"
"10","009","00","011","1115","0337","342","205","137","63","405","912","0","44.41","22.48"
"10","009","00","011","1116","0000","336","190","146","47","383","861","0","44.48","22.07"
"10","009","00","011","1116","0338","336","190","146","47","383","861","0","44.48","22.07"
"10","009","00","011","1117","0000","383","219","164","67","450","1030","0","43.69","21.26"
"10","009","00","011","1117","0339","383","219","164","67","450","1030","0","43.69","21.26"
"10","009","00","011","1118","0000","587","375","212","114","701","1427","0","49.12","26.28"
"10","009","00","011","1118","0327","587","375","212","114","701","1427","0","49.12","26.28"
"10","009","00","012","0000","0000","8858","5216","3642","1205","10063","21050","24427","47.81","24.78"
"10","009","00","012","1201","0000","566","338","228","87","653","1176","0","55.53","28.74"
"10","009","00","012","1201","0297","566","338","228","87","653","1176","0","55.53","28.74"
"10","009","00","012","1202","0000","627","381","246","73","700","1439","0","48.64","26.48"
"10","009","00","012","1202","0298","627","381","246","73","700","1439","0","48.64","26.48"
"10","009","00","012","1203","0000","1186","727","459","115","1301","2286","0","56.91","31.8"
"10","009","00","012","1203","0299","547","335","212","60","607","1027","0","59.1","32.62"
"10","009","00","012","1203","0300","639","392","247","55","694","1259","0","55.12","31.14"
"10","009","00","012","1204","0000","877","512","365","89","966","2056","0","46.98","24.9"
"10","009","00","012","1204","0301","471","269","202","49","520","1058","0","49.15","25.43"
"10","009","00","012","1204","0302","406","243","163","40","446","998","0","44.69","24.35"
"10","009","00","012","1205","0000","924","556","368","86","1010","2023","0","49.93","27.48"
"10","009","00","012","1205","0303","424","260","164","30","454","968","0","46.9","26.86"
"10","009","00","012","1205","0304","500","296","204","56","556","1055","0","52.7","28.06"
"10","009","00","012","1206","0000","513","298","215","107","620","1315","0","47.15","22.66"
"10","009","00","012","1206","0305","513","298","215","107","620","1315","0","47.15","22.66"
"10","009","00","012","1207","0000","763","436","327","151","914","2024","0","45.16","21.54"
"10","009","00","012","1207","0306","290","155","135","37","327","1027","0","31.84","15.09"
"10","009","00","012","1207","0307","473","281","192","114","587","997","0","58.88","28.18"
"10","009","00","012","1208","0000","376","239","137","46","422","807","0","52.29","29.62"
"10","009","00","012","1208","0308","376","239","137","46","422","807","0","52.29","29.62"
"10","009","00","012","1209","0000","572","289","283","85","657","1502","0","43.74","19.24"
"10","009","00","012","1209","0309","263","132","131","22","285","698","0","40.83","18.91"
"10","009","00","012","1209","0310","309","157","152","63","372","804","0","46.27","19.53"
"10","009","00","012","1210","0000","682","425","257","68","750","1753","0","42.78","24.24"
"10","009","00","012","1210","0311","371","227","144","33","404","867","0","46.6","26.18"
"10","009","00","012","1210","0312","311","198","113","35","346","886","0","39.05","22.35"
"10","009","00","012","1211","0000","511","336","175","104","615","1476","0","41.67","22.76"
"10","009","00","012","1211","0313","511","336","175","104","615","1476","0","41.67","22.76"
"10","009","00","012","1212","0000","324","190","134","48","372","1159","0","32.1","16.39"
"10","009","00","012","1212","0314","324","190","134","48","372","1159","0","32.1","16.39"
"10","009","00","012","1213","0000","580","283","297","92","672","1220","0","55.08","23.2"
"10","009","00","012","1213","0315","580","283","297","92","672","1220","0","55.08","23.2"
"10","009","00","012","1214","0000","357","206","151","54","411","814","0","50.49","25.31"
"10","009","00","012","1214","0316","357","206","151","54","411","814","0","50.49","25.31"
"10","009","00","013","0000","0000","15836","9483","6353","2130","17966","37119","46004","48.4","25.55"
"10","009","00","013","1301","0000","1673","1012","661","240","1913","4029","0","47.48","25.12"
"10","009","00","013","1301","0005","530","314","216","77","607","1340","0","45.3","23.43"
"10","009","00","013","1301","0006","474","283","191","79","553","1138","0","48.59","24.87"
"10","009","00","013","1301","0007","669","415","254","84","753","1551","0","48.55","26.76"
"10","009","00","013","1302","0000","3017","1727","1290","311","3328","6988","0","47.62","24.71"
"10","009","00","013","1302","0001","556","317","239","86","642","1497","0","42.89","21.18"
"10","009","00","013","1302","0002","790","445","345","83","873","1738","0","50.23","25.6"
"10","009","00","013","1302","0003","898","502","396","59","957","1921","0","49.82","26.13"
"10","009","00","013","1302","0004","773","463","310","83","856","1832","0","46.72","25.27"
"10","009","00","013","1303","0000","707","367","340","98","805","1909","0","42.17","19.22"
"10","009","00","013","1303","0008","258","117","141","53","311","715","0","43.5","16.36"
"10","009","00","013","1303","0009","449","250","199","45","494","1194","0","41.37","20.94"
"10","009","00","013","1304","0000","979","585","394","101","1080","2581","0","41.84","22.67"
"10","009","00","013","1304","0010","447","270","177","41","488","1023","0","47.7","26.39"
"10","009","00","013","1304","0011","532","315","217","60","592","1558","0","38.0","20.22"
"10","009","00","013","1305","0000","1114","688","426","144","1258","2559","0","49.16","26.89"
"10","009","00","013","1305","0019","542","339","203","78","620","1230","0","50.41","27.56"
"10","009","00","013","1305","0020","572","349","223","66","638","1329","0","48.01","26.26"
"10","009","00","013","1306","0000","1238","791","447","156","1394","2959","0","47.11","26.73"
"10","009","00","013","1306","0014","582","383","199","59","641","1363","0","47.03","28.1"
"10","009","00","013","1306","0015","656","408","248","97","753","1596","0","47.18","25.56"
"10","009","00","013","1307","0000","802","469","333","92","894","2170","0","41.2","21.61"
"10","009","00","013","1307","0012","427","238","189","47","474","1187","0","39.93","20.05"
"10","009","00","013","1307","0013","375","231","144","45","420","983","0","42.73","23.5"
"10","009","00","013","1308","0000","731","447","284","123","854","2002","0","42.66","22.33"
"10","009","00","013","1308","0017","359","231","128","63","422","964","0","43.78","23.96"
"10","009","00","013","1308","0018","372","216","156","60","432","1038","0","41.62","20.81"
"10","009","00","013","1309","0000","1750","1079","671","351","2101","3841","0","54.7","28.09"
"10","009","00","013","1309","0021","492","299","193","112","604","1129","0","53.5","26.48"
"10","009","00","013","1309","0022","568","347","221","128","696","1241","0","56.08","27.96"
"10","009","00","013","1309","0023","690","433","257","111","801","1471","0","54.45","29.44"
"10","009","00","013","1310","0000","523","289","234","102","625","1107","0","56.46","26.11"
"10","009","00","013","1310","0024","523","289","234","102","625","1107","0","56.46","26.11"
"10","009","00","013","1311","0000","1563","961","602","175","1738","3391","0","51.25","28.34"
"10","009","00","013","1311","0025","805","473","332","97","902","1636","0","55.13","28.91"
"10","009","00","013","1311","0026","758","488","270","78","836","1755","0","47.64","27.81"
"10","009","00","013","1312","0000","1006","652","354","107","1113","2114","0","52.65","30.84"
"10","009","00","013","1312","0027","544","367","177","56","600","1158","0","51.81","31.69"
"10","009","00","013","1312","0028","462","285","177","51","513","956","0","53.66","29.81"
"10","009","00","013","1313","0000","733","416","317","130","863","1469","0","58.75","28.32"
"10","009","00","013","1313","0016","733","416","317","130","863","1469","0","58.75","28.32"
"10","009","00","014","0000","0000","5575","3325","2250","921","6496","13239","14845","49.07","25.12"
"10","009","00","014","1401","0000","758","448","310","111","869","1533","0","56.69","29.22"
"10","009","00","014","1401","0055","758","448","310","111","869","1533","0","56.69","29.22"
"10","009","00","014","1402","0000","607","362","245","108","715","1203","0","59.43","30.09"
"10","009","00","014","1402","0056","607","362","245","108","715","1203","0","59.43","30.09"
"10","009","00","014","1403","0000","664","401","263","101","765","1624","0","47.11","24.69"
"10","009","00","014","1403","0053","331","203","128","41","372","896","0","41.52","22.66"
"10","009","00","014","1403","0054","333","198","135","60","393","728","0","53.98","27.2"
"10","009","00","014","1404","0000","281","168","113","45","326","540","0","60.37","31.11"
"10","009","00","014","1404","0052","281","168","113","45","326","540","0","60.37","31.11"
"10","009","00","014","1405","0000","469","286","183","74","543","1207","0","44.99","23.7"
"10","009","00","014","1405","0051","469","286","183","74","543","1207","0","44.99","23.7"
"10","009","00","014","1406","0000","293","196","97","31","324","546","0","59.34","35.9"
"10","009","00","014","1406","0058","293","196","97","31","324","546","0","59.34","35.9"
"10","009","00","014","1407","0000","315","177","138","76","391","817","0","47.86","21.66"
"10","009","00","014","1407","0057","315","177","138","76","391","817","0","47.86","21.66"
"10","009","00","014","1408","0000","302","155","147","63","365","856","0","42.64","18.11"
"10","009","00","014","1408","0060","302","155","147","63","365","856","0","42.64","18.11"
"10","009","00","014","1409","0000","357","207","150","81","438","853","0","51.35","24.27"
"10","009","00","014","1409","0059","357","207","150","81","438","853","0","51.35","24.27"
"10","009","00","014","1410","0000","823","486","337","114","937","1945","0","48.17","24.99"
"10","009","00","014","1410","0061","384","222","162","61","445","923","0","48.21","24.05"
"10","009","00","014","1410","0062","439","264","175","53","492","1022","0","48.14","25.83"
"10","009","00","014","1411","0000","354","210","144","62","416","1087","0","38.27","19.32"
"10","009","00","014","1411","0065","354","210","144","62","416","1087","0","38.27","19.32"
"10","009","00","014","1412","0000","352","229","123","55","407","1028","0","39.59","22.28"
"10","009","00","014","1412","0063","209","135","74","32","241","634","0","38.01","21.29"
"10","009","00","014","1412","0064","143","94","49","23","166","394","0","42.13","23.86"
"10","009","00","015","0000","0000","5123","3057","2066","634","5757","11381","12992","50.58","26.86"
"10","009","00","015","1501","0000","971","576","395","130","1101","1916","0","57.46","30.06"
"10","009","00","015","1501","0066","433","256","177","83","516","923","0","55.9","27.74"
"10","009","00","015","1501","0067","538","320","218","47","585","993","0","58.91","32.23"
"10","009","00","015","1502","0000","674","396","278","64","738","1450","0","50.9","27.31"
"10","009","00","015","1502","0068","349","210","139","40","389","748","0","52.01","28.07"
"10","009","00","015","1502","0069","325","186","139","24","349","702","0","49.72","26.5"
"10","009","00","015","1503","0000","714","437","277","62","776","1508","0","51.46","28.98"
"10","009","00","015","1503","0070","341","218","123","30","371","752","0","49.34","28.99"
"10","009","00","015","1503","0071","373","219","154","32","405","756","0","53.57","28.97"
"10","009","00","015","1504","0000","538","300","238","71","609","1207","0","50.46","24.86"
"10","009","00","015","1504","0074","202","111","91","29","231","470","0","49.15","23.62"
"10","009","00","015","1504","0075","336","189","147","42","378","737","0","51.29","25.64"
"10","009","00","015","1505","0000","623","397","226","71","694","1524","0","45.54","26.05"
"10","009","00","015","1505","0072","233","154","79","21","254","490","0","51.84","31.43"
"10","009","00","015","1505","0073","390","243","147","50","440","1034","0","42.55","23.5"
"10","009","00","015","1506","0000","388","245","143","48","436","878","0","49.66","27.9"
"10","009","00","015","1506","0076","388","245","143","48","436","878","0","49.66","27.9"
"10","009","00","015","1507","0000","339","215","124","51","390","778","0","50.13","27.63"
"10","009","00","015","1507","0077","339","215","124","51","390","778","0","50.13","27.63"
"10","009","00","015","1508","0000","535","301","234","60","595","1224","0","48.61","24.59"
"10","009","00","015","1508","0078","535","301","234","60","595","1224","0","48.61","24.59"
"10","009","00","015","1509","0000","341","190","151","77","418","896","0","46.65","21.21"
"10","009","00","015","1509","0079","341","190","151","77","418","896","0","46.65","21.21"
"10","009","00","016","0000","0000","8211","5070","3141","1334","9545","21125","23824","45.18","24.0"
"10","009","00","016","1601","0000","586","363","223","91","677","1238","0","54.68","29.32"
"10","009","00","016","1601","0029","586","363","223","91","677","1238","0","54.68","29.32"
"10","009","00","016","1602","0000","502","320","182","78","580","1098","0","52.82","29.14"
"10","009","00","016","1602","0031","502","320","182","78","580","1098","0","52.82","29.14"
"10","009","00","016","1603","0000","450","276","174","63","513","1091","0","47.02","25.3"
"10","009","00","016","1603","0030","450","276","174","63","513","1091","0","47.02","25.3"
"10","009","00","016","1604","0000","801","480","321","130","931","2073","0","44.91","23.15"
"10","009","00","016","1604","0032","392","239","153","47","439","1048","0","41.89","22.81"
"10","009","00","016","1604","0033","409","241","168","83","492","1025","0","48.0","23.51"
"10","009","00","016","1605","0000","555","341","214","86","641","1460","0","43.9","23.36"
"10","009","00","016","1605","0035","555","341","214","86","641","1460","0","43.9","23.36"
"10","009","00","016","1606","0000","535","320","215","136","671","1890","0","35.5","16.93"
"10","009","00","016","1606","0036","333","193","140","102","435","1180","0","36.86","16.36"
"10","009","00","016","1606","0037","202","127","75","34","236","710","0","33.24","17.89"
"10","009","00","016","1607","0000","207","123","84","16","223","620","0","35.97","19.84"
"10","009","00","016","1607","0038","207","123","84","16","223","620","0","35.97","19.84"
"10","009","00","016","1608","0000","211","119","92","67","278","687","0","40.47","17.32"
"10","009","00","016","1608","0040","211","119","92","67","278","687","0","40.47","17.32"
"10","009","00","016","1609","0000","175","104","71","38","213","449","0","47.44","23.16"
"10","009","00","016","1609","0039","175","104","71","38","213","449","0","47.44","23.16"
"10","009","00","016","1610","0000","376","235","141","54","430","850","0","50.59","27.65"
"10","009","00","016","1610","0034","376","235","141","54","430","850","0","50.59","27.65"
"10","009","00","016","1611","0000","640","419","221","105","745","1514","0","49.21","27.68"
"10","009","00","016","1611","0043","450","293","157","75","525","1042","0","50.38","28.12"
"10","009","00","016","1611","0044","190","126","64","30","220","472","0","46.61","26.69"
"10","009","00","016","1612","0000","505","346","159","42","547","1409","0","38.82","24.56"
"10","009","00","016","1612","0045","505","346","159","42","547","1409","0","38.82","24.56"
"10","009","00","016","1613","0000","1216","730","486","238","1454","3067","0","47.41","23.8"
"10","009","00","016","1613","0046","456","271","185","103","559","1061","0","52.69","25.54"
"10","009","00","016","1613","0047","359","211","148","44","403","993","0","40.58","21.25"
"10","009","00","016","1613","0048","401","248","153","91","492","1013","0","48.57","24.48"
"10","009","00","016","1614","0000","790","485","305","84","874","1849","0","47.27","26.23"
"10","009","00","016","1614","0049","555","346","209","55","610","1233","0","49.47","28.06"
"10","009","00","016","1614","0050","235","139","96","29","264","616","0","42.86","22.56"
"10","009","00","016","1615","0000","662","409","253","106","768","1830","0","41.97","22.35"
"10","009","00","016","1615","0041","478","290","188","83","561","1247","0","44.99","23.26"
"10","009","00","016","1615","0042","184","119","65","23","207","583","0","35.51","20.41"
"10","009","00","017","0000","0000","8292","4869","3423","1334","9626","22830","25784","42.16","21.33"
"10","009","00","017","1701","0000","1385","810","575","158","1543","3349","0","46.07","24.19"
"10","009","00","017","1701","0180","393","216","177","54","447","915","0","48.85","23.61"
"10","009","00","017","1701","0181","523","321","202","49","572","1284","0","44.55","25.0"
"10","009","00","017","1701","0182","469","273","196","55","524","1150","0","45.57","23.74"
"10","009","00","017","1702","0000","588","354","234","123","711","1534","0","46.35","23.08"
"10","009","00","017","1702","0183","262","165","97","61","323","744","0","43.41","22.18"
"10","009","00","017","1702","0184","326","189","137","62","388","790","0","49.11","23.92"
"10","009","00","017","1703","0000","458","216","242","98","556","1356","0","41.0","15.93"
"10","009","00","017","1703","0185","458","216","242","98","556","1356","0","41.0","15.93"
"10","009","00","017","1704","0000","299","189","110","57","356","739","0","48.17","25.58"
"10","009","00","017","1704","0186","299","189","110","57","356","739","0","48.17","25.58"
"10","009","00","017","1705","0000","326","188","138","50","376","965","0","38.96","19.48"
"10","009","00","017","1705","0187","326","188","138","50","376","965","0","38.96","19.48"
"10","009","00","017","1706","0000","375","211","164","89","464","1080","0","42.96","19.54"
"10","009","00","017","1706","0188","375","211","164","89","464","1080","0","42.96","19.54"
"10","009","00","017","1707","0000","326","182","144","53","379","948","0","39.98","19.2"
"10","009","00","017","1707","0189","326","182","144","53","379","948","0","39.98","19.2"
"10","009","00","017","1708","0000","198","113","85","46","244","762","0","32.02","14.83"
"10","009","00","017","1708","0190","198","113","85","46","244","762","0","32.02","14.83"
"10","009","00","017","1709","0000","243","139","104","25","268","582","0","46.05","23.88"
"10","009","00","017","1709","0191","243","139","104","25","268","582","0","46.05","23.88"
"10","009","00","017","1710","0000","296","171","125","21","317","865","0","36.65","19.77"
"10","009","00","017","1710","0192","296","171","125","21","317","865","0","36.65","19.77"
"10","009","00","017","1711","0000","67","42","25","9","76","362","0","20.99","11.6"
"10","009","00","017","1711","0193","67","42","25","9","76","362","0","20.99","11.6"
"10","009","00","017","1712","0000","380","239","141","49","429","1162","0","36.92","20.57"
"10","009","00","017","1712","0194","380","239","141","49","429","1162","0","36.92","20.57"
"10","009","00","017","1713","0000","557","325","232","63","620","1527","0","40.6","21.28"
"10","009","00","017","1713","0195","557","325","232","63","620","1527","0","40.6","21.28"
"10","009","00","017","1714","0000","398","242","156","89","487","1006","0","48.41","24.06"
"10","009","00","017","1714","0196","398","242","156","89","487","1006","0","48.41","24.06"
"10","009","00","017","1715","0000","317","206","111","31","348","855","0","40.7","24.09"
"10","009","00","017","1715","0197","317","206","111","31","348","855","0","40.7","24.09"
"10","009","00","017","1716","0000","465","276","189","93","558","1181","0","47.25","23.37"
"10","009","00","017","1716","0198","465","276","189","93","558","1181","0","47.25","23.37"
"10","009","00","017","1717","0000","309","183","126","50","359","864","0","41.55","21.18"
"10","009","00","017","1717","0199","309","183","126","50","359","864","0","41.55","21.18"
"10","009","00","017","1718","0000","521","308","213","87","608","1545","0","39.35","19.94"
"10","009","00","017","1718","0200","221","125","96","44","265","667","0","39.73","18.74"
"10","009","00","017","1718","0201","300","183","117","43","343","878","0","39.07","20.84"
"10","009","00","017","1719","0000","165","104","61","9","174","610","0","28.52","17.05"
"10","009","00","017","1719","0202","165","104","61","9","174","610","0","28.52","17.05"
"10","009","00","017","1720","0000","307","172","135","88","395","837","0","47.19","20.55"
"10","009","00","017","1720","0203","307","172","135","88","395","837","0","47.19","20.55"
"10","009","00","017","1721","0000","312","199","113","46","358","701","0","51.07","28.39"
"10","009","00","017","1721","0204","312","199","113","46","358","701","0","51.07","28.39"
"10","009","00","018","0000","0000","6949","4108","2841","1160","8109","20983","23317","38.65","19.58"
"10","009","00","018","1801","0000","720","439","281","129","849","1758","0","48.29","24.97"
"10","009","00","018","1801","0155","404","243","161","77","481","1082","0","44.45","22.46"
"10","009","00","018","1801","0156","316","196","120","52","368","676","0","54.44","28.99"
"10","009","00","018","1802","0000","224","138","86","24","248","650","0","38.15","21.23"
"10","009","00","018","1802","0160","224","138","86","24","248","650","0","38.15","21.23"
"10","009","00","018","1803","0000","383","231","152","30","413","969","0","42.62","23.84"
"10","009","00","018","1803","0161","383","231","152","30","413","969","0","42.62","23.84"
"10","009","00","018","1804","0000","314","174","140","58","372","925","0","40.22","18.81"
"10","009","00","018","1804","0162","314","174","140","58","372","925","0","40.22","18.81"
"10","009","00","018","1805","0000","1003","538","465","107","1110","2291","0","48.45","23.48"
"10","009","00","018","1805","0157","407","223","184","34","441","862","0","51.16","25.87"
"10","009","00","018","1805","0158","139","94","45","26","165","477","0","34.59","19.71"
"10","009","00","018","1805","0159","457","221","236","47","504","952","0","52.94","23.21"
"10","009","00","018","1806","0000","387","228","159","63","450","1219","0","36.92","18.7"
"10","009","00","018","1806","0165","387","228","159","63","450","1219","0","36.92","18.7"
"10","009","00","018","1807","0000","179","114","65","61","240","759","0","31.62","15.02"
"10","009","00","018","1807","0164","179","114","65","61","240","759","0","31.62","15.02"
"10","009","00","018","1808","0000","358","233","125","34","392","914","0","42.89","25.49"
"10","009","00","018","1808","0163","358","233","125","34","392","914","0","42.89","25.49"
"10","009","00","018","1809","0000","251","154","97","45","296","876","0","33.79","17.58"
"10","009","00","018","1809","0169","251","154","97","45","296","876","0","33.79","17.58"
"10","009","00","018","1810","0000","116","75","41","23","139","360","0","38.61","20.83"
"10","009","00","018","1810","0170","116","75","41","23","139","360","0","38.61","20.83"
"10","009","00","018","1811","0000","204","129","75","17","221","773","0","28.59","16.69"
"10","009","00","018","1811","0167","204","129","75","17","221","773","0","28.59","16.69"
"10","009","00","018","1812","0000","264","160","104","57","321","937","0","34.26","17.08"
"10","009","00","018","1812","0166","264","160","104","57","321","937","0","34.26","17.08"
"10","009","00","018","1813","0000","465","296","169","87","552","1718","0","32.13","17.23"
"10","009","00","018","1813","0171","223","146","77","43","266","885","0","30.06","16.5"
"10","009","00","018","1813","0172","242","150","92","44","286","833","0","34.33","18.01"
"10","009","00","018","1814","0000","270","145","125","51","321","785","0","40.89","18.47"
"10","009","00","018","1814","0173","270","145","125","51","321","785","0","40.89","18.47"
"10","009","00","018","1815","0000","278","165","113","57","335","705","0","47.52","23.4"
"10","009","00","018","1815","0174","278","165","113","57","335","705","0","47.52","23.4"
"10","009","00","018","1816","0000","251","154","97","41","292","927","0","31.5","16.61"
"10","009","00","018","1816","0175","251","154","97","41","292","927","0","31.5","16.61"
"10","009","00","018","1817","0000","337","181","156","67","404","1071","0","37.72","16.9"
"10","009","00","018","1817","0177","337","181","156","67","404","1071","0","37.72","16.9"
"10","009","00","018","1818","0000","247","142","105","27","274","1022","0","26.81","13.89"
"10","009","00","018","1818","0178","247","142","105","27","274","1022","0","26.81","13.89"
"10","009","00","018","1819","0000","235","131","104","43","278","711","0","39.1","18.42"
"10","009","00","018","1819","0179","235","131","104","43","278","711","0","39.1","18.42"
"10","009","00","018","1820","0000","179","113","66","46","225","555","0","40.54","20.36"
"10","009","00","018","1820","0168","179","113","66","46","225","555","0","40.54","20.36"
"10","009","00","018","1821","0000","284","168","116","93","377","1058","0","35.63","15.88"
"10","009","00","018","1821","0176","284","168","116","93","377","1058","0","35.63","15.88"
"10","009","00","019","0000","0000","9556","5828","3728","1668","11224","24193","27383","46.39","24.09"
"10","009","00","019","1901","0000","544","322","222","122","666","1225","0","54.37","26.29"
"10","009","00","019","1901","0206","544","322","222","122","666","1225","0","54.37","26.29"
"10","009","00","019","1902","0000","515","300","215","73","588","1134","0","51.85","26.46"
"10","009","00","019","1902","0205","515","300","215","73","588","1134","0","51.85","26.46"
"10","009","00","019","1903","0000","222","139","83","51","273","647","0","42.19","21.48"
"10","009","00","019","1903","0207","222","139","83","51","273","647","0","42.19","21.48"
"10","009","00","019","1904","0000","338","190","148","88","426","900","0","47.33","21.11"
"10","009","00","019","1904","0209","338","190","148","88","426","900","0","47.33","21.11"
"10","009","00","019","1905","0000","311","198","113","28","339","709","0","47.81","27.93"
"10","009","00","019","1905","0208","311","198","113","28","339","709","0","47.81","27.93"
"10","009","00","019","1906","0000","413","245","168","83","496","1011","0","49.06","24.23"
"10","009","00","019","1906","0210","413","245","168","83","496","1011","0","49.06","24.23"
"10","009","00","019","1907","0000","476","300","176","45","521","1437","0","36.26","20.88"
"10","009","00","019","1907","0211","476","300","176","45","521","1437","0","36.26","20.88"
"10","009","00","019","1908","0000","652","376","276","64","716","2041","0","35.08","18.42"
"10","009","00","019","1908","0212","242","132","110","13","255","848","0","30.07","15.57"
"10","009","00","019","1908","0213","410","244","166","51","461","1193","0","38.64","20.45"
"10","009","00","019","1909","0000","556","353","203","99","655","1574","0","41.61","22.43"
"10","009","00","019","1909","0214","240","149","91","48","288","759","0","37.94","19.63"
"10","009","00","019","1909","0215","316","204","112","51","367","815","0","45.03","25.03"
"10","009","00","019","1910","0000","610","362","248","103","713","1460","0","48.84","24.79"
"10","009","00","019","1910","0216","610","362","248","103","713","1460","0","48.84","24.79"
"10","009","00","019","1911","0000","155","86","69","13","168","556","0","30.22","15.47"
"10","009","00","019","1911","0217","155","86","69","13","168","556","0","30.22","15.47"
"10","009","00","019","1912","0000","603","486","117","87","690","1532","0","45.04","31.72"
"10","009","00","019","1912","0218","603","486","117","87","690","1532","0","45.04","31.72"
"10","009","00","019","1913","0000","350","193","157","22","372","847","0","43.92","22.79"
"10","009","00","019","1913","0219","350","193","157","22","372","847","0","43.92","22.79"
"10","009","00","019","1914","0000","782","443","339","229","1011","1882","0","53.72","23.54"
"10","009","00","019","1914","0220","151","97","54","31","182","374","0","48.66","25.94"
"10","009","00","019","1914","0221","631","346","285","198","829","1508","0","54.97","22.94"
"10","009","00","019","1915","0000","435","268","167","89","524","951","0","55.1","28.18"
"10","009","00","019","1915","0222","435","268","167","89","524","951","0","55.1","28.18"
"10","009","00","019","1916","0000","342","194","148","38","380","1006","0","37.77","19.28"
"10","009","00","019","1916","0228","342","194","148","38","380","1006","0","37.77","19.28"
"10","009","00","019","1917","0000","395","258","137","64","459","952","0","48.21","27.1"
"10","009","00","019","1917","0226","395","258","137","64","459","952","0","48.21","27.1"
"10","009","00","019","1918","0000","323","190","133","65","388","720","0","53.89","26.39"
"10","009","00","019","1918","0227","323","190","133","65","388","720","0","53.89","26.39"
"10","009","00","019","1919","0000","882","525","357","154","1036","1789","0","57.91","29.35"
"10","009","00","019","1919","0223","430","251","179","100","530","910","0","58.24","27.58"
"10","009","00","019","1919","0224","452","274","178","54","506","879","0","57.57","31.17"
"10","009","00","019","1920","0000","453","289","164","137","590","1213","0","48.64","23.83"
"10","009","00","019","1920","0225","453","289","164","137","590","1213","0","48.64","23.83"
"10","009","00","019","1921","0000","199","111","88","14","213","607","0","35.09","18.29"
"10","009","00","019","1921","0229","199","111","88","14","213","607","0","35.09","18.29"
"10","009","00","020","0000","0000","8193","4908","3285","1346","9539","22508","25426","42.38","21.81"
"10","009","00","020","2001","0000","886","512","374","123","1009","2242","0","45.0","22.84"
"10","009","00","020","2001","0230","515","308","207","92","607","1355","0","44.8","22.73"
"10","009","00","020","2001","0231","371","204","167","31","402","887","0","45.32","23.0"
"10","009","00","020","2002","0000","920","523","397","97","1017","1997","0","50.93","26.19"
"10","009","00","020","2002","0232","582","340","242","78","660","1234","0","53.48","27.55"
"10","009","00","020","2002","0233","338","183","155","19","357","763","0","46.79","23.98"
"10","009","00","020","2003","0000","405","233","172","88","493","1022","0","48.24","22.8"
"10","009","00","020","2003","0253","405","233","172","88","493","1022","0","48.24","22.8"
"10","009","00","020","2004","0000","426","259","167","51","477","1191","0","40.05","21.75"
"10","009","00","020","2004","0254","426","259","167","51","477","1191","0","40.05","21.75"
"10","009","00","020","2005","0000","399","253","146","92","491","1006","0","48.81","25.15"
"10","009","00","020","2005","0240","399","253","146","92","491","1006","0","48.81","25.15"
"10","009","00","020","2006","0000","243","136","107","18","261","651","0","40.09","20.89"
"10","009","00","020","2006","0241","243","136","107","18","261","651","0","40.09","20.89"
"10","009","00","020","2007","0000","215","135","80","24","239","607","0","39.37","22.24"
"10","009","00","020","2007","0242","215","135","80","24","239","607","0","39.37","22.24"
"10","009","00","020","2008","0000","351","210","141","79","430","1033","0","41.63","20.33"
"10","009","00","020","2008","0243","351","210","141","79","430","1033","0","41.63","20.33"
"10","009","00","020","2009","0000","184","118","66","15","199","631","0","31.54","18.7"
"10","009","00","020","2009","0244","184","118","66","15","199","631","0","31.54","18.7"
"10","009","00","020","2010","0000","325","212","113","80","405","961","0","42.14","22.06"
"10","009","00","020","2010","0245","325","212","113","80","405","961","0","42.14","22.06"
"10","009","00","020","2011","0000","244","143","101","58","302","721","0","41.89","19.83"
"10","009","00","020","2011","0234","244","143","101","58","302","721","0","41.89","19.83"
"10","009","00","020","2012","0000","210","126","84","16","226","647","0","34.93","19.47"
"10","009","00","020","2012","0235","210","126","84","16","226","647","0","34.93","19.47"
"10","009","00","020","2013","0000","351","240","111","28","379","1081","0","35.06","22.2"
"10","009","00","020","2013","0238","351","240","111","28","379","1081","0","35.06","22.2"
"10","009","00","020","2014","0000","362","218","144","69","431","989","0","43.58","22.04"
"10","009","00","020","2014","0236","362","218","144","69","431","989","0","43.58","22.04"
"10","009","00","020","2015","0000","273","174","99","35","308","837","0","36.8","20.79"
"10","009","00","020","2015","0237","273","174","99","35","308","837","0","36.8","20.79"
"10","009","00","020","2016","0000","330","200","130","92","422","951","0","44.37","21.03"
"10","009","00","020","2016","0246","330","200","130","92","422","951","0","44.37","21.03"
"10","009","00","020","2017","0000","320","190","130","44","364","838","0","43.44","22.67"
"10","009","00","020","2017","0247","320","190","130","44","364","838","0","43.44","22.67"
"10","009","00","020","2018","0000","396","236","160","104","500","1055","0","47.39","22.37"
"10","009","00","020","2018","0248","396","236","160","104","500","1055","0","47.39","22.37"
"10","009","00","020","2019","0000","141","89","52","31","172","512","0","33.59","17.38"
"10","009","00","020","2019","0249","141","89","52","31","172","512","0","33.59","17.38"
"10","009","00","020","2020","0000","215","128","87","21","236","671","0","35.17","19.08"
"10","009","00","020","2020","0250","215","128","87","21","236","671","0","35.17","19.08"
"10","009","00","020","2021","0000","171","90","81","40","211","693","0","30.45","12.99"
"10","009","00","020","2021","0251","171","90","81","40","211","693","0","30.45","12.99"
"10","009","00","020","2022","0000","186","109","77","53","239","689","0","34.69","15.82"
"10","009","00","020","2022","0252","186","109","77","53","239","689","0","34.69","15.82"
"10","009","00","020","2023","0000","277","155","122","38","315","704","0","44.74","22.02"
"10","009","00","020","2023","0239","277","155","122","38","315","704","0","44.74","22.02"
"10","009","00","020","2024","0000","363","219","144","50","413","779","0","53.02","28.11"
"10","009","00","020","2024","0255","363","219","144","50","413","779","0","53.02","28.11"
"10","010","00","000","0000","0000","196022","114627","81395","24668","220690","442775","507780","49.84","25.89"
"10","010","00","001","0000","0000","14884","8778","6106","1610","16494","31568","38048","52.25","27.81"
"10","010","00","001","0101","0000","1126","654","472","129","1255","2286","0","54.9","28.61"
"10","010","00","001","0101","0001","594","335","259","85","679","1210","0","56.12","27.69"
"10","010","00","001","0101","0002","532","319","213","44","576","1076","0","53.53","29.65"
"10","010","00","001","0102","0000","204","138","66","30","234","488","0","47.95","28.28"
"10","010","00","001","0102","0003","204","138","66","30","234","488","0","47.95","28.28"
"10","010","00","001","0103","0000","638","334","304","78","716","1475","0","48.54","22.64"
"10","010","00","001","0103","0004","638","334","304","78","716","1475","0","48.54","22.64"
"10","010","00","001","0104","0000","709","424","285","90","799","1673","0","47.76","25.34"
"10","010","00","001","0104","0005","321","192","129","37","358","790","0","45.32","24.3"
"10","010","00","001","0104","0006","388","232","156","53","441","883","0","49.94","26.27"
"10","010","00","001","0105","0000","479","299","180","63","542","1147","0","47.25","26.07"
"10","010","00","001","0105","0007","328","197","131","56","384","758","0","50.66","25.99"
"10","010","00","001","0105","0008","151","102","49","7","158","389","0","40.62","26.22"
"10","010","00","001","0106","0000","453","245","208","59","512","1101","0","46.5","22.25"
"10","010","00","001","0106","0009","453","245","208","59","512","1101","0","46.5","22.25"
"10","010","00","001","0107","0000","400","237","163","20","420","853","0","49.24","27.78"
"10","010","00","001","0107","0010","400","237","163","20","420","853","0","49.24","27.78"
"10","010","00","001","0108","0000","805","463","342","52","857","1692","0","50.65","27.36"
"10","010","00","001","0108","0014","392","217","175","32","424","913","0","46.44","23.77"
"10","010","00","001","0108","0015","413","246","167","20","433","779","0","55.58","31.58"
"10","010","00","001","0109","0000","593","335","258","112","705","1278","0","55.16","26.21"
"10","010","00","001","0109","0016","593","335","258","112","705","1278","0","55.16","26.21"
"10","010","00","001","0110","0000","1093","659","434","77","1170","2392","0","48.91","27.55"
"10","010","00","001","0110","0017","356","218","138","34","390","819","0","47.62","26.62"
"10","010","00","001","0110","0018","737","441","296","43","780","1573","0","49.59","28.04"
"10","010","00","001","0111","0000","364","210","154","38","402","726","0","55.37","28.93"
"10","010","00","001","0111","0019","228","123","105","32","260","481","0","54.05","25.57"
"10","010","00","001","0111","0020","136","87","49","6","142","245","0","57.96","35.51"
"10","010","00","001","0112","0000","261","147","114","26","287","575","0","49.91","25.57"
"10","010","00","001","0112","0021","152","84","68","19","171","317","0","53.94","26.5"
"10","010","00","001","0112","0022","109","63","46","7","116","258","0","44.96","24.42"
"10","010","00","001","0113","0000","1669","981","688","161","1830","3333","0","54.91","29.43"
"10","010","00","001","0113","0023","272","177","95","61","333","611","0","54.5","28.97"
"10","010","00","001","0113","0024","777","446","331","64","841","1526","0","55.11","29.23"
"10","010","00","001","0113","0025","620","358","262","36","656","1196","0","54.85","29.93"
"10","010","00","001","0114","0000","2204","1288","916","248","2452","4467","0","54.89","28.83"
"10","010","00","001","0114","0026","728","403","325","111","839","1536","0","54.62","26.24"
"10","010","00","001","0114","0027","743","428","315","79","822","1481","0","55.5","28.9"
"10","010","00","001","0114","0028","733","457","276","58","791","1450","0","54.55","31.52"
"10","010","00","001","0115","0000","845","504","341","55","900","1829","0","49.21","27.56"
"10","010","00","001","0115","0029","365","214","151","26","391","840","0","46.55","25.48"
"10","010","00","001","0115","0030","480","290","190","29","509","989","0","51.47","29.32"
"10","010","00","001","0116","0000","1520","894","626","194","1714","3040","0","56.38","29.41"
"10","010","00","001","0116","0031","756","436","320","110","866","1529","0","56.64","28.52"
"10","010","00","001","0116","0032","764","458","306","84","848","1511","0","56.12","30.31"
"10","010","00","001","0117","0000","277","163","114","50","327","697","0","46.92","23.39"
"10","010","00","001","0117","0033","277","163","114","50","327","697","0","46.92","23.39"
"10","010","00","001","0118","0000","1244","803","441","128","1372","2516","0","54.53","31.92"
"10","010","00","001","0118","0011","77","44","33","15","92","224","0","41.07","19.64"
"10","010","00","001","0118","0012","255","167","88","64","319","662","0","48.19","25.23"
"10","010","00","001","0118","0013","912","592","320","49","961","1630","0","58.96","36.32"
"10","010","00","002","0000","0000","16124","9407","6717","1863","17987","35191","42143","51.11","26.73"
"10","010","00","002","0201","0000","958","575","383","98","1056","1938","0","54.49","29.67"
"10","010","00","002","0201","0233","588","359","229","54","642","1183","0","54.27","30.35"
"10","010","00","002","0201","0234","370","216","154","44","414","755","0","54.83","28.61"
"10","010","00","002","0202","0000","1214","630","584","107","1321","2331","0","56.67","27.03"
"10","010","00","002","0202","0235","632","374","258","42","674","1253","0","53.79","29.85"
"10","010","00","002","0202","0236","582","256","326","65","647","1078","0","60.02","23.75"
"10","010","00","002","0203","0000","598","318","280","87","685","1117","0","61.32","28.47"
"10","010","00","002","0203","0237","598","318","280","87","685","1117","0","61.32","28.47"
"10","010","00","002","0204","0000","210","125","85","20","230","387","0","59.43","32.3"
"10","010","00","002","0204","0238","210","125","85","20","230","387","0","59.43","32.3"
"10","010","00","002","0205","0000","315","172","143","44","359","633","0","56.71","27.17"
"10","010","00","002","0205","0239","315","172","143","44","359","633","0","56.71","27.17"
"10","010","00","002","0206","0000","327","190","137","38","365","650","0","56.15","29.23"
"10","010","00","002","0206","0240","327","190","137","38","365","650","0","56.15","29.23"
"10","010","00","002","0207","0000","452","272","180","66","518","825","0","62.79","32.97"
"10","010","00","002","0207","0241","452","272","180","66","518","825","0","62.79","32.97"
"10","010","00","002","0208","0000","892","567","325","105","997","1750","0","56.97","32.4"
"10","010","00","002","0208","0242","395","249","146","52","447","810","0","55.19","30.74"
"10","010","00","002","0208","0243","497","318","179","53","550","940","0","58.51","33.83"
"10","010","00","002","0209","0000","1124","620","504","121","1245","2510","0","49.6","24.7"
"10","010","00","002","0209","0244","416","233","183","62","478","905","0","52.82","25.75"
"10","010","00","002","0209","0245","708","387","321","59","767","1605","0","47.79","24.11"
"10","010","00","002","0210","0000","2200","1309","891","205","2405","4193","0","57.36","31.22"
"10","010","00","002","0210","0246","783","469","314","65","848","1479","0","57.34","31.71"
"10","010","00","002","0210","0247","635","377","258","65","700","1218","0","57.47","30.95"
"10","010","00","002","0210","0248","782","463","319","75","857","1496","0","57.29","30.95"
"10","010","00","002","0211","0000","309","177","132","49","358","667","0","53.67","26.54"
"10","010","00","002","0211","0249","309","177","132","49","358","667","0","53.67","26.54"
"10","010","00","002","0212","0000","216","118","98","31","247","627","0","39.39","18.82"
"10","010","00","002","0212","0250","216","118","98","31","247","627","0","39.39","18.82"
"10","010","00","002","0213","0000","336","206","130","61","397","791","0","50.19","26.04"
"10","010","00","002","0213","0251","336","206","130","61","397","791","0","50.19","26.04"
"10","010","00","002","0214","0000","466","286","180","107","573","1034","0","55.42","27.66"
"10","010","00","002","0214","0252","466","286","180","107","573","1034","0","55.42","27.66"
"10","010","00","002","0215","0000","765","448","317","35","800","1710","0","46.78","26.2"
"10","010","00","002","0215","0253","765","448","317","35","800","1710","0","46.78","26.2"
"10","010","00","002","0216","0000","1275","758","517","117","1392","3218","0","43.26","23.56"
"10","010","00","002","0216","0254","712","420","292","61","773","1671","0","46.26","25.13"
"10","010","00","002","0216","0255","563","338","225","56","619","1547","0","40.01","21.85"
"10","010","00","002","0217","0000","1268","739","529","117","1385","2904","0","47.69","25.45"
"10","010","00","002","0217","0256","569","304","265","77","646","1602","0","40.32","18.98"
"10","010","00","002","0217","0257","699","435","264","40","739","1302","0","56.76","33.41"
"10","010","00","002","0218","0000","320","198","122","57","377","740","0","50.95","26.76"
"10","010","00","002","0218","0258","320","198","122","57","377","740","0","50.95","26.76"
"10","010","00","002","0219","0000","546","343","203","72","618","1054","0","58.63","32.54"
"10","010","00","002","0219","0259","546","343","203","72","618","1054","0","58.63","32.54"
"10","010","00","002","0220","0000","325","185","140","21","346","907","0","38.15","20.4"
"10","010","00","002","0220","0260","325","185","140","21","346","907","0","38.15","20.4"
"10","010","00","002","0221","0000","115","69","46","31","146","251","0","58.17","27.49"
"10","010","00","002","0221","0262","115","69","46","31","146","251","0","58.17","27.49"
"10","010","00","002","0222","0000","276","158","118","32","308","720","0","42.78","21.94"
"10","010","00","002","0222","0261","276","158","118","32","308","720","0","42.78","21.94"
"10","010","00","002","0223","0000","285","163","122","49","334","767","0","43.55","21.25"
"10","010","00","002","0223","0263","285","163","122","49","334","767","0","43.55","21.25"
"10","010","00","002","0224","0000","346","198","148","43","389","702","0","55.41","28.21"
"10","010","00","002","0224","0264","346","198","148","43","389","702","0","55.41","28.21"
"10","010","00","002","0225","0000","421","247","174","64","485","1038","0","46.72","23.8"
"10","010","00","002","0225","0265","421","247","174","64","485","1038","0","46.72","23.8"
"10","010","00","002","0226","0000","364","218","146","30","394","1228","0","32.08","17.75"
"10","010","00","002","0226","0266","364","218","146","30","394","1228","0","32.08","17.75"
"10","010","00","002","0227","0000","201","118","83","56","257","499","0","51.5","23.65"
"10","010","00","002","0227","0267","201","118","83","56","257","499","0","51.5","23.65"
"10","010","00","003","0000","0000","10061","6202","3859","1433","11494","23965","26846","47.96","25.88"
"10","010","00","003","0301","0000","261","165","96","37","298","614","0","48.53","26.87"
"10","010","00","003","0301","0325","261","165","96","37","298","614","0","48.53","26.87"
"10","010","00","003","0302","0000","150","92","58","18","168","372","0","45.16","24.73"
"10","010","00","003","0302","0326","150","92","58","18","168","372","0","45.16","24.73"
"10","010","00","003","0303","0000","933","564","369","206","1139","2112","0","53.93","26.7"
"10","010","00","003","0303","0327","404","244","160","101","505","914","0","55.25","26.7"
"10","010","00","003","0303","0328","529","320","209","105","634","1198","0","52.92","26.71"
"10","010","00","003","0304","0000","447","277","170","78","525","1113","0","47.17","24.89"
"10","010","00","003","0304","0329","447","277","170","78","525","1113","0","47.17","24.89"
"10","010","00","003","0305","0000","787","488","299","82","869","1681","0","51.7","29.03"
"10","010","00","003","0305","0330","468","292","176","67","535","992","0","53.93","29.44"
"10","010","00","003","0305","0331","319","196","123","15","334","689","0","48.48","28.45"
"10","010","00","003","0306","0000","381","215","166","82","463","882","0","52.49","24.38"
"10","010","00","003","0306","0332","381","215","166","82","463","882","0","52.49","24.38"
"10","010","00","003","0307","0000","332","203","129","47","379","731","0","51.85","27.77"
"10","010","00","003","0307","0333","332","203","129","47","379","731","0","51.85","27.77"
"10","010","00","003","0308","0000","376","252","124","41","417","779","0","53.53","32.35"
"10","010","00","003","0308","0334","376","252","124","41","417","779","0","53.53","32.35"
"10","010","00","003","0309","0000","387","229","158","64","451","953","0","47.32","24.03"
"10","010","00","003","0309","0349","387","229","158","64","451","953","0","47.32","24.03"
"10","010","00","003","0310","0000","617","374","243","75","692","1292","0","53.56","28.95"
"10","010","00","003","0310","0350","617","374","243","75","692","1292","0","53.56","28.95"
"10","010","00","003","0311","0000","1065","765","300","121","1186","2371","0","50.02","32.26"
"10","010","00","003","0311","0351","532","435","97","69","601","1127","0","53.33","38.6"
"10","010","00","003","0311","0352","533","330","203","52","585","1244","0","47.03","26.53"
"10","010","00","003","0312","0000","450","257","193","28","478","1106","0","43.22","23.24"
"10","010","00","003","0312","0353","450","257","193","28","478","1106","0","43.22","23.24"
"10","010","00","003","0313","0000","479","301","178","55","534","1145","0","46.64","26.29"
"10","010","00","003","0313","0342","479","301","178","55","534","1145","0","46.64","26.29"
"10","010","00","003","0314","0000","795","444","351","82","877","1894","0","46.3","23.44"
"10","010","00","003","0314","0343","389","217","172","34","423","936","0","45.19","23.18"
"10","010","00","003","0314","0344","406","227","179","48","454","958","0","47.39","23.7"
"10","010","00","003","0315","0000","116","65","51","17","133","298","0","44.63","21.81"
"10","010","00","003","0315","0345","116","65","51","17","133","298","0","44.63","21.81"
"10","010","00","003","0316","0000","208","136","72","36","244","428","0","57.01","31.78"
"10","010","00","003","0316","0346","208","136","72","36","244","428","0","57.01","31.78"
"10","010","00","003","0317","0000","95","60","35","7","102","295","0","34.58","20.34"
"10","010","00","003","0317","0347","49","33","16","3","52","121","0","42.98","27.27"
"10","010","00","003","0317","0348","46","27","19","4","50","174","0","28.74","15.52"
"10","010","00","003","0318","0000","302","182","120","39","341","762","0","44.75","23.88"
"10","010","00","003","0318","0335","302","182","120","39","341","762","0","44.75","23.88"
"10","010","00","003","0319","0000","459","289","170","66","525","1184","0","44.34","24.41"
"10","010","00","003","0319","0336","459","289","170","66","525","1184","0","44.34","24.41"
"10","010","00","003","0320","0000","471","302","169","63","534","1351","0","39.53","22.35"
"10","010","00","003","0320","0338","471","302","169","63","534","1351","0","39.53","22.35"
"10","010","00","003","0321","0000","485","286","199","76","561","1423","0","39.42","20.1"
"10","010","00","003","0321","0337","485","286","199","76","561","1423","0","39.42","20.1"
"10","010","00","003","0322","0000","192","105","87","23","215","518","0","41.51","20.27"
"10","010","00","003","0322","0339","98","57","41","7","105","275","0","38.18","20.73"
"10","010","00","003","0322","0340","94","48","46","16","110","243","0","45.27","19.75"
"10","010","00","003","0323","0000","273","151","122","90","363","661","0","54.92","22.84"
"10","010","00","003","0323","0341","273","151","122","90","363","661","0","54.92","22.84"
"10","010","00","004","0000","0000","12392","7123","5269","1275","13667","26922","30954","50.77","26.46"
"10","010","00","004","0401","0000","231","119","112","33","264","483","0","54.66","24.64"
"10","010","00","004","0401","0169","231","119","112","33","264","483","0","54.66","24.64"
"10","010","00","004","0402","0000","943","530","413","77","1020","1823","0","55.95","29.07"
"10","010","00","004","0402","0170","943","530","413","77","1020","1823","0","55.95","29.07"
"10","010","00","004","0403","0000","485","271","214","25","510","955","0","53.4","28.38"
"10","010","00","004","0403","0171","485","271","214","25","510","955","0","53.4","28.38"
"10","010","00","004","0404","0000","2913","1657","1256","274","3187","5874","0","54.26","28.21"
"10","010","00","004","0404","0172","671","372","299","51","722","1436","0","50.28","25.91"
"10","010","00","004","0404","0173","677","372","305","75","752","1390","0","54.1","26.76"
"10","010","00","004","0404","0174","771","454","317","78","849","1512","0","56.15","30.03"
"10","010","00","004","0404","0175","794","459","335","70","864","1536","0","56.25","29.88"
"10","010","00","004","0405","0000","489","297","192","56","545","1165","0","46.78","25.49"
"10","010","00","004","0405","0176","489","297","192","56","545","1165","0","46.78","25.49"
"10","010","00","004","0406","0000","932","557","375","78","1010","1730","0","58.38","32.2"
"10","010","00","004","0406","0177","932","557","375","78","1010","1730","0","58.38","32.2"
"10","010","00","004","0407","0000","226","113","113","19","245","602","0","40.7","18.77"
"10","010","00","004","0407","0178","226","113","113","19","245","602","0","40.7","18.77"
"10","010","00","004","0408","0000","292","154","138","65","357","716","0","49.86","21.51"
"10","010","00","004","0408","0179","292","154","138","65","357","716","0","49.86","21.51"
"10","010","00","004","0409","0000","202","102","100","11","213","625","0","34.08","16.32"
"10","010","00","004","0409","0180","202","102","100","11","213","625","0","34.08","16.32"
"10","010","00","004","0410","0000","67","38","29","2","69","193","0","35.75","19.69"
"10","010","00","004","0410","0181","67","38","29","2","69","193","0","35.75","19.69"
"10","010","00","004","0411","0000","670","389","281","77","747","1642","0","45.49","23.69"
"10","010","00","004","0411","0182","670","389","281","77","747","1642","0","45.49","23.69"
"10","010","00","004","0412","0000","678","387","291","82","760","1465","0","51.88","26.42"
"10","010","00","004","0412","0183","678","387","291","82","760","1465","0","51.88","26.42"
"10","010","00","004","0413","0000","505","295","210","65","570","1289","0","44.22","22.89"
"10","010","00","004","0413","0184","371","211","160","40","411","928","0","44.29","22.74"
"10","010","00","004","0413","0185","134","84","50","25","159","361","0","44.04","23.27"
"10","010","00","004","0414","0000","335","200","135","20","355","814","0","43.61","24.57"
"10","010","00","004","0414","0186","335","200","135","20","355","814","0","43.61","24.57"
"10","010","00","004","0415","0000","684","398","286","44","728","1579","0","46.11","25.21"
"10","010","00","004","0415","0187","684","398","286","44","728","1579","0","46.11","25.21"
"10","010","00","004","0416","0000","934","558","376","106","1040","2041","0","50.96","27.34"
"10","010","00","004","0416","0188","934","558","376","106","1040","2041","0","50.96","27.34"
"10","010","00","004","0417","0000","420","248","172","55","475","931","0","51.02","26.64"
"10","010","00","004","0417","0189","420","248","172","55","475","931","0","51.02","26.64"
"10","010","00","004","0418","0000","299","185","114","46","345","675","0","51.11","27.41"
"10","010","00","004","0418","0190","299","185","114","46","345","675","0","51.11","27.41"
"10","010","00","004","0419","0000","284","168","116","33","317","655","0","48.4","25.65"
"10","010","00","004","0419","0191","284","168","116","33","317","655","0","48.4","25.65"
"10","010","00","004","0420","0000","358","217","141","52","410","833","0","49.22","26.05"
"10","010","00","004","0420","0192","358","217","141","52","410","833","0","49.22","26.05"
"10","010","00","004","0421","0000","445","240","205","55","500","832","0","60.1","28.85"
"10","010","00","004","0421","0193","445","240","205","55","500","832","0","60.1","28.85"
"10","010","00","005","0000","0000","28897","16658","12239","3683","32580","61209","71327","53.23","27.21"
"10","010","00","005","0501","0000","1150","644","506","108","1258","2297","0","54.77","28.04"
"10","010","00","005","0501","0093","668","360","308","66","734","1267","0","57.93","28.41"
"10","010","00","005","0501","0094","482","284","198","42","524","1030","0","50.87","27.57"
"10","010","00","005","0502","0000","823","472","351","119","942","1590","0","59.25","29.69"
"10","010","00","005","0502","0095","823","472","351","119","942","1590","0","59.25","29.69"
"10","010","00","005","0503","0000","1672","947","725","139","1811","3391","0","53.41","27.93"
"10","010","00","005","0503","0096","781","463","318","52","833","1673","0","49.79","27.67"
"10","010","00","005","0503","0097","891","484","407","87","978","1718","0","56.93","28.17"
"10","010","00","005","0504","0000","1066","632","434","145","1211","2140","0","56.59","29.53"
"10","010","00","005","0504","0098","540","325","215","74","614","1040","0","59.04","31.25"
"10","010","00","005","0504","0099","526","307","219","71","597","1100","0","54.27","27.91"
"10","010","00","005","0505","0000","711","406","305","89","800","1559","0","51.31","26.04"
"10","010","00","005","0505","0100","711","406","305","89","800","1559","0","51.31","26.04"
"10","010","00","005","0506","0000","852","497","355","86","938","1862","0","50.38","26.69"
"10","010","00","005","0506","0101","852","497","355","86","938","1862","0","50.38","26.69"
"10","010","00","005","0507","0000","721","409","312","88","809","1435","0","56.38","28.5"
"10","010","00","005","0507","0102","721","409","312","88","809","1435","0","56.38","28.5"
"10","010","00","005","0508","0000","538","409","129","379","917","1751","0","52.37","23.36"
"10","010","00","005","0508","0103","538","409","129","379","917","1751","0","52.37","23.36"
"10","010","00","005","0509","0000","459","268","191","67","526","933","0","56.38","28.72"
"10","010","00","005","0509","0104","459","268","191","67","526","933","0","56.38","28.72"
"10","010","00","005","0510","0000","462","225","237","55","517","827","0","62.52","27.21"
"10","010","00","005","0510","0105","462","225","237","55","517","827","0","62.52","27.21"
"10","010","00","005","0511","0000","335","190","145","59","394","843","0","46.74","22.54"
"10","010","00","005","0511","0106","335","190","145","59","394","843","0","46.74","22.54"
"10","010","00","005","0512","0000","996","568","428","123","1119","2159","0","51.83","26.31"
"10","010","00","005","0512","0107","840","482","358","97","937","1774","0","52.82","27.17"
"10","010","00","005","0512","0108","156","86","70","26","182","385","0","47.27","22.34"
"10","010","00","005","0513","0000","697","400","297","46","743","1306","0","56.89","30.63"
"10","010","00","005","0513","0109","697","400","297","46","743","1306","0","56.89","30.63"
"10","010","00","005","0514","0000","264","151","113","56","320","535","0","59.81","28.22"
"10","010","00","005","0514","0110","264","151","113","56","320","535","0","59.81","28.22"
"10","010","00","005","0515","0000","526","305","221","90","616","1055","0","58.39","28.91"
"10","010","00","005","0515","0111","526","305","221","90","616","1055","0","58.39","28.91"
"10","010","00","005","0516","0000","849","478","371","109","958","1875","0","51.09","25.49"
"10","010","00","005","0516","0127","849","478","371","109","958","1875","0","51.09","25.49"
"10","010","00","005","0517","0000","1316","763","553","153","1469","2746","0","53.5","27.79"
"10","010","00","005","0517","0128","658","398","260","73","731","1305","0","56.02","30.5"
"10","010","00","005","0517","0129","658","365","293","80","738","1441","0","51.21","25.33"
"10","010","00","005","0518","0000","984","558","426","129","1113","2004","0","55.54","27.84"
"10","010","00","005","0518","0132","984","558","426","129","1113","2004","0","55.54","27.84"
"10","010","00","005","0519","0000","1261","738","523","135","1396","2430","0","57.45","30.37"
"10","010","00","005","0519","0133","718","440","278","80","798","1354","0","58.94","32.5"
"10","010","00","005","0519","0134","543","298","245","55","598","1076","0","55.58","27.7"
"10","010","00","005","0520","0000","1664","907","757","251","1915","3606","0","53.11","25.15"
"10","010","00","005","0520","0135","756","408","348","157","913","1629","0","56.05","25.05"
"10","010","00","005","0520","0136","908","499","409","94","1002","1977","0","50.68","25.24"
"10","010","00","005","0521","0000","579","299","280","103","682","1295","0","52.66","23.09"
"10","010","00","005","0521","0137","579","299","280","103","682","1295","0","52.66","23.09"
"10","010","00","005","0522","0000","2389","1416","973","222","2611","5171","0","50.49","27.38"
"10","010","00","005","0522","0112","740","424","316","58","798","1476","0","54.07","28.73"
"10","010","00","005","0522","0113","721","443","278","74","795","1583","0","50.22","27.98"
"10","010","00","005","0522","0114","308","191","117","36","344","758","0","45.38","25.2"
"10","010","00","005","0522","0115","620","358","262","54","674","1354","0","49.78","26.44"
"10","010","00","005","0523","0000","1155","640","515","174","1329","2377","0","55.91","26.92"
"10","010","00","005","0523","0116","566","305","261","117","683","1202","0","56.82","25.37"
"10","010","00","005","0523","0117","589","335","254","57","646","1175","0","54.98","28.51"
"10","010","00","005","0524","0000","1048","611","437","148","1196","2371","0","50.44","25.77"
"10","010","00","005","0524","0122","423","260","163","68","491","1019","0","48.18","25.52"
"10","010","00","005","0524","0123","625","351","274","80","705","1352","0","52.14","25.96"
"10","010","00","005","0525","0000","1225","726","499","140","1365","2563","0","53.26","28.33"
"10","010","00","005","0525","0124","806","472","334","87","893","1620","0","55.12","29.14"
"10","010","00","005","0525","0125","419","254","165","53","472","943","0","50.05","26.94"
"10","010","00","005","0526","0000","722","391","331","75","797","1720","0","46.34","22.73"
"10","010","00","005","0526","0126","722","391","331","75","797","1720","0","46.34","22.73"
"10","010","00","005","0527","0000","1398","809","589","176","1574","2973","0","52.94","27.21"
"10","010","00","005","0527","0130","673","384","289","83","756","1413","0","53.5","27.18"
"10","010","00","005","0527","0131","725","425","300","93","818","1560","0","52.44","27.24"
"10","010","00","005","0528","0000","3035","1799","1236","219","3254","6395","0","50.88","28.13"
"10","010","00","005","0528","0118","673","386","287","56","729","1423","0","51.23","27.13"
"10","010","00","005","0528","0119","785","492","293","62","847","1612","0","52.54","30.52"
"10","010","00","005","0528","0120","878","521","357","47","925","1695","0","54.57","30.74"
"10","010","00","005","0528","0121","699","400","299","54","753","1665","0","45.23","24.02"
"10","010","00","006","0000","0000","5724","3260","2464","785","6509","13105","14670","49.67","24.88"
"10","010","00","006","0601","0000","635","365","270","115","750","1318","0","56.9","27.69"
"10","010","00","006","0601","0194","635","365","270","115","750","1318","0","56.9","27.69"
"10","010","00","006","0602","0000","345","215","130","48","393","677","0","58.05","31.76"
"10","010","00","006","0602","0195","345","215","130","48","393","677","0","58.05","31.76"
"10","010","00","006","0603","0000","310","170","140","34","344","690","0","49.86","24.64"
"10","010","00","006","0603","0196","178","98","80","20","198","417","0","47.48","23.5"
"10","010","00","006","0603","0197","132","72","60","14","146","273","0","53.48","26.37"
"10","010","00","006","0604","0000","360","206","154","50","410","1003","0","40.88","20.54"
"10","010","00","006","0604","0210","360","206","154","50","410","1003","0","40.88","20.54"
"10","010","00","006","0605","0000","259","155","104","26","285","701","0","40.66","22.11"
"10","010","00","006","0605","0209","259","155","104","26","285","701","0","40.66","22.11"
"10","010","00","006","0606","0000","379","146","233","52","431","786","0","54.83","18.58"
"10","010","00","006","0606","0203","379","146","233","52","431","786","0","54.83","18.58"
"10","010","00","006","0607","0000","334","196","138","50","384","807","0","47.58","24.29"
"10","010","00","006","0607","0204","334","196","138","50","384","807","0","47.58","24.29"
"10","010","00","006","0608","0000","413","261","152","27","440","1168","0","37.67","22.35"
"10","010","00","006","0608","0205","413","261","152","27","440","1168","0","37.67","22.35"
"10","010","00","006","0609","0000","505","275","230","81","586","1052","0","55.7","26.14"
"10","010","00","006","0609","0206","505","275","230","81","586","1052","0","55.7","26.14"
"10","010","00","006","0610","0000","405","250","155","85","490","953","0","51.42","26.23"
"10","010","00","006","0610","0207","231","129","102","54","285","565","0","50.44","22.83"
"10","010","00","006","0610","0208","174","121","53","31","205","388","0","52.84","31.19"
"10","010","00","006","0611","0000","603","367","236","86","689","1294","0","53.25","28.36"
"10","010","00","006","0611","0198","454","277","177","73","527","908","0","58.04","30.51"
"10","010","00","006","0611","0199","149","90","59","13","162","386","0","41.97","23.32"
"10","010","00","006","0612","0000","512","277","235","65","577","1039","0","55.53","26.66"
"10","010","00","006","0612","0200","512","277","235","65","577","1039","0","55.53","26.66"
"10","010","00","006","0613","0000","283","161","122","48","331","708","0","46.75","22.74"
"10","010","00","006","0613","0201","283","161","122","48","331","708","0","46.75","22.74"
"10","010","00","006","0614","0000","381","216","165","18","399","909","0","43.89","23.76"
"10","010","00","006","0614","0202","381","216","165","18","399","909","0","43.89","23.76"
"10","010","00","007","0000","0000","12521","7286","5235","1950","14471","27342","31755","52.93","26.65"
"10","010","00","007","0701","0000","1181","716","465","121","1302","2203","0","59.1","32.5"
"10","010","00","007","0701","0138","525","313","212","43","568","1087","0","52.25","28.79"
"10","010","00","007","0701","0139","656","403","253","78","734","1116","0","65.77","36.11"
"10","010","00","007","0702","0000","712","386","326","137","849","1567","0","54.18","24.63"
"10","010","00","007","0702","0140","353","201","152","58","411","740","0","55.54","27.16"
"10","010","00","007","0702","0141","359","185","174","79","438","827","0","52.96","22.37"
"10","010","00","007","0703","0000","788","451","337","115","903","1472","0","61.35","30.64"
"10","010","00","007","0703","0142","376","225","151","55","431","704","0","61.22","31.96"
"10","010","00","007","0703","0143","412","226","186","60","472","768","0","61.46","29.43"
"10","010","00","007","0704","0000","765","433","332","121","886","1611","0","55.0","26.88"
"10","010","00","007","0704","0144","405","222","183","50","455","761","0","59.79","29.17"
"10","010","00","007","0704","0145","360","211","149","71","431","850","0","50.71","24.82"
"10","010","00","007","0705","0000","611","345","266","89","700","1327","0","52.75","26.0"
"10","010","00","007","0705","0146","611","345","266","89","700","1327","0","52.75","26.0"
"10","010","00","007","0706","0000","727","441","286","154","881","1572","0","56.04","28.05"
"10","010","00","007","0706","0147","359","208","151","60","419","756","0","55.42","27.51"
"10","010","00","007","0706","0148","368","233","135","94","462","816","0","56.62","28.55"
"10","010","00","007","0707","0000","679","411","268","110","789","1609","0","49.04","25.54"
"10","010","00","007","0707","0149","259","162","97","47","306","667","0","45.88","24.29"
"10","010","00","007","0707","0150","420","249","171","63","483","942","0","51.27","26.43"
"10","010","00","007","0708","0000","361","210","151","77","438","918","0","47.71","22.88"
"10","010","00","007","0708","0151","361","210","151","77","438","918","0","47.71","22.88"
"10","010","00","007","0709","0000","203","133","70","17","220","554","0","39.71","24.01"
"10","010","00","007","0709","0152","203","133","70","17","220","554","0","39.71","24.01"
"10","010","00","007","0710","0000","382","233","149","59","441","929","0","47.47","25.08"
"10","010","00","007","0710","0153","382","233","149","59","441","929","0","47.47","25.08"
"10","010","00","007","0711","0000","155","85","70","49","204","487","0","41.89","17.45"
"10","010","00","007","0711","0154","155","85","70","49","204","487","0","41.89","17.45"
"10","010","00","007","0712","0000","216","133","83","53","269","487","0","55.24","27.31"
"10","010","00","007","0712","0155","216","133","83","53","269","487","0","55.24","27.31"
"10","010","00","007","0713","0000","723","376","347","140","863","1681","0","51.34","22.37"
"10","010","00","007","0713","0156","341","174","167","58","399","836","0","47.73","20.81"
"10","010","00","007","0713","0157","382","202","180","82","464","845","0","54.91","23.91"
"10","010","00","007","0714","0000","754","454","300","124","878","1587","0","55.32","28.61"
"10","010","00","007","0714","0158","386","235","151","67","453","834","0","54.32","28.18"
"10","010","00","007","0714","0159","368","219","149","57","425","753","0","56.44","29.08"
"10","010","00","007","0715","0000","620","322","298","82","702","1328","0","52.86","24.25"
"10","010","00","007","0715","0160","620","322","298","82","702","1328","0","52.86","24.25"
"10","010","00","007","0716","0000","758","453","305","83","841","1400","0","60.07","32.36"
"10","010","00","007","0716","0163","758","453","305","83","841","1400","0","60.07","32.36"
"10","010","00","007","0717","0000","527","309","218","90","617","1043","0","59.16","29.63"
"10","010","00","007","0717","0162","527","309","218","90","617","1043","0","59.16","29.63"
"10","010","00","007","0718","0000","494","282","212","62","556","969","0","57.38","29.1"
"10","010","00","007","0718","0161","494","282","212","62","556","969","0","57.38","29.1"
"10","010","00","007","0719","0000","301","183","118","39","340","1017","0","33.43","17.99"
"10","010","00","007","0719","0164","301","183","118","39","340","1017","0","33.43","17.99"
"10","010","00","007","0720","0000","454","281","173","60","514","1132","0","45.41","24.82"
"10","010","00","007","0720","0165","454","281","173","60","514","1132","0","45.41","24.82"
"10","010","00","007","0721","0000","454","273","181","84","538","1037","0","51.88","26.33"
"10","010","00","007","0721","0166","454","273","181","84","538","1037","0","51.88","26.33"
"10","010","00","007","0722","0000","269","146","123","62","331","563","0","58.79","25.93"
"10","010","00","007","0722","0167","269","146","123","62","331","563","0","58.79","25.93"
"10","010","00","007","0723","0000","387","230","157","22","409","849","0","48.17","27.09"
"10","010","00","007","0723","0168","387","230","157","22","409","849","0","48.17","27.09"
"10","010","00","008","0000","0000","7321","4311","3010","1086","8407","20821","23049","40.38","20.71"
"10","010","00","008","0801","0000","441","268","173","46","487","1165","0","41.8","23.0"
"10","010","00","008","0801","0268","441","268","173","46","487","1165","0","41.8","23.0"
"10","010","00","008","0802","0000","242","158","84","26","268","825","0","32.48","19.15"
"10","010","00","008","0802","0269","242","158","84","26","268","825","0","32.48","19.15"
"10","010","00","008","0803","0000","325","189","136","37","362","850","0","42.59","22.24"
"10","010","00","008","0803","0270","325","189","136","37","362","850","0","42.59","22.24"
"10","010","00","008","0804","0000","107","52","55","24","131","222","0","59.01","23.42"
"10","010","00","008","0804","0271","107","52","55","24","131","222","0","59.01","23.42"
"10","010","00","008","0805","0000","517","242","275","73","590","1216","0","48.52","19.9"
"10","010","00","008","0805","0272","517","242","275","73","590","1216","0","48.52","19.9"
"10","010","00","008","0806","0000","384","235","149","58","442","1200","0","36.83","19.58"
"10","010","00","008","0806","0273","384","235","149","58","442","1200","0","36.83","19.58"
"10","010","00","008","0807","0000","355","227","128","54","409","877","0","46.64","25.88"
"10","010","00","008","0807","0274","355","227","128","54","409","877","0","46.64","25.88"
"10","010","00","008","0808","0000","226","138","88","48","274","644","0","42.55","21.43"
"10","010","00","008","0808","0275","226","138","88","48","274","644","0","42.55","21.43"
"10","010","00","008","0809","0000","223","137","86","27","250","761","0","32.85","18.0"
"10","010","00","008","0809","0276","183","111","72","26","209","594","0","35.19","18.69"
"10","010","00","008","0809","0277","40","26","14","1","41","167","0","24.55","15.57"
"10","010","00","008","0810","0000","220","141","79","53","273","714","0","38.24","19.75"
"10","010","00","008","0810","0283","220","141","79","53","273","714","0","38.24","19.75"
"10","010","00","008","0811","0000","427","248","179","65","492","1051","0","46.81","23.6"
"10","010","00","008","0811","0284","427","248","179","65","492","1051","0","46.81","23.6"
"10","010","00","008","0812","0000","403","236","167","79","482","934","0","51.61","25.27"
"10","010","00","008","0812","0285","403","236","167","79","482","934","0","51.61","25.27"
"10","010","00","008","0813","0000","446","273","173","66","512","1044","0","49.04","26.15"
"10","010","00","008","0813","0286","446","273","173","66","512","1044","0","49.04","26.15"
"10","010","00","008","0814","0000","545","318","227","38","583","1476","0","39.5","21.54"
"10","010","00","008","0814","0287","545","318","227","38","583","1476","0","39.5","21.54"
"10","010","00","008","0815","0000","188","115","73","26","214","618","0","34.63","18.61"
"10","010","00","008","0815","0288","188","115","73","26","214","618","0","34.63","18.61"
"10","010","00","008","0816","0000","115","80","35","47","162","478","0","33.89","16.74"
"10","010","00","008","0816","0289","115","80","35","47","162","478","0","33.89","16.74"
"10","010","00","008","0817","0000","187","105","82","45","232","642","0","36.14","16.36"
"10","010","00","008","0817","0290","187","105","82","45","232","642","0","36.14","16.36"
"10","010","00","008","0818","0000","241","138","103","19","260","883","0","29.45","15.63"
"10","010","00","008","0818","0291","241","138","103","19","260","883","0","29.45","15.63"
"10","010","00","008","0819","0000","523","290","233","89","612","1391","0","44.0","20.85"
"10","010","00","008","0819","0278","67","27","40","2","69","204","0","33.82","13.24"
"10","010","00","008","0819","0279","82","32","50","7","89","234","0","38.03","13.68"
"10","010","00","008","0819","0280","115","76","39","11","126","361","0","34.9","21.05"
"10","010","00","008","0819","0281","259","155","104","69","328","592","0","55.41","26.18"
"10","010","00","008","0820","0000","259","153","106","49","308","619","0","49.76","24.72"
"10","010","00","008","0820","0282","259","153","106","49","308","619","0","49.76","24.72"
"10","010","00","008","0821","0000","197","131","66","8","205","739","0","27.74","17.73"
"10","010","00","008","0821","0292","197","131","66","8","205","739","0","27.74","17.73"
"10","010","00","008","0822","0000","182","102","80","33","215","554","0","38.81","18.41"
"10","010","00","008","0822","0293","182","102","80","33","215","554","0","38.81","18.41"
"10","010","00","008","0823","0000","180","97","83","23","203","649","0","31.28","14.95"
"10","010","00","008","0823","0294","180","97","83","23","203","649","0","31.28","14.95"
"10","010","00","008","0824","0000","209","145","64","23","232","689","0","33.67","21.04"
"10","010","00","008","0824","0295","209","145","64","23","232","689","0","33.67","21.04"
"10","010","00","008","0825","0000","179","93","86","30","209","580","0","36.03","16.03"
"10","010","00","008","0825","0296","148","81","67","24","172","455","0","37.8","17.8"
"10","010","00","008","0825","0297","31","12","19","6","37","125","0","29.6","9.6"
"10","010","00","009","0000","0000","7316","4402","2914","1232","8548","21915","24658","39.01","20.09"
"10","010","00","009","0901","0000","692","398","294","119","811","1915","0","42.35","20.78"
"10","010","00","009","0901","0298","692","398","294","119","811","1915","0","42.35","20.78"
"10","010","00","009","0902","0000","307","185","122","63","370","938","0","39.45","19.72"
"10","010","00","009","0902","0299","307","185","122","63","370","938","0","39.45","19.72"
"10","010","00","009","0903","0000","345","184","161","36","381","1366","0","27.89","13.47"
"10","010","00","009","0903","0300","345","184","161","36","381","1366","0","27.89","13.47"
"10","010","00","009","0904","0000","563","347","216","6","569","1676","0","33.95","20.7"
"10","010","00","009","0904","0301","563","347","216","6","569","1676","0","33.95","20.7"
"10","010","00","009","0905","0000","368","224","144","97","465","1151","0","40.4","19.46"
"10","010","00","009","0905","0302","368","224","144","97","465","1151","0","40.4","19.46"
"10","010","00","009","0906","0000","235","142","93","86","321","716","0","44.83","19.83"
"10","010","00","009","0906","0303","235","142","93","86","321","716","0","44.83","19.83"
"10","010","00","009","0907","0000","110","61","49","13","123","387","0","31.78","15.76"
"10","010","00","009","0907","0304","110","61","49","13","123","387","0","31.78","15.76"
"10","010","00","009","0908","0000","218","141","77","15","233","864","0","26.97","16.32"
"10","010","00","009","0908","0305","218","141","77","15","233","864","0","26.97","16.32"
"10","010","00","009","0909","0000","256","143","113","24","280","910","0","30.77","15.71"
"10","010","00","009","0909","0306","256","143","113","24","280","910","0","30.77","15.71"
"10","010","00","009","0910","0000","220","140","80","18","238","760","0","31.32","18.42"
"10","010","00","009","0910","0307","220","140","80","18","238","760","0","31.32","18.42"
"10","010","00","009","0911","0000","131","76","55","32","163","378","0","43.12","20.11"
"10","010","00","009","0911","0308","71","44","27","15","86","166","0","51.81","26.51"
"10","010","00","009","0911","0309","60","32","28","17","77","212","0","36.32","15.09"
"10","010","00","009","0912","0000","282","176","106","50","332","993","0","33.43","17.72"
"10","010","00","009","0912","0310","282","176","106","50","332","993","0","33.43","17.72"
"10","010","00","009","0913","0000","451","267","184","104","555","1226","0","45.27","21.78"
"10","010","00","009","0913","0314","451","267","184","104","555","1226","0","45.27","21.78"
"10","010","00","009","0914","0000","298","172","126","66","364","843","0","43.18","20.4"
"10","010","00","009","0914","0315","298","172","126","66","364","843","0","43.18","20.4"
"10","010","00","009","0915","0000","246","149","97","38","284","693","0","40.98","21.5"
"10","010","00","009","0915","0316","246","149","97","38","284","693","0","40.98","21.5"
"10","010","00","009","0916","0000","345","198","147","67","412","839","0","49.11","23.6"
"10","010","00","009","0916","0317","345","198","147","67","412","839","0","49.11","23.6"
"10","010","00","009","0917","0000","227","157","70","29","256","684","0","37.43","22.95"
"10","010","00","009","0917","0318","129","86","43","18","147","363","0","40.5","23.69"
"10","010","00","009","0917","0319","98","71","27","11","109","321","0","33.96","22.12"
"10","010","00","009","0918","0000","531","337","194","66","597","1083","0","55.12","31.12"
"10","010","00","009","0918","0320","531","337","194","66","597","1083","0","55.12","31.12"
"10","010","00","009","0919","0000","347","209","138","65","412","901","0","45.73","23.2"
"10","010","00","009","0919","0321","347","209","138","65","412","901","0","45.73","23.2"
"10","010","00","009","0920","0000","325","196","129","40","365","1216","0","30.02","16.12"
"10","010","00","009","0920","0322","325","196","129","40","365","1216","0","30.02","16.12"
"10","010","00","009","0921","0000","343","199","144","61","404","789","0","51.2","25.22"
"10","010","00","009","0921","0323","203","117","86","46","249","418","0","59.57","27.99"
"10","010","00","009","0921","0324","140","82","58","15","155","371","0","41.78","22.1"
"10","010","00","009","0922","0000","99","72","27","13","112","306","0","36.6","23.53"
"10","010","00","009","0922","0311","99","72","27","13","112","306","0","36.6","23.53"
"10","010","00","009","0923","0000","377","229","148","124","501","1281","0","39.11","17.88"
"10","010","00","009","0923","0312","312","189","123","99","411","1046","0","39.29","18.07"
"10","010","00","009","0923","0313","65","40","25","25","90","235","0","38.3","17.02"
"10","010","00","010","0000","0000","7236","4391","2845","1060","8296","16647","18297","49.83","26.38"
"10","010","00","010","1001","0000","308","186","122","50","358","705","0","50.78","26.38"
"10","010","00","010","1001","0354","200","120","80","28","228","482","0","47.3","24.9"
"10","010","00","010","1001","0355","108","66","42","22","130","223","0","58.3","29.6"
"10","010","00","010","1002","0000","724","452","272","94","818","1529","0","53.5","29.56"
"10","010","00","010","1002","0356","724","452","272","94","818","1529","0","53.5","29.56"
"10","010","00","010","1003","0000","581","368","213","73","654","1175","0","55.66","31.32"
"10","010","00","010","1003","0357","581","368","213","73","654","1175","0","55.66","31.32"
"10","010","00","010","1004","0000","485","284","201","59","544","886","0","61.4","32.05"
"10","010","00","010","1004","0358","485","284","201","59","544","886","0","61.4","32.05"
"10","010","00","010","1005","0000","289","173","116","46","335","743","0","45.09","23.28"
"10","010","00","010","1005","0359","289","173","116","46","335","743","0","45.09","23.28"
"10","010","00","010","1006","0000","583","362","221","92","675","1236","0","54.61","29.29"
"10","010","00","010","1006","0360","583","362","221","92","675","1236","0","54.61","29.29"
"10","010","00","010","1007","0000","169","105","64","25","194","377","0","51.46","27.85"
"10","010","00","010","1007","0361","169","105","64","25","194","377","0","51.46","27.85"
"10","010","00","010","1008","0000","187","118","69","25","212","440","0","48.18","26.82"
"10","010","00","010","1008","0362","132","80","52","21","153","338","0","45.27","23.67"
"10","010","00","010","1008","0363","55","38","17","4","59","102","0","57.84","37.25"
"10","010","00","010","1009","0000","299","181","118","35","334","763","0","43.77","23.72"
"10","010","00","010","1009","0364","299","181","118","35","334","763","0","43.77","23.72"
"10","010","00","010","1010","0000","203","118","85","36","239","429","0","55.71","27.51"
"10","010","00","010","1010","0365","203","118","85","36","239","429","0","55.71","27.51"
"10","010","00","010","1011","0000","183","110","73","24","207","427","0","48.48","25.76"
"10","010","00","010","1011","0366","183","110","73","24","207","427","0","48.48","25.76"
"10","010","00","010","1012","0000","284","159","125","46","330","607","0","54.37","26.19"
"10","010","00","010","1012","0367","284","159","125","46","330","607","0","54.37","26.19"
"10","010","00","010","1013","0000","617","364","253","51","668","1486","0","44.95","24.5"
"10","010","00","010","1013","0368","617","364","253","51","668","1486","0","44.95","24.5"
"10","010","00","010","1014","0000","384","245","139","92","476","835","0","57.01","29.34"
"10","010","00","010","1014","0369","384","245","139","92","476","835","0","57.01","29.34"
"10","010","00","010","1015","0000","277","171","106","77","354","816","0","43.38","20.96"
"10","010","00","010","1015","0370","277","171","106","77","354","816","0","43.38","20.96"
"10","010","00","010","1016","0000","313","194","119","68","381","833","0","45.74","23.29"
"10","010","00","010","1016","0371","313","194","119","68","381","833","0","45.74","23.29"
"10","010","00","010","1017","0000","180","93","87","31","211","433","0","48.73","21.48"
"10","010","00","010","1017","0372","180","93","87","31","211","433","0","48.73","21.48"
"10","010","00","010","1018","0000","231","151","80","8","239","558","0","42.83","27.06"
"10","010","00","010","1018","0373","231","151","80","8","239","558","0","42.83","27.06"
"10","010","00","010","1019","0000","311","182","129","54","365","742","0","49.19","24.53"
"10","010","00","010","1019","0374","261","149","112","52","313","602","0","51.99","24.75"
"10","010","00","010","1019","0375","50","33","17","2","52","140","0","37.14","23.57"
"10","010","00","010","1020","0000","148","97","51","30","178","393","0","45.29","24.68"
"10","010","00","010","1020","0376","148","97","51","30","178","393","0","45.29","24.68"
"10","010","00","010","1021","0000","264","153","111","23","287","585","0","49.06","26.15"
"10","010","00","010","1021","0377","264","153","111","23","287","585","0","49.06","26.15"
"10","010","00","010","1022","0000","216","125","91","21","237","649","0","36.52","19.26"
"10","010","00","010","1022","0378","154","96","58","12","166","526","0","31.56","18.25"
"10","010","00","010","1022","0379","62","29","33","9","71","123","0","57.72","23.58"
"10","010","00","011","0000","0000","5562","3282","2280","984","6546","13937","15422","46.97","23.55"
"10","010","00","011","1101","0000","193","110","83","48","241","522","0","46.17","21.07"
"10","010","00","011","1101","0034","193","110","83","48","241","522","0","46.17","21.07"
"10","010","00","011","1102","0000","256","163","93","43","299","563","0","53.11","28.95"
"10","010","00","011","1102","0035","256","163","93","43","299","563","0","53.11","28.95"
"10","010","00","011","1103","0000","543","327","216","94","637","1304","0","48.85","25.08"
"10","010","00","011","1103","0036","543","327","216","94","637","1304","0","48.85","25.08"
"10","010","00","011","1104","0000","591","355","236","72","663","1312","0","50.53","27.06"
"10","010","00","011","1104","0037","591","355","236","72","663","1312","0","50.53","27.06"
"10","010","00","011","1105","0000","230","140","90","9","239","738","0","32.38","18.97"
"10","010","00","011","1105","0038","125","79","46","4","129","320","0","40.31","24.69"
"10","010","00","011","1105","0039","105","61","44","5","110","418","0","26.32","14.59"
"10","010","00","011","1106","0000","372","235","137","71","443","1025","0","43.22","22.93"
"10","010","00","011","1106","0040","372","235","137","71","443","1025","0","43.22","22.93"
"10","010","00","011","1107","0000","164","95","69","22","186","451","0","41.24","21.06"
"10","010","00","011","1107","0041","164","95","69","22","186","451","0","41.24","21.06"
"10","010","00","011","1108","0000","340","206","134","102","442","830","0","53.25","24.82"
"10","010","00","011","1108","0042","340","206","134","102","442","830","0","53.25","24.82"
"10","010","00","011","1109","0000","404","219","185","86","490","1050","0","46.67","20.86"
"10","010","00","011","1109","0043","404","219","185","86","490","1050","0","46.67","20.86"
"10","010","00","011","1110","0000","330","183","147","70","400","972","0","41.15","18.83"
"10","010","00","011","1110","0044","330","183","147","70","400","972","0","41.15","18.83"
"10","010","00","011","1111","0000","390","245","145","54","444","962","0","46.15","25.47"
"10","010","00","011","1111","0045","390","245","145","54","444","962","0","46.15","25.47"
"10","010","00","011","1112","0000","412","224","188","77","489","940","0","52.02","23.83"
"10","010","00","011","1112","0046","297","166","131","55","352","678","0","51.92","24.48"
"10","010","00","011","1112","0047","115","58","57","22","137","262","0","52.29","22.14"
"10","010","00","011","1113","0000","423","228","195","75","498","1212","0","41.09","18.81"
"10","010","00","011","1113","0048","329","174","155","62","391","906","0","43.16","19.21"
"10","010","00","011","1113","0049","94","54","40","13","107","306","0","34.97","17.65"
"10","010","00","011","1114","0000","641","383","258","112","753","1435","0","52.47","26.69"
"10","010","00","011","1114","0050","469","287","182","83","552","1062","0","51.98","27.02"
"10","010","00","011","1114","0051","172","96","76","29","201","373","0","53.89","25.74"
"10","010","00","011","1115","0000","273","169","104","49","322","621","0","51.85","27.21"
"10","010","00","011","1115","0052","144","90","54","31","175","324","0","54.01","27.78"
"10","010","00","011","1115","0053","129","79","50","18","147","297","0","49.49","26.6"
"10","010","00","012","0000","0000","20538","12155","8383","2377","22915","43857","49406","52.25","27.72"
"10","010","00","012","1201","0000","1835","1050","785","219","2054","3971","0","51.73","26.44"
"10","010","00","012","1201","0054","454","257","197","44","498","1024","0","48.63","25.1"
"10","010","00","012","1201","0055","541","292","249","72","613","1015","0","60.39","28.77"
"10","010","00","012","1201","0056","840","501","339","103","943","1932","0","48.81","25.93"
"10","010","00","012","1202","0000","1318","869","449","127","1445","2475","0","58.38","35.11"
"10","010","00","012","1202","0057","629","476","153","51","680","1170","0","58.12","40.68"
"10","010","00","012","1202","0058","689","393","296","76","765","1305","0","58.62","30.11"
"10","010","00","012","1203","0000","829","487","342","108","937","1564","0","59.91","31.14"
"10","010","00","012","1203","0066","360","207","153","48","408","626","0","65.18","33.07"
"10","010","00","012","1203","0067","302","186","116","35","337","570","0","59.12","32.63"
"10","010","00","012","1203","0068","167","94","73","25","192","368","0","52.17","25.54"
"10","010","00","012","1204","0000","938","543","395","172","1110","2102","0","52.81","25.83"
"10","010","00","012","1204","0069","438","257","181","99","537","1037","0","51.78","24.78"
"10","010","00","012","1204","0070","500","286","214","73","573","1065","0","53.8","26.85"
"10","010","00","012","1205","0000","421","244","177","86","507","802","0","63.22","30.42"
"10","010","00","012","1205","0071","421","244","177","86","507","802","0","63.22","30.42"
"10","010","00","012","1206","0000","683","406","277","99","782","1566","0","49.94","25.93"
"10","010","00","012","1206","0059","545","327","218","74","619","1242","0","49.84","26.33"
"10","010","00","012","1206","0060","138","79","59","25","163","324","0","50.31","24.38"
"10","010","00","012","1207","0000","820","485","335","123","943","1838","0","51.31","26.39"
"10","010","00","012","1207","0061","299","165","134","27","326","622","0","52.41","26.53"
"10","010","00","012","1207","0062","521","320","201","96","617","1216","0","50.74","26.32"
"10","010","00","012","1208","0000","961","552","409","78","1039","1791","0","58.01","30.82"
"10","010","00","012","1208","0063","522","315","207","36","558","1020","0","54.71","30.88"
"10","010","00","012","1208","0064","439","237","202","42","481","771","0","62.39","30.74"
"10","010","00","012","1209","0000","251","155","96","25","276","441","0","62.59","35.15"
"10","010","00","012","1209","0065","251","155","96","25","276","441","0","62.59","35.15"
"10","010","00","012","1210","0000","338","213","125","33","371","641","0","57.88","33.23"
"10","010","00","012","1210","0074","338","213","125","33","371","641","0","57.88","33.23"
"10","010","00","012","1211","0000","218","121","97","10","228","408","0","55.88","29.66"
"10","010","00","012","1211","0075","218","121","97","10","228","408","0","55.88","29.66"
"10","010","00","012","1212","0000","640","373","267","89","729","1363","0","53.48","27.37"
"10","010","00","012","1212","0076","399","236","163","59","458","794","0","57.68","29.72"
"10","010","00","012","1212","0077","241","137","104","30","271","569","0","47.63","24.08"
"10","010","00","012","1213","0000","878","542","336","45","923","1948","0","47.38","27.82"
"10","010","00","012","1213","0072","878","542","336","45","923","1948","0","47.38","27.82"
"10","010","00","012","1214","0000","452","279","173","73","525","1028","0","51.07","27.14"
"10","010","00","012","1214","0073","452","279","173","73","525","1028","0","51.07","27.14"
"10","010","00","012","1215","0000","1010","577","433","99","1109","2035","0","54.5","28.35"
"10","010","00","012","1215","0080","1010","577","433","99","1109","2035","0","54.5","28.35"
"10","010","00","012","1216","0000","897","511","386","119","1016","1987","0","51.13","25.72"
"10","010","00","012","1216","0081","897","511","386","119","1016","1987","0","51.13","25.72"
"10","010","00","012","1217","0000","898","546","352","108","1006","1766","0","56.96","30.92"
"10","010","00","012","1217","0078","407","241","166","45","452","806","0","56.08","29.9"
"10","010","00","012","1217","0079","491","305","186","63","554","960","0","57.71","31.77"
"10","010","00","012","1218","0000","1864","1130","734","181","2045","4310","0","47.45","26.22"
"10","010","00","012","1218","0083","1015","604","411","92","1107","2208","0","50.14","27.36"
"10","010","00","012","1218","0084","849","526","323","89","938","2102","0","44.62","25.02"
"10","010","00","012","1219","0000","1373","798","575","187","1560","2980","0","52.35","26.78"
"10","010","00","012","1219","0085","583","357","226","70","653","1309","0","49.89","27.27"
"10","010","00","012","1219","0086","790","441","349","117","907","1671","0","54.28","26.39"
"10","010","00","012","1220","0000","900","514","386","103","1003","1919","0","52.27","26.78"
"10","010","00","012","1220","0089","900","514","386","103","1003","1919","0","52.27","26.78"
"10","010","00","012","1221","0000","761","408","353","86","847","1772","0","47.8","23.02"
"10","010","00","012","1221","0088","761","408","353","86","847","1772","0","47.8","23.02"
"10","010","00","012","1222","0000","358","216","142","20","378","912","0","41.45","23.68"
"10","010","00","012","1222","0090","358","216","142","20","378","912","0","41.45","23.68"
"10","010","00","012","1223","0000","438","273","165","36","474","992","0","47.78","27.52"
"10","010","00","012","1223","0091","438","273","165","36","474","992","0","47.78","27.52"
"10","010","00","012","1224","0000","502","284","218","61","563","1270","0","44.33","22.36"
"10","010","00","012","1224","0092","502","284","218","61","563","1270","0","44.33","22.36"
"10","010","00","012","1225","0000","563","341","222","43","606","1154","0","52.51","29.55"
"10","010","00","012","1225","0082","563","341","222","43","606","1154","0","52.51","29.55"
"10","010","00","012","1226","0000","392","238","154","47","439","822","0","53.41","28.95"
"10","010","00","012","1226","0087","392","238","154","47","439","822","0","53.41","28.95"
"10","010","00","013","0000","0000","16173","9376","6797","1836","18009","39139","44605","46.01","23.96"
"10","010","00","013","1301","0000","716","401","315","105","821","1809","0","45.38","22.17"
"10","010","00","013","1301","0392","716","401","315","105","821","1809","0","45.38","22.17"
"10","010","00","013","1302","0000","427","255","172","26","453","953","0","47.53","26.76"
"10","010","00","013","1302","0393","427","255","172","26","453","953","0","47.53","26.76"
"10","010","00","013","1303","0000","306","161","145","25","331","828","0","39.98","19.44"
"10","010","00","013","1303","0401","306","161","145","25","331","828","0","39.98","19.44"
"10","010","00","013","1304","0000","355","206","149","52","407","879","0","46.3","23.44"
"10","010","00","013","1304","0400","355","206","149","52","407","879","0","46.3","23.44"
"10","010","00","013","1305","0000","595","352","243","75","670","1441","0","46.5","24.43"
"10","010","00","013","1305","0394","595","352","243","75","670","1441","0","46.5","24.43"
"10","010","00","013","1306","0000","1117","630","487","126","1243","2834","0","43.86","22.23"
"10","010","00","013","1306","0380","379","222","157","24","403","1046","0","38.53","21.22"
"10","010","00","013","1306","0381","738","408","330","102","840","1788","0","46.98","22.82"
"10","010","00","013","1307","0000","1413","812","601","139","1552","3311","0","46.87","24.52"
"10","010","00","013","1307","0382","718","405","313","63","781","1730","0","45.14","23.41"
"10","010","00","013","1307","0383","695","407","288","76","771","1581","0","48.77","25.74"
"10","010","00","013","1308","0000","3011","1736","1275","249","3260","7060","0","46.18","24.59"
"10","010","00","013","1308","0384","608","354","254","67","675","1594","0","42.35","22.21"
"10","010","00","013","1308","0385","837","456","381","62","899","1801","0","49.92","25.32"
"10","010","00","013","1308","0386","817","492","325","85","902","1862","0","48.44","26.42"
"10","010","00","013","1308","0387","749","434","315","35","784","1803","0","43.48","24.07"
"10","010","00","013","1309","0000","2522","1493","1029","265","2787","5642","0","49.4","26.46"
"10","010","00","013","1309","0388","694","442","252","74","768","1481","0","51.86","29.84"
"10","010","00","013","1309","0389","654","375","279","64","718","1366","0","52.56","27.45"
"10","010","00","013","1309","0390","630","345","285","81","711","1599","0","44.47","21.58"
"10","010","00","013","1309","0391","544","331","213","46","590","1196","0","49.33","27.68"
"10","010","00","013","1310","0000","780","453","327","87","867","1882","0","46.07","24.07"
"10","010","00","013","1310","0395","780","453","327","87","867","1882","0","46.07","24.07"
"10","010","00","013","1311","0000","481","275","206","36","517","1470","0","35.17","18.71"
"10","010","00","013","1311","0396","481","275","206","36","517","1470","0","35.17","18.71"
"10","010","00","013","1312","0000","815","490","325","111","926","2121","0","43.66","23.1"
"10","010","00","013","1312","0397","659","393","266","94","753","1699","0","44.32","23.13"
"10","010","00","013","1312","0398","156","97","59","17","173","422","0","41.0","22.99"
"10","010","00","013","1313","0000","438","270","168","74","512","1030","0","49.71","26.21"
"10","010","00","013","1313","0399","438","270","168","74","512","1030","0","49.71","26.21"
"10","010","00","013","1314","0000","554","337","217","91","645","1177","0","54.8","28.63"
"10","010","00","013","1314","0402","429","265","164","68","497","881","0","56.41","30.08"
"10","010","00","013","1314","0403","125","72","53","23","148","296","0","50.0","24.32"
"10","010","00","013","1315","0000","375","185","190","104","479","979","0","48.93","18.9"
"10","010","00","013","1315","0404","375","185","190","104","479","979","0","48.93","18.9"
"10","010","00","013","1316","0000","667","385","282","56","723","1938","0","37.31","19.87"
"10","010","00","013","1316","0405","480","272","208","48","528","1268","0","41.64","21.45"
"10","010","00","013","1316","0406","187","113","74","8","195","670","0","29.1","16.87"
"10","010","00","013","1317","0000","270","152","118","24","294","741","0","39.68","20.51"
"10","010","00","013","1317","0409","270","152","118","24","294","741","0","39.68","20.51"
"10","010","00","013","1318","0000","405","244","161","45","450","1000","0","45.0","24.4"
"10","010","00","013","1318","0410","204","124","80","5","209","518","0","40.35","23.94"
"10","010","00","013","1318","0411","201","120","81","40","241","482","0","50.0","24.9"
"10","010","00","013","1319","0000","300","175","125","51","351","648","0","54.17","27.01"
"10","010","00","013","1319","0408","300","175","125","51","351","648","0","54.17","27.01"
"10","010","00","013","1320","0000","358","211","147","73","431","754","0","57.16","27.98"
"10","010","00","013","1320","0407","358","211","147","73","431","754","0","57.16","27.98"
"10","010","00","013","1321","0000","131","73","58","12","143","348","0","41.09","20.98"
"10","010","00","013","1321","0412","131","73","58","12","143","348","0","41.09","20.98"
"10","010","00","013","1322","0000","137","80","57","10","147","294","0","50.0","27.21"
"10","010","00","013","1322","0413","137","80","57","10","147","294","0","50.0","27.21"
"10","010","00","014","0000","0000","14200","8088","6112","1512","15712","31228","35625","50.31","25.9"
"10","010","00","014","1401","0000","1220","707","513","70","1290","2522","0","51.15","28.03"
"10","010","00","014","1401","0414","616","347","269","39","655","1312","0","49.92","26.45"
"10","010","00","014","1401","0415","604","360","244","31","635","1210","0","52.48","29.75"
"10","010","00","014","1402","0000","1059","628","431","101","1160","2198","0","52.78","28.57"
"10","010","00","014","1402","0416","499","302","197","53","552","991","0","55.7","30.47"
"10","010","00","014","1402","0417","560","326","234","48","608","1207","0","50.37","27.01"
"10","010","00","014","1403","0000","284","150","134","21","305","752","0","40.56","19.95"
"10","010","00","014","1403","0418","284","150","134","21","305","752","0","40.56","19.95"
"10","010","00","014","1404","0000","413","228","185","71","484","833","0","58.1","27.37"
"10","010","00","014","1404","0419","413","228","185","71","484","833","0","58.1","27.37"
"10","010","00","014","1405","0000","597","186","411","93","690","1220","0","56.56","15.25"
"10","010","00","014","1405","0420","597","186","411","93","690","1220","0","56.56","15.25"
"10","010","00","014","1406","0000","320","194","126","22","342","616","0","55.52","31.49"
"10","010","00","014","1406","0421","320","194","126","22","342","616","0","55.52","31.49"
"10","010","00","014","1407","0000","466","271","195","62","528","1031","0","51.21","26.29"
"10","010","00","014","1407","0422","466","271","195","62","528","1031","0","51.21","26.29"
"10","010","00","014","1408","0000","2456","1455","1001","199","2655","5283","0","50.26","27.54"
"10","010","00","014","1408","0423","592","357","235","76","668","1292","0","51.7","27.63"
"10","010","00","014","1408","0424","1010","595","415","85","1095","1995","0","54.89","29.82"
"10","010","00","014","1408","0425","854","503","351","38","892","1996","0","44.69","25.2"
"10","010","00","014","1409","0000","665","383","282","93","758","1449","0","52.31","26.43"
"10","010","00","014","1409","0426","665","383","282","93","758","1449","0","52.31","26.43"
"10","010","00","014","1410","0000","645","409","236","45","690","1420","0","48.59","28.8"
"10","010","00","014","1410","0427","645","409","236","45","690","1420","0","48.59","28.8"
"10","010","00","014","1411","0000","781","427","354","65","846","1590","0","53.21","26.86"
"10","010","00","014","1411","0428","781","427","354","65","846","1590","0","53.21","26.86"
"10","010","00","014","1412","0000","780","424","356","89","869","1785","0","48.68","23.75"
"10","010","00","014","1412","0429","352","204","148","38","390","771","0","50.58","26.46"
"10","010","00","014","1412","0430","428","220","208","51","479","1014","0","47.24","21.7"
"10","010","00","014","1413","0000","264","152","112","30","294","641","0","45.87","23.71"
"10","010","00","014","1413","0433","264","152","112","30","294","641","0","45.87","23.71"
"10","010","00","014","1414","0000","426","262","164","42","468","1014","0","46.15","25.84"
"10","010","00","014","1414","0431","97","60","37","11","108","327","0","33.03","18.35"
"10","010","00","014","1414","0432","329","202","127","31","360","687","0","52.4","29.4"
"10","010","00","014","1415","0000","382","214","168","33","415","857","0","48.42","24.97"
"10","010","00","014","1415","0434","216","117","99","11","227","474","0","47.89","24.68"
"10","010","00","014","1415","0435","166","97","69","22","188","383","0","49.09","25.33"
"10","010","00","014","1416","0000","324","181","143","51","375","619","0","60.58","29.24"
"10","010","00","014","1416","0436","324","181","143","51","375","619","0","60.58","29.24"
"10","010","00","014","1417","0000","789","465","324","126","915","1782","0","51.35","26.09"
"10","010","00","014","1417","0437","88","51","37","11","99","214","0","46.26","23.83"
"10","010","00","014","1417","0438","701","414","287","115","816","1568","0","52.04","26.4"
"10","010","00","014","1418","0000","245","136","109","51","296","658","0","44.98","20.67"
"10","010","00","014","1418","0439","245","136","109","51","296","658","0","44.98","20.67"
"10","010","00","014","1419","0000","219","108","111","36","255","434","0","58.76","24.88"
"10","010","00","014","1419","0440","219","108","111","36","255","434","0","58.76","24.88"
"10","010","00","014","1420","0000","837","494","343","129","966","1898","0","50.9","26.03"
"10","010","00","014","1420","0441","431","263","168","64","495","917","0","53.98","28.68"
"10","010","00","014","1420","0442","406","231","175","65","471","981","0","48.01","23.55"
"10","010","00","014","1421","0000","335","183","152","30","365","897","0","40.69","20.4"
"10","010","00","014","1421","0443","308","168","140","28","336","789","0","42.59","21.29"
"10","010","00","014","1421","0444","27","15","12","2","29","108","0","26.85","13.89"
"10","010","00","014","1422","0000","51","29","22","3","54","235","0","22.98","12.34"
"10","010","00","014","1422","0445","51","29","22","3","54","235","0","22.98","12.34"
"10","010","00","014","1423","0000","389","225","164","24","413","781","0","52.88","28.81"
"10","010","00","014","1423","0446","131","85","46","7","138","331","0","41.69","25.68"
"10","010","00","014","1423","0447","258","140","118","17","275","450","0","61.11","31.11"
"10","010","00","014","1424","0000","253","177","76","26","279","713","0","39.13","24.82"
"10","010","00","014","1424","0448","163","114","49","10","173","462","0","37.45","24.68"
"10","010","00","014","1424","0449","90","63","27","16","106","251","0","42.23","25.1"
"10","010","00","015","0000","0000","8170","4757","3413","1104","9274","17083","19303","54.29","27.85"
"10","010","00","015","1501","0000","1115","629","486","150","1265","2286","0","55.34","27.52"
"10","010","00","015","1501","0211","489","277","212","33","522","1041","0","50.14","26.61"
"10","010","00","015","1501","0212","626","352","274","117","743","1245","0","59.68","28.27"
"10","010","00","015","1502","0000","501","298","203","61","562","917","0","61.29","32.5"
"10","010","00","015","1502","0213","501","298","203","61","562","917","0","61.29","32.5"
"10","010","00","015","1503","0000","291","168","123","54","345","545","0","63.3","30.83"
"10","010","00","015","1503","0217","291","168","123","54","345","545","0","63.3","30.83"
"10","010","00","015","1504","0000","2139","1251","888","224","2363","4404","0","53.66","28.41"
"10","010","00","015","1504","0214","573","330","243","56","629","1189","0","52.9","27.75"
"10","010","00","015","1504","0215","692","419","273","89","781","1388","0","56.27","30.19"
"10","010","00","015","1504","0216","874","502","372","79","953","1827","0","52.16","27.48"
"10","010","00","015","1505","0000","147","87","60","36","183","407","0","44.96","21.38"
"10","010","00","015","1505","0218","147","87","60","36","183","407","0","44.96","21.38"
"10","010","00","015","1506","0000","290","154","136","41","331","526","0","62.93","29.28"
"10","010","00","015","1506","0223","290","154","136","41","331","526","0","62.93","29.28"
"10","010","00","015","1507","0000","148","79","69","33","181","372","0","48.66","21.24"
"10","010","00","015","1507","0224","148","79","69","33","181","372","0","48.66","21.24"
"10","010","00","015","1508","0000","293","159","134","44","337","636","0","52.99","25.0"
"10","010","00","015","1508","0219","293","159","134","44","337","636","0","52.99","25.0"
"10","010","00","015","1509","0000","817","483","334","95","912","1674","0","54.48","28.85"
"10","010","00","015","1509","0221","817","483","334","95","912","1674","0","54.48","28.85"
"10","010","00","015","1510","0000","275","159","116","55","330","576","0","57.29","27.6"
"10","010","00","015","1510","0220","275","159","116","55","330","576","0","57.29","27.6"
"10","010","00","015","1511","0000","346","200","146","18","364","858","0","42.42","23.31"
"10","010","00","015","1511","0222","346","200","146","18","364","858","0","42.42","23.31"
"10","010","00","015","1512","0000","221","131","90","32","253","506","0","50.0","25.89"
"10","010","00","015","1512","0225","221","131","90","32","253","506","0","50.0","25.89"
"10","010","00","015","1513","0000","128","74","54","18","146","293","0","49.83","25.26"
"10","010","00","015","1513","0228","128","74","54","18","146","293","0","49.83","25.26"
"10","010","00","015","1514","0000","251","156","95","50","301","433","0","69.52","36.03"
"10","010","00","015","1514","0226","251","156","95","50","301","433","0","69.52","36.03"
"10","010","00","015","1515","0000","360","232","128","89","449","712","0","63.06","32.58"
"10","010","00","015","1515","0229","360","232","128","89","449","712","0","63.06","32.58"
"10","010","00","015","1516","0000","332","191","141","41","373","602","0","61.96","31.73"
"10","010","00","015","1516","0230","332","191","141","41","373","602","0","61.96","31.73"
"10","010","00","015","1517","0000","369","214","155","44","413","932","0","44.31","22.96"
"10","010","00","015","1517","0231","223","129","94","26","249","515","0","48.35","25.05"
"10","010","00","015","1517","0232","146","85","61","18","164","417","0","39.33","20.38"
"10","010","00","015","1518","0000","147","92","55","19","166","404","0","41.09","22.77"
"10","010","00","015","1518","0227","147","92","55","19","166","404","0","41.09","22.77"
"10","010","00","016","0000","0000","5003","2849","2154","594","5597","10156","11470","55.11","28.05"
"10","010","00","016","1601","0000","625","354","271","82","707","1174","0","60.22","30.15"
"10","010","00","016","1601","0450","625","354","271","82","707","1174","0","60.22","30.15"
"10","010","00","016","1602","0000","245","141","104","16","261","449","0","58.13","31.4"
"10","010","00","016","1602","0451","245","141","104","16","261","449","0","58.13","31.4"
"10","010","00","016","1603","0000","620","401","219","83","703","1304","0","53.91","30.75"
"10","010","00","016","1603","0452","392","256","136","51","443","753","0","58.83","34.0"
"10","010","00","016","1603","0453","228","145","83","32","260","551","0","47.19","26.32"
"10","010","00","016","1604","0000","899","534","365","104","1003","1791","0","56.0","29.82"
"10","010","00","016","1604","0454","899","534","365","104","1003","1791","0","56.0","29.82"
"10","010","00","016","1605","0000","471","232","239","67","538","849","0","63.37","27.33"
"10","010","00","016","1605","0455","471","232","239","67","538","849","0","63.37","27.33"
"10","010","00","016","1606","0000","437","158","279","55","492","866","0","56.81","18.24"
"10","010","00","016","1606","0456","437","158","279","55","492","866","0","56.81","18.24"
"10","010","00","016","1607","0000","625","381","244","65","690","1244","0","55.47","30.63"
"10","010","00","016","1607","0457","402","257","145","37","439","800","0","54.88","32.13"
"10","010","00","016","1607","0458","223","124","99","28","251","444","0","56.53","27.93"
"10","010","00","016","1608","0000","230","136","94","19","249","635","0","39.21","21.42"
"10","010","00","016","1608","0459","230","136","94","19","249","635","0","39.21","21.42"
"10","010","00","016","1609","0000","462","308","154","56","518","961","0","53.9","32.05"
"10","010","00","016","1609","0460","127","77","50","16","143","319","0","44.83","24.14"
"10","010","00","016","1609","0461","335","231","104","40","375","642","0","58.41","35.98"
"10","010","00","016","1610","0000","194","127","67","34","228","509","0","44.79","24.95"
"10","010","00","016","1610","0462","194","127","67","34","228","509","0","44.79","24.95"
"10","010","00","016","1611","0000","195","77","118","13","208","374","0","55.61","20.59"
"10","010","00","016","1611","0463","91","26","65","1","92","162","0","56.79","16.05"
"10","010","00","016","1611","0464","104","51","53","12","116","212","0","54.72","24.06"
"10","010","00","017","0000","0000","1954","1165","789","171","2125","3999","4592","53.14","29.13"
"10","010","00","017","1701","0000","719","437","282","84","803","1468","0","54.7","29.77"
"10","010","00","017","1701","0465","719","437","282","84","803","1468","0","54.7","29.77"
"10","010","00","017","1702","0000","259","162","97","17","276","624","0","44.23","25.96"
"10","010","00","017","1702","0466","99","68","31","9","108","320","0","33.75","21.25"
"10","010","00","017","1702","0467","160","94","66","8","168","304","0","55.26","30.92"
"10","010","00","017","1703","0000","232","113","119","16","248","418","0","59.33","27.03"
"10","010","00","017","1703","0468","91","46","45","2","93","184","0","50.54","25.0"
"10","010","00","017","1703","0469","141","67","74","14","155","234","0","66.24","28.63"
"10","010","00","017","1704","0000","422","247","175","27","449","920","0","48.8","26.85"
"10","010","00","017","1704","0470","228","134","94","9","237","495","0","47.88","27.07"
"10","010","00","017","1704","0471","103","59","44","4","107","199","0","53.77","29.65"
"10","010","00","017","1704","0472","91","54","37","14","105","226","0","46.46","23.89"
"10","010","00","017","1705","0000","322","206","116","27","349","569","0","61.34","36.2"
"10","010","00","017","1705","0473","322","206","116","27","349","569","0","61.34","36.2"
"10","010","00","018","0000","0000","1946","1137","809","113","2059","4691","5610","43.89","24.24"
"10","010","00","018","1801","0000","166","95","71","8","174","371","0","46.9","25.61"
"10","010","00","018","1801","0474","166","95","71","8","174","371","0","46.9","25.61"
"10","010","00","018","1802","0000","78","53","25","6","84","197","0","42.64","26.9"
"10","010","00","018","1802","0475","78","53","25","6","84","197","0","42.64","26.9"
"10","010","00","018","1803","0000","68","37","31","2","70","152","0","46.05","24.34"
"10","010","00","018","1803","0476","68","37","31","2","70","152","0","46.05","24.34"
"10","010","00","018","1804","0000","90","53","37","8","98","303","0","32.34","17.49"
"10","010","00","018","1804","0477","69","36","33","8","77","231","0","33.33","15.58"
"10","010","00","018","1804","0478","21","17","4","0","21","72","0","29.17","23.61"
"10","010","00","018","1805","0000","152","92","60","11","163","306","0","53.27","30.07"
"10","010","00","018","1805","0480","152","92","60","11","163","306","0","53.27","30.07"
"10","010","00","018","1806","0000","117","69","48","1","118","311","0","37.94","22.19"
"10","010","00","018","1806","0479","117","69","48","1","118","311","0","37.94","22.19"
"10","010","00","018","1807","0000","421","248","173","33","454","827","0","54.9","29.99"
"10","010","00","018","1807","0482","421","248","173","33","454","827","0","54.9","29.99"
"10","010","00","018","1808","0000","405","234","171","9","414","970","0","42.68","24.12"
"10","010","00","018","1808","0481","405","234","171","9","414","970","0","42.68","24.12"
"10","010","00","018","1809","0000","108","59","49","2","110","238","0","46.22","24.79"
"10","010","00","018","1809","0483","108","59","49","2","110","238","0","46.22","24.79"
"10","010","00","018","1810","0000","107","60","47","11","118","479","0","24.63","12.53"
"10","010","00","018","1810","0484","107","60","47","11","118","479","0","24.63","12.53"
"10","010","00","018","1811","0000","93","53","40","6","99","291","0","34.02","18.21"
"10","010","00","018","1811","0485","93","53","40","6","99","291","0","34.02","18.21"
"10","010","00","018","1812","0000","141","84","57","16","157","246","0","63.82","34.15"
"10","010","00","018","1812","0486","141","84","57","16","157","246","0","63.82","34.15"
"10","013","00","000","0000","0000","328270","192218","136052","37207","365477","711720","826779","51.35","27.01"
"10","013","00","001","0000","0000","83303","49795","33508","6333","89636","170148","199807","52.68","29.27"
"10","013","00","001","0101","0000","369","211","158","28","397","713","0","55.68","29.59"
"10","013","00","001","0101","0004","369","211","158","28","397","713","0","55.68","29.59"
"10","013","00","001","0102","0000","145","78","67","0","145","249","0","58.23","31.33"
"10","013","00","001","0102","0007","145","78","67","0","145","249","0","58.23","31.33"
"10","013","00","001","0103","0000","142","74","68","23","165","294","0","56.12","25.17"
"10","013","00","001","0103","0002","142","74","68","23","165","294","0","56.12","25.17"
"10","013","00","001","0104","0000","285","157","128","20","305","582","0","52.41","26.98"
"10","013","00","001","0104","0003","285","157","128","20","305","582","0","52.41","26.98"
"10","013","00","001","0105","0000","264","148","116","15","279","455","0","61.32","32.53"
"10","013","00","001","0105","0006","264","148","116","15","279","455","0","61.32","32.53"
"10","013","00","001","0106","0000","122","69","53","6","128","237","0","54.01","29.11"
"10","013","00","001","0106","0001","122","69","53","6","128","237","0","54.01","29.11"
"10","013","00","001","0107","0000","290","167","123","25","315","572","0","55.07","29.2"
"10","013","00","001","0107","0005","290","167","123","25","315","572","0","55.07","29.2"
"10","013","00","001","0108","0000","391","223","168","49","440","713","0","61.71","31.28"
"10","013","00","001","0108","0010","391","223","168","49","440","713","0","61.71","31.28"
"10","013","00","001","0109","0000","322","200","122","46","368","573","0","64.22","34.9"
"10","013","00","001","0109","0011","322","200","122","46","368","573","0","64.22","34.9"
"10","013","00","001","0110","0000","258","173","85","23","281","409","0","68.7","42.3"
"10","013","00","001","0110","0013","258","173","85","23","281","409","0","68.7","42.3"
"10","013","00","001","0111","0000","176","90","86","22","198","297","0","66.67","30.3"
"10","013","00","001","0111","0012","176","90","86","22","198","297","0","66.67","30.3"
"10","013","00","001","0112","0000","1130","652","478","95","1225","2688","0","45.57","24.26"
"10","013","00","001","0112","0008","542","322","220","41","583","1315","0","44.33","24.49"
"10","013","00","001","0112","0009","588","330","258","54","642","1373","0","46.76","24.03"
"10","013","00","001","0113","0000","235","122","113","15","250","459","0","54.47","26.58"
"10","013","00","001","0113","0017","235","122","113","15","250","459","0","54.47","26.58"
"10","013","00","001","0114","0000","396","205","191","29","425","672","0","63.24","30.51"
"10","013","00","001","0114","0018","396","205","191","29","425","672","0","63.24","30.51"
"10","013","00","001","0115","0000","217","118","99","14","231","421","0","54.87","28.03"
"10","013","00","001","0115","0015","217","118","99","14","231","421","0","54.87","28.03"
"10","013","00","001","0116","0000","313","187","126","18","331","569","0","58.17","32.86"
"10","013","00","001","0116","0016","313","187","126","18","331","569","0","58.17","32.86"
"10","013","00","001","0117","0000","145","81","64","15","160","286","0","55.94","28.32"
"10","013","00","001","0117","0014","145","81","64","15","160","286","0","55.94","28.32"
"10","013","00","001","0118","0000","370","189","181","54","424","668","0","63.47","28.29"
"10","013","00","001","0118","0019","370","189","181","54","424","668","0","63.47","28.29"
"10","013","00","001","0119","0000","220","115","105","13","233","411","0","56.69","27.98"
"10","013","00","001","0119","0020","220","115","105","13","233","411","0","56.69","27.98"
"10","013","00","001","0120","0000","802","464","338","77","879","1554","0","56.56","29.86"
"10","013","00","001","0120","0021","396","219","177","46","442","768","0","57.55","28.52"
"10","013","00","001","0120","0022","406","245","161","31","437","786","0","55.6","31.17"
"10","013","00","001","0121","0000","474","287","187","47","521","890","0","58.54","32.25"
"10","013","00","001","0121","0023","474","287","187","47","521","890","0","58.54","32.25"
"10","013","00","001","0122","0000","1010","622","388","76","1086","1911","0","56.83","32.55"
"10","013","00","001","0122","0039","482","291","191","43","525","939","0","55.91","30.99"
"10","013","00","001","0122","0040","528","331","197","33","561","972","0","57.72","34.05"
"10","013","00","001","0123","0000","1333","774","559","121","1454","2517","0","57.77","30.75"
"10","013","00","001","0123","0034","677","393","284","64","741","1258","0","58.9","31.24"
"10","013","00","001","0123","0035","656","381","275","57","713","1259","0","56.63","30.26"
"10","013","00","001","0124","0000","1882","1089","793","125","2007","3556","0","56.44","30.62"
"10","013","00","001","0124","0036","545","312","233","40","585","1076","0","54.37","29.0"
"10","013","00","001","0124","0037","625","376","249","42","667","1162","0","57.4","32.36"
"10","013","00","001","0124","0038","712","401","311","43","755","1318","0","57.28","30.42"
"10","013","00","001","0125","0000","2043","1196","847","139","2182","4039","0","54.02","29.61"
"10","013","00","001","0125","0031","693","412","281","53","746","1297","0","57.52","31.77"
"10","013","00","001","0125","0032","690","423","267","34","724","1361","0","53.2","31.08"
"10","013","00","001","0125","0033","660","361","299","52","712","1381","0","51.56","26.14"
"10","013","00","001","0126","0000","4823","2868","1955","278","5101","9307","0","54.81","30.82"
"10","013","00","001","0126","0024","713","437","276","48","761","1353","0","56.25","32.3"
"10","013","00","001","0126","0025","696","403","293","39","735","1386","0","53.03","29.08"
"10","013","00","001","0126","0026","720","442","278","41","761","1413","0","53.86","31.28"
"10","013","00","001","0126","0027","651","371","280","39","690","1272","0","54.25","29.17"
"10","013","00","001","0126","0028","670","411","259","32","702","1287","0","54.55","31.93"
"10","013","00","001","0126","0029","708","432","276","46","754","1311","0","57.51","32.95"
"10","013","00","001","0126","0030","665","372","293","33","698","1285","0","54.32","28.95"
"10","013","00","001","0127","0000","643","416","227","103","746","1540","0","48.44","27.01"
"10","013","00","001","0127","0047","643","416","227","103","746","1540","0","48.44","27.01"
"10","013","00","001","0128","0000","536","301","235","57","593","1061","0","55.89","28.37"
"10","013","00","001","0128","0046","536","301","235","57","593","1061","0","55.89","28.37"
"10","013","00","001","0129","0000","503","284","219","25","528","1141","0","46.28","24.89"
"10","013","00","001","0129","0048","503","284","219","25","528","1141","0","46.28","24.89"
"10","013","00","001","0130","0000","3549","2155","1394","233","3782","7243","0","52.22","29.75"
"10","013","00","001","0130","0041","816","508","308","45","861","1535","0","56.09","33.09"
"10","013","00","001","0130","0042","642","386","256","48","690","1419","0","48.63","27.2"
"10","013","00","001","0130","0043","641","371","270","32","673","1398","0","48.14","26.54"
"10","013","00","001","0130","0044","675","426","249","71","746","1405","0","53.1","30.32"
"10","013","00","001","0130","0045","775","464","311","37","812","1486","0","54.64","31.22"
"10","013","00","001","0131","0000","2680","1539","1141","250","2930","5428","0","53.98","28.35"
"10","013","00","001","0131","0075","704","414","290","104","808","1485","0","54.41","27.88"
"10","013","00","001","0131","0076","700","426","274","69","769","1387","0","55.44","30.71"
"10","013","00","001","0131","0077","451","268","183","28","479","953","0","50.26","28.12"
"10","013","00","001","0131","0078","825","431","394","49","874","1603","0","54.52","26.89"
"10","013","00","001","0132","0000","251","153","98","36","287","535","0","53.64","28.6"
"10","013","00","001","0132","0079","251","153","98","36","287","535","0","53.64","28.6"
"10","013","00","001","0133","0000","1229","723","506","126","1355","2843","0","47.66","25.43"
"10","013","00","001","0133","0089","517","311","206","30","547","1215","0","45.02","25.6"
"10","013","00","001","0133","0090","712","412","300","96","808","1628","0","49.63","25.31"
"10","013","00","001","0134","0000","426","251","175","62","488","867","0","56.29","28.95"
"10","013","00","001","0134","0086","426","251","175","62","488","867","0","56.29","28.95"
"10","013","00","001","0135","0000","479","288","191","43","522","918","0","56.86","31.37"
"10","013","00","001","0135","0087","479","288","191","43","522","918","0","56.86","31.37"
"10","013","00","001","0136","0000","621","369","252","51","672","1209","0","55.58","30.52"
"10","013","00","001","0136","0091","621","369","252","51","672","1209","0","55.58","30.52"
"10","013","00","001","0137","0000","291","175","116","52","343","663","0","51.73","26.4"
"10","013","00","001","0137","0088","291","175","116","52","343","663","0","51.73","26.4"
"10","013","00","001","0138","0000","676","414","262","24","700","1110","0","63.06","37.3"
"10","013","00","001","0138","0092","676","414","262","24","700","1110","0","63.06","37.3"
"10","013","00","001","0139","0000","299","159","140","22","321","684","0","46.93","23.25"
"10","013","00","001","0139","0093","299","159","140","22","321","684","0","46.93","23.25"
"10","013","00","001","0140","0000","3435","2038","1397","254","3689","7190","0","51.31","28.34"
"10","013","00","001","0140","0094","546","330","216","37","583","1349","0","43.22","24.46"
"10","013","00","001","0140","0095","651","402","249","63","714","1457","0","49.0","27.59"
"10","013","00","001","0140","0096","792","440","352","47","839","1447","0","57.98","30.41"
"10","013","00","001","0140","0097","638","382","256","31","669","1354","0","49.41","28.21"
"10","013","00","001","0140","0098","808","484","324","76","884","1583","0","55.84","30.57"
"10","013","00","001","0141","0000","1216","680","536","37","1253","2503","0","50.06","27.17"
"10","013","00","001","0141","0072","635","340","295","0","635","1284","0","49.45","26.48"
"10","013","00","001","0141","0073","581","340","241","37","618","1219","0","50.7","27.89"
"10","013","00","001","0142","0000","783","450","333","89","872","1544","0","56.48","29.15"
"10","013","00","001","0142","0074","783","450","333","89","872","1544","0","56.48","29.15"
"10","013","00","001","0143","0000","1080","624","456","103","1183","2266","0","52.21","27.54"
"10","013","00","001","0143","0083","569","323","246","46","615","1227","0","50.12","26.32"
"10","013","00","001","0143","0084","511","301","210","57","568","1039","0","54.67","28.97"
"10","013","00","001","0144","0000","690","371","319","104","794","1485","0","53.47","24.98"
"10","013","00","001","0144","0085","690","371","319","104","794","1485","0","53.47","24.98"
"10","013","00","001","0145","0000","542","345","197","46","588","1119","0","52.55","30.83"
"10","013","00","001","0145","0080","542","345","197","46","588","1119","0","52.55","30.83"
"10","013","00","001","0146","0000","905","551","354","112","1017","1770","0","57.46","31.13"
"10","013","00","001","0146","0081","432","278","154","39","471","847","0","55.61","32.82"
"10","013","00","001","0146","0082","473","273","200","73","546","923","0","59.15","29.58"
"10","013","00","001","0147","0000","127","74","53","7","134","391","0","34.27","18.93"
"10","013","00","001","0147","0060","127","74","53","7","134","391","0","34.27","18.93"
"10","013","00","001","0148","0000","117","70","47","4","121","231","0","52.38","30.3"
"10","013","00","001","0148","0063","117","70","47","4","121","231","0","52.38","30.3"
"10","013","00","001","0149","0000","959","565","394","112","1071","1998","0","53.6","28.28"
"10","013","00","001","0149","0064","462","278","184","56","518","945","0","54.81","29.42"
"10","013","00","001","0149","0065","497","287","210","56","553","1053","0","52.52","27.26"
"10","013","00","001","0150","0000","468","269","199","61","529","1043","0","50.72","25.79"
"10","013","00","001","0150","0066","468","269","199","61","529","1043","0","50.72","25.79"
"10","013","00","001","0151","0000","592","350","242","39","631","1205","0","52.37","29.05"
"10","013","00","001","0151","0071","592","350","242","39","631","1205","0","52.37","29.05"
"10","013","00","001","0153","0000","4141","2349","1792","273","4414","8175","0","53.99","28.73"
"10","013","00","001","0153","0052","644","321","323","44","688","1253","0","54.91","25.62"
"10","013","00","001","0153","0053","672","413","259","43","715","1315","0","54.37","31.41"
"10","013","00","001","0153","0054","672","382","290","55","727","1425","0","51.02","26.81"
"10","013","00","001","0153","0055","677","384","293","39","716","1423","0","50.32","26.99"
"10","013","00","001","0153","0056","735","453","282","45","780","1400","0","55.71","32.36"
"10","013","00","001","0153","0057","741","396","345","47","788","1359","0","57.98","29.14"
"10","013","00","001","0154","0000","1341","825","516","181","1522","2922","0","52.09","28.23"
"10","013","00","001","0154","0069","707","440","267","102","809","1468","0","55.11","29.97"
"10","013","00","001","0154","0070","634","385","249","79","713","1454","0","49.04","26.48"
"10","013","00","001","0155","0000","1952","1142","810","137","2089","3996","0","52.28","28.58"
"10","013","00","001","0155","0049","569","329","240","43","612","1247","0","49.08","26.38"
"10","013","00","001","0155","0050","689","404","285","44","733","1446","0","50.69","27.94"
"10","013","00","001","0155","0051","694","409","285","50","744","1303","0","57.1","31.39"
"10","013","00","001","0156","0000","891","524","367","120","1011","1937","0","52.19","27.05"
"10","013","00","001","0156","0067","480","287","193","79","559","1061","0","52.69","27.05"
"10","013","00","001","0156","0068","411","237","174","41","452","876","0","51.6","27.05"
"10","013","00","001","0157","0000","137","88","49","28","165","328","0","50.3","26.83"
"10","013","00","001","0157","0062","137","88","49","28","165","328","0","50.3","26.83"
"10","013","00","001","0158","0000","105","57","48","12","117","200","0","58.5","28.5"
"10","013","00","001","0158","0061","105","57","48","12","117","200","0","58.5","28.5"
"10","013","00","001","0159","0000","916","543","373","53","969","1722","0","56.27","31.53"
"10","013","00","001","0159","0122","435","255","180","29","464","853","0","54.4","29.89"
"10","013","00","001","0159","0123","481","288","193","24","505","869","0","58.11","33.14"
"10","013","00","001","0160","0000","2517","1554","963","159","2676","4870","0","54.95","31.91"
"10","013","00","001","0160","0124","620","379","241","49","669","1169","0","57.23","32.42"
"10","013","00","001","0160","0125","551","334","217","37","588","1058","0","55.58","31.57"
"10","013","00","001","0160","0126","628","382","246","44","672","1344","0","50.0","28.42"
"10","013","00","001","0160","0127","718","459","259","29","747","1299","0","57.51","35.33"
"10","013","00","001","0161","0000","392","234","158","34","426","744","0","57.26","31.45"
"10","013","00","001","0161","0143","392","234","158","34","426","744","0","57.26","31.45"
"10","013","00","001","0162","0000","338","198","140","29","367","678","0","54.13","29.2"
"10","013","00","001","0162","0144","338","198","140","29","367","678","0","54.13","29.2"
"10","013","00","001","0163","0000","372","206","166","28","400","681","0","58.74","30.25"
"10","013","00","001","0163","0145","372","206","166","28","400","681","0","58.74","30.25"
"10","013","00","001","0164","0000","2275","1519","756","140","2415","4705","0","51.33","32.28"
"10","013","00","001","0164","0140","788","572","216","52","840","1491","0","56.34","38.36"
"10","013","00","001","0164","0141","624","400","224","55","679","1411","0","48.12","28.35"
"10","013","00","001","0164","0142","863","547","316","33","896","1803","0","49.69","30.34"
"10","013","00","001","0165","0000","2374","1403","971","132","2506","5541","0","45.23","25.32"
"10","013","00","001","0165","0118","480","281","199","43","523","1683","0","31.08","16.7"
"10","013","00","001","0165","0119","726","447","279","20","746","1497","0","49.83","29.86"
"10","013","00","001","0165","0120","539","281","258","31","570","1129","0","50.49","24.89"
"10","013","00","001","0165","0121","629","394","235","38","667","1232","0","54.14","31.98"
"10","013","00","001","0166","0000","804","467","337","61","865","1920","0","45.05","24.32"
"10","013","00","001","0166","0113","363","213","150","34","397","821","0","48.36","25.94"
"10","013","00","001","0166","0114","441","254","187","27","468","1099","0","42.58","23.11"
"10","013","00","001","0167","0000","1083","639","444","85","1168","2327","0","50.19","27.46"
"10","013","00","001","0167","0128","532","313","219","47","579","1204","0","48.09","26.0"
"10","013","00","001","0167","0129","551","326","225","38","589","1123","0","52.45","29.03"
"10","013","00","001","0168","0000","1218","737","481","105","1323","2404","0","55.03","30.66"
"10","013","00","001","0168","0138","678","413","265","61","739","1289","0","57.33","32.04"
"10","013","00","001","0168","0139","540","324","216","44","584","1115","0","52.38","29.06"
"10","013","00","001","0169","0000","3032","1839","1193","148","3180","6072","0","52.37","30.29"
"10","013","00","001","0169","0133","559","351","208","16","575","1215","0","47.33","28.89"
"10","013","00","001","0169","0134","687","401","286","39","726","1370","0","52.99","29.27"
"10","013","00","001","0169","0135","610","365","245","19","629","1240","0","50.73","29.44"
"10","013","00","001","0169","0136","623","391","232","44","667","1168","0","57.11","33.48"
"10","013","00","001","0169","0137","553","331","222","30","583","1079","0","54.03","30.68"
"10","013","00","001","0170","0000","1173","669","504","93","1266","2172","0","58.29","30.8"
"10","013","00","001","0170","0148","559","320","239","56","615","1018","0","60.41","31.43"
"10","013","00","001","0170","0149","614","349","265","37","651","1154","0","56.41","30.24"
"10","013","00","001","0171","0000","970","546","424","100","1070","2082","0","51.39","26.22"
"10","013","00","001","0171","0116","533","299","234","48","581","1167","0","49.79","25.62"
"10","013","00","001","0171","0117","437","247","190","52","489","915","0","53.44","26.99"
"10","013","00","001","0173","0000","5719","3623","2096","313","6032","11833","0","50.98","30.62"
"10","013","00","001","0173","0099","845","558","287","24","869","1707","0","50.91","32.69"
"10","013","00","001","0173","0100","739","436","303","44","783","1637","0","47.83","26.63"
"10","013","00","001","0173","0101","687","422","265","45","732","1459","0","50.17","28.92"
"10","013","00","001","0173","0102","891","567","324","43","934","1759","0","53.1","32.23"
"10","013","00","001","0173","0103","952","635","317","51","1003","1950","0","51.44","32.56"
"10","013","00","001","0173","0104","860","543","317","63","923","1729","0","53.38","31.41"
"10","013","00","001","0173","0105","745","462","283","43","788","1592","0","49.5","29.02"
"10","013","00","001","0174","0000","810","536","274","58","868","1688","0","51.42","31.75"
"10","013","00","001","0174","0115","810","536","274","58","868","1688","0","51.42","31.75"
"10","013","00","001","0175","0000","5534","3510","2024","275","5809","11483","0","50.59","30.57"
"10","013","00","001","0175","0106","679","425","254","41","720","1437","0","50.1","29.58"
"10","013","00","001","0175","0107","569","355","214","33","602","1204","0","50.0","29.49"
"10","013","00","001","0175","0108","693","441","252","39","732","1340","0","54.63","32.91"
"10","013","00","001","0175","0109","675","391","284","42","717","1322","0","54.24","29.58"
"10","013","00","001","0175","0110","695","439","256","33","728","1462","0","49.79","30.03"
"10","013","00","001","0175","0111","1527","988","539","64","1591","3241","0","49.09","30.48"
"10","013","00","001","0175","0112","696","471","225","23","719","1477","0","48.68","31.89"
"10","013","00","001","0176","0000","539","328","211","45","584","1318","0","44.31","24.89"
"10","013","00","001","0176","0130","539","328","211","45","584","1318","0","44.31","24.89"
"10","013","00","001","0177","0000","460","278","182","57","517","865","0","59.77","32.14"
"10","013","00","001","0177","0131","460","278","182","57","517","865","0","59.77","32.14"
"10","013","00","001","0178","0000","443","257","186","32","475","1100","0","43.18","23.36"
"10","013","00","001","0178","0132","443","257","186","32","475","1100","0","43.18","23.36"
"10","013","00","001","0179","0000","467","280","187","72","539","954","0","56.5","29.35"
"10","013","00","001","0179","0147","467","280","187","72","539","954","0","56.5","29.35"
"10","013","00","001","0180","0000","618","346","272","45","663","1535","0","43.19","22.54"
"10","013","00","001","0180","0146","618","346","272","45","663","1535","0","43.19","22.54"
"10","013","00","001","0181","0000","1428","925","503","93","1521","2867","0","53.05","32.26"
"10","013","00","001","0181","0058","663","446","217","52","715","1328","0","53.84","33.58"
"10","013","00","001","0181","0059","765","479","286","41","806","1539","0","52.37","31.12"
"10","013","00","002","0000","0000","22035","12945","9090","2015","24050","46444","53924","51.78","27.87"
"10","013","00","002","0201","0000","267","153","114","38","305","504","0","60.52","30.36"
"10","013","00","002","0201","0150","267","153","114","38","305","504","0","60.52","30.36"
"10","013","00","002","0202","0000","326","180","146","50","376","603","0","62.35","29.85"
"10","013","00","002","0202","0154","326","180","146","50","376","603","0","62.35","29.85"
"10","013","00","002","0203","0000","682","363","319","2","684","1245","0","54.94","29.16"
"10","013","00","002","0203","0170","682","363","319","2","684","1245","0","54.94","29.16"
"10","013","00","002","0204","0000","502","260","242","47","549","972","0","56.48","26.75"
"10","013","00","002","0204","0169","502","260","242","47","549","972","0","56.48","26.75"
"10","013","00","002","0205","0000","2183","1316","867","130","2313","4759","0","48.6","27.65"
"10","013","00","002","0205","0151","752","448","304","57","809","1711","0","47.28","26.18"
"10","013","00","002","0205","0152","813","503","310","34","847","1634","0","51.84","30.78"
"10","013","00","002","0205","0153","618","365","253","39","657","1414","0","46.46","25.81"
"10","013","00","002","0206","0000","415","254","161","73","488","896","0","54.46","28.35"
"10","013","00","002","0206","0155","415","254","161","73","488","896","0","54.46","28.35"
"10","013","00","002","0207","0000","2625","1532","1093","240","2865","5309","0","53.96","28.86"
"10","013","00","002","0207","0156","613","354","259","63","676","1285","0","52.61","27.55"
"10","013","00","002","0207","0157","803","477","326","66","869","1744","0","49.83","27.35"
"10","013","00","002","0207","0158","567","326","241","48","615","1071","0","57.42","30.44"
"10","013","00","002","0207","0159","642","375","267","63","705","1209","0","58.31","31.02"
"10","013","00","002","0208","0000","3187","1849","1338","286","3473","6490","0","53.51","28.49"
"10","013","00","002","0208","0160","556","327","229","55","611","1159","0","52.72","28.21"
"10","013","00","002","0208","0161","601","348","253","58","659","1296","0","50.85","26.85"
"10","013","00","002","0208","0162","735","446","289","53","788","1466","0","53.75","30.42"
"10","013","00","002","0208","0163","584","292","292","62","646","1130","0","57.17","25.84"
"10","013","00","002","0208","0164","711","436","275","58","769","1439","0","53.44","30.3"
"10","013","00","002","0209","0000","1128","710","418","97","1225","2122","0","57.73","33.46"
"10","013","00","002","0209","0165","484","266","218","47","531","897","0","59.2","29.65"
"10","013","00","002","0209","0166","644","444","200","50","694","1225","0","56.65","36.24"
"10","013","00","002","0210","0000","685","412","273","65","750","1415","0","53.0","29.12"
"10","013","00","002","0210","0171","685","412","273","65","750","1415","0","53.0","29.12"
"10","013","00","002","0211","0000","916","533","383","55","971","2313","0","41.98","23.04"
"10","013","00","002","0211","0172","534","290","244","25","559","1255","0","44.54","23.11"
"10","013","00","002","0211","0173","382","243","139","30","412","1058","0","38.94","22.97"
"10","013","00","002","0212","0000","1109","636","473","115","1224","2270","0","53.92","28.02"
"10","013","00","002","0212","0174","573","328","245","40","613","1187","0","51.64","27.63"
"10","013","00","002","0212","0175","536","308","228","75","611","1083","0","56.42","28.44"
"10","013","00","002","0213","0000","3412","2043","1369","268","3680","7022","0","52.41","29.09"
"10","013","00","002","0213","0176","706","392","314","47","753","1590","0","47.36","24.65"
"10","013","00","002","0213","0177","763","467","296","77","840","1543","0","54.44","30.27"
"10","013","00","002","0213","0178","745","452","293","67","812","1631","0","49.79","27.71"
"10","013","00","002","0213","0179","620","394","226","41","661","1159","0","57.03","33.99"
"10","013","00","002","0213","0180","578","338","240","36","614","1099","0","55.87","30.76"
"10","013","00","002","0214","0000","544","331","213","51","595","1200","0","49.58","27.58"
"10","013","00","002","0214","0181","544","331","213","51","595","1200","0","49.58","27.58"
"10","013","00","002","0215","0000","633","388","245","71","704","1391","0","50.61","27.89"
"10","013","00","002","0215","0182","633","388","245","71","704","1391","0","50.61","27.89"
"10","013","00","002","0216","0000","437","254","183","65","502","881","0","56.98","28.83"
"10","013","00","002","0216","0183","437","254","183","65","502","881","0","56.98","28.83"
"10","013","00","002","0217","0000","173","106","67","25","198","454","0","43.61","23.35"
"10","013","00","002","0217","0184","173","106","67","25","198","454","0","43.61","23.35"
"10","013","00","002","0218","0000","705","428","277","97","802","1639","0","48.93","26.11"
"10","013","00","002","0218","0167","530","328","202","55","585","1158","0","50.52","28.32"
"10","013","00","002","0218","0168","175","100","75","42","217","481","0","45.11","20.79"
"10","013","00","002","0219","0000","779","422","357","101","880","1658","0","53.08","25.45"
"10","013","00","002","0219","0185","779","422","357","101","880","1658","0","53.08","25.45"
"10","013","00","002","0220","0000","734","441","293","60","794","1770","0","44.86","24.92"
"10","013","00","002","0220","0186","348","212","136","42","390","822","0","47.45","25.79"
"10","013","00","002","0220","0187","386","229","157","18","404","948","0","42.62","24.16"
"10","013","00","002","0221","0000","593","334","259","79","672","1531","0","43.89","21.82"
"10","013","00","002","0221","0188","445","250","195","36","481","1194","0","40.28","20.94"
"10","013","00","002","0221","0189","148","84","64","43","191","337","0","56.68","24.93"
"10","013","00","003","0000","0000","18289","10468","7821","2619","20908","39495","47654","52.94","26.5"
"10","013","00","003","0301","0000","1098","607","491","131","1229","2051","0","59.92","29.6"
"10","013","00","003","0301","0190","527","294","233","69","596","981","0","60.75","29.97"
"10","013","00","003","0301","0191","571","313","258","62","633","1070","0","59.16","29.25"
"10","013","00","003","0302","0000","289","177","112","54","343","527","0","65.09","33.59"
"10","013","00","003","0302","0192","289","177","112","54","343","527","0","65.09","33.59"
"10","013","00","003","0303","0000","208","109","99","31","239","395","0","60.51","27.59"
"10","013","00","003","0303","0193","208","109","99","31","239","395","0","60.51","27.59"
"10","013","00","003","0304","0000","290","151","139","48","338","659","0","51.29","22.91"
"10","013","00","003","0304","0194","290","151","139","48","338","659","0","51.29","22.91"
"10","013","00","003","0305","0000","247","140","107","31","278","513","0","54.19","27.29"
"10","013","00","003","0305","0195","247","140","107","31","278","513","0","54.19","27.29"
"10","013","00","003","0306","0000","348","199","149","45","393","695","0","56.55","28.63"
"10","013","00","003","0306","0203","348","199","149","45","393","695","0","56.55","28.63"
"10","013","00","003","0307","0000","795","454","341","158","953","1643","0","58.0","27.63"
"10","013","00","003","0307","0204","543","318","225","117","660","1076","0","61.34","29.55"
"10","013","00","003","0307","0205","252","136","116","41","293","567","0","51.68","23.99"
"10","013","00","003","0308","0000","370","220","150","47","417","806","0","51.74","27.3"
"10","013","00","003","0308","0206","370","220","150","47","417","806","0","51.74","27.3"
"10","013","00","003","0309","0000","595","336","259","88","683","1227","0","55.66","27.38"
"10","013","00","003","0309","0207","595","336","259","88","683","1227","0","55.66","27.38"
"10","013","00","003","0310","0000","269","151","118","55","324","599","0","54.09","25.21"
"10","013","00","003","0310","0208","269","151","118","55","324","599","0","54.09","25.21"
"10","013","00","003","0311","0000","493","301","192","59","552","1354","0","40.77","22.23"
"10","013","00","003","0311","0209","493","301","192","59","552","1354","0","40.77","22.23"
"10","013","00","003","0312","0000","819","468","351","205","1024","1841","0","55.62","25.42"
"10","013","00","003","0312","0210","327","187","140","62","389","734","0","53.0","25.48"
"10","013","00","003","0312","0211","492","281","211","143","635","1107","0","57.36","25.38"
"10","013","00","003","0313","0000","1171","707","464","238","1409","2812","0","50.11","25.14"
"10","013","00","003","0313","0212","488","300","188","103","591","1198","0","49.33","25.04"
"10","013","00","003","0313","0213","683","407","276","135","818","1614","0","50.68","25.22"
"10","013","00","003","0314","0000","805","380","425","133","938","1738","0","53.97","21.86"
"10","013","00","003","0314","0214","370","195","175","53","423","826","0","51.21","23.61"
"10","013","00","003","0314","0215","435","185","250","80","515","912","0","56.47","20.29"
"10","013","00","003","0315","0000","746","431","315","161","907","1636","0","55.44","26.34"
"10","013","00","003","0315","0216","181","85","96","42","223","432","0","51.62","19.68"
"10","013","00","003","0315","0217","565","346","219","119","684","1204","0","56.81","28.74"
"10","013","00","003","0316","0000","2536","1468","1068","254","2790","5318","0","52.46","27.6"
"10","013","00","003","0316","0218","641","370","271","83","724","1304","0","55.52","28.37"
"10","013","00","003","0316","0219","686","404","282","82","768","1317","0","58.31","30.68"
"10","013","00","003","0316","0220","655","382","273","49","704","1387","0","50.76","27.54"
"10","013","00","003","0316","0221","554","312","242","40","594","1310","0","45.34","23.82"
"10","013","00","003","0317","0000","854","499","355","117","971","1994","0","48.7","25.03"
"10","013","00","003","0317","0222","535","318","217","62","597","1228","0","48.62","25.9"
"10","013","00","003","0317","0223","319","181","138","55","374","766","0","48.83","23.63"
"10","013","00","003","0318","0000","646","384","262","101","747","1578","0","47.34","24.33"
"10","013","00","003","0318","0224","401","226","175","73","474","823","0","57.59","27.46"
"10","013","00","003","0318","0225","245","158","87","28","273","755","0","36.16","20.93"
"10","013","00","003","0319","0000","4286","2440","1846","467","4753","8957","0","53.06","27.24"
"10","013","00","003","0319","0196","806","488","318","80","886","1732","0","51.15","28.18"
"10","013","00","003","0319","0197","884","484","400","64","948","1779","0","53.29","27.21"
"10","013","00","003","0319","0198","588","360","228","58","646","1270","0","50.87","28.35"
"10","013","00","003","0319","0199","617","348","269","79","696","1327","0","52.45","26.22"
"10","013","00","003","0319","0200","616","319","297","78","694","1242","0","55.88","25.68"
"10","013","00","003","0319","0201","775","441","334","108","883","1607","0","54.95","27.44"
"10","013","00","003","0320","0000","575","336","239","53","628","1305","0","48.12","25.75"
"10","013","00","003","0320","0202","575","336","239","53","628","1305","0","48.12","25.75"
"10","013","00","003","0321","0000","509","292","217","112","621","1094","0","56.76","26.69"
"10","013","00","003","0321","0226","509","292","217","112","621","1094","0","56.76","26.69"
"10","013","00","003","0322","0000","340","218","122","31","371","753","0","49.27","28.95"
"10","013","00","003","0322","0227","340","218","122","31","371","753","0","49.27","28.95"
"10","013","00","004","0000","0000","10924","6226","4698","960","11884","25661","30812","46.31","24.26"
"10","013","00","004","0401","0000","401","196","205","37","438","902","0","48.56","21.73"
"10","013","00","004","0401","0228","401","196","205","37","438","902","0","48.56","21.73"
"10","013","00","004","0402","0000","1100","607","493","83","1183","2249","0","52.6","26.99"
"10","013","00","004","0402","0229","517","273","244","37","554","969","0","57.17","28.17"
"10","013","00","004","0402","0230","583","334","249","46","629","1280","0","49.14","26.09"
"10","013","00","004","0403","0000","572","340","232","35","607","1133","0","53.57","30.01"
"10","013","00","004","0403","0231","572","340","232","35","607","1133","0","53.57","30.01"
"10","013","00","004","0404","0000","1793","1023","770","134","1927","4159","0","46.33","24.6"
"10","013","00","004","0404","0246","667","377","290","40","707","1505","0","46.98","25.05"
"10","013","00","004","0404","0247","476","279","197","41","517","1111","0","46.53","25.11"
"10","013","00","004","0404","0248","650","367","283","53","703","1543","0","45.56","23.78"
"10","013","00","004","0405","0000","1163","680","483","83","1246","3037","0","41.03","22.39"
"10","013","00","004","0405","0232","605","374","231","22","627","1552","0","40.4","24.1"
"10","013","00","004","0405","0233","558","306","252","61","619","1485","0","41.68","20.61"
"10","013","00","004","0406","0000","445","244","201","35","480","896","0","53.57","27.23"
"10","013","00","004","0406","0234","445","244","201","35","480","896","0","53.57","27.23"
"10","013","00","004","0407","0000","218","132","86","29","247","531","0","46.52","24.86"
"10","013","00","004","0407","0235","218","132","86","29","247","531","0","46.52","24.86"
"10","013","00","004","0408","0000","200","116","84","13","213","478","0","44.56","24.27"
"10","013","00","004","0408","0236","200","116","84","13","213","478","0","44.56","24.27"
"10","013","00","004","0409","0000","450","267","183","39","489","1020","0","47.94","26.18"
"10","013","00","004","0409","0237","450","267","183","39","489","1020","0","47.94","26.18"
"10","013","00","004","0410","0000","416","220","196","24","440","924","0","47.62","23.81"
"10","013","00","004","0410","0238","416","220","196","24","440","924","0","47.62","23.81"
"10","013","00","004","0411","0000","428","254","174","21","449","1079","0","41.61","23.54"
"10","013","00","004","0411","0239","428","254","174","21","449","1079","0","41.61","23.54"
"10","013","00","004","0412","0000","636","389","247","88","724","1588","0","45.59","24.5"
"10","013","00","004","0412","0240","259","150","109","29","288","775","0","37.16","19.35"
"10","013","00","004","0412","0241","377","239","138","59","436","813","0","53.63","29.4"
"10","013","00","004","0413","0000","901","516","385","112","1013","2214","0","45.75","23.31"
"10","013","00","004","0413","0242","468","276","192","53","521","1104","0","47.19","25.0"
"10","013","00","004","0413","0243","433","240","193","59","492","1110","0","44.32","21.62"
"10","013","00","004","0414","0000","457","259","198","81","538","1400","0","38.43","18.5"
"10","013","00","004","0414","0244","226","127","99","71","297","692","0","42.92","18.35"
"10","013","00","004","0414","0245","231","132","99","10","241","708","0","34.04","18.64"
"10","013","00","004","0415","0000","714","407","307","55","769","1672","0","45.99","24.34"
"10","013","00","004","0415","0249","306","180","126","22","328","828","0","39.61","21.74"
"10","013","00","004","0415","0250","408","227","181","33","441","844","0","52.25","26.9"
"10","013","00","004","0416","0000","560","311","249","48","608","1253","0","48.52","24.82"
"10","013","00","004","0416","0251","560","311","249","48","608","1253","0","48.52","24.82"
"10","013","00","004","0417","0000","470","265","205","43","513","1126","0","45.56","23.53"
"10","013","00","004","0417","0252","470","265","205","43","513","1126","0","45.56","23.53"
"10","013","00","005","0000","0000","20354","11618","8736","2563","22917","43478","50595","52.71","26.72"
"10","013","00","005","0501","0000","331","203","128","27","358","595","0","60.17","34.12"
"10","013","00","005","0501","0267","331","203","128","27","358","595","0","60.17","34.12"
"10","013","00","005","0502","0000","440","247","193","46","486","847","0","57.38","29.16"
"10","013","00","005","0502","0262","440","247","193","46","486","847","0","57.38","29.16"
"10","013","00","005","0503","0000","1628","953","675","167","1795","3458","0","51.91","27.56"
"10","013","00","005","0503","0263","525","307","218","56","581","1149","0","50.57","26.72"
"10","013","00","005","0503","0264","551","317","234","54","605","1131","0","53.49","28.03"
"10","013","00","005","0503","0265","552","329","223","57","609","1178","0","51.7","27.93"
"10","013","00","005","0504","0000","390","196","194","36","426","711","0","59.92","27.57"
"10","013","00","005","0504","0266","390","196","194","36","426","711","0","59.92","27.57"
"10","013","00","005","0505","0000","742","255","487","63","805","1403","0","57.38","18.18"
"10","013","00","005","0505","0268","742","255","487","63","805","1403","0","57.38","18.18"
"10","013","00","005","0506","0000","1088","609","479","93","1181","2252","0","52.44","27.04"
"10","013","00","005","0506","0269","505","291","214","35","540","1094","0","49.36","26.6"
"10","013","00","005","0506","0270","583","318","265","58","641","1158","0","55.35","27.46"
"10","013","00","005","0507","0000","1022","562","460","141","1163","2025","0","57.43","27.75"
"10","013","00","005","0507","0271","515","290","225","83","598","963","0","62.1","30.11"
"10","013","00","005","0507","0272","507","272","235","58","565","1062","0","53.2","25.61"
"10","013","00","005","0508","0000","788","453","335","99","887","1684","0","52.67","26.9"
"10","013","00","005","0508","0273","788","453","335","99","887","1684","0","52.67","26.9"
"10","013","00","005","0509","0000","1172","703","469","166","1338","2250","0","59.47","31.24"
"10","013","00","005","0509","0290","535","322","213","89","624","1023","0","61.0","31.48"
"10","013","00","005","0509","0291","637","381","256","77","714","1227","0","58.19","31.05"
"10","013","00","005","0510","0000","469","251","218","56","525","976","0","53.79","25.72"
"10","013","00","005","0510","0275","469","251","218","56","525","976","0","53.79","25.72"
"10","013","00","005","0511","0000","831","440","391","106","937","1860","0","50.38","23.66"
"10","013","00","005","0511","0276","488","289","199","67","555","1013","0","54.79","28.53"
"10","013","00","005","0511","0277","343","151","192","39","382","847","0","45.1","17.83"
"10","013","00","005","0512","0000","767","469","298","145","912","1570","0","58.09","29.87"
"10","013","00","005","0512","0278","767","469","298","145","912","1570","0","58.09","29.87"
"10","013","00","005","0513","0000","599","363","236","93","692","1411","0","49.04","25.73"
"10","013","00","005","0513","0279","599","363","236","93","692","1411","0","49.04","25.73"
"10","013","00","005","0514","0000","381","221","160","65","446","804","0","55.47","27.49"
"10","013","00","005","0514","0282","381","221","160","65","446","804","0","55.47","27.49"
"10","013","00","005","0515","0000","593","343","250","103","696","1284","0","54.21","26.71"
"10","013","00","005","0515","0283","593","343","250","103","696","1284","0","54.21","26.71"
"10","013","00","005","0516","0000","636","378","258","65","701","1430","0","49.02","26.43"
"10","013","00","005","0516","0284","636","378","258","65","701","1430","0","49.02","26.43"
"10","013","00","005","0517","0000","514","319","195","82","596","960","0","62.08","33.23"
"10","013","00","005","0517","0285","514","319","195","82","596","960","0","62.08","33.23"
"10","013","00","005","0518","0000","980","534","446","144","1124","1944","0","57.82","27.47"
"10","013","00","005","0518","0286","418","237","181","57","475","786","0","60.43","30.15"
"10","013","00","005","0518","0287","562","297","265","87","649","1158","0","56.04","25.65"
"10","013","00","005","0519","0000","679","413","266","94","773","1666","0","46.4","24.79"
"10","013","00","005","0519","0289","679","413","266","94","773","1666","0","46.4","24.79"
"10","013","00","005","0520","0000","623","358","265","80","703","1647","0","42.68","21.74"
"10","013","00","005","0520","0288","623","358","265","80","703","1647","0","42.68","21.74"
"10","013","00","005","0521","0000","756","466","290","44","800","1702","0","47.0","27.38"
"10","013","00","005","0521","0274","756","466","290","44","800","1702","0","47.0","27.38"
"10","013","00","005","0522","0000","900","507","393","119","1019","2096","0","48.62","24.19"
"10","013","00","005","0522","0254","502","300","202","67","569","1147","0","49.61","26.16"
"10","013","00","005","0522","0255","398","207","191","52","450","949","0","47.42","21.81"
"10","013","00","005","0523","0000","600","351","249","52","652","1527","0","42.7","22.99"
"10","013","00","005","0523","0253","600","351","249","52","652","1527","0","42.7","22.99"
"10","013","00","005","0524","0000","513","303","210","90","603","1046","0","57.65","28.97"
"10","013","00","005","0524","0280","513","303","210","90","603","1046","0","57.65","28.97"
"10","013","00","005","0525","0000","852","485","367","60","912","2012","0","45.33","24.11"
"10","013","00","005","0525","0256","442","261","181","36","478","990","0","48.28","26.36"
"10","013","00","005","0525","0257","410","224","186","24","434","1022","0","42.47","21.92"
"10","013","00","005","0526","0000","603","346","257","48","651","1385","0","47.0","24.98"
"10","013","00","005","0526","0281","603","346","257","48","651","1385","0","47.0","24.98"
"10","013","00","005","0527","0000","569","357","212","110","679","1159","0","58.58","30.8"
"10","013","00","005","0527","0259","569","357","212","110","679","1159","0","58.58","30.8"
"10","013","00","005","0528","0000","410","238","172","84","494","837","0","59.02","28.43"
"10","013","00","005","0528","0260","410","238","172","84","494","837","0","59.02","28.43"
"10","013","00","005","0529","0000","300","175","125","67","367","545","0","67.34","32.11"
"10","013","00","005","0529","0258","300","175","125","67","367","545","0","67.34","32.11"
"10","013","00","005","0530","0000","178","120","58","18","196","392","0","50.0","30.61"
"10","013","00","005","0530","0261","178","120","58","18","196","392","0","50.0","30.61"
"10","013","00","006","0000","0000","12629","7444","5185","1651","14280","26256","29714","54.39","28.35"
"10","013","00","006","0601","0000","1285","756","529","157","1442","2632","0","54.79","28.72"
"10","013","00","006","0601","0292","495","291","204","71","566","1018","0","55.6","28.59"
"10","013","00","006","0601","0293","790","465","325","86","876","1614","0","54.28","28.81"
"10","013","00","006","0602","0000","1790","1181","609","174","1964","3555","0","55.25","33.22"
"10","013","00","006","0602","0294","944","559","385","100","1044","1848","0","56.49","30.25"
"10","013","00","006","0602","0295","846","622","224","74","920","1707","0","53.9","36.44"
"10","013","00","006","0603","0000","1013","506","507","98","1111","1961","0","56.65","25.8"
"10","013","00","006","0603","0296","514","319","195","34","548","972","0","56.38","32.82"
"10","013","00","006","0603","0297","499","187","312","64","563","989","0","56.93","18.91"
"10","013","00","006","0604","0000","1205","684","521","132","1337","2548","0","52.47","26.84"
"10","013","00","006","0604","0298","382","212","170","62","444","735","0","60.41","28.84"
"10","013","00","006","0604","0299","823","472","351","70","893","1813","0","49.26","26.03"
"10","013","00","006","0605","0000","596","348","248","55","651","1073","0","60.67","32.43"
"10","013","00","006","0605","0300","596","348","248","55","651","1073","0","60.67","32.43"
"10","013","00","006","0606","0000","439","262","177","65","504","884","0","57.01","29.64"
"10","013","00","006","0606","0305","439","262","177","65","504","884","0","57.01","29.64"
"10","013","00","006","0607","0000","536","292","244","75","611","1090","0","56.06","26.79"
"10","013","00","006","0607","0306","536","292","244","75","611","1090","0","56.06","26.79"
"10","013","00","006","0608","0000","709","413","296","99","808","1492","0","54.16","27.68"
"10","013","00","006","0608","0304","709","413","296","99","808","1492","0","54.16","27.68"
"10","013","00","006","0609","0000","796","528","268","83","879","1654","0","53.14","31.92"
"10","013","00","006","0609","0301","796","528","268","83","879","1654","0","53.14","31.92"
"10","013","00","006","0610","0000","603","335","268","72","675","1205","0","56.02","27.8"
"10","013","00","006","0610","0302","603","335","268","72","675","1205","0","56.02","27.8"
"10","013","00","006","0611","0000","384","226","158","48","432","758","0","56.99","29.82"
"10","013","00","006","0611","0303","384","226","158","48","432","758","0","56.99","29.82"
"10","013","00","006","0612","0000","1025","566","459","144","1169","2401","0","48.69","23.57"
"10","013","00","006","0612","0311","579","307","272","119","698","1242","0","56.2","24.72"
"10","013","00","006","0612","0312","446","259","187","25","471","1159","0","40.64","22.35"
"10","013","00","006","0613","0000","804","472","332","190","994","1770","0","56.16","26.67"
"10","013","00","006","0613","0308","396","233","163","67","463","845","0","54.79","27.57"
"10","013","00","006","0613","0309","408","239","169","123","531","925","0","57.41","25.84"
"10","013","00","006","0614","0000","571","356","215","114","685","1422","0","48.17","25.04"
"10","013","00","006","0614","0307","571","356","215","114","685","1422","0","48.17","25.04"
"10","013","00","006","0615","0000","510","304","206","106","616","1138","0","54.13","26.71"
"10","013","00","006","0615","0310","510","304","206","106","616","1138","0","54.13","26.71"
"10","013","00","006","0616","0000","363","215","148","39","402","673","0","59.73","31.95"
"10","013","00","006","0616","0313","363","215","148","39","402","673","0","59.73","31.95"
"10","013","00","007","0000","0000","5174","2935","2239","450","5624","9970","11068","56.41","29.44"
"10","013","00","007","0701","0000","1161","671","490","84","1245","2174","0","57.27","30.86"
"10","013","00","007","0701","0314","394","217","177","51","445","788","0","56.47","27.54"
"10","013","00","007","0701","0315","767","454","313","33","800","1386","0","57.72","32.76"
"10","013","00","007","0702","0000","526","304","222","58","584","957","0","61.02","31.77"
"10","013","00","007","0702","0316","526","304","222","58","584","957","0","61.02","31.77"
"10","013","00","007","0703","0000","847","472","375","103","950","1537","0","61.81","30.71"
"10","013","00","007","0703","0317","400","219","181","46","446","731","0","61.01","29.96"
"10","013","00","007","0703","0318","447","253","194","57","504","806","0","62.53","31.39"
"10","013","00","007","0704","0000","1284","711","573","103","1387","2547","0","54.46","27.92"
"10","013","00","007","0704","0319","548","302","246","23","571","1207","0","47.31","25.02"
"10","013","00","007","0704","0320","736","409","327","80","816","1340","0","60.9","30.52"
"10","013","00","007","0705","0000","642","367","275","66","708","1221","0","57.99","30.06"
"10","013","00","007","0705","0321","642","367","275","66","708","1221","0","57.99","30.06"
"10","013","00","007","0706","0000","405","237","168","22","427","851","0","50.18","27.85"
"10","013","00","007","0706","0322","405","237","168","22","427","851","0","50.18","27.85"
"10","013","00","007","0707","0000","309","173","136","14","323","683","0","47.29","25.33"
"10","013","00","007","0707","0323","309","173","136","14","323","683","0","47.29","25.33"
"10","013","00","008","0000","0000","8999","5096","3903","1365","10364","19132","22095","54.17","26.64"
"10","013","00","008","0801","0000","742","342","400","100","842","1491","0","56.47","22.94"
"10","013","00","008","0801","0324","742","342","400","100","842","1491","0","56.47","22.94"
"10","013","00","008","0802","0000","656","380","276","81","737","1375","0","53.6","27.64"
"10","013","00","008","0802","0325","656","380","276","81","737","1375","0","53.6","27.64"
"10","013","00","008","0803","0000","730","427","303","69","799","1678","0","47.62","25.45"
"10","013","00","008","0803","0326","730","427","303","69","799","1678","0","47.62","25.45"
"10","013","00","008","0804","0000","507","296","211","46","553","1276","0","43.34","23.2"
"10","013","00","008","0804","0328","507","296","211","46","553","1276","0","43.34","23.2"
"10","013","00","008","0805","0000","590","333","257","89","679","1166","0","58.23","28.56"
"10","013","00","008","0805","0327","590","333","257","89","679","1166","0","58.23","28.56"
"10","013","00","008","0806","0000","720","401","319","108","828","1600","0","51.75","25.06"
"10","013","00","008","0806","0334","720","401","319","108","828","1600","0","51.75","25.06"
"10","013","00","008","0807","0000","850","448","402","188","1038","1792","0","57.92","25.0"
"10","013","00","008","0807","0336","850","448","402","188","1038","1792","0","57.92","25.0"
"10","013","00","008","0808","0000","591","328","263","90","681","1248","0","54.57","26.28"
"10","013","00","008","0808","0335","591","328","263","90","681","1248","0","54.57","26.28"
"10","013","00","008","0809","0000","694","433","261","123","817","1482","0","55.13","29.22"
"10","013","00","008","0809","0337","694","433","261","123","817","1482","0","55.13","29.22"
"10","013","00","008","0810","0000","2057","1223","834","353","2410","4414","0","54.6","27.71"
"10","013","00","008","0810","0331","329","190","139","74","403","649","0","62.1","29.28"
"10","013","00","008","0810","0332","920","553","367","172","1092","1999","0","54.63","27.66"
"10","013","00","008","0810","0333","808","480","328","107","915","1766","0","51.81","27.18"
"10","013","00","008","0811","0000","862","485","377","118","980","1610","0","60.87","30.12"
"10","013","00","008","0811","0329","509","273","236","74","583","1033","0","56.44","26.43"
"10","013","00","008","0811","0330","353","212","141","44","397","577","0","68.8","36.74"
"10","013","00","009","0000","0000","10601","5945","4656","1515","12116","22128","26092","54.75","26.87"
"10","013","00","009","0901","0000","1517","896","621","187","1704","3032","0","56.2","29.55"
"10","013","00","009","0901","0338","826","492","334","90","916","1552","0","59.02","31.7"
"10","013","00","009","0901","0339","691","404","287","97","788","1480","0","53.24","27.3"
"10","013","00","009","0902","0000","595","300","295","72","667","1127","0","59.18","26.62"
"10","013","00","009","0902","0342","595","300","295","72","667","1127","0","59.18","26.62"
"10","013","00","009","0903","0000","441","249","192","57","498","845","0","58.93","29.47"
"10","013","00","009","0903","0343","441","249","192","57","498","845","0","58.93","29.47"
"10","013","00","009","0904","0000","617","360","257","68","685","1282","0","53.43","28.08"
"10","013","00","009","0904","0344","617","360","257","68","685","1282","0","53.43","28.08"
"10","013","00","009","0905","0000","1011","576","435","157","1168","2012","0","58.05","28.63"
"10","013","00","009","0905","0345","490","281","209","79","569","981","0","58.0","28.64"
"10","013","00","009","0905","0346","521","295","226","78","599","1031","0","58.1","28.61"
"10","013","00","009","0906","0000","669","390","279","125","794","1423","0","55.8","27.41"
"10","013","00","009","0906","0347","669","390","279","125","794","1423","0","55.8","27.41"
"10","013","00","009","0907","0000","624","324","300","61","685","1534","0","44.65","21.12"
"10","013","00","009","0907","0340","624","324","300","61","685","1534","0","44.65","21.12"
"10","013","00","009","0908","0000","721","413","308","131","852","1578","0","53.99","26.17"
"10","013","00","009","0908","0341","721","413","308","131","852","1578","0","53.99","26.17"
"10","013","00","009","0909","0000","762","385","377","104","866","1566","0","55.3","24.58"
"10","013","00","009","0909","0348","137","73","64","29","166","363","0","45.73","20.11"
"10","013","00","009","0909","0349","625","312","313","75","700","1203","0","58.19","25.94"
"10","013","00","009","0910","0000","1140","634","506","159","1299","2411","0","53.88","26.3"
"10","013","00","009","0910","0350","554","294","260","83","637","1027","0","62.03","28.63"
"10","013","00","009","0910","0351","586","340","246","76","662","1384","0","47.83","24.57"
"10","013","00","009","0911","0000","974","581","393","118","1092","2034","0","53.69","28.56"
"10","013","00","009","0911","0352","688","406","282","96","784","1512","0","51.85","26.85"
"10","013","00","009","0911","0353","286","175","111","22","308","522","0","59.0","33.52"
"10","013","00","009","0912","0000","820","444","376","167","987","1829","0","53.96","24.28"
"10","013","00","009","0912","0354","388","210","178","71","459","822","0","55.84","25.55"
"10","013","00","009","0912","0355","432","234","198","96","528","1007","0","52.43","23.24"
"10","013","00","009","0913","0000","460","244","216","77","537","956","0","56.17","25.52"
"10","013","00","009","0913","0356","460","244","216","77","537","956","0","56.17","25.52"
"10","013","00","009","0914","0000","250","149","101","32","282","499","0","56.51","29.86"
"10","013","00","009","0914","0357","250","149","101","32","282","499","0","56.51","29.86"
"10","013","00","010","0000","0000","10148","6046","4102","1231","11379","22402","25740","50.79","26.99"
"10","013","00","010","1001","0000","1340","736","604","178","1518","3148","0","48.22","23.38"
"10","013","00","010","1001","0370","639","359","280","50","689","1598","0","43.12","22.47"
"10","013","00","010","1001","0371","701","377","324","128","829","1550","0","53.48","24.32"
"10","013","00","010","1002","0000","1263","776","487","108","1371","2832","0","48.41","27.4"
"10","013","00","010","1002","0365","675","408","267","35","710","1367","0","51.94","29.85"
"10","013","00","010","1002","0366","588","368","220","73","661","1465","0","45.12","25.12"
"10","013","00","010","1003","0000","827","495","332","78","905","1850","0","48.92","26.76"
"10","013","00","010","1003","0358","441","266","175","42","483","951","0","50.79","27.97"
"10","013","00","010","1003","0359","386","229","157","36","422","899","0","46.94","25.47"
"10","013","00","010","1004","0000","1026","596","430","85","1111","2357","0","47.14","25.29"
"10","013","00","010","1004","0360","454","264","190","35","489","1116","0","43.82","23.66"
"10","013","00","010","1004","0361","572","332","240","50","622","1241","0","50.12","26.75"
"10","013","00","010","1005","0000","794","511","283","97","891","1732","0","51.44","29.5"
"10","013","00","010","1005","0362","338","210","128","50","388","770","0","50.39","27.27"
"10","013","00","010","1005","0363","456","301","155","47","503","962","0","52.29","31.29"
"10","013","00","010","1006","0000","569","323","246","62","631","1041","0","60.61","31.03"
"10","013","00","010","1006","0364","569","323","246","62","631","1041","0","60.61","31.03"
"10","013","00","010","1007","0000","756","452","304","56","812","1852","0","43.84","24.41"
"10","013","00","010","1007","0367","365","218","147","53","418","894","0","46.76","24.38"
"10","013","00","010","1007","0368","391","234","157","3","394","958","0","41.13","24.43"
"10","013","00","010","1008","0000","273","165","108","35","308","553","0","55.7","29.84"
"10","013","00","010","1008","0377","273","165","108","35","308","553","0","55.7","29.84"
"10","013","00","010","1009","0000","331","224","107","107","438","924","0","47.4","24.24"
"10","013","00","010","1009","0369","331","224","107","107","438","924","0","47.4","24.24"
"10","013","00","010","1010","0000","782","457","325","76","858","1619","0","53.0","28.23"
"10","013","00","010","1010","0376","782","457","325","76","858","1619","0","53.0","28.23"
"10","013","00","010","1011","0000","1694","1002","692","250","1944","3510","0","55.38","28.55"
"10","013","00","010","1011","0372","512","299","213","90","602","1127","0","53.42","26.53"
"10","013","00","010","1011","0373","578","352","226","91","669","1150","0","58.17","30.61"
"10","013","00","010","1011","0374","604","351","253","69","673","1233","0","54.58","28.47"
"10","013","00","010","1012","0000","493","309","184","99","592","984","0","60.16","31.4"
"10","013","00","010","1012","0375","493","309","184","99","592","984","0","60.16","31.4"
"10","013","00","011","0000","0000","9186","5343","3843","1330","10516","21697","24444","48.47","24.63"
"10","013","00","011","1101","0000","885","484","401","128","1013","2138","0","47.38","22.64"
"10","013","00","011","1101","0378","452","229","223","92","544","883","0","61.61","25.93"
"10","013","00","011","1101","0379","433","255","178","36","469","1255","0","37.37","20.32"
"10","013","00","011","1102","0000","606","432","174","39","645","1278","0","50.47","33.8"
"10","013","00","011","1102","0380","606","432","174","39","645","1278","0","50.47","33.8"
"10","013","00","011","1103","0000","293","169","124","31","324","738","0","43.9","22.9"
"10","013","00","011","1103","0381","293","169","124","31","324","738","0","43.9","22.9"
"10","013","00","011","1104","0000","233","123","110","16","249","585","0","42.56","21.03"
"10","013","00","011","1104","0382","233","123","110","16","249","585","0","42.56","21.03"
"10","013","00","011","1105","0000","485","250","235","108","593","1012","0","58.6","24.7"
"10","013","00","011","1105","0383","485","250","235","108","593","1012","0","58.6","24.7"
"10","013","00","011","1106","0000","474","293","181","93","567","1148","0","49.39","25.52"
"10","013","00","011","1106","0384","474","293","181","93","567","1148","0","49.39","25.52"
"10","013","00","011","1107","0000","260","151","109","35","295","591","0","49.92","25.55"
"10","013","00","011","1107","0385","260","151","109","35","295","591","0","49.92","25.55"
"10","013","00","011","1108","0000","300","159","141","53","353","786","0","44.91","20.23"
"10","013","00","011","1108","0386","300","159","141","53","353","786","0","44.91","20.23"
"10","013","00","011","1109","0000","250","151","99","31","281","649","0","43.3","23.27"
"10","013","00","011","1109","0387","250","151","99","31","281","649","0","43.3","23.27"
"10","013","00","011","1110","0000","430","258","172","75","505","1229","0","41.09","20.99"
"10","013","00","011","1110","0388","430","258","172","75","505","1229","0","41.09","20.99"
"10","013","00","011","1111","0000","535","296","239","64","599","1446","0","41.42","20.47"
"10","013","00","011","1111","0389","535","296","239","64","599","1446","0","41.42","20.47"
"10","013","00","011","1112","0000","738","431","307","83","821","1821","0","45.09","23.67"
"10","013","00","011","1112","0390","329","188","141","20","349","899","0","38.82","20.91"
"10","013","00","011","1112","0391","409","243","166","63","472","922","0","51.19","26.36"
"10","013","00","011","1113","0000","502","304","198","85","587","1259","0","46.62","24.15"
"10","013","00","011","1113","0392","502","304","198","85","587","1259","0","46.62","24.15"
"10","013","00","011","1114","0000","365","205","160","32","397","1056","0","37.59","19.41"
"10","013","00","011","1114","0393","365","205","160","32","397","1056","0","37.59","19.41"
"10","013","00","011","1115","0000","539","317","222","75","614","1116","0","55.02","28.41"
"10","013","00","011","1115","0394","539","317","222","75","614","1116","0","55.02","28.41"
"10","013","00","011","1116","0000","487","289","198","82","569","1020","0","55.78","28.33"
"10","013","00","011","1116","0395","487","289","198","82","569","1020","0","55.78","28.33"
"10","013","00","011","1117","0000","479","276","203","93","572","1055","0","54.22","26.16"
"10","013","00","011","1117","0396","479","276","203","93","572","1055","0","54.22","26.16"
"10","013","00","011","1118","0000","575","334","241","87","662","1231","0","53.78","27.13"
"10","013","00","011","1118","0397","380","217","163","55","435","738","0","58.94","29.4"
"10","013","00","011","1118","0398","195","117","78","32","227","493","0","46.04","23.73"
"10","013","00","011","1119","0000","750","421","329","120","870","1539","0","56.53","27.36"
"10","013","00","011","1119","0399","750","421","329","120","870","1539","0","56.53","27.36"
"10","013","00","012","0000","0000","7777","4477","3300","1161","8938","17945","20585","49.81","24.95"
"10","013","00","012","1201","0000","533","297","236","45","578","1239","0","46.65","23.97"
"10","013","00","012","1201","0400","533","297","236","45","578","1239","0","46.65","23.97"
"10","013","00","012","1202","0000","369","188","181","62","431","759","0","56.79","24.77"
"10","013","00","012","1202","0401","369","188","181","62","431","759","0","56.79","24.77"
"10","013","00","012","1203","0000","846","466","380","174","1020","1701","0","59.96","27.4"
"10","013","00","012","1203","0402","449","258","191","106","555","932","0","59.55","27.68"
"10","013","00","012","1203","0403","397","208","189","68","465","769","0","60.47","27.05"
"10","013","00","012","1204","0000","414","222","192","87","501","920","0","54.46","24.13"
"10","013","00","012","1204","0404","414","222","192","87","501","920","0","54.46","24.13"
"10","013","00","012","1205","0000","270","144","126","52","322","560","0","57.5","25.71"
"10","013","00","012","1205","0405","270","144","126","52","322","560","0","57.5","25.71"
"10","013","00","012","1206","0000","463","289","174","36","499","1120","0","44.55","25.8"
"10","013","00","012","1206","0406","463","289","174","36","499","1120","0","44.55","25.8"
"10","013","00","012","1207","0000","454","297","157","40","494","1048","0","47.14","28.34"
"10","013","00","012","1207","0407","454","297","157","40","494","1048","0","47.14","28.34"
"10","013","00","012","1208","0000","565","331","234","58","623","1438","0","43.32","23.02"
"10","013","00","012","1208","0408","565","331","234","58","623","1438","0","43.32","23.02"
"10","013","00","012","1209","0000","883","526","357","127","1010","2027","0","49.83","25.95"
"10","013","00","012","1209","0411","385","237","148","47","432","1020","0","42.35","23.24"
"10","013","00","012","1209","0412","498","289","209","80","578","1007","0","57.4","28.7"
"10","013","00","012","1210","0000","692","398","294","146","838","1647","0","50.88","24.17"
"10","013","00","012","1210","0409","346","205","141","69","415","834","0","49.76","24.58"
"10","013","00","012","1210","0410","346","193","153","77","423","813","0","52.03","23.74"
"10","013","00","012","1211","0000","630","352","278","99","729","1648","0","44.24","21.36"
"10","013","00","012","1211","0413","630","352","278","99","729","1648","0","44.24","21.36"
"10","013","00","012","1212","0000","629","346","283","86","715","1437","0","49.76","24.08"
"10","013","00","012","1212","0414","629","346","283","86","715","1437","0","49.76","24.08"
"10","013","00","012","1213","0000","472","277","195","33","505","1228","0","41.12","22.56"
"10","013","00","012","1213","0415","472","277","195","33","505","1228","0","41.12","22.56"
"10","013","00","012","1214","0000","557","344","213","116","673","1173","0","57.37","29.33"
"10","013","00","012","1214","0416","298","214","84","62","360","597","0","60.3","35.85"
"10","013","00","012","1214","0417","259","130","129","54","313","576","0","54.34","22.57"
"10","013","00","013","0000","0000","19806","11406","8400","2085","21891","47558","54167","46.03","23.98"
"10","013","00","013","1301","0000","1702","980","722","104","1806","3979","0","45.39","24.63"
"10","013","00","013","1301","0418","553","311","242","43","596","1305","0","45.67","23.83"
"10","013","00","013","1301","0419","545","327","218","42","587","1287","0","45.61","25.41"
"10","013","00","013","1301","0420","604","342","262","19","623","1387","0","44.92","24.66"
"10","013","00","013","1302","0000","1340","763","577","129","1469","3145","0","46.71","24.26"
"10","013","00","013","1302","0421","652","379","273","67","719","1540","0","46.69","24.61"
"10","013","00","013","1302","0422","688","384","304","62","750","1605","0","46.73","23.93"
"10","013","00","013","1303","0000","577","349","228","78","655","1326","0","49.4","26.32"
"10","013","00","013","1303","0423","577","349","228","78","655","1326","0","49.4","26.32"
"10","013","00","013","1304","0000","272","147","125","63","335","591","0","56.68","24.87"
"10","013","00","013","1304","0424","272","147","125","63","335","591","0","56.68","24.87"
"10","013","00","013","1305","0000","958","598","360","87","1045","2202","0","47.46","27.16"
"10","013","00","013","1305","0425","467","296","171","64","531","1123","0","47.28","26.36"
"10","013","00","013","1305","0426","491","302","189","23","514","1079","0","47.64","27.99"
"10","013","00","013","1306","0000","1344","803","541","121","1465","2733","0","53.6","29.38"
"10","013","00","013","1306","0427","691","396","295","76","767","1485","0","51.65","26.67"
"10","013","00","013","1306","0428","653","407","246","45","698","1248","0","55.93","32.61"
"10","013","00","013","1307","0000","1769","953","816","153","1922","4482","0","42.88","21.26"
"10","013","00","013","1307","0429","530","229","301","64","594","1569","0","37.86","14.6"
"10","013","00","013","1307","0430","646","377","269","67","713","1493","0","47.76","25.25"
"10","013","00","013","1307","0431","593","347","246","22","615","1420","0","43.31","24.44"
"10","013","00","013","1308","0000","1272","752","520","159","1431","2853","0","50.16","26.36"
"10","013","00","013","1308","0432","617","352","265","78","695","1334","0","52.1","26.39"
"10","013","00","013","1308","0433","655","400","255","81","736","1519","0","48.45","26.33"
"10","013","00","013","1309","0000","798","470","328","123","921","1672","0","55.08","28.11"
"10","013","00","013","1309","0434","371","221","150","50","421","784","0","53.7","28.19"
"10","013","00","013","1309","0435","427","249","178","73","500","888","0","56.31","28.04"
"10","013","00","013","1310","0000","685","402","283","43","728","1915","0","38.02","20.99"
"10","013","00","013","1310","0436","249","149","100","16","265","747","0","35.48","19.95"
"10","013","00","013","1310","0437","436","253","183","27","463","1168","0","39.64","21.66"
"10","013","00","013","1311","0000","850","477","373","98","948","1824","0","51.97","26.15"
"10","013","00","013","1311","0438","269","145","124","42","311","546","0","56.96","26.56"
"10","013","00","013","1311","0439","581","332","249","56","637","1278","0","49.84","25.98"
"10","013","00","013","1312","0000","1077","618","459","151","1228","2898","0","42.37","21.33"
"10","013","00","013","1312","0440","514","289","225","67","581","1348","0","43.1","21.44"
"10","013","00","013","1312","0441","563","329","234","84","647","1550","0","41.74","21.23"
"10","013","00","013","1313","0000","499","284","215","78","577","947","0","60.93","29.99"
"10","013","00","013","1313","0442","499","284","215","78","577","947","0","60.93","29.99"
"10","013","00","013","1314","0000","479","290","189","83","562","1097","0","51.23","26.44"
"10","013","00","013","1314","0443","479","290","189","83","562","1097","0","51.23","26.44"
"10","013","00","013","1315","0000","780","425","355","100","880","2381","0","36.96","17.85"
"10","013","00","013","1315","0444","407","229","178","65","472","1128","0","41.84","20.3"
"10","013","00","013","1315","0445","373","196","177","35","408","1253","0","32.56","15.64"
"10","013","00","013","1316","0000","539","272","267","31","570","1525","0","37.38","17.84"
"10","013","00","013","1316","0446","539","272","267","31","570","1525","0","37.38","17.84"
"10","013","00","013","1317","0000","1016","576","440","112","1128","2431","0","46.4","23.69"
"10","013","00","013","1317","0447","555","316","239","78","633","1215","0","52.1","26.01"
"10","013","00","013","1317","0448","461","260","201","34","495","1216","0","40.71","21.38"
"10","013","00","013","1318","0000","1008","610","398","73","1081","2379","0","45.44","25.64"
"10","013","00","013","1318","0449","557","353","204","32","589","1353","0","43.53","26.09"
"10","013","00","013","1318","0450","451","257","194","41","492","1026","0","47.95","25.05"
"10","013","00","013","1319","0000","344","209","135","41","385","862","0","44.66","24.25"
"10","013","00","013","1319","0451","344","209","135","41","385","862","0","44.66","24.25"
"10","013","00","013","1320","0000","686","371","315","69","755","1775","0","42.54","20.9"
"10","013","00","013","1320","0452","311","172","139","40","351","921","0","38.11","18.68"
"10","013","00","013","1320","0453","375","199","176","29","404","854","0","47.31","23.3"
"10","013","00","013","1321","0000","919","530","389","88","1007","2434","0","41.37","21.77"
"10","013","00","013","1321","0454","474","277","197","52","526","1230","0","42.76","22.52"
"10","013","00","013","1321","0455","445","253","192","36","481","1204","0","39.95","21.01"
"10","013","00","013","1322","0000","494","291","203","49","543","1301","0","41.74","22.37"
"10","013","00","013","1322","0456","494","291","203","49","543","1301","0","41.74","22.37"
"10","013","00","013","1323","0000","398","236","162","52","450","806","0","55.83","29.28"
"10","013","00","013","1323","0457","398","236","162","52","450","806","0","55.83","29.28"
"10","013","00","014","0000","0000","7785","4466","3319","1011","8796","15353","17181","57.29","29.09"
"10","013","00","014","1401","0000","756","429","327","82","838","1503","0","55.76","28.54"
"10","013","00","014","1401","0458","756","429","327","82","838","1503","0","55.76","28.54"
"10","013","00","014","1402","0000","495","283","212","56","551","899","0","61.29","31.48"
"10","013","00","014","1402","0459","495","283","212","56","551","899","0","61.29","31.48"
"10","013","00","014","1403","0000","400","229","171","51","451","716","0","62.99","31.98"
"10","013","00","014","1403","0460","400","229","171","51","451","716","0","62.99","31.98"
"10","013","00","014","1404","0000","341","163","178","42","383","581","0","65.92","28.06"
"10","013","00","014","1404","0461","341","163","178","42","383","581","0","65.92","28.06"
"10","013","00","014","1405","0000","629","382","247","111","740","1327","0","55.76","28.79"
"10","013","00","014","1405","0462","629","382","247","111","740","1327","0","55.76","28.79"
"10","013","00","014","1406","0000","519","250","269","102","621","997","0","62.29","25.08"
"10","013","00","014","1406","0463","519","250","269","102","621","997","0","62.29","25.08"
"10","013","00","014","1407","0000","317","183","134","32","349","649","0","53.78","28.2"
"10","013","00","014","1407","0464","317","183","134","32","349","649","0","53.78","28.2"
"10","013","00","014","1408","0000","315","195","120","32","347","476","0","72.9","40.97"
"10","013","00","014","1408","0465","315","195","120","32","347","476","0","72.9","40.97"
"10","013","00","014","1409","0000","1238","743","495","142","1380","2486","0","55.51","29.89"
"10","013","00","014","1409","0466","664","379","285","73","737","1259","0","58.54","30.1"
"10","013","00","014","1409","0467","574","364","210","69","643","1227","0","52.4","29.67"
"10","013","00","014","1410","0000","277","163","114","47","324","504","0","64.29","32.34"
"10","013","00","014","1410","0468","277","163","114","47","324","504","0","64.29","32.34"
"10","013","00","014","1411","0000","407","233","174","55","462","860","0","53.72","27.09"
"10","013","00","014","1411","0469","407","233","174","55","462","860","0","53.72","27.09"
"10","013","00","014","1412","0000","378","223","155","32","410","800","0","51.25","27.88"
"10","013","00","014","1412","0470","378","223","155","32","410","800","0","51.25","27.88"
"10","013","00","014","1413","0000","574","312","262","79","653","1134","0","57.58","27.51"
"10","013","00","014","1413","0471","574","312","262","79","653","1134","0","57.58","27.51"
"10","013","00","014","1414","0000","596","349","247","67","663","1229","0","53.95","28.4"
"10","013","00","014","1414","0472","596","349","247","67","663","1229","0","53.95","28.4"
"10","013","00","014","1415","0000","543","329","214","81","624","1192","0","52.35","27.6"
"10","013","00","014","1415","0473","543","329","214","81","624","1192","0","52.35","27.6"
"10","013","00","015","0000","0000","3923","2253","1670","570","4493","9033","10035","49.74","24.94"
"10","013","00","015","1501","0000","870","485","385","98","968","2026","0","47.78","23.94"
"10","013","00","015","1501","0474","739","411","328","55","794","1712","0","46.38","24.01"
"10","013","00","015","1501","0475","131","74","57","43","174","314","0","55.41","23.57"
"10","013","00","015","1502","0000","513","284","229","77","590","1086","0","54.33","26.15"
"10","013","00","015","1502","0476","359","194","165","47","406","752","0","53.99","25.8"
"10","013","00","015","1502","0477","154","90","64","30","184","334","0","55.09","26.95"
"10","013","00","015","1503","0000","464","261","203","67","531","957","0","55.49","27.27"
"10","013","00","015","1503","0478","464","261","203","67","531","957","0","55.49","27.27"
"10","013","00","015","1504","0000","387","215","172","64","451","764","0","59.03","28.14"
"10","013","00","015","1504","0479","387","215","172","64","451","764","0","59.03","28.14"
"10","013","00","015","1505","0000","733","427","306","111","844","1752","0","48.17","24.37"
"10","013","00","015","1505","0480","175","98","77","38","213","373","0","57.1","26.27"
"10","013","00","015","1505","0481","279","161","118","39","318","678","0","46.9","23.75"
"10","013","00","015","1505","0482","279","168","111","34","313","701","0","44.65","23.97"
"10","013","00","015","1506","0000","490","308","182","84","574","1125","0","51.02","27.38"
"10","013","00","015","1506","0484","263","154","109","48","311","541","0","57.49","28.47"
"10","013","00","015","1506","0485","227","154","73","36","263","584","0","45.03","26.37"
"10","013","00","015","1507","0000","466","273","193","69","535","1323","0","40.44","20.63"
"10","013","00","015","1507","0483","466","273","193","69","535","1323","0","40.44","20.63"
"10","013","00","016","0000","0000","9744","5747","3997","1532","11276","21394","24413","52.71","26.86"
"10","013","00","016","1601","0000","600","349","251","80","680","1213","0","56.06","28.77"
"10","013","00","016","1601","0486","600","349","251","80","680","1213","0","56.06","28.77"
"10","013","00","016","1602","0000","435","224","211","77","512","891","0","57.46","25.14"
"10","013","00","016","1602","0487","435","224","211","77","512","891","0","57.46","25.14"
"10","013","00","016","1603","0000","395","229","166","100","495","970","0","51.03","23.61"
"10","013","00","016","1603","0488","395","229","166","100","495","970","0","51.03","23.61"
"10","013","00","016","1604","0000","297","193","104","39","336","629","0","53.42","30.68"
"10","013","00","016","1604","0489","297","193","104","39","336","629","0","53.42","30.68"
"10","013","00","016","1605","0000","816","484","332","109","925","1614","0","57.31","29.99"
"10","013","00","016","1605","0490","419","256","163","60","479","840","0","57.02","30.48"
"10","013","00","016","1605","0491","397","228","169","49","446","774","0","57.62","29.46"
"10","013","00","016","1606","0000","1939","1157","782","250","2189","4157","0","52.66","27.83"
"10","013","00","016","1606","0492","627","376","251","86","713","1379","0","51.7","27.27"
"10","013","00","016","1606","0493","757","462","295","70","827","1502","0","55.06","30.76"
"10","013","00","016","1606","0494","555","319","236","94","649","1276","0","50.86","25.0"
"10","013","00","016","1607","0000","931","569","362","188","1119","1969","0","56.83","28.9"
"10","013","00","016","1607","0495","422","251","171","90","512","964","0","53.11","26.04"
"10","013","00","016","1607","0496","509","318","191","98","607","1005","0","60.4","31.64"
"10","013","00","016","1608","0000","649","397","252","94","743","1459","0","50.93","27.21"
"10","013","00","016","1608","0497","304","201","103","31","335","734","0","45.64","27.38"
"10","013","00","016","1608","0498","345","196","149","63","408","725","0","56.28","27.03"
"10","013","00","016","1609","0000","984","585","399","143","1127","2113","0","53.34","27.69"
"10","013","00","016","1609","0499","447","272","175","71","518","1046","0","49.52","26.0"
"10","013","00","016","1609","0500","537","313","224","72","609","1067","0","57.08","29.33"
"10","013","00","016","1610","0000","213","133","80","65","278","718","0","38.72","18.52"
"10","013","00","016","1610","0501","213","133","80","65","278","718","0","38.72","18.52"
"10","013","00","016","1611","0000","366","196","170","58","424","903","0","46.95","21.71"
"10","013","00","016","1611","0502","366","196","170","58","424","903","0","46.95","21.71"
"10","013","00","016","1612","0000","345","204","141","45","390","959","0","40.67","21.27"
"10","013","00","016","1612","0506","345","204","141","45","390","959","0","40.67","21.27"
"10","013","00","016","1613","0000","201","128","73","35","236","427","0","55.27","29.98"
"10","013","00","016","1613","0507","201","128","73","35","236","427","0","55.27","29.98"
"10","013","00","016","1614","0000","1246","721","525","190","1436","2754","0","52.14","26.18"
"10","013","00","016","1614","0503","602","353","249","94","696","1387","0","50.18","25.45"
"10","013","00","016","1614","0504","644","368","276","96","740","1367","0","54.13","26.92"
"10","013","00","016","1615","0000","327","178","149","59","386","618","0","62.46","28.8"
"10","013","00","016","1615","0505","327","178","149","59","386","618","0","62.46","28.8"
"10","013","00","017","0000","0000","13901","8152","5749","2109","16010","30706","34961","52.14","26.55"
"10","013","00","017","1701","0000","844","497","347","136","980","1663","0","58.93","29.89"
"10","013","00","017","1701","0508","408","215","193","64","472","820","0","57.56","26.22"
"10","013","00","017","1701","0509","436","282","154","72","508","843","0","60.26","33.45"
"10","013","00","017","1702","0000","1245","744","501","138","1383","2532","0","54.62","29.38"
"10","013","00","017","1702","0510","575","328","247","68","643","1242","0","51.77","26.41"
"10","013","00","017","1702","0511","670","416","254","70","740","1290","0","57.36","32.25"
"10","013","00","017","1703","0000","1038","604","434","175","1213","2161","0","56.13","27.95"
"10","013","00","017","1703","0512","509","310","199","59","568","1073","0","52.94","28.89"
"10","013","00","017","1703","0513","529","294","235","116","645","1088","0","59.28","27.02"
"10","013","00","017","1704","0000","371","225","146","50","421","845","0","49.82","26.63"
"10","013","00","017","1704","0514","371","225","146","50","421","845","0","49.82","26.63"
"10","013","00","017","1705","0000","411","221","190","54","465","862","0","53.94","25.64"
"10","013","00","017","1705","0515","411","221","190","54","465","862","0","53.94","25.64"
"10","013","00","017","1706","0000","1015","590","425","184","1199","2292","0","52.31","25.74"
"10","013","00","017","1706","0516","504","285","219","84","588","1183","0","49.7","24.09"
"10","013","00","017","1706","0517","511","305","206","100","611","1109","0","55.09","27.5"
"10","013","00","017","1707","0000","1003","581","422","57","1060","2271","0","46.68","25.58"
"10","013","00","017","1707","0518","478","279","199","17","495","1119","0","44.24","24.93"
"10","013","00","017","1707","0519","525","302","223","40","565","1152","0","49.05","26.22"
"10","013","00","017","1708","0000","520","295","225","0","520","1240","0","41.94","23.79"
"10","013","00","017","1708","0522","520","295","225","0","520","1240","0","41.94","23.79"
"10","013","00","017","1709","0000","949","540","409","106","1055","2194","0","48.09","24.61"
"10","013","00","017","1709","0523","399","223","176","32","431","1120","0","38.48","19.91"
"10","013","00","017","1709","0524","550","317","233","74","624","1074","0","58.1","29.52"
"10","013","00","017","1710","0000","697","377","320","111","808","1598","0","50.56","23.59"
"10","013","00","017","1710","0525","354","195","159","42","396","849","0","46.64","22.97"
"10","013","00","017","1710","0526","343","182","161","69","412","749","0","55.01","24.3"
"10","013","00","017","1711","0000","632","370","262","85","717","1416","0","50.64","26.13"
"10","013","00","017","1711","0527","632","370","262","85","717","1416","0","50.64","26.13"
"10","013","00","017","1712","0000","1008","639","369","152","1160","2134","0","54.36","29.94"
"10","013","00","017","1712","0520","509","327","182","65","574","1030","0","55.73","31.75"
"10","013","00","017","1712","0521","499","312","187","87","586","1104","0","53.08","28.26"
"10","013","00","017","1713","0000","1304","786","518","208","1512","2800","0","54.0","28.07"
"10","013","00","017","1713","0528","403","233","170","75","478","895","0","53.41","26.03"
"10","013","00","017","1713","0529","448","281","167","72","520","933","0","55.73","30.12"
"10","013","00","017","1713","0530","453","272","181","61","514","972","0","52.88","27.98"
"10","013","00","017","1714","0000","1836","1079","757","376","2212","4377","0","50.54","24.65"
"10","013","00","017","1714","0531","527","304","223","87","614","1454","0","42.23","20.91"
"10","013","00","017","1714","0532","797","473","324","168","965","1653","0","58.38","28.61"
"10","013","00","017","1714","0533","512","302","210","121","633","1270","0","49.84","23.78"
"10","013","00","017","1715","0000","1028","604","424","277","1305","2321","0","56.23","26.02"
"10","013","00","017","1715","0534","542","311","231","150","692","1123","0","61.62","27.69"
"10","013","00","017","1715","0535","486","293","193","127","613","1198","0","51.17","24.46"
"10","013","00","018","0000","0000","5705","3357","2348","642","6347","12270","15524","51.73","27.36"
"10","013","00","018","1801","0000","1051","613","438","120","1171","2234","0","52.42","27.44"
"10","013","00","018","1801","0536","516","310","206","62","578","1190","0","48.57","26.05"
"10","013","00","018","1801","0537","535","303","232","58","593","1044","0","56.8","29.02"
"10","013","00","018","1802","0000","982","572","410","99","1081","2032","0","53.2","28.15"
"10","013","00","018","1802","0538","406","224","182","46","452","818","0","55.26","27.38"
"10","013","00","018","1802","0539","576","348","228","53","629","1214","0","51.81","28.67"
"10","013","00","018","1803","0000","643","387","256","64","707","1253","0","56.42","30.89"
"10","013","00","018","1803","0541","643","387","256","64","707","1253","0","56.42","30.89"
"10","013","00","018","1804","0000","568","331","237","42","610","1325","0","46.04","24.98"
"10","013","00","018","1804","0540","568","331","237","42","610","1325","0","46.04","24.98"
"10","013","00","018","1805","0000","467","295","172","59","526","1039","0","50.63","28.39"
"10","013","00","018","1805","0542","467","295","172","59","526","1039","0","50.63","28.39"
"10","013","00","018","1806","0000","641","356","285","89","730","1549","0","47.13","22.98"
"10","013","00","018","1806","0543","335","179","156","53","388","813","0","47.72","22.02"
"10","013","00","018","1806","0544","306","177","129","36","342","736","0","46.47","24.05"
"10","013","00","018","1807","0000","477","288","189","46","523","934","0","56.0","30.84"
"10","013","00","018","1807","0545","477","288","189","46","523","934","0","56.0","30.84"
"10","013","00","018","1808","0000","876","515","361","123","999","1904","0","52.47","27.05"
"10","013","00","018","1808","0546","397","219","178","75","472","900","0","52.44","24.33"
"10","013","00","018","1808","0547","479","296","183","48","527","1004","0","52.49","29.48"
"10","013","00","019","0000","0000","7591","4367","3224","1044","8635","15691","17842","55.03","27.83"
"10","013","00","019","1901","0000","730","425","305","128","858","1458","0","58.85","29.15"
"10","013","00","019","1901","0548","730","425","305","128","858","1458","0","58.85","29.15"
"10","013","00","019","1902","0000","829","486","343","106","935","1586","0","58.95","30.64"
"10","013","00","019","1902","0549","453","249","204","63","516","891","0","57.91","27.95"
"10","013","00","019","1902","0550","376","237","139","43","419","695","0","60.29","34.1"
"10","013","00","019","1903","0000","830","469","361","138","968","1634","0","59.24","28.7"
"10","013","00","019","1903","0555","417","227","190","78","495","841","0","58.86","26.99"
"10","013","00","019","1903","0556","413","242","171","60","473","793","0","59.65","30.52"
"10","013","00","019","1904","0000","414","212","202","48","462","725","0","63.72","29.24"
"10","013","00","019","1904","0554","414","212","202","48","462","725","0","63.72","29.24"
"10","013","00","019","1905","0000","1634","934","700","172","1806","3189","0","56.63","29.29"
"10","013","00","019","1905","0551","537","287","250","70","607","1015","0","59.8","28.28"
"10","013","00","019","1905","0552","618","385","233","54","672","1171","0","57.39","32.88"
"10","013","00","019","1905","0553","479","262","217","48","527","1003","0","52.54","26.12"
"10","013","00","019","1906","0000","737","452","285","98","835","1816","0","45.98","24.89"
"10","013","00","019","1906","0559","334","191","143","40","374","783","0","47.77","24.39"
"10","013","00","019","1906","0560","403","261","142","58","461","1033","0","44.63","25.27"
"10","013","00","019","1907","0000","583","344","239","65","648","1283","0","50.51","26.81"
"10","013","00","019","1907","0558","583","344","239","65","648","1283","0","50.51","26.81"
"10","013","00","019","1908","0000","482","278","204","65","547","919","0","59.52","30.25"
"10","013","00","019","1908","0557","482","278","204","65","547","919","0","59.52","30.25"
"10","013","00","019","1909","0000","882","498","384","180","1062","1959","0","54.21","25.42"
"10","013","00","019","1909","0561","531","299","232","108","639","1186","0","53.88","25.21"
"10","013","00","019","1909","0562","351","199","152","72","423","773","0","54.72","25.74"
"10","013","00","019","1910","0000","470","269","201","44","514","1122","0","45.81","23.98"
"10","013","00","019","1910","0563","470","269","201","44","514","1122","0","45.81","23.98"
"10","013","00","020","0000","0000","4374","2503","1871","595","4969","9479","10650","52.42","26.41"
"10","013","00","020","2001","0000","732","435","297","138","870","1666","0","52.22","26.11"
"10","013","00","020","2001","0564","354","221","133","79","433","872","0","49.66","25.34"
"10","013","00","020","2001","0565","378","214","164","59","437","794","0","55.04","26.95"
"10","013","00","020","2002","0000","496","288","208","60","556","962","0","57.8","29.94"
"10","013","00","020","2002","0566","496","288","208","60","556","962","0","57.8","29.94"
"10","013","00","020","2003","0000","242","140","102","31","273","466","0","58.58","30.04"
"10","013","00","020","2003","0569","242","140","102","31","273","466","0","58.58","30.04"
"10","013","00","020","2004","0000","372","216","156","45","417","708","0","58.9","30.51"
"10","013","00","020","2004","0570","372","216","156","45","417","708","0","58.9","30.51"
"10","013","00","020","2005","0000","498","278","220","77","575","1033","0","55.66","26.91"
"10","013","00","020","2005","0567","498","278","220","77","575","1033","0","55.66","26.91"
"10","013","00","020","2006","0000","466","256","210","52","518","1007","0","51.44","25.42"
"10","013","00","020","2006","0568","466","256","210","52","518","1007","0","51.44","25.42"
"10","013","00","020","2007","0000","509","265","244","82","591","1044","0","56.61","25.38"
"10","013","00","020","2007","0571","509","265","244","82","591","1044","0","56.61","25.38"
"10","013","00","020","2008","0000","397","230","167","40","437","1071","0","40.8","21.48"
"10","013","00","020","2008","0572","397","230","167","40","437","1071","0","40.8","21.48"
"10","013","00","020","2009","0000","426","240","186","31","457","979","0","46.68","24.51"
"10","013","00","020","2009","0573","426","240","186","31","457","979","0","46.68","24.51"
"10","013","00","020","2010","0000","236","155","81","39","275","543","0","50.64","28.55"
"10","013","00","020","2010","0574","236","155","81","39","275","543","0","50.64","28.55"
"10","013","00","021","0000","0000","7199","4194","3005","1063","8262","17063","19172","48.42","24.58"
"10","013","00","021","2101","0000","617","364","253","70","687","1472","0","46.67","24.73"
"10","013","00","021","2101","0575","617","364","253","70","687","1472","0","46.67","24.73"
"10","013","00","021","2102","0000","518","285","233","88","606","1360","0","44.56","20.96"
"10","013","00","021","2102","0576","518","285","233","88","606","1360","0","44.56","20.96"
"10","013","00","021","2103","0000","375","228","147","87","462","804","0","57.46","28.36"
"10","013","00","021","2103","0577","375","228","147","87","462","804","0","57.46","28.36"
"10","013","00","021","2104","0000","747","416","331","100","847","1780","0","47.58","23.37"
"10","013","00","021","2104","0578","400","218","182","84","484","925","0","52.32","23.57"
"10","013","00","021","2104","0579","347","198","149","16","363","855","0","42.46","23.16"
"10","013","00","021","2105","0000","851","539","312","103","954","1988","0","47.99","27.11"
"10","013","00","021","2105","0580","417","263","154","41","458","981","0","46.69","26.81"
"10","013","00","021","2105","0581","434","276","158","62","496","1007","0","49.26","27.41"
"10","013","00","021","2106","0000","835","510","325","142","977","2127","0","45.93","23.98"
"10","013","00","021","2106","0582","347","204","143","62","409","872","0","46.9","23.39"
"10","013","00","021","2106","0583","488","306","182","80","568","1255","0","45.26","24.38"
"10","013","00","021","2107","0000","457","277","180","89","546","995","0","54.87","27.84"
"10","013","00","021","2107","0584","457","277","180","89","546","995","0","54.87","27.84"
"10","013","00","021","2108","0000","252","136","116","29","281","734","0","38.28","18.53"
"10","013","00","021","2108","0585","252","136","116","29","281","734","0","38.28","18.53"
"10","013","00","021","2109","0000","466","250","216","34","500","1178","0","42.44","21.22"
"10","013","00","021","2109","0586","466","250","216","34","500","1178","0","42.44","21.22"
"10","013","00","021","2110","0000","427","245","182","28","455","1095","0","41.55","22.37"
"10","013","00","021","2110","0587","427","245","182","28","455","1095","0","41.55","22.37"
"10","013","00","021","2111","0000","502","280","222","141","643","1097","0","58.61","25.52"
"10","013","00","021","2111","0588","502","280","222","141","643","1097","0","58.61","25.52"
"10","013","00","021","2112","0000","1152","664","488","152","1304","2433","0","53.6","27.29"
"10","013","00","021","2112","0589","570","326","244","81","651","1273","0","51.14","25.61"
"10","013","00","021","2112","0590","582","338","244","71","653","1160","0","56.29","29.14"
"10","013","00","022","0000","0000","4028","2507","1521","602","4630","10706","12395","43.25","23.42"
"10","013","00","022","2201","0000","771","479","292","106","877","2083","0","42.1","23.0"
"10","013","00","022","2201","0591","395","239","156","51","446","1111","0","40.14","21.51"
"10","013","00","022","2201","0592","376","240","136","55","431","972","0","44.34","24.69"
"10","013","00","022","2202","0000","562","363","199","88","650","1278","0","50.86","28.4"
"10","013","00","022","2202","0593","562","363","199","88","650","1278","0","50.86","28.4"
"10","013","00","022","2203","0000","402","242","160","93","495","976","0","50.72","24.8"
"10","013","00","022","2203","0594","402","242","160","93","495","976","0","50.72","24.8"
"10","013","00","022","2204","0000","698","429","269","90","788","1658","0","47.53","25.87"
"10","013","00","022","2204","0595","698","429","269","90","788","1658","0","47.53","25.87"
"10","013","00","022","2205","0000","380","226","154","61","441","1146","0","38.48","19.72"
"10","013","00","022","2205","0596","380","226","154","61","441","1146","0","38.48","19.72"
"10","013","00","022","2206","0000","362","232","130","55","417","1079","0","38.65","21.5"
"10","013","00","022","2206","0597","362","232","130","55","417","1079","0","38.65","21.5"
"10","013","00","022","2207","0000","460","300","160","51","511","1613","0","31.68","18.6"
"10","013","00","022","2207","0598","460","300","160","51","511","1613","0","31.68","18.6"
"10","013","00","022","2208","0000","393","236","157","58","451","873","0","51.66","27.03"
"10","013","00","022","2208","0599","393","236","157","58","451","873","0","51.66","27.03"
"10","013","00","023","0000","0000","2748","1562","1186","315","3063","7595","8619","40.33","20.57"
"10","013","00","023","2301","0000","560","300","260","61","621","1347","0","46.1","22.27"
"10","013","00","023","2301","0602","203","106","97","22","225","491","0","45.82","21.59"
"10","013","00","023","2301","0603","357","194","163","39","396","856","0","46.26","22.66"
"10","013","00","023","2302","0000","217","119","98","10","227","554","0","40.97","21.48"
"10","013","00","023","2302","0604","217","119","98","10","227","554","0","40.97","21.48"
"10","013","00","023","2303","0000","200","113","87","41","241","647","0","37.25","17.47"
"10","013","00","023","2303","0601","200","113","87","41","241","647","0","37.25","17.47"
"10","013","00","023","2304","0000","265","154","111","44","309","737","0","41.93","20.9"
"10","013","00","023","2304","0600","265","154","111","44","309","737","0","41.93","20.9"
"10","013","00","023","2305","0000","134","83","51","6","140","388","0","36.08","21.39"
"10","013","00","023","2305","0605","134","83","51","6","140","388","0","36.08","21.39"
"10","013","00","023","2306","0000","319","186","133","50","369","922","0","40.02","20.17"
"10","013","00","023","2306","0606","319","186","133","50","369","922","0","40.02","20.17"
"10","013","00","023","2307","0000","346","183","163","21","367","1220","0","30.08","15.0"
"10","013","00","023","2307","0607","171","96","75","11","182","597","0","30.49","16.08"
"10","013","00","023","2307","0608","175","87","88","10","185","623","0","29.7","13.96"
"10","013","00","023","2308","0000","166","97","69","25","191","425","0","44.94","22.82"
"10","013","00","023","2308","0609","166","97","69","25","191","425","0","44.94","22.82"
"10","013","00","023","2309","0000","194","122","72","22","216","428","0","50.47","28.5"
"10","013","00","023","2309","0610","194","122","72","22","216","428","0","50.47","28.5"
"10","013","00","023","2310","0000","160","97","63","11","171","504","0","33.93","19.25"
"10","013","00","023","2310","0611","160","97","63","11","171","504","0","33.93","19.25"
"10","013","00","023","2311","0000","187","108","79","24","211","423","0","49.88","25.53"
"10","013","00","023","2311","0612","187","108","79","24","211","423","0","49.88","25.53"
"10","013","00","024","0000","0000","2776","1611","1165","257","3033","7206","8068","42.09","22.36"
"10","013","00","024","2401","0000","680","389","291","54","734","1575","0","46.6","24.7"
"10","013","00","024","2401","0613","680","389","291","54","734","1575","0","46.6","24.7"
"10","013","00","024","2402","0000","176","102","74","11","187","420","0","44.52","24.29"
"10","013","00","024","2402","0614","176","102","74","11","187","420","0","44.52","24.29"
"10","013","00","024","2403","0000","439","261","178","26","465","1302","0","35.71","20.05"
"10","013","00","024","2403","0616","439","261","178","26","465","1302","0","35.71","20.05"
"10","013","00","024","2404","0000","543","326","217","64","607","1314","0","46.19","24.81"
"10","013","00","024","2404","0617","543","326","217","64","607","1314","0","46.19","24.81"
"10","013","00","024","2405","0000","318","171","147","31","349","602","0","57.97","28.41"
"10","013","00","024","2405","0615","318","171","147","31","349","602","0","57.97","28.41"
"10","013","00","024","2406","0000","359","210","149","34","393","1308","0","30.05","16.06"
"10","013","00","024","2406","0618","359","210","149","34","393","1308","0","30.05","16.06"
"10","013","00","024","2407","0000","116","59","57","16","132","367","0","35.97","16.08"
"10","013","00","024","2407","0619","116","59","57","16","132","367","0","35.97","16.08"
"10","013","00","024","2408","0000","145","93","52","21","166","318","0","52.2","29.25"
"10","013","00","024","2408","0620","145","93","52","21","166","318","0","52.2","29.25"
"10","013","00","025","0000","0000","2152","1283","869","282","2434","4856","5547","50.12","26.42"
"10","013","00","025","2501","0000","553","327","226","71","624","1032","0","60.47","31.69"
"10","013","00","025","2501","0621","332","197","135","34","366","604","0","60.6","32.62"
"10","013","00","025","2501","0622","221","130","91","37","258","428","0","60.28","30.37"
"10","013","00","025","2502","0000","932","585","347","115","1047","1900","0","55.11","30.79"
"10","013","00","025","2502","0623","492","319","173","90","582","928","0","62.72","34.38"
"10","013","00","025","2502","0624","440","266","174","25","465","972","0","47.84","27.37"
"10","013","00","025","2503","0000","389","217","172","71","460","1041","0","44.19","20.85"
"10","013","00","025","2503","0625","389","217","172","71","460","1041","0","44.19","20.85"
"10","013","00","025","2504","0000","278","154","124","25","303","883","0","34.31","17.44"
"10","013","00","025","2504","0626","278","154","124","25","303","883","0","34.31","17.44"
"10","013","00","026","0000","0000","2867","1712","1155","370","3237","6373","7694","50.79","26.86"
"10","013","00","026","2601","0000","738","446","292","66","804","1448","0","55.52","30.8"
"10","013","00","026","2601","0630","738","446","292","66","804","1448","0","55.52","30.8"
"10","013","00","026","2602","0000","120","76","44","27","147","323","0","45.51","23.53"
"10","013","00","026","2602","0629","120","76","44","27","147","323","0","45.51","23.53"
"10","013","00","026","2603","0000","254","137","117","91","345","572","0","60.31","23.95"
"10","013","00","026","2603","0628","254","137","117","91","345","572","0","60.31","23.95"
"10","013","00","026","2604","0000","242","135","107","31","273","616","0","44.32","21.92"
"10","013","00","026","2604","0627","242","135","107","31","273","616","0","44.32","21.92"
"10","013","00","026","2605","0000","208","131","77","8","216","726","0","29.75","18.04"
"10","013","00","026","2605","0631","208","131","77","8","216","726","0","29.75","18.04"
"10","013","00","026","2606","0000","259","142","117","28","287","554","0","51.81","25.63"
"10","013","00","026","2606","0632","259","142","117","28","287","554","0","51.81","25.63"
"10","013","00","026","2607","0000","168","94","74","16","184","346","0","53.18","27.17"
"10","013","00","026","2607","0633","168","94","74","16","184","346","0","53.18","27.17"
"10","013","00","026","2608","0000","153","79","74","3","156","458","0","34.06","17.25"
"10","013","00","026","2608","0634","153","79","74","3","156","458","0","34.06","17.25"
"10","013","00","026","2609","0000","334","219","115","27","361","692","0","52.17","31.65"
"10","013","00","026","2609","0635","334","219","115","27","361","692","0","52.17","31.65"
"10","013","00","026","2610","0000","391","253","138","73","464","638","0","72.73","39.66"
"10","013","00","026","2610","0636","391","253","138","73","464","638","0","72.73","39.66"
"10","013","00","027","0000","0000","1449","823","626","134","1583","2950","3376","53.66","27.9"
"10","013","00","027","2701","0000","615","364","251","49","664","1185","0","56.03","30.72"
"10","013","00","027","2701","0637","237","133","104","30","267","346","0","77.17","38.44"
"10","013","00","027","2701","0638","328","193","135","19","347","677","0","51.26","28.51"
"10","013","00","027","2701","0639","50","38","12","0","50","162","0","30.86","23.46"
"10","013","00","027","2702","0000","174","98","76","36","210","296","0","70.95","33.11"
"10","013","00","027","2702","0641","174","98","76","36","210","296","0","70.95","33.11"
"10","013","00","027","2703","0000","90","55","35","6","96","189","0","50.79","29.1"
"10","013","00","027","2703","0640","90","55","35","6","96","189","0","50.79","29.1"
"10","013","00","027","2704","0000","168","94","74","27","195","450","0","43.33","20.89"
"10","013","00","027","2704","0644","168","94","74","27","195","450","0","43.33","20.89"
"10","013","00","027","2705","0000","140","71","69","2","142","347","0","40.92","20.46"
"10","013","00","027","2705","0643","140","71","69","2","142","347","0","40.92","20.46"
"10","013","00","027","2706","0000","262","141","121","14","276","483","0","57.14","29.19"
"10","013","00","027","2706","0642","262","141","121","14","276","483","0","57.14","29.19"
"10","013","00","028","0000","0000","3007","1873","1134","276","3283","5663","6833","57.97","33.07"
"10","013","00","028","2801","0000","210","122","88","4","214","455","0","47.03","26.81"
"10","013","00","028","2801","0645","210","122","88","4","214","455","0","47.03","26.81"
"10","013","00","028","2802","0000","484","268","216","52","536","821","0","65.29","32.64"
"10","013","00","028","2802","0646","484","268","216","52","536","821","0","65.29","32.64"
"10","013","00","028","2803","0000","411","248","163","20","431","1057","0","40.78","23.46"
"10","013","00","028","2803","0650","411","248","163","20","431","1057","0","40.78","23.46"
"10","013","00","028","2804","0000","452","290","162","32","484","900","0","53.78","32.22"
"10","013","00","028","2804","0651","452","290","162","32","484","900","0","53.78","32.22"
"10","013","00","028","2805","0000","198","123","75","11","209","429","0","48.72","28.67"
"10","013","00","028","2805","0652","198","123","75","11","209","429","0","48.72","28.67"
"10","013","00","028","2806","0000","1252","822","430","157","1409","2001","0","70.41","41.08"
"10","013","00","028","2806","0647","380","233","147","81","461","635","0","72.6","36.69"
"10","013","00","028","2806","0648","476","333","143","40","516","695","0","74.24","47.91"
"10","013","00","028","2806","0649","396","256","140","36","432","671","0","64.38","38.15"
"10","013","00","029","0000","0000","2353","1410","943","350","2703","4344","5403","62.22","32.46"
"10","013","00","029","2901","0000","412","244","168","38","450","859","0","52.39","28.41"
"10","013","00","029","2901","0653","332","192","140","23","355","669","0","53.06","28.7"
"10","013","00","029","2901","0654","80","52","28","15","95","190","0","50.0","27.37"
"10","013","00","029","2902","0000","525","300","225","82","607","922","0","65.84","32.54"
"10","013","00","029","2902","0655","525","300","225","82","607","922","0","65.84","32.54"
"10","013","00","029","2903","0000","370","229","141","75","445","598","0","74.41","38.29"
"10","013","00","029","2903","0656","370","229","141","75","445","598","0","74.41","38.29"
"10","013","00","029","2904","0000","249","136","113","53","302","414","0","72.95","32.85"
"10","013","00","029","2904","0658","249","136","113","53","302","414","0","72.95","32.85"
"10","013","00","029","2905","0000","353","190","163","43","396","780","0","50.77","24.36"
"10","013","00","029","2905","0659","353","190","163","43","396","780","0","50.77","24.36"
"10","013","00","029","2906","0000","444","311","133","59","503","771","0","65.24","40.34"
"10","013","00","029","2906","0657","444","311","133","59","503","771","0","65.24","40.34"
"10","013","00","030","0000","0000","3161","2124","1037","425","3586","6257","7445","57.31","33.95"
"10","013","00","030","3001","0000","483","341","142","118","601","917","0","65.54","37.19"
"10","013","00","030","3001","0660","483","341","142","118","601","917","0","65.54","37.19"
"10","013","00","030","3002","0000","241","145","96","22","263","577","0","45.58","25.13"
"10","013","00","030","3002","0661","166","105","61","19","185","361","0","51.25","29.09"
"10","013","00","030","3002","0662","75","40","35","3","78","216","0","36.11","18.52"
"10","013","00","030","3003","0000","458","303","155","60","518","725","0","71.45","41.79"
"10","013","00","030","3003","0663","307","214","93","29","336","445","0","75.51","48.09"
"10","013","00","030","3003","0664","151","89","62","31","182","280","0","65.0","31.79"
"10","013","00","030","3004","0000","590","430","160","59","649","1097","0","59.16","39.2"
"10","013","00","030","3004","0665","590","430","160","59","649","1097","0","59.16","39.2"
"10","013","00","030","3005","0000","485","345","140","74","559","840","0","66.55","41.07"
"10","013","00","030","3005","0666","485","345","140","74","559","840","0","66.55","41.07"
"10","013","00","030","3006","0000","394","243","151","27","421","889","0","47.36","27.33"
"10","013","00","030","3006","0667","394","243","151","27","421","889","0","47.36","27.33"
"10","013","00","030","3007","0000","510","317","193","65","575","1212","0","47.44","26.16"
"10","013","00","030","3007","0668","510","317","193","65","575","1212","0","47.44","26.16"
"10","013","00","031","0000","0000","955","546","409","81","1036","3923","4903","26.41","13.92"
"10","013","00","031","3101","0000","184","100","84","6","190","909","0","20.9","11.0"
"10","013","00","031","3101","0669","184","100","84","6","190","909","0","20.9","11.0"
"10","013","00","031","3102","0000","171","89","82","26","197","663","0","29.71","13.42"
"10","013","00","031","3102","0670","171","89","82","26","197","663","0","29.71","13.42"
"10","013","00","031","3103","0000","38","28","10","2","40","304","0","13.16","9.21"
"10","013","00","031","3103","0671","38","28","10","2","40","304","0","13.16","9.21"
"10","013","00","031","3104","0000","301","178","123","31","332","928","0","35.78","19.18"
"10","013","00","031","3104","0672","301","178","123","31","332","928","0","35.78","19.18"
"10","013","00","031","3105","0000","161","83","78","11","172","641","0","26.83","12.95"
"10","013","00","031","3105","0673","161","83","78","11","172","641","0","26.83","12.95"
"10","013","00","031","3106","0000","100","68","32","5","105","478","0","21.97","14.23"
"10","013","00","031","3106","0674","100","68","32","5","105","478","0","21.97","14.23"
"10","013","00","032","0000","0000","1703","1027","676","154","1857","4230","5018","43.9","24.28"
"10","013","00","032","3201","0000","342","219","123","20","362","751","0","48.2","29.16"
"10","013","00","032","3201","0675","342","219","123","20","362","751","0","48.2","29.16"
"10","013","00","032","3202","0000","323","202","121","39","362","776","0","46.65","26.03"
"10","013","00","032","3202","0676","323","202","121","39","362","776","0","46.65","26.03"
"10","013","00","032","3203","0000","260","170","90","16","276","711","0","38.82","23.91"
"10","013","00","032","3203","0677","260","170","90","16","276","711","0","38.82","23.91"
"10","013","00","032","3204","0000","147","62","85","36","183","243","0","75.31","25.51"
"10","013","00","032","3204","0678","147","62","85","36","183","243","0","75.31","25.51"
"10","013","00","032","3205","0000","164","85","79","13","177","325","0","54.46","26.15"
"10","013","00","032","3205","0679","164","85","79","13","177","325","0","54.46","26.15"
"10","013","00","032","3206","0000","130","79","51","7","137","476","0","28.78","16.6"
"10","013","00","032","3206","0680","130","79","51","7","137","476","0","28.78","16.6"
"10","013","00","032","3207","0000","223","141","82","13","236","602","0","39.2","23.42"
"10","013","00","032","3207","0681","223","141","82","13","236","602","0","39.2","23.42"
"10","013","00","032","3208","0000","114","69","45","10","124","346","0","35.84","19.94"
"10","013","00","032","3208","0682","114","69","45","10","124","346","0","35.84","19.94"
"10","013","00","033","0000","0000","1624","957","667","117","1741","4314","5003","40.36","22.18"
"10","013","00","033","3301","0000","742","441","301","64","806","1648","0","48.91","26.76"
"10","013","00","033","3301","0683","135","60","75","8","143","342","0","41.81","17.54"
"10","013","00","033","3301","0684","607","381","226","56","663","1306","0","50.77","29.17"
"10","013","00","033","3302","0000","154","94","60","10","164","693","0","23.67","13.56"
"10","013","00","033","3302","0685","154","94","60","10","164","693","0","23.67","13.56"
"10","013","00","033","3303","0000","145","76","69","19","164","437","0","37.53","17.39"
"10","013","00","033","3303","0686","145","76","69","19","164","437","0","37.53","17.39"
"10","013","00","033","3304","0000","186","110","76","8","194","392","0","49.49","28.06"
"10","013","00","033","3304","0687","186","110","76","8","194","392","0","49.49","28.06"
"10","013","00","033","3305","0000","272","150","122","9","281","593","0","47.39","25.3"
"10","013","00","033","3305","0688","272","150","122","9","281","593","0","47.39","25.3"
"10","013","00","033","3306","0000","125","86","39","7","132","551","0","23.96","15.61"
"10","013","00","033","3306","0689","125","86","39","7","132","551","0","23.96","15.61"
"10","002","00","000","0000","0000","188825","111743","77082","23921","212746","386089","455508","55.1","28.94"
"10","002","00","001","0000","0000","40200","23936","16264","4447","44647","79167","95747","56.4","30.23"
"10","002","00","001","0101","0000","1263","788","475","190","1453","2598","0","55.93","30.33"
"10","002","00","001","0101","0023","314","190","124","79","393","669","0","58.74","28.4"
"10","002","00","001","0101","0024","479","310","169","49","528","923","0","57.2","33.59"
"10","002","00","001","0101","0025","470","288","182","62","532","1006","0","52.88","28.63"
"10","002","00","001","0102","0000","789","472","317","66","855","1747","0","48.94","27.02"
"10","002","00","001","0102","0021","535","320","215","47","582","1282","0","45.4","24.96"
"10","002","00","001","0102","0022","254","152","102","19","273","465","0","58.71","32.69"
"10","002","00","001","0108","0000","1113","730","383","73","1186","2122","0","55.89","34.4"
"10","002","00","001","0108","0029","609","422","187","41","650","1143","0","56.87","36.92"
"10","002","00","001","0108","0030","504","308","196","32","536","979","0","54.75","31.46"
"10","002","00","001","0109","0000","597","366","231","77","674","1214","0","55.52","30.15"
"10","002","00","001","0109","0031","597","366","231","77","674","1214","0","55.52","30.15"
"10","002","00","001","0110","0000","953","533","420","79","1032","1717","0","60.1","31.04"
"10","002","00","001","0110","0035","503","303","200","36","539","943","0","57.16","32.13"
"10","002","00","001","0110","0036","450","230","220","43","493","774","0","63.7","29.72"
"10","002","00","001","0111","0000","1014","642","372","122","1136","2036","0","55.8","31.53"
"10","002","00","001","0111","0033","494","307","187","56","550","946","0","58.14","32.45"
"10","002","00","001","0111","0034","520","335","185","66","586","1090","0","53.76","30.73"
"10","002","00","001","0112","0000","631","382","249","102","733","1283","0","57.13","29.77"
"10","002","00","001","0112","0032","631","382","249","102","733","1283","0","57.13","29.77"
"10","002","00","001","0113","0000","901","555","346","139","1040","1815","0","57.3","30.58"
"10","002","00","001","0113","0051","436","258","178","70","506","905","0","55.91","28.51"
"10","002","00","001","0113","0052","465","297","168","69","534","910","0","58.68","32.64"
"10","002","00","001","0114","0000","1153","691","462","117","1270","2214","0","57.36","31.21"
"10","002","00","001","0114","0046","573","339","234","54","627","1110","0","56.49","30.54"
"10","002","00","001","0114","0047","580","352","228","63","643","1104","0","58.24","31.88"
"10","002","00","001","0115","0000","1695","1037","658","136","1831","3262","0","56.13","31.79"
"10","002","00","001","0115","0040","548","340","208","64","612","1084","0","56.46","31.37"
"10","002","00","001","0115","0041","562","327","235","33","595","1095","0","54.34","29.86"
"10","002","00","001","0115","0042","585","370","215","39","624","1083","0","57.62","34.16"
"10","002","00","001","0116","0000","611","390","221","63","674","1434","0","47.0","27.2"
"10","002","00","001","0116","0053","611","390","221","63","674","1434","0","47.0","27.2"
"10","002","00","001","0117","0000","863","495","368","95","958","1803","0","53.13","27.45"
"10","002","00","001","0117","0059","433","247","186","35","468","909","0","51.49","27.17"
"10","002","00","001","0117","0060","430","248","182","60","490","894","0","54.81","27.74"
"10","002","00","001","0118","0000","875","494","381","132","1007","1560","0","64.55","31.67"
"10","002","00","001","0118","0027","413","236","177","47","460","727","0","63.27","32.46"
"10","002","00","001","0118","0028","462","258","204","85","547","833","0","65.67","30.97"
"10","002","00","001","0119","0000","520","294","226","59","579","966","0","59.94","30.43"
"10","002","00","001","0119","0055","520","294","226","59","579","966","0","59.94","30.43"
"10","002","00","001","0121","0000","839","486","353","112","951","1595","0","59.62","30.47"
"10","002","00","001","0121","0056","363","206","157","52","415","711","0","58.37","28.97"
"10","002","00","001","0121","0057","476","280","196","60","536","884","0","60.63","31.67"
"10","002","00","001","0122","0000","684","380","304","81","765","1326","0","57.69","28.66"
"10","002","00","001","0122","0058","684","380","304","81","765","1326","0","57.69","28.66"
"10","002","00","001","0123","0000","547","396","151","90","637","1152","0","55.3","34.38"
"10","002","00","001","0123","0054","547","396","151","90","637","1152","0","55.3","34.38"
"10","002","00","001","0124","0000","1348","825","523","149","1497","2584","0","57.93","31.93"
"10","002","00","001","0124","0064","701","418","283","104","805","1454","0","55.36","28.75"
"10","002","00","001","0124","0065","647","407","240","45","692","1130","0","61.24","36.02"
"10","002","00","001","0125","0000","973","623","350","107","1080","2025","0","53.33","30.77"
"10","002","00","001","0125","0066","460","297","163","40","500","1087","0","46.0","27.32"
"10","002","00","001","0125","0067","513","326","187","67","580","938","0","61.83","34.75"
"10","002","00","001","0126","0000","1104","667","437","104","1208","2237","0","54.0","29.82"
"10","002","00","001","0126","0068","655","403","252","62","717","1285","0","55.8","31.36"
"10","002","00","001","0126","0069","449","264","185","42","491","952","0","51.58","27.73"
"10","002","00","001","0127","0000","1574","889","685","208","1782","3123","0","57.06","28.47"
"10","002","00","001","0127","0070","519","296","223","52","571","948","0","60.23","31.22"
"10","002","00","001","0127","0071","532","305","227","76","608","1160","0","52.41","26.29"
"10","002","00","001","0127","0072","523","288","235","80","603","1015","0","59.41","28.37"
"10","002","00","001","0128","0000","581","303","278","93","674","1162","0","58.0","26.08"
"10","002","00","001","0128","0078","581","303","278","93","674","1162","0","58.0","26.08"
"10","002","00","001","0131","0000","444","255","189","72","516","959","0","53.81","26.59"
"10","002","00","001","0131","0075","444","255","189","72","516","959","0","53.81","26.59"
"10","002","00","001","0132","0000","910","500","410","126","1036","1699","0","60.98","29.43"
"10","002","00","001","0132","0076","454","264","190","56","510","814","0","62.65","32.43"
"10","002","00","001","0132","0077","456","236","220","70","526","885","0","59.44","26.67"
"10","002","00","001","0134","0000","720","428","292","108","828","1388","0","59.65","30.84"
"10","002","00","001","0134","0073","238","147","91","26","264","424","0","62.26","34.67"
"10","002","00","001","0134","0074","482","281","201","82","564","964","0","58.51","29.15"
"10","002","00","001","0135","0000","1469","886","583","160","1629","2933","0","55.54","30.21"
"10","002","00","001","0135","0007","467","273","194","42","509","912","0","55.81","29.93"
"10","002","00","001","0135","0008","679","429","250","73","752","1335","0","56.33","32.13"
"10","002","00","001","0135","0009","323","184","139","45","368","686","0","53.64","26.82"
"10","002","00","001","0136","0000","1108","682","426","116","1224","2252","0","54.35","30.28"
"10","002","00","001","0136","0001","487","282","205","36","523","982","0","53.26","28.72"
"10","002","00","001","0136","0002","621","400","221","80","701","1270","0","55.2","31.5"
"10","002","00","001","0137","0000","854","508","346","51","905","1605","0","56.39","31.65"
"10","002","00","001","0137","0003","439","261","178","26","465","849","0","54.77","30.74"
"10","002","00","001","0137","0004","415","247","168","25","440","756","0","58.2","32.67"
"10","002","00","001","0138","0000","2327","1391","936","193","2520","4269","0","59.03","32.58"
"10","002","00","001","0138","0010","786","471","315","74","860","1366","0","62.96","34.48"
"10","002","00","001","0138","0011","728","422","306","47","775","1363","0","56.86","30.96"
"10","002","00","001","0138","0012","813","498","315","72","885","1540","0","57.47","32.34"
"10","002","00","001","0139","0000","1488","880","608","177","1665","3045","0","54.68","28.9"
"10","002","00","001","0139","0015","435","258","177","75","510","900","0","56.67","28.67"
"10","002","00","001","0139","0016","456","272","184","54","510","980","0","52.04","27.76"
"10","002","00","001","0139","0017","597","350","247","48","645","1165","0","55.36","30.04"
"10","002","00","001","0140","0000","1388","709","679","121","1509","2695","0","55.99","26.31"
"10","002","00","001","0140","0018","474","301","173","33","507","904","0","56.08","33.3"
"10","002","00","001","0140","0019","423","108","315","37","460","813","0","56.58","13.28"
"10","002","00","001","0140","0020","491","300","191","51","542","978","0","55.42","30.67"
"10","002","00","001","0141","0000","1544","908","636","151","1695","3051","0","55.56","29.76"
"10","002","00","001","0141","0043","532","292","240","63","595","1108","0","53.7","26.35"
"10","002","00","001","0141","0044","459","281","178","34","493","848","0","58.14","33.14"
"10","002","00","001","0141","0045","553","335","218","54","607","1095","0","55.43","30.59"
"10","002","00","001","0142","0000","1644","998","646","187","1831","3156","0","58.02","31.62"
"10","002","00","001","0142","0048","581","362","219","63","644","1134","0","56.79","31.92"
"10","002","00","001","0142","0049","601","361","240","59","660","1146","0","57.59","31.5"
"10","002","00","001","0142","0050","462","275","187","65","527","876","0","60.16","31.39"
"10","002","00","001","0143","0000","1312","817","495","104","1416","2550","0","55.53","32.04"
"10","002","00","001","0143","0013","689","428","261","40","729","1341","0","54.36","31.92"
"10","002","00","001","0143","0014","623","389","234","64","687","1209","0","56.82","32.18"
"10","002","00","001","0144","0000","940","583","357","111","1051","2000","0","52.55","29.15"
"10","002","00","001","0144","0005","506","320","186","51","557","1107","0","50.32","28.91"
"10","002","00","001","0144","0006","434","263","171","60","494","893","0","55.32","29.45"
"10","002","00","001","0145","0000","436","239","197","63","499","762","0","65.49","31.36"
"10","002","00","001","0145","0026","436","239","197","63","499","762","0","65.49","31.36"
"10","002","00","001","0146","0000","1382","770","612","146","1528","2915","0","52.42","26.42"
"10","002","00","001","0146","0061","573","344","229","64","637","1259","0","50.6","27.32"
"10","002","00","001","0146","0062","375","227","148","41","416","789","0","52.72","28.77"
"10","002","00","001","0146","0063","434","199","235","41","475","867","0","54.79","22.95"
"10","002","00","001","0147","0000","1606","944","662","167","1773","2913","0","60.87","32.41"
"10","002","00","001","0147","0037","547","331","216","44","591","968","0","61.05","34.19"
"10","002","00","001","0147","0038","523","312","211","47","570","926","0","61.56","33.69"
"10","002","00","001","0147","0039","536","301","235","76","612","1019","0","60.06","29.54"
"10","002","00","002","0000","0000","29794","17459","12335","3348","33142","57686","72457","57.45","30.27"
"10","002","00","002","0204","0000","733","432","301","87","820","1475","0","55.59","29.29"
"10","002","00","002","0204","0081","733","432","301","87","820","1475","0","55.59","29.29"
"10","002","00","002","0205","0000","1721","993","728","216","1937","3504","0","55.28","28.34"
"10","002","00","002","0205","0082","702","417","285","95","797","1466","0","54.37","28.44"
"10","002","00","002","0205","0083","546","314","232","57","603","1075","0","56.09","29.21"
"10","002","00","002","0205","0084","473","262","211","64","537","963","0","55.76","27.21"
"10","002","00","002","0206","0000","1302","704","598","145","1447","2677","0","54.05","26.3"
"10","002","00","002","0206","0085","714","406","308","99","813","1511","0","53.81","26.87"
"10","002","00","002","0206","0086","588","298","290","46","634","1166","0","54.37","25.56"
"10","002","00","002","0207","0000","1501","902","599","145","1646","3008","0","54.72","29.99"
"10","002","00","002","0207","0087","647","400","247","87","734","1273","0","57.66","31.42"
"10","002","00","002","0207","0088","854","502","352","58","912","1735","0","52.56","28.93"
"10","002","00","002","0208","0000","1195","711","484","152","1347","2324","0","57.96","30.59"
"10","002","00","002","0208","0089","742","454","288","100","842","1487","0","56.62","30.53"
"10","002","00","002","0208","0090","453","257","196","52","505","837","0","60.33","30.7"
"10","002","00","002","0209","0000","714","374","340","74","788","1312","0","60.06","28.51"
"10","002","00","002","0209","0091","714","374","340","74","788","1312","0","60.06","28.51"
"10","002","00","002","0210","0000","701","413","288","100","801","1502","0","53.33","27.5"
"10","002","00","002","0210","0092","701","413","288","100","801","1502","0","53.33","27.5"
"10","002","00","002","0211","0000","550","326","224","41","591","1138","0","51.93","28.65"
"10","002","00","002","0211","0093","550","326","224","41","591","1138","0","51.93","28.65"
"10","002","00","002","0216","0000","1783","1020","763","228","2011","3681","0","54.63","27.71"
"10","002","00","002","0216","0096","546","318","228","59","605","1089","0","55.56","29.2"
"10","002","00","002","0216","0097","640","363","277","72","712","1304","0","54.6","27.84"
"10","002","00","002","0216","0098","597","339","258","97","694","1288","0","53.88","26.32"
"10","002","00","002","0217","0000","1499","876","623","162","1661","2850","0","58.28","30.74"
"10","002","00","002","0217","0102","739","423","316","101","840","1420","0","59.15","29.79"
"10","002","00","002","0217","0103","760","453","307","61","821","1430","0","57.41","31.68"
"10","002","00","002","0218","0000","1456","862","594","172","1628","2804","0","58.06","30.74"
"10","002","00","002","0218","0104","559","343","216","74","633","1075","0","58.88","31.91"
"10","002","00","002","0218","0105","466","274","192","57","523","879","0","59.5","31.17"
"10","002","00","002","0218","0106","431","245","186","41","472","850","0","55.53","28.82"
"10","002","00","002","0219","0000","1860","1143","717","187","2047","3623","0","56.5","31.55"
"10","002","00","002","0219","0111","727","455","272","78","805","1431","0","56.25","31.8"
"10","002","00","002","0219","0112","578","353","225","55","633","1109","0","57.08","31.83"
"10","002","00","002","0219","0113","555","335","220","54","609","1083","0","56.23","30.93"
"10","002","00","002","0220","0000","1409","816","593","148","1557","2692","0","57.84","30.31"
"10","002","00","002","0220","0114","739","410","329","76","815","1404","0","58.05","29.2"
"10","002","00","002","0220","0115","670","406","264","72","742","1288","0","57.61","31.52"
"10","002","00","002","0221","0000","493","278","215","54","547","1183","0","46.24","23.5"
"10","002","00","002","0221","0116","493","278","215","54","547","1183","0","46.24","23.5"
"10","002","00","002","0222","0000","1575","904","671","160","1735","2865","0","60.56","31.55"
"10","002","00","002","0222","0117","608","343","265","53","661","1105","0","59.82","31.04"
"10","002","00","002","0222","0118","549","318","231","55","604","987","0","61.2","32.22"
"10","002","00","002","0222","0119","418","243","175","52","470","773","0","60.8","31.44"
"10","002","00","002","0223","0000","1466","849","617","211","1677","2926","0","57.31","29.02"
"10","002","00","002","0223","0123","471","268","203","97","568","977","0","58.14","27.43"
"10","002","00","002","0223","0124","468","263","205","62","530","972","0","54.53","27.06"
"10","002","00","002","0223","0125","527","318","209","52","579","977","0","59.26","32.55"
"10","002","00","002","0224","0000","1890","1119","771","189","2079","3551","0","58.55","31.51"
"10","002","00","002","0224","0126","743","439","304","76","819","1398","0","58.58","31.4"
"10","002","00","002","0224","0127","531","315","216","44","575","1022","0","56.26","30.82"
"10","002","00","002","0224","0128","616","365","251","69","685","1131","0","60.57","32.27"
"10","002","00","002","0225","0000","2012","1225","787","158","2170","3431","0","63.25","35.7"
"10","002","00","002","0225","0120","805","483","322","63","868","1366","0","63.54","35.36"
"10","002","00","002","0225","0121","549","357","192","35","584","907","0","64.39","39.36"
"10","002","00","002","0225","0122","658","385","273","60","718","1158","0","62.0","33.25"
"10","002","00","002","0226","0000","2407","1442","965","240","2647","4360","0","60.71","33.07"
"10","002","00","002","0226","0107","604","369","235","58","662","1111","0","59.59","33.21"
"10","002","00","002","0226","0108","650","413","237","60","710","1139","0","62.34","36.26"
"10","002","00","002","0226","0109","623","360","263","71","694","1130","0","61.42","31.86"
"10","002","00","002","0226","0110","530","300","230","51","581","980","0","59.29","30.61"
"10","002","00","002","0227","0000","1642","980","662","207","1849","2990","0","61.84","32.78"
"10","002","00","002","0227","0099","576","337","239","65","641","1036","0","61.87","32.53"
"10","002","00","002","0227","0100","535","334","201","79","614","969","0","63.36","34.47"
"10","002","00","002","0227","0101","531","309","222","63","594","985","0","60.3","31.37"
"10","002","00","002","0228","0000","716","417","299","87","803","1407","0","57.07","29.64"
"10","002","00","002","0228","0079","359","202","157","47","406","689","0","58.93","29.32"
"10","002","00","002","0228","0080","357","215","142","40","397","718","0","55.29","29.94"
"10","002","00","002","0229","0000","666","370","296","125","791","1373","0","57.61","26.95"
"10","002","00","002","0229","0095","666","370","296","125","791","1373","0","57.61","26.95"
"10","002","00","002","0230","0000","503","303","200","60","563","1010","0","55.74","30.0"
"10","002","00","002","0230","0094","503","303","200","60","563","1010","0","55.74","30.0"
"10","002","00","003","0000","0000","16715","10050","6665","2561","19276","34512","39785","55.85","29.12"
"10","002","00","003","0301","0000","1700","1003","697","204","1904","3364","0","56.6","29.82"
"10","002","00","003","0301","0129","596","329","267","80","676","1194","0","56.62","27.55"
"10","002","00","003","0301","0130","531","313","218","55","586","1128","0","51.95","27.75"
"10","002","00","003","0301","0131","573","361","212","69","642","1042","0","61.61","34.64"
"10","002","00","003","0302","0000","533","318","215","53","586","997","0","58.78","31.9"
"10","002","00","003","0302","0132","533","318","215","53","586","997","0","58.78","31.9"
"10","002","00","003","0303","0000","1842","1167","675","303","2145","3693","0","58.08","31.6"
"10","002","00","003","0303","0133","663","419","244","73","736","1303","0","56.49","32.16"
"10","002","00","003","0303","0134","652","411","241","94","746","1260","0","59.21","32.62"
"10","002","00","003","0303","0135","527","337","190","136","663","1130","0","58.67","29.82"
"10","002","00","003","0304","0000","421","249","172","81","502","910","0","55.16","27.36"
"10","002","00","003","0304","0136","268","151","117","47","315","559","0","56.35","27.01"
"10","002","00","003","0304","0137","153","98","55","34","187","351","0","53.28","27.92"
"10","002","00","003","0305","0000","623","365","258","109","732","1323","0","55.33","27.59"
"10","002","00","003","0305","0138","425","258","167","65","490","889","0","55.12","29.02"
"10","002","00","003","0305","0139","198","107","91","44","242","434","0","55.76","24.65"
"10","002","00","003","0307","0000","1512","871","641","213","1725","2945","0","58.57","29.58"
"10","002","00","003","0307","0140","453","248","205","37","490","835","0","58.68","29.7"
"10","002","00","003","0307","0141","490","284","206","66","556","975","0","57.03","29.13"
"10","002","00","003","0307","0142","569","339","230","110","679","1135","0","59.82","29.87"
"10","002","00","003","0308","0000","666","376","290","96","762","1257","0","60.62","29.91"
"10","002","00","003","0308","0143","455","255","200","57","512","788","0","64.97","32.36"
"10","002","00","003","0308","0144","211","121","90","39","250","469","0","53.3","25.8"
"10","002","00","003","0309","0000","1094","677","417","161","1255","2300","0","54.57","29.43"
"10","002","00","003","0309","0148","534","339","195","70","604","1146","0","52.71","29.58"
"10","002","00","003","0309","0149","560","338","222","91","651","1154","0","56.41","29.29"
"10","002","00","003","0310","0000","1198","709","489","136","1334","2398","0","55.63","29.57"
"10","002","00","003","0310","0150","426","243","183","33","459","908","0","50.55","26.76"
"10","002","00","003","0310","0151","336","212","124","29","365","656","0","55.64","32.32"
"10","002","00","003","0310","0152","436","254","182","74","510","834","0","61.15","30.46"
"10","002","00","003","0311","0000","562","347","215","51","613","1025","0","59.8","33.85"
"10","002","00","003","0311","0153","562","347","215","51","613","1025","0","59.8","33.85"
"10","002","00","003","0312","0000","246","134","112","21","267","455","0","58.68","29.45"
"10","002","00","003","0312","0154","246","134","112","21","267","455","0","58.68","29.45"
"10","002","00","003","0313","0000","273","155","118","40","313","535","0","58.5","28.97"
"10","002","00","003","0313","0155","273","155","118","40","313","535","0","58.5","28.97"
"10","002","00","003","0314","0000","300","165","135","40","340","536","0","63.43","30.78"
"10","002","00","003","0314","0156","300","165","135","40","340","536","0","63.43","30.78"
"10","002","00","003","0315","0000","256","149","107","19","275","451","0","60.98","33.04"
"10","002","00","003","0315","0157","256","149","107","19","275","451","0","60.98","33.04"
"10","002","00","003","0316","0000","282","178","104","50","332","593","0","55.99","30.02"
"10","002","00","003","0316","0158","282","178","104","50","332","593","0","55.99","30.02"
"10","002","00","003","0317","0000","219","140","79","30","249","441","0","56.46","31.75"
"10","002","00","003","0317","0159","219","140","79","30","249","441","0","56.46","31.75"
"10","002","00","003","0318","0000","472","288","184","75","547","954","0","57.34","30.19"
"10","002","00","003","0318","0160","472","288","184","75","547","954","0","57.34","30.19"
"10","002","00","003","0319","0000","423","257","166","96","519","952","0","54.52","27.0"
"10","002","00","003","0319","0161","423","257","166","96","519","952","0","54.52","27.0"
"10","002","00","003","0320","0000","488","291","197","102","590","1125","0","52.44","25.87"
"10","002","00","003","0320","0162","488","291","197","102","590","1125","0","52.44","25.87"
"10","002","00","003","0321","0000","584","371","213","162","746","1469","0","50.78","25.26"
"10","002","00","003","0321","0163","339","217","122","94","433","763","0","56.75","28.44"
"10","002","00","003","0321","0164","245","154","91","68","313","706","0","44.33","21.81"
"10","002","00","003","0322","0000","434","246","188","82","516","1068","0","48.31","23.03"
"10","002","00","003","0322","0165","434","246","188","82","516","1068","0","48.31","23.03"
"10","002","00","003","0323","0000","542","323","219","174","716","1240","0","57.74","26.05"
"10","002","00","003","0323","0166","313","191","122","75","388","666","0","58.26","28.68"
"10","002","00","003","0323","0167","229","132","97","99","328","574","0","57.14","23.0"
"10","002","00","003","0324","0000","118","53","65","16","134","351","0","38.18","15.1"
"10","002","00","003","0324","0168","118","53","65","16","134","351","0","38.18","15.1"
"10","002","00","003","0325","0000","349","229","120","55","404","717","0","56.35","31.94"
"10","002","00","003","0325","0169","349","229","120","55","404","717","0","56.35","31.94"
"10","002","00","003","0326","0000","193","132","61","37","230","596","0","38.59","22.15"
"10","002","00","003","0326","0170","129","84","45","24","153","373","0","41.02","22.52"
"10","002","00","003","0326","0171","64","48","16","13","77","223","0","34.53","21.52"
"10","002","00","003","0327","0000","1385","857","528","155","1540","2817","0","54.67","30.42"
"10","002","00","003","0327","0145","377","230","147","54","431","811","0","53.14","28.36"
"10","002","00","003","0327","0146","431","252","179","37","468","867","0","53.98","29.07"
"10","002","00","003","0327","0147","577","375","202","64","641","1139","0","56.28","32.92"
"10","002","00","004","0000","0000","11964","6953","5011","1829","13793","25135","29173","54.88","27.66"
"10","002","00","004","0401","0000","91","58","33","17","108","292","0","36.99","19.86"
"10","002","00","004","0401","0172","91","58","33","17","108","292","0","36.99","19.86"
"10","002","00","004","0402","0000","301","183","118","69","370","688","0","53.78","26.6"
"10","002","00","004","0402","0173","301","183","118","69","370","688","0","53.78","26.6"
"10","002","00","004","0403","0000","376","211","165","74","450","879","0","51.19","24.0"
"10","002","00","004","0403","0175","376","211","165","74","450","879","0","51.19","24.0"
"10","002","00","004","0404","0000","172","95","77","32","204","335","0","60.9","28.36"
"10","002","00","004","0404","0176","172","95","77","32","204","335","0","60.9","28.36"
"10","002","00","004","0405","0000","605","314","291","132","737","1356","0","54.35","23.16"
"10","002","00","004","0405","0177","322","146","176","71","393","624","0","62.98","23.4"
"10","002","00","004","0405","0178","283","168","115","61","344","732","0","46.99","22.95"
"10","002","00","004","0406","0000","346","206","140","73","419","892","0","46.97","23.09"
"10","002","00","004","0406","0179","346","206","140","73","419","892","0","46.97","23.09"
"10","002","00","004","0407","0000","277","159","118","35","312","690","0","45.22","23.04"
"10","002","00","004","0407","0180","277","159","118","35","312","690","0","45.22","23.04"
"10","002","00","004","0408","0000","753","444","309","109","862","1578","0","54.63","28.14"
"10","002","00","004","0408","0181","394","233","161","58","452","842","0","53.68","27.67"
"10","002","00","004","0408","0182","359","211","148","51","410","736","0","55.71","28.67"
"10","002","00","004","0409","0000","592","341","251","89","681","1348","0","50.52","25.3"
"10","002","00","004","0409","0183","350","209","141","43","393","788","0","49.87","26.52"
"10","002","00","004","0409","0184","242","132","110","46","288","560","0","51.43","23.57"
"10","002","00","004","0410","0000","367","231","136","57","424","712","0","59.55","32.44"
"10","002","00","004","0410","0185","367","231","136","57","424","712","0","59.55","32.44"
"10","002","00","004","0411","0000","286","163","123","35","321","502","0","63.94","32.47"
"10","002","00","004","0411","0186","286","163","123","35","321","502","0","63.94","32.47"
"10","002","00","004","0412","0000","323","185","138","36","359","569","0","63.09","32.51"
"10","002","00","004","0412","0187","323","185","138","36","359","569","0","63.09","32.51"
"10","002","00","004","0413","0000","319","179","140","42","361","633","0","57.03","28.28"
"10","002","00","004","0413","0188","319","179","140","42","361","633","0","57.03","28.28"
"10","002","00","004","0414","0000","874","505","369","154","1028","2167","0","47.44","23.3"
"10","002","00","004","0414","0189","453","256","197","80","533","1132","0","47.08","22.61"
"10","002","00","004","0414","0190","421","249","172","74","495","1035","0","47.83","24.06"
"10","002","00","004","0415","0000","1039","591","448","129","1168","2019","0","57.85","29.27"
"10","002","00","004","0415","0191","446","246","200","58","504","847","0","59.5","29.04"
"10","002","00","004","0415","0192","593","345","248","71","664","1172","0","56.66","29.44"
"10","002","00","004","0416","0000","1005","586","419","86","1091","1971","0","55.35","29.73"
"10","002","00","004","0416","0193","429","255","174","40","469","896","0","52.34","28.46"
"10","002","00","004","0416","0194","576","331","245","46","622","1075","0","57.86","30.79"
"10","002","00","004","0417","0000","474","255","219","75","549","931","0","58.97","27.39"
"10","002","00","004","0417","0195","474","255","219","75","549","931","0","58.97","27.39"
"10","002","00","004","0418","0000","782","496","286","130","912","1730","0","52.72","28.67"
"10","002","00","004","0418","0196","491","319","172","71","562","1021","0","55.04","31.24"
"10","002","00","004","0418","0197","291","177","114","59","350","709","0","49.37","24.96"
"10","002","00","004","0419","0000","398","231","167","44","442","689","0","64.15","33.53"
"10","002","00","004","0419","0198","398","231","167","44","442","689","0","64.15","33.53"
"10","002","00","004","0420","0000","686","443","243","114","800","1374","0","58.22","32.24"
"10","002","00","004","0420","0199","330","209","121","55","385","615","0","62.6","33.98"
"10","002","00","004","0420","0200","356","234","122","59","415","759","0","54.68","30.83"
"10","002","00","004","0421","0000","487","276","211","73","560","917","0","61.07","30.1"
"10","002","00","004","0421","0201","487","276","211","73","560","917","0","61.07","30.1"
"10","002","00","004","0422","0000","515","304","211","84","599","1045","0","57.32","29.09"
"10","002","00","004","0422","0202","515","304","211","84","599","1045","0","57.32","29.09"
"10","002","00","004","0423","0000","550","295","255","90","640","1130","0","56.64","26.11"
"10","002","00","004","0423","0203","550","295","255","90","640","1130","0","56.64","26.11"
"10","002","00","004","0424","0000","346","202","144","50","396","688","0","57.56","29.36"
"10","002","00","004","0424","0174","346","202","144","50","396","688","0","57.56","29.36"
"10","002","00","005","0000","0000","14807","8806","6001","1847","16654","31084","35668","53.58","28.33"
"10","002","00","005","0501","0000","703","428","275","96","799","1627","0","49.11","26.31"
"10","002","00","005","0501","0204","477","298","179","55","532","1122","0","47.42","26.56"
"10","002","00","005","0501","0205","226","130","96","41","267","505","0","52.87","25.74"
"10","002","00","005","0502","0000","919","609","310","107","1026","1959","0","52.37","31.09"
"10","002","00","005","0502","0206","450","258","192","61","511","988","0","51.72","26.11"
"10","002","00","005","0502","0207","469","351","118","46","515","971","0","53.04","36.15"
"10","002","00","005","0503","0000","1764","1021","743","151","1915","4033","0","47.48","25.32"
"10","002","00","005","0503","0208","552","324","228","68","620","1246","0","49.76","26.0"
"10","002","00","005","0503","0209","722","410","312","55","777","1655","0","46.95","24.77"
"10","002","00","005","0503","0210","490","287","203","28","518","1132","0","45.76","25.35"
"10","002","00","005","0504","0000","1255","731","524","138","1393","2559","0","54.44","28.57"
"10","002","00","005","0504","0211","402","237","165","37","439","783","0","56.07","30.27"
"10","002","00","005","0504","0212","446","247","199","52","498","928","0","53.66","26.62"
"10","002","00","005","0504","0213","407","247","160","49","456","848","0","53.77","29.13"
"10","002","00","005","0505","0000","364","229","135","53","417","663","0","62.9","34.54"
"10","002","00","005","0505","0214","364","229","135","53","417","663","0","62.9","34.54"
"10","002","00","005","0506","0000","733","455","278","73","806","1441","0","55.93","31.58"
"10","002","00","005","0506","0215","316","199","117","25","341","608","0","56.09","32.73"
"10","002","00","005","0506","0216","417","256","161","48","465","833","0","55.82","30.73"
"10","002","00","005","0507","0000","522","297","225","41","563","1233","0","45.66","24.09"
"10","002","00","005","0507","0217","522","297","225","41","563","1233","0","45.66","24.09"
"10","002","00","005","0508","0000","690","417","273","92","782","1429","0","54.72","29.18"
"10","002","00","005","0508","0218","425","261","164","54","479","854","0","56.09","30.56"
"10","002","00","005","0508","0219","265","156","109","38","303","575","0","52.7","27.13"
"10","002","00","005","0509","0000","1068","637","431","146","1214","2140","0","56.73","29.77"
"10","002","00","005","0509","0220","408","234","174","60","468","835","0","56.05","28.02"
"10","002","00","005","0509","0221","660","403","257","86","746","1305","0","57.16","30.88"
"10","002","00","005","0510","0000","1142","652","490","206","1348","2402","0","56.12","27.14"
"10","002","00","005","0510","0222","383","219","164","77","460","830","0","55.42","26.39"
"10","002","00","005","0510","0223","366","216","150","61","427","649","0","65.79","33.28"
"10","002","00","005","0510","0224","393","217","176","68","461","923","0","49.95","23.51"
"10","002","00","005","0511","0000","475","306","169","59","534","1177","0","45.37","26.0"
"10","002","00","005","0511","0225","475","306","169","59","534","1177","0","45.37","26.0"
"10","002","00","005","0512","0000","411","264","147","51","462","840","0","55.0","31.43"
"10","002","00","005","0512","0226","411","264","147","51","462","840","0","55.0","31.43"
"10","002","00","005","0513","0000","517","293","224","59","576","1051","0","54.8","27.88"
"10","002","00","005","0513","0227","517","293","224","59","576","1051","0","54.8","27.88"
"10","002","00","005","0514","0000","591","369","222","73","664","1339","0","49.59","27.56"
"10","002","00","005","0514","0228","591","369","222","73","664","1339","0","49.59","27.56"
"10","002","00","005","0515","0000","1273","735","538","203","1476","2508","0","58.85","29.31"
"10","002","00","005","0515","0229","618","384","234","84","702","1194","0","58.79","32.16"
"10","002","00","005","0515","0230","655","351","304","119","774","1314","0","58.9","26.71"
"10","002","00","005","0516","0000","1656","950","706","214","1870","3311","0","56.48","28.69"
"10","002","00","005","0516","0231","558","313","245","42","600","1125","0","53.33","27.82"
"10","002","00","005","0516","0232","627","375","252","95","722","1207","0","59.82","31.07"
"10","002","00","005","0516","0233","471","262","209","77","548","979","0","55.98","26.76"
"10","002","00","005","0517","0000","508","295","213","77","585","954","0","61.32","30.92"
"10","002","00","005","0517","0234","508","295","213","77","585","954","0","61.32","30.92"
"10","002","00","005","0518","0000","216","118","98","8","224","418","0","53.59","28.23"
"10","002","00","005","0518","0235","216","118","98","8","224","418","0","53.59","28.23"
"10","002","00","006","0000","0000","10550","6234","4316","1720","12270","21447","24315","57.21","29.07"
"10","002","00","006","0601","0000","1284","750","534","202","1486","2484","0","59.82","30.19"
"10","002","00","006","0601","0236","737","438","299","125","862","1435","0","60.07","30.52"
"10","002","00","006","0601","0237","547","312","235","77","624","1049","0","59.49","29.74"
"10","002","00","006","0602","0000","850","496","354","158","1008","1835","0","54.93","27.03"
"10","002","00","006","0602","0239","395","223","172","103","498","868","0","57.37","25.69"
"10","002","00","006","0602","0240","455","273","182","55","510","967","0","52.74","28.23"
"10","002","00","006","0603","0000","492","278","214","84","576","940","0","61.28","29.57"
"10","002","00","006","0603","0241","492","278","214","84","576","940","0","61.28","29.57"
"10","002","00","006","0604","0000","389","255","134","62","451","975","0","46.26","26.15"
"10","002","00","006","0604","0242","389","255","134","62","451","975","0","46.26","26.15"
"10","002","00","006","0605","0000","772","461","311","183","955","1605","0","59.5","28.72"
"10","002","00","006","0605","0243","402","224","178","86","488","797","0","61.23","28.11"
"10","002","00","006","0605","0244","370","237","133","97","467","808","0","57.8","29.33"
"10","002","00","006","0606","0000","710","422","288","146","856","1523","0","56.2","27.71"
"10","002","00","006","0606","0245","434","247","187","106","540","911","0","59.28","27.11"
"10","002","00","006","0606","0246","276","175","101","40","316","612","0","51.63","28.59"
"10","002","00","006","0607","0000","424","241","183","81","505","790","0","63.92","30.51"
"10","002","00","006","0607","0247","424","241","183","81","505","790","0","63.92","30.51"
"10","002","00","006","0608","0000","1175","691","484","187","1362","2338","0","58.25","29.56"
"10","002","00","006","0608","0248","446","270","176","78","524","878","0","59.68","30.75"
"10","002","00","006","0608","0249","409","242","167","63","472","723","0","65.28","33.47"
"10","002","00","006","0608","0250","320","179","141","46","366","737","0","49.66","24.29"
"10","002","00","006","0609","0000","783","472","311","76","859","1581","0","54.33","29.85"
"10","002","00","006","0609","0251","343","203","140","70","413","686","0","60.2","29.59"
"10","002","00","006","0609","0252","440","269","171","6","446","895","0","49.83","30.06"
"10","002","00","006","0610","0000","666","386","280","89","755","1237","0","61.03","31.2"
"10","002","00","006","0610","0253","666","386","280","89","755","1237","0","61.03","31.2"
"10","002","00","006","0611","0000","1089","678","411","171","1260","2241","0","56.22","30.25"
"10","002","00","006","0611","0254","564","362","202","86","650","1134","0","57.32","31.92"
"10","002","00","006","0611","0255","525","316","209","85","610","1107","0","55.1","28.55"
"10","002","00","006","0612","0000","538","310","228","70","608","1057","0","57.52","29.33"
"10","002","00","006","0612","0256","538","310","228","70","608","1057","0","57.52","29.33"
"10","002","00","006","0613","0000","827","495","332","107","934","1773","0","52.68","27.92"
"10","002","00","006","0613","0257","489","286","203","46","535","1051","0","50.9","27.21"
"10","002","00","006","0613","0258","338","209","129","61","399","722","0","55.26","28.95"
"10","002","00","006","0614","0000","551","299","252","104","655","1068","0","61.33","28.0"
"10","002","00","006","0614","0238","551","299","252","104","655","1068","0","61.33","28.0"
"10","002","00","007","0000","0000","12991","7442","5549","2074","15065","28131","32281","53.55","26.45"
"10","002","00","007","0701","0000","2620","1570","1050","306","2926","5648","0","51.81","27.8"
"10","002","00","007","0701","0259","650","406","244","54","704","1393","0","50.54","29.15"
"10","002","00","007","0701","0260","425","237","188","40","465","895","0","51.96","26.48"
"10","002","00","007","0701","0261","561","332","229","102","663","1231","0","53.86","26.97"
"10","002","00","007","0701","0262","511","313","198","48","559","1098","0","50.91","28.51"
"10","002","00","007","0701","0263","473","282","191","62","535","1031","0","51.89","27.35"
"10","002","00","007","0702","0000","961","400","561","144","1105","2198","0","50.27","18.2"
"10","002","00","007","0702","0264","470","167","303","85","555","1030","0","53.88","16.21"
"10","002","00","007","0702","0265","491","233","258","59","550","1168","0","47.09","19.95"
"10","002","00","007","0703","0000","762","438","324","148","910","1587","0","57.34","27.6"
"10","002","00","007","0703","0266","381","220","161","78","459","809","0","56.74","27.19"
"10","002","00","007","0703","0267","381","218","163","70","451","778","0","57.97","28.02"
"10","002","00","007","0704","0000","742","459","283","102","844","1465","0","57.61","31.33"
"10","002","00","007","0704","0268","742","459","283","102","844","1465","0","57.61","31.33"
"10","002","00","007","0705","0000","914","545","369","142","1056","1839","0","57.42","29.64"
"10","002","00","007","0705","0269","502","300","202","76","578","979","0","59.04","30.64"
"10","002","00","007","0705","0270","412","245","167","66","478","860","0","55.58","28.49"
"10","002","00","007","0706","0000","501","287","214","101","602","1205","0","49.96","23.82"
"10","002","00","007","0706","0271","501","287","214","101","602","1205","0","49.96","23.82"
"10","002","00","007","0707","0000","703","420","283","156","859","1494","0","57.5","28.11"
"10","002","00","007","0707","0272","499","309","190","117","616","1082","0","56.93","28.56"
"10","002","00","007","0707","0273","204","111","93","39","243","412","0","58.98","26.94"
"10","002","00","007","0708","0000","251","143","108","40","291","635","0","45.83","22.52"
"10","002","00","007","0708","0274","161","89","72","26","187","403","0","46.4","22.08"
"10","002","00","007","0708","0275","90","54","36","14","104","232","0","44.83","23.28"
"10","002","00","007","0709","0000","878","513","365","124","1002","1838","0","54.52","27.91"
"10","002","00","007","0709","0276","454","265","189","50","504","944","0","53.39","28.07"
"10","002","00","007","0709","0277","424","248","176","74","498","894","0","55.7","27.74"
"10","002","00","007","0710","0000","654","378","276","101","755","1356","0","55.68","27.88"
"10","002","00","007","0710","0278","654","378","276","101","755","1356","0","55.68","27.88"
"10","002","00","007","0711","0000","1144","601","543","203","1347","2295","0","58.69","26.19"
"10","002","00","007","0711","0279","396","214","182","58","454","780","0","58.21","27.44"
"10","002","00","007","0711","0280","500","262","238","93","593","932","0","63.63","28.11"
"10","002","00","007","0711","0281","248","125","123","52","300","583","0","51.46","21.44"
"10","002","00","007","0712","0000","1132","667","465","203","1335","2435","0","54.83","27.39"
"10","002","00","007","0712","0282","426","245","181","78","504","900","0","56.0","27.22"
"10","002","00","007","0712","0283","346","205","141","55","401","747","0","53.68","27.44"
"10","002","00","007","0712","0284","360","217","143","70","430","788","0","54.57","27.54"
"10","002","00","007","0713","0000","378","229","149","82","460","884","0","52.04","25.9"
"10","002","00","007","0713","0285","378","229","149","82","460","884","0","52.04","25.9"
"10","002","00","007","0714","0000","371","233","138","41","412","857","0","48.07","27.19"
"10","002","00","007","0714","0286","371","233","138","41","412","857","0","48.07","27.19"
"10","002","00","007","0715","0000","441","238","203","52","493","1016","0","48.52","23.43"
"10","002","00","007","0715","0287","441","238","203","52","493","1016","0","48.52","23.43"
"10","002","00","007","0716","0000","539","321","218","129","668","1379","0","48.44","23.28"
"10","002","00","007","0716","0288","255","155","100","51","306","690","0","44.35","22.46"
"10","002","00","007","0716","0289","284","166","118","78","362","689","0","52.54","24.09"
"10","002","00","008","0000","0000","22065","13244","8821","2198","24263","45405","52843","53.44","29.17"
"10","002","00","008","0801","0000","593","337","256","51","644","1217","0","52.92","27.69"
"10","002","00","008","0801","0312","593","337","256","51","644","1217","0","52.92","27.69"
"10","002","00","008","0802","0000","862","509","353","90","952","1624","0","58.62","31.34"
"10","002","00","008","0802","0290","424","245","179","63","487","807","0","60.35","30.36"
"10","002","00","008","0802","0291","438","264","174","27","465","817","0","56.92","32.31"
"10","002","00","008","0803","0000","584","347","237","74","658","1156","0","56.92","30.02"
"10","002","00","008","0803","0292","584","347","237","74","658","1156","0","56.92","30.02"
"10","002","00","008","0804","0000","415","249","166","58","473","892","0","53.03","27.91"
"10","002","00","008","0804","0293","415","249","166","58","473","892","0","53.03","27.91"
"10","002","00","008","0805","0000","466","274","192","58","524","897","0","58.42","30.55"
"10","002","00","008","0805","0294","466","274","192","58","524","897","0","58.42","30.55"
"10","002","00","008","0806","0000","754","465","289","85","839","1392","0","60.27","33.41"
"10","002","00","008","0806","0295","754","465","289","85","839","1392","0","60.27","33.41"
"10","002","00","008","0807","0000","1347","781","566","129","1476","2906","0","50.79","26.88"
"10","002","00","008","0807","0296","768","448","320","68","836","1471","0","56.83","30.46"
"10","002","00","008","0807","0297","579","333","246","61","640","1435","0","44.6","23.21"
"10","002","00","008","0808","0000","1489","867","622","99","1588","2975","0","53.38","29.14"
"10","002","00","008","0808","0298","723","427","296","49","772","1519","0","50.82","28.11"
"10","002","00","008","0808","0299","766","440","326","50","816","1456","0","56.04","30.22"
"10","002","00","008","0809","0000","366","221","145","41","407","694","0","58.65","31.84"
"10","002","00","008","0809","0301","366","221","145","41","407","694","0","58.65","31.84"
"10","002","00","008","0810","0000","376","233","143","56","432","711","0","60.76","32.77"
"10","002","00","008","0810","0300","376","233","143","56","432","711","0","60.76","32.77"
"10","002","00","008","0811","0000","883","541","342","73","956","1526","0","62.65","35.45"
"10","002","00","008","0811","0302","883","541","342","73","956","1526","0","62.65","35.45"
"10","002","00","008","0812","0000","447","261","186","34","481","884","0","54.41","29.52"
"10","002","00","008","0812","0303","447","261","186","34","481","884","0","54.41","29.52"
"10","002","00","008","0813","0000","623","382","241","90","713","1465","0","48.67","26.08"
"10","002","00","008","0813","0304","623","382","241","90","713","1465","0","48.67","26.08"
"10","002","00","008","0814","0000","251","149","102","26","277","488","0","56.76","30.53"
"10","002","00","008","0814","0305","251","149","102","26","277","488","0","56.76","30.53"
"10","002","00","008","0815","0000","2297","1397","900","247","2544","4993","0","50.95","27.98"
"10","002","00","008","0815","0306","565","351","214","83","648","1218","0","53.2","28.82"
"10","002","00","008","0815","0307","588","350","238","69","657","1291","0","50.89","27.11"
"10","002","00","008","0815","0308","611","359","252","54","665","1324","0","50.23","27.11"
"10","002","00","008","0815","0309","533","337","196","41","574","1160","0","49.48","29.05"
"10","002","00","008","0816","0000","1400","813","587","148","1548","3000","0","51.6","27.1"
"10","002","00","008","0816","0310","586","366","220","82","668","1246","0","53.61","29.37"
"10","002","00","008","0816","0311","814","447","367","66","880","1754","0","50.17","25.48"
"10","002","00","008","0817","0000","2152","1289","863","221","2373","4651","0","51.02","27.71"
"10","002","00","008","0817","0313","662","413","249","60","722","1495","0","48.29","27.63"
"10","002","00","008","0817","0314","464","280","184","46","510","937","0","54.43","29.88"
"10","002","00","008","0817","0315","518","309","209","41","559","1101","0","50.77","28.07"
"10","002","00","008","0817","0316","508","287","221","74","582","1118","0","52.06","25.67"
"10","002","00","008","0818","0000","1947","1131","816","159","2106","3732","0","56.43","30.31"
"10","002","00","008","0818","0317","706","409","297","51","757","1301","0","58.19","31.44"
"10","002","00","008","0818","0318","598","340","258","42","640","1225","0","52.24","27.76"
"10","002","00","008","0818","0319","643","382","261","66","709","1206","0","58.79","31.67"
"10","002","00","008","0819","0000","1113","649","464","116","1229","2429","0","50.6","26.72"
"10","002","00","008","0819","0320","583","336","247","51","634","1278","0","49.61","26.29"
"10","002","00","008","0819","0321","530","313","217","65","595","1151","0","51.69","27.19"
"10","002","00","008","0820","0000","465","295","170","76","541","1094","0","49.45","26.97"
"10","002","00","008","0820","0322","465","295","170","76","541","1094","0","49.45","26.97"
"10","002","00","008","0821","0000","1203","700","503","133","1336","2494","0","53.57","28.07"
"10","002","00","008","0821","0323","644","363","281","65","709","1247","0","56.86","29.11"
"10","002","00","008","0821","0324","559","337","222","68","627","1247","0","50.28","27.02"
"10","002","00","008","0822","0000","895","522","373","61","956","1677","0","57.01","31.13"
"10","002","00","008","0822","0325","500","285","215","31","531","979","0","54.24","29.11"
"10","002","00","008","0822","0326","395","237","158","30","425","698","0","60.89","33.95"
"10","002","00","008","0823","0000","830","669","161","47","877","1726","0","50.81","38.76"
"10","002","00","008","0823","0327","830","669","161","47","877","1726","0","50.81","38.76"
"10","002","00","008","0824","0000","307","163","144","26","333","782","0","42.58","20.84"
"10","002","00","008","0824","0328","307","163","144","26","333","782","0","42.58","20.84"
"10","002","00","009","0000","0000","16624","9815","6809","1991","18615","34892","39577","53.35","28.13"
"10","002","00","009","0901","0000","932","517","415","107","1039","2020","0","51.44","25.59"
"10","002","00","009","0901","0329","480","283","197","71","551","1076","0","51.21","26.3"
"10","002","00","009","0901","0330","452","234","218","36","488","944","0","51.69","24.79"
"10","002","00","009","0902","0000","890","537","353","102","992","1773","0","55.95","30.29"
"10","002","00","009","0902","0331","419","266","153","41","460","836","0","55.02","31.82"
"10","002","00","009","0902","0332","471","271","200","61","532","937","0","56.78","28.92"
"10","002","00","009","0903","0000","1195","614","581","145","1340","2525","0","53.07","24.32"
"10","002","00","009","0903","0333","607","314","293","47","654","1255","0","52.11","25.02"
"10","002","00","009","0903","0334","588","300","288","98","686","1270","0","54.02","23.62"
"10","002","00","009","0904","0000","736","434","302","76","812","1603","0","50.66","27.07"
"10","002","00","009","0904","0335","365","211","154","29","394","801","0","49.19","26.34"
"10","002","00","009","0904","0336","371","223","148","47","418","802","0","52.12","27.81"
"10","002","00","009","0905","0000","588","360","228","61","649","1306","0","49.69","27.57"
"10","002","00","009","0905","0337","588","360","228","61","649","1306","0","49.69","27.57"
"10","002","00","009","0906","0000","1208","723","485","99","1307","2506","0","52.15","28.85"
"10","002","00","009","0906","0338","563","347","216","65","628","1190","0","52.77","29.16"
"10","002","00","009","0906","0339","645","376","269","34","679","1316","0","51.6","28.57"
"10","002","00","009","0907","0000","869","527","342","89","958","1779","0","53.85","29.62"
"10","002","00","009","0907","0340","485","294","191","38","523","965","0","54.2","30.47"
"10","002","00","009","0907","0341","384","233","151","51","435","814","0","53.44","28.62"
"10","002","00","009","0908","0000","1782","1084","698","189","1971","3637","0","54.19","29.8"
"10","002","00","009","0908","0342","583","341","242","55","638","1254","0","50.88","27.19"
"10","002","00","009","0908","0343","530","312","218","73","603","1060","0","56.89","29.43"
"10","002","00","009","0908","0344","669","431","238","61","730","1323","0","55.18","32.58"
"10","002","00","009","0909","0000","1829","1106","723","206","2035","3591","0","56.67","30.8"
"10","002","00","009","0909","0348","501","304","197","37","538","924","0","58.23","32.9"
"10","002","00","009","0909","0349","500","307","193","61","561","933","0","60.13","32.9"
"10","002","00","009","0909","0350","479","285","194","49","528","986","0","53.55","28.9"
"10","002","00","009","0909","0351","349","210","139","59","408","748","0","54.55","28.07"
"10","002","00","009","0910","0000","1606","966","640","158","1764","3233","0","54.56","29.88"
"10","002","00","009","0910","0345","571","360","211","68","639","1120","0","57.05","32.14"
"10","002","00","009","0910","0346","440","286","154","36","476","893","0","53.3","32.03"
"10","002","00","009","0910","0347","595","320","275","54","649","1220","0","53.2","26.23"
"10","002","00","009","0911","0000","728","428","300","108","836","1550","0","53.94","27.61"
"10","002","00","009","0911","0352","728","428","300","108","836","1550","0","53.94","27.61"
"10","002","00","009","0912","0000","679","431","248","116","795","1435","0","55.4","30.03"
"10","002","00","009","0912","0353","311","200","111","45","356","629","0","56.6","31.8"
"10","002","00","009","0912","0354","368","231","137","71","439","806","0","54.47","28.66"
"10","002","00","009","0913","0000","954","528","426","112","1066","2022","0","52.72","26.11"
"10","002","00","009","0913","0355","437","228","209","60","497","956","0","51.99","23.85"
"10","002","00","009","0913","0356","517","300","217","52","569","1066","0","53.38","28.14"
"10","002","00","009","0914","0000","1403","840","563","171","1574","3079","0","51.12","27.28"
"10","002","00","009","0914","0357","665","395","270","85","750","1513","0","49.57","26.11"
"10","002","00","009","0914","0358","738","445","293","86","824","1566","0","52.62","28.42"
"10","002","00","009","0915","0000","1225","720","505","252","1477","2833","0","52.14","25.41"
"10","002","00","009","0915","0359","410","239","171","87","497","894","0","55.59","26.73"
"10","002","00","009","0915","0360","482","267","215","100","582","1235","0","47.13","21.62"
"10","002","00","009","0915","0361","333","214","119","65","398","704","0","56.53","30.4"
"10","002","00","010","0000","0000","8748","5091","3657","1215","9963","19051","21391","52.3","26.72"
"10","002","00","010","1001","0000","95","52","43","19","114","215","0","53.02","24.19"
"10","002","00","010","1001","0362","95","52","43","19","114","215","0","53.02","24.19"
"10","002","00","010","1002","0000","201","120","81","40","241","523","0","46.08","22.94"
"10","002","00","010","1002","0363","201","120","81","40","241","523","0","46.08","22.94"
"10","002","00","010","1003","0000","344","172","172","46","390","745","0","52.35","23.09"
"10","002","00","010","1003","0364","344","172","172","46","390","745","0","52.35","23.09"
"10","002","00","010","1004","0000","263","154","109","61","324","583","0","55.57","26.42"
"10","002","00","010","1004","0368","263","154","109","61","324","583","0","55.57","26.42"
"10","002","00","010","1005","0000","198","112","86","37","235","436","0","53.9","25.69"
"10","002","00","010","1005","0369","198","112","86","37","235","436","0","53.9","25.69"
"10","002","00","010","1006","0000","557","338","219","87","644","1224","0","52.61","27.61"
"10","002","00","010","1006","0370","557","338","219","87","644","1224","0","52.61","27.61"
"10","002","00","010","1007","0000","484","269","215","66","550","1151","0","47.78","23.37"
"10","002","00","010","1007","0371","484","269","215","66","550","1151","0","47.78","23.37"
"10","002","00","010","1008","0000","449","269","180","30","479","870","0","55.06","30.92"
"10","002","00","010","1008","0372","449","269","180","30","479","870","0","55.06","30.92"
"10","002","00","010","1009","0000","465","278","187","69","534","1284","0","41.59","21.65"
"10","002","00","010","1009","0373","465","278","187","69","534","1284","0","41.59","21.65"
"10","002","00","010","1010","0000","2010","1204","806","228","2238","4286","0","52.22","28.09"
"10","002","00","010","1010","0375","700","430","270","80","780","1439","0","54.2","29.88"
"10","002","00","010","1010","0376","653","389","264","83","736","1445","0","50.93","26.92"
"10","002","00","010","1010","0377","657","385","272","65","722","1402","0","51.5","27.46"
"10","002","00","010","1011","0000","471","275","196","59","530","897","0","59.09","30.66"
"10","002","00","010","1011","0374","471","275","196","59","530","897","0","59.09","30.66"
"10","002","00","010","1012","0000","267","127","140","45","312","617","0","50.57","20.58"
"10","002","00","010","1012","0365","267","127","140","45","312","617","0","50.57","20.58"
"10","002","00","010","1013","0000","218","108","110","48","266","497","0","53.52","21.73"
"10","002","00","010","1013","0366","218","108","110","48","266","497","0","53.52","21.73"
"10","002","00","010","1014","0000","358","192","166","53","411","735","0","55.92","26.12"
"10","002","00","010","1014","0367","358","192","166","53","411","735","0","55.92","26.12"
"10","002","00","010","1015","0000","571","318","253","73","644","1230","0","52.36","25.85"
"10","002","00","010","1015","0378","571","318","253","73","644","1230","0","52.36","25.85"
"10","002","00","010","1016","0000","371","240","131","61","432","774","0","55.81","31.01"
"10","002","00","010","1016","0379","371","240","131","61","432","774","0","55.81","31.01"
"10","002","00","010","1017","0000","788","500","288","83","871","1563","0","55.73","31.99"
"10","002","00","010","1017","0380","433","274","159","47","480","827","0","58.04","33.13"
"10","002","00","010","1017","0381","355","226","129","36","391","736","0","53.13","30.71"
"10","002","00","010","1018","0000","638","363","275","110","748","1421","0","52.64","25.55"
"10","002","00","010","1018","0382","638","363","275","110","748","1421","0","52.64","25.55"
"10","002","00","011","0000","0000","2029","1222","807","362","2391","4935","6247","48.45","24.76"
"10","002","00","011","1101","0000","302","183","119","68","370","893","0","41.43","20.49"
"10","002","00","011","1101","0383","302","183","119","68","370","893","0","41.43","20.49"
"10","002","00","011","1102","0000","372","221","151","88","460","632","0","72.78","34.97"
"10","002","00","011","1102","0384","372","221","151","88","460","632","0","72.78","34.97"
"10","002","00","011","1103","0000","288","179","109","28","316","684","0","46.2","26.17"
"10","002","00","011","1103","0385","288","179","109","28","316","684","0","46.2","26.17"
"10","002","00","011","1104","0000","144","89","55","31","175","264","0","66.29","33.71"
"10","002","00","011","1104","0386","144","89","55","31","175","264","0","66.29","33.71"
"10","002","00","011","1105","0000","109","73","36","9","118","337","0","35.01","21.66"
"10","002","00","011","1105","0387","109","73","36","9","118","337","0","35.01","21.66"
"10","002","00","011","1106","0000","143","85","58","9","152","404","0","37.62","21.04"
"10","002","00","011","1106","0388","143","85","58","9","152","404","0","37.62","21.04"
"10","002","00","011","1107","0000","20","10","10","6","26","55","0","47.27","18.18"
"10","002","00","011","1107","0389","20","10","10","6","26","55","0","47.27","18.18"
"10","002","00","011","1108","0000","228","129","99","27","255","787","0","32.4","16.39"
"10","002","00","011","1108","0391","228","129","99","27","255","787","0","32.4","16.39"
"10","002","00","011","1109","0000","301","193","108","65","366","680","0","53.82","28.38"
"10","002","00","011","1109","0392","301","193","108","65","366","680","0","53.82","28.38"
"10","002","00","011","1110","0000","122","60","62","31","153","199","0","76.88","30.15"
"10","002","00","011","1110","0390","122","60","62","31","153","199","0","76.88","30.15"
"10","002","00","012","0000","0000","2338","1491","847","329","2667","4644","6024","57.43","32.11"
"10","002","00","012","1201","0000","560","386","174","43","603","1210","0","49.83","31.9"
"10","002","00","012","1201","0394","560","386","174","43","603","1210","0","49.83","31.9"
"10","002","00","012","1202","0000","502","316","186","100","602","962","0","62.58","32.85"
"10","002","00","012","1202","0395","502","316","186","100","602","962","0","62.58","32.85"
"10","002","00","012","1203","0000","209","142","67","17","226","444","0","50.9","31.98"
"10","002","00","012","1203","0393","209","142","67","17","226","444","0","50.9","31.98"
"10","002","00","012","1204","0000","135","92","43","16","151","411","0","36.74","22.38"
"10","002","00","012","1204","0396","135","92","43","16","151","411","0","36.74","22.38"
"10","002","00","012","1205","0000","277","145","132","29","306","447","0","68.46","32.44"
"10","002","00","012","1205","0397","277","145","132","29","306","447","0","68.46","32.44"
"10","002","00","012","1206","0000","303","176","127","65","368","475","0","77.47","37.05"
"10","002","00","012","1206","0398","303","176","127","65","368","475","0","77.47","37.05"
"10","002","00","012","1207","0000","352","234","118","59","411","695","0","59.14","33.67"
"10","002","00","012","1207","0399","352","234","118","59","411","695","0","59.14","33.67"
"10","015","00","000","0000","0000","130498","80187","50311","14411","144909","278059","328331","52.11","28.84"
"10","015","00","001","0000","0000","42114","26165","15949","3409","45523","84807","103798","53.68","30.85"
"10","015","00","001","0101","0000","688","440","248","36","724","1512","0","47.88","29.1"
"10","015","00","001","0101","0019","688","440","248","36","724","1512","0","47.88","29.1"
"10","015","00","001","0102","0000","992","594","398","128","1120","1996","0","56.11","29.76"
"10","015","00","001","0102","0014","507","310","197","86","593","1071","0","55.37","28.94"
"10","015","00","001","0102","0015","485","284","201","42","527","925","0","56.97","30.7"
"10","015","00","001","0103","0000","233","154","79","15","248","442","0","56.11","34.84"
"10","015","00","001","0103","0023","233","154","79","15","248","442","0","56.11","34.84"
"10","015","00","001","0104","0000","277","176","101","32","309","566","0","54.59","31.1"
"10","015","00","001","0104","0029","277","176","101","32","309","566","0","54.59","31.1"
"10","015","00","001","0105","0000","301","175","126","20","321","565","0","56.81","30.97"
"10","015","00","001","0105","0031","301","175","126","20","321","565","0","56.81","30.97"
"10","015","00","001","0106","0000","1463","880","583","169","1632","2983","0","54.71","29.5"
"10","015","00","001","0106","0033","421","250","171","57","478","911","0","52.47","27.44"
"10","015","00","001","0106","0034","479","296","183","59","538","1029","0","52.28","28.77"
"10","015","00","001","0106","0035","563","334","229","53","616","1043","0","59.06","32.02"
"10","015","00","001","0107","0000","743","457","286","58","801","1840","0","43.53","24.84"
"10","015","00","001","0107","0052","462","282","180","39","501","1339","0","37.42","21.06"
"10","015","00","001","0107","0053","281","175","106","19","300","501","0","59.88","34.93"
"10","015","00","001","0108","0000","1693","1051","642","196","1889","3241","0","58.28","32.43"
"10","015","00","001","0108","0049","584","359","225","57","641","1022","0","62.72","35.13"
"10","015","00","001","0108","0050","546","313","233","92","638","1135","0","56.21","27.58"
"10","015","00","001","0108","0051","563","379","184","47","610","1084","0","56.27","34.96"
"10","015","00","001","0109","0000","828","525","303","39","867","1522","0","56.96","34.49"
"10","015","00","001","0109","0001","828","525","303","39","867","1522","0","56.96","34.49"
"10","015","00","001","0110","0000","882","554","328","91","973","2029","0","47.95","27.3"
"10","015","00","001","0110","0005","206","119","87","34","240","470","0","51.06","25.32"
"10","015","00","001","0110","0006","400","261","139","32","432","838","0","51.55","31.15"
"10","015","00","001","0110","0007","276","174","102","25","301","721","0","41.75","24.13"
"10","015","00","001","0112","0000","240","159","81","10","250","469","0","53.3","33.9"
"10","015","00","001","0112","0030","240","159","81","10","250","469","0","53.3","33.9"
"10","015","00","001","0113","0000","286","175","111","23","309","538","0","57.43","32.53"
"10","015","00","001","0113","0028","286","175","111","23","309","538","0","57.43","32.53"
"10","015","00","001","0114","0000","1837","1138","699","150","1987","3514","0","56.55","32.38"
"10","015","00","001","0114","0038","687","431","256","63","750","1331","0","56.35","32.38"
"10","015","00","001","0114","0039","645","401","244","48","693","1228","0","56.43","32.65"
"10","015","00","001","0114","0040","505","306","199","39","544","955","0","56.96","32.04"
"10","015","00","001","0115","0000","476","295","181","21","497","904","0","54.98","32.63"
"10","015","00","001","0115","0054","476","295","181","21","497","904","0","54.98","32.63"
"10","015","00","001","0116","0000","2508","1530","978","187","2695","5074","0","53.11","30.15"
"10","015","00","001","0116","0069","634","369","265","64","698","1410","0","49.5","26.17"
"10","015","00","001","0116","0070","663","409","254","27","690","1303","0","52.95","31.39"
"10","015","00","001","0116","0071","639","388","251","32","671","1256","0","53.42","30.89"
"10","015","00","001","0116","0072","572","364","208","64","636","1105","0","57.56","32.94"
"10","015","00","001","0117","0000","1895","1232","663","160","2055","3583","0","57.35","34.38"
"10","015","00","001","0117","0016","632","410","222","79","711","1141","0","62.31","35.93"
"10","015","00","001","0117","0017","572","362","210","30","602","1163","0","51.76","31.13"
"10","015","00","001","0117","0018","691","460","231","51","742","1279","0","58.01","35.97"
"10","015","00","001","0118","0000","1654","1033","621","116","1770","3181","0","55.64","32.47"
"10","015","00","001","0118","0002","604","375","229","49","653","1114","0","58.62","33.66"
"10","015","00","001","0118","0003","340","212","128","35","375","670","0","55.97","31.64"
"10","015","00","001","0118","0004","710","446","264","32","742","1397","0","53.11","31.93"
"10","015","00","001","0119","0000","531","318","213","37","568","1114","0","50.99","28.55"
"10","015","00","001","0119","0024","531","318","213","37","568","1114","0","50.99","28.55"
"10","015","00","001","0120","0000","329","214","115","24","353","577","0","61.18","37.09"
"10","015","00","001","0120","0026","329","214","115","24","353","577","0","61.18","37.09"
"10","015","00","001","0121","0000","966","591","375","69","1035","1835","0","56.4","32.21"
"10","015","00","001","0121","0036","467","290","177","28","495","856","0","57.83","33.88"
"10","015","00","001","0121","0037","499","301","198","41","540","979","0","55.16","30.75"
"10","015","00","001","0122","0000","527","311","216","38","565","1192","0","47.4","26.09"
"10","015","00","001","0122","0056","527","311","216","38","565","1192","0","47.4","26.09"
"10","015","00","001","0123","0000","1304","771","533","77","1381","2766","0","49.93","27.87"
"10","015","00","001","0123","0062","606","361","245","26","632","1311","0","48.21","27.54"
"10","015","00","001","0123","0063","698","410","288","51","749","1455","0","51.48","28.18"
"10","015","00","001","0124","0000","900","553","347","74","974","1715","0","56.79","32.24"
"10","015","00","001","0124","0067","390","242","148","25","415","715","0","58.04","33.85"
"10","015","00","001","0124","0068","510","311","199","49","559","1000","0","55.9","31.1"
"10","015","00","001","0125","0000","486","290","196","46","532","918","0","57.95","31.59"
"10","015","00","001","0125","0008","486","290","196","46","532","918","0","57.95","31.59"
"10","015","00","001","0126","0000","302","181","121","31","333","615","0","54.15","29.43"
"10","015","00","001","0126","0020","302","181","121","31","333","615","0","54.15","29.43"
"10","015","00","001","0127","0000","253","175","78","21","274","559","0","49.02","31.31"
"10","015","00","001","0127","0022","253","175","78","21","274","559","0","49.02","31.31"
"10","015","00","001","0128","0000","466","265","201","28","494","810","0","60.99","32.72"
"10","015","00","001","0128","0027","466","265","201","28","494","810","0","60.99","32.72"
"10","015","00","001","0129","0000","1337","850","487","98","1435","2674","0","53.66","31.79"
"10","015","00","001","0129","0047","602","375","227","59","661","1184","0","55.83","31.67"
"10","015","00","001","0129","0048","735","475","260","39","774","1490","0","51.95","31.88"
"10","015","00","001","0130","0000","279","167","112","25","304","490","0","62.04","34.08"
"10","015","00","001","0130","0055","279","167","112","25","304","490","0","62.04","34.08"
"10","015","00","001","0131","0000","984","620","364","109","1093","1975","0","55.34","31.39"
"10","015","00","001","0131","0060","493","325","168","48","541","993","0","54.48","32.73"
"10","015","00","001","0131","0061","491","295","196","61","552","982","0","56.21","30.04"
"10","015","00","001","0132","0000","587","346","241","24","611","1068","0","57.21","32.4"
"10","015","00","001","0132","0077","587","346","241","24","611","1068","0","57.21","32.4"
"10","015","00","001","0133","0000","1432","912","520","124","1556","2942","0","52.89","31.0"
"10","015","00","001","0133","0009","743","458","285","67","810","1539","0","52.63","29.76"
"10","015","00","001","0133","0010","689","454","235","57","746","1403","0","53.17","32.36"
"10","015","00","001","0134","0000","317","170","147","33","350","606","0","57.76","28.05"
"10","015","00","001","0134","0021","317","170","147","33","350","606","0","57.76","28.05"
"10","015","00","001","0135","0000","223","140","83","13","236","416","0","56.73","33.65"
"10","015","00","001","0135","0025","223","140","83","13","236","416","0","56.73","33.65"
"10","015","00","001","0136","0000","368","249","119","34","402","816","0","49.26","30.51"
"10","015","00","001","0136","0032","368","249","119","34","402","816","0","49.26","30.51"
"10","015","00","001","0137","0000","2601","1648","953","197","2798","5217","0","53.63","31.59"
"10","015","00","001","0137","0043","713","461","252","61","774","1369","0","56.54","33.67"
"10","015","00","001","0137","0044","610","385","225","38","648","1435","0","45.16","26.83"
"10","015","00","001","0137","0045","594","354","240","48","642","1164","0","55.15","30.41"
"10","015","00","001","0137","0046","684","448","236","50","734","1249","0","58.77","35.87"
"10","015","00","001","0138","0000","1118","732","386","108","1226","2226","0","55.08","32.88"
"10","015","00","001","0138","0058","619","396","223","53","672","1267","0","53.04","31.25"
"10","015","00","001","0138","0059","499","336","163","55","554","959","0","57.77","35.04"
"10","015","00","001","0139","0000","408","249","159","30","438","869","0","50.4","28.65"
"10","015","00","001","0139","0057","408","249","159","30","438","869","0","50.4","28.65"
"10","015","00","001","0140","0000","632","386","246","41","673","1482","0","45.41","26.05"
"10","015","00","001","0140","0081","632","386","246","41","673","1482","0","45.41","26.05"
"10","015","00","001","0141","0000","2088","1304","784","150","2238","4183","0","53.5","31.17"
"10","015","00","001","0141","0073","525","318","207","33","558","1089","0","51.24","29.2"
"10","015","00","001","0141","0074","486","287","199","30","516","1043","0","49.47","27.52"
"10","015","00","001","0141","0075","576","376","200","39","615","1080","0","56.94","34.81"
"10","015","00","001","0141","0076","501","323","178","48","549","971","0","56.54","33.26"
"10","015","00","001","0142","0000","1186","742","444","99","1285","2498","0","51.44","29.7"
"10","015","00","001","0142","0041","589","361","228","51","640","1268","0","50.47","28.47"
"10","015","00","001","0142","0042","597","381","216","48","645","1230","0","52.44","30.98"
"10","015","00","001","0143","0000","1676","1024","652","114","1790","3727","0","48.03","27.48"
"10","015","00","001","0143","0064","506","305","201","30","536","1151","0","46.57","26.5"
"10","015","00","001","0143","0065","574","347","227","35","609","1237","0","49.23","28.05"
"10","015","00","001","0143","0066","596","372","224","49","645","1339","0","48.17","27.78"
"10","015","00","001","0144","0000","2009","1271","738","163","2172","4064","0","53.44","31.27"
"10","015","00","001","0144","0078","640","412","228","55","695","1379","0","50.4","29.88"
"10","015","00","001","0144","0079","657","397","260","61","718","1362","0","52.72","29.15"
"10","015","00","001","0144","0080","712","462","250","47","759","1323","0","57.37","34.92"
"10","015","00","001","0145","0000","1809","1118","691","151","1960","3494","0","56.1","32.0"
"10","015","00","001","0145","0011","515","303","212","49","564","1068","0","52.81","28.37"
"10","015","00","001","0145","0012","617","388","229","28","645","1167","0","55.27","33.25"
"10","015","00","001","0145","0013","677","427","250","74","751","1259","0","59.65","33.92"
"10","015","00","002","0000","0000","4634","2844","1790","664","5298","9676","10902","54.75","29.39"
"10","015","00","002","0201","0000","644","413","231","81","725","1192","0","60.82","34.65"
"10","015","00","002","0201","0195","644","413","231","81","725","1192","0","60.82","34.65"
"10","015","00","002","0202","0000","293","178","115","31","324","639","0","50.7","27.86"
"10","015","00","002","0202","0196","293","178","115","31","324","639","0","50.7","27.86"
"10","015","00","002","0203","0000","349","212","137","51","400","601","0","66.56","35.27"
"10","015","00","002","0203","0197","349","212","137","51","400","601","0","66.56","35.27"
"10","015","00","002","0204","0000","668","434","234","58","726","1137","0","63.85","38.17"
"10","015","00","002","0204","0198","668","434","234","58","726","1137","0","63.85","38.17"
"10","015","00","002","0205","0000","672","393","279","95","767","1352","0","56.73","29.07"
"10","015","00","002","0205","0199","359","201","158","58","417","742","0","56.2","27.09"
"10","015","00","002","0205","0200","313","192","121","37","350","610","0","57.38","31.48"
"10","015","00","002","0206","0000","210","111","99","49","259","513","0","50.49","21.64"
"10","015","00","002","0206","0201","145","76","69","47","192","295","0","65.08","25.76"
"10","015","00","002","0206","0202","65","35","30","2","67","218","0","30.73","16.06"
"10","015","00","002","0207","0000","509","302","207","76","585","1248","0","46.88","24.2"
"10","015","00","002","0207","0203","272","163","109","26","298","720","0","41.39","22.64"
"10","015","00","002","0207","0204","237","139","98","50","287","528","0","54.36","26.33"
"10","015","00","002","0208","0000","254","144","110","37","291","560","0","51.96","25.71"
"10","015","00","002","0208","0205","254","144","110","37","291","560","0","51.96","25.71"
"10","015","00","002","0209","0000","235","146","89","57","292","541","0","53.97","26.99"
"10","015","00","002","0209","0206","235","146","89","57","292","541","0","53.97","26.99"
"10","015","00","002","0210","0000","393","262","131","71","464","818","0","56.72","32.03"
"10","015","00","002","0210","0207","393","262","131","71","464","818","0","56.72","32.03"
"10","015","00","002","0211","0000","368","225","143","48","416","984","0","42.28","22.87"
"10","015","00","002","0211","0208","368","225","143","48","416","984","0","42.28","22.87"
"10","015","00","002","0212","0000","39","24","15","10","49","91","0","53.85","26.37"
"10","015","00","002","0212","0209","39","24","15","10","49","91","0","53.85","26.37"
"10","015","00","003","0000","0000","8304","5053","3251","1398","9702","20650","24066","46.98","24.47"
"10","015","00","003","0301","0000","2502","1532","970","304","2806","5111","0","54.9","29.97"
"10","015","00","003","0301","0254","492","315","177","54","546","1008","0","54.17","31.25"
"10","015","00","003","0301","0255","503","282","221","55","558","939","0","59.42","30.03"
"10","015","00","003","0301","0256","578","385","193","80","658","1256","0","52.39","30.65"
"10","015","00","003","0301","0257","440","261","179","66","506","929","0","54.47","28.09"
"10","015","00","003","0301","0258","489","289","200","49","538","979","0","54.95","29.52"
"10","015","00","003","0302","0000","679","397","282","117","796","1619","0","49.17","24.52"
"10","015","00","003","0302","0260","356","217","139","60","416","847","0","49.11","25.62"
"10","015","00","003","0302","0261","323","180","143","57","380","772","0","49.22","23.32"
"10","015","00","003","0303","0000","516","336","180","78","594","1286","0","46.19","26.13"
"10","015","00","003","0303","0264","516","336","180","78","594","1286","0","46.19","26.13"
"10","015","00","003","0304","0000","482","288","194","56","538","1358","0","39.62","21.21"
"10","015","00","003","0304","0262","252","149","103","26","278","558","0","49.82","26.7"
"10","015","00","003","0304","0263","230","139","91","30","260","800","0","32.5","17.38"
"10","015","00","003","0305","0000","678","439","239","52","730","1244","0","58.68","35.29"
"10","015","00","003","0305","0259","678","439","239","52","730","1244","0","58.68","35.29"
"10","015","00","003","0306","0000","507","227","280","94","601","1246","0","48.23","18.22"
"10","015","00","003","0306","0265","507","227","280","94","601","1246","0","48.23","18.22"
"10","015","00","003","0307","0000","277","140","137","68","345","647","0","53.32","21.64"
"10","015","00","003","0307","0266","277","140","137","68","345","647","0","53.32","21.64"
"10","015","00","003","0308","0000","207","135","72","17","224","990","0","22.63","13.64"
"10","015","00","003","0308","0267","207","135","72","17","224","990","0","22.63","13.64"
"10","015","00","003","0309","0000","202","122","80","60","262","530","0","49.43","23.02"
"10","015","00","003","0309","0268","202","122","80","60","262","530","0","49.43","23.02"
"10","015","00","003","0310","0000","531","308","223","151","682","1536","0","44.4","20.05"
"10","015","00","003","0310","0269","308","168","140","54","362","979","0","36.98","17.16"
"10","015","00","003","0310","0270","223","140","83","97","320","557","0","57.45","25.13"
"10","015","00","003","0311","0000","411","266","145","119","530","1499","0","35.36","17.75"
"10","015","00","003","0311","0271","137","89","48","24","161","434","0","37.1","20.51"
"10","015","00","003","0311","0272","274","177","97","95","369","1065","0","34.65","16.62"
"10","015","00","003","0312","0000","340","183","157","119","459","866","0","53.0","21.13"
"10","015","00","003","0312","0273","340","183","157","119","459","866","0","53.0","21.13"
"10","015","00","003","0313","0000","257","154","103","61","318","769","0","41.35","20.03"
"10","015","00","003","0313","0274","257","154","103","61","318","769","0","41.35","20.03"
"10","015","00","003","0314","0000","324","189","135","46","370","869","0","42.58","21.75"
"10","015","00","003","0314","0275","324","189","135","46","370","869","0","42.58","21.75"
"10","015","00","003","0315","0000","391","337","54","56","447","1080","0","41.39","31.2"
"10","015","00","003","0315","0276","391","337","54","56","447","1080","0","41.39","31.2"
"10","015","00","004","0000","0000","8330","5139","3191","859","9189","17029","20112","53.96","30.18"
"10","015","00","004","0401","0000","624","378","246","37","661","1296","0","51.0","29.17"
"10","015","00","004","0401","0082","199","118","81","16","215","367","0","58.58","32.15"
"10","015","00","004","0401","0083","425","260","165","21","446","929","0","48.01","27.99"
"10","015","00","004","0402","0000","427","253","174","100","527","897","0","58.75","28.21"
"10","015","00","004","0402","0084","280","165","115","74","354","590","0","60.0","27.97"
"10","015","00","004","0402","0085","147","88","59","26","173","307","0","56.35","28.66"
"10","015","00","004","0403","0000","1186","756","430","142","1328","2428","0","54.7","31.14"
"10","015","00","004","0403","0086","133","83","50","28","161","260","0","61.92","31.92"
"10","015","00","004","0403","0087","645","418","227","75","720","1283","0","56.12","32.58"
"10","015","00","004","0403","0088","408","255","153","39","447","885","0","50.51","28.81"
"10","015","00","004","0404","0000","1888","1146","742","189","2077","3962","0","52.42","28.92"
"10","015","00","004","0404","0092","531","343","188","60","591","1163","0","50.82","29.49"
"10","015","00","004","0404","0093","777","474","303","66","843","1605","0","52.52","29.53"
"10","015","00","004","0404","0094","580","329","251","63","643","1194","0","53.85","27.55"
"10","015","00","004","0405","0000","512","333","179","40","552","979","0","56.38","34.01"
"10","015","00","004","0405","0095","512","333","179","40","552","979","0","56.38","34.01"
"10","015","00","004","0406","0000","1880","1161","719","136","2016","3719","0","54.21","31.22"
"10","015","00","004","0406","0096","765","485","280","56","821","1485","0","55.29","32.66"
"10","015","00","004","0406","0097","525","317","208","35","560","1070","0","52.34","29.63"
"10","015","00","004","0406","0098","590","359","231","45","635","1164","0","54.55","30.84"
"10","015","00","004","0407","0000","578","350","228","78","656","1249","0","52.52","28.02"
"10","015","00","004","0407","0099","407","249","158","60","467","880","0","53.07","28.3"
"10","015","00","004","0407","0100","171","101","70","18","189","369","0","51.22","27.37"
"10","015","00","004","0408","0000","1235","762","473","137","1372","2499","0","54.9","30.49"
"10","015","00","004","0408","0089","395","230","165","44","439","770","0","57.01","29.87"
"10","015","00","004","0408","0090","667","430","237","74","741","1363","0","54.37","31.55"
"10","015","00","004","0408","0091","173","102","71","19","192","366","0","52.46","27.87"
"10","015","00","005","0000","0000","34789","21528","13261","3172","37961","72116","83262","52.64","29.85"
"10","015","00","005","0501","0000","3639","2263","1376","259","3898","7071","0","55.13","32.0"
"10","015","00","005","0501","0147","561","341","220","49","610","1135","0","53.74","30.04"
"10","015","00","005","0501","0148","663","416","247","32","695","1223","0","56.83","34.01"
"10","015","00","005","0501","0149","649","403","246","52","701","1274","0","55.02","31.63"
"10","015","00","005","0501","0150","542","345","197","53","595","1124","0","52.94","30.69"
"10","015","00","005","0501","0151","614","394","220","38","652","1158","0","56.3","34.02"
"10","015","00","005","0501","0152","610","364","246","35","645","1157","0","55.75","31.46"
"10","015","00","005","0502","0000","2530","1582","948","123","2653","4926","0","53.86","32.12"
"10","015","00","005","0502","0153","638","381","257","49","687","1258","0","54.61","30.29"
"10","015","00","005","0502","0154","648","384","264","23","671","1257","0","53.38","30.55"
"10","015","00","005","0502","0155","613","404","209","34","647","1245","0","51.97","32.45"
"10","015","00","005","0502","0156","631","413","218","17","648","1166","0","55.57","35.42"
"10","015","00","005","0503","0000","1658","993","665","169","1827","3739","0","48.86","26.56"
"10","015","00","005","0503","0119","541","326","215","33","574","1107","0","51.85","29.45"
"10","015","00","005","0503","0120","531","312","219","57","588","1179","0","49.87","26.46"
"10","015","00","005","0503","0121","586","355","231","79","665","1453","0","45.77","24.43"
"10","015","00","005","0504","0000","2029","1239","790","201","2230","4178","0","53.37","29.66"
"10","015","00","005","0504","0115","506","319","187","52","558","1059","0","52.69","30.12"
"10","015","00","005","0504","0116","488","300","188","59","547","983","0","55.65","30.52"
"10","015","00","005","0504","0117","519","327","192","44","563","1031","0","54.61","31.72"
"10","015","00","005","0504","0118","516","293","223","46","562","1105","0","50.86","26.52"
"10","015","00","005","0505","0000","3444","2175","1269","280","3724","6870","0","54.21","31.66"
"10","015","00","005","0505","0122","786","485","301","56","842","1432","0","58.8","33.87"
"10","015","00","005","0505","0123","684","440","244","45","729","1320","0","55.23","33.33"
"10","015","00","005","0505","0124","638","414","224","51","689","1356","0","50.81","30.53"
"10","015","00","005","0505","0125","615","400","215","52","667","1295","0","51.51","30.89"
"10","015","00","005","0505","0126","721","436","285","76","797","1467","0","54.33","29.72"
"10","015","00","005","0506","0000","2605","1686","919","159","2764","5242","0","52.73","32.16"
"10","015","00","005","0506","0127","760","480","280","32","792","1515","0","52.28","31.68"
"10","015","00","005","0506","0128","569","380","189","65","634","1063","0","59.64","35.75"
"10","015","00","005","0506","0129","549","348","201","16","565","1284","0","44.0","27.1"
"10","015","00","005","0506","0130","727","478","249","46","773","1380","0","56.01","34.64"
"10","015","00","005","0507","0000","1429","868","561","164","1593","2959","0","53.84","29.33"
"10","015","00","005","0507","0131","669","406","263","63","732","1297","0","56.44","31.3"
"10","015","00","005","0507","0132","760","462","298","101","861","1662","0","51.81","27.8"
"10","015","00","005","0508","0000","641","359","282","109","750","1563","0","47.98","22.97"
"10","015","00","005","0508","0133","641","359","282","109","750","1563","0","47.98","22.97"
"10","015","00","005","0509","0000","556","351","205","67","623","1288","0","48.37","27.25"
"10","015","00","005","0509","0134","556","351","205","67","623","1288","0","48.37","27.25"
"10","015","00","005","0510","0000","1371","789","582","136","1507","2845","0","52.97","27.73"
"10","015","00","005","0510","0135","450","254","196","56","506","907","0","55.79","28.0"
"10","015","00","005","0510","0136","431","239","192","43","474","917","0","51.69","26.06"
"10","015","00","005","0510","0137","490","296","194","37","527","1021","0","51.62","28.99"
"10","015","00","005","0511","0000","1597","928","669","190","1787","3187","0","56.07","29.12"
"10","015","00","005","0511","0138","561","376","185","53","614","1033","0","59.44","36.4"
"10","015","00","005","0511","0139","484","303","181","66","550","966","0","56.94","31.37"
"10","015","00","005","0511","0140","552","249","303","71","623","1188","0","52.44","20.96"
"10","015","00","005","0512","0000","1891","1160","731","140","2031","4066","0","49.95","28.53"
"10","015","00","005","0512","0141","724","437","287","40","764","1480","0","51.62","29.53"
"10","015","00","005","0512","0142","616","378","238","56","672","1393","0","48.24","27.14"
"10","015","00","005","0512","0143","551","345","206","44","595","1193","0","49.87","28.92"
"10","015","00","005","0513","0000","1895","1171","724","208","2103","3961","0","53.09","29.56"
"10","015","00","005","0513","0144","652","422","230","45","697","1445","0","48.24","29.2"
"10","015","00","005","0513","0145","607","360","247","107","714","1301","0","54.88","27.67"
"10","015","00","005","0513","0146","636","389","247","56","692","1215","0","56.95","32.02"
"10","015","00","005","0514","0000","2959","1869","1090","289","3248","6041","0","53.77","30.94"
"10","015","00","005","0514","0157","626","403","223","82","708","1358","0","52.14","29.68"
"10","015","00","005","0514","0158","585","367","218","44","629","1214","0","51.81","30.23"
"10","015","00","005","0514","0159","548","339","209","70","618","1151","0","53.69","29.45"
"10","015","00","005","0514","0160","590","358","232","47","637","1157","0","55.06","30.94"
"10","015","00","005","0514","0161","610","402","208","46","656","1161","0","56.5","34.63"
"10","015","00","005","0515","0000","2526","1618","908","259","2785","5491","0","50.72","29.47"
"10","015","00","005","0515","0162","673","411","262","63","736","1304","0","56.44","31.52"
"10","015","00","005","0515","0163","655","418","237","63","718","1367","0","52.52","30.58"
"10","015","00","005","0515","0164","604","397","207","60","664","1411","0","47.06","28.14"
"10","015","00","005","0515","0165","594","392","202","73","667","1409","0","47.34","27.82"
"10","015","00","005","0516","0000","1079","652","427","130","1209","2338","0","51.71","27.89"
"10","015","00","005","0516","0166","492","312","180","45","537","1125","0","47.73","27.73"
"10","015","00","005","0516","0167","587","340","247","85","672","1213","0","55.4","28.03"
"10","015","00","005","0517","0000","1970","1208","762","208","2178","4415","0","49.33","27.36"
"10","015","00","005","0517","0168","569","348","221","55","624","1141","0","54.69","30.5"
"10","015","00","005","0517","0169","485","292","193","41","526","1156","0","45.5","25.26"
"10","015","00","005","0517","0170","500","319","181","62","562","1092","0","51.47","29.21"
"10","015","00","005","0517","0171","416","249","167","50","466","1026","0","45.42","24.27"
"10","015","00","005","0518","0000","970","617","353","81","1051","1936","0","54.29","31.87"
"10","015","00","005","0518","0172","395","242","153","30","425","804","0","52.86","30.1"
"10","015","00","005","0518","0173","575","375","200","51","626","1132","0","55.3","33.13"
"10","015","00","006","0000","0000","7716","4465","3251","1037","8753","15847","18006","55.23","28.18"
"10","015","00","006","0601","0000","180","113","67","38","218","357","0","61.06","31.65"
"10","015","00","006","0601","0175","180","113","67","38","218","357","0","61.06","31.65"
"10","015","00","006","0602","0000","453","249","204","50","503","1052","0","47.81","23.67"
"10","015","00","006","0602","0174","453","249","204","50","503","1052","0","47.81","23.67"
"10","015","00","006","0603","0000","938","554","384","129","1067","1897","0","56.25","29.2"
"10","015","00","006","0603","0176","448","280","168","71","519","1022","0","50.78","27.4"
"10","015","00","006","0603","0177","490","274","216","58","548","875","0","62.63","31.31"
"10","015","00","006","0604","0000","672","349","323","80","752","1399","0","53.75","24.95"
"10","015","00","006","0604","0178","373","203","170","50","423","691","0","61.22","29.38"
"10","015","00","006","0604","0179","299","146","153","30","329","708","0","46.47","20.62"
"10","015","00","006","0605","0000","400","218","182","73","473","894","0","52.91","24.38"
"10","015","00","006","0605","0180","400","218","182","73","473","894","0","52.91","24.38"
"10","015","00","006","0606","0000","399","249","150","36","435","695","0","62.59","35.83"
"10","015","00","006","0606","0183","399","249","150","36","435","695","0","62.59","35.83"
"10","015","00","006","0607","0000","787","451","336","90","877","1627","0","53.9","27.72"
"10","015","00","006","0607","0181","364","210","154","43","407","746","0","54.56","28.15"
"10","015","00","006","0607","0182","423","241","182","47","470","881","0","53.35","27.36"
"10","015","00","006","0608","0000","415","222","193","97","512","816","0","62.75","27.21"
"10","015","00","006","0608","0184","415","222","193","97","512","816","0","62.75","27.21"
"10","015","00","006","0609","0000","347","218","129","49","396","773","0","51.23","28.2"
"10","015","00","006","0609","0185","347","218","129","49","396","773","0","51.23","28.2"
"10","015","00","006","0610","0000","741","423","318","102","843","1436","0","58.7","29.46"
"10","015","00","006","0610","0186","515","292","223","70","585","1029","0","56.85","28.38"
"10","015","00","006","0610","0187","226","131","95","32","258","407","0","63.39","32.19"
"10","015","00","006","0611","0000","1277","737","540","130","1407","2549","0","55.2","28.91"
"10","015","00","006","0611","0188","577","344","233","69","646","1139","0","56.72","30.2"
"10","015","00","006","0611","0189","526","291","235","48","574","996","0","57.63","29.22"
"10","015","00","006","0611","0190","174","102","72","13","187","414","0","45.17","24.64"
"10","015","00","006","0612","0000","145","87","58","12","157","270","0","58.15","32.22"
"10","015","00","006","0612","0191","145","87","58","12","157","270","0","58.15","32.22"
"10","015","00","006","0613","0000","425","274","151","63","488","836","0","58.37","32.78"
"10","015","00","006","0613","0192","425","274","151","63","488","836","0","58.37","32.78"
"10","015","00","006","0614","0000","254","156","98","62","316","739","0","42.76","21.11"
"10","015","00","006","0614","0194","254","156","98","62","316","739","0","42.76","21.11"
"10","015","00","006","0615","0000","283","165","118","26","309","507","0","60.95","32.54"
"10","015","00","006","0615","0193","283","165","118","26","309","507","0","60.95","32.54"
"10","015","00","007","0000","0000","4934","3023","1911","875","5809","11417","12847","50.88","26.48"
"10","015","00","007","0701","0000","448","284","164","53","501","859","0","58.32","33.06"
"10","015","00","007","0701","0211","448","284","164","53","501","859","0","58.32","33.06"
"10","015","00","007","0702","0000","614","355","259","111","725","1295","0","55.98","27.41"
"10","015","00","007","0702","0210","614","355","259","111","725","1295","0","55.98","27.41"
"10","015","00","007","0703","0000","456","272","184","113","569","958","0","59.39","28.39"
"10","015","00","007","0703","0212","456","272","184","113","569","958","0","59.39","28.39"
"10","015","00","007","0704","0000","470","280","190","111","581","1011","0","57.47","27.7"
"10","015","00","007","0704","0213","470","280","190","111","581","1011","0","57.47","27.7"
"10","015","00","007","0705","0000","525","335","190","78","603","1041","0","57.93","32.18"
"10","015","00","007","0705","0214","525","335","190","78","603","1041","0","57.93","32.18"
"10","015","00","007","0706","0000","237","154","83","30","267","471","0","56.69","32.7"
"10","015","00","007","0706","0221","237","154","83","30","267","471","0","56.69","32.7"
"10","015","00","007","0707","0000","340","195","145","62","402","756","0","53.17","25.79"
"10","015","00","007","0707","0222","299","169","130","58","357","640","0","55.78","26.41"
"10","015","00","007","0707","0223","41","26","15","4","45","116","0","38.79","22.41"
"10","015","00","007","0708","0000","136","86","50","11","147","496","0","29.64","17.34"
"10","015","00","007","0708","0224","136","86","50","11","147","496","0","29.64","17.34"
"10","015","00","007","0709","0000","133","89","44","13","146","324","0","45.06","27.47"
"10","015","00","007","0709","0225","133","89","44","13","146","324","0","45.06","27.47"
"10","015","00","007","0710","0000","147","103","44","29","176","454","0","38.77","22.69"
"10","015","00","007","0710","0226","147","103","44","29","176","454","0","38.77","22.69"
"10","015","00","007","0711","0000","374","237","137","109","483","1009","0","47.87","23.49"
"10","015","00","007","0711","0215","339","211","128","109","448","821","0","54.57","25.7"
"10","015","00","007","0711","0216","35","26","9","0","35","188","0","18.62","13.83"
"10","015","00","007","0712","0000","387","240","147","59","446","960","0","46.46","25.0"
"10","015","00","007","0712","0217","238","154","84","44","282","514","0","54.86","29.96"
"10","015","00","007","0712","0218","149","86","63","15","164","446","0","36.77","19.28"
"10","015","00","007","0713","0000","368","231","137","60","428","851","0","50.29","27.14"
"10","015","00","007","0713","0219","368","231","137","60","428","851","0","50.29","27.14"
"10","015","00","007","0714","0000","299","162","137","36","335","932","0","35.94","17.38"
"10","015","00","007","0714","0220","299","162","137","36","335","932","0","35.94","17.38"
"10","015","00","008","0000","0000","1597","940","657","337","1934","4395","4811","44.0","21.39"
"10","015","00","008","0801","0000","656","405","251","86","742","1779","0","41.71","22.77"
"10","015","00","008","0801","0229","236","135","101","53","289","613","0","47.15","22.02"
"10","015","00","008","0801","0230","370","236","134","32","402","809","0","49.69","29.17"
"10","015","00","008","0801","0231","50","34","16","1","51","357","0","14.29","9.52"
"10","015","00","008","0802","0000","260","149","111","80","340","669","0","50.82","22.27"
"10","015","00","008","0802","0232","260","149","111","80","340","669","0","50.82","22.27"
"10","015","00","008","0803","0000","200","118","82","10","210","479","0","43.84","24.63"
"10","015","00","008","0803","0233","200","118","82","10","210","479","0","43.84","24.63"
"10","015","00","008","0804","0000","236","127","109","70","306","751","0","40.75","16.91"
"10","015","00","008","0804","0228","236","127","109","70","306","751","0","40.75","16.91"
"10","015","00","008","0805","0000","245","141","104","91","336","717","0","46.86","19.67"
"10","015","00","008","0805","0227","245","141","104","91","336","717","0","46.86","19.67"
"10","015","00","009","0000","0000","4328","2656","1672","702","5030","10279","11716","48.93","25.84"
"10","015","00","009","0901","0000","939","614","325","140","1079","1904","0","56.67","32.25"
"10","015","00","009","0901","0241","416","274","142","55","471","813","0","57.93","33.7"
"10","015","00","009","0901","0242","523","340","183","85","608","1091","0","55.73","31.16"
"10","015","00","009","0902","0000","890","555","335","147","1037","1814","0","57.17","30.6"
"10","015","00","009","0902","0243","414","259","155","63","477","839","0","56.85","30.87"
"10","015","00","009","0902","0244","476","296","180","84","560","975","0","57.44","30.36"
"10","015","00","009","0903","0000","219","136","83","36","255","546","0","46.7","24.91"
"10","015","00","009","0903","0245","219","136","83","36","255","546","0","46.7","24.91"
"10","015","00","009","0904","0000","480","290","190","86","566","1002","0","56.49","28.94"
"10","015","00","009","0904","0246","480","290","190","86","566","1002","0","56.49","28.94"
"10","015","00","009","0905","0000","232","132","100","44","276","593","0","46.54","22.26"
"10","015","00","009","0905","0247","232","132","100","44","276","593","0","46.54","22.26"
"10","015","00","009","0906","0000","467","275","192","87","554","965","0","57.41","28.5"
"10","015","00","009","0906","0248","467","275","192","87","554","965","0","57.41","28.5"
"10","015","00","009","0907","0000","399","230","169","76","475","863","0","55.04","26.65"
"10","015","00","009","0907","0249","399","230","169","76","475","863","0","55.04","26.65"
"10","015","00","009","0908","0000","75","46","29","4","79","340","0","23.24","13.53"
"10","015","00","009","0908","0250","75","46","29","4","79","340","0","23.24","13.53"
"10","015","00","009","0909","0000","309","186","123","44","353","764","0","46.2","24.35"
"10","015","00","009","0909","0251","309","186","123","44","353","764","0","46.2","24.35"
"10","015","00","009","0910","0000","158","100","58","10","168","868","0","19.35","11.52"
"10","015","00","009","0910","0252","158","100","58","10","168","868","0","19.35","11.52"
"10","015","00","009","0911","0000","160","92","68","28","188","620","0","30.32","14.84"
"10","015","00","009","0911","0253","160","92","68","28","188","620","0","30.32","14.84"
"10","015","00","010","0000","0000","3535","2133","1402","595","4130","9065","10331","45.56","23.53"
"10","015","00","010","1001","0000","174","112","62","21","195","467","0","41.76","23.98"
"10","015","00","010","1001","0277","174","112","62","21","195","467","0","41.76","23.98"
"10","015","00","010","1002","0000","346","206","140","64","410","1032","0","39.73","19.96"
"10","015","00","010","1002","0278","346","206","140","64","410","1032","0","39.73","19.96"
"10","015","00","010","1003","0000","237","133","104","43","280","638","0","43.89","20.85"
"10","015","00","010","1003","0279","237","133","104","43","280","638","0","43.89","20.85"
"10","015","00","010","1004","0000","241","144","97","80","321","591","0","54.31","24.37"
"10","015","00","010","1004","0280","241","144","97","80","321","591","0","54.31","24.37"
"10","015","00","010","1005","0000","509","305","204","84","593","1087","0","54.55","28.06"
"10","015","00","010","1005","0281","509","305","204","84","593","1087","0","54.55","28.06"
"10","015","00","010","1006","0000","197","111","86","27","224","431","0","51.97","25.75"
"10","015","00","010","1006","0282","197","111","86","27","224","431","0","51.97","25.75"
"10","015","00","010","1007","0000","394","248","146","40","434","893","0","48.6","27.77"
"10","015","00","010","1007","0283","394","248","146","40","434","893","0","48.6","27.77"
"10","015","00","010","1008","0000","118","67","51","31","149","361","0","41.27","18.56"
"10","015","00","010","1008","0284","118","67","51","31","149","361","0","41.27","18.56"
"10","015","00","010","1009","0000","495","291","204","48","543","1362","0","39.87","21.37"
"10","015","00","010","1009","0285","495","291","204","48","543","1362","0","39.87","21.37"
"10","015","00","010","1010","0000","202","129","73","36","238","458","0","51.97","28.17"
"10","015","00","010","1010","0286","202","129","73","36","238","458","0","51.97","28.17"
"10","015","00","010","1011","0000","156","99","57","42","198","621","0","31.88","15.94"
"10","015","00","010","1011","0287","156","99","57","42","198","621","0","31.88","15.94"
"10","015","00","010","1012","0000","217","129","88","26","243","493","0","49.29","26.17"
"10","015","00","010","1012","0288","217","129","88","26","243","493","0","49.29","26.17"
"10","015","00","010","1013","0000","249","159","90","53","302","631","0","47.86","25.2"
"10","015","00","010","1013","0289","249","159","90","53","302","631","0","47.86","25.2"
"10","015","00","011","0000","0000","5459","3423","2036","557","6016","12562","15937","47.89","27.25"
"10","015","00","011","1101","0000","473","286","187","49","522","1373","0","38.02","20.83"
"10","015","00","011","1101","0103","473","286","187","49","522","1373","0","38.02","20.83"
"10","015","00","011","1102","0000","709","453","256","89","798","1806","0","44.19","25.08"
"10","015","00","011","1102","0104","626","404","222","83","709","1644","0","43.13","24.57"
"10","015","00","011","1102","0105","83","49","34","6","89","162","0","54.94","30.25"
"10","015","00","011","1103","0000","708","431","277","71","779","1766","0","44.11","24.41"
"10","015","00","011","1103","0106","163","90","73","27","190","384","0","49.48","23.44"
"10","015","00","011","1103","0107","545","341","204","44","589","1382","0","42.62","24.67"
"10","015","00","011","1104","0000","590","373","217","109","699","1139","0","61.37","32.75"
"10","015","00","011","1104","0111","590","373","217","109","699","1139","0","61.37","32.75"
"10","015","00","011","1105","0000","571","401","170","8","579","1213","0","47.73","33.06"
"10","015","00","011","1105","0112","571","401","170","8","579","1213","0","47.73","33.06"
"10","015","00","011","1106","0000","446","263","183","45","491","1084","0","45.3","24.26"
"10","015","00","011","1106","0113","317","178","139","30","347","754","0","46.02","23.61"
"10","015","00","011","1106","0114","129","85","44","15","144","330","0","43.64","25.76"
"10","015","00","011","1107","0000","730","448","282","73","803","1752","0","45.83","25.57"
"10","015","00","011","1107","0108","463","271","192","50","513","1125","0","45.6","24.09"
"10","015","00","011","1107","0109","267","177","90","23","290","627","0","46.25","28.23"
"10","015","00","011","1108","0000","543","337","206","55","598","987","0","60.59","34.14"
"10","015","00","011","1108","0110","543","337","206","55","598","987","0","60.59","34.14"
"10","015","00","011","1109","0000","689","431","258","58","747","1442","0","51.8","29.89"
"10","015","00","011","1109","0101","418","265","153","31","449","867","0","51.79","30.57"
"10","015","00","011","1109","0102","271","166","105","27","298","575","0","51.83","28.87"
"10","015","00","012","0000","0000","2451","1438","1013","417","2868","5269","6439","54.43","27.29"
"10","015","00","012","1201","0000","492","289","203","102","594","1072","0","55.41","26.96"
"10","015","00","012","1201","0234","492","289","203","102","594","1072","0","55.41","26.96"
"10","015","00","012","1202","0000","233","141","92","13","246","560","0","43.93","25.18"
"10","015","00","012","1202","0235","233","141","92","13","246","560","0","43.93","25.18"
"10","015","00","012","1203","0000","421","255","166","42","463","773","0","59.9","32.99"
"10","015","00","012","1203","0236","421","255","166","42","463","773","0","59.9","32.99"
"10","015","00","012","1204","0000","241","161","80","15","256","661","0","38.73","24.36"
"10","015","00","012","1204","0237","241","161","80","15","256","661","0","38.73","24.36"
"10","015","00","012","1205","0000","474","276","198","97","571","1117","0","51.12","24.71"
"10","015","00","012","1205","0238","203","121","82","21","224","442","0","50.68","27.38"
"10","015","00","012","1205","0239","271","155","116","76","347","675","0","51.41","22.96"
"10","015","00","012","1206","0000","590","316","274","148","738","1086","0","67.96","29.1"
"10","015","00","012","1206","0240","590","316","274","148","738","1086","0","67.96","29.1"
"10","015","00","013","0000","0000","2307","1380","927","389","2696","4947","6104","54.5","27.9"
"10","015","00","013","1301","0000","256","135","121","26","282","533","0","52.91","25.33"
"10","015","00","013","1301","0290","256","135","121","26","282","533","0","52.91","25.33"
"10","015","00","013","1302","0000","443","282","161","79","522","1015","0","51.43","27.78"
"10","015","00","013","1302","0291","268","172","96","59","327","522","0","62.64","32.95"
"10","015","00","013","1302","0292","175","110","65","20","195","493","0","39.55","22.31"
"10","015","00","013","1303","0000","378","226","152","61","439","701","0","62.62","32.24"
"10","015","00","013","1303","0293","378","226","152","61","439","701","0","62.62","32.24"
"10","015","00","013","1304","0000","383","210","173","60","443","746","0","59.38","28.15"
"10","015","00","013","1304","0294","383","210","173","60","443","746","0","59.38","28.15"
"10","015","00","013","1305","0000","418","232","186","100","518","1021","0","50.73","22.72"
"10","015","00","013","1305","0295","311","165","146","75","386","616","0","62.66","26.79"
"10","015","00","013","1305","0296","107","67","40","25","132","405","0","32.59","16.54"
"10","015","00","013","1306","0000","429","295","134","63","492","931","0","52.85","31.69"
"10","015","00","013","1306","0297","150","98","52","29","179","329","0","54.41","29.79"
"10","015","00","013","1306","0298","194","138","56","21","215","428","0","50.23","32.24"
"10","015","00","013","1306","0299","85","59","26","13","98","174","0","56.32","33.91"
"10","014","00","000","0000","0000","84964","51032","33932","9433","94397","185996","219268","50.75","27.44"
"10","014","00","001","0000","0000","44042","27095","16947","3485","47527","87803","105587","54.13","30.86"
"10","014","00","001","0101","0000","655","360","295","120","775","1505","0","51.5","23.92"
"10","014","00","001","0101","0052","655","360","295","120","775","1505","0","51.5","23.92"
"10","014","00","001","0102","0000","343","201","142","61","404","836","0","48.33","24.04"
"10","014","00","001","0102","0053","343","201","142","61","404","836","0","48.33","24.04"
"10","014","00","001","0103","0000","1115","709","406","82","1197","2162","0","55.37","32.79"
"10","014","00","001","0103","0056","1115","709","406","82","1197","2162","0","55.37","32.79"
"10","014","00","001","0104","0000","1346","863","483","103","1449","2688","0","53.91","32.11"
"10","014","00","001","0104","0059","668","438","230","42","710","1359","0","52.24","32.23"
"10","014","00","001","0104","0060","678","425","253","61","739","1329","0","55.61","31.98"
"10","014","00","001","0105","0000","1532","975","557","103","1635","2767","0","59.09","35.24"
"10","014","00","001","0105","0057","914","572","342","54","968","1627","0","59.5","35.16"
"10","014","00","001","0105","0058","618","403","215","49","667","1140","0","58.51","35.35"
"10","014","00","001","0106","0000","1347","865","482","112","1459","2644","0","55.18","32.72"
"10","014","00","001","0106","0054","691","440","251","46","737","1294","0","56.96","34.0"
"10","014","00","001","0106","0055","656","425","231","66","722","1350","0","53.48","31.48"
"10","014","00","001","0107","0000","3464","2250","1214","229","3693","6543","0","56.44","34.39"
"10","014","00","001","0107","0026","901","583","318","49","950","1638","0","58.0","35.59"
"10","014","00","001","0107","0027","814","527","287","57","871","1576","0","55.27","33.44"
"10","014","00","001","0107","0028","838","519","319","66","904","1595","0","56.68","32.54"
"10","014","00","001","0107","0029","911","621","290","57","968","1734","0","55.82","35.81"
"10","014","00","001","0108","0000","1732","1080","652","93","1825","3141","0","58.1","34.38"
"10","014","00","001","0108","0006","851","525","326","45","896","1651","0","54.27","31.8"
"10","014","00","001","0108","0007","881","555","326","48","929","1490","0","62.35","37.25"
"10","014","00","001","0109","0000","412","252","160","38","450","859","0","52.39","29.34"
"10","014","00","001","0109","0008","412","252","160","38","450","859","0","52.39","29.34"
"10","014","00","001","0110","0000","1516","946","570","92","1608","2651","0","60.66","35.68"
"10","014","00","001","0110","0032","746","455","291","46","792","1313","0","60.32","34.65"
"10","014","00","001","0110","0033","770","491","279","46","816","1338","0","60.99","36.7"
"10","014","00","001","0111","0000","1669","1052","617","104","1773","3021","0","58.69","34.82"
"10","014","00","001","0111","0030","789","491","298","56","845","1476","0","57.25","33.27"
"10","014","00","001","0111","0031","880","561","319","48","928","1545","0","60.06","36.31"
"10","014","00","001","0112","0000","2186","1357","829","125","2311","4021","0","57.47","33.75"
"10","014","00","001","0112","0003","658","414","244","39","697","1259","0","55.36","32.88"
"10","014","00","001","0112","0004","733","441","292","40","773","1399","0","55.25","31.52"
"10","014","00","001","0112","0005","795","502","293","46","841","1363","0","61.7","36.83"
"10","014","00","001","0113","0000","845","517","328","60","905","1469","0","61.61","35.19"
"10","014","00","001","0113","0002","845","517","328","60","905","1469","0","61.61","35.19"
"10","014","00","001","0114","0000","330","188","142","46","376","651","0","57.76","28.88"
"10","014","00","001","0114","0010","330","188","142","46","376","651","0","57.76","28.88"
"10","014","00","001","0115","0000","765","459","306","66","831","1650","0","50.36","27.82"
"10","014","00","001","0115","0011","765","459","306","66","831","1650","0","50.36","27.82"
"10","014","00","001","0116","0000","351","206","145","30","381","632","0","60.28","32.59"
"10","014","00","001","0116","0013","351","206","145","30","381","632","0","60.28","32.59"
"10","014","00","001","0117","0000","624","360","264","96","720","1299","0","55.43","27.71"
"10","014","00","001","0117","0016","624","360","264","96","720","1299","0","55.43","27.71"
"10","014","00","001","0118","0000","499","279","220","36","535","890","0","60.11","31.35"
"10","014","00","001","0118","0009","499","279","220","36","535","890","0","60.11","31.35"
"10","014","00","001","0119","0000","421","243","178","29","450","724","0","62.15","33.56"
"10","014","00","001","0119","0012","421","243","178","29","450","724","0","62.15","33.56"
"10","014","00","001","0120","0000","472","256","216","25","497","811","0","61.28","31.57"
"10","014","00","001","0120","0017","472","256","216","25","497","811","0","61.28","31.57"
"10","014","00","001","0121","0000","419","251","168","44","463","771","0","60.05","32.56"
"10","014","00","001","0121","0014","419","251","168","44","463","771","0","60.05","32.56"
"10","014","00","001","0122","0000","379","234","145","28","407","798","0","51.0","29.32"
"10","014","00","001","0122","0015","379","234","145","28","407","798","0","51.0","29.32"
"10","014","00","001","0123","0000","395","237","158","37","432","874","0","49.43","27.12"
"10","014","00","001","0123","0001","395","237","158","37","432","874","0","49.43","27.12"
"10","014","00","001","0124","0000","451","265","186","40","491","764","0","64.27","34.69"
"10","014","00","001","0124","0018","451","265","186","40","491","764","0","64.27","34.69"
"10","014","00","001","0125","0000","287","161","126","15","302","601","0","50.25","26.79"
"10","014","00","001","0125","0023","287","161","126","15","302","601","0","50.25","26.79"
"10","014","00","001","0126","0000","385","219","166","17","402","784","0","51.28","27.93"
"10","014","00","001","0126","0019","385","219","166","17","402","784","0","51.28","27.93"
"10","014","00","001","0127","0000","191","119","72","12","203","417","0","48.68","28.54"
"10","014","00","001","0127","0024","191","119","72","12","203","417","0","48.68","28.54"
"10","014","00","001","0128","0000","199","110","89","13","212","427","0","49.65","25.76"
"10","014","00","001","0128","0020","199","110","89","13","212","427","0","49.65","25.76"
"10","014","00","001","0129","0000","744","397","347","86","830","1597","0","51.97","24.86"
"10","014","00","001","0129","0063","744","397","347","86","830","1597","0","51.97","24.86"
"10","014","00","001","0130","0000","1008","620","388","94","1102","2028","0","54.34","30.57"
"10","014","00","001","0130","0061","471","278","193","42","513","990","0","51.82","28.08"
"10","014","00","001","0130","0062","537","342","195","52","589","1038","0","56.74","32.95"
"10","014","00","001","0131","0000","1313","786","527","120","1433","2959","0","48.43","26.56"
"10","014","00","001","0131","0036","607","348","259","69","676","1407","0","48.05","24.73"
"10","014","00","001","0131","0037","706","438","268","51","757","1552","0","48.78","28.22"
"10","014","00","001","0132","0000","1363","836","527","89","1452","2577","0","56.34","32.44"
"10","014","00","001","0132","0034","682","424","258","35","717","1312","0","54.65","32.32"
"10","014","00","001","0132","0035","681","412","269","54","735","1265","0","58.1","32.57"
"10","014","00","001","0133","0000","745","477","268","80","825","1445","0","57.09","33.01"
"10","014","00","001","0133","0038","745","477","268","80","825","1445","0","57.09","33.01"
"10","014","00","001","0134","0000","1120","697","423","73","1193","2098","0","56.86","33.22"
"10","014","00","001","0134","0039","1120","697","423","73","1193","2098","0","56.86","33.22"
"10","014","00","001","0135","0000","698","434","264","89","787","1324","0","59.44","32.78"
"10","014","00","001","0135","0040","698","434","264","89","787","1324","0","59.44","32.78"
"10","014","00","001","0136","0000","1435","885","550","58","1493","2793","0","53.46","31.69"
"10","014","00","001","0136","0021","616","372","244","34","650","1292","0","50.31","28.79"
"10","014","00","001","0136","0022","819","513","306","24","843","1501","0","56.16","34.18"
"10","014","00","001","0137","0000","509","329","180","50","559","1001","0","55.84","32.87"
"10","014","00","001","0137","0025","509","329","180","50","559","1001","0","55.84","32.87"
"10","014","00","001","0138","0000","3942","2463","1479","254","4196","8002","0","52.44","30.78"
"10","014","00","001","0138","0041","809","524","285","37","846","1598","0","52.94","32.79"
"10","014","00","001","0138","0042","753","453","300","33","786","1513","0","51.95","29.94"
"10","014","00","001","0138","0043","853","546","307","49","902","1679","0","53.72","32.52"
"10","014","00","001","0138","0044","679","393","286","63","742","1414","0","52.48","27.79"
"10","014","00","001","0138","0045","848","547","301","72","920","1798","0","51.17","30.42"
"10","014","00","001","0139","0000","2311","1473","838","256","2567","5087","0","50.46","28.96"
"10","014","00","001","0139","0046","715","442","273","86","801","1749","0","45.8","25.27"
"10","014","00","001","0139","0047","821","516","305","106","927","1709","0","54.24","30.19"
"10","014","00","001","0139","0048","775","515","260","64","839","1629","0","51.5","31.61"
"10","014","00","001","0140","0000","1047","639","408","100","1147","2375","0","48.29","26.91"
"10","014","00","001","0140","0049","521","318","203","69","590","1116","0","52.87","28.49"
"10","014","00","001","0140","0050","526","321","205","31","557","1259","0","44.24","25.5"
"10","014","00","001","0141","0000","516","301","215","39","555","1232","0","45.05","24.43"
"10","014","00","001","0141","0051","516","301","215","39","555","1232","0","45.05","24.43"
"10","014","00","001","0142","0000","664","387","277","81","745","1385","0","53.79","27.94"
"10","014","00","001","0142","0064","664","387","277","81","745","1385","0","53.79","27.94"
"10","014","00","001","0143","0000","397","228","169","19","416","939","0","44.3","24.28"
"10","014","00","001","0143","0065","397","228","169","19","416","939","0","44.3","24.28"
"10","014","00","001","0144","0000","504","315","189","52","556","1258","0","44.2","25.04"
"10","014","00","001","0144","0066","504","315","189","52","556","1258","0","44.2","25.04"
"10","014","00","001","0145","0000","618","370","248","11","629","1350","0","46.59","27.41"
"10","014","00","001","0145","0067","618","370","248","11","629","1350","0","46.59","27.41"
"10","014","00","001","0146","0000","778","444","334","78","856","1953","0","43.83","22.73"
"10","014","00","001","0146","0068","436","249","187","43","479","1058","0","45.27","23.53"
"10","014","00","001","0146","0069","342","195","147","35","377","895","0","42.12","21.79"
"10","014","00","002","0000","0000","5233","3232","2001","855","6088","12426","14105","48.99","26.01"
"10","014","00","002","0201","0000","187","115","72","26","213","637","0","33.44","18.05"
"10","014","00","002","0201","0085","70","41","29","0","70","373","0","18.77","10.99"
"10","014","00","002","0201","0086","117","74","43","26","143","264","0","54.17","28.03"
"10","014","00","002","0202","0000","324","195","129","88","412","969","0","42.52","20.12"
"10","014","00","002","0202","0083","168","97","71","49","217","488","0","44.47","19.88"
"10","014","00","002","0202","0084","156","98","58","39","195","481","0","40.54","20.37"
"10","014","00","002","0203","0000","497","311","186","139","636","1403","0","45.33","22.17"
"10","014","00","002","0203","0081","199","120","79","63","262","516","0","50.78","23.26"
"10","014","00","002","0203","0082","298","191","107","76","374","887","0","42.16","21.53"
"10","014","00","002","0204","0000","1210","767","443","202","1412","2731","0","51.7","28.08"
"10","014","00","002","0204","0079","585","342","243","108","693","1365","0","50.77","25.05"
"10","014","00","002","0204","0080","625","425","200","94","719","1366","0","52.64","31.11"
"10","014","00","002","0205","0000","913","579","334","90","1003","1901","0","52.76","30.46"
"10","014","00","002","0205","0077","450","279","171","57","507","931","0","54.46","29.97"
"10","014","00","002","0205","0078","463","300","163","33","496","970","0","51.13","30.93"
"10","014","00","002","0206","0000","986","625","361","111","1097","2197","0","49.93","28.45"
"10","014","00","002","0206","0074","133","82","51","27","160","339","0","47.2","24.19"
"10","014","00","002","0206","0075","427","267","160","27","454","995","0","45.63","26.83"
"10","014","00","002","0206","0076","426","276","150","57","483","863","0","55.97","31.98"
"10","014","00","002","0207","0000","278","166","112","67","345","747","0","46.18","22.22"
"10","014","00","002","0207","0073","278","166","112","67","345","747","0","46.18","22.22"
"10","014","00","002","0208","0000","838","474","364","132","970","1841","0","52.69","25.75"
"10","014","00","002","0208","0070","214","133","81","48","262","516","0","50.78","25.78"
"10","014","00","002","0208","0071","515","269","246","69","584","960","0","60.83","28.02"
"10","014","00","002","0208","0072","109","72","37","15","124","365","0","33.97","19.73"
"10","014","00","003","0000","0000","3421","2106","1315","279","3700","7509","8727","49.27","28.05"
"10","014","00","003","0301","0000","710","420","290","66","776","1691","0","45.89","24.84"
"10","014","00","003","0301","0093","427","248","179","46","473","912","0","51.86","27.19"
"10","014","00","003","0301","0094","283","172","111","20","303","779","0","38.9","22.08"
"10","014","00","003","0302","0000","587","398","189","34","621","1137","0","54.62","35.0"
"10","014","00","003","0302","0091","587","398","189","34","621","1137","0","54.62","35.0"
"10","014","00","003","0303","0000","351","204","147","22","373","887","0","42.05","23.0"
"10","014","00","003","0303","0090","351","204","147","22","373","887","0","42.05","23.0"
"10","014","00","003","0304","0000","457","271","186","44","501","828","0","60.51","32.73"
"10","014","00","003","0304","0089","457","271","186","44","501","828","0","60.51","32.73"
"10","014","00","003","0305","0000","816","490","326","60","876","1699","0","51.56","28.84"
"10","014","00","003","0305","0087","503","301","202","35","538","909","0","59.19","33.11"
"10","014","00","003","0305","0088","313","189","124","25","338","790","0","42.78","23.92"
"10","014","00","003","0306","0000","185","140","45","18","203","535","0","37.94","26.17"
"10","014","00","003","0306","0095","185","140","45","18","203","535","0","37.94","26.17"
"10","014","00","003","0307","0000","315","183","132","35","350","732","0","47.81","25.0"
"10","014","00","003","0307","0092","315","183","132","35","350","732","0","47.81","25.0"
"10","014","00","004","0000","0000","6884","4065","2819","921","7805","14976","17314","52.12","27.14"
"10","014","00","004","0401","0000","189","108","81","23","212","476","0","44.54","22.69"
"10","014","00","004","0401","0105","85","43","42","11","96","261","0","36.78","16.48"
"10","014","00","004","0401","0106","104","65","39","12","116","215","0","53.95","30.23"
"10","014","00","004","0402","0000","201","123","78","26","227","436","0","52.06","28.21"
"10","014","00","004","0402","0117","201","123","78","26","227","436","0","52.06","28.21"
"10","014","00","004","0403","0000","193","127","66","27","220","488","0","45.08","26.02"
"10","014","00","004","0403","0115","193","127","66","27","220","488","0","45.08","26.02"
"10","014","00","004","0404","0000","177","89","88","25","202","347","0","58.21","25.65"
"10","014","00","004","0404","0116","177","89","88","25","202","347","0","58.21","25.65"
"10","014","00","004","0405","0000","490","295","195","84","574","1163","0","49.36","25.37"
"10","014","00","004","0405","0103","298","173","125","48","346","727","0","47.59","23.8"
"10","014","00","004","0405","0104","192","122","70","36","228","436","0","52.29","27.98"
"10","014","00","004","0406","0000","520","325","195","79","599","1270","0","47.17","25.59"
"10","014","00","004","0406","0101","292","166","126","37","329","767","0","42.89","21.64"
"10","014","00","004","0406","0102","228","159","69","42","270","503","0","53.68","31.61"
"10","014","00","004","0407","0000","396","225","171","72","468","1066","0","43.9","21.11"
"10","014","00","004","0407","0098","75","35","40","22","97","219","0","44.29","15.98"
"10","014","00","004","0407","0099","182","112","70","34","216","460","0","46.96","24.35"
"10","014","00","004","0407","0100","139","78","61","16","155","387","0","40.05","20.16"
"10","014","00","004","0408","0000","1069","648","421","101","1170","2206","0","53.04","29.37"
"10","014","00","004","0408","0096","539","305","234","62","601","1041","0","57.73","29.3"
"10","014","00","004","0408","0097","530","343","187","39","569","1165","0","48.84","29.44"
"10","014","00","004","0409","0000","532","286","246","70","602","1110","0","54.23","25.77"
"10","014","00","004","0409","0110","532","286","246","70","602","1110","0","54.23","25.77"
"10","014","00","004","0410","0000","1518","917","601","131","1649","3015","0","54.69","30.41"
"10","014","00","004","0410","0107","747","467","280","58","805","1442","0","55.83","32.39"
"10","014","00","004","0410","0108","247","150","97","17","264","527","0","50.09","28.46"
"10","014","00","004","0410","0109","524","300","224","56","580","1046","0","55.45","28.68"
"10","014","00","004","0411","0000","566","335","231","63","629","1105","0","56.92","30.32"
"10","014","00","004","0411","0111","566","335","231","63","629","1105","0","56.92","30.32"
"10","014","00","004","0412","0000","575","334","241","150","725","1167","0","62.13","28.62"
"10","014","00","004","0412","0112","575","334","241","150","725","1167","0","62.13","28.62"
"10","014","00","004","0413","0000","458","253","205","70","528","1127","0","46.85","22.45"
"10","014","00","004","0413","0113","406","224","182","67","473","968","0","48.86","23.14"
"10","014","00","004","0413","0114","52","29","23","3","55","159","0","34.59","18.24"
"10","014","00","005","0000","0000","2758","1629","1129","339","3097","6936","7891","44.65","23.49"
"10","014","00","005","0501","0000","243","121","122","45","288","675","0","42.67","17.93"
"10","014","00","005","0501","0125","243","121","122","45","288","675","0","42.67","17.93"
"10","014","00","005","0502","0000","350","197","153","45","395","905","0","43.65","21.77"
"10","014","00","005","0502","0126","198","111","87","16","214","435","0","49.2","25.52"
"10","014","00","005","0502","0127","152","86","66","29","181","470","0","38.51","18.3"
"10","014","00","005","0503","0000","344","200","144","66","410","864","0","47.45","23.15"
"10","014","00","005","0503","0124","344","200","144","66","410","864","0","47.45","23.15"
"10","014","00","005","0504","0000","603","369","234","65","668","1446","0","46.2","25.52"
"10","014","00","005","0504","0121","470","278","192","43","513","1104","0","46.47","25.18"
"10","014","00","005","0504","0122","133","91","42","22","155","342","0","45.32","26.61"
"10","014","00","005","0505","0000","378","224","154","42","420","895","0","46.93","25.03"
"10","014","00","005","0505","0123","378","224","154","42","420","895","0","46.93","25.03"
"10","014","00","005","0506","0000","456","279","177","41","497","1096","0","45.35","25.46"
"10","014","00","005","0506","0118","181","115","66","10","191","522","0","36.59","22.03"
"10","014","00","005","0506","0119","275","164","111","31","306","574","0","53.31","28.57"
"10","014","00","005","0507","0000","384","239","145","35","419","1055","0","39.72","22.65"
"10","014","00","005","0507","0120","384","239","145","35","419","1055","0","39.72","22.65"
"10","014","00","006","0000","0000","2875","1706","1169","380","3255","7162","8207","45.45","23.82"
"10","014","00","006","0601","0000","456","256","200","62","518","1137","0","45.56","22.52"
"10","014","00","006","0601","0130","186","99","87","25","211","434","0","48.62","22.81"
"10","014","00","006","0601","0131","270","157","113","37","307","703","0","43.67","22.33"
"10","014","00","006","0602","0000","237","146","91","24","261","654","0","39.91","22.32"
"10","014","00","006","0602","0132","237","146","91","24","261","654","0","39.91","22.32"
"10","014","00","006","0603","0000","109","50","59","20","129","324","0","39.81","15.43"
"10","014","00","006","0603","0133","109","50","59","20","129","324","0","39.81","15.43"
"10","014","00","006","0604","0000","311","186","125","48","359","794","0","45.21","23.43"
"10","014","00","006","0604","0134","311","186","125","48","359","794","0","45.21","23.43"
"10","014","00","006","0605","0000","874","527","347","104","978","1921","0","50.91","27.43"
"10","014","00","006","0605","0128","429","264","165","39","468","992","0","47.18","26.61"
"10","014","00","006","0605","0129","445","263","182","65","510","929","0","54.9","28.31"
"10","014","00","006","0606","0000","127","87","40","14","141","344","0","40.99","25.29"
"10","014","00","006","0606","0136","127","87","40","14","141","344","0","40.99","25.29"
"10","014","00","006","0607","0000","359","208","151","52","411","856","0","48.01","24.3"
"10","014","00","006","0607","0135","359","208","151","52","411","856","0","48.01","24.3"
"10","014","00","006","0608","0000","146","98","48","25","171","311","0","54.98","31.51"
"10","014","00","006","0608","0137","146","98","48","25","171","311","0","54.98","31.51"
"10","014","00","006","0609","0000","124","72","52","12","136","386","0","35.23","18.65"
"10","014","00","006","0609","0138","124","72","52","12","136","386","0","35.23","18.65"
"10","014","00","006","0610","0000","132","76","56","19","151","435","0","34.71","17.47"
"10","014","00","006","0610","0139","132","76","56","19","151","435","0","34.71","17.47"
"10","014","00","007","0000","0000","2806","1629","1177","442","3248","7635","8518","42.54","21.34"
"10","014","00","007","0701","0000","451","250","201","76","527","1620","0","32.53","15.43"
"10","014","00","007","0701","0147","173","100","73","36","209","867","0","24.11","11.53"
"10","014","00","007","0701","0148","129","72","57","19","148","345","0","42.9","20.87"
"10","014","00","007","0701","0149","149","78","71","21","170","408","0","41.67","19.12"
"10","014","00","007","0702","0000","301","169","132","21","322","1197","0","26.9","14.12"
"10","014","00","007","0702","0146","301","169","132","21","322","1197","0","26.9","14.12"
"10","014","00","007","0703","0000","362","216","146","35","397","977","0","40.63","22.11"
"10","014","00","007","0703","0145","362","216","146","35","397","977","0","40.63","22.11"
"10","014","00","007","0704","0000","103","58","45","11","114","262","0","43.51","22.14"
"10","014","00","007","0704","0150","103","58","45","11","114","262","0","43.51","22.14"
"10","014","00","007","0705","0000","212","119","93","45","257","555","0","46.31","21.44"
"10","014","00","007","0705","0144","212","119","93","45","257","555","0","46.31","21.44"
"10","014","00","007","0706","0000","349","208","141","86","435","918","0","47.39","22.66"
"10","014","00","007","0706","0143","349","208","141","86","435","918","0","47.39","22.66"
"10","014","00","007","0707","0000","1028","609","419","168","1196","2106","0","56.79","28.92"
"10","014","00","007","0707","0140","98","58","40","24","122","290","0","42.07","20.0"
"10","014","00","007","0707","0141","292","187","105","44","336","620","0","54.19","30.16"
"10","014","00","007","0707","0142","638","364","274","100","738","1196","0","61.71","30.43"
"10","014","00","008","0000","0000","2109","1269","840","489","2598","6484","7196","40.07","19.57"
"10","014","00","008","0801","0000","203","142","61","65","268","630","0","42.54","22.54"
"10","014","00","008","0801","0160","10","8","2","3","13","25","0","52.0","32.0"
"10","014","00","008","0801","0161","193","134","59","62","255","605","0","42.15","22.15"
"10","014","00","008","0802","0000","326","195","131","87","413","1191","0","34.68","16.37"
"10","014","00","008","0802","0157","211","123","88","68","279","660","0","42.27","18.64"
"10","014","00","008","0802","0158","67","44","23","3","70","336","0","20.83","13.1"
"10","014","00","008","0802","0159","48","28","20","16","64","195","0","32.82","14.36"
"10","014","00","008","0803","0000","119","64","55","15","134","532","0","25.19","12.03"
"10","014","00","008","0803","0156","119","64","55","15","134","532","0","25.19","12.03"
"10","014","00","008","0804","0000","645","405","240","117","762","1993","0","38.23","20.32"
"10","014","00","008","0804","0154","391","252","139","36","427","1268","0","33.68","19.87"
"10","014","00","008","0804","0155","254","153","101","81","335","725","0","46.21","21.1"
"10","014","00","008","0805","0000","375","234","141","115","490","913","0","53.67","25.63"
"10","014","00","008","0805","0153","375","234","141","115","490","913","0","53.67","25.63"
"10","014","00","008","0806","0000","441","229","212","90","531","1225","0","43.35","18.69"
"10","014","00","008","0806","0151","254","121","133","55","309","536","0","57.65","22.57"
"10","014","00","008","0806","0152","187","108","79","35","222","689","0","32.22","15.67"
"10","014","00","009","0000","0000","3971","2359","1612","614","4585","9666","11186","47.43","24.41"
"10","014","00","009","0901","0000","594","365","229","85","679","1297","0","52.35","28.14"
"10","014","00","009","0901","0162","334","191","143","50","384","722","0","53.19","26.45"
"10","014","00","009","0901","0163","260","174","86","35","295","575","0","51.3","30.26"
"10","014","00","009","0902","0000","274","165","109","40","314","623","0","50.4","26.48"
"10","014","00","009","0902","0164","274","165","109","40","314","623","0","50.4","26.48"
"10","014","00","009","0903","0000","246","138","108","50","296","622","0","47.59","22.19"
"10","014","00","009","0903","0165","246","138","108","50","296","622","0","47.59","22.19"
"10","014","00","009","0904","0000","191","124","67","13","204","560","0","36.43","22.14"
"10","014","00","009","0904","0166","191","124","67","13","204","560","0","36.43","22.14"
"10","014","00","009","0905","0000","686","404","282","106","792","1410","0","56.17","28.65"
"10","014","00","009","0905","0169","364","219","145","49","413","673","0","61.37","32.54"
"10","014","00","009","0905","0170","322","185","137","57","379","737","0","51.42","25.1"
"10","014","00","009","0906","0000","730","412","318","161","891","1766","0","50.45","23.33"
"10","014","00","009","0906","0167","416","252","164","109","525","957","0","54.86","26.33"
"10","014","00","009","0906","0168","314","160","154","52","366","809","0","45.24","19.78"
"10","014","00","009","0907","0000","357","195","162","62","419","798","0","52.51","24.44"
"10","014","00","009","0907","0171","200","114","86","40","240","424","0","56.6","26.89"
"10","014","00","009","0907","0172","157","81","76","22","179","374","0","47.86","21.66"
"10","014","00","009","0908","0000","527","323","204","35","562","1698","0","33.1","19.02"
"10","014","00","009","0908","0173","255","163","92","26","281","829","0","33.9","19.66"
"10","014","00","009","0908","0174","272","160","112","9","281","869","0","32.34","18.41"
"10","014","00","009","0909","0000","366","233","133","62","428","892","0","47.98","26.12"
"10","014","00","009","0909","0175","59","35","24","6","65","223","0","29.15","15.7"
"10","014","00","009","0909","0176","307","198","109","56","363","669","0","54.26","29.6"
"10","014","00","010","0000","0000","2118","1216","902","559","2677","5266","6100","50.84","23.09"
"10","014","00","010","1001","0000","280","159","121","100","380","763","0","49.8","20.84"
"10","014","00","010","1001","0181","146","78","68","67","213","386","0","55.18","20.21"
"10","014","00","010","1001","0182","134","81","53","33","167","377","0","44.3","21.49"
"10","014","00","010","1002","0000","414","251","163","120","534","1134","0","47.09","22.13"
"10","014","00","010","1002","0180","414","251","163","120","534","1134","0","47.09","22.13"
"10","014","00","010","1003","0000","591","335","256","115","706","1327","0","53.2","25.24"
"10","014","00","010","1003","0179","591","335","256","115","706","1327","0","53.2","25.24"
"10","014","00","010","1004","0000","573","319","254","151","724","1474","0","49.12","21.64"
"10","014","00","010","1004","0178","573","319","254","151","724","1474","0","49.12","21.64"
"10","014","00","010","1005","0000","260","152","108","73","333","568","0","58.63","26.76"
"10","014","00","010","1005","0177","260","152","108","73","333","568","0","58.63","26.76"
"10","014","00","011","0000","0000","1455","902","553","98","1553","3579","4097","43.39","25.2"
"10","014","00","011","1101","0000","454","264","190","23","477","1023","0","46.63","25.81"
"10","014","00","011","1101","0185","360","219","141","21","381","813","0","46.86","26.94"
"10","014","00","011","1101","0186","94","45","49","2","96","210","0","45.71","21.43"
"10","014","00","011","1102","0000","435","283","152","37","472","1082","0","43.62","26.16"
"10","014","00","011","1102","0184","435","283","152","37","472","1082","0","43.62","26.16"
"10","014","00","011","1103","0000","566","355","211","38","604","1474","0","40.98","24.08"
"10","014","00","011","1103","0183","566","355","211","38","604","1474","0","40.98","24.08"
"10","014","00","012","0000","0000","1540","855","685","194","1734","3278","4207","52.9","26.08"
"10","014","00","012","1201","0000","353","184","169","40","393","728","0","53.98","25.27"
"10","014","00","012","1201","0190","353","184","169","40","393","728","0","53.98","25.27"
"10","014","00","012","1202","0000","125","71","54","15","140","259","0","54.05","27.41"
"10","014","00","012","1202","0191","125","71","54","15","140","259","0","54.05","27.41"
"10","014","00","012","1203","0000","113","64","49","14","127","254","0","50.0","25.2"
"10","014","00","012","1203","0192","113","64","49","14","127","254","0","50.0","25.2"
"10","014","00","012","1204","0000","425","237","188","56","481","971","0","49.54","24.41"
"10","014","00","012","1204","0189","425","237","188","56","481","971","0","49.54","24.41"
"10","014","00","012","1205","0000","295","175","120","35","330","569","0","58.0","30.76"
"10","014","00","012","1205","0188","295","175","120","35","330","569","0","58.0","30.76"
"10","014","00","012","1206","0000","229","124","105","34","263","497","0","52.92","24.95"
"10","014","00","012","1206","0187","229","124","105","34","263","497","0","52.92","24.95"
"10","014","00","013","0000","0000","1334","736","598","193","1527","2930","3656","52.12","25.12"
"10","014","00","013","1301","0000","210","126","84","23","233","579","0","40.24","21.76"
"10","014","00","013","1301","0196","210","126","84","23","233","579","0","40.24","21.76"
"10","014","00","013","1302","0000","182","108","74","27","209","315","0","66.35","34.29"
"10","014","00","013","1302","0195","182","108","74","27","209","315","0","66.35","34.29"
"10","014","00","013","1303","0000","236","123","113","60","296","426","0","69.48","28.87"
"10","014","00","013","1303","0194","236","123","113","60","296","426","0","69.48","28.87"
"10","014","00","013","1304","0000","247","136","111","28","275","596","0","46.14","22.82"
"10","014","00","013","1304","0197","247","136","111","28","275","596","0","46.14","22.82"
"10","014","00","013","1305","0000","459","243","216","55","514","1014","0","50.69","23.96"
"10","014","00","013","1305","0193","459","243","216","55","514","1014","0","50.69","23.96"
"10","014","00","014","0000","0000","1410","847","563","235","1645","3028","3748","54.33","27.97"
"10","014","00","014","1401","0000","335","205","130","57","392","520","0","75.38","39.42"
"10","014","00","014","1401","0200","335","205","130","57","392","520","0","75.38","39.42"
"10","014","00","014","1402","0000","313","186","127","37","350","601","0","58.24","30.95"
"10","014","00","014","1402","0199","313","186","127","37","350","601","0","58.24","30.95"
"10","014","00","014","1403","0000","488","294","194","73","561","1241","0","45.21","23.69"
"10","014","00","014","1403","0198","488","294","194","73","561","1241","0","45.21","23.69"
"10","014","00","014","1404","0000","156","99","57","32","188","336","0","55.95","29.46"
"10","014","00","014","1404","0201","156","99","57","32","188","336","0","55.95","29.46"
"10","014","00","014","1405","0000","118","63","55","36","154","330","0","46.67","19.09"
"10","014","00","014","1405","0202","118","63","55","36","154","330","0","46.67","19.09"
"10","014","00","015","0000","0000","1557","752","805","220","1777","3137","3615","56.65","23.97"
"10","014","00","015","1501","0000","237","130","107","21","258","628","0","41.08","20.7"
"10","014","00","015","1501","0208","237","130","107","21","258","628","0","41.08","20.7"
"10","014","00","015","1502","0000","403","184","219","64","467","867","0","53.86","21.22"
"10","014","00","015","1502","0209","403","184","219","64","467","867","0","53.86","21.22"
"10","014","00","015","1503","0000","188","94","94","27","215","331","0","64.95","28.4"
"10","014","00","015","1503","0207","188","94","94","27","215","331","0","64.95","28.4"
"10","014","00","015","1504","0000","323","123","200","49","372","586","0","63.48","20.99"
"10","014","00","015","1504","0203","128","69","59","26","154","246","0","62.6","28.05"
"10","014","00","015","1504","0204","195","54","141","23","218","340","0","64.12","15.88"
"10","014","00","015","1505","0000","228","126","102","41","269","429","0","62.7","29.37"
"10","014","00","015","1505","0206","228","126","102","41","269","429","0","62.7","29.37"
"10","014","00","015","1506","0000","178","95","83","18","196","296","0","66.22","32.09"
"10","014","00","015","1506","0205","178","95","83","18","196","296","0","66.22","32.09"
"10","014","00","016","0000","0000","1451","634","817","130","1581","4181","5114","37.81","15.16"
"10","014","00","016","1601","0000","367","148","219","25","392","1240","0","31.61","11.94"
"10","014","00","016","1601","0212","367","148","219","25","392","1240","0","31.61","11.94"
"10","014","00","016","1602","0000","248","121","127","31","279","760","0","36.71","15.92"
"10","014","00","016","1602","0213","248","121","127","31","279","760","0","36.71","15.92"
"10","014","00","016","1603","0000","485","211","274","44","529","1238","0","42.73","17.04"
"10","014","00","016","1603","0211","485","211","274","44","529","1238","0","42.73","17.04"
"10","014","00","016","1604","0000","351","154","197","30","381","943","0","40.4","16.33"
"10","014","00","016","1604","0210","351","154","197","30","381","943","0","40.4","16.33"
"10","016","00","000","0000","0000","35904","22697","13207","4253","40157","90405","104400","44.42","25.11"
"10","016","00","001","0000","0000","23489","14870","8619","2443","25932","53655","62523","48.33","27.71"
"10","016","00","001","0102","0000","202","123","79","21","223","481","0","46.36","25.57"
"10","016","00","001","0102","0001","202","123","79","21","223","481","0","46.36","25.57"
"10","016","00","001","0103","0000","267","176","91","18","285","558","0","51.08","31.54"
"10","016","00","001","0103","0002","267","176","91","18","285","558","0","51.08","31.54"
"10","016","00","001","0104","0000","220","135","85","43","263","533","0","49.34","25.33"
"10","016","00","001","0104","0003","220","135","85","43","263","533","0","49.34","25.33"
"10","016","00","001","0105","0000","414","242","172","39","453","922","0","49.13","26.25"
"10","016","00","001","0105","0004","414","242","172","39","453","922","0","49.13","26.25"
"10","016","00","001","0106","0000","494","290","204","47","541","1021","0","52.99","28.4"
"10","016","00","001","0106","0005","494","290","204","47","541","1021","0","52.99","28.4"
"10","016","00","001","0107","0000","362","233","129","42","404","793","0","50.95","29.38"
"10","016","00","001","0107","0006","362","233","129","42","404","793","0","50.95","29.38"
"10","016","00","001","0108","0000","916","553","363","95","1011","1955","0","51.71","28.29"
"10","016","00","001","0108","0007","459","279","180","51","510","954","0","53.46","29.25"
"10","016","00","001","0108","0008","457","274","183","44","501","1001","0","50.05","27.37"
"10","016","00","001","0109","0000","1865","1204","661","183","2048","4130","0","49.59","29.15"
"10","016","00","001","0109","0010","592","378","214","68","660","1402","0","47.08","26.96"
"10","016","00","001","0109","0011","647","423","224","50","697","1389","0","50.18","30.45"
"10","016","00","001","0109","0012","626","403","223","65","691","1339","0","51.61","30.1"
"10","016","00","001","0110","0000","479","316","163","52","531","1192","0","44.55","26.51"
"10","016","00","001","0110","0009","479","316","163","52","531","1192","0","44.55","26.51"
"10","016","00","001","0111","0000","2394","1502","892","222","2616","5281","0","49.54","28.44"
"10","016","00","001","0111","0013","538","350","188","54","592","1254","0","47.21","27.91"
"10","016","00","001","0111","0014","543","341","202","58","601","1194","0","50.34","28.56"
"10","016","00","001","0111","0015","611","365","246","61","672","1393","0","48.24","26.2"
"10","016","00","001","0111","0016","702","446","256","49","751","1440","0","52.15","30.97"
"10","016","00","001","0112","0000","1073","669","404","150","1223","2499","0","48.94","26.77"
"10","016","00","001","0112","0017","523","311","212","67","590","1215","0","48.56","25.6"
"10","016","00","001","0112","0018","550","358","192","83","633","1284","0","49.3","27.88"
"10","016","00","001","0113","0000","671","428","243","75","746","1512","0","49.34","28.31"
"10","016","00","001","0113","0019","671","428","243","75","746","1512","0","49.34","28.31"
"10","016","00","001","0114","0000","2647","1630","1017","249","2896","6044","0","47.92","26.97"
"10","016","00","001","0114","0020","478","311","167","92","570","1181","0","48.26","26.33"
"10","016","00","001","0114","0021","623","412","211","47","670","1348","0","49.7","30.56"
"10","016","00","001","0114","0022","667","414","253","52","719","1391","0","51.69","29.76"
"10","016","00","001","0114","0023","879","493","386","58","937","2124","0","44.11","23.21"
"10","016","00","001","0115","0000","1383","914","469","135","1518","3082","0","49.25","29.66"
"10","016","00","001","0115","0024","661","440","221","79","740","1500","0","49.33","29.33"
"10","016","00","001","0115","0025","722","474","248","56","778","1582","0","49.18","29.96"
"10","016","00","001","0116","0000","1490","930","560","114","1604","3192","0","50.25","29.14"
"10","016","00","001","0116","0026","737","474","263","57","794","1638","0","48.47","28.94"
"10","016","00","001","0116","0027","753","456","297","57","810","1554","0","52.12","29.34"
"10","016","00","001","0117","0000","753","489","264","73","826","1872","0","44.12","26.12"
"10","016","00","001","0117","0028","353","219","134","26","379","980","0","38.67","22.35"
"10","016","00","001","0117","0029","400","270","130","47","447","892","0","50.11","30.27"
"10","016","00","001","0118","0000","304","193","111","17","321","778","0","41.26","24.81"
"10","016","00","001","0118","0030","304","193","111","17","321","778","0","41.26","24.81"
"10","016","00","001","0119","0000","438","292","146","34","472","930","0","50.75","31.4"
"10","016","00","001","0119","0031","438","292","146","34","472","930","0","50.75","31.4"
"10","016","00","001","0120","0000","1356","897","459","92","1448","2609","0","55.5","34.38"
"10","016","00","001","0120","0032","790","515","275","66","856","1481","0","57.8","34.77"
"10","016","00","001","0120","0033","566","382","184","26","592","1128","0","52.48","33.87"
"10","016","00","001","0121","0000","187","115","72","31","218","415","0","52.53","27.71"
"10","016","00","001","0121","0034","187","115","72","31","218","415","0","52.53","27.71"
"10","016","00","001","0122","0000","979","668","311","92","1071","2070","0","51.74","32.27"
"10","016","00","001","0122","0035","496","328","168","60","556","1120","0","49.64","29.29"
"10","016","00","001","0122","0036","483","340","143","32","515","950","0","54.21","35.79"
"10","016","00","001","0123","0000","245","161","84","36","281","627","0","44.82","25.68"
"10","016","00","001","0123","0037","245","161","84","36","281","627","0","44.82","25.68"
"10","016","00","001","0124","0000","470","300","170","48","518","989","0","52.38","30.33"
"10","016","00","001","0124","0039","470","300","170","48","518","989","0","52.38","30.33"
"10","016","00","001","0125","0000","483","319","164","37","520","1055","0","49.29","30.24"
"10","016","00","001","0125","0038","483","319","164","37","520","1055","0","49.29","30.24"
"10","016","00","001","0126","0000","284","181","103","45","329","591","0","55.67","30.63"
"10","016","00","001","0126","0040","284","181","103","45","329","591","0","55.67","30.63"
"10","016","00","001","0127","0000","688","466","222","92","780","1700","0","45.88","27.41"
"10","016","00","001","0127","0043","336","227","109","61","397","797","0","49.81","28.48"
"10","016","00","001","0127","0044","352","239","113","31","383","903","0","42.41","26.47"
"10","016","00","001","0128","0000","973","594","379","153","1126","2466","0","45.66","24.09"
"10","016","00","001","0128","0041","567","350","217","91","658","1387","0","47.44","25.23"
"10","016","00","001","0128","0042","406","244","162","62","468","1079","0","43.37","22.61"
"10","016","00","001","0129","0000","145","89","56","29","174","376","0","46.28","23.67"
"10","016","00","001","0129","0045","145","89","56","29","174","376","0","46.28","23.67"
"10","016","00","001","0130","0000","172","105","67","23","195","371","0","52.56","28.3"
"10","016","00","001","0130","0046","172","105","67","23","195","371","0","52.56","28.3"
"10","016","00","001","0131","0000","418","224","194","26","444","1173","0","37.85","19.1"
"10","016","00","001","0131","0047","418","224","194","26","444","1173","0","37.85","19.1"
"10","016","00","001","0132","0000","413","252","161","45","458","1389","0","32.97","18.14"
"10","016","00","001","0132","0048","413","252","161","45","458","1389","0","32.97","18.14"
"10","016","00","001","0133","0000","151","89","62","62","213","761","0","27.99","11.7"
"10","016","00","001","0133","0049","151","89","62","62","213","761","0","27.99","11.7"
"10","016","00","001","0134","0000","153","91","62","23","176","288","0","61.11","31.6"
"10","016","00","001","0134","0050","153","91","62","23","176","288","0","61.11","31.6"
"10","016","00","002","0000","0000","4805","3078","1727","585","5390","12741","14533","42.3","24.16"
"10","016","00","002","0201","0000","495","330","165","80","575","1120","0","51.34","29.46"
"10","016","00","002","0201","0051","495","330","165","80","575","1120","0","51.34","29.46"
"10","016","00","002","0202","0000","131","80","51","11","142","332","0","42.77","24.1"
"10","016","00","002","0202","0052","131","80","51","11","142","332","0","42.77","24.1"
"10","016","00","002","0203","0000","84","48","36","5","89","242","0","36.78","19.83"
"10","016","00","002","0203","0053","84","48","36","5","89","242","0","36.78","19.83"
"10","016","00","002","0204","0000","92","65","27","8","100","293","0","34.13","22.18"
"10","016","00","002","0204","0054","92","65","27","8","100","293","0","34.13","22.18"
"10","016","00","002","0205","0000","222","136","86","51","273","666","0","40.99","20.42"
"10","016","00","002","0205","0055","222","136","86","51","273","666","0","40.99","20.42"
"10","016","00","002","0206","0000","142","91","51","20","162","326","0","49.69","27.91"
"10","016","00","002","0206","0056","142","91","51","20","162","326","0","49.69","27.91"
"10","016","00","002","0207","0000","244","142","102","28","272","732","0","37.16","19.4"
"10","016","00","002","0207","0057","244","142","102","28","272","732","0","37.16","19.4"
"10","016","00","002","0208","0000","267","182","85","30","297","651","0","45.62","27.96"
"10","016","00","002","0208","0058","267","182","85","30","297","651","0","45.62","27.96"
"10","016","00","002","0209","0000","290","204","86","22","312","744","0","41.94","27.42"
"10","016","00","002","0209","0059","290","204","86","22","312","744","0","41.94","27.42"
"10","016","00","002","0210","0000","69","43","26","5","74","134","0","55.22","32.09"
"10","016","00","002","0210","0060","69","43","26","5","74","134","0","55.22","32.09"
"10","016","00","002","0211","0000","76","54","22","2","78","216","0","36.11","25.0"
"10","016","00","002","0211","0062","76","54","22","2","78","216","0","36.11","25.0"
"10","016","00","002","0212","0000","119","80","39","11","130","279","0","46.59","28.67"
"10","016","00","002","0212","0064","119","80","39","11","130","279","0","46.59","28.67"
"10","016","00","002","0213","0000","177","120","57","18","195","664","0","29.37","18.07"
"10","016","00","002","0213","0063","177","120","57","18","195","664","0","29.37","18.07"
"10","016","00","002","0214","0000","139","95","44","9","148","296","0","50.0","32.09"
"10","016","00","002","0214","0065","139","95","44","9","148","296","0","50.0","32.09"
"10","016","00","002","0215","0000","235","147","88","26","261","794","0","32.87","18.51"
"10","016","00","002","0215","0061","235","147","88","26","261","794","0","32.87","18.51"
"10","016","00","002","0216","0000","105","78","27","15","120","257","0","46.69","30.35"
"10","016","00","002","0216","0066","105","78","27","15","120","257","0","46.69","30.35"
"10","016","00","002","0217","0000","24","18","6","3","27","89","0","30.34","20.22"
"10","016","00","002","0217","0067","24","18","6","3","27","89","0","30.34","20.22"
"10","016","00","002","0218","0000","350","201","149","37","387","815","0","47.48","24.66"
"10","016","00","002","0218","0068","350","201","149","37","387","815","0","47.48","24.66"
"10","016","00","002","0219","0000","349","229","120","31","380","975","0","38.97","23.49"
"10","016","00","002","0219","0069","349","229","120","31","380","975","0","38.97","23.49"
"10","016","00","002","0220","0000","285","179","106","30","315","648","0","48.61","27.62"
"10","016","00","002","0220","0070","285","179","106","30","315","648","0","48.61","27.62"
"10","016","00","002","0221","0000","674","419","255","123","797","1739","0","45.83","24.09"
"10","016","00","002","0221","0071","327","204","123","32","359","893","0","40.2","22.84"
"10","016","00","002","0221","0072","347","215","132","91","438","846","0","51.77","25.41"
"10","016","00","002","0222","0000","236","137","99","20","256","729","0","35.12","18.79"
"10","016","00","002","0222","0073","236","137","99","20","256","729","0","35.12","18.79"
"10","016","00","003","0000","0000","3183","2003","1180","432","3615","8625","9856","41.91","23.22"
"10","016","00","003","0301","0000","232","130","102","24","256","514","0","49.81","25.29"
"10","016","00","003","0301","0074","232","130","102","24","256","514","0","49.81","25.29"
"10","016","00","003","0302","0000","316","193","123","18","334","657","0","50.84","29.38"
"10","016","00","003","0302","0075","316","193","123","18","334","657","0","50.84","29.38"
"10","016","00","003","0303","0000","67","40","27","6","73","109","0","66.97","36.7"
"10","016","00","003","0303","0076","67","40","27","6","73","109","0","66.97","36.7"
"10","016","00","003","0304","0000","59","47","12","6","65","156","0","41.67","30.13"
"10","016","00","003","0304","0077","59","47","12","6","65","156","0","41.67","30.13"
"10","016","00","003","0305","0000","109","69","40","10","119","293","0","40.61","23.55"
"10","016","00","003","0305","0078","109","69","40","10","119","293","0","40.61","23.55"
"10","016","00","003","0306","0000","66","42","24","4","70","231","0","30.3","18.18"
"10","016","00","003","0306","0079","66","42","24","4","70","231","0","30.3","18.18"
"10","016","00","003","0307","0000","76","49","27","10","86","161","0","53.42","30.43"
"10","016","00","003","0307","0080","76","49","27","10","86","161","0","53.42","30.43"
"10","016","00","003","0308","0000","722","476","246","63","785","1705","0","46.04","27.92"
"10","016","00","003","0308","0081","722","476","246","63","785","1705","0","46.04","27.92"
"10","016","00","003","0309","0000","110","71","39","11","121","285","0","42.46","24.91"
"10","016","00","003","0309","0082","110","71","39","11","121","285","0","42.46","24.91"
"10","016","00","003","0310","0000","196","117","79","19","215","723","0","29.74","16.18"
"10","016","00","003","0310","0083","196","117","79","19","215","723","0","29.74","16.18"
"10","016","00","003","0311","0000","247","149","98","38","285","774","0","36.82","19.25"
"10","016","00","003","0311","0084","247","149","98","38","285","774","0","36.82","19.25"
"10","016","00","003","0312","0000","376","219","157","118","494","1429","0","34.57","15.33"
"10","016","00","003","0312","0085","376","219","157","118","494","1429","0","34.57","15.33"
"10","016","00","003","0313","0000","421","297","124","77","498","1084","0","45.94","27.4"
"10","016","00","003","0313","0086","421","297","124","77","498","1084","0","45.94","27.4"
"10","016","00","003","0314","0000","116","68","48","9","125","251","0","49.8","27.09"
"10","016","00","003","0314","0087","116","68","48","9","125","251","0","49.8","27.09"
"10","016","00","003","0315","0000","70","36","34","19","89","253","0","35.18","14.23"
"10","016","00","003","0315","0088","70","36","34","19","89","253","0","35.18","14.23"
"10","016","00","004","0000","0000","2034","1266","768","410","2444","7382","8396","33.11","17.15"
"10","016","00","004","0401","0000","41","22","19","3","44","283","0","15.55","7.77"
"10","016","00","004","0401","0089","41","22","19","3","44","283","0","15.55","7.77"
"10","016","00","004","0402","0000","107","70","37","15","122","424","0","28.77","16.51"
"10","016","00","004","0402","0090","107","70","37","15","122","424","0","28.77","16.51"
"10","016","00","004","0403","0000","89","55","34","14","103","282","0","36.52","19.5"
"10","016","00","004","0403","0092","89","55","34","14","103","282","0","36.52","19.5"
"10","016","00","004","0404","0000","225","137","88","60","285","826","0","34.5","16.59"
"10","016","00","004","0404","0091","225","137","88","60","285","826","0","34.5","16.59"
"10","016","00","004","0405","0000","192","112","80","62","254","661","0","38.43","16.94"
"10","016","00","004","0405","0093","192","112","80","62","254","661","0","38.43","16.94"
"10","016","00","004","0406","0000","25","11","14","3","28","141","0","19.86","7.8"
"10","016","00","004","0406","0094","25","11","14","3","28","141","0","19.86","7.8"
"10","016","00","004","0407","0000","162","108","54","13","175","635","0","27.56","17.01"
"10","016","00","004","0407","0095","162","108","54","13","175","635","0","27.56","17.01"
"10","016","00","004","0408","0000","62","39","23","6","68","216","0","31.48","18.06"
"10","016","00","004","0408","0096","62","39","23","6","68","216","0","31.48","18.06"
"10","016","00","004","0409","0000","103","60","43","30","133","572","0","23.25","10.49"
"10","016","00","004","0409","0097","103","60","43","30","133","572","0","23.25","10.49"
"10","016","00","004","0410","0000","406","267","139","97","503","1267","0","39.7","21.07"
"10","016","00","004","0410","0098","406","267","139","97","503","1267","0","39.7","21.07"
"10","016","00","004","0411","0000","622","385","237","107","729","2075","0","35.13","18.55"
"10","016","00","004","0411","0099","273","188","85","26","299","942","0","31.74","19.96"
"10","016","00","004","0411","0100","349","197","152","81","430","1133","0","37.95","17.39"
"10","016","00","005","0000","0000","1518","945","573","259","1777","4628","5237","38.4","20.42"
"10","016","00","005","0501","0000","278","175","103","51","329","734","0","44.82","23.84"
"10","016","00","005","0501","0101","278","175","103","51","329","734","0","44.82","23.84"
"10","016","00","005","0502","0000","158","105","53","32","190","454","0","41.85","23.13"
"10","016","00","005","0502","0102","158","105","53","32","190","454","0","41.85","23.13"
"10","016","00","005","0503","0000","81","54","27","16","97","300","0","32.33","18.0"
"10","016","00","005","0503","0103","81","54","27","16","97","300","0","32.33","18.0"
"10","016","00","005","0504","0000","196","128","68","43","239","471","0","50.74","27.18"
"10","016","00","005","0504","0104","196","128","68","43","239","471","0","50.74","27.18"
"10","016","00","005","0505","0000","427","264","163","78","505","1414","0","35.71","18.67"
"10","016","00","005","0505","0105","181","123","58","27","208","672","0","30.95","18.3"
"10","016","00","005","0505","0106","246","141","105","51","297","742","0","40.03","19.0"
"10","016","00","005","0506","0000","165","101","64","8","173","476","0","36.34","21.22"
"10","016","00","005","0506","0108","165","101","64","8","173","476","0","36.34","21.22"
"10","016","00","005","0507","0000","40","20","20","4","44","208","0","21.15","9.62"
"10","016","00","005","0507","0109","40","20","20","4","44","208","0","21.15","9.62"
"10","016","00","005","0508","0000","90","49","41","18","108","264","0","40.91","18.56"
"10","016","00","005","0508","0107","90","49","41","18","108","264","0","40.91","18.56"
"10","016","00","005","0509","0000","83","49","34","9","92","307","0","29.97","15.96"
"10","016","00","005","0509","0110","83","49","34","9","92","307","0","29.97","15.96"
"10","016","00","006","0000","0000","875","535","340","124","999","3374","3855","29.61","15.86"
"10","016","00","006","0601","0000","62","41","21","4","66","248","0","26.61","16.53"
"10","016","00","006","0601","0111","62","41","21","4","66","248","0","26.61","16.53"
"10","016","00","006","0602","0000","171","93","78","33","204","581","0","35.11","16.01"
"10","016","00","006","0602","0112","171","93","78","33","204","581","0","35.11","16.01"
"10","016","00","006","0603","0000","186","108","78","39","225","641","0","35.1","16.85"
"10","016","00","006","0603","0113","186","108","78","39","225","641","0","35.1","16.85"
"10","016","00","006","0604","0000","107","63","44","9","116","382","0","30.37","16.49"
"10","016","00","006","0604","0114","107","63","44","9","116","382","0","30.37","16.49"
"10","016","00","006","0605","0000","65","47","18","7","72","351","0","20.51","13.39"
"10","016","00","006","0605","0115","65","47","18","7","72","351","0","20.51","13.39"
"10","016","00","006","0606","0000","284","183","101","32","316","1171","0","26.99","15.63"
"10","016","00","006","0606","0116","284","183","101","32","316","1171","0","26.99","15.63"
"10","017","00","000","0000","0000","151758","90311","61447","11852","163610","320030","370269","51.12","28.22"
"10","017","00","001","0000","0000","19448","11413","8035","1862","21310","45545","51716","46.79","25.06"
"10","017","00","001","0101","0000","403","215","188","39","442","709","0","62.34","30.32"
"10","017","00","001","0101","0035","403","215","188","39","442","709","0","62.34","30.32"
"10","017","00","001","0102","0000","568","346","222","67","635","1219","0","52.09","28.38"
"10","017","00","001","0102","0033","568","346","222","67","635","1219","0","52.09","28.38"
"10","017","00","001","0103","0000","412","251","161","26","438","904","0","48.45","27.77"
"10","017","00","001","0103","0034","412","251","161","26","438","904","0","48.45","27.77"
"10","017","00","001","0104","0000","467","267","200","72","539","1037","0","51.98","25.75"
"10","017","00","001","0104","0032","467","267","200","72","539","1037","0","51.98","25.75"
"10","017","00","001","0105","0000","620","359","261","53","673","1210","0","55.62","29.67"
"10","017","00","001","0105","0031","620","359","261","53","673","1210","0","55.62","29.67"
"10","017","00","001","0106","0000","557","293","264","70","627","1175","0","53.36","24.94"
"10","017","00","001","0106","0030","557","293","264","70","627","1175","0","53.36","24.94"
"10","017","00","001","0107","0000","576","342","234","42","618","1267","0","48.78","26.99"
"10","017","00","001","0107","0029","576","342","234","42","618","1267","0","48.78","26.99"
"10","017","00","001","0108","0000","379","210","169","48","427","802","0","53.24","26.18"
"10","017","00","001","0108","0028","379","210","169","48","427","802","0","53.24","26.18"
"10","017","00","001","0109","0000","586","343","243","70","656","1594","0","41.15","21.52"
"10","017","00","001","0109","0027","586","343","243","70","656","1594","0","41.15","21.52"
"10","017","00","001","0110","0000","1073","622","451","74","1147","2316","0","49.53","26.86"
"10","017","00","001","0110","0025","431","248","183","42","473","859","0","55.06","28.87"
"10","017","00","001","0110","0026","642","374","268","32","674","1457","0","46.26","25.67"
"10","017","00","001","0111","0000","656","406","250","77","733","1341","0","54.66","30.28"
"10","017","00","001","0111","0024","656","406","250","77","733","1341","0","54.66","30.28"
"10","017","00","001","0112","0000","900","521","379","95","995","2000","0","49.75","26.05"
"10","017","00","001","0112","0022","527","298","229","45","572","1138","0","50.26","26.19"
"10","017","00","001","0112","0023","373","223","150","50","423","862","0","49.07","25.87"
"10","017","00","001","0113","0000","929","559","370","88","1017","1960","0","51.89","28.52"
"10","017","00","001","0113","0020","512","295","217","55","567","1090","0","52.02","27.06"
"10","017","00","001","0113","0021","417","264","153","33","450","870","0","51.72","30.34"
"10","017","00","001","0114","0000","597","355","242","40","637","1270","0","50.16","27.95"
"10","017","00","001","0114","0019","597","355","242","40","637","1270","0","50.16","27.95"
"10","017","00","001","0115","0000","477","282","195","42","519","1166","0","44.51","24.19"
"10","017","00","001","0115","0016","477","282","195","42","519","1166","0","44.51","24.19"
"10","017","00","001","0116","0000","778","461","317","97","875","1753","0","49.91","26.3"
"10","017","00","001","0116","0014","778","461","317","97","875","1753","0","49.91","26.3"
"10","017","00","001","0117","0000","386","199","187","55","441","984","0","44.82","20.22"
"10","017","00","001","0117","0015","386","199","187","55","441","984","0","44.82","20.22"
"10","017","00","001","0118","0000","519","292","227","68","587","1261","0","46.55","23.16"
"10","017","00","001","0118","0013","519","292","227","68","587","1261","0","46.55","23.16"
"10","017","00","001","0119","0000","572","321","251","69","641","1474","0","43.49","21.78"
"10","017","00","001","0119","0005","572","321","251","69","641","1474","0","43.49","21.78"
"10","017","00","001","0120","0000","477","301","176","76","553","1271","0","43.51","23.68"
"10","017","00","001","0120","0006","477","301","176","76","553","1271","0","43.51","23.68"
"10","017","00","001","0121","0000","222","108","114","23","245","466","0","52.58","23.18"
"10","017","00","001","0121","0001","222","108","114","23","245","466","0","52.58","23.18"
"10","017","00","001","0122","0000","2009","1158","851","135","2144","5256","0","40.79","22.03"
"10","017","00","001","0122","0002","490","278","212","39","529","1262","0","41.92","22.03"
"10","017","00","001","0122","0003","488","259","229","66","554","1171","0","47.31","22.12"
"10","017","00","001","0122","0004","1031","621","410","30","1061","2823","0","37.58","22.0"
"10","017","00","001","0123","0000","587","358","229","34","621","1694","0","36.66","21.13"
"10","017","00","001","0123","0018","587","358","229","34","621","1694","0","36.66","21.13"
"10","017","00","001","0124","0000","432","261","171","38","470","973","0","48.3","26.82"
"10","017","00","001","0124","0017","432","261","171","38","470","973","0","48.3","26.82"
"10","017","00","001","0125","0000","2328","1420","908","113","2441","5430","0","44.95","26.15"
"10","017","00","001","0125","0010","620","361","259","25","645","1352","0","47.71","26.7"
"10","017","00","001","0125","0011","623","405","218","25","648","1413","0","45.86","28.66"
"10","017","00","001","0125","0012","1085","654","431","63","1148","2665","0","43.08","24.54"
"10","017","00","001","0126","0000","1938","1163","775","251","2189","5013","0","43.67","23.2"
"10","017","00","001","0126","0007","1059","623","436","102","1161","2707","0","42.89","23.01"
"10","017","00","001","0126","0008","622","381","241","126","748","1545","0","48.41","24.66"
"10","017","00","001","0126","0009","257","159","98","23","280","761","0","36.79","20.89"
"10","017","00","002","0000","0000","22387","13203","9184","1907","24294","46256","53819","52.52","28.54"
"10","017","00","002","0201","0000","1874","1075","799","159","2033","3754","0","54.16","28.64"
"10","017","00","002","0201","0219","636","354","282","76","712","1258","0","56.6","28.14"
"10","017","00","002","0201","0220","628","366","262","49","677","1237","0","54.73","29.59"
"10","017","00","002","0201","0221","610","355","255","34","644","1259","0","51.15","28.2"
"10","017","00","002","0202","0000","1071","589","482","124","1195","2464","0","48.5","23.9"
"10","017","00","002","0202","0222","498","245","253","57","555","1120","0","49.55","21.88"
"10","017","00","002","0202","0223","573","344","229","67","640","1344","0","47.62","25.6"
"10","017","00","002","0203","0000","1870","1083","787","147","2017","3568","0","56.53","30.35"
"10","017","00","002","0203","0226","912","536","376","73","985","1735","0","56.77","30.89"
"10","017","00","002","0203","0227","958","547","411","74","1032","1833","0","56.3","29.84"
"10","017","00","002","0204","0000","995","577","418","86","1081","1900","0","56.89","30.37"
"10","017","00","002","0204","0228","484","281","203","23","507","938","0","54.05","29.96"
"10","017","00","002","0204","0229","511","296","215","63","574","962","0","59.67","30.77"
"10","017","00","002","0205","0000","1139","673","466","105","1244","2190","0","56.8","30.73"
"10","017","00","002","0205","0230","628","371","257","48","676","1191","0","56.76","31.15"
"10","017","00","002","0205","0231","511","302","209","57","568","999","0","56.86","30.23"
"10","017","00","002","0206","0000","711","430","281","67","778","1525","0","51.02","28.2"
"10","017","00","002","0206","0232","128","81","47","9","137","282","0","48.58","28.72"
"10","017","00","002","0206","0233","583","349","234","58","641","1243","0","51.57","28.08"
"10","017","00","002","0207","0000","515","296","219","50","565","1092","0","51.74","27.11"
"10","017","00","002","0207","0234","515","296","219","50","565","1092","0","51.74","27.11"
"10","017","00","002","0208","0000","1067","633","434","64","1131","2260","0","50.04","28.01"
"10","017","00","002","0208","0238","436","273","163","24","460","975","0","47.18","28.0"
"10","017","00","002","0208","0239","631","360","271","40","671","1285","0","52.22","28.02"
"10","017","00","002","0209","0000","2065","1347","718","160","2225","4286","0","51.91","31.43"
"10","017","00","002","0209","0235","616","330","286","52","668","1246","0","53.61","26.48"
"10","017","00","002","0209","0236","794","659","135","69","863","1722","0","50.12","38.27"
"10","017","00","002","0209","0237","655","358","297","39","694","1318","0","52.66","27.16"
"10","017","00","002","0210","0000","1657","962","695","176","1833","3463","0","52.93","27.78"
"10","017","00","002","0210","0244","848","501","347","96","944","1774","0","53.21","28.24"
"10","017","00","002","0210","0245","809","461","348","80","889","1689","0","52.63","27.29"
"10","017","00","002","0211","0000","893","499","394","101","994","2066","0","48.11","24.15"
"10","017","00","002","0211","0240","461","235","226","58","519","1077","0","48.19","21.82"
"10","017","00","002","0211","0241","432","264","168","43","475","989","0","48.03","26.69"
"10","017","00","002","0212","0000","209","115","94","10","219","428","0","51.17","26.87"
"10","017","00","002","0212","0253","209","115","94","10","219","428","0","51.17","26.87"
"10","017","00","002","0213","0000","169","98","71","28","197","326","0","60.43","30.06"
"10","017","00","002","0213","0254","169","98","71","28","197","326","0","60.43","30.06"
"10","017","00","002","0214","0000","227","135","92","20","247","351","0","70.37","38.46"
"10","017","00","002","0214","0255","227","135","92","20","247","351","0","70.37","38.46"
"10","017","00","002","0215","0000","829","499","330","43","872","1871","0","46.61","26.67"
"10","017","00","002","0215","0256","829","499","330","43","872","1871","0","46.61","26.67"
"10","017","00","002","0216","0000","188","110","78","12","200","448","0","44.64","24.55"
"10","017","00","002","0216","0257","188","110","78","12","200","448","0","44.64","24.55"
"10","017","00","002","0217","0000","998","563","435","87","1085","1936","0","56.04","29.08"
"10","017","00","002","0217","0224","562","319","243","58","620","1011","0","61.33","31.55"
"10","017","00","002","0217","0225","436","244","192","29","465","925","0","50.27","26.38"
"10","017","00","002","0218","0000","2802","1606","1196","207","3009","6059","0","49.66","26.51"
"10","017","00","002","0218","0246","621","365","256","73","694","1355","0","51.22","26.94"
"10","017","00","002","0218","0247","696","379","317","68","764","1512","0","50.53","25.07"
"10","017","00","002","0218","0248","668","385","283","37","705","1486","0","47.44","25.91"
"10","017","00","002","0218","0249","817","477","340","29","846","1706","0","49.59","27.96"
"10","017","00","002","0219","0000","1943","1111","832","170","2113","3803","0","55.56","29.21"
"10","017","00","002","0219","0250","690","406","284","64","754","1384","0","54.48","29.34"
"10","017","00","002","0219","0251","567","321","246","60","627","1045","0","60.0","30.72"
"10","017","00","002","0219","0252","686","384","302","46","732","1374","0","53.28","27.95"
"10","017","00","002","0220","0000","1165","802","363","91","1256","2466","0","50.93","32.52"
"10","017","00","002","0220","0242","560","319","241","38","598","1193","0","50.13","26.74"
"10","017","00","002","0220","0243","605","483","122","53","658","1273","0","51.69","37.94"
"10","017","00","003","0000","0000","16189","9712","6477","1036","17225","33225","38606","51.84","29.23"
"10","017","00","003","0301","0000","653","379","274","47","700","1431","0","48.92","26.48"
"10","017","00","003","0301","0191","653","379","274","47","700","1431","0","48.92","26.48"
"10","017","00","003","0302","0000","330","204","126","23","353","637","0","55.42","32.03"
"10","017","00","003","0302","0193","330","204","126","23","353","637","0","55.42","32.03"
"10","017","00","003","0303","0000","399","226","173","28","427","735","0","58.1","30.75"
"10","017","00","003","0303","0194","399","226","173","28","427","735","0","58.1","30.75"
"10","017","00","003","0304","0000","1648","984","664","131","1779","3641","0","48.86","27.03"
"10","017","00","003","0304","0195","476","291","185","34","510","1078","0","47.31","26.99"
"10","017","00","003","0304","0196","539","343","196","53","592","1238","0","47.82","27.71"
"10","017","00","003","0304","0197","633","350","283","44","677","1325","0","51.09","26.42"
"10","017","00","003","0305","0000","1326","803","523","109","1435","2626","0","54.65","30.58"
"10","017","00","003","0305","0206","662","396","266","58","720","1267","0","56.83","31.25"
"10","017","00","003","0305","0207","664","407","257","51","715","1359","0","52.61","29.95"
"10","017","00","003","0306","0000","1466","868","598","95","1561","2916","0","53.53","29.77"
"10","017","00","003","0306","0208","532","329","203","32","564","970","0","58.14","33.92"
"10","017","00","003","0306","0209","500","299","201","23","523","1002","0","52.2","29.84"
"10","017","00","003","0306","0210","434","240","194","40","474","944","0","50.21","25.42"
"10","017","00","003","0307","0000","1219","748","471","90","1309","2553","0","51.27","29.3"
"10","017","00","003","0307","0200","595","358","237","51","646","1110","0","58.2","32.25"
"10","017","00","003","0307","0201","624","390","234","39","663","1443","0","45.95","27.03"
"10","017","00","003","0308","0000","1224","715","509","88","1312","2654","0","49.43","26.94"
"10","017","00","003","0308","0198","719","432","287","57","776","1475","0","52.61","29.29"
"10","017","00","003","0308","0199","505","283","222","31","536","1179","0","45.46","24.0"
"10","017","00","003","0309","0000","190","108","82","33","223","415","0","53.73","26.02"
"10","017","00","003","0309","0202","190","108","82","33","223","415","0","53.73","26.02"
"10","017","00","003","0310","0000","2295","1439","856","120","2415","4551","0","53.07","31.62"
"10","017","00","003","0310","0203","647","399","248","18","665","1378","0","48.26","28.96"
"10","017","00","003","0310","0204","777","435","342","42","819","1570","0","52.17","27.71"
"10","017","00","003","0310","0205","871","605","266","60","931","1603","0","58.08","37.74"
"10","017","00","003","0311","0000","194","108","86","8","202","456","0","44.3","23.68"
"10","017","00","003","0311","0192","194","108","86","8","202","456","0","44.3","23.68"
"10","017","00","003","0312","0000","2513","1512","1001","127","2640","4893","0","53.95","30.9"
"10","017","00","003","0312","0215","690","396","294","36","726","1328","0","54.67","29.82"
"10","017","00","003","0312","0216","571","349","222","29","600","1173","0","51.15","29.75"
"10","017","00","003","0312","0217","559","331","228","39","598","1019","0","58.68","32.48"
"10","017","00","003","0312","0218","693","436","257","23","716","1373","0","52.15","31.76"
"10","017","00","003","0313","0000","2732","1618","1114","137","2869","5717","0","50.18","28.3"
"10","017","00","003","0313","0211","794","439","355","49","843","1500","0","56.2","29.27"
"10","017","00","003","0313","0212","559","357","202","26","585","1442","0","40.57","24.76"
"10","017","00","003","0313","0213","608","370","238","23","631","1165","0","54.16","31.76"
"10","017","00","003","0313","0214","771","452","319","39","810","1610","0","50.31","28.07"
"10","017","00","004","0000","0000","17730","10277","7453","1847","19577","36738","43950","53.29","27.97"
"10","017","00","004","0401","0000","704","410","294","106","810","1782","0","45.45","23.01"
"10","017","00","004","0401","0072","704","410","294","106","810","1782","0","45.45","23.01"
"10","017","00","004","0402","0000","541","309","232","59","600","1055","0","56.87","29.29"
"10","017","00","004","0402","0073","541","309","232","59","600","1055","0","56.87","29.29"
"10","017","00","004","0403","0000","685","377","308","41","726","1558","0","46.6","24.2"
"10","017","00","004","0403","0074","685","377","308","41","726","1558","0","46.6","24.2"
"10","017","00","004","0404","0000","834","508","326","60","894","1736","0","51.5","29.26"
"10","017","00","004","0404","0075","834","508","326","60","894","1736","0","51.5","29.26"
"10","017","00","004","0405","0000","1255","703","552","101","1356","2352","0","57.65","29.89"
"10","017","00","004","0405","0076","674","393","281","59","733","1243","0","58.97","31.62"
"10","017","00","004","0405","0077","581","310","271","42","623","1109","0","56.18","27.95"
"10","017","00","004","0406","0000","899","576","323","57","956","1684","0","56.77","34.2"
"10","017","00","004","0406","0078","899","576","323","57","956","1684","0","56.77","34.2"
"10","017","00","004","0407","0000","458","265","193","43","501","919","0","54.52","28.84"
"10","017","00","004","0407","0079","458","265","193","43","501","919","0","54.52","28.84"
"10","017","00","004","0408","0000","480","272","208","19","499","991","0","50.35","27.45"
"10","017","00","004","0408","0080","480","272","208","19","499","991","0","50.35","27.45"
"10","017","00","004","0409","0000","449","264","185","21","470","876","0","53.65","30.14"
"10","017","00","004","0409","0081","449","264","185","21","470","876","0","53.65","30.14"
"10","017","00","004","0410","0000","795","464","331","74","869","1480","0","58.72","31.35"
"10","017","00","004","0410","0082","557","321","236","49","606","1046","0","57.93","30.69"
"10","017","00","004","0410","0083","238","143","95","25","263","434","0","60.6","32.95"
"10","017","00","004","0411","0000","386","212","174","71","457","764","0","59.82","27.75"
"10","017","00","004","0411","0084","386","212","174","71","457","764","0","59.82","27.75"
"10","017","00","004","0412","0000","460","265","195","35","495","968","0","51.14","27.38"
"10","017","00","004","0412","0085","460","265","195","35","495","968","0","51.14","27.38"
"10","017","00","004","0413","0000","1109","628","481","119","1228","2641","0","46.5","23.78"
"10","017","00","004","0413","0086","616","344","272","61","677","1326","0","51.06","25.94"
"10","017","00","004","0413","0087","493","284","209","58","551","1315","0","41.9","21.6"
"10","017","00","004","0414","0000","396","246","150","51","447","775","0","57.68","31.74"
"10","017","00","004","0414","0088","396","246","150","51","447","775","0","57.68","31.74"
"10","017","00","004","0415","0000","662","388","274","95","757","1326","0","57.09","29.26"
"10","017","00","004","0415","0089","326","173","153","53","379","652","0","58.13","26.53"
"10","017","00","004","0415","0090","336","215","121","42","378","674","0","56.08","31.9"
"10","017","00","004","0416","0000","358","198","160","52","410","789","0","51.96","25.1"
"10","017","00","004","0416","0091","358","198","160","52","410","789","0","51.96","25.1"
"10","017","00","004","0417","0000","812","490","322","87","899","1715","0","52.42","28.57"
"10","017","00","004","0417","0092","812","490","322","87","899","1715","0","52.42","28.57"
"10","017","00","004","0418","0000","401","218","183","54","455","849","0","53.59","25.68"
"10","017","00","004","0418","0093","401","218","183","54","455","849","0","53.59","25.68"
"10","017","00","004","0419","0000","444","273","171","29","473","875","0","54.06","31.2"
"10","017","00","004","0419","0094","444","273","171","29","473","875","0","54.06","31.2"
"10","017","00","004","0420","0000","390","234","156","45","435","851","0","51.12","27.5"
"10","017","00","004","0420","0095","390","234","156","45","435","851","0","51.12","27.5"
"10","017","00","004","0421","0000","382","216","166","45","427","735","0","58.1","29.39"
"10","017","00","004","0421","0096","382","216","166","45","427","735","0","58.1","29.39"
"10","017","00","004","0422","0000","457","267","190","77","534","1009","0","52.92","26.46"
"10","017","00","004","0422","0097","457","267","190","77","534","1009","0","52.92","26.46"
"10","017","00","004","0423","0000","466","246","220","64","530","1082","0","48.98","22.74"
"10","017","00","004","0423","0098","466","246","220","64","530","1082","0","48.98","22.74"
"10","017","00","004","0424","0000","1383","838","545","149","1532","2797","0","54.77","29.96"
"10","017","00","004","0424","0099","580","328","252","85","665","1278","0","52.03","25.67"
"10","017","00","004","0424","0100","803","510","293","64","867","1519","0","57.08","33.57"
"10","017","00","004","0425","0000","328","191","137","54","382","708","0","53.95","26.98"
"10","017","00","004","0425","0103","328","191","137","54","382","708","0","53.95","26.98"
"10","017","00","004","0426","0000","324","167","157","34","358","567","0","63.14","29.45"
"10","017","00","004","0426","0104","324","167","157","34","358","567","0","63.14","29.45"
"10","017","00","004","0427","0000","367","195","172","49","416","751","0","55.39","25.97"
"10","017","00","004","0427","0105","367","195","172","49","416","751","0","55.39","25.97"
"10","017","00","004","0428","0000","323","189","134","31","354","589","0","60.1","32.09"
"10","017","00","004","0428","0106","323","189","134","31","354","589","0","60.1","32.09"
"10","017","00","004","0429","0000","1182","668","514","125","1307","2514","0","51.99","26.57"
"10","017","00","004","0429","0101","543","309","234","56","599","1336","0","44.84","23.13"
"10","017","00","004","0429","0102","639","359","280","69","708","1178","0","60.1","30.48"
"10","017","00","005","0000","0000","19510","11495","8015","1513","21023","41856","47428","50.23","27.46"
"10","017","00","005","0501","0000","366","229","137","33","399","796","0","50.13","28.77"
"10","017","00","005","0501","0107","366","229","137","33","399","796","0","50.13","28.77"
"10","017","00","005","0502","0000","569","360","209","69","638","1036","0","61.58","34.75"
"10","017","00","005","0502","0108","569","360","209","69","638","1036","0","61.58","34.75"
"10","017","00","005","0503","0000","385","205","180","47","432","756","0","57.14","27.12"
"10","017","00","005","0503","0109","385","205","180","47","432","756","0","57.14","27.12"
"10","017","00","005","0504","0000","390","210","180","31","421","957","0","43.99","21.94"
"10","017","00","005","0504","0110","390","210","180","31","421","957","0","43.99","21.94"
"10","017","00","005","0505","0000","401","231","170","13","414","802","0","51.62","28.8"
"10","017","00","005","0505","0111","401","231","170","13","414","802","0","51.62","28.8"
"10","017","00","005","0506","0000","611","369","242","64","675","1263","0","53.44","29.22"
"10","017","00","005","0506","0112","611","369","242","64","675","1263","0","53.44","29.22"
"10","017","00","005","0507","0000","425","244","181","27","452","778","0","58.1","31.36"
"10","017","00","005","0507","0113","425","244","181","27","452","778","0","58.1","31.36"
"10","017","00","005","0508","0000","554","338","216","113","667","1180","0","56.53","28.64"
"10","017","00","005","0508","0114","554","338","216","113","667","1180","0","56.53","28.64"
"10","017","00","005","0509","0000","435","271","164","31","466","990","0","47.07","27.37"
"10","017","00","005","0509","0115","435","271","164","31","466","990","0","47.07","27.37"
"10","017","00","005","0510","0000","511","284","227","36","547","1332","0","41.07","21.32"
"10","017","00","005","0510","0116","511","284","227","36","547","1332","0","41.07","21.32"
"10","017","00","005","0511","0000","770","441","329","52","822","1770","0","46.44","24.92"
"10","017","00","005","0511","0117","361","199","162","34","395","848","0","46.58","23.47"
"10","017","00","005","0511","0118","409","242","167","18","427","922","0","46.31","26.25"
"10","017","00","005","0512","0000","662","385","277","46","708","1584","0","44.7","24.31"
"10","017","00","005","0512","0122","662","385","277","46","708","1584","0","44.7","24.31"
"10","017","00","005","0513","0000","455","256","199","38","493","1319","0","37.38","19.41"
"10","017","00","005","0513","0123","455","256","199","38","493","1319","0","37.38","19.41"
"10","017","00","005","0514","0000","248","152","96","32","280","574","0","48.78","26.48"
"10","017","00","005","0514","0120","248","152","96","32","280","574","0","48.78","26.48"
"10","017","00","005","0515","0000","396","246","150","58","454","877","0","51.77","28.05"
"10","017","00","005","0515","0121","396","246","150","58","454","877","0","51.77","28.05"
"10","017","00","005","0516","0000","377","202","175","50","427","715","0","59.72","28.25"
"10","017","00","005","0516","0141","377","202","175","50","427","715","0","59.72","28.25"
"10","017","00","005","0517","0000","459","271","188","52","511","849","0","60.19","31.92"
"10","017","00","005","0517","0140","459","271","188","52","511","849","0","60.19","31.92"
"10","017","00","005","0518","0000","399","238","161","31","430","932","0","46.14","25.54"
"10","017","00","005","0518","0139","399","238","161","31","430","932","0","46.14","25.54"
"10","017","00","005","0519","0000","676","404","272","84","760","1642","0","46.29","24.6"
"10","017","00","005","0519","0138","676","404","272","84","760","1642","0","46.29","24.6"
"10","017","00","005","0520","0000","2777","1703","1074","130","2907","5387","0","53.96","31.61"
"10","017","00","005","0520","0126","1075","666","409","39","1114","2088","0","53.35","31.9"
"10","017","00","005","0520","0127","987","627","360","42","1029","1946","0","52.88","32.22"
"10","017","00","005","0520","0128","715","410","305","49","764","1353","0","56.47","30.3"
"10","017","00","005","0521","0000","2754","1603","1151","141","2895","5560","0","52.07","28.83"
"10","017","00","005","0521","0129","613","361","252","16","629","1317","0","47.76","27.41"
"10","017","00","005","0521","0130","465","258","207","31","496","870","0","57.01","29.66"
"10","017","00","005","0521","0131","692","418","274","27","719","1322","0","54.39","31.62"
"10","017","00","005","0521","0132","559","328","231","32","591","1295","0","45.64","25.33"
"10","017","00","005","0521","0133","425","238","187","35","460","756","0","60.85","31.48"
"10","017","00","005","0522","0000","1728","1021","707","152","1880","3815","0","49.28","26.76"
"10","017","00","005","0522","0124","893","527","366","89","982","1938","0","50.67","27.19"
"10","017","00","005","0522","0125","835","494","341","63","898","1877","0","47.84","26.32"
"10","017","00","005","0523","0000","249","136","113","23","272","459","0","59.26","29.63"
"10","017","00","005","0523","0119","249","136","113","23","272","459","0","59.26","29.63"
"10","017","00","005","0524","0000","2913","1696","1217","160","3073","6483","0","47.4","26.16"
"10","017","00","005","0524","0134","669","387","282","42","711","1602","0","44.38","24.16"
"10","017","00","005","0524","0135","708","399","309","40","748","1568","0","47.7","25.45"
"10","017","00","005","0524","0136","692","396","296","46","738","1404","0","52.56","28.21"
"10","017","00","005","0524","0137","844","514","330","32","876","1909","0","45.89","26.93"
"10","017","00","006","0000","0000","34174","20635","13539","2201","36375","70396","82263","51.67","29.31"
"10","017","00","006","0601","0000","532","311","221","47","579","1213","0","47.73","25.64"
"10","017","00","006","0601","0143","532","311","221","47","579","1213","0","47.73","25.64"
"10","017","00","006","0602","0000","427","259","168","34","461","1026","0","44.93","25.24"
"10","017","00","006","0602","0144","427","259","168","34","461","1026","0","44.93","25.24"
"10","017","00","006","0603","0000","591","358","233","61","652","1361","0","47.91","26.3"
"10","017","00","006","0603","0142","591","358","233","61","652","1361","0","47.91","26.3"
"10","017","00","006","0604","0000","540","296","244","86","626","1038","0","60.31","28.52"
"10","017","00","006","0604","0145","540","296","244","86","626","1038","0","60.31","28.52"
"10","017","00","006","0605","0000","453","265","188","65","518","897","0","57.75","29.54"
"10","017","00","006","0605","0146","453","265","188","65","518","897","0","57.75","29.54"
"10","017","00","006","0606","0000","885","516","369","84","969","2042","0","47.45","25.27"
"10","017","00","006","0606","0147","667","389","278","75","742","1401","0","52.96","27.77"
"10","017","00","006","0606","0148","218","127","91","9","227","641","0","35.41","19.81"
"10","017","00","006","0607","0000","894","512","382","85","979","1944","0","50.36","26.34"
"10","017","00","006","0607","0149","663","379","284","55","718","1472","0","48.78","25.75"
"10","017","00","006","0607","0150","231","133","98","30","261","472","0","55.3","28.18"
"10","017","00","006","0608","0000","1472","812","660","114","1586","3250","0","48.8","24.98"
"10","017","00","006","0608","0153","834","466","368","57","891","1901","0","46.87","24.51"
"10","017","00","006","0608","0154","638","346","292","57","695","1349","0","51.52","25.65"
"10","017","00","006","0609","0000","459","246","213","36","495","841","0","58.86","29.25"
"10","017","00","006","0609","0151","459","246","213","36","495","841","0","58.86","29.25"
"10","017","00","006","0610","0000","265","148","117","38","303","571","0","53.06","25.92"
"10","017","00","006","0610","0152","265","148","117","38","303","571","0","53.06","25.92"
"10","017","00","006","0611","0000","1919","1306","613","97","2016","3922","0","51.4","33.3"
"10","017","00","006","0611","0179","1017","741","276","32","1049","1960","0","53.52","37.81"
"10","017","00","006","0611","0180","902","565","337","65","967","1962","0","49.29","28.8"
"10","017","00","006","0612","0000","785","447","338","51","836","1641","0","50.94","27.24"
"10","017","00","006","0612","0186","785","447","338","51","836","1641","0","50.94","27.24"
"10","017","00","006","0613","0000","2598","1502","1096","165","2763","5289","0","52.24","28.4"
"10","017","00","006","0613","0187","605","334","271","57","662","1279","0","51.76","26.11"
"10","017","00","006","0613","0188","661","406","255","38","699","1360","0","51.4","29.85"
"10","017","00","006","0613","0189","728","397","331","35","763","1399","0","54.54","28.38"
"10","017","00","006","0613","0190","604","365","239","35","639","1251","0","51.08","29.18"
"10","017","00","006","0614","0000","1879","1113","766","103","1982","3946","0","50.23","28.21"
"10","017","00","006","0614","0181","1031","601","430","62","1093","2117","0","51.63","28.39"
"10","017","00","006","0614","0182","848","512","336","41","889","1829","0","48.61","27.99"
"10","017","00","006","0615","0000","1276","752","524","95","1371","2576","0","53.22","29.19"
"10","017","00","006","0615","0155","583","339","244","42","625","1225","0","51.02","27.67"
"10","017","00","006","0615","0156","693","413","280","53","746","1351","0","55.22","30.57"
"10","017","00","006","0616","0000","2516","1528","988","142","2658","4768","0","55.75","32.05"
"10","017","00","006","0616","0159","822","506","316","50","872","1613","0","54.06","31.37"
"10","017","00","006","0616","0160","884","550","334","57","941","1731","0","54.36","31.77"
"10","017","00","006","0616","0161","810","472","338","35","845","1424","0","59.34","33.15"
"10","017","00","006","0617","0000","1724","1030","694","142","1866","3485","0","53.54","29.56"
"10","017","00","006","0617","0162","851","504","347","68","919","1806","0","50.89","27.91"
"10","017","00","006","0617","0163","873","526","347","74","947","1679","0","56.4","31.33"
"10","017","00","006","0618","0000","1923","1234","689","105","2028","3942","0","51.45","31.3"
"10","017","00","006","0618","0164","928","576","352","57","985","1902","0","51.79","30.28"
"10","017","00","006","0618","0165","995","658","337","48","1043","2040","0","51.13","32.25"
"10","017","00","006","0619","0000","1250","706","544","83","1333","2556","0","52.15","27.62"
"10","017","00","006","0619","0166","661","374","287","50","711","1313","0","54.15","28.48"
"10","017","00","006","0619","0167","589","332","257","33","622","1243","0","50.04","26.71"
"10","017","00","006","0620","0000","1323","812","511","59","1382","2968","0","46.56","27.36"
"10","017","00","006","0620","0171","631","385","246","33","664","1557","0","42.65","24.73"
"10","017","00","006","0620","0172","692","427","265","26","718","1411","0","50.89","30.26"
"10","017","00","006","0621","0000","2212","1372","840","104","2316","4538","0","51.04","30.23"
"10","017","00","006","0621","0183","702","424","278","39","741","1529","0","48.46","27.73"
"10","017","00","006","0621","0184","903","558","345","48","951","1869","0","50.88","29.86"
"10","017","00","006","0621","0185","607","390","217","17","624","1140","0","54.74","34.21"
"10","017","00","006","0622","0000","1811","1124","687","74","1885","3319","0","56.79","33.87"
"10","017","00","006","0622","0168","870","570","300","26","896","1759","0","50.94","32.4"
"10","017","00","006","0622","0169","417","244","173","21","438","694","0","63.11","35.16"
"10","017","00","006","0622","0170","524","310","214","27","551","866","0","63.63","35.8"
"10","017","00","006","0623","0000","2033","1259","774","135","2168","4650","0","46.62","27.08"
"10","017","00","006","0623","0176","759","470","289","36","795","1673","0","47.52","28.09"
"10","017","00","006","0623","0177","505","299","206","54","559","1054","0","53.04","28.37"
"10","017","00","006","0623","0178","769","490","279","45","814","1923","0","42.33","25.48"
"10","017","00","006","0624","0000","2312","1461","851","91","2403","4499","0","53.41","32.47"
"10","017","00","006","0624","0173","857","532","325","33","890","1568","0","56.76","33.93"
"10","017","00","006","0624","0174","690","428","262","42","732","1400","0","52.29","30.57"
"10","017","00","006","0624","0175","765","501","264","16","781","1531","0","51.01","32.72"
"10","017","00","006","0625","0000","2095","1266","829","105","2200","4114","0","53.48","30.77"
"10","017","00","006","0625","0157","855","536","319","53","908","1601","0","56.71","33.48"
"10","017","00","006","0625","0158","1240","730","510","52","1292","2513","0","51.41","29.05"
"10","017","00","007","0000","0000","22320","13576","8744","1486","23806","46014","52487","51.74","29.5"
"10","017","00","007","0701","0000","466","340","126","56","522","1096","0","47.63","31.02"
"10","017","00","007","0701","0036","466","340","126","56","522","1096","0","47.63","31.02"
"10","017","00","007","0702","0000","676","392","284","53","729","1232","0","59.17","31.82"
"10","017","00","007","0702","0037","676","392","284","53","729","1232","0","59.17","31.82"
"10","017","00","007","0703","0000","614","374","240","25","639","1184","0","53.97","31.59"
"10","017","00","007","0703","0038","614","374","240","25","639","1184","0","53.97","31.59"
"10","017","00","007","0704","0000","1213","740","473","108","1321","2321","0","56.92","31.88"
"10","017","00","007","0704","0039","600","378","222","65","665","1133","0","58.69","33.36"
"10","017","00","007","0704","0040","613","362","251","43","656","1188","0","55.22","30.47"
"10","017","00","007","0705","0000","383","227","156","38","421","725","0","58.07","31.31"
"10","017","00","007","0705","0041","383","227","156","38","421","725","0","58.07","31.31"
"10","017","00","007","0706","0000","671","393","278","52","723","1524","0","47.44","25.79"
"10","017","00","007","0706","0042","671","393","278","52","723","1524","0","47.44","25.79"
"10","017","00","007","0707","0000","372","218","154","35","407","736","0","55.3","29.62"
"10","017","00","007","0707","0043","372","218","154","35","407","736","0","55.3","29.62"
"10","017","00","007","0708","0000","686","390","296","56","742","1562","0","47.5","24.97"
"10","017","00","007","0708","0044","285","158","127","27","312","611","0","51.06","25.86"
"10","017","00","007","0708","0045","401","232","169","29","430","951","0","45.22","24.4"
"10","017","00","007","0709","0000","796","500","296","44","840","1616","0","51.98","30.94"
"10","017","00","007","0709","0046","796","500","296","44","840","1616","0","51.98","30.94"
"10","017","00","007","0710","0000","765","526","239","49","814","1516","0","53.69","34.7"
"10","017","00","007","0710","0047","765","526","239","49","814","1516","0","53.69","34.7"
"10","017","00","007","0711","0000","1026","592","434","66","1092","2118","0","51.56","27.95"
"10","017","00","007","0711","0048","502","284","218","36","538","1049","0","51.29","27.07"
"10","017","00","007","0711","0049","524","308","216","30","554","1069","0","51.82","28.81"
"10","017","00","007","0712","0000","841","505","336","57","898","1763","0","50.94","28.64"
"10","017","00","007","0712","0054","470","281","189","39","509","999","0","50.95","28.13"
"10","017","00","007","0712","0055","371","224","147","18","389","764","0","50.92","29.32"
"10","017","00","007","0713","0000","1624","994","630","82","1706","3570","0","47.79","27.84"
"10","017","00","007","0713","0056","700","420","280","45","745","1555","0","47.91","27.01"
"10","017","00","007","0713","0057","924","574","350","37","961","2015","0","47.69","28.49"
"10","017","00","007","0714","0000","1434","899","535","114","1548","2837","0","54.56","31.69"
"10","017","00","007","0714","0058","660","410","250","56","716","1268","0","56.47","32.33"
"10","017","00","007","0714","0059","774","489","285","58","832","1569","0","53.03","31.17"
"10","017","00","007","0715","0000","640","380","260","59","699","1295","0","53.98","29.34"
"10","017","00","007","0715","0071","640","380","260","59","699","1295","0","53.98","29.34"
"10","017","00","007","0716","0000","2273","1337","936","135","2408","4113","0","58.55","32.51"
"10","017","00","007","0716","0050","388","213","175","32","420","727","0","57.77","29.3"
"10","017","00","007","0716","0051","520","310","210","26","546","929","0","58.77","33.37"
"10","017","00","007","0716","0052","657","381","276","34","691","1118","0","61.81","34.08"
"10","017","00","007","0716","0053","708","433","275","43","751","1339","0","56.09","32.34"
"10","017","00","007","0717","0000","1501","934","567","100","1601","3780","0","42.35","24.71"
"10","017","00","007","0717","0069","808","507","301","53","861","2016","0","42.71","25.15"
"10","017","00","007","0717","0070","693","427","266","47","740","1764","0","41.95","24.21"
"10","017","00","007","0718","0000","1654","1018","636","107","1761","3461","0","50.88","29.41"
"10","017","00","007","0718","0060","882","526","356","71","953","1985","0","48.01","26.5"
"10","017","00","007","0718","0061","772","492","280","36","808","1476","0","54.74","33.33"
"10","017","00","007","0719","0000","1105","592","513","75","1180","2494","0","47.31","23.74"
"10","017","00","007","0719","0067","632","292","340","43","675","1485","0","45.45","19.66"
"10","017","00","007","0719","0068","473","300","173","32","505","1009","0","50.05","29.73"
"10","017","00","007","0720","0000","3580","2225","1355","175","3755","7071","0","53.1","31.47"
"10","017","00","007","0720","0062","800","504","296","34","834","1493","0","55.86","33.76"
"10","017","00","007","0720","0063","715","436","279","35","750","1249","0","60.05","34.91"
"10","017","00","007","0720","0064","742","465","277","41","783","1559","0","50.22","29.83"
"10","017","00","007","0720","0065","540","331","209","23","563","1168","0","48.2","28.34"
"10","017","00","007","0720","0066","783","489","294","42","825","1602","0","51.5","30.52"
"10","018","00","000","0000","0000","183773","110083","73690","13635","197408","351775","444775","56.12","31.29"
"10","018","00","001","0000","0000","86916","52428","34488","5835","92751","163757","215079","56.64","32.02"
"10","018","00","001","0101","0000","372","217","155","49","421","714","0","58.96","30.39"
"10","018","00","001","0101","0101","372","217","155","49","421","714","0","58.96","30.39"
"10","018","00","001","0102","0000","730","442","288","63","793","1396","0","56.81","31.66"
"10","018","00","001","0102","0103","730","442","288","63","793","1396","0","56.81","31.66"
"10","018","00","001","0103","0000","446","252","194","66","512","875","0","58.51","28.8"
"10","018","00","001","0103","0102","446","252","194","66","512","875","0","58.51","28.8"
"10","018","00","001","0104","0000","248","135","113","19","267","507","0","52.66","26.63"
"10","018","00","001","0104","0100","248","135","113","19","267","507","0","52.66","26.63"
"10","018","00","001","0105","0000","327","173","154","26","353","566","0","62.37","30.57"
"10","018","00","001","0105","0004","327","173","154","26","353","566","0","62.37","30.57"
"10","018","00","001","0106","0000","152","94","58","21","173","305","0","56.72","30.82"
"10","018","00","001","0106","0006","152","94","58","21","173","305","0","56.72","30.82"
"10","018","00","001","0107","0000","329","188","141","40","369","640","0","57.66","29.38"
"10","018","00","001","0107","0005","329","188","141","40","369","640","0","57.66","29.38"
"10","018","00","001","0108","0000","278","154","124","23","301","475","0","63.37","32.42"
"10","018","00","001","0108","0113","278","154","124","23","301","475","0","63.37","32.42"
"10","018","00","001","0109","0000","402","228","174","51","453","752","0","60.24","30.32"
"10","018","00","001","0109","0112","402","228","174","51","453","752","0","60.24","30.32"
"10","018","00","001","0110","0000","364","192","172","39","403","710","0","56.76","27.04"
"10","018","00","001","0110","0111","364","192","172","39","403","710","0","56.76","27.04"
"10","018","00","001","0111","0000","461","257","204","30","491","1512","0","32.47","17.0"
"10","018","00","001","0111","0001","461","257","204","30","491","1512","0","32.47","17.0"
"10","018","00","001","0112","0000","310","175","135","32","342","563","0","60.75","31.08"
"10","018","00","001","0112","0007","310","175","135","32","342","563","0","60.75","31.08"
"10","018","00","001","0113","0000","1657","996","661","103","1760","3123","0","56.36","31.89"
"10","018","00","001","0113","0027","821","481","340","49","870","1573","0","55.31","30.58"
"10","018","00","001","0113","0028","836","515","321","54","890","1550","0","57.42","33.23"
"10","018","00","001","0114","0000","1535","859","676","124","1659","2928","0","56.66","29.34"
"10","018","00","001","0114","0114","439","234","205","30","469","880","0","53.3","26.59"
"10","018","00","001","0114","0115","535","287","248","43","578","989","0","58.44","29.02"
"10","018","00","001","0114","0116","561","338","223","51","612","1059","0","57.79","31.92"
"10","018","00","001","0115","0000","768","418","350","78","846","1422","0","59.49","29.4"
"10","018","00","001","0115","0117","330","174","156","40","370","607","0","60.96","28.67"
"10","018","00","001","0115","0118","438","244","194","38","476","815","0","58.4","29.94"
"10","018","00","001","0116","0000","2658","1393","1265","184","2842","5524","0","51.45","25.22"
"10","018","00","001","0116","0104","609","347","262","54","663","1232","0","53.81","28.17"
"10","018","00","001","0116","0105","679","400","279","44","723","1323","0","54.65","30.23"
"10","018","00","001","0116","0106","668","225","443","40","708","1516","0","46.7","14.84"
"10","018","00","001","0116","0107","702","421","281","46","748","1453","0","51.48","28.97"
"10","018","00","001","0117","0000","940","596","344","69","1009","1682","0","59.99","35.43"
"10","018","00","001","0117","0002","553","360","193","33","586","953","0","61.49","37.78"
"10","018","00","001","0117","0003","387","236","151","36","423","729","0","58.02","32.37"
"10","018","00","001","0118","0000","2351","1433","918","138","2489","4456","0","55.86","32.16"
"10","018","00","001","0118","0010","828","503","325","39","867","1615","0","53.68","31.15"
"10","018","00","001","0118","0011","689","430","259","51","740","1287","0","57.5","33.41"
"10","018","00","001","0118","0012","834","500","334","48","882","1554","0","56.76","32.18"
"10","018","00","001","0119","0000","2259","1470","789","146","2405","4162","0","57.78","35.32"
"10","018","00","001","0119","0013","783","483","300","28","811","1388","0","58.43","34.8"
"10","018","00","001","0119","0014","775","589","186","60","835","1419","0","58.84","41.51"
"10","018","00","001","0119","0015","701","398","303","58","759","1355","0","56.01","29.37"
"10","018","00","001","0120","0000","2511","1504","1007","243","2754","4714","0","58.42","31.9"
"10","018","00","001","0120","0019","575","349","226","40","615","1062","0","57.91","32.86"
"10","018","00","001","0120","0020","694","423","271","58","752","1315","0","57.19","32.17"
"10","018","00","001","0120","0021","510","319","191","86","596","1000","0","59.6","31.9"
"10","018","00","001","0120","0022","732","413","319","59","791","1337","0","59.16","30.89"
"10","018","00","001","0121","0000","2917","1773","1144","177","3094","5333","0","58.02","33.25"
"10","018","00","001","0121","0023","894","570","324","46","940","1747","0","53.81","32.63"
"10","018","00","001","0121","0024","913","544","369","44","957","1600","0","59.81","34.0"
"10","018","00","001","0121","0025","608","368","240","47","655","1158","0","56.56","31.78"
"10","018","00","001","0121","0026","502","291","211","40","542","828","0","65.46","35.14"
"10","018","00","001","0122","0000","1317","790","527","99","1416","2283","0","62.02","34.6"
"10","018","00","001","0122","0039","691","396","295","73","764","1271","0","60.11","31.16"
"10","018","00","001","0122","0040","626","394","232","26","652","1012","0","64.43","38.93"
"10","018","00","001","0123","0000","1306","815","491","141","1447","2604","0","55.57","31.3"
"10","018","00","001","0123","0041","524","331","193","69","593","1001","0","59.24","33.07"
"10","018","00","001","0123","0042","782","484","298","72","854","1603","0","53.28","30.19"
"10","018","00","001","0124","0000","2387","1458","929","154","2541","4297","0","59.13","33.93"
"10","018","00","001","0124","0050","659","394","265","51","710","1195","0","59.41","32.97"
"10","018","00","001","0124","0051","799","482","317","69","868","1569","0","55.32","30.72"
"10","018","00","001","0124","0052","929","582","347","34","963","1533","0","62.82","37.96"
"10","018","00","001","0125","0000","2270","1532","738","147","2417","3992","0","60.55","38.38"
"10","018","00","001","0125","0053","761","513","248","55","816","1336","0","61.08","38.4"
"10","018","00","001","0125","0054","764","515","249","49","813","1367","0","59.47","37.67"
"10","018","00","001","0125","0055","745","504","241","43","788","1289","0","61.13","39.1"
"10","018","00","001","0126","0000","3525","2170","1355","195","3720","6055","0","61.44","35.84"
"10","018","00","001","0126","0034","719","443","276","38","757","1262","0","59.98","35.1"
"10","018","00","001","0126","0035","654","422","232","33","687","1199","0","57.3","35.2"
"10","018","00","001","0126","0036","711","433","278","42","753","1226","0","61.42","35.32"
"10","018","00","001","0126","0037","830","516","314","56","886","1377","0","64.34","37.47"
"10","018","00","001","0126","0038","611","356","255","26","637","991","0","64.28","35.92"
"10","018","00","001","0127","0000","1753","1110","643","116","1869","3142","0","59.48","35.33"
"10","018","00","001","0127","0031","515","338","177","41","556","935","0","59.47","36.15"
"10","018","00","001","0127","0032","581","361","220","31","612","1074","0","56.98","33.61"
"10","018","00","001","0127","0033","657","411","246","44","701","1133","0","61.87","36.28"
"10","018","00","001","0128","0000","1744","1070","674","108","1852","3440","0","53.84","31.1"
"10","018","00","001","0128","0122","514","299","215","43","557","1062","0","52.45","28.15"
"10","018","00","001","0128","0123","569","350","219","36","605","1046","0","57.84","33.46"
"10","018","00","001","0128","0124","661","421","240","29","690","1332","0","51.8","31.61"
"10","018","00","001","0129","0000","1567","879","688","111","1678","2999","0","55.95","29.31"
"10","018","00","001","0129","0108","468","265","203","49","517","880","0","58.75","30.11"
"10","018","00","001","0129","0109","541","313","228","24","565","1058","0","53.4","29.58"
"10","018","00","001","0129","0110","558","301","257","38","596","1061","0","56.17","28.37"
"10","018","00","001","0130","0000","2740","1661","1079","143","2883","5036","0","57.25","32.98"
"10","018","00","001","0130","0132","661","394","267","34","695","1315","0","52.85","29.96"
"10","018","00","001","0130","0133","759","477","282","38","797","1413","0","56.4","33.76"
"10","018","00","001","0130","0134","563","335","228","39","602","1064","0","56.58","31.48"
"10","018","00","001","0130","0135","757","455","302","32","789","1244","0","63.42","36.58"
"10","018","00","001","0131","0000","2903","1681","1222","178","3081","5678","0","54.26","29.61"
"10","018","00","001","0131","0125","715","407","308","63","778","1350","0","57.63","30.15"
"10","018","00","001","0131","0126","700","430","270","35","735","1438","0","51.11","29.9"
"10","018","00","001","0131","0127","685","384","301","43","728","1414","0","51.49","27.16"
"10","018","00","001","0131","0128","803","460","343","37","840","1476","0","56.91","31.17"
"10","018","00","001","0132","0000","698","419","279","19","717","1233","0","58.15","33.98"
"10","018","00","001","0132","0099","698","419","279","19","717","1233","0","58.15","33.98"
"10","018","00","001","0133","0000","1650","1078","572","116","1766","3003","0","58.81","35.9"
"10","018","00","001","0133","0063","619","400","219","57","676","1132","0","59.72","35.34"
"10","018","00","001","0133","0064","142","93","49","10","152","251","0","60.56","37.05"
"10","018","00","001","0133","0065","889","585","304","49","938","1620","0","57.9","36.11"
"10","018","00","001","0135","0000","480","296","184","38","518","915","0","56.61","32.35"
"10","018","00","001","0135","0059","480","296","184","38","518","915","0","56.61","32.35"
"10","018","00","001","0136","0000","1537","939","598","120","1657","2751","0","60.23","34.13"
"10","018","00","001","0136","0056","500","301","199","31","531","960","0","55.31","31.35"
"10","018","00","001","0136","0057","501","312","189","38","539","843","0","63.94","37.01"
"10","018","00","001","0136","0058","536","326","210","51","587","948","0","61.92","34.39"
"10","018","00","001","0137","0000","1976","1301","675","99","2075","3556","0","58.35","36.59"
"10","018","00","001","0137","0060","991","674","317","49","1040","1801","0","57.75","37.42"
"10","018","00","001","0137","0061","581","357","224","37","618","1079","0","57.28","33.09"
"10","018","00","001","0137","0062","404","270","134","13","417","676","0","61.69","39.94"
"10","018","00","001","0138","0000","1334","769","565","86","1420","2768","0","51.3","27.78"
"10","018","00","001","0138","0043","654","362","292","28","682","1236","0","55.18","29.29"
"10","018","00","001","0138","0044","680","407","273","58","738","1532","0","48.17","26.57"
"10","018","00","001","0139","0000","1736","1017","719","138","1874","3331","0","56.26","30.53"
"10","018","00","001","0139","0045","667","390","277","56","723","1306","0","55.36","29.86"
"10","018","00","001","0139","0046","571","334","237","60","631","1073","0","58.81","31.13"
"10","018","00","001","0139","0047","498","293","205","22","520","952","0","54.62","30.78"
"10","018","00","001","0140","0000","938","562","376","95","1033","2076","0","49.76","27.07"
"10","018","00","001","0140","0048","556","322","234","62","618","1298","0","47.61","24.81"
"10","018","00","001","0140","0049","382","240","142","33","415","778","0","53.34","30.85"
"10","018","00","001","0141","0000","2246","1348","898","123","2369","4669","0","50.74","28.87"
"10","018","00","001","0141","0077","502","353","149","28","530","1215","0","43.62","29.05"
"10","018","00","001","0141","0078","501","280","221","37","538","1067","0","50.42","26.24"
"10","018","00","001","0141","0079","636","358","278","27","663","1194","0","55.53","29.98"
"10","018","00","001","0141","0080","607","357","250","31","638","1193","0","53.48","29.92"
"10","018","00","001","0142","0000","4173","2469","1704","229","4402","7900","0","55.72","31.25"
"10","018","00","001","0142","0066","755","449","306","45","800","1479","0","54.09","30.36"
"10","018","00","001","0142","0067","725","434","291","32","757","1402","0","53.99","30.96"
"10","018","00","001","0142","0068","652","380","272","70","722","1280","0","56.41","29.69"
"10","018","00","001","0142","0069","699","403","296","29","728","1228","0","59.28","32.82"
"10","018","00","001","0142","0070","610","352","258","13","623","1157","0","53.85","30.42"
"10","018","00","001","0142","0071","732","451","281","40","772","1354","0","57.02","33.31"
"10","018","00","001","0143","0000","2824","1686","1138","213","3037","5242","0","57.94","32.16"
"10","018","00","001","0143","0081","719","414","305","85","804","1388","0","57.93","29.83"
"10","018","00","001","0143","0082","692","419","273","48","740","1267","0","58.41","33.07"
"10","018","00","001","0143","0083","724","431","293","26","750","1299","0","57.74","33.18"
"10","018","00","001","0143","0084","689","422","267","54","743","1288","0","57.69","32.76"
"10","018","00","001","0144","0000","2385","1493","892","125","2510","4240","0","59.2","35.21"
"10","018","00","001","0144","0096","822","530","292","37","859","1400","0","61.36","37.86"
"10","018","00","001","0144","0097","835","520","315","39","874","1473","0","59.33","35.3"
"10","018","00","001","0144","0098","728","443","285","49","777","1367","0","56.84","32.41"
"10","018","00","001","0145","0000","2522","1564","958","141","2663","5042","0","52.82","31.02"
"10","018","00","001","0145","0092","670","398","272","48","718","1323","0","54.27","30.08"
"10","018","00","001","0145","0093","610","384","226","24","634","1207","0","52.53","31.81"
"10","018","00","001","0145","0094","588","372","216","43","631","1264","0","49.92","29.43"
"10","018","00","001","0145","0095","654","410","244","26","680","1248","0","54.49","32.85"
"10","018","00","001","0146","0000","2353","1395","958","176","2529","4634","0","54.57","30.1"
"10","018","00","001","0146","0088","552","323","229","55","607","1135","0","53.48","28.46"
"10","018","00","001","0146","0089","552","344","208","41","593","1165","0","50.9","29.53"
"10","018","00","001","0146","0090","572","337","235","46","618","1124","0","54.98","29.98"
"10","018","00","001","0146","0091","677","391","286","34","711","1210","0","58.76","32.31"
"10","018","00","001","0147","0000","3711","2309","1402","172","3883","6262","0","62.01","36.87"
"10","018","00","001","0147","0072","831","534","297","24","855","1334","0","64.09","40.03"
"10","018","00","001","0147","0073","693","418","275","38","731","1234","0","59.24","33.87"
"10","018","00","001","0147","0074","832","530","302","44","876","1398","0","62.66","37.91"
"10","018","00","001","0147","0075","547","312","235","29","576","928","0","62.07","33.62"
"10","018","00","001","0147","0076","808","515","293","37","845","1368","0","61.77","37.65"
"10","018","00","001","0148","0000","1274","712","562","98","1372","2357","0","58.21","30.21"
"10","018","00","001","0148","0029","689","390","299","37","726","1317","0","55.13","29.61"
"10","018","00","001","0148","0030","585","322","263","61","646","1040","0","62.12","30.96"
"10","018","00","001","0149","0000","1669","1014","655","172","1841","3392","0","54.27","29.89"
"10","018","00","001","0149","0119","404","249","155","77","481","777","0","61.9","32.05"
"10","018","00","001","0149","0120","628","394","234","51","679","1399","0","48.53","28.16"
"10","018","00","001","0149","0121","637","371","266","44","681","1216","0","56.0","30.51"
"10","018","00","001","0150","0000","2516","1541","975","169","2685","4777","0","56.21","32.26"
"10","018","00","001","0150","0016","779","480","299","51","830","1490","0","55.7","32.21"
"10","018","00","001","0150","0017","855","536","319","43","898","1615","0","55.6","33.19"
"10","018","00","001","0150","0018","882","525","357","75","957","1672","0","57.24","31.4"
"10","018","00","001","0151","0000","951","548","403","52","1003","1782","0","56.29","30.75"
"10","018","00","001","0151","0008","384","220","164","23","407","741","0","54.93","29.69"
"10","018","00","001","0151","0009","567","328","239","29","596","1041","0","57.25","31.51"
"10","018","00","001","0152","0000","1989","1152","837","127","2116","3526","0","60.01","32.67"
"10","018","00","001","0152","0129","755","451","304","63","818","1326","0","61.69","34.01"
"10","018","00","001","0152","0130","552","315","237","32","584","927","0","63.0","33.98"
"10","018","00","001","0152","0131","682","386","296","32","714","1273","0","56.09","30.32"
"10","018","00","001","0153","0000","2291","1422","869","114","2405","4816","0","49.94","29.53"
"10","018","00","001","0153","0136","577","348","229","6","583","1160","0","50.26","30.0"
"10","018","00","001","0153","0137","651","405","246","37","688","1398","0","49.21","28.97"
"10","018","00","001","0153","0138","540","332","208","27","567","1384","0","40.97","23.99"
"10","018","00","001","0153","0139","523","337","186","44","567","874","0","64.87","38.56"
"10","018","00","001","0154","0000","2136","1279","857","100","2236","3600","0","62.11","35.53"
"10","018","00","001","0154","0085","715","428","287","32","747","1228","0","60.83","34.85"
"10","018","00","001","0154","0086","668","392","276","33","701","1135","0","61.76","34.54"
"10","018","00","001","0154","0087","753","459","294","35","788","1237","0","63.7","37.11"
"10","018","00","002","0000","0000","63605","37623","25982","4918","68523","123122","151391","55.65","30.56"
"10","018","00","002","0201","0000","294","173","121","29","323","535","0","60.37","32.34"
"10","018","00","002","0201","0141","294","173","121","29","323","535","0","60.37","32.34"
"10","018","00","002","0202","0000","391","212","179","52","443","711","0","62.31","29.82"
"10","018","00","002","0202","0144","391","212","179","52","443","711","0","62.31","29.82"
"10","018","00","002","0203","0000","380","207","173","64","444","746","0","59.52","27.75"
"10","018","00","002","0203","0142","380","207","173","64","444","746","0","59.52","27.75"
"10","018","00","002","0204","0000","223","111","112","19","242","477","0","50.73","23.27"
"10","018","00","002","0204","0140","223","111","112","19","242","477","0","50.73","23.27"
"10","018","00","002","0205","0000","540","306","234","42","582","1143","0","50.92","26.77"
"10","018","00","002","0205","0145","540","306","234","42","582","1143","0","50.92","26.77"
"10","018","00","002","0206","0000","263","149","114","25","288","546","0","52.75","27.29"
"10","018","00","002","0206","0143","263","149","114","25","288","546","0","52.75","27.29"
"10","018","00","002","0207","0000","677","405","272","47","724","1370","0","52.85","29.56"
"10","018","00","002","0207","0146","677","405","272","47","724","1370","0","52.85","29.56"
"10","018","00","002","0208","0000","488","299","189","46","534","957","0","55.8","31.24"
"10","018","00","002","0208","0172","488","299","189","46","534","957","0","55.8","31.24"
"10","018","00","002","0209","0000","313","181","132","42","355","561","0","63.28","32.26"
"10","018","00","002","0209","0169","313","181","132","42","355","561","0","63.28","32.26"
"10","018","00","002","0210","0000","456","272","184","20","476","761","0","62.55","35.74"
"10","018","00","002","0210","0167","456","272","184","20","476","761","0","62.55","35.74"
"10","018","00","002","0211","0000","430","245","185","39","469","788","0","59.52","31.09"
"10","018","00","002","0211","0168","430","245","185","39","469","788","0","59.52","31.09"
"10","018","00","002","0212","0000","645","372","273","38","683","1398","0","48.86","26.61"
"10","018","00","002","0212","0171","645","372","273","38","683","1398","0","48.86","26.61"
"10","018","00","002","0213","0000","738","444","294","88","826","1558","0","53.02","28.5"
"10","018","00","002","0213","0170","738","444","294","88","826","1558","0","53.02","28.5"
"10","018","00","002","0214","0000","2375","1442","933","219","2594","4800","0","54.04","30.04"
"10","018","00","002","0214","0173","632","396","236","61","693","1195","0","57.99","33.14"
"10","018","00","002","0214","0174","565","333","232","48","613","1236","0","49.6","26.94"
"10","018","00","002","0214","0175","591","339","252","69","660","1255","0","52.59","27.01"
"10","018","00","002","0214","0176","587","374","213","41","628","1114","0","56.37","33.57"
"10","018","00","002","0215","0000","1497","920","577","96","1593","2949","0","54.02","31.2"
"10","018","00","002","0215","0188","720","439","281","41","761","1457","0","52.23","30.13"
"10","018","00","002","0215","0189","777","481","296","55","832","1492","0","55.76","32.24"
"10","018","00","002","0216","0000","1913","1134","779","149","2062","3906","0","52.79","29.03"
"10","018","00","002","0216","0185","566","328","238","30","596","1272","0","46.86","25.79"
"10","018","00","002","0216","0186","686","396","290","59","745","1306","0","57.04","30.32"
"10","018","00","002","0216","0187","661","410","251","60","721","1328","0","54.29","30.87"
"10","018","00","002","0217","0000","1127","668","459","144","1271","2131","0","59.64","31.35"
"10","018","00","002","0217","0190","654","415","239","45","699","1160","0","60.26","35.78"
"10","018","00","002","0217","0191","473","253","220","99","572","971","0","58.91","26.06"
"10","018","00","002","0218","0000","867","498","369","66","933","1651","0","56.51","30.16"
"10","018","00","002","0218","0228","483","278","205","28","511","946","0","54.02","29.39"
"10","018","00","002","0218","0229","384","220","164","38","422","705","0","59.86","31.21"
"10","018","00","002","0219","0000","2019","1253","766","130","2149","3852","0","55.79","32.53"
"10","018","00","002","0219","0221","625","367","258","40","665","1175","0","56.6","31.23"
"10","018","00","002","0219","0222","740","475","265","32","772","1371","0","56.31","34.65"
"10","018","00","002","0219","0223","654","411","243","58","712","1306","0","54.52","31.47"
"10","018","00","002","0220","0000","410","216","194","95","505","848","0","59.55","25.47"
"10","018","00","002","0220","0230","410","216","194","95","505","848","0","59.55","25.47"
"10","018","00","002","0221","0000","1446","869","577","88","1534","2712","0","56.56","32.04"
"10","018","00","002","0221","0199","750","444","306","55","805","1442","0","55.83","30.79"
"10","018","00","002","0221","0200","696","425","271","33","729","1270","0","57.4","33.46"
"10","018","00","002","0222","0000","3320","1771","1549","218","3538","5949","0","59.47","29.77"
"10","018","00","002","0222","0208","598","334","264","26","624","1106","0","56.42","30.2"
"10","018","00","002","0222","0209","589","364","225","35","624","1044","0","59.77","34.87"
"10","018","00","002","0222","0210","579","335","244","50","629","1061","0","59.28","31.57"
"10","018","00","002","0222","0211","850","353","497","53","903","1518","0","59.49","23.25"
"10","018","00","002","0222","0212","704","385","319","54","758","1220","0","62.13","31.56"
"10","018","00","002","0223","0000","2620","1714","906","178","2798","4623","0","60.52","37.08"
"10","018","00","002","0223","0217","579","340","239","23","602","1059","0","56.85","32.11"
"10","018","00","002","0223","0218","625","419","206","60","685","1130","0","60.62","37.08"
"10","018","00","002","0223","0219","710","465","245","39","749","1208","0","62.0","38.49"
"10","018","00","002","0223","0220","706","490","216","56","762","1226","0","62.15","39.97"
"10","018","00","002","0224","0000","2658","1552","1106","207","2865","5718","0","50.1","27.14"
"10","018","00","002","0224","0231","644","397","247","44","688","1295","0","53.13","30.66"
"10","018","00","002","0224","0232","697","362","335","49","746","1467","0","50.85","24.68"
"10","018","00","002","0224","0233","698","430","268","54","752","1659","0","45.33","25.92"
"10","018","00","002","0224","0234","619","363","256","60","679","1297","0","52.35","27.99"
"10","018","00","002","0225","0000","302","180","122","43","345","594","0","58.08","30.3"
"10","018","00","002","0225","0244","302","180","122","43","345","594","0","58.08","30.3"
"10","018","00","002","0226","0000","1480","881","599","150","1630","2831","0","57.58","31.12"
"10","018","00","002","0226","0235","714","424","290","75","789","1374","0","57.42","30.86"
"10","018","00","002","0226","0236","766","457","309","75","841","1457","0","57.72","31.37"
"10","018","00","002","0227","0000","757","428","329","83","840","1609","0","52.21","26.6"
"10","018","00","002","0227","0243","757","428","329","83","840","1609","0","52.21","26.6"
"10","018","00","002","0228","0000","1800","1049","751","166","1966","3393","0","57.94","30.92"
"10","018","00","002","0228","0237","580","328","252","53","633","1072","0","59.05","30.6"
"10","018","00","002","0228","0238","658","387","271","70","728","1350","0","53.93","28.67"
"10","018","00","002","0228","0239","562","334","228","43","605","971","0","62.31","34.4"
"10","018","00","002","0229","0000","1968","1153","815","145","2113","3723","0","56.76","30.97"
"10","018","00","002","0229","0240","782","432","350","68","850","1450","0","58.62","29.79"
"10","018","00","002","0229","0241","470","279","191","39","509","895","0","56.87","31.17"
"10","018","00","002","0229","0242","716","442","274","38","754","1378","0","54.72","32.08"
"10","018","00","002","0230","0000","915","533","382","70","985","1766","0","55.78","30.18"
"10","018","00","002","0230","0158","590","348","242","43","633","1128","0","56.12","30.85"
"10","018","00","002","0230","0159","325","185","140","27","352","638","0","55.17","29.0"
"10","018","00","002","0231","0000","1862","1062","800","107","1969","3589","0","54.86","29.59"
"10","018","00","002","0231","0147","709","392","317","51","760","1390","0","54.68","28.2"
"10","018","00","002","0231","0148","511","311","200","31","542","962","0","56.34","32.33"
"10","018","00","002","0231","0149","642","359","283","25","667","1237","0","53.92","29.02"
"10","018","00","002","0232","0000","2463","1457","1006","188","2651","5156","0","51.42","28.26"
"10","018","00","002","0232","0151","349","190","159","20","369","758","0","48.68","25.07"
"10","018","00","002","0232","0152","630","384","246","39","669","1320","0","50.68","29.09"
"10","018","00","002","0232","0153","690","435","255","80","770","1519","0","50.69","28.64"
"10","018","00","002","0232","0154","125","73","52","7","132","347","0","38.04","21.04"
"10","018","00","002","0232","0155","669","375","294","42","711","1212","0","58.66","30.94"
"10","018","00","002","0233","0000","1419","817","602","133","1552","2912","0","53.3","28.06"
"10","018","00","002","0233","0156","718","416","302","57","775","1484","0","52.22","28.03"
"10","018","00","002","0233","0157","701","401","300","76","777","1428","0","54.41","28.08"
"10","018","00","002","0234","0000","2080","1189","891","160","2240","4121","0","54.36","28.85"
"10","018","00","002","0234","0163","692","404","288","62","754","1394","0","54.09","28.98"
"10","018","00","002","0234","0164","716","414","302","64","780","1568","0","49.74","26.4"
"10","018","00","002","0234","0165","672","371","301","34","706","1159","0","60.91","32.01"
"10","018","00","002","0235","0000","102","50","52","3","105","252","0","41.67","19.84"
"10","018","00","002","0235","0166","102","50","52","3","105","252","0","41.67","19.84"
"10","018","00","002","0236","0000","2520","1479","1041","206","2726","4656","0","58.55","31.77"
"10","018","00","002","0236","0224","672","397","275","31","703","1340","0","52.46","29.63"
"10","018","00","002","0236","0225","610","346","264","75","685","1111","0","61.66","31.14"
"10","018","00","002","0236","0226","707","412","295","55","762","1197","0","63.66","34.42"
"10","018","00","002","0236","0227","531","324","207","45","576","1008","0","57.14","32.14"
"10","018","00","002","0237","0000","2759","1626","1133","150","2909","5296","0","54.93","30.7"
"10","018","00","002","0237","0177","728","435","293","16","744","1396","0","53.3","31.16"
"10","018","00","002","0237","0178","790","455","335","51","841","1456","0","57.76","31.25"
"10","018","00","002","0237","0179","716","435","281","32","748","1374","0","54.44","31.66"
"10","018","00","002","0237","0180","525","301","224","51","576","1070","0","53.83","28.13"
"10","018","00","002","0238","0000","2360","1461","899","202","2562","4524","0","56.63","32.29"
"10","018","00","002","0238","0181","571","346","225","70","641","1142","0","56.13","30.3"
"10","018","00","002","0238","0182","548","351","197","18","566","1103","0","51.31","31.82"
"10","018","00","002","0238","0183","599","361","238","80","679","1190","0","57.06","30.34"
"10","018","00","002","0238","0184","642","403","239","34","676","1089","0","62.08","37.01"
"10","018","00","002","0239","0000","1909","1146","763","111","2020","4112","0","49.12","27.87"
"10","018","00","002","0239","0192","420","264","156","26","446","1401","0","31.83","18.84"
"10","018","00","002","0239","0193","720","429","291","47","767","1340","0","57.24","32.01"
"10","018","00","002","0239","0194","769","453","316","38","807","1371","0","58.86","33.04"
"10","018","00","002","0240","0000","2579","1511","1068","164","2743","4793","0","57.23","31.53"
"10","018","00","002","0240","0195","650","361","289","40","690","1267","0","54.46","28.49"
"10","018","00","002","0240","0196","614","358","256","56","670","1073","0","62.44","33.36"
"10","018","00","002","0240","0197","638","383","255","40","678","1159","0","58.5","33.05"
"10","018","00","002","0240","0198","677","409","268","28","705","1294","0","54.48","31.61"
"10","018","00","002","0241","0000","3080","1912","1168","178","3258","5721","0","56.95","33.42"
"10","018","00","002","0241","0213","831","492","339","23","854","1475","0","57.9","33.36"
"10","018","00","002","0241","0214","688","413","275","61","749","1373","0","54.55","30.08"
"10","018","00","002","0241","0215","780","492","288","46","826","1450","0","56.97","33.93"
"10","018","00","002","0241","0216","781","515","266","48","829","1423","0","58.26","36.19"
"10","018","00","002","0242","0000","3457","2050","1407","204","3661","6417","0","57.05","31.95"
"10","018","00","002","0242","0203","620","365","255","43","663","1163","0","57.01","31.38"
"10","018","00","002","0242","0204","698","421","277","34","732","1334","0","54.87","31.56"
"10","018","00","002","0242","0205","742","429","313","51","793","1415","0","56.04","30.32"
"10","018","00","002","0242","0206","755","433","322","36","791","1305","0","60.61","33.18"
"10","018","00","002","0242","0207","642","402","240","40","682","1200","0","56.83","33.5"
"10","018","00","002","0243","0000","1237","748","489","105","1342","2128","0","63.06","35.15"
"10","018","00","002","0243","0201","689","414","275","53","742","1179","0","62.93","35.11"
"10","018","00","002","0243","0202","548","334","214","52","600","949","0","63.22","35.19"
"10","018","00","002","0244","0000","707","405","302","87","794","1604","0","49.5","25.25"
"10","018","00","002","0244","0150","707","405","302","87","794","1604","0","49.5","25.25"
"10","018","00","002","0245","0000","1759","1073","686","122","1881","3235","0","58.15","33.17"
"10","018","00","002","0245","0160","652","418","234","55","707","1222","0","57.86","34.21"
"10","018","00","002","0245","0161","533","309","224","42","575","1076","0","53.44","28.72"
"10","018","00","002","0245","0162","574","346","228","25","599","937","0","63.93","36.93"
"10","018","00","003","0000","0000","33252","20032","13220","2882","36134","64896","78305","55.68","30.87"
"10","018","00","003","0301","0000","1334","862","472","171","1505","2513","0","59.89","34.3"
"10","018","00","003","0301","0271","583","380","203","72","655","1182","0","55.41","32.15"
"10","018","00","003","0301","0272","751","482","269","99","850","1331","0","63.86","36.21"
"10","018","00","003","0302","0000","2687","1529","1158","215","2902","5255","0","55.22","29.1"
"10","018","00","003","0302","0266","556","327","229","53","609","1088","0","55.97","30.06"
"10","018","00","003","0302","0267","399","239","160","30","429","903","0","47.51","26.47"
"10","018","00","003","0302","0268","537","284","253","50","587","1012","0","58.0","28.06"
"10","018","00","003","0302","0269","523","294","229","51","574","1014","0","56.61","28.99"
"10","018","00","003","0302","0270","672","385","287","31","703","1238","0","56.79","31.1"
"10","018","00","003","0303","0000","1200","717","483","101","1301","2288","0","56.86","31.34"
"10","018","00","003","0303","0264","511","307","204","35","546","970","0","56.29","31.65"
"10","018","00","003","0303","0265","689","410","279","66","755","1318","0","57.28","31.11"
"10","018","00","003","0304","0000","1287","794","493","164","1451","2371","0","61.2","33.49"
"10","018","00","003","0304","0262","680","427","253","91","771","1348","0","57.2","31.68"
"10","018","00","003","0304","0263","607","367","240","73","680","1023","0","66.47","35.87"
"10","018","00","003","0305","0000","1177","693","484","136","1313","2095","0","62.67","33.08"
"10","018","00","003","0305","0260","624","373","251","67","691","1138","0","60.72","32.78"
"10","018","00","003","0305","0261","553","320","233","69","622","957","0","64.99","33.44"
"10","018","00","003","0306","0000","1736","998","738","121","1857","3128","0","59.37","31.91"
"10","018","00","003","0306","0257","572","307","265","21","593","1067","0","55.58","28.77"
"10","018","00","003","0306","0258","489","288","201","39","528","863","0","61.18","33.37"
"10","018","00","003","0306","0259","675","403","272","61","736","1198","0","61.44","33.64"
"10","018","00","003","0307","0000","1542","907","635","100","1642","2881","0","56.99","31.48"
"10","018","00","003","0307","0252","786","453","333","64","850","1473","0","57.71","30.75"
"10","018","00","003","0307","0253","756","454","302","36","792","1408","0","56.25","32.24"
"10","018","00","003","0308","0000","2187","1327","860","128","2315","4517","0","51.25","29.38"
"10","018","00","003","0308","0254","594","381","213","28","622","1318","0","47.19","28.91"
"10","018","00","003","0308","0255","701","389","312","51","752","1337","0","56.25","29.09"
"10","018","00","003","0308","0256","892","557","335","49","941","1862","0","50.54","29.91"
"10","018","00","003","0309","0000","2552","1502","1050","160","2712","4959","0","54.69","30.29"
"10","018","00","003","0309","0245","711","432","279","68","779","1443","0","53.98","29.94"
"10","018","00","003","0309","0246","639","361","278","46","685","1241","0","55.2","29.09"
"10","018","00","003","0309","0247","618","379","239","31","649","1194","0","54.36","31.74"
"10","018","00","003","0309","0248","584","330","254","15","599","1081","0","55.41","30.53"
"10","018","00","003","0310","0000","2157","1308","849","158","2315","3917","0","59.1","33.39"
"10","018","00","003","0310","0273","596","350","246","33","629","976","0","64.45","35.86"
"10","018","00","003","0310","0274","418","257","161","35","453","834","0","54.32","30.82"
"10","018","00","003","0310","0275","488","305","183","42","530","919","0","57.67","33.19"
"10","018","00","003","0310","0276","655","396","259","48","703","1188","0","59.18","33.33"
"10","018","00","003","0311","0000","1712","1111","601","177","1889","3342","0","56.52","33.24"
"10","018","00","003","0311","0277","566","322","244","61","627","1086","0","57.73","29.65"
"10","018","00","003","0311","0278","664","415","249","52","716","1144","0","62.59","36.28"
"10","018","00","003","0311","0279","482","374","108","64","546","1112","0","49.1","33.63"
"10","018","00","003","0312","0000","2288","1385","903","184","2472","4231","0","58.43","32.73"
"10","018","00","003","0312","0280","788","476","312","65","853","1476","0","57.79","32.25"
"10","018","00","003","0312","0281","664","408","256","52","716","1291","0","55.46","31.6"
"10","018","00","003","0312","0282","836","501","335","67","903","1464","0","61.68","34.22"
"10","018","00","003","0313","0000","1448","877","571","142","1590","2763","0","57.55","31.74"
"10","018","00","003","0313","0283","754","474","280","89","843","1427","0","59.07","33.22"
"10","018","00","003","0313","0284","694","403","291","53","747","1336","0","55.91","30.16"
"10","018","00","003","0314","0000","508","275","233","48","556","1131","0","49.16","24.31"
"10","018","00","003","0314","0285","508","275","233","48","556","1131","0","49.16","24.31"
"10","018","00","003","0315","0000","1110","677","433","159","1269","2076","0","61.13","32.61"
"10","018","00","003","0315","0286","563","365","198","87","650","1070","0","60.75","34.11"
"10","018","00","003","0315","0287","547","312","235","72","619","1006","0","61.53","31.01"
"10","018","00","003","0316","0000","1101","660","441","80","1181","2342","0","50.43","28.18"
"10","018","00","003","0316","0288","523","320","203","46","569","1223","0","46.52","26.17"
"10","018","00","003","0316","0289","578","340","238","34","612","1119","0","54.69","30.38"
"10","018","00","003","0317","0000","412","251","161","30","442","896","0","49.33","28.01"
"10","018","00","003","0317","0299","412","251","161","30","442","896","0","49.33","28.01"
"10","018","00","003","0318","0000","461","271","190","51","512","890","0","57.53","30.45"
"10","018","00","003","0318","0298","461","271","190","51","512","890","0","57.53","30.45"
"10","018","00","003","0319","0000","373","226","147","60","433","776","0","55.8","29.12"
"10","018","00","003","0319","0297","373","226","147","60","433","776","0","55.8","29.12"
"10","018","00","003","0320","0000","830","509","321","75","905","1784","0","50.73","28.53"
"10","018","00","003","0320","0295","351","210","141","49","400","719","0","55.63","29.21"
"10","018","00","003","0320","0296","479","299","180","26","505","1065","0","47.42","28.08"
"10","018","00","003","0321","0000","1943","1211","732","178","2121","4325","0","49.04","28.0"
"10","018","00","003","0321","0291","711","445","266","50","761","1627","0","46.77","27.35"
"10","018","00","003","0321","0292","586","369","217","59","645","1289","0","50.04","28.63"
"10","018","00","003","0321","0293","646","397","249","69","715","1409","0","50.75","28.18"
"10","018","00","003","0322","0000","640","364","276","46","686","1400","0","49.0","26.0"
"10","018","00","003","0322","0290","640","364","276","46","686","1400","0","49.0","26.0"
"10","018","00","003","0323","0000","387","213","174","45","432","814","0","53.07","26.17"
"10","018","00","003","0323","0294","387","213","174","45","432","814","0","53.07","26.17"
"10","018","00","003","0324","0000","2180","1365","815","153","2333","4202","0","55.52","32.48"
"10","018","00","003","0324","0249","428","248","180","34","462","807","0","57.25","30.73"
"10","018","00","003","0324","0250","899","587","312","59","958","1760","0","54.43","33.35"
"10","018","00","003","0324","0251","853","530","323","60","913","1635","0","55.84","32.42"
"10","020","00","000","0000","0000","110494","64519","45975","9064","119558","221553","268741","53.96","29.12"
"10","020","00","001","0000","0000","50302","29288","21014","4070","54372","100647","121279","54.02","29.1"
"10","020","00","001","0101","0000","2157","1289","868","185","2342","4386","0","53.4","29.39"
"10","020","00","001","0101","0079","567","318","249","80","647","1282","0","50.47","24.8"
"10","020","00","001","0101","0080","863","550","313","62","925","1571","0","58.88","35.01"
"10","020","00","001","0101","0081","727","421","306","43","770","1533","0","50.23","27.46"
"10","020","00","001","0102","0000","1439","825","614","84","1523","3393","0","44.89","24.31"
"10","020","00","001","0102","0077","724","427","297","35","759","1823","0","41.63","23.42"
"10","020","00","001","0102","0078","715","398","317","49","764","1570","0","48.66","25.35"
"10","020","00","001","0103","0000","1319","780","539","90","1409","2832","0","49.75","27.54"
"10","020","00","001","0103","0075","587","342","245","35","622","1404","0","44.3","24.36"
"10","020","00","001","0103","0076","732","438","294","55","787","1428","0","55.11","30.67"
"10","020","00","001","0104","0000","1582","945","637","150","1732","3249","0","53.31","29.09"
"10","020","00","001","0104","0069","805","480","325","71","876","1682","0","52.08","28.54"
"10","020","00","001","0104","0070","777","465","312","79","856","1567","0","54.63","29.67"
"10","020","00","001","0105","0000","1152","678","474","64","1216","2188","0","55.58","30.99"
"10","020","00","001","0105","0071","617","366","251","30","647","1207","0","53.6","30.32"
"10","020","00","001","0105","0072","535","312","223","34","569","981","0","58.0","31.8"
"10","020","00","001","0134","0000","2162","1286","876","177","2339","4205","0","55.62","30.58"
"10","020","00","001","0134","0021","592","356","236","63","655","1199","0","54.63","29.69"
"10","020","00","001","0134","0022","642","392","250","35","677","1236","0","54.77","31.72"
"10","020","00","001","0134","0023","447","250","197","25","472","890","0","53.03","28.09"
"10","020","00","001","0134","0024","481","288","193","54","535","880","0","60.8","32.73"
"10","020","00","001","0135","0000","2227","1268","959","188","2415","4172","0","57.89","30.39"
"10","020","00","001","0135","0018","836","475","361","73","909","1552","0","58.57","30.61"
"10","020","00","001","0135","0019","822","474","348","64","886","1558","0","56.87","30.42"
"10","020","00","001","0135","0020","569","319","250","51","620","1062","0","58.38","30.04"
"10","020","00","001","0136","0000","1952","1250","702","135","2087","3967","0","52.61","31.51"
"10","020","00","001","0136","0015","667","451","216","51","718","1453","0","49.42","31.04"
"10","020","00","001","0136","0016","535","335","200","37","572","1094","0","52.29","30.62"
"10","020","00","001","0136","0017","750","464","286","47","797","1420","0","56.13","32.68"
"10","020","00","001","0137","0000","1252","709","543","75","1327","2334","0","56.86","30.38"
"10","020","00","001","0137","0011","673","381","292","42","715","1221","0","58.56","31.2"
"10","020","00","001","0137","0012","579","328","251","33","612","1113","0","54.99","29.47"
"10","020","00","001","0138","0000","957","563","394","63","1020","1794","0","56.86","31.38"
"10","020","00","001","0138","0005","404","221","183","32","436","702","0","62.11","31.48"
"10","020","00","001","0138","0006","553","342","211","31","584","1092","0","53.48","31.32"
"10","020","00","001","0139","0000","2242","1322","920","132","2374","4239","0","56.0","31.19"
"10","020","00","001","0139","0027","737","451","286","50","787","1435","0","54.84","31.43"
"10","020","00","001","0139","0028","776","458","318","45","821","1349","0","60.86","33.95"
"10","020","00","001","0139","0029","729","413","316","37","766","1455","0","52.65","28.38"
"10","020","00","001","0141","0000","855","501","354","81","936","1816","0","51.54","27.59"
"10","020","00","001","0141","0008","855","501","354","81","936","1816","0","51.54","27.59"
"10","020","00","001","0142","0000","434","245","189","31","465","1023","0","45.45","23.95"
"10","020","00","001","0142","0007","434","245","189","31","465","1023","0","45.45","23.95"
"10","020","00","001","0143","0000","1573","892","681","109","1682","2847","0","59.08","31.33"
"10","020","00","001","0143","0013","765","437","328","63","828","1452","0","57.02","30.1"
"10","020","00","001","0143","0014","808","455","353","46","854","1395","0","61.22","32.62"
"10","020","00","001","0144","0000","1204","703","501","56","1260","2301","0","54.76","30.55"
"10","020","00","001","0144","0001","545","310","235","37","582","1025","0","56.78","30.24"
"10","020","00","001","0144","0002","659","393","266","19","678","1276","0","53.13","30.8"
"10","020","00","001","0145","0000","1002","557","445","67","1069","1987","0","53.8","28.03"
"10","020","00","001","0145","0042","469","250","219","28","497","938","0","52.99","26.65"
"10","020","00","001","0145","0043","533","307","226","39","572","1049","0","54.53","29.27"
"10","020","00","001","0146","0000","626","359","267","78","704","1360","0","51.76","26.4"
"10","020","00","001","0146","0044","626","359","267","78","704","1360","0","51.76","26.4"
"10","020","00","001","0147","0000","678","378","300","100","778","1615","0","48.17","23.41"
"10","020","00","001","0147","0045","678","378","300","100","778","1615","0","48.17","23.41"
"10","020","00","001","0148","0000","616","329","287","57","673","1267","0","53.12","25.97"
"10","020","00","001","0148","0046","616","329","287","57","673","1267","0","53.12","25.97"
"10","020","00","001","0149","0000","1505","905","600","190","1695","3410","0","49.71","26.54"
"10","020","00","001","0149","0047","668","393","275","83","751","1579","0","47.56","24.89"
"10","020","00","001","0149","0048","837","512","325","107","944","1831","0","51.56","27.96"
"10","020","00","001","0150","0000","1088","620","468","76","1164","2146","0","54.24","28.89"
"10","020","00","001","0150","0049","526","319","207","34","560","977","0","57.32","32.65"
"10","020","00","001","0150","0050","562","301","261","42","604","1169","0","51.67","25.75"
"10","020","00","001","0151","0000","1305","722","583","118","1423","2504","0","56.83","28.83"
"10","020","00","001","0151","0051","649","362","287","86","735","1238","0","59.37","29.24"
"10","020","00","001","0151","0052","656","360","296","32","688","1266","0","54.34","28.44"
"10","020","00","001","0152","0000","1293","742","551","90","1383","2717","0","50.9","27.31"
"10","020","00","001","0152","0053","622","365","257","55","677","1429","0","47.38","25.54"
"10","020","00","001","0152","0054","671","377","294","35","706","1288","0","54.81","29.27"
"10","020","00","001","0153","0000","1220","722","498","127","1347","2347","0","57.39","30.76"
"10","020","00","001","0153","0060","547","326","221","58","605","1170","0","51.71","27.86"
"10","020","00","001","0153","0061","673","396","277","69","742","1177","0","63.04","33.64"
"10","020","00","001","0154","0000","2000","1208","792","155","2155","3893","0","55.36","31.03"
"10","020","00","001","0154","0057","604","344","260","55","659","1133","0","58.16","30.36"
"10","020","00","001","0154","0058","637","398","239","64","701","1235","0","56.76","32.23"
"10","020","00","001","0154","0059","759","466","293","36","795","1525","0","52.13","30.56"
"10","020","00","001","0155","0000","1858","1074","784","231","2089","3667","0","56.97","29.29"
"10","020","00","001","0155","0062","621","376","245","63","684","1207","0","56.67","31.15"
"10","020","00","001","0155","0063","680","380","300","51","731","1272","0","57.47","29.87"
"10","020","00","001","0155","0064","557","318","239","117","674","1188","0","56.73","26.77"
"10","020","00","001","0156","0000","1116","625","491","147","1263","2101","0","60.11","29.75"
"10","020","00","001","0156","0040","555","314","241","61","616","1023","0","60.22","30.69"
"10","020","00","001","0156","0041","561","311","250","86","647","1078","0","60.02","28.85"
"10","020","00","001","0157","0000","830","471","359","95","925","1824","0","50.71","25.82"
"10","020","00","001","0157","0038","507","285","222","64","571","961","0","59.42","29.66"
"10","020","00","001","0157","0039","323","186","137","31","354","863","0","41.02","21.55"
"10","020","00","001","0158","0000","951","552","399","77","1028","2058","0","49.95","26.82"
"10","020","00","001","0158","0036","444","261","183","31","475","967","0","49.12","26.99"
"10","020","00","001","0158","0037","507","291","216","46","553","1091","0","50.69","26.67"
"10","020","00","001","0159","0000","1000","548","452","90","1090","2021","0","53.93","27.12"
"10","020","00","001","0159","0032","481","260","221","49","530","941","0","56.32","27.63"
"10","020","00","001","0159","0033","519","288","231","41","560","1080","0","51.85","26.67"
"10","020","00","001","0160","0000","983","539","444","67","1050","1867","0","56.24","28.87"
"10","020","00","001","0160","0030","493","292","201","36","529","915","0","57.81","31.91"
"10","020","00","001","0160","0031","490","247","243","31","521","952","0","54.73","25.95"
"10","020","00","001","0161","0000","987","551","436","41","1028","1858","0","55.33","29.66"
"10","020","00","001","0161","0025","617","346","271","18","635","1189","0","53.41","29.1"
"10","020","00","001","0161","0026","370","205","165","23","393","669","0","58.74","30.64"
"10","020","00","001","0162","0000","1107","608","499","62","1169","2210","0","52.9","27.51"
"10","020","00","001","0162","0034","526","297","229","34","560","1157","0","48.4","25.67"
"10","020","00","001","0162","0035","581","311","270","28","609","1053","0","57.83","29.53"
"10","020","00","001","0163","0000","1273","712","561","118","1391","2343","0","59.37","30.39"
"10","020","00","001","0163","0067","703","402","301","64","767","1332","0","57.58","30.18"
"10","020","00","001","0163","0068","570","310","260","54","624","1011","0","61.72","30.66"
"10","020","00","001","0164","0000","1090","670","420","88","1178","2192","0","53.74","30.57"
"10","020","00","001","0164","0065","544","331","213","36","580","1172","0","49.49","28.24"
"10","020","00","001","0164","0066","546","339","207","52","598","1020","0","58.63","33.24"
"10","020","00","001","0165","0000","1111","668","443","104","1215","2149","0","56.54","31.08"
"10","020","00","001","0165","0003","445","252","193","51","496","974","0","50.92","25.87"
"10","020","00","001","0165","0004","666","416","250","53","719","1175","0","61.19","35.4"
"10","020","00","001","0166","0000","1899","1138","761","111","2010","3634","0","55.31","31.32"
"10","020","00","001","0166","0009","992","597","395","73","1065","1936","0","55.01","30.84"
"10","020","00","001","0166","0010","907","541","366","38","945","1698","0","55.65","31.86"
"10","020","00","001","0167","0000","941","565","376","76","1017","1902","0","53.47","29.71"
"10","020","00","001","0167","0055","494","296","198","48","542","980","0","55.31","30.2"
"10","020","00","001","0167","0056","447","269","178","28","475","922","0","51.52","29.18"
"10","020","00","001","0168","0000","1316","769","547","85","1401","2829","0","49.52","27.18"
"10","020","00","001","0168","0073","679","393","286","59","738","1395","0","52.9","28.17"
"10","020","00","001","0168","0074","637","376","261","26","663","1434","0","46.23","26.22"
"10","020","00","002","0000","0000","60192","35231","24961","4994","65186","120906","147462","53.91","29.14"
"10","020","00","002","0201","0000","390","202","188","57","447","770","0","58.05","26.23"
"10","020","00","002","0201","0152","390","202","188","57","447","770","0","58.05","26.23"
"10","020","00","002","0202","0000","998","571","427","76","1074","2071","0","51.86","27.57"
"10","020","00","002","0202","0157","466","272","194","43","509","997","0","51.05","27.28"
"10","020","00","002","0202","0158","532","299","233","33","565","1074","0","52.61","27.84"
"10","020","00","002","0203","0000","1175","701","474","123","1298","2257","0","57.51","31.06"
"10","020","00","002","0203","0148","584","348","236","89","673","1146","0","58.73","30.37"
"10","020","00","002","0203","0149","591","353","238","34","625","1111","0","56.26","31.77"
"10","020","00","002","0205","0000","846","469","377","105","951","1970","0","48.27","23.81"
"10","020","00","002","0205","0153","477","265","212","19","496","1135","0","43.7","23.35"
"10","020","00","002","0205","0154","369","204","165","86","455","835","0","54.49","24.43"
"10","020","00","002","0209","0000","2034","1206","828","120","2154","4311","0","49.97","27.97"
"10","020","00","002","0209","0159","610","355","255","31","641","1460","0","43.9","24.32"
"10","020","00","002","0209","0160","650","420","230","36","686","1352","0","50.74","31.07"
"10","020","00","002","0209","0161","774","431","343","53","827","1499","0","55.17","28.75"
"10","020","00","002","0210","0000","2081","1248","833","293","2374","4132","0","57.45","30.2"
"10","020","00","002","0210","0168","729","437","292","127","856","1467","0","58.35","29.79"
"10","020","00","002","0210","0169","669","386","283","76","745","1431","0","52.06","26.97"
"10","020","00","002","0210","0170","683","425","258","90","773","1234","0","62.64","34.44"
"10","020","00","002","0211","0000","1510","880","630","83","1593","3214","0","49.56","27.38"
"10","020","00","002","0211","0165","768","448","320","36","804","1674","0","48.03","26.76"
"10","020","00","002","0211","0166","742","432","310","47","789","1540","0","51.23","28.05"
"10","020","00","002","0212","0000","1444","849","595","118","1562","2868","0","54.46","29.6"
"10","020","00","002","0212","0175","815","438","377","90","905","1546","0","58.54","28.33"
"10","020","00","002","0212","0176","629","411","218","28","657","1322","0","49.7","31.09"
"10","020","00","002","0213","0000","853","536","317","96","949","1549","0","61.27","34.6"
"10","020","00","002","0213","0177","853","536","317","96","949","1549","0","61.27","34.6"
"10","020","00","002","0214","0000","525","315","210","28","553","1155","0","47.88","27.27"
"10","020","00","002","0214","0174","525","315","210","28","553","1155","0","47.88","27.27"
"10","020","00","002","0215","0000","1117","652","465","93","1210","2120","0","57.08","30.75"
"10","020","00","002","0215","0093","579","324","255","63","642","1053","0","60.97","30.77"
"10","020","00","002","0215","0094","538","328","210","30","568","1067","0","53.23","30.74"
"10","020","00","002","0216","0000","1966","1197","769","156","2122","4105","0","51.69","29.16"
"10","020","00","002","0216","0097","544","332","212","47","591","1196","0","49.41","27.76"
"10","020","00","002","0216","0098","618","352","266","37","655","1280","0","51.17","27.5"
"10","020","00","002","0216","0099","804","513","291","72","876","1629","0","53.78","31.49"
"10","020","00","002","0217","0000","1586","953","633","140","1726","3195","0","54.02","29.83"
"10","020","00","002","0217","0110","687","412","275","64","751","1396","0","53.8","29.51"
"10","020","00","002","0217","0111","899","541","358","76","975","1799","0","54.2","30.07"
"10","020","00","002","0218","0000","1591","943","648","99","1690","3440","0","49.13","27.41"
"10","020","00","002","0218","0095","680","411","269","40","720","1575","0","45.71","26.1"
"10","020","00","002","0218","0096","911","532","379","59","970","1865","0","52.01","28.53"
"10","020","00","002","0219","0000","1860","1071","789","114","1974","3351","0","58.91","31.96"
"10","020","00","002","0219","0105","572","350","222","36","608","1000","0","60.8","35.0"
"10","020","00","002","0219","0106","601","342","259","30","631","1095","0","57.63","31.23"
"10","020","00","002","0219","0107","687","379","308","48","735","1256","0","58.52","30.18"
"10","020","00","002","0220","0000","1025","586","439","77","1102","1827","0","60.32","32.07"
"10","020","00","002","0220","0108","505","295","210","55","560","962","0","58.21","30.67"
"10","020","00","002","0220","0109","520","291","229","22","542","865","0","62.66","33.64"
"10","020","00","002","0221","0000","3093","1858","1235","163","3256","6594","0","49.38","28.18"
"10","020","00","002","0221","0112","693","417","276","37","730","1505","0","48.5","27.71"
"10","020","00","002","0221","0113","824","497","327","67","891","1698","0","52.47","29.27"
"10","020","00","002","0221","0114","923","560","363","39","962","1854","0","51.89","30.2"
"10","020","00","002","0221","0115","653","384","269","20","673","1537","0","43.79","24.98"
"10","020","00","002","0222","0000","995","538","457","94","1089","2024","0","53.8","26.58"
"10","020","00","002","0222","0103","436","227","209","89","525","841","0","62.43","26.99"
"10","020","00","002","0222","0104","559","311","248","5","564","1183","0","47.68","26.29"
"10","020","00","002","0231","0000","983","570","413","82","1065","1994","0","53.41","28.59"
"10","020","00","002","0231","0082","442","257","185","20","462","885","0","52.2","29.04"
"10","020","00","002","0231","0083","541","313","228","62","603","1109","0","54.37","28.22"
"10","020","00","002","0245","0000","885","537","348","66","951","1625","0","58.52","33.05"
"10","020","00","002","0245","0140","430","245","185","43","473","756","0","62.57","32.41"
"10","020","00","002","0245","0141","455","292","163","23","478","869","0","55.01","33.6"
"10","020","00","002","0246","0000","868","483","385","68","936","1904","0","49.16","25.37"
"10","020","00","002","0246","0138","324","177","147","29","353","736","0","47.96","24.05"
"10","020","00","002","0246","0139","544","306","238","39","583","1168","0","49.91","26.2"
"10","020","00","002","0247","0000","2948","1740","1208","270","3218","5706","0","56.4","30.49"
"10","020","00","002","0247","0134","788","488","300","85","873","1548","0","56.4","31.52"
"10","020","00","002","0247","0135","655","367","288","37","692","1295","0","53.44","28.34"
"10","020","00","002","0247","0136","719","429","290","82","801","1318","0","60.77","32.55"
"10","020","00","002","0247","0137","786","456","330","66","852","1545","0","55.15","29.51"
"10","020","00","002","0248","0000","2837","1716","1121","184","3021","5397","0","55.98","31.8"
"10","020","00","002","0248","0130","717","451","266","38","755","1185","0","63.71","38.06"
"10","020","00","002","0248","0131","722","407","315","53","775","1278","0","60.64","31.85"
"10","020","00","002","0248","0132","590","370","220","30","620","1394","0","44.48","26.54"
"10","020","00","002","0248","0133","808","488","320","63","871","1540","0","56.56","31.69"
"10","020","00","002","0249","0000","2196","1291","905","220","2416","4343","0","55.63","29.73"
"10","020","00","002","0249","0120","673","399","274","67","740","1362","0","54.33","29.3"
"10","020","00","002","0249","0121","686","392","294","44","730","1279","0","57.08","30.65"
"10","020","00","002","0249","0122","837","500","337","109","946","1702","0","55.58","29.38"
"10","020","00","002","0250","0000","1978","1138","840","226","2204","3715","0","59.33","30.63"
"10","020","00","002","0250","0117","513","307","206","83","596","944","0","63.14","32.52"
"10","020","00","002","0250","0118","846","472","374","85","931","1627","0","57.22","29.01"
"10","020","00","002","0250","0119","619","359","260","58","677","1144","0","59.18","31.38"
"10","020","00","002","0251","0000","936","557","379","117","1053","1811","0","58.14","30.76"
"10","020","00","002","0251","0142","524","303","221","56","580","983","0","59.0","30.82"
"10","020","00","002","0251","0143","412","254","158","61","473","828","0","57.13","30.68"
"10","020","00","002","0252","0000","923","590","333","56","979","1775","0","55.15","33.24"
"10","020","00","002","0252","0144","923","590","333","56","979","1775","0","55.15","33.24"
"10","020","00","002","0253","0000","2576","1507","1069","179","2755","4992","0","55.19","30.19"
"10","020","00","002","0253","0126","711","408","303","50","761","1280","0","59.45","31.88"
"10","020","00","002","0253","0127","559","316","243","32","591","1220","0","48.44","25.9"
"10","020","00","002","0253","0128","640","385","255","31","671","1172","0","57.25","32.85"
"10","020","00","002","0253","0129","666","398","268","66","732","1320","0","55.45","30.15"
"10","020","00","002","0254","0000","717","448","269","48","765","1419","0","53.91","31.57"
"10","020","00","002","0254","0145","717","448","269","48","765","1419","0","53.91","31.57"
"10","020","00","002","0255","0000","736","419","317","93","829","1604","0","51.68","26.12"
"10","020","00","002","0255","0116","736","419","317","93","829","1604","0","51.68","26.12"
"10","020","00","002","0256","0000","959","517","442","122","1081","1945","0","55.58","26.58"
"10","020","00","002","0256","0084","437","217","220","64","501","1020","0","49.12","21.27"
"10","020","00","002","0256","0085","522","300","222","58","580","925","0","62.7","32.43"
"10","020","00","002","0257","0000","678","353","325","52","730","1671","0","43.69","21.13"
"10","020","00","002","0257","0086","678","353","325","52","730","1671","0","43.69","21.13"
"10","020","00","002","0258","0000","1121","644","477","63","1184","2251","0","52.6","28.61"
"10","020","00","002","0258","0087","613","362","251","35","648","1215","0","53.33","29.79"
"10","020","00","002","0258","0088","508","282","226","28","536","1036","0","51.74","27.22"
"10","020","00","002","0259","0000","1084","609","475","62","1146","2256","0","50.8","26.99"
"10","020","00","002","0259","0089","533","300","233","28","561","1129","0","49.69","26.57"
"10","020","00","002","0259","0090","551","309","242","34","585","1127","0","51.91","27.42"
"10","020","00","002","0260","0000","654","406","248","29","683","1366","0","50.0","29.72"
"10","020","00","002","0260","0092","654","406","248","29","683","1366","0","50.0","29.72"
"10","020","00","002","0261","0000","687","390","297","59","746","1415","0","52.72","27.56"
"10","020","00","002","0261","0091","687","390","297","59","746","1415","0","52.72","27.56"
"10","020","00","002","0262","0000","771","410","361","37","808","1634","0","49.45","25.09"
"10","020","00","002","0262","0146","370","199","171","20","390","779","0","50.06","25.55"
"10","020","00","002","0262","0147","401","211","190","17","418","855","0","48.89","24.68"
"10","020","00","002","0263","0000","790","455","335","90","880","1584","0","55.56","28.72"
"10","020","00","002","0263","0150","436","235","201","57","493","767","0","64.28","30.64"
"10","020","00","002","0263","0151","354","220","134","33","387","817","0","47.37","26.93"
"10","020","00","002","0264","0000","906","502","404","97","1003","2126","0","47.18","23.61"
"10","020","00","002","0264","0155","513","292","221","50","563","1182","0","47.63","24.7"
"10","020","00","002","0264","0156","393","210","183","47","440","944","0","46.61","22.25"
"10","020","00","002","0265","0000","2063","1240","823","184","2247","4164","0","53.96","29.78"
"10","020","00","002","0265","0100","716","438","278","93","809","1393","0","58.08","31.44"
"10","020","00","002","0265","0101","584","328","256","53","637","1077","0","59.15","30.45"
"10","020","00","002","0265","0102","763","474","289","38","801","1694","0","47.28","27.98"
"10","020","00","002","0266","0000","1450","803","647","181","1631","2718","0","60.01","29.54"
"10","020","00","002","0266","0123","739","403","336","62","801","1358","0","58.98","29.68"
"10","020","00","002","0266","0124","711","400","311","119","830","1360","0","61.03","29.41"
"10","020","00","002","0267","0000","849","536","313","61","910","1589","0","57.27","33.73"
"10","020","00","002","0267","0125","849","536","313","61","910","1589","0","57.27","33.73"
"10","020","00","002","0268","0000","1859","1052","807","94","1953","3598","0","54.28","29.24"
"10","020","00","002","0268","0171","627","361","266","27","654","1266","0","51.66","28.52"
"10","020","00","002","0268","0172","626","332","294","38","664","1211","0","54.83","27.42"
"10","020","00","002","0268","0173","606","359","247","29","635","1121","0","56.65","32.02"
"10","020","00","002","0269","0000","2066","1223","843","179","2245","4295","0","52.27","28.47"
"10","020","00","002","0269","0162","634","393","241","68","702","1262","0","55.63","31.14"
"10","020","00","002","0269","0163","636","364","272","40","676","1299","0","52.04","28.02"
"10","020","00","002","0269","0164","796","466","330","71","867","1734","0","50.0","26.87"
"10","020","00","002","0270","0000","583","320","263","40","623","1056","0","59.0","30.3"
"10","020","00","002","0270","0167","583","320","263","40","623","1056","0","59.0","30.3"
"09","020","00","000","0000","0000","40125","26851","13274","3668","43793","122695","138845","35.69","21.88"
"09","020","00","001","0000","0000","12031","8057","3974","1131","13162","37815","43315","34.81","21.31"
"09","020","00","001","0101","0000","1684","1092","592","143","1827","4977","0","36.71","21.94"
"09","020","00","001","0101","0001","451","310","141","41","492","1396","0","35.24","22.21"
"09","020","00","001","0101","0002","657","409","248","35","692","1831","0","37.79","22.34"
"09","020","00","001","0101","0003","576","373","203","67","643","1750","0","36.74","21.31"
"09","020","00","001","0102","0000","3344","2159","1185","249","3593","9882","0","36.36","21.85"
"09","020","00","001","0102","0007","474","303","171","82","556","1610","0","34.53","18.82"
"09","020","00","001","0102","0008","560","364","196","41","601","1687","0","35.63","21.58"
"09","020","00","001","0102","0009","557","364","193","23","580","1594","0","36.39","22.84"
"09","020","00","001","0102","0010","580","361","219","23","603","1726","0","34.94","20.92"
"09","020","00","001","0102","0011","590","406","184","39","629","1733","0","36.3","23.43"
"09","020","00","001","0102","0012","583","361","222","41","624","1532","0","40.73","23.56"
"09","020","00","001","0103","0000","1832","1190","642","202","2034","5465","0","37.22","21.77"
"09","020","00","001","0103","0004","625","381","244","93","718","1889","0","38.01","20.17"
"09","020","00","001","0103","0005","493","336","157","43","536","1675","0","32.0","20.06"
"09","020","00","001","0103","0006","714","473","241","66","780","1901","0","41.03","24.88"
"09","020","00","001","0104","0000","1253","918","335","118","1371","4112","0","33.34","22.32"
"09","020","00","001","0104","0013","650","403","247","69","719","2079","0","34.58","19.38"
"09","020","00","001","0104","0014","603","515","88","49","652","2033","0","32.07","25.33"
"09","020","00","001","0105","0000","911","590","321","140","1051","3788","0","27.75","15.58"
"09","020","00","001","0105","0018","611","391","220","94","705","2435","0","28.95","16.06"
"09","020","00","001","0105","0019","300","199","101","46","346","1353","0","25.57","14.71"
"09","020","00","001","0106","0000","648","474","174","55","703","2140","0","32.85","22.15"
"09","020","00","001","0106","0017","648","474","174","55","703","2140","0","32.85","22.15"
"09","020","00","001","0107","0000","865","607","258","107","972","2851","0","34.09","21.29"
"09","020","00","001","0107","0020","466","343","123","28","494","1574","0","31.39","21.79"
"09","020","00","001","0107","0021","399","264","135","79","478","1277","0","37.43","20.67"
"09","020","00","001","0108","0000","1494","1027","467","117","1611","4600","0","35.02","22.33"
"09","020","00","001","0108","0015","820","563","257","63","883","2517","0","35.08","22.37"
"09","020","00","001","0108","0016","674","464","210","54","728","2083","0","34.95","22.28"
"09","020","00","002","0000","0000","5971","3999","1972","591","6562","18560","20751","35.36","21.55"
"09","020","00","002","0201","0000","1639","1113","526","186","1825","5106","0","35.74","21.8"
"09","020","00","002","0201","0066","602","390","212","55","657","1909","0","34.42","20.43"
"09","020","00","002","0201","0067","561","395","166","64","625","1524","0","41.01","25.92"
"09","020","00","002","0201","0068","476","328","148","67","543","1673","0","32.46","19.61"
"09","020","00","002","0202","0000","649","453","196","52","701","1895","0","36.99","23.91"
"09","020","00","002","0202","0075","649","453","196","52","701","1895","0","36.99","23.91"
"09","020","00","002","0203","0000","423","278","145","40","463","1135","0","40.79","24.49"
"09","020","00","002","0203","0076","423","278","145","40","463","1135","0","40.79","24.49"
"09","020","00","002","0204","0000","815","557","258","84","899","2377","0","37.82","23.43"
"09","020","00","002","0204","0077","383","264","119","52","435","1252","0","34.74","21.09"
"09","020","00","002","0204","0078","432","293","139","32","464","1125","0","41.24","26.04"
"09","020","00","002","0205","0000","609","402","207","49","658","2003","0","32.85","20.07"
"09","020","00","002","0205","0069","609","402","207","49","658","2003","0","32.85","20.07"
"09","020","00","002","0206","0000","435","300","135","44","479","1540","0","31.1","19.48"
"09","020","00","002","0206","0072","435","300","135","44","479","1540","0","31.1","19.48"
"09","020","00","002","0207","0000","572","366","206","62","634","2166","0","29.27","16.9"
"09","020","00","002","0207","0073","336","210","126","40","376","1216","0","30.92","17.27"
"09","020","00","002","0207","0074","236","156","80","22","258","950","0","27.16","16.42"
"09","020","00","002","0208","0000","829","530","299","74","903","2338","0","38.62","22.67"
"09","020","00","002","0208","0070","450","282","168","43","493","1212","0","40.68","23.27"
"09","020","00","002","0208","0071","379","248","131","31","410","1126","0","36.41","22.02"
"09","020","00","003","0000","0000","8581","5762","2819","902","9483","25915","29658","36.59","22.23"
"09","020","00","003","0301","0000","1496","972","524","134","1630","4137","0","39.4","23.5"
"09","020","00","003","0301","0049","493","320","173","47","540","1348","0","40.06","23.74"
"09","020","00","003","0301","0050","457","284","173","28","485","1386","0","34.99","20.49"
"09","020","00","003","0301","0051","546","368","178","59","605","1403","0","43.12","26.23"
"09","020","00","003","0302","0000","1112","772","340","115","1227","3264","0","37.59","23.65"
"09","020","00","003","0302","0052","621","445","176","51","672","1771","0","37.94","25.13"
"09","020","00","003","0302","0053","491","327","164","64","555","1493","0","37.17","21.9"
"09","020","00","003","0303","0000","788","521","267","99","887","2618","0","33.88","19.9"
"09","020","00","003","0303","0062","368","259","109","45","413","1236","0","33.41","20.95"
"09","020","00","003","0303","0063","420","262","158","54","474","1382","0","34.3","18.96"
"09","020","00","003","0304","0000","577","407","170","90","667","2006","0","33.25","20.29"
"09","020","00","003","0304","0056","577","407","170","90","667","2006","0","33.25","20.29"
"09","020","00","003","0305","0000","953","642","311","101","1054","3145","0","33.51","20.41"
"09","020","00","003","0305","0064","518","348","170","42","560","1631","0","34.33","21.34"
"09","020","00","003","0305","0065","435","294","141","59","494","1514","0","32.63","19.42"
"09","020","00","003","0306","0000","2653","1766","887","216","2869","7628","0","37.61","23.15"
"09","020","00","003","0306","0057","592","388","204","49","641","1780","0","36.01","21.8"
"09","020","00","003","0306","0058","604","412","192","31","635","1739","0","36.52","23.69"
"09","020","00","003","0306","0059","435","291","144","43","478","1384","0","34.54","21.03"
"09","020","00","003","0306","0060","466","308","158","62","528","1400","0","37.71","22.0"
"09","020","00","003","0306","0061","556","367","189","31","587","1325","0","44.3","27.7"
"09","020","00","003","0307","0000","448","293","155","88","536","1510","0","35.5","19.4"
"09","020","00","003","0307","0054","448","293","155","88","536","1510","0","35.5","19.4"
"09","020","00","003","0308","0000","554","389","165","59","613","1607","0","38.15","24.21"
"09","020","00","003","0308","0055","554","389","165","59","613","1607","0","38.15","24.21"
"09","020","00","004","0000","0000","9408","6132","3276","760","10168","28162","31588","36.11","21.77"
"09","020","00","004","0401","0000","906","602","304","120","1026","3272","0","31.36","18.4"
"09","020","00","004","0401","0022","466","314","152","75","541","1735","0","31.18","18.1"
"09","020","00","004","0401","0023","440","288","152","45","485","1537","0","31.55","18.74"
"09","020","00","004","0402","0000","1424","917","507","155","1579","4507","0","35.03","20.35"
"09","020","00","004","0402","0024","522","316","206","70","592","1766","0","33.52","17.89"
"09","020","00","004","0402","0025","351","232","119","24","375","1015","0","36.95","22.86"
"09","020","00","004","0402","0026","551","369","182","61","612","1726","0","35.46","21.38"
"09","020","00","004","0403","0000","460","316","144","45","505","1537","0","32.86","20.56"
"09","020","00","004","0403","0038","460","316","144","45","505","1537","0","32.86","20.56"
"09","020","00","004","0404","0000","2632","1646","986","136","2768","7318","0","37.82","22.49"
"09","020","00","004","0404","0027","514","334","180","21","535","1691","0","31.64","19.75"
"09","020","00","004","0404","0028","821","414","407","44","865","2044","0","42.32","20.25"
"09","020","00","004","0404","0029","720","505","215","44","764","1848","0","41.34","27.33"
"09","020","00","004","0404","0030","577","393","184","27","604","1735","0","34.81","22.65"
"09","020","00","004","0405","0000","1556","1028","528","167","1723","5157","0","33.41","19.93"
"09","020","00","004","0405","0031","561","371","190","66","627","1795","0","34.93","20.67"
"09","020","00","004","0405","0032","515","347","168","66","581","1834","0","31.68","18.92"
"09","020","00","004","0405","0033","480","310","170","35","515","1528","0","33.7","20.29"
"09","020","00","004","0406","0000","2430","1623","807","137","2567","6371","0","40.29","25.47"
"09","020","00","004","0406","0034","539","366","173","29","568","1473","0","38.56","24.85"
"09","020","00","004","0406","0035","559","379","180","42","601","1679","0","35.8","22.57"
"09","020","00","004","0406","0036","892","577","315","39","931","1921","0","48.46","30.04"
"09","020","00","004","0406","0037","440","301","139","27","467","1298","0","35.98","23.19"
"09","020","00","005","0000","0000","3977","2806","1171","276","4253","11676","12847","36.43","24.03"
"09","020","00","005","0501","0000","969","693","276","61","1030","2841","0","36.25","24.39"
"09","020","00","005","0501","0045","501","332","169","24","525","1412","0","37.18","23.51"
"09","020","00","005","0501","0046","468","361","107","37","505","1429","0","35.34","25.26"
"09","020","00","005","0502","0000","452","299","153","31","483","1425","0","33.89","20.98"
"09","020","00","005","0502","0044","452","299","153","31","483","1425","0","33.89","20.98"
"09","020","00","005","0503","0000","742","507","235","54","796","2395","0","33.24","21.17"
"09","020","00","005","0503","0042","412","278","134","29","441","1296","0","34.03","21.45"
"09","020","00","005","0503","0043","330","229","101","25","355","1099","0","32.3","20.84"
"09","020","00","005","0504","0000","1253","909","344","86","1339","3380","0","39.62","26.89"
"09","020","00","005","0504","0039","682","513","169","40","722","1647","0","43.84","31.15"
"09","020","00","005","0504","0040","571","396","175","46","617","1733","0","35.6","22.85"
"09","020","00","005","0505","0000","561","398","163","44","605","1635","0","37.0","24.34"
"09","020","00","005","0505","0041","561","398","163","44","605","1635","0","37.0","24.34"
"09","020","00","006","0000","0000","157","95","62","8","165","567","686","29.1","16.75"
"09","020","00","006","0601","0000","74","47","27","4","78","275","0","28.36","17.09"
"09","020","00","006","0601","0047","74","47","27","4","78","275","0","28.36","17.09"
"09","020","00","006","0602","0000","83","48","35","4","87","292","0","29.79","16.44"
"09","020","00","006","0602","0048","83","48","35","4","87","292","0","29.79","16.44"
"09","007","00","000","0000","0000","5427","3764","1663","323","5750","11205","13062","51.32","33.59"
"09","007","00","001","0000","0000","3104","2201","903","173","3277","6461","7657","50.72","34.07"
"09","007","00","001","0101","0000","968","658","310","46","1014","1967","0","51.55","33.45"
"09","007","00","001","0101","0001","968","658","310","46","1014","1967","0","51.55","33.45"
"09","007","00","001","01x2","0000","830","580","250","50","880","1837","0","47.9","31.57"
"09","007","00","001","01x2","0002","830","580","250","50","880","1837","0","47.9","31.57"
"09","007","00","001","01x4","0000","554","375","179","34","588","1114","0","52.78","33.66"
"09","007","00","001","01x4","0003","554","375","179","34","588","1114","0","52.78","33.66"
"09","007","00","001","01x5","0000","752","588","164","43","795","1543","0","51.52","38.11"
"09","007","00","001","01x5","0004","752","588","164","43","795","1543","0","51.52","38.11"
"09","007","00","002","0000","0000","1043","707","336","67","1110","2125","2430","52.24","33.27"
"09","007","00","002","02x1","0000","762","522","240","55","817","1515","0","53.93","34.46"
"09","007","00","002","02x1","0005","762","522","240","55","817","1515","0","53.93","34.46"
"09","007","00","002","02x4","0000","281","185","96","12","293","610","0","48.03","30.33"
"09","007","00","002","02x4","0006","281","185","96","12","293","610","0","48.03","30.33"
"09","007","00","003","0000","0000","726","502","224","57","783","1481","1627","52.87","33.9"
"09","007","00","003","03x1","0000","318","224","94","20","338","698","0","48.42","32.09"
"09","007","00","003","03x1","0007","318","224","94","20","338","698","0","48.42","32.09"
"09","007","00","003","03x4","0000","408","278","130","37","445","783","0","56.83","35.5"
"09","007","00","003","03x4","0008","408","278","130","37","445","783","0","56.83","35.5"
"09","007","00","004","0000","0000","554","354","200","26","580","1138","1348","50.97","31.11"
"09","007","00","004","04x1","0000","554","354","200","26","580","1138","0","50.97","31.11"
"09","007","00","004","04x1","0009","554","354","200","26","580","1138","0","50.97","31.11"
