行政區別,村里別,投開票所別,號次1,號次2,號次3,號次4,號次5,有效票數A（A＝1＋2＋…＋N）,無效票數B,投票數C（C＝A＋B）,已領未投票數D（D＝E－C）,發出票數E（E＝C＋D）,用餘票數F,選舉人數(原領票數)G（G＝E＋F）,投票率H（H＝C÷G）
大同區,玉泉里,001,0,146,10,147,32,335,1,336,0,336,869,"1,205",27.88%
大同區,玉泉里,002,1,172,6,195,50,424,0,424,0,424,886,"1,310",32.37%
大同區,建明里,003,1,150,3,158,33,345,1,346,0,346,"1,086","1,432",24.16%
大同區,建明里,004,2,174,1,178,75,430,4,434,0,434,"1,029","1,463",29.67%
大同區,建功里,005,1,220,2,139,51,413,4,417,0,417,911,"1,328",31.40%
大同區,建功里,006,0,163,3,161,41,368,0,368,0,368,"1,009","1,377",26.72%
大同區,建功里,007,1,144,2,152,37,336,0,336,0,336,963,"1,299",25.87%
大同區,建泰里,008,0,124,3,99,26,252,2,254,0,254,786,"1,040",24.42%
大同區,建泰里,009,0,137,1,127,30,295,4,299,0,299,748,"1,047",28.56%
大同區,建泰里,010,0,159,3,91,31,284,1,285,0,285,718,"1,003",28.41%
大同區,永樂里,011,0,110,3,165,41,319,2,321,0,321,892,"1,213",26.46%
大同區,永樂里,012,0,147,4,119,45,315,3,318,0,318,824,"1,142",27.85%
大同區,永樂里,013,1,121,2,119,44,287,0,287,0,287,762,"1,049",27.36%
大同區,永樂里,014,0,148,4,153,32,337,1,338,0,338,811,"1,149",29.42%
大同區,朝陽里,015,0,159,1,146,63,369,2,371,0,371,945,"1,316",28.19%
大同區,朝陽里,016,1,116,2,193,48,360,3,363,1,364,867,"1,231",29.49%
大同區,朝陽里,017,1,210,2,157,50,420,2,422,0,422,826,"1,248",33.81%
大同區,星明里,018,0,118,8,167,32,325,1,326,0,326,914,"1,240",26.29%
大同區,星明里,019,0,132,4,125,36,297,0,297,0,297,887,"1,184",25.08%
大同區,星明里,020,1,127,8,171,39,346,2,348,1,349,878,"1,227",28.36%
大同區,星明里,021,0,139,4,182,39,364,1,365,0,365,924,"1,289",28.32%
大同區,光能里,022,0,235,7,167,63,472,1,473,0,473,"1,005","1,478",32.00%
大同區,光能里,023,0,200,3,203,39,445,1,446,0,446,972,"1,418",31.45%
大同區,光能里,024,1,172,3,176,37,389,0,389,0,389,851,"1,240",31.37%
大同區,大有里,025,0,195,1,199,43,438,2,440,0,440,914,"1,354",32.50%
大同區,大有里,026,0,185,5,179,69,438,1,439,0,439,939,"1,378",31.86%
大同區,大有里,027,0,190,1,187,37,415,1,416,0,416,925,"1,341",31.02%
大同區,延平里,028,0,176,4,165,39,384,4,388,0,388,850,"1,238",31.34%
大同區,延平里,029,0,118,4,166,41,329,1,330,0,330,748,"1,078",30.61%
大同區,延平里,030,1,149,2,177,43,372,2,374,0,374,897,"1,271",29.43%
大同區,雙連里,031,1,149,2,109,19,280,3,283,0,283,707,990,28.59%
大同區,雙連里,032,0,120,0,127,38,285,0,285,0,285,709,994,28.67%
大同區,雙連里,033,0,135,1,149,27,312,4,316,0,316,799,"1,115",28.34%
大同區,雙連里,034,1,145,3,103,21,273,1,274,0,274,800,"1,074",25.51%
大同區,雙連里,035,0,146,1,158,36,341,1,342,0,342,831,"1,173",29.16%
大同區,雙連里,036,0,120,3,110,27,260,1,261,0,261,793,"1,054",24.76%
大同區,雙連里,037,0,228,4,176,50,458,4,462,0,462,798,"1,260",36.67%
大同區,南芳里,038,3,135,3,184,29,354,0,354,0,354,781,"1,135",31.19%
大同區,南芳里,039,0,121,5,162,45,333,0,333,0,333,763,"1,096",30.38%
大同區,南芳里,040,0,187,3,153,46,389,5,394,0,394,764,"1,158",34.02%
大同區,民權里,041,0,170,4,159,36,369,3,372,0,372,996,"1,368",27.19%
大同區,民權里,042,2,169,5,207,35,418,2,420,0,420,833,"1,253",33.52%
大同區,民權里,043,0,165,4,231,54,454,2,456,0,456,891,"1,347",33.85%
大同區,民權里,044,0,116,1,163,30,310,1,311,0,311,895,"1,206",25.79%
大同區,景星里,045,0,191,2,158,26,377,4,381,0,381,815,"1,196",31.86%
大同區,景星里,046,0,154,1,136,24,315,1,316,0,316,808,"1,124",28.11%
大同區,隆和里,047,0,220,8,159,44,431,3,434,0,434,884,"1,318",32.93%
大同區,隆和里,048,1,228,3,165,43,440,1,441,0,441,862,"1,303",33.84%
大同區,蓬萊里,049,1,186,1,187,59,434,2,436,0,436,"1,018","1,454",29.99%
大同區,蓬萊里,050,0,165,1,151,39,356,0,356,0,356,993,"1,349",26.39%
大同區,蓬萊里,051,1,197,1,168,74,441,0,441,0,441,972,"1,413",31.21%
大同區,國順里,052,0,192,2,143,53,390,2,392,0,392,779,"1,171",33.48%
大同區,國順里,053,0,203,2,149,42,396,1,397,0,397,816,"1,213",32.73%
大同區,國慶里,054,0,185,3,158,45,391,4,395,0,395,813,"1,208",32.70%
大同區,國慶里,055,0,149,5,166,36,356,1,357,0,357,884,"1,241",28.77%
大同區,國慶里,056,0,153,1,179,36,369,1,370,0,370,944,"1,314",28.16%
大同區,揚雅里,057,0,237,5,219,97,558,3,561,0,561,906,"1,467",38.24%
大同區,揚雅里,058,1,217,2,245,56,521,2,523,0,523,"1,900","2,423",21.58%
大同區,斯文里,059,0,122,0,101,24,247,1,248,0,248,793,"1,041",23.82%
大同區,斯文里,060,0,134,4,110,29,277,1,278,0,278,795,"1,073",25.91%
大同區,斯文里,061,1,221,5,224,56,507,1,508,0,508,782,"1,290",39.38%
大同區,斯文里,062,0,121,2,86,19,228,0,228,0,228,598,826,27.60%
大同區,鄰江里,063,0,245,3,166,44,458,4,462,0,462,912,"1,374",33.62%
大同區,鄰江里,064,0,214,4,191,49,458,3,461,0,461,858,"1,319",34.95%
大同區,鄰江里,065,1,234,3,195,56,489,1,490,0,490,"1,006","1,496",32.75%
大同區,鄰江里,066,1,228,4,224,77,534,6,540,0,540,915,"1,455",37.11%
大同區,至聖里,067,2,174,6,154,59,395,0,395,0,395,"1,049","1,444",27.35%
大同區,至聖里,068,0,182,6,183,45,416,1,417,0,417,935,"1,352",30.84%
大同區,至聖里,069,0,197,0,200,52,449,1,450,0,450,966,"1,416",31.78%
大同區,至聖里,070,0,156,2,195,52,405,2,407,0,407,848,"1,255",32.43%
大同區,至聖里,071,1,194,1,174,40,410,2,412,0,412,987,"1,399",29.45%
大同區,老師里,072,1,190,3,144,41,379,1,380,0,380,958,"1,338",28.40%
大同區,老師里,073,0,193,4,117,45,359,1,360,0,360,980,"1,340",26.87%
大同區,老師里,074,0,193,1,145,50,389,2,391,0,391,796,"1,187",32.94%
大同區,老師里,075,1,178,3,157,60,399,1,400,0,400,774,"1,174",34.07%
大同區,重慶里,076,0,187,1,161,28,377,2,379,0,379,933,"1,312",28.89%
大同區,重慶里,077,0,160,7,205,46,418,0,418,0,418,953,"1,371",30.49%
大同區,重慶里,078,0,161,1,218,66,446,0,446,0,446,946,"1,392",32.04%
大同區,重慶里,079,1,157,6,219,68,451,2,453,0,453,915,"1,368",33.11%
大同區,保安里,080,1,185,4,138,34,362,0,362,0,362,762,"1,124",32.21%
大同區,保安里,081,0,201,2,176,42,421,1,422,0,422,785,"1,207",34.96%
大同區,保安里,082,1,219,2,135,57,414,1,415,0,415,773,"1,188",34.93%
士林區,仁勇里,083,2,221,11,156,81,471,2,473,0,473,"1,173","1,646",28.74%
士林區,仁勇里,084,0,236,8,189,88,521,1,522,0,522,"1,132","1,654",31.56%
士林區,義信里,085,0,131,5,158,36,330,1,331,0,331,892,"1,223",27.06%
士林區,義信里,086,0,138,6,193,51,388,0,388,0,388,"1,117","1,505",25.78%
士林區,福林里,087,0,51,5,113,31,200,2,202,0,202,415,617,32.74%
士林區,福林里,088,0,82,1,102,31,216,0,216,0,216,636,852,25.35%
士林區,福林里,089,1,168,5,161,50,385,1,386,0,386,724,"1,110",34.77%
士林區,福德里,090,0,121,2,133,47,303,0,303,0,303,714,"1,017",29.79%
士林區,福德里,091,1,96,7,145,29,278,1,279,0,279,716,995,28.04%
士林區,福德里,092,0,93,9,164,46,312,2,314,0,314,712,"1,026",30.60%
士林區,福德里,093,0,84,7,83,36,210,1,211,0,211,"1,909","2,120",9.95%
士林區,福志里,094,1,166,1,310,57,535,1,536,0,536,"1,150","1,686",31.79%
士林區,福志里,095,0,129,6,362,50,547,2,549,0,549,"1,059","1,608",34.14%
士林區,福志里,096,0,219,11,209,54,493,1,494,0,494,"1,139","1,633",30.25%
士林區,福志里,097,0,212,14,256,63,545,2,547,0,547,"1,049","1,596",34.27%
士林區,舊佳里,098,0,129,2,194,37,362,0,362,0,362,849,"1,211",29.89%
士林區,舊佳里,099,0,189,7,123,41,360,0,360,0,360,"1,011","1,371",26.26%
士林區,舊佳里,100,0,156,9,136,28,329,2,331,0,331,972,"1,303",25.40%
士林區,舊佳里,101,0,226,7,193,59,485,2,487,0,487,"1,027","1,514",32.17%
士林區,福佳里,102,0,190,4,220,87,501,4,505,0,505,"1,220","1,725",29.28%
士林區,福佳里,103,2,257,11,232,85,587,3,590,0,590,"1,114","1,704",34.62%
士林區,福佳里,104,1,122,8,142,49,322,1,323,0,323,967,"1,290",25.04%
士林區,福佳里,105,0,284,14,277,81,656,1,657,0,657,"1,129","1,786",36.79%
士林區,後港里,106,0,151,5,109,47,312,1,313,0,313,810,"1,123",27.87%
士林區,後港里,107,0,222,5,118,50,395,3,398,0,398,"1,253","1,651",24.11%
士林區,後港里,108,1,194,9,162,51,417,1,418,0,418,"1,137","1,555",26.88%
士林區,後港里,109,0,211,5,126,44,386,1,387,0,387,"1,044","1,431",27.04%
士林區,後港里,110,0,160,5,126,47,338,1,339,0,339,837,"1,176",28.83%
士林區,福中里,111,1,254,3,139,46,443,1,444,0,444,931,"1,375",32.29%
士林區,福中里,112,1,241,7,172,45,466,0,466,0,466,901,"1,367",34.09%
士林區,福中里,113,0,222,11,179,60,472,0,472,0,472,"1,018","1,490",31.68%
士林區,福中里,114,1,254,7,154,71,487,2,489,0,489,988,"1,477",33.11%
士林區,前港里,115,1,181,5,93,22,302,5,307,0,307,850,"1,157",26.53%
士林區,前港里,116,0,223,12,131,55,421,3,424,0,424,"1,006","1,430",29.65%
士林區,前港里,117,0,193,2,128,40,363,0,363,0,363,841,"1,204",30.15%
士林區,百齡里,118,0,254,4,176,45,479,2,481,0,481,"1,006","1,487",32.35%
士林區,百齡里,119,1,266,6,158,58,489,1,490,0,490,"1,015","1,505",32.56%
士林區,百齡里,120,3,241,6,159,45,454,1,455,0,455,983,"1,438",31.64%
士林區,百齡里,121,0,223,7,174,67,471,2,473,0,473,"1,057","1,530",30.92%
士林區,承德里,122,0,166,9,229,43,447,0,447,0,447,"1,152","1,599",27.95%
士林區,承德里,123,2,234,5,202,54,497,1,498,0,498,"1,145","1,643",30.31%
士林區,承德里,124,0,137,3,169,44,353,0,353,0,353,"1,159","1,512",23.35%
士林區,福華里,125,1,181,2,139,60,383,1,384,0,384,894,"1,278",30.05%
士林區,福華里,126,0,162,4,115,30,311,2,313,0,313,966,"1,279",24.47%
士林區,福華里,127,0,216,3,160,41,420,1,421,0,421,"1,066","1,487",28.31%
士林區,福華里,128,1,211,4,170,48,434,0,434,0,434,975,"1,409",30.80%
士林區,明勝里,129,0,137,3,201,42,383,1,384,0,384,"1,016","1,400",27.43%
士林區,明勝里,130,0,215,12,155,51,433,0,433,0,433,"1,020","1,453",29.80%
士林區,明勝里,131,2,237,5,164,76,484,2,486,0,486,944,"1,430",33.99%
士林區,福順里,132,0,397,11,101,70,579,7,586,0,586,902,"1,488",39.38%
士林區,福順里,133,4,314,5,132,86,541,3,544,0,544,990,"1,534",35.46%
士林區,福順里,134,1,351,3,157,86,598,2,600,0,600,964,"1,564",38.36%
士林區,富光里,135,2,285,12,152,85,536,2,538,0,538,"1,065","1,603",33.56%
士林區,富光里,136,2,351,5,146,100,604,3,607,0,607,"1,169","1,776",34.18%
士林區,富光里,137,1,412,5,145,77,640,1,641,0,641,998,"1,639",39.11%
士林區,葫蘆里,138,0,345,8,139,87,579,0,579,0,579,"1,022","1,601",36.16%
士林區,葫蘆里,139,0,225,4,224,58,511,4,515,0,515,"1,047","1,562",32.97%
士林區,葫蘆里,140,0,175,4,251,75,505,3,508,0,508,"1,124","1,632",31.13%
士林區,葫蘆里,141,0,381,2,141,66,590,3,593,0,593,"1,001","1,594",37.20%
士林區,葫東里,142,2,378,11,159,105,655,2,657,0,657,"1,073","1,730",37.98%
士林區,葫東里,143,0,347,7,164,65,583,2,585,0,585,"1,205","1,790",32.68%
士林區,社子里,144,0,220,5,115,55,395,0,395,0,395,869,"1,264",31.25%
士林區,社子里,145,2,206,7,122,56,393,0,393,0,393,"1,012","1,405",27.97%
士林區,社子里,146,1,297,7,122,61,488,4,492,0,492,978,"1,470",33.47%
士林區,社子里,147,0,205,6,123,64,398,2,400,0,400,951,"1,351",29.61%
士林區,社新里,148,0,270,6,153,76,505,2,507,0,507,"1,193","1,700",29.82%
士林區,社新里,149,1,249,3,123,71,447,3,450,0,450,973,"1,423",31.62%
士林區,社新里,150,0,213,3,103,69,388,3,391,0,391,"1,082","1,473",26.54%
士林區,社新里,151,1,251,6,135,93,486,1,487,0,487,"1,242","1,729",28.17%
士林區,社新里,152,0,235,5,104,64,408,1,409,0,409,998,"1,407",29.07%
士林區,社園里,153,0,273,9,131,90,503,0,503,0,503,"1,012","1,515",33.20%
士林區,社園里,154,0,253,2,106,47,408,0,408,0,408,"1,036","1,444",28.25%
士林區,社園里,155,0,285,5,103,46,439,1,440,0,440,"1,050","1,490",29.53%
士林區,社園里,156,2,370,4,154,77,607,0,607,0,607,"1,132","1,739",34.91%
士林區,永倫里,157,0,245,4,113,59,421,3,424,0,424,"1,163","1,587",26.72%
士林區,永倫里,158,0,205,4,101,45,355,1,356,0,356,909,"1,265",28.14%
士林區,永倫里,159,0,308,11,172,63,554,3,557,0,557,"1,150","1,707",32.63%
士林區,永倫里,160,1,287,1,134,57,480,2,482,0,482,"1,137","1,619",29.77%
士林區,福安里,161,1,325,3,49,45,423,1,424,0,424,921,"1,345",31.52%
士林區,福安里,162,0,378,2,56,44,480,1,481,0,481,903,"1,384",34.75%
士林區,福安里,163,0,372,7,45,43,467,1,468,0,468,963,"1,431",32.70%
士林區,富洲里,164,4,411,4,66,54,539,2,541,0,541,"1,018","1,559",34.70%
士林區,富洲里,165,0,410,1,46,52,509,1,510,0,510,"1,039","1,549",32.92%
士林區,富洲里,166,0,520,3,111,70,704,1,705,0,705,"1,215","1,920",36.72%
士林區,岩山里,167,0,115,0,157,35,307,1,308,0,308,906,"1,214",25.37%
士林區,岩山里,168,0,173,9,292,44,518,1,519,0,519,"1,172","1,691",30.69%
士林區,名山里,169,1,196,6,267,53,523,5,528,0,528,"1,057","1,585",33.31%
士林區,名山里,170,2,182,9,236,62,491,2,493,0,493,"1,067","1,560",31.60%
士林區,名山里,171,0,127,6,198,40,371,2,373,0,373,"1,018","1,391",26.82%
士林區,名山里,172,1,194,8,210,59,472,2,474,0,474,"1,091","1,565",30.29%
士林區,聖山里,173,0,207,13,184,50,454,1,455,0,455,"1,055","1,510",30.13%
士林區,聖山里,174,0,170,5,204,56,435,1,436,0,436,911,"1,347",32.37%
士林區,聖山里,175,0,79,4,400,40,523,1,524,0,524,942,"1,466",35.74%
士林區,芝山里,176,1,189,9,212,58,469,1,470,0,470,"1,214","1,684",27.91%
士林區,芝山里,177,0,127,7,205,33,372,2,374,0,374,"1,051","1,425",26.25%
士林區,芝山里,178,0,184,6,249,53,492,0,492,0,492,"1,263","1,755",28.03%
士林區,芝山里,179,0,158,12,211,34,415,5,420,0,420,"1,080","1,500",28.00%
士林區,東山里,180,0,154,3,249,42,448,1,449,0,449,"1,152","1,601",28.04%
士林區,東山里,181,0,129,6,219,35,389,0,389,0,389,"1,034","1,423",27.34%
士林區,東山里,182,0,82,3,326,19,430,2,432,0,432,908,"1,340",32.24%
士林區,永福里,183,0,207,2,94,28,331,1,332,0,332,798,"1,130",29.38%
士林區,公館里,184,0,319,5,74,60,458,5,463,0,463,769,"1,232",37.58%
士林區,新安里,185,0,146,2,86,31,265,0,265,0,265,608,873,30.36%
士林區,新安里,186,1,131,5,86,23,246,1,247,0,247,585,832,29.69%
士林區,陽明里,187,0,186,2,71,32,291,3,294,0,294,612,906,32.45%
士林區,陽明里,188,0,159,1,76,24,260,1,261,0,261,675,936,27.88%
士林區,陽明里,189,0,56,3,112,25,196,1,197,0,197,646,843,23.37%
士林區,菁山里,190,0,93,4,54,25,176,2,178,0,178,359,537,33.15%
士林區,菁山里,191,0,161,5,69,22,257,1,258,0,258,634,892,28.92%
士林區,平等里,192,0,250,2,58,79,389,2,391,0,391,914,"1,305",29.96%
士林區,溪山里,193,1,254,2,81,56,394,2,396,0,396,918,"1,314",30.14%
士林區,翠山里,194,0,62,3,264,32,361,0,361,0,361,862,"1,223",29.52%
士林區,翠山里,195,0,51,4,243,25,323,2,325,0,325,822,"1,147",28.33%
士林區,臨溪里,196,0,137,0,184,31,352,1,353,0,353,"1,057","1,410",25.04%
士林區,臨溪里,197,0,113,1,149,31,294,0,294,0,294,863,"1,157",25.41%
