"prv_code","city_code","area_code","dept_code","li_code","tbox_no","valid_ticket","agree_ticket","disagree_ticket","invalid_ticket","vote_ticket","votable_population","population","vote_to_votable","agree_to_votable"
"00","000","00","000","0000","0000","10503003","7083379","3419624","507101","11010104","19757067","23580833","55.73","35.85"
"63","000","00","000","0000","0000","1242423","779447","462976","50717","1293140","2228430","2669874","58.03","34.98"
"63","000","00","001","0000","0000","96602","60838","35764","3958","100560","169278","205826","59.41","35.94"
"63","000","00","001","0102","0000","2641","1685","956","95","2736","4660","0","58.71","36.16"
"63","000","00","001","0102","0527","934","594","340","27","961","1583","0","60.71","37.52"
"63","000","00","001","0102","0528","942","586","356","40","982","1691","0","58.07","34.65"
"63","000","00","001","0102","0529","765","505","260","28","793","1386","0","57.22","36.44"
"63","000","00","001","0103","0000","3987","2488","1499","182","4169","6767","0","61.61","36.77"
"63","000","00","001","0103","0530","786","494","292","39","825","1362","0","60.57","36.27"
"63","000","00","001","0103","0531","814","522","292","32","846","1399","0","60.47","37.31"
"63","000","00","001","0103","0532","772","466","306","41","813","1324","0","61.4","35.2"
"63","000","00","001","0103","0533","798","492","306","33","831","1296","0","64.12","37.96"
"63","000","00","001","0103","0534","817","514","303","37","854","1386","0","61.62","37.09"
"63","000","00","001","0104","0000","3361","2192","1169","174","3535","5950","0","59.41","36.84"
"63","000","00","001","0104","0535","923","551","372","48","971","1529","0","63.51","36.04"
"63","000","00","001","0104","0536","795","509","286","35","830","1416","0","58.62","35.95"
"63","000","00","001","0104","0537","842","648","194","64","906","1619","0","55.96","40.02"
"63","000","00","001","0104","0538","801","484","317","27","828","1386","0","59.74","34.92"
"63","000","00","001","0105","0000","2458","1499","959","81","2539","4033","0","62.96","37.17"
"63","000","00","001","0105","0539","862","506","356","30","892","1380","0","64.64","36.67"
"63","000","00","001","0105","0540","797","488","309","32","829","1357","0","61.09","35.96"
"63","000","00","001","0105","0541","799","505","294","19","818","1296","0","63.12","38.97"
"63","000","00","001","0106","0000","2583","1614","969","113","2696","4450","0","60.58","36.27"
"63","000","00","001","0106","0542","959","595","364","51","1010","1632","0","61.89","36.46"
"63","000","00","001","0106","0543","794","486","308","37","831","1414","0","58.77","34.37"
"63","000","00","001","0106","0544","830","533","297","25","855","1404","0","60.9","37.96"
"63","000","00","001","0107","0000","2506","1595","911","128","2634","4279","0","61.56","37.28"
"63","000","00","001","0107","0545","818","548","270","38","856","1365","0","62.71","40.15"
"63","000","00","001","0107","0546","820","517","303","46","866","1431","0","60.52","36.13"
"63","000","00","001","0107","0547","868","530","338","44","912","1483","0","61.5","35.74"
"63","000","00","001","0108","0000","2319","1474","845","100","2419","4010","0","60.32","36.76"
"63","000","00","001","0108","0548","789","489","300","29","818","1293","0","63.26","37.82"
"63","000","00","001","0108","0549","778","482","296","28","806","1410","0","57.16","34.18"
"63","000","00","001","0108","0550","752","503","249","43","795","1307","0","60.83","38.49"
"63","000","00","001","0109","0000","2240","1415","825","91","2331","3710","0","62.83","38.14"
"63","000","00","001","0109","0551","758","454","304","34","792","1242","0","63.77","36.55"
"63","000","00","001","0109","0552","717","475","242","21","738","1192","0","61.91","39.85"
"63","000","00","001","0109","0553","765","486","279","36","801","1276","0","62.77","38.09"
"63","000","00","001","0110","0000","2156","1382","774","75","2231","3676","0","60.69","37.6"
"63","000","00","001","0110","0554","689","446","243","20","709","1201","0","59.03","37.14"
"63","000","00","001","0110","0555","767","483","284","27","794","1318","0","60.24","36.65"
"63","000","00","001","0110","0556","700","453","247","28","728","1157","0","62.92","39.15"
"63","000","00","001","0111","0000","3575","2265","1310","148","3723","6311","0","58.99","35.89"
"63","000","00","001","0111","0557","660","400","260","20","680","1157","0","58.77","34.57"
"63","000","00","001","0111","0558","801","535","266","34","835","1357","0","61.53","39.43"
"63","000","00","001","0111","0559","655","419","236","22","677","1215","0","55.72","34.49"
"63","000","00","001","0111","0560","756","474","282","32","788","1345","0","58.59","35.24"
"63","000","00","001","0111","0561","703","437","266","40","743","1237","0","60.06","35.33"
"63","000","00","001","0112","0000","5047","3321","1726","184","5231","8478","0","61.7","39.17"
"63","000","00","001","0112","0562","844","599","245","32","876","1393","0","62.89","43.0"
"63","000","00","001","0112","0563","839","504","335","21","860","1331","0","64.61","37.87"
"63","000","00","001","0112","0564","925","562","363","45","970","1550","0","62.58","36.26"
"63","000","00","001","0112","0565","729","523","206","16","745","1308","0","56.96","39.98"
"63","000","00","001","0112","0566","840","560","280","39","879","1490","0","58.99","37.58"
"63","000","00","001","0112","0567","870","573","297","31","901","1406","0","64.08","40.75"
"63","000","00","001","0113","0000","1393","827","566","57","1450","2286","0","63.43","36.18"
"63","000","00","001","0113","0568","743","429","314","29","772","1191","0","64.82","36.02"
"63","000","00","001","0113","0569","650","398","252","28","678","1095","0","61.92","36.35"
"63","000","00","001","0114","0000","2103","1349","754","82","2185","3688","0","59.25","36.58"
"63","000","00","001","0114","0570","685","454","231","28","713","1198","0","59.52","37.9"
"63","000","00","001","0114","0571","716","469","247","31","747","1265","0","59.05","37.08"
"63","000","00","001","0114","0572","702","426","276","23","725","1225","0","59.18","34.78"
"63","000","00","001","0115","0000","3036","1959","1077","115","3151","5271","0","59.78","37.17"
"63","000","00","001","0115","0573","1009","624","385","43","1052","1698","0","61.96","36.75"
"63","000","00","001","0115","0574","1011","686","325","35","1046","1819","0","57.5","37.71"
"63","000","00","001","0115","0575","1016","649","367","37","1053","1754","0","60.03","37.0"
"63","000","00","001","0116","0000","4519","2752","1767","180","4699","7675","0","61.22","35.86"
"63","000","00","001","0116","0576","806","471","335","42","848","1361","0","62.31","34.61"
"63","000","00","001","0116","0577","725","458","267","20","745","1189","0","62.66","38.52"
"63","000","00","001","0116","0578","720","455","265","28","748","1214","0","61.61","37.48"
"63","000","00","001","0116","0579","742","430","312","28","770","1284","0","59.97","33.49"
"63","000","00","001","0116","0580","768","470","298","36","804","1297","0","61.99","36.24"
"63","000","00","001","0116","0581","758","468","290","26","784","1330","0","58.95","35.19"
"63","000","00","001","0117","0000","3339","2179","1160","100","3439","5685","0","60.49","38.33"
"63","000","00","001","0117","0582","829","545","284","38","867","1396","0","62.11","39.04"
"63","000","00","001","0117","0583","839","560","279","16","855","1480","0","57.77","37.84"
"63","000","00","001","0117","0584","844","561","283","22","866","1419","0","61.03","39.53"
"63","000","00","001","0117","0585","827","513","314","24","851","1390","0","61.22","36.91"
"63","000","00","001","0118","0000","3192","1930","1262","163","3355","7127","0","47.07","27.08"
"63","000","00","001","0118","0588","863","508","355","33","896","2677","0","33.47","18.98"
"63","000","00","001","0118","0589","741","448","293","32","773","1281","0","60.34","34.97"
"63","000","00","001","0118","0590","689","414","275","34","723","1469","0","49.22","28.18"
"63","000","00","001","0118","0591","899","560","339","64","963","1700","0","56.65","32.94"
"63","000","00","001","0119","0000","4123","2551","1572","189","4312","7443","0","57.93","34.27"
"63","000","00","001","0119","0592","805","487","318","34","839","1503","0","55.82","32.4"
"63","000","00","001","0119","0593","752","449","303","24","776","1309","0","59.28","34.3"
"63","000","00","001","0119","0594","790","505","285","47","837","1376","0","60.83","36.7"
"63","000","00","001","0119","0595","930","587","343","31","961","1654","0","58.1","35.49"
"63","000","00","001","0119","0596","846","523","323","53","899","1601","0","56.15","32.67"
"63","000","00","001","0120","0000","2819","1836","983","128","2947","4845","0","60.83","37.89"
"63","000","00","001","0120","0597","855","626","229","29","884","1496","0","59.09","41.84"
"63","000","00","001","0120","0598","959","578","381","55","1014","1598","0","63.45","36.17"
"63","000","00","001","0120","0599","1005","632","373","44","1049","1751","0","59.91","36.09"
"63","000","00","001","0121","0000","5110","3438","1672","203","5313","8544","0","62.18","40.24"
"63","000","00","001","0121","0600","933","610","323","36","969","1557","0","62.24","39.18"
"63","000","00","001","0121","0601","1073","733","340","41","1114","1686","0","66.07","43.48"
"63","000","00","001","0121","0602","1006","727","279","41","1047","1707","0","61.34","42.59"
"63","000","00","001","0121","0603","1148","781","367","54","1202","1854","0","64.83","42.13"
"63","000","00","001","0121","0604","950","587","363","31","981","1740","0","56.38","33.74"
"63","000","00","001","0122","0000","4247","2567","1680","166","4413","7404","0","59.6","34.67"
"63","000","00","001","0122","0605","834","535","299","49","883","1494","0","59.1","35.81"
"63","000","00","001","0122","0606","851","533","318","30","881","1453","0","60.63","36.68"
"63","000","00","001","0122","0607","836","530","306","39","875","1458","0","60.01","36.35"
"63","000","00","001","0122","0608","872","419","453","23","895","1536","0","58.27","27.28"
"63","000","00","001","0122","0609","854","550","304","25","879","1463","0","60.08","37.59"
"63","000","00","001","0124","0000","3775","2298","1477","152","3927","7047","0","55.73","32.61"
"63","000","00","001","0124","0610","934","579","355","25","959","1790","0","53.58","32.35"
"63","000","00","001","0124","0611","979","593","386","35","1014","1679","0","60.39","35.32"
"63","000","00","001","0124","0612","895","552","343","40","935","1785","0","52.38","30.92"
"63","000","00","001","0124","0613","967","574","393","52","1019","1793","0","56.83","32.01"
"63","000","00","001","0125","0000","3217","2084","1133","176","3393","5573","0","60.88","37.39"
"63","000","00","001","0125","0614","780","547","233","43","823","1381","0","59.59","39.61"
"63","000","00","001","0125","0615","751","478","273","25","776","1279","0","60.67","37.37"
"63","000","00","001","0125","0616","950","602","348","65","1015","1681","0","60.38","35.81"
"63","000","00","001","0125","0617","736","457","279","43","779","1232","0","63.23","37.09"
"63","000","00","001","0126","0000","4391","2679","1712","162","4553","7803","0","58.35","34.33"
"63","000","00","001","0126","0618","870","542","328","27","897","1533","0","58.51","35.36"
"63","000","00","001","0126","0619","917","551","366","35","952","1540","0","61.82","35.78"
"63","000","00","001","0126","0620","951","590","361","32","983","1716","0","57.28","34.38"
"63","000","00","001","0126","0621","899","529","370","42","941","1664","0","56.55","31.79"
"63","000","00","001","0126","0622","754","467","287","26","780","1350","0","57.78","34.59"
"63","000","00","001","0127","0000","1819","1127","692","87","1906","3395","0","56.14","33.2"
"63","000","00","001","0127","0623","1011","624","387","39","1050","1837","0","57.16","33.97"
"63","000","00","001","0127","0624","808","503","305","48","856","1558","0","54.94","32.28"
"63","000","00","001","0128","0000","1638","1040","598","64","1702","2894","0","58.81","35.94"
"63","000","00","001","0128","0625","838","540","298","34","872","1420","0","61.41","38.03"
"63","000","00","001","0128","0626","800","500","300","30","830","1474","0","56.31","33.92"
"63","000","00","001","0129","0000","1830","1156","674","88","1918","3317","0","57.82","34.85"
"63","000","00","001","0129","0627","869","545","324","49","918","1591","0","57.7","34.26"
"63","000","00","001","0129","0628","961","611","350","39","1000","1726","0","57.94","35.4"
"63","000","00","001","0130","0000","3260","1938","1322","125","3385","5792","0","58.44","33.46"
"63","000","00","001","0130","0629","823","486","337","29","852","1452","0","58.68","33.47"
"63","000","00","001","0130","0630","822","502","320","25","847","1482","0","57.15","33.87"
"63","000","00","001","0130","0631","843","514","329","36","879","1460","0","60.21","35.21"
"63","000","00","001","0130","0632","772","436","336","35","807","1398","0","57.73","31.19"
"63","000","00","001","0131","0000","1561","988","573","56","1617","2649","0","61.04","37.3"
"63","000","00","001","0131","0633","834","514","320","36","870","1423","0","61.14","36.12"
"63","000","00","001","0131","0634","727","474","253","20","747","1226","0","60.93","38.66"
"63","000","00","001","0132","0000","2163","1363","800","68","2231","3761","0","59.32","36.24"
"63","000","00","001","0132","0635","662","418","244","35","697","1158","0","60.19","36.1"
"63","000","00","001","0132","0636","802","481","321","23","825","1426","0","57.85","33.73"
"63","000","00","001","0132","0637","699","464","235","10","709","1177","0","60.24","39.42"
"63","000","00","001","0133","0000","3130","1981","1149","120","3250","5355","0","60.69","36.99"
"63","000","00","001","0133","0638","772","468","304","25","797","1363","0","58.47","34.34"
"63","000","00","001","0133","0639","734","478","256","37","771","1240","0","62.18","38.55"
"63","000","00","001","0133","0640","822","539","283","34","856","1375","0","62.25","39.2"
"63","000","00","001","0133","0641","802","496","306","24","826","1377","0","59.99","36.02"
"63","000","00","001","0134","0000","1288","801","487","38","1326","2242","0","59.14","35.73"
"63","000","00","001","0134","0642","656","427","229","16","672","1225","0","54.86","34.86"
"63","000","00","001","0134","0643","632","374","258","22","654","1017","0","64.31","36.77"
"63","000","00","001","0135","0000","1776","1065","711","68","1844","3158","0","58.39","33.72"
"63","000","00","001","0135","0586","886","525","361","33","919","1525","0","60.26","34.43"
"63","000","00","001","0135","0587","890","540","350","35","925","1633","0","56.64","33.07"
"63","000","00","002","0000","0000","106610","67363","39247","4367","110977","190444","223594","58.27","35.37"
"63","000","00","002","0201","0000","2442","1642","800","76","2518","5151","0","48.88","31.88"
"63","000","00","002","0201","0644","796","522","274","21","817","2476","0","33.0","21.08"
"63","000","00","002","0201","0645","866","593","273","16","882","1381","0","63.87","42.94"
"63","000","00","002","0201","0646","780","527","253","39","819","1294","0","63.29","40.73"
"63","000","00","002","0202","0000","2308","1480","828","81","2389","3949","0","60.5","37.48"
"63","000","00","002","0202","0647","771","487","284","31","802","1351","0","59.36","36.05"
"63","000","00","002","0202","0648","751","489","262","24","775","1296","0","59.8","37.73"
"63","000","00","002","0202","0649","786","504","282","26","812","1302","0","62.37","38.71"
"63","000","00","002","0203","0000","1307","817","490","73","1380","2446","0","56.42","33.4"
"63","000","00","002","0203","0650","546","350","196","46","592","1025","0","57.76","34.15"
"63","000","00","002","0203","0651","761","467","294","27","788","1421","0","55.45","32.86"
"63","000","00","002","0204","0000","1625","1010","615","55","1680","3076","0","54.62","32.83"
"63","000","00","002","0204","0652","828","530","298","28","856","1501","0","57.03","35.31"
"63","000","00","002","0204","0653","797","480","317","27","824","1575","0","52.32","30.48"
"63","000","00","002","0205","0000","1677","1061","616","48","1725","2898","0","59.52","36.61"
"63","000","00","002","0205","0654","866","572","294","21","887","1516","0","58.51","37.73"
"63","000","00","002","0205","0655","811","489","322","27","838","1382","0","60.64","35.38"
"63","000","00","002","0206","0000","2854","1813","1041","132","2986","5054","0","59.08","35.87"
"63","000","00","002","0206","0656","631","411","220","30","661","1128","0","58.6","36.44"
"63","000","00","002","0206","0657","769","498","271","30","799","1397","0","57.19","35.65"
"63","000","00","002","0206","0658","683","433","250","40","723","1161","0","62.27","37.3"
"63","000","00","002","0206","0659","771","471","300","32","803","1368","0","58.7","34.43"
"63","000","00","002","0207","0000","2721","1690","1031","100","2821","4589","0","61.47","36.83"
"63","000","00","002","0207","0660","623","416","207","17","640","1049","0","61.01","39.66"
"63","000","00","002","0207","0661","756","498","258","31","787","1308","0","60.17","38.07"
"63","000","00","002","0207","0662","698","423","275","33","731","1154","0","63.34","36.66"
"63","000","00","002","0207","0663","644","353","291","19","663","1078","0","61.5","32.75"
"63","000","00","002","0208","0000","3880","2449","1431","131","4011","6667","0","60.16","36.73"
"63","000","00","002","0208","0664","779","492","287","30","809","1375","0","58.84","35.78"
"63","000","00","002","0208","0665","817","544","273","40","857","1448","0","59.19","37.57"
"63","000","00","002","0208","0666","752","483","269","17","769","1250","0","61.52","38.64"
"63","000","00","002","0208","0667","813","470","343","14","827","1381","0","59.88","34.03"
"63","000","00","002","0208","0668","719","460","259","30","749","1213","0","61.75","37.92"
"63","000","00","002","0209","0000","4992","3203","1789","168","5160","8706","0","59.27","36.79"
"63","000","00","002","0209","0669","826","526","300","25","851","1373","0","61.98","38.31"
"63","000","00","002","0209","0670","722","453","269","33","755","1226","0","61.58","36.95"
"63","000","00","002","0209","0671","672","429","243","9","681","1117","0","60.97","38.41"
"63","000","00","002","0209","0672","671","438","233","27","698","1123","0","62.15","39.0"
"63","000","00","002","0209","0673","697","450","247","31","728","1200","0","60.67","37.5"
"63","000","00","002","0209","0674","689","437","252","21","710","1335","0","53.18","32.73"
"63","000","00","002","0209","0675","715","470","245","22","737","1332","0","55.33","35.29"
"63","000","00","002","0210","0000","1754","1128","626","107","1861","3190","0","58.34","35.36"
"63","000","00","002","0210","0676","931","609","322","54","985","1648","0","59.77","36.95"
"63","000","00","002","0210","0677","823","519","304","53","876","1542","0","56.81","33.66"
"63","000","00","002","0211","0000","2446","1490","956","111","2557","4362","0","58.62","34.16"
"63","000","00","002","0211","0678","692","429","263","42","734","1228","0","59.77","34.93"
"63","000","00","002","0211","0679","940","564","376","39","979","1731","0","56.56","32.58"
"63","000","00","002","0211","0680","814","497","317","30","844","1403","0","60.16","35.42"
"63","000","00","002","0212","0000","1758","1116","642","106","1864","3229","0","57.73","34.56"
"63","000","00","002","0212","0681","991","647","344","74","1065","1929","0","55.21","33.54"
"63","000","00","002","0212","0682","767","469","298","32","799","1300","0","61.46","36.08"
"63","000","00","002","0213","0000","2368","1479","889","91","2459","4405","0","55.82","33.58"
"63","000","00","002","0213","0683","778","467","311","23","801","1486","0","53.9","31.43"
"63","000","00","002","0213","0684","756","469","287","33","789","1532","0","51.5","30.61"
"63","000","00","002","0213","0685","834","543","291","35","869","1387","0","62.65","39.15"
"63","000","00","002","0214","0000","1886","1198","688","91","1977","3536","0","55.91","33.88"
"63","000","00","002","0214","0686","625","402","223","35","660","1195","0","55.23","33.64"
"63","000","00","002","0214","0687","586","357","229","28","614","1068","0","57.49","33.43"
"63","000","00","002","0214","0688","675","439","236","28","703","1273","0","55.22","34.49"
"63","000","00","002","0215","0000","2184","1389","795","121","2305","3898","0","59.13","35.63"
"63","000","00","002","0215","0689","796","495","301","47","843","1329","0","63.43","37.25"
"63","000","00","002","0215","0690","716","453","263","30","746","1311","0","56.9","34.55"
"63","000","00","002","0215","0691","672","441","231","44","716","1258","0","56.92","35.06"
"63","000","00","002","0216","0000","2954","1774","1180","144","3098","5022","0","61.69","35.32"
"63","000","00","002","0216","0692","734","445","289","40","774","1277","0","60.61","34.85"
"63","000","00","002","0216","0693","782","484","298","36","818","1285","0","63.66","37.67"
"63","000","00","002","0216","0694","704","421","283","38","742","1161","0","63.91","36.26"
"63","000","00","002","0216","0695","734","424","310","30","764","1299","0","58.81","32.64"
"63","000","00","002","0217","0000","2738","1699","1039","116","2854","4811","0","59.32","35.31"
"63","000","00","002","0217","0696","689","442","247","29","718","1243","0","57.76","35.56"
"63","000","00","002","0217","0697","668","395","273","29","697","1197","0","58.23","33.0"
"63","000","00","002","0217","0698","757","474","283","26","783","1224","0","63.97","38.73"
"63","000","00","002","0217","0699","624","388","236","32","656","1147","0","57.19","33.83"
"63","000","00","002","0218","0000","2527","1595","932","95","2622","4373","0","59.96","36.47"
"63","000","00","002","0218","0700","614","369","245","16","630","1045","0","60.29","35.31"
"63","000","00","002","0218","0701","668","439","229","29","697","1096","0","63.59","40.05"
"63","000","00","002","0218","0702","632","380","252","15","647","1115","0","58.03","34.08"
"63","000","00","002","0218","0703","613","407","206","35","648","1117","0","58.01","36.44"
"63","000","00","002","0219","0000","2047","1256","791","93","2140","3770","0","56.76","33.32"
"63","000","00","002","0219","0704","515","297","218","23","538","1019","0","52.8","29.15"
"63","000","00","002","0219","0705","761","469","292","38","799","1346","0","59.36","34.84"
"63","000","00","002","0219","0706","771","490","281","32","803","1405","0","57.15","34.88"
"63","000","00","002","0220","0000","3813","2391","1422","142","3955","6448","0","61.34","37.08"
"63","000","00","002","0220","0707","774","482","292","24","798","1356","0","58.85","35.55"
"63","000","00","002","0220","0708","775","474","301","31","806","1250","0","64.48","37.92"
"63","000","00","002","0220","0709","749","491","258","24","773","1254","0","61.64","39.15"
"63","000","00","002","0220","0710","756","461","295","24","780","1317","0","59.23","35.0"
"63","000","00","002","0220","0711","759","483","276","39","798","1271","0","62.79","38.0"
"63","000","00","002","0221","0000","1077","656","421","67","1144","2004","0","57.09","32.73"
"63","000","00","002","0221","0712","540","326","214","27","567","979","0","57.92","33.3"
"63","000","00","002","0221","0713","537","330","207","40","577","1025","0","56.29","32.2"
"63","000","00","002","0222","0000","3251","2073","1178","101","3352","5741","0","58.39","36.11"
"63","000","00","002","0222","0714","747","480","267","26","773","1512","0","51.12","31.75"
"63","000","00","002","0222","0715","875","546","329","24","899","1483","0","60.62","36.82"
"63","000","00","002","0222","0716","809","511","298","28","837","1359","0","61.59","37.6"
"63","000","00","002","0222","0717","820","536","284","23","843","1387","0","60.78","38.64"
"63","000","00","002","0223","0000","2494","1540","954","81","2575","4448","0","57.89","34.62"
"63","000","00","002","0223","0718","778","487","291","25","803","1455","0","55.19","33.47"
"63","000","00","002","0223","0719","833","512","321","22","855","1461","0","58.52","35.04"
"63","000","00","002","0223","0720","883","541","342","34","917","1532","0","59.86","35.31"
"63","000","00","002","0224","0000","2327","1441","886","121","2448","3964","0","61.76","36.35"
"63","000","00","002","0224","0721","634","364","270","29","663","1043","0","63.57","34.9"
"63","000","00","002","0224","0722","532","323","209","27","559","875","0","63.89","36.91"
"63","000","00","002","0224","0723","515","330","185","24","539","927","0","58.14","35.6"
"63","000","00","002","0224","0724","646","424","222","41","687","1119","0","61.39","37.89"
"63","000","00","002","0225","0000","4024","2471","1553","175","4199","7061","0","59.47","35.0"
"63","000","00","002","0225","0725","821","514","307","38","859","1463","0","58.71","35.13"
"63","000","00","002","0225","0726","792","480","312","38","830","1293","0","64.19","37.12"
"63","000","00","002","0225","0727","843","540","303","38","881","1553","0","56.73","34.77"
"63","000","00","002","0225","0728","774","454","320","19","793","1360","0","58.31","33.38"
"63","000","00","002","0225","0729","794","483","311","42","836","1392","0","60.06","34.7"
"63","000","00","002","0226","0000","3060","1923","1137","104","3164","5430","0","58.27","35.41"
"63","000","00","002","0226","0730","796","493","303","21","817","1377","0","59.33","35.8"
"63","000","00","002","0226","0731","799","484","315","12","811","1377","0","58.9","35.15"
"63","000","00","002","0226","0732","669","428","241","26","695","1269","0","54.77","33.73"
"63","000","00","002","0226","0733","796","518","278","45","841","1407","0","59.77","36.82"
"63","000","00","002","0227","0000","2047","1277","770","98","2145","3609","0","59.43","35.38"
"63","000","00","002","0227","0734","659","416","243","31","690","1172","0","58.87","35.49"
"63","000","00","002","0227","0735","666","412","254","28","694","1182","0","58.71","34.86"
"63","000","00","002","0227","0736","722","449","273","39","761","1255","0","60.64","35.78"
"63","000","00","002","0228","0000","2378","1546","832","75","2453","4437","0","55.29","34.84"
"63","000","00","002","0228","0737","883","564","319","28","911","1689","0","53.94","33.39"
"63","000","00","002","0228","0738","859","553","306","26","885","1605","0","55.14","34.45"
"63","000","00","002","0228","0739","636","429","207","21","657","1143","0","57.48","37.53"
"63","000","00","002","0229","0000","3273","2092","1181","134","3407","5898","0","57.77","35.47"
"63","000","00","002","0229","0740","764","487","277","28","792","1440","0","55.0","33.82"
"63","000","00","002","0229","0741","832","542","290","29","861","1495","0","57.59","36.25"
"63","000","00","002","0229","0742","881","539","342","48","929","1514","0","61.36","35.6"
"63","000","00","002","0229","0743","796","524","272","29","825","1449","0","56.94","36.16"
"63","000","00","002","0230","0000","4548","2931","1617","146","4694","7867","0","59.67","37.26"
"63","000","00","002","0230","0744","822","526","296","39","861","1401","0","61.46","37.54"
"63","000","00","002","0230","0745","641","417","224","16","657","1181","0","55.63","35.31"
"63","000","00","002","0230","0746","863","560","303","20","883","1376","0","64.17","40.7"
"63","000","00","002","0230","0747","837","578","259","39","876","1422","0","61.6","40.65"
"63","000","00","002","0230","0748","724","475","249","14","738","1267","0","58.25","37.49"
"63","000","00","002","0230","0749","661","375","286","18","679","1220","0","55.66","30.74"
"63","000","00","002","0231","0000","2459","1562","897","89","2548","4622","0","55.13","33.79"
"63","000","00","002","0231","0750","798","528","270","31","829","1562","0","53.07","33.8"
"63","000","00","002","0231","0751","803","487","316","23","826","1455","0","56.77","33.47"
"63","000","00","002","0231","0752","858","547","311","35","893","1605","0","55.64","34.08"
"63","000","00","002","0232","0000","3370","2111","1259","119","3489","6070","0","57.48","34.78"
"63","000","00","002","0232","0753","974","647","327","30","1004","1626","0","61.75","39.79"
"63","000","00","002","0232","0754","897","548","349","44","941","1561","0","60.28","35.11"
"63","000","00","002","0232","0755","752","469","283","26","778","1547","0","50.29","30.32"
"63","000","00","002","0232","0756","747","447","300","19","766","1336","0","57.34","33.46"
"63","000","00","002","0233","0000","3699","2359","1340","156","3855","6899","0","55.88","34.19"
"63","000","00","002","0233","0757","665","424","241","26","691","1314","0","52.59","32.27"
"63","000","00","002","0233","0758","695","454","241","33","728","1297","0","56.13","35.0"
"63","000","00","002","0233","0759","733","471","262","32","765","1366","0","56.0","34.48"
"63","000","00","002","0233","0760","805","499","306","34","839","1472","0","57.0","33.9"
"63","000","00","002","0233","0761","801","511","290","31","832","1450","0","57.38","35.24"
"63","000","00","002","0234","0000","2358","1498","860","114","2472","4100","0","60.29","36.54"
"63","000","00","002","0234","0762","747","477","270","26","773","1328","0","58.21","35.92"
"63","000","00","002","0234","0763","823","517","306","33","856","1399","0","61.19","36.95"
"63","000","00","002","0234","0764","788","504","284","55","843","1373","0","61.4","36.71"
"63","000","00","002","0235","0000","1970","1280","690","70","2040","3592","0","56.79","35.63"
"63","000","00","002","0235","0765","606","413","193","21","627","1099","0","57.05","37.58"
"63","000","00","002","0235","0766","678","427","251","32","710","1226","0","57.91","34.83"
"63","000","00","002","0235","0767","686","440","246","17","703","1267","0","55.49","34.73"
"63","000","00","002","0236","0000","3536","2271","1265","122","3658","6247","0","58.56","36.35"
"63","000","00","002","0236","0768","868","571","297","38","906","1531","0","59.18","37.3"
"63","000","00","002","0236","0769","835","546","289","32","867","1438","0","60.29","37.97"
"63","000","00","002","0236","0770","895","557","338","21","916","1657","0","55.28","33.61"
"63","000","00","002","0236","0771","938","597","341","31","969","1621","0","59.78","36.83"
"63","000","00","002","0237","0000","1668","1031","637","56","1724","2842","0","60.66","36.28"
"63","000","00","002","0237","0772","887","545","342","23","910","1508","0","60.34","36.14"
"63","000","00","002","0237","0773","781","486","295","33","814","1334","0","61.02","36.43"
"63","000","00","002","0238","0000","2024","1270","754","67","2091","3662","0","57.1","34.68"
"63","000","00","002","0238","0774","569","368","201","30","599","1246","0","48.07","29.53"
"63","000","00","002","0238","0775","739","448","291","12","751","1196","0","62.79","37.46"
"63","000","00","002","0238","0776","716","454","262","25","741","1220","0","60.74","37.21"
"63","000","00","002","0239","0000","3374","2124","1250","181","3555","6210","0","57.25","34.2"
"63","000","00","002","0239","0777","850","538","312","26","876","1538","0","56.96","34.98"
"63","000","00","002","0239","0778","893","583","310","51","944","1565","0","60.32","37.25"
"63","000","00","002","0239","0779","831","499","332","57","888","1621","0","54.78","30.78"
"63","000","00","002","0239","0780","800","504","296","47","847","1486","0","57.0","33.92"
"63","000","00","002","0240","0000","2420","1573","847","118","2538","4310","0","58.89","36.5"
"63","000","00","002","0240","0781","790","496","294","37","827","1507","0","54.88","32.91"
"63","000","00","002","0240","0782","863","550","313","39","902","1516","0","59.5","36.28"
"63","000","00","002","0240","0783","767","527","240","42","809","1287","0","62.86","40.95"
"63","000","00","002","0241","0000","972","654","318","92","1064","1851","0","57.48","35.33"
"63","000","00","002","0241","0784","516","331","185","49","565","1050","0","53.81","31.52"
"63","000","00","002","0241","0785","456","323","133","43","499","801","0","62.3","40.32"
"63","000","00","003","0000","0000","141244","88535","52709","4992","146236","252645","308835","57.88","35.04"
"63","000","00","003","0301","0000","2663","1705","958","111","2774","4848","0","57.22","35.17"
"63","000","00","003","0301","1214","629","408","221","25","654","1184","0","55.24","34.46"
"63","000","00","003","0301","1215","626","407","219","34","660","1197","0","55.14","34.0"
"63","000","00","003","0301","1216","684","414","270","27","711","1221","0","58.23","33.91"
"63","000","00","003","0301","1217","724","476","248","25","749","1246","0","60.11","38.2"
"63","000","00","003","0302","0000","2517","1498","1019","105","2622","4386","0","59.78","34.15"
"63","000","00","003","0302","1218","876","526","350","27","903","1478","0","61.1","35.59"
"63","000","00","003","0302","1219","724","410","314","35","759","1314","0","57.76","31.2"
"63","000","00","003","0302","1220","917","562","355","43","960","1594","0","60.23","35.26"
"63","000","00","003","0303","0000","3354","2087","1267","109","3463","5767","0","60.05","36.19"
"63","000","00","003","0303","1221","832","500","332","26","858","1429","0","60.04","34.99"
"63","000","00","003","0303","1222","870","564","306","22","892","1452","0","61.43","38.84"
"63","000","00","003","0303","1223","875","521","354","28","903","1551","0","58.22","33.59"
"63","000","00","003","0303","1224","777","502","275","33","810","1335","0","60.67","37.6"
"63","000","00","003","0304","0000","3730","2274","1456","147","3877","6795","0","57.06","33.47"
"63","000","00","003","0304","1225","649","399","250","19","668","1196","0","55.85","33.36"
"63","000","00","003","0304","1226","707","427","280","30","737","1339","0","55.04","31.89"
"63","000","00","003","0304","1227","809","467","342","25","834","1448","0","57.6","32.25"
"63","000","00","003","0304","1228","767","488","279","31","798","1373","0","58.12","35.54"
"63","000","00","003","0304","1229","798","493","305","42","840","1439","0","58.37","34.26"
"63","000","00","003","0305","0000","2300","1524","776","60","2360","4461","0","52.9","34.16"
"63","000","00","003","0305","1230","633","394","239","5","638","1174","0","54.34","33.56"
"63","000","00","003","0305","1231","597","384","213","19","616","1144","0","53.85","33.57"
"63","000","00","003","0305","1232","581","421","160","20","601","1119","0","53.71","37.62"
"63","000","00","003","0305","1233","489","325","164","16","505","1024","0","49.32","31.74"
"63","000","00","003","0306","0000","2963","1917","1046","93","3056","5067","0","60.31","37.83"
"63","000","00","003","0306","1234","615","413","202","13","628","1032","0","60.85","40.02"
"63","000","00","003","0306","1235","765","550","215","24","789","1319","0","59.82","41.7"
"63","000","00","003","0306","1236","812","507","305","28","840","1369","0","61.36","37.03"
"63","000","00","003","0306","1237","771","447","324","28","799","1347","0","59.32","33.18"
"63","000","00","003","0307","0000","3084","1919","1165","97","3181","5988","0","53.12","32.05"
"63","000","00","003","0307","1238","837","491","346","28","865","1655","0","52.27","29.67"
"63","000","00","003","0307","1239","797","524","273","21","818","1595","0","51.29","32.85"
"63","000","00","003","0307","1240","764","469","295","31","795","1429","0","55.63","32.82"
"63","000","00","003","0307","1241","686","435","251","17","703","1309","0","53.71","33.23"
"63","000","00","003","0308","0000","1511","947","564","60","1571","2818","0","55.75","33.61"
"63","000","00","003","0308","1242","802","519","283","26","828","1508","0","54.91","34.42"
"63","000","00","003","0308","1243","709","428","281","34","743","1310","0","56.72","32.67"
"63","000","00","003","0309","0000","1901","1182","719","76","1977","3667","0","53.91","32.23"
"63","000","00","003","0309","1244","643","412","231","23","666","1233","0","54.01","33.41"
"63","000","00","003","0309","1245","664","411","253","34","698","1287","0","54.23","31.93"
"63","000","00","003","0309","1246","594","359","235","19","613","1147","0","53.44","31.3"
"63","000","00","003","0310","0000","3360","2114","1246","161","3521","6508","0","54.1","32.48"
"63","000","00","003","0310","1247","649","404","245","27","676","1260","0","53.65","32.06"
"63","000","00","003","0310","1248","725","475","250","33","758","1377","0","55.05","34.5"
"63","000","00","003","0310","1249","668","408","260","52","720","1284","0","56.07","31.78"
"63","000","00","003","0310","1250","665","424","241","23","688","1314","0","52.36","32.27"
"63","000","00","003","0310","1251","653","403","250","26","679","1273","0","53.34","31.66"
"63","000","00","003","0311","0000","2839","1675","1164","79","2918","4829","0","60.43","34.69"
"63","000","00","003","0311","1252","653","367","286","22","675","1146","0","58.9","32.02"
"63","000","00","003","0311","1253","752","458","294","18","770","1285","0","59.92","35.64"
"63","000","00","003","0311","1254","775","445","330","17","792","1297","0","61.06","34.31"
"63","000","00","003","0311","1255","659","405","254","22","681","1101","0","61.85","36.78"
"63","000","00","003","0312","0000","2304","1376","928","101","2405","4047","0","59.43","34.0"
"63","000","00","003","0312","1256","718","422","296","42","760","1310","0","58.02","32.21"
"63","000","00","003","0312","1257","811","471","340","35","846","1365","0","61.98","34.51"
"63","000","00","003","0312","1258","775","483","292","24","799","1372","0","58.24","35.2"
"63","000","00","003","0313","0000","2114","1289","825","71","2185","3596","0","60.76","35.85"
"63","000","00","003","0313","1259","709","434","275","22","731","1189","0","61.48","36.5"
"63","000","00","003","0313","1260","745","457","288","18","763","1256","0","60.75","36.39"
"63","000","00","003","0313","1261","660","398","262","31","691","1151","0","60.03","34.58"
"63","000","00","003","0314","0000","3679","2267","1412","110","3789","6129","0","61.82","36.99"
"63","000","00","003","0314","1262","916","537","379","25","941","1501","0","62.69","35.78"
"63","000","00","003","0314","1263","909","587","322","25","934","1520","0","61.45","38.62"
"63","000","00","003","0314","1264","920","578","342","34","954","1529","0","62.39","37.8"
"63","000","00","003","0314","1265","934","565","369","26","960","1579","0","60.8","35.78"
"63","000","00","003","0315","0000","3092","1989","1103","82","3174","6705","0","47.34","29.66"
"63","000","00","003","0315","1266","664","407","257","14","678","2619","0","25.89","15.54"
"63","000","00","003","0315","1267","737","575","162","17","754","1290","0","58.45","44.57"
"63","000","00","003","0315","1268","798","479","319","26","824","1307","0","63.05","36.65"
"63","000","00","003","0315","1269","893","528","365","25","918","1489","0","61.65","35.46"
"63","000","00","003","0316","0000","2829","1744","1085","82","2911","4884","0","59.6","35.71"
"63","000","00","003","0316","1270","662","424","238","24","686","1097","0","62.53","38.65"
"63","000","00","003","0316","1271","773","460","313","20","793","1328","0","59.71","34.64"
"63","000","00","003","0316","1272","662","416","246","18","680","1189","0","57.19","34.99"
"63","000","00","003","0316","1273","732","444","288","20","752","1270","0","59.21","34.96"
"63","000","00","003","0317","0000","2963","1780","1183","87","3050","5155","0","59.17","34.53"
"63","000","00","003","0317","1274","760","423","337","15","775","1349","0","57.45","31.36"
"63","000","00","003","0317","1275","710","434","276","21","731","1292","0","56.58","33.59"
"63","000","00","003","0317","1276","786","498","288","28","814","1314","0","61.95","37.9"
"63","000","00","003","0317","1277","707","425","282","23","730","1200","0","60.83","35.42"
"63","000","00","003","0318","0000","1742","1072","670","53","1795","3119","0","57.55","34.37"
"63","000","00","003","0318","1278","874","547","327","28","902","1558","0","57.89","35.11"
"63","000","00","003","0318","1279","868","525","343","25","893","1561","0","57.21","33.63"
"63","000","00","003","0319","0000","1703","1060","643","50","1753","2945","0","59.52","35.99"
"63","000","00","003","0319","1280","837","529","308","32","869","1446","0","60.1","36.58"
"63","000","00","003","0319","1281","866","531","335","18","884","1499","0","58.97","35.42"
"63","000","00","003","0320","0000","1662","1076","586","46","1708","2978","0","57.35","36.13"
"63","000","00","003","0320","1282","853","554","299","21","874","1467","0","59.58","37.76"
"63","000","00","003","0320","1283","809","522","287","25","834","1511","0","55.2","34.55"
"63","000","00","003","0321","0000","2729","1700","1029","96","2825","4640","0","60.88","36.64"
"63","000","00","003","0321","1284","928","582","346","38","966","1600","0","60.38","36.38"
"63","000","00","003","0321","1285","909","556","353","30","939","1573","0","59.69","35.35"
"63","000","00","003","0321","1286","892","562","330","28","920","1467","0","62.71","38.31"
"63","000","00","003","0322","0000","3343","2134","1209","95","3438","5891","0","58.36","36.22"
"63","000","00","003","0322","1287","782","509","273","23","805","1358","0","59.28","37.48"
"63","000","00","003","0322","1288","885","553","332","23","908","1568","0","57.91","35.27"
"63","000","00","003","0322","1289","819","516","303","33","852","1411","0","60.38","36.57"
"63","000","00","003","0322","1290","857","556","301","16","873","1554","0","56.18","35.78"
"63","000","00","003","0323","0000","3474","2299","1175","79","3553","5712","0","62.2","40.25"
"63","000","00","003","0323","1291","798","501","297","28","826","1345","0","61.41","37.25"
"63","000","00","003","0323","1292","837","584","253","11","848","1435","0","59.09","40.7"
"63","000","00","003","0323","1293","918","590","328","16","934","1481","0","63.07","39.84"
"63","000","00","003","0323","1294","921","624","297","24","945","1451","0","65.13","43.0"
"63","000","00","003","0326","0000","1660","1082","578","73","1733","3091","0","56.07","35.0"
"63","000","00","003","0326","1295","781","539","242","52","833","1566","0","53.19","34.42"
"63","000","00","003","0326","1296","879","543","336","21","900","1525","0","59.02","35.61"
"63","000","00","003","0327","0000","2325","1452","873","76","2401","4215","0","56.96","34.45"
"63","000","00","003","0327","1297","737","461","276","26","763","1336","0","57.11","34.51"
"63","000","00","003","0327","1298","863","546","317","32","895","1483","0","60.35","36.82"
"63","000","00","003","0327","1299","725","445","280","18","743","1396","0","53.22","31.88"
"63","000","00","003","0328","0000","3230","2024","1206","105","3335","5535","0","60.25","36.57"
"63","000","00","003","0328","1300","834","514","320","34","868","1406","0","61.74","36.56"
"63","000","00","003","0328","1301","840","539","301","22","862","1434","0","60.11","37.59"
"63","000","00","003","0328","1302","734","447","287","25","759","1288","0","58.93","34.7"
"63","000","00","003","0328","1303","822","524","298","24","846","1407","0","60.13","37.24"
"63","000","00","003","0329","0000","2402","1531","871","93","2495","4554","0","54.79","33.62"
"63","000","00","003","0329","1304","822","507","315","24","846","1514","0","55.88","33.49"
"63","000","00","003","0329","1305","741","484","257","39","780","1550","0","50.32","31.23"
"63","000","00","003","0329","1306","839","540","299","30","869","1490","0","58.32","36.24"
"63","000","00","003","0330","0000","2633","1600","1033","100","2733","4663","0","58.61","34.31"
"63","000","00","003","0330","1307","706","414","292","27","733","1284","0","57.09","32.24"
"63","000","00","003","0330","1308","662","407","255","21","683","1129","0","60.5","36.05"
"63","000","00","003","0330","1309","687","412","275","20","707","1193","0","59.26","34.53"
"63","000","00","003","0330","1310","578","367","211","32","610","1057","0","57.71","34.72"
"63","000","00","003","0331","0000","2862","1769","1093","151","3013","5453","0","55.25","32.44"
"63","000","00","003","0331","1311","755","460","295","33","788","1361","0","57.9","33.8"
"63","000","00","003","0331","1312","765","498","267","39","804","1412","0","56.94","35.27"
"63","000","00","003","0331","1313","667","400","267","17","684","1423","0","48.07","28.11"
"63","000","00","003","0331","1314","675","411","264","62","737","1257","0","58.63","32.7"
"63","000","00","003","0332","0000","2829","1819","1010","119","2948","4829","0","61.05","37.67"
"63","000","00","003","0332","1315","685","457","228","21","706","1133","0","62.31","40.34"
"63","000","00","003","0332","1316","614","367","247","18","632","1077","0","58.68","34.08"
"63","000","00","003","0332","1317","749","481","268","36","785","1300","0","60.38","37.0"
"63","000","00","003","0332","1318","781","514","267","44","825","1319","0","62.55","38.97"
"63","000","00","003","0333","0000","2019","1313","706","105","2124","3633","0","58.46","36.14"
"63","000","00","003","0333","1319","716","465","251","41","757","1265","0","59.84","36.76"
"63","000","00","003","0333","1320","674","445","229","28","702","1265","0","55.49","35.18"
"63","000","00","003","0333","1321","629","403","226","36","665","1103","0","60.29","36.54"
"63","000","00","003","0334","0000","2284","1424","860","88","2372","3958","0","59.93","35.98"
"63","000","00","003","0334","1322","774","486","288","26","800","1341","0","59.66","36.24"
"63","000","00","003","0334","1323","796","510","286","30","826","1357","0","60.87","37.58"
"63","000","00","003","0334","1324","714","428","286","32","746","1260","0","59.21","33.97"
"63","000","00","003","0335","0000","2111","1299","812","82","2193","3844","0","57.05","33.79"
"63","000","00","003","0335","1325","737","447","290","34","771","1295","0","59.54","34.52"
"63","000","00","003","0335","1326","745","451","294","18","763","1399","0","54.54","32.24"
"63","000","00","003","0335","1327","629","401","228","30","659","1150","0","57.3","34.87"
"63","000","00","003","0336","0000","2808","1775","1033","92","2900","5149","0","56.32","34.47"
"63","000","00","003","0336","1328","699","427","272","15","714","1351","0","52.85","31.61"
"63","000","00","003","0336","1329","758","463","295","36","794","1341","0","59.21","34.53"
"63","000","00","003","0336","1330","613","400","213","17","630","1129","0","55.8","35.43"
"63","000","00","003","0336","1331","738","485","253","24","762","1328","0","57.38","36.52"
"63","000","00","003","0337","0000","3472","2310","1162","105","3577","6080","0","58.83","37.99"
"63","000","00","003","0337","1332","961","671","290","29","990","1557","0","63.58","43.1"
"63","000","00","003","0337","1333","897","587","310","34","931","1461","0","63.72","40.18"
"63","000","00","003","0337","1334","801","513","288","22","823","1589","0","51.79","32.28"
"63","000","00","003","0337","1335","813","539","274","20","833","1473","0","56.55","36.59"
"63","000","00","003","0338","0000","1857","1148","709","83","1940","3311","0","58.59","34.67"
"63","000","00","003","0338","1336","813","470","343","28","841","1479","0","56.86","31.78"
"63","000","00","003","0338","1337","495","338","157","29","524","833","0","62.91","40.58"
"63","000","00","003","0338","1338","549","340","209","26","575","999","0","57.56","34.03"
"63","000","00","003","0339","0000","1013","643","370","25","1038","1757","0","59.08","36.6"
"63","000","00","003","0339","1339","1013","643","370","25","1038","1757","0","59.08","36.6"
"63","000","00","003","0340","0000","4512","2748","1764","144","4656","7674","0","60.67","35.81"
"63","000","00","003","0340","1340","900","571","329","26","926","1573","0","58.87","36.3"
"63","000","00","003","0340","1341","960","576","384","22","982","1587","0","61.88","36.29"
"63","000","00","003","0340","1342","874","533","341","40","914","1496","0","61.1","35.63"
"63","000","00","003","0340","1343","848","481","367","20","868","1440","0","60.28","33.4"
"63","000","00","003","0340","1344","930","587","343","36","966","1578","0","61.22","37.2"
"63","000","00","003","0341","0000","2109","1248","861","43","2152","3594","0","59.88","34.72"
"63","000","00","003","0341","1345","709","412","297","19","728","1223","0","59.53","33.69"
"63","000","00","003","0341","1346","638","370","268","13","651","1119","0","58.18","33.07"
"63","000","00","003","0341","1347","762","466","296","11","773","1252","0","61.74","37.22"
"63","000","00","003","0343","0000","4230","2730","1500","139","4369","7232","0","60.41","37.75"
"63","000","00","003","0343","1348","920","553","367","37","957","1576","0","60.72","35.09"
"63","000","00","003","0343","1349","803","496","307","31","834","1425","0","58.53","34.81"
"63","000","00","003","0343","1350","784","486","298","19","803","1450","0","55.38","33.52"
"63","000","00","003","0343","1351","900","699","201","22","922","1444","0","63.85","48.41"
"63","000","00","003","0343","1352","823","496","327","30","853","1337","0","63.8","37.1"
"63","000","00","003","0344","0000","2909","1858","1051","101","3010","5100","0","59.02","36.43"
"63","000","00","003","0344","1353","770","482","288","17","787","1417","0","55.54","34.02"
"63","000","00","003","0344","1354","728","466","262","23","751","1250","0","60.08","37.28"
"63","000","00","003","0344","1355","648","410","238","37","685","1176","0","58.25","34.86"
"63","000","00","003","0344","1356","763","500","263","24","787","1257","0","62.61","39.78"
"63","000","00","003","0346","0000","2751","1685","1066","114","2865","4851","0","59.06","34.74"
"63","000","00","003","0346","1357","715","451","264","36","751","1257","0","59.75","35.88"
"63","000","00","003","0346","1358","662","406","256","28","690","1148","0","60.1","35.37"
"63","000","00","003","0346","1359","799","483","316","27","826","1418","0","58.25","34.06"
"63","000","00","003","0346","1360","575","345","230","23","598","1028","0","58.17","33.56"
"63","000","00","003","0347","0000","3898","2442","1456","139","4037","6796","0","59.4","35.93"
"63","000","00","003","0347","1361","846","508","338","26","872","1445","0","60.35","35.16"
"63","000","00","003","0347","1362","783","486","297","34","817","1361","0","60.03","35.71"
"63","000","00","003","0347","1363","818","556","262","26","844","1343","0","62.84","41.4"
"63","000","00","003","0347","1364","727","456","271","30","757","1267","0","59.75","35.99"
"63","000","00","003","0347","1365","724","436","288","23","747","1380","0","54.13","31.59"
"63","000","00","003","0348","0000","2331","1484","847","101","2432","4312","0","56.4","34.42"
"63","000","00","003","0348","1366","828","502","326","45","873","1524","0","57.28","32.94"
"63","000","00","003","0348","1367","855","564","291","24","879","1470","0","59.8","38.37"
"63","000","00","003","0348","1368","648","418","230","32","680","1318","0","51.59","31.71"
"63","000","00","003","0349","0000","2286","1485","801","73","2359","4254","0","55.45","34.91"
"63","000","00","003","0349","1369","757","482","275","26","783","1430","0","54.76","33.71"
"63","000","00","003","0349","1370","771","510","261","28","799","1386","0","57.65","36.8"
"63","000","00","003","0349","1371","758","493","265","19","777","1438","0","54.03","34.28"
"63","000","00","003","0350","0000","2806","1774","1032","110","2916","5267","0","55.36","33.68"
"63","000","00","003","0350","1372","647","410","237","17","664","1270","0","52.28","32.28"
"63","000","00","003","0350","1373","743","480","263","37","780","1395","0","55.91","34.41"
"63","000","00","003","0350","1374","708","465","243","31","739","1292","0","57.2","35.99"
"63","000","00","003","0350","1375","708","419","289","25","733","1310","0","55.95","31.98"
"63","000","00","003","0351","0000","2936","1822","1114","84","3020","5321","0","56.76","34.24"
"63","000","00","003","0351","1376","729","448","281","27","756","1319","0","57.32","33.97"
"63","000","00","003","0351","1377","783","474","309","19","802","1355","0","59.19","34.98"
"63","000","00","003","0351","1378","675","428","247","17","692","1312","0","52.74","32.62"
"63","000","00","003","0351","1379","749","472","277","21","770","1335","0","57.68","35.36"
"63","000","00","003","0352","0000","2213","1372","841","61","2274","4124","0","55.14","33.27"
"63","000","00","003","0352","1380","773","481","292","25","798","1489","0","53.59","32.3"
"63","000","00","003","0352","1381","752","473","279","19","771","1307","0","58.99","36.19"
"63","000","00","003","0352","1382","688","418","270","17","705","1328","0","53.09","31.48"
"63","000","00","003","0353","0000","2886","1758","1128","107","2993","5169","0","57.9","34.01"
"63","000","00","003","0353","1383","698","440","258","7","705","1277","0","55.21","34.46"
"63","000","00","003","0353","1384","732","443","289","30","762","1314","0","57.99","33.71"
"63","000","00","003","0353","1385","737","459","278","30","767","1270","0","60.39","36.14"
"63","000","00","003","0353","1386","719","416","303","40","759","1308","0","58.03","31.8"
"63","000","00","003","0354","0000","2047","1289","758","73","2120","3647","0","58.13","35.34"
"63","000","00","003","0354","1387","669","419","250","15","684","1138","0","60.11","36.82"
"63","000","00","003","0354","1388","718","464","254","26","744","1333","0","55.81","34.81"
"63","000","00","003","0354","1389","660","406","254","32","692","1176","0","58.84","34.52"
"63","000","00","003","0355","0000","2988","1929","1059","110","3098","5436","0","56.99","35.49"
"63","000","00","003","0355","1390","718","459","259","30","748","1311","0","57.06","35.01"
"63","000","00","003","0355","1391","712","466","246","18","730","1295","0","56.37","35.98"
"63","000","00","003","0355","1392","806","527","279","34","840","1421","0","59.11","37.09"
"63","000","00","003","0355","1393","752","477","275","28","780","1409","0","55.36","33.85"
"63","000","00","003","0356","0000","3706","2284","1422","141","3847","6534","0","58.88","34.96"
"63","000","00","003","0356","1394","817","492","325","30","847","1434","0","59.07","34.31"
"63","000","00","003","0356","1395","743","464","279","46","789","1449","0","54.45","32.02"
"63","000","00","003","0356","1396","736","445","291","26","762","1284","0","59.35","34.66"
"63","000","00","003","0356","1397","691","441","250","21","712","1248","0","57.05","35.34"
"63","000","00","003","0356","1398","719","442","277","18","737","1119","0","65.86","39.5"
"63","000","00","003","0357","0000","1275","810","465","105","1380","2327","0","59.3","34.81"
"63","000","00","003","0357","1399","508","319","189","27","535","883","0","60.59","36.13"
"63","000","00","003","0357","1400","316","214","102","44","360","630","0","57.14","33.97"
"63","000","00","003","0357","1401","451","277","174","34","485","814","0","59.58","34.03"
"63","000","00","004","0000","0000","107124","66307","40817","4427","111551","195148","229680","57.16","33.98"
"63","000","00","004","0401","0000","1580","975","605","48","1628","2854","0","57.04","34.16"
"63","000","00","004","0401","0786","841","508","333","27","868","1522","0","57.03","33.38"
"63","000","00","004","0401","0787","739","467","272","21","760","1332","0","57.06","35.06"
"63","000","00","004","0402","0000","2337","1414","923","101","2438","4755","0","51.27","29.74"
"63","000","00","004","0402","0788","804","483","321","33","837","1656","0","50.54","29.17"
"63","000","00","004","0402","0789","672","416","256","39","711","1367","0","52.01","30.43"
"63","000","00","004","0402","0790","861","515","346","29","890","1732","0","51.39","29.73"
"63","000","00","004","0403","0000","1764","1076","688","72","1836","3284","0","55.91","32.76"
"63","000","00","004","0403","0791","895","543","352","42","937","1634","0","57.34","33.23"
"63","000","00","004","0403","0792","869","533","336","30","899","1650","0","54.48","32.3"
"63","000","00","004","0404","0000","2354","1426","928","92","2446","4046","0","60.45","35.24"
"63","000","00","004","0404","0793","782","481","301","42","824","1392","0","59.2","34.55"
"63","000","00","004","0404","0794","709","417","292","19","728","1177","0","61.85","35.43"
"63","000","00","004","0404","0795","863","528","335","31","894","1477","0","60.53","35.75"
"63","000","00","004","0405","0000","1228","782","446","69","1297","2359","0","54.98","33.15"
"63","000","00","004","0405","0796","543","325","218","38","581","1063","0","54.66","30.57"
"63","000","00","004","0405","0797","685","457","228","31","716","1296","0","55.25","35.26"
"63","000","00","004","0406","0000","3094","1874","1220","129","3223","6065","0","53.14","30.9"
"63","000","00","004","0406","0798","686","410","276","22","708","1330","0","53.23","30.83"
"63","000","00","004","0406","0799","762","461","301","36","798","1483","0","53.81","31.09"
"63","000","00","004","0406","0800","802","492","310","28","830","1542","0","53.83","31.91"
"63","000","00","004","0406","0801","844","511","333","43","887","1710","0","51.87","29.88"
"63","000","00","004","0407","0000","1987","1279","708","81","2068","3822","0","54.11","33.46"
"63","000","00","004","0407","0802","660","422","238","16","676","1315","0","51.41","32.09"
"63","000","00","004","0407","0803","672","439","233","33","705","1245","0","56.63","35.26"
"63","000","00","004","0407","0804","655","418","237","32","687","1262","0","54.44","33.12"
"63","000","00","004","0408","0000","3314","2008","1306","140","3454","6149","0","56.17","32.66"
"63","000","00","004","0408","0805","843","496","347","38","881","1518","0","58.04","32.67"
"63","000","00","004","0408","0806","836","531","305","45","881","1522","0","57.88","34.89"
"63","000","00","004","0408","0807","805","490","315","26","831","1580","0","52.59","31.01"
"63","000","00","004","0408","0808","830","491","339","31","861","1529","0","56.31","32.11"
"63","000","00","004","0409","0000","2012","1258","754","90","2102","3581","0","58.7","35.13"
"63","000","00","004","0409","0809","767","507","260","27","794","1221","0","65.03","41.52"
"63","000","00","004","0409","0810","695","410","285","33","728","1221","0","59.62","33.58"
"63","000","00","004","0409","0811","550","341","209","30","580","1139","0","50.92","29.94"
"63","000","00","004","0410","0000","2250","1392","858","113","2363","4306","0","54.88","32.33"
"63","000","00","004","0410","0812","756","472","284","52","808","1407","0","57.43","33.55"
"63","000","00","004","0410","0813","726","419","307","35","761","1321","0","57.61","31.72"
"63","000","00","004","0410","0814","768","501","267","26","794","1578","0","50.32","31.75"
"63","000","00","004","0411","0000","2480","1500","980","115","2595","4917","0","52.78","30.51"
"63","000","00","004","0411","0815","860","524","336","40","900","1739","0","51.75","30.13"
"63","000","00","004","0411","0816","824","503","321","32","856","1637","0","52.29","30.73"
"63","000","00","004","0411","0817","796","473","323","43","839","1541","0","54.45","30.69"
"63","000","00","004","0412","0000","2012","1212","800","100","2112","3765","0","56.1","32.19"
"63","000","00","004","0412","0818","682","421","261","31","713","1210","0","58.93","34.79"
"63","000","00","004","0412","0819","715","441","274","30","745","1331","0","55.97","33.13"
"63","000","00","004","0412","0820","615","350","265","39","654","1224","0","53.43","28.59"
"63","000","00","004","0413","0000","1780","1298","482","53","1833","3209","0","57.12","40.45"
"63","000","00","004","0413","0824","964","711","253","36","1000","1805","0","55.4","39.39"
"63","000","00","004","0413","0825","816","587","229","17","833","1404","0","59.33","41.81"
"63","000","00","004","0414","0000","4593","2843","1750","177","4770","7819","0","61.01","36.36"
"63","000","00","004","0414","0826","1014","593","421","45","1059","1708","0","62.0","34.72"
"63","000","00","004","0414","0827","897","554","343","26","923","1451","0","63.61","38.18"
"63","000","00","004","0414","0828","1006","603","403","38","1044","1684","0","62.0","35.81"
"63","000","00","004","0414","0829","887","593","294","21","908","1585","0","57.29","37.41"
"63","000","00","004","0414","0830","789","500","289","47","836","1391","0","60.1","35.95"
"63","000","00","004","0415","0000","3284","2050","1234","101","3385","5575","0","60.72","36.77"
"63","000","00","004","0415","0831","866","553","313","49","915","1375","0","66.55","40.22"
"63","000","00","004","0415","0832","895","554","341","11","906","1472","0","61.55","37.64"
"63","000","00","004","0415","0833","715","432","283","23","738","1327","0","55.61","32.55"
"63","000","00","004","0415","0834","808","511","297","18","826","1401","0","58.96","36.47"
"63","000","00","004","0416","0000","4547","2767","1780","122","4669","7980","0","58.51","34.67"
"63","000","00","004","0416","0835","821","527","294","28","849","1423","0","59.66","37.03"
"63","000","00","004","0416","0836","916","561","355","24","940","1569","0","59.91","35.76"
"63","000","00","004","0416","0837","902","556","346","19","921","1651","0","55.78","33.68"
"63","000","00","004","0416","0838","899","527","372","17","916","1624","0","56.4","32.45"
"63","000","00","004","0416","0839","1009","596","413","34","1043","1713","0","60.89","34.79"
"63","000","00","004","0417","0000","520","333","187","30","550","944","0","58.26","35.28"
"63","000","00","004","0417","0862","520","333","187","30","550","944","0","58.26","35.28"
"63","000","00","004","0418","0000","2591","1568","1023","105","2696","4693","0","57.45","33.41"
"63","000","00","004","0418","0846","801","477","324","28","829","1472","0","56.32","32.4"
"63","000","00","004","0418","0847","795","467","328","40","835","1517","0","55.04","30.78"
"63","000","00","004","0418","0848","995","624","371","37","1032","1704","0","60.56","36.62"
"63","000","00","004","0419","0000","2599","1660","939","108","2707","4476","0","60.48","37.09"
"63","000","00","004","0419","0821","879","567","312","35","914","1585","0","57.67","35.77"
"63","000","00","004","0419","0822","907","564","343","41","948","1523","0","62.25","37.03"
"63","000","00","004","0419","0823","813","529","284","32","845","1368","0","61.77","38.67"
"63","000","00","004","0420","0000","2505","1524","981","140","2645","4535","0","58.32","33.61"
"63","000","00","004","0420","0849","915","548","367","33","948","1603","0","59.14","34.19"
"63","000","00","004","0420","0850","738","474","264","57","795","1432","0","55.52","33.1"
"63","000","00","004","0420","0851","852","502","350","50","902","1500","0","60.13","33.47"
"63","000","00","004","0421","0000","3257","2053","1204","137","3394","5635","0","60.23","36.43"
"63","000","00","004","0421","0852","791","505","286","29","820","1332","0","61.56","37.91"
"63","000","00","004","0421","0853","853","523","330","35","888","1450","0","61.24","36.07"
"63","000","00","004","0421","0854","851","522","329","31","882","1434","0","61.51","36.4"
"63","000","00","004","0421","0855","762","503","259","42","804","1419","0","56.66","35.45"
"63","000","00","004","0422","0000","2264","1347","917","89","2353","4400","0","53.48","30.61"
"63","000","00","004","0422","0856","705","439","266","32","737","1292","0","57.04","33.98"
"63","000","00","004","0422","0857","822","471","351","27","849","1526","0","55.64","30.87"
"63","000","00","004","0422","0858","737","437","300","30","767","1582","0","48.48","27.62"
"63","000","00","004","0423","0000","2372","1444","928","124","2496","4584","0","54.45","31.5"
"63","000","00","004","0423","0859","792","473","319","46","838","1588","0","52.77","29.79"
"63","000","00","004","0423","0860","802","504","298","45","847","1463","0","57.89","34.45"
"63","000","00","004","0423","0861","778","467","311","33","811","1533","0","52.9","30.46"
"63","000","00","004","0424","0000","2656","1610","1046","102","2758","6843","0","40.3","23.53"
"63","000","00","004","0424","0863","1055","683","372","35","1090","1745","0","62.46","39.14"
"63","000","00","004","0424","0864","814","473","341","29","843","1679","0","50.21","28.17"
"63","000","00","004","0424","0865","787","454","333","38","825","3419","0","24.13","13.28"
"63","000","00","004","0425","0000","4019","2499","1520","173","4192","7203","0","58.2","34.69"
"63","000","00","004","0425","0866","800","489","311","36","836","1387","0","60.27","35.26"
"63","000","00","004","0425","0867","952","596","356","40","992","1672","0","59.33","35.65"
"63","000","00","004","0425","0868","746","484","262","30","776","1319","0","58.83","36.69"
"63","000","00","004","0425","0869","734","460","274","31","765","1364","0","56.09","33.72"
"63","000","00","004","0425","0870","787","470","317","36","823","1461","0","56.33","32.17"
"63","000","00","004","0426","0000","2033","1242","791","90","2123","3654","0","58.1","33.99"
"63","000","00","004","0426","0871","676","421","255","29","705","1173","0","60.1","35.89"
"63","000","00","004","0426","0872","619","386","233","41","660","1171","0","56.36","32.96"
"63","000","00","004","0426","0873","738","435","303","20","758","1310","0","57.86","33.21"
"63","000","00","004","0427","0000","3935","2430","1505","139","4074","6655","0","61.22","36.51"
"63","000","00","004","0427","0874","812","507","305","26","838","1373","0","61.03","36.93"
"63","000","00","004","0427","0875","773","489","284","29","802","1290","0","62.17","37.91"
"63","000","00","004","0427","0876","800","498","302","35","835","1346","0","62.04","37.0"
"63","000","00","004","0427","0877","855","484","371","31","886","1468","0","60.35","32.97"
"63","000","00","004","0427","0878","695","452","243","18","713","1178","0","60.53","38.37"
"63","000","00","004","0428","0000","3394","2075","1319","145","3539","6102","0","58.0","34.01"
"63","000","00","004","0428","0879","947","570","377","40","987","1654","0","59.67","34.46"
"63","000","00","004","0428","0880","821","497","324","40","861","1464","0","58.81","33.95"
"63","000","00","004","0428","0881","792","504","288","27","819","1450","0","56.48","34.76"
"63","000","00","004","0428","0882","834","504","330","38","872","1534","0","56.84","32.86"
"63","000","00","004","0429","0000","3420","2258","1162","182","3602","6660","0","54.08","33.9"
"63","000","00","004","0429","0883","944","580","364","31","975","1703","0","57.25","34.06"
"63","000","00","004","0429","0884","908","559","349","47","955","1610","0","59.32","34.72"
"63","000","00","004","0429","0885","581","524","57","50","631","1653","0","38.17","31.7"
"63","000","00","004","0429","0886","987","595","392","54","1041","1694","0","61.45","35.12"
"63","000","00","004","0430","0000","2643","1594","1049","120","2763","4824","0","57.28","33.04"
"63","000","00","004","0430","0887","878","537","341","35","913","1623","0","56.25","33.09"
"63","000","00","004","0430","0888","904","538","366","43","947","1618","0","58.53","33.25"
"63","000","00","004","0430","0889","861","519","342","42","903","1583","0","57.04","32.79"
"63","000","00","004","0431","0000","2715","1594","1121","135","2850","4529","0","62.93","35.2"
"63","000","00","004","0431","0890","920","519","401","52","972","1605","0","60.56","32.34"
"63","000","00","004","0431","0891","849","488","361","43","892","1398","0","63.81","34.91"
"63","000","00","004","0431","0892","946","587","359","40","986","1526","0","64.61","38.47"
"63","000","00","004","0432","0000","2609","1570","1039","122","2731","4739","0","57.63","33.13"
"63","000","00","004","0432","0893","850","492","358","51","901","1555","0","57.94","31.64"
"63","000","00","004","0432","0894","867","535","332","23","890","1597","0","55.73","33.5"
"63","000","00","004","0432","0895","892","543","349","48","940","1587","0","59.23","34.22"
"63","000","00","004","0433","0000","1854","1106","748","75","1929","3133","0","61.57","35.3"
"63","000","00","004","0433","0896","949","559","390","28","977","1587","0","61.56","35.22"
"63","000","00","004","0433","0897","905","547","358","47","952","1546","0","61.58","35.38"
"63","000","00","004","0434","0000","2822","1804","1018","121","2943","5094","0","57.77","35.41"
"63","000","00","004","0434","0898","718","481","237","39","757","1322","0","57.26","36.38"
"63","000","00","004","0434","0899","716","453","263","27","743","1267","0","58.64","35.75"
"63","000","00","004","0434","0900","673","410","263","24","697","1210","0","57.6","33.88"
"63","000","00","004","0434","0901","715","460","255","31","746","1295","0","57.61","35.52"
"63","000","00","004","0435","0000","2694","1765","929","111","2805","4474","0","62.7","39.45"
"63","000","00","004","0435","0902","851","515","336","36","887","1467","0","60.46","35.11"
"63","000","00","004","0435","0903","898","613","285","34","932","1491","0","62.51","41.11"
"63","000","00","004","0435","0904","945","637","308","41","986","1516","0","65.04","42.02"
"63","000","00","004","0436","0000","2201","1281","920","88","2289","4035","0","56.73","31.75"
"63","000","00","004","0436","0905","730","428","302","22","752","1384","0","54.34","30.92"
"63","000","00","004","0436","0906","690","398","292","33","723","1138","0","63.53","34.97"
"63","000","00","004","0436","0907","781","455","326","33","814","1513","0","53.8","30.07"
"63","000","00","004","0437","0000","1727","1054","673","91","1818","2988","0","60.84","35.27"
"63","000","00","004","0437","0908","887","532","355","42","929","1559","0","59.59","34.12"
"63","000","00","004","0437","0909","840","522","318","49","889","1429","0","62.21","36.53"
"63","000","00","004","0438","0000","1478","918","560","57","1535","2459","0","62.42","37.33"
"63","000","00","004","0438","0910","747","464","283","21","768","1245","0","61.69","37.27"
"63","000","00","004","0438","0911","731","454","277","36","767","1214","0","63.18","37.4"
"63","000","00","004","0439","0000","2983","1844","1139","87","3070","5339","0","57.5","34.54"
"63","000","00","004","0439","0912","809","477","332","23","832","1394","0","59.68","34.22"
"63","000","00","004","0439","0913","706","430","276","13","719","1336","0","53.82","32.19"
"63","000","00","004","0439","0914","678","426","252","23","701","1227","0","57.13","34.72"
"63","000","00","004","0439","0915","790","511","279","28","818","1382","0","59.19","36.98"
"63","000","00","004","0440","0000","2214","1374","840","96","2310","4100","0","56.34","33.51"
"63","000","00","004","0440","0916","790","508","282","39","829","1436","0","57.73","35.38"
"63","000","00","004","0440","0917","705","419","286","33","738","1405","0","52.53","29.82"
"63","000","00","004","0440","0918","719","447","272","24","743","1259","0","59.02","35.5"
"63","000","00","004","0441","0000","3644","2311","1333","107","3751","6297","0","59.57","36.7"
"63","000","00","004","0441","0840","968","610","358","27","995","1647","0","60.41","37.04"
"63","000","00","004","0441","0841","915","556","359","36","951","1762","0","53.97","31.56"
"63","000","00","004","0441","0842","853","554","299","21","874","1399","0","62.47","39.6"
"63","000","00","004","0441","0843","908","591","317","23","931","1489","0","62.53","39.69"
"63","000","00","004","0442","0000","1359","895","464","50","1409","2267","0","62.15","39.48"
"63","000","00","004","0442","0844","754","484","270","22","776","1269","0","61.15","38.14"
"63","000","00","004","0442","0845","605","411","194","28","633","998","0","63.43","41.18"
"63","000","00","005","0000","0000","72405","45658","26747","2797","75202","128292","159026","58.62","35.59"
"63","000","00","005","0501","0000","1477","911","566","53","1530","2625","0","58.29","34.7"
"63","000","00","005","0501","1001","766","478","288","24","790","1308","0","60.4","36.54"
"63","000","00","005","0501","1002","711","433","278","29","740","1317","0","56.19","32.88"
"63","000","00","005","0502","0000","1238","812","426","61","1299","2197","0","59.13","36.96"
"63","000","00","005","0502","1003","638","419","219","25","663","1069","0","62.02","39.2"
"63","000","00","005","0502","1004","600","393","207","36","636","1128","0","56.38","34.84"
"63","000","00","005","0503","0000","1237","785","452","43","1280","2101","0","60.92","37.36"
"63","000","00","005","0503","1005","615","385","230","32","647","1053","0","61.44","36.56"
"63","000","00","005","0503","1006","622","400","222","11","633","1048","0","60.4","38.17"
"63","000","00","005","0504","0000","2352","1523","829","81","2433","3990","0","60.98","38.17"
"63","000","00","005","0504","1007","701","479","222","38","739","1297","0","56.98","36.93"
"63","000","00","005","0504","1008","709","461","248","15","724","1193","0","60.69","38.64"
"63","000","00","005","0504","1009","942","583","359","28","970","1500","0","64.67","38.87"
"63","000","00","005","0505","0000","2241","1355","886","76","2317","4079","0","56.8","33.22"
"63","000","00","005","0505","1010","739","462","277","20","759","1346","0","56.39","34.32"
"63","000","00","005","0505","1011","706","437","269","22","728","1283","0","56.74","34.06"
"63","000","00","005","0505","1012","796","456","340","34","830","1450","0","57.24","31.45"
"63","000","00","005","0506","0000","3166","1952","1214","115","3281","5329","0","61.57","36.63"
"63","000","00","005","0506","1013","816","492","324","31","847","1433","0","59.11","34.33"
"63","000","00","005","0506","1014","830","494","336","31","861","1309","0","65.78","37.74"
"63","000","00","005","0506","1015","815","523","292","19","834","1386","0","60.17","37.73"
"63","000","00","005","0506","1016","705","443","262","34","739","1201","0","61.53","36.89"
"63","000","00","005","0507","0000","3051","1923","1128","120","3171","5107","0","62.09","37.65"
"63","000","00","005","0507","1017","790","498","292","35","825","1336","0","61.75","37.28"
"63","000","00","005","0507","1018","802","495","307","35","837","1358","0","61.63","36.45"
"63","000","00","005","0507","1019","687","424","263","32","719","1177","0","61.09","36.02"
"63","000","00","005","0507","1020","772","506","266","18","790","1236","0","63.92","40.94"
"63","000","00","005","0508","0000","1673","1057","616","67","1740","2952","0","58.94","35.81"
"63","000","00","005","0508","1021","823","531","292","40","863","1478","0","58.39","35.93"
"63","000","00","005","0508","1022","850","526","324","27","877","1474","0","59.5","35.69"
"63","000","00","005","0509","0000","2799","1765","1034","129","2928","4914","0","59.58","35.92"
"63","000","00","005","0509","1023","662","404","258","30","692","1172","0","59.04","34.47"
"63","000","00","005","0509","1024","734","455","279","40","774","1310","0","59.08","34.73"
"63","000","00","005","0509","1025","721","470","251","36","757","1263","0","59.94","37.21"
"63","000","00","005","0509","1026","682","436","246","23","705","1169","0","60.31","37.3"
"63","000","00","005","0510","0000","2181","1383","798","82","2263","3916","0","57.79","35.32"
"63","000","00","005","0510","1027","742","469","273","29","771","1391","0","55.43","33.72"
"63","000","00","005","0510","1028","694","448","246","16","710","1201","0","59.12","37.3"
"63","000","00","005","0510","1029","745","466","279","37","782","1324","0","59.06","35.2"
"63","000","00","005","0511","0000","2951","1889","1062","162","3113","5279","0","58.97","35.78"
"63","000","00","005","0511","1030","650","488","162","44","694","1216","0","57.07","40.13"
"63","000","00","005","0511","1031","653","389","264","37","690","1183","0","58.33","32.88"
"63","000","00","005","0511","1032","845","532","313","53","898","1469","0","61.13","36.22"
"63","000","00","005","0511","1033","803","480","323","28","831","1411","0","58.89","34.02"
"63","000","00","005","0512","0000","2470","1575","895","142","2612","4497","0","58.08","35.02"
"63","000","00","005","0512","1034","790","487","303","59","849","1398","0","60.73","34.84"
"63","000","00","005","0512","1035","796","508","288","47","843","1479","0","57.0","34.35"
"63","000","00","005","0512","1036","884","580","304","36","920","1620","0","56.79","35.8"
"63","000","00","005","0513","0000","1878","1177","701","58","1936","3160","0","61.27","37.25"
"63","000","00","005","0513","1037","609","388","221","16","625","1041","0","60.04","37.27"
"63","000","00","005","0513","1038","605","367","238","17","622","1056","0","58.9","34.75"
"63","000","00","005","0513","1039","664","422","242","25","689","1063","0","64.82","39.7"
"63","000","00","005","0514","0000","2831","1844","987","168","2999","5865","0","51.13","31.44"
"63","000","00","005","0514","1040","717","451","266","33","750","1591","0","47.14","28.35"
"63","000","00","005","0514","1041","656","438","218","55","711","1502","0","47.34","29.16"
"63","000","00","005","0514","1042","677","432","245","38","715","1331","0","53.72","32.46"
"63","000","00","005","0514","1043","781","523","258","42","823","1441","0","57.11","36.29"
"63","000","00","005","0515","0000","2127","1352","775","77","2204","3562","0","61.88","37.96"
"63","000","00","005","0515","1044","776","488","288","29","805","1273","0","63.24","38.33"
"63","000","00","005","0515","1045","667","415","252","26","693","1133","0","61.17","36.63"
"63","000","00","005","0515","1046","684","449","235","22","706","1156","0","61.07","38.84"
"63","000","00","005","0516","0000","1518","955","563","69","1587","2643","0","60.05","36.13"
"63","000","00","005","0516","1047","773","473","300","32","805","1377","0","58.46","34.35"
"63","000","00","005","0516","1048","745","482","263","37","782","1266","0","61.77","38.07"
"63","000","00","005","0517","0000","1341","849","492","53","1394","2235","0","62.37","37.99"
"63","000","00","005","0517","1049","681","457","224","29","710","1111","0","63.91","41.13"
"63","000","00","005","0517","1050","660","392","268","24","684","1124","0","60.85","34.88"
"63","000","00","005","0518","0000","1530","962","568","57","1587","2724","0","58.26","35.32"
"63","000","00","005","0518","1051","723","422","301","31","754","1373","0","54.92","30.74"
"63","000","00","005","0518","1052","807","540","267","26","833","1351","0","61.66","39.97"
"63","000","00","005","0519","0000","5046","3196","1850","121","5167","8679","0","59.53","36.82"
"63","000","00","005","0519","1053","887","557","330","20","907","1495","0","60.67","37.26"
"63","000","00","005","0519","1054","897","563","334","25","922","1436","0","64.21","39.21"
"63","000","00","005","0519","1055","866","555","311","14","880","1516","0","58.05","36.61"
"63","000","00","005","0519","1056","786","492","294","22","808","1374","0","58.81","35.81"
"63","000","00","005","0519","1057","833","533","300","17","850","1522","0","55.85","35.02"
"63","000","00","005","0519","1058","777","496","281","23","800","1336","0","59.88","37.13"
"63","000","00","005","0520","0000","2656","1641","1015","99","2755","4648","0","59.27","35.31"
"63","000","00","005","0520","1059","893","551","342","24","917","1551","0","59.12","35.53"
"63","000","00","005","0520","1060","914","561","353","47","961","1594","0","60.29","35.19"
"63","000","00","005","0520","1061","849","529","320","28","877","1503","0","58.35","35.2"
"63","000","00","005","0521","0000","4248","2759","1489","132","4380","7237","0","60.52","38.12"
"63","000","00","005","0521","1062","846","557","289","20","866","1455","0","59.52","38.28"
"63","000","00","005","0521","1063","854","546","308","16","870","1439","0","60.46","37.94"
"63","000","00","005","0521","1064","835","520","315","36","871","1469","0","59.29","35.4"
"63","000","00","005","0521","1065","847","594","253","32","879","1430","0","61.47","41.54"
"63","000","00","005","0521","1066","866","542","324","28","894","1444","0","61.91","37.53"
"63","000","00","005","0522","0000","720","458","262","14","734","1254","0","58.53","36.52"
"63","000","00","005","0522","1067","720","458","262","14","734","1254","0","58.53","36.52"
"63","000","00","005","0523","0000","1854","1157","697","88","1942","3213","0","60.44","36.01"
"63","000","00","005","0523","1068","541","333","208","32","573","932","0","61.48","35.73"
"63","000","00","005","0523","1069","609","364","245","36","645","1055","0","61.14","34.5"
"63","000","00","005","0523","1070","704","460","244","20","724","1226","0","59.05","37.52"
"63","000","00","005","0524","0000","1465","939","526","64","1529","2726","0","56.09","34.45"
"63","000","00","005","0524","1071","707","476","231","37","744","1390","0","53.53","34.24"
"63","000","00","005","0524","1072","758","463","295","27","785","1336","0","58.76","34.66"
"63","000","00","005","0525","0000","1538","960","578","77","1615","2780","0","58.09","34.53"
"63","000","00","005","0525","1073","731","452","279","35","766","1419","0","53.98","31.85"
"63","000","00","005","0525","1074","807","508","299","42","849","1361","0","62.38","37.33"
"63","000","00","005","0526","0000","2261","1464","797","54","2315","5016","0","46.15","29.19"
"63","000","00","005","0526","1075","880","566","314","37","917","2520","0","36.39","22.46"
"63","000","00","005","0526","1076","709","476","233","14","723","1224","0","59.07","38.89"
"63","000","00","005","0526","1077","672","422","250","3","675","1272","0","53.07","33.18"
"63","000","00","005","0527","0000","2248","1371","877","87","2335","3951","0","59.1","34.7"
"63","000","00","005","0527","1078","787","453","334","32","819","1400","0","58.5","32.36"
"63","000","00","005","0527","1079","726","446","280","22","748","1319","0","56.71","33.81"
"63","000","00","005","0527","1080","735","472","263","33","768","1232","0","62.34","38.31"
"63","000","00","005","0528","0000","1963","1219","744","85","2048","3274","0","62.55","37.23"
"63","000","00","005","0528","1081","772","482","290","34","806","1265","0","63.72","38.1"
"63","000","00","005","0528","1082","648","397","251","26","674","1055","0","63.89","37.63"
"63","000","00","005","0528","1083","543","340","203","25","568","954","0","59.54","35.64"
"63","000","00","005","0529","0000","2616","1610","1006","115","2731","4703","0","58.07","34.23"
"63","000","00","005","0529","1084","598","385","213","23","621","1018","0","61.0","37.82"
"63","000","00","005","0529","1085","791","494","297","25","816","1431","0","57.02","34.52"
"63","000","00","005","0529","1086","639","369","270","40","679","1271","0","53.42","29.03"
"63","000","00","005","0529","1087","588","362","226","27","615","983","0","62.56","36.83"
"63","000","00","005","0530","0000","3604","2275","1329","125","3729","6409","0","58.18","35.5"
"63","000","00","005","0530","1088","884","547","337","33","917","1594","0","57.53","34.32"
"63","000","00","005","0530","1089","977","644","333","33","1010","1565","0","64.54","41.15"
"63","000","00","005","0530","1090","883","554","329","31","914","1650","0","55.39","33.58"
"63","000","00","005","0530","1091","860","530","330","28","888","1600","0","55.5","33.13"
"63","000","00","005","0531","0000","4125","2540","1585","123","4248","7227","0","58.78","35.15"
"63","000","00","005","0531","1092","779","468","311","18","797","1391","0","57.3","33.64"
"63","000","00","005","0531","1093","970","607","363","34","1004","1769","0","56.76","34.31"
"63","000","00","005","0531","1094","864","517","347","18","882","1487","0","59.31","34.77"
"63","000","00","005","0531","1095","758","481","277","25","783","1291","0","60.65","37.26"
"63","000","00","005","0531","1096","754","467","287","28","782","1289","0","60.67","36.23"
"63","000","00","006","0000","0000","59724","36686","23038","2890","62614","107557","127833","58.21","34.11"
"63","000","00","006","0601","0000","1506","892","614","86","1592","2613","0","60.93","34.14"
"63","000","00","006","0601","0919","711","422","289","44","755","1261","0","59.87","33.47"
"63","000","00","006","0601","0920","795","470","325","42","837","1352","0","61.91","34.76"
"63","000","00","006","0602","0000","1647","1040","607","85","1732","2972","0","58.28","34.99"
"63","000","00","006","0602","0921","816","514","302","37","853","1462","0","58.34","35.16"
"63","000","00","006","0602","0922","831","526","305","48","879","1510","0","58.21","34.83"
"63","000","00","006","0603","0000","2208","1352","856","121","2329","4132","0","56.36","32.72"
"63","000","00","006","0603","0923","782","466","316","25","807","1496","0","53.94","31.15"
"63","000","00","006","0603","0924","711","434","277","43","754","1329","0","56.73","32.66"
"63","000","00","006","0603","0925","715","452","263","53","768","1307","0","58.76","34.58"
"63","000","00","006","0604","0000","1877","1094","783","97","1974","3197","0","61.75","34.22"
"63","000","00","006","0604","0926","603","374","229","31","634","1065","0","59.53","35.12"
"63","000","00","006","0604","0927","616","347","269","26","642","1085","0","59.17","31.98"
"63","000","00","006","0604","0928","658","373","285","40","698","1047","0","66.67","35.63"
"63","000","00","006","0605","0000","2695","1592","1103","126","2821","4703","0","59.98","33.85"
"63","000","00","006","0605","0929","627","342","285","32","659","1215","0","54.24","28.15"
"63","000","00","006","0605","0930","674","401","273","28","702","1117","0","62.85","35.9"
"63","000","00","006","0605","0931","700","418","282","31","731","1186","0","61.64","35.24"
"63","000","00","006","0605","0932","694","431","263","35","729","1185","0","61.52","36.37"
"63","000","00","006","0606","0000","2147","1233","914","84","2231","3923","0","56.87","31.43"
"63","000","00","006","0606","0933","749","462","287","37","786","1359","0","57.84","34.0"
"63","000","00","006","0606","0934","728","440","288","16","744","1273","0","58.44","34.56"
"63","000","00","006","0606","0935","670","331","339","31","701","1291","0","54.3","25.64"
"63","000","00","006","0607","0000","2949","1797","1152","101","3050","5142","0","59.32","34.95"
"63","000","00","006","0607","0936","691","422","269","23","714","1288","0","55.43","32.76"
"63","000","00","006","0607","0937","759","482","277","25","784","1245","0","62.97","38.71"
"63","000","00","006","0607","0938","758","440","318","36","794","1261","0","62.97","34.89"
"63","000","00","006","0607","0939","741","453","288","17","758","1348","0","56.23","33.61"
"63","000","00","006","0608","0000","2453","1505","948","139","2592","4303","0","60.24","34.98"
"63","000","00","006","0608","0940","926","566","360","61","987","1676","0","58.89","33.77"
"63","000","00","006","0608","0941","775","489","286","34","809","1311","0","61.71","37.3"
"63","000","00","006","0608","0942","752","450","302","44","796","1316","0","60.49","34.19"
"63","000","00","006","0609","0000","2395","1429","966","144","2539","4253","0","59.7","33.6"
"63","000","00","006","0609","0943","782","456","326","51","833","1409","0","59.12","32.36"
"63","000","00","006","0609","0944","814","485","329","55","869","1436","0","60.52","33.77"
"63","000","00","006","0609","0945","799","488","311","38","837","1408","0","59.45","34.66"
"63","000","00","006","0610","0000","2076","1248","828","73","2149","3710","0","57.92","33.64"
"63","000","00","006","0610","0946","701","428","273","33","734","1276","0","57.52","33.54"
"63","000","00","006","0610","0947","622","384","238","16","638","1110","0","57.48","34.59"
"63","000","00","006","0610","0948","753","436","317","24","777","1324","0","58.69","32.93"
"63","000","00","006","0611","0000","4736","2986","1750","198","4934","7949","0","62.07","37.56"
"63","000","00","006","0611","0949","576","356","220","23","599","1016","0","58.96","35.04"
"63","000","00","006","0611","0950","619","399","220","26","645","1028","0","62.74","38.81"
"63","000","00","006","0611","0951","676","465","211","31","707","1158","0","61.05","40.16"
"63","000","00","006","0611","0952","675","435","240","30","705","1138","0","61.95","38.22"
"63","000","00","006","0611","0953","702","442","260","32","734","1214","0","60.46","36.41"
"63","000","00","006","0611","0954","688","388","300","22","710","1090","0","65.14","35.6"
"63","000","00","006","0611","0955","800","501","299","34","834","1305","0","63.91","38.39"
"63","000","00","006","0612","0000","2002","1236","766","78","2080","3518","0","59.12","35.13"
"63","000","00","006","0612","0956","635","405","230","25","660","1167","0","56.56","34.7"
"63","000","00","006","0612","0957","646","392","254","26","672","1148","0","58.54","34.15"
"63","000","00","006","0612","0958","721","439","282","27","748","1203","0","62.18","36.49"
"63","000","00","006","0613","0000","3064","1839","1225","142","3206","5427","0","59.07","33.89"
"63","000","00","006","0613","0959","794","482","312","28","822","1441","0","57.04","33.45"
"63","000","00","006","0613","0960","765","489","276","43","808","1315","0","61.44","37.19"
"63","000","00","006","0613","0961","766","429","337","40","806","1393","0","57.86","30.8"
"63","000","00","006","0613","0962","739","439","300","31","770","1278","0","60.25","34.35"
"63","000","00","006","0614","0000","1286","797","489","67","1353","2388","0","56.66","33.38"
"63","000","00","006","0614","0963","655","401","254","26","681","1246","0","54.65","32.18"
"63","000","00","006","0614","0964","631","396","235","41","672","1142","0","58.84","34.68"
"63","000","00","006","0615","0000","1578","970","608","85","1663","2699","0","61.62","35.94"
"63","000","00","006","0615","0965","793","488","305","34","827","1336","0","61.9","36.53"
"63","000","00","006","0615","0966","785","482","303","51","836","1363","0","61.34","35.36"
"63","000","00","006","0616","0000","2444","1511","933","92","2536","4354","0","58.25","34.7"
"63","000","00","006","0616","0967","851","545","306","23","874","1476","0","59.21","36.92"
"63","000","00","006","0616","0968","802","459","343","41","843","1418","0","59.45","32.37"
"63","000","00","006","0616","0969","791","507","284","28","819","1460","0","56.1","34.73"
"63","000","00","006","0617","0000","1081","722","359","96","1177","2468","0","47.69","29.25"
"63","000","00","006","0617","0970","496","365","131","39","535","1222","0","43.78","29.87"
"63","000","00","006","0617","0971","585","357","228","57","642","1246","0","51.52","28.65"
"63","000","00","006","0618","0000","2230","1365","865","65","2295","3885","0","59.07","35.14"
"63","000","00","006","0618","0972","750","471","279","35","785","1256","0","62.5","37.5"
"63","000","00","006","0618","0973","743","452","291","18","761","1289","0","59.04","35.07"
"63","000","00","006","0618","0974","737","442","295","12","749","1340","0","55.9","32.99"
"63","000","00","006","0619","0000","1584","989","595","87","1671","4014","0","41.63","24.64"
"63","000","00","006","0619","0975","800","468","332","34","834","1555","0","53.63","30.1"
"63","000","00","006","0619","0976","784","521","263","53","837","2459","0","34.04","21.19"
"63","000","00","006","0620","0000","2399","1493","906","143","2542","4466","0","56.92","33.43"
"63","000","00","006","0620","0977","503","316","187","41","544","1108","0","49.1","28.52"
"63","000","00","006","0620","0978","450","308","142","37","487","867","0","56.17","35.52"
"63","000","00","006","0620","0979","791","482","309","41","832","1329","0","62.6","36.27"
"63","000","00","006","0620","0980","655","387","268","24","679","1162","0","58.43","33.3"
"63","000","00","006","0621","0000","3009","1837","1172","176","3185","5823","0","54.7","31.55"
"63","000","00","006","0621","0981","745","476","269","48","793","1434","0","55.3","33.19"
"63","000","00","006","0621","0982","744","444","300","49","793","1351","0","58.7","32.86"
"63","000","00","006","0621","0983","786","478","308","47","833","1531","0","54.41","31.22"
"63","000","00","006","0621","0984","734","439","295","32","766","1507","0","50.83","29.13"
"63","000","00","006","0622","0000","4013","2528","1485","163","4176","7142","0","58.47","35.4"
"63","000","00","006","0622","0985","801","467","334","39","840","1488","0","56.45","31.38"
"63","000","00","006","0622","0986","815","506","309","40","855","1384","0","61.78","36.56"
"63","000","00","006","0622","0987","816","555","261","38","854","1460","0","58.49","38.01"
"63","000","00","006","0622","0988","791","529","262","30","821","1371","0","59.88","38.58"
"63","000","00","006","0622","0989","790","471","319","16","806","1439","0","56.01","32.73"
"63","000","00","006","0624","0000","2952","1803","1149","170","3122","5195","0","60.1","34.71"
"63","000","00","006","0624","0990","789","452","337","46","835","1376","0","60.68","32.85"
"63","000","00","006","0624","0991","740","475","265","42","782","1366","0","57.25","34.77"
"63","000","00","006","0624","0992","745","459","286","41","786","1218","0","64.53","37.68"
"63","000","00","006","0624","0993","678","417","261","41","719","1235","0","58.22","33.77"
"63","000","00","006","0625","0000","3260","2124","1136","152","3412","5651","0","60.38","37.59"
"63","000","00","006","0625","0994","739","599","140","16","755","1364","0","55.35","43.91"
"63","000","00","006","0625","0995","848","498","350","52","900","1408","0","63.92","35.37"
"63","000","00","006","0625","0996","823","495","328","37","860","1450","0","59.31","34.14"
"63","000","00","006","0625","0997","850","532","318","47","897","1429","0","62.77","37.23"
"63","000","00","006","0626","0000","2133","1304","829","120","2253","3630","0","62.07","35.92"
"63","000","00","006","0626","0998","683","435","248","37","720","1170","0","61.54","37.18"
"63","000","00","006","0626","0999","702","411","291","39","741","1245","0","59.52","33.01"
"63","000","00","006","0626","1000","748","458","290","44","792","1215","0","65.19","37.7"
"63","000","00","007","0000","0000","87197","55309","31888","4541","91738","164020","189875","55.93","33.72"
"63","000","00","007","0701","0000","2514","1551","963","151","2665","4833","0","55.14","32.09"
"63","000","00","007","0701","1097","736","445","291","45","781","1305","0","59.85","34.1"
"63","000","00","007","0701","1098","545","354","191","57","602","1183","0","50.89","29.92"
"63","000","00","007","0701","1099","644","405","239","25","669","1176","0","56.89","34.44"
"63","000","00","007","0701","1100","589","347","242","24","613","1169","0","52.44","29.68"
"63","000","00","007","0702","0000","1449","911","538","78","1527","3020","0","50.56","30.17"
"63","000","00","007","0702","1101","746","490","256","30","776","1457","0","53.26","33.63"
"63","000","00","007","0702","1102","703","421","282","48","751","1563","0","48.05","26.94"
"63","000","00","007","0703","0000","1650","990","660","64","1714","3386","0","50.62","29.24"
"63","000","00","007","0703","1103","842","510","332","28","870","1771","0","49.12","28.8"
"63","000","00","007","0703","1104","808","480","328","36","844","1615","0","52.26","29.72"
"63","000","00","007","0704","0000","3006","1892","1114","172","3178","5794","0","54.85","32.65"
"63","000","00","007","0704","1105","773","492","281","57","830","1478","0","56.16","33.29"
"63","000","00","007","0704","1106","786","474","312","29","815","1462","0","55.75","32.42"
"63","000","00","007","0704","1107","693","457","236","45","738","1507","0","48.97","30.33"
"63","000","00","007","0704","1108","754","469","285","41","795","1347","0","59.02","34.82"
"63","000","00","007","0705","0000","2987","1789","1198","166","3153","5489","0","57.44","32.59"
"63","000","00","007","0705","1109","691","423","268","39","730","1367","0","53.4","30.94"
"63","000","00","007","0705","1110","744","452","292","39","783","1277","0","61.32","35.4"
"63","000","00","007","0705","1111","804","477","327","42","846","1395","0","60.65","34.19"
"63","000","00","007","0705","1112","748","437","311","46","794","1450","0","54.76","30.14"
"63","000","00","007","0706","0000","2620","1645","975","187","2807","5192","0","54.06","31.68"
"63","000","00","007","0706","1113","657","400","257","41","698","1340","0","52.09","29.85"
"63","000","00","007","0706","1114","626","378","248","39","665","1242","0","53.54","30.43"
"63","000","00","007","0706","1115","653","412","241","66","719","1286","0","55.91","32.04"
"63","000","00","007","0706","1116","684","455","229","41","725","1324","0","54.76","34.37"
"63","000","00","007","0707","0000","2199","1399","800","124","2323","4411","0","52.66","31.72"
"63","000","00","007","0707","1117","807","496","311","52","859","1619","0","53.06","30.64"
"63","000","00","007","0707","1118","646","418","228","35","681","1352","0","50.37","30.92"
"63","000","00","007","0707","1119","746","485","261","37","783","1440","0","54.38","33.68"
"63","000","00","007","0708","0000","1960","1229","731","140","2100","3514","0","59.76","34.97"
"63","000","00","007","0708","1120","680","398","282","44","724","1194","0","60.64","33.33"
"63","000","00","007","0708","1121","648","430","218","46","694","1083","0","64.08","39.7"
"63","000","00","007","0708","1122","632","401","231","50","682","1237","0","55.13","32.42"
"63","000","00","007","0709","0000","2387","1421","966","108","2495","4301","0","58.01","33.04"
"63","000","00","007","0709","1123","858","499","359","31","889","1625","0","54.71","30.71"
"63","000","00","007","0709","1124","761","463","298","42","803","1324","0","60.65","34.97"
"63","000","00","007","0709","1125","768","459","309","35","803","1352","0","59.39","33.95"
"63","000","00","007","0710","0000","2354","1438","916","106","2460","5559","0","44.25","25.87"
"63","000","00","007","0710","1126","719","451","268","38","757","2630","0","28.78","17.15"
"63","000","00","007","0710","1127","873","532","341","39","912","1504","0","60.64","35.37"
"63","000","00","007","0710","1128","762","455","307","29","791","1425","0","55.51","31.93"
"63","000","00","007","0711","0000","3336","2005","1331","180","3516","6398","0","54.95","31.34"
"63","000","00","007","0711","1144","547","340","207","32","579","1052","0","55.04","32.32"
"63","000","00","007","0711","1145","613","360","253","31","644","1135","0","56.74","31.72"
"63","000","00","007","0711","1146","636","390","246","47","683","1225","0","55.76","31.84"
"63","000","00","007","0711","1147","800","486","314","29","829","1583","0","52.37","30.7"
"63","000","00","007","0711","1148","740","429","311","41","781","1403","0","55.67","30.58"
"63","000","00","007","0712","0000","2221","1363","858","132","2353","3995","0","58.9","34.12"
"63","000","00","007","0712","1149","768","473","295","48","816","1406","0","58.04","33.64"
"63","000","00","007","0712","1150","775","494","281","41","816","1401","0","58.24","35.26"
"63","000","00","007","0712","1151","678","396","282","43","721","1188","0","60.69","33.33"
"63","000","00","007","0713","0000","1718","1233","485","71","1789","3076","0","58.16","40.08"
"63","000","00","007","0713","1198","768","542","226","38","806","1485","0","54.28","36.5"
"63","000","00","007","0713","1199","950","691","259","33","983","1591","0","61.79","43.43"
"63","000","00","007","0714","0000","4333","3079","1254","141","4474","7544","0","59.31","40.81"
"63","000","00","007","0714","1200","878","598","280","30","908","1394","0","65.14","42.9"
"63","000","00","007","0714","1201","655","557","98","28","683","1522","0","44.88","36.6"
"63","000","00","007","0714","1202","983","669","314","26","1009","1661","0","60.75","40.28"
"63","000","00","007","0714","1203","943","654","289","25","968","1561","0","62.01","41.9"
"63","000","00","007","0714","1204","874","601","273","32","906","1406","0","64.44","42.75"
"63","000","00","007","0715","0000","2706","1679","1027","148","2854","4891","0","58.35","34.33"
"63","000","00","007","0715","1137","656","404","252","25","681","1228","0","55.46","32.9"
"63","000","00","007","0715","1138","681","439","242","41","722","1268","0","56.94","34.62"
"63","000","00","007","0715","1139","687","435","252","47","734","1207","0","60.81","36.04"
"63","000","00","007","0715","1140","682","401","281","35","717","1188","0","60.35","33.75"
"63","000","00","007","0716","0000","3145","1942","1203","168","3313","6228","0","53.2","31.18"
"63","000","00","007","0716","1152","793","486","307","75","868","1597","0","54.35","30.43"
"63","000","00","007","0716","1153","757","490","267","44","801","1290","0","62.09","37.98"
"63","000","00","007","0716","1154","854","508","346","25","879","1746","0","50.34","29.1"
"63","000","00","007","0716","1155","741","458","283","24","765","1595","0","47.96","28.71"
"63","000","00","007","0717","0000","1805","1175","630","104","1909","3860","0","49.46","30.44"
"63","000","00","007","0717","1141","757","475","282","35","792","1474","0","53.73","32.23"
"63","000","00","007","0717","1142","617","416","201","21","638","1304","0","48.93","31.9"
"63","000","00","007","0717","1143","431","284","147","48","479","1082","0","44.27","26.25"
"63","000","00","007","0718","0000","4158","2589","1569","212","4370","7643","0","57.18","33.87"
"63","000","00","007","0718","1132","760","453","307","52","812","1447","0","56.12","31.31"
"63","000","00","007","0718","1133","825","527","298","41","866","1491","0","58.08","35.35"
"63","000","00","007","0718","1134","865","542","323","33","898","1500","0","59.87","36.13"
"63","000","00","007","0718","1135","894","557","337","41","935","1582","0","59.1","35.21"
"63","000","00","007","0718","1136","814","510","304","45","859","1623","0","52.93","31.42"
"63","000","00","007","0719","0000","2358","1447","911","144","2502","4677","0","53.5","30.94"
"63","000","00","007","0719","1129","793","477","316","42","835","1591","0","52.48","29.98"
"63","000","00","007","0719","1130","773","490","283","42","815","1474","0","55.29","33.24"
"63","000","00","007","0719","1131","792","480","312","60","852","1612","0","52.85","29.78"
"63","000","00","007","0720","0000","1948","1222","726","74","2022","3212","0","62.95","38.04"
"63","000","00","007","0720","1163","607","375","232","25","632","1036","0","61.0","36.2"
"63","000","00","007","0720","1164","647","400","247","21","668","1035","0","64.54","38.65"
"63","000","00","007","0720","1165","694","447","247","28","722","1141","0","63.28","39.18"
"63","000","00","007","0721","0000","2752","1815","937","159","2911","5522","0","52.72","32.87"
"63","000","00","007","0721","1205","690","446","244","33","723","1498","0","48.26","29.77"
"63","000","00","007","0721","1206","663","436","227","45","708","1478","0","47.9","29.5"
"63","000","00","007","0721","1207","615","388","227","49","664","1170","0","56.75","33.16"
"63","000","00","007","0721","1208","784","545","239","32","816","1376","0","59.3","39.61"
"63","000","00","007","0722","0000","2212","1385","827","122","2334","3885","0","60.08","35.65"
"63","000","00","007","0722","1166","725","457","268","31","756","1271","0","59.48","35.96"
"63","000","00","007","0722","1167","751","451","300","62","813","1328","0","61.22","33.96"
"63","000","00","007","0722","1168","736","477","259","29","765","1286","0","59.49","37.09"
"63","000","00","007","0723","0000","1599","1030","569","82","1681","2903","0","57.91","35.48"
"63","000","00","007","0723","1172","918","596","322","42","960","1623","0","59.15","36.72"
"63","000","00","007","0723","1173","681","434","247","40","721","1280","0","56.33","33.91"
"63","000","00","007","0724","0000","3024","1897","1127","226","3250","6128","0","53.04","30.96"
"63","000","00","007","0724","1156","875","534","341","63","938","1701","0","55.14","31.39"
"63","000","00","007","0724","1157","605","354","251","59","664","1339","0","49.59","26.44"
"63","000","00","007","0724","1158","680","452","228","56","736","1484","0","49.6","30.46"
"63","000","00","007","0724","1159","864","557","307","48","912","1604","0","56.86","34.73"
"63","000","00","007","0725","0000","2615","1640","975","114","2729","4923","0","55.43","33.31"
"63","000","00","007","0725","1169","937","576","361","49","986","1679","0","58.73","34.31"
"63","000","00","007","0725","1170","881","549","332","37","918","1619","0","56.7","33.91"
"63","000","00","007","0725","1171","797","515","282","28","825","1625","0","50.77","31.69"
"63","000","00","007","0726","0000","2117","1266","851","120","2237","3767","0","59.38","33.61"
"63","000","00","007","0726","1160","678","416","262","32","710","1197","0","59.31","34.75"
"63","000","00","007","0726","1161","685","395","290","58","743","1347","0","55.16","29.32"
"63","000","00","007","0726","1162","754","455","299","30","784","1223","0","64.1","37.2"
"63","000","00","007","0727","0000","1648","1026","622","91","1739","2911","0","59.74","35.25"
"63","000","00","007","0727","1180","786","466","320","35","821","1342","0","61.18","34.72"
"63","000","00","007","0727","1181","862","560","302","56","918","1569","0","58.51","35.69"
"63","000","00","007","0728","0000","2255","1408","847","94","2349","4194","0","56.01","33.57"
"63","000","00","007","0728","1177","764","459","305","33","797","1373","0","58.05","33.43"
"63","000","00","007","0728","1178","741","463","278","38","779","1394","0","55.88","33.21"
"63","000","00","007","0728","1179","750","486","264","23","773","1427","0","54.17","34.06"
"63","000","00","007","0729","0000","1560","1011","549","75","1635","3234","0","50.56","31.26"
"63","000","00","007","0729","1182","728","487","241","41","769","1514","0","50.79","32.17"
"63","000","00","007","0729","1183","832","524","308","34","866","1720","0","50.35","30.47"
"63","000","00","007","0730","0000","2544","1601","943","118","2662","4533","0","58.72","35.32"
"63","000","00","007","0730","1174","859","533","326","39","898","1608","0","55.85","33.15"
"63","000","00","007","0730","1175","805","507","298","46","851","1453","0","58.57","34.89"
"63","000","00","007","0730","1176","880","561","319","33","913","1472","0","62.02","38.11"
"63","000","00","007","0731","0000","2155","1362","793","129","2284","4154","0","54.98","32.79"
"63","000","00","007","0731","1188","640","419","221","46","686","1307","0","52.49","32.06"
"63","000","00","007","0731","1189","785","507","278","50","835","1420","0","58.8","35.7"
"63","000","00","007","0731","1190","730","436","294","33","763","1427","0","53.47","30.55"
"63","000","00","007","0732","0000","3154","1977","1177","157","3311","5505","0","60.15","35.91"
"63","000","00","007","0732","1184","866","537","329","50","916","1461","0","62.7","36.76"
"63","000","00","007","0732","1185","689","448","241","27","716","1264","0","56.65","35.44"
"63","000","00","007","0732","1186","778","475","303","47","825","1334","0","61.84","35.61"
"63","000","00","007","0732","1187","821","517","304","33","854","1446","0","59.06","35.75"
"63","000","00","007","0733","0000","2707","1834","873","142","2849","4900","0","58.14","37.43"
"63","000","00","007","0733","1191","518","344","174","29","547","956","0","57.22","35.98"
"63","000","00","007","0733","1192","755","487","268","37","792","1352","0","58.58","36.02"
"63","000","00","007","0733","1193","729","512","217","47","776","1370","0","56.64","37.37"
"63","000","00","007","0733","1194","705","491","214","29","734","1222","0","60.07","40.18"
"63","000","00","007","0734","0000","2424","1675","749","108","2532","4365","0","58.01","38.37"
"63","000","00","007","0734","1195","810","607","203","31","841","1375","0","61.16","44.15"
"63","000","00","007","0734","1196","815","546","269","46","861","1463","0","58.85","37.32"
"63","000","00","007","0734","1197","799","522","277","31","830","1527","0","54.35","34.18"
"63","000","00","007","0735","0000","1918","1279","639","86","2004","3296","0","60.8","38.8"
"63","000","00","007","0735","1209","622","398","224","16","638","1093","0","58.37","36.41"
"63","000","00","007","0735","1210","657","452","205","30","687","1084","0","63.38","41.7"
"63","000","00","007","0735","1211","639","429","210","40","679","1119","0","60.68","38.34"
"63","000","00","007","0736","0000","1659","1104","555","48","1707","2777","0","61.47","39.76"
"63","000","00","007","0736","1212","838","573","265","23","861","1381","0","62.35","41.49"
"63","000","00","007","0736","1213","821","531","290","25","846","1396","0","60.6","38.04"
"63","000","00","008","0000","0000","131211","84069","47142","5129","136340","227211","273883","60.01","37.0"
"63","000","00","008","0801","0000","3485","2231","1254","136","3621","6228","0","58.14","35.82"
"63","000","00","008","0801","1402","840","525","315","28","868","1539","0","56.4","34.11"
"63","000","00","008","0801","1403","827","550","277","23","850","1548","0","54.91","35.53"
"63","000","00","008","0801","1404","855","555","300","48","903","1493","0","60.48","37.17"
"63","000","00","008","0801","1405","963","601","362","37","1000","1648","0","60.68","36.47"
"63","000","00","008","0802","0000","3518","2252","1266","122","3640","6155","0","59.14","36.59"
"63","000","00","008","0802","1406","870","546","324","23","893","1544","0","57.84","35.36"
"63","000","00","008","0802","1407","874","577","297","35","909","1557","0","58.38","37.06"
"63","000","00","008","0802","1408","818","514","304","35","853","1514","0","56.34","33.95"
"63","000","00","008","0802","1409","956","615","341","29","985","1540","0","63.96","39.94"
"63","000","00","008","0803","0000","2586","1705","881","99","2685","4365","0","61.51","39.06"
"63","000","00","008","0803","1410","879","570","309","25","904","1466","0","61.66","38.88"
"63","000","00","008","0803","1411","861","582","279","34","895","1444","0","61.98","40.3"
"63","000","00","008","0803","1412","846","553","293","40","886","1455","0","60.89","38.01"
"63","000","00","008","0804","0000","3306","2165","1141","100","3406","5676","0","60.01","38.14"
"63","000","00","008","0804","1413","793","524","269","20","813","1440","0","56.46","36.39"
"63","000","00","008","0804","1414","917","620","297","32","949","1398","0","67.88","44.35"
"63","000","00","008","0804","1415","789","494","295","20","809","1412","0","57.29","34.99"
"63","000","00","008","0804","1416","807","527","280","28","835","1426","0","58.56","36.96"
"63","000","00","008","0805","0000","2494","1582","912","81","2575","4345","0","59.26","36.41"
"63","000","00","008","0805","1417","828","520","308","29","857","1437","0","59.64","36.19"
"63","000","00","008","0805","1418","777","507","270","28","805","1340","0","60.07","37.84"
"63","000","00","008","0805","1419","889","555","334","24","913","1568","0","58.23","35.4"
"63","000","00","008","0806","0000","2865","1851","1014","107","2972","5016","0","59.25","36.9"
"63","000","00","008","0806","1420","797","537","260","20","817","1372","0","59.55","39.14"
"63","000","00","008","0806","1421","597","373","224","19","616","1046","0","58.89","35.66"
"63","000","00","008","0806","1422","710","429","281","42","752","1274","0","59.03","33.67"
"63","000","00","008","0806","1423","761","512","249","26","787","1324","0","59.44","38.67"
"63","000","00","008","0807","0000","2801","1801","1000","90","2891","4829","0","59.87","37.3"
"63","000","00","008","0807","1424","953","609","344","33","986","1722","0","57.26","35.37"
"63","000","00","008","0807","1425","997","665","332","42","1039","1737","0","59.82","38.28"
"63","000","00","008","0807","1426","851","527","324","15","866","1370","0","63.21","38.47"
"63","000","00","008","0808","0000","2299","1462","837","102","2401","3961","0","60.62","36.91"
"63","000","00","008","0808","1427","842","537","305","39","881","1495","0","58.93","35.92"
"63","000","00","008","0808","1428","777","482","295","34","811","1328","0","61.07","36.3"
"63","000","00","008","0808","1429","680","443","237","29","709","1138","0","62.3","38.93"
"63","000","00","008","0809","0000","3822","2490","1332","121","3943","6217","0","63.42","40.05"
"63","000","00","008","0809","1430","879","572","307","22","901","1471","0","61.25","38.89"
"63","000","00","008","0809","1431","695","453","242","20","715","1144","0","62.5","39.6"
"63","000","00","008","0809","1432","727","467","260","33","760","1176","0","64.63","39.71"
"63","000","00","008","0809","1433","744","489","255","28","772","1212","0","63.7","40.35"
"63","000","00","008","0809","1434","777","509","268","18","795","1214","0","65.49","41.93"
"63","000","00","008","0810","0000","2778","1848","930","110","2888","4778","0","60.44","38.68"
"63","000","00","008","0810","1435","645","392","253","29","674","1170","0","57.61","33.5"
"63","000","00","008","0810","1436","777","489","288","33","810","1308","0","61.93","37.39"
"63","000","00","008","0810","1437","711","553","158","22","733","1190","0","61.6","46.47"
"63","000","00","008","0810","1438","645","414","231","26","671","1110","0","60.45","37.3"
"63","000","00","008","0811","0000","1682","1128","554","74","1756","2899","0","60.57","38.91"
"63","000","00","008","0811","1439","862","564","298","36","898","1512","0","59.39","37.3"
"63","000","00","008","0811","1440","820","564","256","38","858","1387","0","61.86","40.66"
"63","000","00","008","0812","0000","2416","1507","909","118","2534","4209","0","60.2","35.8"
"63","000","00","008","0812","1441","780","499","281","37","817","1355","0","60.3","36.83"
"63","000","00","008","0812","1442","784","464","320","42","826","1370","0","60.29","33.87"
"63","000","00","008","0812","1443","852","544","308","39","891","1484","0","60.04","36.66"
"63","000","00","008","0813","0000","2486","1581","905","114","2600","4240","0","61.32","37.29"
"63","000","00","008","0813","1444","998","635","363","49","1047","1786","0","58.62","35.55"
"63","000","00","008","0813","1445","726","480","246","44","770","1260","0","61.11","38.1"
"63","000","00","008","0813","1446","762","466","296","21","783","1194","0","65.58","39.03"
"63","000","00","008","0814","0000","1683","1090","593","83","1766","2936","0","60.15","37.13"
"63","000","00","008","0814","1450","803","532","271","47","850","1450","0","58.62","36.69"
"63","000","00","008","0814","1451","880","558","322","36","916","1486","0","61.64","37.55"
"63","000","00","008","0815","0000","3891","2455","1436","126","4017","6643","0","60.47","36.96"
"63","000","00","008","0815","1452","749","484","265","24","773","1259","0","61.4","38.44"
"63","000","00","008","0815","1453","800","534","266","18","818","1317","0","62.11","40.55"
"63","000","00","008","0815","1454","801","478","323","24","825","1321","0","62.45","36.18"
"63","000","00","008","0815","1455","838","513","325","28","866","1475","0","58.71","34.78"
"63","000","00","008","0815","1456","703","446","257","32","735","1271","0","57.83","35.09"
"63","000","00","008","0816","0000","2940","1896","1044","112","3052","5159","0","59.16","36.75"
"63","000","00","008","0816","1457","941","629","312","32","973","1609","0","60.47","39.09"
"63","000","00","008","0816","1458","815","536","279","29","844","1501","0","56.23","35.71"
"63","000","00","008","0816","1459","531","337","194","21","552","997","0","55.37","33.8"
"63","000","00","008","0816","1460","653","394","259","30","683","1052","0","64.92","37.45"
"63","000","00","008","0817","0000","2903","1889","1014","111","3014","4847","0","62.18","38.97"
"63","000","00","008","0817","1461","734","481","253","31","765","1247","0","61.35","38.57"
"63","000","00","008","0817","1462","698","448","250","39","737","1167","0","63.15","38.39"
"63","000","00","008","0817","1463","773","499","274","18","791","1280","0","61.8","38.98"
"63","000","00","008","0817","1464","698","461","237","23","721","1153","0","62.53","39.98"
"63","000","00","008","0818","0000","3482","2299","1183","132","3614","5817","0","62.13","39.52"
"63","000","00","008","0818","1465","924","587","337","33","957","1557","0","61.46","37.7"
"63","000","00","008","0818","1466","819","566","253","42","861","1444","0","59.63","39.2"
"63","000","00","008","0818","1467","900","575","325","33","933","1459","0","63.95","39.41"
"63","000","00","008","0818","1468","839","571","268","24","863","1357","0","63.6","42.08"
"63","000","00","008","0819","0000","3015","1940","1075","117","3132","4847","0","64.62","40.02"
"63","000","00","008","0819","1469","776","520","256","23","799","1194","0","66.92","43.55"
"63","000","00","008","0819","1470","726","462","264","38","764","1184","0","64.53","39.02"
"63","000","00","008","0819","1471","690","442","248","22","712","1119","0","63.63","39.5"
"63","000","00","008","0819","1472","823","516","307","34","857","1350","0","63.48","38.22"
"63","000","00","008","0820","0000","4329","2888","1441","135","4464","7265","0","61.45","39.75"
"63","000","00","008","0820","1473","823","566","257","24","847","1502","0","56.39","37.68"
"63","000","00","008","0820","1474","906","630","276","38","944","1511","0","62.48","41.69"
"63","000","00","008","0820","1475","917","583","334","25","942","1481","0","63.61","39.37"
"63","000","00","008","0820","1476","904","605","299","27","931","1477","0","63.03","40.96"
"63","000","00","008","0820","1477","779","504","275","21","800","1294","0","61.82","38.95"
"63","000","00","008","0821","0000","2180","1419","761","76","2256","3516","0","64.16","40.36"
"63","000","00","008","0821","1478","682","447","235","26","708","1040","0","68.08","42.98"
"63","000","00","008","0821","1479","807","533","274","28","835","1323","0","63.11","40.29"
"63","000","00","008","0821","1480","691","439","252","22","713","1153","0","61.84","38.07"
"63","000","00","008","0822","0000","3384","2095","1289","130","3514","5896","0","59.6","35.53"
"63","000","00","008","0822","1481","848","559","289","31","879","1525","0","57.64","36.66"
"63","000","00","008","0822","1482","764","514","250","33","797","1412","0","56.44","36.4"
"63","000","00","008","0822","1483","894","520","374","39","933","1473","0","63.34","35.3"
"63","000","00","008","0822","1484","878","502","376","27","905","1486","0","60.9","33.78"
"63","000","00","008","0823","0000","3646","2386","1260","124","3770","6013","0","62.7","39.68"
"63","000","00","008","0823","1485","987","651","336","31","1018","1616","0","63.0","40.28"
"63","000","00","008","0823","1486","909","605","304","37","946","1489","0","63.53","40.63"
"63","000","00","008","0823","1487","815","555","260","27","842","1414","0","59.55","39.25"
"63","000","00","008","0823","1488","935","575","360","29","964","1494","0","64.52","38.49"
"63","000","00","008","0824","0000","4673","2985","1688","168","4841","7764","0","62.35","38.45"
"63","000","00","008","0824","1489","921","601","320","41","962","1547","0","62.18","38.85"
"63","000","00","008","0824","1490","931","614","317","37","968","1587","0","61.0","38.69"
"63","000","00","008","0824","1491","928","577","351","26","954","1515","0","62.97","38.09"
"63","000","00","008","0824","1492","953","611","342","39","992","1573","0","63.06","38.84"
"63","000","00","008","0824","1493","940","582","358","25","965","1542","0","62.58","37.74"
"63","000","00","008","0825","0000","1776","1129","647","93","1869","3536","0","52.86","31.93"
"63","000","00","008","0825","1494","771","494","277","39","810","1465","0","55.29","33.72"
"63","000","00","008","0825","1495","318","201","117","29","347","699","0","49.64","28.76"
"63","000","00","008","0825","1496","687","434","253","25","712","1372","0","51.9","31.63"
"63","000","00","008","0826","0000","3399","2179","1220","134","3533","6057","0","58.33","35.97"
"63","000","00","008","0826","1497","701","451","250","45","746","1448","0","51.52","31.15"
"63","000","00","008","0826","1498","885","592","293","31","916","1548","0","59.17","38.24"
"63","000","00","008","0826","1499","876","553","323","27","903","1501","0","60.16","36.84"
"63","000","00","008","0826","1500","937","583","354","31","968","1560","0","62.05","37.37"
"63","000","00","008","0827","0000","4540","2895","1645","136","4676","7736","0","60.44","37.42"
"63","000","00","008","0827","1501","904","578","326","27","931","1567","0","59.41","36.89"
"63","000","00","008","0827","1502","902","552","350","21","923","1554","0","59.4","35.52"
"63","000","00","008","0827","1503","883","566","317","35","918","1544","0","59.46","36.66"
"63","000","00","008","0827","1504","910","578","332","27","937","1528","0","61.32","37.83"
"63","000","00","008","0827","1505","941","621","320","26","967","1543","0","62.67","40.25"
"63","000","00","008","0828","0000","4258","2689","1569","230","4488","9127","0","49.17","29.46"
"63","000","00","008","0828","1506","906","562","344","45","951","2754","0","34.53","20.41"
"63","000","00","008","0828","1507","846","541","305","48","894","1709","0","52.31","31.66"
"63","000","00","008","0828","1508","815","551","264","56","871","1515","0","57.49","36.37"
"63","000","00","008","0828","1509","820","520","300","42","862","1571","0","54.87","33.1"
"63","000","00","008","0828","1510","871","515","356","39","910","1578","0","57.67","32.64"
"63","000","00","008","0829","0000","3754","2428","1326","176","3930","6503","0","60.43","37.34"
"63","000","00","008","0829","1511","800","516","284","26","826","1454","0","56.81","35.49"
"63","000","00","008","0829","1512","811","526","285","44","855","1436","0","59.54","36.63"
"63","000","00","008","0829","1513","858","569","289","34","892","1402","0","63.62","40.58"
"63","000","00","008","0829","1514","672","428","244","28","700","1117","0","62.67","38.32"
"63","000","00","008","0829","1515","613","389","224","44","657","1094","0","60.05","35.56"
"63","000","00","008","0830","0000","4282","2762","1520","193","4475","7402","0","60.46","37.31"
"63","000","00","008","0830","1519","755","492","263","30","785","1385","0","56.68","35.52"
"63","000","00","008","0830","1520","807","492","315","39","846","1416","0","59.75","34.75"
"63","000","00","008","0830","1521","873","577","296","34","907","1412","0","64.24","40.86"
"63","000","00","008","0830","1522","847","545","302","46","893","1535","0","58.18","35.5"
"63","000","00","008","0830","1523","1000","656","344","44","1044","1654","0","63.12","39.66"
"63","000","00","008","0831","0000","2890","1889","1001","118","3008","4781","0","62.92","39.51"
"63","000","00","008","0831","1524","706","446","260","25","731","1156","0","63.24","38.58"
"63","000","00","008","0831","1525","757","465","292","28","785","1231","0","63.77","37.77"
"63","000","00","008","0831","1526","696","523","173","38","734","1218","0","60.26","42.94"
"63","000","00","008","0831","1527","731","455","276","27","758","1176","0","64.46","38.69"
"63","000","00","008","0832","0000","2757","1749","1008","153","2910","4889","0","59.52","35.77"
"63","000","00","008","0832","1532","895","573","322","37","932","1613","0","57.78","35.52"
"63","000","00","008","0832","1533","971","620","351","63","1034","1697","0","60.93","36.54"
"63","000","00","008","0832","1534","891","556","335","53","944","1579","0","59.78","35.21"
"63","000","00","008","0833","0000","4031","2530","1501","164","4195","6932","0","60.52","36.5"
"63","000","00","008","0833","1538","960","571","389","36","996","1646","0","60.51","34.69"
"63","000","00","008","0833","1539","749","480","269","39","788","1286","0","61.28","37.33"
"63","000","00","008","0833","1540","719","443","276","17","736","1219","0","60.38","36.34"
"63","000","00","008","0833","1541","781","493","288","32","813","1292","0","62.93","38.16"
"63","000","00","008","0833","1542","822","543","279","40","862","1489","0","57.89","36.47"
"63","000","00","008","0834","0000","2843","1749","1094","92","2935","5133","0","57.18","34.07"
"63","000","00","008","0834","1547","882","544","338","28","910","1816","0","50.11","29.96"
"63","000","00","008","0834","1548","573","342","231","23","596","985","0","60.51","34.72"
"63","000","00","008","0834","1549","794","497","297","17","811","1314","0","61.72","37.82"
"63","000","00","008","0834","1550","594","366","228","24","618","1018","0","60.71","35.95"
"63","000","00","008","0835","0000","4121","2556","1565","158","4279","7131","0","60.01","35.84"
"63","000","00","008","0835","1551","912","548","364","29","941","1578","0","59.63","34.73"
"63","000","00","008","0835","1552","822","505","317","36","858","1457","0","58.89","34.66"
"63","000","00","008","0835","1553","794","521","273","28","822","1326","0","61.99","39.29"
"63","000","00","008","0835","1554","836","515","321","26","862","1393","0","61.88","36.97"
"63","000","00","008","0835","1555","757","467","290","39","796","1377","0","57.81","33.91"
"63","000","00","008","0836","0000","1868","1138","730","121","1989","3454","0","57.59","32.95"
"63","000","00","008","0836","1560","758","465","293","37","795","1288","0","61.72","36.1"
"63","000","00","008","0836","1561","679","410","269","37","716","1301","0","55.03","31.51"
"63","000","00","008","0836","1562","431","263","168","47","478","865","0","55.26","30.4"
"63","000","00","008","0837","0000","416","263","153","27","443","789","0","56.15","33.33"
"63","000","00","008","0837","1563","416","263","153","27","443","789","0","56.15","33.33"
"63","000","00","008","0838","0000","2244","1500","744","89","2333","3615","0","64.54","41.49"
"63","000","00","008","0838","1516","659","445","214","30","689","1070","0","64.39","41.59"
"63","000","00","008","0838","1517","820","549","271","33","853","1319","0","64.67","41.62"
"63","000","00","008","0838","1518","765","506","259","26","791","1226","0","64.52","41.27"
"63","000","00","008","0839","0000","3547","2233","1314","159","3706","6498","0","57.03","34.36"
"63","000","00","008","0839","1543","953","550","403","36","989","1611","0","61.39","34.14"
"63","000","00","008","0839","1544","780","490","290","36","816","1549","0","52.68","31.63"
"63","000","00","008","0839","1545","911","601","310","41","952","1678","0","56.73","35.82"
"63","000","00","008","0839","1546","903","592","311","46","949","1660","0","57.17","35.66"
"63","000","00","008","0840","0000","3696","2172","1524","113","3809","6091","0","62.53","35.66"
"63","000","00","008","0840","1556","846","487","359","25","871","1448","0","60.15","33.63"
"63","000","00","008","0840","1557","884","533","351","34","918","1447","0","63.44","36.83"
"63","000","00","008","0840","1558","1104","645","459","33","1137","1739","0","65.38","37.09"
"63","000","00","008","0840","1559","862","507","355","21","883","1457","0","60.6","34.8"
"63","000","00","008","0841","0000","3114","1975","1139","116","3230","5308","0","60.85","37.21"
"63","000","00","008","0841","1528","861","534","327","4","865","1392","0","62.14","38.36"
"63","000","00","008","0841","1529","727","459","268","57","784","1323","0","59.26","34.69"
"63","000","00","008","0841","1530","739","482","257","24","763","1297","0","58.83","37.16"
"63","000","00","008","0841","1531","787","500","287","31","818","1296","0","63.12","38.58"
"63","000","00","008","0842","0000","2564","1683","881","91","2655","4385","0","60.55","38.38"
"63","000","00","008","0842","1447","828","520","308","33","861","1444","0","59.63","36.01"
"63","000","00","008","0842","1448","871","579","292","32","903","1495","0","60.4","38.73"
"63","000","00","008","0842","1449","865","584","281","26","891","1446","0","61.62","40.39"
"63","000","00","008","0843","0000","2447","1605","842","78","2525","4223","0","59.79","38.01"
"63","000","00","008","0843","1535","798","513","285","39","837","1320","0","63.41","38.86"
"63","000","00","008","0843","1536","853","553","300","21","874","1438","0","60.78","38.46"
"63","000","00","008","0843","1537","796","539","257","18","814","1465","0","55.56","36.79"
"63","000","00","009","0000","0000","57450","35738","21712","2126","59576","101907","121769","58.46","35.07"
"63","000","00","009","0901","0000","2941","1859","1082","109","3050","5655","0","53.93","32.87"
"63","000","00","009","0901","0455","698","441","257","21","719","1280","0","56.17","34.45"
"63","000","00","009","0901","0456","763","485","278","21","784","1351","0","58.03","35.9"
"63","000","00","009","0901","0457","768","485","283","34","802","1345","0","59.63","36.06"
"63","000","00","009","0901","0458","712","448","264","33","745","1679","0","44.37","26.68"
"63","000","00","009","0902","0000","1666","1016","650","70","1736","3315","0","52.37","30.65"
"63","000","00","009","0902","0459","848","499","349","32","880","1680","0","52.38","29.7"
"63","000","00","009","0902","0460","818","517","301","38","856","1635","0","52.35","31.62"
"63","000","00","009","0903","0000","2103","1311","792","104","2207","3486","0","63.31","37.61"
"63","000","00","009","0903","0465","674","429","245","24","698","1086","0","64.27","39.5"
"63","000","00","009","0903","0466","738","460","278","41","779","1202","0","64.81","38.27"
"63","000","00","009","0903","0467","691","422","269","39","730","1198","0","60.93","35.23"
"63","000","00","009","0904","0000","3447","2168","1279","97","3544","6330","0","55.99","34.25"
"63","000","00","009","0904","0461","772","491","281","26","798","1459","0","54.69","33.65"
"63","000","00","009","0904","0462","970","610","360","20","990","1706","0","58.03","35.76"
"63","000","00","009","0904","0463","882","554","328","37","919","1674","0","54.9","33.09"
"63","000","00","009","0904","0464","823","513","310","14","837","1491","0","56.14","34.41"
"63","000","00","009","0905","0000","3473","2152","1321","131","3604","6336","0","56.88","33.96"
"63","000","00","009","0905","0483","766","466","300","37","803","1518","0","52.9","30.7"
"63","000","00","009","0905","0484","925","579","346","34","959","1552","0","61.79","37.31"
"63","000","00","009","0905","0485","888","559","329","17","905","1658","0","54.58","33.72"
"63","000","00","009","0905","0486","894","548","346","43","937","1608","0","58.27","34.08"
"63","000","00","009","0906","0000","1779","1125","654","62","1841","3337","0","55.17","33.71"
"63","000","00","009","0906","0504","814","505","309","25","839","1649","0","50.88","30.62"
"63","000","00","009","0906","0505","965","620","345","37","1002","1688","0","59.36","36.73"
"63","000","00","009","0907","0000","2376","1489","887","75","2451","4093","0","59.88","36.38"
"63","000","00","009","0907","0490","799","487","312","27","826","1397","0","59.13","34.86"
"63","000","00","009","0907","0491","786","502","284","28","814","1352","0","60.21","37.13"
"63","000","00","009","0907","0492","791","500","291","20","811","1344","0","60.34","37.2"
"63","000","00","009","0908","0000","2250","1368","882","84","2334","4165","0","56.04","32.85"
"63","000","00","009","0908","0493","739","438","301","26","765","1385","0","55.23","31.62"
"63","000","00","009","0908","0494","770","474","296","34","804","1399","0","57.47","33.88"
"63","000","00","009","0908","0495","741","456","285","24","765","1381","0","55.39","33.02"
"63","000","00","009","0909","0000","2314","1419","895","94","2408","4228","0","56.95","33.56"
"63","000","00","009","0909","0496","813","514","299","42","855","1548","0","55.23","33.2"
"63","000","00","009","0909","0497","640","377","263","24","664","1190","0","55.8","31.68"
"63","000","00","009","0909","0498","861","528","333","28","889","1490","0","59.66","35.44"
"63","000","00","009","0910","0000","3510","2213","1297","126","3636","5983","0","60.77","36.99"
"63","000","00","009","0910","0499","663","428","235","19","682","1096","0","62.23","39.05"
"63","000","00","009","0910","0500","750","458","292","21","771","1238","0","62.28","37.0"
"63","000","00","009","0910","0501","766","485","281","29","795","1271","0","62.55","38.16"
"63","000","00","009","0910","0502","645","423","222","25","670","1146","0","58.46","36.91"
"63","000","00","009","0910","0503","686","419","267","32","718","1232","0","58.28","34.01"
"63","000","00","009","0911","0000","4087","2619","1468","145","4232","6741","0","62.78","38.85"
"63","000","00","009","0911","0518","747","489","258","28","775","1225","0","63.27","39.92"
"63","000","00","009","0911","0519","861","578","283","11","872","1264","0","68.99","45.73"
"63","000","00","009","0911","0520","965","590","375","57","1022","1649","0","61.98","35.78"
"63","000","00","009","0911","0521","747","460","287","21","768","1267","0","60.62","36.31"
"63","000","00","009","0911","0522","767","502","265","28","795","1336","0","59.51","37.57"
"63","000","00","009","0912","0000","2238","1381","857","81","2319","3805","0","60.95","36.29"
"63","000","00","009","0912","0509","717","446","271","40","757","1195","0","63.35","37.32"
"63","000","00","009","0912","0510","743","440","303","7","750","1254","0","59.81","35.09"
"63","000","00","009","0912","0511","778","495","283","34","812","1356","0","59.88","36.5"
"63","000","00","009","0913","0000","2343","1347","996","107","2450","4011","0","61.08","33.58"
"63","000","00","009","0913","0512","773","478","295","66","839","1363","0","61.56","35.07"
"63","000","00","009","0913","0513","796","400","396","24","820","1317","0","62.26","30.37"
"63","000","00","009","0913","0514","774","469","305","17","791","1331","0","59.43","35.24"
"63","000","00","009","0914","0000","2665","1713","952","93","2758","4733","0","58.27","36.19"
"63","000","00","009","0914","0515","904","543","361","36","940","1610","0","58.39","33.73"
"63","000","00","009","0914","0516","856","593","263","21","877","1542","0","56.87","38.46"
"63","000","00","009","0914","0517","905","577","328","36","941","1581","0","59.52","36.5"
"63","000","00","009","0915","0000","2596","1653","943","93","2689","4508","0","59.65","36.67"
"63","000","00","009","0915","0506","880","552","328","34","914","1503","0","60.81","36.73"
"63","000","00","009","0915","0507","885","557","328","22","907","1542","0","58.82","36.12"
"63","000","00","009","0915","0508","831","544","287","37","868","1463","0","59.33","37.18"
"63","000","00","009","0916","0000","4036","2530","1506","196","4232","7922","0","53.42","31.94"
"63","000","00","009","0916","0478","797","505","292","43","840","1529","0","54.94","33.03"
"63","000","00","009","0916","0479","827","492","335","43","870","1618","0","53.77","30.41"
"63","000","00","009","0916","0480","719","447","272","41","760","1545","0","49.19","28.93"
"63","000","00","009","0916","0481","869","581","288","33","902","1569","0","57.49","37.03"
"63","000","00","009","0916","0482","824","505","319","36","860","1661","0","51.78","30.4"
"63","000","00","009","0917","0000","4712","2732","1980","162","4874","8171","0","59.65","33.44"
"63","000","00","009","0917","0468","770","456","314","22","792","1430","0","55.38","31.89"
"63","000","00","009","0917","0469","758","434","324","34","792","1275","0","62.12","34.04"
"63","000","00","009","0917","0470","826","450","376","42","868","1344","0","64.58","33.48"
"63","000","00","009","0917","0471","822","469","353","16","838","1391","0","60.24","33.72"
"63","000","00","009","0917","0472","801","474","327","20","821","1342","0","61.18","35.32"
"63","000","00","009","0917","0473","735","449","286","28","763","1389","0","54.93","32.33"
"63","000","00","009","0918","0000","3223","2064","1159","105","3328","5592","0","59.51","36.91"
"63","000","00","009","0918","0474","838","509","329","33","871","1426","0","61.08","35.69"
"63","000","00","009","0918","0475","785","533","252","21","806","1359","0","59.31","39.22"
"63","000","00","009","0918","0476","771","490","281","27","798","1366","0","58.42","35.87"
"63","000","00","009","0918","0477","829","532","297","24","853","1441","0","59.2","36.92"
"63","000","00","009","0919","0000","2977","1899","1078","104","3081","4916","0","62.67","38.63"
"63","000","00","009","0919","0523","707","455","252","26","733","1162","0","63.08","39.16"
"63","000","00","009","0919","0524","609","354","255","25","634","1045","0","60.67","33.88"
"63","000","00","009","0919","0525","874","569","305","33","907","1351","0","67.14","42.12"
"63","000","00","009","0919","0526","787","521","266","20","807","1358","0","59.43","38.37"
"63","000","00","009","0920","0000","2714","1680","1034","88","2802","4580","0","61.18","36.68"
"63","000","00","009","0920","0487","792","473","319","35","827","1475","0","56.07","32.07"
"63","000","00","009","0920","0488","1038","646","392","29","1067","1722","0","61.96","37.51"
"63","000","00","009","0920","0489","884","561","323","24","908","1383","0","65.65","40.56"
"63","000","00","010","0000","0000","134102","83195","50907","4545","138647","236824","287227","58.54","35.13"
"63","000","00","010","1001","0000","3631","2258","1373","131","3762","6500","0","57.88","34.74"
"63","000","00","010","1001","0305","865","550","315","18","883","1661","0","53.16","33.11"
"63","000","00","010","1001","0306","859","525","334","38","897","1602","0","55.99","32.77"
"63","000","00","010","1001","0307","975","633","342","40","1015","1655","0","61.33","38.25"
"63","000","00","010","1001","0308","932","550","382","35","967","1582","0","61.13","34.77"
"63","000","00","010","1002","0000","4678","2871","1807","190","4868","8357","0","58.25","34.35"
"63","000","00","010","1002","0309","913","543","370","31","944","1688","0","55.92","32.17"
"63","000","00","010","1002","0310","958","569","389","46","1004","1737","0","57.8","32.76"
"63","000","00","010","1002","0311","1035","634","401","31","1066","1809","0","58.93","35.05"
"63","000","00","010","1002","0312","765","482","283","23","788","1376","0","57.27","35.03"
"63","000","00","010","1002","0313","1007","643","364","59","1066","1747","0","61.02","36.81"
"63","000","00","010","1003","0000","3601","2212","1389","117","3718","5914","0","62.87","37.4"
"63","000","00","010","1003","0314","838","516","322","18","856","1389","0","61.63","37.15"
"63","000","00","010","1003","0315","879","542","337","35","914","1454","0","62.86","37.28"
"63","000","00","010","1003","0316","907","529","378","31","938","1468","0","63.9","36.04"
"63","000","00","010","1003","0317","977","625","352","33","1010","1603","0","63.01","38.99"
"63","000","00","010","1005","0000","3068","1907","1161","95","3163","5276","0","59.95","36.14"
"63","000","00","010","1005","0318","997","618","379","21","1018","1795","0","56.71","34.43"
"63","000","00","010","1005","0319","1058","655","403","36","1094","1737","0","62.98","37.71"
"63","000","00","010","1005","0320","1013","634","379","38","1051","1744","0","60.26","36.35"
"63","000","00","010","1006","0000","2724","1691","1033","89","2813","4732","0","59.45","35.74"
"63","000","00","010","1006","0321","944","598","346","38","982","1661","0","59.12","36.0"
"63","000","00","010","1006","0322","875","513","362","34","909","1577","0","57.64","32.53"
"63","000","00","010","1006","0323","905","580","325","17","922","1494","0","61.71","38.82"
"63","000","00","010","1007","0000","4735","3042","1693","171","4906","8285","0","59.22","36.72"
"63","000","00","010","1007","0324","930","589","341","29","959","1626","0","58.98","36.22"
"63","000","00","010","1007","0325","937","584","353","39","976","1641","0","59.48","35.59"
"63","000","00","010","1007","0326","887","545","342","32","919","1554","0","59.14","35.07"
"63","000","00","010","1007","0327","1028","710","318","40","1068","1728","0","61.81","41.09"
"63","000","00","010","1007","0328","953","614","339","31","984","1736","0","56.68","35.37"
"63","000","00","010","1008","0000","4461","2775","1686","134","4595","7740","0","59.37","35.85"
"63","000","00","010","1008","0329","905","559","346","35","940","1461","0","64.34","38.26"
"63","000","00","010","1008","0330","871","574","297","26","897","1509","0","59.44","38.04"
"63","000","00","010","1008","0331","768","462","306","15","783","1358","0","57.66","34.02"
"63","000","00","010","1008","0332","984","607","377","24","1008","1761","0","57.24","34.47"
"63","000","00","010","1008","0333","933","573","360","34","967","1651","0","58.57","34.71"
"63","000","00","010","1009","0000","3049","1923","1126","130","3179","5472","0","58.1","35.14"
"63","000","00","010","1009","0334","1031","644","387","49","1080","1809","0","59.7","35.6"
"63","000","00","010","1009","0335","989","609","380","42","1031","1773","0","58.15","34.35"
"63","000","00","010","1009","0336","1029","670","359","39","1068","1890","0","56.51","35.45"
"63","000","00","010","1010","0000","4331","2717","1614","136","4467","7310","0","61.11","37.17"
"63","000","00","010","1010","0337","1085","647","438","39","1124","1760","0","63.86","36.76"
"63","000","00","010","1010","0338","955","605","350","27","982","1645","0","59.7","36.78"
"63","000","00","010","1010","0339","816","507","309","18","834","1324","0","62.99","38.29"
"63","000","00","010","1010","0340","642","438","204","22","664","1072","0","61.94","40.86"
"63","000","00","010","1010","0341","833","520","313","30","863","1509","0","57.19","34.46"
"63","000","00","010","1011","0000","3998","2616","1382","127","4125","7069","0","58.35","37.01"
"63","000","00","010","1011","0342","980","610","370","31","1011","1715","0","58.95","35.57"
"63","000","00","010","1011","0343","925","655","270","34","959","1774","0","54.06","36.92"
"63","000","00","010","1011","0344","1097","710","387","31","1128","1796","0","62.81","39.53"
"63","000","00","010","1011","0345","996","641","355","31","1027","1784","0","57.57","35.93"
"63","000","00","010","1012","0000","2851","1656","1195","99","2950","4835","0","61.01","34.25"
"63","000","00","010","1012","0346","837","494","343","50","887","1417","0","62.6","34.86"
"63","000","00","010","1012","0347","960","529","431","20","980","1699","0","57.68","31.14"
"63","000","00","010","1012","0348","1054","633","421","29","1083","1719","0","63.0","36.82"
"63","000","00","010","1013","0000","2631","1641","990","82","2713","4784","0","56.71","34.3"
"63","000","00","010","1013","0349","996","603","393","21","1017","1715","0","59.3","35.16"
"63","000","00","010","1013","0350","854","510","344","24","878","1634","0","53.73","31.21"
"63","000","00","010","1013","0351","781","528","253","37","818","1435","0","57.0","36.79"
"63","000","00","010","1014","0000","3291","2057","1234","128","3419","5804","0","58.91","35.44"
"63","000","00","010","1014","0352","817","525","292","19","836","1440","0","58.06","36.46"
"63","000","00","010","1014","0353","871","534","337","28","899","1446","0","62.17","36.93"
"63","000","00","010","1014","0354","861","541","320","42","903","1657","0","54.5","32.65"
"63","000","00","010","1014","0355","742","457","285","39","781","1261","0","61.93","36.24"
"63","000","00","010","1015","0000","3664","2272","1392","135","3799","6183","0","61.44","36.75"
"63","000","00","010","1015","0356","222","144","78","17","239","456","0","52.41","31.58"
"63","000","00","010","1015","0357","920","559","361","25","945","1433","0","65.95","39.01"
"63","000","00","010","1015","0358","873","525","348","26","899","1485","0","60.54","35.35"
"63","000","00","010","1015","0359","896","567","329","24","920","1590","0","57.86","35.66"
"63","000","00","010","1015","0360","753","477","276","43","796","1219","0","65.3","39.13"
"63","000","00","010","1016","0000","2853","1871","982","107","2960","5096","0","58.08","36.72"
"63","000","00","010","1016","0361","925","608","317","44","969","1732","0","55.95","35.1"
"63","000","00","010","1016","0362","993","659","334","29","1022","1727","0","59.18","38.16"
"63","000","00","010","1016","0363","935","604","331","34","969","1637","0","59.19","36.9"
"63","000","00","010","1017","0000","4284","2644","1640","117","4401","7433","0","59.21","35.57"
"63","000","00","010","1017","0364","812","500","312","31","843","1453","0","58.02","34.41"
"63","000","00","010","1017","0365","905","584","321","19","924","1617","0","57.14","36.12"
"63","000","00","010","1017","0366","884","546","338","21","905","1604","0","56.42","34.04"
"63","000","00","010","1017","0367","881","535","346","19","900","1406","0","64.01","38.05"
"63","000","00","010","1017","0368","802","479","323","27","829","1353","0","61.27","35.4"
"63","000","00","010","1018","0000","3541","2198","1343","93","3634","6052","0","60.05","36.32"
"63","000","00","010","1018","0369","1018","647","371","28","1046","1724","0","60.67","37.53"
"63","000","00","010","1018","0370","821","493","328","20","841","1378","0","61.03","35.78"
"63","000","00","010","1018","0371","847","536","311","20","867","1403","0","61.8","38.2"
"63","000","00","010","1018","0372","855","522","333","25","880","1547","0","56.88","33.74"
"63","000","00","010","1019","0000","4185","2571","1614","142","4327","7177","0","60.29","35.82"
"63","000","00","010","1019","0373","1018","606","412","27","1045","1718","0","60.83","35.27"
"63","000","00","010","1019","0374","1009","606","403","34","1043","1813","0","57.53","33.43"
"63","000","00","010","1019","0375","1059","692","367","43","1102","1791","0","61.53","38.64"
"63","000","00","010","1019","0376","1099","667","432","38","1137","1855","0","61.29","35.96"
"63","000","00","010","1020","0000","3961","2548","1413","132","4093","6880","0","59.49","37.03"
"63","000","00","010","1020","0377","1013","668","345","18","1031","1731","0","59.56","38.59"
"63","000","00","010","1020","0378","991","610","381","32","1023","1593","0","64.22","38.29"
"63","000","00","010","1020","0379","976","647","329","41","1017","1869","0","54.41","34.62"
"63","000","00","010","1020","0380","981","623","358","41","1022","1687","0","60.58","36.93"
"63","000","00","010","1021","0000","2489","1604","885","85","2574","4144","0","62.11","38.71"
"63","000","00","010","1021","0381","907","567","340","18","925","1530","0","60.46","37.06"
"63","000","00","010","1021","0382","774","496","278","29","803","1300","0","61.77","38.15"
"63","000","00","010","1021","0383","808","541","267","38","846","1314","0","64.38","41.17"
"63","000","00","010","1022","0000","4939","2976","1963","169","5108","8925","0","57.23","33.34"
"63","000","00","010","1022","0384","749","458","291","20","769","1433","0","53.66","31.96"
"63","000","00","010","1022","0385","776","478","298","23","799","1450","0","55.1","32.97"
"63","000","00","010","1022","0386","884","525","359","47","931","1608","0","57.9","32.65"
"63","000","00","010","1022","0387","809","484","325","37","846","1414","0","59.83","34.23"
"63","000","00","010","1022","0388","868","520","348","23","891","1492","0","59.72","34.85"
"63","000","00","010","1022","0389","853","511","342","19","872","1528","0","57.07","33.44"
"63","000","00","010","1023","0000","3658","2324","1334","137","3795","6634","0","57.21","35.03"
"63","000","00","010","1023","0390","949","587","362","35","984","1692","0","58.16","34.69"
"63","000","00","010","1023","0391","869","538","331","51","920","1556","0","59.13","34.58"
"63","000","00","010","1023","0392","901","547","354","22","923","1637","0","56.38","33.41"
"63","000","00","010","1023","0393","939","652","287","29","968","1749","0","55.35","37.28"
"63","000","00","010","1024","0000","4066","2500","1566","163","4229","7348","0","57.55","34.02"
"63","000","00","010","1024","0394","662","422","240","19","681","1220","0","55.82","34.59"
"63","000","00","010","1024","0395","889","560","329","43","932","1600","0","58.25","35.0"
"63","000","00","010","1024","0396","830","506","324","25","855","1473","0","58.04","34.35"
"63","000","00","010","1024","0397","815","482","333","47","862","1498","0","57.54","32.18"
"63","000","00","010","1024","0398","870","530","340","29","899","1557","0","57.74","34.04"
"63","000","00","010","1025","0000","2235","1385","850","105","2340","4190","0","55.85","33.05"
"63","000","00","010","1025","0399","860","528","332","38","898","1674","0","53.64","31.54"
"63","000","00","010","1025","0400","998","623","375","41","1039","1728","0","60.13","36.05"
"63","000","00","010","1025","0401","377","234","143","26","403","788","0","51.14","29.7"
"63","000","00","010","1026","0000","3832","2365","1467","142","3974","7138","0","55.67","33.13"
"63","000","00","010","1026","0402","830","490","340","38","868","1542","0","56.29","31.78"
"63","000","00","010","1026","0403","794","460","334","51","845","1676","0","50.42","27.45"
"63","000","00","010","1026","0404","712","435","277","18","730","1360","0","53.68","31.99"
"63","000","00","010","1026","0405","780","501","279","21","801","1259","0","63.62","39.79"
"63","000","00","010","1026","0406","716","479","237","14","730","1301","0","56.11","36.82"
"63","000","00","010","1027","0000","3242","2054","1188","120","3362","5998","0","56.05","34.24"
"63","000","00","010","1027","0407","620","381","239","28","648","1251","0","51.8","30.46"
"63","000","00","010","1027","0408","814","515","299","44","858","1502","0","57.12","34.29"
"63","000","00","010","1027","0409","876","572","304","30","906","1596","0","56.77","35.84"
"63","000","00","010","1027","0410","932","586","346","18","950","1649","0","57.61","35.54"
"63","000","00","010","1028","0000","1881","1194","687","63","1944","3520","0","55.23","33.92"
"63","000","00","010","1028","0411","945","598","347","37","982","1774","0","55.36","33.71"
"63","000","00","010","1028","0412","936","596","340","26","962","1746","0","55.1","34.14"
"63","000","00","010","1029","0000","3518","2104","1414","117","3635","7676","0","47.36","27.41"
"63","000","00","010","1029","0413","811","498","313","19","830","1473","0","56.35","33.81"
"63","000","00","010","1029","0414","937","560","377","34","971","2824","0","34.38","19.83"
"63","000","00","010","1029","0415","951","547","404","24","975","1849","0","52.73","29.58"
"63","000","00","010","1029","0416","819","499","320","40","859","1530","0","56.14","32.61"
"63","000","00","010","1030","0000","2796","1705","1091","84","2880","4808","0","59.9","35.46"
"63","000","00","010","1030","0417","963","561","402","31","994","1656","0","60.02","33.88"
"63","000","00","010","1030","0418","842","503","339","25","867","1457","0","59.51","34.52"
"63","000","00","010","1030","0419","991","641","350","28","1019","1695","0","60.12","37.82"
"63","000","00","010","1031","0000","3801","2338","1463","105","3906","6644","0","58.79","35.19"
"63","000","00","010","1031","0420","955","600","355","29","984","1663","0","59.17","36.08"
"63","000","00","010","1031","0421","922","602","320","30","952","1654","0","57.56","36.4"
"63","000","00","010","1031","0422","959","566","393","28","987","1642","0","60.11","34.47"
"63","000","00","010","1031","0423","965","570","395","18","983","1685","0","58.34","33.83"
"63","000","00","010","1032","0000","3239","2044","1195","109","3348","5552","0","60.3","36.82"
"63","000","00","010","1032","0424","1031","666","365","30","1061","1862","0","56.98","35.77"
"63","000","00","010","1032","0425","1103","672","431","43","1146","1900","0","60.32","35.37"
"63","000","00","010","1032","0426","1105","706","399","36","1141","1790","0","63.74","39.44"
"63","000","00","010","1033","0000","2596","1513","1083","104","2700","4787","0","56.4","31.61"
"63","000","00","010","1033","0427","782","465","317","27","809","1417","0","57.09","32.82"
"63","000","00","010","1033","0428","932","486","446","37","969","1694","0","57.2","28.69"
"63","000","00","010","1033","0429","882","562","320","40","922","1676","0","55.01","33.53"
"63","000","00","010","1034","0000","4657","2827","1830","142","4799","8109","0","59.18","34.86"
"63","000","00","010","1034","0430","920","542","378","14","934","1643","0","56.85","32.99"
"63","000","00","010","1034","0431","908","539","369","25","933","1588","0","58.75","33.94"
"63","000","00","010","1034","0432","906","565","341","53","959","1603","0","59.83","35.25"
"63","000","00","010","1034","0433","938","574","364","17","955","1629","0","58.62","35.24"
"63","000","00","010","1034","0434","985","607","378","33","1018","1646","0","61.85","36.88"
"63","000","00","010","1035","0000","4223","2666","1557","127","4350","7457","0","58.33","35.75"
"63","000","00","010","1035","0435","1023","660","363","22","1045","1883","0","55.5","35.05"
"63","000","00","010","1035","0436","808","499","309","26","834","1434","0","58.16","34.8"
"63","000","00","010","1035","0437","807","500","307","17","824","1418","0","58.11","35.26"
"63","000","00","010","1035","0438","795","502","293","33","828","1373","0","60.31","36.56"
"63","000","00","010","1035","0439","790","505","285","29","819","1349","0","60.71","37.44"
"63","000","00","010","1036","0000","2727","1709","1018","85","2812","4624","0","60.81","36.96"
"63","000","00","010","1036","0440","902","570","332","30","932","1511","0","61.68","37.72"
"63","000","00","010","1036","0441","945","601","344","27","972","1563","0","62.19","38.45"
"63","000","00","010","1036","0442","880","538","342","28","908","1550","0","58.58","34.71"
"63","000","00","010","1037","0000","626","387","239","32","658","1157","0","56.87","33.45"
"63","000","00","010","1037","0443","626","387","239","32","658","1157","0","56.87","33.45"
"63","000","00","010","1038","0000","2942","1755","1187","104","3046","5175","0","58.86","33.91"
"63","000","00","010","1038","0444","1011","583","428","34","1045","1768","0","59.11","32.98"
"63","000","00","010","1038","0445","934","594","340","39","973","1664","0","58.47","35.7"
"63","000","00","010","1038","0446","997","578","419","31","1028","1743","0","58.98","33.16"
"63","000","00","010","1039","0000","4251","2595","1656","105","4356","7392","0","58.93","35.11"
"63","000","00","010","1039","0447","775","444","331","13","788","1480","0","53.24","30.0"
"63","000","00","010","1039","0448","951","578","373","36","987","1589","0","62.11","36.38"
"63","000","00","010","1039","0449","769","481","288","24","793","1371","0","57.84","35.08"
"63","000","00","010","1039","0450","962","604","358","18","980","1575","0","62.22","38.35"
"63","000","00","010","1039","0451","794","488","306","14","808","1377","0","58.68","35.44"
"63","000","00","010","1040","0000","2847","1680","1167","92","2939","4647","0","63.25","36.15"
"63","000","00","010","1040","0452","923","538","385","44","967","1469","0","65.83","36.62"
"63","000","00","010","1040","0453","954","575","379","11","965","1529","0","63.11","37.61"
"63","000","00","010","1040","0454","970","567","403","37","1007","1649","0","61.07","34.38"
"63","000","00","011","0000","0000","132877","82768","50109","6015","138892","241854","286695","57.43","34.22"
"63","000","00","011","1101","0000","1891","1201","690","110","2001","3415","0","58.59","35.17"
"63","000","00","011","1101","0142","911","573","338","55","966","1695","0","56.99","33.81"
"63","000","00","011","1101","0143","980","628","352","55","1035","1720","0","60.17","36.51"
"63","000","00","011","1102","0000","1555","970","585","77","1632","2834","0","57.59","34.23"
"63","000","00","011","1102","0144","707","444","263","43","750","1288","0","58.23","34.47"
"63","000","00","011","1102","0145","848","526","322","34","882","1546","0","57.05","34.02"
"63","000","00","011","1103","0000","1529","935","594","79","1608","2659","0","60.47","35.16"
"63","000","00","011","1103","0146","394","247","147","21","415","652","0","63.65","37.88"
"63","000","00","011","1103","0147","457","277","180","24","481","870","0","55.29","31.84"
"63","000","00","011","1103","0148","678","411","267","34","712","1137","0","62.62","36.15"
"63","000","00","011","1104","0000","2367","1503","864","114","2481","5331","0","46.54","28.19"
"63","000","00","011","1104","0149","636","417","219","30","666","1050","0","63.43","39.71"
"63","000","00","011","1104","0150","611","396","215","33","644","1031","0","62.46","38.41"
"63","000","00","011","1104","0151","625","388","237","22","647","1075","0","60.19","36.09"
"63","000","00","011","1104","0152","495","302","193","29","524","2175","0","24.09","13.89"
"63","000","00","011","1105","0000","3816","2372","1444","160","3976","6757","0","58.84","35.1"
"63","000","00","011","1105","0153","901","564","337","48","949","1775","0","53.46","31.77"
"63","000","00","011","1105","0154","961","616","345","25","986","1669","0","59.08","36.91"
"63","000","00","011","1105","0155","974","591","383","42","1016","1665","0","61.02","35.5"
"63","000","00","011","1105","0156","980","601","379","45","1025","1648","0","62.2","36.47"
"63","000","00","011","1106","0000","3163","1981","1182","148","3311","5565","0","59.5","35.6"
"63","000","00","011","1106","0157","716","487","229","19","735","1246","0","58.99","39.09"
"63","000","00","011","1106","0158","778","485","293","42","820","1419","0","57.79","34.18"
"63","000","00","011","1106","0159","728","444","284","46","774","1327","0","58.33","33.46"
"63","000","00","011","1106","0160","941","565","376","41","982","1573","0","62.43","35.92"
"63","000","00","011","1107","0000","3847","2457","1390","158","4005","6779","0","59.08","36.24"
"63","000","00","011","1107","0161","824","544","280","50","874","1470","0","59.46","37.01"
"63","000","00","011","1107","0162","1013","655","358","32","1045","1775","0","58.87","36.9"
"63","000","00","011","1107","0163","971","588","383","31","1002","1692","0","59.22","34.75"
"63","000","00","011","1107","0164","1039","670","369","45","1084","1842","0","58.85","36.37"
"63","000","00","011","1108","0000","4055","2592","1463","185","4240","7204","0","58.86","35.98"
"63","000","00","011","1108","0165","691","467","224","28","719","1166","0","61.66","40.05"
"63","000","00","011","1108","0166","837","535","302","40","877","1687","0","51.99","31.71"
"63","000","00","011","1108","0167","898","565","333","38","936","1624","0","57.64","34.79"
"63","000","00","011","1108","0168","877","547","330","51","928","1477","0","62.83","37.03"
"63","000","00","011","1108","0169","752","478","274","28","780","1250","0","62.4","38.24"
"63","000","00","011","1109","0000","3466","2153","1313","161","3627","5934","0","61.12","36.28"
"63","000","00","011","1109","0170","820","480","340","40","860","1434","0","59.97","33.47"
"63","000","00","011","1109","0171","841","514","327","36","877","1452","0","60.4","35.4"
"63","000","00","011","1109","0172","916","586","330","40","956","1533","0","62.36","38.23"
"63","000","00","011","1109","0173","889","573","316","45","934","1515","0","61.65","37.82"
"63","000","00","011","1110","0000","2317","1456","861","94","2411","3942","0","61.16","36.94"
"63","000","00","011","1110","0174","708","425","283","26","734","1203","0","61.01","35.33"
"63","000","00","011","1110","0175","879","552","327","49","928","1487","0","62.41","37.12"
"63","000","00","011","1110","0176","730","479","251","19","749","1252","0","59.82","38.26"
"63","000","00","011","1111","0000","3576","2237","1339","138","3714","6175","0","60.15","36.23"
"63","000","00","011","1111","0177","847","544","303","40","887","1536","0","57.75","35.42"
"63","000","00","011","1111","0178","919","600","319","33","952","1556","0","61.18","38.56"
"63","000","00","011","1111","0179","878","529","349","28","906","1511","0","59.96","35.01"
"63","000","00","011","1111","0180","932","564","368","37","969","1572","0","61.64","35.88"
"63","000","00","011","1112","0000","2696","1695","1001","149","2845","4921","0","57.81","34.44"
"63","000","00","011","1112","0181","917","592","325","56","973","1668","0","58.33","35.49"
"63","000","00","011","1112","0182","914","588","326","55","969","1685","0","57.51","34.9"
"63","000","00","011","1112","0183","865","515","350","38","903","1568","0","57.59","32.84"
"63","000","00","011","1113","0000","2992","1915","1077","144","3136","5632","0","55.68","34.0"
"63","000","00","011","1113","0184","708","460","248","26","734","1327","0","55.31","34.66"
"63","000","00","011","1113","0185","718","461","257","30","748","1338","0","55.9","34.45"
"63","000","00","011","1113","0186","761","483","278","43","804","1515","0","53.07","31.88"
"63","000","00","011","1113","0187","805","511","294","45","850","1452","0","58.54","35.19"
"63","000","00","011","1114","0000","2545","1591","954","83","2628","4430","0","59.32","35.91"
"63","000","00","011","1114","0188","825","505","320","27","852","1448","0","58.84","34.88"
"63","000","00","011","1114","0189","879","548","331","38","917","1521","0","60.29","36.03"
"63","000","00","011","1114","0190","841","538","303","18","859","1461","0","58.8","36.82"
"63","000","00","011","1115","0000","2320","1422","898","147","2467","4747","0","51.97","29.96"
"63","000","00","011","1115","0191","773","466","307","67","840","1541","0","54.51","30.24"
"63","000","00","011","1115","0192","738","448","290","31","769","1611","0","47.73","27.81"
"63","000","00","011","1115","0193","809","508","301","49","858","1595","0","53.79","31.85"
"63","000","00","011","1116","0000","2712","1741","971","120","2832","5188","0","54.59","33.56"
"63","000","00","011","1116","0194","855","565","290","30","885","1685","0","52.52","33.53"
"63","000","00","011","1116","0195","941","594","347","48","989","1816","0","54.46","32.71"
"63","000","00","011","1116","0196","916","582","334","42","958","1687","0","56.79","34.5"
"63","000","00","011","1117","0000","3597","2391","1206","154","3751","6631","0","56.57","36.06"
"63","000","00","011","1117","0197","889","581","308","47","936","1646","0","56.87","35.3"
"63","000","00","011","1117","0198","858","537","321","33","891","1643","0","54.23","32.68"
"63","000","00","011","1117","0199","957","606","351","29","986","1687","0","58.45","35.92"
"63","000","00","011","1117","0200","893","667","226","45","938","1655","0","56.68","40.3"
"63","000","00","011","1118","0000","1965","1176","789","68","2033","3634","0","55.94","32.36"
"63","000","00","011","1118","0201","920","543","377","25","945","1779","0","53.12","30.52"
"63","000","00","011","1118","0202","1045","633","412","43","1088","1855","0","58.65","34.12"
"63","000","00","011","1119","0000","2820","1761","1059","125","2945","5700","0","51.67","30.89"
"63","000","00","011","1119","0203","753","463","290","35","788","1350","0","58.37","34.3"
"63","000","00","011","1119","0204","741","500","241","24","765","1455","0","52.58","34.36"
"63","000","00","011","1119","0205","681","398","283","40","721","1497","0","48.16","26.59"
"63","000","00","011","1119","0206","645","400","245","26","671","1398","0","48.0","28.61"
"63","000","00","011","1120","0000","4247","2690","1557","227","4474","8041","0","55.64","33.45"
"63","000","00","011","1120","0207","982","620","362","50","1032","1747","0","59.07","35.49"
"63","000","00","011","1120","0208","739","490","249","45","784","1465","0","53.52","33.45"
"63","000","00","011","1120","0209","806","502","304","42","848","1530","0","55.42","32.81"
"63","000","00","011","1120","0210","931","587","344","46","977","1855","0","52.67","31.64"
"63","000","00","011","1120","0211","789","491","298","44","833","1444","0","57.69","34.0"
"63","000","00","011","1121","0000","3389","2174","1215","182","3571","6387","0","55.91","34.04"
"63","000","00","011","1121","0212","795","501","294","37","832","1563","0","53.23","32.05"
"63","000","00","011","1121","0213","814","538","276","44","858","1482","0","57.89","36.3"
"63","000","00","011","1121","0214","807","504","303","59","866","1552","0","55.8","32.47"
"63","000","00","011","1121","0215","973","631","342","42","1015","1790","0","56.7","35.25"
"63","000","00","011","1122","0000","3316","2118","1198","205","3521","6383","0","55.16","33.18"
"63","000","00","011","1122","0216","802","522","280","55","857","1628","0","52.64","32.06"
"63","000","00","011","1122","0217","716","450","266","45","761","1337","0","56.92","33.66"
"63","000","00","011","1122","0218","953","614","339","40","993","1750","0","56.74","35.09"
"63","000","00","011","1122","0219","845","532","313","65","910","1668","0","54.56","31.89"
"63","000","00","011","1123","0000","1997","1246","751","120","2117","4342","0","48.76","28.7"
"63","000","00","011","1123","0220","624","392","232","53","677","1403","0","48.25","27.94"
"63","000","00","011","1123","0221","670","393","277","34","704","1468","0","47.96","26.77"
"63","000","00","011","1123","0222","703","461","242","33","736","1471","0","50.03","31.34"
"63","000","00","011","1124","0000","2509","1594","915","117","2626","5240","0","50.11","30.42"
"63","000","00","011","1124","0223","817","538","279","56","873","1666","0","52.4","32.29"
"63","000","00","011","1124","0224","790","493","297","4","794","1587","0","50.03","31.06"
"63","000","00","011","1124","0225","902","563","339","57","959","1987","0","48.26","28.33"
"63","000","00","011","1125","0000","1646","1028","618","59","1705","2999","0","56.85","34.28"
"63","000","00","011","1125","0226","644","418","226","20","664","1271","0","52.24","32.89"
"63","000","00","011","1125","0227","1002","610","392","39","1041","1728","0","60.24","35.3"
"63","000","00","011","1126","0000","3636","2273","1363","151","3787","6297","0","60.14","36.1"
"63","000","00","011","1126","0228","934","613","321","47","981","1630","0","60.18","37.61"
"63","000","00","011","1126","0229","933","573","360","34","967","1619","0","59.73","35.39"
"63","000","00","011","1126","0230","804","499","305","34","838","1425","0","58.81","35.02"
"63","000","00","011","1126","0231","965","588","377","36","1001","1623","0","61.68","36.23"
"63","000","00","011","1127","0000","2273","1368","905","105","2378","3862","0","61.57","35.42"
"63","000","00","011","1127","0242","779","456","323","51","830","1273","0","65.2","35.82"
"63","000","00","011","1127","0243","742","453","289","28","770","1273","0","60.49","35.59"
"63","000","00","011","1127","0244","752","459","293","26","778","1316","0","59.12","34.88"
"63","000","00","011","1128","0000","2703","1634","1069","138","2841","4960","0","57.28","32.94"
"63","000","00","011","1128","0245","915","565","350","51","966","1659","0","58.23","34.06"
"63","000","00","011","1128","0246","951","553","398","40","991","1749","0","56.66","31.62"
"63","000","00","011","1128","0247","837","516","321","47","884","1552","0","56.96","33.25"
"63","000","00","011","1129","0000","2656","1645","1011","99","2755","4457","0","61.81","36.91"
"63","000","00","011","1129","0232","884","544","340","39","923","1564","0","59.02","34.78"
"63","000","00","011","1129","0233","859","509","350","34","893","1376","0","64.9","36.99"
"63","000","00","011","1129","0234","913","592","321","26","939","1517","0","61.9","39.02"
"63","000","00","011","1130","0000","2739","1809","930","103","2842","4952","0","57.39","36.53"
"63","000","00","011","1130","0248","874","593","281","37","911","1529","0","59.58","38.78"
"63","000","00","011","1130","0249","889","590","299","28","917","1644","0","55.78","35.89"
"63","000","00","011","1130","0250","976","626","350","38","1014","1779","0","57.0","35.19"
"63","000","00","011","1131","0000","3730","2380","1350","116","3846","6584","0","58.41","36.15"
"63","000","00","011","1131","0235","896","565","331","27","923","1729","0","53.38","32.68"
"63","000","00","011","1131","0236","886","563","323","44","930","1511","0","61.55","37.26"
"63","000","00","011","1131","0237","1060","715","345","26","1086","1811","0","59.97","39.48"
"63","000","00","011","1131","0238","888","537","351","19","907","1533","0","59.17","35.03"
"63","000","00","011","1132","0000","2637","1701","936","112","2749","4558","0","60.31","37.32"
"63","000","00","011","1132","0239","1036","649","387","41","1077","1657","0","65.0","39.17"
"63","000","00","011","1132","0240","833","517","316","28","861","1499","0","57.44","34.49"
"63","000","00","011","1132","0241","768","535","233","43","811","1402","0","57.85","38.16"
"63","000","00","011","1133","0000","2822","1717","1105","111","2933","5127","0","57.21","33.49"
"63","000","00","011","1133","0260","1005","636","369","31","1036","1826","0","56.74","34.83"
"63","000","00","011","1133","0261","915","534","381","36","951","1647","0","57.74","32.42"
"63","000","00","011","1133","0262","902","547","355","44","946","1654","0","57.19","33.07"
"63","000","00","011","1134","0000","4281","2543","1738","177","4458","7652","0","58.26","33.23"
"63","000","00","011","1134","0251","887","545","342","26","913","1597","0","57.17","34.13"
"63","000","00","011","1134","0252","803","480","323","35","838","1454","0","57.63","33.01"
"63","000","00","011","1134","0253","926","516","410","52","978","1582","0","61.82","32.62"
"63","000","00","011","1134","0254","879","540","339","37","916","1518","0","60.34","35.57"
"63","000","00","011","1134","0255","786","462","324","27","813","1501","0","54.16","30.78"
"63","000","00","011","1135","0000","3349","2024","1325","145","3494","5690","0","61.41","35.57"
"63","000","00","011","1135","0256","829","515","314","32","861","1420","0","60.63","36.27"
"63","000","00","011","1135","0257","839","511","328","39","878","1494","0","58.77","34.2"
"63","000","00","011","1135","0258","957","581","376","32","989","1568","0","63.07","37.05"
"63","000","00","011","1135","0259","724","417","307","42","766","1208","0","63.41","34.52"
"63","000","00","011","1136","0000","3213","1925","1288","138","3351","5497","0","60.96","35.02"
"63","000","00","011","1136","0263","898","541","357","41","939","1550","0","60.58","34.9"
"63","000","00","011","1136","0264","794","454","340","30","824","1298","0","63.48","34.98"
"63","000","00","011","1136","0265","790","490","300","31","821","1297","0","63.3","37.78"
"63","000","00","011","1136","0266","731","440","291","36","767","1352","0","56.73","32.54"
"63","000","00","011","1137","0000","2520","1483","1037","124","2644","4565","0","57.92","32.49"
"63","000","00","011","1137","0267","844","517","327","36","880","1522","0","57.82","33.97"
"63","000","00","011","1137","0268","867","483","384","56","923","1602","0","57.62","30.15"
"63","000","00","011","1137","0269","809","483","326","32","841","1441","0","58.36","33.52"
"63","000","00","011","1138","0000","2402","1454","948","78","2480","4410","0","56.24","32.97"
"63","000","00","011","1138","0270","711","417","294","12","723","1325","0","54.57","31.47"
"63","000","00","011","1138","0271","866","532","334","41","907","1567","0","57.88","33.95"
"63","000","00","011","1138","0272","825","505","320","25","850","1518","0","55.99","33.27"
"63","000","00","011","1139","0000","3741","2223","1518","134","3875","6605","0","58.67","33.66"
"63","000","00","011","1139","0273","912","542","370","37","949","1549","0","61.27","34.99"
"63","000","00","011","1139","0274","929","533","396","26","955","1652","0","57.81","32.26"
"63","000","00","011","1139","0275","1005","622","383","51","1056","1766","0","59.8","35.22"
"63","000","00","011","1139","0276","895","526","369","20","915","1638","0","55.86","32.11"
"63","000","00","011","1140","0000","3450","2146","1304","109","3559","6105","0","58.3","35.15"
"63","000","00","011","1140","0277","869","564","305","27","896","1491","0","60.09","37.83"
"63","000","00","011","1140","0278","869","530","339","27","896","1521","0","58.91","34.85"
"63","000","00","011","1140","0279","792","504","288","35","827","1351","0","61.21","37.31"
"63","000","00","011","1140","0280","920","548","372","20","940","1742","0","53.96","31.46"
"63","000","00","011","1141","0000","4266","2634","1632","141","4407","7594","0","58.03","34.69"
"63","000","00","011","1141","0281","879","524","355","34","913","1585","0","57.6","33.06"
"63","000","00","011","1141","0282","860","565","295","34","894","1521","0","58.78","37.15"
"63","000","00","011","1141","0283","845","494","351","19","864","1543","0","55.99","32.02"
"63","000","00","011","1141","0284","821","515","306","21","842","1404","0","59.97","36.68"
"63","000","00","011","1141","0285","861","536","325","33","894","1541","0","58.01","34.78"
"63","000","00","011","1142","0000","3160","1942","1218","135","3295","5828","0","56.54","33.32"
"63","000","00","011","1142","0286","845","546","299","40","885","1584","0","55.87","34.47"
"63","000","00","011","1142","0287","870","519","351","41","911","1519","0","59.97","34.17"
"63","000","00","011","1142","0288","766","470","296","17","783","1482","0","52.83","31.71"
"63","000","00","011","1142","0289","679","407","272","37","716","1243","0","57.6","32.74"
"63","000","00","011","1143","0000","630","424","206","34","664","1156","0","57.44","36.68"
"63","000","00","011","1143","0290","630","424","206","34","664","1156","0","57.44","36.68"
"63","000","00","011","1144","0000","638","384","254","47","685","1262","0","54.28","30.43"
"63","000","00","011","1144","0291","638","384","254","47","685","1262","0","54.28","30.43"
"63","000","00","011","1145","0000","999","605","394","64","1063","1747","0","60.85","34.63"
"63","000","00","011","1145","0292","501","314","187","32","533","889","0","59.96","35.32"
"63","000","00","011","1145","0293","498","291","207","32","530","858","0","61.77","33.92"
"63","000","00","011","1146","0000","1447","887","560","125","1572","2781","0","56.53","31.9"
"63","000","00","011","1146","0294","493","293","200","46","539","945","0","57.04","31.01"
"63","000","00","011","1146","0295","494","295","199","42","536","960","0","55.83","30.73"
"63","000","00","011","1146","0296","460","299","161","37","497","876","0","56.74","34.13"
"63","000","00","011","1147","0000","871","544","327","71","942","1475","0","63.86","36.88"
"63","000","00","011","1147","0297","337","200","137","30","367","556","0","66.01","35.97"
"63","000","00","011","1147","0298","534","344","190","41","575","919","0","62.57","37.43"
"63","000","00","011","1148","0000","841","543","298","63","904","1360","0","66.47","39.93"
"63","000","00","011","1148","0299","841","543","298","63","904","1360","0","66.47","39.93"
"63","000","00","011","1149","0000","790","517","273","45","835","1355","0","61.62","38.15"
"63","000","00","011","1149","0300","790","517","273","45","835","1355","0","61.62","38.15"
"63","000","00","011","1150","0000","1427","923","504","62","1489","2434","0","61.18","37.92"
"63","000","00","011","1150","0301","722","450","272","24","746","1252","0","59.58","35.94"
"63","000","00","011","1150","0302","705","473","232","38","743","1182","0","62.86","40.02"
"63","000","00","011","1151","0000","1323","641","682","64","1387","2671","0","51.93","24.0"
"63","000","00","011","1151","0303","678","232","446","27","705","1431","0","49.27","16.21"
"63","000","00","011","1151","0304","645","409","236","37","682","1240","0","55.0","32.98"
"63","000","00","012","0000","0000","115877","72981","42896","4930","120807","213250","255631","56.65","34.22"
"63","000","00","012","1201","0000","2226","1357","869","112","2338","3797","0","61.57","35.74"
"63","000","00","012","1201","0001","756","483","273","48","804","1313","0","61.23","36.79"
"63","000","00","012","1201","0002","836","499","337","35","871","1403","0","62.08","35.57"
"63","000","00","012","1201","0003","634","375","259","29","663","1081","0","61.33","34.69"
"63","000","00","012","1202","0000","2196","1300","896","97","2293","3798","0","60.37","34.23"
"63","000","00","012","1202","0004","687","402","285","43","730","1209","0","60.38","33.25"
"63","000","00","012","1202","0005","769","449","320","25","794","1326","0","59.88","33.86"
"63","000","00","012","1202","0006","740","449","291","29","769","1263","0","60.89","35.55"
"63","000","00","012","1203","0000","2687","1676","1011","117","2804","4640","0","60.43","36.12"
"63","000","00","012","1203","0007","934","568","366","38","972","1580","0","61.52","35.95"
"63","000","00","012","1203","0008","901","578","323","37","938","1577","0","59.48","36.65"
"63","000","00","012","1203","0009","852","530","322","42","894","1483","0","60.28","35.74"
"63","000","00","012","1204","0000","3351","2185","1166","126","3477","6090","0","57.09","35.88"
"63","000","00","012","1204","0010","798","505","293","32","830","1461","0","56.81","34.57"
"63","000","00","012","1204","0011","805","495","310","32","837","1466","0","57.09","33.77"
"63","000","00","012","1204","0012","941","639","302","30","971","1620","0","59.94","39.44"
"63","000","00","012","1204","0013","807","546","261","32","839","1543","0","54.37","35.39"
"63","000","00","012","1205","0000","3471","2236","1235","164","3635","6230","0","58.35","35.89"
"63","000","00","012","1205","0014","791","512","279","54","845","1513","0","55.85","33.84"
"63","000","00","012","1205","0015","871","564","307","31","902","1534","0","58.8","36.77"
"63","000","00","012","1205","0016","933","602","331","51","984","1650","0","59.64","36.48"
"63","000","00","012","1205","0017","876","558","318","28","904","1533","0","58.97","36.4"
"63","000","00","012","1206","0000","3627","2142","1485","156","3783","6528","0","57.95","32.81"
"63","000","00","012","1206","0018","917","561","356","27","944","1702","0","55.46","32.96"
"63","000","00","012","1206","0019","941","541","400","33","974","1721","0","56.6","31.44"
"63","000","00","012","1206","0020","924","539","385","40","964","1575","0","61.21","34.22"
"63","000","00","012","1206","0021","845","501","344","56","901","1530","0","58.89","32.75"
"63","000","00","012","1207","0000","3583","2274","1309","157","3740","6810","0","54.92","33.39"
"63","000","00","012","1207","0022","962","602","360","48","1010","1728","0","58.45","34.84"
"63","000","00","012","1207","0023","928","602","326","42","970","1702","0","56.99","35.37"
"63","000","00","012","1207","0024","915","552","363","44","959","1696","0","56.54","32.55"
"63","000","00","012","1207","0025","778","518","260","23","801","1684","0","47.57","30.76"
"63","000","00","012","1208","0000","3840","2471","1369","120","3960","6642","0","59.62","37.2"
"63","000","00","012","1208","0026","998","634","364","36","1034","1717","0","60.22","36.92"
"63","000","00","012","1208","0027","926","588","338","22","948","1605","0","59.07","36.64"
"63","000","00","012","1208","0028","955","644","311","37","992","1723","0","57.57","37.38"
"63","000","00","012","1208","0029","961","605","356","25","986","1597","0","61.74","37.88"
"63","000","00","012","1209","0000","4356","2683","1673","139","4495","7993","0","56.24","33.57"
"63","000","00","012","1209","0030","955","606","349","23","978","1700","0","57.53","35.65"
"63","000","00","012","1209","0031","781","443","338","32","813","1544","0","52.66","28.69"
"63","000","00","012","1209","0032","857","536","321","24","881","1635","0","53.88","32.78"
"63","000","00","012","1209","0033","849","529","320","27","876","1495","0","58.6","35.38"
"63","000","00","012","1209","0034","914","569","345","33","947","1619","0","58.49","35.15"
"63","000","00","012","1210","0000","3525","2142","1383","114","3639","6869","0","52.98","31.18"
"63","000","00","012","1210","0035","923","522","401","32","955","1683","0","56.74","31.02"
"63","000","00","012","1210","0036","860","559","301","36","896","1662","0","53.91","33.63"
"63","000","00","012","1210","0037","897","574","323","22","919","1850","0","49.68","31.03"
"63","000","00","012","1210","0038","845","487","358","24","869","1674","0","51.91","29.09"
"63","000","00","012","1211","0000","2438","1598","840","88","2526","4183","0","60.39","38.2"
"63","000","00","012","1211","0039","880","589","291","41","921","1511","0","60.95","38.98"
"63","000","00","012","1211","0040","781","497","284","12","793","1393","0","56.93","35.68"
"63","000","00","012","1211","0041","777","512","265","35","812","1279","0","63.49","40.03"
"63","000","00","012","1212","0000","2304","1435","869","127","2431","3837","0","63.36","37.4"
"63","000","00","012","1212","0042","606","368","238","33","639","1122","0","56.95","32.8"
"63","000","00","012","1212","0043","825","510","315","49","874","1238","0","70.6","41.2"
"63","000","00","012","1212","0044","873","557","316","45","918","1477","0","62.15","37.71"
"63","000","00","012","1213","0000","3428","2256","1172","127","3555","5857","0","60.7","38.52"
"63","000","00","012","1213","0045","873","560","313","37","910","1495","0","60.87","37.46"
"63","000","00","012","1213","0046","907","577","330","29","936","1469","0","63.72","39.28"
"63","000","00","012","1213","0047","841","589","252","24","865","1462","0","59.17","40.29"
"63","000","00","012","1213","0048","807","530","277","37","844","1431","0","58.98","37.04"
"63","000","00","012","1214","0000","2525","1542","983","92","2617","4391","0","59.6","35.12"
"63","000","00","012","1214","0049","847","507","340","27","874","1486","0","58.82","34.12"
"63","000","00","012","1214","0050","847","544","303","39","886","1449","0","61.15","37.54"
"63","000","00","012","1214","0051","831","491","340","26","857","1456","0","58.86","33.72"
"63","000","00","012","1215","0000","2271","1449","822","97","2368","4005","0","59.13","36.18"
"63","000","00","012","1215","0052","744","487","257","25","769","1311","0","58.66","37.15"
"63","000","00","012","1215","0053","779","481","298","34","813","1356","0","59.96","35.47"
"63","000","00","012","1215","0054","748","481","267","38","786","1338","0","58.74","35.95"
"63","000","00","012","1216","0000","2517","1600","917","70","2587","4644","0","55.71","34.45"
"63","000","00","012","1216","0055","857","546","311","26","883","1525","0","57.9","35.8"
"63","000","00","012","1216","0056","864","527","337","28","892","1620","0","55.06","32.53"
"63","000","00","012","1216","0057","796","527","269","16","812","1499","0","54.17","35.16"
"63","000","00","012","1217","0000","4284","2739","1545","183","4467","7724","0","57.83","35.46"
"63","000","00","012","1217","0058","889","605","284","24","913","1497","0","60.99","40.41"
"63","000","00","012","1217","0059","889","557","332","33","922","1624","0","56.77","34.3"
"63","000","00","012","1217","0060","793","488","305","51","844","1536","0","54.95","31.77"
"63","000","00","012","1217","0061","855","545","310","44","899","1469","0","61.2","37.1"
"63","000","00","012","1217","0062","858","544","314","31","889","1598","0","55.63","34.04"
"63","000","00","012","1218","0000","2649","1610","1039","135","2784","4923","0","56.55","32.7"
"63","000","00","012","1218","0063","903","553","350","35","938","1690","0","55.5","32.72"
"63","000","00","012","1218","0064","847","528","319","66","913","1599","0","57.1","33.02"
"63","000","00","012","1218","0065","899","529","370","34","933","1634","0","57.1","32.37"
"63","000","00","012","1219","0000","843","522","321","44","887","1660","0","53.43","31.45"
"63","000","00","012","1219","0066","843","522","321","44","887","1660","0","53.43","31.45"
"63","000","00","012","1220","0000","4829","3025","1804","231","5060","9045","0","55.94","33.44"
"63","000","00","012","1220","0067","960","595","365","44","1004","1900","0","52.84","31.32"
"63","000","00","012","1220","0068","977","597","380","52","1029","1797","0","57.26","33.22"
"63","000","00","012","1220","0069","1021","601","420","46","1067","1832","0","58.24","32.81"
"63","000","00","012","1220","0070","997","631","366","51","1048","1784","0","58.74","35.37"
"63","000","00","012","1220","0071","874","601","273","38","912","1732","0","52.66","34.7"
"63","000","00","012","1221","0000","3994","2533","1461","233","4227","8470","0","49.91","29.91"
"63","000","00","012","1221","0072","519","319","200","40","559","2035","0","27.47","15.68"
"63","000","00","012","1221","0073","810","511","299","38","848","1504","0","56.38","33.98"
"63","000","00","012","1221","0074","942","617","325","55","997","1683","0","59.24","36.66"
"63","000","00","012","1221","0075","855","532","323","55","910","1635","0","55.66","32.54"
"63","000","00","012","1221","0076","868","554","314","45","913","1613","0","56.6","34.35"
"63","000","00","012","1222","0000","4010","2514","1496","187","4197","7542","0","55.65","33.33"
"63","000","00","012","1222","0077","793","526","267","33","826","1483","0","55.7","35.47"
"63","000","00","012","1222","0078","827","527","300","32","859","1500","0","57.27","35.13"
"63","000","00","012","1222","0079","829","499","330","37","866","1483","0","58.4","33.65"
"63","000","00","012","1222","0080","835","514","321","43","878","1544","0","56.87","33.29"
"63","000","00","012","1222","0081","726","448","278","42","768","1532","0","50.13","29.24"
"63","000","00","012","1223","0000","2821","1710","1111","109","2930","5554","0","52.75","30.79"
"63","000","00","012","1223","0082","969","603","366","52","1021","1819","0","56.13","33.15"
"63","000","00","012","1223","0083","938","553","385","38","976","1863","0","52.39","29.68"
"63","000","00","012","1223","0084","914","554","360","19","933","1872","0","49.84","29.59"
"63","000","00","012","1224","0000","2724","1695","1029","114","2838","5164","0","54.96","32.82"
"63","000","00","012","1224","0085","861","557","304","44","905","1627","0","55.62","34.23"
"63","000","00","012","1224","0086","882","556","326","27","909","1696","0","53.6","32.78"
"63","000","00","012","1224","0087","981","582","399","43","1024","1841","0","55.62","31.61"
"63","000","00","012","1225","0000","3277","2021","1256","127","3404","5954","0","57.17","33.94"
"63","000","00","012","1225","0088","727","449","278","35","762","1324","0","57.55","33.91"
"63","000","00","012","1225","0089","794","506","288","30","824","1504","0","54.79","33.64"
"63","000","00","012","1225","0090","827","517","310","36","863","1511","0","57.11","34.22"
"63","000","00","012","1225","0091","929","549","380","26","955","1615","0","59.13","33.99"
"63","000","00","012","1226","0000","1365","841","524","57","1422","2762","0","51.48","30.45"
"63","000","00","012","1226","0092","643","408","235","32","675","1270","0","53.15","32.13"
"63","000","00","012","1226","0093","722","433","289","25","747","1492","0","50.07","29.02"
"63","000","00","012","1227","0000","3065","1866","1199","82","3147","5832","0","53.96","32.0"
"63","000","00","012","1227","0094","746","437","309","21","767","1429","0","53.67","30.58"
"63","000","00","012","1227","0095","809","489","320","16","825","1567","0","52.65","31.21"
"63","000","00","012","1227","0096","766","480","286","29","795","1388","0","57.28","34.58"
"63","000","00","012","1227","0097","744","460","284","16","760","1448","0","52.49","31.77"
"63","000","00","012","1228","0000","2101","1354","747","79","2180","3829","0","56.93","35.36"
"63","000","00","012","1228","0098","704","454","250","31","735","1356","0","54.2","33.48"
"63","000","00","012","1228","0099","713","476","237","19","732","1308","0","55.96","36.39"
"63","000","00","012","1228","0100","684","424","260","29","713","1165","0","61.2","36.39"
"63","000","00","012","1229","0000","3327","2168","1159","141","3468","5889","0","58.89","36.81"
"63","000","00","012","1229","0101","819","553","266","45","864","1429","0","60.46","38.7"
"63","000","00","012","1229","0102","788","526","262","21","809","1472","0","54.96","35.73"
"63","000","00","012","1229","0103","908","555","353","38","946","1508","0","62.73","36.8"
"63","000","00","012","1229","0104","812","534","278","37","849","1480","0","57.36","36.08"
"63","000","00","012","1230","0000","2341","1485","856","106","2447","4365","0","56.06","34.02"
"63","000","00","012","1230","0105","601","363","238","27","628","1142","0","54.99","31.79"
"63","000","00","012","1230","0106","808","521","287","24","832","1554","0","53.54","33.53"
"63","000","00","012","1230","0107","932","601","331","55","987","1669","0","59.14","36.01"
"63","000","00","012","1231","0000","2819","1837","982","142","2961","5333","0","55.52","34.45"
"63","000","00","012","1231","0108","972","664","308","49","1021","1823","0","56.01","36.42"
"63","000","00","012","1231","0109","905","564","341","51","956","1739","0","54.97","32.43"
"63","000","00","012","1231","0110","942","609","333","42","984","1771","0","55.56","34.39"
"63","000","00","012","1232","0000","1542","1004","538","67","1609","2937","0","54.78","34.18"
"63","000","00","012","1232","0111","729","494","235","40","769","1468","0","52.38","33.65"
"63","000","00","012","1232","0112","813","510","303","27","840","1469","0","57.18","34.72"
"63","000","00","012","1233","0000","2204","1485","719","80","2284","3617","0","63.15","41.06"
"63","000","00","012","1233","0113","692","464","228","21","713","1094","0","65.17","42.41"
"63","000","00","012","1233","0114","677","484","193","25","702","1101","0","63.76","43.96"
"63","000","00","012","1233","0115","835","537","298","34","869","1422","0","61.11","37.76"
"63","000","00","012","1234","0000","2228","1463","765","110","2338","3912","0","59.76","37.4"
"63","000","00","012","1234","0116","752","520","232","29","781","1390","0","56.19","37.41"
"63","000","00","012","1234","0117","750","501","249","35","785","1307","0","60.06","38.33"
"63","000","00","012","1234","0118","726","442","284","46","772","1215","0","63.54","36.38"
"63","000","00","012","1235","0000","2549","1668","881","107","2656","4886","0","54.36","34.14"
"63","000","00","012","1235","0119","867","552","315","27","894","1642","0","54.45","33.62"
"63","000","00","012","1235","0120","832","551","281","36","868","1623","0","53.48","33.95"
"63","000","00","012","1235","0121","850","565","285","44","894","1621","0","55.15","34.86"
"63","000","00","012","1236","0000","2979","1812","1167","117","3096","5397","0","57.37","33.57"
"63","000","00","012","1236","0122","756","454","302","17","773","1367","0","56.55","33.21"
"63","000","00","012","1236","0123","695","420","275","34","729","1309","0","55.69","32.09"
"63","000","00","012","1236","0124","787","477","310","29","816","1356","0","60.18","35.18"
"63","000","00","012","1236","0125","741","461","280","37","778","1365","0","57.0","33.77"
"63","000","00","012","1237","0000","3463","2126","1337","137","3600","6487","0","55.5","32.77"
"63","000","00","012","1237","0126","857","504","353","29","886","1613","0","54.93","31.25"
"63","000","00","012","1237","0127","780","483","297","30","810","1590","0","50.94","30.38"
"63","000","00","012","1237","0128","923","594","329","44","967","1662","0","58.18","35.74"
"63","000","00","012","1237","0129","903","545","358","34","937","1622","0","57.77","33.6"
"63","000","00","012","1238","0000","5271","3332","1939","230","5501","10006","0","54.98","33.3"
"63","000","00","012","1238","0130","974","573","401","33","1007","1820","0","55.33","31.48"
"63","000","00","012","1238","0131","900","583","317","50","950","1615","0","58.82","36.1"
"63","000","00","012","1238","0132","719","487","232","40","759","1612","0","47.08","30.21"
"63","000","00","012","1238","0133","874","538","336","53","927","1652","0","56.11","32.57"
"63","000","00","012","1238","0134","938","592","346","17","955","1666","0","57.32","35.53"
"63","000","00","012","1238","0135","866","559","307","37","903","1641","0","55.03","34.06"
"63","000","00","012","1239","0000","1043","621","422","68","1111","2170","0","51.2","28.62"
"63","000","00","012","1239","0136","310","179","131","14","324","528","0","61.36","33.9"
"63","000","00","012","1239","0137","733","442","291","54","787","1642","0","47.93","26.92"
"63","000","00","012","1240","0000","797","544","253","53","850","1519","0","55.96","35.81"
"63","000","00","012","1240","0138","443","300","143","28","471","829","0","56.82","36.19"
"63","000","00","012","1240","0139","354","244","110","25","379","690","0","54.93","35.36"
"63","000","00","012","1241","0000","555","369","186","33","588","1067","0","55.11","34.58"
"63","000","00","012","1241","0140","555","369","186","33","588","1067","0","55.11","34.58"
"63","000","00","012","1242","0000","452","291","161","55","507","892","0","56.84","32.62"
"63","000","00","012","1242","0141","452","291","161","55","507","892","0","56.84","32.62"
"65","000","00","000","0000","0000","1792668","1174782","617886","83090","1875758","3375513","3992291","55.57","34.8"
"65","000","00","001","0000","0000","253058","165739","87319","11481","264539","463411","554357","57.09","35.77"
"65","000","00","001","0101","0000","730","449","281","47","777","1388","0","55.98","32.35"
"65","000","00","001","0101","0894","730","449","281","47","777","1388","0","55.98","32.35"
"65","000","00","001","0102","0000","728","439","289","31","759","1294","0","58.66","33.93"
"65","000","00","001","0102","0895","728","439","289","31","759","1294","0","58.66","33.93"
"65","000","00","001","0103","0000","402","235","167","13","415","667","0","62.22","35.23"
"65","000","00","001","0103","0896","402","235","167","13","415","667","0","62.22","35.23"
"65","000","00","001","0104","0000","469","313","156","30","499","898","0","55.57","34.86"
"65","000","00","001","0104","0897","469","313","156","30","499","898","0","55.57","34.86"
"65","000","00","001","0105","0000","918","618","300","52","970","1568","0","61.86","39.41"
"65","000","00","001","0105","0898","476","312","164","31","507","829","0","61.16","37.64"
"65","000","00","001","0105","0899","442","306","136","21","463","739","0","62.65","41.41"
"65","000","00","001","0106","0000","2394","1541","853","127","2521","4718","0","53.43","32.66"
"65","000","00","001","0106","0900","600","385","215","35","635","1035","0","61.35","37.2"
"65","000","00","001","0106","0901","784","476","308","17","801","1713","0","46.76","27.79"
"65","000","00","001","0106","0902","333","228","105","15","348","658","0","52.89","34.65"
"65","000","00","001","0106","0903","677","452","225","60","737","1312","0","56.17","34.45"
"65","000","00","001","0107","0000","1428","941","487","80","1508","2885","0","52.27","32.62"
"65","000","00","001","0107","0904","739","486","253","45","784","1492","0","52.55","32.57"
"65","000","00","001","0107","0905","689","455","234","35","724","1393","0","51.97","32.66"
"65","000","00","001","0108","0000","2920","1920","1000","123","3043","8490","0","35.84","22.61"
"65","000","00","001","0108","0906","841","535","306","29","870","4742","0","18.35","11.28"
"65","000","00","001","0108","0907","781","518","263","22","803","1439","0","55.8","36.0"
"65","000","00","001","0108","0908","685","458","227","42","727","1187","0","61.25","38.58"
"65","000","00","001","0108","0909","613","409","204","30","643","1122","0","57.31","36.45"
"65","000","00","001","0109","0000","2137","1399","738","116","2253","3787","0","59.49","36.94"
"65","000","00","001","0109","0910","761","522","239","47","808","1363","0","59.28","38.3"
"65","000","00","001","0109","0911","621","400","221","29","650","1093","0","59.47","36.6"
"65","000","00","001","0109","0912","755","477","278","40","795","1331","0","59.73","35.84"
"65","000","00","001","0110","0000","2035","1315","720","105","2140","3777","0","56.66","34.82"
"65","000","00","001","0110","0915","648","432","216","47","695","1268","0","54.81","34.07"
"65","000","00","001","0110","0916","685","452","233","26","711","1313","0","54.15","34.42"
"65","000","00","001","0110","0917","702","431","271","32","734","1196","0","61.37","36.04"
"65","000","00","001","0111","0000","2834","1813","1021","120","2954","4565","0","64.71","39.72"
"65","000","00","001","0111","0918","750","480","270","34","784","1137","0","68.95","42.22"
"65","000","00","001","0111","0919","782","479","303","29","811","1269","0","63.91","37.75"
"65","000","00","001","0111","0920","668","420","248","28","696","1117","0","62.31","37.6"
"65","000","00","001","0111","0921","634","434","200","29","663","1042","0","63.63","41.65"
"65","000","00","001","0112","0000","1402","949","453","79","1481","2473","0","59.89","38.37"
"65","000","00","001","0112","0922","707","487","220","49","756","1257","0","60.14","38.74"
"65","000","00","001","0112","0923","695","462","233","30","725","1216","0","59.62","37.99"
"65","000","00","001","0113","0000","1422","909","513","72","1494","2416","0","61.84","37.62"
"65","000","00","001","0113","0924","623","383","240","32","655","1126","0","58.17","34.01"
"65","000","00","001","0113","0925","799","526","273","40","839","1290","0","65.04","40.78"
"65","000","00","001","0114","0000","2017","1385","632","69","2086","3372","0","61.86","41.07"
"65","000","00","001","0114","0928","824","570","254","23","847","1329","0","63.73","42.89"
"65","000","00","001","0114","0929","591","425","166","17","608","996","0","61.04","42.67"
"65","000","00","001","0114","0930","602","390","212","29","631","1047","0","60.27","37.25"
"65","000","00","001","0115","0000","1479","989","490","41","1520","2524","0","60.22","39.18"
"65","000","00","001","0115","0931","731","506","225","39","770","1272","0","60.53","39.78"
"65","000","00","001","0115","0932","748","483","265","2","750","1252","0","59.9","38.58"
"65","000","00","001","0116","0000","1945","1281","664","115","2060","3509","0","58.71","36.51"
"65","000","00","001","0116","0936","575","371","204","36","611","1093","0","55.9","33.94"
"65","000","00","001","0116","0937","626","428","198","45","671","1148","0","58.45","37.28"
"65","000","00","001","0116","0938","744","482","262","34","778","1268","0","61.36","38.01"
"65","000","00","001","0117","0000","2411","1600","811","138","2549","4250","0","59.98","37.65"
"65","000","00","001","0117","0939","681","443","238","37","718","1230","0","58.37","36.02"
"65","000","00","001","0117","0940","547","375","172","30","577","1012","0","57.02","37.06"
"65","000","00","001","0117","0941","464","315","149","28","492","811","0","60.67","38.84"
"65","000","00","001","0117","0942","719","467","252","43","762","1197","0","63.66","39.01"
"65","000","00","001","0118","0000","1342","905","437","41","1383","2364","0","58.5","38.28"
"65","000","00","001","0118","0943","640","442","198","18","658","1142","0","57.62","38.7"
"65","000","00","001","0118","0944","702","463","239","23","725","1222","0","59.33","37.89"
"65","000","00","001","0119","0000","1853","1204","649","112","1965","3208","0","61.25","37.53"
"65","000","00","001","0119","0947","589","370","219","32","621","1011","0","61.42","36.6"
"65","000","00","001","0119","0948","662","432","230","42","704","1157","0","60.85","37.34"
"65","000","00","001","0119","0949","602","402","200","38","640","1040","0","61.54","38.65"
"65","000","00","001","0120","0000","2078","1369","709","64","2142","3621","0","59.15","37.81"
"65","000","00","001","0120","0950","695","458","237","18","713","1173","0","60.78","39.05"
"65","000","00","001","0120","0951","648","427","221","24","672","1193","0","56.33","35.79"
"65","000","00","001","0120","0952","735","484","251","22","757","1255","0","60.32","38.57"
"65","000","00","001","0121","0000","1922","1259","663","57","1979","3298","0","60.01","38.17"
"65","000","00","001","0121","0953","752","470","282","27","779","1306","0","59.65","35.99"
"65","000","00","001","0121","0954","616","427","189","16","632","1050","0","60.19","40.67"
"65","000","00","001","0121","0955","554","362","192","14","568","942","0","60.3","38.43"
"65","000","00","001","0122","0000","2154","1433","721","85","2239","3677","0","60.89","38.97"
"65","000","00","001","0122","0956","685","474","211","26","711","1133","0","62.75","41.84"
"65","000","00","001","0122","0957","711","455","256","32","743","1251","0","59.39","36.37"
"65","000","00","001","0122","0958","758","504","254","27","785","1293","0","60.71","38.98"
"65","000","00","001","0123","0000","1854","1215","639","133","1987","3492","0","56.9","34.79"
"65","000","00","001","0123","0959","622","418","204","43","665","1208","0","55.05","34.6"
"65","000","00","001","0123","0960","675","437","238","43","718","1223","0","58.71","35.73"
"65","000","00","001","0123","0961","557","360","197","47","604","1061","0","56.93","33.93"
"65","000","00","001","0124","0000","2190","1515","675","76","2266","3596","0","63.01","42.13"
"65","000","00","001","0124","0964","699","480","219","21","720","1120","0","64.29","42.86"
"65","000","00","001","0124","0965","661","437","224","32","693","1091","0","63.52","40.05"
"65","000","00","001","0124","0966","830","598","232","23","853","1385","0","61.59","43.18"
"65","000","00","001","0125","0000","1384","936","448","69","1453","2269","0","64.04","41.25"
"65","000","00","001","0125","0969","734","493","241","30","764","1191","0","64.15","41.39"
"65","000","00","001","0125","0970","650","443","207","39","689","1078","0","63.91","41.09"
"65","000","00","001","0126","0000","1525","1037","488","63","1588","2673","0","59.41","38.8"
"65","000","00","001","0126","0971","775","534","241","31","806","1351","0","59.66","39.53"
"65","000","00","001","0126","0972","750","503","247","32","782","1322","0","59.15","38.05"
"65","000","00","001","0127","0000","1156","766","390","61","1217","1897","0","64.15","40.38"
"65","000","00","001","0127","0973","499","330","169","27","526","868","0","60.6","38.02"
"65","000","00","001","0127","0974","657","436","221","34","691","1029","0","67.15","42.37"
"65","000","00","001","0128","0000","3453","2234","1219","126","3579","6157","0","58.13","36.28"
"65","000","00","001","0128","0975","927","588","339","27","954","1602","0","59.55","36.7"
"65","000","00","001","0128","0976","776","535","241","35","811","1362","0","59.54","39.28"
"65","000","00","001","0128","0977","918","588","330","43","961","1698","0","56.6","34.63"
"65","000","00","001","0128","0978","832","523","309","21","853","1495","0","57.06","34.98"
"65","000","00","001","0129","0000","2271","1251","1020","108","2379","4360","0","54.56","28.69"
"65","000","00","001","0129","0979","809","519","290","40","849","1522","0","55.78","34.1"
"65","000","00","001","0129","0980","715","251","464","41","756","1279","0","59.11","19.62"
"65","000","00","001","0129","0981","747","481","266","27","774","1559","0","49.65","30.85"
"65","000","00","001","0130","0000","2352","1545","807","117","2469","4788","0","51.57","32.27"
"65","000","00","001","0130","0982","779","498","281","50","829","1537","0","53.94","32.4"
"65","000","00","001","0130","0983","764","481","283","43","807","1531","0","52.71","31.42"
"65","000","00","001","0130","0984","809","566","243","24","833","1720","0","48.43","32.91"
"65","000","00","001","0131","0000","2875","1871","1004","119","2994","5277","0","56.74","35.46"
"65","000","00","001","0131","0985","627","415","212","24","651","1165","0","55.88","35.62"
"65","000","00","001","0131","0986","1036","657","379","38","1074","1857","0","57.84","35.38"
"65","000","00","001","0131","0987","586","385","201","37","623","1078","0","57.79","35.71"
"65","000","00","001","0131","0988","626","414","212","20","646","1177","0","54.89","35.17"
"65","000","00","001","0132","0000","1842","1202","640","90","1932","3253","0","59.39","36.95"
"65","000","00","001","0132","0989","1011","657","354","39","1050","1798","0","58.4","36.54"
"65","000","00","001","0132","0990","831","545","286","51","882","1455","0","60.62","37.46"
"65","000","00","001","0133","0000","2450","1540","910","62","2512","4295","0","58.49","35.86"
"65","000","00","001","0133","0993","891","537","354","21","912","1600","0","57.0","33.56"
"65","000","00","001","0133","0994","849","525","324","8","857","1409","0","60.82","37.26"
"65","000","00","001","0133","0995","710","478","232","33","743","1286","0","57.78","37.17"
"65","000","00","001","0134","0000","1196","789","407","107","1303","2547","0","51.16","30.98"
"65","000","00","001","0134","0996","595","408","187","77","672","1359","0","49.45","30.02"
"65","000","00","001","0134","0997","601","381","220","30","631","1188","0","53.11","32.07"
"65","000","00","001","0135","0000","3779","2444","1335","144","3923","6884","0","56.99","35.5"
"65","000","00","001","0135","0998","863","574","289","39","902","1627","0","55.44","35.28"
"65","000","00","001","0135","0999","825","525","300","29","854","1633","0","52.3","32.15"
"65","000","00","001","0135","1000","1047","642","405","35","1082","1814","0","59.65","35.39"
"65","000","00","001","0135","1001","1044","703","341","41","1085","1810","0","59.94","38.84"
"65","000","00","001","0136","0000","1838","1204","634","95","1933","3315","0","58.31","36.32"
"65","000","00","001","0136","1005","616","407","209","33","649","1130","0","57.43","36.02"
"65","000","00","001","0136","1006","627","402","225","34","661","1056","0","62.59","38.07"
"65","000","00","001","0136","1007","595","395","200","28","623","1129","0","55.18","34.99"
"65","000","00","001","0137","0000","3642","2401","1241","138","3780","6233","0","60.64","38.52"
"65","000","00","001","0137","1008","958","664","294","44","1002","1713","0","58.49","38.76"
"65","000","00","001","0137","1009","916","595","321","38","954","1622","0","58.82","36.68"
"65","000","00","001","0137","1010","859","544","315","39","898","1427","0","62.93","38.12"
"65","000","00","001","0137","1011","909","598","311","17","926","1471","0","62.95","40.65"
"65","000","00","001","0138","0000","1546","1034","512","74","1620","2637","0","61.43","39.21"
"65","000","00","001","0138","1015","464","315","149","13","477","828","0","57.61","38.04"
"65","000","00","001","0138","1016","481","317","164","38","519","820","0","63.29","38.66"
"65","000","00","001","0138","1017","601","402","199","23","624","989","0","63.09","40.65"
"65","000","00","001","0139","0000","2392","1575","817","117","2509","4257","0","58.94","37.0"
"65","000","00","001","0139","1018","562","362","200","39","601","1023","0","58.75","35.39"
"65","000","00","001","0139","1019","581","388","193","26","607","1044","0","58.14","37.16"
"65","000","00","001","0139","1020","547","380","167","30","577","968","0","59.61","39.26"
"65","000","00","001","0139","1021","702","445","257","22","724","1222","0","59.25","36.42"
"65","000","00","001","0140","0000","1598","1034","564","79","1677","2970","0","56.46","34.81"
"65","000","00","001","0140","1022","748","484","264","35","783","1385","0","56.53","34.95"
"65","000","00","001","0140","1023","850","550","300","44","894","1585","0","56.4","34.7"
"65","000","00","001","0141","0000","2074","1384","690","94","2168","3646","0","59.46","37.96"
"65","000","00","001","0141","1024","987","647","340","50","1037","1840","0","56.36","35.16"
"65","000","00","001","0141","1025","1087","737","350","44","1131","1806","0","62.62","40.81"
"65","000","00","001","0142","0000","2433","1598","835","140","2573","4482","0","57.41","35.65"
"65","000","00","001","0142","1026","811","535","276","52","863","1506","0","57.3","35.52"
"65","000","00","001","0142","1027","783","526","257","44","827","1476","0","56.03","35.64"
"65","000","00","001","0142","1028","839","537","302","44","883","1500","0","58.87","35.8"
"65","000","00","001","0143","0000","1789","1165","624","79","1868","3108","0","60.1","37.48"
"65","000","00","001","0143","1031","881","582","299","31","912","1601","0","56.96","36.35"
"65","000","00","001","0143","1032","908","583","325","48","956","1507","0","63.44","38.69"
"65","000","00","001","0144","0000","5118","3307","1811","156","5274","8859","0","59.53","37.33"
"65","000","00","001","0144","1035","1047","689","358","51","1098","1822","0","60.26","37.82"
"65","000","00","001","0144","1036","960","626","334","38","998","1605","0","62.18","39.0"
"65","000","00","001","0144","1037","891","582","309","26","917","1549","0","59.2","37.57"
"65","000","00","001","0144","1038","1143","717","426","19","1162","1948","0","59.65","36.81"
"65","000","00","001","0144","1039","1077","693","384","22","1099","1935","0","56.8","35.81"
"65","000","00","001","0145","0000","1159","785","374","61","1220","2192","0","55.66","35.81"
"65","000","00","001","0145","1040","572","397","175","41","613","1097","0","55.88","36.19"
"65","000","00","001","0145","1041","587","388","199","20","607","1095","0","55.43","35.43"
"65","000","00","001","0146","0000","2062","1331","731","79","2141","3603","0","59.42","36.94"
"65","000","00","001","0146","1044","630","415","215","35","665","1187","0","56.02","34.96"
"65","000","00","001","0146","1045","670","429","241","24","694","1154","0","60.14","37.18"
"65","000","00","001","0146","1046","762","487","275","20","782","1262","0","61.97","38.59"
"65","000","00","001","0147","0000","1434","965","469","90","1524","2681","0","56.84","35.99"
"65","000","00","001","0147","1047","675","463","212","45","720","1271","0","56.65","36.43"
"65","000","00","001","0147","1048","759","502","257","45","804","1410","0","57.02","35.6"
"65","000","00","001","0148","0000","2843","1905","938","181","3024","5365","0","56.37","35.51"
"65","000","00","001","0148","1049","867","562","305","58","925","1745","0","53.01","32.21"
"65","000","00","001","0148","1050","995","663","332","66","1061","1867","0","56.83","35.51"
"65","000","00","001","0148","1051","981","680","301","57","1038","1753","0","59.21","38.79"
"65","000","00","001","0149","0000","672","418","254","52","724","1204","0","60.13","34.72"
"65","000","00","001","0149","1052","672","418","254","52","724","1204","0","60.13","34.72"
"65","000","00","001","0150","0000","3082","1926","1156","141","3223","5455","0","59.08","35.31"
"65","000","00","001","0150","1053","895","571","324","44","939","1614","0","58.18","35.38"
"65","000","00","001","0150","1054","710","452","258","32","742","1237","0","59.98","36.54"
"65","000","00","001","0150","1055","775","481","294","39","814","1361","0","59.81","35.34"
"65","000","00","001","0150","1056","702","422","280","26","728","1243","0","58.57","33.95"
"65","000","00","001","0151","0000","2177","1192","985","123","2300","3979","0","57.8","29.96"
"65","000","00","001","0151","1057","772","492","280","31","803","1515","0","53.0","32.48"
"65","000","00","001","0151","1058","860","314","546","51","911","1515","0","60.13","20.73"
"65","000","00","001","0151","1059","545","386","159","41","586","949","0","61.75","40.67"
"65","000","00","001","0152","0000","1922","1259","663","89","2011","3768","0","53.37","33.41"
"65","000","00","001","0152","1060","857","562","295","43","900","1629","0","55.25","34.5"
"65","000","00","001","0152","1061","687","437","250","31","718","1238","0","58.0","35.3"
"65","000","00","001","0152","1062","378","260","118","15","393","901","0","43.62","28.86"
"65","000","00","001","0153","0000","1575","1020","555","129","1704","2956","0","57.65","34.51"
"65","000","00","001","0153","1063","788","498","290","79","867","1475","0","58.78","33.76"
"65","000","00","001","0153","1064","787","522","265","50","837","1481","0","56.52","35.25"
"65","000","00","001","0154","0000","3009","1959","1050","170","3179","5602","0","56.75","34.97"
"65","000","00","001","0154","1065","883","566","317","79","962","1800","0","53.44","31.44"
"65","000","00","001","0154","1066","864","583","281","48","912","1630","0","55.95","35.77"
"65","000","00","001","0154","1067","760","495","265","17","777","1298","0","59.86","38.14"
"65","000","00","001","0154","1068","502","315","187","26","528","874","0","60.41","36.04"
"65","000","00","001","0155","0000","1479","924","555","77","1556","2581","0","60.29","35.8"
"65","000","00","001","0155","1071","810","506","304","44","854","1451","0","58.86","34.87"
"65","000","00","001","0155","1072","669","418","251","33","702","1130","0","62.12","36.99"
"65","000","00","001","0156","0000","1676","1114","562","79","1755","2971","0","59.07","37.5"
"65","000","00","001","0156","1073","824","554","270","23","847","1440","0","58.82","38.47"
"65","000","00","001","0156","1074","852","560","292","56","908","1531","0","59.31","36.58"
"65","000","00","001","0157","0000","3772","2476","1296","136","3908","6492","0","60.2","38.14"
"65","000","00","001","0157","1077","674","451","223","20","694","1174","0","59.11","38.42"
"65","000","00","001","0157","1078","698","497","201","28","726","1228","0","59.12","40.47"
"65","000","00","001","0157","1079","696","441","255","26","722","1187","0","60.83","37.15"
"65","000","00","001","0157","1080","504","337","167","34","538","870","0","61.84","38.74"
"65","000","00","001","0157","1081","1200","750","450","28","1228","2033","0","60.4","36.89"
"65","000","00","001","0158","0000","1356","895","461","67","1423","2493","0","57.08","35.9"
"65","000","00","001","0158","1082","734","470","264","37","771","1418","0","54.37","33.15"
"65","000","00","001","0158","1083","622","425","197","30","652","1075","0","60.65","39.53"
"65","000","00","001","0159","0000","2392","1536","856","116","2508","4561","0","54.99","33.68"
"65","000","00","001","0159","1086","999","625","374","56","1055","1893","0","55.73","33.02"
"65","000","00","001","0159","1087","700","459","241","31","731","1302","0","56.14","35.25"
"65","000","00","001","0159","1088","693","452","241","29","722","1366","0","52.86","33.09"
"65","000","00","001","0160","0000","1439","935","504","72","1511","2518","0","60.01","37.13"
"65","000","00","001","0160","1089","781","516","265","43","824","1318","0","62.52","39.15"
"65","000","00","001","0160","1090","658","419","239","29","687","1200","0","57.25","34.92"
"65","000","00","001","0161","0000","2095","1332","763","73","2168","3774","0","57.45","35.29"
"65","000","00","001","0161","1091","1115","672","443","27","1142","2028","0","56.31","33.14"
"65","000","00","001","0161","1092","980","660","320","46","1026","1746","0","58.76","37.8"
"65","000","00","001","0162","0000","1738","1156","582","71","1809","2981","0","60.68","38.78"
"65","000","00","001","0162","1095","793","545","248","31","824","1418","0","58.11","38.43"
"65","000","00","001","0162","1096","945","611","334","40","985","1563","0","63.02","39.09"
"65","000","00","001","0163","0000","1859","1214","645","92","1951","3487","0","55.95","34.82"
"65","000","00","001","0163","1097","935","642","293","54","989","1780","0","55.56","36.07"
"65","000","00","001","0163","1098","924","572","352","38","962","1707","0","56.36","33.51"
"65","000","00","001","0164","0000","1547","993","554","80","1627","3051","0","53.33","32.55"
"65","000","00","001","0164","1099","374","252","122","10","384","906","0","42.38","27.81"
"65","000","00","001","0164","1100","565","358","207","33","598","1030","0","58.06","34.76"
"65","000","00","001","0164","1101","608","383","225","37","645","1115","0","57.85","34.35"
"65","000","00","001","0165","0000","3898","2516","1382","163","4061","7165","0","56.68","35.12"
"65","000","00","001","0165","1102","990","662","328","25","1015","1836","0","55.28","36.06"
"65","000","00","001","0165","1103","991","644","347","56","1047","1881","0","55.66","34.24"
"65","000","00","001","0165","1104","903","565","338","59","962","1688","0","56.99","33.47"
"65","000","00","001","0165","1105","1014","645","369","23","1037","1760","0","58.92","36.65"
"65","000","00","001","0166","0000","1902","1262","640","109","2011","3186","0","63.12","39.61"
"65","000","00","001","0166","1106","620","409","211","35","655","1044","0","62.74","39.18"
"65","000","00","001","0166","1107","633","420","213","28","661","1043","0","63.37","40.27"
"65","000","00","001","0166","1108","649","433","216","46","695","1099","0","63.24","39.4"
"65","000","00","001","0167","0000","1327","886","441","67","1394","2391","0","58.3","37.06"
"65","000","00","001","0167","1109","692","452","240","39","731","1260","0","58.02","35.87"
"65","000","00","001","0167","1110","635","434","201","28","663","1131","0","58.62","38.37"
"65","000","00","001","0168","0000","2273","1526","747","97","2370","3947","0","60.05","38.66"
"65","000","00","001","0168","1111","685","462","223","36","721","1225","0","58.86","37.71"
"65","000","00","001","0168","1112","884","579","305","37","921","1455","0","63.3","39.79"
"65","000","00","001","0168","1113","704","485","219","24","728","1267","0","57.46","38.28"
"65","000","00","001","0169","0000","2208","1468","740","84","2292","3832","0","59.81","38.31"
"65","000","00","001","0169","1116","643","421","222","10","653","1111","0","58.78","37.89"
"65","000","00","001","0169","1117","741","509","232","39","780","1177","0","66.27","43.25"
"65","000","00","001","0169","1118","824","538","286","35","859","1544","0","55.63","34.84"
"65","000","00","001","0170","0000","2227","1417","810","68","2295","4087","0","56.15","34.67"
"65","000","00","001","0170","1121","802","505","297","23","825","1504","0","54.85","33.58"
"65","000","00","001","0170","1122","716","463","253","29","745","1373","0","54.26","33.72"
"65","000","00","001","0170","1123","709","449","260","16","725","1210","0","59.92","37.11"
"65","000","00","001","0171","0000","1781","1197","584","101","1882","3360","0","56.01","35.63"
"65","000","00","001","0171","1124","927","605","322","38","965","1809","0","53.34","33.44"
"65","000","00","001","0171","1125","854","592","262","63","917","1551","0","59.12","38.17"
"65","000","00","001","0172","0000","2260","1493","767","63","2323","3795","0","61.21","39.34"
"65","000","00","001","0172","1126","797","520","277","24","821","1408","0","58.31","36.93"
"65","000","00","001","0172","1127","767","502","265","18","785","1285","0","61.09","39.07"
"65","000","00","001","0172","1128","696","471","225","21","717","1102","0","65.06","42.74"
"65","000","00","001","0173","0000","1642","1120","522","74","1716","3091","0","55.52","36.23"
"65","000","00","001","0173","1129","735","496","239","17","752","1399","0","53.75","35.45"
"65","000","00","001","0173","1130","907","624","283","57","964","1692","0","56.97","36.88"
"65","000","00","001","0174","0000","2536","1729","807","108","2644","4478","0","59.04","38.61"
"65","000","00","001","0174","1133","698","460","238","30","728","1246","0","58.43","36.92"
"65","000","00","001","0174","1134","845","560","285","34","879","1471","0","59.76","38.07"
"65","000","00","001","0174","1135","993","709","284","44","1037","1761","0","58.89","40.26"
"65","000","00","001","0175","0000","1607","1026","581","70","1677","3027","0","55.4","33.89"
"65","000","00","001","0175","1136","834","537","297","33","867","1499","0","57.84","35.82"
"65","000","00","001","0175","1137","773","489","284","37","810","1528","0","53.01","32.0"
"65","000","00","001","0176","0000","1752","1135","617","74","1826","3086","0","59.17","36.78"
"65","000","00","001","0176","1138","873","566","307","44","917","1536","0","59.7","36.85"
"65","000","00","001","0176","1139","879","569","310","30","909","1550","0","58.65","36.71"
"65","000","00","001","0177","0000","1847","1194","653","106","1953","3350","0","58.3","35.64"
"65","000","00","001","0177","1140","1112","708","404","69","1181","2050","0","57.61","34.54"
"65","000","00","001","0177","1141","735","486","249","37","772","1300","0","59.38","37.38"
"65","000","00","001","0178","0000","3149","2087","1062","109","3258","5917","0","55.06","35.27"
"65","000","00","001","0178","1142","798","565","233","35","833","1537","0","54.2","36.76"
"65","000","00","001","0178","1143","712","475","237","24","736","1341","0","54.88","35.42"
"65","000","00","001","0178","1144","896","551","345","22","918","1606","0","57.16","34.31"
"65","000","00","001","0178","1145","743","496","247","28","771","1433","0","53.8","34.61"
"65","000","00","001","0179","0000","2242","1510","732","101","2343","4105","0","57.08","36.78"
"65","000","00","001","0179","1146","880","590","290","29","909","1685","0","53.95","35.01"
"65","000","00","001","0179","1147","730","486","244","44","774","1248","0","62.02","38.94"
"65","000","00","001","0179","1148","632","434","198","28","660","1172","0","56.31","37.03"
"65","000","00","001","0180","0000","4057","2651","1406","171","4228","7527","0","56.17","35.22"
"65","000","00","001","0180","1149","802","504","298","26","828","1640","0","50.49","30.73"
"65","000","00","001","0180","1150","804","543","261","26","830","1428","0","58.12","38.03"
"65","000","00","001","0180","1151","839","527","312","42","881","1527","0","57.69","34.51"
"65","000","00","001","0180","1152","763","503","260","32","795","1350","0","58.89","37.26"
"65","000","00","001","0180","1153","849","574","275","45","894","1582","0","56.51","36.28"
"65","000","00","001","0181","0000","1732","1197","535","70","1802","2823","0","63.83","42.4"
"65","000","00","001","0181","1154","576","391","185","28","604","919","0","65.72","42.55"
"65","000","00","001","0181","1155","546","379","167","22","568","930","0","61.08","40.75"
"65","000","00","001","0181","1156","610","427","183","20","630","974","0","64.68","43.84"
"65","000","00","001","0182","0000","1731","1156","575","67","1798","3170","0","56.72","36.47"
"65","000","00","001","0182","1157","971","657","314","32","1003","1732","0","57.91","37.93"
"65","000","00","001","0182","1158","760","499","261","35","795","1438","0","55.29","34.7"
"65","000","00","001","0183","0000","1777","1165","612","82","1859","3541","0","52.5","32.9"
"65","000","00","001","0183","1159","921","587","334","54","975","1777","0","54.87","33.03"
"65","000","00","001","0183","1160","856","578","278","28","884","1764","0","50.11","32.77"
"65","000","00","001","0184","0000","1994","1288","706","96","2090","3712","0","56.3","34.7"
"65","000","00","001","0184","1164","951","622","329","60","1011","1870","0","54.06","33.26"
"65","000","00","001","0184","1165","1043","666","377","36","1079","1842","0","58.58","36.16"
"65","000","00","001","0185","0000","1259","830","429","66","1325","2322","0","57.06","35.75"
"65","000","00","001","0185","1166","611","399","212","35","646","1094","0","59.05","36.47"
"65","000","00","001","0185","1167","648","431","217","31","679","1228","0","55.29","35.1"
"65","000","00","001","0186","0000","3292","2156","1136","127","3419","6224","0","54.93","34.64"
"65","000","00","001","0186","1170","814","520","294","34","848","1622","0","52.28","32.06"
"65","000","00","001","0186","1171","702","496","206","24","726","1205","0","60.25","41.16"
"65","000","00","001","0186","1172","880","575","305","41","921","1787","0","51.54","32.18"
"65","000","00","001","0186","1173","896","565","331","28","924","1610","0","57.39","35.09"
"65","000","00","001","0187","0000","3603","2306","1297","126","3729","6600","0","56.5","34.94"
"65","000","00","001","0187","1174","1286","803","483","32","1318","2216","0","59.48","36.24"
"65","000","00","001","0187","1175","1226","759","467","44","1270","2294","0","55.36","33.09"
"65","000","00","001","0187","1176","1091","744","347","50","1141","2090","0","54.59","35.6"
"65","000","00","001","0188","0000","1999","1320","679","74","2073","3742","0","55.4","35.28"
"65","000","00","001","0188","1177","658","437","221","17","675","1356","0","49.78","32.23"
"65","000","00","001","0188","1178","615","402","213","29","644","1067","0","60.36","37.68"
"65","000","00","001","0188","1179","726","481","245","28","754","1319","0","57.16","36.47"
"65","000","00","001","0189","0000","1815","1215","600","86","1901","3368","0","56.44","36.07"
"65","000","00","001","0189","1180","716","476","240","31","747","1316","0","56.76","36.17"
"65","000","00","001","0189","1181","613","427","186","40","653","1195","0","54.64","35.73"
"65","000","00","001","0189","1182","486","312","174","15","501","857","0","58.46","36.41"
"65","000","00","001","0190","0000","2530","1621","909","163","2693","4724","0","57.01","34.31"
"65","000","00","001","0190","1183","730","473","257","44","774","1417","0","54.62","33.38"
"65","000","00","001","0190","1184","851","549","302","60","911","1560","0","58.4","35.19"
"65","000","00","001","0190","1185","949","599","350","59","1008","1747","0","57.7","34.29"
"65","000","00","001","0191","0000","2199","1437","762","80","2279","3735","0","61.02","38.47"
"65","000","00","001","0191","1186","722","485","237","40","762","1176","0","64.8","41.24"
"65","000","00","001","0191","1187","635","397","238","19","654","1101","0","59.4","36.06"
"65","000","00","001","0191","1188","842","555","287","21","863","1458","0","59.19","38.07"
"65","000","00","001","0192","0000","3113","2084","1029","190","3303","5591","0","59.08","37.27"
"65","000","00","001","0192","1192","608","406","202","21","629","1120","0","56.16","36.25"
"65","000","00","001","0192","1193","588","391","197","66","654","1022","0","63.99","38.26"
"65","000","00","001","0192","1194","591","381","210","53","644","1049","0","61.39","36.32"
"65","000","00","001","0192","1195","563","385","178","19","582","1007","0","57.8","38.23"
"65","000","00","001","0192","1196","763","521","242","31","794","1393","0","57.0","37.4"
"65","000","00","001","0193","0000","435","262","173","66","501","974","0","51.44","26.9"
"65","000","00","001","0193","1197","157","100","57","42","199","474","0","41.98","21.1"
"65","000","00","001","0193","1198","278","162","116","24","302","500","0","60.4","32.4"
"65","000","00","001","0194","0000","1985","1318","667","99","2084","3502","0","59.51","37.64"
"65","000","00","001","0194","1199","650","417","233","34","684","1177","0","58.11","35.43"
"65","000","00","001","0194","1200","664","466","198","30","694","1186","0","58.52","39.29"
"65","000","00","001","0194","1201","671","435","236","35","706","1139","0","61.98","38.19"
"65","000","00","001","0195","0000","2105","1421","684","71","2176","5201","0","41.84","27.32"
"65","000","00","001","0195","1202","931","634","297","38","969","1750","0","55.37","36.23"
"65","000","00","001","0195","1203","1174","787","387","33","1207","3451","0","34.98","22.8"
"65","000","00","001","0196","0000","2468","1639","829","109","2577","4730","0","54.48","34.65"
"65","000","00","001","0196","1204","832","569","263","46","878","1620","0","54.2","35.12"
"65","000","00","001","0196","1205","456","300","156","17","473","903","0","52.38","33.22"
"65","000","00","001","0196","1206","691","459","232","31","722","1232","0","58.6","37.26"
"65","000","00","001","0196","1207","489","311","178","15","504","975","0","51.69","31.9"
"65","000","00","001","0197","0000","1371","955","416","65","1436","2515","0","57.1","37.97"
"65","000","00","001","0197","1208","658","471","187","33","691","1224","0","56.45","38.48"
"65","000","00","001","0197","1209","713","484","229","32","745","1291","0","57.71","37.49"
"65","000","00","001","0198","0000","4179","2838","1341","171","4350","8555","0","50.85","33.17"
"65","000","00","001","0198","1210","991","669","322","40","1031","1828","0","56.4","36.6"
"65","000","00","001","0198","1211","853","537","316","34","887","1725","0","51.42","31.13"
"65","000","00","001","0198","1212","539","346","193","17","556","1085","0","51.24","31.89"
"65","000","00","001","0198","1213","1182","761","421","52","1234","2357","0","52.35","32.29"
"65","000","00","001","0198","1214","614","525","89","28","642","1560","0","41.15","33.65"
"65","000","00","001","0199","0000","2586","1679","907","98","2684","5152","0","52.1","32.59"
"65","000","00","001","0199","1218","930","625","305","36","966","1763","0","54.79","35.45"
"65","000","00","001","0199","1219","802","491","311","24","826","1744","0","47.36","28.15"
"65","000","00","001","0199","1220","854","563","291","38","892","1645","0","54.22","34.22"
"65","000","00","001","01A0","0000","1886","1292","594","65","1951","3118","0","62.57","41.44"
"65","000","00","001","01A0","1228","957","690","267","34","991","1566","0","63.28","44.06"
"65","000","00","001","01A0","1229","929","602","327","31","960","1552","0","61.86","38.79"
"65","000","00","001","01A1","0000","1299","841","458","72","1371","2270","0","60.4","37.05"
"65","000","00","001","01A1","0913","617","394","223","24","641","1026","0","62.48","38.4"
"65","000","00","001","01A1","0914","682","447","235","48","730","1244","0","58.68","35.93"
"65","000","00","001","01A2","0000","2301","1492","809","116","2417","3821","0","63.26","39.05"
"65","000","00","001","01A2","0933","697","485","212","35","732","1238","0","59.13","39.18"
"65","000","00","001","01A2","0934","835","540","295","48","883","1389","0","63.57","38.88"
"65","000","00","001","01A2","0935","769","467","302","33","802","1194","0","67.17","39.11"
"65","000","00","001","01A3","0000","1577","1047","530","63","1640","2740","0","59.85","38.21"
"65","000","00","001","01A3","0962","851","554","297","34","885","1515","0","58.42","36.57"
"65","000","00","001","01A3","0963","726","493","233","29","755","1225","0","61.63","40.24"
"65","000","00","001","01A4","0000","1626","1025","601","82","1708","2949","0","57.92","34.76"
"65","000","00","001","01A4","0991","727","476","251","41","768","1245","0","61.69","38.23"
"65","000","00","001","01A4","0992","899","549","350","41","940","1704","0","55.16","32.22"
"65","000","00","001","01A5","0000","1777","1186","591","44","1821","3134","0","58.1","37.84"
"65","000","00","001","01A5","1012","583","363","220","15","598","1076","0","55.58","33.74"
"65","000","00","001","01A5","1013","517","352","165","11","528","979","0","53.93","35.96"
"65","000","00","001","01A5","1014","677","471","206","18","695","1079","0","64.41","43.65"
"65","000","00","001","01A6","0000","1424","939","485","81","1505","2493","0","60.37","37.67"
"65","000","00","001","01A6","1033","764","502","262","54","818","1315","0","62.21","38.17"
"65","000","00","001","01A6","1034","660","437","223","27","687","1178","0","58.32","37.1"
"65","000","00","001","01A7","0000","1232","802","430","36","1268","2026","0","62.59","39.59"
"65","000","00","001","01A7","1069","569","370","199","17","586","992","0","59.07","37.3"
"65","000","00","001","01A7","1070","663","432","231","19","682","1034","0","65.96","41.78"
"65","000","00","001","01A8","0000","1543","1016","527","65","1608","2697","0","59.62","37.67"
"65","000","00","001","01A8","1084","800","500","300","37","837","1515","0","55.25","33.0"
"65","000","00","001","01A8","1085","743","516","227","28","771","1182","0","65.23","43.65"
"65","000","00","001","01A9","0000","1142","752","390","54","1196","1966","0","60.83","38.25"
"65","000","00","001","01A9","1114","563","371","192","28","591","972","0","60.8","38.17"
"65","000","00","001","01A9","1115","579","381","198","26","605","994","0","60.87","38.33"
"65","000","00","001","01B0","0000","2047","1247","800","77","2124","3337","0","63.65","37.37"
"65","000","00","001","01B0","1131","971","630","341","30","1001","1625","0","61.6","38.77"
"65","000","00","001","01B0","1132","1076","617","459","47","1123","1712","0","65.6","36.04"
"65","000","00","001","01B1","0000","1206","797","409","39","1245","1860","0","66.94","42.85"
"65","000","00","001","01B1","1168","650","438","212","24","674","998","0","67.54","43.89"
"65","000","00","001","01B1","1169","556","359","197","15","571","862","0","66.24","41.65"
"65","000","00","001","01B2","0000","1960","1238","722","54","2014","3778","0","53.31","32.77"
"65","000","00","001","01B2","1230","987","627","360","20","1007","1885","0","53.42","33.26"
"65","000","00","001","01B2","1231","973","611","362","34","1007","1893","0","53.2","32.28"
"65","000","00","001","01B3","0000","2599","1734","865","84","2683","5613","0","47.8","30.89"
"65","000","00","001","01B3","1215","956","623","333","32","988","2201","0","44.89","28.31"
"65","000","00","001","01B3","1216","844","569","275","28","872","1626","0","53.63","34.99"
"65","000","00","001","01B3","1217","799","542","257","24","823","1786","0","46.08","30.35"
"65","000","00","001","01B4","0000","1234","805","429","39","1273","2314","0","55.01","34.79"
"65","000","00","001","01B4","0926","626","398","228","22","648","1215","0","53.33","32.76"
"65","000","00","001","01B4","0927","608","407","201","17","625","1099","0","56.87","37.03"
"65","000","00","001","01B5","0000","1072","712","360","85","1157","1793","0","64.53","39.71"
"65","000","00","001","01B5","0945","476","327","149","34","510","796","0","64.07","41.08"
"65","000","00","001","01B5","0946","596","385","211","51","647","997","0","64.89","38.62"
"65","000","00","001","01B6","0000","1438","963","475","81","1519","2487","0","61.08","38.72"
"65","000","00","001","01B6","0967","756","512","244","40","796","1283","0","62.04","39.91"
"65","000","00","001","01B6","0968","682","451","231","41","723","1204","0","60.05","37.46"
"65","000","00","001","01B7","0000","1761","1200","561","79","1840","3024","0","60.85","39.68"
"65","000","00","001","01B7","1002","629","419","210","37","666","1133","0","58.78","36.98"
"65","000","00","001","01B7","1003","499","349","150","16","515","841","0","61.24","41.5"
"65","000","00","001","01B7","1004","633","432","201","26","659","1050","0","62.76","41.14"
"65","000","00","001","01B8","0000","1220","819","401","78","1298","2059","0","63.04","39.78"
"65","000","00","001","01B8","1029","651","429","222","43","694","1096","0","63.32","39.14"
"65","000","00","001","01B8","1030","569","390","179","35","604","963","0","62.72","40.5"
"65","000","00","001","01B9","0000","1738","1156","582","105","1843","3428","0","53.76","33.72"
"65","000","00","001","01B9","1042","817","530","287","60","877","1678","0","52.26","31.59"
"65","000","00","001","01B9","1043","921","626","295","45","966","1750","0","55.2","35.77"
"65","000","00","001","01C0","0000","1651","1067","584","89","1740","2942","0","59.14","36.27"
"65","000","00","001","01C0","1075","830","531","299","41","871","1349","0","64.57","39.36"
"65","000","00","001","01C0","1076","821","536","285","48","869","1593","0","54.55","33.65"
"65","000","00","001","01C1","0000","1778","1130","648","57","1835","3428","0","53.53","32.96"
"65","000","00","001","01C1","1093","978","625","353","25","1003","1954","0","51.33","31.99"
"65","000","00","001","01C1","1094","800","505","295","32","832","1474","0","56.45","34.26"
"65","000","00","001","01C2","0000","1110","766","344","87","1197","2061","0","58.08","37.17"
"65","000","00","001","01C2","1119","554","378","176","47","601","1021","0","58.86","37.02"
"65","000","00","001","01C2","1120","556","388","168","40","596","1040","0","57.31","37.31"
"65","000","00","001","01C3","0000","2080","1401","679","80","2160","3645","0","59.26","38.44"
"65","000","00","001","01C3","1161","729","483","246","20","749","1289","0","58.11","37.47"
"65","000","00","001","01C3","1162","672","463","209","32","704","1182","0","59.56","39.17"
"65","000","00","001","01C3","1163","679","455","224","28","707","1174","0","60.22","38.76"
"65","000","00","001","01C4","0000","6188","4083","2105","229","6417","12065","0","53.19","33.84"
"65","000","00","001","01C4","1221","919","604","315","18","937","1861","0","50.35","32.46"
"65","000","00","001","01C4","1222","747","496","251","33","780","1596","0","48.87","31.08"
"65","000","00","001","01C4","1223","962","627","335","50","1012","1871","0","54.09","33.51"
"65","000","00","001","01C4","1224","1015","673","342","45","1060","1938","0","54.7","34.73"
"65","000","00","001","01C4","1225","981","641","340","30","1011","1827","0","55.34","35.08"
"65","000","00","001","01C4","1226","706","471","235","17","723","1359","0","53.2","34.66"
"65","000","00","001","01C4","1227","858","571","287","36","894","1613","0","55.42","35.4"
"65","000","00","001","01C5","0000","1619","1070","549","100","1719","3241","0","53.04","33.01"
"65","000","00","001","01C5","1189","797","533","264","34","831","1630","0","50.98","32.7"
"65","000","00","001","01C5","1190","822","537","285","66","888","1611","0","55.12","33.33"
"65","000","00","001","01C6","0000","604","407","197","27","631","1139","0","55.4","35.73"
"65","000","00","001","01C6","1191","604","407","197","27","631","1139","0","55.4","35.73"
"65","000","00","002","0000","0000","175381","112720","62661","10091","185472","329846","386077","56.23","34.17"
"65","000","00","002","0201","0000","2560","1619","941","129","2689","4753","0","56.57","34.06"
"65","000","00","002","0201","0659","781","479","302","29","810","1509","0","53.68","31.74"
"65","000","00","002","0201","0660","876","572","304","42","918","1591","0","57.7","35.95"
"65","000","00","002","0201","0661","903","568","335","58","961","1653","0","58.14","34.36"
"65","000","00","002","0202","0000","810","513","297","34","844","1459","0","57.85","35.16"
"65","000","00","002","0202","0665","810","513","297","34","844","1459","0","57.85","35.16"
"65","000","00","002","0203","0000","1195","778","417","79","1274","2090","0","60.96","37.22"
"65","000","00","002","0203","0666","592","381","211","45","637","1024","0","62.21","37.21"
"65","000","00","002","0203","0667","603","397","206","34","637","1066","0","59.76","37.24"
"65","000","00","002","0204","0000","527","341","186","42","569","856","0","66.47","39.84"
"65","000","00","002","0204","0668","527","341","186","42","569","856","0","66.47","39.84"
"65","000","00","002","0205","0000","1804","1119","685","81","1885","3533","0","53.35","31.67"
"65","000","00","002","0205","0671","949","579","370","48","997","1887","0","52.84","30.68"
"65","000","00","002","0205","0672","855","540","315","33","888","1646","0","53.95","32.81"
"65","000","00","002","0206","0000","215","135","80","13","228","358","0","63.69","37.71"
"65","000","00","002","0206","0673","215","135","80","13","228","358","0","63.69","37.71"
"65","000","00","002","0207","0000","3032","1912","1120","124","3156","5443","0","57.98","35.13"
"65","000","00","002","0207","0674","585","366","219","39","624","1039","0","60.06","35.23"
"65","000","00","002","0207","0675","653","388","265","26","679","1114","0","60.95","34.83"
"65","000","00","002","0207","0676","913","568","345","31","944","1588","0","59.45","35.77"
"65","000","00","002","0207","0677","881","590","291","28","909","1702","0","53.41","34.67"
"65","000","00","002","0208","0000","2794","1833","961","125","2919","4778","0","61.09","38.36"
"65","000","00","002","0208","0678","851","573","278","40","891","1288","0","69.18","44.49"
"65","000","00","002","0208","0679","947","608","339","37","984","1629","0","60.41","37.32"
"65","000","00","002","0208","0680","996","652","344","48","1044","1861","0","56.1","35.03"
"65","000","00","002","0209","0000","1697","1115","582","91","1788","3108","0","57.53","35.88"
"65","000","00","002","0209","0683","846","560","286","46","892","1595","0","55.92","35.11"
"65","000","00","002","0209","0684","851","555","296","45","896","1513","0","59.22","36.68"
"65","000","00","002","0210","0000","3129","2028","1101","131","3260","8503","0","38.34","23.85"
"65","000","00","002","0210","0685","791","483","308","34","825","4433","0","18.61","10.9"
"65","000","00","002","0210","0686","717","490","227","32","749","1283","0","58.38","38.19"
"65","000","00","002","0210","0687","832","546","286","41","873","1430","0","61.05","38.18"
"65","000","00","002","0210","0688","789","509","280","24","813","1357","0","59.91","37.51"
"65","000","00","002","0211","0000","1043","650","393","57","1100","1846","0","59.59","35.21"
"65","000","00","002","0211","0689","550","357","193","24","574","963","0","59.61","37.07"
"65","000","00","002","0211","0690","493","293","200","33","526","883","0","59.57","33.18"
"65","000","00","002","0212","0000","1682","1113","569","113","1795","3110","0","57.72","35.79"
"65","000","00","002","0212","0691","803","544","259","54","857","1494","0","57.36","36.41"
"65","000","00","002","0212","0692","879","569","310","59","938","1616","0","58.04","35.21"
"65","000","00","002","0213","0000","2268","1434","834","100","2368","3998","0","59.23","35.87"
"65","000","00","002","0213","0693","734","455","279","28","762","1329","0","57.34","34.24"
"65","000","00","002","0213","0694","770","483","287","34","804","1289","0","62.37","37.47"
"65","000","00","002","0213","0695","764","496","268","38","802","1380","0","58.12","35.94"
"65","000","00","002","0214","0000","3259","2095","1164","148","3407","5679","0","59.99","36.89"
"65","000","00","002","0214","0696","933","574","359","31","964","1668","0","57.79","34.41"
"65","000","00","002","0214","0697","726","475","251","50","776","1226","0","63.3","38.74"
"65","000","00","002","0214","0698","820","531","289","33","853","1421","0","60.03","37.37"
"65","000","00","002","0214","0699","780","515","265","34","814","1364","0","59.68","37.76"
"65","000","00","002","0215","0000","2263","1342","921","131","2394","3736","0","64.08","35.92"
"65","000","00","002","0215","0700","690","452","238","44","734","1232","0","59.58","36.69"
"65","000","00","002","0215","0701","740","445","295","42","782","1248","0","62.66","35.66"
"65","000","00","002","0215","0702","833","445","388","45","878","1256","0","69.9","35.43"
"65","000","00","002","0216","0000","1868","1186","682","67","1935","3175","0","60.94","37.35"
"65","000","00","002","0216","0703","904","573","331","29","933","1506","0","61.95","38.05"
"65","000","00","002","0216","0704","964","613","351","38","1002","1669","0","60.04","36.73"
"65","000","00","002","0217","0000","3112","2026","1086","184","3296","5489","0","60.05","36.91"
"65","000","00","002","0217","0705","708","479","229","51","759","1308","0","58.03","36.62"
"65","000","00","002","0217","0706","805","535","270","28","833","1263","0","65.95","42.36"
"65","000","00","002","0217","0707","776","486","290","53","829","1471","0","56.36","33.04"
"65","000","00","002","0217","0708","823","526","297","52","875","1447","0","60.47","36.35"
"65","000","00","002","0218","0000","2754","1733","1021","133","2887","5520","0","52.3","31.39"
"65","000","00","002","0218","0709","789","462","327","45","834","1693","0","49.26","27.29"
"65","000","00","002","0218","0710","1060","644","416","35","1095","2015","0","54.34","31.96"
"65","000","00","002","0218","0711","905","627","278","53","958","1812","0","52.87","34.6"
"65","000","00","002","0219","0000","1559","969","590","66","1625","2948","0","55.12","32.87"
"65","000","00","002","0219","0712","780","479","301","26","806","1509","0","53.41","31.74"
"65","000","00","002","0219","0713","779","490","289","40","819","1439","0","56.91","34.05"
"65","000","00","002","0220","0000","3502","2192","1310","147","3649","6530","0","55.88","33.57"
"65","000","00","002","0220","0714","786","500","286","42","828","1437","0","57.62","34.79"
"65","000","00","002","0220","0715","863","506","357","57","920","1697","0","54.21","29.82"
"65","000","00","002","0220","0716","903","583","320","26","929","1793","0","51.81","32.52"
"65","000","00","002","0220","0717","950","603","347","22","972","1603","0","60.64","37.62"
"65","000","00","002","0221","0000","1254","811","443","47","1301","2292","0","56.76","35.38"
"65","000","00","002","0221","0718","619","401","218","16","635","1166","0","54.46","34.39"
"65","000","00","002","0221","0719","635","410","225","31","666","1126","0","59.15","36.41"
"65","000","00","002","0222","0000","614","408","206","38","652","1291","0","50.5","31.6"
"65","000","00","002","0222","0720","614","408","206","38","652","1291","0","50.5","31.6"
"65","000","00","002","0223","0000","846","518","328","58","904","1597","0","56.61","32.44"
"65","000","00","002","0223","0721","846","518","328","58","904","1597","0","56.61","32.44"
"65","000","00","002","0224","0000","1168","746","422","85","1253","1992","0","62.9","37.45"
"65","000","00","002","0224","0722","614","392","222","51","665","1081","0","61.52","36.26"
"65","000","00","002","0224","0723","554","354","200","34","588","911","0","64.54","38.86"
"65","000","00","002","0225","0000","830","518","312","30","860","1719","0","50.03","30.13"
"65","000","00","002","0225","0724","830","518","312","30","860","1719","0","50.03","30.13"
"65","000","00","002","0226","0000","678","436","242","48","726","1289","0","56.32","33.82"
"65","000","00","002","0226","0725","678","436","242","48","726","1289","0","56.32","33.82"
"65","000","00","002","0227","0000","748","501","247","56","804","1318","0","61.0","38.01"
"65","000","00","002","0227","0726","748","501","247","56","804","1318","0","61.0","38.01"
"65","000","00","002","0228","0000","914","592","322","47","961","1822","0","52.74","32.49"
"65","000","00","002","0228","0727","914","592","322","47","961","1822","0","52.74","32.49"
"65","000","00","002","0229","0000","628","419","209","69","697","1185","0","58.82","35.36"
"65","000","00","002","0229","0728","628","419","209","69","697","1185","0","58.82","35.36"
"65","000","00","002","0230","0000","668","419","249","54","722","1369","0","52.74","30.61"
"65","000","00","002","0230","0729","668","419","249","54","722","1369","0","52.74","30.61"
"65","000","00","002","0231","0000","814","535","279","52","866","1507","0","57.47","35.5"
"65","000","00","002","0231","0730","814","535","279","52","866","1507","0","57.47","35.5"
"65","000","00","002","0232","0000","1005","662","343","61","1066","1876","0","56.82","35.29"
"65","000","00","002","0232","0731","510","331","179","45","555","926","0","59.94","35.75"
"65","000","00","002","0232","0732","495","331","164","16","511","950","0","53.79","34.84"
"65","000","00","002","0233","0000","842","520","322","51","893","1678","0","53.22","30.99"
"65","000","00","002","0233","0733","842","520","322","51","893","1678","0","53.22","30.99"
"65","000","00","002","0234","0000","576","366","210","62","638","1117","0","57.12","32.77"
"65","000","00","002","0234","0734","576","366","210","62","638","1117","0","57.12","32.77"
"65","000","00","002","0235","0000","660","430","230","44","704","1318","0","53.41","32.63"
"65","000","00","002","0235","0735","660","430","230","44","704","1318","0","53.41","32.63"
"65","000","00","002","0236","0000","768","463","305","34","802","1388","0","57.78","33.36"
"65","000","00","002","0236","0736","768","463","305","34","802","1388","0","57.78","33.36"
"65","000","00","002","0237","0000","558","331","227","42","600","1026","0","58.48","32.26"
"65","000","00","002","0237","0737","558","331","227","42","600","1026","0","58.48","32.26"
"65","000","00","002","0238","0000","1180","749","431","73","1253","2063","0","60.74","36.31"
"65","000","00","002","0238","0738","635","392","243","45","680","1096","0","62.04","35.77"
"65","000","00","002","0238","0739","545","357","188","28","573","967","0","59.26","36.92"
"65","000","00","002","0239","0000","1826","1149","677","101","1927","3534","0","54.53","32.51"
"65","000","00","002","0239","0740","950","595","355","40","990","1871","0","52.91","31.8"
"65","000","00","002","0239","0741","876","554","322","61","937","1663","0","56.34","33.31"
"65","000","00","002","0240","0000","659","449","210","25","684","1208","0","56.62","37.17"
"65","000","00","002","0240","0742","659","449","210","25","684","1208","0","56.62","37.17"
"65","000","00","002","0241","0000","1277","780","497","58","1335","2476","0","53.92","31.5"
"65","000","00","002","0241","0743","705","417","288","39","744","1398","0","53.22","29.83"
"65","000","00","002","0241","0744","572","363","209","19","591","1078","0","54.82","33.67"
"65","000","00","002","0242","0000","1283","798","485","97","1380","2495","0","55.31","31.98"
"65","000","00","002","0242","0745","572","383","189","41","613","1102","0","55.63","34.75"
"65","000","00","002","0242","0746","711","415","296","56","767","1393","0","55.06","29.79"
"65","000","00","002","0243","0000","1450","948","502","83","1533","2485","0","61.69","38.15"
"65","000","00","002","0243","0747","698","448","250","45","743","1251","0","59.39","35.81"
"65","000","00","002","0243","0748","752","500","252","38","790","1234","0","64.02","40.52"
"65","000","00","002","0244","0000","1786","1148","638","84","1870","3251","0","57.52","35.31"
"65","000","00","002","0244","0749","920","583","337","39","959","1661","0","57.74","35.1"
"65","000","00","002","0244","0750","866","565","301","45","911","1590","0","57.3","35.53"
"65","000","00","002","0245","0000","2150","1375","775","132","2282","3773","0","60.48","36.44"
"65","000","00","002","0245","0751","667","426","241","39","706","1182","0","59.73","36.04"
"65","000","00","002","0245","0752","770","493","277","48","818","1369","0","59.75","36.01"
"65","000","00","002","0245","0753","713","456","257","45","758","1222","0","62.03","37.32"
"65","000","00","002","0246","0000","725","483","242","64","789","1304","0","60.51","37.04"
"65","000","00","002","0246","0754","725","483","242","64","789","1304","0","60.51","37.04"
"65","000","00","002","0247","0000","540","363","177","31","571","1054","0","54.17","34.44"
"65","000","00","002","0247","0755","540","363","177","31","571","1054","0","54.17","34.44"
"65","000","00","002","0248","0000","862","565","297","63","925","1635","0","56.57","34.56"
"65","000","00","002","0248","0756","862","565","297","63","925","1635","0","56.57","34.56"
"65","000","00","002","0249","0000","898","583","315","39","937","1779","0","52.67","32.77"
"65","000","00","002","0249","0757","898","583","315","39","937","1779","0","52.67","32.77"
"65","000","00","002","0250","0000","882","555","327","53","935","1633","0","57.26","33.99"
"65","000","00","002","0250","0758","882","555","327","53","935","1633","0","57.26","33.99"
"65","000","00","002","0251","0000","1231","817","414","61","1292","2128","0","60.71","38.39"
"65","000","00","002","0251","0759","619","403","216","27","646","1107","0","58.36","36.4"
"65","000","00","002","0251","0760","612","414","198","34","646","1021","0","63.27","40.55"
"65","000","00","002","0252","0000","788","502","286","67","855","1649","0","51.85","30.44"
"65","000","00","002","0252","0761","788","502","286","67","855","1649","0","51.85","30.44"
"65","000","00","002","0253","0000","468","313","155","30","498","874","0","56.98","35.81"
"65","000","00","002","0253","0762","468","313","155","30","498","874","0","56.98","35.81"
"65","000","00","002","0254","0000","753","484","269","68","821","1402","0","58.56","34.52"
"65","000","00","002","0254","0763","753","484","269","68","821","1402","0","58.56","34.52"
"65","000","00","002","0255","0000","819","539","280","54","873","1713","0","50.96","31.47"
"65","000","00","002","0255","0764","819","539","280","54","873","1713","0","50.96","31.47"
"65","000","00","002","0256","0000","1046","670","376","61","1107","2011","0","55.05","33.32"
"65","000","00","002","0256","0765","466","301","165","25","491","973","0","50.46","30.94"
"65","000","00","002","0256","0766","580","369","211","36","616","1038","0","59.34","35.55"
"65","000","00","002","0257","0000","858","556","302","91","949","1833","0","51.77","30.33"
"65","000","00","002","0257","0767","858","556","302","91","949","1833","0","51.77","30.33"
"65","000","00","002","0258","0000","437","255","182","28","465","817","0","56.92","31.21"
"65","000","00","002","0258","0768","437","255","182","28","465","817","0","56.92","31.21"
"65","000","00","002","0259","0000","780","504","276","45","825","1387","0","59.48","36.34"
"65","000","00","002","0259","0769","780","504","276","45","825","1387","0","59.48","36.34"
"65","000","00","002","0260","0000","460","292","168","26","486","784","0","61.99","37.24"
"65","000","00","002","0260","0770","460","292","168","26","486","784","0","61.99","37.24"
"65","000","00","002","0261","0000","1197","772","425","89","1286","2259","0","56.93","34.17"
"65","000","00","002","0261","0771","563","363","200","35","598","1096","0","54.56","33.12"
"65","000","00","002","0261","0772","634","409","225","54","688","1163","0","59.16","35.17"
"65","000","00","002","0262","0000","938","607","331","46","984","1868","0","52.68","32.49"
"65","000","00","002","0262","0773","938","607","331","46","984","1868","0","52.68","32.49"
"65","000","00","002","0263","0000","1035","684","351","78","1113","2051","0","54.27","33.35"
"65","000","00","002","0263","0774","566","379","187","50","616","1117","0","55.15","33.93"
"65","000","00","002","0263","0775","469","305","164","28","497","934","0","53.21","32.66"
"65","000","00","002","0264","0000","700","448","252","45","745","1412","0","52.76","31.73"
"65","000","00","002","0264","0776","700","448","252","45","745","1412","0","52.76","31.73"
"65","000","00","002","0265","0000","644","418","226","33","677","1062","0","63.75","39.36"
"65","000","00","002","0265","0777","644","418","226","33","677","1062","0","63.75","39.36"
"65","000","00","002","0266","0000","1039","682","357","120","1159","1827","0","63.44","37.33"
"65","000","00","002","0266","0778","460","312","148","51","511","891","0","57.35","35.02"
"65","000","00","002","0266","0779","579","370","209","69","648","936","0","69.23","39.53"
"65","000","00","002","0267","0000","1072","690","382","74","1146","2150","0","53.3","32.09"
"65","000","00","002","0267","0780","551","383","168","52","603","1085","0","55.58","35.3"
"65","000","00","002","0267","0781","521","307","214","22","543","1065","0","50.99","28.83"
"65","000","00","002","0268","0000","1600","1055","545","80","1680","2948","0","56.99","35.79"
"65","000","00","002","0268","0782","757","485","272","45","802","1398","0","57.37","34.69"
"65","000","00","002","0268","0783","843","570","273","35","878","1550","0","56.65","36.77"
"65","000","00","002","0269","0000","854","554","300","56","910","1674","0","54.36","33.09"
"65","000","00","002","0269","0784","854","554","300","56","910","1674","0","54.36","33.09"
"65","000","00","002","0270","0000","761","549","212","50","811","1215","0","66.75","45.19"
"65","000","00","002","0270","0785","761","549","212","50","811","1215","0","66.75","45.19"
"65","000","00","002","0271","0000","838","529","309","47","885","1606","0","55.11","32.94"
"65","000","00","002","0271","0786","838","529","309","47","885","1606","0","55.11","32.94"
"65","000","00","002","0272","0000","1302","820","482","101","1403","2420","0","57.98","33.88"
"65","000","00","002","0272","0787","629","399","230","41","670","1182","0","56.68","33.76"
"65","000","00","002","0272","0788","673","421","252","60","733","1238","0","59.21","34.01"
"65","000","00","002","0273","0000","1525","951","574","95","1620","2750","0","58.91","34.58"
"65","000","00","002","0273","0789","744","451","293","54","798","1342","0","59.46","33.61"
"65","000","00","002","0273","0790","781","500","281","41","822","1408","0","58.38","35.51"
"65","000","00","002","0274","0000","925","596","329","70","995","1770","0","56.21","33.67"
"65","000","00","002","0274","0791","925","596","329","70","995","1770","0","56.21","33.67"
"65","000","00","002","0275","0000","1025","628","397","71","1096","1915","0","57.23","32.79"
"65","000","00","002","0275","0792","503","299","204","49","552","940","0","58.72","31.81"
"65","000","00","002","0275","0793","522","329","193","22","544","975","0","55.79","33.74"
"65","000","00","002","0276","0000","2210","1418","792","126","2336","4183","0","55.85","33.9"
"65","000","00","002","0276","0794","772","489","283","33","805","1507","0","53.42","32.45"
"65","000","00","002","0276","0795","762","482","280","51","813","1419","0","57.29","33.97"
"65","000","00","002","0276","0796","676","447","229","42","718","1257","0","57.12","35.56"
"65","000","00","002","0277","0000","1767","1178","589","98","1865","3364","0","55.44","35.02"
"65","000","00","002","0277","0797","870","568","302","46","916","1619","0","56.58","35.08"
"65","000","00","002","0277","0798","897","610","287","52","949","1745","0","54.38","34.96"
"65","000","00","002","0278","0000","2586","1670","916","161","2747","4898","0","56.08","34.1"
"65","000","00","002","0278","0799","799","509","290","59","858","1519","0","56.48","33.51"
"65","000","00","002","0278","0800","837","543","294","52","889","1682","0","52.85","32.28"
"65","000","00","002","0278","0801","950","618","332","50","1000","1697","0","58.93","36.42"
"65","000","00","002","0279","0000","1022","675","347","68","1090","1997","0","54.58","33.8"
"65","000","00","002","0279","0802","542","353","189","38","580","1073","0","54.05","32.9"
"65","000","00","002","0279","0803","480","322","158","30","510","924","0","55.19","34.85"
"65","000","00","002","0280","0000","768","519","249","38","806","1613","0","49.97","32.18"
"65","000","00","002","0280","0804","768","519","249","38","806","1613","0","49.97","32.18"
"65","000","00","002","0281","0000","1134","770","364","73","1207","2152","0","56.09","35.78"
"65","000","00","002","0281","0805","524","358","166","28","552","1034","0","53.38","34.62"
"65","000","00","002","0281","0806","610","412","198","45","655","1118","0","58.59","36.85"
"65","000","00","002","0282","0000","1916","1286","630","134","2050","3595","0","57.02","35.77"
"65","000","00","002","0282","0807","682","451","231","49","731","1269","0","57.6","35.54"
"65","000","00","002","0282","0808","515","344","171","40","555","990","0","56.06","34.75"
"65","000","00","002","0282","0809","719","491","228","45","764","1336","0","57.19","36.75"
"65","000","00","002","0283","0000","1787","1206","581","80","1867","3182","0","58.67","37.9"
"65","000","00","002","0283","0810","869","584","285","37","906","1601","0","56.59","36.48"
"65","000","00","002","0283","0811","918","622","296","43","961","1581","0","60.78","39.34"
"65","000","00","002","0284","0000","1449","931","518","83","1532","2571","0","59.59","36.21"
"65","000","00","002","0284","0812","738","474","264","42","780","1345","0","57.99","35.24"
"65","000","00","002","0284","0813","711","457","254","41","752","1226","0","61.34","37.28"
"65","000","00","002","0285","0000","1420","937","483","103","1523","2790","0","54.59","33.58"
"65","000","00","002","0285","0814","798","524","274","67","865","1650","0","52.42","31.76"
"65","000","00","002","0285","0815","622","413","209","36","658","1140","0","57.72","36.23"
"65","000","00","002","0286","0000","1719","1133","586","87","1806","3338","0","54.1","33.94"
"65","000","00","002","0286","0816","812","533","279","40","852","1639","0","51.98","32.52"
"65","000","00","002","0286","0817","907","600","307","47","954","1699","0","56.15","35.31"
"65","000","00","002","0287","0000","2239","1454","785","152","2391","4355","0","54.9","33.39"
"65","000","00","002","0287","0820","790","503","287","57","847","1540","0","55.0","32.66"
"65","000","00","002","0287","0821","674","454","220","43","717","1276","0","56.19","35.58"
"65","000","00","002","0287","0822","775","497","278","52","827","1539","0","53.74","32.29"
"65","000","00","002","0288","0000","1529","958","571","102","1631","2898","0","56.28","33.06"
"65","000","00","002","0288","0828","745","453","292","54","799","1407","0","56.79","32.2"
"65","000","00","002","0288","0829","784","505","279","48","832","1491","0","55.8","33.87"
"65","000","00","002","0289","0000","2528","1601","927","145","2673","4718","0","56.66","33.93"
"65","000","00","002","0289","0837","768","494","274","52","820","1398","0","58.66","35.34"
"65","000","00","002","0289","0838","882","549","333","46","928","1706","0","54.4","32.18"
"65","000","00","002","0289","0839","878","558","320","47","925","1614","0","57.31","34.57"
"65","000","00","002","0290","0000","2536","1613","923","166","2702","4723","0","57.21","34.15"
"65","000","00","002","0290","0840","850","540","310","60","910","1591","0","57.2","33.94"
"65","000","00","002","0290","0841","883","558","325","41","924","1627","0","56.79","34.3"
"65","000","00","002","0290","0842","803","515","288","65","868","1505","0","57.67","34.22"
"65","000","00","002","0291","0000","1879","1238","641","72","1951","3577","0","54.54","34.61"
"65","000","00","002","0291","0832","994","638","356","41","1035","1938","0","53.41","32.92"
"65","000","00","002","0291","0833","885","600","285","31","916","1639","0","55.89","36.61"
"65","000","00","002","0292","0000","1280","789","491","62","1342","2290","0","58.6","34.45"
"65","000","00","002","0292","0823","675","422","253","29","704","1170","0","60.17","36.07"
"65","000","00","002","0292","0824","605","367","238","33","638","1120","0","56.96","32.77"
"65","000","00","002","0293","0000","3717","2383","1334","155","3872","7372","0","52.52","32.33"
"65","000","00","002","0293","0846","1016","632","384","43","1059","1800","0","58.83","35.11"
"65","000","00","002","0293","0847","809","514","295","34","843","1703","0","49.5","30.18"
"65","000","00","002","0293","0848","947","605","342","40","987","1975","0","49.97","30.63"
"65","000","00","002","0293","0849","945","632","313","38","983","1894","0","51.9","33.37"
"65","000","00","002","0294","0000","2203","1393","810","99","2302","3957","0","58.18","35.2"
"65","000","00","002","0294","0850","785","503","282","38","823","1405","0","58.58","35.8"
"65","000","00","002","0294","0851","723","468","255","29","752","1293","0","58.16","36.19"
"65","000","00","002","0294","0852","695","422","273","32","727","1259","0","57.74","33.52"
"65","000","00","002","0295","0000","2099","1340","759","128","2227","3711","0","60.01","36.11"
"65","000","00","002","0295","0853","666","440","226","45","711","1144","0","62.15","38.46"
"65","000","00","002","0295","0854","717","448","269","48","765","1254","0","61.0","35.73"
"65","000","00","002","0295","0855","716","452","264","35","751","1313","0","57.2","34.42"
"65","000","00","002","0296","0000","1735","1092","643","107","1842","3369","0","54.67","32.41"
"65","000","00","002","0296","0856","817","491","326","56","873","1594","0","54.77","30.8"
"65","000","00","002","0296","0857","918","601","317","51","969","1775","0","54.59","33.86"
"65","000","00","002","0297","0000","1559","1030","529","124","1683","2831","0","59.45","36.38"
"65","000","00","002","0297","0858","783","524","259","66","849","1516","0","56.0","34.56"
"65","000","00","002","0297","0859","776","506","270","58","834","1315","0","63.42","38.48"
"65","000","00","002","0298","0000","1040","675","365","90","1130","2003","0","56.42","33.7"
"65","000","00","002","0298","0860","473","295","178","48","521","843","0","61.8","34.99"
"65","000","00","002","0298","0861","567","380","187","42","609","1160","0","52.5","32.76"
"65","000","00","002","0299","0000","1212","814","398","71","1283","2106","0","60.92","38.65"
"65","000","00","002","0299","0862","581","408","173","39","620","1052","0","58.94","38.78"
"65","000","00","002","0299","0863","631","406","225","32","663","1054","0","62.9","38.52"
"65","000","00","002","02A0","0000","1038","663","375","75","1113","1933","0","57.58","34.3"
"65","000","00","002","02A0","0864","556","359","197","43","599","997","0","60.08","36.01"
"65","000","00","002","02A0","0865","482","304","178","32","514","936","0","54.91","32.48"
"65","000","00","002","02A1","0000","1637","1060","577","94","1731","3154","0","54.88","33.61"
"65","000","00","002","02A1","0866","858","565","293","53","911","1658","0","54.95","34.08"
"65","000","00","002","02A1","0867","779","495","284","41","820","1496","0","54.81","33.09"
"65","000","00","002","02A2","0000","1294","855","439","69","1363","2216","0","61.51","38.58"
"65","000","00","002","02A2","0868","628","405","223","31","659","1064","0","61.94","38.06"
"65","000","00","002","02A2","0869","666","450","216","38","704","1152","0","61.11","39.06"
"65","000","00","002","02A3","0000","2115","1391","724","121","2236","4173","0","53.58","33.33"
"65","000","00","002","02A3","0870","769","495","274","44","813","1532","0","53.07","32.31"
"65","000","00","002","02A3","0871","640","439","201","31","671","1338","0","50.15","32.81"
"65","000","00","002","02A3","0872","706","457","249","46","752","1303","0","57.71","35.07"
"65","000","00","002","02A4","0000","2225","1398","827","127","2352","4610","0","51.02","30.33"
"65","000","00","002","02A4","0880","671","425","246","26","697","1381","0","50.47","30.77"
"65","000","00","002","02A4","0881","773","494","279","67","840","1681","0","49.97","29.39"
"65","000","00","002","02A4","0882","781","479","302","34","815","1548","0","52.65","30.94"
"65","000","00","002","02A5","0000","2821","1857","964","133","2954","5569","0","53.04","33.35"
"65","000","00","002","02A5","0875","890","585","305","58","948","1821","0","52.06","32.13"
"65","000","00","002","02A5","0876","925","616","309","39","964","1906","0","50.58","32.32"
"65","000","00","002","02A5","0877","1006","656","350","36","1042","1842","0","56.57","35.61"
"65","000","00","002","02A6","0000","1551","1030","521","100","1651","2860","0","57.73","36.01"
"65","000","00","002","02A6","0873","763","505","258","54","817","1369","0","59.68","36.89"
"65","000","00","002","02A6","0874","788","525","263","46","834","1491","0","55.94","35.21"
"65","000","00","002","02A7","0000","1019","649","370","77","1096","1841","0","59.53","35.25"
"65","000","00","002","02A7","0878","441","289","152","35","476","878","0","54.21","32.92"
"65","000","00","002","02A7","0879","578","360","218","42","620","963","0","64.38","37.38"
"65","000","00","002","02A8","0000","3604","2263","1341","149","3753","6784","0","55.32","33.36"
"65","000","00","002","02A8","0883","851","505","346","43","894","1542","0","57.98","32.75"
"65","000","00","002","02A8","0884","821","510","311","49","870","1557","0","55.88","32.76"
"65","000","00","002","02A8","0885","863","552","311","39","902","1661","0","54.3","33.23"
"65","000","00","002","02A8","0886","1069","696","373","18","1087","2024","0","53.71","34.39"
"65","000","00","002","02A9","0000","899","568","331","58","957","1585","0","60.38","35.84"
"65","000","00","002","02A9","0669","407","253","154","30","437","764","0","57.2","33.12"
"65","000","00","002","02A9","0670","492","315","177","28","520","821","0","63.34","38.37"
"65","000","00","002","02B0","0000","2354","1551","803","139","2493","4172","0","59.76","37.18"
"65","000","00","002","02B0","0662","782","516","266","50","832","1392","0","59.77","37.07"
"65","000","00","002","02B0","0663","845","558","287","40","885","1451","0","60.99","38.46"
"65","000","00","002","02B0","0664","727","477","250","49","776","1329","0","58.39","35.89"
"65","000","00","002","02B1","0000","1946","1311","635","74","2020","3540","0","57.06","37.03"
"65","000","00","002","02B1","0681","971","581","390","34","1005","1727","0","58.19","33.64"
"65","000","00","002","02B1","0682","975","730","245","40","1015","1813","0","55.98","40.26"
"65","000","00","002","02B2","0000","1453","933","520","93","1546","2603","0","59.39","35.84"
"65","000","00","002","02B2","0830","785","503","282","48","833","1381","0","60.32","36.42"
"65","000","00","002","02B2","0831","668","430","238","45","713","1222","0","58.35","35.19"
"65","000","00","002","02B3","0000","2682","1579","1103","163","2845","5130","0","55.46","30.78"
"65","000","00","002","02B3","0825","962","605","357","51","1013","1789","0","56.62","33.82"
"65","000","00","002","02B3","0826","760","360","400","55","815","1520","0","53.62","23.68"
"65","000","00","002","02B3","0827","960","614","346","57","1017","1821","0","55.85","33.72"
"65","000","00","002","02B4","0000","2333","1466","867","117","2450","4507","0","54.36","32.53"
"65","000","00","002","02B4","0843","719","456","263","42","761","1331","0","57.18","34.26"
"65","000","00","002","02B4","0844","801","515","286","41","842","1678","0","50.18","30.69"
"65","000","00","002","02B4","0845","813","495","318","34","847","1498","0","56.54","33.04"
"65","000","00","002","02B5","0000","2614","1709","905","166","2780","5076","0","54.77","33.67"
"65","000","00","002","02B5","0834","853","534","319","59","912","1614","0","56.51","33.09"
"65","000","00","002","02B5","0835","894","589","305","47","941","1709","0","55.06","34.46"
"65","000","00","002","02B5","0836","867","586","281","60","927","1753","0","52.88","33.43"
"65","000","00","002","02B6","0000","1777","1161","616","87","1864","3039","0","61.34","38.2"
"65","000","00","002","02B6","0818","942","611","331","52","994","1501","0","66.22","40.71"
"65","000","00","002","02B6","0819","835","550","285","35","870","1538","0","56.57","35.76"
"65","000","00","002","02B7","0000","1609","1017","592","110","1719","3294","0","52.19","30.87"
"65","000","00","002","02B7","0887","759","470","289","41","800","1588","0","50.38","29.6"
"65","000","00","002","02B7","0888","850","547","303","69","919","1706","0","53.87","32.06"
"65","000","00","002","02B8","0000","2013","1321","692","119","2132","3705","0","57.54","35.65"
"65","000","00","002","02B8","0889","753","485","268","36","789","1341","0","58.84","36.17"
"65","000","00","002","02B8","0890","541","371","170","40","581","1025","0","56.68","36.2"
"65","000","00","002","02B8","0891","719","465","254","43","762","1339","0","56.91","34.73"
"65","000","00","002","02B9","0000","1806","1167","639","134","1940","3551","0","54.63","32.86"
"65","000","00","002","02B9","0892","879","585","294","69","948","1725","0","54.96","33.91"
"65","000","00","002","02B9","0893","927","582","345","65","992","1826","0","54.33","31.87"
"65","000","00","003","0000","0000","191279","128026","63253","7610","198889","355978","412545","55.87","35.96"
"65","000","00","003","0301","0000","2664","1716","948","111","2775","5249","0","52.87","32.69"
"65","000","00","003","0301","1232","800","506","294","44","844","1630","0","51.78","31.04"
"65","000","00","003","0301","1233","947","607","340","44","991","1775","0","55.83","34.2"
"65","000","00","003","0301","1234","917","603","314","23","940","1844","0","50.98","32.7"
"65","000","00","003","0302","0000","4421","2868","1553","181","4602","8034","0","57.28","35.7"
"65","000","00","003","0302","1282","905","572","333","56","961","1788","0","53.75","31.99"
"65","000","00","003","0302","1283","978","637","341","29","1007","1793","0","56.16","35.53"
"65","000","00","003","0302","1284","743","485","258","36","779","1352","0","57.62","35.87"
"65","000","00","003","0302","1285","1002","649","353","39","1041","1813","0","57.42","35.8"
"65","000","00","003","0302","1286","793","525","268","21","814","1288","0","63.2","40.76"
"65","000","00","003","0303","0000","2077","1403","674","89","2166","3829","0","56.57","36.64"
"65","000","00","003","0303","1287","644","415","229","41","685","1186","0","57.76","34.99"
"65","000","00","003","0303","1288","668","469","199","13","681","1237","0","55.05","37.91"
"65","000","00","003","0303","1289","765","519","246","35","800","1406","0","56.9","36.91"
"65","000","00","003","0304","0000","2134","1399","735","102","2236","3774","0","59.25","37.07"
"65","000","00","003","0304","1290","771","499","272","36","807","1442","0","55.96","34.6"
"65","000","00","003","0304","1291","615","385","230","30","645","1040","0","62.02","37.02"
"65","000","00","003","0304","1292","748","515","233","36","784","1292","0","60.68","39.86"
"65","000","00","003","0305","0000","1962","1349","613","87","2049","3600","0","56.92","37.47"
"65","000","00","003","0305","1293","957","653","304","37","994","1811","0","54.89","36.06"
"65","000","00","003","0305","1294","1005","696","309","50","1055","1789","0","58.97","38.9"
"65","000","00","003","0306","0000","1888","1312","576","72","1960","3177","0","61.69","41.3"
"65","000","00","003","0306","1295","532","378","154","27","559","859","0","65.08","44.0"
"65","000","00","003","0306","1296","603","437","166","23","626","972","0","64.4","44.96"
"65","000","00","003","0306","1297","753","497","256","22","775","1346","0","57.58","36.92"
"65","000","00","003","0307","0000","1296","859","437","38","1334","2157","0","61.85","39.82"
"65","000","00","003","0307","1235","627","398","229","15","642","1019","0","63.0","39.06"
"65","000","00","003","0307","1236","669","461","208","23","692","1138","0","60.81","40.51"
"65","000","00","003","0308","0000","3021","2115","906","111","3132","5702","0","54.93","37.09"
"65","000","00","003","0308","1237","938","638","300","34","972","1878","0","51.76","33.97"
"65","000","00","003","0308","1238","1098","825","273","33","1131","1980","0","57.12","41.67"
"65","000","00","003","0308","1239","985","652","333","44","1029","1844","0","55.8","35.36"
"65","000","00","003","0309","0000","2864","1900","964","78","2942","5344","0","55.05","35.55"
"65","000","00","003","0309","1240","1129","734","395","14","1143","2085","0","54.82","35.2"
"65","000","00","003","0309","1241","797","561","236","36","833","1498","0","55.61","37.45"
"65","000","00","003","0309","1242","938","605","333","28","966","1761","0","54.86","34.36"
"65","000","00","003","0310","0000","1784","1199","585","88","1872","3294","0","56.83","36.4"
"65","000","00","003","0310","1248","915","584","331","47","962","1712","0","56.19","34.11"
"65","000","00","003","0310","1249","869","615","254","41","910","1582","0","57.52","38.87"
"65","000","00","003","0311","0000","1803","1193","610","89","1892","3235","0","58.49","36.88"
"65","000","00","003","0311","1250","921","615","306","47","968","1742","0","55.57","35.3"
"65","000","00","003","0311","1251","882","578","304","42","924","1493","0","61.89","38.71"
"65","000","00","003","0312","0000","2164","1467","697","101","2265","3990","0","56.77","36.77"
"65","000","00","003","0312","1252","685","451","234","27","712","1352","0","52.66","33.36"
"65","000","00","003","0312","1253","713","505","208","27","740","1244","0","59.49","40.59"
"65","000","00","003","0312","1254","766","511","255","47","813","1394","0","58.32","36.66"
"65","000","00","003","0313","0000","1769","1128","641","72","1841","3747","0","49.13","30.1"
"65","000","00","003","0313","1255","853","527","326","24","877","1917","0","45.75","27.49"
"65","000","00","003","0313","1256","916","601","315","48","964","1830","0","52.68","32.84"
"65","000","00","003","0314","0000","2044","1330","714","98","2142","3892","0","55.04","34.17"
"65","000","00","003","0314","1257","635","409","226","28","663","1124","0","58.99","36.39"
"65","000","00","003","0314","1258","693","448","245","34","727","1412","0","51.49","31.73"
"65","000","00","003","0314","1259","716","473","243","36","752","1356","0","55.46","34.88"
"65","000","00","003","0315","0000","2153","1435","718","94","2247","3940","0","57.03","36.42"
"65","000","00","003","0315","1260","732","496","236","19","751","1425","0","52.7","34.81"
"65","000","00","003","0315","1261","726","485","241","34","760","1259","0","60.37","38.52"
"65","000","00","003","0315","1262","695","454","241","41","736","1256","0","58.6","36.15"
"65","000","00","003","0316","0000","2370","1559","811","103","2473","4502","0","54.93","34.63"
"65","000","00","003","0316","1263","776","526","250","25","801","1423","0","56.29","36.96"
"65","000","00","003","0316","1264","687","459","228","35","722","1221","0","59.13","37.59"
"65","000","00","003","0316","1265","907","574","333","43","950","1858","0","51.13","30.89"
"65","000","00","003","0317","0000","2675","1717","958","82","2757","4958","0","55.61","34.63"
"65","000","00","003","0317","1266","919","581","338","33","952","1804","0","52.77","32.21"
"65","000","00","003","0317","1267","943","590","353","23","966","1669","0","57.88","35.35"
"65","000","00","003","0317","1268","813","546","267","26","839","1485","0","56.5","36.77"
"65","000","00","003","0318","0000","1946","1267","679","101","2047","3351","0","61.09","37.81"
"65","000","00","003","0318","1269","578","389","189","32","610","1005","0","60.7","38.71"
"65","000","00","003","0318","1270","704","437","267","41","745","1175","0","63.4","37.19"
"65","000","00","003","0318","1271","664","441","223","28","692","1171","0","59.09","37.66"
"65","000","00","003","0319","0000","2200","1432","768","100","2300","4413","0","52.12","32.45"
"65","000","00","003","0319","1272","854","568","286","36","890","1746","0","50.97","32.53"
"65","000","00","003","0319","1273","752","479","273","24","776","1555","0","49.9","30.8"
"65","000","00","003","0319","1274","594","385","209","40","634","1112","0","57.01","34.62"
"65","000","00","003","0320","0000","1704","1088","616","62","1766","3286","0","53.74","33.11"
"65","000","00","003","0320","1434","757","481","276","39","796","1462","0","54.45","32.9"
"65","000","00","003","0320","1435","947","607","340","23","970","1824","0","53.18","33.28"
"65","000","00","003","0321","0000","1567","1005","562","66","1633","2823","0","57.85","35.6"
"65","000","00","003","0321","1436","742","455","287","36","778","1389","0","56.01","32.76"
"65","000","00","003","0321","1437","825","550","275","30","855","1434","0","59.62","38.35"
"65","000","00","003","0322","0000","2873","1971","902","87","2960","5350","0","55.33","36.84"
"65","000","00","003","0322","1440","977","688","289","29","1006","1858","0","54.14","37.03"
"65","000","00","003","0322","1441","953","640","313","23","976","1801","0","54.19","35.54"
"65","000","00","003","0322","1442","943","643","300","35","978","1691","0","57.84","38.02"
"65","000","00","003","0323","0000","2399","1615","784","65","2464","3948","0","62.41","40.91"
"65","000","00","003","0323","1443","789","515","274","27","816","1363","0","59.87","37.78"
"65","000","00","003","0323","1444","757","522","235","20","777","1220","0","63.69","42.79"
"65","000","00","003","0323","1445","853","578","275","18","871","1365","0","63.81","42.34"
"65","000","00","003","0324","0000","1766","1200","566","65","1831","3205","0","57.13","37.44"
"65","000","00","003","0324","1446","671","455","216","20","691","1178","0","58.66","38.62"
"65","000","00","003","0324","1447","494","342","152","16","510","830","0","61.45","41.2"
"65","000","00","003","0324","1448","601","403","198","29","630","1197","0","52.63","33.67"
"65","000","00","003","0325","0000","3788","2430","1358","110","3898","7168","0","54.38","33.9"
"65","000","00","003","0325","1275","1022","658","364","38","1060","1780","0","59.55","36.97"
"65","000","00","003","0325","1276","1039","664","375","23","1062","1918","0","55.37","34.62"
"65","000","00","003","0325","1277","738","479","259","27","765","1689","0","45.29","28.36"
"65","000","00","003","0325","1278","989","629","360","22","1011","1781","0","56.77","35.32"
"65","000","00","003","0326","0000","2558","1684","874","104","2662","4567","0","58.29","36.87"
"65","000","00","003","0326","1279","775","506","269","28","803","1419","0","56.59","35.66"
"65","000","00","003","0326","1280","705","469","236","27","732","1344","0","54.46","34.9"
"65","000","00","003","0326","1281","1078","709","369","49","1127","1804","0","62.47","39.3"
"65","000","00","003","0327","0000","2370","1644","726","106","2476","4082","0","60.66","40.27"
"65","000","00","003","0327","1449","762","537","225","44","806","1369","0","58.88","39.23"
"65","000","00","003","0327","1450","779","535","244","25","804","1336","0","60.18","40.04"
"65","000","00","003","0327","1451","829","572","257","37","866","1377","0","62.89","41.54"
"65","000","00","003","0328","0000","1820","1241","579","69","1889","3188","0","59.25","38.93"
"65","000","00","003","0328","1452","847","580","267","36","883","1499","0","58.91","38.69"
"65","000","00","003","0328","1453","973","661","312","33","1006","1689","0","59.56","39.14"
"65","000","00","003","0329","0000","2352","1499","853","98","2450","4314","0","56.79","34.75"
"65","000","00","003","0329","1456","873","577","296","30","903","1545","0","58.45","37.35"
"65","000","00","003","0329","1457","718","444","274","32","750","1326","0","56.56","33.48"
"65","000","00","003","0329","1458","761","478","283","36","797","1443","0","55.23","33.13"
"65","000","00","003","0330","0000","3196","2156","1040","95","3291","5694","0","57.8","37.86"
"65","000","00","003","0330","1459","931","641","290","29","960","1712","0","56.07","37.44"
"65","000","00","003","0330","1460","1009","680","329","37","1046","1916","0","54.59","35.49"
"65","000","00","003","0330","1461","519","356","163","22","541","863","0","62.69","41.25"
"65","000","00","003","0330","1462","737","479","258","7","744","1203","0","61.85","39.82"
"65","000","00","003","0331","0000","2287","1599","688","89","2376","4490","0","52.92","35.61"
"65","000","00","003","0331","1463","781","525","256","25","806","1483","0","54.35","35.4"
"65","000","00","003","0331","1464","820","578","242","29","849","1575","0","53.9","36.7"
"65","000","00","003","0331","1465","686","496","190","35","721","1432","0","50.35","34.64"
"65","000","00","003","0332","0000","2276","1545","731","103","2379","4073","0","58.41","37.93"
"65","000","00","003","0332","1466","771","526","245","42","813","1441","0","56.42","36.5"
"65","000","00","003","0332","1467","717","486","231","38","755","1269","0","59.5","38.3"
"65","000","00","003","0332","1468","788","533","255","23","811","1363","0","59.5","39.1"
"65","000","00","003","0333","0000","1632","1088","544","45","1677","2973","0","56.41","36.6"
"65","000","00","003","0333","1474","802","544","258","25","827","1526","0","54.19","35.65"
"65","000","00","003","0333","1475","830","544","286","20","850","1447","0","58.74","37.6"
"65","000","00","003","0334","0000","1517","1031","486","69","1586","2757","0","57.53","37.4"
"65","000","00","003","0334","1305","679","465","214","29","708","1319","0","53.68","35.25"
"65","000","00","003","0334","1306","838","566","272","40","878","1438","0","61.06","39.36"
"65","000","00","003","0335","0000","3288","2299","989","102","3390","6396","0","53.0","35.94"
"65","000","00","003","0335","1307","920","632","288","18","938","1808","0","51.88","34.96"
"65","000","00","003","0335","1308","624","451","173","15","639","1191","0","53.65","37.87"
"65","000","00","003","0335","1309","867","617","250","41","908","1632","0","55.64","37.81"
"65","000","00","003","0335","1310","877","599","278","28","905","1765","0","51.27","33.94"
"65","000","00","003","0336","0000","2263","1621","642","90","2353","3909","0","60.19","41.47"
"65","000","00","003","0336","1311","675","487","188","26","701","1168","0","60.02","41.7"
"65","000","00","003","0336","1312","635","460","175","24","659","1176","0","56.04","39.12"
"65","000","00","003","0336","1313","953","674","279","40","993","1565","0","63.45","43.07"
"65","000","00","003","0337","0000","2342","1566","776","100","2442","4512","0","54.12","34.71"
"65","000","00","003","0337","1314","766","538","228","42","808","1578","0","51.2","34.09"
"65","000","00","003","0337","1315","1080","701","379","29","1109","2029","0","54.66","34.55"
"65","000","00","003","0337","1316","496","327","169","29","525","905","0","58.01","36.13"
"65","000","00","003","0338","0000","2279","1588","691","120","2399","4293","0","55.88","36.99"
"65","000","00","003","0338","1317","419","303","116","24","443","839","0","52.8","36.11"
"65","000","00","003","0338","1318","438","296","142","16","454","762","0","59.58","38.85"
"65","000","00","003","0338","1319","766","536","230","38","804","1420","0","56.62","37.75"
"65","000","00","003","0338","1320","656","453","203","42","698","1272","0","54.87","35.61"
"65","000","00","003","0339","0000","1920","1310","610","80","2000","3755","0","53.26","34.89"
"65","000","00","003","0339","1321","986","674","312","51","1037","1976","0","52.48","34.11"
"65","000","00","003","0339","1322","934","636","298","29","963","1779","0","54.13","35.75"
"65","000","00","003","0340","0000","1478","991","487","52","1530","2870","0","53.31","34.53"
"65","000","00","003","0340","1325","675","455","220","23","698","1369","0","50.99","33.24"
"65","000","00","003","0340","1326","803","536","267","29","832","1501","0","55.43","35.71"
"65","000","00","003","0341","0000","179","128","51","18","197","321","0","61.37","39.88"
"65","000","00","003","0341","1329","179","128","51","18","197","321","0","61.37","39.88"
"65","000","00","003","0342","0000","2364","1612","752","146","2510","4556","0","55.09","35.38"
"65","000","00","003","0342","1330","738","513","225","50","788","1474","0","53.46","34.8"
"65","000","00","003","0342","1331","782","531","251","57","839","1461","0","57.43","36.34"
"65","000","00","003","0342","1332","844","568","276","39","883","1621","0","54.47","35.04"
"65","000","00","003","0343","0000","1214","846","368","62","1276","2102","0","60.7","40.25"
"65","000","00","003","0343","1333","779","532","247","44","823","1327","0","62.02","40.09"
"65","000","00","003","0343","1334","435","314","121","18","453","775","0","58.45","40.52"
"65","000","00","003","0344","0000","2052","1393","659","74","2126","6749","0","31.5","20.64"
"65","000","00","003","0344","1337","769","515","254","30","799","4411","0","18.11","11.68"
"65","000","00","003","0344","1338","650","450","200","30","680","1212","0","56.11","37.13"
"65","000","00","003","0344","1339","633","428","205","14","647","1126","0","57.46","38.01"
"65","000","00","003","0345","0000","2248","1538","710","73","2321","4522","0","51.33","34.01"
"65","000","00","003","0345","1346","720","491","229","28","748","1627","0","45.97","30.18"
"65","000","00","003","0345","1347","785","530","255","27","812","1503","0","54.03","35.26"
"65","000","00","003","0345","1348","743","517","226","18","761","1392","0","54.67","37.14"
"65","000","00","003","0346","0000","2140","1405","735","66","2206","3898","0","56.59","36.04"
"65","000","00","003","0346","1349","614","409","205","24","638","1067","0","59.79","38.33"
"65","000","00","003","0346","1350","834","561","273","28","862","1623","0","53.11","34.57"
"65","000","00","003","0346","1351","692","435","257","14","706","1208","0","58.44","36.01"
"65","000","00","003","0347","0000","2355","1569","786","60","2415","4870","0","49.59","32.22"
"65","000","00","003","0347","1352","866","588","278","26","892","1991","0","44.8","29.53"
"65","000","00","003","0347","1353","884","596","288","23","907","1932","0","46.95","30.85"
"65","000","00","003","0347","1354","605","385","220","11","616","947","0","65.05","40.65"
"65","000","00","003","0348","0000","1682","1156","526","64","1746","3234","0","53.99","35.75"
"65","000","00","003","0348","1355","924","626","298","36","960","1660","0","57.83","37.71"
"65","000","00","003","0348","1356","758","530","228","28","786","1574","0","49.94","33.67"
"65","000","00","003","0349","0000","2562","1841","721","129","2691","5146","0","52.29","35.78"
"65","000","00","003","0349","1357","1047","797","250","39","1086","2136","0","50.84","37.31"
"65","000","00","003","0349","1358","737","495","242","50","787","1462","0","53.83","33.86"
"65","000","00","003","0349","1359","778","549","229","40","818","1548","0","52.84","35.47"
"65","000","00","003","0350","0000","2530","1678","852","113","2643","4228","0","62.51","39.69"
"65","000","00","003","0350","1360","440","303","137","17","457","692","0","66.04","43.79"
"65","000","00","003","0350","1361","733","485","248","35","768","1221","0","62.9","39.72"
"65","000","00","003","0350","1362","751","477","274","37","788","1331","0","59.2","35.84"
"65","000","00","003","0350","1363","606","413","193","24","630","984","0","64.02","41.97"
"65","000","00","003","0351","0000","1624","1090","534","32","1656","3150","0","52.57","34.6"
"65","000","00","003","0351","1364","917","607","310","29","946","1871","0","50.56","32.44"
"65","000","00","003","0351","1365","707","483","224","3","710","1279","0","55.51","37.76"
"65","000","00","003","0352","0000","2684","1759","925","93","2777","4826","0","57.54","36.45"
"65","000","00","003","0352","1366","899","585","314","27","926","1629","0","56.84","35.91"
"65","000","00","003","0352","1367","826","519","307","24","850","1482","0","57.35","35.02"
"65","000","00","003","0352","1368","959","655","304","42","1001","1715","0","58.37","38.19"
"65","000","00","003","0353","0000","1049","753","296","48","1097","1952","0","56.2","38.58"
"65","000","00","003","0353","1369","1049","753","296","48","1097","1952","0","56.2","38.58"
"65","000","00","003","0354","0000","380","228","152","23","403","686","0","58.75","33.24"
"65","000","00","003","0354","1370","380","228","152","23","403","686","0","58.75","33.24"
"65","000","00","003","0355","0000","4141","2699","1442","124","4265","7264","0","58.71","37.16"
"65","000","00","003","0355","1371","760","457","303","23","783","1577","0","49.65","28.98"
"65","000","00","003","0355","1372","665","433","232","24","689","1158","0","59.5","37.39"
"65","000","00","003","0355","1373","735","481","254","19","754","1195","0","63.1","40.25"
"65","000","00","003","0355","1374","655","441","214","20","675","1054","0","64.04","41.84"
"65","000","00","003","0355","1375","381","255","126","18","399","612","0","65.2","41.67"
"65","000","00","003","0355","1376","945","632","313","20","965","1668","0","57.85","37.89"
"65","000","00","003","0356","0000","1429","964","465","59","1488","2240","0","66.43","43.04"
"65","000","00","003","0356","1377","651","443","208","35","686","1071","0","64.05","41.36"
"65","000","00","003","0356","1378","778","521","257","24","802","1169","0","68.61","44.57"
"65","000","00","003","0357","0000","2807","2100","707","86","2893","5558","0","52.05","37.78"
"65","000","00","003","0357","1379","734","505","229","26","760","1370","0","55.47","36.86"
"65","000","00","003","0357","1380","912","608","304","40","952","1574","0","60.48","38.63"
"65","000","00","003","0357","1381","1161","987","174","20","1181","2614","0","45.18","37.76"
"65","000","00","003","0358","0000","1426","934","492","60","1486","2518","0","59.02","37.09"
"65","000","00","003","0358","1382","853","571","282","22","875","1477","0","59.24","38.66"
"65","000","00","003","0358","1383","573","363","210","38","611","1041","0","58.69","34.87"
"65","000","00","003","0359","0000","2525","1712","813","119","2644","4723","0","55.98","36.25"
"65","000","00","003","0359","1384","774","522","252","49","823","1538","0","53.51","33.94"
"65","000","00","003","0359","1385","863","585","278","31","894","1599","0","55.91","36.59"
"65","000","00","003","0359","1386","888","605","283","39","927","1586","0","58.45","38.15"
"65","000","00","003","0360","0000","2099","1338","761","82","2181","3580","0","60.92","37.37"
"65","000","00","003","0360","1387","1003","658","345","41","1044","1726","0","60.49","38.12"
"65","000","00","003","0360","1388","1096","680","416","41","1137","1854","0","61.33","36.68"
"65","000","00","003","0361","0000","2547","1702","845","119","2666","4390","0","60.73","38.77"
"65","000","00","003","0361","1389","862","589","273","38","900","1472","0","61.14","40.01"
"65","000","00","003","0361","1390","837","574","263","37","874","1430","0","61.12","40.14"
"65","000","00","003","0361","1391","848","539","309","44","892","1488","0","59.95","36.22"
"65","000","00","003","0362","0000","2208","1458","750","110","2318","4066","0","57.01","35.86"
"65","000","00","003","0362","1392","685","434","251","26","711","1251","0","56.83","34.69"
"65","000","00","003","0362","1393","831","572","259","32","863","1487","0","58.04","38.47"
"65","000","00","003","0362","1394","692","452","240","52","744","1328","0","56.02","34.04"
"65","000","00","003","0363","0000","1315","894","421","51","1366","2136","0","63.95","41.85"
"65","000","00","003","0363","1395","672","435","237","26","698","1128","0","61.88","38.56"
"65","000","00","003","0363","1396","643","459","184","25","668","1008","0","66.27","45.54"
"65","000","00","003","0364","0000","2164","1410","754","68","2232","4005","0","55.73","35.21"
"65","000","00","003","0364","1397","1001","659","342","30","1031","1786","0","57.73","36.9"
"65","000","00","003","0364","1398","1163","751","412","38","1201","2219","0","54.12","33.84"
"65","000","00","003","0365","0000","1561","1081","480","43","1604","2817","0","56.94","38.37"
"65","000","00","003","0365","1399","690","475","215","31","721","1322","0","54.54","35.93"
"65","000","00","003","0365","1400","871","606","265","12","883","1495","0","59.06","40.54"
"65","000","00","003","0366","0000","2418","1639","779","135","2553","4456","0","57.29","36.78"
"65","000","00","003","0366","1401","750","513","237","41","791","1414","0","55.94","36.28"
"65","000","00","003","0366","1402","930","655","275","50","980","1681","0","58.3","38.96"
"65","000","00","003","0366","1403","738","471","267","44","782","1361","0","57.46","34.61"
"65","000","00","003","0367","0000","2170","1382","788","85","2255","4089","0","55.15","33.8"
"65","000","00","003","0367","1404","778","522","256","31","809","1442","0","56.1","36.2"
"65","000","00","003","0367","1405","728","409","319","24","752","1383","0","54.37","29.57"
"65","000","00","003","0367","1406","664","451","213","30","694","1264","0","54.91","35.68"
"65","000","00","003","0368","0000","1865","1223","642","82","1947","3761","0","51.77","32.52"
"65","000","00","003","0368","1407","1036","715","321","53","1089","1810","0","60.17","39.5"
"65","000","00","003","0368","1408","829","508","321","29","858","1951","0","43.98","26.04"
"65","000","00","003","0369","0000","1898","1291","607","76","1974","3527","0","55.97","36.6"
"65","000","00","003","0369","1409","793","549","244","29","822","1582","0","51.96","34.7"
"65","000","00","003","0369","1410","1105","742","363","47","1152","1945","0","59.23","38.15"
"65","000","00","003","0370","0000","2192","1527","665","85","2277","3950","0","57.65","38.66"
"65","000","00","003","0370","1411","773","525","248","41","814","1390","0","58.56","37.77"
"65","000","00","003","0370","1412","656","424","232","17","673","1161","0","57.97","36.52"
"65","000","00","003","0370","1413","763","578","185","27","790","1399","0","56.47","41.32"
"65","000","00","003","0371","0000","1971","1359","612","85","2056","3453","0","59.54","39.36"
"65","000","00","003","0371","1414","591","403","188","21","612","1070","0","57.2","37.66"
"65","000","00","003","0371","1415","649","448","201","25","674","1169","0","57.66","38.32"
"65","000","00","003","0371","1416","731","508","223","39","770","1214","0","63.43","41.85"
"65","000","00","003","0372","0000","2102","1424","678","98","2200","3371","0","65.26","42.24"
"65","000","00","003","0372","1471","658","473","185","34","692","1150","0","60.17","41.13"
"65","000","00","003","0372","1472","801","472","329","43","844","1154","0","73.14","40.9"
"65","000","00","003","0372","1473","643","479","164","21","664","1067","0","62.23","44.89"
"65","000","00","003","0373","0000","2999","1824","1175","94","3093","5742","0","53.87","31.77"
"65","000","00","003","0373","1245","974","609","365","26","1000","1789","0","55.9","34.04"
"65","000","00","003","0373","1246","1086","658","428","31","1117","2000","0","55.85","32.9"
"65","000","00","003","0373","1247","939","557","382","37","976","1953","0","49.97","28.52"
"65","000","00","003","0374","0000","945","655","290","31","976","1712","0","57.01","38.26"
"65","000","00","003","0374","1433","945","655","290","31","976","1712","0","57.01","38.26"
"65","000","00","003","0375","0000","2088","1384","704","93","2181","3955","0","55.15","34.99"
"65","000","00","003","0375","1438","1013","705","308","43","1056","1953","0","54.07","36.1"
"65","000","00","003","0375","1439","1075","679","396","50","1125","2002","0","56.19","33.92"
"65","000","00","003","0376","0000","1410","917","493","71","1481","2402","0","61.66","38.18"
"65","000","00","003","0376","1454","768","491","277","37","805","1323","0","60.85","37.11"
"65","000","00","003","0376","1455","642","426","216","34","676","1079","0","62.65","39.48"
"65","000","00","003","0377","0000","1239","844","395","36","1275","2260","0","56.42","37.35"
"65","000","00","003","0377","1469","622","453","169","17","639","1089","0","58.68","41.6"
"65","000","00","003","0377","1470","617","391","226","19","636","1171","0","54.31","33.39"
"65","000","00","003","0378","0000","1370","944","426","52","1422","2828","0","50.28","33.38"
"65","000","00","003","0378","1323","667","439","228","21","688","1454","0","47.32","30.19"
"65","000","00","003","0378","1324","703","505","198","31","734","1374","0","53.42","36.75"
"65","000","00","003","0379","0000","1199","846","353","60","1259","1970","0","63.91","42.94"
"65","000","00","003","0379","1327","577","407","170","26","603","920","0","65.54","44.24"
"65","000","00","003","0379","1328","622","439","183","34","656","1050","0","62.48","41.81"
"65","000","00","003","0380","0000","1850","1212","638","77","1927","3817","0","50.48","31.75"
"65","000","00","003","0380","1335","945","610","335","23","968","1916","0","50.52","31.84"
"65","000","00","003","0380","1336","905","602","303","54","959","1901","0","50.45","31.67"
"65","000","00","003","0381","0000","3299","2202","1097","115","3414","5946","0","57.42","37.03"
"65","000","00","003","0381","1340","805","548","257","24","829","1507","0","55.01","36.36"
"65","000","00","003","0381","1341","834","546","288","19","853","1519","0","56.16","35.94"
"65","000","00","003","0381","1342","817","534","283","27","844","1467","0","57.53","36.4"
"65","000","00","003","0381","1343","843","574","269","45","888","1453","0","61.11","39.5"
"65","000","00","003","0382","0000","1505","1004","501","59","1564","2666","0","58.66","37.66"
"65","000","00","003","0382","1344","796","532","264","30","826","1364","0","60.56","39.0"
"65","000","00","003","0382","1345","709","472","237","29","738","1302","0","56.68","36.25"
"65","000","00","003","0383","0000","1368","897","471","62","1430","2421","0","59.07","37.05"
"65","000","00","003","0383","1298","597","385","212","27","624","1034","0","60.35","37.23"
"65","000","00","003","0383","1299","771","512","259","35","806","1387","0","58.11","36.91"
"65","000","00","003","0384","0000","1896","1244","652","90","1986","3737","0","53.14","33.29"
"65","000","00","003","0384","1300","1117","750","367","64","1181","2067","0","57.14","36.28"
"65","000","00","003","0384","1301","779","494","285","26","805","1670","0","48.2","29.58"
"65","000","00","003","0385","0000","2176","1446","730","96","2272","3771","0","60.25","38.35"
"65","000","00","003","0385","1417","787","525","262","39","826","1398","0","59.08","37.55"
"65","000","00","003","0385","1418","596","387","209","19","615","1049","0","58.63","36.89"
"65","000","00","003","0385","1419","793","534","259","38","831","1324","0","62.76","40.33"
"65","000","00","003","0386","0000","1702","1095","607","66","1768","3474","0","50.89","31.52"
"65","000","00","003","0386","1420","845","542","303","25","870","1765","0","49.29","30.71"
"65","000","00","003","0386","1421","857","553","304","41","898","1709","0","52.55","32.36"
"65","000","00","003","0387","0000","1420","981","439","67","1487","2504","0","59.38","39.18"
"65","000","00","003","0387","1422","656","446","210","40","696","1186","0","58.68","37.61"
"65","000","00","003","0387","1423","764","535","229","27","791","1318","0","60.02","40.59"
"65","000","00","003","0388","0000","1514","939","575","58","1572","3067","0","51.26","30.62"
"65","000","00","003","0388","1424","816","493","323","26","842","1430","0","58.88","34.48"
"65","000","00","003","0388","1425","698","446","252","32","730","1637","0","44.59","27.24"
"65","000","00","003","0389","0000","2171","1423","748","106","2277","3894","0","58.47","36.54"
"65","000","00","003","0389","1426","711","460","251","37","748","1283","0","58.3","35.85"
"65","000","00","003","0389","1427","724","475","249","37","761","1310","0","58.09","36.26"
"65","000","00","003","0389","1428","736","488","248","32","768","1301","0","59.03","37.51"
"65","000","00","003","0390","0000","1704","1123","581","60","1764","3065","0","57.55","36.64"
"65","000","00","003","0390","1429","911","600","311","36","947","1681","0","56.34","35.69"
"65","000","00","003","0390","1430","793","523","270","24","817","1384","0","59.03","37.79"
"65","000","00","003","0391","0000","1461","957","504","32","1493","2966","0","50.34","32.27"
"65","000","00","003","0391","1431","660","428","232","26","686","1187","0","57.79","36.06"
"65","000","00","003","0391","1432","801","529","272","6","807","1779","0","45.36","29.74"
"65","000","00","003","0392","0000","1730","1214","516","88","1818","3199","0","56.83","37.95"
"65","000","00","003","0392","1302","636","459","177","27","663","1166","0","56.86","39.37"
"65","000","00","003","0392","1303","546","371","175","28","574","963","0","59.61","38.53"
"65","000","00","003","0392","1304","548","384","164","33","581","1070","0","54.3","35.89"
"65","000","00","003","0393","0000","1422","923","499","55","1477","2597","0","56.87","35.54"
"65","000","00","003","0393","1243","658","418","240","28","686","1254","0","54.7","33.33"
"65","000","00","003","0393","1244","764","505","259","27","791","1343","0","58.9","37.6"
"65","000","00","004","0000","0000","107091","70523","36568","4290","111381","187798","221123","59.31","37.55"
"65","000","00","004","0401","0000","1588","1032","556","63","1651","3012","0","54.81","34.26"
"65","000","00","004","0401","1486","820","512","308","29","849","1568","0","54.15","32.65"
"65","000","00","004","0401","1487","768","520","248","34","802","1444","0","55.54","36.01"
"65","000","00","004","0402","0000","1456","956","500","45","1501","2535","0","59.21","37.71"
"65","000","00","004","0402","1601","722","466","256","16","738","1189","0","62.07","39.19"
"65","000","00","004","0402","1602","734","490","244","29","763","1346","0","56.69","36.4"
"65","000","00","004","0403","0000","1702","1113","589","47","1749","4440","0","39.39","25.07"
"65","000","00","004","0403","1495","854","565","289","22","876","1598","0","54.82","35.36"
"65","000","00","004","0403","1496","848","548","300","25","873","2842","0","30.72","19.28"
"65","000","00","004","0404","0000","1659","1071","588","63","1722","2710","0","63.54","39.52"
"65","000","00","004","0404","1497","765","485","280","28","793","1261","0","62.89","38.46"
"65","000","00","004","0404","1498","894","586","308","35","929","1449","0","64.11","40.44"
"65","000","00","004","0405","0000","1469","967","502","69","1538","2418","0","63.61","39.99"
"65","000","00","004","0405","1599","705","461","244","44","749","1155","0","64.85","39.91"
"65","000","00","004","0405","1600","764","506","258","25","789","1263","0","62.47","40.06"
"65","000","00","004","0406","0000","1745","1136","609","49","1794","3034","0","59.13","37.44"
"65","000","00","004","0406","1505","907","601","306","20","927","1566","0","59.2","38.38"
"65","000","00","004","0406","1506","838","535","303","29","867","1468","0","59.06","36.44"
"65","000","00","004","0407","0000","1525","981","544","62","1587","2486","0","63.84","39.46"
"65","000","00","004","0407","1507","819","531","288","37","856","1305","0","65.59","40.69"
"65","000","00","004","0407","1508","706","450","256","25","731","1181","0","61.9","38.1"
"65","000","00","004","0408","0000","1383","904","479","82","1465","2537","0","57.75","35.63"
"65","000","00","004","0408","1543","673","454","219","51","724","1234","0","58.67","36.79"
"65","000","00","004","0408","1544","710","450","260","31","741","1303","0","56.87","34.54"
"65","000","00","004","0409","0000","415","309","106","27","442","893","0","49.5","34.6"
"65","000","00","004","0409","1597","415","309","106","27","442","893","0","49.5","34.6"
"65","000","00","004","0410","0000","420","288","132","17","437","743","0","58.82","38.76"
"65","000","00","004","0410","1598","420","288","132","17","437","743","0","58.82","38.76"
"65","000","00","004","0411","0000","2311","1480","831","104","2415","4189","0","57.65","35.33"
"65","000","00","004","0411","1514","821","534","287","32","853","1488","0","57.33","35.89"
"65","000","00","004","0411","1515","762","479","283","44","806","1288","0","62.58","37.19"
"65","000","00","004","0411","1516","728","467","261","28","756","1413","0","53.5","33.05"
"65","000","00","004","0412","0000","1844","1165","679","74","1918","3289","0","58.32","35.42"
"65","000","00","004","0412","1527","965","606","359","40","1005","1798","0","55.9","33.7"
"65","000","00","004","0412","1528","879","559","320","34","913","1491","0","61.23","37.49"
"65","000","00","004","0413","0000","3651","2307","1344","140","3791","6230","0","60.85","37.03"
"65","000","00","004","0413","1582","895","562","333","35","930","1598","0","58.2","35.17"
"65","000","00","004","0413","1583","940","587","353","31","971","1609","0","60.35","36.48"
"65","000","00","004","0413","1584","811","507","304","40","851","1375","0","61.89","36.87"
"65","000","00","004","0413","1585","1005","651","354","34","1039","1648","0","63.05","39.5"
"65","000","00","004","0414","0000","2489","1594","895","93","2582","4535","0","56.93","35.15"
"65","000","00","004","0414","1579","872","554","318","40","912","1586","0","57.5","34.93"
"65","000","00","004","0414","1580","712","471","241","16","728","1313","0","55.45","35.87"
"65","000","00","004","0414","1581","905","569","336","37","942","1636","0","57.58","34.78"
"65","000","00","004","0415","0000","2216","1451","765","80","2296","3628","0","63.29","39.99"
"65","000","00","004","0415","1558","723","465","258","29","752","1209","0","62.2","38.46"
"65","000","00","004","0415","1559","691","449","242","23","714","1132","0","63.07","39.66"
"65","000","00","004","0415","1560","802","537","265","28","830","1287","0","64.49","41.72"
"65","000","00","004","0416","0000","2455","1696","759","71","2526","4081","0","61.9","41.56"
"65","000","00","004","0416","1520","715","494","221","32","747","1100","0","67.91","44.91"
"65","000","00","004","0416","1521","929","639","290","29","958","1545","0","62.01","41.36"
"65","000","00","004","0416","1522","811","563","248","10","821","1436","0","57.17","39.21"
"65","000","00","004","0417","0000","2242","1520","722","85","2327","3877","0","60.02","39.21"
"65","000","00","004","0417","1517","742","517","225","35","777","1329","0","58.47","38.9"
"65","000","00","004","0417","1518","872","585","287","15","887","1436","0","61.77","40.74"
"65","000","00","004","0417","1519","628","418","210","35","663","1112","0","59.62","37.59"
"65","000","00","004","0418","0000","1498","1029","469","74","1572","2704","0","58.14","38.05"
"65","000","00","004","0418","1489","707","498","209","30","737","1188","0","62.04","41.92"
"65","000","00","004","0418","1490","791","531","260","44","835","1516","0","55.08","35.03"
"65","000","00","004","0419","0000","613","380","233","33","646","1140","0","56.67","33.33"
"65","000","00","004","0419","1488","613","380","233","33","646","1140","0","56.67","33.33"
"65","000","00","004","0420","0000","2082","1382","700","98","2180","3493","0","62.41","39.56"
"65","000","00","004","0420","1523","1050","712","338","36","1086","1731","0","62.74","41.13"
"65","000","00","004","0420","1524","1032","670","362","62","1094","1762","0","62.09","38.02"
"65","000","00","004","0421","0000","1357","878","479","44","1401","2617","0","53.53","33.55"
"65","000","00","004","0421","1525","720","455","265","29","749","1320","0","56.74","34.47"
"65","000","00","004","0421","1526","637","423","214","15","652","1297","0","50.27","32.61"
"65","000","00","004","0422","0000","987","633","354","37","1024","1783","0","57.43","35.5"
"65","000","00","004","0422","1606","467","302","165","16","483","879","0","54.95","34.36"
"65","000","00","004","0422","1607","520","331","189","21","541","904","0","59.85","36.62"
"65","000","00","004","0423","0000","1826","1183","643","64","1890","3314","0","57.03","35.7"
"65","000","00","004","0423","1480","964","608","356","27","991","1733","0","57.18","35.08"
"65","000","00","004","0423","1481","862","575","287","37","899","1581","0","56.86","36.37"
"65","000","00","004","0424","0000","2056","1392","664","82","2138","3452","0","61.94","40.32"
"65","000","00","004","0424","1568","1096","723","373","38","1134","1876","0","60.45","38.54"
"65","000","00","004","0424","1569","960","669","291","44","1004","1576","0","63.71","42.45"
"65","000","00","004","0425","0000","1991","1334","657","48","2039","3469","0","58.78","38.45"
"65","000","00","004","0425","1570","972","640","332","30","1002","1661","0","60.33","38.53"
"65","000","00","004","0425","1571","1019","694","325","18","1037","1808","0","57.36","38.38"
"65","000","00","004","0426","0000","2137","1442","695","108","2245","3547","0","63.29","40.65"
"65","000","00","004","0426","1563","728","517","211","41","769","1222","0","62.93","42.31"
"65","000","00","004","0426","1564","679","459","220","31","710","1157","0","61.37","39.67"
"65","000","00","004","0426","1565","730","466","264","36","766","1168","0","65.58","39.9"
"65","000","00","004","0427","0000","1491","980","511","67","1558","2655","0","58.68","36.91"
"65","000","00","004","0427","1566","714","457","257","39","753","1283","0","58.69","35.62"
"65","000","00","004","0427","1567","777","523","254","28","805","1372","0","58.67","38.12"
"65","000","00","004","0428","0000","1690","1081","609","55","1745","2979","0","58.58","36.29"
"65","000","00","004","0428","1610","860","542","318","24","884","1551","0","57.0","34.95"
"65","000","00","004","0428","1611","830","539","291","31","861","1428","0","60.29","37.75"
"65","000","00","004","0429","0000","1344","893","451","67","1411","2239","0","63.02","39.88"
"65","000","00","004","0429","1608","741","494","247","33","774","1221","0","63.39","40.46"
"65","000","00","004","0429","1609","603","399","204","34","637","1018","0","62.57","39.19"
"65","000","00","004","0430","0000","2321","1546","775","64","2385","3932","0","60.66","39.32"
"65","000","00","004","0430","1551","732","470","262","18","750","1210","0","61.98","38.84"
"65","000","00","004","0430","1552","933","628","305","25","958","1630","0","58.77","38.53"
"65","000","00","004","0430","1553","656","448","208","21","677","1092","0","62.0","41.03"
"65","000","00","004","0431","0000","2513","1728","785","85","2598","4196","0","61.92","41.18"
"65","000","00","004","0431","1547","607","411","196","21","628","991","0","63.37","41.47"
"65","000","00","004","0431","1548","621","430","191","21","642","1016","0","63.19","42.32"
"65","000","00","004","0431","1549","666","438","228","27","693","1146","0","60.47","38.22"
"65","000","00","004","0431","1550","619","449","170","16","635","1043","0","60.88","43.05"
"65","000","00","004","0432","0000","1420","952","468","51","1471","2334","0","63.02","40.79"
"65","000","00","004","0432","1556","622","421","201","30","652","1049","0","62.15","40.13"
"65","000","00","004","0432","1557","798","531","267","21","819","1285","0","63.74","41.32"
"65","000","00","004","0433","0000","2355","1548","807","97","2452","4225","0","58.04","36.64"
"65","000","00","004","0433","1576","665","441","224","28","693","1177","0","58.88","37.47"
"65","000","00","004","0433","1577","890","587","303","40","930","1557","0","59.73","37.7"
"65","000","00","004","0433","1578","800","520","280","29","829","1491","0","55.6","34.88"
"65","000","00","004","0434","0000","1836","1203","633","76","1912","3434","0","55.68","35.03"
"65","000","00","004","0434","1536","928","608","320","38","966","1713","0","56.39","35.49"
"65","000","00","004","0434","1537","908","595","313","38","946","1721","0","54.97","34.57"
"65","000","00","004","0435","0000","2489","1664","825","103","2592","4177","0","62.05","39.84"
"65","000","00","004","0435","1540","818","537","281","34","852","1348","0","63.2","39.84"
"65","000","00","004","0435","1541","894","598","296","27","921","1461","0","63.04","40.93"
"65","000","00","004","0435","1542","777","529","248","42","819","1368","0","59.87","38.67"
"65","000","00","004","0436","0000","874","540","334","49","923","1554","0","59.4","34.75"
"65","000","00","004","0436","1476","874","540","334","49","923","1554","0","59.4","34.75"
"65","000","00","004","0437","0000","1235","841","394","70","1305","2107","0","61.94","39.91"
"65","000","00","004","0437","1478","517","357","160","28","545","854","0","63.82","41.8"
"65","000","00","004","0437","1479","718","484","234","42","760","1253","0","60.65","38.63"
"65","000","00","004","0438","0000","2637","1687","950","87","2724","4561","0","59.72","36.99"
"65","000","00","004","0438","1499","858","503","355","28","886","1511","0","58.64","33.29"
"65","000","00","004","0438","1500","900","605","295","27","927","1470","0","63.06","41.16"
"65","000","00","004","0438","1501","879","579","300","32","911","1580","0","57.66","36.65"
"65","000","00","004","0439","0000","2326","1601","725","68","2394","3789","0","63.18","42.25"
"65","000","00","004","0439","1502","876","600","276","28","904","1438","0","62.87","41.72"
"65","000","00","004","0439","1503","807","552","255","20","827","1305","0","63.37","42.3"
"65","000","00","004","0439","1504","643","449","194","20","663","1046","0","63.38","42.93"
"65","000","00","004","0440","0000","1653","1153","500","80","1733","2938","0","58.99","39.24"
"65","000","00","004","0440","1545","826","575","251","32","858","1516","0","56.6","37.93"
"65","000","00","004","0440","1546","827","578","249","48","875","1422","0","61.53","40.65"
"65","000","00","004","0441","0000","397","279","118","31","428","768","0","55.73","36.33"
"65","000","00","004","0441","1596","397","279","118","31","428","768","0","55.73","36.33"
"65","000","00","004","0442","0000","506","366","140","25","531","853","0","62.25","42.91"
"65","000","00","004","0442","1595","506","366","140","25","531","853","0","62.25","42.91"
"65","000","00","004","0443","0000","1048","687","361","41","1089","1898","0","57.38","36.2"
"65","000","00","004","0443","1572","1048","687","361","41","1089","1898","0","57.38","36.2"
"65","000","00","004","0444","0000","2483","1617","866","112","2595","4271","0","60.76","37.86"
"65","000","00","004","0444","1573","896","582","314","33","929","1508","0","61.6","38.59"
"65","000","00","004","0444","1574","790","509","281","41","831","1341","0","61.97","37.96"
"65","000","00","004","0444","1575","797","526","271","38","835","1422","0","58.72","36.99"
"65","000","00","004","0445","0000","1180","771","409","72","1252","2011","0","62.26","38.34"
"65","000","00","004","0445","1612","599","393","206","45","644","1044","0","61.69","37.64"
"65","000","00","004","0445","1613","581","378","203","27","608","967","0","62.87","39.09"
"65","000","00","004","0446","0000","1991","1302","689","88","2079","3545","0","58.65","36.73"
"65","000","00","004","0446","1593","1065","700","365","52","1117","1938","0","57.64","36.12"
"65","000","00","004","0446","1594","926","602","324","36","962","1607","0","59.86","37.46"
"65","000","00","004","0447","0000","2422","1441","981","227","2649","4361","0","60.74","33.04"
"65","000","00","004","0447","1511","788","462","326","172","960","1649","0","58.22","28.02"
"65","000","00","004","0447","1512","742","437","305","28","770","1206","0","63.85","36.24"
"65","000","00","004","0447","1513","892","542","350","27","919","1506","0","61.02","35.99"
"65","000","00","004","0448","0000","1609","1026","583","58","1667","2823","0","59.05","36.34"
"65","000","00","004","0448","1509","928","587","341","35","963","1720","0","55.99","34.13"
"65","000","00","004","0448","1510","681","439","242","23","704","1103","0","63.83","39.8"
"65","000","00","004","0449","0000","2020","1352","668","79","2099","3465","0","60.58","39.02"
"65","000","00","004","0449","1533","619","402","217","16","635","1115","0","56.95","36.05"
"65","000","00","004","0449","1534","697","485","212","31","728","1133","0","64.25","42.81"
"65","000","00","004","0449","1535","704","465","239","32","736","1217","0","60.48","38.21"
"65","000","00","004","0450","0000","1329","881","448","42","1371","2331","0","58.82","37.79"
"65","000","00","004","0450","1529","690","456","234","15","705","1223","0","57.65","37.29"
"65","000","00","004","0450","1530","639","425","214","27","666","1108","0","60.11","38.36"
"65","000","00","004","0451","0000","1750","1134","616","69","1819","3104","0","58.6","36.53"
"65","000","00","004","0451","1484","950","610","340","39","989","1650","0","59.94","36.97"
"65","000","00","004","0451","1485","800","524","276","30","830","1454","0","57.08","36.04"
"65","000","00","004","0452","0000","611","422","189","26","637","1065","0","59.81","39.62"
"65","000","00","004","0452","1477","611","422","189","26","637","1065","0","59.81","39.62"
"65","000","00","004","0453","0000","1168","793","375","36","1204","2025","0","59.46","39.16"
"65","000","00","004","0453","1493","638","435","203","16","654","1084","0","60.33","40.13"
"65","000","00","004","0453","1494","530","358","172","20","550","941","0","58.45","38.04"
"65","000","00","004","0454","0000","1527","1015","512","68","1595","2835","0","56.26","35.8"
"65","000","00","004","0454","1491","743","499","244","36","779","1397","0","55.76","35.72"
"65","000","00","004","0454","1492","784","516","268","32","816","1438","0","56.75","35.88"
"65","000","00","004","0455","0000","1755","1250","505","60","1815","3298","0","55.03","37.9"
"65","000","00","004","0455","1482","931","685","246","39","970","1735","0","55.91","39.48"
"65","000","00","004","0455","1483","824","565","259","21","845","1563","0","54.06","36.15"
"65","000","00","004","0456","0000","2055","1355","700","65","2120","3653","0","58.03","37.09"
"65","000","00","004","0456","1554","1075","708","367","37","1112","1872","0","59.4","37.82"
"65","000","00","004","0456","1555","980","647","333","28","1008","1781","0","56.6","36.33"
"65","000","00","004","0457","0000","1359","875","484","45","1404","2411","0","58.23","36.29"
"65","000","00","004","0457","1603","753","478","275","27","780","1368","0","57.02","34.94"
"65","000","00","004","0457","1604","606","397","209","18","624","1043","0","59.83","38.06"
"65","000","00","004","0458","0000","1009","647","362","32","1041","1709","0","60.91","37.86"
"65","000","00","004","0458","1605","1009","647","362","32","1041","1709","0","60.91","37.86"
"65","000","00","004","0459","0000","1481","1002","479","56","1537","2584","0","59.48","38.78"
"65","000","00","004","0459","1538","714","493","221","37","751","1327","0","56.59","37.15"
"65","000","00","004","0459","1539","767","509","258","19","786","1257","0","62.53","40.49"
"65","000","00","004","0460","0000","1562","1025","537","69","1631","2673","0","61.02","38.35"
"65","000","00","004","0460","1531","830","542","288","31","861","1408","0","61.15","38.49"
"65","000","00","004","0460","1532","732","483","249","38","770","1265","0","60.87","38.18"
"65","000","00","004","0461","0000","1286","820","466","80","1366","2166","0","63.07","37.86"
"65","000","00","004","0461","1561","628","415","213","43","671","1068","0","62.83","38.86"
"65","000","00","004","0461","1562","658","405","253","37","695","1098","0","63.3","36.89"
"65","000","00","004","0462","0000","5242","3423","1819","131","5373","8673","0","61.95","39.47"
"65","000","00","004","0462","1586","634","402","232","22","656","1077","0","60.91","37.33"
"65","000","00","004","0462","1587","679","447","232","25","704","1157","0","60.85","38.63"
"65","000","00","004","0462","1588","836","541","295","19","855","1339","0","63.85","40.4"
"65","000","00","004","0462","1589","792","507","285","19","811","1306","0","62.1","38.82"
"65","000","00","004","0462","1590","769","502","267","7","776","1236","0","62.78","40.61"
"65","000","00","004","0462","1591","685","457","228","19","704","1133","0","62.14","40.34"
"65","000","00","004","0462","1592","847","567","280","20","867","1425","0","60.84","39.79"
"65","000","00","005","0000","0000","188263","122586","65677","9065","197328","344981","417405","57.2","35.53"
"65","000","00","005","0501","0000","2801","1846","955","140","2941","4792","0","61.37","38.52"
"65","000","00","005","0501","0302","622","391","231","42","664","1123","0","59.13","34.82"
"65","000","00","005","0501","0303","742","482","260","36","778","1278","0","60.88","37.72"
"65","000","00","005","0501","0304","706","499","207","34","740","1163","0","63.63","42.91"
"65","000","00","005","0501","0305","731","474","257","28","759","1228","0","61.81","38.6"
"65","000","00","005","0502","0000","3828","2367","1461","150","3978","7166","0","55.51","33.03"
"65","000","00","005","0502","0328","695","441","254","25","720","1382","0","52.1","31.91"
"65","000","00","005","0502","0329","790","481","309","40","830","1475","0","56.27","32.61"
"65","000","00","005","0502","0330","828","514","314","19","847","1462","0","57.93","35.16"
"65","000","00","005","0502","0331","761","473","288","30","791","1426","0","55.47","33.17"
"65","000","00","005","0502","0332","754","458","296","36","790","1421","0","55.59","32.23"
"65","000","00","005","0503","0000","707","454","253","48","755","1341","0","56.3","33.86"
"65","000","00","005","0503","0449","707","454","253","48","755","1341","0","56.3","33.86"
"65","000","00","005","0504","0000","2262","1490","772","109","2371","3923","0","60.44","37.98"
"65","000","00","005","0504","0306","674","431","243","40","714","1211","0","58.96","35.59"
"65","000","00","005","0504","0307","667","442","225","34","701","1176","0","59.61","37.59"
"65","000","00","005","0504","0308","921","617","304","35","956","1536","0","62.24","40.17"
"65","000","00","005","0505","0000","2122","1303","819","68","2190","3872","0","56.56","33.65"
"65","000","00","005","0505","0333","838","532","306","27","865","1536","0","56.32","34.64"
"65","000","00","005","0505","0334","893","521","372","27","920","1587","0","57.97","32.83"
"65","000","00","005","0505","0335","391","250","141","14","405","749","0","54.07","33.38"
"65","000","00","005","0506","0000","1930","1258","672","82","2012","3313","0","60.73","37.97"
"65","000","00","005","0506","0446","624","397","227","32","656","1107","0","59.26","35.86"
"65","000","00","005","0506","0447","646","426","220","18","664","1063","0","62.46","40.08"
"65","000","00","005","0506","0448","660","435","225","32","692","1143","0","60.54","38.06"
"65","000","00","005","0507","0000","2345","1582","763","126","2471","4240","0","58.28","37.31"
"65","000","00","005","0507","0312","721","479","242","50","771","1353","0","56.98","35.4"
"65","000","00","005","0507","0313","822","562","260","51","873","1409","0","61.96","39.89"
"65","000","00","005","0507","0314","802","541","261","25","827","1478","0","55.95","36.6"
"65","000","00","005","0508","0000","2129","1350","779","144","2273","3930","0","57.84","34.35"
"65","000","00","005","0508","0383","742","483","259","43","785","1342","0","58.49","35.99"
"65","000","00","005","0508","0384","719","452","267","55","774","1341","0","57.72","33.71"
"65","000","00","005","0508","0385","668","415","253","46","714","1247","0","57.26","33.28"
"65","000","00","005","0509","0000","3326","2072","1254","110","3436","6296","0","54.57","32.91"
"65","000","00","005","0509","0501","808","509","299","31","839","1539","0","54.52","33.07"
"65","000","00","005","0509","0502","867","549","318","24","891","1586","0","56.18","34.62"
"65","000","00","005","0509","0503","907","595","312","30","937","1631","0","57.45","36.48"
"65","000","00","005","0509","0504","744","419","325","25","769","1540","0","49.94","27.21"
"65","000","00","005","0510","0000","1124","737","387","60","1184","1892","0","62.58","38.95"
"65","000","00","005","0510","0315","546","363","183","29","575","921","0","62.43","39.41"
"65","000","00","005","0510","0316","578","374","204","31","609","971","0","62.72","38.52"
"65","000","00","005","0511","0000","2843","1865","978","154","2997","5088","0","58.9","36.65"
"65","000","00","005","0511","0379","681","428","253","52","733","1167","0","62.81","36.68"
"65","000","00","005","0511","0380","687","463","224","40","727","1299","0","55.97","35.64"
"65","000","00","005","0511","0381","669","432","237","37","706","1207","0","58.49","35.79"
"65","000","00","005","0511","0382","806","542","264","25","831","1415","0","58.73","38.3"
"65","000","00","005","0512","0000","1403","908","495","92","1495","2771","0","53.95","32.77"
"65","000","00","005","0512","0518","673","430","243","49","722","1371","0","52.66","31.36"
"65","000","00","005","0512","0519","730","478","252","43","773","1400","0","55.21","34.14"
"65","000","00","005","0513","0000","1729","1111","618","68","1797","3070","0","58.53","36.19"
"65","000","00","005","0513","0319","389","246","143","21","410","697","0","58.82","35.29"
"65","000","00","005","0513","0320","699","452","247","22","721","1235","0","58.38","36.6"
"65","000","00","005","0513","0321","641","413","228","25","666","1138","0","58.52","36.29"
"65","000","00","005","0514","0000","2317","1540","777","120","2437","4068","0","59.91","37.86"
"65","000","00","005","0514","0390","758","470","288","24","782","1346","0","58.1","34.92"
"65","000","00","005","0514","0391","767","528","239","52","819","1372","0","59.69","38.48"
"65","000","00","005","0514","0392","792","542","250","44","836","1350","0","61.93","40.15"
"65","000","00","005","0515","0000","5239","3400","1839","195","5434","9838","0","55.23","34.56"
"65","000","00","005","0515","0547","660","437","223","18","678","1126","0","60.21","38.81"
"65","000","00","005","0515","0548","709","461","248","21","730","1240","0","58.87","37.18"
"65","000","00","005","0515","0549","789","509","280","40","829","1460","0","56.78","34.86"
"65","000","00","005","0515","0550","568","374","194","32","600","1072","0","55.97","34.89"
"65","000","00","005","0515","0551","564","358","206","28","592","1127","0","52.53","31.77"
"65","000","00","005","0515","0552","759","522","237","21","780","1332","0","58.56","39.19"
"65","000","00","005","0515","0553","687","411","276","16","703","1341","0","52.42","30.65"
"65","000","00","005","0515","0554","503","328","175","19","522","1140","0","45.79","28.77"
"65","000","00","005","0516","0000","1371","874","497","50","1421","4462","0","31.85","19.59"
"65","000","00","005","0516","0322","560","367","193","15","575","1063","0","54.09","34.52"
"65","000","00","005","0516","0323","811","507","304","35","846","3399","0","24.89","14.92"
"65","000","00","005","0517","0000","2048","1442","606","132","2180","3947","0","55.23","36.53"
"65","000","00","005","0517","0393","692","445","247","38","730","1307","0","55.85","34.05"
"65","000","00","005","0517","0394","736","497","239","47","783","1353","0","57.87","36.73"
"65","000","00","005","0517","0395","620","500","120","47","667","1287","0","51.83","38.85"
"65","000","00","005","0518","0000","2813","1845","968","140","2953","5155","0","57.28","35.79"
"65","000","00","005","0518","0452","718","470","248","30","748","1309","0","57.14","35.91"
"65","000","00","005","0518","0453","704","468","236","29","733","1216","0","60.28","38.49"
"65","000","00","005","0518","0454","662","450","212","32","694","1278","0","54.3","35.21"
"65","000","00","005","0518","0455","729","457","272","49","778","1352","0","57.54","33.8"
"65","000","00","005","0519","0000","883","568","315","54","937","1575","0","59.49","36.06"
"65","000","00","005","0519","0324","883","568","315","54","937","1575","0","59.49","36.06"
"65","000","00","005","0520","0000","1022","687","335","75","1097","1907","0","57.52","36.03"
"65","000","00","005","0520","0413","526","349","177","35","561","955","0","58.74","36.54"
"65","000","00","005","0520","0414","496","338","158","40","536","952","0","56.3","35.5"
"65","000","00","005","0521","0000","3088","2045","1043","175","3263","6100","0","53.49","33.52"
"65","000","00","005","0521","0485","781","527","254","46","827","1505","0","54.95","35.02"
"65","000","00","005","0521","0486","787","529","258","41","828","1527","0","54.22","34.64"
"65","000","00","005","0521","0487","738","475","263","42","780","1482","0","52.63","32.05"
"65","000","00","005","0521","0488","782","514","268","46","828","1586","0","52.21","32.41"
"65","000","00","005","0522","0000","943","557","386","49","992","1615","0","61.42","34.49"
"65","000","00","005","0522","0325","943","557","386","49","992","1615","0","61.42","34.49"
"65","000","00","005","0523","0000","3191","2134","1057","132","3323","5541","0","59.97","38.51"
"65","000","00","005","0523","0415","801","520","281","20","821","1412","0","58.14","36.83"
"65","000","00","005","0523","0416","790","545","245","37","827","1415","0","58.45","38.52"
"65","000","00","005","0523","0417","817","554","263","46","863","1421","0","60.73","38.99"
"65","000","00","005","0523","0418","783","515","268","29","812","1293","0","62.8","39.83"
"65","000","00","005","0524","0000","1193","757","436","67","1260","2161","0","58.31","35.03"
"65","000","00","005","0524","0491","577","359","218","37","614","1090","0","56.33","32.94"
"65","000","00","005","0524","0492","616","398","218","30","646","1071","0","60.32","37.16"
"65","000","00","005","0525","0000","2489","1635","854","127","2616","4748","0","55.1","34.44"
"65","000","00","005","0525","0371","838","549","289","44","882","1571","0","56.14","34.95"
"65","000","00","005","0525","0372","820","529","291","41","861","1594","0","54.02","33.19"
"65","000","00","005","0525","0373","831","557","274","42","873","1583","0","55.15","35.19"
"65","000","00","005","0526","0000","1257","846","411","48","1305","2027","0","64.38","41.74"
"65","000","00","005","0526","0386","642","463","179","15","657","984","0","66.77","47.05"
"65","000","00","005","0526","0387","615","383","232","33","648","1043","0","62.13","36.72"
"65","000","00","005","0527","0000","2560","1575","985","127","2687","4704","0","57.12","33.48"
"65","000","00","005","0527","0508","620","402","218","27","647","1181","0","54.78","34.04"
"65","000","00","005","0527","0509","618","388","230","42","660","1135","0","58.15","34.19"
"65","000","00","005","0527","0510","644","400","244","32","676","1173","0","57.63","34.1"
"65","000","00","005","0527","0511","678","385","293","26","704","1215","0","57.94","31.69"
"65","000","00","005","0528","0000","1344","846","498","101","1445","2406","0","60.06","35.16"
"65","000","00","005","0528","0362","676","395","281","44","720","1170","0","61.54","33.76"
"65","000","00","005","0528","0363","668","451","217","57","725","1236","0","58.66","36.49"
"65","000","00","005","0529","0000","1392","891","501","62","1454","2320","0","62.67","38.41"
"65","000","00","005","0529","0388","723","480","243","27","750","1135","0","66.08","42.29"
"65","000","00","005","0529","0389","669","411","258","35","704","1185","0","59.41","34.68"
"65","000","00","005","0530","0000","2552","1734","818","150","2702","4728","0","57.15","36.68"
"65","000","00","005","0530","0353","843","584","259","56","899","1558","0","57.7","37.48"
"65","000","00","005","0530","0354","806","531","275","47","853","1567","0","54.44","33.89"
"65","000","00","005","0530","0355","903","619","284","47","950","1603","0","59.26","38.62"
"65","000","00","005","0531","0000","2623","1736","887","146","2769","4477","0","61.85","38.78"
"65","000","00","005","0531","0443","858","566","292","47","905","1535","0","58.96","36.87"
"65","000","00","005","0531","0444","898","599","299","49","947","1492","0","63.47","40.15"
"65","000","00","005","0531","0445","867","571","296","50","917","1450","0","63.24","39.38"
"65","000","00","005","0532","0000","2902","1851","1051","153","3055","5219","0","58.54","35.47"
"65","000","00","005","0532","0523","674","442","232","62","736","1318","0","55.84","33.54"
"65","000","00","005","0532","0524","803","500","303","32","835","1411","0","59.18","35.44"
"65","000","00","005","0532","0525","710","439","271","30","740","1262","0","58.64","34.79"
"65","000","00","005","0532","0526","715","470","245","29","744","1228","0","60.59","38.27"
"65","000","00","005","0533","0000","2250","1469","781","121","2371","4251","0","55.78","34.56"
"65","000","00","005","0533","0344","690","455","235","38","728","1351","0","53.89","33.68"
"65","000","00","005","0533","0345","767","491","276","38","805","1403","0","57.38","35.0"
"65","000","00","005","0533","0346","793","523","270","45","838","1497","0","55.98","34.94"
"65","000","00","005","0534","0000","1642","1122","520","75","1717","3285","0","52.27","34.16"
"65","000","00","005","0534","0438","779","535","244","44","823","1633","0","50.4","32.76"
"65","000","00","005","0534","0439","863","587","276","31","894","1652","0","54.12","35.53"
"65","000","00","005","0535","0000","1321","880","441","55","1376","2670","0","51.54","32.96"
"65","000","00","005","0535","0529","673","438","235","32","705","1326","0","53.17","33.03"
"65","000","00","005","0535","0530","648","442","206","23","671","1344","0","49.93","32.89"
"65","000","00","005","0536","0000","1611","1057","554","84","1695","3126","0","54.22","33.81"
"65","000","00","005","0536","0326","802","517","285","46","848","1612","0","52.61","32.07"
"65","000","00","005","0536","0327","809","540","269","38","847","1514","0","55.94","35.67"
"65","000","00","005","0537","0000","2046","1381","665","87","2133","3484","0","61.22","39.64"
"65","000","00","005","0537","0400","665","451","214","46","711","1148","0","61.93","39.29"
"65","000","00","005","0537","0401","683","465","218","8","691","1201","0","57.54","38.72"
"65","000","00","005","0537","0402","698","465","233","33","731","1135","0","64.41","40.97"
"65","000","00","005","0538","0000","3254","2126","1128","180","3434","6209","0","55.31","34.24"
"65","000","00","005","0538","0542","627","398","229","42","669","1245","0","53.73","31.97"
"65","000","00","005","0538","0543","631","412","219","37","668","1212","0","55.12","33.99"
"65","000","00","005","0538","0544","637","414","223","47","684","1253","0","54.59","33.04"
"65","000","00","005","0538","0545","641","422","219","39","680","1272","0","53.46","33.18"
"65","000","00","005","0538","0546","718","480","238","15","733","1227","0","59.74","39.12"
"65","000","00","005","0539","0000","2215","1485","730","95","2310","3713","0","62.21","39.99"
"65","000","00","005","0539","0374","740","510","230","43","783","1245","0","62.89","40.96"
"65","000","00","005","0539","0375","709","469","240","26","735","1203","0","61.1","38.99"
"65","000","00","005","0539","0376","766","506","260","26","792","1265","0","62.61","40.0"
"65","000","00","005","0540","0000","1123","725","398","68","1191","1990","0","59.85","36.43"
"65","000","00","005","0540","0458","447","283","164","24","471","881","0","53.46","32.12"
"65","000","00","005","0540","0459","676","442","234","44","720","1109","0","64.92","39.86"
"65","000","00","005","0541","0000","2092","1419","673","93","2185","3833","0","57.0","37.02"
"65","000","00","005","0541","0537","707","489","218","24","731","1301","0","56.19","37.59"
"65","000","00","005","0541","0538","695","459","236","32","727","1262","0","57.61","36.37"
"65","000","00","005","0541","0539","690","471","219","37","727","1270","0","57.24","37.09"
"65","000","00","005","0542","0000","1304","925","379","53","1357","2442","0","55.57","37.88"
"65","000","00","005","0542","0369","678","479","199","31","709","1225","0","57.88","39.1"
"65","000","00","005","0542","0370","626","446","180","22","648","1217","0","53.25","36.65"
"65","000","00","005","0543","0000","3977","2608","1369","161","4138","7475","0","55.36","34.89"
"65","000","00","005","0543","0460","679","448","231","43","722","1291","0","55.93","34.7"
"65","000","00","005","0543","0461","682","434","248","23","705","1293","0","54.52","33.57"
"65","000","00","005","0543","0462","757","488","269","32","789","1336","0","59.06","36.53"
"65","000","00","005","0543","0463","716","472","244","30","746","1384","0","53.9","34.1"
"65","000","00","005","0543","0464","626","426","200","2","628","1231","0","51.02","34.61"
"65","000","00","005","0543","0465","517","340","177","31","548","940","0","58.3","36.17"
"65","000","00","005","0544","0000","2232","1482","750","108","2340","4010","0","58.35","36.96"
"65","000","00","005","0544","0531","733","505","228","38","771","1355","0","56.9","37.27"
"65","000","00","005","0544","0532","721","480","241","39","760","1306","0","58.19","36.75"
"65","000","00","005","0544","0533","778","497","281","31","809","1349","0","59.97","36.84"
"65","000","00","005","0545","0000","2509","1683","826","117","2626","4756","0","55.21","35.39"
"65","000","00","005","0545","0366","939","610","329","27","966","1586","0","60.91","38.46"
"65","000","00","005","0545","0367","802","555","247","31","833","1597","0","52.16","34.75"
"65","000","00","005","0545","0368","768","518","250","59","827","1573","0","52.57","32.93"
"65","000","00","005","0546","0000","2139","1366","773","155","2294","4025","0","56.99","33.94"
"65","000","00","005","0546","0466","709","429","280","60","769","1369","0","56.17","31.34"
"65","000","00","005","0546","0467","719","500","219","50","769","1384","0","55.56","36.13"
"65","000","00","005","0546","0468","711","437","274","45","756","1272","0","59.43","34.36"
"65","000","00","005","0547","0000","2092","1385","707","136","2228","3876","0","57.48","35.73"
"65","000","00","005","0547","0347","721","479","242","53","774","1272","0","60.85","37.66"
"65","000","00","005","0547","0348","630","428","202","26","656","1269","0","51.69","33.73"
"65","000","00","005","0547","0349","741","478","263","57","798","1335","0","59.78","35.81"
"65","000","00","005","0548","0000","5004","3367","1637","185","5189","9217","0","56.3","36.53"
"65","000","00","005","0548","0471","849","545","304","18","867","1528","0","56.74","35.67"
"65","000","00","005","0548","0472","651","465","186","30","681","1244","0","54.74","37.38"
"65","000","00","005","0548","0473","700","509","191","23","723","1356","0","53.32","37.54"
"65","000","00","005","0548","0474","595","436","159","15","610","1164","0","52.41","37.46"
"65","000","00","005","0548","0475","793","511","282","47","840","1423","0","59.03","35.91"
"65","000","00","005","0548","0476","748","488","260","29","777","1250","0","62.16","39.04"
"65","000","00","005","0548","0477","668","413","255","23","691","1252","0","55.19","32.99"
"65","000","00","005","0549","0000","1174","782","392","77","1251","2200","0","56.86","35.55"
"65","000","00","005","0549","0364","562","380","182","40","602","1071","0","56.21","35.48"
"65","000","00","005","0549","0365","612","402","210","37","649","1129","0","57.48","35.61"
"65","000","00","005","0550","0000","4346","2664","1682","158","4504","7788","0","57.83","34.21"
"65","000","00","005","0550","0480","928","555","373","32","960","1646","0","58.32","33.72"
"65","000","00","005","0550","0481","818","487","331","47","865","1551","0","55.77","31.4"
"65","000","00","005","0550","0482","877","566","311","33","910","1526","0","59.63","37.09"
"65","000","00","005","0550","0483","854","530","324","14","868","1518","0","57.18","34.91"
"65","000","00","005","0550","0484","869","526","343","32","901","1547","0","58.24","34.0"
"65","000","00","005","0551","0000","1443","967","476","74","1517","2542","0","59.68","38.04"
"65","000","00","005","0551","0377","715","489","226","46","761","1255","0","60.64","38.96"
"65","000","00","005","0551","0378","728","478","250","28","756","1287","0","58.74","37.14"
"65","000","00","005","0552","0000","2150","1408","742","115","2265","4004","0","56.57","35.16"
"65","000","00","005","0552","0435","843","535","308","53","896","1584","0","56.57","33.78"
"65","000","00","005","0552","0436","861","583","278","23","884","1602","0","55.18","36.39"
"65","000","00","005","0552","0437","446","290","156","39","485","818","0","59.29","35.45"
"65","000","00","005","0553","0000","5050","3225","1825","167","5217","9369","0","55.68","34.42"
"65","000","00","005","0553","0429","803","501","302","34","837","1641","0","51.01","30.53"
"65","000","00","005","0553","0430","855","534","321","24","879","1633","0","53.83","32.7"
"65","000","00","005","0553","0431","873","557","316","10","883","1531","0","57.67","36.38"
"65","000","00","005","0553","0432","871","565","306","34","905","1517","0","59.66","37.24"
"65","000","00","005","0553","0433","792","515","277","32","824","1487","0","55.41","34.63"
"65","000","00","005","0553","0434","856","553","303","33","889","1560","0","56.99","35.45"
"65","000","00","005","0554","0000","4052","2568","1484","187","4239","7331","0","57.82","35.03"
"65","000","00","005","0554","0419","780","490","290","22","802","1475","0","54.37","33.22"
"65","000","00","005","0554","0420","773","496","277","48","821","1429","0","57.45","34.71"
"65","000","00","005","0554","0421","807","492","315","41","848","1481","0","57.26","33.22"
"65","000","00","005","0554","0422","838","566","272","55","893","1472","0","60.67","38.45"
"65","000","00","005","0554","0423","854","524","330","21","875","1474","0","59.36","35.55"
"65","000","00","005","0555","0000","1965","1277","688","151","2116","4163","0","50.83","30.67"
"65","000","00","005","0555","0505","663","440","223","38","701","1388","0","50.5","31.7"
"65","000","00","005","0555","0506","642","406","236","76","718","1388","0","51.73","29.25"
"65","000","00","005","0555","0507","660","431","229","37","697","1387","0","50.25","31.07"
"65","000","00","005","0556","0000","1304","877","427","81","1385","2241","0","61.8","39.13"
"65","000","00","005","0556","0499","647","451","196","39","686","1130","0","60.71","39.91"
"65","000","00","005","0556","0500","657","426","231","42","699","1111","0","62.92","38.34"
"65","000","00","005","0557","0000","1706","1108","598","76","1782","3276","0","54.4","33.82"
"65","000","00","005","0557","0396","737","492","245","30","767","1567","0","48.95","31.4"
"65","000","00","005","0557","0397","969","616","353","46","1015","1709","0","59.39","36.04"
"65","000","00","005","0558","0000","1637","1047","590","79","1716","3244","0","52.9","32.27"
"65","000","00","005","0558","0398","825","560","265","32","857","1616","0","53.03","34.65"
"65","000","00","005","0558","0399","812","487","325","47","859","1628","0","52.76","29.91"
"65","000","00","005","0559","0000","2308","1527","781","117","2425","4258","0","56.95","35.86"
"65","000","00","005","0559","0440","793","519","274","41","834","1498","0","55.67","34.65"
"65","000","00","005","0559","0441","730","477","253","39","769","1379","0","55.77","34.59"
"65","000","00","005","0559","0442","785","531","254","37","822","1381","0","59.52","38.45"
"65","000","00","005","0560","0000","2635","1682","953","153","2788","4394","0","63.45","38.28"
"65","000","00","005","0560","0309","873","566","307","52","925","1486","0","62.25","38.09"
"65","000","00","005","0560","0310","920","586","334","52","972","1513","0","64.24","38.73"
"65","000","00","005","0560","0311","842","530","312","49","891","1395","0","63.87","37.99"
"65","000","00","005","0561","0000","1772","1221","551","135","1907","3322","0","57.41","36.75"
"65","000","00","005","0561","0360","952","636","316","78","1030","1696","0","60.73","37.5"
"65","000","00","005","0561","0361","820","585","235","57","877","1626","0","53.94","35.98"
"65","000","00","005","0562","0000","3211","2099","1112","142","3353","5442","0","61.61","38.57"
"65","000","00","005","0562","0409","818","541","277","52","870","1389","0","62.63","38.95"
"65","000","00","005","0562","0410","719","492","227","29","748","1272","0","58.81","38.68"
"65","000","00","005","0562","0411","853","545","308","28","881","1409","0","62.53","38.68"
"65","000","00","005","0562","0412","821","521","300","33","854","1372","0","62.24","37.97"
"65","000","00","005","0563","0000","1753","1083","670","76","1829","3243","0","56.4","33.4"
"65","000","00","005","0563","0358","851","531","320","35","886","1698","0","52.18","31.27"
"65","000","00","005","0563","0359","902","552","350","41","943","1545","0","61.04","35.73"
"65","000","00","005","0564","0000","3270","2088","1182","88","3358","5852","0","57.38","35.68"
"65","000","00","005","0564","0340","830","519","311","18","848","1493","0","56.8","34.76"
"65","000","00","005","0564","0341","842","534","308","38","880","1507","0","58.39","35.43"
"65","000","00","005","0564","0342","814","534","280","11","825","1456","0","56.66","36.68"
"65","000","00","005","0564","0343","784","501","283","21","805","1396","0","57.66","35.89"
"65","000","00","005","0565","0000","1724","1176","548","94","1818","3050","0","59.61","38.56"
"65","000","00","005","0565","0317","915","616","299","51","966","1534","0","62.97","40.16"
"65","000","00","005","0565","0318","809","560","249","43","852","1516","0","56.2","36.94"
"65","000","00","005","0566","0000","1786","1145","641","119","1905","3301","0","57.71","34.69"
"65","000","00","005","0566","0497","907","590","317","61","968","1689","0","57.31","34.93"
"65","000","00","005","0566","0498","879","555","324","58","937","1612","0","58.13","34.43"
"65","000","00","005","0567","0000","1204","804","400","96","1300","2105","0","61.76","38.19"
"65","000","00","005","0567","0489","568","377","191","56","624","1065","0","58.59","35.4"
"65","000","00","005","0567","0490","636","427","209","40","676","1040","0","65.0","41.06"
"65","000","00","005","0568","0000","1208","781","427","83","1291","2340","0","55.17","33.38"
"65","000","00","005","0568","0456","637","406","231","44","681","1298","0","52.47","31.28"
"65","000","00","005","0568","0457","571","375","196","39","610","1042","0","58.54","35.99"
"65","000","00","005","0569","0000","1596","988","608","67","1663","2712","0","61.32","36.43"
"65","000","00","005","0569","0495","814","507","307","39","853","1362","0","62.63","37.22"
"65","000","00","005","0569","0496","782","481","301","28","810","1350","0","60.0","35.63"
"65","000","00","005","0570","0000","3160","2016","1144","139","3299","5880","0","56.11","34.29"
"65","000","00","005","0570","0512","814","531","283","47","861","1488","0","57.86","35.69"
"65","000","00","005","0570","0513","790","492","298","36","826","1444","0","57.2","34.07"
"65","000","00","005","0570","0514","784","505","279","27","811","1499","0","54.1","33.69"
"65","000","00","005","0570","0515","772","488","284","29","801","1449","0","55.28","33.68"
"65","000","00","005","0571","0000","2268","1437","831","168","2436","4371","0","55.73","32.88"
"65","000","00","005","0571","0520","761","487","274","62","823","1457","0","56.49","33.42"
"65","000","00","005","0571","0521","776","494","282","50","826","1502","0","54.99","32.89"
"65","000","00","005","0571","0522","731","456","275","56","787","1412","0","55.74","32.29"
"65","000","00","005","0572","0000","2908","1924","984","140","3048","5129","0","59.43","37.51"
"65","000","00","005","0572","0336","734","492","242","33","767","1276","0","60.11","38.56"
"65","000","00","005","0572","0337","702","453","249","25","727","1303","0","55.79","34.77"
"65","000","00","005","0572","0338","732","502","230","41","773","1259","0","61.4","39.87"
"65","000","00","005","0572","0339","740","477","263","41","781","1291","0","60.5","36.95"
"65","000","00","005","0573","0000","1769","1093","676","71","1840","3209","0","57.34","34.06"
"65","000","00","005","0573","0356","843","519","324","30","873","1538","0","56.76","33.75"
"65","000","00","005","0573","0357","926","574","352","41","967","1671","0","57.87","34.35"
"65","000","00","005","0574","0000","2315","1491","824","96","2411","3841","0","62.77","38.82"
"65","000","00","005","0574","0350","775","465","310","24","799","1300","0","61.46","35.77"
"65","000","00","005","0574","0351","745","492","253","36","781","1286","0","60.73","38.26"
"65","000","00","005","0574","0352","795","534","261","36","831","1255","0","66.22","42.55"
"65","000","00","005","0575","0000","4212","2679","1533","108","4320","7288","0","59.28","36.76"
"65","000","00","005","0575","0424","864","548","316","17","881","1462","0","60.26","37.48"
"65","000","00","005","0575","0425","864","531","333","20","884","1484","0","59.57","35.78"
"65","000","00","005","0575","0426","810","541","269","31","841","1461","0","57.56","37.03"
"65","000","00","005","0575","0427","839","525","314","20","859","1444","0","59.49","36.36"
"65","000","00","005","0575","0428","835","534","301","20","855","1437","0","59.5","37.16"
"65","000","00","005","0576","0000","5366","3650","1716","196","5562","9313","0","59.72","39.19"
"65","000","00","005","0576","0403","880","539","341","46","926","1495","0","61.94","36.05"
"65","000","00","005","0576","0404","869","568","301","45","914","1486","0","61.51","38.22"
"65","000","00","005","0576","0405","889","576","313","29","918","1483","0","61.9","38.84"
"65","000","00","005","0576","0406","827","552","275","33","860","1553","0","55.38","35.54"
"65","000","00","005","0576","0407","967","617","350","21","988","1625","0","60.8","37.97"
"65","000","00","005","0576","0408","934","798","136","22","956","1671","0","57.21","47.76"
"65","000","00","005","0577","0000","1225","828","397","53","1278","2159","0","59.19","38.35"
"65","000","00","005","0577","0450","590","404","186","26","616","1063","0","57.95","38.01"
"65","000","00","005","0577","0451","635","424","211","27","662","1096","0","60.4","38.69"
"65","000","00","005","0578","0000","1696","1053","643","63","1759","3402","0","51.7","30.95"
"65","000","00","005","0578","0493","868","538","330","32","900","1704","0","52.82","31.57"
"65","000","00","005","0578","0494","828","515","313","31","859","1698","0","50.59","30.33"
"65","000","00","005","0579","0000","1085","717","368","47","1132","1981","0","57.14","36.19"
"65","000","00","005","0579","0478","550","369","181","12","562","1022","0","54.99","36.11"
"65","000","00","005","0579","0479","535","348","187","35","570","959","0","59.44","36.29"
"65","000","00","005","0580","0000","1185","750","435","60","1245","2131","0","58.42","35.19"
"65","000","00","005","0580","0469","607","399","208","30","637","1073","0","59.37","37.19"
"65","000","00","005","0580","0470","578","351","227","30","608","1058","0","57.47","33.18"
"65","000","00","005","0581","0000","1726","1095","631","96","1822","3288","0","55.41","33.3"
"65","000","00","005","0581","0516","871","559","312","51","922","1640","0","56.22","34.09"
"65","000","00","005","0581","0517","855","536","319","45","900","1648","0","54.61","32.52"
"65","000","00","005","0582","0000","1949","1204","745","101","2050","3509","0","58.42","34.31"
"65","000","00","005","0582","0527","984","579","405","41","1025","1748","0","58.64","33.12"
"65","000","00","005","0582","0528","965","625","340","60","1025","1761","0","58.21","35.49"
"65","000","00","005","0583","0000","2172","1444","728","91","2263","3784","0","59.8","38.16"
"65","000","00","005","0583","0534","712","461","251","28","740","1265","0","58.5","36.44"
"65","000","00","005","0583","0535","744","491","253","35","779","1282","0","60.76","38.3"
"65","000","00","005","0583","0536","716","492","224","28","744","1237","0","60.15","39.77"
"65","000","00","005","0584","0000","1346","902","444","74","1420","2465","0","57.61","36.59"
"65","000","00","005","0584","0540","697","447","250","38","735","1245","0","59.04","35.9"
"65","000","00","005","0584","0541","649","455","194","36","685","1220","0","56.15","37.3"
"65","000","00","006","0000","0000","144377","96556","47821","5820","150197","264053","302055","56.88","36.57"
"65","000","00","006","0601","0000","1684","1104","580","88","1772","3019","0","58.69","36.57"
"65","000","00","006","0601","2049","885","582","303","37","922","1552","0","59.41","37.5"
"65","000","00","006","0601","2050","799","522","277","51","850","1467","0","57.94","35.58"
"65","000","00","006","0602","0000","2071","1359","712","80","2151","3593","0","59.87","37.82"
"65","000","00","006","0602","2051","757","516","241","33","790","1371","0","57.62","37.64"
"65","000","00","006","0602","2052","582","376","206","25","607","991","0","61.25","37.94"
"65","000","00","006","0602","2053","732","467","265","22","754","1231","0","61.25","37.94"
"65","000","00","006","0603","0000","1914","1244","670","84","1998","3408","0","58.63","36.5"
"65","000","00","006","0603","2054","962","616","346","36","998","1701","0","58.67","36.21"
"65","000","00","006","0603","2055","952","628","324","48","1000","1707","0","58.58","36.79"
"65","000","00","006","0604","0000","1951","1318","633","57","2008","3639","0","55.18","36.22"
"65","000","00","006","0604","2056","991","677","314","24","1015","1773","0","57.25","38.18"
"65","000","00","006","0604","2057","960","641","319","33","993","1866","0","53.22","34.35"
"65","000","00","006","0605","0000","2913","1901","1012","109","3022","4958","0","60.95","38.34"
"65","000","00","006","0605","2058","999","656","343","36","1035","1735","0","59.65","37.81"
"65","000","00","006","0605","2059","1010","660","350","31","1041","1632","0","63.79","40.44"
"65","000","00","006","0605","2060","904","585","319","42","946","1591","0","59.46","36.77"
"65","000","00","006","0606","0000","2785","1886","899","113","2898","4790","0","60.5","39.37"
"65","000","00","006","0606","2063","706","488","218","33","739","1260","0","58.65","38.73"
"65","000","00","006","0606","2064","1129","780","349","39","1168","1948","0","59.96","40.04"
"65","000","00","006","0606","2065","950","618","332","41","991","1582","0","62.64","39.06"
"65","000","00","006","0607","0000","2780","1858","922","117","2897","5031","0","57.58","36.93"
"65","000","00","006","0607","2070","967","633","334","27","994","1735","0","57.29","36.48"
"65","000","00","006","0607","2071","929","631","298","44","973","1716","0","56.7","36.77"
"65","000","00","006","0607","2072","884","594","290","46","930","1580","0","58.86","37.59"
"65","000","00","006","0608","0000","3441","2286","1155","127","3568","5947","0","60.0","38.44"
"65","000","00","006","0608","2073","817","548","269","31","848","1358","0","62.44","40.35"
"65","000","00","006","0608","2074","957","634","323","45","1002","1610","0","62.24","39.38"
"65","000","00","006","0608","2075","754","492","262","20","774","1383","0","55.97","35.57"
"65","000","00","006","0608","2076","913","612","301","31","944","1596","0","59.15","38.35"
"65","000","00","006","0609","0000","1298","913","385","48","1346","2520","0","53.41","36.23"
"65","000","00","006","0609","2077","694","483","211","34","728","1360","0","53.53","35.51"
"65","000","00","006","0609","2078","604","430","174","14","618","1160","0","53.28","37.07"
"65","000","00","006","0610","0000","1575","1143","432","31","1606","2470","0","65.02","46.28"
"65","000","00","006","0610","2079","801","606","195","7","808","1236","0","65.37","49.03"
"65","000","00","006","0610","2080","774","537","237","24","798","1234","0","64.67","43.52"
"65","000","00","006","0611","0000","1556","1037","519","72","1628","2820","0","57.73","36.77"
"65","000","00","006","0611","2081","874","558","316","44","918","1579","0","58.14","35.34"
"65","000","00","006","0611","2082","682","479","203","28","710","1241","0","57.21","38.6"
"65","000","00","006","0612","0000","743","488","255","51","794","1578","0","50.32","30.93"
"65","000","00","006","0612","2085","743","488","255","51","794","1578","0","50.32","30.93"
"65","000","00","006","0613","0000","1453","947","506","100","1553","2917","0","53.24","32.46"
"65","000","00","006","0613","2086","751","481","270","36","787","1442","0","54.58","33.36"
"65","000","00","006","0613","2087","702","466","236","64","766","1475","0","51.93","31.59"
"65","000","00","006","0614","0000","4277","2837","1440","184","4461","7921","0","56.32","35.82"
"65","000","00","006","0614","2088","886","579","307","45","931","1580","0","58.92","36.65"
"65","000","00","006","0614","2089","859","584","275","26","885","1585","0","55.84","36.85"
"65","000","00","006","0614","2090","847","553","294","45","892","1586","0","56.24","34.87"
"65","000","00","006","0614","2091","1023","678","345","45","1068","1931","0","55.31","35.11"
"65","000","00","006","0614","2092","662","443","219","23","685","1239","0","55.29","35.75"
"65","000","00","006","0615","0000","2423","1670","753","143","2566","4617","0","55.58","36.17"
"65","000","00","006","0615","2097","967","655","312","52","1019","1885","0","54.06","34.75"
"65","000","00","006","0615","2098","691","485","206","49","740","1345","0","55.02","36.06"
"65","000","00","006","0615","2099","765","530","235","42","807","1387","0","58.18","38.21"
"65","000","00","006","0616","0000","5625","3656","1969","240","5865","10556","0","55.56","34.63"
"65","000","00","006","0616","2105","948","631","317","44","992","1835","0","54.06","34.39"
"65","000","00","006","0616","2106","1035","691","344","55","1090","2009","0","54.26","34.4"
"65","000","00","006","0616","2107","773","507","266","39","812","1450","0","56.0","34.97"
"65","000","00","006","0616","2108","930","616","314","31","961","1726","0","55.68","35.69"
"65","000","00","006","0616","2109","1008","600","408","31","1039","1797","0","57.82","33.39"
"65","000","00","006","0616","2110","931","611","320","40","971","1739","0","55.84","35.14"
"65","000","00","006","0617","0000","2828","1846","982","103","2931","5599","0","52.35","32.97"
"65","000","00","006","0617","2114","834","556","278","30","864","1662","0","51.99","33.45"
"65","000","00","006","0617","2115","1142","746","396","42","1184","2067","0","57.28","36.09"
"65","000","00","006","0617","2116","852","544","308","31","883","1870","0","47.22","29.09"
"65","000","00","006","0618","0000","2768","1814","954","139","2907","5222","0","55.67","34.74"
"65","000","00","006","0618","2123","517","338","179","30","547","1079","0","50.7","31.33"
"65","000","00","006","0618","2124","617","397","220","23","640","1140","0","56.14","34.82"
"65","000","00","006","0618","2125","961","643","318","44","1005","1825","0","55.07","35.23"
"65","000","00","006","0618","2126","673","436","237","42","715","1178","0","60.7","37.01"
"65","000","00","006","0619","0000","2448","1671","777","121","2569","5277","0","48.68","31.67"
"65","000","00","006","0619","2133","900","612","288","47","947","1992","0","47.54","30.72"
"65","000","00","006","0619","2134","786","519","267","40","826","1668","0","49.52","31.12"
"65","000","00","006","0619","2135","762","540","222","34","796","1617","0","49.23","33.4"
"65","000","00","006","0620","0000","2925","1965","960","124","3049","5428","0","56.17","36.2"
"65","000","00","006","0620","2136","997","673","324","79","1076","2013","0","53.45","33.43"
"65","000","00","006","0620","2137","1024","696","328","20","1044","1791","0","58.29","38.86"
"65","000","00","006","0620","2138","904","596","308","25","929","1624","0","57.2","36.7"
"65","000","00","006","0621","0000","448","302","146","23","471","939","0","50.16","32.16"
"65","000","00","006","0621","2142","448","302","146","23","471","939","0","50.16","32.16"
"65","000","00","006","0622","0000","2664","1789","875","88","2752","4725","0","58.24","37.86"
"65","000","00","006","0622","2148","1065","698","367","26","1091","1860","0","58.66","37.53"
"65","000","00","006","0622","2149","891","623","268","32","923","1743","0","52.95","35.74"
"65","000","00","006","0622","2150","708","468","240","30","738","1122","0","65.78","41.71"
"65","000","00","006","0623","0000","2407","1641","766","94","2501","4575","0","54.67","35.87"
"65","000","00","006","0623","2151","782","566","216","34","816","1468","0","55.59","38.56"
"65","000","00","006","0623","2152","933","618","315","32","965","1763","0","54.74","35.05"
"65","000","00","006","0623","2153","692","457","235","28","720","1344","0","53.57","34.0"
"65","000","00","006","0624","0000","382","266","116","25","407","753","0","54.05","35.33"
"65","000","00","006","0624","2154","382","266","116","25","407","753","0","54.05","35.33"
"65","000","00","006","0625","0000","1458","904","554","57","1515","2839","0","53.36","31.84"
"65","000","00","006","0625","2155","330","209","121","9","339","602","0","56.31","34.72"
"65","000","00","006","0625","2156","1128","695","433","48","1176","2237","0","52.57","31.07"
"65","000","00","006","0626","0000","1106","758","348","50","1156","2239","0","51.63","33.85"
"65","000","00","006","0626","2157","599","417","182","19","618","1096","0","56.39","38.05"
"65","000","00","006","0626","2158","507","341","166","31","538","1143","0","47.07","29.83"
"65","000","00","006","0627","0000","774","519","255","54","828","1569","0","52.77","33.08"
"65","000","00","006","0627","2159","774","519","255","54","828","1569","0","52.77","33.08"
"65","000","00","006","0628","0000","659","439","220","54","713","1284","0","55.53","34.19"
"65","000","00","006","0628","2160","659","439","220","54","713","1284","0","55.53","34.19"
"65","000","00","006","0629","0000","549","335","214","47","596","1189","0","50.13","28.17"
"65","000","00","006","0629","2161","141","91","50","19","160","439","0","36.45","20.73"
"65","000","00","006","0629","2162","408","244","164","28","436","750","0","58.13","32.53"
"65","000","00","006","0630","0000","2459","1731","728","149","2608","4840","0","53.88","35.76"
"65","000","00","006","0630","2145","925","589","336","39","964","1838","0","52.45","32.05"
"65","000","00","006","0630","2146","782","515","267","33","815","1453","0","56.09","35.44"
"65","000","00","006","0630","2147","752","627","125","77","829","1549","0","53.52","40.48"
"65","000","00","006","0631","0000","863","564","299","34","897","1603","0","55.96","35.18"
"65","000","00","006","0631","1987","863","564","299","34","897","1603","0","55.96","35.18"
"65","000","00","006","0632","0000","1064","700","364","35","1099","1921","0","57.21","36.44"
"65","000","00","006","0632","1988","1064","700","364","35","1099","1921","0","57.21","36.44"
"65","000","00","006","0633","0000","1268","819","449","52","1320","2317","0","56.97","35.35"
"65","000","00","006","0633","1989","574","382","192","24","598","1082","0","55.27","35.3"
"65","000","00","006","0633","1990","694","437","257","28","722","1235","0","58.46","35.38"
"65","000","00","006","0634","0000","899","635","264","19","918","1568","0","58.55","40.5"
"65","000","00","006","0634","1991","899","635","264","19","918","1568","0","58.55","40.5"
"65","000","00","006","0635","0000","437","285","152","29","466","771","0","60.44","36.96"
"65","000","00","006","0635","1992","437","285","152","29","466","771","0","60.44","36.96"
"65","000","00","006","0636","0000","1272","808","464","53","1325","2264","0","58.52","35.69"
"65","000","00","006","0636","1993","696","431","265","25","721","1256","0","57.4","34.32"
"65","000","00","006","0636","1994","576","377","199","28","604","1008","0","59.92","37.4"
"65","000","00","006","0637","0000","2731","1847","884","84","2815","4701","0","59.88","39.29"
"65","000","00","006","0637","1995","867","612","255","31","898","1515","0","59.27","40.4"
"65","000","00","006","0637","1996","984","688","296","30","1014","1637","0","61.94","42.03"
"65","000","00","006","0637","1997","880","547","333","23","903","1549","0","58.3","35.31"
"65","000","00","006","0638","0000","3020","1980","1040","138","3158","5335","0","59.19","37.11"
"65","000","00","006","0638","1998","1219","805","414","40","1259","2011","0","62.61","40.03"
"65","000","00","006","0638","1999","855","568","287","53","908","1554","0","58.43","36.55"
"65","000","00","006","0638","2000","946","607","339","45","991","1770","0","55.99","34.29"
"65","000","00","006","0639","0000","1358","924","434","67","1425","2442","0","58.35","37.84"
"65","000","00","006","0639","2001","745","490","255","37","782","1316","0","59.42","37.23"
"65","000","00","006","0639","2002","613","434","179","30","643","1126","0","57.1","38.54"
"65","000","00","006","0640","0000","4484","3017","1467","139","4623","7834","0","59.01","38.51"
"65","000","00","006","0640","2003","782","521","261","26","808","1460","0","55.34","35.68"
"65","000","00","006","0640","2004","911","607","304","36","947","1584","0","59.79","38.32"
"65","000","00","006","0640","2005","801","533","268","31","832","1449","0","57.42","36.78"
"65","000","00","006","0640","2006","939","640","299","24","963","1520","0","63.36","42.11"
"65","000","00","006","0640","2007","1051","716","335","22","1073","1821","0","58.92","39.32"
"65","000","00","006","0641","0000","3792","2431","1361","132","3924","6728","0","58.32","36.13"
"65","000","00","006","0641","2008","1093","692","401","26","1119","1956","0","57.21","35.38"
"65","000","00","006","0641","2009","939","619","320","42","981","1665","0","58.92","37.18"
"65","000","00","006","0641","2010","947","612","335","23","970","1588","0","61.08","38.54"
"65","000","00","006","0641","2011","813","508","305","41","854","1519","0","56.22","33.44"
"65","000","00","006","0642","0000","2309","1550","759","102","2411","5969","0","40.39","25.97"
"65","000","00","006","0642","2014","662","447","215","34","696","1106","0","62.93","40.42"
"65","000","00","006","0642","2015","395","236","159","18","413","2700","0","15.3","8.74"
"65","000","00","006","0642","2016","592","416","176","15","607","995","0","61.01","41.81"
"65","000","00","006","0642","2017","660","451","209","35","695","1168","0","59.5","38.61"
"65","000","00","006","0643","0000","1413","909","504","61","1474","2208","0","66.76","41.17"
"65","000","00","006","0643","2018","729","510","219","35","764","1123","0","68.03","45.41"
"65","000","00","006","0643","2019","684","399","285","26","710","1085","0","65.44","36.77"
"65","000","00","006","0644","0000","3237","2193","1044","137","3374","5645","0","59.77","38.85"
"65","000","00","006","0644","2020","845","554","291","42","887","1412","0","62.82","39.24"
"65","000","00","006","0644","2021","942","642","300","32","974","1659","0","58.71","38.7"
"65","000","00","006","0644","2022","730","497","233","35","765","1198","0","63.86","41.49"
"65","000","00","006","0644","2023","720","500","220","28","748","1376","0","54.36","36.34"
"65","000","00","006","0645","0000","2148","1453","695","69","2217","3926","0","56.47","37.01"
"65","000","00","006","0645","2024","702","490","212","25","727","1300","0","55.92","37.69"
"65","000","00","006","0645","2025","703","468","235","24","727","1238","0","58.72","37.8"
"65","000","00","006","0645","2026","743","495","248","20","763","1388","0","54.97","35.66"
"65","000","00","006","0646","0000","1130","761","369","48","1178","1841","0","63.99","41.34"
"65","000","00","006","0646","2027","565","370","195","29","594","933","0","63.67","39.66"
"65","000","00","006","0646","2028","565","391","174","19","584","908","0","64.32","43.06"
"65","000","00","006","0647","0000","2058","1370","688","94","2152","3508","0","61.35","39.05"
"65","000","00","006","0647","2031","577","371","206","27","604","971","0","62.2","38.21"
"65","000","00","006","0647","2032","676","453","223","34","710","1145","0","62.01","39.56"
"65","000","00","006","0647","2033","805","546","259","33","838","1392","0","60.2","39.22"
"65","000","00","006","0648","0000","1681","1146","535","76","1757","2892","0","60.75","39.63"
"65","000","00","006","0648","2034","880","615","265","39","919","1452","0","63.29","42.36"
"65","000","00","006","0648","2035","801","531","270","37","838","1440","0","58.19","36.88"
"65","000","00","006","0649","0000","1977","1318","659","90","2067","3611","0","57.24","36.5"
"65","000","00","006","0649","2036","954","630","324","51","1005","1786","0","56.27","35.27"
"65","000","00","006","0649","2037","1023","688","335","39","1062","1825","0","58.19","37.7"
"65","000","00","006","0650","0000","1894","1260","634","48","1942","3227","0","60.18","39.05"
"65","000","00","006","0650","2038","890","599","291","17","907","1477","0","61.41","40.56"
"65","000","00","006","0650","2039","1004","661","343","31","1035","1750","0","59.14","37.77"
"65","000","00","006","0651","0000","2179","1561","618","66","2245","3771","0","59.53","41.39"
"65","000","00","006","0651","2040","1089","796","293","32","1121","1792","0","62.56","44.42"
"65","000","00","006","0651","2041","1090","765","325","34","1124","1979","0","56.8","38.66"
"65","000","00","006","0652","0000","2444","1715","729","74","2518","4133","0","60.92","41.5"
"65","000","00","006","0652","2042","492","334","158","13","505","826","0","61.14","40.44"
"65","000","00","006","0652","2043","1107","797","310","35","1142","1924","0","59.36","41.42"
"65","000","00","006","0652","2044","845","584","261","26","871","1383","0","62.98","42.23"
"65","000","00","006","0653","0000","418","286","132","24","442","830","0","53.25","34.46"
"65","000","00","006","0653","2045","418","286","132","24","442","830","0","53.25","34.46"
"65","000","00","006","0654","0000","3070","2066","1004","88","3158","5197","0","60.77","39.75"
"65","000","00","006","0654","2046","1037","703","334","34","1071","1759","0","60.89","39.97"
"65","000","00","006","0654","2047","1138","771","367","44","1182","1957","0","60.4","39.4"
"65","000","00","006","0654","2048","895","592","303","10","905","1481","0","61.11","39.97"
"65","000","00","006","0655","0000","1863","1257","606","58","1921","3135","0","61.28","40.1"
"65","000","00","006","0655","2119","1010","695","315","28","1038","1712","0","60.63","40.6"
"65","000","00","006","0655","2120","853","562","291","30","883","1423","0","62.05","39.49"
"65","000","00","006","0656","0000","3520","2432","1088","136","3656","6684","0","54.7","36.39"
"65","000","00","006","0656","2093","1014","700","314","39","1053","1892","0","55.66","37.0"
"65","000","00","006","0656","2094","780","545","235","35","815","1529","0","53.3","35.64"
"65","000","00","006","0656","2095","764","544","220","30","794","1358","0","58.47","40.06"
"65","000","00","006","0656","2096","962","643","319","32","994","1905","0","52.18","33.75"
"65","000","00","006","0657","0000","2448","1641","807","93","2541","4334","0","58.63","37.86"
"65","000","00","006","0657","2139","684","473","211","33","717","1178","0","60.87","40.15"
"65","000","00","006","0657","2140","732","493","239","23","755","1277","0","59.12","38.61"
"65","000","00","006","0657","2141","1032","675","357","37","1069","1879","0","56.89","35.92"
"65","000","00","006","0658","0000","3604","2397","1207","136","3740","6377","0","58.65","37.59"
"65","000","00","006","0658","2066","739","482","257","29","768","1315","0","58.4","36.65"
"65","000","00","006","0658","2067","831","547","284","46","877","1562","0","56.15","35.02"
"65","000","00","006","0658","2068","1162","787","375","25","1187","1982","0","59.89","39.71"
"65","000","00","006","0658","2069","872","581","291","36","908","1518","0","59.82","38.27"
"65","000","00","006","0659","0000","2018","1373","645","84","2102","3435","0","61.19","39.97"
"65","000","00","006","0659","2121","968","648","320","44","1012","1666","0","60.74","38.9"
"65","000","00","006","0659","2122","1050","725","325","40","1090","1769","0","61.62","40.98"
"65","000","00","006","0660","0000","4765","3181","1584","146","4911","9469","0","51.86","33.59"
"65","000","00","006","0660","2127","763","499","264","37","800","1463","0","54.68","34.11"
"65","000","00","006","0660","2128","642","430","212","23","665","1152","0","57.73","37.33"
"65","000","00","006","0660","2129","922","619","303","24","946","2008","0","47.11","30.83"
"65","000","00","006","0660","2130","954","644","310","25","979","2120","0","46.18","30.38"
"65","000","00","006","0660","2131","683","460","223","16","699","1153","0","60.62","39.9"
"65","000","00","006","0660","2132","801","529","272","21","822","1573","0","52.26","33.63"
"65","000","00","006","0661","0000","1619","1109","510","74","1693","2829","0","59.84","39.2"
"65","000","00","006","0661","2029","870","589","281","42","912","1582","0","57.65","37.23"
"65","000","00","006","0661","2030","749","520","229","32","781","1247","0","62.63","41.7"
"65","000","00","006","0662","0000","1546","1061","485","74","1620","3006","0","53.89","35.3"
"65","000","00","006","0662","2061","773","526","247","46","819","1495","0","54.78","35.18"
"65","000","00","006","0662","2062","773","535","238","28","801","1511","0","53.01","35.41"
"65","000","00","006","0663","0000","1327","898","429","52","1379","2489","0","55.4","36.08"
"65","000","00","006","0663","2083","713","484","229","20","733","1275","0","57.49","37.96"
"65","000","00","006","0663","2084","614","414","200","32","646","1214","0","53.21","34.1"
"65","000","00","006","0664","0000","2636","1780","856","71","2707","4809","0","56.29","37.01"
"65","000","00","006","0664","2111","825","597","228","30","855","1523","0","56.14","39.2"
"65","000","00","006","0664","2112","888","592","296","21","909","1642","0","55.36","36.05"
"65","000","00","006","0664","2113","923","591","332","20","943","1644","0","57.36","35.95"
"65","000","00","006","0665","0000","1419","884","535","39","1458","2280","0","63.95","38.77"
"65","000","00","006","0665","2012","731","460","271","23","754","1185","0","63.63","38.82"
"65","000","00","006","0665","2013","688","424","264","16","704","1095","0","64.29","38.72"
"65","000","00","006","0666","0000","2014","1332","682","98","2112","3797","0","55.62","35.08"
"65","000","00","006","0666","2100","1047","699","348","36","1083","1960","0","55.26","35.66"
"65","000","00","006","0666","2101","967","633","334","62","1029","1837","0","56.02","34.46"
"65","000","00","006","0667","0000","2841","1874","967","97","2938","4983","0","58.96","37.61"
"65","000","00","006","0667","2102","924","617","307","28","952","1662","0","57.28","37.12"
"65","000","00","006","0667","2103","948","622","326","47","995","1617","0","61.53","38.47"
"65","000","00","006","0667","2104","969","635","334","22","991","1704","0","58.16","37.27"
"65","000","00","006","0668","0000","1865","1230","635","79","1944","3528","0","55.1","34.86"
"65","000","00","006","0668","2117","1043","685","358","42","1085","1982","0","54.74","34.56"
"65","000","00","006","0668","2118","822","545","277","37","859","1546","0","55.56","35.25"
"65","000","00","006","0669","0000","1382","882","500","52","1434","2394","0","59.9","36.84"
"65","000","00","006","0669","2143","526","319","207","21","547","960","0","56.98","33.23"
"65","000","00","006","0669","2144","856","563","293","31","887","1434","0","61.85","39.26"
"65","000","00","007","0000","0000","80707","52556","28151","3757","84464","152102","183780","55.53","34.55"
"65","000","00","007","0701","0000","1697","1033","664","110","1807","3613","0","50.01","28.59"
"65","000","00","007","0701","1620","830","510","320","60","890","1897","0","46.92","26.88"
"65","000","00","007","0701","1621","867","523","344","50","917","1716","0","53.44","30.48"
"65","000","00","007","0702","0000","1912","1287","625","111","2023","3470","0","58.3","37.09"
"65","000","00","007","0702","1617","627","424","203","50","677","1211","0","55.9","35.01"
"65","000","00","007","0702","1618","619","406","213","38","657","1125","0","58.4","36.09"
"65","000","00","007","0702","1619","666","457","209","23","689","1134","0","60.76","40.3"
"65","000","00","007","0703","0000","2099","1400","699","116","2215","4252","0","52.09","32.93"
"65","000","00","007","0703","1614","696","462","234","47","743","1408","0","52.77","32.81"
"65","000","00","007","0703","1615","686","455","231","25","711","1310","0","54.27","34.73"
"65","000","00","007","0703","1616","717","483","234","44","761","1534","0","49.61","31.49"
"65","000","00","007","0704","0000","1706","1066","640","85","1791","3296","0","54.34","32.34"
"65","000","00","007","0704","1643","607","388","219","44","651","1116","0","58.33","34.77"
"65","000","00","007","0704","1644","546","344","202","20","566","1077","0","52.55","31.94"
"65","000","00","007","0704","1645","553","334","219","21","574","1103","0","52.04","30.28"
"65","000","00","007","0705","0000","2976","1947","1029","116","3092","5619","0","55.03","34.65"
"65","000","00","007","0705","1639","764","482","282","22","786","1483","0","53.0","32.5"
"65","000","00","007","0705","1640","823","541","282","22","845","1524","0","55.45","35.5"
"65","000","00","007","0705","1641","765","499","266","40","805","1431","0","56.25","34.87"
"65","000","00","007","0705","1642","624","425","199","32","656","1181","0","55.55","35.99"
"65","000","00","007","0706","0000","1934","1273","661","137","2071","4297","0","48.2","29.63"
"65","000","00","007","0706","1633","658","422","236","53","711","1927","0","36.9","21.9"
"65","000","00","007","0706","1634","470","318","152","46","516","914","0","56.46","34.79"
"65","000","00","007","0706","1635","806","533","273","38","844","1456","0","57.97","36.61"
"65","000","00","007","0707","0000","2250","1407","843","88","2338","4468","0","52.33","31.49"
"65","000","00","007","0707","1624","781","482","299","27","808","1542","0","52.4","31.26"
"65","000","00","007","0707","1625","770","482","288","43","813","1470","0","55.31","32.79"
"65","000","00","007","0707","1626","699","443","256","18","717","1456","0","49.24","30.43"
"65","000","00","007","0708","0000","1795","1207","588","90","1885","3218","0","58.58","37.51"
"65","000","00","007","0708","1652","485","328","157","18","503","870","0","57.82","37.7"
"65","000","00","007","0708","1653","778","520","258","42","820","1338","0","61.29","38.86"
"65","000","00","007","0708","1654","532","359","173","30","562","1010","0","55.64","35.54"
"65","000","00","007","0709","0000","2547","1628","919","116","2663","4558","0","58.42","35.72"
"65","000","00","007","0709","1657","830","542","288","55","885","1405","0","62.99","38.58"
"65","000","00","007","0709","1658","856","533","323","33","889","1587","0","56.02","33.59"
"65","000","00","007","0709","1659","861","553","308","28","889","1566","0","56.77","35.31"
"65","000","00","007","0710","0000","2160","1369","791","107","2267","3749","0","60.47","36.52"
"65","000","00","007","0710","1667","728","473","255","46","774","1268","0","61.04","37.3"
"65","000","00","007","0710","1668","749","469","280","28","777","1281","0","60.66","36.61"
"65","000","00","007","0710","1669","683","427","256","33","716","1200","0","59.67","35.58"
"65","000","00","007","0711","0000","1646","1120","526","60","1706","2979","0","57.27","37.6"
"65","000","00","007","0711","1663","957","650","307","24","981","1701","0","57.67","38.21"
"65","000","00","007","0711","1664","689","470","219","36","725","1278","0","56.73","36.78"
"65","000","00","007","0712","0000","769","524","245","32","801","1491","0","53.72","35.14"
"65","000","00","007","0712","1670","769","524","245","32","801","1491","0","53.72","35.14"
"65","000","00","007","0713","0000","556","371","185","21","577","1066","0","54.13","34.8"
"65","000","00","007","0713","1671","556","371","185","21","577","1066","0","54.13","34.8"
"65","000","00","007","0714","0000","1701","1122","579","47","1748","3132","0","55.81","35.82"
"65","000","00","007","0714","1686","859","577","282","28","887","1566","0","56.64","36.85"
"65","000","00","007","0714","1687","842","545","297","19","861","1566","0","54.98","34.8"
"65","000","00","007","0715","0000","1849","1232","617","93","1942","3427","0","56.67","35.95"
"65","000","00","007","0715","1676","660","435","225","30","690","1144","0","60.31","38.02"
"65","000","00","007","0715","1677","555","395","160","19","574","1059","0","54.2","37.3"
"65","000","00","007","0715","1678","634","402","232","44","678","1224","0","55.39","32.84"
"65","000","00","007","0716","0000","2284","1471","813","114","2398","4452","0","53.86","33.04"
"65","000","00","007","0716","1683","773","492","281","58","831","1514","0","54.89","32.5"
"65","000","00","007","0716","1684","757","498","259","26","783","1546","0","50.65","32.21"
"65","000","00","007","0716","1685","754","481","273","30","784","1392","0","56.32","34.55"
"65","000","00","007","0717","0000","2313","1580","733","114","2427","4572","0","53.08","34.56"
"65","000","00","007","0717","1673","830","575","255","47","877","1616","0","54.27","35.58"
"65","000","00","007","0717","1674","725","500","225","32","757","1589","0","47.64","31.47"
"65","000","00","007","0717","1675","758","505","253","35","793","1367","0","58.01","36.94"
"65","000","00","007","0718","0000","1457","940","517","97","1554","2883","0","53.9","32.6"
"65","000","00","007","0718","1699","813","514","299","40","853","1606","0","53.11","32.0"
"65","000","00","007","0718","1700","644","426","218","57","701","1277","0","54.89","33.36"
"65","000","00","007","0719","0000","2723","1798","925","165","2888","5231","0","55.21","34.37"
"65","000","00","007","0719","1695","639","435","204","59","698","1247","0","55.97","34.88"
"65","000","00","007","0719","1696","702","489","213","53","755","1390","0","54.32","35.18"
"65","000","00","007","0719","1697","713","450","263","33","746","1293","0","57.7","34.8"
"65","000","00","007","0719","1698","669","424","245","20","689","1301","0","52.96","32.59"
"65","000","00","007","0720","0000","2398","1569","829","118","2516","4264","0","59.01","36.8"
"65","000","00","007","0720","1692","951","618","333","49","1000","1661","0","60.2","37.21"
"65","000","00","007","0720","1693","865","540","325","35","900","1585","0","56.78","34.07"
"65","000","00","007","0720","1694","582","411","171","34","616","1018","0","60.51","40.37"
"65","000","00","007","0721","0000","766","511","255","19","785","1683","0","46.64","30.36"
"65","000","00","007","0721","1708","766","511","255","19","785","1683","0","46.64","30.36"
"65","000","00","007","0722","0000","727","470","257","31","758","1565","0","48.43","30.03"
"65","000","00","007","0722","1722","727","470","257","31","758","1565","0","48.43","30.03"
"65","000","00","007","0723","0000","893","582","311","52","945","1638","0","57.69","35.53"
"65","000","00","007","0723","1714","893","582","311","52","945","1638","0","57.69","35.53"
"65","000","00","007","0724","0000","6422","4259","2163","217","6639","11772","0","56.4","36.18"
"65","000","00","007","0724","1715","849","528","321","29","878","1592","0","55.15","33.17"
"65","000","00","007","0724","1716","855","599","256","30","885","1521","0","58.19","39.38"
"65","000","00","007","0724","1717","1002","659","343","33","1035","1707","0","60.63","38.61"
"65","000","00","007","0724","1718","981","636","345","31","1012","1741","0","58.13","36.53"
"65","000","00","007","0724","1719","903","589","314","26","929","1655","0","56.13","35.59"
"65","000","00","007","0724","1720","877","575","302","36","913","1775","0","51.44","32.39"
"65","000","00","007","0724","1721","955","673","282","32","987","1781","0","55.42","37.79"
"65","000","00","007","0725","0000","1051","668","383","49","1100","1966","0","55.95","33.98"
"65","000","00","007","0725","1723","473","294","179","30","503","936","0","53.74","31.41"
"65","000","00","007","0725","1724","578","374","204","19","597","1030","0","57.96","36.31"
"65","000","00","007","0726","0000","4351","2872","1479","126","4477","7662","0","58.43","37.48"
"65","000","00","007","0726","1709","799","536","263","47","846","1452","0","58.26","36.91"
"65","000","00","007","0726","1710","910","581","329","17","927","1592","0","58.23","36.49"
"65","000","00","007","0726","1711","919","610","309","23","942","1619","0","58.18","37.68"
"65","000","00","007","0726","1712","976","668","308","25","1001","1642","0","60.96","40.68"
"65","000","00","007","0726","1713","747","477","270","14","761","1357","0","56.08","35.15"
"65","000","00","007","0727","0000","517","347","170","42","559","877","0","63.74","39.57"
"65","000","00","007","0727","1672","517","347","170","42","559","877","0","63.74","39.57"
"65","000","00","007","0728","0000","2013","1266","747","89","2102","3846","0","54.65","32.92"
"65","000","00","007","0728","1646","736","469","267","35","771","1385","0","55.67","33.86"
"65","000","00","007","0728","1647","653","423","230","24","677","1266","0","53.48","33.41"
"65","000","00","007","0728","1648","624","374","250","30","654","1195","0","54.73","31.3"
"65","000","00","007","0729","0000","1725","1119","606","82","1807","3245","0","55.69","34.48"
"65","000","00","007","0729","1660","525","351","174","14","539","997","0","54.06","35.21"
"65","000","00","007","0729","1661","648","415","233","39","687","1187","0","57.88","34.96"
"65","000","00","007","0729","1662","552","353","199","29","581","1061","0","54.76","33.27"
"65","000","00","007","0730","0000","1868","1134","734","81","1949","3196","0","60.98","35.48"
"65","000","00","007","0730","1655","933","563","370","45","978","1658","0","58.99","33.96"
"65","000","00","007","0730","1656","935","571","364","36","971","1538","0","63.13","37.13"
"65","000","00","007","0731","0000","1936","1235","701","68","2004","3571","0","56.12","34.58"
"65","000","00","007","0731","1627","628","418","210","22","650","1124","0","57.83","37.19"
"65","000","00","007","0731","1628","631","401","230","25","656","1235","0","53.12","32.47"
"65","000","00","007","0731","1629","677","416","261","21","698","1212","0","57.59","34.32"
"65","000","00","007","0732","0000","1914","1250","664","118","2032","3764","0","53.99","33.21"
"65","000","00","007","0732","1630","604","410","194","30","634","1223","0","51.84","33.52"
"65","000","00","007","0732","1631","677","447","230","56","733","1335","0","54.91","33.48"
"65","000","00","007","0732","1632","633","393","240","32","665","1206","0","55.14","32.59"
"65","000","00","007","0733","0000","2522","1563","959","124","2646","5192","0","50.96","30.1"
"65","000","00","007","0733","1679","555","345","210","25","580","1141","0","50.83","30.24"
"65","000","00","007","0733","1680","643","417","226","17","660","1396","0","47.28","29.87"
"65","000","00","007","0733","1681","605","353","252","32","637","1157","0","55.06","30.51"
"65","000","00","007","0733","1682","719","448","271","50","769","1498","0","51.34","29.91"
"65","000","00","007","0734","0000","2409","1567","842","131","2540","4454","0","57.03","35.18"
"65","000","00","007","0734","1636","726","481","245","44","770","1409","0","54.65","34.14"
"65","000","00","007","0734","1637","852","567","285","49","901","1500","0","60.07","37.8"
"65","000","00","007","0734","1638","831","519","312","38","869","1545","0","56.25","33.59"
"65","000","00","007","0735","0000","2700","1789","911","109","2809","4995","0","56.24","35.82"
"65","000","00","007","0735","1701","660","413","247","37","697","1219","0","57.18","33.88"
"65","000","00","007","0735","1702","742","498","244","30","772","1454","0","53.09","34.25"
"65","000","00","007","0735","1703","679","469","210","23","702","1314","0","53.42","35.69"
"65","000","00","007","0735","1704","619","409","210","19","638","1008","0","63.29","40.58"
"65","000","00","007","0736","0000","2382","1596","786","123","2505","4615","0","54.28","34.58"
"65","000","00","007","0736","1705","793","517","276","56","849","1574","0","53.94","32.85"
"65","000","00","007","0736","1706","773","517","256","23","796","1364","0","58.36","37.9"
"65","000","00","007","0736","1707","816","562","254","44","860","1677","0","51.28","33.51"
"65","000","00","007","0737","0000","1594","1058","536","83","1677","2739","0","61.23","38.63"
"65","000","00","007","0737","1665","835","555","280","39","874","1433","0","60.99","38.73"
"65","000","00","007","0737","1666","759","503","256","44","803","1306","0","61.49","38.51"
"65","000","00","007","0738","0000","1577","1008","569","67","1644","2998","0","54.84","33.62"
"65","000","00","007","0738","1688","788","504","284","39","827","1517","0","54.52","33.22"
"65","000","00","007","0738","1689","789","504","285","28","817","1481","0","55.17","34.03"
"65","000","00","007","0739","0000","1253","828","425","52","1305","2424","0","53.84","34.16"
"65","000","00","007","0739","1690","655","439","216","32","687","1261","0","54.48","34.81"
"65","000","00","007","0739","1691","598","389","209","20","618","1163","0","53.14","33.45"
"65","000","00","007","0740","0000","1349","857","492","66","1415","2517","0","56.22","34.05"
"65","000","00","007","0740","1649","653","412","241","32","685","1254","0","54.63","32.85"
"65","000","00","007","0740","1650","696","445","251","34","730","1263","0","57.8","35.23"
"65","000","00","007","0741","0000","850","531","319","53","903","1473","0","61.3","36.05"
"65","000","00","007","0741","1651","850","531","319","53","903","1473","0","61.3","36.05"
"65","000","00","007","0742","0000","1116","702","414","38","1154","1873","0","61.61","37.48"
"65","000","00","007","0742","1622","436","273","163","23","459","736","0","62.36","37.09"
"65","000","00","007","0742","1623","680","429","251","15","695","1137","0","61.13","37.73"
"65","000","00","008","0000","0000","36623","23926","12697","1652","38275","71645","86223","53.42","33.4"
"65","000","00","008","0801","0000","555","351","204","30","585","965","0","60.62","36.37"
"65","000","00","008","0801","1726","555","351","204","30","585","965","0","60.62","36.37"
"65","000","00","008","0802","0000","1052","685","367","51","1103","2019","0","54.63","33.93"
"65","000","00","008","0802","1729","563","373","190","37","600","1057","0","56.76","35.29"
"65","000","00","008","0802","1730","489","312","177","14","503","962","0","52.29","32.43"
"65","000","00","008","0803","0000","2708","1759","949","82","2790","5052","0","55.23","34.82"
"65","000","00","008","0803","1732","1023","671","352","35","1058","1742","0","60.73","38.52"
"65","000","00","008","0803","1733","847","546","301","29","876","1634","0","53.61","33.41"
"65","000","00","008","0803","1734","838","542","296","18","856","1676","0","51.07","32.34"
"65","000","00","008","0804","0000","1873","1210","663","88","1961","3728","0","52.6","32.46"
"65","000","00","008","0804","1727","1007","650","357","58","1065","1931","0","55.15","33.66"
"65","000","00","008","0804","1728","866","560","306","30","896","1797","0","49.86","31.16"
"65","000","00","008","0805","0000","572","378","194","14","586","934","0","62.74","40.47"
"65","000","00","008","0805","1731","572","378","194","14","586","934","0","62.74","40.47"
"65","000","00","008","0806","0000","291","198","93","9","300","515","0","58.25","38.45"
"65","000","00","008","0806","1725","291","198","93","9","300","515","0","58.25","38.45"
"65","000","00","008","0807","0000","814","542","272","36","850","1440","0","59.03","37.64"
"65","000","00","008","0807","1750","814","542","272","36","850","1440","0","59.03","37.64"
"65","000","00","008","0808","0000","3946","2600","1346","186","4132","7315","0","56.49","35.54"
"65","000","00","008","0808","1751","941","617","324","50","991","1809","0","54.78","34.11"
"65","000","00","008","0808","1752","947","619","328","41","988","1758","0","56.2","35.21"
"65","000","00","008","0808","1753","832","565","267","35","867","1589","0","54.56","35.56"
"65","000","00","008","0808","1754","607","392","215","33","640","1067","0","59.98","36.74"
"65","000","00","008","0808","1755","619","407","212","27","646","1092","0","59.16","37.27"
"65","000","00","008","0809","0000","1593","1009","584","91","1684","3208","0","52.49","31.45"
"65","000","00","008","0809","1747","485","300","185","24","509","942","0","54.03","31.85"
"65","000","00","008","0809","1748","654","402","252","49","703","1317","0","53.38","30.52"
"65","000","00","008","0809","1749","454","307","147","18","472","949","0","49.74","32.35"
"65","000","00","008","0810","0000","3226","2126","1100","126","3352","6702","0","50.01","31.72"
"65","000","00","008","0810","1743","878","601","277","28","906","1737","0","52.16","34.6"
"65","000","00","008","0810","1744","815","541","274","33","848","1669","0","50.81","32.41"
"65","000","00","008","0810","1745","808","512","296","42","850","1842","0","46.15","27.8"
"65","000","00","008","0810","1746","725","472","253","23","748","1454","0","51.44","32.46"
"65","000","00","008","0811","0000","3388","2238","1150","145","3533","7102","0","49.75","31.51"
"65","000","00","008","0811","1739","873","584","289","41","914","1782","0","51.29","32.77"
"65","000","00","008","0811","1740","764","494","270","37","801","1496","0","53.54","33.02"
"65","000","00","008","0811","1741","998","673","325","31","1029","2071","0","49.69","32.5"
"65","000","00","008","0811","1742","753","487","266","36","789","1753","0","45.01","27.78"
"65","000","00","008","0812","0000","427","296","131","16","443","850","0","52.12","34.82"
"65","000","00","008","0812","1738","427","296","131","16","443","850","0","52.12","34.82"
"65","000","00","008","0813","0000","127","92","35","2","129","227","0","56.83","40.53"
"65","000","00","008","0813","1774","127","92","35","2","129","227","0","56.83","40.53"
"65","000","00","008","0814","0000","2387","1513","874","137","2524","4604","0","54.82","32.86"
"65","000","00","008","0814","1768","681","466","215","34","715","1479","0","48.34","31.51"
"65","000","00","008","0814","1769","845","549","296","56","901","1736","0","51.9","31.62"
"65","000","00","008","0814","1770","861","498","363","47","908","1389","0","65.37","35.85"
"65","000","00","008","0815","0000","1970","1285","685","98","2068","4064","0","50.89","31.62"
"65","000","00","008","0815","1762","501","331","170","17","518","1026","0","50.49","32.26"
"65","000","00","008","0815","1763","833","535","298","31","864","1721","0","50.2","31.09"
"65","000","00","008","0815","1764","636","419","217","50","686","1317","0","52.09","31.81"
"65","000","00","008","0816","0000","1893","1209","684","126","2019","3526","0","57.26","34.29"
"65","000","00","008","0816","1765","592","373","219","36","628","1046","0","60.04","35.66"
"65","000","00","008","0816","1766","651","404","247","40","691","1144","0","60.4","35.31"
"65","000","00","008","0816","1767","650","432","218","50","700","1336","0","52.4","32.34"
"65","000","00","008","0817","0000","2361","1631","730","92","2453","4249","0","57.73","38.39"
"65","000","00","008","0817","1756","928","645","283","39","967","1730","0","55.9","37.28"
"65","000","00","008","0817","1757","692","498","194","22","714","1281","0","55.74","38.88"
"65","000","00","008","0817","1758","741","488","253","31","772","1238","0","62.36","39.42"
"65","000","00","008","0818","0000","2393","1556","837","133","2526","5137","0","49.17","30.29"
"65","000","00","008","0818","1771","964","641","323","65","1029","1956","0","52.61","32.77"
"65","000","00","008","0818","1772","722","440","282","42","764","1371","0","55.73","32.09"
"65","000","00","008","0818","1773","707","475","232","26","733","1810","0","40.5","26.24"
"65","000","00","008","0819","0000","1990","1313","677","98","2088","4022","0","51.91","32.65"
"65","000","00","008","0819","1759","817","524","293","52","869","1568","0","55.42","33.42"
"65","000","00","008","0819","1760","656","438","218","29","685","1271","0","53.89","34.46"
"65","000","00","008","0819","1761","517","351","166","17","534","1183","0","45.14","29.67"
"65","000","00","008","0820","0000","3057","1935","1122","92","3149","5986","0","52.61","32.33"
"65","000","00","008","0820","1735","1090","679","411","49","1139","2052","0","55.51","33.09"
"65","000","00","008","0820","1736","921","587","334","25","946","1977","0","47.85","29.69"
"65","000","00","008","0820","1737","1046","669","377","18","1064","1957","0","54.37","34.18"
"65","000","00","009","0000","0000","48038","31817","16221","2032","50070","94291","115712","53.1","33.74"
"65","000","00","009","0901","0000","166","118","48","21","187","274","0","68.25","43.07"
"65","000","00","009","0901","1917","166","118","48","21","187","274","0","68.25","43.07"
"65","000","00","009","0902","0000","306","213","93","17","323","583","0","55.4","36.54"
"65","000","00","009","0902","1918","306","213","93","17","323","583","0","55.4","36.54"
"65","000","00","009","0903","0000","1674","1091","583","54","1728","3479","0","49.67","31.36"
"65","000","00","009","0903","1919","802","521","281","20","822","1765","0","46.57","29.52"
"65","000","00","009","0903","1920","872","570","302","34","906","1714","0","52.86","33.26"
"65","000","00","009","0904","0000","1413","949","464","53","1466","2684","0","54.62","35.36"
"65","000","00","009","0904","1921","689","470","219","22","711","1355","0","52.47","34.69"
"65","000","00","009","0904","1922","724","479","245","31","755","1329","0","56.81","36.04"
"65","000","00","009","0905","0000","529","348","181","34","563","1059","0","53.16","32.86"
"65","000","00","009","0905","1923","529","348","181","34","563","1059","0","53.16","32.86"
"65","000","00","009","0906","0000","3486","2213","1273","142","3628","6529","0","55.57","33.89"
"65","000","00","009","0906","1924","754","483","271","31","785","1364","0","57.55","35.41"
"65","000","00","009","0906","1925","622","414","208","24","646","1098","0","58.83","37.7"
"65","000","00","009","0906","1926","688","440","248","28","716","1296","0","55.25","33.95"
"65","000","00","009","0906","1927","635","390","245","32","667","1240","0","53.79","31.45"
"65","000","00","009","0906","1928","787","486","301","27","814","1531","0","53.17","31.74"
"65","000","00","009","0907","0000","2573","1709","864","83","2656","5025","0","52.86","34.01"
"65","000","00","009","0907","1952","802","520","282","29","831","1634","0","50.86","31.82"
"65","000","00","009","0907","1953","920","622","298","31","951","1716","0","55.42","36.25"
"65","000","00","009","0907","1954","851","567","284","23","874","1675","0","52.18","33.85"
"65","000","00","009","0908","0000","4244","2775","1469","184","4428","8724","0","50.76","31.81"
"65","000","00","009","0908","1929","706","470","236","18","724","1444","0","50.14","32.55"
"65","000","00","009","0908","1930","686","449","237","49","735","1347","0","54.57","33.33"
"65","000","00","009","0908","1931","752","500","252","40","792","1455","0","54.43","34.36"
"65","000","00","009","0908","1932","707","457","250","27","734","1556","0","47.17","29.37"
"65","000","00","009","0908","1933","602","385","217","23","625","1390","0","44.96","27.7"
"65","000","00","009","0908","1934","791","514","277","27","818","1532","0","53.39","33.55"
"65","000","00","009","0909","0000","4125","2719","1406","142","4267","8053","0","52.99","33.76"
"65","000","00","009","0909","1935","630","433","197","43","673","1377","0","48.87","31.45"
"65","000","00","009","0909","1936","869","588","281","30","899","1731","0","51.94","33.97"
"65","000","00","009","0909","1937","848","543","305","17","865","1705","0","50.73","31.85"
"65","000","00","009","0909","1938","853","543","310","28","881","1590","0","55.41","34.15"
"65","000","00","009","0909","1939","925","612","313","24","949","1650","0","57.52","37.09"
"65","000","00","009","0910","0000","1752","1196","556","104","1856","3638","0","51.02","32.88"
"65","000","00","009","0910","1966","593","392","201","29","622","1389","0","44.78","28.22"
"65","000","00","009","0910","1967","615","397","218","49","664","1315","0","50.49","30.19"
"65","000","00","009","0910","1968","544","407","137","26","570","934","0","61.03","43.58"
"65","000","00","009","0911","0000","1024","679","345","66","1090","2199","0","49.57","30.88"
"65","000","00","009","0911","1969","607","403","204","24","631","1270","0","49.69","31.73"
"65","000","00","009","0911","1970","417","276","141","42","459","929","0","49.41","29.71"
"65","000","00","009","0912","0000","532","371","161","12","544","1035","0","52.56","35.85"
"65","000","00","009","0912","1971","532","371","161","12","544","1035","0","52.56","35.85"
"65","000","00","009","0913","0000","241","170","71","10","251","502","0","50.0","33.86"
"65","000","00","009","0913","1972","241","170","71","10","251","502","0","50.0","33.86"
"65","000","00","009","0914","0000","380","258","122","35","415","836","0","49.64","30.86"
"65","000","00","009","0914","1973","380","258","122","35","415","836","0","49.64","30.86"
"65","000","00","009","0915","0000","285","190","95","45","330","669","0","49.33","28.4"
"65","000","00","009","0915","1974","285","190","95","45","330","669","0","49.33","28.4"
"65","000","00","009","0916","0000","370","254","116","72","442","733","0","60.3","34.65"
"65","000","00","009","0916","1975","370","254","116","72","442","733","0","60.3","34.65"
"65","000","00","009","0917","0000","1112","713","399","43","1155","2138","0","54.02","33.35"
"65","000","00","009","0917","1979","424","257","167","22","446","771","0","57.85","33.33"
"65","000","00","009","0917","1980","688","456","232","21","709","1367","0","51.87","33.36"
"65","000","00","009","0918","0000","696","508","188","26","722","1394","0","51.79","36.44"
"65","000","00","009","0918","1978","696","508","188","26","722","1394","0","51.79","36.44"
"65","000","00","009","0919","0000","1328","893","435","70","1398","2761","0","50.63","32.34"
"65","000","00","009","0919","1981","598","401","197","49","647","1241","0","52.14","32.31"
"65","000","00","009","0919","1982","730","492","238","21","751","1520","0","49.41","32.37"
"65","000","00","009","0920","0000","527","374","153","32","559","873","0","64.03","42.84"
"65","000","00","009","0920","1983","527","374","153","32","559","873","0","64.03","42.84"
"65","000","00","009","0921","0000","555","372","183","38","593","1322","0","44.86","28.14"
"65","000","00","009","0921","1986","555","372","183","38","593","1322","0","44.86","28.14"
"65","000","00","009","0922","0000","815","543","272","71","886","1865","0","47.51","29.12"
"65","000","00","009","0922","1984","313","202","111","60","373","768","0","48.57","26.3"
"65","000","00","009","0922","1985","502","341","161","11","513","1097","0","46.76","31.08"
"65","000","00","009","0923","0000","2962","1905","1057","95","3057","5947","0","51.4","32.03"
"65","000","00","009","0923","1959","695","456","239","35","730","1363","0","53.56","33.46"
"65","000","00","009","0923","1960","870","566","304","20","890","1624","0","54.8","34.85"
"65","000","00","009","0923","1961","732","470","262","28","760","1352","0","56.21","34.76"
"65","000","00","009","0923","1962","665","413","252","12","677","1608","0","42.1","25.68"
"65","000","00","009","0924","0000","3232","2085","1147","119","3351","6635","0","50.5","31.42"
"65","000","00","009","0924","1955","717","475","242","31","748","1649","0","45.36","28.81"
"65","000","00","009","0924","1956","752","503","249","37","789","1489","0","52.99","33.78"
"65","000","00","009","0924","1957","840","537","303","29","869","1771","0","49.07","30.32"
"65","000","00","009","0924","1958","923","570","353","22","945","1726","0","54.75","33.02"
"65","000","00","009","0925","0000","2256","1467","789","139","2395","4629","0","51.74","31.69"
"65","000","00","009","0925","1963","754","481","273","28","782","1458","0","53.64","32.99"
"65","000","00","009","0925","1964","770","499","271","38","808","1641","0","49.24","30.41"
"65","000","00","009","0925","1965","732","487","245","73","805","1530","0","52.61","31.83"
"65","000","00","009","0926","0000","1704","1189","515","79","1783","3198","0","55.75","37.18"
"65","000","00","009","0926","1976","896","645","251","38","934","1560","0","59.87","41.35"
"65","000","00","009","0926","1977","808","544","264","41","849","1638","0","51.83","33.21"
"65","000","00","009","0927","0000","6775","4554","2221","163","6938","12019","0","57.73","37.89"
"65","000","00","009","0927","1944","865","574","291","12","877","1579","0","55.54","36.35"
"65","000","00","009","0927","1945","747","509","238","22","769","1435","0","53.59","35.47"
"65","000","00","009","0927","1946","935","645","290","32","967","1659","0","58.29","38.88"
"65","000","00","009","0927","1947","898","581","317","19","917","1512","0","60.65","38.43"
"65","000","00","009","0927","1948","836","569","267","20","856","1463","0","58.51","38.89"
"65","000","00","009","0927","1949","836","545","291","21","857","1465","0","58.5","37.2"
"65","000","00","009","0927","1950","850","580","270","11","861","1463","0","58.85","39.64"
"65","000","00","009","0927","1951","808","551","257","26","834","1443","0","57.8","38.18"
"65","000","00","009","0928","0000","2976","1961","1015","83","3059","5488","0","55.74","35.73"
"65","000","00","009","0928","1940","776","504","272","21","797","1441","0","55.31","34.98"
"65","000","00","009","0928","1941","798","540","258","17","815","1404","0","58.05","38.46"
"65","000","00","009","0928","1942","750","476","274","22","772","1295","0","59.61","36.76"
"65","000","00","009","0928","1943","652","441","211","23","675","1348","0","50.07","32.72"
"65","000","00","010","0000","0000","75255","49398","25857","2900","78155","147272","172677","53.07","33.54"
"65","000","00","010","1001","0000","267","176","91","25","292","544","0","53.68","32.35"
"65","000","00","010","1001","0029","267","176","91","25","292","544","0","53.68","32.35"
"65","000","00","010","1002","0000","548","371","177","35","583","1044","0","55.84","35.54"
"65","000","00","010","1002","0030","548","371","177","35","583","1044","0","55.84","35.54"
"65","000","00","010","1003","0000","692","484","208","45","737","1462","0","50.41","33.11"
"65","000","00","010","1003","0031","692","484","208","45","737","1462","0","50.41","33.11"
"65","000","00","010","1004","0000","740","486","254","58","798","1525","0","52.33","31.87"
"65","000","00","010","1004","0032","740","486","254","58","798","1525","0","52.33","31.87"
"65","000","00","010","1005","0000","451","320","131","29","480","986","0","48.68","32.45"
"65","000","00","010","1005","0033","451","320","131","29","480","986","0","48.68","32.45"
"65","000","00","010","1006","0000","1203","861","342","103","1306","2516","0","51.91","34.22"
"65","000","00","010","1006","0035","584","419","165","72","656","1173","0","55.92","35.72"
"65","000","00","010","1006","0036","619","442","177","31","650","1343","0","48.4","32.91"
"65","000","00","010","1007","0000","440","304","136","20","460","806","0","57.07","37.72"
"65","000","00","010","1007","0034","440","304","136","20","460","806","0","57.07","37.72"
"65","000","00","010","1008","0000","5590","3695","1895","155","5745","12236","0","46.95","30.2"
"65","000","00","010","1008","0065","950","654","296","29","979","1837","0","53.29","35.6"
"65","000","00","010","1008","0066","637","396","241","14","651","1924","0","33.84","20.58"
"65","000","00","010","1008","0067","1151","756","395","26","1177","2340","0","50.3","32.31"
"65","000","00","010","1008","0068","771","545","226","29","800","1704","0","46.95","31.98"
"65","000","00","010","1008","0069","690","436","254","31","721","1363","0","52.9","31.99"
"65","000","00","010","1008","0070","1391","908","483","26","1417","3068","0","46.19","29.6"
"65","000","00","010","1009","0000","734","500","234","34","768","1528","0","50.26","32.72"
"65","000","00","010","1009","0071","734","500","234","34","768","1528","0","50.26","32.72"
"65","000","00","010","1010","0000","3226","2090","1136","107","3333","6351","0","52.48","32.91"
"65","000","00","010","1010","0079","740","517","223","41","781","1373","0","56.88","37.65"
"65","000","00","010","1010","0080","921","576","345","19","940","1732","0","54.27","33.26"
"65","000","00","010","1010","0081","740","455","285","29","769","1519","0","50.63","29.95"
"65","000","00","010","1010","0082","825","542","283","18","843","1727","0","48.81","31.38"
"65","000","00","010","1011","0000","2614","1721","893","114","2728","5041","0","54.12","34.14"
"65","000","00","010","1011","0072","807","524","283","31","838","1600","0","52.38","32.75"
"65","000","00","010","1011","0073","1009","678","331","46","1055","1874","0","56.3","36.18"
"65","000","00","010","1011","0074","798","519","279","37","835","1567","0","53.29","33.12"
"65","000","00","010","1012","0000","4573","3003","1570","149","4722","8417","0","56.1","35.68"
"65","000","00","010","1012","0093","923","616","307","37","960","1804","0","53.22","34.15"
"65","000","00","010","1012","0094","696","460","236","31","727","1322","0","54.99","34.8"
"65","000","00","010","1012","0095","1056","663","393","27","1083","2019","0","53.64","32.84"
"65","000","00","010","1012","0096","1041","706","335","31","1072","1696","0","63.21","41.63"
"65","000","00","010","1012","0097","857","558","299","23","880","1576","0","55.84","35.41"
"65","000","00","010","1013","0000","934","612","322","42","976","2027","0","48.15","30.19"
"65","000","00","010","1013","0037","512","319","193","13","525","1153","0","45.53","27.67"
"65","000","00","010","1013","0038","422","293","129","29","451","874","0","51.6","33.52"
"65","000","00","010","1014","0000","536","381","155","55","591","1063","0","55.6","35.84"
"65","000","00","010","1014","0039","536","381","155","55","591","1063","0","55.6","35.84"
"65","000","00","010","1015","0000","643","455","188","22","665","1309","0","50.8","34.76"
"65","000","00","010","1015","0040","643","455","188","22","665","1309","0","50.8","34.76"
"65","000","00","010","1016","0000","657","426","231","36","693","1290","0","53.72","33.02"
"65","000","00","010","1016","0041","657","426","231","36","693","1290","0","53.72","33.02"
"65","000","00","010","1017","0000","3327","2131","1196","113","3440","6129","0","56.13","34.77"
"65","000","00","010","1017","0042","935","631","304","20","955","1675","0","57.01","37.67"
"65","000","00","010","1017","0043","847","549","298","34","881","1589","0","55.44","34.55"
"65","000","00","010","1017","0044","913","571","342","27","940","1624","0","57.88","35.16"
"65","000","00","010","1017","0045","632","380","252","32","664","1241","0","53.51","30.62"
"65","000","00","010","1018","0000","3012","1966","1046","123","3135","5578","0","56.2","35.25"
"65","000","00","010","1018","0046","681","466","215","34","715","1317","0","54.29","35.38"
"65","000","00","010","1018","0047","702","476","226","18","720","1225","0","58.78","38.86"
"65","000","00","010","1018","0048","736","463","273","42","778","1426","0","54.56","32.47"
"65","000","00","010","1018","0049","893","561","332","29","922","1610","0","57.27","34.84"
"65","000","00","010","1019","0000","3323","2148","1175","137","3460","6426","0","53.84","33.43"
"65","000","00","010","1019","0052","887","563","324","26","913","1822","0","50.11","30.9"
"65","000","00","010","1019","0053","691","419","272","45","736","1232","0","59.74","34.01"
"65","000","00","010","1019","0054","870","593","277","39","909","1588","0","57.24","37.34"
"65","000","00","010","1019","0055","875","573","302","27","902","1784","0","50.56","32.12"
"65","000","00","010","1020","0000","2661","1621","1040","107","2768","5205","0","53.18","31.14"
"65","000","00","010","1020","0056","874","536","338","54","928","1762","0","52.67","30.42"
"65","000","00","010","1020","0057","804","484","320","28","832","1546","0","53.82","31.31"
"65","000","00","010","1020","0058","983","601","382","25","1008","1897","0","53.14","31.68"
"65","000","00","010","1021","0000","4728","3085","1643","130","4858","9332","0","52.06","33.06"
"65","000","00","010","1021","0059","771","484","287","27","798","1489","0","53.59","32.51"
"65","000","00","010","1021","0060","846","552","294","23","869","1679","0","51.76","32.88"
"65","000","00","010","1021","0061","819","515","304","29","848","1693","0","50.09","30.42"
"65","000","00","010","1021","0062","836","591","245","14","850","1674","0","50.78","35.3"
"65","000","00","010","1021","0063","714","468","246","13","727","1330","0","54.66","35.19"
"65","000","00","010","1021","0064","742","475","267","24","766","1467","0","52.22","32.38"
"65","000","00","010","1022","0000","2947","1883","1064","112","3059","5459","0","56.04","34.49"
"65","000","00","010","1022","0098","979","615","364","29","1008","1781","0","56.6","34.53"
"65","000","00","010","1022","0099","930","580","350","44","974","1665","0","58.5","34.83"
"65","000","00","010","1022","0100","1038","688","350","39","1077","2013","0","53.5","34.18"
"65","000","00","010","1023","0000","1945","1307","638","75","2020","3659","0","55.21","35.72"
"65","000","00","010","1023","0106","598","385","213","16","614","1289","0","47.63","29.87"
"65","000","00","010","1023","0107","750","511","239","37","787","1319","0","59.67","38.74"
"65","000","00","010","1023","0108","597","411","186","22","619","1051","0","58.9","39.11"
"65","000","00","010","1024","0000","726","485","241","17","743","1348","0","55.12","35.98"
"65","000","00","010","1024","0109","726","485","241","17","743","1348","0","55.12","35.98"
"65","000","00","010","1025","0000","560","378","182","27","587","1106","0","53.07","34.18"
"65","000","00","010","1025","0110","560","378","182","27","587","1106","0","53.07","34.18"
"65","000","00","010","1026","0000","400","270","130","21","421","717","0","58.72","37.66"
"65","000","00","010","1026","0111","400","270","130","21","421","717","0","58.72","37.66"
"65","000","00","010","1027","0000","729","444","285","21","750","1385","0","54.15","32.06"
"65","000","00","010","1027","0112","729","444","285","21","750","1385","0","54.15","32.06"
"65","000","00","010","1028","0000","479","304","175","28","507","841","0","60.29","36.15"
"65","000","00","010","1028","0113","479","304","175","28","507","841","0","60.29","36.15"
"65","000","00","010","1029","0000","369","252","117","17","386","665","0","58.05","37.89"
"65","000","00","010","1029","0114","369","252","117","17","386","665","0","58.05","37.89"
"65","000","00","010","1030","0000","242","152","90","12","254","419","0","60.62","36.28"
"65","000","00","010","1030","0115","242","152","90","12","254","419","0","60.62","36.28"
"65","000","00","010","1031","0000","874","591","283","27","901","1599","0","56.35","36.96"
"65","000","00","010","1031","0116","874","591","283","27","901","1599","0","56.35","36.96"
"65","000","00","010","1032","0000","2541","1648","893","120","2661","4930","0","53.98","33.43"
"65","000","00","010","1032","0117","833","532","301","52","885","1670","0","52.99","31.86"
"65","000","00","010","1032","0118","920","592","328","36","956","1683","0","56.8","35.18"
"65","000","00","010","1032","0119","788","524","264","32","820","1577","0","52.0","33.23"
"65","000","00","010","1033","0000","1801","1218","583","66","1867","3832","0","48.72","31.78"
"65","000","00","010","1033","0120","784","528","256","33","817","1618","0","50.49","32.63"
"65","000","00","010","1033","0121","1017","690","327","33","1050","2214","0","47.43","31.17"
"65","000","00","010","1034","0000","1998","1347","651","97","2095","3750","0","55.87","35.92"
"65","000","00","010","1034","0083","714","477","237","21","735","1297","0","56.67","36.78"
"65","000","00","010","1034","0084","535","358","177","39","574","1066","0","53.85","33.58"
"65","000","00","010","1034","0085","749","512","237","37","786","1387","0","56.67","36.91"
"65","000","00","010","1035","0000","3780","2467","1313","126","3906","7408","0","52.73","33.3"
"65","000","00","010","1035","0086","1007","680","327","37","1044","1909","0","54.69","35.62"
"65","000","00","010","1035","0087","924","588","336","33","957","1770","0","54.07","33.22"
"65","000","00","010","1035","0088","969","645","324","28","997","2049","0","48.66","31.48"
"65","000","00","010","1035","0089","880","554","326","28","908","1680","0","54.05","32.98"
"65","000","00","010","1036","0000","2280","1568","712","105","2385","4250","0","56.12","36.89"
"65","000","00","010","1036","0090","807","506","301","42","849","1433","0","59.25","35.31"
"65","000","00","010","1036","0091","710","443","267","24","734","1365","0","53.77","32.45"
"65","000","00","010","1036","0092","763","619","144","39","802","1452","0","55.23","42.63"
"65","000","00","010","1037","0000","2201","1446","755","45","2246","4020","0","55.87","35.97"
"65","000","00","010","1037","0077","1089","706","383","25","1114","1992","0","55.92","35.44"
"65","000","00","010","1037","0078","1112","740","372","20","1132","2028","0","55.82","36.49"
"65","000","00","010","1038","0000","1294","779","515","47","1341","2456","0","54.6","31.72"
"65","000","00","010","1038","0075","673","398","275","31","704","1245","0","56.55","31.97"
"65","000","00","010","1038","0076","621","381","240","16","637","1211","0","52.6","31.46"
"65","000","00","010","1039","0000","1951","1231","720","61","2012","3906","0","51.51","31.52"
"65","000","00","010","1039","0050","1073","666","407","33","1106","1982","0","55.8","33.6"
"65","000","00","010","1039","0051","878","565","313","28","906","1924","0","47.09","29.37"
"65","000","00","010","1040","0000","1903","1249","654","87","1990","3612","0","55.09","34.58"
"65","000","00","010","1040","0101","566","349","217","31","597","1108","0","53.88","31.5"
"65","000","00","010","1040","0102","696","461","235","31","727","1305","0","55.71","35.33"
"65","000","00","010","1040","0103","641","439","202","25","666","1199","0","55.55","36.61"
"65","000","00","010","1041","0000","2049","1306","743","61","2110","4142","0","50.94","31.53"
"65","000","00","010","1041","0104","1039","675","364","26","1065","2017","0","52.8","33.47"
"65","000","00","010","1041","0105","1010","631","379","35","1045","2125","0","49.18","29.69"
"65","000","00","010","1042","0000","3287","2237","1050","89","3376","6953","0","48.55","32.17"
"65","000","00","010","1042","0122","925","608","317","33","958","1832","0","52.29","33.19"
"65","000","00","010","1042","0123","1091","714","377","33","1124","2123","0","52.94","33.63"
"65","000","00","010","1042","0124","1271","915","356","23","1294","2998","0","43.16","30.52"
"65","000","00","011","0000","0000","88379","56900","31479","3897","92276","173831","200217","53.08","32.73"
"65","000","00","011","1101","0000","670","448","222","38","708","1262","0","56.1","35.5"
"65","000","00","011","1101","2337","670","448","222","38","708","1262","0","56.1","35.5"
"65","000","00","011","1102","0000","494","283","211","47","541","917","0","59.0","30.86"
"65","000","00","011","1102","2338","494","283","211","47","541","917","0","59.0","30.86"
"65","000","00","011","1103","0000","2186","1370","816","75","2261","4156","0","54.4","32.96"
"65","000","00","011","1103","2339","1043","667","376","33","1076","1929","0","55.78","34.58"
"65","000","00","011","1103","2340","1143","703","440","42","1185","2227","0","53.21","31.57"
"65","000","00","011","1104","0000","163","91","72","14","177","322","0","54.97","28.26"
"65","000","00","011","1104","2343","163","91","72","14","177","322","0","54.97","28.26"
"65","000","00","011","1105","0000","1278","804","474","66","1344","2564","0","52.42","31.36"
"65","000","00","011","1105","2373","629","370","259","41","670","1244","0","53.86","29.74"
"65","000","00","011","1105","2374","649","434","215","25","674","1320","0","51.06","32.88"
"65","000","00","011","1106","0000","1788","1148","640","87","1875","4797","0","39.09","23.93"
"65","000","00","011","1106","2350","338","208","130","18","356","1809","0","19.68","11.5"
"65","000","00","011","1106","2351","754","470","284","26","780","1601","0","48.72","29.36"
"65","000","00","011","1106","2352","696","470","226","43","739","1387","0","53.28","33.89"
"65","000","00","011","1107","0000","2511","1608","903","66","2577","4840","0","53.24","33.22"
"65","000","00","011","1107","2344","804","497","307","6","810","1460","0","55.48","34.04"
"65","000","00","011","1107","2345","859","528","331","25","884","1719","0","51.43","30.72"
"65","000","00","011","1107","2346","848","583","265","35","883","1661","0","53.16","35.1"
"65","000","00","011","1108","0000","3319","2116","1203","109","3428","6144","0","55.79","34.44"
"65","000","00","011","1108","2355","1089","684","405","30","1119","2072","0","54.01","33.01"
"65","000","00","011","1108","2356","1185","762","423","54","1239","2120","0","58.44","35.94"
"65","000","00","011","1108","2357","1045","670","375","25","1070","1952","0","54.82","34.32"
"65","000","00","011","1109","0000","1924","1239","685","112","2036","3964","0","51.36","31.26"
"65","000","00","011","1109","2365","672","432","240","46","718","1363","0","52.68","31.69"
"65","000","00","011","1109","2366","673","438","235","31","704","1368","0","51.46","32.02"
"65","000","00","011","1109","2367","579","369","210","35","614","1233","0","49.8","29.93"
"65","000","00","011","1110","0000","687","443","244","51","738","1481","0","49.83","29.91"
"65","000","00","011","1110","2378","687","443","244","51","738","1481","0","49.83","29.91"
"65","000","00","011","1111","0000","733","448","285","45","778","1497","0","51.97","29.93"
"65","000","00","011","1111","2379","733","448","285","45","778","1497","0","51.97","29.93"
"65","000","00","011","1112","0000","1899","1208","691","80","1979","3940","0","50.23","30.66"
"65","000","00","011","1112","2381","918","596","322","45","963","1913","0","50.34","31.16"
"65","000","00","011","1112","2382","981","612","369","35","1016","2027","0","50.12","30.19"
"65","000","00","011","1113","0000","1004","618","386","51","1055","2127","0","49.6","29.06"
"65","000","00","011","1113","2385","1004","618","386","51","1055","2127","0","49.6","29.06"
"65","000","00","011","1114","0000","2519","1616","903","140","2659","5447","0","48.82","29.67"
"65","000","00","011","1114","2386","740","467","273","38","778","1642","0","47.38","28.44"
"65","000","00","011","1114","2387","939","623","316","62","1001","1912","0","52.35","32.58"
"65","000","00","011","1114","2388","840","526","314","40","880","1893","0","46.49","27.79"
"65","000","00","011","1115","0000","2177","1434","743","114","2291","4554","0","50.31","31.49"
"65","000","00","011","1115","2389","679","443","236","38","717","1466","0","48.91","30.22"
"65","000","00","011","1115","2390","739","517","222","51","790","1538","0","51.37","33.62"
"65","000","00","011","1115","2391","759","474","285","25","784","1550","0","50.58","30.58"
"65","000","00","011","1116","0000","707","472","235","45","752","1456","0","51.65","32.42"
"65","000","00","011","1116","2392","707","472","235","45","752","1456","0","51.65","32.42"
"65","000","00","011","1117","0000","539","265","274","37","576","947","0","60.82","27.98"
"65","000","00","011","1117","2393","539","265","274","37","576","947","0","60.82","27.98"
"65","000","00","011","1118","0000","854","579","275","33","887","1988","0","44.62","29.12"
"65","000","00","011","1118","2400","854","579","275","33","887","1988","0","44.62","29.12"
"65","000","00","011","1119","0000","1871","1231","640","127","1998","4055","0","49.27","30.36"
"65","000","00","011","1119","2395","966","638","328","64","1030","2043","0","50.42","31.23"
"65","000","00","011","1119","2396","905","593","312","63","968","2012","0","48.11","29.47"
"65","000","00","011","1120","0000","2853","1854","999","148","3001","5100","0","58.84","36.35"
"65","000","00","011","1120","2431","724","477","247","42","766","1335","0","57.38","35.73"
"65","000","00","011","1120","2432","777","513","264","34","811","1324","0","61.25","38.75"
"65","000","00","011","1120","2433","747","488","259","39","786","1286","0","61.12","37.95"
"65","000","00","011","1120","2434","605","376","229","33","638","1155","0","55.24","32.55"
"65","000","00","011","1121","0000","1730","1079","651","66","1796","3847","0","46.69","28.05"
"65","000","00","011","1121","2363","840","545","295","38","878","1941","0","45.23","28.08"
"65","000","00","011","1121","2364","890","534","356","28","918","1906","0","48.16","28.02"
"65","000","00","011","1122","0000","2216","1444","772","121","2337","4215","0","55.44","34.26"
"65","000","00","011","1122","2438","1143","728","415","70","1213","2184","0","55.54","33.33"
"65","000","00","011","1122","2439","1073","716","357","51","1124","2031","0","55.34","35.25"
"65","000","00","011","1123","0000","301","200","101","18","319","556","0","57.37","35.97"
"65","000","00","011","1123","2380","301","200","101","18","319","556","0","57.37","35.97"
"65","000","00","011","1124","0000","1799","1180","619","83","1882","3336","0","56.41","35.37"
"65","000","00","011","1124","2440","928","614","314","50","978","1759","0","55.6","34.91"
"65","000","00","011","1124","2441","871","566","305","33","904","1577","0","57.32","35.89"
"65","000","00","011","1125","0000","1509","1009","500","63","1572","2765","0","56.85","36.49"
"65","000","00","011","1125","2442","727","489","238","19","746","1364","0","54.69","35.85"
"65","000","00","011","1125","2443","782","520","262","44","826","1401","0","58.96","37.12"
"65","000","00","011","1126","0000","3315","2185","1130","155","3470","6938","0","50.01","31.49"
"65","000","00","011","1126","2411","851","557","294","43","894","1765","0","50.65","31.56"
"65","000","00","011","1126","2412","796","537","259","23","819","1815","0","45.12","29.59"
"65","000","00","011","1126","2413","833","544","289","53","886","1778","0","49.83","30.6"
"65","000","00","011","1126","2414","835","547","288","36","871","1580","0","55.13","34.62"
"65","000","00","011","1127","0000","2704","1723","981","71","2775","5304","0","52.32","32.48"
"65","000","00","011","1127","2422","971","591","380","27","998","2035","0","49.04","29.04"
"65","000","00","011","1127","2423","964","641","323","30","994","1895","0","52.45","33.83"
"65","000","00","011","1127","2424","769","491","278","14","783","1374","0","56.99","35.74"
"65","000","00","011","1128","0000","819","545","274","57","876","1595","0","54.92","34.17"
"65","000","00","011","1128","2336","819","545","274","57","876","1595","0","54.92","34.17"
"65","000","00","011","1129","0000","3224","2121","1103","116","3340","6514","0","51.27","32.56"
"65","000","00","011","1129","2405","733","475","258","31","764","1511","0","50.56","31.44"
"65","000","00","011","1129","2406","811","526","285","25","836","1691","0","49.44","31.11"
"65","000","00","011","1129","2407","839","572","267","34","873","1636","0","53.36","34.96"
"65","000","00","011","1129","2408","841","548","293","26","867","1676","0","51.73","32.7"
"65","000","00","011","1130","0000","3651","2378","1273","159","3810","7292","0","52.25","32.61"
"65","000","00","011","1130","2401","1059","667","392","35","1094","2198","0","49.77","30.35"
"65","000","00","011","1130","2402","835","556","279","29","864","1712","0","50.47","32.48"
"65","000","00","011","1130","2403","971","621","350","38","1009","1806","0","55.87","34.39"
"65","000","00","011","1130","2404","786","534","252","57","843","1576","0","53.49","33.88"
"65","000","00","011","1131","0000","2498","1616","882","115","2613","4725","0","55.3","34.2"
"65","000","00","011","1131","2358","833","546","287","49","882","1654","0","53.33","33.01"
"65","000","00","011","1131","2359","727","473","254","39","766","1444","0","53.05","32.76"
"65","000","00","011","1131","2360","938","597","341","27","965","1627","0","59.31","36.69"
"65","000","00","011","1132","0000","1918","1222","696","81","1999","3817","0","52.37","32.01"
"65","000","00","011","1132","2361","871","574","297","47","918","1751","0","52.43","32.78"
"65","000","00","011","1132","2362","1047","648","399","34","1081","2066","0","52.32","31.36"
"65","000","00","011","1133","0000","2237","1461","776","105","2342","4604","0","50.87","31.73"
"65","000","00","011","1133","2397","677","462","215","26","703","1471","0","47.79","31.41"
"65","000","00","011","1133","2398","784","496","288","31","815","1603","0","50.84","30.94"
"65","000","00","011","1133","2399","776","503","273","48","824","1530","0","53.86","32.88"
"65","000","00","011","1134","0000","1451","943","508","60","1511","2941","0","51.38","32.06"
"65","000","00","011","1134","2415","770","481","289","35","805","1516","0","53.1","31.73"
"65","000","00","011","1134","2416","681","462","219","25","706","1425","0","49.54","32.42"
"65","000","00","011","1135","0000","1472","969","503","81","1553","2824","0","54.99","34.31"
"65","000","00","011","1135","2417","725","481","244","39","764","1388","0","55.04","34.65"
"65","000","00","011","1135","2418","747","488","259","42","789","1436","0","54.94","33.98"
"65","000","00","011","1136","0000","2287","1413","874","69","2356","4624","0","50.95","30.56"
"65","000","00","011","1136","2419","810","482","328","29","839","1591","0","52.73","30.3"
"65","000","00","011","1136","2420","788","492","296","26","814","1639","0","49.66","30.02"
"65","000","00","011","1136","2421","689","439","250","14","703","1394","0","50.43","31.49"
"65","000","00","011","1137","0000","1892","1267","625","76","1968","3176","0","61.96","39.89"
"65","000","00","011","1137","2435","1014","675","339","32","1046","1682","0","62.19","40.13"
"65","000","00","011","1137","2436","878","592","286","44","922","1494","0","61.71","39.63"
"65","000","00","011","1138","0000","648","412","236","60","708","1166","0","60.72","35.33"
"65","000","00","011","1138","2437","648","412","236","60","708","1166","0","60.72","35.33"
"65","000","00","011","1139","0000","2062","1321","741","64","2126","3753","0","56.65","35.2"
"65","000","00","011","1139","2444","668","409","259","31","699","1173","0","59.59","34.87"
"65","000","00","011","1139","2445","573","376","197","10","583","993","0","58.71","37.87"
"65","000","00","011","1139","2446","821","536","285","23","844","1587","0","53.18","33.77"
"65","000","00","011","1140","0000","1244","856","388","36","1280","2429","0","52.7","35.24"
"65","000","00","011","1140","2409","644","435","209","19","663","1264","0","52.45","34.41"
"65","000","00","011","1140","2410","600","421","179","17","617","1165","0","52.96","36.14"
"65","000","00","011","1141","0000","1320","840","480","71","1391","2510","0","55.42","33.47"
"65","000","00","011","1141","2341","580","357","223","46","626","1143","0","54.77","31.23"
"65","000","00","011","1141","2342","740","483","257","25","765","1367","0","55.96","35.33"
"65","000","00","011","1142","0000","2303","1447","856","78","2381","4378","0","54.39","33.05"
"65","000","00","011","1142","2368","798","517","281","25","823","1554","0","52.96","33.27"
"65","000","00","011","1142","2369","894","551","343","33","927","1700","0","54.53","32.41"
"65","000","00","011","1142","2370","611","379","232","20","631","1124","0","56.14","33.72"
"65","000","00","011","1143","0000","3126","2000","1126","106","3232","5763","0","56.08","34.7"
"65","000","00","011","1143","2427","823","538","285","30","853","1548","0","55.1","34.75"
"65","000","00","011","1143","2428","754","481","273","17","771","1350","0","57.11","35.63"
"65","000","00","011","1143","2429","792","487","305","25","817","1499","0","54.5","32.49"
"65","000","00","011","1143","2430","757","494","263","34","791","1366","0","57.91","36.16"
"65","000","00","011","1144","0000","506","314","192","19","525","923","0","56.88","34.02"
"65","000","00","011","1144","2394","506","314","192","19","525","923","0","56.88","34.02"
"65","000","00","011","1145","0000","2655","1723","932","101","2756","4938","0","55.81","34.89"
"65","000","00","011","1145","2347","867","558","309","34","901","1590","0","56.67","35.09"
"65","000","00","011","1145","2348","850","561","289","33","883","1599","0","55.22","35.08"
"65","000","00","011","1145","2349","938","604","334","34","972","1749","0","55.57","34.53"
"65","000","00","011","1146","0000","2055","1301","754","98","2153","3853","0","55.88","33.77"
"65","000","00","011","1146","2353","942","564","378","54","996","1779","0","55.99","31.7"
"65","000","00","011","1146","2354","1113","737","376","44","1157","2074","0","55.79","35.54"
"65","000","00","011","1147","0000","2468","1642","826","100","2568","4541","0","56.55","36.16"
"65","000","00","011","1147","2375","793","509","284","39","832","1473","0","56.48","34.56"
"65","000","00","011","1147","2376","955","643","312","39","994","1802","0","55.16","35.68"
"65","000","00","011","1147","2377","720","490","230","22","742","1266","0","58.61","38.7"
"65","000","00","011","1148","0000","2106","1330","776","78","2184","3950","0","55.29","33.67"
"65","000","00","011","1148","2371","1052","643","409","36","1088","1900","0","57.26","33.84"
"65","000","00","011","1148","2372","1054","687","367","42","1096","2050","0","53.46","33.51"
"65","000","00","011","1149","0000","1418","892","526","40","1458","2373","0","61.44","37.59"
"65","000","00","011","1149","2425","607","369","238","19","626","1061","0","59.0","34.78"
"65","000","00","011","1149","2426","811","523","288","21","832","1312","0","63.41","39.86"
"65","000","00","011","1150","0000","1269","792","477","65","1334","2623","0","50.86","30.19"
"65","000","00","011","1150","2383","913","566","347","34","947","1927","0","49.14","29.37"
"65","000","00","011","1150","2384","356","226","130","31","387","696","0","55.6","32.47"
"65","000","00","012","0000","0000","16121","10789","5332","1060","17181","35036","40022","49.04","30.79"
"65","000","00","012","1201","0000","392","279","113","30","422","725","0","58.21","38.48"
"65","000","00","012","1201","2220","392","279","113","30","422","725","0","58.21","38.48"
"65","000","00","012","1202","0000","984","650","334","56","1040","1899","0","54.77","34.23"
"65","000","00","012","1202","2221","575","365","210","35","610","1074","0","56.8","33.99"
"65","000","00","012","1202","2222","409","285","124","21","430","825","0","52.12","34.55"
"65","000","00","012","1203","0000","635","408","227","37","672","1242","0","54.11","32.85"
"65","000","00","012","1203","2223","635","408","227","37","672","1242","0","54.11","32.85"
"65","000","00","012","1204","0000","787","517","270","49","836","1632","0","51.23","31.68"
"65","000","00","012","1204","2225","446","299","147","21","467","872","0","53.56","34.29"
"65","000","00","012","1204","2226","341","218","123","28","369","760","0","48.55","28.68"
"65","000","00","012","1205","0000","603","367","236","32","635","1330","0","47.74","27.59"
"65","000","00","012","1205","2227","603","367","236","32","635","1330","0","47.74","27.59"
"65","000","00","012","1206","0000","298","201","97","27","325","598","0","54.35","33.61"
"65","000","00","012","1206","2224","298","201","97","27","325","598","0","54.35","33.61"
"65","000","00","012","1207","0000","1699","1140","559","110","1809","3609","0","50.12","31.59"
"65","000","00","012","1207","2228","749","490","259","38","787","1683","0","46.76","29.11"
"65","000","00","012","1207","2229","478","327","151","40","518","980","0","52.86","33.37"
"65","000","00","012","1207","2230","472","323","149","32","504","946","0","53.28","34.14"
"65","000","00","012","1208","0000","505","327","178","52","557","1089","0","51.15","30.03"
"65","000","00","012","1208","2235","505","327","178","52","557","1089","0","51.15","30.03"
"65","000","00","012","1209","0000","709","391","318","50","759","1623","0","46.77","24.09"
"65","000","00","012","1209","2233","422","299","123","23","445","978","0","45.5","30.57"
"65","000","00","012","1209","2234","287","92","195","27","314","645","0","48.68","14.26"
"65","000","00","012","1210","0000","577","393","184","47","624","1291","0","48.33","30.44"
"65","000","00","012","1210","2245","332","227","105","36","368","673","0","54.68","33.73"
"65","000","00","012","1210","2246","245","166","79","11","256","618","0","41.42","26.86"
"65","000","00","012","1211","0000","850","537","313","68","918","1701","0","53.97","31.57"
"65","000","00","012","1211","2240","419","264","155","29","448","817","0","54.83","32.31"
"65","000","00","012","1211","2241","431","273","158","39","470","884","0","53.17","30.88"
"65","000","00","012","1212","0000","1352","903","449","81","1433","2985","0","48.01","30.25"
"65","000","00","012","1212","2242","581","377","204","35","616","1333","0","46.21","28.28"
"65","000","00","012","1212","2243","256","172","84","7","263","607","0","43.33","28.34"
"65","000","00","012","1212","2244","515","354","161","39","554","1045","0","53.01","33.88"
"65","000","00","012","1213","0000","1013","693","320","52","1065","1923","0","55.38","36.04"
"65","000","00","012","1213","2247","580","412","168","16","596","1063","0","56.07","38.76"
"65","000","00","012","1213","2248","433","281","152","36","469","860","0","54.53","32.67"
"65","000","00","012","1214","0000","219","138","81","20","239","461","0","51.84","29.93"
"65","000","00","012","1214","2237","219","138","81","20","239","461","0","51.84","29.93"
"65","000","00","012","1215","0000","120","83","37","18","138","274","0","50.36","30.29"
"65","000","00","012","1215","2238","120","83","37","18","138","274","0","50.36","30.29"
"65","000","00","012","1216","0000","114","75","39","9","123","286","0","43.01","26.22"
"65","000","00","012","1216","2236","114","75","39","9","123","286","0","43.01","26.22"
"65","000","00","012","1217","0000","87","61","26","9","96","155","0","61.94","39.35"
"65","000","00","012","1217","2239","87","61","26","9","96","155","0","61.94","39.35"
"65","000","00","012","1218","0000","131","78","53","6","137","432","0","31.71","18.06"
"65","000","00","012","1218","2249","131","78","53","6","137","432","0","31.71","18.06"
"65","000","00","012","1219","0000","170","131","39","9","179","445","0","40.22","29.44"
"65","000","00","012","1219","2250","170","131","39","9","179","445","0","40.22","29.44"
"65","000","00","012","1220","0000","130","97","33","8","138","318","0","43.4","30.5"
"65","000","00","012","1220","2251","130","97","33","8","138","318","0","43.4","30.5"
"65","000","00","012","1221","0000","72","55","17","5","77","159","0","48.43","34.59"
"65","000","00","012","1221","2252","72","55","17","5","77","159","0","48.43","34.59"
"65","000","00","012","1222","0000","137","98","39","10","147","337","0","43.62","29.08"
"65","000","00","012","1222","2253","137","98","39","10","147","337","0","43.62","29.08"
"65","000","00","012","1223","0000","181","134","47","10","191","369","0","51.76","36.31"
"65","000","00","012","1223","2256","181","134","47","10","191","369","0","51.76","36.31"
"65","000","00","012","1224","0000","93","61","32","6","99","180","0","55.0","33.89"
"65","000","00","012","1224","2254","93","61","32","6","99","180","0","55.0","33.89"
"65","000","00","012","1225","0000","71","50","21","11","82","187","0","43.85","26.74"
"65","000","00","012","1225","2255","71","50","21","11","82","187","0","43.85","26.74"
"65","000","00","012","1226","0000","169","121","48","19","188","335","0","56.12","36.12"
"65","000","00","012","1226","2257","169","121","48","19","188","335","0","56.12","36.12"
"65","000","00","012","1227","0000","109","80","29","6","115","297","0","38.72","26.94"
"65","000","00","012","1227","2259","109","80","29","6","115","297","0","38.72","26.94"
"65","000","00","012","1228","0000","192","122","70","15","207","470","0","44.04","25.96"
"65","000","00","012","1228","2258","192","122","70","15","207","470","0","44.04","25.96"
"65","000","00","012","1229","0000","456","314","142","24","480","1241","0","38.68","25.3"
"65","000","00","012","1229","2262","456","314","142","24","480","1241","0","38.68","25.3"
"65","000","00","012","1230","0000","954","648","306","83","1037","1946","0","53.29","33.3"
"65","000","00","012","1230","2263","488","328","160","46","534","998","0","53.51","32.87"
"65","000","00","012","1230","2264","466","320","146","37","503","948","0","53.06","33.76"
"65","000","00","012","1231","0000","496","362","134","27","523","1308","0","39.98","27.68"
"65","000","00","012","1231","2265","496","362","134","27","523","1308","0","39.98","27.68"
"65","000","00","012","1232","0000","174","127","47","6","180","267","0","67.42","47.57"
"65","000","00","012","1232","2260","174","127","47","6","180","267","0","67.42","47.57"
"65","000","00","012","1233","0000","250","188","62","10","260","876","0","29.68","21.46"
"65","000","00","012","1233","2261","250","188","62","10","260","876","0","29.68","21.46"
"65","000","00","012","1234","0000","1392","960","432","58","1450","3046","0","47.6","31.52"
"65","000","00","012","1234","2231","599","437","162","28","627","1375","0","45.6","31.78"
"65","000","00","012","1234","2232","793","523","270","30","823","1671","0","49.25","31.3"
"65","000","00","013","0000","0000","105631","68330","37301","4977","110608","200783","236964","55.09","34.03"
"65","000","00","013","1301","0000","1766","1153","613","99","1865","4869","0","38.3","23.68"
"65","000","00","013","1301","1799","518","314","204","34","552","2518","0","21.92","12.47"
"65","000","00","013","1301","1800","631","410","221","30","661","1218","0","54.27","33.66"
"65","000","00","013","1301","1801","617","429","188","35","652","1133","0","57.55","37.86"
"65","000","00","013","1302","0000","1000","647","353","57","1057","1825","0","57.92","35.45"
"65","000","00","013","1302","1802","489","317","172","19","508","894","0","56.82","35.46"
"65","000","00","013","1302","1803","511","330","181","38","549","931","0","58.97","35.45"
"65","000","00","013","1303","0000","2885","1821","1064","142","3027","5283","0","57.3","34.47"
"65","000","00","013","1303","1808","748","453","295","35","783","1378","0","56.82","32.87"
"65","000","00","013","1303","1809","786","480","306","43","829","1421","0","58.34","33.78"
"65","000","00","013","1303","1810","700","474","226","35","735","1340","0","54.85","35.37"
"65","000","00","013","1303","1811","651","414","237","29","680","1144","0","59.44","36.19"
"65","000","00","013","1304","0000","2593","1607","986","115","2708","4954","0","54.66","32.44"
"65","000","00","013","1304","1795","707","383","324","20","727","1292","0","56.27","29.64"
"65","000","00","013","1304","1796","685","444","241","23","708","1324","0","53.47","33.53"
"65","000","00","013","1304","1797","577","381","196","41","618","1155","0","53.51","32.99"
"65","000","00","013","1304","1798","624","399","225","31","655","1183","0","55.37","33.73"
"65","000","00","013","1305","0000","1080","772","308","58","1138","1820","0","62.53","42.42"
"65","000","00","013","1305","1804","1080","772","308","58","1138","1820","0","62.53","42.42"
"65","000","00","013","1306","0000","2221","1517","704","144","2365","4161","0","56.84","36.46"
"65","000","00","013","1306","1820","728","492","236","51","779","1356","0","57.45","36.28"
"65","000","00","013","1306","1821","795","539","256","46","841","1496","0","56.22","36.03"
"65","000","00","013","1306","1822","698","486","212","47","745","1309","0","56.91","37.13"
"65","000","00","013","1307","0000","2817","1804","1013","158","2975","5067","0","58.71","35.6"
"65","000","00","013","1307","1816","660","430","230","45","705","1230","0","57.32","34.96"
"65","000","00","013","1307","1817","733","472","261","29","762","1342","0","56.78","35.17"
"65","000","00","013","1307","1818","701","433","268","35","736","1268","0","58.04","34.15"
"65","000","00","013","1307","1819","723","469","254","49","772","1227","0","62.92","38.22"
"65","000","00","013","1308","0000","2119","1368","751","99","2218","3900","0","56.87","35.08"
"65","000","00","013","1308","1827","624","420","204","50","674","1182","0","57.02","35.53"
"65","000","00","013","1308","1828","846","539","307","28","874","1558","0","56.1","34.6"
"65","000","00","013","1308","1829","649","409","240","21","670","1160","0","57.76","35.26"
"65","000","00","013","1309","0000","1611","1067","544","59","1670","2965","0","56.32","35.99"
"65","000","00","013","1309","1858","748","489","259","31","779","1445","0","53.91","33.84"
"65","000","00","013","1309","1859","863","578","285","28","891","1520","0","58.62","38.03"
"65","000","00","013","1310","0000","4158","2712","1446","164","4322","7503","0","57.6","36.15"
"65","000","00","013","1310","1840","819","540","279","46","865","1576","0","54.89","34.26"
"65","000","00","013","1310","1841","806","531","275","28","834","1458","0","57.2","36.42"
"65","000","00","013","1310","1842","825","547","278","46","871","1517","0","57.42","36.06"
"65","000","00","013","1310","1843","857","557","300","25","882","1489","0","59.23","37.41"
"65","000","00","013","1310","1844","851","537","314","19","870","1463","0","59.47","36.71"
"65","000","00","013","1311","0000","1510","975","535","70","1580","2821","0","56.01","34.56"
"65","000","00","013","1311","1830","746","478","268","26","772","1357","0","56.89","35.22"
"65","000","00","013","1311","1831","764","497","267","44","808","1464","0","55.19","33.95"
"65","000","00","013","1312","0000","3752","2412","1340","161","3913","7204","0","54.32","33.48"
"65","000","00","013","1312","1875","757","472","285","33","790","1402","0","56.35","33.67"
"65","000","00","013","1312","1876","729","462","267","32","761","1379","0","55.18","33.5"
"65","000","00","013","1312","1877","746","490","256","35","781","1471","0","53.09","33.31"
"65","000","00","013","1312","1878","723","500","223","24","747","1410","0","52.98","35.46"
"65","000","00","013","1312","1879","797","488","309","37","834","1542","0","54.09","31.65"
"65","000","00","013","1313","0000","2669","1674","995","122","2791","5586","0","49.96","29.97"
"65","000","00","013","1313","1864","630","378","252","27","657","1337","0","49.14","28.27"
"65","000","00","013","1313","1865","564","360","204","29","593","1325","0","44.75","27.17"
"65","000","00","013","1313","1866","676","440","236","33","709","1390","0","51.01","31.65"
"65","000","00","013","1313","1867","799","496","303","33","832","1534","0","54.24","32.33"
"65","000","00","013","1314","0000","2129","1390","739","97","2226","3850","0","57.82","36.1"
"65","000","00","013","1314","1880","647","408","239","36","683","1238","0","55.17","32.96"
"65","000","00","013","1314","1881","664","445","219","37","701","1301","0","53.88","34.2"
"65","000","00","013","1314","1882","818","537","281","24","842","1311","0","64.23","40.96"
"65","000","00","013","1315","0000","738","470","268","52","790","1484","0","53.23","31.67"
"65","000","00","013","1315","1868","738","470","268","52","790","1484","0","53.23","31.67"
"65","000","00","013","1316","0000","3224","2123","1101","189","3413","6156","0","55.44","34.49"
"65","000","00","013","1316","1869","705","440","265","93","798","1532","0","52.09","28.72"
"65","000","00","013","1316","1870","839","538","301","36","875","1507","0","58.06","35.7"
"65","000","00","013","1316","1871","838","558","280","32","870","1550","0","56.13","36.0"
"65","000","00","013","1316","1872","842","587","255","28","870","1567","0","55.52","37.46"
"65","000","00","013","1317","0000","3204","2187","1017","183","3387","6530","0","51.87","33.49"
"65","000","00","013","1317","1892","554","453","101","52","606","1312","0","46.19","34.53"
"65","000","00","013","1317","1893","643","427","216","36","679","1301","0","52.19","32.82"
"65","000","00","013","1317","1894","620","399","221","44","664","1254","0","52.95","31.82"
"65","000","00","013","1317","1895","638","414","224","18","656","1215","0","53.99","34.07"
"65","000","00","013","1317","1896","749","494","255","33","782","1448","0","54.01","34.12"
"65","000","00","013","1318","0000","3299","2095","1204","138","3437","6194","0","55.49","33.82"
"65","000","00","013","1318","1906","806","499","307","31","837","1550","0","54.0","32.19"
"65","000","00","013","1318","1907","886","557","329","38","924","1606","0","57.53","34.68"
"65","000","00","013","1318","1908","815","526","289","29","844","1509","0","55.93","34.86"
"65","000","00","013","1318","1909","792","513","279","40","832","1529","0","54.41","33.55"
"65","000","00","013","1319","0000","2315","1525","790","83","2398","4283","0","55.99","35.61"
"65","000","00","013","1319","1886","754","497","257","33","787","1335","0","58.95","37.23"
"65","000","00","013","1319","1887","779","535","244","29","808","1459","0","55.38","36.67"
"65","000","00","013","1319","1888","782","493","289","21","803","1489","0","53.93","33.11"
"65","000","00","013","1320","0000","2282","1504","778","121","2403","4330","0","55.5","34.73"
"65","000","00","013","1320","1792","656","433","223","48","704","1206","0","58.37","35.9"
"65","000","00","013","1320","1793","702","443","259","28","730","1255","0","58.17","35.3"
"65","000","00","013","1320","1794","924","628","296","45","969","1869","0","51.85","33.6"
"65","000","00","013","1321","0000","3725","2438","1287","160","3885","7156","0","54.29","34.07"
"65","000","00","013","1321","1787","706","476","230","41","747","1424","0","52.46","33.43"
"65","000","00","013","1321","1788","752","482","270","35","787","1455","0","54.09","33.13"
"65","000","00","013","1321","1789","706","465","241","32","738","1419","0","52.01","32.77"
"65","000","00","013","1321","1790","785","517","268","24","809","1357","0","59.62","38.1"
"65","000","00","013","1321","1791","776","498","278","28","804","1501","0","53.56","33.18"
"65","000","00","013","1322","0000","2062","1327","735","107","2169","4013","0","54.05","33.07"
"65","000","00","013","1322","1784","675","459","216","33","708","1378","0","51.38","33.31"
"65","000","00","013","1322","1785","641","388","253","29","670","1256","0","53.34","30.89"
"65","000","00","013","1322","1786","746","480","266","45","791","1379","0","57.36","34.81"
"65","000","00","013","1323","0000","2248","1445","803","114","2362","4405","0","53.62","32.8"
"65","000","00","013","1323","1781","786","478","308","37","823","1499","0","54.9","31.89"
"65","000","00","013","1323","1782","757","497","260","22","779","1495","0","52.11","33.24"
"65","000","00","013","1323","1783","705","470","235","55","760","1411","0","53.86","33.31"
"65","000","00","013","1324","0000","2328","1534","794","119","2447","4638","0","52.76","33.07"
"65","000","00","013","1324","1778","764","494","270","50","814","1474","0","55.22","33.51"
"65","000","00","013","1324","1779","743","495","248","29","772","1489","0","51.85","33.24"
"65","000","00","013","1324","1780","821","545","276","40","861","1675","0","51.4","32.54"
"65","000","00","013","1325","0000","1406","924","482","51","1457","2448","0","59.52","37.75"
"65","000","00","013","1325","1776","713","462","251","28","741","1242","0","59.66","37.2"
"65","000","00","013","1325","1777","693","462","231","23","716","1206","0","59.37","38.31"
"65","000","00","013","1326","0000","761","490","271","45","806","1505","0","53.55","32.56"
"65","000","00","013","1326","1775","761","490","271","45","806","1505","0","53.55","32.56"
"65","000","00","013","1327","0000","2440","1543","897","105","2545","4640","0","54.85","33.25"
"65","000","00","013","1327","1847","860","559","301","38","898","1598","0","56.2","34.98"
"65","000","00","013","1327","1848","765","461","304","36","801","1500","0","53.4","30.73"
"65","000","00","013","1327","1849","815","523","292","31","846","1542","0","54.86","33.92"
"65","000","00","013","1328","0000","2570","1617","953","81","2651","5032","0","52.68","32.13"
"65","000","00","013","1328","1835","865","550","315","38","903","1639","0","55.09","33.56"
"65","000","00","013","1328","1836","952","599","353","35","987","1728","0","57.12","34.66"
"65","000","00","013","1328","1837","753","468","285","8","761","1665","0","45.71","28.11"
"65","000","00","013","1329","0000","1672","1056","616","80","1752","3140","0","55.8","33.63"
"65","000","00","013","1329","1850","912","564","348","46","958","1619","0","59.17","34.84"
"65","000","00","013","1329","1851","760","492","268","34","794","1521","0","52.2","32.35"
"65","000","00","013","1330","0000","2151","1423","728","137","2288","3975","0","57.56","35.8"
"65","000","00","013","1330","1900","760","505","255","56","816","1366","0","59.74","36.97"
"65","000","00","013","1330","1901","708","444","264","45","753","1292","0","58.28","34.37"
"65","000","00","013","1330","1902","683","474","209","36","719","1317","0","54.59","35.99"
"65","000","00","013","1331","0000","2299","1457","842","121","2420","4421","0","54.74","32.96"
"65","000","00","013","1331","1910","725","481","244","49","774","1458","0","53.09","32.99"
"65","000","00","013","1331","1911","801","503","298","46","847","1468","0","57.7","34.26"
"65","000","00","013","1331","1912","773","473","300","26","799","1495","0","53.44","31.64"
"65","000","00","013","1332","0000","1423","923","500","54","1477","2605","0","56.7","35.43"
"65","000","00","013","1332","1862","678","446","232","22","700","1262","0","55.47","35.34"
"65","000","00","013","1332","1863","745","477","268","32","777","1343","0","57.86","35.52"
"65","000","00","013","1333","0000","2708","1788","920","147","2855","4947","0","57.71","36.14"
"65","000","00","013","1333","1812","665","441","224","48","713","1268","0","56.23","34.78"
"65","000","00","013","1333","1813","639","428","211","48","687","1196","0","57.44","35.79"
"65","000","00","013","1333","1814","757","471","286","23","780","1308","0","59.63","36.01"
"65","000","00","013","1333","1815","647","448","199","28","675","1175","0","57.45","38.13"
"65","000","00","013","1334","0000","1888","1225","663","131","2019","3896","0","51.82","31.44"
"65","000","00","013","1334","1897","653","444","209","56","709","1321","0","53.67","33.61"
"65","000","00","013","1334","1898","564","370","194","40","604","1150","0","52.52","32.17"
"65","000","00","013","1334","1899","671","411","260","35","706","1425","0","49.54","28.84"
"65","000","00","013","1335","0000","2244","1462","782","104","2348","4116","0","57.05","35.52"
"65","000","00","013","1335","1832","663","441","222","29","692","1335","0","51.84","33.03"
"65","000","00","013","1335","1833","703","464","239","50","753","1346","0","55.94","34.47"
"65","000","00","013","1335","1834","878","557","321","25","903","1435","0","62.93","38.82"
"65","000","00","013","1336","0000","2680","1759","921","126","2806","4896","0","57.31","35.93"
"65","000","00","013","1336","1823","674","431","243","31","705","1175","0","60.0","36.68"
"65","000","00","013","1336","1824","667","440","227","41","708","1237","0","57.24","35.57"
"65","000","00","013","1336","1825","693","468","225","32","725","1256","0","57.72","37.26"
"65","000","00","013","1336","1826","646","420","226","22","668","1228","0","54.4","34.2"
"65","000","00","013","1337","0000","2079","1368","711","87","2166","3975","0","54.49","34.42"
"65","000","00","013","1337","1805","702","482","220","23","725","1320","0","54.92","36.52"
"65","000","00","013","1337","1806","640","421","219","22","662","1241","0","53.34","33.92"
"65","000","00","013","1337","1807","737","465","272","42","779","1414","0","55.09","32.89"
"65","000","00","013","1338","0000","2340","1493","847","104","2444","4680","0","52.22","31.9"
"65","000","00","013","1338","1883","744","481","263","18","762","1511","0","50.43","31.83"
"65","000","00","013","1338","1884","775","510","265","41","816","1531","0","53.3","33.31"
"65","000","00","013","1338","1885","821","502","319","45","866","1638","0","52.87","30.65"
"65","000","00","013","1339","0000","1678","1077","601","74","1752","2900","0","60.41","37.14"
"65","000","00","013","1339","1838","779","527","252","38","817","1333","0","61.29","39.53"
"65","000","00","013","1339","1839","899","550","349","36","935","1567","0","59.67","35.1"
"65","000","00","013","1340","0000","3040","1947","1093","153","3193","5663","0","56.38","34.38"
"65","000","00","013","1340","1913","705","469","236","46","751","1303","0","57.64","35.99"
"65","000","00","013","1340","1914","748","482","266","28","776","1365","0","56.85","35.31"
"65","000","00","013","1340","1915","767","465","302","53","820","1476","0","55.56","31.5"
"65","000","00","013","1340","1916","820","531","289","26","846","1519","0","55.69","34.96"
"65","000","00","013","1341","0000","1400","883","517","32","1432","2846","0","50.32","31.03"
"65","000","00","013","1341","1860","691","436","255","13","704","1484","0","47.44","29.38"
"65","000","00","013","1341","1861","709","447","262","19","728","1362","0","53.45","32.82"
"65","000","00","013","1342","0000","2388","1525","863","99","2487","4173","0","59.6","36.54"
"65","000","00","013","1342","1855","785","517","268","24","809","1423","0","56.85","36.33"
"65","000","00","013","1342","1856","777","480","297","34","811","1321","0","61.39","36.34"
"65","000","00","013","1342","1857","826","528","298","41","867","1429","0","60.67","36.95"
"65","000","00","013","1343","0000","2772","1668","1104","77","2849","5120","0","55.64","32.58"
"65","000","00","013","1343","1852","908","534","374","19","927","1691","0","54.82","31.58"
"65","000","00","013","1343","1853","854","524","330","36","890","1657","0","53.71","31.62"
"65","000","00","013","1343","1854","1010","610","400","22","1032","1772","0","58.24","34.42"
"65","000","00","013","1344","0000","1647","1074","573","48","1695","3048","0","55.61","35.24"
"65","000","00","013","1344","1845","886","586","300","18","904","1584","0","57.07","36.99"
"65","000","00","013","1344","1846","761","488","273","30","791","1464","0","54.03","33.33"
"65","000","00","013","1345","0000","1407","920","487","68","1475","2660","0","55.45","34.59"
"65","000","00","013","1345","1873","751","487","264","33","784","1367","0","57.35","35.63"
"65","000","00","013","1345","1874","656","433","223","35","691","1293","0","53.44","33.49"
"65","000","00","013","1346","0000","2918","1831","1087","110","3028","5364","0","56.45","34.13"
"65","000","00","013","1346","1889","932","581","351","27","959","1774","0","54.06","32.75"
"65","000","00","013","1346","1890","943","599","344","37","980","1792","0","54.69","33.43"
"65","000","00","013","1346","1891","1043","651","392","46","1089","1798","0","60.57","36.21"
"65","000","00","013","1347","0000","1985","1310","675","132","2117","3736","0","56.66","35.06"
"65","000","00","013","1347","1903","718","490","228","36","754","1324","0","56.95","37.01"
"65","000","00","013","1347","1904","608","383","225","39","647","1189","0","54.42","32.21"
"65","000","00","013","1347","1905","659","437","222","57","716","1223","0","58.54","35.73"
"65","000","00","014","0000","0000","85697","54605","31092","4278","89975","167457","201173","53.73","32.61"
"65","000","00","014","1401","0000","5863","3678","2185","174","6037","10484","0","57.58","35.08"
"65","000","00","014","1401","0581","1031","651","380","25","1056","1791","0","58.96","36.35"
"65","000","00","014","1401","0582","1009","646","363","35","1044","1714","0","60.91","37.69"
"65","000","00","014","1401","0583","986","530","456","19","1005","1780","0","56.46","29.78"
"65","000","00","014","1401","0584","932","586","346","38","970","1713","0","56.63","34.21"
"65","000","00","014","1401","0585","953","636","317","30","983","1720","0","57.15","36.98"
"65","000","00","014","1401","0586","952","629","323","27","979","1766","0","55.44","35.62"
"65","000","00","014","1402","0000","2644","1701","943","133","2777","4958","0","56.01","34.31"
"65","000","00","014","1402","0573","909","567","342","37","946","1652","0","57.26","34.32"
"65","000","00","014","1402","0574","854","539","315","62","916","1650","0","55.52","32.67"
"65","000","00","014","1402","0575","881","595","286","34","915","1656","0","55.25","35.93"
"65","000","00","014","1403","0000","1584","1060","524","69","1653","3576","0","46.22","29.64"
"65","000","00","014","1403","0561","655","449","206","34","689","1779","0","38.73","25.24"
"65","000","00","014","1403","0562","929","611","318","35","964","1797","0","53.64","34.0"
"65","000","00","014","1404","0000","2531","1612","919","157","2688","4665","0","57.62","34.56"
"65","000","00","014","1404","0555","869","537","332","63","932","1600","0","58.25","33.56"
"65","000","00","014","1404","0556","823","542","281","41","864","1549","0","55.78","34.99"
"65","000","00","014","1404","0557","839","533","306","53","892","1516","0","58.84","35.16"
"65","000","00","014","1405","0000","1707","1071","636","116","1823","3361","0","54.24","31.87"
"65","000","00","014","1405","0655","818","535","283","57","875","1673","0","52.3","31.98"
"65","000","00","014","1405","0656","889","536","353","59","948","1688","0","56.16","31.75"
"65","000","00","014","1406","0000","4429","2801","1628","212","4641","9051","0","51.28","30.95"
"65","000","00","014","1406","0640","959","617","342","43","1002","1851","0","54.13","33.33"
"65","000","00","014","1406","0641","839","538","301","40","879","1791","0","49.08","30.04"
"65","000","00","014","1406","0642","885","558","327","42","927","1853","0","50.03","30.11"
"65","000","00","014","1406","0643","826","516","310","39","865","1758","0","49.2","29.35"
"65","000","00","014","1406","0644","920","572","348","48","968","1798","0","53.84","31.81"
"65","000","00","014","1407","0000","2598","1718","880","127","2725","5589","0","48.76","30.74"
"65","000","00","014","1407","0604","932","562","370","35","967","1806","0","53.54","31.12"
"65","000","00","014","1407","0605","934","616","318","61","995","1910","0","52.09","32.25"
"65","000","00","014","1407","0606","732","540","192","31","763","1873","0","40.74","28.83"
"65","000","00","014","1408","0000","2567","1625","942","110","2677","4826","0","55.47","33.67"
"65","000","00","014","1408","0616","854","543","311","37","891","1634","0","54.53","33.23"
"65","000","00","014","1408","0617","833","550","283","38","871","1573","0","55.37","34.97"
"65","000","00","014","1408","0618","880","532","348","35","915","1619","0","56.52","32.86"
"65","000","00","014","1409","0000","2843","1855","988","166","3009","5491","0","54.8","33.78"
"65","000","00","014","1409","0619","955","623","332","65","1020","1878","0","54.31","33.17"
"65","000","00","014","1409","0620","908","597","311","60","968","1797","0","53.87","33.22"
"65","000","00","014","1409","0621","980","635","345","41","1021","1816","0","56.22","34.97"
"65","000","00","014","1410","0000","1683","1027","656","102","1785","2836","0","62.94","36.21"
"65","000","00","014","1410","0622","750","483","267","53","803","1344","0","59.75","35.94"
"65","000","00","014","1410","0623","933","544","389","49","982","1492","0","65.82","36.46"
"65","000","00","014","1411","0000","1615","1041","574","80","1695","2963","0","57.21","35.13"
"65","000","00","014","1411","0636","965","637","328","36","1001","1602","0","62.48","39.76"
"65","000","00","014","1411","0637","650","404","246","44","694","1361","0","50.99","29.68"
"65","000","00","014","1412","0000","1237","800","437","92","1329","2287","0","58.11","34.98"
"65","000","00","014","1412","0634","590","382","208","40","630","1111","0","56.71","34.38"
"65","000","00","014","1412","0635","647","418","229","52","699","1176","0","59.44","35.54"
"65","000","00","014","1413","0000","990","686","304","71","1061","1959","0","54.16","35.02"
"65","000","00","014","1413","0624","990","686","304","71","1061","1959","0","54.16","35.02"
"65","000","00","014","1414","0000","1456","924","532","93","1549","2980","0","51.98","31.01"
"65","000","00","014","1414","0630","692","436","256","45","737","1332","0","55.33","32.73"
"65","000","00","014","1414","0631","764","488","276","48","812","1648","0","49.27","29.61"
"65","000","00","014","1415","0000","2748","1734","1014","114","2862","5122","0","55.88","33.85"
"65","000","00","014","1415","0587","853","554","299","35","888","1623","0","54.71","34.13"
"65","000","00","014","1415","0588","921","551","370","36","957","1740","0","55.0","31.67"
"65","000","00","014","1415","0589","974","629","345","43","1017","1759","0","57.82","35.76"
"65","000","00","014","1416","0000","3035","1907","1128","142","3177","5489","0","57.88","34.74"
"65","000","00","014","1416","0590","987","629","358","47","1034","1775","0","58.25","35.44"
"65","000","00","014","1416","0591","1051","660","391","42","1093","1909","0","57.26","34.57"
"65","000","00","014","1416","0592","997","618","379","53","1050","1805","0","58.17","34.24"
"65","000","00","014","1417","0000","3084","1958","1126","119","3203","5952","0","53.81","32.9"
"65","000","00","014","1417","0597","730","478","252","37","767","1434","0","53.49","33.33"
"65","000","00","014","1417","0598","778","496","282","34","812","1450","0","56.0","34.21"
"65","000","00","014","1417","0599","778","475","303","19","797","1543","0","51.65","30.78"
"65","000","00","014","1417","0600","798","509","289","29","827","1525","0","54.23","33.38"
"65","000","00","014","1418","0000","1687","1082","605","74","1761","3545","0","49.68","30.52"
"65","000","00","014","1418","0607","847","548","299","25","872","1785","0","48.85","30.7"
"65","000","00","014","1418","0608","840","534","306","49","889","1760","0","50.51","30.34"
"65","000","00","014","1419","0000","2562","1633","929","132","2694","5146","0","52.35","31.73"
"65","000","00","014","1419","0609","970","621","349","54","1024","1841","0","55.62","33.73"
"65","000","00","014","1419","0610","906","577","329","31","937","1855","0","50.51","31.11"
"65","000","00","014","1419","0611","686","435","251","47","733","1450","0","50.55","30.0"
"65","000","00","014","1420","0000","1514","965","549","110","1624","3126","0","51.95","30.87"
"65","000","00","014","1420","0612","786","487","299","48","834","1585","0","52.62","30.73"
"65","000","00","014","1420","0613","728","478","250","62","790","1541","0","51.27","31.02"
"65","000","00","014","1421","0000","4019","2564","1455","172","4191","8323","0","50.35","30.81"
"65","000","00","014","1421","0645","873","573","300","33","906","1645","0","55.08","34.83"
"65","000","00","014","1421","0646","761","461","300","33","794","1612","0","49.26","28.6"
"65","000","00","014","1421","0647","831","519","312","39","870","1784","0","48.77","29.09"
"65","000","00","014","1421","0648","756","481","275","37","793","1701","0","46.62","28.28"
"65","000","00","014","1421","0649","798","530","268","30","828","1581","0","52.37","33.52"
"65","000","00","014","1422","0000","2535","1570","965","139","2674","4648","0","57.53","33.78"
"65","000","00","014","1422","0650","807","470","337","39","846","1534","0","55.15","30.64"
"65","000","00","014","1422","0651","882","544","338","56","938","1620","0","57.9","33.58"
"65","000","00","014","1422","0652","846","556","290","44","890","1494","0","59.57","37.22"
"65","000","00","014","1423","0000","1518","962","556","75","1593","2881","0","55.29","33.39"
"65","000","00","014","1423","0579","687","427","260","43","730","1367","0","53.4","31.24"
"65","000","00","014","1423","0580","831","535","296","32","863","1514","0","57.0","35.34"
"65","000","00","014","1424","0000","2412","1580","832","111","2523","4810","0","52.45","32.85"
"65","000","00","014","1424","0566","775","520","255","36","811","1524","0","53.22","34.12"
"65","000","00","014","1424","0567","793","528","265","41","834","1612","0","51.74","32.75"
"65","000","00","014","1424","0568","844","532","312","34","878","1674","0","52.45","31.78"
"65","000","00","014","1425","0000","1548","976","572","81","1629","2938","0","55.45","33.22"
"65","000","00","014","1425","0571","799","484","315","37","836","1473","0","56.75","32.86"
"65","000","00","014","1425","0572","749","492","257","44","793","1465","0","54.13","33.58"
"65","000","00","014","1426","0000","1392","804","588","56","1448","2726","0","53.12","29.49"
"65","000","00","014","1426","0632","689","338","351","26","715","1355","0","52.77","24.94"
"65","000","00","014","1426","0633","703","466","237","30","733","1371","0","53.46","33.99"
"65","000","00","014","1427","0000","2583","1692","891","132","2715","4838","0","56.12","34.97"
"65","000","00","014","1427","0625","826","546","280","58","884","1611","0","54.87","33.89"
"65","000","00","014","1427","0626","869","562","307","36","905","1574","0","57.5","35.71"
"65","000","00","014","1427","0627","888","584","304","38","926","1653","0","56.02","35.33"
"65","000","00","014","1428","0000","1935","1222","713","91","2026","4897","0","41.37","24.95"
"65","000","00","014","1428","0628","1016","653","363","41","1057","3085","0","34.26","21.17"
"65","000","00","014","1428","0629","919","569","350","50","969","1812","0","53.48","31.4"
"65","000","00","014","1429","0000","2239","1495","744","138","2377","4270","0","55.67","35.01"
"65","000","00","014","1429","0558","730","506","224","45","775","1404","0","55.2","36.04"
"65","000","00","014","1429","0559","704","462","242","57","761","1381","0","55.1","33.45"
"65","000","00","014","1429","0560","805","527","278","36","841","1485","0","56.63","35.49"
"65","000","00","014","1430","0000","1376","886","490","78","1454","2725","0","53.36","32.51"
"65","000","00","014","1430","0657","649","426","223","34","683","1249","0","54.68","34.11"
"65","000","00","014","1430","0658","727","460","267","44","771","1476","0","52.24","31.17"
"65","000","00","014","1431","0000","2326","1488","838","114","2440","4569","0","53.4","32.57"
"65","000","00","014","1431","0576","784","517","267","36","820","1571","0","52.2","32.91"
"65","000","00","014","1431","0577","774","474","300","43","817","1523","0","53.64","31.12"
"65","000","00","014","1431","0578","768","497","271","35","803","1475","0","54.44","33.69"
"65","000","00","014","1432","0000","1269","846","423","94","1363","2455","0","55.52","34.46"
"65","000","00","014","1432","0638","794","532","262","41","835","1530","0","54.58","34.77"
"65","000","00","014","1432","0639","475","314","161","53","528","925","0","57.08","33.95"
"65","000","00","014","1433","0000","1164","699","465","66","1230","2168","0","56.73","32.24"
"65","000","00","014","1433","0653","633","363","270","30","663","1183","0","56.04","30.68"
"65","000","00","014","1433","0654","531","336","195","36","567","985","0","57.56","34.11"
"65","000","00","014","1434","0000","1499","919","580","79","1578","2867","0","55.04","32.05"
"65","000","00","014","1434","0614","818","519","299","40","858","1626","0","52.77","31.92"
"65","000","00","014","1434","0615","681","400","281","39","720","1241","0","58.02","32.23"
"65","000","00","014","1435","0000","2368","1526","842","113","2481","4566","0","54.34","33.42"
"65","000","00","014","1435","0563","746","472","274","44","790","1364","0","57.92","34.6"
"65","000","00","014","1435","0564","878","554","324","46","924","1635","0","56.51","33.88"
"65","000","00","014","1435","0565","744","500","244","23","767","1567","0","48.95","31.91"
"65","000","00","014","1436","0000","1663","1057","606","67","1730","3652","0","47.37","28.94"
"65","000","00","014","1436","0569","865","547","318","41","906","1838","0","49.29","29.76"
"65","000","00","014","1436","0570","798","510","288","26","824","1814","0","45.42","28.11"
"65","000","00","014","1437","0000","3399","2147","1252","165","3564","6697","0","53.22","32.06"
"65","000","00","014","1437","0593","850","542","308","27","877","1642","0","53.41","33.01"
"65","000","00","014","1437","0594","873","550","323","43","916","1713","0","53.47","32.11"
"65","000","00","014","1437","0595","836","517","319","57","893","1746","0","51.15","29.61"
"65","000","00","014","1437","0596","840","538","302","38","878","1596","0","55.01","33.71"
"65","000","00","014","1438","0000","2075","1294","781","114","2189","4021","0","54.44","32.18"
"65","000","00","014","1438","0601","692","426","266","45","737","1419","0","51.94","30.02"
"65","000","00","014","1438","0602","717","438","279","23","740","1298","0","57.01","33.74"
"65","000","00","014","1438","0603","666","430","236","46","712","1304","0","54.6","32.98"
"65","000","00","015","0000","0000","37184","24500","12684","1782","38966","72443","86156","53.79","33.82"
"65","000","00","015","1501","0000","2176","1362","814","137","2313","4225","0","54.75","32.24"
"65","000","00","015","1501","0207","738","459","279","61","799","1456","0","54.88","31.52"
"65","000","00","015","1501","0208","758","490","268","29","787","1482","0","53.1","33.06"
"65","000","00","015","1501","0209","680","413","267","47","727","1287","0","56.49","32.09"
"65","000","00","015","1502","0000","567","355","212","20","587","1106","0","53.07","32.1"
"65","000","00","015","1502","0210","567","355","212","20","587","1106","0","53.07","32.1"
"65","000","00","015","1503","0000","1839","1186","653","87","1926","3437","0","56.04","34.51"
"65","000","00","015","1503","0212","953","623","330","30","983","1833","0","53.63","33.99"
"65","000","00","015","1503","0213","625","393","232","32","657","1141","0","57.58","34.44"
"65","000","00","015","1503","0214","261","170","91","25","286","463","0","61.77","36.72"
"65","000","00","015","1504","0000","623","420","203","57","680","1283","0","53.0","32.74"
"65","000","00","015","1504","0211","623","420","203","57","680","1283","0","53.0","32.74"
"65","000","00","015","1505","0000","2588","1696","892","146","2734","5271","0","51.87","32.18"
"65","000","00","015","1505","0219","908","593","315","75","983","1832","0","53.66","32.37"
"65","000","00","015","1505","0220","801","517","284","28","829","1542","0","53.76","33.53"
"65","000","00","015","1505","0221","879","586","293","43","922","1897","0","48.6","30.89"
"65","000","00","015","1506","0000","2612","1530","1082","149","2761","5478","0","50.4","27.93"
"65","000","00","015","1506","0222","901","398","503","62","963","1964","0","49.03","20.26"
"65","000","00","015","1506","0223","837","546","291","48","885","1779","0","49.75","30.69"
"65","000","00","015","1506","0224","874","586","288","39","913","1735","0","52.62","33.78"
"65","000","00","015","1507","0000","621","378","243","24","645","1281","0","50.35","29.51"
"65","000","00","015","1507","0229","621","378","243","24","645","1281","0","50.35","29.51"
"65","000","00","015","1508","0000","1954","1266","688","98","2052","3910","0","52.48","32.38"
"65","000","00","015","1508","0236","510","305","205","28","538","1333","0","40.36","22.88"
"65","000","00","015","1508","0237","727","476","251","34","761","1263","0","60.25","37.69"
"65","000","00","015","1508","0238","717","485","232","36","753","1314","0","57.31","36.91"
"65","000","00","015","1509","0000","1594","1092","502","45","1639","3126","0","52.43","34.93"
"65","000","00","015","1509","0230","825","557","268","27","852","1566","0","54.41","35.57"
"65","000","00","015","1509","0231","769","535","234","18","787","1560","0","50.45","34.29"
"65","000","00","015","1510","0000","2435","1619","816","94","2529","4643","0","54.47","34.87"
"65","000","00","015","1510","0239","765","488","277","26","791","1513","0","52.28","32.25"
"65","000","00","015","1510","0240","837","578","259","24","861","1517","0","56.76","38.1"
"65","000","00","015","1510","0241","833","553","280","44","877","1613","0","54.37","34.28"
"65","000","00","015","1511","0000","1125","738","387","52","1177","2281","0","51.6","32.35"
"65","000","00","015","1511","0253","548","301","247","27","575","1127","0","51.02","26.71"
"65","000","00","015","1511","0254","577","437","140","25","602","1154","0","52.17","37.87"
"65","000","00","015","1512","0000","1568","1125","443","93","1661","2709","0","61.31","41.53"
"65","000","00","015","1512","0251","800","562","238","54","854","1397","0","61.13","40.23"
"65","000","00","015","1512","0252","768","563","205","39","807","1312","0","61.51","42.91"
"65","000","00","015","1513","0000","2179","1465","714","69","2248","3916","0","57.41","37.41"
"65","000","00","015","1513","0248","752","494","258","21","773","1441","0","53.64","34.28"
"65","000","00","015","1513","0249","736","513","223","16","752","1305","0","57.62","39.31"
"65","000","00","015","1513","0250","691","458","233","32","723","1170","0","61.79","39.15"
"65","000","00","015","1514","0000","1466","981","485","125","1591","2819","0","56.44","34.8"
"65","000","00","015","1514","0217","781","507","274","66","847","1534","0","55.22","33.05"
"65","000","00","015","1514","0218","685","474","211","59","744","1285","0","57.9","36.89"
"65","000","00","015","1515","0000","1792","1370","422","55","1847","3401","0","54.31","40.28"
"65","000","00","015","1515","0232","855","724","131","31","886","1622","0","54.62","44.64"
"65","000","00","015","1515","0233","937","646","291","24","961","1779","0","54.02","36.31"
"65","000","00","015","1516","0000","1772","1159","613","77","1849","3446","0","53.66","33.63"
"65","000","00","015","1516","0215","929","626","303","48","977","1786","0","54.7","35.05"
"65","000","00","015","1516","0216","843","533","310","29","872","1660","0","52.53","32.11"
"65","000","00","015","1517","0000","1556","1024","532","85","1641","3054","0","53.73","33.53"
"65","000","00","015","1517","0234","736","514","222","44","780","1487","0","52.45","34.57"
"65","000","00","015","1517","0235","820","510","310","41","861","1567","0","54.95","32.55"
"65","000","00","015","1518","0000","3665","2427","1238","168","3833","7389","0","51.87","32.85"
"65","000","00","015","1518","0225","1076","655","421","35","1111","2299","0","48.33","28.49"
"65","000","00","015","1518","0226","836","584","252","33","869","1755","0","49.52","33.28"
"65","000","00","015","1518","0227","885","600","285","48","933","1674","0","55.73","35.84"
"65","000","00","015","1518","0228","868","588","280","52","920","1661","0","55.39","35.4"
"65","000","00","015","1519","0000","3487","2250","1237","154","3641","6815","0","53.43","33.02"
"65","000","00","015","1519","0242","834","559","275","39","873","1616","0","54.02","34.59"
"65","000","00","015","1519","0243","818","495","323","46","864","1616","0","53.47","30.63"
"65","000","00","015","1519","0244","872","591","281","47","919","1689","0","54.41","34.99"
"65","000","00","015","1519","0245","963","605","358","22","985","1894","0","52.01","31.94"
"65","000","00","015","1520","0000","1565","1057","508","47","1612","2853","0","56.5","37.05"
"65","000","00","015","1520","0246","738","501","237","25","763","1210","0","63.06","41.4"
"65","000","00","015","1520","0247","827","556","271","22","849","1643","0","51.67","33.84"
"65","000","00","016","0000","0000","34247","22738","11509","1389","35636","64252","78683","55.46","35.39"
"65","000","00","016","1601","0000","414","274","140","25","439","829","0","52.96","33.05"
"65","000","00","016","1601","0255","301","199","102","23","324","643","0","50.39","30.95"
"65","000","00","016","1601","0256","113","75","38","2","115","186","0","61.83","40.32"
"65","000","00","016","1602","0000","1573","1058","515","62","1635","3051","0","53.59","34.68"
"65","000","00","016","1602","0257","722","498","224","22","744","1457","0","51.06","34.18"
"65","000","00","016","1602","0258","851","560","291","40","891","1594","0","55.9","35.13"
"65","000","00","016","1603","0000","2972","1954","1018","122","3094","5921","0","52.25","33.0"
"65","000","00","016","1603","0259","772","507","265","30","802","1598","0","50.19","31.73"
"65","000","00","016","1603","0260","754","483","271","22","776","1503","0","51.63","32.14"
"65","000","00","016","1603","0261","706","477","229","42","748","1436","0","52.09","33.22"
"65","000","00","016","1603","0262","740","487","253","28","768","1384","0","55.49","35.19"
"65","000","00","016","1604","0000","1333","920","413","55","1388","2526","0","54.95","36.42"
"65","000","00","016","1604","0263","675","471","204","29","704","1231","0","57.19","38.26"
"65","000","00","016","1604","0264","658","449","209","26","684","1295","0","52.82","34.67"
"65","000","00","016","1605","0000","2028","1358","670","104","2132","3901","0","54.65","34.81"
"65","000","00","016","1605","0267","644","445","199","31","675","1253","0","53.87","35.51"
"65","000","00","016","1605","0268","635","439","196","32","667","1294","0","51.55","33.93"
"65","000","00","016","1605","0269","749","474","275","41","790","1354","0","58.35","35.01"
"65","000","00","016","1606","0000","1938","1257","681","64","2002","3605","0","55.53","34.87"
"65","000","00","016","1606","0270","674","442","232","21","695","1259","0","55.2","35.11"
"65","000","00","016","1606","0271","691","431","260","23","714","1252","0","57.03","34.42"
"65","000","00","016","1606","0272","573","384","189","20","593","1094","0","54.2","35.1"
"65","000","00","016","1607","0000","2168","1386","782","122","2290","4048","0","56.57","34.24"
"65","000","00","016","1607","0280","703","435","268","34","737","1201","0","61.37","36.22"
"65","000","00","016","1607","0281","628","400","228","38","666","1182","0","56.35","33.84"
"65","000","00","016","1607","0282","837","551","286","50","887","1665","0","53.27","33.09"
"65","000","00","016","1608","0000","1804","1169","635","83","1887","3306","0","57.08","35.36"
"65","000","00","016","1608","0287","585","404","181","25","610","1152","0","52.95","35.07"
"65","000","00","016","1608","0288","598","359","239","30","628","1114","0","56.37","32.23"
"65","000","00","016","1608","0289","621","406","215","28","649","1040","0","62.4","39.04"
"65","000","00","016","1609","0000","1927","1316","611","69","1996","3517","0","56.75","37.42"
"65","000","00","016","1609","0294","664","444","220","22","686","1211","0","56.65","36.66"
"65","000","00","016","1609","0295","682","463","219","22","704","1237","0","56.91","37.43"
"65","000","00","016","1609","0296","581","409","172","25","606","1069","0","56.69","38.26"
"65","000","00","016","1610","0000","2363","1570","793","87","2450","4348","0","56.35","36.11"
"65","000","00","016","1610","0299","725","488","237","23","748","1420","0","52.68","34.37"
"65","000","00","016","1610","0300","757","497","260","32","789","1337","0","59.01","37.17"
"65","000","00","016","1610","0301","881","585","296","32","913","1591","0","57.39","36.77"
"65","000","00","016","1611","0000","1743","1164","579","67","1810","3224","0","56.14","36.1"
"65","000","00","016","1611","0273","873","576","297","22","895","1590","0","56.29","36.23"
"65","000","00","016","1611","0274","870","588","282","45","915","1634","0","56.0","35.99"
"65","000","00","016","1612","0000","3738","2463","1275","151","3889","7245","0","53.68","34.0"
"65","000","00","016","1612","0283","966","635","331","42","1008","1855","0","54.34","34.23"
"65","000","00","016","1612","0284","975","649","326","56","1031","1866","0","55.25","34.78"
"65","000","00","016","1612","0285","993","650","343","38","1031","1935","0","53.28","33.59"
"65","000","00","016","1612","0286","804","529","275","15","819","1589","0","51.54","33.29"
"65","000","00","016","1613","0000","1151","738","413","45","1196","1978","0","60.47","37.31"
"65","000","00","016","1613","0290","573","383","190","29","602","1003","0","60.02","38.19"
"65","000","00","016","1613","0291","578","355","223","16","594","975","0","60.92","36.41"
"65","000","00","016","1614","0000","1527","1015","512","60","1587","2920","0","54.35","34.76"
"65","000","00","016","1614","0292","746","487","259","41","787","1440","0","54.65","33.82"
"65","000","00","016","1614","0293","781","528","253","19","800","1480","0","54.05","35.68"
"65","000","00","016","1615","0000","1867","1225","642","74","1941","3331","0","58.27","36.78"
"65","000","00","016","1615","0297","950","623","327","49","999","1680","0","59.46","37.08"
"65","000","00","016","1615","0298","917","602","315","25","942","1651","0","57.06","36.46"
"65","000","00","016","1616","0000","1747","1173","574","86","1833","3173","0","57.77","36.97"
"65","000","00","016","1616","0265","859","557","302","41","900","1563","0","57.58","35.64"
"65","000","00","016","1616","0266","888","616","272","45","933","1610","0","57.95","38.26"
"65","000","00","016","1617","0000","3954","2698","1256","113","4067","7329","0","55.49","36.81"
"65","000","00","016","1617","0275","701","464","237","26","727","1536","0","47.33","30.21"
"65","000","00","016","1617","0276","876","583","293","12","888","1534","0","57.89","38.01"
"65","000","00","016","1617","0277","931","670","261","24","955","1545","0","61.81","43.37"
"65","000","00","016","1617","0278","755","522","233","28","783","1399","0","55.97","37.31"
"65","000","00","016","1617","0279","691","459","232","23","714","1315","0","54.3","34.9"
"65","000","00","017","0000","0000","46463","29960","16503","1896","48359","86203","108950","56.1","34.76"
"65","000","00","017","1701","0000","1878","1189","689","111","1989","3657","0","54.39","32.51"
"65","000","00","017","1701","0145","639","414","225","47","686","1268","0","54.1","32.65"
"65","000","00","017","1701","0146","576","342","234","31","607","1171","0","51.84","29.21"
"65","000","00","017","1701","0147","663","433","230","33","696","1218","0","57.14","35.55"
"65","000","00","017","1702","0000","2370","1492","878","141","2511","4861","0","51.66","30.69"
"65","000","00","017","1702","0148","880","570","310","34","914","1788","0","51.12","31.88"
"65","000","00","017","1702","0149","789","501","288","49","838","1625","0","51.57","30.83"
"65","000","00","017","1702","0150","701","421","280","58","759","1448","0","52.42","29.07"
"65","000","00","017","1703","0000","4386","2869","1517","193","4579","8259","0","55.44","34.74"
"65","000","00","017","1703","0151","640","446","194","48","688","1328","0","51.81","33.58"
"65","000","00","017","1703","0152","668","447","221","41","709","1523","0","46.55","29.35"
"65","000","00","017","1703","0153","655","435","220","30","685","1245","0","55.02","34.94"
"65","000","00","017","1703","0154","803","523","280","29","832","1329","0","62.6","39.35"
"65","000","00","017","1703","0155","835","539","296","23","858","1465","0","58.57","36.79"
"65","000","00","017","1703","0156","785","479","306","22","807","1369","0","58.95","34.99"
"65","000","00","017","1704","0000","2126","1432","694","112","2238","3818","0","58.62","37.51"
"65","000","00","017","1704","0157","754","486","268","35","789","1346","0","58.62","36.11"
"65","000","00","017","1704","0158","604","403","201","45","649","1181","0","54.95","34.12"
"65","000","00","017","1704","0159","768","543","225","32","800","1291","0","61.97","42.06"
"65","000","00","017","1705","0000","1953","1267","686","109","2062","3654","0","56.43","34.67"
"65","000","00","017","1705","0160","629","418","211","46","675","1213","0","55.65","34.46"
"65","000","00","017","1705","0161","708","468","240","27","735","1256","0","58.52","37.26"
"65","000","00","017","1705","0162","616","381","235","36","652","1185","0","55.02","32.15"
"65","000","00","017","1706","0000","724","485","239","43","767","1361","0","56.36","35.64"
"65","000","00","017","1706","0163","724","485","239","43","767","1361","0","56.36","35.64"
"65","000","00","017","1707","0000","9363","6144","3219","264","9627","17256","0","55.79","35.61"
"65","000","00","017","1707","0164","873","585","288","27","900","1756","0","51.25","33.31"
"65","000","00","017","1707","0165","843","565","278","20","863","1676","0","51.49","33.71"
"65","000","00","017","1707","0166","854","587","267","18","872","1540","0","56.62","38.12"
"65","000","00","017","1707","0167","816","529","287","35","851","1569","0","54.24","33.72"
"65","000","00","017","1707","0168","815","557","258","23","838","1514","0","55.35","36.79"
"65","000","00","017","1707","0169","681","399","282","11","692","1193","0","58.01","33.45"
"65","000","00","017","1707","0170","899","596","303","18","917","1610","0","56.96","37.02"
"65","000","00","017","1707","0171","757","468","289","22","779","1338","0","58.22","34.98"
"65","000","00","017","1707","0172","644","439","205","21","665","1141","0","58.28","38.48"
"65","000","00","017","1707","0173","711","459","252","29","740","1307","0","56.62","35.12"
"65","000","00","017","1707","0174","744","492","252","21","765","1327","0","57.65","37.08"
"65","000","00","017","1707","0175","726","468","258","19","745","1285","0","57.98","36.42"
"65","000","00","017","1708","0000","8531","5444","3087","253","8784","15777","0","55.68","34.51"
"65","000","00","017","1708","0176","799","478","321","42","841","1481","0","56.79","32.28"
"65","000","00","017","1708","0177","860","532","328","13","873","1510","0","57.81","35.23"
"65","000","00","017","1708","0178","911","592","319","39","950","1785","0","53.22","33.17"
"65","000","00","017","1708","0179","947","592","355","19","966","1792","0","53.91","33.04"
"65","000","00","017","1708","0180","835","548","287","25","860","1517","0","56.69","36.12"
"65","000","00","017","1708","0181","877","579","298","20","897","1564","0","57.35","37.02"
"65","000","00","017","1708","0182","873","605","268","20","893","1560","0","57.24","38.78"
"65","000","00","017","1708","0183","811","494","317","28","839","1544","0","54.34","31.99"
"65","000","00","017","1708","0184","836","532","304","24","860","1593","0","53.99","33.4"
"65","000","00","017","1708","0185","782","492","290","23","805","1431","0","56.25","34.38"
"65","000","00","017","1709","0000","2938","1874","1064","133","3071","5291","0","58.04","35.42"
"65","000","00","017","1709","0195","793","506","287","24","817","1380","0","59.2","36.67"
"65","000","00","017","1709","0196","728","465","263","44","772","1367","0","56.47","34.02"
"65","000","00","017","1709","0197","745","475","270","33","778","1350","0","57.63","35.19"
"65","000","00","017","1709","0198","672","428","244","32","704","1194","0","58.96","35.85"
"65","000","00","017","1710","0000","474","301","173","31","505","1026","0","49.22","29.34"
"65","000","00","017","1710","0202","474","301","173","31","505","1026","0","49.22","29.34"
"65","000","00","017","1711","0000","631","389","242","51","682","1210","0","56.36","32.15"
"65","000","00","017","1711","0203","631","389","242","51","682","1210","0","56.36","32.15"
"65","000","00","017","1712","0000","471","296","175","46","517","912","0","56.69","32.46"
"65","000","00","017","1712","0204","471","296","175","46","517","912","0","56.69","32.46"
"65","000","00","017","1713","0000","456","267","189","26","482","824","0","58.5","32.4"
"65","000","00","017","1713","0205","456","267","189","26","482","824","0","58.5","32.4"
"65","000","00","017","1714","0000","771","489","282","63","834","1411","0","59.11","34.66"
"65","000","00","017","1714","0206","771","489","282","63","834","1411","0","59.11","34.66"
"65","000","00","017","1715","0000","3266","2019","1247","98","3364","5852","0","57.48","34.5"
"65","000","00","017","1715","0186","815","505","310","30","845","1571","0","53.79","32.15"
"65","000","00","017","1715","0187","816","499","317","19","835","1439","0","58.03","34.68"
"65","000","00","017","1715","0188","819","518","301","23","842","1451","0","58.03","35.7"
"65","000","00","017","1715","0189","816","497","319","26","842","1391","0","60.53","35.73"
"65","000","00","017","1716","0000","4125","2695","1430","133","4258","7417","0","57.41","36.34"
"65","000","00","017","1716","0190","792","521","271","23","815","1461","0","55.78","35.66"
"65","000","00","017","1716","0191","899","552","347","19","918","1691","0","54.29","32.64"
"65","000","00","017","1716","0192","798","564","234","43","841","1524","0","55.18","37.01"
"65","000","00","017","1716","0193","812","530","282","28","840","1343","0","62.55","39.46"
"65","000","00","017","1716","0194","824","528","296","20","844","1398","0","60.37","37.77"
"65","000","00","017","1717","0000","2000","1308","692","89","2089","3617","0","57.76","36.16"
"65","000","00","017","1717","0199","697","450","247","40","737","1344","0","54.84","33.48"
"65","000","00","017","1717","0200","627","413","214","27","654","1154","0","56.67","35.79"
"65","000","00","017","1717","0201","676","445","231","22","698","1119","0","62.38","39.77"
"65","000","00","018","0000","0000","10925","7111","3814","475","11400","20624","23617","55.28","34.48"
"65","000","00","018","1801","0000","1539","998","541","44","1583","3004","0","52.7","33.22"
"65","000","00","018","1801","2169","711","450","261","11","722","1496","0","48.26","30.08"
"65","000","00","018","1801","2170","828","548","280","33","861","1508","0","57.1","36.34"
"65","000","00","018","1802","0000","1216","792","424","67","1283","2281","0","56.25","34.72"
"65","000","00","018","1802","2163","582","380","202","25","607","1142","0","53.15","33.27"
"65","000","00","018","1802","2164","634","412","222","42","676","1139","0","59.35","36.17"
"65","000","00","018","1803","0000","1314","851","463","71","1385","2710","0","51.11","31.4"
"65","000","00","018","1803","2167","647","421","226","42","689","1330","0","51.8","31.65"
"65","000","00","018","1803","2168","667","430","237","29","696","1380","0","50.43","31.16"
"65","000","00","018","1804","0000","1060","697","363","35","1095","1946","0","56.27","35.82"
"65","000","00","018","1804","2174","393","266","127","18","411","782","0","52.56","34.02"
"65","000","00","018","1804","2175","667","431","236","17","684","1164","0","58.76","37.03"
"65","000","00","018","1805","0000","321","206","115","20","341","556","0","61.33","37.05"
"65","000","00","018","1805","2178","321","206","115","20","341","556","0","61.33","37.05"
"65","000","00","018","1806","0000","3055","1989","1066","102","3157","5579","0","56.59","35.65"
"65","000","00","018","1806","2171","899","590","309","30","929","1624","0","57.2","36.33"
"65","000","00","018","1806","2172","1126","737","389","41","1167","2165","0","53.9","34.04"
"65","000","00","018","1806","2173","1030","662","368","31","1061","1790","0","59.27","36.98"
"65","000","00","018","1807","0000","1229","790","439","68","1297","2465","0","52.62","32.05"
"65","000","00","018","1807","2165","545","342","203","31","576","1065","0","54.08","32.11"
"65","000","00","018","1807","2166","684","448","236","37","721","1400","0","51.5","32.0"
"65","000","00","018","1808","0000","1191","788","403","68","1259","2083","0","60.44","37.83"
"65","000","00","018","1808","2176","763","506","257","43","806","1344","0","59.97","37.65"
"65","000","00","018","1808","2177","428","282","146","25","453","739","0","61.3","38.16"
"65","000","00","019","0000","0000","3290","2196","1094","226","3516","6861","7727","51.25","32.01"
"65","000","00","019","1901","0000","230","146","84","13","243","391","0","62.15","37.34"
"65","000","00","019","1901","2179","230","146","84","13","243","391","0","62.15","37.34"
"65","000","00","019","1902","0000","371","254","117","32","403","789","0","51.08","32.19"
"65","000","00","019","1902","2180","371","254","117","32","403","789","0","51.08","32.19"
"65","000","00","019","1903","0000","280","183","97","27","307","683","0","44.95","26.79"
"65","000","00","019","1903","2185","280","183","97","27","307","683","0","44.95","26.79"
"65","000","00","019","1904","0000","250","174","76","26","276","662","0","41.69","26.28"
"65","000","00","019","1904","2181","250","174","76","26","276","662","0","41.69","26.28"
"65","000","00","019","1905","0000","149","104","45","12","161","310","0","51.94","33.55"
"65","000","00","019","1905","2182","149","104","45","12","161","310","0","51.94","33.55"
"65","000","00","019","1906","0000","175","124","51","13","188","373","0","50.4","33.24"
"65","000","00","019","1906","2183","142","99","43","8","150","280","0","53.57","35.36"
"65","000","00","019","1906","2184","33","25","8","5","38","93","0","40.86","26.88"
"65","000","00","019","1907","0000","291","186","105","24","315","591","0","53.3","31.47"
"65","000","00","019","1907","2188","291","186","105","24","315","591","0","53.3","31.47"
"65","000","00","019","1908","0000","279","202","77","12","291","726","0","40.08","27.82"
"65","000","00","019","1908","2187","279","202","77","12","291","726","0","40.08","27.82"
"65","000","00","019","1909","0000","176","119","57","15","191","282","0","67.73","42.2"
"65","000","00","019","1909","2189","176","119","57","15","191","282","0","67.73","42.2"
"65","000","00","019","1910","0000","201","122","79","8","209","323","0","64.71","37.77"
"65","000","00","019","1910","2186","201","122","79","8","209","323","0","64.71","37.77"
"65","000","00","019","1911","0000","371","249","122","11","382","788","0","48.48","31.6"
"65","000","00","019","1911","2190","371","249","122","11","382","788","0","48.48","31.6"
"65","000","00","019","1912","0000","517","333","184","33","550","943","0","58.32","35.31"
"65","000","00","019","1912","2191","517","333","184","33","550","943","0","58.32","35.31"
"65","000","00","020","0000","0000","2780","1929","851","247","3027","5891","6570","51.38","32.74"
"65","000","00","020","2001","0000","432","313","119","54","486","843","0","57.65","37.13"
"65","000","00","020","2001","2196","296","215","81","36","332","595","0","55.8","36.13"
"65","000","00","020","2001","2197","136","98","38","18","154","248","0","62.1","39.52"
"65","000","00","020","2002","0000","628","438","190","42","670","1248","0","53.69","35.1"
"65","000","00","020","2002","2192","628","438","190","42","670","1248","0","53.69","35.1"
"65","000","00","020","2003","0000","589","405","184","62","651","1141","0","57.06","35.5"
"65","000","00","020","2003","2194","589","405","184","62","651","1141","0","57.06","35.5"
"65","000","00","020","2004","0000","172","109","63","9","181","417","0","43.41","26.14"
"65","000","00","020","2004","2195","172","109","63","9","181","417","0","43.41","26.14"
"65","000","00","020","2005","0000","349","243","106","31","380","816","0","46.57","29.78"
"65","000","00","020","2005","2198","156","118","38","12","168","338","0","49.7","34.91"
"65","000","00","020","2005","2199","193","125","68","19","212","478","0","44.35","26.15"
"65","000","00","020","2006","0000","263","179","84","29","292","612","0","47.71","29.25"
"65","000","00","020","2006","2193","263","179","84","29","292","612","0","47.71","29.25"
"65","000","00","020","2007","0000","347","242","105","20","367","814","0","45.09","29.73"
"65","000","00","020","2007","2200","147","99","48","12","159","390","0","40.77","25.38"
"65","000","00","020","2007","2201","200","143","57","8","208","424","0","49.06","33.73"
"65","000","00","021","0000","0000","9235","6012","3223","572","9807","20119","23010","48.74","29.88"
"65","000","00","021","2101","0000","142","98","44","9","151","312","0","48.4","31.41"
"65","000","00","021","2101","0011","142","98","44","9","151","312","0","48.4","31.41"
"65","000","00","021","2102","0000","2328","1519","809","126","2454","4806","0","51.06","31.61"
"65","000","00","021","2102","0012","674","453","221","37","711","1421","0","50.04","31.88"
"65","000","00","021","2102","0013","764","488","276","38","802","1557","0","51.51","31.34"
"65","000","00","021","2102","0014","890","578","312","51","941","1828","0","51.48","31.62"
"65","000","00","021","2103","0000","498","320","178","38","536","1060","0","50.57","30.19"
"65","000","00","021","2103","0015","498","320","178","38","536","1060","0","50.57","30.19"
"65","000","00","021","2104","0000","325","219","106","33","358","819","0","43.71","26.74"
"65","000","00","021","2104","0016","325","219","106","33","358","819","0","43.71","26.74"
"65","000","00","021","2105","0000","2684","1754","930","141","2825","6140","0","46.01","28.57"
"65","000","00","021","2105","0017","700","454","246","26","726","1701","0","42.68","26.69"
"65","000","00","021","2105","0018","791","520","271","49","840","1740","0","48.28","29.89"
"65","000","00","021","2105","0019","658","425","233","25","683","1451","0","47.07","29.29"
"65","000","00","021","2105","0020","535","355","180","41","576","1248","0","46.15","28.45"
"65","000","00","021","2106","0000","317","202","115","16","333","629","0","52.94","32.11"
"65","000","00","021","2106","0021","317","202","115","16","333","629","0","52.94","32.11"
"65","000","00","021","2107","0000","219","159","60","15","234","504","0","46.43","31.55"
"65","000","00","021","2107","0022","219","159","60","15","234","504","0","46.43","31.55"
"65","000","00","021","2108","0000","313","221","92","15","328","698","0","46.99","31.66"
"65","000","00","021","2108","0023","313","221","92","15","328","698","0","46.99","31.66"
"65","000","00","021","2109","0000","936","632","304","42","978","2069","0","47.27","30.55"
"65","000","00","021","2109","0024","936","632","304","42","978","2069","0","47.27","30.55"
"65","000","00","021","2110","0000","387","229","158","30","417","784","0","53.19","29.21"
"65","000","00","021","2110","0025","387","229","158","30","417","784","0","53.19","29.21"
"65","000","00","021","2111","0000","241","151","90","22","263","522","0","50.38","28.93"
"65","000","00","021","2111","0026","241","151","90","22","263","522","0","50.38","28.93"
"65","000","00","021","2112","0000","276","186","90","33","309","587","0","52.64","31.69"
"65","000","00","021","2112","0027","276","186","90","33","309","587","0","52.64","31.69"
"65","000","00","021","2113","0000","569","322","247","52","621","1189","0","52.23","27.08"
"65","000","00","021","2113","0028","569","322","247","52","621","1189","0","52.23","27.08"
"65","000","00","022","0000","0000","5094","3393","1701","374","5468","10528","12158","51.94","32.23"
"65","000","00","022","2201","0000","545","334","211","38","583","1121","0","52.01","29.79"
"65","000","00","022","2201","0001","545","334","211","38","583","1121","0","52.01","29.79"
"65","000","00","022","2202","0000","629","412","217","41","670","1389","0","48.24","29.66"
"65","000","00","022","2202","0002","629","412","217","41","670","1389","0","48.24","29.66"
"65","000","00","022","2203","0000","1028","707","321","87","1115","2177","0","51.22","32.48"
"65","000","00","022","2203","0003","456","318","138","39","495","933","0","53.05","34.08"
"65","000","00","022","2203","0004","572","389","183","48","620","1244","0","49.84","31.27"
"65","000","00","022","2204","0000","445","285","160","43","488","883","0","55.27","32.28"
"65","000","00","022","2204","0005","445","285","160","43","488","883","0","55.27","32.28"
"65","000","00","022","2205","0000","798","541","257","50","848","1564","0","54.22","34.59"
"65","000","00","022","2205","0006","798","541","257","50","848","1564","0","54.22","34.59"
"65","000","00","022","2206","0000","760","497","263","39","799","1500","0","53.27","33.13"
"65","000","00","022","2206","0007","760","497","263","39","799","1500","0","53.27","33.13"
"65","000","00","022","2207","0000","144","100","44","7","151","328","0","46.04","30.49"
"65","000","00","022","2207","0008","144","100","44","7","151","328","0","46.04","30.49"
"65","000","00","022","2208","0000","367","260","107","35","402","651","0","61.75","39.94"
"65","000","00","022","2208","0009","367","260","107","35","402","651","0","61.75","39.94"
"65","000","00","022","2209","0000","378","257","121","34","412","915","0","45.03","28.09"
"65","000","00","022","2209","0010","378","257","121","34","412","915","0","45.03","28.09"
"65","000","00","023","0000","0000","16623","11117","5506","890","17513","32970","38861","53.12","33.72"
"65","000","00","023","2301","0000","3239","2117","1122","154","3393","6595","0","51.45","32.1"
"65","000","00","023","2301","0125","691","450","241","55","746","1498","0","49.8","30.04"
"65","000","00","023","2301","0126","872","559","313","27","899","1939","0","46.36","28.83"
"65","000","00","023","2301","0127","779","541","238","29","808","1516","0","53.3","35.69"
"65","000","00","023","2301","0128","897","567","330","43","940","1642","0","57.25","34.53"
"65","000","00","023","2302","0000","1537","962","575","99","1636","3203","0","51.08","30.03"
"65","000","00","023","2302","0129","884","544","340","60","944","1927","0","48.99","28.23"
"65","000","00","023","2302","0130","653","418","235","39","692","1276","0","54.23","32.76"
"65","000","00","023","2303","0000","1514","1030","484","67","1581","2752","0","57.45","37.43"
"65","000","00","023","2303","0131","757","518","239","35","792","1349","0","58.71","38.4"
"65","000","00","023","2303","0132","757","512","245","32","789","1403","0","56.24","36.49"
"65","000","00","023","2304","0000","1804","1184","620","87","1891","3497","0","54.07","33.86"
"65","000","00","023","2304","0133","845","552","293","44","889","1644","0","54.08","33.58"
"65","000","00","023","2304","0134","959","632","327","43","1002","1853","0","54.07","34.11"
"65","000","00","023","2305","0000","993","676","317","53","1046","1793","0","58.34","37.7"
"65","000","00","023","2305","0135","993","676","317","53","1046","1793","0","58.34","37.7"
"65","000","00","023","2306","0000","3289","2231","1058","158","3447","6457","0","53.38","34.55"
"65","000","00","023","2306","0136","855","573","282","30","885","1644","0","53.83","34.85"
"65","000","00","023","2306","0137","924","706","218","42","966","1846","0","52.33","38.24"
"65","000","00","023","2306","0138","679","416","263","43","722","1346","0","53.64","30.91"
"65","000","00","023","2306","0139","831","536","295","43","874","1621","0","53.92","33.07"
"65","000","00","023","2307","0000","1854","1326","528","100","1954","4077","0","47.93","32.52"
"65","000","00","023","2307","0140","898","619","279","47","945","2110","0","44.79","29.34"
"65","000","00","023","2307","0141","956","707","249","53","1009","1967","0","51.3","35.94"
"65","000","00","023","2308","0000","842","553","289","53","895","1626","0","55.04","34.01"
"65","000","00","023","2308","0142","842","553","289","53","895","1626","0","55.04","34.01"
"65","000","00","023","2309","0000","771","528","243","63","834","1514","0","55.09","34.87"
"65","000","00","023","2309","0143","771","528","243","63","834","1514","0","55.09","34.87"
"65","000","00","023","2310","0000","780","510","270","56","836","1456","0","57.42","35.03"
"65","000","00","023","2310","0144","780","510","270","56","836","1456","0","57.42","35.03"
"65","000","00","024","0000","0000","1942","1375","567","181","2123","4321","4687","49.13","31.82"
"65","000","00","024","2401","0000","173","130","43","22","195","384","0","50.78","33.85"
"65","000","00","024","2401","2208","173","130","43","22","195","384","0","50.78","33.85"
"65","000","00","024","2402","0000","102","68","34","2","104","232","0","44.83","29.31"
"65","000","00","024","2402","2209","102","68","34","2","104","232","0","44.83","29.31"
"65","000","00","024","2403","0000","131","86","45","11","142","249","0","57.03","34.54"
"65","000","00","024","2403","2210","131","86","45","11","142","249","0","57.03","34.54"
"65","000","00","024","2404","0000","232","157","75","23","255","458","0","55.68","34.28"
"65","000","00","024","2404","2211","232","157","75","23","255","458","0","55.68","34.28"
"65","000","00","024","2405","0000","112","78","34","16","128","232","0","55.17","33.62"
"65","000","00","024","2405","2212","112","78","34","16","128","232","0","55.17","33.62"
"65","000","00","024","2406","0000","252","177","75","15","267","635","0","42.05","27.87"
"65","000","00","024","2406","2213","252","177","75","15","267","635","0","42.05","27.87"
"65","000","00","024","2407","0000","216","155","61","33","249","427","0","58.31","36.3"
"65","000","00","024","2407","2214","216","155","61","33","249","427","0","58.31","36.3"
"65","000","00","024","2408","0000","72","42","30","2","74","147","0","50.34","28.57"
"65","000","00","024","2408","2216","72","42","30","2","74","147","0","50.34","28.57"
"65","000","00","024","2409","0000","133","105","28","11","144","365","0","39.45","28.77"
"65","000","00","024","2409","2217","133","105","28","11","144","365","0","39.45","28.77"
"65","000","00","024","2410","0000","100","82","18","9","109","177","0","61.58","46.33"
"65","000","00","024","2410","2219","100","82","18","9","109","177","0","61.58","46.33"
"65","000","00","024","2411","0000","357","252","105","29","386","862","0","44.78","29.23"
"65","000","00","024","2411","2215","357","252","105","29","386","862","0","44.78","29.23"
"65","000","00","024","2412","0000","62","43","19","8","70","153","0","45.75","28.1"
"65","000","00","024","2412","2218","62","43","19","8","70","153","0","45.75","28.1"
"65","000","00","025","0000","0000","3574","2499","1075","328","3902","7999","8872","48.78","31.24"
"65","000","00","025","2501","0000","202","149","53","15","217","455","0","47.69","32.75"
"65","000","00","025","2501","2266","202","149","53","15","217","455","0","47.69","32.75"
"65","000","00","025","2502","0000","182","120","62","17","199","391","0","50.9","30.69"
"65","000","00","025","2502","2278","60","40","20","5","65","120","0","54.17","33.33"
"65","000","00","025","2502","2279","122","80","42","12","134","271","0","49.45","29.52"
"65","000","00","025","2503","0000","396","293","103","29","425","782","0","54.35","37.47"
"65","000","00","025","2503","2267","139","100","39","10","149","286","0","52.1","34.97"
"65","000","00","025","2503","2268","257","193","64","19","276","496","0","55.65","38.91"
"65","000","00","025","2504","0000","357","243","114","49","406","733","0","55.39","33.15"
"65","000","00","025","2504","2280","190","126","64","23","213","362","0","58.84","34.81"
"65","000","00","025","2504","2281","167","117","50","26","193","371","0","52.02","31.54"
"65","000","00","025","2505","0000","158","117","41","10","168","383","0","43.86","30.55"
"65","000","00","025","2505","2269","158","117","41","10","168","383","0","43.86","30.55"
"65","000","00","025","2506","0000","603","426","177","61","664","1539","0","43.14","27.68"
"65","000","00","025","2506","2270","352","254","98","32","384","887","0","43.29","28.64"
"65","000","00","025","2506","2271","251","172","79","29","280","652","0","42.94","26.38"
"65","000","00","025","2507","0000","158","106","52","11","169","333","0","50.75","31.83"
"65","000","00","025","2507","2272","158","106","52","11","169","333","0","50.75","31.83"
"65","000","00","025","2508","0000","423","272","151","34","457","924","0","49.46","29.44"
"65","000","00","025","2508","2273","296","200","96","25","321","642","0","50.0","31.15"
"65","000","00","025","2508","2274","127","72","55","9","136","282","0","48.23","25.53"
"65","000","00","025","2509","0000","249","169","80","24","273","621","0","43.96","27.21"
"65","000","00","025","2509","2275","249","169","80","24","273","621","0","43.96","27.21"
"65","000","00","025","2510","0000","155","104","51","16","171","422","0","40.52","24.64"
"65","000","00","025","2510","2276","155","104","51","16","171","422","0","40.52","24.64"
"65","000","00","025","2511","0000","114","80","34","22","136","369","0","36.86","21.68"
"65","000","00","025","2511","2277","114","80","34","22","136","369","0","36.86","21.68"
"65","000","00","025","2512","0000","577","420","157","40","617","1047","0","58.93","40.11"
"65","000","00","025","2512","2282","577","420","157","40","617","1047","0","58.93","40.11"
"65","000","00","026","0000","0000","4629","3111","1518","401","5030","11279","12364","44.6","27.58"
"65","000","00","026","2601","0000","387","265","122","48","435","876","0","49.66","30.25"
"65","000","00","026","2601","2283","387","265","122","48","435","876","0","49.66","30.25"
"65","000","00","026","2602","0000","213","148","65","11","224","516","0","43.41","28.68"
"65","000","00","026","2602","2285","213","148","65","11","224","516","0","43.41","28.68"
"65","000","00","026","2603","0000","258","168","90","45","303","686","0","44.17","24.49"
"65","000","00","026","2603","2286","129","84","45","24","153","373","0","41.02","22.52"
"65","000","00","026","2603","2287","129","84","45","21","150","313","0","47.92","26.84"
"65","000","00","026","2604","0000","198","128","70","21","219","433","0","50.58","29.56"
"65","000","00","026","2604","2284","198","128","70","21","219","433","0","50.58","29.56"
"65","000","00","026","2605","0000","243","162","81","33","276","676","0","40.83","23.96"
"65","000","00","026","2605","2292","243","162","81","33","276","676","0","40.83","23.96"
"65","000","00","026","2606","0000","720","486","234","52","772","1673","0","46.14","29.05"
"65","000","00","026","2606","2290","335","235","100","20","355","812","0","43.72","28.94"
"65","000","00","026","2606","2291","385","251","134","32","417","861","0","48.43","29.15"
"65","000","00","026","2607","0000","752","478","274","40","792","1731","0","45.75","27.61"
"65","000","00","026","2607","2295","316","213","103","6","322","769","0","41.87","27.7"
"65","000","00","026","2607","2296","436","265","171","34","470","962","0","48.86","27.55"
"65","000","00","026","2608","0000","749","508","241","60","809","2046","0","39.54","24.83"
"65","000","00","026","2608","2293","404","267","137","19","423","1091","0","38.77","24.47"
"65","000","00","026","2608","2294","345","241","104","41","386","955","0","40.42","25.24"
"65","000","00","026","2609","0000","415","278","137","38","453","900","0","50.33","30.89"
"65","000","00","026","2609","2288","231","164","67","10","241","485","0","49.69","33.81"
"65","000","00","026","2609","2289","184","114","70","28","212","415","0","51.08","27.47"
"65","000","00","026","2610","0000","351","249","102","16","367","739","0","49.66","33.69"
"65","000","00","026","2610","2297","199","143","56","7","206","390","0","52.82","36.67"
"65","000","00","026","2610","2298","152","106","46","9","161","349","0","46.13","30.37"
"65","000","00","026","2611","0000","343","241","102","37","380","1003","0","37.89","24.03"
"65","000","00","026","2611","2299","187","135","52","26","213","508","0","41.93","26.57"
"65","000","00","026","2611","2300","156","106","50","11","167","495","0","33.74","21.41"
"65","000","00","027","0000","0000","8961","6061","2900","688","9649","18978","21821","50.84","31.94"
"65","000","00","027","2701","0000","239","172","67","23","262","481","0","54.47","35.76"
"65","000","00","027","2701","2301","239","172","67","23","262","481","0","54.47","35.76"
"65","000","00","027","2702","0000","349","233","116","31","380","715","0","53.15","32.59"
"65","000","00","027","2702","2302","349","233","116","31","380","715","0","53.15","32.59"
"65","000","00","027","2703","0000","194","147","47","20","214","481","0","44.49","30.56"
"65","000","00","027","2703","2303","194","147","47","20","214","481","0","44.49","30.56"
"65","000","00","027","2704","0000","777","573","204","65","842","1792","0","46.99","31.98"
"65","000","00","027","2704","2304","777","573","204","65","842","1792","0","46.99","31.98"
"65","000","00","027","2705","0000","1882","1245","637","111","1993","3791","0","52.57","32.84"
"65","000","00","027","2705","2305","861","589","272","55","916","1781","0","51.43","33.07"
"65","000","00","027","2705","2306","1021","656","365","56","1077","2010","0","53.58","32.64"
"65","000","00","027","2706","0000","861","571","290","50","911","1716","0","53.09","33.28"
"65","000","00","027","2706","2310","407","272","135","30","437","828","0","52.78","32.85"
"65","000","00","027","2706","2311","454","299","155","20","474","888","0","53.38","33.67"
"65","000","00","027","2707","0000","558","376","182","54","612","1211","0","50.54","31.05"
"65","000","00","027","2707","2312","558","376","182","54","612","1211","0","50.54","31.05"
"65","000","00","027","2708","0000","230","160","70","9","239","416","0","57.45","38.46"
"65","000","00","027","2708","2313","230","160","70","9","239","416","0","57.45","38.46"
"65","000","00","027","2709","0000","367","250","117","32","399","682","0","58.5","36.66"
"65","000","00","027","2709","2314","367","250","117","32","399","682","0","58.5","36.66"
"65","000","00","027","2710","0000","313","219","94","36","349","644","0","54.19","34.01"
"65","000","00","027","2710","2315","313","219","94","36","349","644","0","54.19","34.01"
"65","000","00","027","2711","0000","379","275","104","32","411","830","0","49.52","33.13"
"65","000","00","027","2711","2316","379","275","104","32","411","830","0","49.52","33.13"
"65","000","00","027","2712","0000","234","151","83","29","263","469","0","56.08","32.2"
"65","000","00","027","2712","2318","234","151","83","29","263","469","0","56.08","32.2"
"65","000","00","027","2713","0000","91","59","32","9","100","188","0","53.19","31.38"
"65","000","00","027","2713","2317","91","59","32","9","100","188","0","53.19","31.38"
"65","000","00","027","2714","0000","189","139","50","29","218","582","0","37.46","23.88"
"65","000","00","027","2714","2319","189","139","50","29","218","582","0","37.46","23.88"
"65","000","00","027","2715","0000","2298","1491","807","158","2456","4980","0","49.32","29.94"
"65","000","00","027","2715","2307","718","482","236","53","771","1572","0","49.05","30.66"
"65","000","00","027","2715","2308","854","539","315","51","905","1777","0","50.93","30.33"
"65","000","00","027","2715","2309","726","470","256","54","780","1631","0","47.82","28.82"
"65","000","00","028","0000","0000","9013","6308","2705","645","9658","19297","22102","50.05","32.69"
"65","000","00","028","2801","0000","2154","1449","705","108","2262","4309","0","52.49","33.63"
"65","000","00","028","2801","2320","662","470","192","37","699","1286","0","54.35","36.55"
"65","000","00","028","2801","2321","817","538","279","44","861","1576","0","54.63","34.14"
"65","000","00","028","2801","2322","675","441","234","27","702","1447","0","48.51","30.48"
"65","000","00","028","2802","0000","1084","779","305","85","1169","2532","0","46.17","30.77"
"65","000","00","028","2802","2325","433","298","135","44","477","1215","0","39.26","24.53"
"65","000","00","028","2802","2326","651","481","170","41","692","1317","0","52.54","36.52"
"65","000","00","028","2803","0000","1395","1010","385","101","1496","3226","0","46.37","31.31"
"65","000","00","028","2803","2327","718","531","187","37","755","1676","0","45.05","31.68"
"65","000","00","028","2803","2328","677","479","198","64","741","1550","0","47.81","30.9"
"65","000","00","028","2804","0000","1441","992","449","105","1546","2705","0","57.15","36.67"
"65","000","00","028","2804","2329","544","377","167","43","587","945","0","62.12","39.89"
"65","000","00","028","2804","2330","897","615","282","62","959","1760","0","54.49","34.94"
"65","000","00","028","2805","0000","271","192","79","18","289","570","0","50.7","33.68"
"65","000","00","028","2805","2331","271","192","79","18","289","570","0","50.7","33.68"
"65","000","00","028","2806","0000","448","295","153","30","478","952","0","50.21","30.99"
"65","000","00","028","2806","2332","448","295","153","30","478","952","0","50.21","30.99"
"65","000","00","028","2807","0000","354","260","94","42","396","674","0","58.75","38.58"
"65","000","00","028","2807","2333","354","260","94","42","396","674","0","58.75","38.58"
"65","000","00","028","2808","0000","195","130","65","19","214","405","0","52.84","32.1"
"65","000","00","028","2808","2334","195","130","65","19","214","405","0","52.84","32.1"
"65","000","00","028","2809","0000","504","366","138","45","549","1089","0","50.41","33.61"
"65","000","00","028","2809","2335","504","366","138","45","549","1089","0","50.41","33.61"
"65","000","00","028","2810","0000","1167","835","332","92","1259","2835","0","44.41","29.45"
"65","000","00","028","2810","2323","618","447","171","52","670","1466","0","45.7","30.49"
"65","000","00","028","2810","2324","549","388","161","40","589","1369","0","43.02","28.34"
"65","000","00","029","0000","0000","2808","2001","807","86","2894","5264","6383","54.98","38.01"
"65","000","00","029","2901","0000","1183","837","346","28","1211","2367","0","51.16","35.36"
"65","000","00","029","2901","2203","592","409","183","14","606","1198","0","50.58","34.14"
"65","000","00","029","2901","2204","591","428","163","14","605","1169","0","51.75","36.61"
"65","000","00","029","2902","0000","921","645","276","29","950","1568","0","60.59","41.14"
"65","000","00","029","2902","2202","921","645","276","29","950","1568","0","60.59","41.14"
"65","000","00","029","2903","0000","313","229","84","13","326","615","0","53.01","37.24"
"65","000","00","029","2903","2207","313","229","84","13","326","615","0","53.01","37.24"
"65","000","00","029","2904","0000","266","198","68","15","281","486","0","57.82","40.74"
"65","000","00","029","2904","2206","266","198","68","15","281","486","0","57.82","40.74"
"65","000","00","029","2905","0000","125","92","33","1","126","228","0","55.26","40.35"
"65","000","00","029","2905","2205","125","92","33","1","126","228","0","55.26","40.35"
"68","000","00","000","0000","0000","897250","605777","291473","36632","933882","1801823","2215615","51.83","33.62"
"68","000","00","001","0000","0000","176407","114447","61960","6601","183008","359790","446246","50.87","31.81"
"68","000","00","001","0101","0000","350","214","136","14","364","690","0","52.75","31.01"
"68","000","00","001","0101","0032","350","214","136","14","364","690","0","52.75","31.01"
"68","000","00","001","0102","0000","746","478","268","42","788","1353","0","58.24","35.33"
"68","000","00","001","0102","0034","746","478","268","42","788","1353","0","58.24","35.33"
"68","000","00","001","0103","0000","707","438","269","32","739","1582","0","46.71","27.69"
"68","000","00","001","0103","0043","707","438","269","32","739","1582","0","46.71","27.69"
"68","000","00","001","0104","0000","3121","2001","1120","135","3256","6636","0","49.07","30.15"
"68","000","00","001","0104","0001","763","485","278","42","805","1593","0","50.53","30.45"
"68","000","00","001","0104","0002","824","507","317","32","856","1934","0","44.26","26.22"
"68","000","00","001","0104","0003","873","573","300","44","917","1661","0","55.21","34.5"
"68","000","00","001","0104","0004","661","436","225","17","678","1448","0","46.82","30.11"
"68","000","00","001","0105","0000","1611","1031","580","41","1652","3483","0","47.43","29.6"
"68","000","00","001","0105","0190","831","546","285","22","853","1790","0","47.65","30.5"
"68","000","00","001","0105","0191","780","485","295","19","799","1693","0","47.19","28.65"
"68","000","00","001","0106","0000","4179","2820","1359","108","4287","9063","0","47.3","31.12"
"68","000","00","001","0106","0204","872","640","232","29","901","1796","0","50.17","35.63"
"68","000","00","001","0106","0205","896","574","322","16","912","1878","0","48.56","30.56"
"68","000","00","001","0106","0206","825","554","271","27","852","1729","0","49.28","32.04"
"68","000","00","001","0106","0207","821","556","265","17","838","1843","0","45.47","30.17"
"68","000","00","001","0106","0208","765","496","269","19","784","1817","0","43.15","27.3"
"68","000","00","001","0107","0000","559","360","199","29","588","1028","0","57.2","35.02"
"68","000","00","001","0107","0044","559","360","199","29","588","1028","0","57.2","35.02"
"68","000","00","001","0108","0000","696","437","259","44","740","1452","0","50.96","30.1"
"68","000","00","001","0108","0036","696","437","259","44","740","1452","0","50.96","30.1"
"68","000","00","001","0109","0000","836","555","281","47","883","1681","0","52.53","33.02"
"68","000","00","001","0109","0037","836","555","281","47","883","1681","0","52.53","33.02"
"68","000","00","001","0110","0000","2496","1645","851","101","2597","5078","0","51.14","32.39"
"68","000","00","001","0110","0187","798","495","303","36","834","1764","0","47.28","28.06"
"68","000","00","001","0110","0188","981","688","293","50","1031","1899","0","54.29","36.23"
"68","000","00","001","0110","0189","717","462","255","15","732","1415","0","51.73","32.65"
"68","000","00","001","0111","0000","2251","1461","790","121","2372","4509","0","52.61","32.4"
"68","000","00","001","0111","0113","635","406","229","46","681","1308","0","52.06","31.04"
"68","000","00","001","0111","0114","772","515","257","38","810","1583","0","51.17","32.53"
"68","000","00","001","0111","0115","844","540","304","37","881","1618","0","54.45","33.37"
"68","000","00","001","0112","0000","2136","1385","751","92","2228","4668","0","47.73","29.67"
"68","000","00","001","0112","0131","772","471","301","39","811","1689","0","48.02","27.89"
"68","000","00","001","0112","0132","676","447","229","19","695","1542","0","45.07","28.99"
"68","000","00","001","0112","0133","688","467","221","34","722","1437","0","50.24","32.5"
"68","000","00","001","0113","0000","1486","951","535","49","1535","2928","0","52.42","32.48"
"68","000","00","001","0113","0193","666","429","237","17","683","1434","0","47.63","29.92"
"68","000","00","001","0113","0194","820","522","298","32","852","1494","0","57.03","34.94"
"68","000","00","001","0114","0000","910","591","319","39","949","1916","0","49.53","30.85"
"68","000","00","001","0114","0192","910","591","319","39","949","1916","0","49.53","30.85"
"68","000","00","001","0115","0000","533","366","167","21","554","979","0","56.59","37.39"
"68","000","00","001","0115","0209","533","366","167","21","554","979","0","56.59","37.39"
"68","000","00","001","0116","0000","1686","1096","590","59","1745","3565","0","48.95","30.74"
"68","000","00","001","0116","0134","845","540","305","25","870","1679","0","51.82","32.16"
"68","000","00","001","0116","0135","841","556","285","34","875","1886","0","46.39","29.48"
"68","000","00","001","0117","0000","1250","836","414","70","1320","2210","0","59.73","37.83"
"68","000","00","001","0117","0105","667","462","205","29","696","1149","0","60.57","40.21"
"68","000","00","001","0117","0106","583","374","209","41","624","1061","0","58.81","35.25"
"68","000","00","001","0118","0000","1512","1024","488","72","1584","3058","0","51.8","33.49"
"68","000","00","001","0118","0127","947","645","302","47","994","1995","0","49.82","32.33"
"68","000","00","001","0118","0128","565","379","186","25","590","1063","0","55.5","35.65"
"68","000","00","001","0119","0000","735","498","237","28","763","1587","0","48.08","31.38"
"68","000","00","001","0119","0041","735","498","237","28","763","1587","0","48.08","31.38"
"68","000","00","001","0120","0000","746","482","264","50","796","1375","0","57.89","35.05"
"68","000","00","001","0120","0028","746","482","264","50","796","1375","0","57.89","35.05"
"68","000","00","001","0121","0000","485","309","176","31","516","852","0","60.56","36.27"
"68","000","00","001","0121","0033","485","309","176","31","516","852","0","60.56","36.27"
"68","000","00","001","0122","0000","4608","2996","1612","175","4783","9234","0","51.8","32.45"
"68","000","00","001","0122","0155","888","560","328","24","912","1807","0","50.47","30.99"
"68","000","00","001","0122","0156","930","615","315","34","964","1857","0","51.91","33.12"
"68","000","00","001","0122","0157","840","566","274","54","894","1589","0","56.26","35.62"
"68","000","00","001","0122","0158","1030","660","370","31","1061","2088","0","50.81","31.61"
"68","000","00","001","0122","0159","920","595","325","32","952","1893","0","50.29","31.43"
"68","000","00","001","0123","0000","3441","2188","1253","77","3518","6570","0","53.55","33.3"
"68","000","00","001","0123","0050","774","513","261","21","795","1489","0","53.39","34.45"
"68","000","00","001","0123","0051","1024","622","402","14","1038","1821","0","57.0","34.16"
"68","000","00","001","0123","0052","754","489","265","17","771","1563","0","49.33","31.29"
"68","000","00","001","0123","0053","889","564","325","25","914","1697","0","53.86","33.24"
"68","000","00","001","0124","0000","2935","1963","972","142","3077","6075","0","50.65","32.31"
"68","000","00","001","0124","0151","699","468","231","36","735","1569","0","46.85","29.83"
"68","000","00","001","0124","0152","726","498","228","50","776","1505","0","51.56","33.09"
"68","000","00","001","0124","0153","729","488","241","34","763","1496","0","51.0","32.62"
"68","000","00","001","0124","0154","781","509","272","22","803","1505","0","53.36","33.82"
"68","000","00","001","0125","0000","759","484","275","40","799","1451","0","55.07","33.36"
"68","000","00","001","0125","0042","759","484","275","40","799","1451","0","55.07","33.36"
"68","000","00","001","0126","0000","2903","1913","990","113","3016","5866","0","51.41","32.61"
"68","000","00","001","0126","0045","927","609","318","39","966","1934","0","49.95","31.49"
"68","000","00","001","0126","0046","525","351","174","34","559","1016","0","55.02","34.55"
"68","000","00","001","0126","0047","560","370","190","24","584","1079","0","54.12","34.29"
"68","000","00","001","0126","0048","891","583","308","16","907","1837","0","49.37","31.74"
"68","000","00","001","0127","0000","712","486","226","42","754","1390","0","54.24","34.96"
"68","000","00","001","0127","0049","712","486","226","42","754","1390","0","54.24","34.96"
"68","000","00","001","0128","0000","2471","1618","853","142","2613","4944","0","52.85","32.73"
"68","000","00","001","0128","0081","779","498","281","56","835","1449","0","57.63","34.37"
"68","000","00","001","0128","0082","824","536","288","50","874","1803","0","48.47","29.73"
"68","000","00","001","0128","0083","868","584","284","36","904","1692","0","53.43","34.52"
"68","000","00","001","0129","0000","2346","1564","782","84","2430","4421","0","54.96","35.38"
"68","000","00","001","0129","0060","640","437","203","29","669","1115","0","60.0","39.19"
"68","000","00","001","0129","0061","830","524","306","33","863","1562","0","55.25","33.55"
"68","000","00","001","0129","0062","876","603","273","22","898","1744","0","51.49","34.58"
"68","000","00","001","0130","0000","2605","1654","951","86","2691","5152","0","52.23","32.1"
"68","000","00","001","0130","0057","857","511","346","28","885","1766","0","50.11","28.94"
"68","000","00","001","0130","0058","806","541","265","31","837","1555","0","53.83","34.79"
"68","000","00","001","0130","0059","942","602","340","27","969","1831","0","52.92","32.88"
"68","000","00","001","0131","0000","666","448","218","17","683","1698","0","40.22","26.38"
"68","000","00","001","0131","0035","666","448","218","17","683","1698","0","40.22","26.38"
"68","000","00","001","0132","0000","3134","1998","1136","120","3254","5981","0","54.41","33.41"
"68","000","00","001","0132","0013","742","457","285","39","781","1482","0","52.7","30.84"
"68","000","00","001","0132","0014","748","487","261","36","784","1423","0","55.09","34.22"
"68","000","00","001","0132","0015","808","487","321","29","837","1509","0","55.47","32.27"
"68","000","00","001","0132","0016","836","567","269","16","852","1567","0","54.37","36.18"
"68","000","00","001","0133","0000","3001","1745","1256","116","3117","5805","0","53.7","30.06"
"68","000","00","001","0133","0020","746","270","476","39","785","1399","0","56.11","19.3"
"68","000","00","001","0133","0021","828","519","309","33","861","1540","0","55.91","33.7"
"68","000","00","001","0133","0022","787","525","262","20","807","1638","0","49.27","32.05"
"68","000","00","001","0133","0023","640","431","209","24","664","1228","0","54.07","35.1"
"68","000","00","001","0134","0000","2486","1603","883","104","2590","4781","0","54.17","33.53"
"68","000","00","001","0134","0038","800","521","279","44","844","1669","0","50.57","31.22"
"68","000","00","001","0134","0039","856","560","296","24","880","1530","0","57.52","36.6"
"68","000","00","001","0134","0040","830","522","308","36","866","1582","0","54.74","33.0"
"68","000","00","001","0135","0000","1624","1076","548","111","1735","3529","0","49.16","30.49"
"68","000","00","001","0135","0086","551","346","205","38","589","1173","0","50.21","29.5"
"68","000","00","001","0135","0087","572","387","185","21","593","1162","0","51.03","33.3"
"68","000","00","001","0135","0088","501","343","158","52","553","1194","0","46.31","28.73"
"68","000","00","001","0136","0000","2674","1764","910","100","2774","5705","0","48.62","30.92"
"68","000","00","001","0136","0092","860","584","276","42","902","1780","0","50.67","32.81"
"68","000","00","001","0136","0093","847","544","303","28","875","1904","0","45.96","28.57"
"68","000","00","001","0136","0094","967","636","331","30","997","2021","0","49.33","31.47"
"68","000","00","001","0137","0000","1902","1200","702","67","1969","3870","0","50.88","31.01"
"68","000","00","001","0137","0185","952","602","350","35","987","1925","0","51.27","31.27"
"68","000","00","001","0137","0186","950","598","352","32","982","1945","0","50.49","30.75"
"68","000","00","001","0138","0000","2234","1427","807","112","2346","4271","0","54.93","33.41"
"68","000","00","001","0138","0195","674","444","230","49","723","1311","0","55.15","33.87"
"68","000","00","001","0138","0196","750","492","258","40","790","1476","0","53.52","33.33"
"68","000","00","001","0138","0197","810","491","319","23","833","1484","0","56.13","33.09"
"68","000","00","001","0139","0000","1015","658","357","52","1067","1970","0","54.16","33.4"
"68","000","00","001","0139","0202","546","353","193","30","576","1015","0","56.75","34.78"
"68","000","00","001","0139","0203","469","305","164","22","491","955","0","51.41","31.94"
"68","000","00","001","0140","0000","2682","1770","912","93","2775","5333","0","52.03","33.19"
"68","000","00","001","0140","0029","922","617","305","29","951","1743","0","54.56","35.4"
"68","000","00","001","0140","0030","883","578","305","32","915","1862","0","49.14","31.04"
"68","000","00","001","0140","0031","877","575","302","32","909","1728","0","52.6","33.28"
"68","000","00","001","0141","0000","3080","2059","1021","163","3243","6230","0","52.05","33.05"
"68","000","00","001","0141","0024","786","524","262","44","830","1649","0","50.33","31.78"
"68","000","00","001","0141","0025","802","547","255","34","836","1601","0","52.22","34.17"
"68","000","00","001","0141","0026","704","445","259","53","757","1477","0","51.25","30.13"
"68","000","00","001","0141","0027","788","543","245","32","820","1503","0","54.56","36.13"
"68","000","00","001","0142","0000","2416","1583","833","129","2545","5170","0","49.23","30.62"
"68","000","00","001","0142","0010","756","493","263","42","798","1590","0","50.19","31.01"
"68","000","00","001","0142","0011","792","507","285","36","828","1637","0","50.58","30.97"
"68","000","00","001","0142","0012","868","583","285","51","919","1943","0","47.3","30.01"
"68","000","00","001","0143","0000","2404","1512","892","123","2527","5024","0","50.3","30.1"
"68","000","00","001","0143","0007","855","521","334","24","879","1800","0","48.83","28.94"
"68","000","00","001","0143","0008","836","531","305","39","875","1598","0","54.76","33.23"
"68","000","00","001","0143","0009","713","460","253","60","773","1626","0","47.54","28.29"
"68","000","00","001","0144","0000","2138","1393","745","78","2216","4160","0","53.27","33.49"
"68","000","00","001","0144","0017","677","466","211","32","709","1305","0","54.33","35.71"
"68","000","00","001","0144","0018","671","437","234","28","699","1416","0","49.36","30.86"
"68","000","00","001","0144","0019","790","490","300","18","808","1439","0","56.15","34.05"
"68","000","00","001","0145","0000","2382","1559","823","55","2437","4197","0","58.07","37.15"
"68","000","00","001","0145","0173","901","617","284","13","914","1432","0","63.83","43.09"
"68","000","00","001","0145","0174","788","496","292","32","820","1421","0","57.71","34.9"
"68","000","00","001","0145","0175","693","446","247","10","703","1344","0","52.31","33.18"
"68","000","00","001","0146","0000","2453","1601","852","107","2560","5384","0","47.55","29.74"
"68","000","00","001","0146","0182","790","531","259","32","822","1860","0","44.19","28.55"
"68","000","00","001","0146","0183","825","537","288","44","869","1726","0","50.35","31.11"
"68","000","00","001","0146","0184","838","533","305","31","869","1798","0","48.33","29.64"
"68","000","00","001","0147","0000","2925","1955","970","101","3026","6097","0","49.63","32.06"
"68","000","00","001","0147","0198","749","481","268","24","773","1514","0","51.06","31.77"
"68","000","00","001","0147","0199","724","509","215","28","752","1446","0","52.01","35.2"
"68","000","00","001","0147","0200","758","507","251","24","782","1573","0","49.71","32.23"
"68","000","00","001","0147","0201","694","458","236","25","719","1564","0","45.97","29.28"
"68","000","00","001","0148","0000","3268","2129","1139","134","3402","6901","0","49.3","30.85"
"68","000","00","001","0148","0139","886","570","316","50","936","1846","0","50.7","30.88"
"68","000","00","001","0148","0140","754","509","245","26","780","1644","0","47.45","30.96"
"68","000","00","001","0148","0141","774","494","280","29","803","1674","0","47.97","29.51"
"68","000","00","001","0148","0142","854","556","298","29","883","1737","0","50.83","32.01"
"68","000","00","001","0149","0000","2781","1797","984","81","2862","5873","0","48.73","30.6"
"68","000","00","001","0149","0107","837","528","309","31","868","1831","0","47.41","28.84"
"68","000","00","001","0149","0108","1032","682","350","37","1069","2168","0","49.31","31.46"
"68","000","00","001","0149","0109","912","587","325","13","925","1874","0","49.36","31.32"
"68","000","00","001","0150","0000","4121","2702","1419","138","4259","8384","0","50.8","32.23"
"68","000","00","001","0150","0116","1012","628","384","48","1060","2127","0","49.84","29.53"
"68","000","00","001","0150","0117","964","625","339","20","984","2033","0","48.4","30.74"
"68","000","00","001","0150","0118","1036","698","338","30","1066","2098","0","50.81","33.27"
"68","000","00","001","0150","0119","1109","751","358","40","1149","2126","0","54.05","35.32"
"68","000","00","001","0151","0000","4176","2671","1505","119","4295","8396","0","51.16","31.81"
"68","000","00","001","0151","0146","865","558","307","34","899","1774","0","50.68","31.45"
"68","000","00","001","0151","0147","844","568","276","24","868","1666","0","52.1","34.09"
"68","000","00","001","0151","0148","786","508","278","13","799","1528","0","52.29","33.25"
"68","000","00","001","0151","0149","825","525","300","33","858","1709","0","50.2","30.72"
"68","000","00","001","0151","0150","856","512","344","15","871","1719","0","50.67","29.78"
"68","000","00","001","0152","0000","1463","945","518","62","1525","2598","0","58.7","36.37"
"68","000","00","001","0152","0079","752","476","276","42","794","1404","0","56.55","33.9"
"68","000","00","001","0152","0080","711","469","242","20","731","1194","0","61.22","39.28"
"68","000","00","001","0153","0000","1896","1254","642","64","1960","3728","0","52.58","33.64"
"68","000","00","001","0153","0084","978","645","333","28","1006","1913","0","52.59","33.72"
"68","000","00","001","0153","0085","918","609","309","36","954","1815","0","52.56","33.55"
"68","000","00","001","0154","0000","1848","1195","653","70","1918","3914","0","49.0","30.53"
"68","000","00","001","0154","0074","910","591","319","35","945","1949","0","48.49","30.32"
"68","000","00","001","0154","0075","938","604","334","35","973","1965","0","49.52","30.74"
"68","000","00","001","0155","0000","3071","2027","1044","116","3187","6512","0","48.94","31.13"
"68","000","00","001","0155","0076","1051","685","366","37","1088","2414","0","45.07","28.38"
"68","000","00","001","0155","0077","961","643","318","31","992","1942","0","51.08","33.11"
"68","000","00","001","0155","0078","1059","699","360","48","1107","2156","0","51.35","32.42"
"68","000","00","001","0156","0000","2354","1604","750","68","2422","4845","0","49.99","33.11"
"68","000","00","001","0156","0095","777","547","230","25","802","1545","0","51.91","35.4"
"68","000","00","001","0156","0096","751","506","245","28","779","1617","0","48.18","31.29"
"68","000","00","001","0156","0097","826","551","275","15","841","1683","0","49.97","32.74"
"68","000","00","001","0157","0000","2739","1817","922","61","2800","5884","0","47.59","30.88"
"68","000","00","001","0157","0176","884","592","292","18","902","1942","0","46.45","30.48"
"68","000","00","001","0157","0177","986","661","325","23","1009","2001","0","50.42","33.03"
"68","000","00","001","0157","0178","869","564","305","20","889","1941","0","45.8","29.06"
"68","000","00","001","0158","0000","3656","2119","1537","148","3804","8196","0","46.41","25.85"
"68","000","00","001","0158","0213","1027","679","348","44","1071","2164","0","49.49","31.38"
"68","000","00","001","0158","0214","935","603","332","40","975","2020","0","48.27","29.85"
"68","000","00","001","0158","0215","834","556","278","27","861","1924","0","44.75","28.9"
"68","000","00","001","0158","0216","860","281","579","37","897","2088","0","42.96","13.46"
"68","000","00","001","0159","0000","3389","2290","1099","117","3506","9237","0","37.96","24.79"
"68","000","00","001","0159","0101","890","584","306","28","918","1873","0","49.01","31.18"
"68","000","00","001","0159","0102","732","499","233","25","757","3687","0","20.53","13.53"
"68","000","00","001","0159","0103","874","621","253","36","910","1850","0","49.19","33.57"
"68","000","00","001","0159","0104","893","586","307","28","921","1827","0","50.41","32.07"
"68","000","00","001","0160","0000","2534","1683","851","86","2620","5084","0","51.53","33.1"
"68","000","00","001","0160","0089","859","558","301","41","900","1695","0","53.1","32.92"
"68","000","00","001","0160","0090","876","571","305","24","900","1797","0","50.08","31.78"
"68","000","00","001","0160","0091","799","554","245","21","820","1592","0","51.51","34.8"
"68","000","00","001","0161","0000","3622","2231","1391","111","3733","7274","0","51.32","30.67"
"68","000","00","001","0161","0123","829","424","405","30","859","1691","0","50.8","25.07"
"68","000","00","001","0161","0124","944","608","336","18","962","1900","0","50.63","32.0"
"68","000","00","001","0161","0125","891","576","315","45","936","1761","0","53.15","32.71"
"68","000","00","001","0161","0126","958","623","335","18","976","1922","0","50.78","32.41"
"68","000","00","001","0162","0000","2717","1712","1005","111","2828","5712","0","49.51","29.97"
"68","000","00","001","0162","0063","848","517","331","23","871","1838","0","47.39","28.13"
"68","000","00","001","0162","0064","987","635","352","42","1029","1889","0","54.47","33.62"
"68","000","00","001","0162","0065","882","560","322","46","928","1985","0","46.75","28.21"
"68","000","00","001","0163","0000","2475","1577","898","88","2563","4811","0","53.27","32.78"
"68","000","00","001","0163","0136","840","532","308","49","889","1657","0","53.65","32.11"
"68","000","00","001","0163","0137","717","453","264","18","735","1349","0","54.48","33.58"
"68","000","00","001","0163","0138","918","592","326","21","939","1805","0","52.02","32.8"
"68","000","00","001","0164","0000","2421","1541","880","75","2496","4605","0","54.2","33.46"
"68","000","00","001","0164","0054","908","595","313","32","940","1740","0","54.02","34.2"
"68","000","00","001","0164","0055","834","551","283","27","861","1626","0","52.95","33.89"
"68","000","00","001","0164","0056","679","395","284","16","695","1239","0","56.09","31.88"
"68","000","00","001","0165","0000","2581","1674","907","92","2673","4555","0","58.68","36.75"
"68","000","00","001","0165","0066","840","551","289","34","874","1524","0","57.35","36.15"
"68","000","00","001","0165","0067","846","545","301","27","873","1425","0","61.26","38.25"
"68","000","00","001","0165","0068","895","578","317","31","926","1606","0","57.66","35.99"
"68","000","00","001","0166","0000","2227","1477","750","49","2276","4066","0","55.98","36.33"
"68","000","00","001","0166","0069","1143","773","370","23","1166","2056","0","56.71","37.6"
"68","000","00","001","0166","0070","1084","704","380","26","1110","2010","0","55.22","35.02"
"68","000","00","001","0167","0000","2310","1503","807","95","2405","4702","0","51.15","31.97"
"68","000","00","001","0167","0143","807","533","274","35","842","1566","0","53.77","34.04"
"68","000","00","001","0167","0144","778","499","279","34","812","1517","0","53.53","32.89"
"68","000","00","001","0167","0145","725","471","254","26","751","1619","0","46.39","29.09"
"68","000","00","001","0168","0000","2947","1876","1071","63","3010","5893","0","51.08","31.83"
"68","000","00","001","0168","0168","1207","771","436","28","1235","2204","0","56.03","34.98"
"68","000","00","001","0168","0169","914","535","379","18","932","2033","0","45.84","26.32"
"68","000","00","001","0168","0170","826","570","256","17","843","1656","0","50.91","34.42"
"68","000","00","001","0169","0000","2247","1428","819","64","2311","4541","0","50.89","31.45"
"68","000","00","001","0169","0110","686","436","250","19","705","1524","0","46.26","28.61"
"68","000","00","001","0169","0111","792","500","292","17","809","1528","0","52.95","32.72"
"68","000","00","001","0169","0112","769","492","277","28","797","1489","0","53.53","33.04"
"68","000","00","001","0170","0000","2783","1789","994","84","2867","5371","0","53.38","33.31"
"68","000","00","001","0170","0071","1076","713","363","33","1109","2245","0","49.4","31.76"
"68","000","00","001","0170","0072","812","479","333","32","844","1590","0","53.08","30.13"
"68","000","00","001","0170","0073","895","597","298","19","914","1536","0","59.51","38.87"
"68","000","00","001","0171","0000","2795","1867","928","86","2881","5717","0","50.39","32.66"
"68","000","00","001","0171","0098","961","657","304","43","1004","1834","0","54.74","35.82"
"68","000","00","001","0171","0099","954","613","341","29","983","2055","0","47.83","29.83"
"68","000","00","001","0171","0100","880","597","283","14","894","1828","0","48.91","32.66"
"68","000","00","001","0172","0000","2868","1881","987","94","2962","5843","0","50.69","32.19"
"68","000","00","001","0172","0120","908","624","284","41","949","1917","0","49.5","32.55"
"68","000","00","001","0172","0121","954","608","346","28","982","1997","0","49.17","30.45"
"68","000","00","001","0172","0122","1006","649","357","25","1031","1929","0","53.45","33.64"
"68","000","00","001","0173","0000","1631","1035","596","44","1675","3158","0","53.04","32.77"
"68","000","00","001","0173","0129","702","463","239","29","731","1412","0","51.77","32.79"
"68","000","00","001","0173","0130","929","572","357","15","944","1746","0","54.07","32.76"
"68","000","00","001","0174","0000","3731","2471","1260","105","3836","7902","0","48.54","31.27"
"68","000","00","001","0174","0164","994","683","311","20","1014","2103","0","48.22","32.48"
"68","000","00","001","0174","0165","945","612","333","20","965","1943","0","49.67","31.5"
"68","000","00","001","0174","0166","945","612","333","33","978","1927","0","50.75","31.76"
"68","000","00","001","0174","0167","847","564","283","32","879","1929","0","45.57","29.24"
"68","000","00","001","0175","0000","2744","1787","957","103","2847","5729","0","49.69","31.19"
"68","000","00","001","0175","0160","580","394","186","24","604","1303","0","46.35","30.24"
"68","000","00","001","0175","0161","724","463","261","34","758","1416","0","53.53","32.7"
"68","000","00","001","0175","0162","645","419","226","23","668","1351","0","49.44","31.01"
"68","000","00","001","0175","0163","795","511","284","22","817","1659","0","49.25","30.8"
"68","000","00","001","0176","0000","1672","1067","605","73","1745","3450","0","50.58","30.93"
"68","000","00","001","0176","0171","824","529","295","44","868","1712","0","50.7","30.9"
"68","000","00","001","0176","0172","848","538","310","29","877","1738","0","50.46","30.96"
"68","000","00","001","0177","0000","1728","1128","600","90","1818","3856","0","47.15","29.25"
"68","000","00","001","0177","0005","919","586","333","34","953","1974","0","48.28","29.69"
"68","000","00","001","0177","0006","809","542","267","56","865","1882","0","45.96","28.8"
"68","000","00","001","0178","0000","2462","1595","867","79","2541","4835","0","52.55","32.99"
"68","000","00","001","0178","0179","898","563","335","28","926","1702","0","54.41","33.08"
"68","000","00","001","0178","0180","793","504","289","26","819","1589","0","51.54","31.72"
"68","000","00","001","0178","0181","771","528","243","25","796","1544","0","51.55","34.2"
"68","000","00","001","0179","0000","2123","1380","743","57","2180","4217","0","51.7","32.72"
"68","000","00","001","0179","0210","709","445","264","15","724","1363","0","53.12","32.65"
"68","000","00","001","0179","0211","776","521","255","18","794","1546","0","51.36","33.7"
"68","000","00","001","0179","0212","638","414","224","24","662","1308","0","50.61","31.65"
"68","000","00","002","0000","0000","170880","115927","54953","6498","177378","334402","411135","53.04","34.67"
"68","000","00","002","0201","0000","1361","988","373","92","1453","2916","0","49.83","33.88"
"68","000","00","002","0201","0617","625","470","155","33","658","1329","0","49.51","35.36"
"68","000","00","002","0201","0618","736","518","218","59","795","1587","0","50.09","32.64"
"68","000","00","002","0202","0000","2808","1971","837","88","2896","5418","0","53.45","36.38"
"68","000","00","002","0202","0614","1005","699","306","31","1036","1818","0","56.99","38.45"
"68","000","00","002","0202","0615","971","681","290","27","998","1991","0","50.13","34.2"
"68","000","00","002","0202","0616","832","591","241","30","862","1609","0","53.57","36.73"
"68","000","00","002","0203","0000","1552","1102","450","91","1643","3033","0","54.17","36.33"
"68","000","00","002","0203","0654","817","568","249","41","858","1588","0","54.03","35.77"
"68","000","00","002","0203","0655","735","534","201","50","785","1445","0","54.33","36.96"
"68","000","00","002","0204","0000","477","319","158","29","506","943","0","53.66","33.83"
"68","000","00","002","0204","0763","477","319","158","29","506","943","0","53.66","33.83"
"68","000","00","002","0205","0000","1090","766","324","58","1148","2152","0","53.35","35.59"
"68","000","00","002","0205","0689","526","382","144","18","544","1087","0","50.05","35.14"
"68","000","00","002","0205","0690","564","384","180","40","604","1065","0","56.71","36.06"
"68","000","00","002","0206","0000","2137","1416","721","102","2239","4283","0","52.28","33.06"
"68","000","00","002","0206","0691","944","643","301","49","993","1844","0","53.85","34.87"
"68","000","00","002","0206","0692","560","375","185","28","588","1220","0","48.2","30.74"
"68","000","00","002","0206","0693","633","398","235","25","658","1219","0","53.98","32.65"
"68","000","00","002","0207","0000","2588","1729","859","95","2683","5415","0","49.55","31.93"
"68","000","00","002","0207","0771","986","665","321","44","1030","2156","0","47.77","30.84"
"68","000","00","002","0207","0772","684","459","225","24","708","1479","0","47.87","31.03"
"68","000","00","002","0207","0773","918","605","313","27","945","1780","0","53.09","33.99"
"68","000","00","002","0208","0000","2488","1849","639","102","2590","5136","0","50.43","36.0"
"68","000","00","002","0208","0679","794","572","222","25","819","1659","0","49.37","34.48"
"68","000","00","002","0208","0680","913","673","240","56","969","1874","0","51.71","35.91"
"68","000","00","002","0208","0681","781","604","177","21","802","1603","0","50.03","37.68"
"68","000","00","002","0209","0000","1795","1077","718","61","1856","3474","0","53.43","31.0"
"68","000","00","002","0209","0675","820","446","374","45","865","1659","0","52.14","26.88"
"68","000","00","002","0209","0676","975","631","344","16","991","1815","0","54.6","34.77"
"68","000","00","002","0210","0000","1909","1354","555","78","1987","3758","0","52.87","36.03"
"68","000","00","002","0210","0662","751","541","210","27","778","1489","0","52.25","36.33"
"68","000","00","002","0210","0663","438","302","136","24","462","827","0","55.86","36.52"
"68","000","00","002","0210","0664","720","511","209","27","747","1442","0","51.8","35.44"
"68","000","00","002","0211","0000","2323","1784","539","80","2403","4303","0","55.84","41.46"
"68","000","00","002","0211","0602","727","534","193","30","757","1281","0","59.09","41.69"
"68","000","00","002","0211","0603","811","557","254","19","830","1462","0","56.77","38.1"
"68","000","00","002","0211","0604","785","693","92","31","816","1560","0","52.31","44.42"
"68","000","00","002","0212","0000","2678","1865","813","91","2769","5378","0","51.49","34.68"
"68","000","00","002","0212","0619","985","685","300","14","999","1955","0","51.1","35.04"
"68","000","00","002","0212","0620","841","582","259","49","890","1711","0","52.02","34.02"
"68","000","00","002","0212","0621","852","598","254","28","880","1712","0","51.4","34.93"
"68","000","00","002","0213","0000","1759","1160","599","56","1815","3009","0","60.32","38.55"
"68","000","00","002","0213","0652","928","614","314","28","956","1625","0","58.83","37.78"
"68","000","00","002","0213","0653","831","546","285","28","859","1384","0","62.07","39.45"
"68","000","00","002","0214","0000","1081","686","395","53","1134","2061","0","55.02","33.28"
"68","000","00","002","0214","0754","442","292","150","24","466","852","0","54.69","34.27"
"68","000","00","002","0214","0755","639","394","245","29","668","1209","0","55.25","32.59"
"68","000","00","002","0215","0000","2019","1330","689","73","2092","3498","0","59.81","38.02"
"68","000","00","002","0215","0721","833","551","282","22","855","1384","0","61.78","39.81"
"68","000","00","002","0215","0722","615","403","212","20","635","1122","0","56.6","35.92"
"68","000","00","002","0215","0723","571","376","195","31","602","992","0","60.69","37.9"
"68","000","00","002","0216","0000","2146","1454","692","50","2196","4141","0","53.03","35.11"
"68","000","00","002","0216","0627","654","450","204","19","673","1201","0","56.04","37.47"
"68","000","00","002","0216","0628","707","468","239","18","725","1353","0","53.58","34.59"
"68","000","00","002","0216","0629","785","536","249","13","798","1587","0","50.28","33.77"
"68","000","00","002","0217","0000","1791","1183","608","61","1852","5573","0","33.23","21.23"
"68","000","00","002","0217","0642","694","458","236","24","718","3474","0","20.67","13.18"
"68","000","00","002","0217","0643","1097","725","372","37","1134","2099","0","54.03","34.54"
"68","000","00","002","0218","0000","1655","1109","546","43","1698","3540","0","47.97","31.33"
"68","000","00","002","0218","0648","947","636","311","26","973","1900","0","51.21","33.47"
"68","000","00","002","0218","0649","708","473","235","17","725","1640","0","44.21","28.84"
"68","000","00","002","0219","0000","2418","1681","737","78","2496","4845","0","51.52","34.7"
"68","000","00","002","0219","0667","781","534","247","37","818","1764","0","46.37","30.27"
"68","000","00","002","0219","0668","816","592","224","12","828","1488","0","55.65","39.78"
"68","000","00","002","0219","0669","821","555","266","29","850","1593","0","53.36","34.84"
"68","000","00","002","0220","0000","1583","1083","500","49","1632","3362","0","48.54","32.21"
"68","000","00","002","0220","0665","869","591","278","24","893","1842","0","48.48","32.08"
"68","000","00","002","0220","0666","714","492","222","25","739","1520","0","48.62","32.37"
"68","000","00","002","0221","0000","1690","1126","564","64","1754","3334","0","52.61","33.77"
"68","000","00","002","0221","0732","948","645","303","33","981","1951","0","50.28","33.06"
"68","000","00","002","0221","0733","742","481","261","31","773","1383","0","55.89","34.78"
"68","000","00","002","0222","0000","2347","1458","889","111","2458","4872","0","50.45","29.93"
"68","000","00","002","0222","0787","512","338","174","50","562","1097","0","51.23","30.81"
"68","000","00","002","0222","0788","909","572","337","28","937","1917","0","48.88","29.84"
"68","000","00","002","0222","0789","926","548","378","33","959","1858","0","51.61","29.49"
"68","000","00","002","0223","0000","1270","842","428","53","1323","2506","0","52.79","33.6"
"68","000","00","002","0223","0673","590","376","214","30","620","1249","0","49.64","30.1"
"68","000","00","002","0223","0674","680","466","214","23","703","1257","0","55.93","37.07"
"68","000","00","002","0224","0000","2005","1327","678","90","2095","3776","0","55.48","35.14"
"68","000","00","002","0224","0768","533","360","173","29","562","1028","0","54.67","35.02"
"68","000","00","002","0224","0769","661","453","208","25","686","1157","0","59.29","39.15"
"68","000","00","002","0224","0770","811","514","297","36","847","1591","0","53.24","32.31"
"68","000","00","002","0225","0000","1832","1224","608","58","1890","3667","0","51.54","33.38"
"68","000","00","002","0225","0724","925","590","335","27","952","1820","0","52.31","32.42"
"68","000","00","002","0225","0725","907","634","273","31","938","1847","0","50.79","34.33"
"68","000","00","002","0226","0000","1885","1235","650","103","1988","3712","0","53.56","33.27"
"68","000","00","002","0226","0696","879","559","320","62","941","1733","0","54.3","32.26"
"68","000","00","002","0226","0697","1006","676","330","41","1047","1979","0","52.91","34.16"
"68","000","00","002","0227","0000","3497","2274","1223","111","3608","6638","0","54.35","34.26"
"68","000","00","002","0227","0716","912","585","327","28","940","1798","0","52.28","32.54"
"68","000","00","002","0227","0717","1001","673","328","41","1042","1822","0","57.19","36.94"
"68","000","00","002","0227","0718","851","568","283","17","868","1613","0","53.81","35.21"
"68","000","00","002","0227","0719","733","448","285","25","758","1405","0","53.95","31.89"
"68","000","00","002","0228","0000","421","278","143","23","444","731","0","60.74","38.03"
"68","000","00","002","0228","0764","421","278","143","23","444","731","0","60.74","38.03"
"68","000","00","002","0229","0000","2463","1766","697","133","2596","4672","0","55.57","37.8"
"68","000","00","002","0229","0608","837","610","227","51","888","1627","0","54.58","37.49"
"68","000","00","002","0229","0609","827","578","249","32","859","1519","0","56.55","38.05"
"68","000","00","002","0229","0610","799","578","221","50","849","1526","0","55.64","37.88"
"68","000","00","002","0230","0000","1383","976","407","66","1449","2836","0","51.09","34.41"
"68","000","00","002","0230","0658","757","510","247","32","789","1546","0","51.03","32.99"
"68","000","00","002","0230","0659","626","466","160","34","660","1290","0","51.16","36.12"
"68","000","00","002","0231","0000","1869","1276","593","98","1967","3544","0","55.5","36.0"
"68","000","00","002","0231","0737","937","625","312","52","989","1703","0","58.07","36.7"
"68","000","00","002","0231","0738","932","651","281","46","978","1841","0","53.12","35.36"
"68","000","00","002","0232","0000","1781","1161","620","37","1818","3507","0","51.84","33.11"
"68","000","00","002","0232","0752","974","632","342","19","993","1987","0","49.97","31.81"
"68","000","00","002","0232","0753","807","529","278","18","825","1520","0","54.28","34.8"
"68","000","00","002","0233","0000","4223","2930","1293","128","4351","8947","0","48.63","32.75"
"68","000","00","002","0233","0701","907","640","267","29","936","1943","0","48.17","32.94"
"68","000","00","002","0233","0702","695","460","235","23","718","1363","0","52.68","33.75"
"68","000","00","002","0233","0703","949","649","300","37","986","2172","0","45.4","29.88"
"68","000","00","002","0233","0704","852","609","243","27","879","1798","0","48.89","33.87"
"68","000","00","002","0233","0705","820","572","248","12","832","1671","0","49.79","34.23"
"68","000","00","002","0234","0000","4312","2923","1389","158","4470","8663","0","51.6","33.74"
"68","000","00","002","0234","0709","794","552","242","31","825","1923","0","42.9","28.71"
"68","000","00","002","0234","0710","863","587","276","38","901","1572","0","57.32","37.34"
"68","000","00","002","0234","0711","1000","684","316","21","1021","1850","0","55.19","36.97"
"68","000","00","002","0234","0712","782","523","259","37","819","1583","0","51.74","33.04"
"68","000","00","002","0234","0713","873","577","296","31","904","1735","0","52.1","33.26"
"68","000","00","002","0235","0000","1022","681","341","46","1068","1957","0","54.57","34.8"
"68","000","00","002","0235","0758","1022","681","341","46","1068","1957","0","54.57","34.8"
"68","000","00","002","0236","0000","3778","2493","1285","132","3910","7473","0","52.32","33.36"
"68","000","00","002","0236","0741","918","647","271","23","941","1636","0","57.52","39.55"
"68","000","00","002","0236","0742","837","573","264","37","874","1528","0","57.2","37.5"
"68","000","00","002","0236","0743","1053","667","386","47","1100","2289","0","48.06","29.14"
"68","000","00","002","0236","0744","970","606","364","25","995","2020","0","49.26","30.0"
"68","000","00","002","0237","0000","2398","1621","777","66","2464","4365","0","56.45","37.14"
"68","000","00","002","0237","0636","706","478","228","17","723","1368","0","52.85","34.94"
"68","000","00","002","0237","0637","833","581","252","28","861","1424","0","60.46","40.8"
"68","000","00","002","0237","0638","859","562","297","21","880","1573","0","55.94","35.73"
"68","000","00","002","0238","0000","920","597","323","57","977","1730","0","56.47","34.51"
"68","000","00","002","0238","0720","920","597","323","57","977","1730","0","56.47","34.51"
"68","000","00","002","0239","0000","2562","1799","763","141","2703","4878","0","55.41","36.88"
"68","000","00","002","0239","0611","809","570","239","64","873","1618","0","53.96","35.23"
"68","000","00","002","0239","0612","872","565","307","34","906","1554","0","58.3","36.36"
"68","000","00","002","0239","0613","881","664","217","43","924","1706","0","54.16","38.92"
"68","000","00","002","0240","0000","529","338","191","32","561","1011","0","55.49","33.43"
"68","000","00","002","0240","0766","529","338","191","32","561","1011","0","55.49","33.43"
"68","000","00","002","0241","0000","1491","986","505","68","1559","3045","0","51.2","32.38"
"68","000","00","002","0241","0756","764","503","261","45","809","1481","0","54.63","33.96"
"68","000","00","002","0241","0757","727","483","244","23","750","1564","0","47.95","30.88"
"68","000","00","002","0242","0000","2361","1531","830","84","2445","4841","0","50.51","31.63"
"68","000","00","002","0242","0591","751","484","267","18","769","1401","0","54.89","34.55"
"68","000","00","002","0242","0592","864","564","300","34","898","1798","0","49.94","31.37"
"68","000","00","002","0242","0593","746","483","263","32","778","1642","0","47.38","29.42"
"68","000","00","002","0243","0000","2794","1796","998","136","2930","6378","0","45.94","28.16"
"68","000","00","002","0243","0798","981","637","344","65","1046","2068","0","50.58","30.8"
"68","000","00","002","0243","0799","860","555","305","34","894","2152","0","41.54","25.79"
"68","000","00","002","0243","0800","953","604","349","37","990","2158","0","45.88","27.99"
"68","000","00","002","0244","0000","3073","2067","1006","114","3187","6013","0","53.0","34.38"
"68","000","00","002","0244","0779","738","488","250","26","764","1426","0","53.58","34.22"
"68","000","00","002","0244","0780","767","522","245","26","793","1618","0","49.01","32.26"
"68","000","00","002","0244","0781","754","519","235","31","785","1441","0","54.48","36.02"
"68","000","00","002","0244","0782","814","538","276","31","845","1528","0","55.3","35.21"
"68","000","00","002","0245","0000","858","585","273","26","884","1532","0","57.7","38.19"
"68","000","00","002","0245","0767","858","585","273","26","884","1532","0","57.7","38.19"
"68","000","00","002","0246","0000","1646","1103","543","81","1727","3344","0","51.64","32.98"
"68","000","00","002","0246","0785","775","523","252","40","815","1534","0","53.13","34.09"
"68","000","00","002","0246","0786","871","580","291","41","912","1810","0","50.39","32.04"
"68","000","00","002","0247","0000","2759","1857","902","140","2899","5162","0","56.16","35.97"
"68","000","00","002","0247","0793","1057","696","361","63","1120","2037","0","54.98","34.17"
"68","000","00","002","0247","0794","656","446","210","34","690","1158","0","59.59","38.51"
"68","000","00","002","0247","0795","1046","715","331","43","1089","1967","0","55.36","36.35"
"68","000","00","002","0248","0000","1486","1023","463","60","1546","3148","0","49.11","32.5"
"68","000","00","002","0248","0777","743","531","212","30","773","1609","0","48.04","33.0"
"68","000","00","002","0248","0778","743","492","251","30","773","1539","0","50.23","31.97"
"68","000","00","002","0249","0000","1848","1287","561","84","1932","3686","0","52.41","34.92"
"68","000","00","002","0249","0796","879","605","274","47","926","1830","0","50.6","33.06"
"68","000","00","002","0249","0797","969","682","287","37","1006","1856","0","54.2","36.75"
"68","000","00","002","0250","0000","448","297","151","43","491","851","0","57.7","34.9"
"68","000","00","002","0250","0765","448","297","151","43","491","851","0","57.7","34.9"
"68","000","00","002","0251","0000","2414","1563","851","98","2512","4643","0","54.1","33.66"
"68","000","00","002","0251","0790","841","481","360","38","879","1576","0","55.77","30.52"
"68","000","00","002","0251","0791","758","558","200","35","793","1478","0","53.65","37.75"
"68","000","00","002","0251","0792","815","524","291","25","840","1589","0","52.86","32.98"
"68","000","00","002","0252","0000","2394","1694","700","101","2495","4812","0","51.85","35.2"
"68","000","00","002","0252","0729","706","507","199","30","736","1234","0","59.64","41.09"
"68","000","00","002","0252","0730","968","687","281","43","1011","2023","0","49.98","33.96"
"68","000","00","002","0252","0731","720","500","220","28","748","1555","0","48.1","32.15"
"68","000","00","002","0253","0000","1470","1061","409","54","1524","2587","0","58.91","41.01"
"68","000","00","002","0253","0634","662","494","168","19","681","1177","0","57.86","41.97"
"68","000","00","002","0253","0635","808","567","241","35","843","1410","0","59.79","40.21"
"68","000","00","002","0254","0000","1543","1039","504","68","1611","2767","0","58.22","37.55"
"68","000","00","002","0254","0761","597","394","203","34","631","1066","0","59.19","36.96"
"68","000","00","002","0254","0762","946","645","301","34","980","1701","0","57.61","37.92"
"68","000","00","002","0255","0000","2703","1809","894","82","2785","5434","0","51.25","33.29"
"68","000","00","002","0255","0774","852","571","281","44","896","1651","0","54.27","34.59"
"68","000","00","002","0255","0775","986","663","323","26","1012","1870","0","54.12","35.45"
"68","000","00","002","0255","0776","865","575","290","12","877","1913","0","45.84","30.06"
"68","000","00","002","0256","0000","2873","1932","941","79","2952","5294","0","55.76","36.49"
"68","000","00","002","0256","0706","962","644","318","27","989","1969","0","50.23","32.71"
"68","000","00","002","0256","0707","955","648","307","28","983","1563","0","62.89","41.46"
"68","000","00","002","0256","0708","956","640","316","24","980","1762","0","55.62","36.32"
"68","000","00","002","0257","0000","2464","1646","818","65","2529","4543","0","55.67","36.23"
"68","000","00","002","0257","0698","874","577","297","18","892","1621","0","55.03","35.6"
"68","000","00","002","0257","0699","765","521","244","23","788","1391","0","56.65","37.46"
"68","000","00","002","0257","0700","825","548","277","24","849","1531","0","55.45","35.79"
"68","000","00","002","0258","0000","1550","1061","489","75","1625","2854","0","56.94","37.18"
"68","000","00","002","0258","0694","660","445","215","37","697","1260","0","55.32","35.32"
"68","000","00","002","0258","0695","890","616","274","38","928","1594","0","58.22","38.64"
"68","000","00","002","0259","0000","1340","854","486","43","1383","2557","0","54.09","33.4"
"68","000","00","002","0259","0714","668","406","262","21","689","1292","0","53.33","31.42"
"68","000","00","002","0259","0715","672","448","224","22","694","1265","0","54.86","35.42"
"68","000","00","002","0260","0000","1722","1188","534","50","1772","3331","0","53.2","35.66"
"68","000","00","002","0260","0630","988","697","291","34","1022","1883","0","54.28","37.02"
"68","000","00","002","0260","0631","734","491","243","16","750","1448","0","51.8","33.91"
"68","000","00","002","0261","0000","1862","1251","611","72","1934","3726","0","51.91","33.57"
"68","000","00","002","0261","0632","924","624","300","28","952","1810","0","52.6","34.48"
"68","000","00","002","0261","0633","938","627","311","44","982","1916","0","51.25","32.72"
"68","000","00","002","0262","0000","2569","1754","815","64","2633","4657","0","56.54","37.66"
"68","000","00","002","0262","0594","883","615","268","23","906","1670","0","54.25","36.83"
"68","000","00","002","0262","0595","791","535","256","18","809","1456","0","55.56","36.74"
"68","000","00","002","0262","0596","895","604","291","23","918","1531","0","59.96","39.45"
"68","000","00","002","0263","0000","1773","1248","525","51","1824","3576","0","51.01","34.9"
"68","000","00","002","0263","0597","907","620","287","25","932","1623","0","57.42","38.2"
"68","000","00","002","0263","0598","866","628","238","26","892","1953","0","45.67","32.16"
"68","000","00","002","0264","0000","1878","1258","620","107","1985","3628","0","54.71","34.67"
"68","000","00","002","0264","0783","859","574","285","52","911","1683","0","54.13","34.11"
"68","000","00","002","0264","0784","1019","684","335","55","1074","1945","0","55.22","35.17"
"68","000","00","002","0265","0000","2346","1679","667","71","2417","4082","0","59.21","41.13"
"68","000","00","002","0265","0605","908","651","257","25","933","1602","0","58.24","40.64"
"68","000","00","002","0265","0606","619","456","163","28","647","1006","0","64.31","45.33"
"68","000","00","002","0265","0607","819","572","247","18","837","1474","0","56.78","38.81"
"68","000","00","002","0266","0000","2309","1565","744","68","2377","4296","0","55.33","36.43"
"68","000","00","002","0266","0639","641","437","204","20","661","1152","0","57.38","37.93"
"68","000","00","002","0266","0640","655","436","219","17","672","1178","0","57.05","37.01"
"68","000","00","002","0266","0641","1013","692","321","31","1044","1966","0","53.1","35.2"
"68","000","00","002","0267","0000","1274","908","366","57","1331","2125","0","62.64","42.73"
"68","000","00","002","0267","0650","580","406","174","23","603","994","0","60.66","40.85"
"68","000","00","002","0267","0651","694","502","192","34","728","1131","0","64.37","44.39"
"68","000","00","002","0268","0000","2425","1677","748","64","2489","4658","0","53.43","36.0"
"68","000","00","002","0268","0670","787","531","256","16","803","1505","0","53.36","35.28"
"68","000","00","002","0268","0671","849","604","245","22","871","1661","0","52.44","36.36"
"68","000","00","002","0268","0672","789","542","247","26","815","1492","0","54.62","36.33"
"68","000","00","002","0269","0000","1442","943","499","77","1519","2575","0","58.99","36.62"
"68","000","00","002","0269","0644","628","415","213","36","664","1178","0","56.37","35.23"
"68","000","00","002","0269","0645","814","528","286","41","855","1397","0","61.2","37.8"
"68","000","00","002","0270","0000","1961","1314","647","78","2039","3756","0","54.29","34.98"
"68","000","00","002","0270","0646","889","564","325","39","928","1669","0","55.6","33.79"
"68","000","00","002","0270","0647","1072","750","322","39","1111","2087","0","53.23","35.94"
"68","000","00","002","0271","0000","1675","1164","511","90","1765","3596","0","49.08","32.37"
"68","000","00","002","0271","0660","982","728","254","65","1047","2145","0","48.81","33.94"
"68","000","00","002","0271","0661","693","436","257","25","718","1451","0","49.48","30.05"
"68","000","00","002","0272","0000","2715","1626","1089","87","2802","4686","0","59.8","34.7"
"68","000","00","002","0272","0622","794","558","236","42","836","1448","0","57.73","38.54"
"68","000","00","002","0272","0623","1148","527","621","37","1185","1605","0","73.83","32.83"
"68","000","00","002","0272","0624","773","541","232","8","781","1633","0","47.83","33.13"
"68","000","00","002","0273","0000","2847","1897","950","90","2937","5990","0","49.03","31.67"
"68","000","00","002","0273","0745","1043","708","335","38","1081","2027","0","53.33","34.93"
"68","000","00","002","0273","0746","814","528","286","18","832","1883","0","44.18","28.04"
"68","000","00","002","0273","0747","990","661","329","34","1024","2080","0","49.23","31.78"
"68","000","00","002","0274","0000","3115","2158","957","92","3207","5466","0","58.67","39.48"
"68","000","00","002","0274","0748","332","207","125","10","342","646","0","52.94","32.04"
"68","000","00","002","0274","0749","1067","743","324","38","1105","1780","0","62.08","41.74"
"68","000","00","002","0274","0750","777","568","209","16","793","1372","0","57.8","41.4"
"68","000","00","002","0274","0751","939","640","299","28","967","1668","0","57.97","38.37"
"68","000","00","002","0275","0000","1617","1133","484","49","1666","3555","0","46.86","31.87"
"68","000","00","002","0275","0656","780","559","221","34","814","1743","0","46.7","32.07"
"68","000","00","002","0275","0657","837","574","263","15","852","1812","0","47.02","31.68"
"68","000","00","002","0276","0000","1883","1303","580","54","1937","3484","0","55.6","37.4"
"68","000","00","002","0276","0625","980","664","316","39","1019","1795","0","56.77","36.99"
"68","000","00","002","0276","0626","903","639","264","15","918","1689","0","54.35","37.83"
"68","000","00","002","0277","0000","1735","1224","511","80","1815","3448","0","52.64","35.5"
"68","000","00","002","0277","0685","923","669","254","48","971","1739","0","55.84","38.47"
"68","000","00","002","0277","0686","812","555","257","32","844","1709","0","49.39","32.48"
"68","000","00","002","0278","0000","1745","1255","490","61","1806","3319","0","54.41","37.81"
"68","000","00","002","0278","0687","885","624","261","27","912","1655","0","55.11","37.7"
"68","000","00","002","0278","0688","860","631","229","34","894","1664","0","53.73","37.92"
"68","000","00","002","0279","0000","2374","1698","676","98","2472","4416","0","55.98","38.45"
"68","000","00","002","0279","0734","671","485","186","33","704","1164","0","60.48","41.67"
"68","000","00","002","0279","0735","794","559","235","23","817","1482","0","55.13","37.72"
"68","000","00","002","0279","0736","909","654","255","42","951","1770","0","53.73","36.95"
"68","000","00","002","0280","0000","1380","918","462","66","1446","2405","0","60.12","38.17"
"68","000","00","002","0280","0759","687","450","237","38","725","1223","0","59.28","36.79"
"68","000","00","002","0280","0760","693","468","225","28","721","1182","0","61.0","39.59"
"68","000","00","002","0281","0000","1645","1094","551","49","1694","3243","0","52.24","33.73"
"68","000","00","002","0281","0677","843","568","275","25","868","1702","0","51.0","33.37"
"68","000","00","002","0281","0678","802","526","276","24","826","1541","0","53.6","34.13"
"68","000","00","002","0282","0000","2293","1596","697","54","2347","4712","0","49.81","33.87"
"68","000","00","002","0282","0599","646","446","200","17","663","1155","0","57.4","38.61"
"68","000","00","002","0282","0600","811","577","234","23","834","1800","0","46.33","32.06"
"68","000","00","002","0282","0601","836","573","263","14","850","1757","0","48.38","32.61"
"68","000","00","002","0283","0000","2654","1771","883","71","2725","5423","0","50.25","32.66"
"68","000","00","002","0283","0682","845","575","270","36","881","1735","0","50.78","33.14"
"68","000","00","002","0283","0683","893","595","298","18","911","1815","0","50.19","32.78"
"68","000","00","002","0283","0684","916","601","315","17","933","1873","0","49.81","32.09"
"68","000","00","002","0284","0000","2143","1496","647","98","2241","3731","0","60.06","40.1"
"68","000","00","002","0284","0726","720","515","205","34","754","1302","0","57.91","39.55"
"68","000","00","002","0284","0727","665","462","203","33","698","1203","0","58.02","38.4"
"68","000","00","002","0284","0728","758","519","239","31","789","1226","0","64.36","42.33"
"68","000","00","002","0285","0000","2138","1387","751","62","2200","3970","0","55.42","34.94"
"68","000","00","002","0285","0739","1043","657","386","30","1073","1941","0","55.28","33.85"
"68","000","00","002","0285","0740","1095","730","365","32","1127","2029","0","55.54","35.98"
"68","000","00","003","0000","0000","39272","26867","12405","2276","41548","78285","94862","53.07","34.32"
"68","000","00","003","0301","0000","791","508","283","46","837","1477","0","56.67","34.39"
"68","000","00","003","0301","0522","791","508","283","46","837","1477","0","56.67","34.39"
"68","000","00","003","0302","0000","541","358","183","20","561","1006","0","55.77","35.59"
"68","000","00","003","0302","0523","541","358","183","20","561","1006","0","55.77","35.59"
"68","000","00","003","0303","0000","2225","1483","742","105","2330","4752","0","49.03","31.21"
"68","000","00","003","0303","0527","737","497","240","26","763","1585","0","48.14","31.36"
"68","000","00","003","0303","0528","791","510","281","46","837","1612","0","51.92","31.64"
"68","000","00","003","0303","0529","697","476","221","33","730","1555","0","46.95","30.61"
"68","000","00","003","0304","0000","2853","1914","939","169","3022","5544","0","54.51","34.52"
"68","000","00","003","0304","0530","737","486","251","38","775","1282","0","60.45","37.91"
"68","000","00","003","0304","0531","690","470","220","42","732","1392","0","52.59","33.76"
"68","000","00","003","0304","0532","688","461","227","36","724","1422","0","50.91","32.42"
"68","000","00","003","0304","0533","738","497","241","53","791","1448","0","54.63","34.32"
"68","000","00","003","0305","0000","734","477","257","44","778","1269","0","61.31","37.59"
"68","000","00","003","0305","0534","734","477","257","44","778","1269","0","61.31","37.59"
"68","000","00","003","0306","0000","534","351","183","56","590","977","0","60.39","35.93"
"68","000","00","003","0306","0535","534","351","183","56","590","977","0","60.39","35.93"
"68","000","00","003","0307","0000","1458","947","511","130","1588","3036","0","52.31","31.19"
"68","000","00","003","0307","0539","485","294","191","48","533","1056","0","50.47","27.84"
"68","000","00","003","0307","0540","607","409","198","46","653","1263","0","51.7","32.38"
"68","000","00","003","0307","0541","366","244","122","36","402","717","0","56.07","34.03"
"68","000","00","003","0308","0000","1021","690","331","83","1104","2275","0","48.53","30.33"
"68","000","00","003","0308","0542","528","356","172","33","561","1299","0","43.19","27.41"
"68","000","00","003","0308","0543","493","334","159","50","543","976","0","55.64","34.22"
"68","000","00","003","0309","0000","480","335","145","30","510","938","0","54.37","35.71"
"68","000","00","003","0309","0544","480","335","145","30","510","938","0","54.37","35.71"
"68","000","00","003","0310","0000","404","278","126","28","432","832","0","51.92","33.41"
"68","000","00","003","0310","0545","404","278","126","28","432","832","0","51.92","33.41"
"68","000","00","003","0311","0000","722","474","248","49","771","1359","0","56.73","34.88"
"68","000","00","003","0311","0536","722","474","248","49","771","1359","0","56.73","34.88"
"68","000","00","003","0312","0000","954","595","359","92","1046","1795","0","58.27","33.15"
"68","000","00","003","0312","0537","643","405","238","51","694","1135","0","61.15","35.68"
"68","000","00","003","0312","0538","311","190","121","41","352","660","0","53.33","28.79"
"68","000","00","003","0313","0000","1282","894","388","78","1360","2713","0","50.13","32.95"
"68","000","00","003","0313","0548","668","438","230","41","709","1410","0","50.28","31.06"
"68","000","00","003","0313","0549","614","456","158","37","651","1303","0","49.96","35.0"
"68","000","00","003","0314","0000","694","455","239","55","749","1560","0","48.01","29.17"
"68","000","00","003","0314","0546","380","266","114","23","403","866","0","46.54","30.72"
"68","000","00","003","0314","0547","314","189","125","32","346","694","0","49.86","27.23"
"68","000","00","003","0315","0000","1284","954","330","83","1367","2852","0","47.93","33.45"
"68","000","00","003","0315","0557","701","516","185","43","744","1446","0","51.45","35.68"
"68","000","00","003","0315","0558","583","438","145","40","623","1406","0","44.31","31.15"
"68","000","00","003","0316","0000","1337","1086","251","49","1386","2542","0","54.52","42.72"
"68","000","00","003","0316","0555","649","600","49","29","678","1173","0","57.8","51.15"
"68","000","00","003","0316","0556","688","486","202","20","708","1369","0","51.72","35.5"
"68","000","00","003","0317","0000","1922","1240","682","75","1997","3603","0","55.43","34.42"
"68","000","00","003","0317","0550","562","361","201","28","590","1125","0","52.44","32.09"
"68","000","00","003","0317","0551","620","404","216","23","643","1170","0","54.96","34.53"
"68","000","00","003","0317","0552","740","475","265","24","764","1308","0","58.41","36.31"
"68","000","00","003","0318","0000","2645","1837","808","95","2740","5012","0","54.67","36.65"
"68","000","00","003","0318","0562","849","593","256","18","867","1684","0","51.48","35.21"
"68","000","00","003","0318","0563","1045","705","340","45","1090","1959","0","55.64","35.99"
"68","000","00","003","0318","0564","751","539","212","32","783","1369","0","57.2","39.37"
"68","000","00","003","0319","0000","1436","997","439","63","1499","3088","0","48.54","32.29"
"68","000","00","003","0319","0565","766","529","237","41","807","1431","0","56.39","36.97"
"68","000","00","003","0319","0566","670","468","202","22","692","1657","0","41.76","28.24"
"68","000","00","003","0320","0000","737","505","232","20","757","1514","0","50.0","33.36"
"68","000","00","003","0320","0575","737","505","232","20","757","1514","0","50.0","33.36"
"68","000","00","003","0321","0000","2185","1434","751","194","2379","4947","0","48.09","28.99"
"68","000","00","003","0321","0570","712","464","248","72","784","1511","0","51.89","30.71"
"68","000","00","003","0321","0571","746","487","259","55","801","1719","0","46.6","28.33"
"68","000","00","003","0321","0572","727","483","244","67","794","1717","0","46.24","28.13"
"68","000","00","003","0322","0000","1921","1358","563","108","2029","3732","0","54.37","36.39"
"68","000","00","003","0322","0578","469","342","127","20","489","831","0","58.84","41.16"
"68","000","00","003","0322","0579","742","509","233","39","781","1407","0","55.51","36.18"
"68","000","00","003","0322","0580","710","507","203","49","759","1494","0","50.8","33.94"
"68","000","00","003","0323","0000","1209","842","367","112","1321","2395","0","55.16","35.16"
"68","000","00","003","0323","0573","585","403","182","61","646","1207","0","53.52","33.39"
"68","000","00","003","0323","0574","624","439","185","51","675","1188","0","56.82","36.95"
"68","000","00","003","0324","0000","1534","1091","443","70","1604","2789","0","57.51","39.12"
"68","000","00","003","0324","0576","820","580","240","40","860","1529","0","56.25","37.93"
"68","000","00","003","0324","0577","714","511","203","30","744","1260","0","59.05","40.56"
"68","000","00","003","0325","0000","2274","1516","758","139","2413","4508","0","53.53","33.63"
"68","000","00","003","0325","0524","765","533","232","49","814","1553","0","52.41","34.32"
"68","000","00","003","0325","0525","818","513","305","54","872","1597","0","54.6","32.12"
"68","000","00","003","0325","0526","691","470","221","36","727","1358","0","53.53","34.61"
"68","000","00","003","0326","0000","1933","1343","590","71","2004","3875","0","51.72","34.66"
"68","000","00","003","0326","0567","604","408","196","22","626","1387","0","45.13","29.42"
"68","000","00","003","0326","0568","554","382","172","23","577","1085","0","53.18","35.21"
"68","000","00","003","0326","0569","775","553","222","26","801","1403","0","57.09","39.42"
"68","000","00","003","0327","0000","2483","1723","760","122","2605","4648","0","56.05","37.07"
"68","000","00","003","0327","0559","830","590","240","30","860","1592","0","54.02","37.06"
"68","000","00","003","0327","0560","815","571","244","40","855","1497","0","57.11","38.14"
"68","000","00","003","0327","0561","838","562","276","52","890","1559","0","57.09","36.05"
"68","000","00","003","0328","0000","1679","1182","497","90","1769","3247","0","54.48","36.4"
"68","000","00","003","0328","0553","569","372","197","50","619","1094","0","56.58","34.0"
"68","000","00","003","0328","0554","1110","810","300","40","1150","2153","0","53.41","37.62"
"68","000","00","004","0000","0000","67870","47427","20443","2644","70514","137917","169991","51.13","34.39"
"68","000","00","004","0401","0000","1890","1351","539","58","1948","3705","0","52.58","36.46"
"68","000","00","004","0401","0960","968","702","266","31","999","1943","0","51.42","36.13"
"68","000","00","004","0401","0961","922","649","273","27","949","1762","0","53.86","36.83"
"68","000","00","004","0402","0000","570","400","170","21","591","1083","0","54.57","36.93"
"68","000","00","004","0402","0962","570","400","170","21","591","1083","0","54.57","36.93"
"68","000","00","004","0403","0000","1452","1052","400","72","1524","2633","0","57.88","39.95"
"68","000","00","004","0403","0964","689","484","205","46","735","1274","0","57.69","37.99"
"68","000","00","004","0403","0965","763","568","195","26","789","1359","0","58.06","41.8"
"68","000","00","004","0404","0000","2923","2032","891","77","3000","6964","0","43.08","29.18"
"68","000","00","004","0404","0966","838","573","265","32","870","2444","0","35.6","23.45"
"68","000","00","004","0404","0967","1006","702","304","29","1035","2298","0","45.04","30.55"
"68","000","00","004","0404","0968","1079","757","322","16","1095","2222","0","49.28","34.07"
"68","000","00","004","0405","0000","1664","1172","492","72","1736","3237","0","53.63","36.21"
"68","000","00","004","0405","0969","825","584","241","41","866","1610","0","53.79","36.27"
"68","000","00","004","0405","0970","839","588","251","31","870","1627","0","53.47","36.14"
"68","000","00","004","0406","0000","1200","838","362","62","1262","2776","0","45.46","30.19"
"68","000","00","004","0406","0973","737","528","209","41","778","1776","0","43.81","29.73"
"68","000","00","004","0406","0974","463","310","153","21","484","1000","0","48.4","31.0"
"68","000","00","004","0407","0000","2233","1586","647","109","2342","4112","0","56.96","38.57"
"68","000","00","004","0407","1003","789","582","207","28","817","1448","0","56.42","40.19"
"68","000","00","004","0407","1004","729","505","224","39","768","1351","0","56.85","37.38"
"68","000","00","004","0407","1005","715","499","216","42","757","1313","0","57.65","38.0"
"68","000","00","004","0408","0000","1347","929","418","51","1398","2602","0","53.73","35.7"
"68","000","00","004","0408","0989","615","429","186","30","645","1194","0","54.02","35.93"
"68","000","00","004","0408","0990","732","500","232","21","753","1408","0","53.48","35.51"
"68","000","00","004","0409","0000","1012","728","284","39","1051","2027","0","51.85","35.92"
"68","000","00","004","0409","0963","1012","728","284","39","1051","2027","0","51.85","35.92"
"68","000","00","004","0410","0000","1800","1305","495","48","1848","3300","0","56.0","39.55"
"68","000","00","004","0410","0956","884","611","273","19","903","1713","0","52.71","35.67"
"68","000","00","004","0410","0957","916","694","222","29","945","1587","0","59.55","43.73"
"68","000","00","004","0411","0000","783","553","230","34","817","1434","0","56.97","38.56"
"68","000","00","004","0411","0929","783","553","230","34","817","1434","0","56.97","38.56"
"68","000","00","004","0412","0000","634","470","164","22","656","1137","0","57.7","41.34"
"68","000","00","004","0412","0932","634","470","164","22","656","1137","0","57.7","41.34"
"68","000","00","004","0413","0000","2532","1781","751","104","2636","5314","0","49.6","33.52"
"68","000","00","004","0413","0936","778","539","239","39","817","1449","0","56.38","37.2"
"68","000","00","004","0413","0937","825","563","262","43","868","1877","0","46.24","29.99"
"68","000","00","004","0413","0938","929","679","250","22","951","1988","0","47.84","34.15"
"68","000","00","004","0414","0000","2073","1446","627","52","2125","4219","0","50.37","34.27"
"68","000","00","004","0414","0933","1086","761","325","25","1111","2211","0","50.25","34.42"
"68","000","00","004","0414","0934","987","685","302","27","1014","2008","0","50.5","34.11"
"68","000","00","004","0415","0000","1858","1250","608","37","1895","3730","0","50.8","33.51"
"68","000","00","004","0415","0942","902","603","299","20","922","1848","0","49.89","32.63"
"68","000","00","004","0415","0943","956","647","309","17","973","1882","0","51.7","34.38"
"68","000","00","004","0416","0000","1683","1215","468","55","1738","3657","0","47.53","33.22"
"68","000","00","004","0416","0991","753","535","218","31","784","1737","0","45.14","30.8"
"68","000","00","004","0416","0992","930","680","250","24","954","1920","0","49.69","35.42"
"68","000","00","004","0417","0000","1730","1208","522","72","1802","3378","0","53.35","35.76"
"68","000","00","004","0417","0997","873","617","256","42","915","1692","0","54.08","36.47"
"68","000","00","004","0417","0998","857","591","266","30","887","1686","0","52.61","35.05"
"68","000","00","004","0418","0000","2179","1582","597","121","2300","3923","0","58.63","40.33"
"68","000","00","004","0418","0926","668","468","200","41","709","1269","0","55.87","36.88"
"68","000","00","004","0418","0927","733","543","190","40","773","1246","0","62.04","43.58"
"68","000","00","004","0418","0928","778","571","207","40","818","1408","0","58.1","40.55"
"68","000","00","004","0419","0000","1524","1119","405","87","1611","3172","0","50.79","35.28"
"68","000","00","004","0419","0930","750","549","201","43","793","1515","0","52.34","36.24"
"68","000","00","004","0419","0931","774","570","204","44","818","1657","0","49.37","34.4"
"68","000","00","004","0420","0000","884","617","267","49","933","1861","0","50.13","33.15"
"68","000","00","004","0420","0977","884","617","267","49","933","1861","0","50.13","33.15"
"68","000","00","004","0421","0000","1740","1195","545","109","1849","3841","0","48.14","31.11"
"68","000","00","004","0421","0975","973","669","304","61","1034","2290","0","45.15","29.21"
"68","000","00","004","0421","0976","767","526","241","48","815","1551","0","52.55","33.91"
"68","000","00","004","0422","0000","1330","923","407","95","1425","2685","0","53.07","34.38"
"68","000","00","004","0422","0980","755","534","221","45","800","1498","0","53.4","35.65"
"68","000","00","004","0422","0981","575","389","186","50","625","1187","0","52.65","32.77"
"68","000","00","004","0423","0000","1795","1257","538","62","1857","3752","0","49.49","33.5"
"68","000","00","004","0423","1006","841","578","263","39","880","1689","0","52.1","34.22"
"68","000","00","004","0423","1007","954","679","275","23","977","2063","0","47.36","32.91"
"68","000","00","004","0424","0000","1385","975","410","70","1455","2694","0","54.01","36.19"
"68","000","00","004","0424","0982","670","471","199","40","710","1270","0","55.91","37.09"
"68","000","00","004","0424","0983","715","504","211","30","745","1424","0","52.32","35.39"
"68","000","00","004","0425","0000","2443","1664","779","112","2555","5412","0","47.21","30.75"
"68","000","00","004","0425","0986","794","496","298","54","848","1783","0","47.56","27.82"
"68","000","00","004","0425","0987","799","579","220","21","820","1709","0","47.98","33.88"
"68","000","00","004","0425","0988","850","589","261","37","887","1920","0","46.2","30.68"
"68","000","00","004","0426","0000","1656","1147","509","41","1697","3007","0","56.43","38.14"
"68","000","00","004","0426","0958","802","543","259","23","825","1416","0","58.26","38.35"
"68","000","00","004","0426","0959","854","604","250","18","872","1591","0","54.81","37.96"
"68","000","00","004","0427","0000","3045","2090","955","73","3118","6381","0","48.86","32.75"
"68","000","00","004","0427","0950","982","672","310","21","1003","2101","0","47.74","31.98"
"68","000","00","004","0427","0951","1057","706","351","31","1088","2054","0","52.97","34.37"
"68","000","00","004","0427","0952","1006","712","294","21","1027","2226","0","46.14","31.99"
"68","000","00","004","0428","0000","1838","1217","621","66","1904","3687","0","51.64","33.01"
"68","000","00","004","0428","0946","698","498","200","26","724","1562","0","46.35","31.88"
"68","000","00","004","0428","0947","1140","719","421","40","1180","2125","0","55.53","33.84"
"68","000","00","004","0429","0000","1613","1104","509","39","1652","3248","0","50.86","33.99"
"68","000","00","004","0429","0953","760","530","230","11","771","1405","0","54.88","37.72"
"68","000","00","004","0429","0954","853","574","279","28","881","1843","0","47.8","31.14"
"68","000","00","004","0430","0000","1722","1233","489","80","1802","3347","0","53.84","36.84"
"68","000","00","004","0430","0971","826","613","213","37","863","1589","0","54.31","38.58"
"68","000","00","004","0430","0972","896","620","276","43","939","1758","0","53.41","35.27"
"68","000","00","004","0431","0000","1761","1204","557","53","1814","3883","0","46.72","31.01"
"68","000","00","004","0431","0995","918","644","274","28","946","2020","0","46.83","31.88"
"68","000","00","004","0431","0996","843","560","283","25","868","1863","0","46.59","30.06"
"68","000","00","004","0432","0000","1777","1233","544","82","1859","3492","0","53.24","35.31"
"68","000","00","004","0432","1001","892","631","261","36","928","1603","0","57.89","39.36"
"68","000","00","004","0432","1002","885","602","283","46","931","1889","0","49.29","31.87"
"68","000","00","004","0433","0000","1659","1146","513","74","1733","3183","0","54.45","36.0"
"68","000","00","004","0433","0999","829","564","265","58","887","1626","0","54.55","34.69"
"68","000","00","004","0433","1000","830","582","248","16","846","1557","0","54.34","37.38"
"68","000","00","004","0434","0000","2810","1965","845","82","2892","5546","0","52.15","35.43"
"68","000","00","004","0434","0939","1026","702","324","26","1052","1931","0","54.48","36.35"
"68","000","00","004","0434","0940","926","652","274","31","957","1938","0","49.38","33.64"
"68","000","00","004","0434","0941","858","611","247","25","883","1677","0","52.65","36.43"
"68","000","00","004","0435","0000","975","671","304","28","1003","1911","0","52.49","35.11"
"68","000","00","004","0435","0935","975","671","304","28","1003","1911","0","52.49","35.11"
"68","000","00","004","0436","0000","1562","1076","486","32","1594","3479","0","45.82","30.93"
"68","000","00","004","0436","0944","624","426","198","10","634","1541","0","41.14","27.64"
"68","000","00","004","0436","0945","938","650","288","22","960","1938","0","49.54","33.54"
"68","000","00","004","0437","0000","1336","953","383","84","1420","2725","0","52.11","34.97"
"68","000","00","004","0437","0993","553","424","129","37","590","1234","0","47.81","34.36"
"68","000","00","004","0437","0994","783","529","254","47","830","1491","0","55.67","35.48"
"68","000","00","004","0438","0000","1313","932","381","90","1403","2926","0","47.95","31.85"
"68","000","00","004","0438","0978","488","323","165","52","540","1141","0","47.33","28.31"
"68","000","00","004","0438","0979","825","609","216","38","863","1785","0","48.35","34.12"
"68","000","00","004","0439","0000","995","683","312","33","1028","2324","0","44.23","29.39"
"68","000","00","004","0439","0955","995","683","312","33","1028","2324","0","44.23","29.39"
"68","000","00","004","0440","0000","1721","1238","483","56","1777","3323","0","53.48","37.26"
"68","000","00","004","0440","0948","851","597","254","37","888","1516","0","58.58","39.38"
"68","000","00","004","0440","0949","870","641","229","19","889","1807","0","49.2","35.47"
"68","000","00","004","0441","0000","1423","887","536","41","1464","2807","0","52.16","31.6"
"68","000","00","004","0441","0984","729","418","311","16","745","1273","0","58.52","32.84"
"68","000","00","004","0441","0985","694","469","225","25","719","1534","0","46.87","30.57"
"68","000","00","005","0000","0000","63820","42768","21052","2404","66224","129252","164057","51.24","33.09"
"68","000","00","005","0501","0000","1390","966","424","114","1504","2896","0","51.93","33.36"
"68","000","00","005","0501","0396","658","458","200","59","717","1358","0","52.8","33.73"
"68","000","00","005","0501","0397","732","508","224","55","787","1538","0","51.17","33.03"
"68","000","00","005","0502","0000","1743","1230","513","96","1839","3791","0","48.51","32.45"
"68","000","00","005","0502","0398","854","615","239","44","898","2118","0","42.4","29.04"
"68","000","00","005","0502","0399","889","615","274","52","941","1673","0","56.25","36.76"
"68","000","00","005","0503","0000","2262","1521","741","95","2357","4816","0","48.94","31.58"
"68","000","00","005","0503","0404","691","478","213","25","716","1446","0","49.52","33.06"
"68","000","00","005","0503","0405","731","491","240","49","780","1623","0","48.06","30.25"
"68","000","00","005","0503","0406","840","552","288","21","861","1747","0","49.28","31.6"
"68","000","00","005","0504","0000","2229","1541","688","70","2299","4687","0","49.05","32.88"
"68","000","00","005","0504","0411","1083","729","354","37","1120","2189","0","51.16","33.3"
"68","000","00","005","0504","0412","1146","812","334","33","1179","2498","0","47.2","32.51"
"68","000","00","005","0506","0000","1734","1145","589","100","1834","4088","0","44.86","28.01"
"68","000","00","005","0506","0414","799","530","269","47","846","1991","0","42.49","26.62"
"68","000","00","005","0506","0415","935","615","320","53","988","2097","0","47.11","29.33"
"68","000","00","005","0507","0000","1780","1187","593","55","1835","3567","0","51.44","33.28"
"68","000","00","005","0507","0430","943","651","292","32","975","1864","0","52.31","34.92"
"68","000","00","005","0507","0431","837","536","301","23","860","1703","0","50.5","31.47"
"68","000","00","005","0508","0000","1991","1292","699","51","2042","3815","0","53.53","33.87"
"68","000","00","005","0508","0432","954","621","333","29","983","1893","0","51.93","32.81"
"68","000","00","005","0508","0433","1037","671","366","22","1059","1922","0","55.1","34.91"
"68","000","00","005","0509","0000","1284","870","414","44","1328","2380","0","55.8","36.55"
"68","000","00","005","0509","0440","695","467","228","26","721","1181","0","61.05","39.54"
"68","000","00","005","0509","0441","589","403","186","18","607","1199","0","50.63","33.61"
"68","000","00","005","0510","0000","1263","886","377","75","1338","2521","0","53.07","35.14"
"68","000","00","005","0510","0459","548","379","169","19","567","1318","0","43.02","28.76"
"68","000","00","005","0510","0460","715","507","208","56","771","1203","0","64.09","42.14"
"68","000","00","005","0511","0000","823","553","270","22","845","1771","0","47.71","31.23"
"68","000","00","005","0511","0461","823","553","270","22","845","1771","0","47.71","31.23"
"68","000","00","005","0512","0000","1659","1138","521","95","1754","3595","0","48.79","31.66"
"68","000","00","005","0512","0462","833","574","259","32","865","1832","0","47.22","31.33"
"68","000","00","005","0512","0463","826","564","262","63","889","1763","0","50.43","31.99"
"68","000","00","005","0513","0000","650","415","235","24","674","1497","0","45.02","27.72"
"68","000","00","005","0513","0464","650","415","235","24","674","1497","0","45.02","27.72"
"68","000","00","005","0514","0000","891","604","287","102","993","1671","0","59.43","36.15"
"68","000","00","005","0514","0465","891","604","287","102","993","1671","0","59.43","36.15"
"68","000","00","005","0515","0000","1318","904","414","90","1408","2488","0","56.59","36.33"
"68","000","00","005","0515","0466","492","337","155","45","537","929","0","57.8","36.28"
"68","000","00","005","0515","0467","826","567","259","45","871","1559","0","55.87","36.37"
"68","000","00","005","0516","0000","1654","1147","507","71","1725","2938","0","58.71","39.04"
"68","000","00","005","0516","0468","784","541","243","29","813","1497","0","54.31","36.14"
"68","000","00","005","0516","0469","870","606","264","42","912","1441","0","63.29","42.05"
"68","000","00","005","0517","0000","1594","1056","538","37","1631","3161","0","51.6","33.41"
"68","000","00","005","0517","0428","789","530","259","21","810","1668","0","48.56","31.77"
"68","000","00","005","0517","0429","805","526","279","16","821","1493","0","54.99","35.23"
"68","000","00","005","0518","0000","2530","1631","899","82","2612","5039","0","51.84","32.37"
"68","000","00","005","0518","0416","822","532","290","29","851","1558","0","54.62","34.15"
"68","000","00","005","0518","0417","963","611","352","25","988","1891","0","52.25","32.31"
"68","000","00","005","0518","0418","745","488","257","28","773","1590","0","48.62","30.69"
"68","000","00","005","0519","0000","1247","845","402","50","1297","2588","0","50.12","32.65"
"68","000","00","005","0519","0438","626","435","191","23","649","1232","0","52.68","35.31"
"68","000","00","005","0519","0439","621","410","211","27","648","1356","0","47.79","30.24"
"68","000","00","005","0520","0000","1560","1047","513","49","1609","3150","0","51.08","33.24"
"68","000","00","005","0520","0436","841","569","272","15","856","1688","0","50.71","33.71"
"68","000","00","005","0520","0437","719","478","241","34","753","1462","0","51.5","32.69"
"68","000","00","005","0521","0000","698","465","233","24","722","1322","0","54.61","35.17"
"68","000","00","005","0521","0413","698","465","233","24","722","1322","0","54.61","35.17"
"68","000","00","005","0522","0000","1727","1171","556","62","1789","3425","0","52.23","34.19"
"68","000","00","005","0522","0407","992","662","330","36","1028","1988","0","51.71","33.3"
"68","000","00","005","0522","0408","735","509","226","26","761","1437","0","52.96","35.42"
"68","000","00","005","0523","0000","1528","1033","495","74","1602","2979","0","53.78","34.68"
"68","000","00","005","0523","0409","824","571","253","37","861","1532","0","56.2","37.27"
"68","000","00","005","0523","0410","704","462","242","37","741","1447","0","51.21","31.93"
"68","000","00","005","0524","0000","1643","1127","516","64","1707","3172","0","53.81","35.53"
"68","000","00","005","0524","0457","835","573","262","25","860","1483","0","57.99","38.64"
"68","000","00","005","0524","0458","808","554","254","39","847","1689","0","50.15","32.8"
"68","000","00","005","0525","0000","2167","1422","745","53","2220","4595","0","48.31","30.95"
"68","000","00","005","0525","0453","1301","873","428","28","1329","2727","0","48.73","32.01"
"68","000","00","005","0525","0454","866","549","317","25","891","1868","0","47.7","29.39"
"68","000","00","005","0526","0000","2060","1329","731","65","2125","4233","0","50.2","31.4"
"68","000","00","005","0526","0446","996","672","324","32","1028","2055","0","50.02","32.7"
"68","000","00","005","0526","0447","1064","657","407","33","1097","2178","0","50.37","30.17"
"68","000","00","005","0527","0000","1708","1135","573","48","1756","3551","0","49.45","31.96"
"68","000","00","005","0527","0425","807","524","283","25","832","1731","0","48.06","30.27"
"68","000","00","005","0527","0426","901","611","290","23","924","1820","0","50.77","33.57"
"68","000","00","005","0528","0000","2250","1530","720","76","2326","4926","0","47.22","31.06"
"68","000","00","005","0528","0419","1036","712","324","46","1082","2404","0","45.01","29.62"
"68","000","00","005","0528","0420","1214","818","396","30","1244","2522","0","49.33","32.43"
"68","000","00","005","0529","0000","1682","1116","566","51","1733","3348","0","51.76","33.33"
"68","000","00","005","0529","0421","823","548","275","21","844","1633","0","51.68","33.56"
"68","000","00","005","0529","0422","859","568","291","30","889","1715","0","51.84","33.12"
"68","000","00","005","0530","0000","850","565","285","32","882","1633","0","54.01","34.6"
"68","000","00","005","0530","0427","850","565","285","32","882","1633","0","54.01","34.6"
"68","000","00","005","0531","0000","2865","1861","1004","77","2942","5379","0","54.69","34.6"
"68","000","00","005","0531","0449","885","581","304","35","920","1667","0","55.19","34.85"
"68","000","00","005","0531","0450","931","602","329","13","944","1745","0","54.1","34.5"
"68","000","00","005","0531","0451","1049","678","371","29","1078","1967","0","54.8","34.47"
"68","000","00","005","0532","0000","1881","1227","654","59","1940","3511","0","55.25","34.95"
"68","000","00","005","0532","0448","888","557","331","38","926","1709","0","54.18","32.59"
"68","000","00","005","0532","0452","993","670","323","21","1014","1802","0","56.27","37.18"
"68","000","00","005","0533","0000","1569","1032","537","41","1610","3133","0","51.39","32.94"
"68","000","00","005","0533","0442","884","586","298","17","901","1710","0","52.69","34.27"
"68","000","00","005","0533","0443","685","446","239","24","709","1423","0","49.82","31.34"
"68","000","00","005","0534","0000","1542","1049","493","45","1587","3161","0","50.21","33.19"
"68","000","00","005","0534","0444","799","490","309","20","819","1522","0","53.81","32.19"
"68","000","00","005","0534","0445","743","559","184","25","768","1639","0","46.86","34.11"
"68","000","00","005","0535","0000","1465","1024","441","32","1497","2731","0","54.82","37.5"
"68","000","00","005","0535","0434","744","531","213","14","758","1393","0","54.41","38.12"
"68","000","00","005","0535","0435","721","493","228","18","739","1338","0","55.23","36.85"
"68","000","00","005","0536","0000","2154","1436","718","51","2205","4604","0","47.89","31.19"
"68","000","00","005","0536","0402","1114","756","358","34","1148","2250","0","51.02","33.6"
"68","000","00","005","0536","0403","1040","680","360","17","1057","2354","0","44.9","28.89"
"68","000","00","005","0537","0000","1682","1152","530","42","1724","3199","0","53.89","36.01"
"68","000","00","005","0537","0400","807","539","268","18","825","1500","0","55.0","35.93"
"68","000","00","005","0537","0401","875","613","262","24","899","1699","0","52.91","36.08"
"68","000","00","005","0538","0000","1575","1007","568","56","1631","3153","0","51.73","31.94"
"68","000","00","005","0538","0455","752","490","262","30","782","1537","0","50.88","31.88"
"68","000","00","005","0538","0456","823","517","306","26","849","1616","0","52.54","31.99"
"68","000","00","005","0539","0000","1970","1294","676","47","2017","4244","0","47.53","30.49"
"68","000","00","005","0539","0423","1017","660","357","19","1036","2215","0","46.77","29.8"
"68","000","00","005","0539","0424","953","634","319","28","981","2029","0","48.35","31.25"
"68","000","00","005","0540","0000","1202","815","387","83","1285","2494","0","51.52","32.68"
"68","000","00","005","0540","0470","701","479","222","51","752","1465","0","51.33","32.7"
"68","000","00","005","0540","0471","501","336","165","32","533","1029","0","51.8","32.65"
"68","000","00","006","0000","0000","35712","24004","11708","1452","37164","73900","90407","50.29","32.48"
"68","000","00","006","0601","0000","2928","1989","939","111","3039","6145","0","49.45","32.37"
"68","000","00","006","0601","0472","674","452","222","28","702","1538","0","45.64","29.39"
"68","000","00","006","0601","0473","645","441","204","18","663","1616","0","41.03","27.29"
"68","000","00","006","0601","0474","774","517","257","40","814","1437","0","56.65","35.98"
"68","000","00","006","0601","0475","835","579","256","25","860","1554","0","55.34","37.26"
"68","000","00","006","0602","0000","3133","2057","1076","152","3285","6471","0","50.76","31.79"
"68","000","00","006","0602","0476","607","377","230","29","636","1237","0","51.41","30.48"
"68","000","00","006","0602","0477","665","455","210","36","701","1347","0","52.04","33.78"
"68","000","00","006","0602","0478","631","396","235","26","657","1261","0","52.1","31.4"
"68","000","00","006","0602","0479","596","393","203","42","638","1256","0","50.8","31.29"
"68","000","00","006","0602","0480","634","436","198","19","653","1370","0","47.66","31.82"
"68","000","00","006","0603","0000","2017","1372","645","101","2118","4617","0","45.87","29.72"
"68","000","00","006","0603","0481","714","477","237","33","747","1610","0","46.4","29.63"
"68","000","00","006","0603","0482","673","462","211","41","714","1419","0","50.32","32.56"
"68","000","00","006","0603","0483","630","433","197","27","657","1588","0","41.37","27.27"
"68","000","00","006","0604","0000","777","507","270","41","818","1612","0","50.74","31.45"
"68","000","00","006","0604","0484","777","507","270","41","818","1612","0","50.74","31.45"
"68","000","00","006","0605","0000","4995","3243","1752","216","5211","10011","0","52.05","32.39"
"68","000","00","006","0605","0485","678","440","238","40","718","1440","0","49.86","30.56"
"68","000","00","006","0605","0486","623","399","224","27","650","1326","0","49.02","30.09"
"68","000","00","006","0605","0487","783","551","232","39","822","1455","0","56.49","37.87"
"68","000","00","006","0605","0488","789","518","271","51","840","1562","0","53.78","33.16"
"68","000","00","006","0605","0489","700","451","249","29","729","1284","0","56.78","35.12"
"68","000","00","006","0605","0490","678","415","263","15","693","1454","0","47.66","28.54"
"68","000","00","006","0605","0491","744","469","275","15","759","1490","0","50.94","31.48"
"68","000","00","006","0606","0000","2362","1613","749","94","2456","4861","0","50.52","33.18"
"68","000","00","006","0606","0492","749","510","239","25","774","1617","0","47.87","31.54"
"68","000","00","006","0606","0493","808","537","271","27","835","1594","0","52.38","33.69"
"68","000","00","006","0606","0494","805","566","239","42","847","1650","0","51.33","34.3"
"68","000","00","006","0607","0000","2873","1924","949","107","2980","5896","0","50.54","32.63"
"68","000","00","006","0607","0495","693","449","244","21","714","1467","0","48.67","30.61"
"68","000","00","006","0607","0496","741","498","243","25","766","1494","0","51.27","33.33"
"68","000","00","006","0607","0497","748","505","243","35","783","1538","0","50.91","32.83"
"68","000","00","006","0607","0498","691","472","219","26","717","1397","0","51.32","33.79"
"68","000","00","006","0608","0000","760","516","244","22","782","1637","0","47.77","31.52"
"68","000","00","006","0608","0499","760","516","244","22","782","1637","0","47.77","31.52"
"68","000","00","006","0610","0000","1506","1046","460","67","1573","2866","0","54.88","36.5"
"68","000","00","006","0610","0500","670","464","206","33","703","1452","0","48.42","31.96"
"68","000","00","006","0610","0501","836","582","254","34","870","1414","0","61.53","41.16"
"68","000","00","006","0611","0000","3235","2222","1013","65","3300","6871","0","48.03","32.34"
"68","000","00","006","0611","0502","852","596","256","22","874","1670","0","52.34","35.69"
"68","000","00","006","0611","0503","800","549","251","4","804","1701","0","47.27","32.28"
"68","000","00","006","0611","0504","783","545","238","20","803","1813","0","44.29","30.06"
"68","000","00","006","0611","0505","800","532","268","19","819","1687","0","48.55","31.54"
"68","000","00","006","0612","0000","1688","1113","575","38","1726","3206","0","53.84","34.72"
"68","000","00","006","0612","0506","836","562","274","6","842","1650","0","51.03","34.06"
"68","000","00","006","0612","0507","852","551","301","32","884","1556","0","56.81","35.41"
"68","000","00","006","0613","0000","807","532","275","17","824","1844","0","44.69","28.85"
"68","000","00","006","0613","0508","807","532","275","17","824","1844","0","44.69","28.85"
"68","000","00","006","0614","0000","1353","979","374","87","1440","2750","0","52.36","35.6"
"68","000","00","006","0614","0509","605","402","203","48","653","1336","0","48.88","30.09"
"68","000","00","006","0614","0510","748","577","171","39","787","1414","0","55.66","40.81"
"68","000","00","006","0615","0000","1416","976","440","72","1488","2465","0","60.37","39.59"
"68","000","00","006","0615","0511","710","481","229","38","748","1238","0","60.42","38.85"
"68","000","00","006","0615","0512","706","495","211","34","740","1227","0","60.31","40.34"
"68","000","00","006","0616","0000","1203","786","417","47","1250","2548","0","49.06","30.85"
"68","000","00","006","0616","0513","594","376","218","21","615","1199","0","51.29","31.36"
"68","000","00","006","0616","0514","609","410","199","26","635","1349","0","47.07","30.39"
"68","000","00","006","0617","0000","1100","721","379","53","1153","2200","0","52.41","32.77"
"68","000","00","006","0617","0515","549","352","197","31","580","1120","0","51.79","31.43"
"68","000","00","006","0617","0516","551","369","182","22","573","1080","0","53.06","34.17"
"68","000","00","006","0618","0000","1305","877","428","66","1371","2686","0","51.04","32.65"
"68","000","00","006","0618","0517","619","416","203","39","658","1341","0","49.07","31.02"
"68","000","00","006","0618","0518","686","461","225","27","713","1345","0","53.01","34.28"
"68","000","00","006","0619","0000","2254","1531","723","96","2350","5214","0","45.07","29.36"
"68","000","00","006","0619","0519","682","454","228","23","705","1565","0","45.05","29.01"
"68","000","00","006","0619","0520","635","423","212","23","658","1519","0","43.32","27.85"
"68","000","00","006","0619","0521","937","654","283","50","987","2130","0","46.34","30.7"
"68","000","00","007","0000","0000","62584","40956","21628","2587","65171","131702","160182","49.48","31.1"
"68","000","00","007","0701","0000","1891","1236","655","78","1969","3735","0","52.72","33.09"
"68","000","00","007","0701","0270","720","458","262","24","744","1455","0","51.13","31.48"
"68","000","00","007","0701","0271","1171","778","393","54","1225","2280","0","53.73","34.12"
"68","000","00","007","0702","0000","3300","2226","1074","160","3460","6706","0","51.6","33.19"
"68","000","00","007","0702","0231","1076","750","326","46","1122","2178","0","51.52","34.44"
"68","000","00","007","0702","0232","841","560","281","60","901","1672","0","53.89","33.49"
"68","000","00","007","0702","0233","655","446","209","27","682","1376","0","49.56","32.41"
"68","000","00","007","0702","0234","728","470","258","27","755","1480","0","51.01","31.76"
"68","000","00","007","0703","0000","2056","1372","684","98","2154","4353","0","49.48","31.52"
"68","000","00","007","0703","0261","433","288","145","19","452","841","0","53.75","34.24"
"68","000","00","007","0703","0262","998","664","334","48","1046","2284","0","45.8","29.07"
"68","000","00","007","0703","0263","625","420","205","31","656","1228","0","53.42","34.2"
"68","000","00","007","0704","0000","2878","1877","1001","122","3000","5735","0","52.31","32.73"
"68","000","00","007","0704","0235","656","450","206","35","691","1258","0","54.93","35.77"
"68","000","00","007","0704","0236","736","495","241","21","757","1464","0","51.71","33.81"
"68","000","00","007","0704","0237","890","570","320","51","941","1844","0","51.03","30.91"
"68","000","00","007","0704","0238","596","362","234","15","611","1169","0","52.27","30.97"
"68","000","00","007","0705","0000","1578","1051","527","65","1643","3253","0","50.51","32.31"
"68","000","00","007","0705","0245","906","611","295","30","936","1788","0","52.35","34.17"
"68","000","00","007","0705","0246","672","440","232","35","707","1465","0","48.26","30.03"
"68","000","00","007","0706","0000","2455","1603","852","103","2558","5386","0","47.49","29.76"
"68","000","00","007","0706","0239","729","487","242","32","761","1921","0","39.61","25.35"
"68","000","00","007","0706","0240","784","518","266","25","809","1694","0","47.76","30.58"
"68","000","00","007","0706","0241","942","598","344","46","988","1771","0","55.79","33.77"
"68","000","00","007","0707","0000","1890","1451","439","82","1972","3629","0","54.34","39.98"
"68","000","00","007","0707","0220","905","698","207","42","947","1744","0","54.3","40.02"
"68","000","00","007","0707","0221","985","753","232","40","1025","1885","0","54.38","39.95"
"68","000","00","007","0708","0000","2520","1767","753","98","2618","5033","0","52.02","35.11"
"68","000","00","007","0708","0217","470","342","128","21","491","874","0","56.18","39.13"
"68","000","00","007","0708","0218","1020","767","253","51","1071","2014","0","53.18","38.08"
"68","000","00","007","0708","0219","1030","658","372","26","1056","2145","0","49.23","30.68"
"68","000","00","007","0709","0000","582","374","208","35","617","1156","0","53.37","32.35"
"68","000","00","007","0709","0276","582","374","208","35","617","1156","0","53.37","32.35"
"68","000","00","007","0710","0000","1723","1092","631","66","1789","3553","0","50.35","30.73"
"68","000","00","007","0710","0272","823","520","303","35","858","1668","0","51.44","31.18"
"68","000","00","007","0710","0273","900","572","328","31","931","1885","0","49.39","30.34"
"68","000","00","007","0711","0000","927","630","297","55","982","1840","0","53.37","34.24"
"68","000","00","007","0711","0289","927","630","297","55","982","1840","0","53.37","34.24"
"68","000","00","007","0712","0000","876","587","289","45","921","1917","0","48.04","30.62"
"68","000","00","007","0712","0267","876","587","289","45","921","1917","0","48.04","30.62"
"68","000","00","007","0713","0000","2177","1465","712","116","2293","4707","0","48.71","31.12"
"68","000","00","007","0713","0222","709","495","214","45","754","1546","0","48.77","32.02"
"68","000","00","007","0713","0223","798","516","282","41","839","1684","0","49.82","30.64"
"68","000","00","007","0713","0224","670","454","216","30","700","1477","0","47.39","30.74"
"68","000","00","007","0714","0000","2178","1457","721","146","2324","4832","0","48.1","30.15"
"68","000","00","007","0714","0242","737","494","243","49","786","1665","0","47.21","29.67"
"68","000","00","007","0714","0243","697","442","255","49","746","1439","0","51.84","30.72"
"68","000","00","007","0714","0244","744","521","223","48","792","1728","0","45.83","30.15"
"68","000","00","007","0715","0000","2867","1914","953","113","2980","5448","0","54.7","35.13"
"68","000","00","007","0715","0227","805","548","257","31","836","1525","0","54.82","35.93"
"68","000","00","007","0715","0228","588","391","197","23","611","1041","0","58.69","37.56"
"68","000","00","007","0715","0229","696","436","260","21","717","1404","0","51.07","31.05"
"68","000","00","007","0715","0230","778","539","239","38","816","1478","0","55.21","36.47"
"68","000","00","007","0716","0000","1912","1188","724","139","2051","3952","0","51.9","30.06"
"68","000","00","007","0716","0256","494","313","181","42","536","1005","0","53.33","31.14"
"68","000","00","007","0716","0257","743","470","273","44","787","1449","0","54.31","32.44"
"68","000","00","007","0716","0258","675","405","270","53","728","1498","0","48.6","27.04"
"68","000","00","007","0717","0000","843","540","303","50","893","1752","0","50.97","30.82"
"68","000","00","007","0717","0250","843","540","303","50","893","1752","0","50.97","30.82"
"68","000","00","007","0718","0000","1122","749","373","68","1190","2439","0","48.79","30.71"
"68","000","00","007","0718","0265","620","420","200","34","654","1378","0","47.46","30.48"
"68","000","00","007","0718","0266","502","329","173","34","536","1061","0","50.52","31.01"
"68","000","00","007","0719","0000","1660","1039","621","71","1731","4057","0","42.67","25.61"
"68","000","00","007","0719","0277","854","546","308","43","897","2114","0","42.43","25.83"
"68","000","00","007","0719","0278","806","493","313","28","834","1943","0","42.92","25.37"
"68","000","00","007","0720","0000","2853","1781","1072","99","2952","6056","0","48.75","29.41"
"68","000","00","007","0720","0286","1071","656","415","37","1108","2187","0","50.66","30.0"
"68","000","00","007","0720","0287","922","596","326","32","954","1959","0","48.7","30.42"
"68","000","00","007","0720","0288","860","529","331","30","890","1910","0","46.6","27.7"
"68","000","00","007","0721","0000","1104","758","346","24","1128","2266","0","49.78","33.45"
"68","000","00","007","0721","0290","1104","758","346","24","1128","2266","0","49.78","33.45"
"68","000","00","007","0722","0000","2062","1322","740","89","2151","5170","0","41.61","25.57"
"68","000","00","007","0722","0247","656","427","229","39","695","1659","0","41.89","25.74"
"68","000","00","007","0722","0248","715","455","260","33","748","1693","0","44.18","26.88"
"68","000","00","007","0722","0249","691","440","251","17","708","1818","0","38.94","24.2"
"68","000","00","007","0723","0000","912","629","283","30","942","1979","0","47.6","31.78"
"68","000","00","007","0723","0264","912","629","283","30","942","1979","0","47.6","31.78"
"68","000","00","007","0724","0000","1657","1056","601","43","1700","3317","0","51.25","31.84"
"68","000","00","007","0724","0251","914","576","338","23","937","1818","0","51.54","31.68"
"68","000","00","007","0724","0252","743","480","263","20","763","1499","0","50.9","32.02"
"68","000","00","007","0725","0000","2844","1798","1046","85","2929","5847","0","50.09","30.75"
"68","000","00","007","0725","0253","947","587","360","34","981","1916","0","51.2","30.64"
"68","000","00","007","0725","0254","897","581","316","28","925","1804","0","51.27","32.21"
"68","000","00","007","0725","0255","1000","630","370","23","1023","2127","0","48.1","29.62"
"68","000","00","007","0726","0000","1596","1063","533","77","1673","3920","0","42.68","27.12"
"68","000","00","007","0726","0259","916","631","285","40","956","2149","0","44.49","29.36"
"68","000","00","007","0726","0260","680","432","248","37","717","1771","0","40.49","24.39"
"68","000","00","007","0727","0000","2465","1505","960","80","2545","5139","0","49.52","29.29"
"68","000","00","007","0727","0279","818","502","316","19","837","1800","0","46.5","27.89"
"68","000","00","007","0727","0280","938","554","384","37","975","2020","0","48.27","27.43"
"68","000","00","007","0727","0281","709","449","260","24","733","1319","0","55.57","34.04"
"68","000","00","007","0728","0000","4055","2590","1465","134","4189","8591","0","48.76","30.15"
"68","000","00","007","0728","0282","1149","736","413","40","1189","2229","0","53.34","33.02"
"68","000","00","007","0728","0283","911","578","333","26","937","1992","0","47.04","29.02"
"68","000","00","007","0728","0284","1003","662","341","36","1039","2237","0","46.45","29.59"
"68","000","00","007","0728","0285","992","614","378","32","1024","2133","0","48.01","28.79"
"68","000","00","007","0729","0000","1826","989","837","22","1848","3553","0","52.01","27.84"
"68","000","00","007","0729","0274","893","500","393","8","901","1849","0","48.73","27.04"
"68","000","00","007","0729","0275","933","489","444","14","947","1704","0","55.58","28.7"
"68","000","00","007","0730","0000","1095","772","323","55","1150","2956","0","38.9","26.12"
"68","000","00","007","0730","0225","816","591","225","41","857","1528","0","56.09","38.68"
"68","000","00","007","0730","0226","279","181","98","14","293","1428","0","20.52","12.68"
"68","000","00","007","0731","0000","3055","1988","1067","83","3138","6452","0","48.64","30.81"
"68","000","00","007","0731","0291","1048","698","350","25","1073","2387","0","44.95","29.24"
"68","000","00","007","0731","0292","795","517","278","18","813","1692","0","48.05","30.56"
"68","000","00","007","0731","0293","451","269","182","15","466","904","0","51.55","29.76"
"68","000","00","007","0731","0294","761","504","257","25","786","1469","0","53.51","34.31"
"68","000","00","007","0732","0000","1625","1087","538","56","1681","2973","0","56.54","36.56"
"68","000","00","007","0732","0268","873","579","294","30","903","1540","0","58.64","37.6"
"68","000","00","007","0732","0269","752","508","244","26","778","1433","0","54.29","35.45"
"68","000","00","008","0000","0000","79735","53759","25976","3777","83512","165065","201493","50.59","32.57"
"68","000","00","008","0801","0000","2793","1840","953","113","2906","7162","0","40.58","25.69"
"68","000","00","008","0801","0295","783","530","253","51","834","1761","0","47.36","30.1"
"68","000","00","008","0801","0296","716","466","250","18","734","1804","0","40.69","25.83"
"68","000","00","008","0801","0297","492","325","167","19","511","1813","0","28.19","17.93"
"68","000","00","008","0801","0298","802","519","283","25","827","1784","0","46.36","29.09"
"68","000","00","008","0802","0000","3612","2475","1137","122","3734","8278","0","45.11","29.9"
"68","000","00","008","0802","0299","932","646","286","22","954","2257","0","42.27","28.62"
"68","000","00","008","0802","0300","770","533","237","25","795","1857","0","42.81","28.7"
"68","000","00","008","0802","0301","964","667","297","34","998","2261","0","44.14","29.5"
"68","000","00","008","0802","0302","946","629","317","41","987","1903","0","51.87","33.05"
"68","000","00","008","0803","0000","1654","1130","524","65","1719","3620","0","47.49","31.22"
"68","000","00","008","0803","0303","930","647","283","48","978","1955","0","50.03","33.09"
"68","000","00","008","0803","0304","724","483","241","17","741","1665","0","44.5","29.01"
"68","000","00","008","0804","0000","1632","1131","501","82","1714","3216","0","53.3","35.17"
"68","000","00","008","0804","0310","847","579","268","57","904","1630","0","55.46","35.52"
"68","000","00","008","0804","0311","785","552","233","25","810","1586","0","51.07","34.8"
"68","000","00","008","0805","0000","1654","1139","515","119","1773","3559","0","49.82","32.0"
"68","000","00","008","0805","0312","819","566","253","57","876","1649","0","53.12","34.32"
"68","000","00","008","0805","0313","835","573","262","62","897","1910","0","46.96","30.0"
"68","000","00","008","0806","0000","1644","1171","473","106","1750","3252","0","53.81","36.01"
"68","000","00","008","0806","0314","823","580","243","70","893","1612","0","55.4","35.98"
"68","000","00","008","0806","0315","821","591","230","36","857","1640","0","52.26","36.04"
"68","000","00","008","0807","0000","1622","1119","503","89","1711","3273","0","52.28","34.19"
"68","000","00","008","0807","0318","840","570","270","34","874","1711","0","51.08","33.31"
"68","000","00","008","0807","0319","782","549","233","55","837","1562","0","53.59","35.15"
"68","000","00","008","0808","0000","2286","1571","715","59","2345","4415","0","53.11","35.58"
"68","000","00","008","0808","0320","882","606","276","1","883","1735","0","50.89","34.93"
"68","000","00","008","0808","0321","824","564","260","24","848","1658","0","51.15","34.02"
"68","000","00","008","0808","0322","580","401","179","34","614","1022","0","60.08","39.24"
"68","000","00","008","0809","0000","1559","1078","481","72","1631","3414","0","47.77","31.58"
"68","000","00","008","0809","0323","732","502","230","39","771","1673","0","46.08","30.01"
"68","000","00","008","0809","0324","827","576","251","33","860","1741","0","49.4","33.08"
"68","000","00","008","0810","0000","1016","691","325","51","1067","2110","0","50.57","32.75"
"68","000","00","008","0810","0325","1016","691","325","51","1067","2110","0","50.57","32.75"
"68","000","00","008","0811","0000","1363","933","430","80","1443","2519","0","57.28","37.04"
"68","000","00","008","0811","0331","724","473","251","38","762","1341","0","56.82","35.27"
"68","000","00","008","0811","0332","639","460","179","42","681","1178","0","57.81","39.05"
"68","000","00","008","0812","0000","1518","1009","509","111","1629","3871","0","42.08","26.07"
"68","000","00","008","0812","0335","814","557","257","52","866","1943","0","44.57","28.67"
"68","000","00","008","0812","0336","704","452","252","59","763","1928","0","39.57","23.44"
"68","000","00","008","0813","0000","1490","985","505","73","1563","3147","0","49.67","31.3"
"68","000","00","008","0813","0339","869","569","300","36","905","1947","0","46.48","29.22"
"68","000","00","008","0813","0340","621","416","205","37","658","1200","0","54.83","34.67"
"68","000","00","008","0814","0000","1725","1142","583","88","1813","3883","0","46.69","29.41"
"68","000","00","008","0814","0341","853","565","288","45","898","1895","0","47.39","29.82"
"68","000","00","008","0814","0342","872","577","295","43","915","1988","0","46.03","29.02"
"68","000","00","008","0815","0000","1804","1177","627","86","1890","3410","0","55.43","34.52"
"68","000","00","008","0815","0348","675","468","207","49","724","1317","0","54.97","35.54"
"68","000","00","008","0815","0349","1129","709","420","37","1166","2093","0","55.71","33.87"
"68","000","00","008","0816","0000","1734","1175","559","85","1819","3545","0","51.31","33.15"
"68","000","00","008","0816","0351","845","582","263","64","909","1782","0","51.01","32.66"
"68","000","00","008","0816","0352","889","593","296","21","910","1763","0","51.62","33.64"
"68","000","00","008","0817","0000","3341","2240","1101","143","3484","6933","0","50.25","32.31"
"68","000","00","008","0817","0359","975","633","342","50","1025","1998","0","51.3","31.68"
"68","000","00","008","0817","0360","488","325","163","27","515","916","0","56.22","35.48"
"68","000","00","008","0817","0361","900","606","294","28","928","1943","0","47.76","31.19"
"68","000","00","008","0817","0362","978","676","302","38","1016","2076","0","48.94","32.56"
"68","000","00","008","0818","0000","806","525","281","36","842","1505","0","55.95","34.88"
"68","000","00","008","0818","0371","806","525","281","36","842","1505","0","55.95","34.88"
"68","000","00","008","0819","0000","1635","1016","619","101","1736","3303","0","52.56","30.76"
"68","000","00","008","0819","0373","824","426","398","58","882","1618","0","54.51","26.33"
"68","000","00","008","0819","0374","811","590","221","43","854","1685","0","50.68","35.01"
"68","000","00","008","0820","0000","1726","1161","565","76","1802","3716","0","48.49","31.24"
"68","000","00","008","0820","0375","811","539","272","37","848","1835","0","46.21","29.37"
"68","000","00","008","0820","0376","915","622","293","39","954","1881","0","50.72","33.07"
"68","000","00","008","0821","0000","830","582","248","35","865","1766","0","48.98","32.96"
"68","000","00","008","0821","0377","830","582","248","35","865","1766","0","48.98","32.96"
"68","000","00","008","0822","0000","2923","2026","897","134","3057","5083","0","60.14","39.86"
"68","000","00","008","0822","0385","931","626","305","45","976","1685","0","57.92","37.15"
"68","000","00","008","0822","0386","902","607","295","44","946","1748","0","54.12","34.73"
"68","000","00","008","0822","0387","1090","793","297","45","1135","1650","0","68.79","48.06"
"68","000","00","008","0823","0000","1992","1311","681","85","2077","3923","0","52.94","33.42"
"68","000","00","008","0823","0390","979","640","339","49","1028","1841","0","55.84","34.76"
"68","000","00","008","0823","0391","1013","671","342","36","1049","2082","0","50.38","32.23"
"68","000","00","008","0824","0000","1561","1072","489","106","1667","3578","0","46.59","29.96"
"68","000","00","008","0824","0365","709","487","222","53","762","1474","0","51.7","33.04"
"68","000","00","008","0824","0366","164","132","32","11","175","718","0","24.37","18.38"
"68","000","00","008","0824","0367","688","453","235","42","730","1386","0","52.67","32.68"
"68","000","00","008","0825","0000","1330","905","425","61","1391","2483","0","56.02","36.45"
"68","000","00","008","0825","0355","634","411","223","31","665","1170","0","56.84","35.13"
"68","000","00","008","0825","0356","696","494","202","30","726","1313","0","55.29","37.62"
"68","000","00","008","0826","0000","1840","1217","623","61","1901","4169","0","45.6","29.19"
"68","000","00","008","0826","0344","915","604","311","5","920","2061","0","44.64","29.31"
"68","000","00","008","0826","0345","925","613","312","56","981","2108","0","46.54","29.08"
"68","000","00","008","0827","0000","1970","1365","605","89","2059","4015","0","51.28","34.0"
"68","000","00","008","0827","0378","857","587","270","69","926","1817","0","50.96","32.31"
"68","000","00","008","0827","0379","1113","778","335","20","1133","2198","0","51.55","35.4"
"68","000","00","008","0828","0000","2181","1464","717","94","2275","4185","0","54.36","34.98"
"68","000","00","008","0828","0307","833","566","267","35","868","1583","0","54.83","35.75"
"68","000","00","008","0828","0308","655","427","228","29","684","1246","0","54.9","34.27"
"68","000","00","008","0828","0309","693","471","222","30","723","1356","0","53.32","34.73"
"68","000","00","008","0829","0000","1425","999","426","101","1526","2854","0","53.47","35.0"
"68","000","00","008","0829","0363","683","479","204","54","737","1363","0","54.07","35.14"
"68","000","00","008","0829","0364","742","520","222","47","789","1491","0","52.92","34.88"
"68","000","00","008","0830","0000","2069","1383","686","83","2152","3951","0","54.47","35.0"
"68","000","00","008","0830","0382","689","466","223","32","721","1257","0","57.36","37.07"
"68","000","00","008","0830","0383","620","416","204","34","654","1267","0","51.62","32.83"
"68","000","00","008","0830","0384","760","501","259","17","777","1427","0","54.45","35.11"
"68","000","00","008","0831","0000","1606","1089","517","68","1674","3085","0","54.26","35.3"
"68","000","00","008","0831","0388","768","495","273","37","805","1478","0","54.47","33.49"
"68","000","00","008","0831","0389","838","594","244","31","869","1607","0","54.08","36.96"
"68","000","00","008","0832","0000","998","664","334","44","1042","2006","0","51.94","33.1"
"68","000","00","008","0832","0343","998","664","334","44","1042","2006","0","51.94","33.1"
"68","000","00","008","0833","0000","1534","1080","454","65","1599","3543","0","45.13","30.48"
"68","000","00","008","0833","0346","847","577","270","42","889","1862","0","47.74","30.99"
"68","000","00","008","0833","0347","687","503","184","23","710","1681","0","42.24","29.92"
"68","000","00","008","0834","0000","807","539","268","47","854","1499","0","56.97","35.96"
"68","000","00","008","0834","0350","807","539","268","47","854","1499","0","56.97","35.96"
"68","000","00","008","0835","0000","673","461","212","30","703","1436","0","48.96","32.1"
"68","000","00","008","0835","0372","673","461","212","30","703","1436","0","48.96","32.1"
"68","000","00","008","0836","0000","1090","666","424","46","1136","2209","0","51.43","30.15"
"68","000","00","008","0836","0393","1090","666","424","46","1136","2209","0","51.43","30.15"
"68","000","00","008","0837","0000","873","587","286","42","915","1959","0","46.71","29.96"
"68","000","00","008","0837","0392","873","587","286","42","915","1959","0","46.71","29.96"
"68","000","00","008","0838","0000","2079","1401","678","72","2151","4531","0","47.47","30.92"
"68","000","00","008","0838","0328","798","527","271","26","824","1848","0","44.59","28.52"
"68","000","00","008","0838","0329","704","492","212","27","731","1334","0","54.8","36.88"
"68","000","00","008","0838","0330","577","382","195","19","596","1349","0","44.18","28.32"
"68","000","00","008","0839","0000","1423","946","477","71","1494","3075","0","48.59","30.76"
"68","000","00","008","0839","0337","667","447","220","22","689","1403","0","49.11","31.86"
"68","000","00","008","0839","0338","756","499","257","49","805","1672","0","48.15","29.84"
"68","000","00","008","0840","0000","1413","956","457","61","1474","2694","0","54.71","35.49"
"68","000","00","008","0840","0305","741","470","271","32","773","1431","0","54.02","32.84"
"68","000","00","008","0840","0306","672","486","186","29","701","1263","0","55.5","38.48"
"68","000","00","008","0841","0000","1334","863","471","65","1399","2537","0","55.14","34.02"
"68","000","00","008","0841","0353","627","411","216","46","673","1226","0","54.89","33.52"
"68","000","00","008","0841","0354","707","452","255","19","726","1311","0","55.38","34.48"
"68","000","00","008","0842","0000","1958","1261","697","43","2001","3821","0","52.37","33.0"
"68","000","00","008","0842","0380","896","592","304","30","926","1732","0","53.46","34.18"
"68","000","00","008","0842","0381","1062","669","393","13","1075","2089","0","51.46","32.02"
"68","000","00","008","0843","0000","1883","1218","665","78","1961","3864","0","50.75","31.52"
"68","000","00","008","0843","0394","926","618","308","38","964","1864","0","51.72","33.15"
"68","000","00","008","0843","0395","957","600","357","40","997","2000","0","49.85","30.0"
"68","000","00","008","0844","0000","1398","901","497","84","1482","2716","0","54.57","33.17"
"68","000","00","008","0844","0316","637","413","224","38","675","1303","0","51.8","31.7"
"68","000","00","008","0844","0317","761","488","273","46","807","1413","0","57.11","34.54"
"68","000","00","008","0845","0000","1172","869","303","64","1236","2155","0","57.35","40.32"
"68","000","00","008","0845","0326","586","434","152","28","614","1145","0","53.62","37.9"
"68","000","00","008","0845","0327","586","435","151","36","622","1010","0","61.58","43.07"
"68","000","00","008","0846","0000","2048","1476","572","151","2199","4294","0","51.21","34.37"
"68","000","00","008","0846","0368","719","504","215","53","772","1487","0","51.92","33.89"
"68","000","00","008","0846","0369","753","550","203","60","813","1552","0","52.38","35.44"
"68","000","00","008","0846","0370","576","422","154","38","614","1255","0","48.92","33.63"
"68","000","00","008","0847","0000","1398","900","498","90","1488","2836","0","52.47","31.73"
"68","000","00","008","0847","0333","711","466","245","37","748","1374","0","54.44","33.92"
"68","000","00","008","0847","0334","687","434","253","53","740","1462","0","50.62","29.69"
"68","000","00","008","0848","0000","1313","850","463","50","1363","2667","0","51.11","31.87"
"68","000","00","008","0848","0357","620","403","217","21","641","1186","0","54.05","33.98"
"68","000","00","008","0848","0358","693","447","246","29","722","1481","0","48.75","30.18"
"68","000","00","009","0000","0000","52551","36975","15576","2070","54621","101574","122981","53.77","36.4"
"68","000","00","009","0901","0000","2280","1594","686","78","2358","4513","0","52.25","35.32"
"68","000","00","009","0901","1008","752","534","218","27","779","1482","0","52.56","36.03"
"68","000","00","009","0901","1009","751","520","231","22","773","1528","0","50.59","34.03"
"68","000","00","009","0901","1010","777","540","237","29","806","1503","0","53.63","35.93"
"68","000","00","009","0902","0000","2867","1987","880","136","3003","5661","0","53.05","35.1"
"68","000","00","009","0902","1013","899","628","271","50","949","2088","0","45.45","30.08"
"68","000","00","009","0902","1014","1065","737","328","49","1114","1987","0","56.06","37.09"
"68","000","00","009","0902","1015","903","622","281","37","940","1586","0","59.27","39.22"
"68","000","00","009","0903","0000","1871","1323","548","69","1940","4006","0","48.43","33.03"
"68","000","00","009","0903","1018","975","690","285","38","1013","2081","0","48.68","33.16"
"68","000","00","009","0903","1019","896","633","263","31","927","1925","0","48.16","32.88"
"68","000","00","009","0904","0000","1512","1051","461","59","1571","3188","0","49.28","32.97"
"68","000","00","009","0904","1064","800","550","250","26","826","1649","0","50.09","33.35"
"68","000","00","009","0904","1065","712","501","211","33","745","1539","0","48.41","32.55"
"68","000","00","009","0906","0000","1784","1109","675","107","1891","3662","0","51.64","30.28"
"68","000","00","009","0906","1022","825","562","263","48","873","1790","0","48.77","31.4"
"68","000","00","009","0906","1023","959","547","412","59","1018","1872","0","54.38","29.22"
"68","000","00","009","0907","0000","2141","1493","648","82","2223","4152","0","53.54","35.96"
"68","000","00","009","0907","1026","748","526","222","26","774","1398","0","55.36","37.63"
"68","000","00","009","0907","1027","655","456","199","23","678","1345","0","50.41","33.9"
"68","000","00","009","0907","1028","738","511","227","33","771","1409","0","54.72","36.27"
"68","000","00","009","0908","0000","331","228","103","15","346","678","0","51.03","33.63"
"68","000","00","009","0908","1071","331","228","103","15","346","678","0","51.03","33.63"
"68","000","00","009","0909","0000","2196","1578","618","95","2291","4282","0","53.5","36.85"
"68","000","00","009","0909","1031","795","583","212","36","831","1597","0","52.04","36.51"
"68","000","00","009","0909","1032","721","513","208","29","750","1410","0","53.19","36.38"
"68","000","00","009","0909","1033","680","482","198","30","710","1275","0","55.69","37.8"
"68","000","00","009","0910","0000","2916","2035","881","62","2978","5372","0","55.44","37.88"
"68","000","00","009","0910","1037","985","664","321","30","1015","1786","0","56.83","37.18"
"68","000","00","009","0910","1038","919","637","282","18","937","1756","0","53.36","36.28"
"68","000","00","009","0910","1039","1012","734","278","14","1026","1830","0","56.07","40.11"
"68","000","00","009","0911","0000","1076","723","353","43","1119","1909","0","58.62","37.87"
"68","000","00","009","0911","1034","1076","723","353","43","1119","1909","0","58.62","37.87"
"68","000","00","009","0912","0000","2359","1611","748","89","2448","4369","0","56.03","36.87"
"68","000","00","009","0912","1066","875","611","264","37","912","1541","0","59.18","39.65"
"68","000","00","009","0912","1067","725","492","233","27","752","1375","0","54.69","35.78"
"68","000","00","009","0912","1068","759","508","251","25","784","1453","0","53.96","34.96"
"68","000","00","009","0913","0000","1663","1216","447","65","1728","3597","0","48.04","33.81"
"68","000","00","009","0913","1042","878","629","249","40","918","1805","0","50.86","34.85"
"68","000","00","009","0913","1043","785","587","198","25","810","1792","0","45.2","32.76"
"68","000","00","009","0914","0000","2070","1450","620","92","2162","4268","0","50.66","33.97"
"68","000","00","009","0914","1049","655","484","171","36","691","1297","0","53.28","37.32"
"68","000","00","009","0914","1050","676","461","215","20","696","1407","0","49.47","32.76"
"68","000","00","009","0914","1051","739","505","234","36","775","1564","0","49.55","32.29"
"68","000","00","009","0915","0000","1863","1368","495","63","1926","3485","0","55.27","39.25"
"68","000","00","009","0915","1054","927","668","259","29","956","1721","0","55.55","38.81"
"68","000","00","009","0915","1055","936","700","236","34","970","1764","0","54.99","39.68"
"68","000","00","009","0916","0000","1321","904","417","51","1372","2373","0","57.82","38.1"
"68","000","00","009","0916","1069","577","395","182","37","614","1074","0","57.17","36.78"
"68","000","00","009","0916","1070","744","509","235","14","758","1299","0","58.35","39.18"
"68","000","00","009","0917","0000","771","543","228","53","824","1499","0","54.97","36.22"
"68","000","00","009","0917","1056","771","543","228","53","824","1499","0","54.97","36.22"
"68","000","00","009","0918","0000","973","698","275","59","1032","2151","0","47.98","32.45"
"68","000","00","009","0918","1057","973","698","275","59","1032","2151","0","47.98","32.45"
"68","000","00","009","0919","0000","1705","1194","511","39","1744","2980","0","58.52","40.07"
"68","000","00","009","0919","1058","846","606","240","22","868","1524","0","56.96","39.76"
"68","000","00","009","0919","1059","859","588","271","17","876","1456","0","60.16","40.38"
"68","000","00","009","0920","0000","1347","946","401","80","1427","2784","0","51.26","33.98"
"68","000","00","009","0920","1011","753","523","230","41","794","1568","0","50.64","33.35"
"68","000","00","009","0920","1012","594","423","171","39","633","1216","0","52.06","34.79"
"68","000","00","009","0921","0000","1235","853","382","52","1287","2355","0","54.65","36.22"
"68","000","00","009","0921","1016","606","400","206","29","635","1221","0","52.01","32.76"
"68","000","00","009","0921","1017","629","453","176","23","652","1134","0","57.5","39.95"
"68","000","00","009","0922","0000","2235","1581","654","55","2290","4135","0","55.38","38.23"
"68","000","00","009","0922","1020","1110","781","329","25","1135","2095","0","54.18","37.28"
"68","000","00","009","0922","1021","1125","800","325","30","1155","2040","0","56.62","39.22"
"68","000","00","009","0923","0000","1857","1320","537","100","1957","3518","0","55.63","37.52"
"68","000","00","009","0923","1024","920","643","277","56","976","1726","0","56.55","37.25"
"68","000","00","009","0923","1025","937","677","260","44","981","1792","0","54.74","37.78"
"68","000","00","009","0924","0000","1547","1018","529","63","1610","3012","0","53.45","33.8"
"68","000","00","009","0924","1029","651","418","233","22","673","1362","0","49.41","30.69"
"68","000","00","009","0924","1030","896","600","296","41","937","1650","0","56.79","36.36"
"68","000","00","009","0925","0000","2130","1493","637","63","2193","4026","0","54.47","37.08"
"68","000","00","009","0925","1035","1088","768","320","27","1115","2024","0","55.09","37.94"
"68","000","00","009","0925","1036","1042","725","317","36","1078","2002","0","53.85","36.21"
"68","000","00","009","0926","0000","1818","1299","519","51","1869","3216","0","58.12","40.39"
"68","000","00","009","0926","1040","981","691","290","25","1006","1697","0","59.28","40.72"
"68","000","00","009","0926","1041","837","608","229","26","863","1519","0","56.81","40.03"
"68","000","00","009","0927","0000","832","613","219","49","881","1500","0","58.73","40.87"
"68","000","00","009","0927","1044","832","613","219","49","881","1500","0","58.73","40.87"
"68","000","00","009","0928","0000","1948","1390","558","103","2051","3980","0","51.53","34.92"
"68","000","00","009","0928","1046","614","432","182","43","657","1444","0","45.5","29.92"
"68","000","00","009","0928","1047","639","467","172","32","671","1321","0","50.79","35.35"
"68","000","00","009","0928","1048","695","491","204","28","723","1215","0","59.51","40.41"
"68","000","00","009","0929","0000","1142","824","318","67","1209","2340","0","51.67","35.21"
"68","000","00","009","0929","1052","663","470","193","38","701","1317","0","53.23","35.69"
"68","000","00","009","0929","1053","479","354","125","29","508","1023","0","49.66","34.6"
"68","000","00","009","0930","0000","2178","1676","502","43","2221","3746","0","59.29","44.74"
"68","000","00","009","0930","1060","1044","823","221","24","1068","1847","0","57.82","44.56"
"68","000","00","009","0930","1061","1134","853","281","19","1153","1899","0","60.72","44.92"
"68","000","00","009","0931","0000","1883","1368","515","69","1952","3390","0","57.58","40.35"
"68","000","00","009","0931","1062","913","668","245","27","940","1725","0","54.49","38.72"
"68","000","00","009","0931","1063","970","700","270","42","1012","1665","0","60.78","42.04"
"68","000","00","009","0932","0000","700","489","211","18","718","1427","0","50.32","34.27"
"68","000","00","009","0932","1045","700","489","211","18","718","1427","0","50.32","34.27"
"68","000","00","010","0000","0000","94313","65194","29119","3617","97930","183560","225897","53.35","35.52"
"68","000","00","010","1001","0000","2350","1564","786","108","2458","4781","0","51.41","32.71"
"68","000","00","010","1001","0864","817","565","252","25","842","1717","0","49.04","32.91"
"68","000","00","010","1001","0865","684","439","245","42","726","1319","0","55.04","33.28"
"68","000","00","010","1001","0866","849","560","289","41","890","1745","0","51.0","32.09"
"68","000","00","010","1002","0000","2292","1531","761","102","2394","4129","0","57.98","37.08"
"68","000","00","010","1002","0867","891","611","280","53","944","1721","0","54.85","35.5"
"68","000","00","010","1002","0868","640","427","213","28","668","1206","0","55.39","35.41"
"68","000","00","010","1002","0869","761","493","268","21","782","1202","0","65.06","41.01"
"68","000","00","010","1003","0000","2897","1894","1003","65","2962","5256","0","56.35","36.04"
"68","000","00","010","1003","0850","655","418","237","16","671","1044","0","64.27","40.04"
"68","000","00","010","1003","0851","614","411","203","16","630","1124","0","56.05","36.57"
"68","000","00","010","1003","0852","816","545","271","14","830","1517","0","54.71","35.93"
"68","000","00","010","1003","0853","812","520","292","19","831","1571","0","52.9","33.1"
"68","000","00","010","1004","0000","2921","1956","965","128","3049","5442","0","56.03","35.94"
"68","000","00","010","1004","0840","698","492","206","34","732","1307","0","56.01","37.64"
"68","000","00","010","1004","0841","708","466","242","38","746","1337","0","55.8","34.85"
"68","000","00","010","1004","0842","615","407","208","21","636","980","0","64.9","41.53"
"68","000","00","010","1004","0843","900","591","309","35","935","1818","0","51.43","32.51"
"68","000","00","010","1005","0000","2575","1822","753","83","2658","5083","0","52.29","35.84"
"68","000","00","010","1005","0857","841","684","157","32","873","1555","0","56.14","43.99"
"68","000","00","010","1005","0858","965","645","320","30","995","2051","0","48.51","31.45"
"68","000","00","010","1005","0859","769","493","276","21","790","1477","0","53.49","33.38"
"68","000","00","010","1006","0000","1884","1322","562","69","1953","3895","0","50.14","33.94"
"68","000","00","010","1006","0835","964","680","284","52","1016","1901","0","53.45","35.77"
"68","000","00","010","1006","0836","920","642","278","17","937","1994","0","46.99","32.2"
"68","000","00","010","1007","0000","2013","1506","507","72","2085","3585","0","58.16","42.01"
"68","000","00","010","1007","0875","562","391","171","27","589","1010","0","58.32","38.71"
"68","000","00","010","1007","0876","700","575","125","23","723","1261","0","57.34","45.6"
"68","000","00","010","1007","0877","751","540","211","22","773","1314","0","58.83","41.1"
"68","000","00","010","1008","0000","2954","1955","999","86","3040","6426","0","47.31","30.42"
"68","000","00","010","1008","0883","635","448","187","15","650","2213","0","29.37","20.24"
"68","000","00","010","1008","0884","578","377","201","15","593","949","0","62.49","39.73"
"68","000","00","010","1008","0885","934","596","338","32","966","1621","0","59.59","36.77"
"68","000","00","010","1008","0886","807","534","273","24","831","1643","0","50.58","32.5"
"68","000","00","010","1009","0000","1410","976","434","64","1474","2475","0","59.56","39.43"
"68","000","00","010","1009","0870","663","461","202","42","705","1208","0","58.36","38.16"
"68","000","00","010","1009","0871","747","515","232","22","769","1267","0","60.69","40.65"
"68","000","00","010","1010","0000","2184","1166","1018","76","2260","3993","0","56.6","29.2"
"68","000","00","010","1010","0891","586","385","201","27","613","1039","0","59.0","37.05"
"68","000","00","010","1010","0892","753","513","240","24","777","1318","0","58.95","38.92"
"68","000","00","010","1010","0893","845","268","577","25","870","1636","0","53.18","16.38"
"68","000","00","010","1011","0000","2022","1419","603","83","2105","4038","0","52.13","35.14"
"68","000","00","010","1011","0896","678","472","206","37","715","1480","0","48.31","31.89"
"68","000","00","010","1011","0897","691","504","187","17","708","1330","0","53.23","37.89"
"68","000","00","010","1011","0898","653","443","210","29","682","1228","0","55.54","36.07"
"68","000","00","010","1012","0000","2191","1506","685","107","2298","4431","0","51.86","33.99"
"68","000","00","010","1012","0801","689","459","230","43","732","1487","0","49.23","30.87"
"68","000","00","010","1012","0802","733","513","220","30","763","1453","0","52.51","35.31"
"68","000","00","010","1012","0803","769","534","235","34","803","1491","0","53.86","35.81"
"68","000","00","010","1013","0000","2829","2089","740","89","2918","5762","0","50.64","36.25"
"68","000","00","010","1013","0806","894","653","241","32","926","1921","0","48.2","33.99"
"68","000","00","010","1013","0807","1032","817","215","24","1056","1974","0","53.5","41.39"
"68","000","00","010","1013","0808","903","619","284","33","936","1867","0","50.13","33.15"
"68","000","00","010","1014","0000","2367","1746","621","114","2481","4440","0","55.88","39.32"
"68","000","00","010","1014","0827","528","377","151","35","563","1048","0","53.72","35.97"
"68","000","00","010","1014","0828","676","497","179","35","711","1259","0","56.47","39.48"
"68","000","00","010","1014","0829","544","407","137","21","565","1061","0","53.25","38.36"
"68","000","00","010","1014","0830","619","465","154","23","642","1072","0","59.89","43.38"
"68","000","00","010","1015","0000","1189","848","341","51","1240","2326","0","53.31","36.46"
"68","000","00","010","1015","0820","566","403","163","18","584","1130","0","51.68","35.66"
"68","000","00","010","1015","0821","623","445","178","33","656","1196","0","54.85","37.21"
"68","000","00","010","1016","0000","2629","2126","503","75","2704","5300","0","51.02","40.11"
"68","000","00","010","1016","0824","807","592","215","22","829","1564","0","53.01","37.85"
"68","000","00","010","1016","0825","898","880","18","31","929","1824","0","50.93","48.25"
"68","000","00","010","1016","0826","924","654","270","22","946","1912","0","49.48","34.21"
"68","000","00","010","1017","0000","1423","991","432","71","1494","2780","0","53.74","35.65"
"68","000","00","010","1017","0917","703","489","214","47","750","1385","0","54.15","35.31"
"68","000","00","010","1017","0918","720","502","218","24","744","1395","0","53.33","35.99"
"68","000","00","010","1018","0000","1622","1181","441","76","1698","3342","0","50.81","35.34"
"68","000","00","010","1018","0919","824","611","213","40","864","1711","0","50.5","35.71"
"68","000","00","010","1018","0920","798","570","228","36","834","1631","0","51.13","34.95"
"68","000","00","010","1019","0000","1330","1024","306","76","1406","2541","0","55.33","40.3"
"68","000","00","010","1019","0923","589","391","198","31","620","1127","0","55.01","34.69"
"68","000","00","010","1019","0924","741","633","108","45","786","1414","0","55.59","44.77"
"68","000","00","010","1020","0000","1032","770","262","30","1062","1931","0","55.0","39.88"
"68","000","00","010","1020","0922","1032","770","262","30","1062","1931","0","55.0","39.88"
"68","000","00","010","1021","0000","605","399","206","18","623","1110","0","56.13","35.95"
"68","000","00","010","1021","0921","605","399","206","18","623","1110","0","56.13","35.95"
"68","000","00","010","1022","0000","827","604","223","28","855","1609","0","53.14","37.54"
"68","000","00","010","1022","0925","827","604","223","28","855","1609","0","53.14","37.54"
"68","000","00","010","1023","0000","2188","1522","666","104","2292","4199","0","54.58","36.25"
"68","000","00","010","1023","0902","676","451","225","39","715","1243","0","57.52","36.28"
"68","000","00","010","1023","0903","806","576","230","34","840","1590","0","52.83","36.23"
"68","000","00","010","1023","0904","706","495","211","31","737","1366","0","53.95","36.24"
"68","000","00","010","1024","0000","2677","1848","829","146","2823","5390","0","52.37","34.29"
"68","000","00","010","1024","0913","491","336","155","29","520","1052","0","49.43","31.94"
"68","000","00","010","1024","0914","666","454","212","40","706","1154","0","61.18","39.34"
"68","000","00","010","1024","0915","794","560","234","30","824","1645","0","50.09","34.04"
"68","000","00","010","1024","0916","726","498","228","47","773","1539","0","50.23","32.36"
"68","000","00","010","1025","0000","1348","954","394","65","1413","2811","0","50.27","33.94"
"68","000","00","010","1025","0908","659","476","183","43","702","1351","0","51.96","35.23"
"68","000","00","010","1025","0909","689","478","211","22","711","1460","0","48.7","32.74"
"68","000","00","010","1026","0000","2144","1542","602","55","2199","4327","0","50.82","35.64"
"68","000","00","010","1026","0910","895","632","263","24","919","1841","0","49.92","34.33"
"68","000","00","010","1026","0911","710","511","199","11","721","1475","0","48.88","34.64"
"68","000","00","010","1026","0912","539","399","140","20","559","1011","0","55.29","39.47"
"68","000","00","010","1027","0000","1474","996","478","69","1543","3006","0","51.33","33.13"
"68","000","00","010","1027","0804","661","439","222","43","704","1346","0","52.3","32.62"
"68","000","00","010","1027","0805","813","557","256","26","839","1660","0","50.54","33.55"
"68","000","00","010","1028","0000","3285","2225","1060","114","3399","6483","0","52.43","34.32"
"68","000","00","010","1028","0860","812","564","248","16","828","1501","0","55.16","37.57"
"68","000","00","010","1028","0861","747","498","249","35","782","1405","0","55.66","35.44"
"68","000","00","010","1028","0862","838","577","261","42","880","1656","0","53.14","34.84"
"68","000","00","010","1028","0863","888","586","302","21","909","1921","0","47.32","30.5"
"68","000","00","010","1029","0000","881","637","244","47","928","1788","0","51.9","35.63"
"68","000","00","010","1029","0831","881","637","244","47","928","1788","0","51.9","35.63"
"68","000","00","010","1030","0000","2217","1543","674","87","2304","4320","0","53.33","35.72"
"68","000","00","010","1030","0832","775","539","236","23","798","1510","0","52.85","35.7"
"68","000","00","010","1030","0833","712","504","208","28","740","1403","0","52.74","35.92"
"68","000","00","010","1030","0834","730","500","230","36","766","1407","0","54.44","35.54"
"68","000","00","010","1031","0000","2070","1408","662","88","2158","3761","0","57.38","37.44"
"68","000","00","010","1031","0844","771","513","258","34","805","1463","0","55.02","35.06"
"68","000","00","010","1031","0845","696","484","212","19","715","1213","0","58.94","39.9"
"68","000","00","010","1031","0846","603","411","192","35","638","1085","0","58.8","37.88"
"68","000","00","010","1032","0000","1679","1204","475","69","1748","3217","0","54.34","37.43"
"68","000","00","010","1032","0822","854","584","270","35","889","1685","0","52.76","34.66"
"68","000","00","010","1032","0823","825","620","205","34","859","1532","0","56.07","40.47"
"68","000","00","010","1033","0000","2920","2036","884","90","3010","6014","0","50.05","33.85"
"68","000","00","010","1033","0809","904","638","266","21","925","1786","0","51.79","35.72"
"68","000","00","010","1033","0810","667","468","199","20","687","1634","0","42.04","28.64"
"68","000","00","010","1033","0811","591","426","165","19","610","1080","0","56.48","39.44"
"68","000","00","010","1033","0812","758","504","254","30","788","1514","0","52.05","33.29"
"68","000","00","010","1034","0000","2154","1532","622","84","2238","4262","0","52.51","35.95"
"68","000","00","010","1034","0847","709","523","186","26","735","1458","0","50.41","35.87"
"68","000","00","010","1034","0848","752","528","224","29","781","1408","0","55.47","37.5"
"68","000","00","010","1034","0849","693","481","212","29","722","1396","0","51.72","34.46"
"68","000","00","010","1035","0000","1557","1033","524","72","1629","3094","0","52.65","33.39"
"68","000","00","010","1035","0889","746","497","249","42","788","1577","0","49.97","31.52"
"68","000","00","010","1035","0890","811","536","275","30","841","1517","0","55.44","35.33"
"68","000","00","010","1036","0000","2192","1475","717","99","2291","3806","0","60.19","38.75"
"68","000","00","010","1036","0899","770","503","267","40","810","1377","0","58.82","36.53"
"68","000","00","010","1036","0900","705","477","228","26","731","1198","0","61.02","39.82"
"68","000","00","010","1036","0901","717","495","222","33","750","1231","0","60.93","40.21"
"68","000","00","010","1037","0000","2600","1758","842","67","2667","5039","0","52.93","34.89"
"68","000","00","010","1037","0880","765","535","230","15","780","1399","0","55.75","38.24"
"68","000","00","010","1037","0881","960","629","331","30","990","1968","0","50.3","31.96"
"68","000","00","010","1037","0882","875","594","281","22","897","1672","0","53.65","35.53"
"68","000","00","010","1038","0000","2021","1407","614","82","2103","4201","0","50.06","33.49"
"68","000","00","010","1038","0905","681","479","202","37","718","1332","0","53.9","35.96"
"68","000","00","010","1038","0906","571","388","183","26","597","1201","0","49.71","32.31"
"68","000","00","010","1038","0907","769","540","229","19","788","1668","0","47.24","32.37"
"68","000","00","010","1039","0000","1528","970","558","45","1573","2790","0","56.38","34.77"
"68","000","00","010","1039","0894","720","469","251","25","745","1316","0","56.61","35.64"
"68","000","00","010","1039","0895","808","501","307","20","828","1474","0","56.17","33.99"
"68","000","00","010","1040","0000","839","573","266","36","875","1561","0","56.05","36.71"
"68","000","00","010","1040","0878","402","280","122","20","422","722","0","58.45","38.78"
"68","000","00","010","1040","0879","437","293","144","16","453","839","0","53.99","34.92"
"68","000","00","010","1041","0000","2093","1381","712","79","2172","3703","0","58.66","37.29"
"68","000","00","010","1041","0872","590","385","205","24","614","1094","0","56.12","35.19"
"68","000","00","010","1041","0873","784","528","256","40","824","1394","0","59.11","37.88"
"68","000","00","010","1041","0874","719","468","251","15","734","1215","0","60.41","38.52"
"68","000","00","010","1042","0000","2775","1877","898","79","2854","4896","0","58.29","38.34"
"68","000","00","010","1042","0854","979","666","313","23","1002","1752","0","57.19","38.01"
"68","000","00","010","1042","0855","839","576","263","28","867","1434","0","60.46","40.17"
"68","000","00","010","1042","0856","957","635","322","28","985","1710","0","57.6","37.13"
"68","000","00","010","1043","0000","2776","1863","913","72","2848","5358","0","53.15","34.77"
"68","000","00","010","1043","0837","867","586","281","27","894","1730","0","51.68","33.87"
"68","000","00","010","1043","0838","984","656","328","26","1010","1905","0","53.02","34.44"
"68","000","00","010","1043","0839","925","621","304","19","944","1723","0","54.79","36.04"
"68","000","00","010","1044","0000","1890","1255","635","68","1958","3596","0","54.45","34.9"
"68","000","00","010","1044","0887","979","658","321","32","1011","1844","0","54.83","35.68"
"68","000","00","010","1044","0888","911","597","314","36","947","1752","0","54.05","34.08"
"68","000","00","010","1045","0000","2217","1523","694","130","2347","4767","0","49.23","31.95"
"68","000","00","010","1045","0813","842","578","264","46","888","1918","0","46.3","30.14"
"68","000","00","010","1045","0814","601","425","176","54","655","1182","0","55.41","35.96"
"68","000","00","010","1045","0815","774","520","254","30","804","1667","0","48.23","31.19"
"68","000","00","010","1046","0000","3242","2237","1005","99","3341","6496","0","51.43","34.44"
"68","000","00","010","1046","0816","745","515","230","21","766","1640","0","46.71","31.4"
"68","000","00","010","1046","0817","802","538","264","29","831","1603","0","51.84","33.56"
"68","000","00","010","1046","0818","865","601","264","13","878","1556","0","56.43","38.62"
"68","000","00","010","1046","0819","830","583","247","36","866","1697","0","51.03","34.35"
"68","000","00","011","0000","0000","22026","15252","6774","1198","23224","41461","49159","56.01","36.79"
"68","000","00","011","1101","0000","1591","1175","416","50","1641","2862","0","57.34","41.06"
"68","000","00","011","1101","1072","768","552","216","13","781","1306","0","59.8","42.27"
"68","000","00","011","1101","1073","823","623","200","37","860","1556","0","55.27","40.04"
"68","000","00","011","1102","0000","2249","1533","716","104","2353","3945","0","59.65","38.86"
"68","000","00","011","1102","1074","1068","751","317","52","1120","1849","0","60.57","40.62"
"68","000","00","011","1102","1075","1181","782","399","52","1233","2096","0","58.83","37.31"
"68","000","00","011","1103","0000","747","513","234","50","797","1517","0","52.54","33.82"
"68","000","00","011","1103","1076","747","513","234","50","797","1517","0","52.54","33.82"
"68","000","00","011","1104","0000","1981","1346","635","92","2073","3951","0","52.47","34.07"
"68","000","00","011","1104","1077","1132","760","372","54","1186","2095","0","56.61","36.28"
"68","000","00","011","1104","1078","849","586","263","38","887","1856","0","47.79","31.57"
"68","000","00","011","1105","0000","2247","1564","683","91","2338","4024","0","58.1","38.87"
"68","000","00","011","1105","1086","1113","794","319","30","1143","1992","0","57.38","39.86"
"68","000","00","011","1105","1087","1134","770","364","61","1195","2032","0","58.81","37.89"
"68","000","00","011","1106","0000","1401","931","470","61","1462","2542","0","57.51","36.62"
"68","000","00","011","1106","1082","745","479","266","36","781","1271","0","61.45","37.69"
"68","000","00","011","1106","1083","656","452","204","25","681","1271","0","53.58","35.56"
"68","000","00","011","1107","0000","1237","816","421","75","1312","2319","0","56.58","35.19"
"68","000","00","011","1107","1084","672","453","219","33","705","1234","0","57.13","36.71"
"68","000","00","011","1107","1085","565","363","202","42","607","1085","0","55.94","33.46"
"68","000","00","011","1108","0000","653","456","197","39","692","1385","0","49.96","32.92"
"68","000","00","011","1108","1081","653","456","197","39","692","1385","0","49.96","32.92"
"68","000","00","011","1109","0000","663","457","206","45","708","1425","0","49.68","32.07"
"68","000","00","011","1109","1080","663","457","206","45","708","1425","0","49.68","32.07"
"68","000","00","011","1110","0000","1040","723","317","59","1099","1986","0","55.34","36.4"
"68","000","00","011","1110","1079","1040","723","317","59","1099","1986","0","55.34","36.4"
"68","000","00","011","1111","0000","413","295","118","22","435","741","0","58.7","39.81"
"68","000","00","011","1111","1098","413","295","118","22","435","741","0","58.7","39.81"
"68","000","00","011","1112","0000","846","616","230","58","904","1714","0","52.74","35.94"
"68","000","00","011","1112","1100","846","616","230","58","904","1714","0","52.74","35.94"
"68","000","00","011","1113","0000","542","373","169","40","582","943","0","61.72","39.55"
"68","000","00","011","1113","1099","542","373","169","40","582","943","0","61.72","39.55"
"68","000","00","011","1114","0000","706","493","213","25","731","1340","0","54.55","36.79"
"68","000","00","011","1114","1101","706","493","213","25","731","1340","0","54.55","36.79"
"68","000","00","011","1115","0000","464","300","164","33","497","995","0","49.95","30.15"
"68","000","00","011","1115","1097","464","300","164","33","497","995","0","49.95","30.15"
"68","000","00","011","1116","0000","1250","867","383","97","1347","2265","0","59.47","38.28"
"68","000","00","011","1116","1095","503","354","149","24","527","896","0","58.82","39.51"
"68","000","00","011","1116","1096","747","513","234","73","820","1369","0","59.9","37.47"
"68","000","00","011","1117","0000","621","441","180","49","670","1050","0","63.81","42.0"
"68","000","00","011","1117","1094","621","441","180","49","670","1050","0","63.81","42.0"
"68","000","00","011","1118","0000","380","259","121","28","408","663","0","61.54","39.06"
"68","000","00","011","1118","1092","380","259","121","28","408","663","0","61.54","39.06"
"68","000","00","011","1119","0000","501","349","152","13","514","908","0","56.61","38.44"
"68","000","00","011","1119","1091","501","349","152","13","514","908","0","56.61","38.44"
"68","000","00","011","1120","0000","548","384","164","35","583","1088","0","53.58","35.29"
"68","000","00","011","1120","1093","548","384","164","35","583","1088","0","53.58","35.29"
"68","000","00","011","1121","0000","613","441","172","34","647","1106","0","58.5","39.87"
"68","000","00","011","1121","1090","613","441","172","34","647","1106","0","58.5","39.87"
"68","000","00","011","1122","0000","642","453","189","66","708","1291","0","54.84","35.09"
"68","000","00","011","1122","1088","642","453","189","66","708","1291","0","54.84","35.09"
"68","000","00","011","1123","0000","691","467","224","32","723","1401","0","51.61","33.33"
"68","000","00","011","1123","1089","691","467","224","32","723","1401","0","51.61","33.33"
"68","000","00","012","0000","0000","26730","18060","8670","1265","27995","55149","67208","50.76","32.75"
"68","000","00","012","1201","0000","1178","820","358","63","1241","2733","0","45.41","30.0"
"68","000","00","012","1201","1102","619","427","192","38","657","1371","0","47.92","31.15"
"68","000","00","012","1201","1103","559","393","166","25","584","1362","0","42.88","28.85"
"68","000","00","012","1202","0000","490","297","193","43","533","997","0","53.46","29.79"
"68","000","00","012","1202","1104","490","297","193","43","533","997","0","53.46","29.79"
"68","000","00","012","1203","0000","656","464","192","32","688","1407","0","48.9","32.98"
"68","000","00","012","1203","1105","656","464","192","32","688","1407","0","48.9","32.98"
"68","000","00","012","1204","0000","872","577","295","29","901","1692","0","53.25","34.1"
"68","000","00","012","1204","1106","872","577","295","29","901","1692","0","53.25","34.1"
"68","000","00","012","1205","0000","488","363","125","19","507","892","0","56.84","40.7"
"68","000","00","012","1205","1109","488","363","125","19","507","892","0","56.84","40.7"
"68","000","00","012","1206","0000","1061","767","294","31","1092","2070","0","52.75","37.05"
"68","000","00","012","1206","1107","648","475","173","21","669","1279","0","52.31","37.14"
"68","000","00","012","1206","1108","413","292","121","10","423","791","0","53.48","36.92"
"68","000","00","012","1207","0000","506","346","160","27","533","886","0","60.16","39.05"
"68","000","00","012","1207","1110","506","346","160","27","533","886","0","60.16","39.05"
"68","000","00","012","1208","0000","373","259","114","22","395","712","0","55.48","36.38"
"68","000","00","012","1208","1111","373","259","114","22","395","712","0","55.48","36.38"
"68","000","00","012","1209","0000","739","505","234","76","815","1609","0","50.65","31.39"
"68","000","00","012","1209","1112","739","505","234","76","815","1609","0","50.65","31.39"
"68","000","00","012","1210","0000","1252","854","398","56","1308","2625","0","49.83","32.53"
"68","000","00","012","1210","1113","673","461","212","33","706","1274","0","55.42","36.19"
"68","000","00","012","1210","1114","579","393","186","23","602","1351","0","44.56","29.09"
"68","000","00","012","1211","0000","1371","905","466","64","1435","2504","0","57.31","36.14"
"68","000","00","012","1211","1115","696","461","235","32","728","1262","0","57.69","36.53"
"68","000","00","012","1211","1116","675","444","231","32","707","1242","0","56.92","35.75"
"68","000","00","012","1212","0000","1554","1009","545","68","1622","3074","0","52.77","32.82"
"68","000","00","012","1212","1117","739","470","269","36","775","1461","0","53.05","32.17"
"68","000","00","012","1212","1118","815","539","276","32","847","1613","0","52.51","33.42"
"68","000","00","012","1213","0000","749","516","233","41","790","1479","0","53.41","34.89"
"68","000","00","012","1213","1119","749","516","233","41","790","1479","0","53.41","34.89"
"68","000","00","012","1214","0000","2282","1512","770","90","2372","4760","0","49.83","31.76"
"68","000","00","012","1214","1120","716","480","236","31","747","1552","0","48.13","30.93"
"68","000","00","012","1214","1121","768","505","263","21","789","1517","0","52.01","33.29"
"68","000","00","012","1214","1122","798","527","271","38","836","1691","0","49.44","31.16"
"68","000","00","012","1215","0000","1936","1313","623","70","2006","3762","0","53.32","34.9"
"68","000","00","012","1215","1123","637","427","210","12","649","1157","0","56.09","36.91"
"68","000","00","012","1215","1124","715","496","219","32","747","1455","0","51.34","34.09"
"68","000","00","012","1215","1125","584","390","194","26","610","1150","0","53.04","33.91"
"68","000","00","012","1216","0000","1203","799","404","49","1252","2363","0","52.98","33.81"
"68","000","00","012","1216","1126","595","400","195","32","627","1112","0","56.38","35.97"
"68","000","00","012","1216","1127","608","399","209","17","625","1251","0","49.96","31.89"
"68","000","00","012","1217","0000","1463","969","494","122","1585","2939","0","53.93","32.97"
"68","000","00","012","1217","1128","737","489","248","57","794","1446","0","54.91","33.82"
"68","000","00","012","1217","1129","726","480","246","65","791","1493","0","52.98","32.15"
"68","000","00","012","1218","0000","1308","899","409","68","1376","2476","0","55.57","36.31"
"68","000","00","012","1218","1130","669","456","213","39","708","1339","0","52.88","34.06"
"68","000","00","012","1218","1131","639","443","196","29","668","1137","0","58.75","38.96"
"68","000","00","012","1219","0000","501","340","161","29","530","1043","0","50.81","32.6"
"68","000","00","012","1219","1132","501","340","161","29","530","1043","0","50.81","32.6"
"68","000","00","012","1220","0000","921","602","319","44","965","1968","0","49.03","30.59"
"68","000","00","012","1220","1133","438","286","152","23","461","993","0","46.42","28.8"
"68","000","00","012","1220","1134","483","316","167","21","504","975","0","51.69","32.41"
"68","000","00","012","1221","0000","866","562","304","35","901","2029","0","44.41","27.7"
"68","000","00","012","1221","1135","866","562","304","35","901","2029","0","44.41","27.7"
"68","000","00","012","1222","0000","1442","979","463","68","1510","3802","0","39.72","25.75"
"68","000","00","012","1222","1139","768","540","228","45","813","1870","0","43.48","28.88"
"68","000","00","012","1222","1140","674","439","235","23","697","1932","0","36.08","22.72"
"68","000","00","012","1223","0000","831","563","268","20","851","1884","0","45.17","29.88"
"68","000","00","012","1223","1141","414","275","139","7","421","899","0","46.83","30.59"
"68","000","00","012","1223","1142","417","288","129","13","430","985","0","43.65","29.24"
"68","000","00","012","1224","0000","2688","1840","848","99","2787","5443","0","51.2","33.8"
"68","000","00","012","1224","1136","919","621","298","38","957","1765","0","54.22","35.18"
"68","000","00","012","1224","1137","894","620","274","33","927","1809","0","51.24","34.27"
"68","000","00","012","1224","1138","875","599","276","28","903","1869","0","48.31","32.05"
"68","000","00","013","0000","0000","5350","4141","1209","243","5593","9766","11997","57.27","42.4"
"68","000","00","013","1301","0000","1058","820","238","70","1128","1991","0","56.65","41.19"
"68","000","00","013","1301","0581","1058","820","238","70","1128","1991","0","56.65","41.19"
"68","000","00","013","1302","0000","768","593","175","35","803","1392","0","57.69","42.6"
"68","000","00","013","1302","0582","768","593","175","35","803","1392","0","57.69","42.6"
"68","000","00","013","1303","0000","412","305","107","16","428","716","0","59.78","42.6"
"68","000","00","013","1303","0584","412","305","107","16","428","716","0","59.78","42.6"
"68","000","00","013","1304","0000","327","257","70","7","334","564","0","59.22","45.57"
"68","000","00","013","1304","0583","327","257","70","7","334","564","0","59.22","45.57"
"68","000","00","013","1305","0000","296","204","92","14","310","669","0","46.34","30.49"
"68","000","00","013","1305","0586","296","204","92","14","310","669","0","46.34","30.49"
"68","000","00","013","1306","0000","381","298","83","15","396","683","0","57.98","43.63"
"68","000","00","013","1306","0589","381","298","83","15","396","683","0","57.98","43.63"
"68","000","00","013","1307","0000","380","297","83","13","393","760","0","51.71","39.08"
"68","000","00","013","1307","0587","380","297","83","13","393","760","0","51.71","39.08"
"68","000","00","013","1308","0000","699","594","105","17","716","1224","0","58.5","48.53"
"68","000","00","013","1308","0590","699","594","105","17","716","1224","0","58.5","48.53"
"68","000","00","013","1309","0000","609","445","164","40","649","1016","0","63.88","43.8"
"68","000","00","013","1309","0585","609","445","164","40","649","1016","0","63.88","43.8"
"68","000","00","013","1310","0000","420","328","92","16","436","751","0","58.06","43.68"
"68","000","00","013","1310","0588","420","328","92","16","436","751","0","58.06","43.68"
"66","000","00","000","0000","0000","1275228","868563","406665","60763","1335991","2295642","2799254","58.2","37.84"
"66","000","00","001","0000","0000","7834","5461","2373","383","8217","14696","18557","55.91","37.16"
"66","000","00","001","0101","0000","817","537","280","32","849","1531","0","55.45","35.08"
"66","000","00","001","0101","1071","817","537","280","32","849","1531","0","55.45","35.08"
"66","000","00","001","0102","0000","1015","748","267","70","1085","2046","0","53.03","36.56"
"66","000","00","001","0102","1075","554","439","115","37","591","1191","0","49.62","36.86"
"66","000","00","001","0102","1076","461","309","152","33","494","855","0","57.78","36.14"
"66","000","00","001","0103","0000","969","653","316","60","1029","1652","0","62.29","39.53"
"66","000","00","001","0103","1070","969","653","316","60","1029","1652","0","62.29","39.53"
"66","000","00","001","0104","0000","799","576","223","21","820","1431","0","57.3","40.25"
"66","000","00","001","0104","1072","799","576","223","21","820","1431","0","57.3","40.25"
"66","000","00","001","0105","0000","1100","739","361","67","1167","2042","0","57.15","36.19"
"66","000","00","001","0105","1073","583","401","182","34","617","1060","0","58.21","37.83"
"66","000","00","001","0105","1074","517","338","179","33","550","982","0","56.01","34.42"
"66","000","00","001","0106","0000","949","686","263","34","983","1840","0","53.42","37.28"
"66","000","00","001","0106","1077","527","376","151","20","547","1135","0","48.19","33.13"
"66","000","00","001","0106","1078","422","310","112","14","436","705","0","61.84","43.97"
"66","000","00","001","0107","0000","1281","886","395","70","1351","2313","0","58.41","38.31"
"66","000","00","001","0107","1079","600","431","169","21","621","1009","0","61.55","42.72"
"66","000","00","001","0107","1080","681","455","226","49","730","1304","0","55.98","34.89"
"66","000","00","001","0108","0000","904","636","268","29","933","1841","0","50.68","34.55"
"66","000","00","001","0108","1081","904","636","268","29","933","1841","0","50.68","34.55"
"66","000","00","002","0000","0000","36532","24849","11683","1696","38228","64291","76070","59.46","38.65"
"66","000","00","002","0201","0000","1496","1010","486","66","1562","2999","0","52.08","33.68"
"66","000","00","002","0201","1148","435","283","152","18","453","1138","0","39.81","24.87"
"66","000","00","002","0201","1149","568","386","182","19","587","984","0","59.65","39.23"
"66","000","00","002","0201","1150","493","341","152","29","522","877","0","59.52","38.88"
"66","000","00","002","0202","0000","1852","1208","644","100","1952","3129","0","62.38","38.61"
"66","000","00","002","0202","1151","651","426","225","31","682","1070","0","63.74","39.81"
"66","000","00","002","0202","1152","654","422","232","33","687","1106","0","62.12","38.16"
"66","000","00","002","0202","1153","547","360","187","36","583","953","0","61.18","37.78"
"66","000","00","002","0203","0000","2118","1473","645","74","2192","3636","0","60.29","40.51"
"66","000","00","002","0203","1154","723","515","208","23","746","1195","0","62.43","43.1"
"66","000","00","002","0203","1155","710","505","205","16","726","1251","0","58.03","40.37"
"66","000","00","002","0203","1156","685","453","232","35","720","1190","0","60.5","38.07"
"66","000","00","002","0204","0000","1609","1075","534","82","1691","2837","0","59.61","37.89"
"66","000","00","002","0204","1157","761","507","254","33","794","1394","0","56.96","36.37"
"66","000","00","002","0204","1158","848","568","280","49","897","1443","0","62.16","39.36"
"66","000","00","002","0205","0000","1171","780","391","67","1238","1966","0","62.97","39.67"
"66","000","00","002","0205","1161","711","469","242","47","758","1211","0","62.59","38.73"
"66","000","00","002","0205","1162","460","311","149","20","480","755","0","63.58","41.19"
"66","000","00","002","0206","0000","1151","804","347","64","1215","1902","0","63.88","42.27"
"66","000","00","002","0206","1159","443","316","127","28","471","762","0","61.81","41.47"
"66","000","00","002","0206","1160","708","488","220","36","744","1140","0","65.26","42.81"
"66","000","00","002","0207","0000","1354","916","438","77","1431","2491","0","57.45","36.77"
"66","000","00","002","0207","1163","800","543","257","50","850","1491","0","57.01","36.42"
"66","000","00","002","0207","1164","554","373","181","27","581","1000","0","58.1","37.3"
"66","000","00","002","0208","0000","1266","841","425","68","1334","2215","0","60.23","37.97"
"66","000","00","002","0208","1165","648","418","230","41","689","1114","0","61.85","37.52"
"66","000","00","002","0208","1166","618","423","195","27","645","1101","0","58.58","38.42"
"66","000","00","002","0209","0000","3857","2591","1266","180","4037","6563","0","61.51","39.48"
"66","000","00","002","0209","1167","716","508","208","45","761","1169","0","65.1","43.46"
"66","000","00","002","0209","1168","773","537","236","41","814","1283","0","63.45","41.86"
"66","000","00","002","0209","1169","712","483","229","27","739","1168","0","63.27","41.35"
"66","000","00","002","0209","1170","768","500","268","28","796","1386","0","57.43","36.08"
"66","000","00","002","0209","1171","888","563","325","39","927","1557","0","59.54","36.16"
"66","000","00","002","0210","0000","2736","1875","861","97","2833","4658","0","60.82","40.25"
"66","000","00","002","0210","1172","778","509","269","44","822","1380","0","59.57","36.88"
"66","000","00","002","0210","1173","982","675","307","30","1012","1674","0","60.45","40.32"
"66","000","00","002","0210","1174","976","691","285","23","999","1604","0","62.28","43.08"
"66","000","00","002","0211","0000","2226","1502","724","98","2324","3743","0","62.09","40.13"
"66","000","00","002","0211","1179","729","519","210","36","765","1252","0","61.1","41.45"
"66","000","00","002","0211","1180","759","480","279","37","796","1250","0","63.68","38.4"
"66","000","00","002","0211","1181","738","503","235","25","763","1241","0","61.48","40.53"
"66","000","00","002","0212","0000","1362","904","458","89","1451","2606","0","55.68","34.69"
"66","000","00","002","0212","1182","668","420","248","42","710","1318","0","53.87","31.87"
"66","000","00","002","0212","1183","694","484","210","47","741","1288","0","57.53","37.58"
"66","000","00","002","0213","0000","2377","1670","707","126","2503","4096","0","61.11","40.77"
"66","000","00","002","0213","1184","862","588","274","48","910","1442","0","63.11","40.78"
"66","000","00","002","0213","1185","700","485","215","33","733","1202","0","60.98","40.35"
"66","000","00","002","0213","1186","815","597","218","45","860","1452","0","59.23","41.12"
"66","000","00","002","0214","0000","859","644","215","45","904","1693","0","53.4","38.04"
"66","000","00","002","0214","1190","859","644","215","45","904","1693","0","53.4","38.04"
"66","000","00","002","0215","0000","2221","1548","673","97","2318","4083","0","56.77","37.91"
"66","000","00","002","0215","1187","802","530","272","26","828","1480","0","55.95","35.81"
"66","000","00","002","0215","1188","956","706","250","39","995","1736","0","57.32","40.67"
"66","000","00","002","0215","1189","463","312","151","32","495","867","0","57.09","35.99"
"66","000","00","002","0216","0000","5028","3386","1642","217","5245","8717","0","60.17","38.84"
"66","000","00","002","0216","1191","905","637","268","42","947","1538","0","61.57","41.42"
"66","000","00","002","0216","1192","944","606","338","61","1005","1593","0","63.09","38.04"
"66","000","00","002","0216","1193","790","534","256","20","810","1481","0","54.69","36.06"
"66","000","00","002","0216","1194","857","572","285","28","885","1414","0","62.59","40.45"
"66","000","00","002","0216","1195","738","492","246","23","761","1297","0","58.67","37.93"
"66","000","00","002","0216","1196","794","545","249","43","837","1394","0","60.04","39.1"
"66","000","00","002","0217","0000","3849","2622","1227","149","3998","6957","0","57.47","37.69"
"66","000","00","002","0217","1175","1049","690","359","47","1096","1815","0","60.39","38.02"
"66","000","00","002","0217","1176","934","645","289","35","969","1700","0","57.0","37.94"
"66","000","00","002","0217","1177","890","622","268","26","916","1592","0","57.54","39.07"
"66","000","00","002","0217","1178","976","665","311","41","1017","1850","0","54.97","35.95"
"66","000","00","003","0000","0000","61259","40885","20374","2702","63961","103643","125726","61.71","39.45"
"66","000","00","003","0301","0000","2108","1398","710","127","2235","3607","0","61.96","38.76"
"66","000","00","003","0301","1201","663","428","235","55","718","1130","0","63.54","37.88"
"66","000","00","003","0301","1202","750","510","240","36","786","1239","0","63.44","41.16"
"66","000","00","003","0301","1203","695","460","235","36","731","1238","0","59.05","37.16"
"66","000","00","003","0302","0000","2253","1507","746","135","2388","3862","0","61.83","39.02"
"66","000","00","003","0302","1204","757","510","247","41","798","1272","0","62.74","40.09"
"66","000","00","003","0302","1205","742","500","242","40","782","1273","0","61.43","39.28"
"66","000","00","003","0302","1206","754","497","257","54","808","1317","0","61.35","37.74"
"66","000","00","003","0303","0000","2111","1366","745","164","2275","3476","0","65.45","39.3"
"66","000","00","003","0303","1207","757","502","255","31","788","1160","0","67.93","43.28"
"66","000","00","003","0303","1208","714","477","237","85","799","1205","0","66.31","39.59"
"66","000","00","003","0303","1209","640","387","253","48","688","1111","0","61.93","34.83"
"66","000","00","003","0304","0000","1717","1135","582","67","1784","2826","0","63.13","40.16"
"66","000","00","003","0304","1210","892","570","322","38","930","1407","0","66.1","40.51"
"66","000","00","003","0304","1211","825","565","260","29","854","1419","0","60.18","39.82"
"66","000","00","003","0305","0000","1512","1012","500","68","1580","2572","0","61.43","39.35"
"66","000","00","003","0305","1212","705","484","221","34","739","1157","0","63.87","41.83"
"66","000","00","003","0305","1213","807","528","279","34","841","1415","0","59.43","37.31"
"66","000","00","003","0306","0000","1652","1126","526","74","1726","2743","0","62.92","41.05"
"66","000","00","003","0306","1214","816","561","255","35","851","1289","0","66.02","43.52"
"66","000","00","003","0306","1215","836","565","271","39","875","1454","0","60.18","38.86"
"66","000","00","003","0307","0000","2463","1658","805","108","2571","4315","0","59.58","38.42"
"66","000","00","003","0307","1216","840","568","272","35","875","1491","0","58.69","38.1"
"66","000","00","003","0307","1217","797","544","253","35","832","1394","0","59.68","39.02"
"66","000","00","003","0307","1218","826","546","280","38","864","1430","0","60.42","38.18"
"66","000","00","003","0308","0000","2360","1574","786","141","2501","3836","0","65.2","41.03"
"66","000","00","003","0308","1219","782","527","255","62","844","1342","0","62.89","39.27"
"66","000","00","003","0308","1220","834","570","264","50","884","1304","0","67.79","43.71"
"66","000","00","003","0308","1221","744","477","267","29","773","1190","0","64.96","40.08"
"66","000","00","003","0309","0000","3152","2149","1003","164","3316","5320","0","62.33","40.39"
"66","000","00","003","0309","1222","720","511","209","41","761","1273","0","59.78","40.14"
"66","000","00","003","0309","1223","867","586","281","39","906","1387","0","65.32","42.25"
"66","000","00","003","0309","1224","782","522","260","39","821","1356","0","60.55","38.5"
"66","000","00","003","0309","1225","783","530","253","45","828","1304","0","63.5","40.64"
"66","000","00","003","0310","0000","2195","1489","706","90","2285","3842","0","59.47","38.76"
"66","000","00","003","0310","1230","761","543","218","39","800","1308","0","61.16","41.51"
"66","000","00","003","0310","1231","716","466","250","28","744","1250","0","59.52","37.28"
"66","000","00","003","0310","1232","718","480","238","23","741","1284","0","57.71","37.38"
"66","000","00","003","0311","0000","4610","3065","1545","176","4786","7672","0","62.38","39.95"
"66","000","00","003","0311","1240","1011","636","375","35","1046","1643","0","63.66","38.71"
"66","000","00","003","0311","1241","851","636","215","37","888","1423","0","62.4","44.69"
"66","000","00","003","0311","1242","899","597","302","37","936","1542","0","60.7","38.72"
"66","000","00","003","0311","1243","909","580","329","21","930","1533","0","60.67","37.83"
"66","000","00","003","0311","1244","940","616","324","46","986","1531","0","64.4","40.24"
"66","000","00","003","0312","0000","6218","4147","2071","229","6447","10764","0","59.89","38.53"
"66","000","00","003","0312","1248","957","621","336","27","984","1799","0","54.7","34.52"
"66","000","00","003","0312","1249","1055","722","333","36","1091","1708","0","63.88","42.27"
"66","000","00","003","0312","1250","950","627","323","43","993","1700","0","58.41","36.88"
"66","000","00","003","0312","1251","1078","781","297","21","1099","1751","0","62.76","44.6"
"66","000","00","003","0312","1252","1211","763","448","60","1271","2109","0","60.27","36.18"
"66","000","00","003","0312","1253","967","633","334","42","1009","1697","0","59.46","37.3"
"66","000","00","003","0313","0000","4961","3338","1623","187","5148","7918","0","65.02","42.16"
"66","000","00","003","0313","1258","766","506","260","39","805","1274","0","63.19","39.72"
"66","000","00","003","0313","1259","897","622","275","27","924","1390","0","66.47","44.75"
"66","000","00","003","0313","1260","831","517","314","20","851","1295","0","65.71","39.92"
"66","000","00","003","0313","1261","764","542","222","40","804","1312","0","61.28","41.31"
"66","000","00","003","0313","1262","877","602","275","30","907","1417","0","64.01","42.48"
"66","000","00","003","0313","1263","826","549","277","31","857","1230","0","69.67","44.63"
"66","000","00","003","0314","0000","2428","1587","841","110","2538","4174","0","60.8","38.02"
"66","000","00","003","0314","1264","765","504","261","28","793","1308","0","60.63","38.53"
"66","000","00","003","0314","1265","834","547","287","53","887","1467","0","60.46","37.29"
"66","000","00","003","0314","1266","829","536","293","29","858","1399","0","61.33","38.31"
"66","000","00","003","0315","0000","1177","790","387","55","1232","1938","0","63.57","40.76"
"66","000","00","003","0315","1197","556","382","174","21","577","937","0","61.58","40.77"
"66","000","00","003","0315","1198","621","408","213","34","655","1001","0","65.43","40.76"
"66","000","00","003","0316","0000","1572","1087","485","76","1648","2451","0","67.24","44.35"
"66","000","00","003","0316","1199","787","539","248","39","826","1249","0","66.13","43.15"
"66","000","00","003","0316","1200","785","548","237","37","822","1202","0","68.39","45.59"
"66","000","00","003","0317","0000","3287","2160","1127","130","3417","5388","0","63.42","40.09"
"66","000","00","003","0317","1226","797","521","276","23","820","1256","0","65.29","41.48"
"66","000","00","003","0317","1227","840","532","308","30","870","1364","0","63.78","39.0"
"66","000","00","003","0317","1228","799","529","270","54","853","1361","0","62.67","38.87"
"66","000","00","003","0317","1229","851","578","273","23","874","1407","0","62.12","41.08"
"66","000","00","003","0318","0000","2144","1434","710","109","2253","3501","0","64.35","40.96"
"66","000","00","003","0318","1233","730","466","264","34","764","1175","0","65.02","39.66"
"66","000","00","003","0318","1234","742","525","217","28","770","1158","0","66.49","45.34"
"66","000","00","003","0318","1235","672","443","229","47","719","1168","0","61.56","37.93"
"66","000","00","003","0319","0000","3781","2544","1237","120","3901","7241","0","53.87","35.13"
"66","000","00","003","0319","1236","994","664","330","43","1037","1626","0","63.78","40.84"
"66","000","00","003","0319","1237","880","581","299","25","905","2115","0","42.79","27.47"
"66","000","00","003","0319","1238","979","669","310","33","1012","1805","0","56.07","37.06"
"66","000","00","003","0319","1239","928","630","298","19","947","1695","0","55.87","37.17"
"66","000","00","003","0320","0000","2535","1696","839","92","2627","4415","0","59.5","38.41"
"66","000","00","003","0320","1245","785","560","225","23","808","1392","0","58.05","40.23"
"66","000","00","003","0320","1246","890","580","310","30","920","1592","0","57.79","36.43"
"66","000","00","003","0320","1247","860","556","304","39","899","1431","0","62.82","38.85"
"66","000","00","003","0321","0000","3919","2594","1325","160","4079","6474","0","63.01","40.07"
"66","000","00","003","0321","1254","829","524","305","41","870","1456","0","59.75","35.99"
"66","000","00","003","0321","1255","1107","741","366","46","1153","1726","0","66.8","42.93"
"66","000","00","003","0321","1256","1043","691","352","41","1084","1723","0","62.91","40.1"
"66","000","00","003","0321","1257","940","638","302","32","972","1569","0","61.95","40.66"
"66","000","00","003","0322","0000","3104","2029","1075","120","3224","5308","0","60.74","38.23"
"66","000","00","003","0322","1267","702","486","216","32","734","1207","0","60.81","40.27"
"66","000","00","003","0322","1268","771","494","277","32","803","1317","0","60.97","37.51"
"66","000","00","003","0322","1269","891","565","326","26","917","1563","0","58.67","36.15"
"66","000","00","003","0322","1270","740","484","256","30","770","1221","0","63.06","39.64"
"66","000","00","004","0000","0000","53721","35073","18648","2119","55840","95040","115551","58.75","36.9"
"66","000","00","004","0401","0000","1105","721","384","52","1157","1798","0","64.35","40.1"
"66","000","00","004","0401","1085","608","396","212","35","643","1020","0","63.04","38.82"
"66","000","00","004","0401","1086","497","325","172","17","514","778","0","66.07","41.77"
"66","000","00","004","0402","0000","822","560","262","32","854","1416","0","60.31","39.55"
"66","000","00","004","0402","1084","822","560","262","32","854","1416","0","60.31","39.55"
"66","000","00","004","0403","0000","1036","700","336","35","1071","2261","0","47.37","30.96"
"66","000","00","004","0403","1082","486","342","144","24","510","1400","0","36.43","24.43"
"66","000","00","004","0403","1083","550","358","192","11","561","861","0","65.16","41.58"
"66","000","00","004","0404","0000","1446","938","508","56","1502","2295","0","65.45","40.87"
"66","000","00","004","0404","1090","779","509","270","34","813","1251","0","64.99","40.69"
"66","000","00","004","0404","1091","667","429","238","22","689","1044","0","66.0","41.09"
"66","000","00","004","0405","0000","816","559","257","32","848","1465","0","57.88","38.16"
"66","000","00","004","0405","1087","816","559","257","32","848","1465","0","57.88","38.16"
"66","000","00","004","0406","0000","1119","738","381","32","1151","1885","0","61.06","39.15"
"66","000","00","004","0406","1088","604","415","189","15","619","1017","0","60.87","40.81"
"66","000","00","004","0406","1089","515","323","192","17","532","868","0","61.29","37.21"
"66","000","00","004","0407","0000","2749","1758","991","110","2859","4791","0","59.67","36.69"
"66","000","00","004","0407","1092","838","529","309","36","874","1487","0","58.78","35.57"
"66","000","00","004","0407","1093","901","577","324","34","935","1573","0","59.44","36.68"
"66","000","00","004","0407","1094","1010","652","358","40","1050","1731","0","60.66","37.67"
"66","000","00","004","0408","0000","2291","1517","774","89","2380","3948","0","60.28","38.42"
"66","000","00","004","0408","1095","714","493","221","31","745","1209","0","61.62","40.78"
"66","000","00","004","0408","1096","870","573","297","30","900","1564","0","57.54","36.64"
"66","000","00","004","0408","1097","707","451","256","28","735","1175","0","62.55","38.38"
"66","000","00","004","0409","0000","3144","2054","1090","86","3230","5680","0","56.87","36.16"
"66","000","00","004","0409","1098","854","540","314","20","874","1505","0","58.07","35.88"
"66","000","00","004","0409","1099","839","530","309","29","868","1418","0","61.21","37.38"
"66","000","00","004","0409","1100","692","474","218","16","708","1497","0","47.29","31.66"
"66","000","00","004","0409","1101","759","510","249","21","780","1260","0","61.9","40.48"
"66","000","00","004","0410","0000","1259","851","408","69","1328","2330","0","57.0","36.52"
"66","000","00","004","0410","1116","616","430","186","33","649","1129","0","57.48","38.09"
"66","000","00","004","0410","1117","643","421","222","36","679","1201","0","56.54","35.05"
"66","000","00","004","0411","0000","1695","1126","569","78","1773","3196","0","55.48","35.23"
"66","000","00","004","0411","1114","925","627","298","42","967","1822","0","53.07","34.41"
"66","000","00","004","0411","1115","770","499","271","36","806","1374","0","58.66","36.32"
"66","000","00","004","0412","0000","1916","1242","674","86","2002","3502","0","57.17","35.47"
"66","000","00","004","0412","1118","867","569","298","45","912","1639","0","55.64","34.72"
"66","000","00","004","0412","1119","1049","673","376","41","1090","1863","0","58.51","36.12"
"66","000","00","004","0413","0000","1570","1026","544","87","1657","2846","0","58.22","36.05"
"66","000","00","004","0413","1102","810","516","294","45","855","1399","0","61.12","36.88"
"66","000","00","004","0413","1103","760","510","250","42","802","1447","0","55.43","35.25"
"66","000","00","004","0414","0000","3697","2401","1296","139","3836","6488","0","59.12","37.01"
"66","000","00","004","0414","1104","938","618","320","45","983","1683","0","58.41","36.72"
"66","000","00","004","0414","1105","937","614","323","26","963","1585","0","60.76","38.74"
"66","000","00","004","0414","1106","953","577","376","28","981","1557","0","63.01","37.06"
"66","000","00","004","0414","1107","869","592","277","40","909","1663","0","54.66","35.6"
"66","000","00","004","0415","0000","3225","2104","1121","136","3361","5656","0","59.42","37.2"
"66","000","00","004","0415","1122","749","488","261","21","770","1308","0","58.87","37.31"
"66","000","00","004","0415","1123","800","520","280","47","847","1433","0","59.11","36.29"
"66","000","00","004","0415","1124","793","527","266","32","825","1450","0","56.9","36.34"
"66","000","00","004","0415","1125","883","569","314","36","919","1465","0","62.73","38.84"
"66","000","00","004","0416","0000","3108","2067","1041","117","3225","5663","0","56.95","36.5"
"66","000","00","004","0416","1140","662","435","227","19","681","1139","0","59.79","38.19"
"66","000","00","004","0416","1141","666","444","222","21","687","1105","0","62.17","40.18"
"66","000","00","004","0416","1142","829","543","286","37","866","1498","0","57.81","36.25"
"66","000","00","004","0416","1143","951","645","306","40","991","1921","0","51.59","33.58"
"66","000","00","004","0417","0000","3556","2265","1291","141","3697","6075","0","60.86","37.28"
"66","000","00","004","0417","1133","932","623","309","28","960","1613","0","59.52","38.62"
"66","000","00","004","0417","1134","817","510","307","39","856","1454","0","58.87","35.08"
"66","000","00","004","0417","1135","953","600","353","29","982","1597","0","61.49","37.57"
"66","000","00","004","0417","1136","854","532","322","45","899","1411","0","63.71","37.7"
"66","000","00","004","0418","0000","3007","1844","1163","107","3114","5581","0","55.8","33.04"
"66","000","00","004","0418","1108","1086","644","442","36","1122","1921","0","58.41","33.52"
"66","000","00","004","0418","1109","1021","630","391","36","1057","1952","0","54.15","32.27"
"66","000","00","004","0418","1110","900","570","330","35","935","1708","0","54.74","33.37"
"66","000","00","004","0419","0000","3306","2177","1129","151","3457","5667","0","61.0","38.42"
"66","000","00","004","0419","1144","744","499","245","42","786","1340","0","58.66","37.24"
"66","000","00","004","0419","1145","932","615","317","39","971","1536","0","63.22","40.04"
"66","000","00","004","0419","1146","756","484","272","46","802","1361","0","58.93","35.56"
"66","000","00","004","0419","1147","874","579","295","24","898","1430","0","62.8","40.49"
"66","000","00","004","0420","0000","1567","1021","546","54","1621","2794","0","58.02","36.54"
"66","000","00","004","0420","1128","860","543","317","34","894","1428","0","62.61","38.03"
"66","000","00","004","0420","1129","707","478","229","20","727","1366","0","53.22","34.99"
"66","000","00","004","0421","0000","1964","1283","681","70","2034","3600","0","56.5","35.64"
"66","000","00","004","0421","1126","956","632","324","36","992","1818","0","54.57","34.76"
"66","000","00","004","0421","1127","1008","651","357","34","1042","1782","0","58.47","36.53"
"66","000","00","004","0422","0000","2727","1781","946","131","2858","4803","0","59.5","37.08"
"66","000","00","004","0422","1137","851","545","306","48","899","1493","0","60.21","36.5"
"66","000","00","004","0422","1138","943","648","295","39","982","1600","0","61.38","40.5"
"66","000","00","004","0422","1139","933","588","345","44","977","1710","0","57.13","34.39"
"66","000","00","004","0423","0000","2428","1575","853","83","2511","4187","0","59.97","37.62"
"66","000","00","004","0423","1130","823","528","295","34","857","1498","0","57.21","35.25"
"66","000","00","004","0423","1131","806","522","284","28","834","1350","0","61.78","38.67"
"66","000","00","004","0423","1132","799","525","274","21","820","1339","0","61.24","39.21"
"66","000","00","004","0424","0000","1660","1123","537","85","1745","2791","0","62.52","40.24"
"66","000","00","004","0424","1120","791","554","237","34","825","1287","0","64.1","43.05"
"66","000","00","004","0424","1121","869","569","300","51","920","1504","0","61.17","37.83"
"66","000","00","004","0425","0000","2508","1642","866","61","2569","4322","0","59.44","37.99"
"66","000","00","004","0425","1111","706","452","254","19","725","1131","0","64.1","39.96"
"66","000","00","004","0425","1112","1032","671","361","25","1057","1916","0","55.17","35.02"
"66","000","00","004","0425","1113","770","519","251","17","787","1275","0","61.73","40.71"
"66","000","00","005","0000","0000","68182","45623","22559","2632","70814","124621","147528","56.82","36.61"
"66","000","00","005","0501","0000","1080","869","211","68","1148","2047","0","56.08","42.45"
"66","000","00","005","0501","0985","519","483","36","39","558","1051","0","53.09","45.96"
"66","000","00","005","0501","0986","561","386","175","29","590","996","0","59.24","38.76"
"66","000","00","005","0502","0000","1919","1315","604","99","2018","3365","0","59.97","39.08"
"66","000","00","005","0502","0987","849","629","220","30","879","1504","0","58.44","41.82"
"66","000","00","005","0502","0988","567","363","204","41","608","975","0","62.36","37.23"
"66","000","00","005","0502","0989","503","323","180","28","531","886","0","59.93","36.46"
"66","000","00","005","0503","0000","747","494","253","32","779","1404","0","55.48","35.19"
"66","000","00","005","0503","0992","747","494","253","32","779","1404","0","55.48","35.19"
"66","000","00","005","0504","0000","857","590","267","28","885","1532","0","57.77","38.51"
"66","000","00","005","0504","0997","400","276","124","14","414","773","0","53.56","35.71"
"66","000","00","005","0504","0998","457","314","143","14","471","759","0","62.06","41.37"
"66","000","00","005","0505","0000","950","641","309","38","988","1683","0","58.7","38.09"
"66","000","00","005","0505","0995","436","286","150","17","453","704","0","64.35","40.63"
"66","000","00","005","0505","0996","514","355","159","21","535","979","0","54.65","36.26"
"66","000","00","005","0506","0000","1427","1061","366","66","1493","2650","0","56.34","40.04"
"66","000","00","005","0506","0999","802","605","197","40","842","1438","0","58.55","42.07"
"66","000","00","005","0506","1000","625","456","169","26","651","1212","0","53.71","37.62"
"66","000","00","005","0507","0000","1863","1290","573","62","1925","3176","0","60.61","40.62"
"66","000","00","005","0507","1001","966","643","323","37","1003","1731","0","57.94","37.15"
"66","000","00","005","0507","1002","897","647","250","25","922","1445","0","63.81","44.78"
"66","000","00","005","0508","0000","2815","1892","923","103","2918","5461","0","53.43","34.65"
"66","000","00","005","0508","1003","1023","676","347","35","1058","1855","0","57.04","36.44"
"66","000","00","005","0508","1004","856","597","259","31","887","1728","0","51.33","34.55"
"66","000","00","005","0508","1005","936","619","317","37","973","1878","0","51.81","32.96"
"66","000","00","005","0509","0000","1697","1163","534","68","1765","3340","0","52.84","34.82"
"66","000","00","005","0509","1008","851","553","298","34","885","1761","0","50.26","31.4"
"66","000","00","005","0509","1009","846","610","236","34","880","1579","0","55.73","38.63"
"66","000","00","005","0510","0000","1425","965","460","55","1480","2482","0","59.63","38.88"
"66","000","00","005","0510","1012","822","554","268","32","854","1476","0","57.86","37.53"
"66","000","00","005","0510","1013","603","411","192","23","626","1006","0","62.23","40.85"
"66","000","00","005","0511","0000","2348","1601","747","68","2416","4309","0","56.07","37.15"
"66","000","00","005","0511","1014","786","547","239","32","818","1403","0","58.3","38.99"
"66","000","00","005","0511","1015","762","526","236","12","774","1446","0","53.53","36.38"
"66","000","00","005","0511","1016","800","528","272","24","824","1460","0","56.44","36.16"
"66","000","00","005","0512","0000","1375","892","483","45","1420","2260","0","62.83","39.47"
"66","000","00","005","0512","1017","717","465","252","24","741","1233","0","60.1","37.71"
"66","000","00","005","0512","1018","658","427","231","21","679","1027","0","66.11","41.58"
"66","000","00","005","0513","0000","3228","2103","1125","118","3346","5590","0","59.86","37.62"
"66","000","00","005","0513","1019","695","453","242","11","706","1207","0","58.49","37.53"
"66","000","00","005","0513","1020","693","453","240","28","721","1167","0","61.78","38.82"
"66","000","00","005","0513","1021","645","419","226","25","670","1150","0","58.26","36.43"
"66","000","00","005","0513","1022","593","390","203","36","629","1061","0","59.28","36.76"
"66","000","00","005","0513","1023","602","388","214","18","620","1005","0","61.69","38.61"
"66","000","00","005","0514","0000","2334","1502","832","97","2431","4077","0","59.63","36.84"
"66","000","00","005","0514","1024","698","433","265","25","723","1250","0","57.84","34.64"
"66","000","00","005","0514","1025","847","561","286","33","880","1448","0","60.77","38.74"
"66","000","00","005","0514","1026","789","508","281","39","828","1379","0","60.04","36.84"
"66","000","00","005","0515","0000","2323","1597","726","64","2387","5070","0","47.08","31.5"
"66","000","00","005","0515","1029","579","389","190","14","593","2078","0","28.54","18.72"
"66","000","00","005","0515","1030","934","667","267","28","962","1562","0","61.59","42.7"
"66","000","00","005","0515","1031","810","541","269","22","832","1430","0","58.18","37.83"
"66","000","00","005","0516","0000","2424","1624","800","83","2507","4440","0","56.46","36.58"
"66","000","00","005","0516","1045","754","502","252","28","782","1461","0","53.52","34.36"
"66","000","00","005","0516","1046","769","552","217","30","799","1310","0","60.99","42.14"
"66","000","00","005","0516","1047","901","570","331","25","926","1669","0","55.48","34.15"
"66","000","00","005","0517","0000","2022","1335","687","58","2080","3614","0","57.55","36.94"
"66","000","00","005","0517","1048","1094","714","380","30","1124","1932","0","58.18","36.96"
"66","000","00","005","0517","1049","928","621","307","28","956","1682","0","56.84","36.92"
"66","000","00","005","0518","0000","2665","1750","915","99","2764","4932","0","56.04","35.48"
"66","000","00","005","0518","1050","1010","645","365","17","1027","1891","0","54.31","34.11"
"66","000","00","005","0518","1051","1006","663","343","57","1063","1882","0","56.48","35.23"
"66","000","00","005","0518","1052","649","442","207","25","674","1159","0","58.15","38.14"
"66","000","00","005","0519","0000","1491","1009","482","60","1551","2613","0","59.36","38.61"
"66","000","00","005","0519","1068","767","521","246","38","805","1346","0","59.81","38.71"
"66","000","00","005","0519","1069","724","488","236","22","746","1267","0","58.88","38.52"
"66","000","00","005","0520","0000","2046","1367","679","94","2140","3752","0","57.04","36.43"
"66","000","00","005","0520","1010","1146","785","361","54","1200","2192","0","54.74","35.81"
"66","000","00","005","0520","1011","900","582","318","40","940","1560","0","60.26","37.31"
"66","000","00","005","0521","0000","3520","2289","1231","138","3658","6457","0","56.65","35.45"
"66","000","00","005","0521","1053","872","600","272","36","908","1553","0","58.47","38.63"
"66","000","00","005","0521","1054","849","528","321","34","883","1607","0","54.95","32.86"
"66","000","00","005","0521","1055","959","607","352","34","993","1773","0","56.01","34.24"
"66","000","00","005","0521","1056","840","554","286","34","874","1524","0","57.35","36.35"
"66","000","00","005","0522","0000","3031","2038","993","118","3149","5282","0","59.62","38.58"
"66","000","00","005","0522","1057","972","664","308","38","1010","1613","0","62.62","41.17"
"66","000","00","005","0522","1058","1069","719","350","39","1108","1877","0","59.03","38.31"
"66","000","00","005","0522","1059","990","655","335","41","1031","1792","0","57.53","36.55"
"66","000","00","005","0523","0000","3352","2197","1155","111","3463","6037","0","57.36","36.39"
"66","000","00","005","0523","1062","926","596","330","30","956","1556","0","61.44","38.3"
"66","000","00","005","0523","1063","816","531","285","24","840","1497","0","56.11","35.47"
"66","000","00","005","0523","1064","838","579","259","31","869","1550","0","56.06","37.35"
"66","000","00","005","0523","1065","772","491","281","26","798","1434","0","55.65","34.24"
"66","000","00","005","0524","0000","2072","1350","722","74","2146","3734","0","57.47","36.15"
"66","000","00","005","0524","1040","709","444","265","23","732","1243","0","58.89","35.72"
"66","000","00","005","0524","1041","638","425","213","15","653","1219","0","53.57","34.86"
"66","000","00","005","0524","1042","725","481","244","36","761","1272","0","59.83","37.81"
"66","000","00","005","0525","0000","2141","1471","670","82","2223","3777","0","58.86","38.95"
"66","000","00","005","0525","1034","775","549","226","28","803","1432","0","56.08","38.34"
"66","000","00","005","0525","1035","676","465","211","33","709","1157","0","61.28","40.19"
"66","000","00","005","0525","1036","690","457","233","21","711","1188","0","59.85","38.47"
"66","000","00","005","0526","0000","768","526","242","27","795","1437","0","55.32","36.6"
"66","000","00","005","0526","0983","768","526","242","27","795","1437","0","55.32","36.6"
"66","000","00","005","0527","0000","860","586","274","52","912","1708","0","53.4","34.31"
"66","000","00","005","0527","0984","860","586","274","52","912","1708","0","53.4","34.31"
"66","000","00","005","0528","0000","1071","682","389","57","1128","2214","0","50.95","30.8"
"66","000","00","005","0528","0990","578","363","215","33","611","1276","0","47.88","28.45"
"66","000","00","005","0528","0991","493","319","174","24","517","938","0","55.12","34.01"
"66","000","00","005","0529","0000","1019","666","353","56","1075","1865","0","57.64","35.71"
"66","000","00","005","0529","0993","555","369","186","16","571","996","0","57.33","37.05"
"66","000","00","005","0529","0994","464","297","167","40","504","869","0","58.0","34.18"
"66","000","00","005","0530","0000","1740","1201","539","113","1853","3348","0","55.35","35.87"
"66","000","00","005","0530","1006","884","612","272","60","944","1793","0","52.65","34.13"
"66","000","00","005","0530","1007","856","589","267","53","909","1555","0","58.46","37.88"
"66","000","00","005","0531","0000","1903","1210","693","76","1979","3519","0","56.24","34.38"
"66","000","00","005","0531","1027","919","591","328","45","964","1652","0","58.35","35.77"
"66","000","00","005","0531","1028","984","619","365","31","1015","1867","0","54.37","33.15"
"66","000","00","005","0532","0000","2368","1562","806","77","2445","4305","0","56.79","36.28"
"66","000","00","005","0532","1037","785","535","250","26","811","1419","0","57.15","37.7"
"66","000","00","005","0532","1038","889","591","298","16","905","1653","0","54.75","35.75"
"66","000","00","005","0532","1039","694","436","258","35","729","1233","0","59.12","35.36"
"66","000","00","005","0533","0000","1517","1032","485","57","1574","2689","0","58.53","38.38"
"66","000","00","005","0533","1060","802","555","247","32","834","1392","0","59.91","39.87"
"66","000","00","005","0533","1061","715","477","238","25","740","1297","0","57.05","36.78"
"66","000","00","005","0534","0000","2014","1265","749","85","2099","3659","0","57.37","34.57"
"66","000","00","005","0534","1066","989","616","373","56","1045","1793","0","58.28","34.36"
"66","000","00","005","0534","1067","1025","649","376","29","1054","1866","0","56.48","34.78"
"66","000","00","005","0535","0000","1770","1137","633","47","1817","3065","0","59.28","37.1"
"66","000","00","005","0535","1043","757","484","273","13","770","1285","0","59.92","37.67"
"66","000","00","005","0535","1044","1013","653","360","34","1047","1780","0","58.82","36.69"
"66","000","00","005","0536","0000","2000","1351","649","57","2057","3728","0","55.18","36.24"
"66","000","00","005","0536","1032","1153","777","376","32","1185","2018","0","58.72","38.5"
"66","000","00","005","0536","1033","847","574","273","25","872","1710","0","50.99","33.57"
"66","000","00","006","0000","0000","102756","68518","34238","4187","106943","183814","228128","58.18","37.28"
"66","000","00","006","0601","0000","2694","1772","922","82","2776","4749","0","58.45","37.31"
"66","000","00","006","0601","0625","946","648","298","31","977","1638","0","59.65","39.56"
"66","000","00","006","0601","0626","726","442","284","23","749","1335","0","56.1","33.11"
"66","000","00","006","0601","0627","1022","682","340","28","1050","1776","0","59.12","38.4"
"66","000","00","006","0602","0000","2897","1943","954","104","3001","5323","0","56.38","36.5"
"66","000","00","006","0602","0634","940","637","303","45","985","1749","0","56.32","36.42"
"66","000","00","006","0602","0635","1058","729","329","33","1091","1877","0","58.12","38.84"
"66","000","00","006","0602","0636","899","577","322","26","925","1697","0","54.51","34.0"
"66","000","00","006","0603","0000","2673","1754","919","115","2788","5447","0","51.18","32.2"
"66","000","00","006","0603","0637","875","584","291","36","911","1480","0","61.55","39.46"
"66","000","00","006","0603","0638","921","594","327","52","973","1483","0","65.61","40.05"
"66","000","00","006","0603","0639","877","576","301","27","904","2484","0","36.39","23.19"
"66","000","00","006","0604","0000","506","376","130","24","530","781","0","67.86","48.14"
"66","000","00","006","0604","0640","506","376","130","24","530","781","0","67.86","48.14"
"66","000","00","006","0605","0000","7363","4861","2502","262","7625","13148","0","57.99","36.97"
"66","000","00","006","0605","0641","862","569","293","36","898","1477","0","60.8","38.52"
"66","000","00","006","0605","0642","971","649","322","30","1001","1784","0","56.11","36.38"
"66","000","00","006","0605","0643","934","641","293","27","961","1686","0","57.0","38.02"
"66","000","00","006","0605","0644","933","605","328","27","960","1692","0","56.74","35.76"
"66","000","00","006","0605","0645","872","591","281","33","905","1659","0","54.55","35.62"
"66","000","00","006","0605","0646","932","611","321","48","980","1648","0","59.47","37.08"
"66","000","00","006","0605","0647","913","579","334","29","942","1536","0","61.33","37.7"
"66","000","00","006","0605","0648","946","616","330","32","978","1666","0","58.7","36.97"
"66","000","00","006","0606","0000","2641","1719","922","88","2729","4812","0","56.71","35.72"
"66","000","00","006","0606","0649","818","510","308","32","850","1428","0","59.52","35.71"
"66","000","00","006","0606","0650","948","632","316","37","985","1810","0","54.42","34.92"
"66","000","00","006","0606","0651","875","577","298","19","894","1574","0","56.8","36.66"
"66","000","00","006","0607","0000","2409","1652","757","94","2503","4314","0","58.02","38.29"
"66","000","00","006","0607","0658","945","634","311","35","980","1714","0","57.18","36.99"
"66","000","00","006","0607","0659","798","560","238","28","826","1424","0","58.01","39.33"
"66","000","00","006","0607","0660","666","458","208","31","697","1176","0","59.27","38.95"
"66","000","00","006","0608","0000","1609","1192","417","92","1701","2739","0","62.1","43.52"
"66","000","00","006","0608","0665","789","589","200","56","845","1355","0","62.36","43.47"
"66","000","00","006","0608","0666","820","603","217","36","856","1384","0","61.85","43.57"
"66","000","00","006","0609","0000","2667","1709","958","118","2785","5068","0","54.95","33.72"
"66","000","00","006","0609","0679","915","598","317","54","969","1699","0","57.03","35.2"
"66","000","00","006","0609","0680","883","581","302","30","913","1715","0","53.24","33.88"
"66","000","00","006","0609","0681","869","530","339","34","903","1654","0","54.59","32.04"
"66","000","00","006","0610","0000","1800","1219","581","81","1881","3175","0","59.24","38.39"
"66","000","00","006","0610","0667","931","629","302","39","970","1613","0","60.14","39.0"
"66","000","00","006","0610","0668","869","590","279","42","911","1562","0","58.32","37.77"
"66","000","00","006","0611","0000","2332","1598","734","95","2427","3774","0","64.31","42.34"
"66","000","00","006","0611","0695","734","505","229","23","757","1221","0","62.0","41.36"
"66","000","00","006","0611","0696","811","567","244","43","854","1252","0","68.21","45.29"
"66","000","00","006","0611","0697","787","526","261","29","816","1301","0","62.72","40.43"
"66","000","00","006","0612","0000","1287","994","293","69","1356","2162","0","62.72","45.98"
"66","000","00","006","0612","0698","636","492","144","37","673","1049","0","64.16","46.9"
"66","000","00","006","0612","0699","651","502","149","32","683","1113","0","61.37","45.1"
"66","000","00","006","0613","0000","1692","1198","494","69","1761","3197","0","55.08","37.47"
"66","000","00","006","0613","0700","812","587","225","34","846","1557","0","54.34","37.7"
"66","000","00","006","0613","0701","880","611","269","35","915","1640","0","55.79","37.26"
"66","000","00","006","0614","0000","2642","1835","807","149","2791","4807","0","58.06","38.17"
"66","000","00","006","0614","0702","873","617","256","61","934","1402","0","66.62","44.01"
"66","000","00","006","0614","0703","855","595","260","45","900","1717","0","52.42","34.65"
"66","000","00","006","0614","0704","914","623","291","43","957","1688","0","56.69","36.91"
"66","000","00","006","0615","0000","2600","1778","822","156","2756","4904","0","56.2","36.26"
"66","000","00","006","0615","0705","640","433","207","84","724","1168","0","61.99","37.07"
"66","000","00","006","0615","0706","905","632","273","45","950","1729","0","54.95","36.55"
"66","000","00","006","0615","0707","1055","713","342","27","1082","2007","0","53.91","35.53"
"66","000","00","006","0616","0000","1288","859","429","74","1362","2364","0","57.61","36.34"
"66","000","00","006","0616","0708","751","492","259","55","806","1296","0","62.19","37.96"
"66","000","00","006","0616","0709","537","367","170","19","556","1068","0","52.06","34.36"
"66","000","00","006","0617","0000","1912","1311","601","88","2000","3343","0","59.83","39.22"
"66","000","00","006","0617","0710","976","698","278","57","1033","1707","0","60.52","40.89"
"66","000","00","006","0617","0711","936","613","323","31","967","1636","0","59.11","37.47"
"66","000","00","006","0618","0000","6473","4374","2099","262","6735","12239","0","55.03","35.74"
"66","000","00","006","0618","0712","765","581","184","34","799","1761","0","45.37","32.99"
"66","000","00","006","0618","0713","754","470","284","36","790","1314","0","60.12","35.77"
"66","000","00","006","0618","0714","763","493","270","32","795","1233","0","64.48","39.98"
"66","000","00","006","0618","0715","815","564","251","43","858","1549","0","55.39","36.41"
"66","000","00","006","0618","0716","866","589","277","32","898","1639","0","54.79","35.94"
"66","000","00","006","0618","0717","780","570","210","35","815","1486","0","54.85","38.36"
"66","000","00","006","0618","0718","957","607","350","29","986","1806","0","54.6","33.61"
"66","000","00","006","0618","0719","773","500","273","21","794","1451","0","54.72","34.46"
"66","000","00","006","0619","0000","1566","1061","505","55","1621","2655","0","61.05","39.96"
"66","000","00","006","0619","0720","762","540","222","21","783","1302","0","60.14","41.47"
"66","000","00","006","0619","0721","804","521","283","34","838","1353","0","61.94","38.51"
"66","000","00","006","0620","0000","2603","1735","868","131","2734","4520","0","60.49","38.38"
"66","000","00","006","0620","0741","639","413","226","30","669","1206","0","55.47","34.25"
"66","000","00","006","0620","0742","651","445","206","37","688","1086","0","63.35","40.98"
"66","000","00","006","0620","0743","651","456","195","36","687","1088","0","63.14","41.91"
"66","000","00","006","0620","0744","662","421","241","28","690","1140","0","60.53","36.93"
"66","000","00","006","0621","0000","3493","2281","1212","108","3601","6178","0","58.29","36.92"
"66","000","00","006","0621","0682","900","596","304","18","918","1636","0","56.11","36.43"
"66","000","00","006","0621","0683","714","459","255","24","738","1298","0","56.86","35.36"
"66","000","00","006","0621","0684","808","531","277","37","845","1391","0","60.75","38.17"
"66","000","00","006","0621","0685","1071","695","376","29","1100","1853","0","59.36","37.51"
"66","000","00","006","0622","0000","1984","1335","649","87","2071","3629","0","57.07","36.79"
"66","000","00","006","0622","0686","971","658","313","41","1012","1820","0","55.6","36.15"
"66","000","00","006","0622","0687","1013","677","336","46","1059","1809","0","58.54","37.42"
"66","000","00","006","0623","0000","3758","2453","1305","167","3925","6663","0","58.91","36.82"
"66","000","00","006","0623","0691","944","635","309","42","986","1674","0","58.9","37.93"
"66","000","00","006","0623","0692","958","615","343","51","1009","1610","0","62.67","38.2"
"66","000","00","006","0623","0693","951","632","319","37","988","1695","0","58.29","37.29"
"66","000","00","006","0623","0694","905","571","334","37","942","1684","0","55.94","33.91"
"66","000","00","006","0624","0000","2582","1790","792","112","2694","4890","0","55.09","36.61"
"66","000","00","006","0624","0631","895","636","259","33","928","1710","0","54.27","37.19"
"66","000","00","006","0624","0632","812","535","277","34","846","1595","0","53.04","33.54"
"66","000","00","006","0624","0633","875","619","256","45","920","1585","0","58.04","39.05"
"66","000","00","006","0625","0000","2464","1585","879","85","2549","4205","0","60.62","37.69"
"66","000","00","006","0625","0672","907","601","306","25","932","1494","0","62.38","40.23"
"66","000","00","006","0625","0673","771","485","286","17","788","1325","0","59.47","36.6"
"66","000","00","006","0625","0674","786","499","287","43","829","1386","0","59.81","36.0"
"66","000","00","006","0626","0000","2406","1667","739","108","2514","4271","0","58.86","39.03"
"66","000","00","006","0626","0628","758","477","281","34","792","1351","0","58.62","35.31"
"66","000","00","006","0626","0629","789","507","282","30","819","1338","0","61.21","37.89"
"66","000","00","006","0626","0630","859","683","176","44","903","1582","0","57.08","43.17"
"66","000","00","006","0627","0000","2742","1766","976","118","2860","4987","0","57.35","35.41"
"66","000","00","006","0627","0652","932","630","302","21","953","1650","0","57.76","38.18"
"66","000","00","006","0627","0653","917","569","348","58","975","1681","0","58.0","33.85"
"66","000","00","006","0627","0654","893","567","326","39","932","1656","0","56.28","34.24"
"66","000","00","006","0628","0000","2495","1680","815","100","2595","4145","0","62.61","40.53"
"66","000","00","006","0628","0655","728","528","200","36","764","1243","0","61.46","42.48"
"66","000","00","006","0628","0656","901","600","301","39","940","1471","0","63.9","40.79"
"66","000","00","006","0628","0657","866","552","314","25","891","1431","0","62.26","38.57"
"66","000","00","006","0629","0000","3154","2110","1044","130","3284","5327","0","61.65","39.61"
"66","000","00","006","0629","0661","835","545","290","41","876","1456","0","60.16","37.43"
"66","000","00","006","0629","0662","873","567","306","36","909","1451","0","62.65","39.08"
"66","000","00","006","0629","0663","687","468","219","14","701","1063","0","65.95","44.03"
"66","000","00","006","0629","0664","759","530","229","39","798","1357","0","58.81","39.06"
"66","000","00","006","0630","0000","2120","1349","771","111","2231","3585","0","62.23","37.63"
"66","000","00","006","0630","0669","768","503","265","37","805","1219","0","66.04","41.26"
"66","000","00","006","0630","0670","706","433","273","36","742","1235","0","60.08","35.06"
"66","000","00","006","0630","0671","646","413","233","38","684","1131","0","60.48","36.52"
"66","000","00","006","0631","0000","3956","2532","1424","148","4104","7145","0","57.44","35.44"
"66","000","00","006","0631","0675","1036","668","368","37","1073","1816","0","59.09","36.78"
"66","000","00","006","0631","0676","927","603","324","28","955","1734","0","55.07","34.78"
"66","000","00","006","0631","0677","1032","657","375","40","1072","1777","0","60.33","36.97"
"66","000","00","006","0631","0678","961","604","357","43","1004","1818","0","55.23","33.22"
"66","000","00","006","0632","0000","2544","1689","855","101","2645","4359","0","60.68","38.75"
"66","000","00","006","0632","0688","807","533","274","34","841","1352","0","62.2","39.42"
"66","000","00","006","0632","0689","852","558","294","40","892","1521","0","58.65","36.69"
"66","000","00","006","0632","0690","885","598","287","27","912","1486","0","61.37","40.24"
"66","000","00","006","0633","0000","2502","1607","895","116","2618","4285","0","61.1","37.5"
"66","000","00","006","0633","0733","868","552","316","46","914","1526","0","59.9","36.17"
"66","000","00","006","0633","0734","827","521","306","47","874","1425","0","61.33","36.56"
"66","000","00","006","0633","0735","807","534","273","23","830","1334","0","62.22","40.03"
"66","000","00","006","0634","0000","1888","1249","639","56","1944","3215","0","60.47","38.85"
"66","000","00","006","0634","0736","986","653","333","27","1013","1649","0","61.43","39.6"
"66","000","00","006","0634","0737","902","596","306","29","931","1566","0","59.45","38.06"
"66","000","00","006","0635","0000","2748","1795","953","92","2840","4699","0","60.44","38.2"
"66","000","00","006","0635","0738","962","646","316","31","993","1629","0","60.96","39.66"
"66","000","00","006","0635","0739","919","595","324","37","956","1628","0","58.72","36.55"
"66","000","00","006","0635","0740","867","554","313","24","891","1442","0","61.79","38.42"
"66","000","00","006","0636","0000","1541","1003","538","54","1595","3043","0","52.42","32.96"
"66","000","00","006","0636","0731","729","500","229","31","760","1541","0","49.32","32.45"
"66","000","00","006","0636","0732","812","503","309","23","835","1502","0","55.59","33.49"
"66","000","00","006","0637","0000","1581","1024","557","57","1638","2917","0","56.15","35.1"
"66","000","00","006","0637","0729","790","512","278","27","817","1402","0","58.27","36.52"
"66","000","00","006","0637","0730","791","512","279","30","821","1515","0","54.19","33.8"
"66","000","00","006","0638","0000","4049","2599","1450","130","4179","7133","0","58.59","36.44"
"66","000","00","006","0638","0725","1019","658","361","32","1051","1847","0","56.9","35.63"
"66","000","00","006","0638","0726","989","623","366","27","1016","1738","0","58.46","35.85"
"66","000","00","006","0638","0727","974","650","324","34","1008","1640","0","61.46","39.63"
"66","000","00","006","0638","0728","1067","668","399","37","1104","1908","0","57.86","35.01"
"66","000","00","006","0639","0000","3095","2064","1031","99","3194","5617","0","56.86","36.75"
"66","000","00","006","0639","0722","1217","808","409","43","1260","2162","0","58.28","37.37"
"66","000","00","006","0639","0723","831","530","301","26","857","1520","0","56.38","34.87"
"66","000","00","006","0639","0724","1047","726","321","30","1077","1935","0","55.66","37.52"
"66","000","00","007","0000","0000","79172","52490","26682","3118","82290","135448","170160","60.75","38.75"
"66","000","00","007","0701","0000","5023","3445","1578","154","5177","8349","0","62.01","41.26"
"66","000","00","007","0701","0745","786","614","172","36","822","1321","0","62.23","46.48"
"66","000","00","007","0701","0746","812","508","304","35","847","1346","0","62.93","37.74"
"66","000","00","007","0701","0747","866","591","275","19","885","1428","0","61.97","41.39"
"66","000","00","007","0701","0748","826","558","268","25","851","1442","0","59.02","38.7"
"66","000","00","007","0701","0749","884","602","282","24","908","1408","0","64.49","42.76"
"66","000","00","007","0701","0750","849","572","277","15","864","1404","0","61.54","40.74"
"66","000","00","007","0702","0000","6607","4182","2425","242","6849","10909","0","62.78","38.34"
"66","000","00","007","0702","0751","837","565","272","29","866","1354","0","63.96","41.73"
"66","000","00","007","0702","0752","801","523","278","40","841","1332","0","63.14","39.26"
"66","000","00","007","0702","0753","873","435","438","29","902","1463","0","61.65","29.73"
"66","000","00","007","0702","0754","823","521","302","35","858","1413","0","60.72","36.87"
"66","000","00","007","0702","0755","773","493","280","27","800","1218","0","65.68","40.48"
"66","000","00","007","0702","0756","779","529","250","26","805","1308","0","61.54","40.44"
"66","000","00","007","0702","0757","936","615","321","25","961","1527","0","62.93","40.28"
"66","000","00","007","0702","0758","785","501","284","31","816","1294","0","63.06","38.72"
"66","000","00","007","0703","0000","3283","2209","1074","151","3434","5848","0","58.72","37.77"
"66","000","00","007","0703","0759","774","514","260","42","816","1516","0","53.83","33.91"
"66","000","00","007","0703","0760","902","581","321","49","951","1529","0","62.2","38.0"
"66","000","00","007","0703","0761","834","564","270","36","870","1397","0","62.28","40.37"
"66","000","00","007","0703","0762","773","550","223","24","797","1406","0","56.69","39.12"
"66","000","00","007","0704","0000","2328","1571","757","115","2443","4409","0","55.41","35.63"
"66","000","00","007","0704","0763","814","564","250","31","845","1497","0","56.45","37.68"
"66","000","00","007","0704","0764","779","538","241","46","825","1424","0","57.94","37.78"
"66","000","00","007","0704","0765","735","469","266","38","773","1488","0","51.95","31.52"
"66","000","00","007","0705","0000","3339","2369","970","141","3480","6387","0","54.49","37.09"
"66","000","00","007","0705","0768","691","476","215","48","739","1190","0","62.1","40.0"
"66","000","00","007","0705","0769","664","482","182","21","685","1174","0","58.35","41.06"
"66","000","00","007","0705","0770","719","496","223","12","731","1224","0","59.72","40.52"
"66","000","00","007","0705","0771","716","512","204","36","752","1466","0","51.3","34.92"
"66","000","00","007","0705","0772","549","403","146","24","573","1333","0","42.99","30.23"
"66","000","00","007","0706","0000","493","336","157","28","521","814","0","64.0","41.28"
"66","000","00","007","0706","0773","493","336","157","28","521","814","0","64.0","41.28"
"66","000","00","007","0707","0000","5367","3595","1772","216","5583","9662","0","57.78","37.21"
"66","000","00","007","0707","0774","756","549","207","42","798","1436","0","55.57","38.23"
"66","000","00","007","0707","0775","882","566","316","28","910","1515","0","60.07","37.36"
"66","000","00","007","0707","0776","761","508","253","39","800","1545","0","51.78","32.88"
"66","000","00","007","0707","0777","795","531","264","25","820","1383","0","59.29","38.39"
"66","000","00","007","0707","0778","843","577","266","23","866","1433","0","60.43","40.27"
"66","000","00","007","0707","0779","600","383","217","27","627","1134","0","55.29","33.77"
"66","000","00","007","0707","0780","730","481","249","32","762","1216","0","62.66","39.56"
"66","000","00","007","0708","0000","774","527","247","43","817","1397","0","58.48","37.72"
"66","000","00","007","0708","0785","774","527","247","43","817","1397","0","58.48","37.72"
"66","000","00","007","0709","0000","2724","1862","862","123","2847","4800","0","59.31","38.79"
"66","000","00","007","0709","0786","868","571","297","56","924","1607","0","57.5","35.53"
"66","000","00","007","0709","0787","922","633","289","31","953","1582","0","60.24","40.01"
"66","000","00","007","0709","0788","934","658","276","36","970","1611","0","60.21","40.84"
"66","000","00","007","0710","0000","4058","2686","1372","132","4190","6621","0","63.28","40.57"
"66","000","00","007","0710","0789","810","519","291","28","838","1322","0","63.39","39.26"
"66","000","00","007","0710","0790","832","590","242","26","858","1321","0","64.95","44.66"
"66","000","00","007","0710","0791","820","563","257","32","852","1360","0","62.65","41.4"
"66","000","00","007","0710","0792","827","520","307","21","848","1361","0","62.31","38.21"
"66","000","00","007","0710","0793","769","494","275","25","794","1257","0","63.17","39.3"
"66","000","00","007","0711","0000","3141","2017","1124","110","3251","5151","0","63.11","39.16"
"66","000","00","007","0711","0809","736","462","274","17","753","1171","0","64.3","39.45"
"66","000","00","007","0711","0810","762","485","277","45","807","1349","0","59.82","35.95"
"66","000","00","007","0711","0811","848","545","303","21","869","1368","0","63.52","39.84"
"66","000","00","007","0711","0812","795","525","270","27","822","1263","0","65.08","41.57"
"66","000","00","007","0712","0000","3639","2387","1252","117","3756","6052","0","62.06","39.44"
"66","000","00","007","0712","0822","1019","653","366","21","1040","1544","0","67.36","42.29"
"66","000","00","007","0712","0823","947","615","332","25","972","1482","0","65.59","41.5"
"66","000","00","007","0712","0824","890","609","281","42","932","1488","0","62.63","40.93"
"66","000","00","007","0712","0825","783","510","273","29","812","1538","0","52.8","33.16"
"66","000","00","007","0713","0000","2649","1816","833","115","2764","4239","0","65.2","42.84"
"66","000","00","007","0713","0805","658","444","214","34","692","981","0","70.54","45.26"
"66","000","00","007","0713","0806","659","448","211","44","703","1097","0","64.08","40.84"
"66","000","00","007","0713","0807","633","448","185","16","649","991","0","65.49","45.21"
"66","000","00","007","0713","0808","699","476","223","21","720","1170","0","61.54","40.68"
"66","000","00","007","0714","0000","859","574","285","85","944","1421","0","66.43","40.39"
"66","000","00","007","0714","0766","375","245","130","33","408","608","0","67.11","40.3"
"66","000","00","007","0714","0767","484","329","155","52","536","813","0","65.93","40.47"
"66","000","00","007","0715","0000","2875","1848","1027","123","2998","4733","0","63.34","39.05"
"66","000","00","007","0715","0836","762","501","261","28","790","1278","0","61.82","39.2"
"66","000","00","007","0715","0837","721","496","225","35","756","1144","0","66.08","43.36"
"66","000","00","007","0715","0838","671","425","246","34","705","1140","0","61.84","37.28"
"66","000","00","007","0715","0839","721","426","295","26","747","1171","0","63.79","36.38"
"66","000","00","007","0716","0000","2206","1504","702","86","2292","3673","0","62.4","40.95"
"66","000","00","007","0716","0829","750","525","225","33","783","1217","0","64.34","43.14"
"66","000","00","007","0716","0830","777","507","270","29","806","1347","0","59.84","37.64"
"66","000","00","007","0716","0831","679","472","207","24","703","1109","0","63.39","42.56"
"66","000","00","007","0717","0000","2999","2017","982","127","3126","5144","0","60.77","39.21"
"66","000","00","007","0717","0832","879","564","315","26","905","1546","0","58.54","36.48"
"66","000","00","007","0717","0833","869","583","286","36","905","1408","0","64.28","41.41"
"66","000","00","007","0717","0834","597","439","158","23","620","1057","0","58.66","41.53"
"66","000","00","007","0717","0835","654","431","223","42","696","1133","0","61.43","38.04"
"66","000","00","007","0718","0000","2722","1801","921","120","2842","5184","0","54.82","34.74"
"66","000","00","007","0718","0826","1011","674","337","49","1060","1674","0","63.32","40.26"
"66","000","00","007","0718","0827","832","529","303","31","863","1996","0","43.24","26.5"
"66","000","00","007","0718","0828","879","598","281","40","919","1514","0","60.7","39.5"
"66","000","00","007","0719","0000","2184","1474","710","81","2265","3517","0","64.4","41.91"
"66","000","00","007","0719","0843","716","475","241","22","738","1139","0","64.79","41.7"
"66","000","00","007","0719","0844","755","506","249","31","786","1216","0","64.64","41.61"
"66","000","00","007","0719","0845","713","493","220","28","741","1162","0","63.77","42.43"
"66","000","00","007","0720","0000","2454","1626","828","106","2560","4276","0","59.87","38.03"
"66","000","00","007","0720","0840","807","523","284","33","840","1303","0","64.47","40.14"
"66","000","00","007","0720","0841","774","502","272","33","807","1402","0","57.56","35.81"
"66","000","00","007","0720","0842","873","601","272","40","913","1571","0","58.12","38.26"
"66","000","00","007","0721","0000","3616","2316","1300","118","3734","6405","0","58.3","36.16"
"66","000","00","007","0721","0813","934","603","331","33","967","1547","0","62.51","38.98"
"66","000","00","007","0721","0814","946","609","337","39","985","1649","0","59.73","36.93"
"66","000","00","007","0721","0815","913","601","312","13","926","1629","0","56.84","36.89"
"66","000","00","007","0721","0816","823","503","320","33","856","1580","0","54.18","31.84"
"66","000","00","007","0722","0000","4256","2793","1463","123","4379","7096","0","61.71","39.36"
"66","000","00","007","0722","0817","920","607","313","22","942","1444","0","65.24","42.04"
"66","000","00","007","0722","0818","824","557","267","21","845","1413","0","59.8","39.42"
"66","000","00","007","0722","0819","784","540","244","28","812","1377","0","58.97","39.22"
"66","000","00","007","0722","0820","914","547","367","23","937","1527","0","61.36","35.82"
"66","000","00","007","0722","0821","814","542","272","29","843","1335","0","63.15","40.6"
"66","000","00","007","0723","0000","2865","1952","913","130","2995","5132","0","58.36","38.04"
"66","000","00","007","0723","0781","678","451","227","57","735","1271","0","57.83","35.48"
"66","000","00","007","0723","0782","654","429","225","20","674","1203","0","56.03","35.66"
"66","000","00","007","0723","0783","726","492","234","24","750","1268","0","59.15","38.8"
"66","000","00","007","0723","0784","807","580","227","29","836","1390","0","60.14","41.73"
"66","000","00","007","0724","0000","4816","3051","1765","207","5023","7974","0","62.99","38.26"
"66","000","00","007","0724","0799","682","427","255","29","711","1102","0","64.52","38.75"
"66","000","00","007","0724","0800","1013","688","325","87","1100","1630","0","67.48","42.21"
"66","000","00","007","0724","0801","804","496","308","28","832","1333","0","62.42","37.21"
"66","000","00","007","0724","0802","767","412","355","23","790","1292","0","61.15","31.89"
"66","000","00","007","0724","0803","761","490","271","25","786","1272","0","61.79","38.52"
"66","000","00","007","0724","0804","789","538","251","15","804","1345","0","59.78","40.0"
"66","000","00","007","0725","0000","3895","2532","1363","125","4020","6255","0","64.27","40.48"
"66","000","00","007","0725","0794","770","515","255","16","786","1207","0","65.12","42.67"
"66","000","00","007","0725","0795","795","507","288","26","821","1282","0","64.04","39.55"
"66","000","00","007","0725","0796","789","517","272","29","818","1248","0","65.54","41.43"
"66","000","00","007","0725","0797","816","522","294","34","850","1304","0","65.18","40.03"
"66","000","00","007","0725","0798","725","471","254","20","745","1214","0","61.37","38.8"
"66","000","00","008","0000","0000","126247","85446","40801","4916","131163","227720","278096","57.6","37.52"
"66","000","00","008","0801","0000","1715","1191","524","76","1791","3258","0","54.97","36.56"
"66","000","00","008","0801","0850","606","419","187","19","625","1107","0","56.46","37.85"
"66","000","00","008","0801","0851","1109","772","337","57","1166","2151","0","54.21","35.89"
"66","000","00","008","0802","0000","1917","1286","631","81","1998","3376","0","59.18","38.09"
"66","000","00","008","0802","0846","1005","660","345","39","1044","1670","0","62.51","39.52"
"66","000","00","008","0802","0847","912","626","286","42","954","1706","0","55.92","36.69"
"66","000","00","008","0803","0000","3907","2644","1263","120","4027","7049","0","57.13","37.51"
"66","000","00","008","0803","0852","960","667","293","26","986","1612","0","61.17","41.38"
"66","000","00","008","0803","0853","962","648","314","36","998","1743","0","57.26","37.18"
"66","000","00","008","0803","0854","1083","710","373","27","1110","2099","0","52.88","33.83"
"66","000","00","008","0803","0855","902","619","283","31","933","1595","0","58.5","38.81"
"66","000","00","008","0804","0000","3006","2010","996","114","3120","5567","0","56.04","36.11"
"66","000","00","008","0804","0924","912","598","314","34","946","1640","0","57.68","36.46"
"66","000","00","008","0804","0925","1086","715","371","47","1133","2052","0","55.21","34.84"
"66","000","00","008","0804","0926","1008","697","311","33","1041","1875","0","55.52","37.17"
"66","000","00","008","0805","0000","2860","1898","962","105","2965","5056","0","58.64","37.54"
"66","000","00","008","0805","0943","972","634","338","37","1009","1661","0","60.75","38.17"
"66","000","00","008","0805","0944","936","627","309","37","973","1667","0","58.37","37.61"
"66","000","00","008","0805","0945","952","637","315","31","983","1728","0","56.89","36.86"
"66","000","00","008","0806","0000","2357","1682","675","77","2434","4533","0","53.7","37.11"
"66","000","00","008","0806","0860","821","559","262","25","846","1563","0","54.13","35.76"
"66","000","00","008","0806","0861","810","583","227","38","848","1559","0","54.39","37.4"
"66","000","00","008","0806","0862","726","540","186","14","740","1411","0","52.45","38.27"
"66","000","00","008","0807","0000","3352","2260","1092","131","3483","5930","0","58.74","38.11"
"66","000","00","008","0807","0894","863","551","312","39","902","1445","0","62.42","38.13"
"66","000","00","008","0807","0895","946","654","292","39","985","1842","0","53.47","35.5"
"66","000","00","008","0807","0896","696","466","230","25","721","1187","0","60.74","39.26"
"66","000","00","008","0807","0897","847","589","258","28","875","1456","0","60.1","40.45"
"66","000","00","008","0808","0000","7546","5161","2385","304","7850","12981","0","60.47","39.76"
"66","000","00","008","0808","0863","1006","667","339","37","1043","1761","0","59.23","37.88"
"66","000","00","008","0808","0864","812","552","260","49","861","1361","0","63.26","40.56"
"66","000","00","008","0808","0865","1025","721","304","41","1066","1852","0","57.56","38.93"
"66","000","00","008","0808","0866","1111","759","352","32","1143","1928","0","59.28","39.37"
"66","000","00","008","0808","0867","933","645","288","33","966","1492","0","64.75","43.23"
"66","000","00","008","0808","0868","1053","718","335","52","1105","1998","0","55.31","35.94"
"66","000","00","008","0808","0869","795","558","237","30","825","1272","0","64.86","43.87"
"66","000","00","008","0808","0870","811","541","270","30","841","1317","0","63.86","41.08"
"66","000","00","008","0809","0000","6436","4387","2049","298","6734","11817","0","56.99","37.12"
"66","000","00","008","0809","0871","665","469","196","58","723","1327","0","54.48","35.34"
"66","000","00","008","0809","0872","678","464","214","27","705","1280","0","55.08","36.25"
"66","000","00","008","0809","0873","948","648","300","43","991","1865","0","53.14","34.75"
"66","000","00","008","0809","0874","755","532","223","35","790","1230","0","64.23","43.25"
"66","000","00","008","0809","0875","720","486","234","32","752","1356","0","55.46","35.84"
"66","000","00","008","0809","0876","946","655","291","45","991","1732","0","57.22","37.82"
"66","000","00","008","0809","0877","926","605","321","38","964","1586","0","60.78","38.15"
"66","000","00","008","0809","0878","798","528","270","20","818","1441","0","56.77","36.64"
"66","000","00","008","0810","0000","5265","3598","1667","197","5462","9996","0","54.64","35.99"
"66","000","00","008","0810","0879","1052","691","361","66","1118","2045","0","54.67","33.79"
"66","000","00","008","0810","0880","960","648","312","45","1005","1914","0","52.51","33.86"
"66","000","00","008","0810","0881","1076","779","297","29","1105","1918","0","57.61","40.62"
"66","000","00","008","0810","0882","1057","731","326","27","1084","2079","0","52.14","35.16"
"66","000","00","008","0810","0883","1120","749","371","30","1150","2040","0","56.37","36.72"
"66","000","00","008","0811","0000","1034","738","296","32","1066","2037","0","52.33","36.23"
"66","000","00","008","0811","0890","1034","738","296","32","1066","2037","0","52.33","36.23"
"66","000","00","008","0812","0000","544","398","146","38","582","985","0","59.09","40.41"
"66","000","00","008","0812","0889","544","398","146","38","582","985","0","59.09","40.41"
"66","000","00","008","0813","0000","4921","3260","1661","190","5111","9749","0","52.43","33.44"
"66","000","00","008","0813","0884","966","636","330","43","1009","2027","0","49.78","31.38"
"66","000","00","008","0813","0885","752","521","231","45","797","1402","0","56.85","37.16"
"66","000","00","008","0813","0886","1044","678","366","42","1086","1826","0","59.47","37.13"
"66","000","00","008","0813","0887","1061","722","339","36","1097","2162","0","50.74","33.4"
"66","000","00","008","0813","0888","1098","703","395","24","1122","2332","0","48.11","30.15"
"66","000","00","008","0814","0000","1171","810","361","67","1238","2094","0","59.12","38.68"
"66","000","00","008","0814","0891","573","409","164","40","613","1032","0","59.4","39.63"
"66","000","00","008","0814","0892","598","401","197","27","625","1062","0","58.85","37.76"
"66","000","00","008","0815","0000","496","359","137","29","525","909","0","57.76","39.49"
"66","000","00","008","0815","0893","496","359","137","29","525","909","0","57.76","39.49"
"66","000","00","008","0816","0000","4680","3050","1630","175","4855","8139","0","59.65","37.47"
"66","000","00","008","0816","0915","841","531","310","47","888","1458","0","60.91","36.42"
"66","000","00","008","0816","0916","932","605","327","27","959","1571","0","61.04","38.51"
"66","000","00","008","0816","0917","907","598","309","39","946","1579","0","59.91","37.87"
"66","000","00","008","0816","0918","1054","692","362","37","1091","1849","0","59.0","37.43"
"66","000","00","008","0816","0919","946","624","322","25","971","1682","0","57.73","37.1"
"66","000","00","008","0817","0000","4394","2896","1498","127","4521","8903","0","50.78","32.53"
"66","000","00","008","0817","0949","1212","808","404","26","1238","2078","0","59.58","38.88"
"66","000","00","008","0817","0950","1125","755","370","39","1164","2059","0","56.53","36.67"
"66","000","00","008","0817","0951","1027","655","372","34","1061","1792","0","59.21","36.55"
"66","000","00","008","0817","0952","1030","678","352","28","1058","2974","0","35.57","22.8"
"66","000","00","008","0818","0000","4661","3161","1500","188","4849","7936","0","61.1","39.83"
"66","000","00","008","0818","0954","1232","845","387","44","1276","2099","0","60.79","40.26"
"66","000","00","008","0818","0955","1134","745","389","44","1178","1823","0","64.62","40.87"
"66","000","00","008","0818","0956","1179","825","354","64","1243","2022","0","61.47","40.8"
"66","000","00","008","0818","0957","1116","746","370","36","1152","1992","0","57.83","37.45"
"66","000","00","008","0819","0000","942","633","309","46","988","1585","0","62.33","39.94"
"66","000","00","008","0819","0958","942","633","309","46","988","1585","0","62.33","39.94"
"66","000","00","008","0820","0000","5716","3961","1755","188","5904","9652","0","61.17","41.04"
"66","000","00","008","0820","0962","1045","759","286","33","1078","1755","0","61.42","43.25"
"66","000","00","008","0820","0963","1000","664","336","18","1018","1497","0","68.0","44.36"
"66","000","00","008","0820","0964","936","636","300","48","984","1567","0","62.8","40.59"
"66","000","00","008","0820","0965","889","643","246","26","915","1624","0","56.34","39.59"
"66","000","00","008","0820","0966","962","664","298","32","994","1614","0","61.59","41.14"
"66","000","00","008","0820","0967","884","595","289","31","915","1595","0","57.37","37.3"
"66","000","00","008","0821","0000","2952","2007","945","124","3076","5219","0","58.94","38.46"
"66","000","00","008","0821","0959","932","610","322","30","962","1565","0","61.47","38.98"
"66","000","00","008","0821","0960","909","652","257","43","952","1780","0","53.48","36.63"
"66","000","00","008","0821","0961","1111","745","366","51","1162","1874","0","62.01","39.75"
"66","000","00","008","0822","0000","605","432","173","27","632","1072","0","58.96","40.3"
"66","000","00","008","0822","0953","605","432","173","27","632","1072","0","58.96","40.3"
"66","000","00","008","0823","0000","3745","2583","1162","200","3945","6608","0","59.7","39.09"
"66","000","00","008","0823","0979","1004","692","312","59","1063","1785","0","59.55","38.77"
"66","000","00","008","0823","0980","942","676","266","43","985","1596","0","61.72","42.36"
"66","000","00","008","0823","0981","1001","657","344","45","1046","1731","0","60.43","37.95"
"66","000","00","008","0823","0982","798","558","240","53","851","1496","0","56.89","37.3"
"66","000","00","008","0824","0000","2593","1790","803","125","2718","4576","0","59.4","39.12"
"66","000","00","008","0824","0971","733","515","218","39","772","1372","0","56.27","37.54"
"66","000","00","008","0824","0972","814","584","230","40","854","1415","0","60.35","41.27"
"66","000","00","008","0824","0973","1046","691","355","46","1092","1789","0","61.04","38.62"
"66","000","00","008","0825","0000","2183","1558","625","105","2288","4210","0","54.35","37.01"
"66","000","00","008","0825","0968","911","671","240","44","955","1782","0","53.59","37.65"
"66","000","00","008","0825","0969","680","465","215","27","707","1357","0","52.1","34.27"
"66","000","00","008","0825","0970","592","422","170","34","626","1071","0","58.45","39.4"
"66","000","00","008","0826","0000","2838","1879","959","126","2964","5209","0","56.9","36.07"
"66","000","00","008","0826","0930","1055","692","363","47","1102","1889","0","58.34","36.63"
"66","000","00","008","0826","0931","926","610","316","44","970","1728","0","56.13","35.3"
"66","000","00","008","0826","0932","857","577","280","35","892","1592","0","56.03","36.24"
"66","000","00","008","0827","0000","1676","1122","554","80","1756","3180","0","55.22","35.28"
"66","000","00","008","0827","0933","876","577","299","46","922","1656","0","55.68","34.84"
"66","000","00","008","0827","0934","800","545","255","34","834","1524","0","54.72","35.76"
"66","000","00","008","0828","0000","3293","2169","1124","115","3408","6168","0","55.25","35.17"
"66","000","00","008","0828","0940","1041","698","343","36","1077","2033","0","52.98","34.33"
"66","000","00","008","0828","0941","1027","686","341","41","1068","1947","0","54.85","35.23"
"66","000","00","008","0828","0942","1225","785","440","38","1263","2188","0","57.72","35.88"
"66","000","00","008","0829","0000","2648","1793","855","110","2758","4803","0","57.42","37.33"
"66","000","00","008","0829","0908","957","632","325","36","993","1601","0","62.02","39.48"
"66","000","00","008","0829","0909","833","600","233","37","870","1527","0","56.97","39.29"
"66","000","00","008","0829","0910","858","561","297","37","895","1675","0","53.43","33.49"
"66","000","00","008","0830","0000","2886","1837","1049","75","2961","5216","0","56.77","35.22"
"66","000","00","008","0830","0898","1043","600","443","14","1057","1866","0","56.65","32.15"
"66","000","00","008","0830","0899","863","584","279","41","904","1667","0","54.23","35.03"
"66","000","00","008","0830","0900","980","653","327","20","1000","1683","0","59.42","38.8"
"66","000","00","008","0831","0000","2778","1963","815","110","2888","4895","0","59.0","40.1"
"66","000","00","008","0831","0976","842","604","238","44","886","1541","0","57.5","39.2"
"66","000","00","008","0831","0977","977","699","278","33","1010","1669","0","60.52","41.88"
"66","000","00","008","0831","0978","959","660","299","33","992","1685","0","58.87","39.17"
"66","000","00","008","0832","0000","3634","2473","1161","95","3729","6364","0","58.6","38.86"
"66","000","00","008","0832","0901","900","615","285","29","929","1642","0","56.58","37.45"
"66","000","00","008","0832","0902","883","615","268","19","902","1475","0","61.15","41.69"
"66","000","00","008","0832","0903","903","618","285","18","921","1644","0","56.02","37.59"
"66","000","00","008","0832","0904","948","625","323","29","977","1603","0","60.95","38.99"
"66","000","00","008","0833","0000","3041","2013","1028","118","3159","5179","0","61.0","38.87"
"66","000","00","008","0833","0905","1111","757","354","51","1162","1949","0","59.62","38.84"
"66","000","00","008","0833","0906","1103","741","362","37","1140","1790","0","63.69","41.4"
"66","000","00","008","0833","0907","827","515","312","30","857","1440","0","59.51","35.76"
"66","000","00","008","0834","0000","1757","1158","599","96","1853","3159","0","58.66","36.66"
"66","000","00","008","0834","0848","809","550","259","56","865","1507","0","57.4","36.5"
"66","000","00","008","0834","0849","948","608","340","40","988","1652","0","59.81","36.8"
"66","000","00","008","0835","0000","2663","1771","892","90","2753","4735","0","58.14","37.4"
"66","000","00","008","0835","0935","867","570","297","17","884","1502","0","58.85","37.95"
"66","000","00","008","0835","0936","964","655","309","31","995","1772","0","56.15","36.96"
"66","000","00","008","0835","0937","832","546","286","42","874","1461","0","59.82","37.37"
"66","000","00","008","0836","0000","1967","1261","706","82","2049","3663","0","55.94","34.43"
"66","000","00","008","0836","0938","886","595","291","34","920","1769","0","52.01","33.63"
"66","000","00","008","0836","0939","1081","666","415","48","1129","1894","0","59.61","35.16"
"66","000","00","008","0837","0000","3379","2319","1060","143","3522","6379","0","55.21","36.35"
"66","000","00","008","0837","0911","768","553","215","40","808","1579","0","51.17","35.02"
"66","000","00","008","0837","0912","833","574","259","47","880","1524","0","57.74","37.66"
"66","000","00","008","0837","0913","899","610","289","29","928","1677","0","55.34","36.37"
"66","000","00","008","0837","0914","879","582","297","27","906","1599","0","56.66","36.4"
"66","000","00","008","0838","0000","2791","1821","970","69","2860","4844","0","59.04","37.59"
"66","000","00","008","0838","0946","926","617","309","20","946","1688","0","56.04","36.55"
"66","000","00","008","0838","0947","824","528","296","25","849","1475","0","57.56","35.8"
"66","000","00","008","0838","0948","1041","676","365","24","1065","1681","0","63.36","40.21"
"66","000","00","008","0839","0000","3778","2499","1279","121","3899","6576","0","59.29","38.0"
"66","000","00","008","0839","0920","947","644","303","24","971","1760","0","55.17","36.59"
"66","000","00","008","0839","0921","953","630","323","41","994","1699","0","58.51","37.08"
"66","000","00","008","0839","0922","975","652","323","49","1024","1626","0","62.98","40.1"
"66","000","00","008","0839","0923","903","573","330","7","910","1491","0","61.03","38.43"
"66","000","00","008","0840","0000","2515","1702","813","93","2608","4436","0","58.79","38.37"
"66","000","00","008","0840","0927","860","593","267","25","885","1559","0","56.77","38.04"
"66","000","00","008","0840","0928","853","565","288","29","882","1480","0","59.59","38.18"
"66","000","00","008","0840","0929","802","544","258","39","841","1397","0","60.2","38.94"
"66","000","00","008","0841","0000","3313","2281","1032","138","3451","5762","0","59.89","39.59"
"66","000","00","008","0841","0856","1077","744","333","39","1116","1923","0","58.03","38.69"
"66","000","00","008","0841","0857","863","618","245","45","908","1641","0","55.33","37.66"
"66","000","00","008","0841","0858","738","499","239","24","762","1157","0","65.86","43.13"
"66","000","00","008","0841","0859","635","420","215","30","665","1041","0","63.88","40.35"
"66","000","00","008","0842","0000","2292","1632","660","91","2383","3915","0","60.87","41.69"
"66","000","00","008","0842","0974","1137","825","312","53","1190","1907","0","62.4","43.26"
"66","000","00","008","0842","0975","1155","807","348","38","1193","2008","0","59.41","40.19"
"66","000","00","009","0000","0000","78505","53764","24741","3979","82484","136658","166867","60.36","39.34"
"66","000","00","009","0901","0000","1321","917","404","66","1387","2292","0","60.51","40.01"
"66","000","00","009","0901","0394","531","369","162","32","563","983","0","57.27","37.54"
"66","000","00","009","0901","0395","790","548","242","34","824","1309","0","62.95","41.86"
"66","000","00","009","0902","0000","572","394","178","39","611","945","0","64.66","41.69"
"66","000","00","009","0902","0397","572","394","178","39","611","945","0","64.66","41.69"
"66","000","00","009","0903","0000","504","309","195","51","555","850","0","65.29","36.35"
"66","000","00","009","0903","0398","504","309","195","51","555","850","0","65.29","36.35"
"66","000","00","009","0904","0000","665","441","224","30","695","1116","0","62.28","39.52"
"66","000","00","009","0904","0396","665","441","224","30","695","1116","0","62.28","39.52"
"66","000","00","009","0905","0000","475","309","166","23","498","760","0","65.53","40.66"
"66","000","00","009","0905","0399","475","309","166","23","498","760","0","65.53","40.66"
"66","000","00","009","0906","0000","503","353","150","41","544","759","0","71.67","46.51"
"66","000","00","009","0906","0419","503","353","150","41","544","759","0","71.67","46.51"
"66","000","00","009","0907","0000","401","268","133","24","425","642","0","66.2","41.74"
"66","000","00","009","0907","0420","401","268","133","24","425","642","0","66.2","41.74"
"66","000","00","009","0908","0000","905","596","309","38","943","1647","0","57.26","36.19"
"66","000","00","009","0908","0415","905","596","309","38","943","1647","0","57.26","36.19"
"66","000","00","009","0909","0000","3024","2107","917","153","3177","4979","0","63.81","42.32"
"66","000","00","009","0909","0421","915","628","287","34","949","1528","0","62.11","41.1"
"66","000","00","009","0909","0422","1076","768","308","65","1141","1788","0","63.81","42.95"
"66","000","00","009","0909","0423","1033","711","322","54","1087","1663","0","65.36","42.75"
"66","000","00","009","0910","0000","1335","938","397","77","1412","2162","0","65.31","43.39"
"66","000","00","009","0910","0424","832","591","241","44","876","1260","0","69.52","46.9"
"66","000","00","009","0910","0425","503","347","156","33","536","902","0","59.42","38.47"
"66","000","00","009","0911","0000","877","573","304","40","917","1457","0","62.94","39.33"
"66","000","00","009","0911","0437","877","573","304","40","917","1457","0","62.94","39.33"
"66","000","00","009","0912","0000","706","479","227","29","735","1184","0","62.08","40.46"
"66","000","00","009","0912","0438","706","479","227","29","735","1184","0","62.08","40.46"
"66","000","00","009","0913","0000","1375","945","430","89","1464","2507","0","58.4","37.69"
"66","000","00","009","0913","0403","622","447","175","50","672","1145","0","58.69","39.04"
"66","000","00","009","0913","0404","753","498","255","39","792","1362","0","58.15","36.56"
"66","000","00","009","0914","0000","1704","1198","506","81","1785","2919","0","61.15","41.04"
"66","000","00","009","0914","0405","813","578","235","32","845","1389","0","60.84","41.61"
"66","000","00","009","0914","0406","891","620","271","49","940","1530","0","61.44","40.52"
"66","000","00","009","0915","0000","2262","1566","696","166","2428","4043","0","60.05","38.73"
"66","000","00","009","0915","0407","814","547","267","70","884","1471","0","60.1","37.19"
"66","000","00","009","0915","0408","810","571","239","62","872","1410","0","61.84","40.5"
"66","000","00","009","0915","0409","638","448","190","34","672","1162","0","57.83","38.55"
"66","000","00","009","0916","0000","4984","3480","1504","285","5269","8802","0","59.86","39.54"
"66","000","00","009","0916","0410","930","660","270","27","957","1656","0","57.79","39.86"
"66","000","00","009","0916","0411","1002","706","296","41","1043","1838","0","56.75","38.41"
"66","000","00","009","0916","0412","892","612","280","66","958","1666","0","57.5","36.73"
"66","000","00","009","0916","0413","1006","690","316","87","1093","1821","0","60.02","37.89"
"66","000","00","009","0916","0414","1154","812","342","64","1218","1821","0","66.89","44.59"
"66","000","00","009","0917","0000","796","525","271","51","847","1256","0","67.44","41.8"
"66","000","00","009","0917","0416","796","525","271","51","847","1256","0","67.44","41.8"
"66","000","00","009","0918","0000","1952","1346","606","94","2046","3345","0","61.17","40.24"
"66","000","00","009","0918","0417","941","657","284","46","987","1552","0","63.6","42.33"
"66","000","00","009","0918","0418","1011","689","322","48","1059","1793","0","59.06","38.43"
"66","000","00","009","0919","0000","5458","3775","1683","268","5726","9838","0","58.2","38.37"
"66","000","00","009","0919","0428","1057","748","309","47","1104","1873","0","58.94","39.94"
"66","000","00","009","0919","0429","1042","707","335","58","1100","1867","0","58.92","37.87"
"66","000","00","009","0919","0430","996","698","298","60","1056","1823","0","57.93","38.29"
"66","000","00","009","0919","0431","995","703","292","51","1046","1962","0","53.31","35.83"
"66","000","00","009","0919","0432","1368","919","449","52","1420","2313","0","61.39","39.73"
"66","000","00","009","0920","0000","3667","2556","1111","178","3845","6232","0","61.7","41.01"
"66","000","00","009","0920","0433","891","627","264","50","941","1510","0","62.32","41.52"
"66","000","00","009","0920","0434","1057","740","317","43","1100","1824","0","60.31","40.57"
"66","000","00","009","0920","0435","785","543","242","42","827","1363","0","60.67","39.84"
"66","000","00","009","0920","0436","934","646","288","43","977","1535","0","63.65","42.08"
"66","000","00","009","0921","0000","1677","1205","472","67","1744","2949","0","59.14","40.86"
"66","000","00","009","0921","0426","728","547","181","32","760","1357","0","56.01","40.31"
"66","000","00","009","0921","0427","949","658","291","35","984","1592","0","61.81","41.33"
"66","000","00","009","0922","0000","3284","2189","1095","172","3456","6306","0","54.8","34.71"
"66","000","00","009","0922","0439","1076","706","370","48","1124","2299","0","48.89","30.71"
"66","000","00","009","0922","0440","1071","720","351","81","1152","1940","0","59.38","37.11"
"66","000","00","009","0922","0441","1137","763","374","43","1180","2067","0","57.09","36.91"
"66","000","00","009","0923","0000","5504","3624","1880","329","5833","10123","0","57.62","35.8"
"66","000","00","009","0923","0442","1087","747","340","66","1153","2038","0","56.58","36.65"
"66","000","00","009","0923","0443","1027","545","482","38","1065","1835","0","58.04","29.7"
"66","000","00","009","0923","0444","1081","741","340","65","1146","1979","0","57.91","37.44"
"66","000","00","009","0923","0445","1065","735","330","77","1142","2014","0","56.7","36.49"
"66","000","00","009","0923","0446","1244","856","388","83","1327","2257","0","58.79","37.93"
"66","000","00","009","0924","0000","2763","1897","866","124","2887","4596","0","62.82","41.28"
"66","000","00","009","0924","0447","848","577","271","46","894","1406","0","63.58","41.04"
"66","000","00","009","0924","0448","832","553","279","37","869","1418","0","61.28","39.0"
"66","000","00","009","0924","0449","1083","767","316","41","1124","1772","0","63.43","43.28"
"66","000","00","009","0925","0000","6150","4242","1908","249","6399","10381","0","61.64","40.86"
"66","000","00","009","0925","0452","1026","722","304","60","1086","1758","0","61.77","41.07"
"66","000","00","009","0925","0453","960","652","308","44","1004","1546","0","64.94","42.17"
"66","000","00","009","0925","0454","1098","784","314","36","1134","1815","0","62.48","43.2"
"66","000","00","009","0925","0455","1121","732","389","45","1166","1932","0","60.35","37.89"
"66","000","00","009","0925","0456","1103","754","349","40","1143","1770","0","64.58","42.6"
"66","000","00","009","0925","0457","842","598","244","24","866","1560","0","55.51","38.33"
"66","000","00","009","0926","0000","1636","1119","517","45","1681","2649","0","63.46","42.24"
"66","000","00","009","0926","0450","763","518","245","20","783","1202","0","65.14","43.09"
"66","000","00","009","0926","0451","873","601","272","25","898","1447","0","62.06","41.53"
"66","000","00","009","0927","0000","7401","4945","2456","375","7776","13032","0","59.67","37.95"
"66","000","00","009","0927","0458","1020","697","323","46","1066","1810","0","58.9","38.51"
"66","000","00","009","0927","0459","1022","677","345","33","1055","1653","0","63.82","40.96"
"66","000","00","009","0927","0460","818","579","239","47","865","1444","0","59.9","40.1"
"66","000","00","009","0927","0461","813","532","281","28","841","1318","0","63.81","40.36"
"66","000","00","009","0927","0462","891","551","340","65","956","1566","0","61.05","35.19"
"66","000","00","009","0927","0463","974","615","359","46","1020","1748","0","58.35","35.18"
"66","000","00","009","0927","0464","902","603","299","59","961","1772","0","54.23","34.03"
"66","000","00","009","0927","0465","961","691","270","51","1012","1721","0","58.8","40.15"
"66","000","00","009","0928","0000","2831","1972","859","106","2937","5065","0","57.99","38.93"
"66","000","00","009","0928","0400","909","645","264","10","919","1617","0","56.83","39.89"
"66","000","00","009","0928","0401","841","591","250","48","889","1677","0","53.01","35.24"
"66","000","00","009","0928","0402","1081","736","345","48","1129","1771","0","63.75","41.56"
"66","000","00","009","0929","0000","918","745","173","33","951","1578","0","60.27","47.21"
"66","000","00","009","0929","0466","918","745","173","33","951","1578","0","60.27","47.21"
"66","000","00","009","0930","0000","2968","2005","963","136","3104","5227","0","59.38","38.36"
"66","000","00","009","0930","0467","1034","677","357","57","1091","1859","0","58.69","36.42"
"66","000","00","009","0930","0468","852","575","277","32","884","1479","0","59.77","38.88"
"66","000","00","009","0930","0469","1082","753","329","47","1129","1889","0","59.77","39.86"
"66","000","00","009","0931","0000","1787","1195","592","80","1867","3224","0","57.91","37.07"
"66","000","00","009","0931","0470","1000","681","319","40","1040","1803","0","57.68","37.77"
"66","000","00","009","0931","0471","787","514","273","40","827","1421","0","58.2","36.17"
"66","000","00","009","0932","0000","2023","1397","626","102","2125","3359","0","63.26","41.59"
"66","000","00","009","0932","0472","954","638","316","52","1006","1585","0","63.47","40.25"
"66","000","00","009","0932","0473","1069","759","310","50","1119","1774","0","63.08","42.78"
"66","000","00","009","0933","0000","1195","827","368","68","1263","2132","0","59.24","38.79"
"66","000","00","009","0933","0474","1195","827","368","68","1263","2132","0","59.24","38.79"
"66","000","00","009","0934","0000","1609","1156","453","58","1667","2874","0","58.0","40.22"
"66","000","00","009","0934","0475","865","624","241","39","904","1515","0","59.67","41.19"
"66","000","00","009","0934","0476","744","532","212","19","763","1359","0","56.14","39.15"
"66","000","00","009","0935","0000","1241","800","441","74","1315","2082","0","63.16","38.42"
"66","000","00","009","0935","0477","569","362","207","34","603","948","0","63.61","38.19"
"66","000","00","009","0935","0478","672","438","234","40","712","1134","0","62.79","38.62"
"66","000","00","009","0936","0000","2032","1371","661","138","2170","3346","0","64.85","40.97"
"66","000","00","009","0936","0479","689","472","217","62","751","1114","0","67.41","42.37"
"66","000","00","009","0936","0480","607","415","192","37","644","1050","0","61.33","39.52"
"66","000","00","009","0936","0481","736","484","252","39","775","1182","0","65.57","40.95"
"66","000","00","010","0000","0000","23966","17480","6486","1495","25461","43181","50308","58.96","40.48"
"66","000","00","010","1001","0000","821","617","204","39","860","1357","0","63.38","45.47"
"66","000","00","010","1001","1540","821","617","204","39","860","1357","0","63.38","45.47"
"66","000","00","010","1002","0000","541","409","132","37","578","865","0","66.82","47.28"
"66","000","00","010","1002","1539","541","409","132","37","578","865","0","66.82","47.28"
"66","000","00","010","1003","0000","587","443","144","54","641","1031","0","62.17","42.97"
"66","000","00","010","1003","1538","587","443","144","54","641","1031","0","62.17","42.97"
"66","000","00","010","1004","0000","1131","854","277","61","1192","1850","0","64.43","46.16"
"66","000","00","010","1004","1536","572","433","139","34","606","984","0","61.59","44.0"
"66","000","00","010","1004","1537","559","421","138","27","586","866","0","67.67","48.61"
"66","000","00","010","1005","0000","1295","971","324","92","1387","2196","0","63.16","44.22"
"66","000","00","010","1005","1534","693","512","181","50","743","1169","0","63.56","43.8"
"66","000","00","010","1005","1535","602","459","143","42","644","1027","0","62.71","44.69"
"66","000","00","010","1006","0000","614","443","171","22","636","977","0","65.1","45.34"
"66","000","00","010","1006","1532","614","443","171","22","636","977","0","65.1","45.34"
"66","000","00","010","1007","0000","755","550","205","36","791","1395","0","56.7","39.43"
"66","000","00","010","1007","1533","755","550","205","36","791","1395","0","56.7","39.43"
"66","000","00","010","1008","0000","2084","1533","551","89","2173","3486","0","62.34","43.98"
"66","000","00","010","1008","1529","671","478","193","27","698","1222","0","57.12","39.12"
"66","000","00","010","1008","1530","773","569","204","37","810","1228","0","65.96","46.34"
"66","000","00","010","1008","1531","640","486","154","25","665","1036","0","64.19","46.91"
"66","000","00","010","1009","0000","977","731","246","68","1045","1878","0","55.64","38.92"
"66","000","00","010","1009","1527","460","350","110","16","476","872","0","54.59","40.14"
"66","000","00","010","1009","1528","517","381","136","52","569","1006","0","56.56","37.87"
"66","000","00","010","1010","0000","2064","1528","536","129","2193","3662","0","59.89","41.73"
"66","000","00","010","1010","1523","780","583","197","55","835","1372","0","60.86","42.49"
"66","000","00","010","1010","1524","809","579","230","29","838","1412","0","59.35","41.01"
"66","000","00","010","1010","1525","475","366","109","45","520","878","0","59.23","41.69"
"66","000","00","010","1011","0000","710","522","188","57","767","1475","0","52.0","35.39"
"66","000","00","010","1011","1526","710","522","188","57","767","1475","0","52.0","35.39"
"66","000","00","010","1012","0000","2774","2007","767","163","2937","4908","0","59.84","40.89"
"66","000","00","010","1012","1519","678","464","214","49","727","1335","0","54.46","34.76"
"66","000","00","010","1012","1520","674","481","193","34","708","1092","0","64.84","44.05"
"66","000","00","010","1012","1521","635","478","157","43","678","1050","0","64.57","45.52"
"66","000","00","010","1012","1522","787","584","203","37","824","1431","0","57.58","40.81"
"66","000","00","010","1013","0000","856","617","239","74","930","1628","0","57.13","37.9"
"66","000","00","010","1013","1518","856","617","239","74","930","1628","0","57.13","37.9"
"66","000","00","010","1014","0000","598","444","154","42","640","991","0","64.58","44.8"
"66","000","00","010","1014","1516","598","444","154","42","640","991","0","64.58","44.8"
"66","000","00","010","1015","0000","433","304","129","26","459","863","0","53.19","35.23"
"66","000","00","010","1015","1517","433","304","129","26","459","863","0","53.19","35.23"
"66","000","00","010","1016","0000","977","700","277","96","1073","1866","0","57.5","37.51"
"66","000","00","010","1016","1514","545","394","151","48","593","1007","0","58.89","39.13"
"66","000","00","010","1016","1515","432","306","126","48","480","859","0","55.88","35.62"
"66","000","00","010","1017","0000","664","460","204","58","722","1299","0","55.58","35.41"
"66","000","00","010","1017","1513","664","460","204","58","722","1299","0","55.58","35.41"
"66","000","00","010","1018","0000","1171","848","323","45","1216","1957","0","62.14","43.33"
"66","000","00","010","1018","1544","563","408","155","22","585","950","0","61.58","42.95"
"66","000","00","010","1018","1545","608","440","168","23","631","1007","0","62.66","43.69"
"66","000","00","010","1019","0000","1174","860","314","60","1234","2050","0","60.2","41.95"
"66","000","00","010","1019","1541","430","306","124","23","453","736","0","61.55","41.58"
"66","000","00","010","1019","1542","744","554","190","37","781","1314","0","59.44","42.16"
"66","000","00","010","1020","0000","867","612","255","56","923","1677","0","55.04","36.49"
"66","000","00","010","1020","1543","867","612","255","56","923","1677","0","55.04","36.49"
"66","000","00","010","1021","0000","614","430","184","30","644","1214","0","53.05","35.42"
"66","000","00","010","1021","1546","614","430","184","30","644","1214","0","53.05","35.42"
"66","000","00","010","1022","0000","929","653","276","88","1017","1809","0","56.22","36.1"
"66","000","00","010","1022","1547","479","363","116","41","520","907","0","57.33","40.02"
"66","000","00","010","1022","1548","450","290","160","47","497","902","0","55.1","32.15"
"66","000","00","010","1023","0000","320","230","90","13","333","720","0","46.25","31.94"
"66","000","00","010","1023","1549","320","230","90","13","333","720","0","46.25","31.94"
"66","000","00","010","1024","0000","310","222","88","11","321","666","0","48.2","33.33"
"66","000","00","010","1024","1550","310","222","88","11","321","666","0","48.2","33.33"
"66","000","00","010","1025","0000","700","492","208","49","749","1361","0","55.03","36.15"
"66","000","00","010","1025","1551","700","492","208","49","749","1361","0","55.03","36.15"
"66","000","00","011","0000","0000","34583","24051","10532","1977","36560","63069","77697","57.97","38.13"
"66","000","00","011","1101","0000","756","532","224","60","816","1356","0","60.18","39.23"
"66","000","00","011","1101","0001","756","532","224","60","816","1356","0","60.18","39.23"
"66","000","00","011","1102","0000","633","434","199","33","666","1059","0","62.89","40.98"
"66","000","00","011","1102","0002","633","434","199","33","666","1059","0","62.89","40.98"
"66","000","00","011","1103","0000","946","626","320","37","983","1568","0","62.69","39.92"
"66","000","00","011","1103","0003","421","274","147","23","444","694","0","63.98","39.48"
"66","000","00","011","1103","0004","525","352","173","14","539","874","0","61.67","40.27"
"66","000","00","011","1104","0000","413","285","128","16","429","763","0","56.23","37.35"
"66","000","00","011","1104","0005","413","285","128","16","429","763","0","56.23","37.35"
"66","000","00","011","1105","0000","1235","868","367","61","1296","2105","0","61.57","41.24"
"66","000","00","011","1105","0006","524","358","166","28","552","856","0","64.49","41.82"
"66","000","00","011","1105","0007","711","510","201","33","744","1249","0","59.57","40.83"
"66","000","00","011","1106","0000","1185","817","368","59","1244","2111","0","58.93","38.7"
"66","000","00","011","1106","0008","506","359","147","27","533","922","0","57.81","38.94"
"66","000","00","011","1106","0009","679","458","221","32","711","1189","0","59.8","38.52"
"66","000","00","011","1107","0000","1966","1380","586","147","2113","3374","0","62.63","40.9"
"66","000","00","011","1107","0010","631","439","192","47","678","1065","0","63.66","41.22"
"66","000","00","011","1107","0011","754","545","209","54","808","1252","0","64.54","43.53"
"66","000","00","011","1107","0012","581","396","185","46","627","1057","0","59.32","37.46"
"66","000","00","011","1108","0000","1236","879","357","57","1293","2091","0","61.84","42.04"
"66","000","00","011","1108","0013","595","433","162","32","627","1031","0","60.81","42.0"
"66","000","00","011","1108","0014","641","446","195","25","666","1060","0","62.83","42.08"
"66","000","00","011","1109","0000","2444","1705","739","125","2569","4405","0","58.32","38.71"
"66","000","00","011","1109","0015","728","505","223","40","768","1311","0","58.58","38.52"
"66","000","00","011","1109","0016","785","561","224","35","820","1424","0","57.58","39.4"
"66","000","00","011","1109","0017","931","639","292","50","981","1670","0","58.74","38.26"
"66","000","00","011","1110","0000","459","333","126","28","487","812","0","59.98","41.01"
"66","000","00","011","1110","0018","459","333","126","28","487","812","0","59.98","41.01"
"66","000","00","011","1111","0000","535","395","140","29","564","863","0","65.35","45.77"
"66","000","00","011","1111","0019","535","395","140","29","564","863","0","65.35","45.77"
"66","000","00","011","1112","0000","1784","1286","498","68","1852","3186","0","58.13","40.36"
"66","000","00","011","1112","0020","916","648","268","35","951","1598","0","59.51","40.55"
"66","000","00","011","1112","0021","868","638","230","33","901","1588","0","56.74","40.18"
"66","000","00","011","1113","0000","662","446","216","50","712","1197","0","59.48","37.26"
"66","000","00","011","1113","0022","662","446","216","50","712","1197","0","59.48","37.26"
"66","000","00","011","1114","0000","432","253","179","56","488","1106","0","44.12","22.88"
"66","000","00","011","1114","0023","432","253","179","56","488","1106","0","44.12","22.88"
"66","000","00","011","1115","0000","1038","728","310","72","1110","1772","0","62.64","41.08"
"66","000","00","011","1115","0024","532","364","168","38","570","903","0","63.12","40.31"
"66","000","00","011","1115","0025","506","364","142","34","540","869","0","62.14","41.89"
"66","000","00","011","1116","0000","3020","2094","926","173","3193","5269","0","60.6","39.74"
"66","000","00","011","1116","0026","789","547","242","29","818","1350","0","60.59","40.52"
"66","000","00","011","1116","0027","615","435","180","75","690","1144","0","60.31","38.02"
"66","000","00","011","1116","0028","715","526","189","31","746","1208","0","61.75","43.54"
"66","000","00","011","1116","0029","901","586","315","38","939","1567","0","59.92","37.4"
"66","000","00","011","1117","0000","1227","891","336","49","1276","2013","0","63.39","44.26"
"66","000","00","011","1117","0030","777","570","207","28","805","1246","0","64.61","45.75"
"66","000","00","011","1117","0031","450","321","129","21","471","767","0","61.41","41.85"
"66","000","00","011","1118","0000","1032","750","282","64","1096","1762","0","62.2","42.57"
"66","000","00","011","1118","0032","463","326","137","24","487","790","0","61.65","41.27"
"66","000","00","011","1118","0033","569","424","145","40","609","972","0","62.65","43.62"
"66","000","00","011","1119","0000","728","501","227","35","763","1388","0","54.97","36.1"
"66","000","00","011","1119","0034","728","501","227","35","763","1388","0","54.97","36.1"
"66","000","00","011","1120","0000","2501","1762","739","86","2587","4432","0","58.37","39.76"
"66","000","00","011","1120","0035","694","468","226","25","719","1331","0","54.02","35.16"
"66","000","00","011","1120","0036","697","494","203","31","728","1167","0","62.38","42.33"
"66","000","00","011","1120","0037","1110","800","310","30","1140","1934","0","58.95","41.37"
"66","000","00","011","1121","0000","621","419","202","40","661","1263","0","52.34","33.17"
"66","000","00","011","1121","0038","621","419","202","40","661","1263","0","52.34","33.17"
"66","000","00","011","1122","0000","2124","1509","615","94","2218","3973","0","55.83","37.98"
"66","000","00","011","1122","0039","774","558","216","32","806","1390","0","57.99","40.14"
"66","000","00","011","1122","0040","578","407","171","32","610","1186","0","51.43","34.32"
"66","000","00","011","1122","0041","772","544","228","30","802","1397","0","57.41","38.94"
"66","000","00","011","1123","0000","1249","864","385","84","1333","2571","0","51.85","33.61"
"66","000","00","011","1123","0042","539","382","157","21","560","1173","0","47.74","32.57"
"66","000","00","011","1123","0043","710","482","228","63","773","1398","0","55.29","34.48"
"66","000","00","011","1124","0000","2798","1877","921","150","2948","5453","0","54.06","34.42"
"66","000","00","011","1124","0044","602","395","207","39","641","1228","0","52.2","32.17"
"66","000","00","011","1124","0045","651","443","208","31","682","1258","0","54.21","35.21"
"66","000","00","011","1124","0046","738","497","241","42","780","1435","0","54.36","34.63"
"66","000","00","011","1124","0047","807","542","265","38","845","1532","0","55.16","35.38"
"66","000","00","011","1125","0000","764","505","259","63","827","1522","0","54.34","33.18"
"66","000","00","011","1125","0048","351","238","113","31","382","652","0","58.59","36.5"
"66","000","00","011","1125","0049","413","267","146","32","445","870","0","51.15","30.69"
"66","000","00","011","1126","0000","887","631","256","60","947","1675","0","56.54","37.67"
"66","000","00","011","1126","0050","450","313","137","29","479","891","0","53.76","35.13"
"66","000","00","011","1126","0051","437","318","119","31","468","784","0","59.69","40.56"
"66","000","00","011","1127","0000","676","486","190","73","749","1368","0","54.75","35.53"
"66","000","00","011","1127","0052","676","486","190","73","749","1368","0","54.75","35.53"
"66","000","00","011","1128","0000","548","355","193","55","603","1126","0","53.55","31.53"
"66","000","00","011","1128","0053","548","355","193","55","603","1126","0","53.55","31.53"
"66","000","00","011","1129","0000","684","440","244","53","737","1486","0","49.6","29.61"
"66","000","00","011","1129","0054","684","440","244","53","737","1486","0","49.6","29.61"
"66","000","00","012","0000","0000","39491","27102","12389","2569","42060","71528","86659","58.8","37.89"
"66","000","00","012","1201","0000","559","367","192","29","588","1076","0","54.65","34.11"
"66","000","00","012","1201","0091","559","367","192","29","588","1076","0","54.65","34.11"
"66","000","00","012","1202","0000","580","392","188","45","625","953","0","65.58","41.13"
"66","000","00","012","1202","0092","580","392","188","45","625","953","0","65.58","41.13"
"66","000","00","012","1203","0000","1212","820","392","92","1304","2057","0","63.39","39.86"
"66","000","00","012","1203","0093","528","344","184","46","574","914","0","62.8","37.64"
"66","000","00","012","1203","0094","684","476","208","46","730","1143","0","63.87","41.64"
"66","000","00","012","1204","0000","401","255","146","24","425","680","0","62.5","37.5"
"66","000","00","012","1204","0095","401","255","146","24","425","680","0","62.5","37.5"
"66","000","00","012","1205","0000","1070","732","338","77","1147","1797","0","63.83","40.73"
"66","000","00","012","1205","0096","530","371","159","35","565","904","0","62.5","41.04"
"66","000","00","012","1205","0097","540","361","179","42","582","893","0","65.17","40.43"
"66","000","00","012","1206","0000","879","590","289","39","918","1577","0","58.21","37.41"
"66","000","00","012","1206","0098","879","590","289","39","918","1577","0","58.21","37.41"
"66","000","00","012","1207","0000","385","275","110","31","416","690","0","60.29","39.86"
"66","000","00","012","1207","0099","385","275","110","31","416","690","0","60.29","39.86"
"66","000","00","012","1208","0000","231","198","33","19","250","403","0","62.03","49.13"
"66","000","00","012","1208","0100","231","198","33","19","250","403","0","62.03","49.13"
"66","000","00","012","1209","0000","1226","812","414","87","1313","2190","0","59.95","37.08"
"66","000","00","012","1209","0101","801","533","268","52","853","1413","0","60.37","37.72"
"66","000","00","012","1209","0102","425","279","146","35","460","777","0","59.2","35.91"
"66","000","00","012","1210","0000","5432","3750","1682","220","5652","9237","0","61.19","40.6"
"66","000","00","012","1210","0103","766","545","221","36","802","1313","0","61.08","41.51"
"66","000","00","012","1210","0104","845","589","256","48","893","1439","0","62.06","40.93"
"66","000","00","012","1210","0105","678","461","217","23","701","1265","0","55.42","36.44"
"66","000","00","012","1210","0106","766","532","234","34","800","1277","0","62.65","41.66"
"66","000","00","012","1210","0107","739","526","213","35","774","1276","0","60.66","41.22"
"66","000","00","012","1210","0108","835","558","277","25","860","1376","0","62.5","40.55"
"66","000","00","012","1210","0109","803","539","264","19","822","1291","0","63.67","41.75"
"66","000","00","012","1211","0000","881","590","291","43","924","1510","0","61.19","39.07"
"66","000","00","012","1211","0110","881","590","291","43","924","1510","0","61.19","39.07"
"66","000","00","012","1212","0000","844","577","267","61","905","1524","0","59.38","37.86"
"66","000","00","012","1212","0111","844","577","267","61","905","1524","0","59.38","37.86"
"66","000","00","012","1213","0000","2385","1647","738","136","2521","4302","0","58.6","38.28"
"66","000","00","012","1213","0112","768","520","248","34","802","1474","0","54.41","35.28"
"66","000","00","012","1213","0113","812","582","230","46","858","1507","0","56.93","38.62"
"66","000","00","012","1213","0114","805","545","260","56","861","1321","0","65.18","41.26"
"66","000","00","012","1214","0000","1760","1180","580","100","1860","3293","0","56.48","35.83"
"66","000","00","012","1214","0115","576","408","168","36","612","1157","0","52.9","35.26"
"66","000","00","012","1214","0116","699","437","262","40","739","1255","0","58.88","34.82"
"66","000","00","012","1214","0117","485","335","150","24","509","881","0","57.78","38.02"
"66","000","00","012","1215","0000","1179","804","375","76","1255","2034","0","61.7","39.53"
"66","000","00","012","1215","0118","621","420","201","45","666","1083","0","61.5","38.78"
"66","000","00","012","1215","0119","558","384","174","31","589","951","0","61.93","40.38"
"66","000","00","012","1216","0000","2633","1751","882","188","2821","5145","0","54.83","34.03"
"66","000","00","012","1216","0120","746","499","247","41","787","1424","0","55.27","35.04"
"66","000","00","012","1216","0121","621","416","205","57","678","1233","0","54.99","33.74"
"66","000","00","012","1216","0122","588","374","214","47","635","1288","0","49.3","29.04"
"66","000","00","012","1216","0123","678","462","216","43","721","1200","0","60.08","38.5"
"66","000","00","012","1217","0000","1640","1194","446","52","1692","2745","0","61.64","43.5"
"66","000","00","012","1217","0124","932","723","209","36","968","1609","0","60.16","44.93"
"66","000","00","012","1217","0125","708","471","237","16","724","1136","0","63.73","41.46"
"66","000","00","012","1218","0000","667","479","188","73","740","1302","0","56.84","36.79"
"66","000","00","012","1218","0126","667","479","188","73","740","1302","0","56.84","36.79"
"66","000","00","012","1219","0000","702","485","217","80","782","1373","0","56.96","35.32"
"66","000","00","012","1219","0127","702","485","217","80","782","1373","0","56.96","35.32"
"66","000","00","012","1220","0000","593","390","203","63","656","1257","0","52.19","31.03"
"66","000","00","012","1220","0128","593","390","203","63","656","1257","0","52.19","31.03"
"66","000","00","012","1221","0000","581","394","187","47","628","1184","0","53.04","33.28"
"66","000","00","012","1221","0129","581","394","187","47","628","1184","0","53.04","33.28"
"66","000","00","012","1222","0000","689","497","192","59","748","1322","0","56.58","37.59"
"66","000","00","012","1222","0130","689","497","192","59","748","1322","0","56.58","37.59"
"66","000","00","012","1223","0000","1077","722","355","114","1191","2120","0","56.18","34.06"
"66","000","00","012","1223","0131","593","395","198","48","641","1193","0","53.73","33.11"
"66","000","00","012","1223","0132","484","327","157","66","550","927","0","59.33","35.28"
"66","000","00","012","1224","0000","1292","859","433","105","1397","2236","0","62.48","38.42"
"66","000","00","012","1224","0133","618","402","216","50","668","1073","0","62.26","37.47"
"66","000","00","012","1224","0134","674","457","217","55","729","1163","0","62.68","39.29"
"66","000","00","012","1225","0000","884","606","278","94","978","1757","0","55.66","34.49"
"66","000","00","012","1225","0135","427","289","138","51","478","855","0","55.91","33.8"
"66","000","00","012","1225","0136","457","317","140","43","500","902","0","55.43","35.14"
"66","000","00","012","1226","0000","1322","875","447","84","1406","2481","0","56.67","35.27"
"66","000","00","012","1226","0137","773","505","268","47","820","1415","0","57.95","35.69"
"66","000","00","012","1226","0138","549","370","179","37","586","1066","0","54.97","34.71"
"66","000","00","012","1227","0000","3952","2733","1219","229","4181","7264","0","57.56","37.62"
"66","000","00","012","1227","0139","734","495","239","57","791","1391","0","56.87","35.59"
"66","000","00","012","1227","0140","731","533","198","33","764","1449","0","52.73","36.78"
"66","000","00","012","1227","0141","783","545","238","52","835","1377","0","60.64","39.58"
"66","000","00","012","1227","0142","808","545","263","42","850","1423","0","59.73","38.3"
"66","000","00","012","1227","0143","896","615","281","45","941","1624","0","57.94","37.87"
"66","000","00","012","1228","0000","1483","1003","480","123","1606","2822","0","56.91","35.54"
"66","000","00","012","1228","0144","689","457","232","61","750","1358","0","55.23","33.65"
"66","000","00","012","1228","0145","794","546","248","62","856","1464","0","58.47","37.3"
"66","000","00","012","1229","0000","691","447","244","52","743","1211","0","61.35","36.91"
"66","000","00","012","1229","0146","691","447","244","52","743","1211","0","61.35","36.91"
"66","000","00","012","1230","0000","671","503","168","58","729","1162","0","62.74","43.29"
"66","000","00","012","1230","0148","671","503","168","58","729","1162","0","62.74","43.29"
"66","000","00","012","1231","0000","826","625","201","43","869","1368","0","63.52","45.69"
"66","000","00","012","1231","0149","826","625","201","43","869","1368","0","63.52","45.69"
"66","000","00","012","1232","0000","764","550","214","26","790","1456","0","54.26","37.77"
"66","000","00","012","1232","0147","764","550","214","26","790","1456","0","54.26","37.77"
"66","000","00","013","0000","0000","40241","27449","12792","2066","42307","74207","93720","57.01","36.99"
"66","000","00","013","1301","0000","710","459","251","36","746","1380","0","54.06","33.26"
"66","000","00","013","1301","0186","710","459","251","36","746","1380","0","54.06","33.26"
"66","000","00","013","1302","0000","1182","838","344","71","1253","2028","0","61.79","41.32"
"66","000","00","013","1302","0187","484","338","146","38","522","852","0","61.27","39.67"
"66","000","00","013","1302","0188","698","500","198","33","731","1176","0","62.16","42.52"
"66","000","00","013","1303","0000","597","377","220","48","645","958","0","67.33","39.35"
"66","000","00","013","1303","0189","597","377","220","48","645","958","0","67.33","39.35"
"66","000","00","013","1304","0000","313","228","85","22","335","488","0","68.65","46.72"
"66","000","00","013","1304","0190","313","228","85","22","335","488","0","68.65","46.72"
"66","000","00","013","1305","0000","1348","883","465","88","1436","2462","0","58.33","35.87"
"66","000","00","013","1305","0191","652","405","247","41","693","1177","0","58.88","34.41"
"66","000","00","013","1305","0192","696","478","218","47","743","1285","0","57.82","37.2"
"66","000","00","013","1306","0000","2388","1642","746","146","2534","4336","0","58.44","37.87"
"66","000","00","013","1306","0195","766","513","253","32","798","1469","0","54.32","34.92"
"66","000","00","013","1306","0196","829","564","265","44","873","1423","0","61.35","39.63"
"66","000","00","013","1306","0197","793","565","228","70","863","1444","0","59.76","39.13"
"66","000","00","013","1307","0000","2830","1870","960","128","2958","5046","0","58.62","37.06"
"66","000","00","013","1307","0198","811","546","265","51","862","1469","0","58.68","37.17"
"66","000","00","013","1307","0199","1054","684","370","49","1103","1902","0","57.99","35.96"
"66","000","00","013","1307","0200","965","640","325","28","993","1675","0","59.28","38.21"
"66","000","00","013","1308","0000","3804","2562","1242","207","4011","6728","0","59.62","38.08"
"66","000","00","013","1308","0201","588","393","195","49","637","1098","0","58.01","35.79"
"66","000","00","013","1308","0202","892","598","294","48","940","1539","0","61.08","38.86"
"66","000","00","013","1308","0203","790","540","250","21","811","1329","0","61.02","40.63"
"66","000","00","013","1308","0204","675","461","214","39","714","1255","0","56.89","36.73"
"66","000","00","013","1308","0205","859","570","289","50","909","1507","0","60.32","37.82"
"66","000","00","013","1309","0000","3836","2603","1233","249","4085","7300","0","55.96","35.66"
"66","000","00","013","1309","0206","813","555","258","55","868","1463","0","59.33","37.94"
"66","000","00","013","1309","0207","648","456","192","61","709","1279","0","55.43","35.65"
"66","000","00","013","1309","0208","518","356","162","29","547","1024","0","53.42","34.77"
"66","000","00","013","1309","0209","706","497","209","52","758","1388","0","54.61","35.81"
"66","000","00","013","1309","0210","623","414","209","26","649","1074","0","60.43","38.55"
"66","000","00","013","1309","0211","528","325","203","26","554","1072","0","51.68","30.32"
"66","000","00","013","1310","0000","647","460","187","42","689","1107","0","62.24","41.55"
"66","000","00","013","1310","0212","647","460","187","42","689","1107","0","62.24","41.55"
"66","000","00","013","1311","0000","2477","1622","855","109","2586","4771","0","54.2","34.0"
"66","000","00","013","1311","0215","919","516","403","38","957","1633","0","58.6","31.6"
"66","000","00","013","1311","0216","785","559","226","42","827","1533","0","53.95","36.46"
"66","000","00","013","1311","0217","773","547","226","29","802","1605","0","49.97","34.08"
"66","000","00","013","1312","0000","1819","1258","561","89","1908","3629","0","52.58","34.67"
"66","000","00","013","1312","0213","948","658","290","44","992","1947","0","50.95","33.8"
"66","000","00","013","1312","0214","871","600","271","45","916","1682","0","54.46","35.67"
"66","000","00","013","1313","0000","870","602","268","31","901","1694","0","53.19","35.54"
"66","000","00","013","1313","0218","870","602","268","31","901","1694","0","53.19","35.54"
"66","000","00","013","1314","0000","2657","1782","875","103","2760","4944","0","55.83","36.04"
"66","000","00","013","1314","0219","825","550","275","52","877","1628","0","53.87","33.78"
"66","000","00","013","1314","0220","952","644","308","21","973","1665","0","58.44","38.68"
"66","000","00","013","1314","0221","880","588","292","30","910","1651","0","55.12","35.61"
"66","000","00","013","1315","0000","1934","1394","540","78","2012","3289","0","61.17","42.38"
"66","000","00","013","1315","0222","682","506","176","20","702","1108","0","63.36","45.67"
"66","000","00","013","1315","0223","679","485","194","26","705","1142","0","61.73","42.47"
"66","000","00","013","1315","0224","573","403","170","32","605","1039","0","58.23","38.79"
"66","000","00","013","1316","0000","2770","1883","887","122","2892","5270","0","54.88","35.73"
"66","000","00","013","1316","0225","972","666","306","44","1016","1840","0","55.22","36.2"
"66","000","00","013","1316","0226","999","682","317","40","1039","1872","0","55.5","36.43"
"66","000","00","013","1316","0227","799","535","264","38","837","1558","0","53.72","34.34"
"66","000","00","013","1317","0000","2401","1681","720","95","2496","4314","0","57.86","38.97"
"66","000","00","013","1317","0232","881","588","293","29","910","1593","0","57.12","36.91"
"66","000","00","013","1317","0233","517","373","144","23","540","981","0","55.05","38.02"
"66","000","00","013","1317","0234","1003","720","283","43","1046","1740","0","60.11","41.38"
"66","000","00","013","1318","0000","1334","953","381","63","1397","2294","0","60.9","41.54"
"66","000","00","013","1318","0235","722","496","226","45","767","1247","0","61.51","39.78"
"66","000","00","013","1318","0236","612","457","155","18","630","1047","0","60.17","43.65"
"66","000","00","013","1319","0000","1157","810","347","79","1236","2144","0","57.65","37.78"
"66","000","00","013","1319","0237","599","414","185","65","664","1119","0","59.34","37.0"
"66","000","00","013","1319","0238","558","396","162","14","572","1025","0","55.8","38.63"
"66","000","00","013","1320","0000","1821","1225","596","116","1937","3364","0","57.58","36.41"
"66","000","00","013","1320","0193","885","597","288","61","946","1736","0","54.49","34.39"
"66","000","00","013","1320","0194","936","628","308","55","991","1628","0","60.87","38.57"
"66","000","00","013","1321","0000","3346","2317","1029","144","3490","6661","0","52.39","34.78"
"66","000","00","013","1321","0228","873","607","266","33","906","1739","0","52.1","34.91"
"66","000","00","013","1321","0229","807","537","270","37","844","1672","0","50.48","32.12"
"66","000","00","013","1321","0230","883","633","250","28","911","1634","0","55.75","38.74"
"66","000","00","013","1321","0231","783","540","243","46","829","1616","0","51.3","33.42"
"66","000","00","014","0000","0000","25479","17011","8468","1494","26973","47040","58189","57.34","36.16"
"66","000","00","014","1401","0000","1671","1121","550","94","1765","3122","0","56.53","35.91"
"66","000","00","014","1401","0150","827","551","276","52","879","1541","0","57.04","35.76"
"66","000","00","014","1401","0151","844","570","274","42","886","1581","0","56.04","36.05"
"66","000","00","014","1402","0000","1100","727","373","70","1170","1959","0","59.72","37.11"
"66","000","00","014","1402","0152","598","387","211","43","641","1083","0","59.19","35.73"
"66","000","00","014","1402","0153","502","340","162","27","529","876","0","60.39","38.81"
"66","000","00","014","1403","0000","2080","1407","673","127","2207","3929","0","56.17","35.81"
"66","000","00","014","1403","0154","568","380","188","47","615","1043","0","58.96","36.43"
"66","000","00","014","1403","0155","749","512","237","35","784","1502","0","52.2","34.09"
"66","000","00","014","1403","0156","763","515","248","45","808","1384","0","58.38","37.21"
"66","000","00","014","1404","0000","321","212","109","30","351","517","0","67.89","41.01"
"66","000","00","014","1404","0157","321","212","109","30","351","517","0","67.89","41.01"
"66","000","00","014","1405","0000","688","481","207","62","750","1169","0","64.16","41.15"
"66","000","00","014","1405","0158","688","481","207","62","750","1169","0","64.16","41.15"
"66","000","00","014","1406","0000","497","314","183","27","524","863","0","60.72","36.38"
"66","000","00","014","1406","0159","497","314","183","27","524","863","0","60.72","36.38"
"66","000","00","014","1407","0000","3256","2147","1109","157","3413","6128","0","55.7","35.04"
"66","000","00","014","1407","0160","620","424","196","24","644","1277","0","50.43","33.2"
"66","000","00","014","1407","0161","912","613","299","35","947","1742","0","54.36","35.19"
"66","000","00","014","1407","0162","741","461","280","51","792","1342","0","59.02","34.35"
"66","000","00","014","1407","0163","983","649","334","47","1030","1767","0","58.29","36.73"
"66","000","00","014","1408","0000","2558","1630","928","85","2643","4974","0","53.14","32.77"
"66","000","00","014","1408","0164","735","478","257","51","786","1542","0","50.97","31.0"
"66","000","00","014","1408","0165","864","535","329","33","897","1636","0","54.83","32.7"
"66","000","00","014","1408","0166","959","617","342","1","960","1796","0","53.45","34.35"
"66","000","00","014","1409","0000","2298","1532","766","167","2465","4364","0","56.48","35.11"
"66","000","00","014","1409","0167","747","484","263","56","803","1450","0","55.38","33.38"
"66","000","00","014","1409","0168","775","528","247","80","855","1548","0","55.23","34.11"
"66","000","00","014","1409","0169","776","520","256","31","807","1366","0","59.08","38.07"
"66","000","00","014","1410","0000","4123","2866","1257","246","4369","7342","0","59.51","39.04"
"66","000","00","014","1410","0170","595","407","188","27","622","955","0","65.13","42.62"
"66","000","00","014","1410","0171","670","489","181","48","718","1305","0","55.02","37.47"
"66","000","00","014","1410","0172","705","470","235","32","737","1239","0","59.48","37.93"
"66","000","00","014","1410","0173","625","455","170","44","669","1079","0","62.0","42.17"
"66","000","00","014","1410","0174","652","442","210","36","688","1220","0","56.39","36.23"
"66","000","00","014","1410","0175","876","603","273","59","935","1544","0","60.56","39.05"
"66","000","00","014","1411","0000","3088","2045","1043","165","3253","5607","0","58.02","36.47"
"66","000","00","014","1411","0176","844","541","303","39","883","1460","0","60.48","37.05"
"66","000","00","014","1411","0177","737","492","245","53","790","1292","0","61.15","38.08"
"66","000","00","014","1411","0178","702","474","228","39","741","1300","0","57.0","36.46"
"66","000","00","014","1411","0179","805","538","267","34","839","1555","0","53.95","34.6"
"66","000","00","014","1412","0000","1249","809","440","95","1344","2308","0","58.23","35.05"
"66","000","00","014","1412","0180","541","366","175","38","579","1031","0","56.16","35.5"
"66","000","00","014","1412","0181","708","443","265","57","765","1277","0","59.91","34.69"
"66","000","00","014","1413","0000","1213","798","415","84","1297","2224","0","58.32","35.88"
"66","000","00","014","1413","0182","550","353","197","32","582","1037","0","56.12","34.04"
"66","000","00","014","1413","0183","663","445","218","52","715","1187","0","60.24","37.49"
"66","000","00","014","1414","0000","1337","922","415","85","1422","2534","0","56.12","36.39"
"66","000","00","014","1414","0184","721","498","223","54","775","1399","0","55.4","35.6"
"66","000","00","014","1414","0185","616","424","192","31","647","1135","0","57.0","37.36"
"66","000","00","015","0000","0000","24717","16916","7801","1491","26208","44962","54682","58.29","37.62"
"66","000","00","015","1501","0000","1102","774","328","92","1194","1987","0","60.09","38.95"
"66","000","00","015","1501","0357","497","354","143","47","544","852","0","63.85","41.55"
"66","000","00","015","1501","0358","605","420","185","45","650","1135","0","57.27","37.0"
"66","000","00","015","1502","0000","543","383","160","40","583","1079","0","54.03","35.5"
"66","000","00","015","1502","0359","543","383","160","40","583","1079","0","54.03","35.5"
"66","000","00","015","1503","0000","1734","1149","585","108","1842","3130","0","58.85","36.71"
"66","000","00","015","1503","0360","860","589","271","55","915","1539","0","59.45","38.27"
"66","000","00","015","1503","0361","874","560","314","53","927","1591","0","58.27","35.2"
"66","000","00","015","1504","0000","2147","1458","689","144","2291","3701","0","61.9","39.39"
"66","000","00","015","1504","0364","786","541","245","64","850","1428","0","59.52","37.89"
"66","000","00","015","1504","0365","743","499","244","41","784","1178","0","66.55","42.36"
"66","000","00","015","1504","0366","618","418","200","39","657","1095","0","60.0","38.17"
"66","000","00","015","1505","0000","1161","776","385","65","1226","2126","0","57.67","36.5"
"66","000","00","015","1505","0367","522","347","175","29","551","963","0","57.22","36.03"
"66","000","00","015","1505","0368","639","429","210","36","675","1163","0","58.04","36.89"
"66","000","00","015","1506","0000","2707","1874","833","145","2852","4712","0","60.53","39.77"
"66","000","00","015","1506","0369","588","401","187","32","620","1018","0","60.9","39.39"
"66","000","00","015","1506","0370","527","366","161","27","554","854","0","64.87","42.86"
"66","000","00","015","1506","0371","771","529","242","45","816","1485","0","54.95","35.62"
"66","000","00","015","1506","0372","821","578","243","41","862","1355","0","63.62","42.66"
"66","000","00","015","1507","0000","1084","747","337","70","1154","1986","0","58.11","37.61"
"66","000","00","015","1507","0373","436","284","152","32","468","840","0","55.71","33.81"
"66","000","00","015","1507","0374","648","463","185","38","686","1146","0","59.86","40.4"
"66","000","00","015","1508","0000","1946","1326","620","120","2066","3342","0","61.82","39.68"
"66","000","00","015","1508","0375","969","670","299","57","1026","1669","0","61.47","40.14"
"66","000","00","015","1508","0376","977","656","321","63","1040","1673","0","62.16","39.21"
"66","000","00","015","1509","0000","1937","1294","643","100","2037","3454","0","58.98","37.46"
"66","000","00","015","1509","0377","840","559","281","32","872","1493","0","58.41","37.44"
"66","000","00","015","1509","0378","607","411","196","50","657","1052","0","62.45","39.07"
"66","000","00","015","1509","0379","490","324","166","18","508","909","0","55.89","35.64"
"66","000","00","015","1510","0000","1368","940","428","134","1502","2433","0","61.73","38.64"
"66","000","00","015","1510","0380","614","427","187","58","672","1091","0","61.59","39.14"
"66","000","00","015","1510","0381","754","513","241","76","830","1342","0","61.85","38.23"
"66","000","00","015","1511","0000","1162","771","391","76","1238","2115","0","58.53","36.45"
"66","000","00","015","1511","0382","601","394","207","46","647","1138","0","56.85","34.62"
"66","000","00","015","1511","0383","561","377","184","30","591","977","0","60.49","38.59"
"66","000","00","015","1512","0000","736","529","207","37","773","1584","0","48.8","33.4"
"66","000","00","015","1512","0384","736","529","207","37","773","1584","0","48.8","33.4"
"66","000","00","015","1513","0000","1187","806","381","83","1270","2140","0","59.35","37.66"
"66","000","00","015","1513","0385","499","340","159","29","528","915","0","57.7","37.16"
"66","000","00","015","1513","0386","688","466","222","54","742","1225","0","60.57","38.04"
"66","000","00","015","1514","0000","1706","1185","521","50","1756","3152","0","55.71","37.6"
"66","000","00","015","1514","0387","842","581","261","28","870","1552","0","56.06","37.44"
"66","000","00","015","1514","0388","864","604","260","22","886","1600","0","55.38","37.75"
"66","000","00","015","1515","0000","679","477","202","37","716","1340","0","53.43","35.6"
"66","000","00","015","1515","0393","679","477","202","37","716","1340","0","53.43","35.6"
"66","000","00","015","1516","0000","1110","776","334","85","1195","2122","0","56.31","36.57"
"66","000","00","015","1516","0391","530","370","160","32","562","1055","0","53.27","35.07"
"66","000","00","015","1516","0392","580","406","174","53","633","1067","0","59.33","38.05"
"66","000","00","015","1517","0000","999","677","322","56","1055","1885","0","55.97","35.92"
"66","000","00","015","1517","0389","501","341","160","26","527","942","0","55.94","36.2"
"66","000","00","015","1517","0390","498","336","162","30","528","943","0","55.99","35.63"
"66","000","00","015","1518","0000","1409","974","435","49","1458","2674","0","54.53","36.42"
"66","000","00","015","1518","0362","689","474","215","28","717","1376","0","52.11","34.45"
"66","000","00","015","1518","0363","720","500","220","21","741","1298","0","57.09","38.52"
"66","000","00","016","0000","0000","30918","21304","9614","1720","32638","54565","65692","59.81","39.04"
"66","000","00","016","1601","0000","1867","1299","568","84","1951","3243","0","60.16","40.06"
"66","000","00","016","1601","0482","981","672","309","44","1025","1684","0","60.87","39.9"
"66","000","00","016","1601","0483","886","627","259","40","926","1559","0","59.4","40.22"
"66","000","00","016","1602","0000","1283","882","401","70","1353","2139","0","63.25","41.23"
"66","000","00","016","1602","0484","613","427","186","31","644","1095","0","58.81","39.0"
"66","000","00","016","1602","0485","670","455","215","39","709","1044","0","67.91","43.58"
"66","000","00","016","1603","0000","1587","1102","485","98","1685","2604","0","64.71","42.32"
"66","000","00","016","1603","0486","811","583","228","46","857","1310","0","65.42","44.5"
"66","000","00","016","1603","0487","776","519","257","52","828","1294","0","63.99","40.11"
"66","000","00","016","1604","0000","1244","862","382","91","1335","2165","0","61.66","39.82"
"66","000","00","016","1604","0488","649","446","203","48","697","1143","0","60.98","39.02"
"66","000","00","016","1604","0489","595","416","179","43","638","1022","0","62.43","40.7"
"66","000","00","016","1605","0000","3988","2754","1234","178","4166","7265","0","57.34","37.91"
"66","000","00","016","1605","0498","795","557","238","33","828","1452","0","57.02","38.36"
"66","000","00","016","1605","0499","922","635","287","41","963","1551","0","62.09","40.94"
"66","000","00","016","1605","0500","809","543","266","57","866","1567","0","55.26","34.65"
"66","000","00","016","1605","0501","819","556","263","25","844","1449","0","58.25","38.37"
"66","000","00","016","1605","0502","643","463","180","22","665","1246","0","53.37","37.16"
"66","000","00","016","1606","0000","3098","2113","985","172","3270","5267","0","62.08","40.12"
"66","000","00","016","1606","0503","813","570","243","41","854","1431","0","59.68","39.83"
"66","000","00","016","1606","0504","679","462","217","56","735","1163","0","63.2","39.72"
"66","000","00","016","1606","0505","861","576","285","47","908","1402","0","64.76","41.08"
"66","000","00","016","1606","0506","745","505","240","28","773","1271","0","60.82","39.73"
"66","000","00","016","1607","0000","1470","1038","432","91","1561","2510","0","62.19","41.35"
"66","000","00","016","1607","0507","695","479","216","52","747","1198","0","62.35","39.98"
"66","000","00","016","1607","0508","775","559","216","39","814","1312","0","62.04","42.61"
"66","000","00","016","1608","0000","1681","1207","474","49","1730","2885","0","59.97","41.84"
"66","000","00","016","1608","0512","939","669","270","21","960","1483","0","64.73","45.11"
"66","000","00","016","1608","0513","742","538","204","28","770","1402","0","54.92","38.37"
"66","000","00","016","1609","0000","2314","1581","733","139","2453","4329","0","56.66","36.52"
"66","000","00","016","1609","0509","858","595","263","60","918","1590","0","57.74","37.42"
"66","000","00","016","1609","0510","705","491","214","36","741","1324","0","55.97","37.08"
"66","000","00","016","1609","0511","751","495","256","43","794","1415","0","56.11","34.98"
"66","000","00","016","1610","0000","3998","2696","1302","229","4227","7224","0","58.51","37.32"
"66","000","00","016","1610","0514","689","460","229","28","717","1275","0","56.24","36.08"
"66","000","00","016","1610","0515","663","462","201","44","707","1288","0","54.89","35.87"
"66","000","00","016","1610","0516","557","391","166","61","618","1080","0","57.22","36.2"
"66","000","00","016","1610","0517","744","513","231","21","765","1344","0","56.92","38.17"
"66","000","00","016","1610","0518","638","412","226","32","670","1061","0","63.15","38.83"
"66","000","00","016","1610","0519","707","458","249","43","750","1176","0","63.78","38.95"
"66","000","00","016","1611","0000","1544","1080","464","93","1637","2562","0","63.9","42.15"
"66","000","00","016","1611","0520","732","499","233","49","781","1244","0","62.78","40.11"
"66","000","00","016","1611","0521","812","581","231","44","856","1318","0","64.95","44.08"
"66","000","00","016","1612","0000","1605","1120","485","113","1718","2794","0","61.49","40.09"
"66","000","00","016","1612","0522","791","561","230","51","842","1471","0","57.24","38.14"
"66","000","00","016","1612","0523","814","559","255","62","876","1323","0","66.21","42.25"
"66","000","00","016","1613","0000","1201","836","365","67","1268","2354","0","53.87","35.51"
"66","000","00","016","1613","0490","684","457","227","42","726","1269","0","57.21","36.01"
"66","000","00","016","1613","0491","517","379","138","25","542","1085","0","49.95","34.93"
"66","000","00","016","1614","0000","2250","1541","709","150","2400","4090","0","58.68","37.68"
"66","000","00","016","1614","0494","736","512","224","57","793","1390","0","57.05","36.83"
"66","000","00","016","1614","0495","808","564","244","61","869","1372","0","63.34","41.11"
"66","000","00","016","1614","0496","706","465","241","32","738","1328","0","55.57","35.02"
"66","000","00","016","1615","0000","1208","794","414","71","1279","2096","0","61.02","37.88"
"66","000","00","016","1615","0492","561","374","187","35","596","942","0","63.27","39.7"
"66","000","00","016","1615","0493","647","420","227","36","683","1154","0","59.19","36.4"
"66","000","00","016","1616","0000","580","399","181","25","605","1038","0","58.29","38.44"
"66","000","00","016","1616","0497","580","399","181","25","605","1038","0","58.29","38.44"
"66","000","00","017","0000","0000","49603","34158","15445","2182","51785","89487","108777","57.87","38.17"
"66","000","00","017","1701","0000","5964","4090","1874","276","6240","10976","0","56.85","37.26"
"66","000","00","017","1701","0573","935","635","300","61","996","1630","0","61.1","38.96"
"66","000","00","017","1701","0574","854","605","249","38","892","1532","0","58.22","39.49"
"66","000","00","017","1701","0575","870","593","277","26","896","1677","0","53.43","35.36"
"66","000","00","017","1701","0576","872","598","274","43","915","1744","0","52.47","34.29"
"66","000","00","017","1701","0577","998","661","337","42","1040","1795","0","57.94","36.82"
"66","000","00","017","1701","0578","644","452","192","39","683","1171","0","58.33","38.6"
"66","000","00","017","1701","0579","791","546","245","27","818","1427","0","57.32","38.26"
"66","000","00","017","1702","0000","762","536","226","44","806","1306","0","61.72","41.04"
"66","000","00","017","1702","0570","762","536","226","44","806","1306","0","61.72","41.04"
"66","000","00","017","1703","0000","1364","888","476","82","1446","2287","0","63.23","38.83"
"66","000","00","017","1703","0571","660","431","229","39","699","1128","0","61.97","38.21"
"66","000","00","017","1703","0572","704","457","247","43","747","1159","0","64.45","39.43"
"66","000","00","017","1704","0000","5659","3920","1739","237","5896","10187","0","57.88","38.48"
"66","000","00","017","1704","0580","966","674","292","45","1011","1709","0","59.16","39.44"
"66","000","00","017","1704","0581","956","656","300","36","992","1723","0","57.57","38.07"
"66","000","00","017","1704","0582","937","653","284","44","981","1782","0","55.05","36.64"
"66","000","00","017","1704","0583","738","509","229","30","768","1407","0","54.58","36.18"
"66","000","00","017","1704","0584","1028","685","343","28","1056","1771","0","59.63","38.68"
"66","000","00","017","1704","0585","1034","743","291","54","1088","1795","0","60.61","41.39"
"66","000","00","017","1705","0000","2941","1998","943","112","3053","5195","0","58.77","38.46"
"66","000","00","017","1705","0586","962","677","285","44","1006","1612","0","62.41","42.0"
"66","000","00","017","1705","0587","1041","710","331","36","1077","1894","0","56.86","37.49"
"66","000","00","017","1705","0588","938","611","327","32","970","1689","0","57.43","36.18"
"66","000","00","017","1706","0000","5229","3608","1621","188","5417","9343","0","57.98","38.62"
"66","000","00","017","1706","0599","957","655","302","42","999","1666","0","59.96","39.32"
"66","000","00","017","1706","0600","952","649","303","39","991","1750","0","56.63","37.09"
"66","000","00","017","1706","0601","794","562","232","25","819","1437","0","56.99","39.11"
"66","000","00","017","1706","0602","955","668","287","32","987","1735","0","56.89","38.5"
"66","000","00","017","1706","0603","887","622","265","29","916","1612","0","56.82","38.59"
"66","000","00","017","1706","0604","684","452","232","21","705","1143","0","61.68","39.55"
"66","000","00","017","1707","0000","6665","4651","2014","249","6914","11996","0","57.64","38.77"
"66","000","00","017","1707","0605","1139","801","338","32","1171","2096","0","55.87","38.22"
"66","000","00","017","1707","0606","904","613","291","39","943","1549","0","60.88","39.57"
"66","000","00","017","1707","0607","920","642","278","35","955","1573","0","60.71","40.81"
"66","000","00","017","1707","0608","854","616","238","25","879","1585","0","55.46","38.86"
"66","000","00","017","1707","0609","826","581","245","30","856","1572","0","54.45","36.96"
"66","000","00","017","1707","0610","1023","714","309","36","1059","1738","0","60.93","41.08"
"66","000","00","017","1707","0611","999","684","315","52","1051","1883","0","55.82","36.33"
"66","000","00","017","1708","0000","1647","1152","495","64","1711","2753","0","62.15","41.85"
"66","000","00","017","1708","0612","850","593","257","25","875","1401","0","62.46","42.33"
"66","000","00","017","1708","0613","797","559","238","39","836","1352","0","61.83","41.35"
"66","000","00","017","1709","0000","3265","2248","1017","156","3421","5805","0","58.93","38.73"
"66","000","00","017","1709","0614","1174","827","347","67","1241","2085","0","59.52","39.66"
"66","000","00","017","1709","0615","1180","811","369","62","1242","2047","0","60.67","39.62"
"66","000","00","017","1709","0616","911","610","301","27","938","1673","0","56.07","36.46"
"66","000","00","017","1710","0000","2522","1648","874","132","2654","4599","0","57.71","35.83"
"66","000","00","017","1710","0617","1049","682","367","68","1117","1874","0","59.61","36.39"
"66","000","00","017","1710","0618","597","393","204","42","639","1051","0","60.8","37.39"
"66","000","00","017","1710","0619","876","573","303","22","898","1674","0","53.64","34.23"
"66","000","00","017","1711","0000","2078","1405","673","118","2196","3834","0","57.28","36.65"
"66","000","00","017","1711","0620","1021","692","329","62","1083","1831","0","59.15","37.79"
"66","000","00","017","1711","0621","1057","713","344","56","1113","2003","0","55.57","35.6"
"66","000","00","017","1712","0000","886","631","255","33","919","1535","0","59.87","41.11"
"66","000","00","017","1712","0622","886","631","255","33","919","1535","0","59.87","41.11"
"66","000","00","017","1713","0000","2030","1454","576","143","2173","4147","0","52.4","35.06"
"66","000","00","017","1713","0623","1086","781","305","91","1177","2286","0","51.49","34.16"
"66","000","00","017","1713","0624","944","673","271","52","996","1861","0","53.52","36.16"
"66","000","00","017","1714","0000","2389","1641","748","97","2486","4347","0","57.19","37.75"
"66","000","00","017","1714","0589","809","553","256","27","836","1525","0","54.82","36.26"
"66","000","00","017","1714","0590","896","614","282","33","929","1622","0","57.27","37.85"
"66","000","00","017","1714","0591","684","474","210","37","721","1200","0","60.08","39.5"
"66","000","00","017","1715","0000","3629","2535","1094","120","3749","6729","0","55.71","37.67"
"66","000","00","017","1715","0592","731","509","222","17","748","1355","0","55.2","37.56"
"66","000","00","017","1715","0593","965","640","325","22","987","1777","0","55.54","36.02"
"66","000","00","017","1715","0594","1055","756","299","39","1094","1923","0","56.89","39.31"
"66","000","00","017","1715","0595","878","630","248","42","920","1674","0","54.96","37.63"
"66","000","00","017","1716","0000","2573","1753","820","131","2704","4448","0","60.79","39.41"
"66","000","00","017","1716","0596","867","608","259","48","915","1451","0","63.06","41.9"
"66","000","00","017","1716","0597","836","556","280","41","877","1486","0","59.02","37.42"
"66","000","00","017","1716","0598","870","589","281","42","912","1511","0","60.36","38.98"
"66","000","00","018","0000","0000","42658","29388","13270","1954","44612","77189","95703","57.8","38.07"
"66","000","00","018","1801","0000","2587","1739","848","94","2681","4378","0","61.24","39.72"
"66","000","00","018","1801","0527","912","613","299","32","944","1537","0","61.42","39.88"
"66","000","00","018","1801","0528","866","597","269","32","898","1439","0","62.4","41.49"
"66","000","00","018","1801","0529","809","529","280","30","839","1402","0","59.84","37.73"
"66","000","00","018","1802","0000","5272","3606","1666","276","5548","9096","0","60.99","39.64"
"66","000","00","018","1802","0553","980","687","293","36","1016","1568","0","64.8","43.81"
"66","000","00","018","1802","0554","989","631","358","53","1042","1761","0","59.17","35.83"
"66","000","00","018","1802","0555","1000","697","303","73","1073","1752","0","61.24","39.78"
"66","000","00","018","1802","0556","738","496","242","32","770","1264","0","60.92","39.24"
"66","000","00","018","1802","0557","777","554","223","39","816","1302","0","62.67","42.55"
"66","000","00","018","1802","0558","788","541","247","43","831","1449","0","57.35","37.34"
"66","000","00","018","1803","0000","3430","2374","1056","171","3601","6169","0","58.37","38.48"
"66","000","00","018","1803","0559","944","645","299","59","1003","1621","0","61.88","39.79"
"66","000","00","018","1803","0560","877","637","240","58","935","1647","0","56.77","38.68"
"66","000","00","018","1803","0561","796","537","259","28","824","1441","0","57.18","37.27"
"66","000","00","018","1803","0562","813","555","258","26","839","1460","0","57.47","38.01"
"66","000","00","018","1804","0000","1883","1287","596","105","1988","3203","0","62.07","40.18"
"66","000","00","018","1804","0563","1075","740","335","51","1126","1832","0","61.46","40.39"
"66","000","00","018","1804","0564","808","547","261","54","862","1371","0","62.87","39.9"
"66","000","00","018","1805","0000","1852","1377","475","104","1956","3617","0","54.08","38.07"
"66","000","00","018","1805","0568","942","726","216","55","997","1733","0","57.53","41.89"
"66","000","00","018","1805","0569","910","651","259","49","959","1884","0","50.9","34.55"
"66","000","00","018","1806","0000","2365","1622","743","94","2459","4226","0","58.19","38.38"
"66","000","00","018","1806","0565","750","515","235","16","766","1418","0","54.02","36.32"
"66","000","00","018","1806","0566","868","596","272","35","903","1473","0","61.3","40.46"
"66","000","00","018","1806","0567","747","511","236","43","790","1335","0","59.18","38.28"
"66","000","00","018","1807","0000","2943","2047","896","130","3073","5183","0","59.29","39.49"
"66","000","00","018","1807","0533","1076","774","302","40","1116","1887","0","59.14","41.02"
"66","000","00","018","1807","0534","862","582","280","44","906","1480","0","61.22","39.32"
"66","000","00","018","1807","0535","1005","691","314","46","1051","1816","0","57.87","38.05"
"66","000","00","018","1808","0000","2600","1849","751","124","2724","4728","0","57.61","39.11"
"66","000","00","018","1808","0542","886","637","249","48","934","1635","0","57.13","38.96"
"66","000","00","018","1808","0543","899","623","276","44","943","1565","0","60.26","39.81"
"66","000","00","018","1808","0544","815","589","226","32","847","1528","0","55.43","38.55"
"66","000","00","018","1809","0000","3169","2187","982","114","3283","6020","0","54.53","36.33"
"66","000","00","018","1809","0545","1040","727","313","37","1077","1963","0","54.87","37.04"
"66","000","00","018","1809","0546","1086","744","342","21","1107","2073","0","53.4","35.89"
"66","000","00","018","1809","0547","1043","716","327","56","1099","1984","0","55.39","36.09"
"66","000","00","018","1810","0000","3146","2173","973","153","3299","5882","0","56.09","36.94"
"66","000","00","018","1810","0536","941","628","313","53","994","1898","0","52.37","33.09"
"66","000","00","018","1810","0537","1089","775","314","60","1149","2008","0","57.22","38.6"
"66","000","00","018","1810","0538","1116","770","346","40","1156","1976","0","58.5","38.97"
"66","000","00","018","1811","0000","2618","1754","864","79","2697","4464","0","60.42","39.29"
"66","000","00","018","1811","0539","952","639","313","29","981","1673","0","58.64","38.19"
"66","000","00","018","1811","0540","851","571","280","33","884","1409","0","62.74","40.53"
"66","000","00","018","1811","0541","815","544","271","17","832","1382","0","60.2","39.36"
"66","000","00","018","1812","0000","3132","2150","982","132","3264","5906","0","55.27","36.4"
"66","000","00","018","1812","0524","1124","777","347","47","1171","2027","0","57.77","38.33"
"66","000","00","018","1812","0525","1000","669","331","47","1047","1967","0","53.23","34.01"
"66","000","00","018","1812","0526","1008","704","304","38","1046","1912","0","54.71","36.82"
"66","000","00","018","1813","0000","3230","2128","1102","142","3372","5941","0","56.76","35.82"
"66","000","00","018","1813","0530","1067","686","381","51","1118","2013","0","55.54","34.08"
"66","000","00","018","1813","0531","1085","734","351","42","1127","1917","0","58.79","38.29"
"66","000","00","018","1813","0532","1078","708","370","49","1127","2011","0","56.04","35.21"
"66","000","00","018","1814","0000","2647","1832","815","135","2782","4776","0","58.25","38.36"
"66","000","00","018","1814","0548","897","617","280","35","932","1688","0","55.21","36.55"
"66","000","00","018","1814","0549","783","545","238","29","812","1387","0","58.54","39.29"
"66","000","00","018","1814","0550","967","670","297","71","1038","1701","0","61.02","39.39"
"66","000","00","018","1815","0000","1784","1263","521","101","1885","3600","0","52.36","35.08"
"66","000","00","018","1815","0551","910","635","275","65","975","1721","0","56.65","36.9"
"66","000","00","018","1815","0552","874","628","246","36","910","1879","0","48.43","33.42"
"66","000","00","019","0000","0000","10678","7761","2917","655","11333","20860","24605","54.33","37.21"
"66","000","00","019","1901","0000","1899","1480","419","80","1979","3259","0","60.72","45.41"
"66","000","00","019","1901","1562","566","413","153","25","591","1011","0","58.46","40.85"
"66","000","00","019","1901","1563","694","612","82","24","718","1195","0","60.08","51.21"
"66","000","00","019","1901","1564","639","455","184","31","670","1053","0","63.63","43.21"
"66","000","00","019","1902","0000","899","651","248","35","934","1880","0","49.68","34.63"
"66","000","00","019","1902","1565","428","299","129","22","450","961","0","46.83","31.11"
"66","000","00","019","1902","1566","471","352","119","13","484","919","0","52.67","38.3"
"66","000","00","019","1903","0000","789","597","192","51","840","1367","0","61.45","43.67"
"66","000","00","019","1903","1567","789","597","192","51","840","1367","0","61.45","43.67"
"66","000","00","019","1904","0000","502","353","149","31","533","1010","0","52.77","34.95"
"66","000","00","019","1904","1568","502","353","149","31","533","1010","0","52.77","34.95"
"66","000","00","019","1905","0000","523","347","176","59","582","1169","0","49.79","29.68"
"66","000","00","019","1905","1569","523","347","176","59","582","1169","0","49.79","29.68"
"66","000","00","019","1906","0000","1010","718","292","67","1077","1883","0","57.2","38.13"
"66","000","00","019","1906","1570","525","366","159","42","567","989","0","57.33","37.01"
"66","000","00","019","1906","1571","485","352","133","25","510","894","0","57.05","39.37"
"66","000","00","019","1907","0000","1421","1023","398","76","1497","2936","0","50.99","34.84"
"66","000","00","019","1907","1572","550","419","131","28","578","1033","0","55.95","40.56"
"66","000","00","019","1907","1573","449","307","142","33","482","1058","0","45.56","29.02"
"66","000","00","019","1907","1574","422","297","125","15","437","845","0","51.72","35.15"
"66","000","00","019","1908","0000","366","272","94","24","390","576","0","67.71","47.22"
"66","000","00","019","1908","1575","366","272","94","24","390","576","0","67.71","47.22"
"66","000","00","019","1909","0000","1409","952","457","77","1486","2900","0","51.24","32.83"
"66","000","00","019","1909","1576","590","418","172","40","630","1229","0","51.26","34.01"
"66","000","00","019","1909","1577","417","263","154","17","434","890","0","48.76","29.55"
"66","000","00","019","1909","1578","402","271","131","20","422","781","0","54.03","34.7"
"66","000","00","019","1910","0000","634","450","184","47","681","1244","0","54.74","36.17"
"66","000","00","019","1910","1579","634","450","184","47","681","1244","0","54.74","36.17"
"66","000","00","019","1911","0000","364","251","113","41","405","889","0","45.56","28.23"
"66","000","00","019","1911","1580","69","49","20","12","81","213","0","38.03","23.0"
"66","000","00","019","1911","1581","295","202","93","29","324","676","0","47.93","29.88"
"66","000","00","019","1912","0000","259","203","56","23","282","585","0","48.21","34.7"
"66","000","00","019","1912","1582","259","203","56","23","282","585","0","48.21","34.7"
"66","000","00","019","1913","0000","603","464","139","44","647","1162","0","55.68","39.93"
"66","000","00","019","1913","1583","500","386","114","36","536","938","0","57.14","41.15"
"66","000","00","019","1913","1584","103","78","25","8","111","224","0","49.55","34.82"
"66","000","00","020","0000","0000","7106","4924","2182","531","7637","12880","14968","59.29","38.23"
"66","000","00","020","2001","0000","691","484","207","39","730","1244","0","58.68","38.91"
"66","000","00","020","2001","1552","691","484","207","39","730","1244","0","58.68","38.91"
"66","000","00","020","2002","0000","805","568","237","53","858","1539","0","55.75","36.91"
"66","000","00","020","2002","1553","805","568","237","53","858","1539","0","55.75","36.91"
"66","000","00","020","2003","0000","665","461","204","52","717","1202","0","59.65","38.35"
"66","000","00","020","2003","1554","665","461","204","52","717","1202","0","59.65","38.35"
"66","000","00","020","2004","0000","629","434","195","68","697","1272","0","54.8","34.12"
"66","000","00","020","2004","1555","629","434","195","68","697","1272","0","54.8","34.12"
"66","000","00","020","2005","0000","357","252","105","34","391","652","0","59.97","38.65"
"66","000","00","020","2005","1556","357","252","105","34","391","652","0","59.97","38.65"
"66","000","00","020","2006","0000","872","592","280","81","953","1457","0","65.41","40.63"
"66","000","00","020","2006","1557","872","592","280","81","953","1457","0","65.41","40.63"
"66","000","00","020","2007","0000","976","666","310","69","1045","1836","0","56.92","36.27"
"66","000","00","020","2007","1558","976","666","310","69","1045","1836","0","56.92","36.27"
"66","000","00","020","2008","0000","542","389","153","43","585","1001","0","58.44","38.86"
"66","000","00","020","2008","1559","542","389","153","43","585","1001","0","58.44","38.86"
"66","000","00","020","2009","0000","844","577","267","51","895","1448","0","61.81","39.85"
"66","000","00","020","2009","1560","844","577","267","51","895","1448","0","61.81","39.85"
"66","000","00","020","2010","0000","725","501","224","41","766","1229","0","62.33","40.76"
"66","000","00","020","2010","1561","725","501","224","41","766","1229","0","62.33","40.76"
"66","000","00","021","0000","0000","15047","10586","4461","878","15925","27059","32202","58.85","39.12"
"66","000","00","021","2101","0000","553","372","181","47","600","1059","0","56.66","35.13"
"66","000","00","021","2101","0071","553","372","181","47","600","1059","0","56.66","35.13"
"66","000","00","021","2102","0000","1256","888","368","71","1327","2163","0","61.35","41.05"
"66","000","00","021","2102","0072","587","410","177","22","609","1013","0","60.12","40.47"
"66","000","00","021","2102","0073","669","478","191","49","718","1150","0","62.43","41.57"
"66","000","00","021","2103","0000","1006","709","297","65","1071","1902","0","56.31","37.28"
"66","000","00","021","2103","0081","1006","709","297","65","1071","1902","0","56.31","37.28"
"66","000","00","021","2104","0000","2735","1876","859","134","2869","4635","0","61.9","40.47"
"66","000","00","021","2104","0074","1134","817","317","47","1181","1855","0","63.67","44.04"
"66","000","00","021","2104","0075","767","547","220","35","802","1327","0","60.44","41.22"
"66","000","00","021","2104","0076","834","512","322","52","886","1453","0","60.98","35.24"
"66","000","00","021","2105","0000","2081","1479","602","116","2197","3446","0","63.76","42.92"
"66","000","00","021","2105","0082","699","498","201","34","733","1138","0","64.41","43.76"
"66","000","00","021","2105","0083","629","457","172","53","682","1065","0","64.04","42.91"
"66","000","00","021","2105","0084","753","524","229","29","782","1243","0","62.91","42.16"
"66","000","00","021","2106","0000","3401","2436","965","171","3572","6297","0","56.73","38.69"
"66","000","00","021","2106","0077","876","639","237","62","938","1653","0","56.75","38.66"
"66","000","00","021","2106","0078","845","612","233","32","877","1615","0","54.3","37.89"
"66","000","00","021","2106","0079","789","555","234","27","816","1470","0","55.51","37.76"
"66","000","00","021","2106","0080","891","630","261","50","941","1559","0","60.36","40.41"
"66","000","00","021","2107","0000","740","548","192","51","791","1391","0","56.87","39.4"
"66","000","00","021","2107","0088","740","548","192","51","791","1391","0","56.87","39.4"
"66","000","00","021","2108","0000","764","553","211","34","798","1216","0","65.63","45.48"
"66","000","00","021","2108","0087","764","553","211","34","798","1216","0","65.63","45.48"
"66","000","00","021","2109","0000","1107","738","369","84","1191","2131","0","55.89","34.63"
"66","000","00","021","2109","0085","487","314","173","43","530","962","0","55.09","32.64"
"66","000","00","021","2109","0086","620","424","196","41","661","1169","0","56.54","36.27"
"66","000","00","021","2110","0000","853","613","240","62","915","1616","0","56.62","37.93"
"66","000","00","021","2110","0089","853","613","240","62","915","1616","0","56.62","37.93"
"66","000","00","021","2111","0000","551","374","177","43","594","1203","0","49.38","31.09"
"66","000","00","021","2111","0090","551","374","177","43","594","1203","0","49.38","31.09"
"66","000","00","022","0000","0000","9026","6273","2753","748","9774","16520","19250","59.16","37.97"
"66","000","00","022","2201","0000","518","368","150","52","570","1068","0","53.37","34.46"
"66","000","00","022","2201","0055","518","368","150","52","570","1068","0","53.37","34.46"
"66","000","00","022","2202","0000","570","390","180","47","617","1050","0","58.76","37.14"
"66","000","00","022","2202","0056","570","390","180","47","617","1050","0","58.76","37.14"
"66","000","00","022","2203","0000","1426","996","430","113","1539","2643","0","58.23","37.68"
"66","000","00","022","2203","0057","695","469","226","58","753","1246","0","60.43","37.64"
"66","000","00","022","2203","0058","731","527","204","55","786","1397","0","56.26","37.72"
"66","000","00","022","2204","0000","864","571","293","79","943","1581","0","59.65","36.12"
"66","000","00","022","2204","0061","551","375","176","45","596","914","0","65.21","41.03"
"66","000","00","022","2204","0062","313","196","117","34","347","667","0","52.02","29.39"
"66","000","00","022","2205","0000","636","445","191","60","696","1170","0","59.49","38.03"
"66","000","00","022","2205","0060","636","445","191","60","696","1170","0","59.49","38.03"
"66","000","00","022","2206","0000","712","496","216","54","766","1227","0","62.43","40.42"
"66","000","00","022","2206","0059","712","496","216","54","766","1227","0","62.43","40.42"
"66","000","00","022","2207","0000","432","296","136","54","486","890","0","54.61","33.26"
"66","000","00","022","2207","0063","432","296","136","54","486","890","0","54.61","33.26"
"66","000","00","022","2208","0000","901","638","263","77","978","1744","0","56.08","36.58"
"66","000","00","022","2208","0064","680","487","193","56","736","1289","0","57.1","37.78"
"66","000","00","022","2208","0065","221","151","70","21","242","455","0","53.19","33.19"
"66","000","00","022","2209","0000","563","402","161","36","599","1028","0","58.27","39.11"
"66","000","00","022","2209","0066","563","402","161","36","599","1028","0","58.27","39.11"
"66","000","00","022","2210","0000","807","563","244","64","871","1446","0","60.24","38.93"
"66","000","00","022","2210","0067","807","563","244","64","871","1446","0","60.24","38.93"
"66","000","00","022","2211","0000","1021","736","285","72","1093","1750","0","62.46","42.06"
"66","000","00","022","2211","0068","417","304","113","28","445","688","0","64.68","44.19"
"66","000","00","022","2211","0069","604","432","172","44","648","1062","0","61.02","40.68"
"66","000","00","022","2212","0000","576","372","204","40","616","923","0","66.74","40.3"
"66","000","00","022","2212","0070","576","372","204","40","616","923","0","66.74","40.3"
"66","000","00","023","0000","0000","34602","23651","10951","1712","36314","61705","75275","58.85","38.33"
"66","000","00","023","2301","0000","4876","3299","1577","223","5099","8455","0","60.31","39.02"
"66","000","00","023","2301","0317","890","584","306","37","927","1480","0","62.64","39.46"
"66","000","00","023","2301","0318","1078","720","358","56","1134","1841","0","61.6","39.11"
"66","000","00","023","2301","0319","965","644","321","42","1007","1751","0","57.51","36.78"
"66","000","00","023","2301","0320","897","612","285","60","957","1547","0","61.86","39.56"
"66","000","00","023","2301","0321","1046","739","307","28","1074","1836","0","58.5","40.25"
"66","000","00","023","2302","0000","1449","957","492","126","1575","2534","0","62.15","37.77"
"66","000","00","023","2302","0322","757","489","268","75","832","1239","0","67.15","39.47"
"66","000","00","023","2302","0323","692","468","224","51","743","1295","0","57.37","36.14"
"66","000","00","023","2303","0000","2536","1657","879","128","2664","4707","0","56.6","35.2"
"66","000","00","023","2303","0324","680","442","238","38","718","1263","0","56.85","35.0"
"66","000","00","023","2303","0325","884","547","337","32","916","1622","0","56.47","33.72"
"66","000","00","023","2303","0326","972","668","304","58","1030","1822","0","56.53","36.66"
"66","000","00","023","2304","0000","2699","1802","897","103","2802","4813","0","58.22","37.44"
"66","000","00","023","2304","0327","1053","688","365","49","1102","1966","0","56.05","34.99"
"66","000","00","023","2304","0328","918","636","282","33","951","1615","0","58.89","39.38"
"66","000","00","023","2304","0329","728","478","250","21","749","1232","0","60.8","38.8"
"66","000","00","023","2305","0000","1318","916","402","57","1375","2512","0","54.74","36.46"
"66","000","00","023","2305","0330","714","496","218","34","748","1347","0","55.53","36.82"
"66","000","00","023","2305","0331","604","420","184","23","627","1165","0","53.82","36.05"
"66","000","00","023","2306","0000","7341","5120","2221","289","7630","12812","0","59.55","39.96"
"66","000","00","023","2306","0332","976","682","294","35","1011","1664","0","60.76","40.99"
"66","000","00","023","2306","0333","729","499","230","39","768","1230","0","62.44","40.57"
"66","000","00","023","2306","0334","942","656","286","56","998","1574","0","63.41","41.68"
"66","000","00","023","2306","0335","897","621","276","25","922","1452","0","63.5","42.77"
"66","000","00","023","2306","0336","993","711","282","35","1028","1879","0","54.71","37.84"
"66","000","00","023","2306","0337","897","620","277","35","932","1601","0","58.21","38.73"
"66","000","00","023","2306","0338","931","634","297","26","957","1546","0","61.9","41.01"
"66","000","00","023","2306","0339","976","697","279","38","1014","1866","0","54.34","37.35"
"66","000","00","023","2307","0000","4152","2833","1319","171","4323","7449","0","58.03","38.03"
"66","000","00","023","2307","0340","1114","767","347","43","1157","1938","0","59.7","39.58"
"66","000","00","023","2307","0341","974","650","324","37","1011","1759","0","57.48","36.95"
"66","000","00","023","2307","0342","1093","735","358","59","1152","2061","0","55.9","35.66"
"66","000","00","023","2307","0343","971","681","290","32","1003","1691","0","59.31","40.27"
"66","000","00","023","2308","0000","1383","976","407","65","1448","2260","0","64.07","43.19"
"66","000","00","023","2308","0344","650","451","199","32","682","1039","0","65.64","43.41"
"66","000","00","023","2308","0345","733","525","208","33","766","1221","0","62.74","43.0"
"66","000","00","023","2309","0000","958","634","324","52","1010","1650","0","61.21","38.42"
"66","000","00","023","2309","0346","958","634","324","52","1010","1650","0","61.21","38.42"
"66","000","00","023","2310","0000","1229","815","414","62","1291","2157","0","59.85","37.78"
"66","000","00","023","2310","0347","529","354","175","33","562","937","0","59.98","37.78"
"66","000","00","023","2310","0348","700","461","239","29","729","1220","0","59.75","37.79"
"66","000","00","023","2311","0000","1058","734","324","92","1150","2139","0","53.76","34.32"
"66","000","00","023","2311","0349","1058","734","324","92","1150","2139","0","53.76","34.32"
"66","000","00","023","2312","0000","2453","1754","699","138","2591","4356","0","59.48","40.27"
"66","000","00","023","2312","0350","847","677","170","44","891","1371","0","64.99","49.38"
"66","000","00","023","2312","0351","704","483","221","46","750","1277","0","58.73","37.82"
"66","000","00","023","2312","0352","902","594","308","48","950","1708","0","55.62","34.78"
"66","000","00","023","2313","0000","1091","779","312","55","1146","2048","0","55.96","38.04"
"66","000","00","023","2313","0353","1091","779","312","55","1146","2048","0","55.96","38.04"
"66","000","00","023","2314","0000","859","558","301","55","914","1632","0","56.0","34.19"
"66","000","00","023","2314","0354","859","558","301","55","914","1632","0","56.0","34.19"
"66","000","00","023","2315","0000","752","517","235","57","809","1327","0","60.96","38.96"
"66","000","00","023","2315","0355","752","517","235","57","809","1327","0","60.96","38.96"
"66","000","00","023","2316","0000","448","300","148","39","487","854","0","57.03","35.13"
"66","000","00","023","2316","0356","448","300","148","39","487","854","0","57.03","35.13"
"66","000","00","024","0000","0000","26181","18118","8063","1616","27797","47457","57267","58.57","38.18"
"66","000","00","024","2401","0000","2332","1612","720","147","2479","4327","0","57.29","37.25"
"66","000","00","024","2401","0284","757","535","222","52","809","1415","0","57.17","37.81"
"66","000","00","024","2401","0285","705","472","233","43","748","1392","0","53.74","33.91"
"66","000","00","024","2401","0286","870","605","265","52","922","1520","0","60.66","39.8"
"66","000","00","024","2402","0000","537","371","166","47","584","862","0","67.75","43.04"
"66","000","00","024","2402","0287","537","371","166","47","584","862","0","67.75","43.04"
"66","000","00","024","2403","0000","2012","1419","593","135","2147","3558","0","60.34","39.88"
"66","000","00","024","2403","0288","733","532","201","47","780","1256","0","62.1","42.36"
"66","000","00","024","2403","0289","699","486","213","49","748","1292","0","57.89","37.62"
"66","000","00","024","2403","0290","580","401","179","39","619","1010","0","61.29","39.7"
"66","000","00","024","2404","0000","850","576","274","68","918","1485","0","61.82","38.79"
"66","000","00","024","2404","0291","850","576","274","68","918","1485","0","61.82","38.79"
"66","000","00","024","2405","0000","1401","975","426","113","1514","2440","0","62.05","39.96"
"66","000","00","024","2405","0292","715","514","201","53","768","1190","0","64.54","43.19"
"66","000","00","024","2405","0293","686","461","225","60","746","1250","0","59.68","36.88"
"66","000","00","024","2406","0000","1402","965","437","116","1518","2604","0","58.29","37.06"
"66","000","00","024","2406","0294","719","499","220","61","780","1310","0","59.54","38.09"
"66","000","00","024","2406","0295","683","466","217","55","738","1294","0","57.03","36.01"
"66","000","00","024","2407","0000","1753","1229","524","99","1852","3050","0","60.72","40.3"
"66","000","00","024","2407","0296","1049","745","304","49","1098","1734","0","63.32","42.96"
"66","000","00","024","2407","0297","704","484","220","50","754","1316","0","57.29","36.78"
"66","000","00","024","2408","0000","1262","815","447","68","1330","2127","0","62.53","38.32"
"66","000","00","024","2408","0298","478","299","179","32","510","854","0","59.72","35.01"
"66","000","00","024","2408","0299","784","516","268","36","820","1273","0","64.41","40.53"
"66","000","00","024","2409","0000","504","361","143","33","537","851","0","63.1","42.42"
"66","000","00","024","2409","0300","504","361","143","33","537","851","0","63.1","42.42"
"66","000","00","024","2410","0000","872","633","239","41","913","1629","0","56.05","38.86"
"66","000","00","024","2410","0301","872","633","239","41","913","1629","0","56.05","38.86"
"66","000","00","024","2411","0000","891","625","266","73","964","1709","0","56.41","36.57"
"66","000","00","024","2411","0302","891","625","266","73","964","1709","0","56.41","36.57"
"66","000","00","024","2412","0000","485","338","147","38","523","953","0","54.88","35.47"
"66","000","00","024","2412","0303","485","338","147","38","523","953","0","54.88","35.47"
"66","000","00","024","2413","0000","774","548","226","38","812","1336","0","60.78","41.02"
"66","000","00","024","2413","0304","774","548","226","38","812","1336","0","60.78","41.02"
"66","000","00","024","2414","0000","3929","2634","1295","207","4136","7282","0","56.8","36.17"
"66","000","00","024","2414","0305","1081","710","371","64","1145","2113","0","54.19","33.6"
"66","000","00","024","2414","0306","950","651","299","73","1023","1730","0","59.13","37.63"
"66","000","00","024","2414","0307","931","634","297","23","954","1692","0","56.38","37.47"
"66","000","00","024","2414","0308","967","639","328","47","1014","1747","0","58.04","36.58"
"66","000","00","024","2415","0000","2705","1882","823","141","2846","5020","0","56.69","37.49"
"66","000","00","024","2415","0309","903","634","269","58","961","1672","0","57.48","37.92"
"66","000","00","024","2415","0310","883","594","289","40","923","1675","0","55.1","35.46"
"66","000","00","024","2415","0311","919","654","265","43","962","1673","0","57.5","39.09"
"66","000","00","024","2416","0000","2539","1759","780","121","2660","4732","0","56.21","37.17"
"66","000","00","024","2416","0312","946","649","297","35","981","1636","0","59.96","39.67"
"66","000","00","024","2416","0313","896","627","269","63","959","1753","0","54.71","35.77"
"66","000","00","024","2416","0314","697","483","214","23","720","1343","0","53.61","35.96"
"66","000","00","024","2417","0000","1933","1376","557","131","2064","3492","0","59.11","39.4"
"66","000","00","024","2417","0315","983","682","301","49","1032","1822","0","56.64","37.43"
"66","000","00","024","2417","0316","950","694","256","82","1032","1670","0","61.8","41.56"
"66","000","00","025","0000","0000","34228","23555","10673","1830","36058","63584","77922","56.71","37.05"
"66","000","00","025","2501","0000","1683","1091","592","104","1787","3033","0","58.92","35.97"
"66","000","00","025","2501","0239","990","589","401","64","1054","1758","0","59.95","33.5"
"66","000","00","025","2501","0240","693","502","191","40","733","1275","0","57.49","39.37"
"66","000","00","025","2502","0000","1387","1158","229","63","1450","2782","0","52.12","41.62"
"66","000","00","025","2502","0241","668","462","206","29","697","1379","0","50.54","33.5"
"66","000","00","025","2502","0242","719","696","23","34","753","1403","0","53.67","49.61"
"66","000","00","025","2503","0000","1085","737","348","67","1152","1875","0","61.44","39.31"
"66","000","00","025","2503","0243","538","371","167","34","572","974","0","58.73","38.09"
"66","000","00","025","2503","0244","547","366","181","33","580","901","0","64.37","40.62"
"66","000","00","025","2504","0000","1839","1194","645","113","1952","3388","0","57.62","35.24"
"66","000","00","025","2504","0245","928","614","314","66","994","1779","0","55.87","34.51"
"66","000","00","025","2504","0246","911","580","331","47","958","1609","0","59.54","36.05"
"66","000","00","025","2505","0000","527","373","154","21","548","1038","0","52.79","35.93"
"66","000","00","025","2505","0247","527","373","154","21","548","1038","0","52.79","35.93"
"66","000","00","025","2506","0000","1281","869","412","97","1378","2249","0","61.27","38.64"
"66","000","00","025","2506","0248","745","509","236","61","806","1328","0","60.69","38.33"
"66","000","00","025","2506","0249","536","360","176","36","572","921","0","62.11","39.09"
"66","000","00","025","2507","0000","2445","1659","786","168","2613","5028","0","51.97","33.0"
"66","000","00","025","2507","0250","790","535","255","55","845","1609","0","52.52","33.25"
"66","000","00","025","2507","0251","580","388","192","33","613","1227","0","49.96","31.62"
"66","000","00","025","2507","0252","665","473","192","64","729","1278","0","57.04","37.01"
"66","000","00","025","2507","0253","410","263","147","16","426","914","0","46.61","28.77"
"66","000","00","025","2508","0000","1389","917","472","71","1460","2911","0","50.15","31.5"
"66","000","00","025","2508","0254","784","523","261","37","821","1678","0","48.93","31.17"
"66","000","00","025","2508","0255","605","394","211","34","639","1233","0","51.82","31.95"
"66","000","00","025","2509","0000","2620","1963","657","155","2775","4945","0","56.12","39.7"
"66","000","00","025","2509","0256","808","548","260","52","860","1520","0","56.58","36.05"
"66","000","00","025","2509","0257","956","674","282","47","1003","1905","0","52.65","35.38"
"66","000","00","025","2509","0258","856","741","115","56","912","1520","0","60.0","48.75"
"66","000","00","025","2510","0000","3013","2089","924","146","3159","5692","0","55.5","36.7"
"66","000","00","025","2510","0259","693","496","197","57","750","1385","0","54.15","35.81"
"66","000","00","025","2510","0260","643","411","232","32","675","1212","0","55.69","33.91"
"66","000","00","025","2510","0261","804","567","237","23","827","1432","0","57.75","39.59"
"66","000","00","025","2510","0262","873","615","258","34","907","1663","0","54.54","36.98"
"66","000","00","025","2511","0000","3806","2604","1202","220","4026","7249","0","55.54","35.92"
"66","000","00","025","2511","0263","729","498","231","36","765","1422","0","53.8","35.02"
"66","000","00","025","2511","0264","720","520","200","96","816","1616","0","50.5","32.18"
"66","000","00","025","2511","0265","798","554","244","50","848","1422","0","59.63","38.96"
"66","000","00","025","2511","0266","671","461","210","26","697","1165","0","59.83","39.57"
"66","000","00","025","2511","0267","888","571","317","12","900","1624","0","55.42","35.16"
"66","000","00","025","2512","0000","1434","1011","423","68","1502","2556","0","58.76","39.55"
"66","000","00","025","2512","0268","872","612","260","37","909","1613","0","56.35","37.94"
"66","000","00","025","2512","0269","562","399","163","31","593","943","0","62.88","42.31"
"66","000","00","025","2513","0000","3278","2253","1025","169","3447","6091","0","56.59","36.99"
"66","000","00","025","2513","0270","805","566","239","61","866","1595","0","54.29","35.49"
"66","000","00","025","2513","0271","839","574","265","50","889","1508","0","58.95","38.06"
"66","000","00","025","2513","0272","783","528","255","27","810","1479","0","54.77","35.7"
"66","000","00","025","2513","0273","851","585","266","31","882","1509","0","58.45","38.77"
"66","000","00","025","2514","0000","939","662","277","45","984","1582","0","62.2","41.85"
"66","000","00","025","2514","0274","939","662","277","45","984","1582","0","62.2","41.85"
"66","000","00","025","2515","0000","2715","1799","916","131","2846","4692","0","60.66","38.34"
"66","000","00","025","2515","0280","633","412","221","32","665","1121","0","59.32","36.75"
"66","000","00","025","2515","0281","593","395","198","28","621","987","0","62.92","40.02"
"66","000","00","025","2515","0282","674","443","231","38","712","1206","0","59.04","36.73"
"66","000","00","025","2515","0283","815","549","266","33","848","1378","0","61.54","39.84"
"66","000","00","025","2516","0000","4787","3176","1611","192","4979","8473","0","58.76","37.48"
"66","000","00","025","2516","0275","940","641","299","40","980","1725","0","56.81","37.16"
"66","000","00","025","2516","0276","902","649","253","37","939","1616","0","58.11","40.16"
"66","000","00","025","2516","0277","958","645","313","36","994","1657","0","59.99","38.93"
"66","000","00","025","2516","0278","998","620","378","33","1031","1774","0","58.12","34.95"
"66","000","00","025","2516","0279","989","621","368","46","1035","1701","0","60.85","36.51"
"66","000","00","026","0000","0000","31390","21953","9437","2097","33487","55225","65632","60.64","39.75"
"66","000","00","026","2601","0000","715","490","225","35","750","1205","0","62.24","40.66"
"66","000","00","026","2601","1470","715","490","225","35","750","1205","0","62.24","40.66"
"66","000","00","026","2602","0000","5193","3609","1584","280","5473","9281","0","58.97","38.89"
"66","000","00","026","2602","1471","896","608","288","36","932","1620","0","57.53","37.53"
"66","000","00","026","2602","1472","910","610","300","59","969","1559","0","62.16","39.13"
"66","000","00","026","2602","1473","902","633","269","53","955","1660","0","57.53","38.13"
"66","000","00","026","2602","1474","943","646","297","45","988","1602","0","61.67","40.32"
"66","000","00","026","2602","1475","700","494","206","36","736","1325","0","55.55","37.28"
"66","000","00","026","2602","1476","842","618","224","51","893","1515","0","58.94","40.79"
"66","000","00","026","2603","0000","2525","1753","772","136","2661","4738","0","56.16","37.0"
"66","000","00","026","2603","1477","824","569","255","56","880","1561","0","56.37","36.45"
"66","000","00","026","2603","1478","882","629","253","40","922","1691","0","54.52","37.2"
"66","000","00","026","2603","1479","819","555","264","40","859","1486","0","57.81","37.35"
"66","000","00","026","2604","0000","1397","1014","383","67","1464","2333","0","62.75","43.46"
"66","000","00","026","2604","1480","587","418","169","30","617","975","0","63.28","42.87"
"66","000","00","026","2604","1481","810","596","214","37","847","1358","0","62.37","43.89"
"66","000","00","026","2605","0000","1219","900","319","59","1278","1996","0","64.03","45.09"
"66","000","00","026","2605","1482","734","506","228","27","761","1141","0","66.7","44.35"
"66","000","00","026","2605","1483","485","394","91","32","517","855","0","60.47","46.08"
"66","000","00","026","2606","0000","675","474","201","46","721","1202","0","59.98","39.43"
"66","000","00","026","2606","1484","675","474","201","46","721","1202","0","59.98","39.43"
"66","000","00","026","2607","0000","573","397","176","41","614","1078","0","56.96","36.83"
"66","000","00","026","2607","1485","573","397","176","41","614","1078","0","56.96","36.83"
"66","000","00","026","2608","0000","3412","2365","1047","177","3589","5834","0","61.52","40.54"
"66","000","00","026","2608","1486","846","564","282","55","901","1456","0","61.88","38.74"
"66","000","00","026","2608","1487","924","627","297","38","962","1573","0","61.16","39.86"
"66","000","00","026","2608","1488","901","646","255","42","943","1591","0","59.27","40.6"
"66","000","00","026","2608","1489","741","528","213","42","783","1214","0","64.5","43.49"
"66","000","00","026","2609","0000","1736","1245","491","128","1864","2936","0","63.49","42.4"
"66","000","00","026","2609","1508","814","595","219","85","899","1363","0","65.96","43.65"
"66","000","00","026","2609","1509","922","650","272","43","965","1573","0","61.35","41.32"
"66","000","00","026","2610","0000","2156","1465","691","126","2282","3910","0","58.36","37.47"
"66","000","00","026","2610","1490","688","463","225","42","730","1267","0","57.62","36.54"
"66","000","00","026","2610","1491","716","487","229","46","762","1277","0","59.67","38.14"
"66","000","00","026","2610","1492","752","515","237","38","790","1366","0","57.83","37.7"
"66","000","00","026","2611","0000","1176","778","398","63","1239","1857","0","66.72","41.9"
"66","000","00","026","2611","1493","647","430","217","42","689","994","0","69.32","43.26"
"66","000","00","026","2611","1494","529","348","181","21","550","863","0","63.73","40.32"
"66","000","00","026","2612","0000","1320","884","436","98","1418","2436","0","58.21","36.29"
"66","000","00","026","2612","1495","688","464","224","45","733","1274","0","57.54","36.42"
"66","000","00","026","2612","1496","632","420","212","53","685","1162","0","58.95","36.14"
"66","000","00","026","2613","0000","1450","1007","443","115","1565","2574","0","60.8","39.12"
"66","000","00","026","2613","1497","707","495","212","70","777","1252","0","62.06","39.54"
"66","000","00","026","2613","1498","743","512","231","45","788","1322","0","59.61","38.73"
"66","000","00","026","2614","0000","1393","1052","341","139","1532","2642","0","57.99","39.82"
"66","000","00","026","2614","1504","648","416","232","69","717","1314","0","54.57","31.66"
"66","000","00","026","2614","1505","745","636","109","70","815","1328","0","61.37","47.89"
"66","000","00","026","2615","0000","1086","795","291","193","1279","2077","0","61.58","38.28"
"66","000","00","026","2615","1506","457","355","102","135","592","989","0","59.86","35.89"
"66","000","00","026","2615","1507","629","440","189","58","687","1088","0","63.14","40.44"
"66","000","00","026","2616","0000","616","430","186","44","660","1117","0","59.09","38.5"
"66","000","00","026","2616","1510","616","430","186","44","660","1117","0","59.09","38.5"
"66","000","00","026","2617","0000","1427","1000","427","129","1556","2366","0","65.77","42.27"
"66","000","00","026","2617","1511","811","581","230","60","871","1342","0","64.9","43.29"
"66","000","00","026","2617","1512","616","419","197","69","685","1024","0","66.89","40.92"
"66","000","00","026","2618","0000","1343","875","468","103","1446","2272","0","63.64","38.51"
"66","000","00","026","2618","1499","664","442","222","48","712","1116","0","63.8","39.61"
"66","000","00","026","2618","1500","679","433","246","55","734","1156","0","63.49","37.46"
"66","000","00","026","2619","0000","1283","934","349","80","1363","2075","0","65.69","45.01"
"66","000","00","026","2619","1501","697","527","170","36","733","1147","0","63.91","45.95"
"66","000","00","026","2619","1502","586","407","179","44","630","928","0","67.89","43.86"
"66","000","00","026","2620","0000","695","486","209","38","733","1296","0","56.56","37.5"
"66","000","00","026","2620","1503","695","486","209","38","733","1296","0","56.56","37.5"
"66","000","00","027","0000","0000","82955","57059","25896","3799","86754","157926","191097","54.93","36.13"
"66","000","00","027","2701","0000","2871","1959","912","144","3015","5448","0","55.34","35.96"
"66","000","00","027","2701","1271","952","640","312","46","998","1821","0","54.81","35.15"
"66","000","00","027","2701","1272","851","585","266","35","886","1680","0","52.74","34.82"
"66","000","00","027","2701","1273","1068","734","334","63","1131","1947","0","58.09","37.7"
"66","000","00","027","2702","0000","3115","2157","958","122","3237","5757","0","56.23","37.47"
"66","000","00","027","2702","1274","1098","799","299","46","1144","1910","0","59.9","41.83"
"66","000","00","027","2702","1275","983","660","323","31","1014","1894","0","53.54","34.85"
"66","000","00","027","2702","1276","1034","698","336","45","1079","1953","0","55.25","35.74"
"66","000","00","027","2703","0000","2157","1497","660","80","2237","4067","0","55.0","36.81"
"66","000","00","027","2703","1281","1059","744","315","55","1114","2011","0","55.4","37.0"
"66","000","00","027","2703","1282","1098","753","345","25","1123","2056","0","54.62","36.62"
"66","000","00","027","2704","0000","1859","1301","558","126","1985","3317","0","59.84","39.22"
"66","000","00","027","2704","1287","1062","733","329","59","1121","1886","0","59.44","38.87"
"66","000","00","027","2704","1288","797","568","229","67","864","1431","0","60.38","39.69"
"66","000","00","027","2705","0000","1527","1050","477","92","1619","2924","0","55.37","35.91"
"66","000","00","027","2705","1297","689","470","219","63","752","1378","0","54.57","34.11"
"66","000","00","027","2705","1298","838","580","258","29","867","1546","0","56.08","37.52"
"66","000","00","027","2706","0000","1907","1497","410","93","2000","4083","0","48.98","36.66"
"66","000","00","027","2706","1291","1074","761","313","42","1116","2048","0","54.49","37.16"
"66","000","00","027","2706","1292","833","736","97","51","884","2035","0","43.44","36.17"
"66","000","00","027","2707","0000","3144","2216","928","146","3290","6114","0","53.81","36.24"
"66","000","00","027","2707","1316","914","644","270","40","954","1623","0","58.78","39.68"
"66","000","00","027","2707","1317","761","546","215","27","788","1548","0","50.9","35.27"
"66","000","00","027","2707","1318","744","519","225","52","796","1442","0","55.2","35.99"
"66","000","00","027","2707","1319","725","507","218","27","752","1501","0","50.1","33.78"
"66","000","00","027","2708","0000","1718","1201","517","77","1795","3605","0","49.79","33.31"
"66","000","00","027","2708","1312","947","676","271","53","1000","1654","0","60.46","40.87"
"66","000","00","027","2708","1313","771","525","246","24","795","1951","0","40.75","26.91"
"66","000","00","027","2709","0000","1856","1318","538","103","1959","3281","0","59.71","40.17"
"66","000","00","027","2709","1301","894","629","265","63","957","1582","0","60.49","39.76"
"66","000","00","027","2709","1302","962","689","273","40","1002","1699","0","58.98","40.55"
"66","000","00","027","2710","0000","2582","1775","807","125","2707","5163","0","52.43","34.38"
"66","000","00","027","2710","1307","894","581","313","33","927","1776","0","52.2","32.71"
"66","000","00","027","2710","1308","894","628","266","45","939","1729","0","54.31","36.32"
"66","000","00","027","2710","1309","794","566","228","47","841","1658","0","50.72","34.14"
"66","000","00","027","2711","0000","3870","2652","1218","157","4027","7262","0","55.45","36.52"
"66","000","00","027","2711","1325","1137","792","345","64","1201","2075","0","57.88","38.17"
"66","000","00","027","2711","1326","862","567","295","40","902","1723","0","52.35","32.91"
"66","000","00","027","2711","1327","1113","767","346","31","1144","2049","0","55.83","37.43"
"66","000","00","027","2711","1328","758","526","232","22","780","1415","0","55.12","37.17"
"66","000","00","027","2712","0000","3858","2683","1175","152","4010","7197","0","55.72","37.28"
"66","000","00","027","2712","1335","944","639","305","37","981","1667","0","58.85","38.33"
"66","000","00","027","2712","1336","865","612","253","46","911","1793","0","50.81","34.13"
"66","000","00","027","2712","1337","1061","703","358","27","1088","1903","0","57.17","36.94"
"66","000","00","027","2712","1338","988","729","259","42","1030","1834","0","56.16","39.75"
"66","000","00","027","2713","0000","3005","1985","1020","117","3122","5993","0","52.09","33.12"
"66","000","00","027","2713","1346","932","641","291","52","984","1974","0","49.85","32.47"
"66","000","00","027","2713","1347","1002","648","354","39","1041","1828","0","56.95","35.45"
"66","000","00","027","2713","1348","1071","696","375","26","1097","2191","0","50.07","31.77"
"66","000","00","027","2714","0000","927","689","238","56","983","1825","0","53.86","37.75"
"66","000","00","027","2714","1349","927","689","238","56","983","1825","0","53.86","37.75"
"66","000","00","027","2715","0000","648","457","191","46","694","1225","0","56.65","37.31"
"66","000","00","027","2715","1351","648","457","191","46","694","1225","0","56.65","37.31"
"66","000","00","027","2716","0000","1621","1121","500","120","1741","3179","0","54.77","35.26"
"66","000","00","027","2716","1352","886","629","257","53","939","1678","0","55.96","37.49"
"66","000","00","027","2716","1353","735","492","243","67","802","1501","0","53.43","32.78"
"66","000","00","027","2717","0000","1637","1050","587","93","1730","3094","0","55.91","33.94"
"66","000","00","027","2717","1357","718","457","261","36","754","1428","0","52.8","32.0"
"66","000","00","027","2717","1358","919","593","326","57","976","1666","0","58.58","35.59"
"66","000","00","027","2718","0000","2406","1724","682","128","2534","4710","0","53.8","36.6"
"66","000","00","027","2718","1361","636","481","155","34","670","1166","0","57.46","41.25"
"66","000","00","027","2718","1362","992","688","304","57","1049","1790","0","58.6","38.44"
"66","000","00","027","2718","1363","778","555","223","37","815","1754","0","46.47","31.64"
"66","000","00","027","2719","0000","410","307","103","40","450","699","0","64.38","43.92"
"66","000","00","027","2719","1356","410","307","103","40","450","699","0","64.38","43.92"
"66","000","00","027","2720","0000","3692","2633","1059","137","3829","6563","0","58.34","40.12"
"66","000","00","027","2720","1277","1019","711","308","43","1062","1846","0","57.53","38.52"
"66","000","00","027","2720","1278","857","619","238","27","884","1493","0","59.21","41.46"
"66","000","00","027","2720","1279","863","613","250","33","896","1605","0","55.83","38.19"
"66","000","00","027","2720","1280","953","690","263","34","987","1619","0","60.96","42.62"
"66","000","00","027","2721","0000","2095","1384","711","96","2191","4094","0","53.52","33.81"
"66","000","00","027","2721","1289","1010","666","344","52","1062","1930","0","55.03","34.51"
"66","000","00","027","2721","1290","1085","718","367","44","1129","2164","0","52.17","33.18"
"66","000","00","027","2722","0000","1902","1277","625","118","2020","3870","0","52.2","33.0"
"66","000","00","027","2722","1293","879","585","294","57","936","1685","0","55.55","34.72"
"66","000","00","027","2722","1294","1023","692","331","61","1084","2185","0","49.61","31.67"
"66","000","00","027","2723","0000","1469","1007","462","55","1524","2773","0","54.96","36.31"
"66","000","00","027","2723","1295","617","429","188","30","647","1176","0","55.02","36.48"
"66","000","00","027","2723","1296","852","578","274","25","877","1597","0","54.92","36.19"
"66","000","00","027","2724","0000","1917","1324","593","99","2016","3691","0","54.62","35.87"
"66","000","00","027","2724","1283","975","658","317","51","1026","1876","0","54.69","35.07"
"66","000","00","027","2724","1284","942","666","276","48","990","1815","0","54.55","36.69"
"66","000","00","027","2725","0000","1311","895","416","65","1376","2285","0","60.22","39.17"
"66","000","00","027","2725","1285","697","477","220","29","726","1281","0","56.67","37.24"
"66","000","00","027","2725","1286","614","418","196","36","650","1004","0","64.74","41.63"
"66","000","00","027","2726","0000","1478","998","480","80","1558","2943","0","52.94","33.91"
"66","000","00","027","2726","1299","918","600","318","43","961","1890","0","50.85","31.75"
"66","000","00","027","2726","1300","560","398","162","37","597","1053","0","56.7","37.8"
"66","000","00","027","2727","0000","2662","1785","877","77","2739","4703","0","58.24","37.95"
"66","000","00","027","2727","1339","807","570","237","36","843","1526","0","55.24","37.35"
"66","000","00","027","2727","1340","915","594","321","16","931","1483","0","62.78","40.05"
"66","000","00","027","2727","1341","940","621","319","25","965","1694","0","56.97","36.66"
"66","000","00","027","2728","0000","3752","2484","1268","109","3861","6795","0","56.82","36.56"
"66","000","00","027","2728","1342","963","662","301","20","983","1952","0","50.36","33.91"
"66","000","00","027","2728","1343","1060","717","343","38","1098","1995","0","55.04","35.94"
"66","000","00","027","2728","1344","741","491","250","21","762","1311","0","58.12","37.45"
"66","000","00","027","2728","1345","988","614","374","30","1018","1537","0","66.23","39.95"
"66","000","00","027","2729","0000","2962","2010","952","93","3055","5574","0","54.81","36.06"
"66","000","00","027","2729","1329","989","686","303","21","1010","1778","0","56.81","38.58"
"66","000","00","027","2729","1330","866","581","285","41","907","1706","0","53.17","34.06"
"66","000","00","027","2729","1331","1107","743","364","31","1138","2090","0","54.45","35.55"
"66","000","00","027","2730","0000","2554","1748","806","86","2640","5269","0","50.1","33.18"
"66","000","00","027","2730","1332","1009","686","323","36","1045","2093","0","49.93","32.78"
"66","000","00","027","2730","1333","812","578","234","30","842","1688","0","49.88","34.24"
"66","000","00","027","2730","1334","733","484","249","20","753","1488","0","50.6","32.53"
"66","000","00","027","2731","0000","2985","2008","977","107","3092","6065","0","50.98","33.11"
"66","000","00","027","2731","1320","984","651","333","28","1012","2025","0","49.98","32.15"
"66","000","00","027","2731","1321","977","671","306","38","1015","1885","0","53.85","35.6"
"66","000","00","027","2731","1322","1024","686","338","41","1065","2155","0","49.42","31.83"
"66","000","00","027","2732","0000","1774","1207","567","93","1867","3796","0","49.18","31.8"
"66","000","00","027","2732","1323","894","600","294","31","925","1775","0","52.11","33.8"
"66","000","00","027","2732","1324","880","607","273","62","942","2021","0","46.61","30.03"
"66","000","00","027","2733","0000","1931","1349","582","87","2018","3762","0","53.64","35.86"
"66","000","00","027","2733","1310","1042","748","294","40","1082","2010","0","53.83","37.21"
"66","000","00","027","2733","1311","889","601","288","47","936","1752","0","53.42","34.3"
"66","000","00","027","2734","0000","2512","1596","916","123","2635","4401","0","59.87","36.26"
"66","000","00","027","2734","1314","1208","793","415","62","1270","2170","0","58.53","36.54"
"66","000","00","027","2734","1315","1304","803","501","61","1365","2231","0","61.18","35.99"
"66","000","00","027","2735","0000","1397","914","483","89","1486","2556","0","58.14","35.76"
"66","000","00","027","2735","1303","805","505","300","46","851","1493","0","57.0","33.82"
"66","000","00","027","2735","1304","592","409","183","43","635","1063","0","59.74","38.48"
"66","000","00","027","2736","0000","1261","911","350","75","1336","2201","0","60.7","41.39"
"66","000","00","027","2736","1305","645","474","171","37","682","1117","0","61.06","42.44"
"66","000","00","027","2736","1306","616","437","179","38","654","1084","0","60.33","40.31"
"66","000","00","027","2737","0000","809","568","241","12","821","1559","0","52.66","36.43"
"66","000","00","027","2737","1350","809","568","241","12","821","1559","0","52.66","36.43"
"66","000","00","027","2738","0000","1954","1355","599","94","2048","3576","0","57.27","37.89"
"66","000","00","027","2738","1354","884","623","261","38","922","1450","0","63.59","42.97"
"66","000","00","027","2738","1355","1070","732","338","56","1126","2126","0","52.96","34.43"
"66","000","00","027","2739","0000","1420","967","453","87","1507","2507","0","60.11","38.57"
"66","000","00","027","2739","1359","700","482","218","25","725","1241","0","58.42","38.84"
"66","000","00","027","2739","1360","720","485","235","62","782","1266","0","61.77","38.31"
"66","000","00","028","0000","0000","92547","63580","28967","3890","96437","171769","211860","56.14","37.01"
"66","000","00","028","2801","0000","1946","1332","614","101","2047","3508","0","58.35","37.97"
"66","000","00","028","2801","1373","924","635","289","38","962","1697","0","56.69","37.42"
"66","000","00","028","2801","1374","1022","697","325","63","1085","1811","0","59.91","38.49"
"66","000","00","028","2802","0000","5194","3585","1609","173","5367","9923","0","54.09","36.13"
"66","000","00","028","2802","1375","848","649","199","44","892","1830","0","48.74","35.46"
"66","000","00","028","2802","1376","930","633","297","46","976","2228","0","43.81","28.41"
"66","000","00","028","2802","1377","1037","728","309","42","1079","1997","0","54.03","36.45"
"66","000","00","028","2802","1378","1276","853","423","26","1302","2033","0","64.04","41.96"
"66","000","00","028","2802","1379","1103","722","381","15","1118","1835","0","60.93","39.35"
"66","000","00","028","2803","0000","1680","1143","537","90","1770","3418","0","51.78","33.44"
"66","000","00","028","2803","1384","753","503","250","43","796","1621","0","49.11","31.03"
"66","000","00","028","2803","1385","927","640","287","47","974","1797","0","54.2","35.61"
"66","000","00","028","2804","0000","3794","2541","1253","152","3946","7122","0","55.41","35.68"
"66","000","00","028","2804","1422","992","652","340","33","1025","1875","0","54.67","34.77"
"66","000","00","028","2804","1423","921","617","304","40","961","1670","0","57.54","36.95"
"66","000","00","028","2804","1424","1000","675","325","48","1048","1898","0","55.22","35.56"
"66","000","00","028","2804","1425","881","597","284","31","912","1679","0","54.32","35.56"
"66","000","00","028","2805","0000","3774","2599","1175","171","3945","6924","0","56.98","37.54"
"66","000","00","028","2805","1386","668","463","205","19","687","1230","0","55.85","37.64"
"66","000","00","028","2805","1387","780","569","211","36","816","1488","0","54.84","38.24"
"66","000","00","028","2805","1388","760","498","262","46","806","1459","0","55.24","34.13"
"66","000","00","028","2805","1389","909","622","287","34","943","1647","0","57.26","37.77"
"66","000","00","028","2805","1390","657","447","210","36","693","1100","0","63.0","40.64"
"66","000","00","028","2806","0000","2206","1618","588","102","2308","3956","0","58.34","40.9"
"66","000","00","028","2806","1434","675","477","198","22","697","1103","0","63.19","43.25"
"66","000","00","028","2806","1435","754","543","211","35","789","1419","0","55.6","38.27"
"66","000","00","028","2806","1436","777","598","179","45","822","1434","0","57.32","41.7"
"66","000","00","028","2807","0000","2928","1996","932","98","3026","5587","0","54.16","35.73"
"66","000","00","028","2807","1437","945","655","290","27","972","1875","0","51.84","34.93"
"66","000","00","028","2807","1438","1003","668","335","37","1040","1862","0","55.85","35.88"
"66","000","00","028","2807","1439","980","673","307","34","1014","1850","0","54.81","36.38"
"66","000","00","028","2808","0000","4316","2954","1362","165","4481","8258","0","54.26","35.77"
"66","000","00","028","2808","1391","774","536","238","40","814","1410","0","57.73","38.01"
"66","000","00","028","2808","1392","918","660","258","39","957","1807","0","52.96","36.52"
"66","000","00","028","2808","1393","728","485","243","31","759","1331","0","57.02","36.44"
"66","000","00","028","2808","1394","948","636","312","24","972","1801","0","53.97","35.31"
"66","000","00","028","2808","1395","948","637","311","31","979","1909","0","51.28","33.37"
"66","000","00","028","2809","0000","1776","1273","503","68","1844","3355","0","54.96","37.94"
"66","000","00","028","2809","1399","897","638","259","48","945","1753","0","53.91","36.39"
"66","000","00","028","2809","1400","879","635","244","20","899","1602","0","56.12","39.64"
"66","000","00","028","2810","0000","2700","1883","817","113","2813","5278","0","53.3","35.68"
"66","000","00","028","2810","1451","936","672","264","41","977","1759","0","55.54","38.2"
"66","000","00","028","2810","1452","909","614","295","41","950","1783","0","53.28","34.44"
"66","000","00","028","2810","1453","855","597","258","31","886","1736","0","51.04","34.39"
"66","000","00","028","2811","0000","3903","2763","1140","210","4113","7599","0","54.13","36.36"
"66","000","00","028","2811","1458","965","656","309","60","1025","1836","0","55.83","35.73"
"66","000","00","028","2811","1459","1012","720","292","47","1059","1913","0","55.36","37.64"
"66","000","00","028","2811","1460","954","670","284","67","1021","1913","0","53.37","35.02"
"66","000","00","028","2811","1461","972","717","255","36","1008","1937","0","52.04","37.02"
"66","000","00","028","2812","0000","2312","1546","766","129","2441","4237","0","57.61","36.49"
"66","000","00","028","2812","1401","613","395","218","41","654","1144","0","57.17","34.53"
"66","000","00","028","2812","1402","920","645","275","60","980","1655","0","59.21","38.97"
"66","000","00","028","2812","1403","779","506","273","28","807","1438","0","56.12","35.19"
"66","000","00","028","2813","0000","562","363","199","35","597","1000","0","59.7","36.3"
"66","000","00","028","2813","1404","562","363","199","35","597","1000","0","59.7","36.3"
"66","000","00","028","2814","0000","4528","3093","1435","210","4738","8369","0","56.61","36.96"
"66","000","00","028","2814","1405","917","619","298","45","962","1711","0","56.22","36.18"
"66","000","00","028","2814","1406","934","649","285","12","946","1698","0","55.71","38.22"
"66","000","00","028","2814","1407","1007","694","313","62","1069","1914","0","55.85","36.26"
"66","000","00","028","2814","1408","818","534","284","39","857","1465","0","58.5","36.45"
"66","000","00","028","2814","1409","852","597","255","52","904","1581","0","57.18","37.76"
"66","000","00","028","2815","0000","2139","1491","648","94","2233","4438","0","50.32","33.6"
"66","000","00","028","2815","1414","578","393","185","31","609","1204","0","50.58","32.64"
"66","000","00","028","2815","1415","865","607","258","36","901","1761","0","51.16","34.47"
"66","000","00","028","2815","1416","696","491","205","27","723","1473","0","49.08","33.33"
"66","000","00","028","2816","0000","4578","3174","1404","239","4817","8428","0","57.15","37.66"
"66","000","00","028","2816","1417","914","647","267","40","954","1675","0","56.96","38.63"
"66","000","00","028","2816","1418","961","683","278","33","994","1755","0","56.64","38.92"
"66","000","00","028","2816","1419","899","624","275","56","955","1593","0","59.95","39.17"
"66","000","00","028","2816","1420","946","639","307","55","1001","1799","0","55.64","35.52"
"66","000","00","028","2816","1421","858","581","277","55","913","1606","0","56.85","36.18"
"66","000","00","028","2817","0000","5684","3931","1753","223","5907","11504","0","51.35","34.17"
"66","000","00","028","2817","1462","806","578","228","17","823","1508","0","54.58","38.33"
"66","000","00","028","2817","1463","782","547","235","33","815","1340","0","60.82","40.82"
"66","000","00","028","2817","1464","933","649","284","34","967","1656","0","58.39","39.19"
"66","000","00","028","2817","1465","691","488","203","26","717","1290","0","55.58","37.83"
"66","000","00","028","2817","1466","888","604","284","31","919","1655","0","55.53","36.5"
"66","000","00","028","2817","1467","628","426","202","17","645","1260","0","51.19","33.81"
"66","000","00","028","2817","1468","129","76","53","23","152","1247","0","12.19","6.09"
"66","000","00","028","2817","1469","827","563","264","42","869","1548","0","56.14","36.37"
"66","000","00","028","2818","0000","5213","3581","1632","238","5451","9578","0","56.91","37.39"
"66","000","00","028","2818","1445","845","576","269","58","903","1701","0","53.09","33.86"
"66","000","00","028","2818","1446","808","540","268","35","843","1549","0","54.42","34.86"
"66","000","00","028","2818","1447","922","658","264","24","946","1567","0","60.37","41.99"
"66","000","00","028","2818","1448","892","614","278","34","926","1614","0","57.37","38.04"
"66","000","00","028","2818","1449","1011","703","308","58","1069","1811","0","59.03","38.82"
"66","000","00","028","2818","1450","735","490","245","29","764","1336","0","57.19","36.68"
"66","000","00","028","2819","0000","5265","3594","1671","219","5484","10155","0","54.0","35.39"
"66","000","00","028","2819","1364","823","584","239","28","851","1614","0","52.73","36.18"
"66","000","00","028","2819","1365","810","545","265","24","834","1599","0","52.16","34.08"
"66","000","00","028","2819","1366","832","550","282","44","876","1715","0","51.08","32.07"
"66","000","00","028","2819","1367","722","517","205","27","749","1264","0","59.26","40.9"
"66","000","00","028","2819","1368","734","476","258","25","759","1416","0","53.6","33.62"
"66","000","00","028","2819","1369","629","429","200","31","660","1188","0","55.56","36.11"
"66","000","00","028","2819","1370","715","493","222","40","755","1359","0","55.56","36.28"
"66","000","00","028","2820","0000","1576","1066","510","105","1681","2860","0","58.78","37.27"
"66","000","00","028","2820","1371","794","535","259","53","847","1457","0","58.13","36.72"
"66","000","00","028","2820","1372","782","531","251","52","834","1403","0","59.44","37.85"
"66","000","00","028","2821","0000","3394","2332","1062","113","3507","5775","0","60.73","40.38"
"66","000","00","028","2821","1380","708","468","240","32","740","1268","0","58.36","36.91"
"66","000","00","028","2821","1381","914","640","274","39","953","1645","0","57.93","38.91"
"66","000","00","028","2821","1382","944","655","289","17","961","1561","0","61.56","41.96"
"66","000","00","028","2821","1383","828","569","259","25","853","1301","0","65.56","43.74"
"66","000","00","028","2822","0000","2212","1516","696","106","2318","4102","0","56.51","36.96"
"66","000","00","028","2822","1426","709","481","228","46","755","1373","0","54.99","35.03"
"66","000","00","028","2822","1427","721","510","211","30","751","1299","0","57.81","39.26"
"66","000","00","028","2822","1428","782","525","257","30","812","1430","0","56.78","36.71"
"66","000","00","028","2823","0000","5707","3854","1853","142","5849","9149","0","63.93","42.12"
"66","000","00","028","2823","1429","1107","755","352","37","1144","1805","0","63.38","41.83"
"66","000","00","028","2823","1430","1158","743","415","23","1181","1806","0","65.39","41.14"
"66","000","00","028","2823","1431","1163","804","359","29","1192","1826","0","65.28","44.03"
"66","000","00","028","2823","1432","1154","801","353","25","1179","1805","0","65.32","44.38"
"66","000","00","028","2823","1433","1125","751","374","28","1153","1907","0","60.46","39.38"
"66","000","00","028","2824","0000","4886","3273","1613","186","5072","8472","0","59.87","38.63"
"66","000","00","028","2824","1440","891","606","285","39","930","1622","0","57.34","37.36"
"66","000","00","028","2824","1441","979","683","296","44","1023","1638","0","62.45","41.7"
"66","000","00","028","2824","1442","970","681","289","53","1023","1633","0","62.65","41.7"
"66","000","00","028","2824","1443","933","604","329","29","962","1662","0","57.88","36.34"
"66","000","00","028","2824","1444","1113","699","414","21","1134","1917","0","59.15","36.46"
"66","000","00","028","2825","0000","2751","1859","892","107","2858","5238","0","54.56","35.49"
"66","000","00","028","2825","1396","843","564","279","31","874","1699","0","51.44","33.2"
"66","000","00","028","2825","1397","904","631","273","33","937","1627","0","57.59","38.78"
"66","000","00","028","2825","1398","1004","664","340","43","1047","1912","0","54.76","34.73"
"66","000","00","028","2826","0000","4229","3001","1228","156","4385","7648","0","57.34","39.24"
"66","000","00","028","2826","1454","1038","741","297","35","1073","1874","0","57.26","39.54"
"66","000","00","028","2826","1455","1047","717","330","41","1088","1889","0","57.6","37.96"
"66","000","00","028","2826","1456","1039","767","272","52","1091","1947","0","56.03","39.39"
"66","000","00","028","2826","1457","1105","776","329","28","1133","1938","0","58.46","40.04"
"66","000","00","028","2827","0000","3294","2219","1075","145","3439","5888","0","58.41","37.69"
"66","000","00","028","2827","1410","880","602","278","45","925","1509","0","61.3","39.89"
"66","000","00","028","2827","1411","836","594","242","24","860","1570","0","54.78","37.83"
"66","000","00","028","2827","1412","799","501","298","31","830","1425","0","58.25","35.16"
"66","000","00","028","2827","1413","779","522","257","45","824","1384","0","59.54","37.72"
"66","000","00","029","0000","0000","5604","4135","1469","327","5931","9498","11066","62.44","43.54"
"66","000","00","029","2901","0000","1164","827","337","82","1246","1919","0","64.93","43.1"
"66","000","00","029","2901","1585","579","395","184","39","618","956","0","64.64","41.32"
"66","000","00","029","2901","1586","585","432","153","43","628","963","0","65.21","44.86"
"66","000","00","029","2902","0000","258","167","91","14","272","456","0","59.65","36.62"
"66","000","00","029","2902","1587","258","167","91","14","272","456","0","59.65","36.62"
"66","000","00","029","2903","0000","985","755","230","60","1045","1647","0","63.45","45.84"
"66","000","00","029","2903","1588","625","484","141","37","662","1011","0","65.48","47.87"
"66","000","00","029","2903","1589","360","271","89","23","383","636","0","60.22","42.61"
"66","000","00","029","2904","0000","307","219","88","9","316","451","0","70.07","48.56"
"66","000","00","029","2904","1595","307","219","88","9","316","451","0","70.07","48.56"
"66","000","00","029","2905","0000","691","522","169","45","736","1051","0","70.03","49.67"
"66","000","00","029","2905","1590","133","101","32","4","137","270","0","50.74","37.41"
"66","000","00","029","2905","1591","327","258","69","30","357","460","0","77.61","56.09"
"66","000","00","029","2905","1592","231","163","68","11","242","321","0","75.39","50.78"
"66","000","00","029","2906","0000","684","474","210","43","727","1119","0","64.97","42.36"
"66","000","00","029","2906","1593","487","337","150","27","514","783","0","65.64","43.04"
"66","000","00","029","2906","1594","197","137","60","16","213","336","0","63.39","40.77"
"66","000","00","029","2907","0000","1035","806","229","52","1087","1985","0","54.76","40.6"
"66","000","00","029","2907","1596","209","163","46","11","220","366","0","60.11","44.54"
"66","000","00","029","2907","1597","363","288","75","12","375","771","0","48.64","37.35"
"66","000","00","029","2907","1598","301","231","70","20","321","574","0","55.92","40.24"
"66","000","00","029","2907","1599","162","124","38","9","171","274","0","62.41","45.26"
"66","000","00","029","2908","0000","480","365","115","22","502","870","0","57.7","41.95"
"66","000","00","029","2908","1600","83","56","27","5","88","157","0","56.05","35.67"
"66","000","00","029","2908","1601","397","309","88","17","414","713","0","58.06","43.34"
"67","000","00","000","0000","0000","792245","537623","254622","39589","831834","1594821","1883804","52.16","33.71"
"67","000","00","001","0000","0000","31151","21028","10123","1675","32826","64949","77651","50.54","32.38"
"67","000","00","001","0101","0000","2340","1609","731","140","2480","4741","0","52.31","33.94"
"67","000","00","001","0101","0116","758","520","238","40","798","1693","0","47.14","30.71"
"67","000","00","001","0101","0117","815","553","262","58","873","1561","0","55.93","35.43"
"67","000","00","001","0101","0118","767","536","231","42","809","1487","0","54.4","36.05"
"67","000","00","001","0102","0000","1154","802","352","54","1208","2299","0","52.54","34.88"
"67","000","00","001","0102","0119","631","451","180","25","656","1232","0","53.25","36.61"
"67","000","00","001","0102","0120","523","351","172","29","552","1067","0","51.73","32.9"
"67","000","00","001","0103","0000","1442","991","451","63","1505","2885","0","52.17","34.35"
"67","000","00","001","0103","0121","648","436","212","33","681","1419","0","47.99","30.73"
"67","000","00","001","0103","0122","794","555","239","30","824","1466","0","56.21","37.86"
"67","000","00","001","0107","0000","1506","1010","496","60","1566","2940","0","53.27","34.35"
"67","000","00","001","0107","0126","491","323","168","24","515","888","0","58.0","36.37"
"67","000","00","001","0107","0127","565","371","194","20","585","1115","0","52.47","33.27"
"67","000","00","001","0107","0128","450","316","134","16","466","937","0","49.73","33.72"
"67","000","00","001","0108","0000","2079","1508","571","114","2193","4214","0","52.04","35.79"
"67","000","00","001","0108","0129","653","530","123","40","693","1387","0","49.96","38.21"
"67","000","00","001","0108","0130","719","505","214","46","765","1526","0","50.13","33.09"
"67","000","00","001","0108","0131","707","473","234","28","735","1301","0","56.5","36.36"
"67","000","00","001","0109","0000","673","439","234","33","706","1193","0","59.18","36.8"
"67","000","00","001","0109","0136","673","439","234","33","706","1193","0","59.18","36.8"
"67","000","00","001","0110","0000","560","355","205","22","582","1439","0","40.44","24.67"
"67","000","00","001","0110","0137","560","355","205","22","582","1439","0","40.44","24.67"
"67","000","00","001","0112","0000","1026","699","327","47","1073","2460","0","43.62","28.41"
"67","000","00","001","0112","0140","516","332","184","23","539","1233","0","43.71","26.93"
"67","000","00","001","0112","0141","510","367","143","24","534","1227","0","43.52","29.91"
"67","000","00","001","0113","0000","965","666","299","54","1019","1797","0","56.71","37.06"
"67","000","00","001","0113","0138","772","538","234","37","809","1438","0","56.26","37.41"
"67","000","00","001","0113","0139","193","128","65","17","210","359","0","58.5","35.65"
"67","000","00","001","0114","0000","1404","942","462","54","1458","3250","0","44.86","28.98"
"67","000","00","001","0114","0142","591","413","178","23","614","1320","0","46.52","31.29"
"67","000","00","001","0114","0143","813","529","284","31","844","1930","0","43.73","27.41"
"67","000","00","001","0115","0000","2075","1401","674","135","2210","4419","0","50.01","31.7"
"67","000","00","001","0115","0150","790","533","257","44","834","1595","0","52.29","33.42"
"67","000","00","001","0115","0151","441","310","131","22","463","959","0","48.28","32.33"
"67","000","00","001","0115","0152","844","558","286","69","913","1865","0","48.95","29.92"
"67","000","00","001","0116","0000","714","473","241","74","788","1678","0","46.96","28.19"
"67","000","00","001","0116","0153","714","473","241","74","788","1678","0","46.96","28.19"
"67","000","00","001","0117","0000","572","405","167","53","625","1373","0","45.52","29.5"
"67","000","00","001","0117","0154","572","405","167","53","625","1373","0","45.52","29.5"
"67","000","00","001","0118","0000","663","423","240","31","694","1722","0","40.3","24.56"
"67","000","00","001","0118","0155","552","353","199","26","578","1431","0","40.39","24.67"
"67","000","00","001","0118","0156","111","70","41","5","116","291","0","39.86","24.05"
"67","000","00","001","0119","0000","836","542","294","52","888","1749","0","50.77","30.99"
"67","000","00","001","0119","0157","836","542","294","52","888","1749","0","50.77","30.99"
"67","000","00","001","0120","0000","1736","1175","561","114","1850","3683","0","50.23","31.9"
"67","000","00","001","0120","0158","821","562","259","47","868","1862","0","46.62","30.18"
"67","000","00","001","0120","0159","915","613","302","67","982","1821","0","53.93","33.66"
"67","000","00","001","0121","0000","825","577","248","42","867","1845","0","46.99","31.27"
"67","000","00","001","0121","0160","825","577","248","42","867","1845","0","46.99","31.27"
"67","000","00","001","0125","0000","754","504","250","91","845","1644","0","51.4","30.66"
"67","000","00","001","0125","0163","354","245","109","57","411","703","0","58.46","34.85"
"67","000","00","001","0125","0164","400","259","141","34","434","941","0","46.12","27.52"
"67","000","00","001","0126","0000","349","254","95","21","370","944","0","39.19","26.91"
"67","000","00","001","0126","0161","205","157","48","11","216","542","0","39.85","28.97"
"67","000","00","001","0126","0162","144","97","47","10","154","402","0","38.31","24.13"
"67","000","00","001","0127","0000","2335","1556","779","122","2457","4729","0","51.96","32.9"
"67","000","00","001","0127","0144","752","503","249","42","794","1501","0","52.9","33.51"
"67","000","00","001","0127","0145","693","465","228","33","726","1475","0","49.22","31.53"
"67","000","00","001","0127","0146","890","588","302","47","937","1753","0","53.45","33.54"
"67","000","00","001","0128","0000","2392","1539","853","93","2485","4922","0","50.49","31.27"
"67","000","00","001","0128","0147","837","550","287","34","871","1748","0","49.83","31.46"
"67","000","00","001","0128","0148","867","553","314","36","903","1741","0","51.87","31.76"
"67","000","00","001","0128","0149","688","436","252","23","711","1433","0","49.62","30.43"
"67","000","00","001","0129","0000","3359","2211","1148","106","3465","6235","0","55.57","35.46"
"67","000","00","001","0129","0132","836","569","267","35","871","1538","0","56.63","37.0"
"67","000","00","001","0129","0133","842","574","268","18","860","1584","0","54.29","36.24"
"67","000","00","001","0129","0134","861","547","314","32","893","1583","0","56.41","34.55"
"67","000","00","001","0129","0135","820","521","299","21","841","1530","0","54.97","34.05"
"67","000","00","001","0130","0000","1392","947","445","100","1492","2788","0","53.52","33.97"
"67","000","00","001","0130","0123","520","335","185","52","572","932","0","61.37","35.94"
"67","000","00","001","0130","0124","520","358","162","25","545","1099","0","49.59","32.58"
"67","000","00","001","0130","0125","352","254","98","23","375","757","0","49.54","33.55"
"67","000","00","002","0000","0000","10097","6910","3187","745","10842","22121","25397","49.01","31.24"
"67","000","00","002","0201","0000","752","532","220","69","821","1517","0","54.12","35.07"
"67","000","00","002","0201","0085","509","371","138","55","564","1037","0","54.39","35.78"
"67","000","00","002","0201","0086","243","161","82","14","257","480","0","53.54","33.54"
"67","000","00","002","0208","0000","1704","1162","542","102","1806","3743","0","48.25","31.04"
"67","000","00","002","0208","0093","382","263","119","17","399","863","0","46.23","30.48"
"67","000","00","002","0208","0094","631","430","201","26","657","1373","0","47.85","31.32"
"67","000","00","002","0208","0095","691","469","222","59","750","1507","0","49.77","31.12"
"67","000","00","002","0210","0000","317","212","105","41","358","921","0","38.87","23.02"
"67","000","00","002","0210","0099","317","212","105","41","358","921","0","38.87","23.02"
"67","000","00","002","0211","0000","1765","1230","535","105","1870","3640","0","51.37","33.79"
"67","000","00","002","0211","0096","678","460","218","53","731","1374","0","53.2","33.48"
"67","000","00","002","0211","0097","563","374","189","37","600","1244","0","48.23","30.06"
"67","000","00","002","0211","0098","524","396","128","15","539","1022","0","52.74","38.75"
"67","000","00","002","0214","0000","714","491","223","63","777","1653","0","47.01","29.7"
"67","000","00","002","0214","0107","421","288","133","27","448","925","0","48.43","31.14"
"67","000","00","002","0214","0108","293","203","90","36","329","728","0","45.19","27.88"
"67","000","00","002","0226","0000","814","559","255","46","860","1454","0","59.15","38.45"
"67","000","00","002","0226","0087","357","239","118","24","381","636","0","59.91","37.58"
"67","000","00","002","0226","0088","175","121","54","6","181","321","0","56.39","37.69"
"67","000","00","002","0226","0089","282","199","83","16","298","497","0","59.96","40.04"
"67","000","00","002","0227","0000","857","576","281","38","895","1607","0","55.69","35.84"
"67","000","00","002","0227","0090","434","286","148","12","446","759","0","58.76","37.68"
"67","000","00","002","0227","0091","156","110","46","11","167","341","0","48.97","32.26"
"67","000","00","002","0227","0092","267","180","87","15","282","507","0","55.62","35.5"
"67","000","00","002","0228","0000","702","471","231","63","765","1539","0","49.71","30.6"
"67","000","00","002","0228","0102","376","254","122","20","396","761","0","52.04","33.38"
"67","000","00","002","0228","0103","129","88","41","13","142","285","0","49.82","30.88"
"67","000","00","002","0228","0104","197","129","68","30","227","493","0","46.04","26.17"
"67","000","00","002","0229","0000","667","431","236","45","712","1583","0","44.98","27.23"
"67","000","00","002","0229","0100","427","272","155","32","459","847","0","54.19","32.11"
"67","000","00","002","0229","0101","240","159","81","13","253","736","0","34.38","21.6"
"67","000","00","002","0230","0000","380","273","107","27","407","1013","0","40.18","26.95"
"67","000","00","002","0230","0105","239","169","70","15","254","621","0","40.9","27.21"
"67","000","00","002","0230","0106","141","104","37","12","153","392","0","39.03","26.53"
"67","000","00","002","0231","0000","420","277","143","46","466","1120","0","41.61","24.73"
"67","000","00","002","0231","0112","277","174","103","33","310","755","0","41.06","23.05"
"67","000","00","002","0231","0113","143","103","40","13","156","365","0","42.74","28.22"
"67","000","00","002","0232","0000","388","278","110","33","421","902","0","46.67","30.82"
"67","000","00","002","0232","0109","72","50","22","13","85","214","0","39.72","23.36"
"67","000","00","002","0232","0110","173","132","41","6","179","387","0","46.25","34.11"
"67","000","00","002","0232","0111","143","96","47","14","157","301","0","52.16","31.89"
"67","000","00","002","0233","0000","617","418","199","67","684","1429","0","47.87","29.25"
"67","000","00","002","0233","0114","413","271","142","35","448","935","0","47.91","28.98"
"67","000","00","002","0233","0115","204","147","57","32","236","494","0","47.77","29.76"
"67","000","00","003","0000","0000","10275","7052","3223","873","11148","24894","28152","44.78","28.33"
"67","000","00","003","0301","0000","857","590","267","66","923","1722","0","53.6","34.26"
"67","000","00","003","0301","0030","591","409","182","50","641","1176","0","54.51","34.78"
"67","000","00","003","0301","0031","266","181","85","16","282","546","0","51.65","33.15"
"67","000","00","003","0302","0000","1505","1015","490","90","1595","2921","0","54.6","34.75"
"67","000","00","003","0302","0032","458","303","155","19","477","859","0","55.53","35.27"
"67","000","00","003","0302","0033","498","344","154","37","535","946","0","56.55","36.36"
"67","000","00","003","0302","0034","549","368","181","34","583","1116","0","52.24","32.97"
"67","000","00","003","0303","0000","554","398","156","29","583","1397","0","41.73","28.49"
"67","000","00","003","0303","0035","554","398","156","29","583","1397","0","41.73","28.49"
"67","000","00","003","0304","0000","691","464","227","62","753","1627","0","46.28","28.52"
"67","000","00","003","0304","0036","306","199","107","19","325","756","0","42.99","26.32"
"67","000","00","003","0304","0037","385","265","120","43","428","871","0","49.14","30.42"
"67","000","00","003","0305","0000","426","308","118","26","452","897","0","50.39","34.34"
"67","000","00","003","0305","0038","426","308","118","26","452","897","0","50.39","34.34"
"67","000","00","003","0306","0000","491","323","168","48","539","1356","0","39.75","23.82"
"67","000","00","003","0306","0039","256","175","81","33","289","784","0","36.86","22.32"
"67","000","00","003","0306","0040","235","148","87","15","250","572","0","43.71","25.87"
"67","000","00","003","0307","0000","150","104","46","10","160","457","0","35.01","22.76"
"67","000","00","003","0307","0041","150","104","46","10","160","457","0","35.01","22.76"
"67","000","00","003","0308","0000","227","172","55","13","240","600","0","40.0","28.67"
"67","000","00","003","0308","0042","227","172","55","13","240","600","0","40.0","28.67"
"67","000","00","003","0309","0000","111","71","40","5","116","375","0","30.93","18.93"
"67","000","00","003","0309","0043","111","71","40","5","116","375","0","30.93","18.93"
"67","000","00","003","0310","0000","145","94","51","10","155","508","0","30.51","18.5"
"67","000","00","003","0310","0044","145","94","51","10","155","508","0","30.51","18.5"
"67","000","00","003","0311","0000","468","361","107","42","510","1305","0","39.08","27.66"
"67","000","00","003","0311","0047","301","241","60","25","326","799","0","40.8","30.16"
"67","000","00","003","0311","0048","167","120","47","17","184","506","0","36.36","23.72"
"67","000","00","003","0312","0000","305","205","100","29","334","1022","0","32.68","20.06"
"67","000","00","003","0312","0045","196","128","68","15","211","631","0","33.44","20.29"
"67","000","00","003","0312","0046","109","77","32","14","123","391","0","31.46","19.69"
"67","000","00","003","0314","0000","500","328","172","45","545","1443","0","37.77","22.73"
"67","000","00","003","0314","0051","256","165","91","20","276","744","0","37.1","22.18"
"67","000","00","003","0314","0052","244","163","81","25","269","699","0","38.48","23.32"
"67","000","00","003","0318","0000","350","236","114","44","394","884","0","44.57","26.7"
"67","000","00","003","0318","0055","350","236","114","44","394","884","0","44.57","26.7"
"67","000","00","003","0319","0000","207","141","66","12","219","740","0","29.59","19.05"
"67","000","00","003","0319","0056","207","141","66","12","219","740","0","29.59","19.05"
"67","000","00","003","0320","0000","539","370","169","36","575","1334","0","43.1","27.74"
"67","000","00","003","0320","0057","539","370","169","36","575","1334","0","43.1","27.74"
"67","000","00","003","0321","0000","313","215","98","43","356","723","0","49.24","29.74"
"67","000","00","003","0321","0058","313","215","98","43","356","723","0","49.24","29.74"
"67","000","00","003","0322","0000","334","235","99","55","389","682","0","57.04","34.46"
"67","000","00","003","0322","0059","334","235","99","55","389","682","0","57.04","34.46"
"67","000","00","003","0325","0000","873","590","283","61","934","2011","0","46.44","29.34"
"67","000","00","003","0325","0049","335","224","111","38","373","832","0","44.83","26.92"
"67","000","00","003","0325","0050","538","366","172","23","561","1179","0","47.58","31.04"
"67","000","00","003","0326","0000","637","449","188","68","705","1492","0","47.25","30.09"
"67","000","00","003","0326","0053","231","170","61","8","239","633","0","37.76","26.86"
"67","000","00","003","0326","0054","406","279","127","60","466","859","0","54.25","32.48"
"67","000","00","003","0327","0000","592","383","209","79","671","1398","0","48.0","27.4"
"67","000","00","003","0327","0060","386","243","143","55","441","855","0","51.58","28.42"
"67","000","00","003","0327","0061","206","140","66","24","230","543","0","42.36","25.78"
"67","000","00","004","0000","0000","8762","6119","2643","733","9495","18804","21212","50.49","32.54"
"67","000","00","004","0401","0000","884","607","277","46","930","1791","0","51.93","33.89"
"67","000","00","004","0401","0165","545","372","173","34","579","1166","0","49.66","31.9"
"67","000","00","004","0401","0166","339","235","104","12","351","625","0","56.16","37.6"
"67","000","00","004","0402","0000","815","587","228","38","853","1572","0","54.26","37.34"
"67","000","00","004","0402","0167","327","236","91","26","353","738","0","47.83","31.98"
"67","000","00","004","0402","0168","488","351","137","12","500","834","0","59.95","42.09"
"67","000","00","004","0403","0000","513","362","151","29","542","1104","0","49.09","32.79"
"67","000","00","004","0403","0169","513","362","151","29","542","1104","0","49.09","32.79"
"67","000","00","004","0404","0000","1350","970","380","90","1440","2735","0","52.65","35.47"
"67","000","00","004","0404","0170","467","333","134","18","485","1015","0","47.78","32.81"
"67","000","00","004","0404","0171","883","637","246","72","955","1720","0","55.52","37.03"
"67","000","00","004","0405","0000","602","404","198","62","664","1391","0","47.74","29.04"
"67","000","00","004","0405","0172","602","404","198","62","664","1391","0","47.74","29.04"
"67","000","00","004","0406","0000","327","226","101","16","343","743","0","46.16","30.42"
"67","000","00","004","0406","0173","202","137","65","5","207","425","0","48.71","32.24"
"67","000","00","004","0406","0174","125","89","36","11","136","318","0","42.77","27.99"
"67","000","00","004","0407","0000","648","441","207","71","719","1483","0","48.48","29.74"
"67","000","00","004","0407","0175","343","225","118","32","375","753","0","49.8","29.88"
"67","000","00","004","0407","0176","305","216","89","39","344","730","0","47.12","29.59"
"67","000","00","004","0408","0000","898","624","274","69","967","1809","0","53.45","34.49"
"67","000","00","004","0408","0177","341","242","99","28","369","725","0","50.9","33.38"
"67","000","00","004","0408","0178","402","277","125","24","426","787","0","54.13","35.2"
"67","000","00","004","0408","0179","155","105","50","17","172","297","0","57.91","35.35"
"67","000","00","004","0409","0000","663","465","198","80","743","1313","0","56.59","35.42"
"67","000","00","004","0409","0180","339","239","100","37","376","673","0","55.87","35.51"
"67","000","00","004","0409","0181","324","226","98","43","367","640","0","57.34","35.31"
"67","000","00","004","0410","0000","259","156","103","30","289","660","0","43.79","23.64"
"67","000","00","004","0410","0182","259","156","103","30","289","660","0","43.79","23.64"
"67","000","00","004","0411","0000","592","437","155","56","648","1414","0","45.83","30.91"
"67","000","00","004","0411","0183","511","377","134","47","558","1212","0","46.04","31.11"
"67","000","00","004","0411","0184","81","60","21","9","90","202","0","44.55","29.7"
"67","000","00","004","0412","0000","532","371","161","61","593","1207","0","49.13","30.74"
"67","000","00","004","0412","0185","456","326","130","60","516","1049","0","49.19","31.08"
"67","000","00","004","0412","0186","76","45","31","1","77","158","0","48.73","28.48"
"67","000","00","004","0413","0000","679","469","210","85","764","1582","0","48.29","29.65"
"67","000","00","004","0413","0187","403","268","135","61","464","921","0","50.38","29.1"
"67","000","00","004","0413","0188","214","155","59","21","235","504","0","46.63","30.75"
"67","000","00","004","0413","0189","62","46","16","3","65","157","0","41.4","29.3"
"67","000","00","005","0000","0000","9045","6350","2695","847","9892","20841","23424","47.46","30.47"
"67","000","00","005","0501","0000","819","581","238","66","885","1641","0","53.93","35.41"
"67","000","00","005","0501","0001","381","266","115","45","426","743","0","57.34","35.8"
"67","000","00","005","0501","0002","438","315","123","21","459","898","0","51.11","35.08"
"67","000","00","005","0502","0000","593","416","177","71","664","1320","0","50.3","31.52"
"67","000","00","005","0502","0003","348","238","110","38","386","786","0","49.11","30.28"
"67","000","00","005","0502","0004","245","178","67","33","278","534","0","52.06","33.33"
"67","000","00","005","0503","0000","569","362","207","69","638","1266","0","50.39","28.59"
"67","000","00","005","0503","0005","479","318","161","53","532","1034","0","51.45","30.75"
"67","000","00","005","0503","0006","90","44","46","16","106","232","0","45.69","18.97"
"67","000","00","005","0504","0000","579","400","179","61","640","1316","0","48.63","30.4"
"67","000","00","005","0504","0007","201","140","61","34","235","479","0","49.06","29.23"
"67","000","00","005","0504","0008","378","260","118","27","405","837","0","48.39","31.06"
"67","000","00","005","0510","0000","555","407","148","45","600","1399","0","42.89","29.09"
"67","000","00","005","0510","0021","333","237","96","11","344","958","0","35.91","24.74"
"67","000","00","005","0510","0022","222","170","52","34","256","441","0","58.05","38.55"
"67","000","00","005","0511","0000","841","616","225","79","920","1673","0","54.99","36.82"
"67","000","00","005","0511","0023","333","226","107","44","377","677","0","55.69","33.38"
"67","000","00","005","0511","0024","508","390","118","35","543","996","0","54.52","39.16"
"67","000","00","005","0512","0000","552","388","164","26","578","1255","0","46.06","30.92"
"67","000","00","005","0512","0025","552","388","164","26","578","1255","0","46.06","30.92"
"67","000","00","005","0513","0000","514","358","156","28","542","1231","0","44.03","29.08"
"67","000","00","005","0513","0026","286","196","90","15","301","678","0","44.4","28.91"
"67","000","00","005","0513","0027","228","162","66","13","241","553","0","43.58","29.29"
"67","000","00","005","0514","0000","767","542","225","58","825","1805","0","45.71","30.03"
"67","000","00","005","0514","0028","219","154","65","19","238","616","0","38.64","25.0"
"67","000","00","005","0514","0029","548","388","160","39","587","1189","0","49.37","32.63"
"67","000","00","005","0518","0000","623","444","179","79","702","1475","0","47.59","30.1"
"67","000","00","005","0518","0013","155","115","40","24","179","371","0","48.25","31.0"
"67","000","00","005","0518","0014","303","210","93","30","333","676","0","49.26","31.07"
"67","000","00","005","0518","0015","165","119","46","25","190","428","0","44.39","27.8"
"67","000","00","005","0519","0000","429","324","105","49","478","1002","0","47.7","32.34"
"67","000","00","005","0519","0016","225","173","52","18","243","547","0","44.42","31.63"
"67","000","00","005","0519","0017","204","151","53","31","235","455","0","51.65","33.19"
"67","000","00","005","0522","0000","797","571","226","90","887","2003","0","44.28","28.51"
"67","000","00","005","0522","0018","391","287","104","44","435","984","0","44.21","29.17"
"67","000","00","005","0522","0019","201","132","69","24","225","483","0","46.58","27.33"
"67","000","00","005","0522","0020","205","152","53","22","227","536","0","42.35","28.36"
"67","000","00","005","0523","0000","835","551","284","56","891","2242","0","39.74","24.58"
"67","000","00","005","0523","0009","419","269","150","39","458","1085","0","42.21","24.79"
"67","000","00","005","0523","0010","416","282","134","17","433","1157","0","37.42","24.37"
"67","000","00","005","0524","0000","572","390","182","70","642","1213","0","52.93","32.15"
"67","000","00","005","0524","0011","341","251","90","45","386","755","0","51.13","33.25"
"67","000","00","005","0524","0012","231","139","92","25","256","458","0","55.9","30.35"
"67","000","00","006","0000","0000","6720","4753","1967","580","7300","18471","20870","39.52","25.73"
"67","000","00","006","0601","0000","572","412","160","38","610","1401","0","43.54","29.41"
"67","000","00","006","0601","0062","572","412","160","38","610","1401","0","43.54","29.41"
"67","000","00","006","0602","0000","972","670","302","72","1044","2488","0","41.96","26.93"
"67","000","00","006","0602","0063","488","351","137","22","510","1185","0","43.04","29.62"
"67","000","00","006","0602","0064","484","319","165","50","534","1303","0","40.98","24.48"
"67","000","00","006","0603","0000","526","363","163","57","583","1453","0","40.12","24.98"
"67","000","00","006","0603","0065","269","183","86","28","297","732","0","40.57","25.0"
"67","000","00","006","0603","0066","257","180","77","29","286","721","0","39.67","24.97"
"67","000","00","006","0604","0000","381","277","104","24","405","943","0","42.95","29.37"
"67","000","00","006","0604","0068","381","277","104","24","405","943","0","42.95","29.37"
"67","000","00","006","0605","0000","363","229","134","46","409","1104","0","37.05","20.74"
"67","000","00","006","0605","0067","363","229","134","46","409","1104","0","37.05","20.74"
"67","000","00","006","0606","0000","429","308","121","40","469","1249","0","37.55","24.66"
"67","000","00","006","0606","0069","172","127","45","1","173","653","0","26.49","19.45"
"67","000","00","006","0606","0070","257","181","76","39","296","596","0","49.66","30.37"
"67","000","00","006","0607","0000","358","239","119","41","399","878","0","45.44","27.22"
"67","000","00","006","0607","0071","358","239","119","41","399","878","0","45.44","27.22"
"67","000","00","006","0608","0000","99","70","29","7","106","425","0","24.94","16.47"
"67","000","00","006","0608","0075","99","70","29","7","106","425","0","24.94","16.47"
"67","000","00","006","0609","0000","140","109","31","11","151","394","0","38.32","27.66"
"67","000","00","006","0609","0076","140","109","31","11","151","394","0","38.32","27.66"
"67","000","00","006","0610","0000","173","127","46","19","192","373","0","51.47","34.05"
"67","000","00","006","0610","0077","173","127","46","19","192","373","0","51.47","34.05"
"67","000","00","006","0611","0000","718","552","166","45","763","2144","0","35.59","25.75"
"67","000","00","006","0611","0078","456","358","98","36","492","1257","0","39.14","28.48"
"67","000","00","006","0611","0079","262","194","68","9","271","887","0","30.55","21.87"
"67","000","00","006","0612","0000","191","142","49","12","203","658","0","30.85","21.58"
"67","000","00","006","0612","0080","191","142","49","12","203","658","0","30.85","21.58"
"67","000","00","006","0613","0000","320","229","91","24","344","1101","0","31.24","20.8"
"67","000","00","006","0613","0081","320","229","91","24","344","1101","0","31.24","20.8"
"67","000","00","006","0614","0000","320","231","89","15","335","1057","0","31.69","21.85"
"67","000","00","006","0614","0082","320","231","89","15","335","1057","0","31.69","21.85"
"67","000","00","006","0615","0000","388","279","109","39","427","909","0","46.97","30.69"
"67","000","00","006","0615","0083","280","204","76","30","310","639","0","48.51","31.92"
"67","000","00","006","0615","0084","108","75","33","9","117","270","0","43.33","27.78"
"67","000","00","006","0616","0000","770","516","254","90","860","1894","0","45.41","27.24"
"67","000","00","006","0616","0072","290","197","93","36","326","771","0","42.28","25.55"
"67","000","00","006","0616","0073","192","123","69","20","212","483","0","43.89","25.47"
"67","000","00","006","0616","0074","288","196","92","34","322","640","0","50.31","30.63"
"67","000","00","007","0000","0000","18120","12006","6114","948","19068","37963","44306","50.23","31.63"
"67","000","00","007","0703","0000","1389","895","494","73","1462","2587","0","56.51","34.6"
"67","000","00","007","0703","0385","661","429","232","41","702","1262","0","55.63","33.99"
"67","000","00","007","0703","0386","728","466","262","32","760","1325","0","57.36","35.17"
"67","000","00","007","0704","0000","1265","807","458","45","1310","2505","0","52.3","32.22"
"67","000","00","007","0704","0387","681","427","254","26","707","1384","0","51.08","30.85"
"67","000","00","007","0704","0388","584","380","204","19","603","1121","0","53.79","33.9"
"67","000","00","007","0705","0000","1063","678","385","39","1102","2120","0","51.98","31.98"
"67","000","00","007","0705","0383","279","190","89","16","295","523","0","56.41","36.33"
"67","000","00","007","0705","0384","784","488","296","23","807","1597","0","50.53","30.56"
"67","000","00","007","0706","0000","954","631","323","26","980","1975","0","49.62","31.95"
"67","000","00","007","0706","0389","495","325","170","8","503","1021","0","49.27","31.83"
"67","000","00","007","0706","0390","459","306","153","18","477","954","0","50.0","32.08"
"67","000","00","007","0707","0000","674","450","224","25","699","1513","0","46.2","29.74"
"67","000","00","007","0707","0391","674","450","224","25","699","1513","0","46.2","29.74"
"67","000","00","007","0709","0000","1628","1092","536","72","1700","3530","0","48.16","30.93"
"67","000","00","007","0709","0392","751","499","252","37","788","1726","0","45.65","28.91"
"67","000","00","007","0709","0393","877","593","284","35","912","1804","0","50.55","32.87"
"67","000","00","007","0710","0000","517","351","166","26","543","1106","0","49.1","31.74"
"67","000","00","007","0710","0394","517","351","166","26","543","1106","0","49.1","31.74"
"67","000","00","007","0711","0000","1371","905","466","81","1452","2805","0","51.76","32.26"
"67","000","00","007","0711","0395","757","488","269","33","790","1503","0","52.56","32.47"
"67","000","00","007","0711","0396","614","417","197","48","662","1302","0","50.84","32.03"
"67","000","00","007","0714","0000","1063","719","344","57","1120","2330","0","48.07","30.86"
"67","000","00","007","0714","0399","743","502","241","40","783","1612","0","48.57","31.14"
"67","000","00","007","0714","0400","320","217","103","17","337","718","0","46.94","30.22"
"67","000","00","007","0715","0000","727","511","216","23","750","1656","0","45.29","30.86"
"67","000","00","007","0715","0401","727","511","216","23","750","1656","0","45.29","30.86"
"67","000","00","007","0717","0000","1017","655","362","66","1083","2332","0","46.44","28.09"
"67","000","00","007","0717","0402","624","398","226","47","671","1355","0","49.52","29.37"
"67","000","00","007","0717","0403","393","257","136","19","412","977","0","42.17","26.31"
"67","000","00","007","0719","0000","939","607","332","50","989","2105","0","46.98","28.84"
"67","000","00","007","0719","0404","454","297","157","26","480","1012","0","47.43","29.35"
"67","000","00","007","0719","0405","332","205","127","18","350","626","0","55.91","32.75"
"67","000","00","007","0719","0406","153","105","48","6","159","467","0","34.05","22.48"
"67","000","00","007","0721","0000","571","396","175","24","595","1260","0","47.22","31.43"
"67","000","00","007","0721","0407","571","396","175","24","595","1260","0","47.22","31.43"
"67","000","00","007","0722","0000","553","393","160","46","599","1111","0","53.92","35.37"
"67","000","00","007","0722","0408","553","393","160","46","599","1111","0","53.92","35.37"
"67","000","00","007","0724","0000","658","408","250","65","723","1348","0","53.64","30.27"
"67","000","00","007","0724","0409","279","162","117","19","298","550","0","54.18","29.45"
"67","000","00","007","0724","0410","379","246","133","46","425","798","0","53.26","30.83"
"67","000","00","007","0728","0000","390","246","144","22","412","941","0","43.78","26.14"
"67","000","00","007","0728","0413","390","246","144","22","412","941","0","43.78","26.14"
"67","000","00","007","0730","0000","942","633","309","62","1004","1865","0","53.83","33.94"
"67","000","00","007","0730","0381","591","416","175","43","634","1205","0","52.61","34.52"
"67","000","00","007","0730","0382","351","217","134","19","370","660","0","56.06","32.88"
"67","000","00","007","0731","0000","789","530","259","72","861","1682","0","51.19","31.51"
"67","000","00","007","0731","0411","445","304","141","63","508","852","0","59.62","35.68"
"67","000","00","007","0731","0412","344","226","118","9","353","830","0","42.53","27.23"
"67","000","00","007","0732","0000","891","607","284","31","922","1770","0","52.09","34.29"
"67","000","00","007","0732","0414","608","411","197","22","630","1158","0","54.4","35.49"
"67","000","00","007","0732","0415","283","196","87","9","292","612","0","47.71","32.03"
"67","000","00","007","0733","0000","719","492","227","43","762","1422","0","53.59","34.6"
"67","000","00","007","0733","0397","310","201","109","14","324","645","0","50.23","31.16"
"67","000","00","007","0733","0398","409","291","118","29","438","777","0","56.37","37.45"
"67","000","00","008","0000","0000","9415","6638","2777","683","10098","20947","23938","48.21","31.69"
"67","000","00","008","0801","0000","670","493","177","38","708","1558","0","45.44","31.64"
"67","000","00","008","0801","0343","670","493","177","38","708","1558","0","45.44","31.64"
"67","000","00","008","0802","0000","824","556","268","77","901","2005","0","44.94","27.73"
"67","000","00","008","0802","0344","446","290","156","27","473","1112","0","42.54","26.08"
"67","000","00","008","0802","0345","378","266","112","50","428","893","0","47.93","29.79"
"67","000","00","008","0803","0000","679","499","180","39","718","1623","0","44.24","30.75"
"67","000","00","008","0803","0346","679","499","180","39","718","1623","0","44.24","30.75"
"67","000","00","008","0804","0000","726","499","227","63","789","1568","0","50.32","31.82"
"67","000","00","008","0804","0347","726","499","227","63","789","1568","0","50.32","31.82"
"67","000","00","008","0805","0000","924","677","247","32","956","1938","0","49.33","34.93"
"67","000","00","008","0805","0348","490","366","124","20","510","985","0","51.78","37.16"
"67","000","00","008","0805","0349","434","311","123","12","446","953","0","46.8","32.63"
"67","000","00","008","0806","0000","1058","743","315","54","1112","2108","0","52.75","35.25"
"67","000","00","008","0806","0350","488","345","143","17","505","1031","0","48.98","33.46"
"67","000","00","008","0806","0351","570","398","172","37","607","1077","0","56.36","36.95"
"67","000","00","008","0811","0000","885","617","268","55","940","1894","0","49.63","32.58"
"67","000","00","008","0811","0356","455","324","131","36","491","959","0","51.2","33.79"
"67","000","00","008","0811","0357","430","293","137","19","449","935","0","48.02","31.34"
"67","000","00","008","0812","0000","435","303","132","33","468","893","0","52.41","33.93"
"67","000","00","008","0812","0358","435","303","132","33","468","893","0","52.41","33.93"
"67","000","00","008","0813","0000","622","465","157","66","688","1293","0","53.21","35.96"
"67","000","00","008","0813","0359","622","465","157","66","688","1293","0","53.21","35.96"
"67","000","00","008","0816","0000","1020","709","311","76","1096","2255","0","48.6","31.44"
"67","000","00","008","0816","0354","548","380","168","53","601","1164","0","51.63","32.65"
"67","000","00","008","0816","0355","472","329","143","23","495","1091","0","45.37","30.16"
"67","000","00","008","0817","0000","622","423","199","48","670","1557","0","43.03","27.17"
"67","000","00","008","0817","0352","266","173","93","30","296","703","0","42.11","24.61"
"67","000","00","008","0817","0353","356","250","106","18","374","854","0","43.79","29.27"
"67","000","00","008","0818","0000","950","654","296","102","1052","2255","0","46.65","29.0"
"67","000","00","008","0818","0360","543","362","181","83","626","1185","0","52.83","30.55"
"67","000","00","008","0818","0361","407","292","115","19","426","1070","0","39.81","27.29"
"67","000","00","009","0000","0000","8609","5759","2850","710","9319","19144","22196","48.68","30.08"
"67","000","00","009","0901","0000","1400","917","483","85","1485","2908","0","51.07","31.53"
"67","000","00","009","0901","0362","432","289","143","38","470","819","0","57.39","35.29"
"67","000","00","009","0901","0363","322","222","100","14","336","645","0","52.09","34.42"
"67","000","00","009","0901","0364","646","406","240","33","679","1444","0","47.02","28.12"
"67","000","00","009","0902","0000","1124","715","409","88","1212","2725","0","44.48","26.24"
"67","000","00","009","0902","0365","630","407","223","50","680","1554","0","43.76","26.19"
"67","000","00","009","0902","0366","494","308","186","38","532","1171","0","45.43","26.3"
"67","000","00","009","0903","0000","606","396","210","48","654","1351","0","48.41","29.31"
"67","000","00","009","0903","0367","606","396","210","48","654","1351","0","48.41","29.31"
"67","000","00","009","0905","0000","807","526","281","104","911","1929","0","47.23","27.27"
"67","000","00","009","0905","0368","412","275","137","57","469","1010","0","46.44","27.23"
"67","000","00","009","0905","0369","395","251","144","47","442","919","0","48.1","27.31"
"67","000","00","009","0906","0000","1492","1053","439","144","1636","3360","0","48.69","31.34"
"67","000","00","009","0906","0370","613","399","214","54","667","1369","0","48.72","29.15"
"67","000","00","009","0906","0371","478","317","161","39","517","976","0","52.97","32.48"
"67","000","00","009","0906","0372","401","337","64","51","452","1015","0","44.53","33.2"
"67","000","00","009","0907","0000","959","649","310","72","1031","2115","0","48.75","30.69"
"67","000","00","009","0907","0373","510","342","168","34","544","1176","0","46.26","29.08"
"67","000","00","009","0907","0374","449","307","142","38","487","939","0","51.86","32.69"
"67","000","00","009","0908","0000","780","514","266","59","839","1593","0","52.67","32.27"
"67","000","00","009","0908","0375","343","227","116","32","375","712","0","52.67","31.88"
"67","000","00","009","0908","0376","437","287","150","27","464","881","0","52.67","32.58"
"67","000","00","009","0909","0000","637","421","216","57","694","1184","0","58.61","35.56"
"67","000","00","009","0909","0377","637","421","216","57","694","1184","0","58.61","35.56"
"67","000","00","009","0910","0000","345","252","93","22","367","599","0","61.27","42.07"
"67","000","00","009","0910","0378","345","252","93","22","367","599","0","61.27","42.07"
"67","000","00","009","0911","0000","231","165","66","8","239","759","0","31.49","21.74"
"67","000","00","009","0911","0379","231","165","66","8","239","759","0","31.49","21.74"
"67","000","00","009","0912","0000","228","151","77","23","251","621","0","40.42","24.32"
"67","000","00","009","0912","0380","228","151","77","23","251","621","0","40.42","24.32"
"67","000","00","010","0000","0000","8700","5914","2786","632","9332","18675","21329","49.97","31.67"
"67","000","00","010","1001","0000","941","653","288","50","991","2069","0","47.9","31.56"
"67","000","00","010","1001","0416","505","361","144","13","518","1104","0","46.92","32.7"
"67","000","00","010","1001","0417","436","292","144","37","473","965","0","49.02","30.26"
"67","000","00","010","1002","0000","1458","1030","428","173","1631","3055","0","53.39","33.72"
"67","000","00","010","1002","0418","689","472","217","32","721","1402","0","51.43","33.67"
"67","000","00","010","1002","0419","769","558","211","141","910","1653","0","55.05","33.76"
"67","000","00","010","1005","0000","128","80","48","5","133","402","0","33.08","19.9"
"67","000","00","010","1005","0422","128","80","48","5","133","402","0","33.08","19.9"
"67","000","00","010","1006","0000","915","634","281","45","960","1957","0","49.05","32.4"
"67","000","00","010","1006","0423","493","336","157","17","510","982","0","51.93","34.22"
"67","000","00","010","1006","0424","422","298","124","28","450","975","0","46.15","30.56"
"67","000","00","010","1007","0000","1681","1111","570","77","1758","3375","0","52.09","32.92"
"67","000","00","010","1007","0425","376","242","134","23","399","802","0","49.75","30.17"
"67","000","00","010","1007","0426","592","409","183","28","620","1118","0","55.46","36.58"
"67","000","00","010","1007","0427","713","460","253","26","739","1455","0","50.79","31.62"
"67","000","00","010","1008","0000","582","399","183","29","611","1208","0","50.58","33.03"
"67","000","00","010","1008","0428","582","399","183","29","611","1208","0","50.58","33.03"
"67","000","00","010","1013","0000","362","255","107","21","383","873","0","43.87","29.21"
"67","000","00","010","1013","0435","362","255","107","21","383","873","0","43.87","29.21"
"67","000","00","010","1014","0000","533","347","186","46","579","1250","0","46.32","27.76"
"67","000","00","010","1014","0420","417","266","151","36","453","966","0","46.89","27.54"
"67","000","00","010","1014","0421","116","81","35","10","126","284","0","44.37","28.52"
"67","000","00","010","1015","0000","1274","849","425","101","1375","2586","0","53.17","32.83"
"67","000","00","010","1015","0431","234","162","72","14","248","501","0","49.5","32.34"
"67","000","00","010","1015","0432","368","239","129","40","408","728","0","56.04","32.83"
"67","000","00","010","1015","0433","425","282","143","15","440","842","0","52.26","33.49"
"67","000","00","010","1015","0434","247","166","81","32","279","515","0","54.17","32.23"
"67","000","00","010","1016","0000","826","556","270","85","911","1900","0","47.95","29.26"
"67","000","00","010","1016","0429","583","396","187","65","648","1293","0","50.12","30.63"
"67","000","00","010","1016","0430","243","160","83","20","263","607","0","43.33","26.36"
"67","000","00","011","0000","0000","3935","2824","1111","334","4269","8654","9643","49.33","32.63"
"67","000","00","011","1101","0000","394","294","100","30","424","1021","0","41.53","28.8"
"67","000","00","011","1101","0436","309","230","79","26","335","759","0","44.14","30.3"
"67","000","00","011","1101","0437","85","64","21","4","89","262","0","33.97","24.43"
"67","000","00","011","1102","0000","251","171","80","12","263","646","0","40.71","26.47"
"67","000","00","011","1102","0438","251","171","80","12","263","646","0","40.71","26.47"
"67","000","00","011","1103","0000","578","404","174","35","613","1473","0","41.62","27.43"
"67","000","00","011","1103","0439","578","404","174","35","613","1473","0","41.62","27.43"
"67","000","00","011","1104","0000","449","345","104","52","501","915","0","54.75","37.7"
"67","000","00","011","1104","0440","449","345","104","52","501","915","0","54.75","37.7"
"67","000","00","011","1105","0000","399","266","133","41","440","779","0","56.48","34.15"
"67","000","00","011","1105","0441","399","266","133","41","440","779","0","56.48","34.15"
"67","000","00","011","1106","0000","348","213","135","45","393","637","0","61.7","33.44"
"67","000","00","011","1106","0442","348","213","135","45","393","637","0","61.7","33.44"
"67","000","00","011","1107","0000","461","320","141","22","483","993","0","48.64","32.23"
"67","000","00","011","1107","0443","461","320","141","22","483","993","0","48.64","32.23"
"67","000","00","011","1108","0000","387","302","85","30","417","766","0","54.44","39.43"
"67","000","00","011","1108","0444","387","302","85","30","417","766","0","54.44","39.43"
"67","000","00","011","1109","0000","405","308","97","38","443","841","0","52.68","36.62"
"67","000","00","011","1109","0445","405","308","97","38","443","841","0","52.68","36.62"
"67","000","00","011","1110","0000","263","201","62","29","292","583","0","50.09","34.48"
"67","000","00","011","1110","0446","263","201","62","29","292","583","0","50.09","34.48"
"67","000","00","012","0000","0000","25204","17476","7728","1549","26753","50407","59087","53.07","34.67"
"67","000","00","012","1201","0000","1197","808","389","80","1277","2220","0","57.52","36.4"
"67","000","00","012","1201","0282","730","499","231","52","782","1391","0","56.22","35.87"
"67","000","00","012","1201","0283","467","309","158","28","495","829","0","59.71","37.27"
"67","000","00","012","1202","0000","1298","913","385","55","1353","2853","0","47.42","32.0"
"67","000","00","012","1202","0284","650","462","188","38","688","1401","0","49.11","32.98"
"67","000","00","012","1202","0285","648","451","197","17","665","1452","0","45.8","31.06"
"67","000","00","012","1203","0000","2761","1943","818","197","2958","5611","0","52.72","34.63"
"67","000","00","012","1203","0286","682","498","184","39","721","1382","0","52.17","36.03"
"67","000","00","012","1203","0287","726","505","221","53","779","1463","0","53.25","34.52"
"67","000","00","012","1203","0288","600","431","169","45","645","1280","0","50.39","33.67"
"67","000","00","012","1203","0289","753","509","244","60","813","1486","0","54.71","34.25"
"67","000","00","012","1204","0000","2020","1372","648","123","2143","4204","0","50.98","32.64"
"67","000","00","012","1204","0297","691","459","232","33","724","1425","0","50.81","32.21"
"67","000","00","012","1204","0298","627","433","194","32","659","1255","0","52.51","34.5"
"67","000","00","012","1204","0299","702","480","222","58","760","1524","0","49.87","31.5"
"67","000","00","012","1205","0000","3012","2081","931","200","3212","5877","0","54.65","35.41"
"67","000","00","012","1205","0290","727","475","252","43","770","1378","0","55.88","34.47"
"67","000","00","012","1205","0291","789","552","237","50","839","1505","0","55.75","36.68"
"67","000","00","012","1205","0292","914","652","262","56","970","1860","0","52.15","35.05"
"67","000","00","012","1205","0293","582","402","180","51","633","1134","0","55.82","35.45"
"67","000","00","012","1206","0000","2045","1396","649","88","2133","4059","0","52.55","34.39"
"67","000","00","012","1206","0303","697","464","233","41","738","1381","0","53.44","33.6"
"67","000","00","012","1206","0304","658","451","207","31","689","1364","0","50.51","33.06"
"67","000","00","012","1206","0305","690","481","209","16","706","1314","0","53.73","36.61"
"67","000","00","012","1207","0000","1098","772","326","73","1171","2125","0","55.11","36.33"
"67","000","00","012","1207","0306","617","428","189","36","653","1164","0","56.1","36.77"
"67","000","00","012","1207","0307","481","344","137","37","518","961","0","53.9","35.8"
"67","000","00","012","1212","0000","997","721","276","74","1071","2209","0","48.48","32.64"
"67","000","00","012","1212","0312","679","497","182","46","725","1507","0","48.11","32.98"
"67","000","00","012","1212","0313","318","224","94","28","346","702","0","49.29","31.91"
"67","000","00","012","1219","0000","727","548","179","54","781","1513","0","51.62","36.22"
"67","000","00","012","1219","0319","727","548","179","54","781","1513","0","51.62","36.22"
"67","000","00","012","1220","0000","1073","713","360","91","1164","2410","0","48.3","29.59"
"67","000","00","012","1220","0320","314","223","91","17","331","714","0","46.36","31.23"
"67","000","00","012","1220","0321","331","214","117","42","373","745","0","50.07","28.72"
"67","000","00","012","1220","0322","428","276","152","32","460","951","0","48.37","29.02"
"67","000","00","012","1222","0000","505","343","162","41","546","1072","0","50.93","32.0"
"67","000","00","012","1222","0310","332","230","102","28","360","689","0","52.25","33.38"
"67","000","00","012","1222","0311","173","113","60","13","186","383","0","48.56","29.5"
"67","000","00","012","1223","0000","2621","1757","864","110","2731","5111","0","53.43","34.38"
"67","000","00","012","1223","0294","733","492","241","31","764","1426","0","53.58","34.5"
"67","000","00","012","1223","0295","906","600","306","37","943","1779","0","53.01","33.73"
"67","000","00","012","1223","0296","982","665","317","42","1024","1906","0","53.73","34.89"
"67","000","00","012","1224","0000","1085","758","327","71","1156","2137","0","54.09","35.47"
"67","000","00","012","1224","0308","596","417","179","45","641","1218","0","52.63","34.24"
"67","000","00","012","1224","0309","489","341","148","26","515","919","0","56.04","37.11"
"67","000","00","012","1225","0000","1103","827","276","69","1172","1844","0","63.56","44.85"
"67","000","00","012","1225","0314","474","354","120","32","506","907","0","55.79","39.03"
"67","000","00","012","1225","0315","629","473","156","37","666","937","0","71.08","50.48"
"67","000","00","012","1226","0000","1345","928","417","118","1463","2798","0","52.29","33.17"
"67","000","00","012","1226","0316","499","328","171","56","555","1030","0","53.88","31.84"
"67","000","00","012","1226","0317","476","326","150","40","516","981","0","52.6","33.23"
"67","000","00","012","1226","0318","370","274","96","22","392","787","0","49.81","34.82"
"67","000","00","012","1227","0000","2317","1596","721","105","2422","4364","0","55.5","36.57"
"67","000","00","012","1227","0300","809","524","285","30","839","1631","0","51.44","32.13"
"67","000","00","012","1227","0301","835","600","235","36","871","1546","0","56.34","38.81"
"67","000","00","012","1227","0302","673","472","201","39","712","1187","0","59.98","39.76"
"67","000","00","013","0000","0000","10331","7157","3174","600","10931","22567","25725","48.44","31.71"
"67","000","00","013","1301","0000","1886","1319","567","123","2009","3852","0","52.15","34.24"
"67","000","00","013","1301","0216","674","475","199","35","709","1370","0","51.75","34.67"
"67","000","00","013","1301","0217","577","405","172","37","614","1117","0","54.97","36.26"
"67","000","00","013","1301","0218","635","439","196","51","686","1365","0","50.26","32.16"
"67","000","00","013","1302","0000","1079","747","332","35","1114","2235","0","49.84","33.42"
"67","000","00","013","1302","0221","515","343","172","19","534","1052","0","50.76","32.6"
"67","000","00","013","1302","0222","564","404","160","16","580","1183","0","49.03","34.15"
"67","000","00","013","1303","0000","464","328","136","22","486","1238","0","39.26","26.49"
"67","000","00","013","1303","0227","315","227","88","17","332","832","0","39.9","27.28"
"67","000","00","013","1303","0228","149","101","48","5","154","406","0","37.93","24.88"
"67","000","00","013","1304","0000","404","284","120","25","429","818","0","52.44","34.72"
"67","000","00","013","1304","0229","404","284","120","25","429","818","0","52.44","34.72"
"67","000","00","013","1305","0000","878","622","256","46","924","1900","0","48.63","32.74"
"67","000","00","013","1305","0213","314","218","96","26","340","635","0","53.54","34.33"
"67","000","00","013","1305","0214","377","261","116","9","386","822","0","46.96","31.75"
"67","000","00","013","1305","0215","187","143","44","11","198","443","0","44.7","32.28"
"67","000","00","013","1306","0000","1271","845","426","60","1331","2409","0","55.25","35.08"
"67","000","00","013","1306","0208","459","306","153","32","491","862","0","56.96","35.5"
"67","000","00","013","1306","0209","346","234","112","9","355","611","0","58.1","38.3"
"67","000","00","013","1306","0210","466","305","161","19","485","936","0","51.82","32.59"
"67","000","00","013","1307","0000","964","634","330","44","1008","1935","0","52.09","32.76"
"67","000","00","013","1307","0211","494","328","166","28","522","1066","0","48.97","30.77"
"67","000","00","013","1307","0212","470","306","164","16","486","869","0","55.93","35.21"
"67","000","00","013","1308","0000","500","327","173","59","559","1241","0","45.04","26.35"
"67","000","00","013","1308","0224","500","327","173","59","559","1241","0","45.04","26.35"
"67","000","00","013","1309","0000","404","273","131","14","418","1052","0","39.73","25.95"
"67","000","00","013","1309","0230","404","273","131","14","418","1052","0","39.73","25.95"
"67","000","00","013","1310","0000","910","644","266","77","987","2116","0","46.64","30.43"
"67","000","00","013","1310","0219","670","474","196","47","717","1489","0","48.15","31.83"
"67","000","00","013","1310","0220","240","170","70","30","270","627","0","43.06","27.11"
"67","000","00","013","1311","0000","413","294","119","14","427","979","0","43.62","30.03"
"67","000","00","013","1311","0223","413","294","119","14","427","979","0","43.62","30.03"
"67","000","00","013","1312","0000","581","409","172","33","614","1369","0","44.85","29.88"
"67","000","00","013","1312","0231","245","157","88","10","255","578","0","44.12","27.16"
"67","000","00","013","1312","0232","170","122","48","12","182","430","0","42.33","28.37"
"67","000","00","013","1312","0233","166","130","36","11","177","361","0","49.03","36.01"
"67","000","00","013","1313","0000","577","431","146","48","625","1423","0","43.92","30.29"
"67","000","00","013","1313","0225","320","236","84","20","340","843","0","40.33","28.0"
"67","000","00","013","1313","0226","257","195","62","28","285","580","0","49.14","33.62"
"67","000","00","014","0000","0000","9763","6625","3138","552","10315","21564","24724","47.83","30.72"
"67","000","00","014","1401","0000","1519","1021","498","62","1581","3148","0","50.22","32.43"
"67","000","00","014","1401","0323","463","327","136","11","474","933","0","50.8","35.05"
"67","000","00","014","1401","0324","451","276","175","24","475","901","0","52.72","30.63"
"67","000","00","014","1401","0325","605","418","187","27","632","1314","0","48.1","31.81"
"67","000","00","014","1402","0000","1021","672","349","58","1079","2401","0","44.94","27.99"
"67","000","00","014","1402","0329","710","462","248","45","755","1663","0","45.4","27.78"
"67","000","00","014","1402","0330","311","210","101","13","324","738","0","43.9","28.46"
"67","000","00","014","1403","0000","785","523","262","59","844","1593","0","52.98","32.83"
"67","000","00","014","1403","0331","611","410","201","42","653","1211","0","53.92","33.86"
"67","000","00","014","1403","0332","174","113","61","17","191","382","0","50.0","29.58"
"67","000","00","014","1404","0000","756","529","227","34","790","1624","0","48.65","32.57"
"67","000","00","014","1404","0333","364","252","112","24","388","786","0","49.36","32.06"
"67","000","00","014","1404","0334","392","277","115","10","402","838","0","47.97","33.05"
"67","000","00","014","1405","0000","586","380","206","37","623","1449","0","43.0","26.22"
"67","000","00","014","1405","0335","586","380","206","37","623","1449","0","43.0","26.22"
"67","000","00","014","1406","0000","589","393","196","36","625","1479","0","42.26","26.57"
"67","000","00","014","1406","0336","589","393","196","36","625","1479","0","42.26","26.57"
"67","000","00","014","1407","0000","392","289","103","40","432","763","0","56.62","37.88"
"67","000","00","014","1407","0337","392","289","103","40","432","763","0","56.62","37.88"
"67","000","00","014","1408","0000","557","380","177","22","579","1297","0","44.64","29.3"
"67","000","00","014","1408","0338","557","380","177","22","579","1297","0","44.64","29.3"
"67","000","00","014","1409","0000","648","438","210","31","679","1393","0","48.74","31.44"
"67","000","00","014","1409","0339","648","438","210","31","679","1393","0","48.74","31.44"
"67","000","00","014","1410","0000","591","404","187","34","625","1349","0","46.33","29.95"
"67","000","00","014","1410","0340","388","267","121","16","404","958","0","42.17","27.87"
"67","000","00","014","1410","0341","203","137","66","18","221","391","0","56.52","35.04"
"67","000","00","014","1411","0000","389","272","117","34","423","805","0","52.55","33.79"
"67","000","00","014","1411","0342","389","272","117","34","423","805","0","52.55","33.79"
"67","000","00","014","1412","0000","1930","1324","606","105","2035","4263","0","47.74","31.06"
"67","000","00","014","1412","0326","643","436","207","49","692","1349","0","51.3","32.32"
"67","000","00","014","1412","0327","536","381","155","31","567","1014","0","55.92","37.57"
"67","000","00","014","1412","0328","751","507","244","25","776","1900","0","40.84","26.68"
"67","000","00","015","0000","0000","9097","6592","2505","565","9662","19950","22810","48.43","33.04"
"67","000","00","015","1501","0000","538","376","162","19","557","1042","0","53.45","36.08"
"67","000","00","015","1501","0258","250","168","82","10","260","534","0","48.69","31.46"
"67","000","00","015","1501","0259","288","208","80","9","297","508","0","58.46","40.94"
"67","000","00","015","1502","0000","266","186","80","3","269","665","0","40.45","27.97"
"67","000","00","015","1502","0260","266","186","80","3","269","665","0","40.45","27.97"
"67","000","00","015","1504","0000","370","273","97","18","388","834","0","46.52","32.73"
"67","000","00","015","1504","0261","370","273","97","18","388","834","0","46.52","32.73"
"67","000","00","015","1505","0000","386","311","75","16","402","810","0","49.63","38.4"
"67","000","00","015","1505","0262","386","311","75","16","402","810","0","49.63","38.4"
"67","000","00","015","1506","0000","197","164","33","8","205","480","0","42.71","34.17"
"67","000","00","015","1506","0263","197","164","33","8","205","480","0","42.71","34.17"
"67","000","00","015","1507","0000","170","133","37","15","185","445","0","41.57","29.89"
"67","000","00","015","1507","0264","170","133","37","15","185","445","0","41.57","29.89"
"67","000","00","015","1508","0000","683","524","159","38","721","1618","0","44.56","32.39"
"67","000","00","015","1508","0266","355","270","85","20","375","838","0","44.75","32.22"
"67","000","00","015","1508","0267","328","254","74","18","346","780","0","44.36","32.56"
"67","000","00","015","1509","0000","192","130","62","8","200","350","0","57.14","37.14"
"67","000","00","015","1509","0268","192","130","62","8","200","350","0","57.14","37.14"
"67","000","00","015","1510","0000","486","334","152","46","532","907","0","58.65","36.82"
"67","000","00","015","1510","0269","486","334","152","46","532","907","0","58.65","36.82"
"67","000","00","015","1511","0000","338","258","80","18","356","780","0","45.64","33.08"
"67","000","00","015","1511","0270","338","258","80","18","356","780","0","45.64","33.08"
"67","000","00","015","1512","0000","1165","843","322","73","1238","2571","0","48.15","32.79"
"67","000","00","015","1512","0271","709","491","218","55","764","1658","0","46.08","29.61"
"67","000","00","015","1512","0272","456","352","104","18","474","913","0","51.92","38.55"
"67","000","00","015","1515","0000","815","557","258","69","884","1898","0","46.58","29.35"
"67","000","00","015","1515","0273","544","368","176","57","601","1202","0","50.0","30.62"
"67","000","00","015","1515","0274","271","189","82","12","283","696","0","40.66","27.16"
"67","000","00","015","1517","0000","208","153","55","10","218","680","0","32.06","22.5"
"67","000","00","015","1517","0265","208","153","55","10","218","680","0","32.06","22.5"
"67","000","00","015","1518","0000","674","476","198","50","724","1269","0","57.05","37.51"
"67","000","00","015","1518","0275","313","211","102","23","336","647","0","51.93","32.61"
"67","000","00","015","1518","0276","361","265","96","27","388","622","0","62.38","42.6"
"67","000","00","015","1519","0000","954","675","279","65","1019","1873","0","54.4","36.04"
"67","000","00","015","1519","0277","640","482","158","46","686","1175","0","58.38","41.02"
"67","000","00","015","1519","0278","314","193","121","19","333","698","0","47.71","27.65"
"67","000","00","015","1521","0000","477","354","123","38","515","983","0","52.39","36.01"
"67","000","00","015","1521","0279","477","354","123","38","515","983","0","52.39","36.01"
"67","000","00","015","1522","0000","604","454","150","32","636","1366","0","46.56","33.24"
"67","000","00","015","1522","0280","604","454","150","32","636","1366","0","46.56","33.24"
"67","000","00","015","1523","0000","574","391","183","39","613","1379","0","44.45","28.35"
"67","000","00","015","1523","0281","574","391","183","39","613","1379","0","44.45","28.35"
"67","000","00","016","0000","0000","7961","5782","2179","505","8466","17754","19691","47.69","32.57"
"67","000","00","016","1601","0000","610","423","187","41","651","1110","0","58.65","38.11"
"67","000","00","016","1601","0234","610","423","187","41","651","1110","0","58.65","38.11"
"67","000","00","016","1613","0000","353","261","92","17","370","849","0","43.58","30.74"
"67","000","00","016","1613","0250","353","261","92","17","370","849","0","43.58","30.74"
"67","000","00","016","1614","0000","250","180","70","18","268","645","0","41.55","27.91"
"67","000","00","016","1614","0251","250","180","70","18","268","645","0","41.55","27.91"
"67","000","00","016","1615","0000","516","413","103","42","558","1353","0","41.24","30.52"
"67","000","00","016","1615","0252","288","228","60","25","313","690","0","45.36","33.04"
"67","000","00","016","1615","0253","228","185","43","17","245","663","0","36.95","27.9"
"67","000","00","016","1616","0000","537","411","126","22","559","1175","0","47.57","34.98"
"67","000","00","016","1616","0254","537","411","126","22","559","1175","0","47.57","34.98"
"67","000","00","016","1617","0000","814","585","229","86","900","1898","0","47.42","30.82"
"67","000","00","016","1617","0255","317","235","82","26","343","837","0","40.98","28.08"
"67","000","00","016","1617","0256","497","350","147","60","557","1061","0","52.5","32.99"
"67","000","00","016","1618","0000","404","311","93","17","421","976","0","43.14","31.86"
"67","000","00","016","1618","0257","404","311","93","17","421","976","0","43.14","31.86"
"67","000","00","016","1619","0000","467","351","116","24","491","1223","0","40.15","28.7"
"67","000","00","016","1619","0245","255","185","70","10","265","650","0","40.77","28.46"
"67","000","00","016","1619","0246","212","166","46","14","226","573","0","39.44","28.97"
"67","000","00","016","1620","0000","1148","815","333","55","1203","2387","0","50.4","34.14"
"67","000","00","016","1620","0235","679","474","205","28","707","1418","0","49.86","33.43"
"67","000","00","016","1620","0236","469","341","128","27","496","969","0","51.19","35.19"
"67","000","00","016","1621","0000","1214","848","366","70","1284","2482","0","51.73","34.17"
"67","000","00","016","1621","0237","288","199","89","29","317","519","0","61.08","38.34"
"67","000","00","016","1621","0238","545","384","161","13","558","1106","0","50.45","34.72"
"67","000","00","016","1621","0239","251","168","83","23","274","542","0","50.55","31.0"
"67","000","00","016","1621","0240","130","97","33","5","135","315","0","42.86","30.79"
"67","000","00","016","1622","0000","902","619","283","63","965","2032","0","47.49","30.46"
"67","000","00","016","1622","0241","266","188","78","15","281","584","0","48.12","32.19"
"67","000","00","016","1622","0242","178","120","58","9","187","398","0","46.98","30.15"
"67","000","00","016","1622","0243","245","167","78","22","267","608","0","43.91","27.47"
"67","000","00","016","1622","0244","213","144","69","17","230","442","0","52.04","32.58"
"67","000","00","016","1623","0000","746","565","181","50","796","1624","0","49.01","34.79"
"67","000","00","016","1623","0247","268","202","66","10","278","617","0","45.06","32.74"
"67","000","00","016","1623","0248","272","206","66","23","295","573","0","51.48","35.95"
"67","000","00","016","1623","0249","206","157","49","17","223","434","0","51.38","36.18"
"67","000","00","017","0000","0000","4013","2877","1136","245","4258","9925","11099","42.9","28.99"
"67","000","00","017","1701","0000","573","444","129","23","596","1341","0","44.44","33.11"
"67","000","00","017","1701","0196","315","247","68","10","325","742","0","43.8","33.29"
"67","000","00","017","1701","0197","258","197","61","13","271","599","0","45.24","32.89"
"67","000","00","017","1702","0000","167","117","50","12","179","473","0","37.84","24.74"
"67","000","00","017","1702","0201","167","117","50","12","179","473","0","37.84","24.74"
"67","000","00","017","1705","0000","398","292","106","18","416","838","0","49.64","34.84"
"67","000","00","017","1705","0192","195","153","42","7","202","456","0","44.3","33.55"
"67","000","00","017","1705","0193","203","139","64","11","214","382","0","56.02","36.39"
"67","000","00","017","1706","0000","342","241","101","12","354","954","0","37.11","25.26"
"67","000","00","017","1706","0202","342","241","101","12","354","954","0","37.11","25.26"
"67","000","00","017","1707","0000","407","272","135","35","442","1200","0","36.83","22.67"
"67","000","00","017","1707","0204","225","148","77","11","236","679","0","34.76","21.8"
"67","000","00","017","1707","0205","182","124","58","24","206","521","0","39.54","23.8"
"67","000","00","017","1709","0000","338","243","95","15","353","745","0","47.38","32.62"
"67","000","00","017","1709","0194","173","122","51","12","185","356","0","51.97","34.27"
"67","000","00","017","1709","0195","165","121","44","3","168","389","0","43.19","31.11"
"67","000","00","017","1711","0000","369","260","109","33","402","737","0","54.55","35.28"
"67","000","00","017","1711","0203","369","260","109","33","402","737","0","54.55","35.28"
"67","000","00","017","1713","0000","387","269","118","23","410","885","0","46.33","30.4"
"67","000","00","017","1713","0190","236","156","80","8","244","484","0","50.41","32.23"
"67","000","00","017","1713","0191","151","113","38","15","166","401","0","41.4","28.18"
"67","000","00","017","1714","0000","565","410","155","43","608","1484","0","40.97","27.63"
"67","000","00","017","1714","0198","225","167","58","25","250","594","0","42.09","28.11"
"67","000","00","017","1714","0199","235","175","60","13","248","572","0","43.36","30.59"
"67","000","00","017","1714","0200","105","68","37","5","110","318","0","34.59","21.38"
"67","000","00","017","1715","0000","467","329","138","31","498","1268","0","39.27","25.95"
"67","000","00","017","1715","0206","220","166","54","22","242","632","0","38.29","26.27"
"67","000","00","017","1715","0207","247","163","84","9","256","636","0","40.25","25.63"
"67","000","00","018","0000","0000","19263","13367","5896","1024","20287","37296","43516","54.39","35.84"
"67","000","00","018","1801","0000","1790","1237","553","105","1895","3165","0","59.87","39.08"
"67","000","00","018","1801","0581","425","317","108","30","455","746","0","60.99","42.49"
"67","000","00","018","1801","0582","619","413","206","35","654","1102","0","59.35","37.48"
"67","000","00","018","1801","0583","211","152","59","8","219","370","0","59.19","41.08"
"67","000","00","018","1801","0584","535","355","180","32","567","947","0","59.87","37.49"
"67","000","00","018","1802","0000","2053","1425","628","119","2172","3951","0","54.97","36.07"
"67","000","00","018","1802","0585","585","430","155","29","614","1154","0","53.21","37.26"
"67","000","00","018","1802","0586","561","351","210","46","607","1082","0","56.1","32.44"
"67","000","00","018","1802","0587","579","408","171","32","611","1075","0","56.84","37.95"
"67","000","00","018","1802","0588","328","236","92","12","340","640","0","53.13","36.88"
"67","000","00","018","1803","0000","1355","949","406","59","1414","2757","0","51.29","34.42"
"67","000","00","018","1803","0589","207","145","62","14","221","410","0","53.9","35.37"
"67","000","00","018","1803","0590","263","192","71","19","282","533","0","52.91","36.02"
"67","000","00","018","1803","0591","476","325","151","12","488","836","0","58.37","38.88"
"67","000","00","018","1803","0592","409","287","122","14","423","978","0","43.25","29.35"
"67","000","00","018","1804","0000","2233","1503","730","125","2358","4380","0","53.84","34.32"
"67","000","00","018","1804","0593","732","473","259","35","767","1348","0","56.9","35.09"
"67","000","00","018","1804","0594","501","332","169","36","537","1015","0","52.91","32.71"
"67","000","00","018","1804","0595","575","410","165","23","598","1228","0","48.7","33.39"
"67","000","00","018","1804","0596","425","288","137","31","456","789","0","57.79","36.5"
"67","000","00","018","1809","0000","1752","1233","519","63","1815","3272","0","55.47","37.68"
"67","000","00","018","1809","0597","544","376","168","15","559","1022","0","54.7","36.79"
"67","000","00","018","1809","0598","525","396","129","17","542","1021","0","53.09","38.79"
"67","000","00","018","1809","0599","683","461","222","31","714","1229","0","58.1","37.51"
"67","000","00","018","1810","0000","1016","696","320","37","1053","2165","0","48.64","32.15"
"67","000","00","018","1810","0600","588","399","189","14","602","1153","0","52.21","34.61"
"67","000","00","018","1810","0601","428","297","131","23","451","1012","0","44.57","29.35"
"67","000","00","018","1811","0000","776","515","261","35","811","1458","0","55.62","35.32"
"67","000","00","018","1811","0602","776","515","261","35","811","1458","0","55.62","35.32"
"67","000","00","018","1812","0000","1754","1216","538","65","1819","3220","0","56.49","37.76"
"67","000","00","018","1812","0603","897","632","265","29","926","1645","0","56.29","38.42"
"67","000","00","018","1812","0604","568","386","182","25","593","1016","0","58.37","37.99"
"67","000","00","018","1812","0605","289","198","91","11","300","559","0","53.67","35.42"
"67","000","00","018","1813","0000","1542","1023","519","58","1600","2784","0","57.47","36.75"
"67","000","00","018","1813","0606","656","456","200","23","679","1222","0","55.56","37.32"
"67","000","00","018","1813","0607","886","567","319","35","921","1562","0","58.96","36.3"
"67","000","00","018","1814","0000","955","659","296","91","1046","2007","0","52.12","32.84"
"67","000","00","018","1814","0608","449","290","159","30","479","994","0","48.19","29.18"
"67","000","00","018","1814","0609","506","369","137","61","567","1013","0","55.97","36.43"
"67","000","00","018","1815","0000","1133","816","317","66","1199","2218","0","54.06","36.79"
"67","000","00","018","1815","0610","651","464","187","30","681","1197","0","56.89","38.76"
"67","000","00","018","1815","0611","482","352","130","36","518","1021","0","50.73","34.48"
"67","000","00","018","1816","0000","628","467","161","26","654","1428","0","45.8","32.7"
"67","000","00","018","1816","0612","628","467","161","26","654","1428","0","45.8","32.7"
"67","000","00","018","1817","0000","197","136","61","22","219","456","0","48.03","29.82"
"67","000","00","018","1817","0613","197","136","61","22","219","456","0","48.03","29.82"
"67","000","00","018","1818","0000","1149","835","314","64","1213","2134","0","56.84","39.13"
"67","000","00","018","1818","0614","563","401","162","32","595","1037","0","57.38","38.67"
"67","000","00","018","1818","0615","586","434","152","32","618","1097","0","56.34","39.56"
"67","000","00","018","1819","0000","474","335","139","29","503","902","0","55.76","37.14"
"67","000","00","018","1819","0616","474","335","139","29","503","902","0","55.76","37.14"
"67","000","00","018","1820","0000","456","322","134","60","516","999","0","51.65","32.23"
"67","000","00","018","1820","0617","456","322","134","60","516","999","0","51.65","32.23"
"67","000","00","019","0000","0000","19952","13383","6569","933","20885","39950","48870","52.28","33.5"
"67","000","00","019","1901","0000","531","356","175","10","541","1132","0","47.79","31.45"
"67","000","00","019","1901","0492","531","356","175","10","541","1132","0","47.79","31.45"
"67","000","00","019","1902","0000","1898","1277","621","79","1977","3935","0","50.24","32.45"
"67","000","00","019","1902","0493","884","597","287","39","923","1845","0","50.03","32.36"
"67","000","00","019","1902","0494","1014","680","334","40","1054","2090","0","50.43","32.54"
"67","000","00","019","1903","0000","2775","1837","938","121","2896","5301","0","54.63","34.65"
"67","000","00","019","1903","0495","837","574","263","42","879","1582","0","55.56","36.28"
"67","000","00","019","1903","0496","1018","655","363","40","1058","1901","0","55.65","34.46"
"67","000","00","019","1903","0497","920","608","312","39","959","1818","0","52.75","33.44"
"67","000","00","019","1904","0000","1382","927","455","71","1453","2700","0","53.81","34.33"
"67","000","00","019","1904","0498","815","564","251","41","856","1639","0","52.23","34.41"
"67","000","00","019","1904","0499","567","363","204","30","597","1061","0","56.27","34.21"
"67","000","00","019","1905","0000","956","669","287","56","1012","1786","0","56.66","37.46"
"67","000","00","019","1905","0500","956","669","287","56","1012","1786","0","56.66","37.46"
"67","000","00","019","1908","0000","756","515","241","34","790","1581","0","49.97","32.57"
"67","000","00","019","1908","0502","756","515","241","34","790","1581","0","49.97","32.57"
"67","000","00","019","1909","0000","626","411","215","41","667","1240","0","53.79","33.15"
"67","000","00","019","1909","0503","626","411","215","41","667","1240","0","53.79","33.15"
"67","000","00","019","1910","0000","805","571","234","23","828","1743","0","47.5","32.76"
"67","000","00","019","1910","0504","805","571","234","23","828","1743","0","47.5","32.76"
"67","000","00","019","1911","0000","696","448","248","24","720","1246","0","57.78","35.96"
"67","000","00","019","1911","0505","696","448","248","24","720","1246","0","57.78","35.96"
"67","000","00","019","1912","0000","924","614","310","30","954","1899","0","50.24","32.33"
"67","000","00","019","1912","0506","479","310","169","21","500","961","0","52.03","32.26"
"67","000","00","019","1912","0507","445","304","141","9","454","938","0","48.4","32.41"
"67","000","00","019","1913","0000","387","266","121","18","405","722","0","56.09","36.84"
"67","000","00","019","1913","0508","387","266","121","18","405","722","0","56.09","36.84"
"67","000","00","019","1914","0000","511","365","146","27","538","1062","0","50.66","34.37"
"67","000","00","019","1914","0509","511","365","146","27","538","1062","0","50.66","34.37"
"67","000","00","019","1915","0000","835","584","251","56","891","1715","0","51.95","34.05"
"67","000","00","019","1915","0510","835","584","251","56","891","1715","0","51.95","34.05"
"67","000","00","019","1918","0000","775","481","294","46","821","1574","0","52.16","30.56"
"67","000","00","019","1918","0513","775","481","294","46","821","1574","0","52.16","30.56"
"67","000","00","019","1919","0000","657","436","221","42","699","1535","0","45.54","28.4"
"67","000","00","019","1919","0514","657","436","221","42","699","1535","0","45.54","28.4"
"67","000","00","019","1920","0000","543","362","181","47","590","1106","0","53.35","32.73"
"67","000","00","019","1920","0515","543","362","181","47","590","1106","0","53.35","32.73"
"67","000","00","019","1921","0000","2142","1445","697","105","2247","4240","0","53.0","34.08"
"67","000","00","019","1921","0516","689","482","207","34","723","1402","0","51.57","34.38"
"67","000","00","019","1921","0517","830","570","260","46","876","1458","0","60.08","39.09"
"67","000","00","019","1921","0518","623","393","230","25","648","1380","0","46.96","28.48"
"67","000","00","019","1922","0000","604","443","161","28","632","1147","0","55.1","38.62"
"67","000","00","019","1922","0501","604","443","161","28","632","1147","0","55.1","38.62"
"67","000","00","019","1923","0000","935","648","287","63","998","1985","0","50.28","32.64"
"67","000","00","019","1923","0511","516","360","156","42","558","1120","0","49.82","32.14"
"67","000","00","019","1923","0512","419","288","131","21","440","865","0","50.87","33.29"
"67","000","00","019","1924","0000","1214","728","486","12","1226","2301","0","53.28","31.64"
"67","000","00","019","1924","0519","638","387","251","5","643","1232","0","52.19","31.41"
"67","000","00","019","1924","0520","576","341","235","7","583","1069","0","54.54","31.9"
"67","000","00","020","0000","0000","15808","10824","4984","673","16481","30386","36824","54.24","35.62"
"67","000","00","020","2001","0000","1502","1004","498","60","1562","2928","0","53.35","34.29"
"67","000","00","020","2001","0545","464","309","155","22","486","960","0","50.63","32.19"
"67","000","00","020","2001","0546","631","424","207","28","659","1118","0","58.94","37.92"
"67","000","00","020","2001","0547","407","271","136","10","417","850","0","49.06","31.88"
"67","000","00","020","2002","0000","3200","2177","1023","131","3331","6063","0","54.94","35.91"
"67","000","00","020","2002","0548","634","433","201","27","661","1241","0","53.26","34.89"
"67","000","00","020","2002","0549","680","470","210","24","704","1297","0","54.28","36.24"
"67","000","00","020","2002","0550","524","368","156","22","546","962","0","56.76","38.25"
"67","000","00","020","2002","0551","674","456","218","27","701","1237","0","56.67","36.86"
"67","000","00","020","2002","0552","688","450","238","31","719","1326","0","54.22","33.94"
"67","000","00","020","2003","0000","1308","897","411","62","1370","2516","0","54.45","35.65"
"67","000","00","020","2003","0553","663","460","203","37","700","1211","0","57.8","37.99"
"67","000","00","020","2003","0554","645","437","208","25","670","1305","0","51.34","33.49"
"67","000","00","020","2004","0000","351","266","85","26","377","688","0","54.8","38.66"
"67","000","00","020","2004","0555","351","266","85","26","377","688","0","54.8","38.66"
"67","000","00","020","2005","0000","495","341","154","21","516","911","0","56.64","37.43"
"67","000","00","020","2005","0556","495","341","154","21","516","911","0","56.64","37.43"
"67","000","00","020","2006","0000","714","475","239","27","741","1525","0","48.59","31.15"
"67","000","00","020","2006","0557","714","475","239","27","741","1525","0","48.59","31.15"
"67","000","00","020","2007","0000","1543","1069","474","37","1580","3262","0","48.44","32.77"
"67","000","00","020","2007","0558","476","319","157","6","482","1091","0","44.18","29.24"
"67","000","00","020","2007","0559","558","387","171","10","568","1122","0","50.62","34.49"
"67","000","00","020","2007","0560","509","363","146","21","530","1049","0","50.52","34.6"
"67","000","00","020","2008","0000","2225","1520","705","69","2294","4457","0","51.47","34.1"
"67","000","00","020","2008","0561","730","488","242","14","744","1564","0","47.57","31.2"
"67","000","00","020","2008","0562","776","530","246","36","812","1515","0","53.6","34.98"
"67","000","00","020","2008","0563","719","502","217","19","738","1378","0","53.56","36.43"
"67","000","00","020","2009","0000","1053","744","309","81","1134","1787","0","63.46","41.63"
"67","000","00","020","2009","0564","484","333","151","33","517","827","0","62.52","40.27"
"67","000","00","020","2009","0565","569","411","158","48","617","960","0","64.27","42.81"
"67","000","00","020","2010","0000","1744","1192","552","89","1833","3388","0","54.1","35.18"
"67","000","00","020","2010","0566","473","347","126","27","500","951","0","52.58","36.49"
"67","000","00","020","2010","0567","657","450","207","39","696","1264","0","55.06","35.6"
"67","000","00","020","2010","0568","614","395","219","23","637","1173","0","54.31","33.67"
"67","000","00","020","2011","0000","1673","1139","534","70","1743","2861","0","60.92","39.81"
"67","000","00","020","2011","0569","388","252","136","10","398","684","0","58.19","36.84"
"67","000","00","020","2011","0570","619","444","175","34","653","1055","0","61.9","42.09"
"67","000","00","020","2011","0571","666","443","223","26","692","1122","0","61.68","39.48"
"67","000","00","021","0000","0000","13525","9457","4068","748","14273","26104","30522","54.68","36.23"
"67","000","00","021","2101","0000","1206","867","339","83","1289","2150","0","59.95","40.33"
"67","000","00","021","2101","0521","733","536","197","46","779","1251","0","62.27","42.85"
"67","000","00","021","2101","0522","473","331","142","37","510","899","0","56.73","36.82"
"67","000","00","021","2102","0000","1080","786","294","66","1146","2054","0","55.79","38.27"
"67","000","00","021","2102","0523","572","406","166","40","612","1106","0","55.33","36.71"
"67","000","00","021","2102","0524","508","380","128","26","534","948","0","56.33","40.08"
"67","000","00","021","2103","0000","684","463","221","33","717","1442","0","49.72","32.11"
"67","000","00","021","2103","0525","684","463","221","33","717","1442","0","49.72","32.11"
"67","000","00","021","2104","0000","1125","829","296","65","1190","2186","0","54.44","37.92"
"67","000","00","021","2104","0526","690","494","196","41","731","1385","0","52.78","35.67"
"67","000","00","021","2104","0527","435","335","100","24","459","801","0","57.3","41.82"
"67","000","00","021","2106","0000","714","483","231","39","753","1517","0","49.64","31.84"
"67","000","00","021","2106","0528","325","212","113","20","345","736","0","46.88","28.8"
"67","000","00","021","2106","0529","389","271","118","19","408","781","0","52.24","34.7"
"67","000","00","021","2107","0000","899","623","276","52","951","1657","0","57.39","37.6"
"67","000","00","021","2107","0530","423","288","135","17","440","795","0","55.35","36.23"
"67","000","00","021","2107","0531","476","335","141","35","511","862","0","59.28","38.86"
"67","000","00","021","2108","0000","1408","995","413","58","1466","2872","0","51.04","34.64"
"67","000","00","021","2108","0532","708","508","200","26","734","1487","0","49.36","34.16"
"67","000","00","021","2108","0533","700","487","213","32","732","1385","0","52.85","35.16"
"67","000","00","021","2109","0000","1333","933","400","58","1391","2612","0","53.25","35.72"
"67","000","00","021","2109","0534","725","504","221","23","748","1518","0","49.28","33.2"
"67","000","00","021","2109","0535","608","429","179","35","643","1094","0","58.78","39.21"
"67","000","00","021","2112","0000","383","252","131","26","409","716","0","57.12","35.2"
"67","000","00","021","2112","0538","383","252","131","26","409","716","0","57.12","35.2"
"67","000","00","021","2113","0000","1272","854","418","65","1337","2435","0","54.91","35.07"
"67","000","00","021","2113","0539","783","517","266","33","816","1492","0","54.69","34.65"
"67","000","00","021","2113","0540","489","337","152","32","521","943","0","55.25","35.74"
"67","000","00","021","2114","0000","1338","925","413","74","1412","2541","0","55.57","36.4"
"67","000","00","021","2114","0541","612","427","185","30","642","1157","0","55.49","36.91"
"67","000","00","021","2114","0542","726","498","228","44","770","1384","0","55.64","35.98"
"67","000","00","021","2117","0000","842","560","282","49","891","1578","0","56.46","35.49"
"67","000","00","021","2117","0543","498","326","172","34","532","967","0","55.02","33.71"
"67","000","00","021","2117","0544","344","234","110","15","359","611","0","58.76","38.3"
"67","000","00","021","2118","0000","1241","887","354","80","1321","2344","0","56.36","37.84"
"67","000","00","021","2118","0536","829","590","239","63","892","1590","0","56.1","37.11"
"67","000","00","021","2118","0537","412","297","115","17","429","754","0","56.9","39.39"
"67","000","00","022","0000","0000","2769","1895","874","165","2934","6511","7328","45.06","29.1"
"67","000","00","022","2201","0000","644","440","204","61","705","1691","0","41.69","26.02"
"67","000","00","022","2201","0572","327","219","108","39","366","855","0","42.81","25.61"
"67","000","00","022","2201","0573","317","221","96","22","339","836","0","40.55","26.44"
"67","000","00","022","2202","0000","710","495","215","50","760","1541","0","49.32","32.12"
"67","000","00","022","2202","0574","353","234","119","29","382","753","0","50.73","31.08"
"67","000","00","022","2202","0575","357","261","96","21","378","788","0","47.97","33.12"
"67","000","00","022","2203","0000","472","319","153","25","497","984","0","50.51","32.42"
"67","000","00","022","2203","0576","472","319","153","25","497","984","0","50.51","32.42"
"67","000","00","022","2204","0000","436","288","148","7","443","972","0","45.58","29.63"
"67","000","00","022","2204","0577","436","288","148","7","443","972","0","45.58","29.63"
"67","000","00","022","2205","0000","177","126","51","3","180","553","0","32.55","22.78"
"67","000","00","022","2205","0578","177","126","51","3","180","553","0","32.55","22.78"
"67","000","00","022","2206","0000","157","108","49","7","164","378","0","43.39","28.57"
"67","000","00","022","2206","0579","157","108","49","7","164","378","0","43.39","28.57"
"67","000","00","022","2207","0000","173","119","54","12","185","392","0","47.19","30.36"
"67","000","00","022","2207","0580","173","119","54","12","185","392","0","47.19","30.36"
"67","000","00","023","0000","0000","5751","4277","1474","388","6139","12357","14021","49.68","34.61"
"67","000","00","023","2301","0000","590","425","165","27","617","1242","0","49.68","34.22"
"67","000","00","023","2301","0466","590","425","165","27","617","1242","0","49.68","34.22"
"67","000","00","023","2302","0000","1812","1298","514","95","1907","3637","0","52.43","35.69"
"67","000","00","023","2302","0467","584","427","157","26","610","1141","0","53.46","37.42"
"67","000","00","023","2302","0468","333","235","98","16","349","698","0","50.0","33.67"
"67","000","00","023","2302","0469","413","285","128","23","436","849","0","51.35","33.57"
"67","000","00","023","2302","0470","482","351","131","30","512","949","0","53.95","36.99"
"67","000","00","023","2303","0000","544","395","149","39","583","1212","0","48.1","32.59"
"67","000","00","023","2303","0471","287","198","89","31","318","618","0","51.46","32.04"
"67","000","00","023","2303","0472","257","197","60","8","265","594","0","44.61","33.16"
"67","000","00","023","2304","0000","627","448","179","50","677","1439","0","47.05","31.13"
"67","000","00","023","2304","0473","381","271","110","22","403","927","0","43.47","29.23"
"67","000","00","023","2304","0474","246","177","69","28","274","512","0","53.52","34.57"
"67","000","00","023","2305","0000","220","165","55","25","245","509","0","48.13","32.42"
"67","000","00","023","2305","0475","220","165","55","25","245","509","0","48.13","32.42"
"67","000","00","023","2306","0000","264","204","60","20","284","496","0","57.26","41.13"
"67","000","00","023","2306","0476","264","204","60","20","284","496","0","57.26","41.13"
"67","000","00","023","2307","0000","350","256","94","16","366","759","0","48.22","33.73"
"67","000","00","023","2307","0477","350","256","94","16","366","759","0","48.22","33.73"
"67","000","00","023","2308","0000","604","445","159","48","652","1456","0","44.78","30.56"
"67","000","00","023","2308","0478","260","188","72","9","269","669","0","40.21","28.1"
"67","000","00","023","2308","0479","344","257","87","39","383","787","0","48.67","32.66"
"67","000","00","023","2309","0000","282","215","67","22","304","620","0","49.03","34.68"
"67","000","00","023","2309","0480","282","215","67","22","304","620","0","49.03","34.68"
"67","000","00","023","2310","0000","458","426","32","46","504","987","0","51.06","43.16"
"67","000","00","023","2310","0481","458","426","32","46","504","987","0","51.06","43.16"
"67","000","00","024","0000","0000","3649","2651","998","265","3914","8528","9572","45.9","31.09"
"67","000","00","024","2401","0000","872","630","242","79","951","1848","0","51.46","34.09"
"67","000","00","024","2401","0447","436","317","119","40","476","978","0","48.67","32.41"
"67","000","00","024","2401","0448","436","313","123","39","475","870","0","54.6","35.98"
"67","000","00","024","2402","0000","396","287","109","13","409","1160","0","35.26","24.74"
"67","000","00","024","2402","0449","396","287","109","13","409","1160","0","35.26","24.74"
"67","000","00","024","2403","0000","293","217","76","19","312","699","0","44.64","31.04"
"67","000","00","024","2403","0450","293","217","76","19","312","699","0","44.64","31.04"
"67","000","00","024","2404","0000","385","288","97","11","396","990","0","40.0","29.09"
"67","000","00","024","2404","0451","385","288","97","11","396","990","0","40.0","29.09"
"67","000","00","024","2405","0000","401","299","102","23","424","928","0","45.69","32.22"
"67","000","00","024","2405","0452","401","299","102","23","424","928","0","45.69","32.22"
"67","000","00","024","2406","0000","315","243","72","26","341","660","0","51.67","36.82"
"67","000","00","024","2406","0453","315","243","72","26","341","660","0","51.67","36.82"
"67","000","00","024","2407","0000","987","687","300","94","1081","2243","0","48.19","30.63"
"67","000","00","024","2407","0454","523","365","158","62","585","1187","0","49.28","30.75"
"67","000","00","024","2407","0455","464","322","142","32","496","1056","0","46.97","30.49"
"67","000","00","025","0000","0000","3456","2436","1020","278","3734","7786","8741","47.96","31.29"
"67","000","00","025","2501","0000","687","454","233","72","759","1385","0","54.8","32.78"
"67","000","00","025","2501","0456","335","228","107","37","372","690","0","53.91","33.04"
"67","000","00","025","2501","0457","352","226","126","35","387","695","0","55.68","32.52"
"67","000","00","025","2502","0000","328","223","105","35","363","806","0","45.04","27.67"
"67","000","00","025","2502","0458","328","223","105","35","363","806","0","45.04","27.67"
"67","000","00","025","2503","0000","196","145","51","12","208","425","0","48.94","34.12"
"67","000","00","025","2503","0461","196","145","51","12","208","425","0","48.94","34.12"
"67","000","00","025","2504","0000","254","186","68","22","276","559","0","49.37","33.27"
"67","000","00","025","2504","0462","254","186","68","22","276","559","0","49.37","33.27"
"67","000","00","025","2505","0000","237","173","64","35","272","654","0","41.59","26.45"
"67","000","00","025","2505","0459","237","173","64","35","272","654","0","41.59","26.45"
"67","000","00","025","2506","0000","254","178","76","31","285","783","0","36.4","22.73"
"67","000","00","025","2506","0460","254","178","76","31","285","783","0","36.4","22.73"
"67","000","00","025","2507","0000","511","357","154","21","532","1189","0","44.74","30.03"
"67","000","00","025","2507","0463","511","357","154","21","532","1189","0","44.74","30.03"
"67","000","00","025","2508","0000","526","379","147","24","550","1044","0","52.68","36.3"
"67","000","00","025","2508","0464","526","379","147","24","550","1044","0","52.68","36.3"
"67","000","00","025","2509","0000","463","341","122","26","489","941","0","51.97","36.24"
"67","000","00","025","2509","0465","463","341","122","26","489","941","0","51.97","36.24"
"67","000","00","026","0000","0000","1921","1429","492","153","2074","4418","4801","46.94","32.34"
"67","000","00","026","2601","0000","175","127","48","17","192","392","0","48.98","32.4"
"67","000","00","026","2601","0482","175","127","48","17","192","392","0","48.98","32.4"
"67","000","00","026","2602","0000","321","256","65","24","345","644","0","53.57","39.75"
"67","000","00","026","2602","0483","321","256","65","24","345","644","0","53.57","39.75"
"67","000","00","026","2603","0000","191","133","58","8","199","468","0","42.52","28.42"
"67","000","00","026","2603","0484","191","133","58","8","199","468","0","42.52","28.42"
"67","000","00","026","2604","0000","321","230","91","15","336","753","0","44.62","30.54"
"67","000","00","026","2604","0485","321","230","91","15","336","753","0","44.62","30.54"
"67","000","00","026","2605","0000","149","107","42","13","162","345","0","46.96","31.01"
"67","000","00","026","2605","0486","149","107","42","13","162","345","0","46.96","31.01"
"67","000","00","026","2606","0000","162","117","45","12","174","393","0","44.27","29.77"
"67","000","00","026","2606","0487","162","117","45","12","174","393","0","44.27","29.77"
"67","000","00","026","2607","0000","198","145","53","33","231","504","0","45.83","28.77"
"67","000","00","026","2607","0491","198","145","53","33","231","504","0","45.83","28.77"
"67","000","00","026","2608","0000","209","168","41","17","226","420","0","53.81","40.0"
"67","000","00","026","2608","0488","209","168","41","17","226","420","0","53.81","40.0"
"67","000","00","026","2609","0000","121","87","34","11","132","313","0","42.17","27.8"
"67","000","00","026","2609","0489","121","87","34","11","132","313","0","42.17","27.8"
"67","000","00","026","2610","0000","74","59","15","3","77","186","0","41.4","31.72"
"67","000","00","026","2610","0490","74","59","15","3","77","186","0","41.4","31.72"
"67","000","00","027","0000","0000","33260","23066","10194","1673","34933","64632","75797","54.05","35.69"
"67","000","00","027","2701","0000","2803","1913","890","186","2989","5381","0","55.55","35.55"
"67","000","00","027","2701","1188","690","465","225","39","729","1318","0","55.31","35.28"
"67","000","00","027","2701","1189","727","490","237","43","770","1406","0","54.77","34.85"
"67","000","00","027","2701","1190","714","506","208","56","770","1465","0","52.56","34.54"
"67","000","00","027","2701","1191","672","452","220","48","720","1192","0","60.4","37.92"
"67","000","00","027","2702","0000","1442","945","497","114","1556","2749","0","56.6","34.38"
"67","000","00","027","2702","1192","788","521","267","42","830","1429","0","58.08","36.46"
"67","000","00","027","2702","1193","654","424","230","72","726","1320","0","55.0","32.12"
"67","000","00","027","2703","0000","1535","1080","455","72","1607","2703","0","59.45","39.96"
"67","000","00","027","2703","1194","801","567","234","36","837","1373","0","60.96","41.3"
"67","000","00","027","2703","1195","734","513","221","36","770","1330","0","57.89","38.57"
"67","000","00","027","2704","0000","3689","2552","1137","137","3826","7201","0","53.13","35.44"
"67","000","00","027","2704","1196","922","642","280","28","950","1687","0","56.31","38.06"
"67","000","00","027","2704","1197","713","466","247","47","760","1491","0","50.97","31.25"
"67","000","00","027","2704","1198","525","362","163","22","547","1151","0","47.52","31.45"
"67","000","00","027","2704","1199","717","499","218","14","731","1407","0","51.95","35.47"
"67","000","00","027","2704","1200","812","583","229","26","838","1465","0","57.2","39.8"
"67","000","00","027","2705","0000","4800","3309","1491","215","5015","9066","0","55.32","36.5"
"67","000","00","027","2705","1201","734","509","225","24","758","1335","0","56.78","38.13"
"67","000","00","027","2705","1202","740","497","243","49","789","1490","0","52.95","33.36"
"67","000","00","027","2705","1203","820","569","251","32","852","1453","0","58.64","39.16"
"67","000","00","027","2705","1204","491","340","151","26","517","990","0","52.22","34.34"
"67","000","00","027","2705","1205","858","613","245","30","888","1573","0","56.45","38.97"
"67","000","00","027","2705","1206","536","373","163","32","568","1031","0","55.09","36.18"
"67","000","00","027","2705","1207","621","408","213","22","643","1194","0","53.85","34.17"
"67","000","00","027","2706","0000","1674","1155","519","90","1764","3342","0","52.78","34.56"
"67","000","00","027","2706","1208","624","444","180","41","665","1268","0","52.44","35.02"
"67","000","00","027","2706","1209","493","322","171","38","531","929","0","57.16","34.66"
"67","000","00","027","2706","1210","557","389","168","11","568","1145","0","49.61","33.97"
"67","000","00","027","2707","0000","4628","3143","1485","242","4870","9116","0","53.42","34.48"
"67","000","00","027","2707","1211","715","483","232","28","743","1413","0","52.58","34.18"
"67","000","00","027","2707","1212","739","527","212","49","788","1465","0","53.79","35.97"
"67","000","00","027","2707","1213","751","514","237","45","796","1390","0","57.27","36.98"
"67","000","00","027","2707","1214","717","483","234","52","769","1396","0","55.09","34.6"
"67","000","00","027","2707","1215","949","616","333","49","998","1906","0","52.36","32.32"
"67","000","00","027","2707","1216","757","520","237","19","776","1546","0","50.19","33.64"
"67","000","00","027","2708","0000","2890","1937","953","146","3036","5833","0","52.05","33.21"
"67","000","00","027","2708","1217","683","459","224","27","710","1546","0","45.92","29.69"
"67","000","00","027","2708","1218","719","482","237","33","752","1399","0","53.75","34.45"
"67","000","00","027","2708","1219","869","578","291","61","930","1748","0","53.2","33.07"
"67","000","00","027","2708","1220","619","418","201","25","644","1140","0","56.49","36.67"
"67","000","00","027","2711","0000","1377","974","403","40","1417","2763","0","51.28","35.25"
"67","000","00","027","2711","1223","723","509","214","20","743","1414","0","52.55","36.0"
"67","000","00","027","2711","1224","654","465","189","20","674","1349","0","49.96","34.47"
"67","000","00","027","2712","0000","2347","1683","664","101","2448","4659","0","52.54","36.12"
"67","000","00","027","2712","1225","739","517","222","23","762","1471","0","51.8","35.15"
"67","000","00","027","2712","1226","707","501","206","16","723","1324","0","54.61","37.84"
"67","000","00","027","2712","1227","608","462","146","41","649","1310","0","49.54","35.27"
"67","000","00","027","2712","1228","293","203","90","21","314","554","0","56.68","36.64"
"67","000","00","027","2713","0000","707","552","155","42","749","1395","0","53.69","39.57"
"67","000","00","027","2713","1229","707","552","155","42","749","1395","0","53.69","39.57"
"67","000","00","027","2714","0000","643","475","168","14","657","1264","0","51.98","37.58"
"67","000","00","027","2714","1230","643","475","168","14","657","1264","0","51.98","37.58"
"67","000","00","027","2715","0000","1052","754","298","84","1136","2108","0","53.89","35.77"
"67","000","00","027","2715","1231","596","435","161","63","659","1180","0","55.85","36.86"
"67","000","00","027","2715","1232","456","319","137","21","477","928","0","51.4","34.38"
"67","000","00","027","2716","0000","1052","736","316","40","1092","2084","0","52.4","35.32"
"67","000","00","027","2716","1233","479","339","140","15","494","965","0","51.19","35.13"
"67","000","00","027","2716","1234","573","397","176","25","598","1119","0","53.44","35.48"
"67","000","00","027","2717","0000","1335","956","379","84","1419","2672","0","53.11","35.78"
"67","000","00","027","2717","1235","620","447","173","40","660","1206","0","54.73","37.06"
"67","000","00","027","2717","1236","715","509","206","44","759","1466","0","51.77","34.72"
"67","000","00","027","2719","0000","1286","902","384","66","1352","2296","0","58.89","39.29"
"67","000","00","027","2719","1221","658","458","200","35","693","1277","0","54.27","35.87"
"67","000","00","027","2719","1222","628","444","184","31","659","1019","0","64.67","43.57"
"67","000","00","028","0000","0000","29436","19859","9577","1448","30884","57387","68391","53.82","34.61"
"67","000","00","028","2801","0000","3089","2085","1004","135","3224","5916","0","54.5","35.24"
"67","000","00","028","2801","1237","775","531","244","41","816","1560","0","52.31","34.04"
"67","000","00","028","2801","1238","810","550","260","34","844","1383","0","61.03","39.77"
"67","000","00","028","2801","1239","779","512","267","24","803","1491","0","53.86","34.34"
"67","000","00","028","2801","1240","725","492","233","36","761","1482","0","51.35","33.2"
"67","000","00","028","2802","0000","1732","1168","564","99","1831","3756","0","48.75","31.1"
"67","000","00","028","2802","1244","564","361","203","35","599","1336","0","44.84","27.02"
"67","000","00","028","2802","1245","554","385","169","43","597","1183","0","50.46","32.54"
"67","000","00","028","2802","1246","614","422","192","21","635","1237","0","51.33","34.11"
"67","000","00","028","2803","0000","1223","833","390","55","1278","2293","0","55.73","36.33"
"67","000","00","028","2803","1271","685","470","215","33","718","1245","0","57.67","37.75"
"67","000","00","028","2803","1272","538","363","175","22","560","1048","0","53.44","34.64"
"67","000","00","028","2804","0000","1743","1189","554","96","1839","3286","0","55.96","36.18"
"67","000","00","028","2804","1249","583","398","185","6","589","1105","0","53.3","36.02"
"67","000","00","028","2804","1250","566","378","188","46","612","1099","0","55.69","34.39"
"67","000","00","028","2804","1251","594","413","181","44","638","1082","0","58.96","38.17"
"67","000","00","028","2805","0000","1687","1157","530","74","1761","3301","0","53.35","35.05"
"67","000","00","028","2805","1254","548","374","174","30","578","1090","0","53.03","34.31"
"67","000","00","028","2805","1255","575","397","178","19","594","1131","0","52.52","35.1"
"67","000","00","028","2805","1256","564","386","178","25","589","1080","0","54.54","35.74"
"67","000","00","028","2806","0000","1669","1149","520","111","1780","3285","0","54.19","34.98"
"67","000","00","028","2806","1259","563","372","191","54","617","1128","0","54.7","32.98"
"67","000","00","028","2806","1260","543","376","167","26","569","1055","0","53.93","35.64"
"67","000","00","028","2806","1261","563","401","162","31","594","1102","0","53.9","36.39"
"67","000","00","028","2807","0000","1025","652","373","73","1098","2101","0","52.26","31.03"
"67","000","00","028","2807","1262","469","272","197","29","498","1068","0","46.63","25.47"
"67","000","00","028","2807","1263","556","380","176","44","600","1033","0","58.08","36.79"
"67","000","00","028","2808","0000","735","508","227","12","747","1772","0","42.16","28.67"
"67","000","00","028","2808","1264","735","508","227","12","747","1772","0","42.16","28.67"
"67","000","00","028","2809","0000","1528","1024","504","74","1602","2943","0","54.43","34.79"
"67","000","00","028","2809","1265","735","488","247","46","781","1399","0","55.83","34.88"
"67","000","00","028","2809","1266","793","536","257","28","821","1544","0","53.17","34.72"
"67","000","00","028","2810","0000","297","196","101","15","312","684","0","45.61","28.65"
"67","000","00","028","2810","1267","297","196","101","15","312","684","0","45.61","28.65"
"67","000","00","028","2811","0000","1049","679","370","66","1115","1853","0","60.17","36.64"
"67","000","00","028","2811","1268","476","309","167","26","502","839","0","59.83","36.83"
"67","000","00","028","2811","1269","573","370","203","40","613","1014","0","60.45","36.49"
"67","000","00","028","2812","0000","682","471","211","24","706","1906","0","37.04","24.71"
"67","000","00","028","2812","1270","682","471","211","24","706","1906","0","37.04","24.71"
"67","000","00","028","2813","0000","1286","866","420","55","1341","2586","0","51.86","33.49"
"67","000","00","028","2813","1273","604","425","179","24","628","1175","0","53.45","36.17"
"67","000","00","028","2813","1274","682","441","241","31","713","1411","0","50.53","31.25"
"67","000","00","028","2814","0000","1676","1106","570","86","1762","3192","0","55.2","34.65"
"67","000","00","028","2814","1275","828","545","283","29","857","1514","0","56.61","36.0"
"67","000","00","028","2814","1276","848","561","287","57","905","1678","0","53.93","33.43"
"67","000","00","028","2815","0000","1083","755","328","75","1158","1958","0","59.14","38.56"
"67","000","00","028","2815","1277","510","337","173","33","543","949","0","57.22","35.51"
"67","000","00","028","2815","1278","573","418","155","42","615","1009","0","60.95","41.43"
"67","000","00","028","2816","0000","1049","727","322","25","1074","1740","0","61.72","41.78"
"67","000","00","028","2816","1279","614","408","206","3","617","984","0","62.7","41.46"
"67","000","00","028","2816","1280","435","319","116","22","457","756","0","60.45","42.2"
"67","000","00","028","2817","0000","1651","1113","538","104","1755","2945","0","59.59","37.79"
"67","000","00","028","2817","1281","836","571","265","47","883","1478","0","59.74","38.63"
"67","000","00","028","2817","1282","815","542","273","57","872","1467","0","59.44","36.95"
"67","000","00","028","2818","0000","2190","1439","751","84","2274","4145","0","54.86","34.72"
"67","000","00","028","2818","1241","727","473","254","22","749","1330","0","56.32","35.56"
"67","000","00","028","2818","1242","759","487","272","32","791","1399","0","56.54","34.81"
"67","000","00","028","2818","1243","704","479","225","30","734","1416","0","51.84","33.83"
"67","000","00","028","2819","0000","1217","821","396","55","1272","2457","0","51.77","33.41"
"67","000","00","028","2819","1257","526","367","159","20","546","1121","0","48.71","32.74"
"67","000","00","028","2819","1258","691","454","237","35","726","1336","0","54.34","33.98"
"67","000","00","028","2820","0000","1162","778","384","72","1234","2282","0","54.08","34.09"
"67","000","00","028","2820","1247","595","398","197","39","634","1133","0","55.96","35.13"
"67","000","00","028","2820","1248","567","380","187","33","600","1149","0","52.22","33.07"
"67","000","00","028","2821","0000","1663","1143","520","58","1721","2986","0","57.64","38.28"
"67","000","00","028","2821","1252","849","593","256","29","878","1519","0","57.8","39.04"
"67","000","00","028","2821","1253","814","550","264","29","843","1467","0","57.46","37.49"
"67","000","00","029","0000","0000","15292","10491","4801","999","16291","29913","34387","54.46","35.07"
"67","000","00","029","2901","0000","1177","825","352","56","1233","2138","0","57.67","38.59"
"67","000","00","029","2901","1283","520","358","162","14","534","982","0","54.38","36.46"
"67","000","00","029","2901","1284","657","467","190","42","699","1156","0","60.47","40.4"
"67","000","00","029","2902","0000","1084","734","350","57","1141","2049","0","55.69","35.82"
"67","000","00","029","2902","1285","483","330","153","20","503","1006","0","50.0","32.8"
"67","000","00","029","2902","1286","601","404","197","37","638","1043","0","61.17","38.73"
"67","000","00","029","2903","0000","1625","1083","542","109","1734","3319","0","52.24","32.63"
"67","000","00","029","2903","1287","538","351","187","53","591","1012","0","58.4","34.68"
"67","000","00","029","2903","1288","470","309","161","21","491","1013","0","48.47","30.5"
"67","000","00","029","2903","1289","617","423","194","35","652","1294","0","50.39","32.69"
"67","000","00","029","2904","0000","1209","838","371","75","1284","2430","0","52.84","34.49"
"67","000","00","029","2904","1290","617","419","198","35","652","1264","0","51.58","33.15"
"67","000","00","029","2904","1291","592","419","173","40","632","1166","0","54.2","35.93"
"67","000","00","029","2905","0000","517","341","176","23","540","1018","0","53.05","33.5"
"67","000","00","029","2905","1292","517","341","176","23","540","1018","0","53.05","33.5"
"67","000","00","029","2906","0000","309","215","94","34","343","733","0","46.79","29.33"
"67","000","00","029","2906","1293","309","215","94","34","343","733","0","46.79","29.33"
"67","000","00","029","2907","0000","1770","1193","577","82","1852","3152","0","58.76","37.85"
"67","000","00","029","2907","1294","621","404","217","32","653","1093","0","59.74","36.96"
"67","000","00","029","2907","1295","602","427","175","16","618","1081","0","57.17","39.5"
"67","000","00","029","2907","1296","547","362","185","34","581","978","0","59.41","37.01"
"67","000","00","029","2908","0000","1520","1009","511","148","1668","3133","0","53.24","32.21"
"67","000","00","029","2908","1297","500","319","181","45","545","1116","0","48.84","28.58"
"67","000","00","029","2908","1298","479","342","137","44","523","972","0","53.81","35.19"
"67","000","00","029","2908","1299","541","348","193","59","600","1045","0","57.42","33.3"
"67","000","00","029","2909","0000","1003","671","332","76","1079","1879","0","57.42","35.71"
"67","000","00","029","2909","1300","455","319","136","34","489","872","0","56.08","36.58"
"67","000","00","029","2909","1301","548","352","196","42","590","1007","0","58.59","34.96"
"67","000","00","029","2912","0000","812","574","238","54","866","1524","0","56.82","37.66"
"67","000","00","029","2912","1306","427","305","122","39","466","804","0","57.96","37.94"
"67","000","00","029","2912","1307","385","269","116","15","400","720","0","55.56","37.36"
"67","000","00","029","2913","0000","539","380","159","33","572","1201","0","47.63","31.64"
"67","000","00","029","2913","1308","370","269","101","19","389","843","0","46.14","31.91"
"67","000","00","029","2913","1309","169","111","58","14","183","358","0","51.12","31.01"
"67","000","00","029","2916","0000","929","661","268","42","971","1867","0","52.01","35.4"
"67","000","00","029","2916","1312","429","317","112","15","444","904","0","49.12","35.07"
"67","000","00","029","2916","1313","500","344","156","27","527","963","0","54.72","35.72"
"67","000","00","029","2917","0000","280","177","103","13","293","489","0","59.92","36.2"
"67","000","00","029","2917","1314","280","177","103","13","293","489","0","59.92","36.2"
"67","000","00","029","2918","0000","1823","1288","535","132","1955","3475","0","56.26","37.06"
"67","000","00","029","2918","1302","428","296","132","33","461","763","0","60.42","38.79"
"67","000","00","029","2918","1303","299","208","91","35","334","630","0","53.02","33.02"
"67","000","00","029","2918","1304","521","364","157","40","561","959","0","58.5","37.96"
"67","000","00","029","2918","1305","575","420","155","24","599","1123","0","53.34","37.4"
"67","000","00","029","2919","0000","695","502","193","65","760","1506","0","50.46","33.33"
"67","000","00","029","2919","1310","381","274","107","50","431","797","0","54.08","34.38"
"67","000","00","029","2919","1311","314","228","86","15","329","709","0","46.4","32.16"
"67","000","00","030","0000","0000","1720","1246","474","146","1866","3713","3999","50.26","33.56"
"67","000","00","030","3001","0000","514","353","161","47","561","1047","0","53.58","33.72"
"67","000","00","030","3001","1315","514","353","161","47","561","1047","0","53.58","33.72"
"67","000","00","030","3002","0000","295","218","77","21","316","630","0","50.16","34.6"
"67","000","00","030","3002","1316","295","218","77","21","316","630","0","50.16","34.6"
"67","000","00","030","3003","0000","52","38","14","7","59","141","0","41.84","26.95"
"67","000","00","030","3003","1317","52","38","14","7","59","141","0","41.84","26.95"
"67","000","00","030","3004","0000","174","121","53","10","184","367","0","50.14","32.97"
"67","000","00","030","3004","1318","174","121","53","10","184","367","0","50.14","32.97"
"67","000","00","030","3005","0000","166","125","41","19","185","337","0","54.9","37.09"
"67","000","00","030","3005","1319","166","125","41","19","185","337","0","54.9","37.09"
"67","000","00","030","3006","0000","138","96","42","6","144","318","0","45.28","30.19"
"67","000","00","030","3006","1320","138","96","42","6","144","318","0","45.28","30.19"
"67","000","00","030","3007","0000","190","152","38","24","214","427","0","50.12","35.6"
"67","000","00","030","3007","1321","190","152","38","24","214","427","0","50.12","35.6"
"67","000","00","030","3008","0000","191","143","48","12","203","446","0","45.52","32.06"
"67","000","00","030","3008","1322","191","143","48","12","203","446","0","45.52","32.06"
"67","000","00","031","0000","0000","98788","66331","32457","3609","102397","195001","234921","52.51","34.02"
"67","000","00","031","3101","0000","2745","1821","924","99","2844","5671","0","50.15","32.11"
"67","000","00","031","3101","0708","726","463","263","39","765","1398","0","54.72","33.12"
"67","000","00","031","3101","0709","660","454","206","25","685","1478","0","46.35","30.72"
"67","000","00","031","3101","0710","710","464","246","14","724","1442","0","50.21","32.18"
"67","000","00","031","3101","0711","649","440","209","21","670","1353","0","49.52","32.52"
"67","000","00","031","3102","0000","3263","2171","1092","109","3372","6821","0","49.44","31.83"
"67","000","00","031","3102","0719","815","531","284","34","849","1709","0","49.68","31.07"
"67","000","00","031","3102","0720","796","532","264","33","829","1717","0","48.28","30.98"
"67","000","00","031","3102","0721","826","550","276","23","849","1759","0","48.27","31.27"
"67","000","00","031","3102","0722","826","558","268","19","845","1636","0","51.65","34.11"
"67","000","00","031","3103","0000","3994","2703","1291","132","4126","8791","0","46.93","30.75"
"67","000","00","031","3103","0728","757","508","249","18","775","1389","0","55.8","36.57"
"67","000","00","031","3103","0729","705","475","230","30","735","1369","0","53.69","34.7"
"67","000","00","031","3103","0730","734","539","195","42","776","1415","0","54.84","38.09"
"67","000","00","031","3103","0731","629","406","223","9","638","1386","0","46.03","29.29"
"67","000","00","031","3103","0732","425","290","135","7","432","1747","0","24.73","16.6"
"67","000","00","031","3103","0733","744","485","259","26","770","1485","0","51.85","32.66"
"67","000","00","031","3104","0000","3425","2332","1093","129","3554","7088","0","50.14","32.9"
"67","000","00","031","3104","0734","856","574","282","36","892","1747","0","51.06","32.86"
"67","000","00","031","3104","0735","779","519","260","24","803","1744","0","46.04","29.76"
"67","000","00","031","3104","0736","850","589","261","28","878","1797","0","48.86","32.78"
"67","000","00","031","3104","0737","940","650","290","41","981","1800","0","54.5","36.11"
"67","000","00","031","3105","0000","3072","1986","1086","79","3151","5710","0","55.18","34.78"
"67","000","00","031","3105","0745","799","515","284","24","823","1531","0","53.76","33.64"
"67","000","00","031","3105","0746","742","496","246","23","765","1327","0","57.65","37.38"
"67","000","00","031","3105","0747","757","496","261","18","775","1456","0","53.23","34.07"
"67","000","00","031","3105","0748","774","479","295","14","788","1396","0","56.45","34.31"
"67","000","00","031","3106","0000","1340","887","453","61","1401","2525","0","55.49","35.13"
"67","000","00","031","3106","0785","705","468","237","38","743","1285","0","57.82","36.42"
"67","000","00","031","3106","0786","635","419","216","23","658","1240","0","53.06","33.79"
"67","000","00","031","3107","0000","1385","950","435","56","1441","2670","0","53.97","35.58"
"67","000","00","031","3107","0787","643","444","199","32","675","1343","0","50.26","33.06"
"67","000","00","031","3107","0788","742","506","236","24","766","1327","0","57.72","38.13"
"67","000","00","031","3108","0000","1017","663","354","31","1048","1862","0","56.28","35.61"
"67","000","00","031","3108","0758","486","308","178","12","498","924","0","53.9","33.33"
"67","000","00","031","3108","0759","531","355","176","19","550","938","0","58.64","37.85"
"67","000","00","031","3109","0000","772","511","261","57","829","1453","0","57.05","35.17"
"67","000","00","031","3109","0760","523","355","168","28","551","957","0","57.58","37.1"
"67","000","00","031","3109","0761","249","156","93","29","278","496","0","56.05","31.45"
"67","000","00","031","3110","0000","2403","1613","790","82","2485","4886","0","50.86","33.01"
"67","000","00","031","3110","0762","871","571","300","39","910","1717","0","53.0","33.26"
"67","000","00","031","3110","0763","750","497","253","31","781","1615","0","48.36","30.77"
"67","000","00","031","3110","0764","782","545","237","12","794","1554","0","51.09","35.07"
"67","000","00","031","3111","0000","1279","874","405","69","1348","2276","0","59.23","38.4"
"67","000","00","031","3111","0772","491","323","168","25","516","890","0","57.98","36.29"
"67","000","00","031","3111","0773","590","419","171","27","617","1018","0","60.61","41.16"
"67","000","00","031","3111","0774","198","132","66","17","215","368","0","58.42","35.87"
"67","000","00","031","3112","0000","1725","1154","571","106","1831","3366","0","54.4","34.28"
"67","000","00","031","3112","0795","545","366","179","50","595","1117","0","53.27","32.77"
"67","000","00","031","3112","0796","503","336","167","32","535","1069","0","50.05","31.43"
"67","000","00","031","3112","0797","677","452","225","24","701","1180","0","59.41","38.31"
"67","000","00","031","3113","0000","1849","1226","623","130","1979","3542","0","55.87","34.61"
"67","000","00","031","3113","0798","605","428","177","51","656","1176","0","55.78","36.39"
"67","000","00","031","3113","0799","579","357","222","32","611","1158","0","52.76","30.83"
"67","000","00","031","3113","0800","665","441","224","47","712","1208","0","58.94","36.51"
"67","000","00","031","3114","0000","3901","2568","1333","160","4061","7237","0","56.11","35.48"
"67","000","00","031","3114","0801","758","510","248","52","810","1501","0","53.96","33.98"
"67","000","00","031","3114","0802","721","490","231","23","744","1298","0","57.32","37.75"
"67","000","00","031","3114","0803","803","514","289","17","820","1542","0","53.18","33.33"
"67","000","00","031","3114","0804","832","545","287","28","860","1537","0","55.95","35.46"
"67","000","00","031","3114","0805","787","509","278","40","827","1359","0","60.85","37.45"
"67","000","00","031","3115","0000","1840","1206","634","86","1926","3835","0","50.22","31.45"
"67","000","00","031","3115","0806","537","361","176","23","560","1139","0","49.17","31.69"
"67","000","00","031","3115","0807","556","364","192","24","580","1158","0","50.09","31.43"
"67","000","00","031","3115","0808","747","481","266","39","786","1538","0","51.11","31.27"
"67","000","00","031","3116","0000","3114","2035","1079","95","3209","5872","0","54.65","34.66"
"67","000","00","031","3116","0809","587","400","187","13","600","1166","0","51.46","34.31"
"67","000","00","031","3116","0810","628","414","214","25","653","1228","0","53.18","33.71"
"67","000","00","031","3116","0811","663","416","247","23","686","1200","0","57.17","34.67"
"67","000","00","031","3116","0812","624","411","213","17","641","1131","0","56.68","36.34"
"67","000","00","031","3116","0813","612","394","218","17","629","1147","0","54.84","34.35"
"67","000","00","031","3117","0000","1944","1325","619","85","2029","4027","0","50.38","32.9"
"67","000","00","031","3117","0814","697","474","223","39","736","1442","0","51.04","32.87"
"67","000","00","031","3117","0815","667","446","221","24","691","1325","0","52.15","33.66"
"67","000","00","031","3117","0816","580","405","175","22","602","1260","0","47.78","32.14"
"67","000","00","031","3118","0000","1154","798","356","74","1228","2099","0","58.5","38.02"
"67","000","00","031","3118","0793","531","362","169","44","575","983","0","58.49","36.83"
"67","000","00","031","3118","0794","623","436","187","30","653","1116","0","58.51","39.07"
"67","000","00","031","3119","0000","916","662","254","49","965","1988","0","48.54","33.3"
"67","000","00","031","3119","0820","464","335","129","34","498","1012","0","49.21","33.1"
"67","000","00","031","3119","0821","452","327","125","15","467","976","0","47.85","33.5"
"67","000","00","031","3120","0000","4114","2797","1317","165","4279","8430","0","50.76","33.18"
"67","000","00","031","3120","0825","671","469","202","35","706","1307","0","54.02","35.88"
"67","000","00","031","3120","0826","703","496","207","16","719","1482","0","48.52","33.47"
"67","000","00","031","3120","0827","606","417","189","25","631","1341","0","47.05","31.1"
"67","000","00","031","3120","0828","664","435","229","34","698","1376","0","50.73","31.61"
"67","000","00","031","3120","0829","667","445","222","23","690","1390","0","49.64","32.01"
"67","000","00","031","3120","0830","803","535","268","32","835","1534","0","54.43","34.88"
"67","000","00","031","3121","0000","921","623","298","46","967","1796","0","53.84","34.69"
"67","000","00","031","3121","0823","477","331","146","23","500","859","0","58.21","38.53"
"67","000","00","031","3121","0824","444","292","152","23","467","937","0","49.84","31.16"
"67","000","00","031","3122","0000","561","408","153","29","590","1151","0","51.26","35.45"
"67","000","00","031","3122","0838","561","408","153","29","590","1151","0","51.26","35.45"
"67","000","00","031","3123","0000","3139","2077","1062","129","3268","5980","0","54.65","34.73"
"67","000","00","031","3123","0789","794","509","285","24","818","1565","0","52.27","32.52"
"67","000","00","031","3123","0790","771","541","230","55","826","1476","0","55.96","36.65"
"67","000","00","031","3123","0791","754","488","266","23","777","1476","0","52.64","33.06"
"67","000","00","031","3123","0792","820","539","281","27","847","1463","0","57.89","36.84"
"67","000","00","031","3124","0000","1215","869","346","44","1259","2097","0","60.04","41.44"
"67","000","00","031","3124","0839","637","438","199","26","663","1026","0","64.62","42.69"
"67","000","00","031","3124","0840","578","431","147","18","596","1071","0","55.65","40.24"
"67","000","00","031","3125","0000","1692","1157","535","73","1765","3387","0","52.11","34.16"
"67","000","00","031","3125","0843","872","612","260","44","916","1687","0","54.3","36.28"
"67","000","00","031","3125","0844","820","545","275","29","849","1700","0","49.94","32.06"
"67","000","00","031","3126","0000","3791","2538","1253","129","3920","7729","0","50.72","32.84"
"67","000","00","031","3126","0845","792","518","274","19","811","1444","0","56.16","35.87"
"67","000","00","031","3126","0846","740","511","229","26","766","1485","0","51.58","34.41"
"67","000","00","031","3126","0847","807","558","249","26","833","1717","0","48.51","32.5"
"67","000","00","031","3126","0848","762","487","275","36","798","1701","0","46.91","28.63"
"67","000","00","031","3126","0849","690","464","226","22","712","1382","0","51.52","33.57"
"67","000","00","031","3127","0000","2901","1927","974","149","3050","6072","0","50.23","31.74"
"67","000","00","031","3127","0778","707","473","234","36","743","1405","0","52.88","33.67"
"67","000","00","031","3127","0779","680","444","236","48","728","1445","0","50.38","30.73"
"67","000","00","031","3127","0780","818","544","274","33","851","1687","0","50.44","32.25"
"67","000","00","031","3127","0781","696","466","230","32","728","1535","0","47.43","30.36"
"67","000","00","031","3128","0000","285","201","84","12","297","531","0","55.93","37.85"
"67","000","00","031","3128","0822","285","201","84","12","297","531","0","55.93","37.85"
"67","000","00","031","3129","0000","2951","2022","929","77","3028","5725","0","52.89","35.32"
"67","000","00","031","3129","0768","760","505","255","11","771","1457","0","52.92","34.66"
"67","000","00","031","3129","0769","782","537","245","14","796","1451","0","54.86","37.01"
"67","000","00","031","3129","0770","665","458","207","26","691","1423","0","48.56","32.19"
"67","000","00","031","3129","0771","744","522","222","26","770","1394","0","55.24","37.45"
"67","000","00","031","3130","0000","3817","2640","1177","125","3942","7784","0","50.64","33.92"
"67","000","00","031","3130","0723","730","500","230","32","762","1442","0","52.84","34.67"
"67","000","00","031","3130","0724","759","509","250","20","779","1545","0","50.42","32.94"
"67","000","00","031","3130","0725","774","576","198","29","803","1565","0","51.31","36.81"
"67","000","00","031","3130","0726","802","533","269","19","821","1684","0","48.75","31.65"
"67","000","00","031","3130","0727","752","522","230","25","777","1548","0","50.19","33.72"
"67","000","00","031","3131","0000","2829","1870","959","78","2907","5428","0","53.56","34.45"
"67","000","00","031","3131","0715","653","432","221","15","668","1317","0","50.72","32.8"
"67","000","00","031","3131","0716","682","487","195","23","705","1376","0","51.24","35.39"
"67","000","00","031","3131","0717","709","457","252","22","731","1361","0","53.71","33.58"
"67","000","00","031","3131","0718","785","494","291","18","803","1374","0","58.44","35.95"
"67","000","00","031","3132","0000","1803","1249","554","43","1846","3447","0","53.55","36.23"
"67","000","00","031","3132","0712","604","423","181","20","624","1160","0","53.79","36.47"
"67","000","00","031","3132","0713","613","410","203","17","630","1122","0","56.15","36.54"
"67","000","00","031","3132","0714","586","416","170","6","592","1165","0","50.82","35.71"
"67","000","00","031","3133","0000","2962","1847","1115","80","3042","5917","0","51.41","31.22"
"67","000","00","031","3133","0749","816","527","289","33","849","1636","0","51.89","32.21"
"67","000","00","031","3133","0750","837","527","310","27","864","1592","0","54.27","33.1"
"67","000","00","031","3133","0751","946","545","401","10","956","2017","0","47.4","27.02"
"67","000","00","031","3133","0752","363","248","115","10","373","672","0","55.51","36.9"
"67","000","00","031","3134","0000","2205","1398","807","46","2251","4811","0","46.79","29.06"
"67","000","00","031","3134","0755","741","484","257","11","752","1660","0","45.3","29.16"
"67","000","00","031","3134","0756","678","423","255","19","697","1561","0","44.65","27.1"
"67","000","00","031","3134","0757","786","491","295","16","802","1590","0","50.44","30.88"
"67","000","00","031","3135","0000","1536","1007","529","48","1584","3113","0","50.88","32.35"
"67","000","00","031","3135","0753","769","526","243","20","789","1611","0","48.98","32.65"
"67","000","00","031","3135","0754","767","481","286","28","795","1502","0","52.93","32.02"
"67","000","00","031","3136","0000","1964","1281","683","64","2028","3776","0","53.71","33.92"
"67","000","00","031","3136","0775","701","482","219","30","731","1208","0","60.51","39.9"
"67","000","00","031","3136","0776","576","351","225","18","594","1187","0","50.04","29.57"
"67","000","00","031","3136","0777","687","448","239","16","703","1381","0","50.91","32.44"
"67","000","00","031","3137","0000","4883","3327","1556","134","5017","9284","0","54.04","35.84"
"67","000","00","031","3137","0831","794","564","230","15","809","1460","0","55.41","38.63"
"67","000","00","031","3137","0832","700","481","219","13","713","1383","0","51.55","34.78"
"67","000","00","031","3137","0833","645","459","186","29","674","1299","0","51.89","35.33"
"67","000","00","031","3137","0834","688","452","236","14","702","1264","0","55.54","35.76"
"67","000","00","031","3137","0835","750","477","273","22","772","1355","0","56.97","35.2"
"67","000","00","031","3137","0836","695","491","204","23","718","1414","0","50.78","34.72"
"67","000","00","031","3137","0837","611","403","208","18","629","1109","0","56.72","36.34"
"67","000","00","031","3138","0000","4182","2879","1303","139","4321","7603","0","56.83","37.87"
"67","000","00","031","3138","0740","845","582","263","19","864","1519","0","56.88","38.31"
"67","000","00","031","3138","0741","802","563","239","46","848","1497","0","56.65","37.61"
"67","000","00","031","3138","0742","825","587","238","22","847","1509","0","56.13","38.9"
"67","000","00","031","3138","0743","886","627","259","31","917","1542","0","59.47","40.66"
"67","000","00","031","3138","0744","824","520","304","21","845","1536","0","55.01","33.85"
"67","000","00","031","3139","0000","1614","1075","539","78","1692","2764","0","61.22","38.89"
"67","000","00","031","3139","0841","824","556","268","53","877","1387","0","63.23","40.09"
"67","000","00","031","3139","0842","790","519","271","25","815","1377","0","59.19","37.69"
"67","000","00","031","3140","0000","2348","1615","733","66","2414","4846","0","49.81","33.33"
"67","000","00","031","3140","0817","776","540","236","25","801","1631","0","49.11","33.11"
"67","000","00","031","3140","0818","745","509","236","24","769","1549","0","49.64","32.86"
"67","000","00","031","3140","0819","827","566","261","17","844","1666","0","50.66","33.97"
"67","000","00","031","3141","0000","1726","1212","514","35","1761","3428","0","51.37","35.36"
"67","000","00","031","3141","0738","827","602","225","16","843","1720","0","49.01","35.0"
"67","000","00","031","3141","0739","899","610","289","19","918","1708","0","53.75","35.71"
"67","000","00","031","3142","0000","2330","1555","775","73","2403","4498","0","53.42","34.57"
"67","000","00","031","3142","0782","807","546","261","30","837","1542","0","54.28","35.41"
"67","000","00","031","3142","0783","805","540","265","22","827","1618","0","51.11","33.37"
"67","000","00","031","3142","0784","718","469","249","21","739","1338","0","55.23","35.05"
"67","000","00","031","3143","0000","1881","1272","609","58","1939","3685","0","52.62","34.52"
"67","000","00","031","3143","0765","600","425","175","20","620","1196","0","51.84","35.54"
"67","000","00","031","3143","0766","652","425","227","20","672","1274","0","52.75","33.36"
"67","000","00","031","3143","0767","629","422","207","18","647","1215","0","53.25","34.73"
"67","000","00","032","0000","0000","81405","53914","27491","3074","84479","153359","186117","55.09","35.16"
"67","000","00","032","3201","0000","1131","739","392","41","1172","2191","0","53.49","33.73"
"67","000","00","032","3201","1170","1131","739","392","41","1172","2191","0","53.49","33.73"
"67","000","00","032","3202","0000","1560","1029","531","84","1644","2944","0","55.84","34.95"
"67","000","00","032","3202","1166","673","439","234","43","716","1287","0","55.63","34.11"
"67","000","00","032","3202","1167","887","590","297","41","928","1657","0","56.0","35.61"
"67","000","00","032","3203","0000","3377","2363","1014","120","3497","6583","0","53.12","35.9"
"67","000","00","032","3203","1113","1012","686","326","63","1075","2067","0","52.01","33.19"
"67","000","00","032","3203","1114","1143","821","322","29","1172","2153","0","54.44","38.13"
"67","000","00","032","3203","1115","1222","856","366","28","1250","2363","0","52.9","36.23"
"67","000","00","032","3204","0000","1623","1058","565","71","1694","2869","0","59.04","36.88"
"67","000","00","032","3204","1097","888","600","288","50","938","1491","0","62.91","40.24"
"67","000","00","032","3204","1098","735","458","277","21","756","1378","0","54.86","33.24"
"67","000","00","032","3205","0000","2419","1616","803","106","2525","4730","0","53.38","34.16"
"67","000","00","032","3205","1180","787","531","256","23","810","1486","0","54.51","35.73"
"67","000","00","032","3205","1181","837","561","276","36","873","1560","0","55.96","35.96"
"67","000","00","032","3205","1182","795","524","271","47","842","1684","0","50.0","31.12"
"67","000","00","032","3206","0000","2041","1381","660","88","2129","4455","0","47.79","31.0"
"67","000","00","032","3206","1118","928","644","284","41","969","2115","0","45.82","30.45"
"67","000","00","032","3206","1119","1113","737","376","47","1160","2340","0","49.57","31.5"
"67","000","00","032","3207","0000","1546","1043","503","84","1630","2932","0","55.59","35.57"
"67","000","00","032","3207","1139","792","553","239","41","833","1489","0","55.94","37.14"
"67","000","00","032","3207","1140","754","490","264","43","797","1443","0","55.23","33.96"
"67","000","00","032","3208","0000","2713","1724","989","87","2800","4858","0","57.64","35.49"
"67","000","00","032","3208","1141","877","532","345","33","910","1498","0","60.75","35.51"
"67","000","00","032","3208","1142","894","578","316","22","916","1622","0","56.47","35.64"
"67","000","00","032","3208","1143","942","614","328","32","974","1738","0","56.04","35.33"
"67","000","00","032","3209","0000","1358","913","445","47","1405","2433","0","57.75","37.53"
"67","000","00","032","3209","1161","614","405","209","14","628","1101","0","57.04","36.78"
"67","000","00","032","3209","1162","744","508","236","33","777","1332","0","58.33","38.14"
"67","000","00","032","3210","0000","1670","1111","559","58","1728","3086","0","55.99","36.0"
"67","000","00","032","3210","1158","845","551","294","30","875","1589","0","55.07","34.68"
"67","000","00","032","3210","1159","825","560","265","28","853","1497","0","56.98","37.41"
"67","000","00","032","3211","0000","698","479","219","31","729","1386","0","52.6","34.56"
"67","000","00","032","3211","1160","698","479","219","31","729","1386","0","52.6","34.56"
"67","000","00","032","3212","0000","2236","1521","715","76","2312","4048","0","57.11","37.57"
"67","000","00","032","3212","1173","1042","727","315","44","1086","1863","0","58.29","39.02"
"67","000","00","032","3212","1174","1194","794","400","32","1226","2185","0","56.11","36.34"
"67","000","00","032","3213","0000","2642","1687","955","108","2750","5122","0","53.69","32.94"
"67","000","00","032","3213","1129","861","549","312","36","897","1708","0","52.52","32.14"
"67","000","00","032","3213","1130","830","531","299","31","861","1560","0","55.19","34.04"
"67","000","00","032","3213","1131","951","607","344","41","992","1854","0","53.51","32.74"
"67","000","00","032","3214","0000","2487","1686","801","68","2555","4865","0","52.52","34.66"
"67","000","00","032","3214","1120","1276","827","449","34","1310","2474","0","52.95","33.43"
"67","000","00","032","3214","1121","1211","859","352","34","1245","2391","0","52.07","35.93"
"67","000","00","032","3215","0000","893","590","303","28","921","1602","0","57.49","36.83"
"67","000","00","032","3215","1177","893","590","303","28","921","1602","0","57.49","36.83"
"67","000","00","032","3216","0000","799","534","265","64","863","1556","0","55.46","34.32"
"67","000","00","032","3216","1176","799","534","265","64","863","1556","0","55.46","34.32"
"67","000","00","032","3217","0000","2325","1529","796","68","2393","4335","0","55.2","35.27"
"67","000","00","032","3217","1133","1074","714","360","38","1112","2093","0","53.13","34.11"
"67","000","00","032","3217","1134","1251","815","436","30","1281","2242","0","57.14","36.35"
"67","000","00","032","3218","0000","759","530","229","37","796","1517","0","52.47","34.94"
"67","000","00","032","3218","1165","759","530","229","37","796","1517","0","52.47","34.94"
"67","000","00","032","3219","0000","2694","1767","927","110","2804","4992","0","56.17","35.4"
"67","000","00","032","3219","1102","919","580","339","29","948","1639","0","57.84","35.39"
"67","000","00","032","3219","1103","909","601","308","37","946","1724","0","54.87","34.86"
"67","000","00","032","3219","1104","866","586","280","44","910","1629","0","55.86","35.97"
"67","000","00","032","3220","0000","2312","1542","770","104","2416","4484","0","53.88","34.39"
"67","000","00","032","3220","1168","1161","787","374","63","1224","2238","0","54.69","35.17"
"67","000","00","032","3220","1169","1151","755","396","41","1192","2246","0","53.07","33.62"
"67","000","00","032","3221","0000","1041","676","365","31","1072","1986","0","53.98","34.04"
"67","000","00","032","3221","1156","587","361","226","7","594","1090","0","54.5","33.12"
"67","000","00","032","3221","1157","454","315","139","24","478","896","0","53.35","35.16"
"67","000","00","032","3222","0000","2296","1517","779","94","2390","4242","0","56.34","35.76"
"67","000","00","032","3222","1148","806","536","270","27","833","1427","0","58.37","37.56"
"67","000","00","032","3222","1149","730","467","263","43","773","1427","0","54.17","32.73"
"67","000","00","032","3222","1150","760","514","246","24","784","1388","0","56.48","37.03"
"67","000","00","032","3223","0000","676","394","282","23","699","1131","0","61.8","34.84"
"67","000","00","032","3223","1151","676","394","282","23","699","1131","0","61.8","34.84"
"67","000","00","032","3224","0000","2528","1556","972","65","2593","4615","0","56.19","33.72"
"67","000","00","032","3224","1183","890","570","320","25","915","1653","0","55.35","34.48"
"67","000","00","032","3224","1184","855","491","364","15","870","1554","0","55.98","31.6"
"67","000","00","032","3224","1185","783","495","288","25","808","1408","0","57.39","35.16"
"67","000","00","032","3225","0000","2633","1728","905","114","2747","4874","0","56.36","35.45"
"67","000","00","032","3225","1122","909","596","313","33","942","1673","0","56.31","35.62"
"67","000","00","032","3225","1123","863","559","304","22","885","1594","0","55.52","35.07"
"67","000","00","032","3225","1124","861","573","288","59","920","1607","0","57.25","35.66"
"67","000","00","032","3226","0000","1656","1142","514","62","1718","2982","0","57.61","38.3"
"67","000","00","032","3226","1116","748","513","235","37","785","1427","0","55.01","35.95"
"67","000","00","032","3226","1117","908","629","279","25","933","1555","0","60.0","40.45"
"67","000","00","032","3227","0000","1801","1146","655","83","1884","3593","0","52.44","31.9"
"67","000","00","032","3227","1146","880","567","313","37","917","1829","0","50.14","31.0"
"67","000","00","032","3227","1147","921","579","342","46","967","1764","0","54.82","32.82"
"67","000","00","032","3228","0000","805","550","255","37","842","1721","0","48.93","31.96"
"67","000","00","032","3228","1175","805","550","255","37","842","1721","0","48.93","31.96"
"67","000","00","032","3229","0000","2277","1479","798","88","2365","4240","0","55.78","34.88"
"67","000","00","032","3229","1171","1072","669","403","37","1109","2063","0","53.76","32.43"
"67","000","00","032","3229","1172","1205","810","395","51","1256","2177","0","57.69","37.21"
"67","000","00","032","3230","0000","1384","963","421","43","1427","2447","0","58.32","39.35"
"67","000","00","032","3230","1163","661","452","209","18","679","1185","0","57.3","38.14"
"67","000","00","032","3230","1164","723","511","212","25","748","1262","0","59.27","40.49"
"67","000","00","032","3231","0000","1557","1016","541","81","1638","2983","0","54.91","34.06"
"67","000","00","032","3231","1144","760","467","293","40","800","1501","0","53.3","31.11"
"67","000","00","032","3231","1145","797","549","248","41","838","1482","0","56.55","37.04"
"67","000","00","032","3232","0000","2503","1640","863","77","2580","4472","0","57.69","36.67"
"67","000","00","032","3232","1099","869","557","312","32","901","1552","0","58.05","35.89"
"67","000","00","032","3232","1100","768","523","245","13","781","1326","0","58.9","39.44"
"67","000","00","032","3232","1101","866","560","306","32","898","1594","0","56.34","35.13"
"67","000","00","032","3233","0000","1212","870","342","50","1262","2296","0","54.97","37.89"
"67","000","00","032","3233","1111","580","412","168","25","605","1039","0","58.23","39.65"
"67","000","00","032","3233","1112","632","458","174","25","657","1257","0","52.27","36.44"
"67","000","00","032","3234","0000","1116","747","369","31","1147","2278","0","50.35","32.79"
"67","000","00","032","3234","1132","1116","747","369","31","1147","2278","0","50.35","32.79"
"67","000","00","032","3235","0000","1599","1039","560","57","1656","2933","0","56.46","35.42"
"67","000","00","032","3235","1105","761","483","278","32","793","1399","0","56.68","34.52"
"67","000","00","032","3235","1106","838","556","282","25","863","1534","0","56.26","36.25"
"67","000","00","032","3236","0000","984","668","316","63","1047","1882","0","55.63","35.49"
"67","000","00","032","3236","1154","468","338","130","31","499","935","0","53.37","36.15"
"67","000","00","032","3236","1155","516","330","186","32","548","947","0","57.87","34.85"
"67","000","00","032","3237","0000","1055","716","339","52","1107","1996","0","55.46","35.87"
"67","000","00","032","3237","1152","521","348","173","31","552","1000","0","55.2","34.8"
"67","000","00","032","3237","1153","534","368","166","21","555","996","0","55.72","36.95"
"67","000","00","032","3238","0000","1450","983","467","81","1531","2905","0","52.7","33.84"
"67","000","00","032","3238","1178","763","544","219","47","810","1523","0","53.18","35.72"
"67","000","00","032","3238","1179","687","439","248","34","721","1382","0","52.17","31.77"
"67","000","00","032","3239","0000","2203","1412","791","64","2267","3980","0","56.96","35.48"
"67","000","00","032","3239","1186","1196","802","394","30","1226","2084","0","58.83","38.48"
"67","000","00","032","3239","1187","1007","610","397","34","1041","1896","0","54.91","32.17"
"67","000","00","032","3240","0000","1989","1336","653","71","2060","4492","0","45.86","29.74"
"67","000","00","032","3240","1095","1035","691","344","41","1076","2681","0","40.13","25.77"
"67","000","00","032","3240","1096","954","645","309","30","984","1811","0","54.33","35.62"
"67","000","00","032","3241","0000","3269","2163","1106","115","3384","5929","0","57.08","36.48"
"67","000","00","032","3241","1107","902","579","323","31","933","1656","0","56.34","34.96"
"67","000","00","032","3241","1108","694","481","213","36","730","1322","0","55.22","36.38"
"67","000","00","032","3241","1109","874","563","311","26","900","1620","0","55.56","34.75"
"67","000","00","032","3241","1110","799","540","259","22","821","1331","0","61.68","40.57"
"67","000","00","032","3242","0000","1769","1190","579","62","1831","3308","0","55.35","35.97"
"67","000","00","032","3242","1127","879","607","272","38","917","1696","0","54.07","35.79"
"67","000","00","032","3242","1128","890","583","307","24","914","1612","0","56.7","36.17"
"67","000","00","032","3243","0000","2525","1647","878","52","2577","4456","0","57.83","36.96"
"67","000","00","032","3243","1125","1199","789","410","22","1221","2087","0","58.51","37.81"
"67","000","00","032","3243","1126","1326","858","468","30","1356","2369","0","57.24","36.22"
"67","000","00","032","3244","0000","1447","953","494","48","1495","2470","0","60.53","38.58"
"67","000","00","032","3244","1135","663","437","226","34","697","1152","0","60.5","37.93"
"67","000","00","032","3244","1136","784","516","268","14","798","1318","0","60.55","39.15"
"67","000","00","032","3245","0000","2347","1541","806","50","2397","4160","0","57.62","37.04"
"67","000","00","032","3245","1137","1213","802","411","35","1248","2200","0","56.73","36.45"
"67","000","00","032","3245","1138","1134","739","395","15","1149","1960","0","58.62","37.7"
"67","000","00","033","0000","0000","54338","36989","17349","2377","56715","108650","124790","52.2","34.04"
"67","000","00","033","3301","0000","822","556","266","40","862","1637","0","52.66","33.96"
"67","000","00","033","3301","1024","822","556","266","40","862","1637","0","52.66","33.96"
"67","000","00","033","3303","0000","396","247","149","8","404","871","0","46.38","28.36"
"67","000","00","033","3303","1025","396","247","149","8","404","871","0","46.38","28.36"
"67","000","00","033","3304","0000","832","539","293","39","871","1390","0","62.66","38.78"
"67","000","00","033","3304","1026","331","208","123","7","338","589","0","57.39","35.31"
"67","000","00","033","3304","1027","501","331","170","32","533","801","0","66.54","41.32"
"67","000","00","033","3305","0000","1231","847","384","58","1289","2262","0","56.98","37.44"
"67","000","00","033","3305","1035","624","418","206","18","642","1127","0","56.97","37.09"
"67","000","00","033","3305","1036","607","429","178","40","647","1135","0","57.0","37.8"
"67","000","00","033","3306","0000","1158","787","371","46","1204","2277","0","52.88","34.56"
"67","000","00","033","3306","1037","644","436","208","29","673","1263","0","53.29","34.52"
"67","000","00","033","3306","1038","514","351","163","17","531","1014","0","52.37","34.62"
"67","000","00","033","3307","0000","1327","869","458","56","1383","2774","0","49.86","31.33"
"67","000","00","033","3307","1031","598","400","198","30","628","1204","0","52.16","33.22"
"67","000","00","033","3307","1032","729","469","260","26","755","1570","0","48.09","29.87"
"67","000","00","033","3308","0000","1819","1277","542","97","1916","3209","0","59.71","39.79"
"67","000","00","033","3308","1028","548","397","151","28","576","990","0","58.18","40.1"
"67","000","00","033","3308","1029","718","498","220","23","741","1222","0","60.64","40.75"
"67","000","00","033","3308","1030","553","382","171","46","599","997","0","60.08","38.31"
"67","000","00","033","3309","0000","1520","1024","496","98","1618","3006","0","53.83","34.07"
"67","000","00","033","3309","1047","791","538","253","42","833","1542","0","54.02","34.89"
"67","000","00","033","3309","1048","729","486","243","56","785","1464","0","53.62","33.2"
"67","000","00","033","3311","0000","2000","1328","672","101","2101","4217","0","49.82","31.49"
"67","000","00","033","3311","1052","649","446","203","35","684","1419","0","48.2","31.43"
"67","000","00","033","3311","1053","633","416","217","40","673","1333","0","50.49","31.21"
"67","000","00","033","3311","1054","718","466","252","26","744","1465","0","50.78","31.81"
"67","000","00","033","3313","0000","1826","1273","553","86","1912","3607","0","53.01","35.29"
"67","000","00","033","3313","1055","594","402","192","19","613","1099","0","55.78","36.58"
"67","000","00","033","3313","1056","560","390","170","18","578","1133","0","51.02","34.42"
"67","000","00","033","3313","1057","672","481","191","49","721","1375","0","52.44","34.98"
"67","000","00","033","3314","0000","939","616","323","43","982","2064","0","47.58","29.84"
"67","000","00","033","3314","1082","939","616","323","43","982","2064","0","47.58","29.84"
"67","000","00","033","3315","0000","1097","796","301","62","1159","2173","0","53.34","36.63"
"67","000","00","033","3315","1079","611","452","159","41","652","1119","0","58.27","40.39"
"67","000","00","033","3315","1080","486","344","142","21","507","1054","0","48.1","32.64"
"67","000","00","033","3316","0000","594","385","209","51","645","1245","0","51.81","30.92"
"67","000","00","033","3316","1081","594","385","209","51","645","1245","0","51.81","30.92"
"67","000","00","033","3317","0000","1509","1024","485","34","1543","3429","0","45.0","29.86"
"67","000","00","033","3317","1083","844","560","284","21","865","2056","0","42.07","27.24"
"67","000","00","033","3317","1084","665","464","201","13","678","1373","0","49.38","33.79"
"67","000","00","033","3318","0000","1099","755","344","40","1139","2109","0","54.01","35.8"
"67","000","00","033","3318","1093","534","371","163","22","556","1093","0","50.87","33.94"
"67","000","00","033","3318","1094","565","384","181","18","583","1016","0","57.38","37.8"
"67","000","00","033","3319","0000","1062","738","324","43","1105","2162","0","51.11","34.14"
"67","000","00","033","3319","1091","422","293","129","16","438","897","0","48.83","32.66"
"67","000","00","033","3319","1092","640","445","195","27","667","1265","0","52.73","35.18"
"67","000","00","033","3320","0000","1326","906","420","69","1395","2544","0","54.83","35.61"
"67","000","00","033","3320","1089","613","413","200","36","649","1186","0","54.72","34.82"
"67","000","00","033","3320","1090","713","493","220","33","746","1358","0","54.93","36.3"
"67","000","00","033","3321","0000","1288","880","408","45","1333","2272","0","58.67","38.73"
"67","000","00","033","3321","1017","651","433","218","20","671","1150","0","58.35","37.65"
"67","000","00","033","3321","1018","637","447","190","25","662","1122","0","59.0","39.84"
"67","000","00","033","3322","0000","2257","1522","735","112","2369","4507","0","52.56","33.77"
"67","000","00","033","3322","1019","688","478","210","30","718","1444","0","49.72","33.1"
"67","000","00","033","3322","1020","840","550","290","44","884","1765","0","50.08","31.16"
"67","000","00","033","3322","1021","729","494","235","38","767","1298","0","59.09","38.06"
"67","000","00","033","3323","0000","1649","1118","531","76","1725","3392","0","50.85","32.96"
"67","000","00","033","3323","1015","679","442","237","31","710","1221","0","58.15","36.2"
"67","000","00","033","3323","1016","970","676","294","45","1015","2171","0","46.75","31.14"
"67","000","00","033","3324","0000","1744","1225","519","39","1783","3398","0","52.47","36.05"
"67","000","00","033","3324","1022","781","564","217","23","804","1458","0","55.14","38.68"
"67","000","00","033","3324","1023","963","661","302","16","979","1940","0","50.46","34.07"
"67","000","00","033","3325","0000","1176","749","427","45","1221","2298","0","53.13","32.59"
"67","000","00","033","3325","1033","654","408","246","26","680","1222","0","55.65","33.39"
"67","000","00","033","3325","1034","522","341","181","19","541","1076","0","50.28","31.69"
"67","000","00","033","3326","0000","1606","1123","483","77","1683","3341","0","50.37","33.61"
"67","000","00","033","3326","1061","861","604","257","51","912","1640","0","55.61","36.83"
"67","000","00","033","3326","1062","745","519","226","26","771","1701","0","45.33","30.51"
"67","000","00","033","3327","0000","1755","1182","573","64","1819","3306","0","55.02","35.75"
"67","000","00","033","3327","1039","806","561","245","35","841","1491","0","56.41","37.63"
"67","000","00","033","3327","1040","949","621","328","29","978","1815","0","53.88","34.21"
"67","000","00","033","3328","0000","2541","1718","823","94","2635","5017","0","52.52","34.24"
"67","000","00","033","3328","1044","848","563","285","30","878","1626","0","54.0","34.62"
"67","000","00","033","3328","1045","852","578","274","29","881","1761","0","50.03","32.82"
"67","000","00","033","3328","1046","841","577","264","35","876","1630","0","53.74","35.4"
"67","000","00","033","3329","0000","1138","783","355","46","1184","2734","0","43.31","28.64"
"67","000","00","033","3329","1068","573","386","187","26","599","1657","0","36.15","23.3"
"67","000","00","033","3329","1069","565","397","168","20","585","1077","0","54.32","36.86"
"67","000","00","033","3330","0000","2574","1764","810","97","2671","5719","0","46.7","30.84"
"67","000","00","033","3330","1072","882","632","250","23","905","1985","0","45.59","31.84"
"67","000","00","033","3330","1073","884","587","297","35","919","2017","0","45.56","29.1"
"67","000","00","033","3330","1074","808","545","263","39","847","1717","0","49.33","31.74"
"67","000","00","033","3331","0000","872","587","285","47","919","1624","0","56.59","36.15"
"67","000","00","033","3331","1075","500","355","145","24","524","929","0","56.4","38.21"
"67","000","00","033","3331","1076","372","232","140","23","395","695","0","56.83","33.38"
"67","000","00","033","3332","0000","2646","1791","855","104","2750","5094","0","53.99","35.16"
"67","000","00","033","3332","1065","1002","680","322","41","1043","1774","0","58.79","38.33"
"67","000","00","033","3332","1066","799","534","265","44","843","1613","0","52.26","33.11"
"67","000","00","033","3332","1067","845","577","268","19","864","1707","0","50.62","33.8"
"67","000","00","033","3333","0000","1699","1186","513","99","1798","3568","0","50.39","33.24"
"67","000","00","033","3333","1063","730","519","211","41","771","1541","0","50.03","33.68"
"67","000","00","033","3333","1064","969","667","302","58","1027","2027","0","50.67","32.91"
"67","000","00","033","3334","0000","2365","1605","760","86","2451","4809","0","50.97","33.37"
"67","000","00","033","3334","1058","804","529","275","33","837","1781","0","47.0","29.7"
"67","000","00","033","3334","1059","850","587","263","27","877","1542","0","56.87","38.07"
"67","000","00","033","3334","1060","711","489","222","26","737","1486","0","49.6","32.91"
"67","000","00","033","3335","0000","2529","1716","813","64","2593","5092","0","50.92","33.7"
"67","000","00","033","3335","1041","725","461","264","12","737","1398","0","52.72","32.98"
"67","000","00","033","3335","1042","891","610","281","26","917","2107","0","43.52","28.95"
"67","000","00","033","3335","1043","913","645","268","26","939","1587","0","59.17","40.64"
"67","000","00","033","3336","0000","878","632","246","24","902","1781","0","50.65","35.49"
"67","000","00","033","3336","1077","488","349","139","14","502","997","0","50.35","35.01"
"67","000","00","033","3336","1078","390","283","107","10","400","784","0","51.02","36.1"
"67","000","00","033","3337","0000","921","616","305","72","993","1775","0","55.94","34.7"
"67","000","00","033","3337","1087","543","363","180","37","580","1031","0","56.26","35.21"
"67","000","00","033","3337","1088","378","253","125","35","413","744","0","55.51","34.01"
"67","000","00","033","3338","0000","903","615","288","65","968","1762","0","54.94","34.9"
"67","000","00","033","3338","1085","492","341","151","26","518","1002","0","51.7","34.03"
"67","000","00","033","3338","1086","411","274","137","39","450","760","0","59.21","36.05"
"67","000","00","033","3339","0000","1247","834","413","52","1299","2434","0","53.37","34.26"
"67","000","00","033","3339","1070","612","418","194","25","637","1185","0","53.76","35.27"
"67","000","00","033","3339","1071","635","416","219","27","662","1249","0","53.0","33.31"
"67","000","00","033","3340","0000","1993","1376","617","98","2091","3751","0","55.75","36.68"
"67","000","00","033","3340","1049","867","608","259","50","917","1727","0","53.1","35.21"
"67","000","00","033","3340","1050","633","419","214","30","663","1085","0","61.11","38.62"
"67","000","00","033","3340","1051","493","349","144","18","511","939","0","54.42","37.17"
"67","000","00","034","0000","0000","58029","38923","19106","2351","60380","110906","132020","54.44","35.1"
"67","000","00","034","3401","0000","1694","1177","517","82","1776","3501","0","50.73","33.62"
"67","000","00","034","3401","0850","867","585","282","44","911","1793","0","50.81","32.63"
"67","000","00","034","3401","0851","827","592","235","38","865","1708","0","50.64","34.66"
"67","000","00","034","3404","0000","1151","787","364","44","1195","2030","0","58.87","38.77"
"67","000","00","034","3404","0862","595","422","173","30","625","1076","0","58.09","39.22"
"67","000","00","034","3404","0863","556","365","191","14","570","954","0","59.75","38.26"
"67","000","00","034","3405","0000","1355","919","436","57","1412","2451","0","57.61","37.49"
"67","000","00","034","3405","0858","617","444","173","25","642","1189","0","53.99","37.34"
"67","000","00","034","3405","0859","738","475","263","32","770","1262","0","61.01","37.64"
"67","000","00","034","3407","0000","1043","704","339","32","1075","1964","0","54.74","35.85"
"67","000","00","034","3407","0867","519","354","165","11","530","974","0","54.41","36.34"
"67","000","00","034","3407","0868","524","350","174","21","545","990","0","55.05","35.35"
"67","000","00","034","3408","0000","1173","766","407","46","1219","2069","0","58.92","37.02"
"67","000","00","034","3408","0869","608","375","233","19","627","1016","0","61.71","36.91"
"67","000","00","034","3408","0870","565","391","174","27","592","1053","0","56.22","37.13"
"67","000","00","034","3418","0000","2121","1399","722","86","2207","4291","0","51.43","32.6"
"67","000","00","034","3418","0926","681","435","246","17","698","1502","0","46.47","28.96"
"67","000","00","034","3418","0927","774","506","268","26","800","1470","0","54.42","34.42"
"67","000","00","034","3418","0928","666","458","208","43","709","1319","0","53.75","34.72"
"67","000","00","034","3419","0000","1051","689","362","35","1086","1864","0","58.26","36.96"
"67","000","00","034","3419","0860","592","385","207","19","611","1017","0","60.08","37.86"
"67","000","00","034","3419","0861","459","304","155","16","475","847","0","56.08","35.89"
"67","000","00","034","3420","0000","2658","1656","1002","67","2725","4824","0","56.49","34.33"
"67","000","00","034","3420","0908","948","584","364","20","968","1709","0","56.64","34.17"
"67","000","00","034","3420","0909","880","544","336","30","910","1517","0","59.99","35.86"
"67","000","00","034","3420","0910","830","528","302","17","847","1598","0","53.0","33.04"
"67","000","00","034","3423","0000","1592","1104","488","52","1644","3203","0","51.33","34.47"
"67","000","00","034","3423","0894","556","365","191","9","565","1091","0","51.79","33.46"
"67","000","00","034","3423","0895","514","362","152","25","539","993","0","54.28","36.46"
"67","000","00","034","3423","0896","522","377","145","18","540","1119","0","48.26","33.69"
"67","000","00","034","3424","0000","2329","1514","815","102","2431","4442","0","54.73","34.08"
"67","000","00","034","3424","0897","879","575","304","52","931","1685","0","55.25","34.12"
"67","000","00","034","3424","0898","727","464","263","17","744","1368","0","54.39","33.92"
"67","000","00","034","3424","0899","723","475","248","33","756","1389","0","54.43","34.2"
"67","000","00","034","3425","0000","1693","1063","630","49","1742","3296","0","52.85","32.25"
"67","000","00","034","3425","0919","863","541","322","29","892","1662","0","53.67","32.55"
"67","000","00","034","3425","0920","830","522","308","20","850","1634","0","52.02","31.95"
"67","000","00","034","3426","0000","2706","1830","876","138","2844","5387","0","52.79","33.97"
"67","000","00","034","3426","0923","983","654","329","36","1019","1874","0","54.38","34.9"
"67","000","00","034","3426","0924","868","609","259","51","919","1760","0","52.22","34.6"
"67","000","00","034","3426","0925","855","567","288","51","906","1753","0","51.68","32.34"
"67","000","00","034","3432","0000","721","495","226","46","767","1466","0","52.32","33.77"
"67","000","00","034","3432","0871","721","495","226","46","767","1466","0","52.32","33.77"
"67","000","00","034","3433","0000","913","617","296","86","999","1829","0","54.62","33.73"
"67","000","00","034","3433","0884","454","313","141","58","512","892","0","57.4","35.09"
"67","000","00","034","3433","0885","459","304","155","28","487","937","0","51.97","32.44"
"67","000","00","034","3438","0000","1814","1117","697","45","1859","3800","0","48.92","29.39"
"67","000","00","034","3438","0852","508","311","197","7","515","997","0","51.65","31.19"
"67","000","00","034","3438","0853","636","374","262","18","654","1452","0","45.04","25.76"
"67","000","00","034","3438","0854","670","432","238","20","690","1351","0","51.07","31.98"
"67","000","00","034","3439","0000","1490","1118","372","78","1568","3079","0","50.93","36.31"
"67","000","00","034","3439","0872","814","559","255","42","856","1535","0","55.77","36.42"
"67","000","00","034","3439","0873","676","559","117","36","712","1544","0","46.11","36.2"
"67","000","00","034","3440","0000","2379","1548","831","96","2475","4317","0","57.33","35.86"
"67","000","00","034","3440","0905","744","513","231","49","793","1340","0","59.18","38.28"
"67","000","00","034","3440","0906","778","485","293","29","807","1464","0","55.12","33.13"
"67","000","00","034","3440","0907","857","550","307","18","875","1513","0","57.83","36.35"
"67","000","00","034","3441","0000","1650","1106","544","57","1707","2975","0","57.38","37.18"
"67","000","00","034","3441","0915","772","518","254","30","802","1391","0","57.66","37.24"
"67","000","00","034","3441","0916","878","588","290","27","905","1584","0","57.13","37.12"
"67","000","00","034","3442","0000","1997","1355","642","81","2078","3665","0","56.7","36.97"
"67","000","00","034","3442","0921","981","686","295","36","1017","1793","0","56.72","38.26"
"67","000","00","034","3442","0922","1016","669","347","45","1061","1872","0","56.68","35.74"
"67","000","00","034","3443","0000","1920","1286","634","48","1968","3596","0","54.73","35.76"
"67","000","00","034","3443","0929","1022","701","321","34","1056","1876","0","56.29","37.37"
"67","000","00","034","3443","0930","898","585","313","14","912","1720","0","53.02","34.01"
"67","000","00","034","3444","0000","2066","1477","589","113","2179","4008","0","54.37","36.85"
"67","000","00","034","3444","0864","653","462","191","48","701","1300","0","53.92","35.54"
"67","000","00","034","3444","0865","706","514","192","29","735","1390","0","52.88","36.98"
"67","000","00","034","3444","0866","707","501","206","36","743","1318","0","56.37","38.01"
"67","000","00","034","3445","0000","2051","1419","632","86","2137","3534","0","60.47","40.15"
"67","000","00","034","3445","0855","801","532","269","33","834","1323","0","63.04","40.21"
"67","000","00","034","3445","0856","604","441","163","29","633","1073","0","58.99","41.1"
"67","000","00","034","3445","0857","646","446","200","24","670","1138","0","58.88","39.19"
"67","000","00","034","3446","0000","2869","1999","870","137","3006","5305","0","56.66","37.68"
"67","000","00","034","3446","0874","954","663","291","39","993","1760","0","56.42","37.67"
"67","000","00","034","3446","0875","710","491","219","31","741","1372","0","54.01","35.79"
"67","000","00","034","3446","0876","559","393","166","27","586","1002","0","58.48","39.22"
"67","000","00","034","3446","0877","646","452","194","40","686","1171","0","58.58","38.6"
"67","000","00","034","3447","0000","2011","1368","643","83","2094","3964","0","52.83","34.51"
"67","000","00","034","3447","0891","787","526","261","24","811","1522","0","53.29","34.56"
"67","000","00","034","3447","0892","656","460","196","20","676","1278","0","52.9","35.99"
"67","000","00","034","3447","0893","568","382","186","39","607","1164","0","52.15","32.82"
"67","000","00","034","3448","0000","2455","1754","701","126","2581","4860","0","53.11","36.09"
"67","000","00","034","3448","0878","618","423","195","23","641","1285","0","49.88","32.92"
"67","000","00","034","3448","0879","514","384","130","34","548","1036","0","52.9","37.07"
"67","000","00","034","3448","0880","716","494","222","33","749","1392","0","53.81","35.49"
"67","000","00","034","3448","0881","607","453","154","36","643","1147","0","56.06","39.49"
"67","000","00","034","3449","0000","1523","1056","467","54","1577","3085","0","51.12","34.23"
"67","000","00","034","3449","0882","694","497","197","30","724","1526","0","47.44","32.57"
"67","000","00","034","3449","0883","829","559","270","24","853","1559","0","54.71","35.86"
"67","000","00","034","3450","0000","1391","950","441","45","1436","2797","0","51.34","33.96"
"67","000","00","034","3450","0889","698","481","217","30","728","1346","0","54.09","35.74"
"67","000","00","034","3450","0890","693","469","224","15","708","1451","0","48.79","32.32"
"67","000","00","034","3451","0000","1969","1306","663","95","2064","4176","0","49.43","31.27"
"67","000","00","034","3451","0886","791","523","268","43","834","1449","0","57.56","36.09"
"67","000","00","034","3451","0887","607","415","192","20","627","1160","0","54.05","35.78"
"67","000","00","034","3451","0888","571","368","203","32","603","1567","0","38.48","23.48"
"67","000","00","034","3452","0000","1757","1140","617","52","1809","3124","0","57.91","36.49"
"67","000","00","034","3452","0900","834","540","294","20","854","1469","0","58.13","36.76"
"67","000","00","034","3452","0901","923","600","323","32","955","1655","0","57.7","36.25"
"67","000","00","034","3453","0000","2288","1504","784","56","2344","4187","0","55.98","35.92"
"67","000","00","034","3453","0902","698","450","248","18","716","1261","0","56.78","35.69"
"67","000","00","034","3453","0903","781","523","258","15","796","1490","0","53.42","35.1"
"67","000","00","034","3453","0904","809","531","278","23","832","1436","0","57.94","36.98"
"67","000","00","034","3454","0000","1330","856","474","82","1412","2613","0","54.04","32.76"
"67","000","00","034","3454","0911","710","427","283","34","744","1399","0","53.18","30.52"
"67","000","00","034","3454","0912","620","429","191","48","668","1214","0","55.02","35.34"
"67","000","00","034","3455","0000","1262","771","491","46","1308","2212","0","59.13","34.86"
"67","000","00","034","3455","0913","588","353","235","16","604","1064","0","56.77","33.18"
"67","000","00","034","3455","0914","674","418","256","30","704","1148","0","61.32","36.41"
"67","000","00","034","3456","0000","1607","1073","534","49","1656","2992","0","55.35","35.86"
"67","000","00","034","3456","0917","870","573","297","23","893","1595","0","55.99","35.92"
"67","000","00","034","3456","0918","737","500","237","26","763","1397","0","54.62","35.79"
"67","000","00","035","0000","0000","80209","54063","26146","4033","84242","159654","193163","52.77","33.86"
"67","000","00","035","3501","0000","1322","863","459","33","1355","2549","0","53.16","33.86"
"67","000","00","035","3501","0618","1322","863","459","33","1355","2549","0","53.16","33.86"
"67","000","00","035","3502","0000","2275","1543","732","92","2367","4600","0","51.46","33.54"
"67","000","00","035","3502","0624","1000","680","320","39","1039","2143","0","48.48","31.73"
"67","000","00","035","3502","0625","1275","863","412","53","1328","2457","0","54.05","35.12"
"67","000","00","035","3503","0000","2324","1574","750","92","2416","4477","0","53.96","35.16"
"67","000","00","035","3503","0619","1173","806","367","49","1222","2321","0","52.65","34.73"
"67","000","00","035","3503","0620","1151","768","383","43","1194","2156","0","55.38","35.62"
"67","000","00","035","3504","0000","2546","1806","740","159","2705","4799","0","56.37","37.63"
"67","000","00","035","3504","0621","920","640","280","55","975","1662","0","58.66","38.51"
"67","000","00","035","3504","0622","842","614","228","62","904","1512","0","59.79","40.61"
"67","000","00","035","3504","0623","784","552","232","42","826","1625","0","50.83","33.97"
"67","000","00","035","3505","0000","2308","1510","798","122","2430","4512","0","53.86","33.47"
"67","000","00","035","3505","0626","1139","744","395","64","1203","2148","0","56.01","34.64"
"67","000","00","035","3505","0627","1169","766","403","58","1227","2364","0","51.9","32.4"
"67","000","00","035","3506","0000","1532","1031","501","96","1628","2805","0","58.04","36.76"
"67","000","00","035","3506","0644","827","567","260","27","854","1447","0","59.02","39.18"
"67","000","00","035","3506","0645","705","464","241","69","774","1358","0","57.0","34.17"
"67","000","00","035","3507","0000","1879","1224","655","100","1979","3494","0","56.64","35.03"
"67","000","00","035","3507","0639","916","575","341","51","967","1721","0","56.19","33.41"
"67","000","00","035","3507","0640","963","649","314","49","1012","1773","0","57.08","36.6"
"67","000","00","035","3508","0000","2135","1466","669","80","2215","4546","0","48.72","32.25"
"67","000","00","035","3508","0631","1026","697","329","41","1067","2291","0","46.57","30.42"
"67","000","00","035","3508","0632","1109","769","340","39","1148","2255","0","50.91","34.1"
"67","000","00","035","3509","0000","2997","1999","998","113","3110","5977","0","52.03","33.44"
"67","000","00","035","3509","0633","907","582","325","42","949","1940","0","48.92","30.0"
"67","000","00","035","3509","0634","1092","728","364","33","1125","2013","0","55.89","36.16"
"67","000","00","035","3509","0635","998","689","309","38","1036","2024","0","51.19","34.04"
"67","000","00","035","3510","0000","3062","2056","1006","127","3189","5933","0","53.75","34.65"
"67","000","00","035","3510","0628","892","568","324","33","925","1868","0","49.52","30.41"
"67","000","00","035","3510","0629","1010","670","340","42","1052","1797","0","58.54","37.28"
"67","000","00","035","3510","0630","1160","818","342","52","1212","2268","0","53.44","36.07"
"67","000","00","035","3511","0000","1111","733","378","58","1169","2188","0","53.43","33.5"
"67","000","00","035","3511","0654","1111","733","378","58","1169","2188","0","53.43","33.5"
"67","000","00","035","3512","0000","970","668","302","70","1040","1835","0","56.68","36.4"
"67","000","00","035","3512","0659","970","668","302","70","1040","1835","0","56.68","36.4"
"67","000","00","035","3513","0000","2128","1466","662","116","2244","4646","0","48.3","31.55"
"67","000","00","035","3513","0655","1121","785","336","55","1176","2399","0","49.02","32.72"
"67","000","00","035","3513","0656","1007","681","326","61","1068","2247","0","47.53","30.31"
"67","000","00","035","3514","0000","678","444","234","49","727","1165","0","62.4","38.11"
"67","000","00","035","3514","0657","678","444","234","49","727","1165","0","62.4","38.11"
"67","000","00","035","3515","0000","2527","1621","906","133","2660","5476","0","48.58","29.6"
"67","000","00","035","3515","0670","669","358","311","46","715","1547","0","46.22","23.14"
"67","000","00","035","3515","0671","865","577","288","47","912","1784","0","51.12","32.34"
"67","000","00","035","3515","0672","993","686","307","40","1033","2145","0","48.16","31.98"
"67","000","00","035","3516","0000","1370","922","448","96","1466","2728","0","53.74","33.8"
"67","000","00","035","3516","0668","901","614","287","46","947","1763","0","53.72","34.83"
"67","000","00","035","3516","0669","469","308","161","50","519","965","0","53.78","31.92"
"67","000","00","035","3517","0000","1158","766","392","63","1221","1978","0","61.73","38.73"
"67","000","00","035","3517","0693","528","358","170","29","557","905","0","61.55","39.56"
"67","000","00","035","3517","0694","630","408","222","34","664","1073","0","61.88","38.02"
"67","000","00","035","3518","0000","3627","2500","1127","111","3738","7488","0","49.92","33.39"
"67","000","00","035","3518","0673","1279","869","410","32","1311","2443","0","53.66","35.57"
"67","000","00","035","3518","0674","1116","796","320","20","1136","2565","0","44.29","31.03"
"67","000","00","035","3518","0675","1232","835","397","59","1291","2480","0","52.06","33.67"
"67","000","00","035","3519","0000","564","368","196","60","624","977","0","63.87","37.67"
"67","000","00","035","3519","0662","564","368","196","60","624","977","0","63.87","37.67"
"67","000","00","035","3520","0000","2103","1373","730","120","2223","4517","0","49.21","30.4"
"67","000","00","035","3520","0676","997","643","354","62","1059","2349","0","45.08","27.37"
"67","000","00","035","3520","0677","1106","730","376","58","1164","2168","0","53.69","33.67"
"67","000","00","035","3521","0000","1540","1011","529","98","1638","3228","0","50.74","31.32"
"67","000","00","035","3521","0666","650","431","219","53","703","1319","0","53.3","32.68"
"67","000","00","035","3521","0667","890","580","310","45","935","1909","0","48.98","30.38"
"67","000","00","035","3522","0000","1634","1076","558","76","1710","3339","0","51.21","32.23"
"67","000","00","035","3522","0663","751","502","249","18","769","1642","0","46.83","30.57"
"67","000","00","035","3522","0664","883","574","309","58","941","1697","0","55.45","33.82"
"67","000","00","035","3523","0000","922","627","295","45","967","1966","0","49.19","31.89"
"67","000","00","035","3523","0665","922","627","295","45","967","1966","0","49.19","31.89"
"67","000","00","035","3524","0000","856","568","288","33","889","1501","0","59.23","37.84"
"67","000","00","035","3524","0707","856","568","288","33","889","1501","0","59.23","37.84"
"67","000","00","035","3525","0000","919","614","305","61","980","1797","0","54.54","34.17"
"67","000","00","035","3525","0660","919","614","305","61","980","1797","0","54.54","34.17"
"67","000","00","035","3526","0000","1023","649","374","69","1092","2223","0","49.12","29.19"
"67","000","00","035","3526","0661","1023","649","374","69","1092","2223","0","49.12","29.19"
"67","000","00","035","3527","0000","856","593","263","61","917","1579","0","58.07","37.56"
"67","000","00","035","3527","0695","856","593","263","61","917","1579","0","58.07","37.56"
"67","000","00","035","3528","0000","718","445","273","27","745","1462","0","50.96","30.44"
"67","000","00","035","3528","0700","718","445","273","27","745","1462","0","50.96","30.44"
"67","000","00","035","3529","0000","585","426","159","33","618","1044","0","59.2","40.8"
"67","000","00","035","3529","0701","585","426","159","33","618","1044","0","59.2","40.8"
"67","000","00","035","3530","0000","1483","993","490","115","1598","3070","0","52.05","32.35"
"67","000","00","035","3530","0696","899","615","284","76","975","1876","0","51.97","32.78"
"67","000","00","035","3530","0697","584","378","206","39","623","1194","0","52.18","31.66"
"67","000","00","035","3531","0000","692","492","200","16","708","1380","0","51.3","35.65"
"67","000","00","035","3531","0699","692","492","200","16","708","1380","0","51.3","35.65"
"67","000","00","035","3532","0000","594","408","186","31","625","1475","0","42.37","27.66"
"67","000","00","035","3532","0698","594","408","186","31","625","1475","0","42.37","27.66"
"67","000","00","035","3533","0000","714","478","236","80","794","1293","0","61.41","36.97"
"67","000","00","035","3533","0702","345","232","113","50","395","603","0","65.51","38.47"
"67","000","00","035","3533","0703","369","246","123","30","399","690","0","57.83","35.65"
"67","000","00","035","3534","0000","681","449","232","42","723","1447","0","49.97","31.03"
"67","000","00","035","3534","0704","681","449","232","42","723","1447","0","49.97","31.03"
"67","000","00","035","3535","0000","564","398","166","35","599","910","0","65.82","43.74"
"67","000","00","035","3535","0705","564","398","166","35","599","910","0","65.82","43.74"
"67","000","00","035","3536","0000","861","591","270","43","904","1850","0","48.86","31.95"
"67","000","00","035","3536","0706","861","591","270","43","904","1850","0","48.86","31.95"
"67","000","00","035","3537","0000","1087","753","334","65","1152","2143","0","53.76","35.14"
"67","000","00","035","3537","0638","1087","753","334","65","1152","2143","0","53.76","35.14"
"67","000","00","035","3538","0000","1534","1007","527","82","1616","2791","0","57.9","36.08"
"67","000","00","035","3538","0636","941","599","342","49","990","1613","0","61.38","37.14"
"67","000","00","035","3538","0637","593","408","185","33","626","1178","0","53.14","34.63"
"67","000","00","035","3539","0000","2329","1544","785","84","2413","4412","0","54.69","35.0"
"67","000","00","035","3539","0641","770","518","252","15","785","1428","0","54.97","36.27"
"67","000","00","035","3539","0642","859","578","281","34","893","1626","0","54.92","35.55"
"67","000","00","035","3539","0643","700","448","252","35","735","1358","0","54.12","32.99"
"67","000","00","035","3540","0000","1755","1237","518","89","1844","3120","0","59.1","39.65"
"67","000","00","035","3540","0680","968","665","303","51","1019","1627","0","62.63","40.87"
"67","000","00","035","3540","0681","787","572","215","38","825","1493","0","55.26","38.31"
"67","000","00","035","3541","0000","2230","1529","701","100","2330","4273","0","54.53","35.78"
"67","000","00","035","3541","0682","747","519","228","42","789","1397","0","56.48","37.15"
"67","000","00","035","3541","0683","716","494","222","40","756","1416","0","53.39","34.89"
"67","000","00","035","3541","0684","767","516","251","18","785","1460","0","53.77","35.34"
"67","000","00","035","3542","0000","1696","1143","553","69","1765","3661","0","48.21","31.22"
"67","000","00","035","3542","0691","815","529","286","36","851","1815","0","46.89","29.15"
"67","000","00","035","3542","0692","881","614","267","33","914","1846","0","49.51","33.26"
"67","000","00","035","3543","0000","2129","1456","673","76","2205","4437","0","49.7","32.81"
"67","000","00","035","3543","0646","1022","698","324","43","1065","2116","0","50.33","32.99"
"67","000","00","035","3543","0647","1107","758","349","33","1140","2321","0","49.12","32.66"
"67","000","00","035","3544","0000","1942","1310","632","99","2041","4044","0","50.47","32.39"
"67","000","00","035","3544","0648","1043","721","322","35","1078","2117","0","50.92","34.06"
"67","000","00","035","3544","0649","899","589","310","64","963","1927","0","49.97","30.57"
"67","000","00","035","3545","0000","2180","1474","706","122","2302","4576","0","50.31","32.21"
"67","000","00","035","3545","0650","1074","709","365","73","1147","2242","0","51.16","31.62"
"67","000","00","035","3545","0651","1106","765","341","49","1155","2334","0","49.49","32.78"
"67","000","00","035","3546","0000","1966","1316","650","98","2064","3809","0","54.19","34.55"
"67","000","00","035","3546","0686","1030","690","340","68","1098","2070","0","53.04","33.33"
"67","000","00","035","3546","0687","936","626","310","30","966","1739","0","55.55","36.0"
"67","000","00","035","3547","0000","1585","1122","463","78","1663","3305","0","50.32","33.95"
"67","000","00","035","3547","0678","820","575","245","35","855","1630","0","52.45","35.28"
"67","000","00","035","3547","0679","765","547","218","43","808","1675","0","48.24","32.66"
"67","000","00","035","3548","0000","744","502","242","41","785","1539","0","51.01","32.62"
"67","000","00","035","3548","0658","744","502","242","41","785","1539","0","51.01","32.62"
"67","000","00","035","3549","0000","969","665","304","48","1017","2222","0","45.77","29.93"
"67","000","00","035","3549","0685","969","665","304","48","1017","2222","0","45.77","29.93"
"67","000","00","035","3550","0000","2893","1952","941","125","3018","5433","0","55.55","35.93"
"67","000","00","035","3550","0688","894","626","268","45","939","1830","0","51.31","34.21"
"67","000","00","035","3550","0689","1011","680","331","48","1059","1803","0","58.74","37.71"
"67","000","00","035","3550","0690","988","646","342","32","1020","1800","0","56.67","35.89"
"67","000","00","035","3551","0000","1912","1302","610","102","2014","3635","0","55.41","35.82"
"67","000","00","035","3551","0652","946","650","296","47","993","1822","0","54.5","35.68"
"67","000","00","035","3551","0653","966","652","314","55","1021","1813","0","56.32","35.96"
"67","000","00","036","0000","0000","27556","18147","9409","835","28391","55379","66677","51.27","32.77"
"67","000","00","036","3602","0000","937","651","286","54","991","2001","0","49.53","32.53"
"67","000","00","036","3602","1014","937","651","286","54","991","2001","0","49.53","32.53"
"67","000","00","036","3604","0000","208","148","60","4","212","438","0","48.4","33.79"
"67","000","00","036","3604","1007","208","148","60","4","212","438","0","48.4","33.79"
"67","000","00","036","3605","0000","2478","1660","818","69","2547","4954","0","51.41","33.51"
"67","000","00","036","3605","0986","1260","872","388","31","1291","2547","0","50.69","34.24"
"67","000","00","036","3605","0987","1218","788","430","38","1256","2407","0","52.18","32.74"
"67","000","00","036","3606","0000","2067","1320","747","43","2110","4202","0","50.21","31.41"
"67","000","00","036","3606","0988","945","593","352","27","972","2070","0","46.96","28.65"
"67","000","00","036","3606","0989","1122","727","395","16","1138","2132","0","53.38","34.1"
"67","000","00","036","3607","0000","2515","1632","883","56","2571","4810","0","53.45","33.93"
"67","000","00","036","3607","0990","795","522","273","11","806","1450","0","55.59","36.0"
"67","000","00","036","3607","0991","802","508","294","17","819","1605","0","51.03","31.65"
"67","000","00","036","3607","0992","918","602","316","28","946","1755","0","53.9","34.3"
"67","000","00","036","3608","0000","3338","2193","1145","110","3448","7011","0","49.18","31.28"
"67","000","00","036","3608","0993","793","522","271","27","820","1728","0","47.45","30.21"
"67","000","00","036","3608","0994","737","459","278","20","757","1754","0","43.16","26.17"
"67","000","00","036","3608","0995","837","543","294","35","872","1686","0","51.72","32.21"
"67","000","00","036","3608","0996","971","669","302","28","999","1843","0","54.21","36.3"
"67","000","00","036","3609","0000","2650","1765","885","95","2745","4994","0","54.97","35.34"
"67","000","00","036","3609","0983","931","641","290","43","974","1753","0","55.56","36.57"
"67","000","00","036","3609","0984","931","607","324","29","960","1859","0","51.64","32.65"
"67","000","00","036","3609","0985","788","517","271","23","811","1382","0","58.68","37.41"
"67","000","00","036","3610","0000","3457","2186","1271","101","3558","6842","0","52.0","31.95"
"67","000","00","036","3610","1003","900","582","318","27","927","1675","0","55.34","34.75"
"67","000","00","036","3610","1004","991","616","375","35","1026","1979","0","51.84","31.13"
"67","000","00","036","3610","1005","777","483","294","22","799","1602","0","49.88","30.15"
"67","000","00","036","3610","1006","789","505","284","17","806","1586","0","50.82","31.84"
"67","000","00","036","3611","0000","3637","2407","1230","75","3712","7611","0","48.77","31.63"
"67","000","00","036","3611","0999","810","518","292","11","821","1653","0","49.67","31.34"
"67","000","00","036","3611","1000","834","562","272","7","841","1697","0","49.56","33.12"
"67","000","00","036","3611","1001","991","649","342","27","1018","2154","0","47.26","30.13"
"67","000","00","036","3611","1002","1002","678","324","30","1032","2107","0","48.98","32.18"
"67","000","00","036","3612","0000","1568","1037","531","36","1604","2853","0","56.22","36.35"
"67","000","00","036","3612","0997","862","566","296","26","888","1565","0","56.74","36.17"
"67","000","00","036","3612","0998","706","471","235","10","716","1288","0","55.59","36.57"
"67","000","00","036","3615","0000","1657","1051","606","62","1719","3403","0","50.51","30.88"
"67","000","00","036","3615","1008","870","553","317","33","903","1780","0","50.73","31.07"
"67","000","00","036","3615","1009","787","498","289","29","816","1623","0","50.28","30.68"
"67","000","00","036","3616","0000","1664","1150","514","81","1745","3443","0","50.68","33.4"
"67","000","00","036","3616","1010","1018","705","313","51","1069","2157","0","49.56","32.68"
"67","000","00","036","3616","1011","646","445","201","30","676","1286","0","52.57","34.6"
"67","000","00","036","3617","0000","1380","947","433","49","1429","2817","0","50.73","33.62"
"67","000","00","036","3617","1012","753","507","246","36","789","1492","0","52.88","33.98"
"67","000","00","036","3617","1013","627","440","187","13","640","1325","0","48.3","33.21"
"67","000","00","037","0000","0000","34920","23013","11907","1641","36561","65261","78093","56.02","35.26"
"67","000","00","037","3705","0000","2017","1268","749","128","2145","3854","0","55.66","32.9"
"67","000","00","037","3705","0931","697","338","359","43","740","1332","0","55.56","25.38"
"67","000","00","037","3705","0932","686","479","207","41","727","1246","0","58.35","38.44"
"67","000","00","037","3705","0933","634","451","183","44","678","1276","0","53.13","35.34"
"67","000","00","037","3707","0000","1685","1066","619","60","1745","3047","0","57.27","34.99"
"67","000","00","037","3707","0934","875","563","312","32","907","1583","0","57.3","35.57"
"67","000","00","037","3707","0935","810","503","307","28","838","1464","0","57.24","34.36"
"67","000","00","037","3709","0000","1404","787","617","41","1445","2602","0","55.53","30.25"
"67","000","00","037","3709","0936","638","393","245","17","655","1234","0","53.08","31.85"
"67","000","00","037","3709","0937","766","394","372","24","790","1368","0","57.75","28.8"
"67","000","00","037","3711","0000","1258","817","441","54","1312","2538","0","51.69","32.19"
"67","000","00","037","3711","0938","641","431","210","26","667","1322","0","50.45","32.6"
"67","000","00","037","3711","0939","617","386","231","28","645","1216","0","53.04","31.74"
"67","000","00","037","3716","0000","1363","927","436","45","1408","2526","0","55.74","36.7"
"67","000","00","037","3716","0940","680","446","234","23","703","1289","0","54.54","34.6"
"67","000","00","037","3716","0941","683","481","202","22","705","1237","0","56.99","38.88"
"67","000","00","037","3722","0000","1822","1219","603","100","1922","3455","0","55.63","35.28"
"67","000","00","037","3722","0942","569","372","197","26","595","1189","0","50.04","31.29"
"67","000","00","037","3722","0943","651","427","224","37","688","1201","0","57.29","35.55"
"67","000","00","037","3722","0944","602","420","182","37","639","1065","0","60.0","39.44"
"67","000","00","037","3725","0000","2066","1396","670","74","2140","3505","0","61.06","39.83"
"67","000","00","037","3725","0945","596","416","180","26","622","1055","0","58.96","39.43"
"67","000","00","037","3725","0946","693","442","251","24","717","1170","0","61.28","37.78"
"67","000","00","037","3725","0947","777","538","239","24","801","1280","0","62.58","42.03"
"67","000","00","037","3731","0000","1377","904","473","76","1453","2515","0","57.77","35.94"
"67","000","00","037","3731","0948","661","415","246","35","696","1223","0","56.91","33.93"
"67","000","00","037","3731","0949","716","489","227","41","757","1292","0","58.59","37.85"
"67","000","00","037","3733","0000","3023","1937","1086","111","3134","5398","0","58.06","35.88"
"67","000","00","037","3733","0950","577","369","208","13","590","993","0","59.42","37.16"
"67","000","00","037","3733","0951","825","518","307","33","858","1541","0","55.68","33.61"
"67","000","00","037","3733","0952","954","609","345","43","997","1652","0","60.35","36.86"
"67","000","00","037","3733","0953","667","441","226","22","689","1212","0","56.85","36.39"
"67","000","00","037","3734","0000","2637","1720","917","103","2740","4876","0","56.19","35.27"
"67","000","00","037","3734","0954","884","591","293","41","925","1621","0","57.06","36.46"
"67","000","00","037","3734","0955","914","566","348","31","945","1660","0","56.93","34.1"
"67","000","00","037","3734","0956","839","563","276","31","870","1595","0","54.55","35.3"
"67","000","00","037","3739","0000","1921","1305","616","106","2027","3557","0","56.99","36.69"
"67","000","00","037","3739","0957","735","495","240","35","770","1436","0","53.62","34.47"
"67","000","00","037","3739","0958","680","460","220","44","724","1265","0","57.23","36.36"
"67","000","00","037","3739","0959","506","350","156","27","533","856","0","62.27","40.89"
"67","000","00","037","3740","0000","1830","1221","609","93","1923","3297","0","58.33","37.03"
"67","000","00","037","3740","0960","598","417","181","29","627","1168","0","53.68","35.7"
"67","000","00","037","3740","0961","638","411","227","32","670","1134","0","59.08","36.24"
"67","000","00","037","3740","0962","594","393","201","32","626","995","0","62.91","39.5"
"67","000","00","037","3741","0000","1514","1024","490","58","1572","2578","0","60.98","39.72"
"67","000","00","037","3741","0963","786","552","234","28","814","1313","0","62.0","42.04"
"67","000","00","037","3741","0964","728","472","256","30","758","1265","0","59.92","37.31"
"67","000","00","037","3742","0000","1651","1065","586","78","1729","3150","0","54.89","33.81"
"67","000","00","037","3742","0965","621","399","222","31","652","1215","0","53.66","32.84"
"67","000","00","037","3742","0966","669","444","225","25","694","1248","0","55.61","35.58"
"67","000","00","037","3742","0967","361","222","139","22","383","687","0","55.75","32.31"
"67","000","00","037","3743","0000","1132","773","359","76","1208","2110","0","57.25","36.64"
"67","000","00","037","3743","0968","592","402","190","49","641","1139","0","56.28","35.29"
"67","000","00","037","3743","0969","540","371","169","27","567","971","0","58.39","38.21"
"67","000","00","037","3744","0000","1934","1331","603","111","2045","3978","0","51.41","33.46"
"67","000","00","037","3744","0970","511","353","158","42","553","1254","0","44.1","28.15"
"67","000","00","037","3744","0971","552","388","164","28","580","979","0","59.24","39.63"
"67","000","00","037","3744","0972","871","590","281","41","912","1745","0","52.26","33.81"
"67","000","00","037","3745","0000","1257","882","375","60","1317","2510","0","52.47","35.14"
"67","000","00","037","3745","0973","559","366","193","32","591","1074","0","55.03","34.08"
"67","000","00","037","3745","0974","698","516","182","28","726","1436","0","50.56","35.93"
"67","000","00","037","3746","0000","1078","707","371","62","1140","2029","0","56.19","34.84"
"67","000","00","037","3746","0975","464","287","177","37","501","865","0","57.92","33.18"
"67","000","00","037","3746","0976","614","420","194","25","639","1164","0","54.9","36.08"
"67","000","00","037","3747","0000","1963","1340","623","107","2070","4067","0","50.9","32.95"
"67","000","00","037","3747","0977","627","410","217","31","658","1285","0","51.21","31.91"
"67","000","00","037","3747","0978","561","375","186","33","594","1078","0","55.1","34.79"
"67","000","00","037","3747","0979","775","555","220","43","818","1704","0","48.0","32.57"
"67","000","00","037","3748","0000","1988","1324","664","98","2086","3669","0","56.85","36.09"
"67","000","00","037","3748","0980","717","502","215","43","760","1296","0","58.64","38.73"
"67","000","00","037","3748","0981","602","387","215","35","637","1128","0","56.47","34.31"
"67","000","00","037","3748","0982","669","435","234","20","689","1245","0","55.34","34.94"
"64","000","00","000","0000","0000","1348232","934858","413374","58167","1406399","2353342","2772624","59.76","39.72"
"64","000","00","001","0000","0000","12424","8291","4133","457","12881","21617","24098","59.59","38.35"
"64","000","00","001","0101","0000","799","526","273","38","837","1304","0","64.19","40.34"
"64","000","00","001","0101","0845","799","526","273","38","837","1304","0","64.19","40.34"
"64","000","00","001","0102","0000","224","163","61","7","231","357","0","64.71","45.66"
"64","000","00","001","0102","0846","224","163","61","7","231","357","0","64.71","45.66"
"64","000","00","001","0103","0000","397","263","134","15","412","651","0","63.29","40.4"
"64","000","00","001","0103","0847","397","263","134","15","412","651","0","63.29","40.4"
"64","000","00","001","0104","0000","688","477","211","21","709","1322","0","53.63","36.08"
"64","000","00","001","0104","0848","688","477","211","21","709","1322","0","53.63","36.08"
"64","000","00","001","0105","0000","629","419","210","18","647","1056","0","61.27","39.68"
"64","000","00","001","0105","0849","629","419","210","18","647","1056","0","61.27","39.68"
"64","000","00","001","0106","0000","1218","825","393","41","1259","2034","0","61.9","40.56"
"64","000","00","001","0106","0850","567","369","198","17","584","904","0","64.6","40.82"
"64","000","00","001","0106","0851","651","456","195","24","675","1130","0","59.73","40.35"
"64","000","00","001","0107","0000","518","367","151","19","537","840","0","63.93","43.69"
"64","000","00","001","0107","0852","518","367","151","19","537","840","0","63.93","43.69"
"64","000","00","001","0108","0000","423","272","151","18","441","616","0","71.59","44.16"
"64","000","00","001","0108","0853","423","272","151","18","441","616","0","71.59","44.16"
"64","000","00","001","0109","0000","732","466","266","27","759","1397","0","54.33","33.36"
"64","000","00","001","0109","0854","732","466","266","27","759","1397","0","54.33","33.36"
"64","000","00","001","0110","0000","455","290","165","11","466","766","0","60.84","37.86"
"64","000","00","001","0110","0855","455","290","165","11","466","766","0","60.84","37.86"
"64","000","00","001","0111","0000","986","660","326","39","1025","1644","0","62.35","40.15"
"64","000","00","001","0111","0856","484","317","167","27","511","839","0","60.91","37.78"
"64","000","00","001","0111","0857","502","343","159","12","514","805","0","63.85","42.61"
"64","000","00","001","0112","0000","423","285","138","12","435","750","0","58.0","38.0"
"64","000","00","001","0112","0858","423","285","138","12","435","750","0","58.0","38.0"
"64","000","00","001","0113","0000","563","371","192","21","584","986","0","59.23","37.63"
"64","000","00","001","0113","0859","563","371","192","21","584","986","0","59.23","37.63"
"64","000","00","001","0114","0000","596","420","176","7","603","1068","0","56.46","39.33"
"64","000","00","001","0114","0860","596","420","176","7","603","1068","0","56.46","39.33"
"64","000","00","001","0115","0000","606","388","218","22","628","1060","0","59.25","36.6"
"64","000","00","001","0115","0861","606","388","218","22","628","1060","0","59.25","36.6"
"64","000","00","001","0116","0000","435","281","154","29","464","805","0","57.64","34.91"
"64","000","00","001","0116","0862","435","281","154","29","464","805","0","57.64","34.91"
"64","000","00","001","0117","0000","1042","689","353","43","1085","1994","0","54.41","34.55"
"64","000","00","001","0117","0863","567","376","191","19","586","1073","0","54.61","35.04"
"64","000","00","001","0117","0864","475","313","162","24","499","921","0","54.18","33.98"
"64","000","00","001","0118","0000","649","449","200","27","676","1171","0","57.73","38.34"
"64","000","00","001","0118","0865","649","449","200","27","676","1171","0","57.73","38.34"
"64","000","00","001","0119","0000","351","215","136","9","360","594","0","60.61","36.2"
"64","000","00","001","0119","0866","351","215","136","9","360","594","0","60.61","36.2"
"64","000","00","001","0120","0000","368","252","116","14","382","592","0","64.53","42.57"
"64","000","00","001","0120","0867","368","252","116","14","382","592","0","64.53","42.57"
"64","000","00","001","0121","0000","322","213","109","19","341","610","0","55.9","34.92"
"64","000","00","001","0121","0868","322","213","109","19","341","610","0","55.9","34.92"
"64","000","00","002","0000","0000","67124","46387","20737","2272","69396","114979","139894","60.36","40.34"
"64","000","00","002","0201","0000","1170","816","354","44","1214","1959","0","61.97","41.65"
"64","000","00","002","0201","0768","528","373","155","15","543","959","0","56.62","38.89"
"64","000","00","002","0201","0769","642","443","199","29","671","1000","0","67.1","44.3"
"64","000","00","002","0202","0000","1230","900","330","49","1279","1995","0","64.11","45.11"
"64","000","00","002","0202","0770","545","403","142","16","561","910","0","61.65","44.29"
"64","000","00","002","0202","0771","685","497","188","33","718","1085","0","66.18","45.81"
"64","000","00","002","0203","0000","2291","1716","575","85","2376","4147","0","57.29","41.38"
"64","000","00","002","0203","0772","731","534","197","27","758","1484","0","51.08","35.98"
"64","000","00","002","0203","0773","835","609","226","22","857","1393","0","61.52","43.72"
"64","000","00","002","0203","0774","725","573","152","36","761","1270","0","59.92","45.12"
"64","000","00","002","0204","0000","2053","1442","611","71","2124","3402","0","62.43","42.39"
"64","000","00","002","0204","0775","628","440","188","23","651","1055","0","61.71","41.71"
"64","000","00","002","0204","0776","684","476","208","21","705","1172","0","60.15","40.61"
"64","000","00","002","0204","0777","741","526","215","27","768","1175","0","65.36","44.77"
"64","000","00","002","0205","0000","780","553","227","36","816","1274","0","64.05","43.41"
"64","000","00","002","0205","0778","780","553","227","36","816","1274","0","64.05","43.41"
"64","000","00","002","0206","0000","567","397","170","23","590","1085","0","54.38","36.59"
"64","000","00","002","0206","0779","567","397","170","23","590","1085","0","54.38","36.59"
"64","000","00","002","0207","0000","1454","988","466","61","1515","2444","0","61.99","40.43"
"64","000","00","002","0207","0780","829","575","254","36","865","1470","0","58.84","39.12"
"64","000","00","002","0207","0781","625","413","212","25","650","974","0","66.74","42.4"
"64","000","00","002","0208","0000","2110","1525","585","104","2214","3719","0","59.53","41.01"
"64","000","00","002","0208","0782","660","526","134","46","706","1275","0","55.37","41.25"
"64","000","00","002","0208","0783","702","478","224","40","742","1206","0","61.53","39.64"
"64","000","00","002","0208","0784","748","521","227","18","766","1238","0","61.87","42.08"
"64","000","00","002","0209","0000","483","382","101","16","499","721","0","69.21","52.98"
"64","000","00","002","0209","0785","483","382","101","16","499","721","0","69.21","52.98"
"64","000","00","002","0210","0000","680","472","208","26","706","1220","0","57.87","38.69"
"64","000","00","002","0210","0786","680","472","208","26","706","1220","0","57.87","38.69"
"64","000","00","002","0211","0000","995","691","304","42","1037","1966","0","52.75","35.15"
"64","000","00","002","0211","0787","995","691","304","42","1037","1966","0","52.75","35.15"
"64","000","00","002","0212","0000","1898","1321","577","81","1979","3442","0","57.5","38.38"
"64","000","00","002","0212","0788","948","671","277","45","993","1722","0","57.67","38.97"
"64","000","00","002","0212","0789","950","650","300","36","986","1720","0","57.33","37.79"
"64","000","00","002","0213","0000","1405","974","431","69","1474","2656","0","55.5","36.67"
"64","000","00","002","0213","0790","783","553","230","53","836","1287","0","64.96","42.97"
"64","000","00","002","0213","0791","622","421","201","16","638","1369","0","46.6","30.75"
"64","000","00","002","0214","0000","1786","1258","528","61","1847","2992","0","61.73","42.05"
"64","000","00","002","0214","0792","763","536","227","26","789","1222","0","64.57","43.86"
"64","000","00","002","0214","0793","1023","722","301","35","1058","1770","0","59.77","40.79"
"64","000","00","002","0215","0000","8829","5874","2955","241","9070","14867","0","61.01","39.51"
"64","000","00","002","0215","0794","1050","699","351","35","1085","1860","0","58.33","37.58"
"64","000","00","002","0215","0795","1057","718","339","28","1085","1857","0","58.43","38.66"
"64","000","00","002","0215","0796","1095","728","367","26","1121","1841","0","60.89","39.54"
"64","000","00","002","0215","0797","1105","727","378","33","1138","1830","0","62.19","39.73"
"64","000","00","002","0215","0798","1060","708","352","28","1088","1809","0","60.14","39.14"
"64","000","00","002","0215","0799","1137","754","383","35","1172","1894","0","61.88","39.81"
"64","000","00","002","0215","0800","1142","766","376","22","1164","1882","0","61.85","40.7"
"64","000","00","002","0215","0801","1183","774","409","34","1217","1894","0","64.26","40.87"
"64","000","00","002","0216","0000","12750","8587","4163","291","13041","20876","0","62.47","41.13"
"64","000","00","002","0216","0802","979","692","287","33","1012","1745","0","57.99","39.66"
"64","000","00","002","0216","0803","1064","689","375","14","1078","1887","0","57.13","36.51"
"64","000","00","002","0216","0804","1207","794","413","31","1238","1891","0","65.47","41.99"
"64","000","00","002","0216","0805","1152","766","386","28","1180","1903","0","62.01","40.25"
"64","000","00","002","0216","0806","1201","752","449","21","1222","1998","0","61.16","37.64"
"64","000","00","002","0216","0807","1155","779","376","28","1183","1912","0","61.87","40.74"
"64","000","00","002","0216","0808","1167","772","395","38","1205","1923","0","62.66","40.15"
"64","000","00","002","0216","0809","1165","754","411","22","1187","1888","0","62.87","39.94"
"64","000","00","002","0216","0810","1150","783","367","20","1170","1873","0","62.47","41.8"
"64","000","00","002","0216","0811","1301","989","312","23","1324","1959","0","67.59","50.48"
"64","000","00","002","0216","0812","1209","817","392","33","1242","1897","0","65.47","43.07"
"64","000","00","002","0217","0000","9653","6474","3179","214","9867","16100","0","61.29","40.21"
"64","000","00","002","0217","0813","1412","927","485","30","1442","2362","0","61.05","39.25"
"64","000","00","002","0217","0814","1121","776","345","35","1156","1850","0","62.49","41.95"
"64","000","00","002","0217","0815","1189","784","405","21","1210","1928","0","62.76","40.66"
"64","000","00","002","0217","0816","1106","759","347","19","1125","1937","0","58.08","39.18"
"64","000","00","002","0217","0817","1239","862","377","38","1277","2123","0","60.15","40.6"
"64","000","00","002","0217","0818","1204","802","402","14","1218","1861","0","65.45","43.1"
"64","000","00","002","0217","0819","1111","751","360","25","1136","1892","0","60.04","39.69"
"64","000","00","002","0217","0820","1271","813","458","32","1303","2147","0","60.69","37.87"
"64","000","00","002","0218","0000","2366","1607","759","54","2420","3938","0","61.45","40.81"
"64","000","00","002","0218","0821","1164","802","362","25","1189","1897","0","62.68","42.28"
"64","000","00","002","0218","0822","1202","805","397","29","1231","2041","0","60.31","39.44"
"64","000","00","002","0219","0000","1866","1288","578","69","1935","3176","0","60.93","40.55"
"64","000","00","002","0219","0823","758","532","226","36","794","1309","0","60.66","40.64"
"64","000","00","002","0219","0824","1108","756","352","33","1141","1867","0","61.11","40.49"
"64","000","00","002","0220","0000","1631","1123","508","64","1695","2556","0","66.31","43.94"
"64","000","00","002","0220","0825","763","524","239","21","784","1152","0","68.06","45.49"
"64","000","00","002","0220","0826","868","599","269","43","911","1404","0","64.89","42.66"
"64","000","00","002","0221","0000","556","405","151","21","577","1210","0","47.69","33.47"
"64","000","00","002","0221","0827","556","405","151","21","577","1210","0","47.69","33.47"
"64","000","00","002","0222","0000","683","476","207","28","711","1135","0","62.64","41.94"
"64","000","00","002","0222","0828","683","476","207","28","711","1135","0","62.64","41.94"
"64","000","00","002","0223","0000","639","457","182","44","683","1831","0","37.3","24.96"
"64","000","00","002","0223","0829","639","457","182","44","683","1831","0","37.3","24.96"
"64","000","00","002","0224","0000","645","544","101","37","682","1288","0","52.95","42.24"
"64","000","00","002","0224","0830","645","544","101","37","682","1288","0","52.95","42.24"
"64","000","00","002","0225","0000","698","506","192","19","717","1241","0","57.78","40.77"
"64","000","00","002","0225","0831","698","506","192","19","717","1241","0","57.78","40.77"
"64","000","00","002","0226","0000","799","536","263","29","828","1342","0","61.7","39.94"
"64","000","00","002","0226","0832","799","536","263","29","828","1342","0","61.7","39.94"
"64","000","00","002","0227","0000","824","644","180","72","896","1422","0","63.01","45.29"
"64","000","00","002","0227","0833","824","644","180","72","896","1422","0","63.01","45.29"
"64","000","00","002","0228","0000","873","627","246","55","928","1453","0","63.87","43.15"
"64","000","00","002","0228","0834","873","627","246","55","928","1453","0","63.87","43.15"
"64","000","00","002","0229","0000","386","272","114","21","407","616","0","66.07","44.16"
"64","000","00","002","0229","0835","386","272","114","21","407","616","0","66.07","44.16"
"64","000","00","002","0230","0000","483","347","136","34","517","834","0","61.99","41.61"
"64","000","00","002","0230","0836","483","347","136","34","517","834","0","61.99","41.61"
"64","000","00","002","0231","0000","559","401","158","21","580","969","0","59.86","41.38"
"64","000","00","002","0231","0837","559","401","158","21","580","969","0","59.86","41.38"
"64","000","00","002","0232","0000","577","418","159","26","603","978","0","61.66","42.74"
"64","000","00","002","0232","0838","577","418","159","26","603","978","0","61.66","42.74"
"64","000","00","002","0233","0000","471","310","161","34","505","760","0","66.45","40.79"
"64","000","00","002","0233","0839","471","310","161","34","505","760","0","66.45","40.79"
"64","000","00","002","0234","0000","716","518","198","44","760","1248","0","60.9","41.51"
"64","000","00","002","0234","0840","716","518","198","44","760","1248","0","60.9","41.51"
"64","000","00","002","0235","0000","633","441","192","21","654","1143","0","57.22","38.58"
"64","000","00","002","0235","0841","633","441","192","21","654","1143","0","57.22","38.58"
"64","000","00","002","0236","0000","702","486","216","39","741","1358","0","54.57","35.79"
"64","000","00","002","0236","0842","702","486","216","39","741","1358","0","54.57","35.79"
"64","000","00","002","0237","0000","547","388","159","15","562","1036","0","54.25","37.45"
"64","000","00","002","0237","0843","547","388","159","15","562","1036","0","54.25","37.45"
"64","000","00","002","0238","0000","336","223","113","11","347","580","0","59.83","38.45"
"64","000","00","002","0238","0844","336","223","113","11","347","580","0","59.83","38.45"
"64","000","00","003","0000","0000","96079","66941","29138","3098","99177","161367","196749","61.46","41.48"
"64","000","00","003","0301","0000","879","626","253","39","918","2604","0","35.25","24.04"
"64","000","00","003","0301","0534","879","626","253","39","918","2604","0","35.25","24.04"
"64","000","00","003","0302","0000","609","426","183","38","647","1037","0","62.39","41.08"
"64","000","00","003","0302","0535","609","426","183","38","647","1037","0","62.39","41.08"
"64","000","00","003","0303","0000","330","233","97","31","361","542","0","66.61","42.99"
"64","000","00","003","0303","0536","330","233","97","31","361","542","0","66.61","42.99"
"64","000","00","003","0304","0000","367","269","98","32","399","635","0","62.83","42.36"
"64","000","00","003","0304","0537","367","269","98","32","399","635","0","62.83","42.36"
"64","000","00","003","0305","0000","261","184","77","14","275","518","0","53.09","35.52"
"64","000","00","003","0305","0538","261","184","77","14","275","518","0","53.09","35.52"
"64","000","00","003","0306","0000","473","351","122","34","507","813","0","62.36","43.17"
"64","000","00","003","0306","0539","473","351","122","34","507","813","0","62.36","43.17"
"64","000","00","003","0307","0000","493","349","144","62","555","889","0","62.43","39.26"
"64","000","00","003","0307","0540","493","349","144","62","555","889","0","62.43","39.26"
"64","000","00","003","0308","0000","416","283","133","55","471","731","0","64.43","38.71"
"64","000","00","003","0308","0541","416","283","133","55","471","731","0","64.43","38.71"
"64","000","00","003","0309","0000","1834","1270","564","81","1915","3301","0","58.01","38.47"
"64","000","00","003","0309","0542","832","605","227","41","873","1592","0","54.84","38.0"
"64","000","00","003","0309","0543","1002","665","337","40","1042","1709","0","60.97","38.91"
"64","000","00","003","0311","0000","880","691","189","46","926","1588","0","58.31","43.51"
"64","000","00","003","0311","0544","880","691","189","46","926","1588","0","58.31","43.51"
"64","000","00","003","0312","0000","205","167","38","7","212","358","0","59.22","46.65"
"64","000","00","003","0312","0545","205","167","38","7","212","358","0","59.22","46.65"
"64","000","00","003","0313","0000","445","371","74","12","457","666","0","68.62","55.71"
"64","000","00","003","0313","0546","445","371","74","12","457","666","0","68.62","55.71"
"64","000","00","003","0315","0000","994","729","265","44","1038","1748","0","59.38","41.7"
"64","000","00","003","0315","0547","994","729","265","44","1038","1748","0","59.38","41.7"
"64","000","00","003","0316","0000","1499","1084","415","71","1570","2436","0","64.45","44.5"
"64","000","00","003","0316","0548","725","526","199","42","767","1196","0","64.13","43.98"
"64","000","00","003","0316","0549","774","558","216","29","803","1240","0","64.76","45.0"
"64","000","00","003","0317","0000","1569","1294","275","52","1621","2575","0","62.95","50.25"
"64","000","00","003","0317","0550","840","690","150","30","870","1402","0","62.05","49.22"
"64","000","00","003","0317","0551","729","604","125","22","751","1173","0","64.02","51.49"
"64","000","00","003","0319","0000","450","344","106","12","462","641","0","72.07","53.67"
"64","000","00","003","0319","0552","450","344","106","12","462","641","0","72.07","53.67"
"64","000","00","003","0321","0000","556","386","170","29","585","951","0","61.51","40.59"
"64","000","00","003","0321","0553","556","386","170","29","585","951","0","61.51","40.59"
"64","000","00","003","0322","0000","419","280","139","25","444","732","0","60.66","38.25"
"64","000","00","003","0322","0554","419","280","139","25","444","732","0","60.66","38.25"
"64","000","00","003","0323","0000","186","135","51","11","197","339","0","58.11","39.82"
"64","000","00","003","0323","0555","186","135","51","11","197","339","0","58.11","39.82"
"64","000","00","003","0324","0000","318","229","89","12","330","519","0","63.58","44.12"
"64","000","00","003","0324","0556","318","229","89","12","330","519","0","63.58","44.12"
"64","000","00","003","0325","0000","310","203","107","32","342","514","0","66.54","39.49"
"64","000","00","003","0325","0557","310","203","107","32","342","514","0","66.54","39.49"
"64","000","00","003","0326","0000","434","330","104","38","472","720","0","65.56","45.83"
"64","000","00","003","0326","0558","434","330","104","38","472","720","0","65.56","45.83"
"64","000","00","003","0327","0000","248","179","69","21","269","411","0","65.45","43.55"
"64","000","00","003","0327","0559","248","179","69","21","269","411","0","65.45","43.55"
"64","000","00","003","0328","0000","370","116","254","30","400","603","0","66.33","19.24"
"64","000","00","003","0328","0560","370","116","254","30","400","603","0","66.33","19.24"
"64","000","00","003","0329","0000","534","393","141","38","572","904","0","63.27","43.47"
"64","000","00","003","0329","0561","534","393","141","38","572","904","0","63.27","43.47"
"64","000","00","003","0330","0000","706","527","179","21","727","1318","0","55.16","39.98"
"64","000","00","003","0330","0562","706","527","179","21","727","1318","0","55.16","39.98"
"64","000","00","003","0331","0000","517","348","169","30","547","966","0","56.63","36.02"
"64","000","00","003","0331","0563","517","348","169","30","547","966","0","56.63","36.02"
"64","000","00","003","0332","0000","3344","2576","768","132","3476","5792","0","60.01","44.48"
"64","000","00","003","0332","0564","824","595","229","31","855","1440","0","59.38","41.32"
"64","000","00","003","0332","0565","1077","836","241","32","1109","1990","0","55.73","42.01"
"64","000","00","003","0332","0566","683","538","145","27","710","1090","0","65.14","49.36"
"64","000","00","003","0332","0567","760","607","153","42","802","1272","0","63.05","47.72"
"64","000","00","003","0334","0000","1937","1295","642","37","1974","3059","0","64.53","42.33"
"64","000","00","003","0334","0568","985","667","318","22","1007","1558","0","64.63","42.81"
"64","000","00","003","0334","0569","952","628","324","15","967","1501","0","64.42","41.84"
"64","000","00","003","0335","0000","242","171","71","7","249","360","0","69.17","47.5"
"64","000","00","003","0335","0570","242","171","71","7","249","360","0","69.17","47.5"
"64","000","00","003","0336","0000","1538","1230","308","65","1603","2694","0","59.5","45.66"
"64","000","00","003","0336","0571","745","618","127","45","790","1335","0","59.18","46.29"
"64","000","00","003","0336","0572","793","612","181","20","813","1359","0","59.82","45.03"
"64","000","00","003","0337","0000","907","664","243","33","940","1487","0","63.21","44.65"
"64","000","00","003","0337","0573","907","664","243","33","940","1487","0","63.21","44.65"
"64","000","00","003","0338","0000","914","727","187","56","970","1637","0","59.25","44.41"
"64","000","00","003","0338","0574","914","727","187","56","970","1637","0","59.25","44.41"
"64","000","00","003","0339","0000","7999","5391","2608","262","8261","13089","0","63.11","41.19"
"64","000","00","003","0339","0575","972","681","291","25","997","1553","0","64.2","43.85"
"64","000","00","003","0339","0576","985","635","350","34","1019","1564","0","65.15","40.6"
"64","000","00","003","0339","0577","1141","771","370","33","1174","1788","0","65.66","43.12"
"64","000","00","003","0339","0578","1197","802","395","54","1251","2028","0","61.69","39.55"
"64","000","00","003","0339","0579","1205","793","412","46","1251","2037","0","61.41","38.93"
"64","000","00","003","0339","0580","1267","865","402","28","1295","2101","0","61.64","41.17"
"64","000","00","003","0339","0581","1232","844","388","42","1274","2018","0","63.13","41.82"
"64","000","00","003","0340","0000","15062","9994","5068","396","15458","25058","0","61.69","39.88"
"64","000","00","003","0340","0582","1271","816","455","38","1309","1925","0","68.0","42.39"
"64","000","00","003","0340","0583","1147","770","377","31","1178","1989","0","59.23","38.71"
"64","000","00","003","0340","0584","952","673","279","25","977","1780","0","54.89","37.81"
"64","000","00","003","0340","0585","1063","721","342","19","1082","1778","0","60.85","40.55"
"64","000","00","003","0340","0586","904","599","305","19","923","1496","0","61.7","40.04"
"64","000","00","003","0340","0587","934","620","314","32","966","1538","0","62.81","40.31"
"64","000","00","003","0340","0588","1244","819","425","30","1274","2058","0","61.9","39.8"
"64","000","00","003","0340","0589","1209","803","406","30","1239","1992","0","62.2","40.31"
"64","000","00","003","0340","0590","1251","800","451","32","1283","2058","0","62.34","38.87"
"64","000","00","003","0340","0591","1254","824","430","29","1283","2090","0","61.39","39.43"
"64","000","00","003","0340","0592","1273","831","442","39","1312","2157","0","60.83","38.53"
"64","000","00","003","0340","0593","1287","869","418","27","1314","2096","0","62.69","41.46"
"64","000","00","003","0340","0594","1273","849","424","45","1318","2101","0","62.73","40.41"
"64","000","00","003","0341","0000","2888","2004","884","114","3002","4843","0","61.99","41.38"
"64","000","00","003","0341","0595","965","655","310","40","1005","1649","0","60.95","39.72"
"64","000","00","003","0341","0596","882","615","267","37","919","1516","0","60.62","40.57"
"64","000","00","003","0341","0597","1041","734","307","37","1078","1678","0","64.24","43.74"
"64","000","00","003","0342","0000","7759","5338","2421","215","7974","13054","0","61.08","40.89"
"64","000","00","003","0342","0598","1109","759","350","36","1145","1898","0","60.33","39.99"
"64","000","00","003","0342","0599","1111","782","329","30","1141","1837","0","62.11","42.57"
"64","000","00","003","0342","0600","1083","749","334","34","1117","1922","0","58.12","38.97"
"64","000","00","003","0342","0601","1099","739","360","32","1131","1785","0","63.36","41.4"
"64","000","00","003","0342","0602","1104","770","334","26","1130","1886","0","59.92","40.83"
"64","000","00","003","0342","0603","1155","770","385","29","1184","1895","0","62.48","40.63"
"64","000","00","003","0342","0604","1098","769","329","28","1126","1831","0","61.5","42.0"
"64","000","00","003","0343","0000","16966","11621","5345","391","17357","27814","0","62.4","41.78"
"64","000","00","003","0343","0605","1221","874","347","40","1261","2050","0","61.51","42.63"
"64","000","00","003","0343","0606","1472","978","494","33","1505","2251","0","66.86","43.45"
"64","000","00","003","0343","0607","1375","918","457","17","1392","2126","0","65.48","43.18"
"64","000","00","003","0343","0608","1120","783","337","20","1140","1928","0","59.13","40.61"
"64","000","00","003","0343","0609","1251","821","430","29","1280","2166","0","59.1","37.9"
"64","000","00","003","0343","0610","1182","841","341","32","1214","2031","0","59.77","41.41"
"64","000","00","003","0343","0611","1213","845","368","23","1236","1987","0","62.2","42.53"
"64","000","00","003","0343","0612","1354","946","408","24","1378","2166","0","63.62","43.67"
"64","000","00","003","0343","0613","1122","741","381","42","1164","1856","0","62.72","39.92"
"64","000","00","003","0343","0614","1414","951","463","27","1441","2289","0","62.95","41.55"
"64","000","00","003","0343","0615","1177","827","350","32","1209","1973","0","61.28","41.92"
"64","000","00","003","0343","0616","1096","762","334","32","1128","1818","0","62.05","41.91"
"64","000","00","003","0343","0617","933","610","323","12","945","1565","0","60.38","38.98"
"64","000","00","003","0343","0618","1036","724","312","28","1064","1608","0","66.17","45.02"
"64","000","00","003","0344","0000","20221","14133","6088","473","20694","33421","0","61.92","42.29"
"64","000","00","003","0344","0619","1132","753","379","33","1165","1812","0","64.29","41.56"
"64","000","00","003","0344","0620","1042","726","316","20","1062","1821","0","58.32","39.87"
"64","000","00","003","0344","0621","1154","786","368","29","1183","1907","0","62.03","41.22"
"64","000","00","003","0344","0622","1075","765","310","23","1098","1812","0","60.6","42.22"
"64","000","00","003","0344","0623","1153","806","347","24","1177","1833","0","64.21","43.97"
"64","000","00","003","0344","0624","1122","751","371","33","1155","1850","0","62.43","40.59"
"64","000","00","003","0344","0625","1011","695","316","28","1039","1738","0","59.78","39.99"
"64","000","00","003","0344","0626","1193","827","366","30","1223","1864","0","65.61","44.37"
"64","000","00","003","0344","0627","1177","811","366","26","1203","1887","0","63.75","42.98"
"64","000","00","003","0344","0628","1050","731","319","27","1077","1870","0","57.59","39.09"
"64","000","00","003","0344","0629","1119","771","348","25","1144","1866","0","61.31","41.32"
"64","000","00","003","0344","0630","1104","757","347","15","1119","1862","0","60.1","40.66"
"64","000","00","003","0344","0631","1116","767","349","19","1135","1816","0","62.5","42.24"
"64","000","00","003","0344","0632","1145","931","214","29","1174","1833","0","64.05","50.79"
"64","000","00","003","0344","0633","1035","711","324","29","1064","1676","0","63.48","42.42"
"64","000","00","003","0344","0634","1104","793","311","36","1140","1843","0","61.86","43.03"
"64","000","00","003","0344","0635","1163","793","370","20","1183","1872","0","63.19","42.36"
"64","000","00","003","0344","0636","1326","959","367","27","1353","2259","0","59.89","42.45"
"64","000","00","004","0000","0000","88142","61146","26996","3731","91873","153132","185318","60.0","39.93"
"64","000","00","004","0401","0000","11577","7854","3723","326","11903","20704","0","57.49","37.93"
"64","000","00","004","0401","0435","818","593","225","22","840","1309","0","64.17","45.3"
"64","000","00","004","0401","0436","843","565","278","28","871","1408","0","61.86","40.13"
"64","000","00","004","0401","0437","1078","759","319","43","1121","1851","0","60.56","41.0"
"64","000","00","004","0401","0438","944","644","300","33","977","1578","0","61.91","40.81"
"64","000","00","004","0401","0439","922","596","326","25","947","1715","0","55.22","34.75"
"64","000","00","004","0401","0440","904","606","298","17","921","1611","0","57.17","37.62"
"64","000","00","004","0401","0441","1085","763","322","30","1115","2024","0","55.09","37.7"
"64","000","00","004","0401","0442","1006","668","338","19","1025","1890","0","54.23","35.34"
"64","000","00","004","0401","0443","911","599","312","19","930","1762","0","52.78","34.0"
"64","000","00","004","0401","0444","1032","695","337","30","1062","1888","0","56.25","36.81"
"64","000","00","004","0401","0445","1011","691","320","37","1048","1822","0","57.52","37.93"
"64","000","00","004","0401","0446","1023","675","348","23","1046","1846","0","56.66","36.57"
"64","000","00","004","0402","0000","2406","1710","696","96","2502","3940","0","63.5","43.4"
"64","000","00","004","0402","0447","751","517","234","46","797","1268","0","62.85","40.77"
"64","000","00","004","0402","0448","779","524","255","32","811","1240","0","65.4","42.26"
"64","000","00","004","0402","0449","876","669","207","18","894","1432","0","62.43","46.72"
"64","000","00","004","0403","0000","3420","2334","1086","152","3572","5991","0","59.62","38.96"
"64","000","00","004","0403","0450","884","549","335","40","924","1490","0","62.01","36.85"
"64","000","00","004","0403","0451","902","651","251","26","928","1464","0","63.39","44.47"
"64","000","00","004","0403","0452","770","532","238","50","820","1435","0","57.14","37.07"
"64","000","00","004","0403","0453","864","602","262","36","900","1602","0","56.18","37.58"
"64","000","00","004","0404","0000","1695","1169","526","79","1774","3091","0","57.39","37.82"
"64","000","00","004","0404","0454","840","577","263","32","872","1500","0","58.13","38.47"
"64","000","00","004","0404","0455","855","592","263","47","902","1591","0","56.69","37.21"
"64","000","00","004","0405","0000","1730","1156","574","112","1842","3197","0","57.62","36.16"
"64","000","00","004","0405","0458","844","570","274","55","899","1559","0","57.67","36.56"
"64","000","00","004","0405","0459","886","586","300","57","943","1638","0","57.57","35.78"
"64","000","00","004","0406","0000","1517","1024","493","55","1572","3138","0","50.1","32.63"
"64","000","00","004","0406","0456","637","431","206","29","666","1669","0","39.9","25.82"
"64","000","00","004","0406","0457","880","593","287","26","906","1469","0","61.67","40.37"
"64","000","00","004","0407","0000","2221","1484","737","116","2337","3872","0","60.36","38.33"
"64","000","00","004","0407","0460","1129","777","352","56","1185","1960","0","60.46","39.64"
"64","000","00","004","0407","0461","1092","707","385","60","1152","1912","0","60.25","36.98"
"64","000","00","004","0408","0000","2635","1825","810","85","2720","4678","0","58.14","39.01"
"64","000","00","004","0408","0462","879","641","238","30","909","1559","0","58.31","41.12"
"64","000","00","004","0408","0463","781","524","257","31","812","1423","0","57.06","36.82"
"64","000","00","004","0408","0464","975","660","315","24","999","1696","0","58.9","38.92"
"64","000","00","004","0409","0000","1687","1161","526","128","1815","3020","0","60.1","38.44"
"64","000","00","004","0409","0465","812","562","250","73","885","1493","0","59.28","37.64"
"64","000","00","004","0409","0466","875","599","276","55","930","1527","0","60.9","39.23"
"64","000","00","004","0410","0000","1279","854","425","108","1387","2217","0","62.56","38.52"
"64","000","00","004","0410","0467","615","411","204","40","655","1020","0","64.22","40.29"
"64","000","00","004","0410","0468","664","443","221","68","732","1197","0","61.15","37.01"
"64","000","00","004","0411","0000","1758","1204","554","88","1846","3446","0","53.57","34.94"
"64","000","00","004","0411","0469","810","534","276","40","850","1528","0","55.63","34.95"
"64","000","00","004","0411","0470","948","670","278","48","996","1918","0","51.93","34.93"
"64","000","00","004","0412","0000","828","575","253","47","875","1458","0","60.01","39.44"
"64","000","00","004","0412","0471","828","575","253","47","875","1458","0","60.01","39.44"
"64","000","00","004","0413","0000","2168","1519","649","96","2264","3635","0","62.28","41.79"
"64","000","00","004","0413","0472","1070","750","320","44","1114","1790","0","62.23","41.9"
"64","000","00","004","0413","0473","1098","769","329","52","1150","1845","0","62.33","41.68"
"64","000","00","004","0414","0000","8925","6118","2807","330","9255","15761","0","58.72","38.82"
"64","000","00","004","0414","0474","1194","799","395","52","1246","2037","0","61.17","39.22"
"64","000","00","004","0414","0475","1072","737","335","36","1108","1964","0","56.42","37.53"
"64","000","00","004","0414","0476","1140","776","364","28","1168","2006","0","58.23","38.68"
"64","000","00","004","0414","0477","1073","726","347","38","1111","1951","0","56.95","37.21"
"64","000","00","004","0414","0478","1062","709","353","49","1111","1951","0","56.95","36.34"
"64","000","00","004","0414","0479","1173","823","350","36","1209","2008","0","60.21","40.99"
"64","000","00","004","0414","0480","1093","789","304","57","1150","1923","0","59.8","41.03"
"64","000","00","004","0414","0481","1118","759","359","34","1152","1921","0","59.97","39.51"
"64","000","00","004","0415","0000","551","399","152","27","578","832","0","69.47","47.96"
"64","000","00","004","0415","0482","551","399","152","27","578","832","0","69.47","47.96"
"64","000","00","004","0416","0000","1339","914","425","74","1413","2281","0","61.95","40.07"
"64","000","00","004","0416","0483","659","454","205","31","690","1156","0","59.69","39.27"
"64","000","00","004","0416","0484","680","460","220","43","723","1125","0","64.27","40.89"
"64","000","00","004","0417","0000","1435","980","455","83","1518","2562","0","59.25","38.25"
"64","000","00","004","0417","0485","549","346","203","40","589","1060","0","55.57","32.64"
"64","000","00","004","0417","0486","886","634","252","43","929","1502","0","61.85","42.21"
"64","000","00","004","0418","0000","1581","1085","496","106","1687","2956","0","57.07","36.71"
"64","000","00","004","0418","0487","800","556","244","58","858","1404","0","61.11","39.6"
"64","000","00","004","0418","0488","781","529","252","48","829","1552","0","53.41","34.09"
"64","000","00","004","0419","0000","1495","1075","420","72","1567","2775","0","56.47","38.74"
"64","000","00","004","0419","0489","802","550","252","35","837","1460","0","57.33","37.67"
"64","000","00","004","0419","0490","693","525","168","37","730","1315","0","55.51","39.92"
"64","000","00","004","0420","0000","1159","877","282","75","1234","2140","0","57.66","40.98"
"64","000","00","004","0420","0491","636","442","194","35","671","1062","0","63.18","41.62"
"64","000","00","004","0420","0492","523","435","88","40","563","1078","0","52.23","40.35"
"64","000","00","004","0421","0000","1238","891","347","90","1328","1978","0","67.14","45.05"
"64","000","00","004","0421","0493","565","408","157","50","615","914","0","67.29","44.64"
"64","000","00","004","0421","0494","673","483","190","40","713","1064","0","67.01","45.39"
"64","000","00","004","0422","0000","3211","2301","910","101","3312","5350","0","61.91","43.01"
"64","000","00","004","0422","0495","1063","758","305","38","1101","1705","0","64.57","44.46"
"64","000","00","004","0422","0496","1022","751","271","29","1051","1728","0","60.82","43.46"
"64","000","00","004","0422","0497","1126","792","334","34","1160","1917","0","60.51","41.31"
"64","000","00","004","0423","0000","803","620","183","35","838","1439","0","58.23","43.09"
"64","000","00","004","0423","0498","803","620","183","35","838","1439","0","58.23","43.09"
"64","000","00","004","0424","0000","2507","1864","643","112","2619","4196","0","62.42","44.42"
"64","000","00","004","0424","0499","675","555","120","44","719","1287","0","55.87","43.12"
"64","000","00","004","0424","0500","933","671","262","37","970","1504","0","64.49","44.61"
"64","000","00","004","0424","0501","899","638","261","31","930","1405","0","66.19","45.41"
"64","000","00","004","0425","0000","1531","1075","456","69","1600","2582","0","61.97","41.63"
"64","000","00","004","0425","0502","752","532","220","42","794","1287","0","61.69","41.34"
"64","000","00","004","0425","0503","779","543","236","27","806","1295","0","62.24","41.93"
"64","000","00","004","0426","0000","1973","1380","593","59","2032","3132","0","64.88","44.06"
"64","000","00","004","0426","0504","901","622","279","31","932","1483","0","62.85","41.94"
"64","000","00","004","0426","0505","1072","758","314","28","1100","1649","0","66.71","45.97"
"64","000","00","004","0427","0000","1238","838","400","69","1307","2023","0","64.61","41.42"
"64","000","00","004","0427","0506","615","404","211","34","649","998","0","65.03","40.48"
"64","000","00","004","0427","0507","623","434","189","35","658","1025","0","64.2","42.34"
"64","000","00","004","0428","0000","1968","1401","567","96","2064","3124","0","66.07","44.85"
"64","000","00","004","0428","0508","1064","749","315","44","1108","1671","0","66.31","44.82"
"64","000","00","004","0428","0509","904","652","252","52","956","1453","0","65.79","44.87"
"64","000","00","004","0429","0000","1929","1360","569","87","2016","3326","0","60.61","40.89"
"64","000","00","004","0429","0510","977","685","292","48","1025","1673","0","61.27","40.94"
"64","000","00","004","0429","0511","952","675","277","39","991","1653","0","59.95","40.83"
"64","000","00","004","0430","0000","1362","913","449","57","1419","2161","0","65.66","42.25"
"64","000","00","004","0430","0512","616","421","195","26","642","1034","0","62.09","40.72"
"64","000","00","004","0430","0513","746","492","254","31","777","1127","0","68.94","43.66"
"64","000","00","004","0431","0000","2603","1699","904","91","2694","4512","0","59.71","37.66"
"64","000","00","004","0431","0514","886","602","284","34","920","1575","0","58.41","38.22"
"64","000","00","004","0431","0515","932","552","380","33","965","1559","0","61.9","35.41"
"64","000","00","004","0431","0516","785","545","240","24","809","1378","0","58.71","39.55"
"64","000","00","004","0432","0000","2028","1458","570","74","2102","3435","0","61.19","42.45"
"64","000","00","004","0432","0517","1023","736","287","26","1049","1714","0","61.2","42.94"
"64","000","00","004","0432","0518","1005","722","283","48","1053","1721","0","61.19","41.95"
"64","000","00","004","0433","0000","5055","3575","1480","209","5264","8227","0","63.98","43.45"
"64","000","00","004","0433","0519","957","692","265","36","993","1628","0","61.0","42.51"
"64","000","00","004","0433","0520","1026","715","311","46","1072","1590","0","67.42","44.97"
"64","000","00","004","0433","0521","947","684","263","51","998","1628","0","61.3","42.01"
"64","000","00","004","0433","0522","1101","768","333","37","1138","1739","0","65.44","44.16"
"64","000","00","004","0433","0523","1024","716","308","39","1063","1642","0","64.74","43.61"
"64","000","00","004","0434","0000","2686","1883","803","88","2774","4997","0","55.51","37.68"
"64","000","00","004","0434","0524","952","659","293","42","994","1766","0","56.29","37.32"
"64","000","00","004","0434","0525","828","576","252","28","856","1482","0","57.76","38.87"
"64","000","00","004","0434","0526","906","648","258","18","924","1749","0","52.83","37.05"
"64","000","00","004","0435","0000","3977","2684","1293","106","4083","6433","0","63.47","41.72"
"64","000","00","004","0435","0527","939","617","322","27","966","1591","0","60.72","38.78"
"64","000","00","004","0435","0528","981","662","319","21","1002","1545","0","64.85","42.85"
"64","000","00","004","0435","0529","1054","723","331","21","1075","1651","0","65.11","43.79"
"64","000","00","004","0435","0530","1003","682","321","37","1040","1646","0","63.18","41.43"
"64","000","00","004","0436","0000","921","730","191","51","972","1496","0","64.97","48.8"
"64","000","00","004","0436","0531","921","730","191","51","972","1496","0","64.97","48.8"
"64","000","00","004","0437","0000","1706","1157","549","82","1788","3027","0","59.07","38.22"
"64","000","00","004","0437","0532","796","575","221","55","851","1403","0","60.66","40.98"
"64","000","00","004","0437","0533","910","582","328","27","937","1624","0","57.7","35.84"
"64","000","00","005","0000","0000","169050","114862","54188","5602","174652","289519","341230","60.32","39.67"
"64","000","00","005","0501","0000","2096","1464","632","106","2202","3875","0","56.83","37.78"
"64","000","00","005","0501","0887","1068","730","338","48","1116","1893","0","58.95","38.56"
"64","000","00","005","0501","0888","1028","734","294","58","1086","1982","0","54.79","37.03"
"64","000","00","005","0502","0000","4140","2773","1367","129","4269","7408","0","57.63","37.43"
"64","000","00","005","0502","0889","937","644","293","39","976","1661","0","58.76","38.77"
"64","000","00","005","0502","0890","1070","686","384","17","1087","1894","0","57.39","36.22"
"64","000","00","005","0502","0891","1024","696","328","31","1055","1839","0","57.37","37.85"
"64","000","00","005","0502","0892","1109","747","362","42","1151","2014","0","57.15","37.09"
"64","000","00","005","0503","0000","2145","1473","672","93","2238","3913","0","57.19","37.64"
"64","000","00","005","0503","0893","1084","779","305","59","1143","1897","0","60.25","41.06"
"64","000","00","005","0503","0894","1061","694","367","34","1095","2016","0","54.32","34.42"
"64","000","00","005","0504","0000","2052","1436","616","61","2113","3673","0","57.53","39.1"
"64","000","00","005","0504","0895","1051","735","316","26","1077","1924","0","55.98","38.2"
"64","000","00","005","0504","0896","1001","701","300","35","1036","1749","0","59.23","40.08"
"64","000","00","005","0505","0000","4165","2837","1328","114","4279","7080","0","60.44","40.07"
"64","000","00","005","0505","0897","1174","817","357","38","1212","1845","0","65.69","44.28"
"64","000","00","005","0505","0898","975","668","307","26","1001","1724","0","58.06","38.75"
"64","000","00","005","0505","0899","1089","741","348","26","1115","1889","0","59.03","39.23"
"64","000","00","005","0505","0900","927","611","316","24","951","1622","0","58.63","37.67"
"64","000","00","005","0506","0000","2063","1374","689","71","2134","3393","0","62.89","40.5"
"64","000","00","005","0506","0901","1129","742","387","33","1162","1870","0","62.14","39.68"
"64","000","00","005","0506","0902","934","632","302","38","972","1523","0","63.82","41.5"
"64","000","00","005","0507","0000","11948","7903","4045","290","12238","20639","0","59.3","38.29"
"64","000","00","005","0507","0903","1080","741","339","34","1114","2006","0","55.53","36.94"
"64","000","00","005","0507","0904","1277","807","470","37","1314","2076","0","63.29","38.87"
"64","000","00","005","0507","0905","1184","758","426","11","1195","2073","0","57.65","36.57"
"64","000","00","005","0507","0906","1181","810","371","33","1214","2045","0","59.36","39.61"
"64","000","00","005","0507","0907","1040","698","342","37","1077","2070","0","52.03","33.72"
"64","000","00","005","0507","0908","1116","753","363","30","1146","2035","0","56.31","37.0"
"64","000","00","005","0507","0909","1261","773","488","37","1298","2075","0","62.55","37.25"
"64","000","00","005","0507","0910","1215","825","390","21","1236","2053","0","60.2","40.19"
"64","000","00","005","0507","0911","1281","839","442","21","1302","2063","0","63.11","40.67"
"64","000","00","005","0507","0912","1313","899","414","29","1342","2143","0","62.62","41.95"
"64","000","00","005","0508","0000","4774","3160","1614","179","4953","8519","0","58.14","37.09"
"64","000","00","005","0508","0913","1060","714","346","46","1106","1746","0","63.34","40.89"
"64","000","00","005","0508","0914","912","623","289","29","941","1735","0","54.24","35.91"
"64","000","00","005","0508","0915","893","582","311","37","930","1655","0","56.19","35.17"
"64","000","00","005","0508","0916","905","590","315","41","946","1583","0","59.76","37.27"
"64","000","00","005","0508","0917","1004","651","353","26","1030","1800","0","57.22","36.17"
"64","000","00","005","0509","0000","4128","2934","1194","97","4225","7001","0","60.35","41.91"
"64","000","00","005","0509","0918","1045","740","305","18","1063","1730","0","61.45","42.77"
"64","000","00","005","0509","0919","1006","701","305","19","1025","1715","0","59.77","40.87"
"64","000","00","005","0509","0920","990","666","324","33","1023","1691","0","60.5","39.38"
"64","000","00","005","0509","0921","1087","827","260","27","1114","1865","0","59.73","44.34"
"64","000","00","005","0510","0000","1298","908","390","56","1354","1990","0","68.04","45.63"
"64","000","00","005","0510","0922","683","468","215","22","705","1073","0","65.7","43.62"
"64","000","00","005","0510","0923","615","440","175","34","649","917","0","70.77","47.98"
"64","000","00","005","0511","0000","962","679","283","30","992","1647","0","60.23","41.23"
"64","000","00","005","0511","0924","962","679","283","30","992","1647","0","60.23","41.23"
"64","000","00","005","0512","0000","3042","2048","994","113","3155","5126","0","61.55","39.95"
"64","000","00","005","0512","0925","967","647","320","44","1011","1654","0","61.12","39.12"
"64","000","00","005","0512","0926","988","681","307","42","1030","1639","0","62.84","41.55"
"64","000","00","005","0512","0927","1087","720","367","27","1114","1833","0","60.77","39.28"
"64","000","00","005","0513","0000","2549","1853","696","83","2632","4401","0","59.8","42.1"
"64","000","00","005","0513","0928","868","560","308","25","893","1362","0","65.57","41.12"
"64","000","00","005","0513","0929","949","644","305","42","991","1557","0","63.65","41.36"
"64","000","00","005","0513","0930","732","649","83","16","748","1482","0","50.47","43.79"
"64","000","00","005","0514","0000","2856","1876","980","77","2933","4583","0","64.0","40.93"
"64","000","00","005","0514","0931","970","645","325","25","995","1563","0","63.66","41.27"
"64","000","00","005","0514","0932","911","594","317","30","941","1497","0","62.86","39.68"
"64","000","00","005","0514","0933","975","637","338","22","997","1523","0","65.46","41.83"
"64","000","00","005","0515","0000","4570","3100","1470","118","4688","7198","0","65.13","43.07"
"64","000","00","005","0515","0934","851","584","267","19","870","1293","0","67.29","45.17"
"64","000","00","005","0515","0935","1028","663","365","28","1056","1662","0","63.54","39.89"
"64","000","00","005","0515","0936","850","588","262","24","874","1441","0","60.65","40.8"
"64","000","00","005","0515","0937","884","611","273","23","907","1326","0","68.4","46.08"
"64","000","00","005","0515","0938","957","654","303","24","981","1476","0","66.46","44.31"
"64","000","00","005","0516","0000","1968","1321","647","40","2008","3586","0","56.0","36.84"
"64","000","00","005","0516","0939","1076","722","354","23","1099","1968","0","55.84","36.69"
"64","000","00","005","0516","0940","892","599","293","17","909","1618","0","56.18","37.02"
"64","000","00","005","0517","0000","2907","1915","992","82","2989","5000","0","59.78","38.3"
"64","000","00","005","0517","0941","1068","672","396","30","1098","1873","0","58.62","35.88"
"64","000","00","005","0517","0942","873","585","288","32","905","1487","0","60.86","39.34"
"64","000","00","005","0517","0943","966","658","308","20","986","1640","0","60.12","40.12"
"64","000","00","005","0518","0000","2177","1477","700","45","2222","3858","0","57.59","38.28"
"64","000","00","005","0518","0944","1071","728","343","21","1092","1889","0","57.81","38.54"
"64","000","00","005","0518","0945","1106","749","357","24","1130","1969","0","57.39","38.04"
"64","000","00","005","0519","0000","4054","2836","1218","140","4194","6475","0","64.77","43.8"
"64","000","00","005","0519","0946","888","596","292","40","928","1466","0","63.3","40.65"
"64","000","00","005","0519","0947","1222","921","301","34","1256","1697","0","74.01","54.27"
"64","000","00","005","0519","0948","991","700","291","35","1026","1663","0","61.7","42.09"
"64","000","00","005","0519","0949","953","619","334","31","984","1649","0","59.67","37.54"
"64","000","00","005","0520","0000","1726","1167","559","45","1771","2981","0","59.41","39.15"
"64","000","00","005","0520","0950","878","610","268","24","902","1486","0","60.7","41.05"
"64","000","00","005","0520","0951","848","557","291","21","869","1495","0","58.13","37.26"
"64","000","00","005","0521","0000","1869","1259","610","42","1911","3041","0","62.84","41.4"
"64","000","00","005","0521","0952","992","675","317","17","1009","1548","0","65.18","43.6"
"64","000","00","005","0521","0953","877","584","293","25","902","1493","0","60.42","39.12"
"64","000","00","005","0522","0000","4645","3102","1543","125","4770","7649","0","62.36","40.55"
"64","000","00","005","0522","0954","912","624","288","12","924","1445","0","63.94","43.18"
"64","000","00","005","0522","0955","891","587","304","21","912","1529","0","59.65","38.39"
"64","000","00","005","0522","0956","895","613","282","22","917","1506","0","60.89","40.7"
"64","000","00","005","0522","0957","954","636","318","32","986","1549","0","63.65","41.06"
"64","000","00","005","0522","0958","993","642","351","38","1031","1620","0","63.64","39.63"
"64","000","00","005","0523","0000","1869","1270","599","74","1943","3038","0","63.96","41.8"
"64","000","00","005","0523","0959","957","649","308","39","996","1550","0","64.26","41.87"
"64","000","00","005","0523","0960","912","621","291","35","947","1488","0","63.64","41.73"
"64","000","00","005","0524","0000","1605","1100","505","60","1665","2667","0","62.43","41.24"
"64","000","00","005","0524","0961","809","527","282","34","843","1335","0","63.15","39.48"
"64","000","00","005","0524","0962","796","573","223","26","822","1332","0","61.71","43.02"
"64","000","00","005","0525","0000","3160","2120","1040","109","3269","5268","0","62.05","40.24"
"64","000","00","005","0525","0963","1042","700","342","47","1089","1764","0","61.73","39.68"
"64","000","00","005","0525","0964","1067","728","339","28","1095","1811","0","60.46","40.2"
"64","000","00","005","0525","0965","1051","692","359","34","1085","1693","0","64.09","40.87"
"64","000","00","005","0526","0000","3008","2035","973","108","3116","4867","0","64.02","41.81"
"64","000","00","005","0526","0966","1057","722","335","49","1106","1684","0","65.68","42.87"
"64","000","00","005","0526","0967","849","586","263","33","882","1464","0","60.25","40.03"
"64","000","00","005","0526","0968","1102","727","375","26","1128","1719","0","65.62","42.29"
"64","000","00","005","0527","0000","3971","2671","1300","113","4084","6858","0","59.55","38.95"
"64","000","00","005","0527","0969","1037","685","352","19","1056","1749","0","60.38","39.17"
"64","000","00","005","0527","0970","1077","712","365","21","1098","1908","0","57.55","37.32"
"64","000","00","005","0527","0971","929","638","291","47","976","1573","0","62.05","40.56"
"64","000","00","005","0527","0972","928","636","292","26","954","1628","0","58.6","39.07"
"64","000","00","005","0528","0000","2395","1641","754","86","2481","4095","0","60.59","40.07"
"64","000","00","005","0528","0973","744","508","236","34","778","1377","0","56.5","36.89"
"64","000","00","005","0528","0974","952","644","308","20","972","1530","0","63.53","42.09"
"64","000","00","005","0528","0975","699","489","210","32","731","1188","0","61.53","41.16"
"64","000","00","005","0529","0000","2807","1877","930","109","2916","6302","0","46.27","29.78"
"64","000","00","005","0529","0976","856","598","258","21","877","2791","0","31.42","21.43"
"64","000","00","005","0529","0977","954","619","335","40","994","1840","0","54.02","33.64"
"64","000","00","005","0529","0978","997","660","337","48","1045","1671","0","62.54","39.5"
"64","000","00","005","0530","0000","4913","3294","1619","127","5040","7969","0","63.25","41.34"
"64","000","00","005","0530","0979","959","633","326","26","985","1624","0","60.65","38.98"
"64","000","00","005","0530","0980","1037","678","359","27","1064","1555","0","68.42","43.6"
"64","000","00","005","0530","0981","957","646","311","20","977","1489","0","65.61","43.38"
"64","000","00","005","0530","0982","1006","675","331","34","1040","1662","0","62.58","40.61"
"64","000","00","005","0530","0983","954","662","292","20","974","1639","0","59.43","40.39"
"64","000","00","005","0531","0000","2173","1484","689","75","2248","3840","0","58.54","38.65"
"64","000","00","005","0531","0984","1065","739","326","40","1105","1872","0","59.03","39.48"
"64","000","00","005","0531","0985","1108","745","363","35","1143","1968","0","58.08","37.86"
"64","000","00","005","0532","0000","1599","1140","459","86","1685","3005","0","56.07","37.94"
"64","000","00","005","0532","0986","736","536","200","50","786","1471","0","53.43","36.44"
"64","000","00","005","0532","0987","863","604","259","36","899","1534","0","58.6","39.37"
"64","000","00","005","0533","0000","2794","1917","877","109","2903","5282","0","54.96","36.29"
"64","000","00","005","0533","0988","867","605","262","52","919","1659","0","55.39","36.47"
"64","000","00","005","0533","0989","931","652","279","28","959","1815","0","52.84","35.92"
"64","000","00","005","0533","0990","996","660","336","29","1025","1808","0","56.69","36.5"
"64","000","00","005","0534","0000","1474","1016","458","50","1524","2630","0","57.95","38.63"
"64","000","00","005","0534","0991","665","461","204","29","694","1224","0","56.7","37.66"
"64","000","00","005","0534","0992","809","555","254","21","830","1406","0","59.03","39.47"
"64","000","00","005","0535","0000","1148","799","349","50","1198","1889","0","63.42","42.3"
"64","000","00","005","0535","0993","546","380","166","27","573","945","0","60.63","40.21"
"64","000","00","005","0535","0994","602","419","183","23","625","944","0","66.21","44.39"
"64","000","00","005","0536","0000","1868","1298","570","100","1968","3142","0","62.64","41.31"
"64","000","00","005","0536","0995","962","647","315","61","1023","1669","0","61.29","38.77"
"64","000","00","005","0536","0996","906","651","255","39","945","1473","0","64.15","44.2"
"64","000","00","005","0537","0000","1586","1058","528","48","1634","3558","0","45.92","29.74"
"64","000","00","005","0537","0997","927","599","328","30","957","1876","0","51.01","31.93"
"64","000","00","005","0537","0998","659","459","200","18","677","1682","0","40.25","27.29"
"64","000","00","005","0538","0000","6512","4272","2240","148","6660","11459","0","58.12","37.28"
"64","000","00","005","0538","0999","958","595","363","15","973","1791","0","54.33","33.22"
"64","000","00","005","0538","1000","1067","715","352","35","1102","1808","0","60.95","39.55"
"64","000","00","005","0538","1001","987","667","320","29","1016","1798","0","56.51","37.1"
"64","000","00","005","0538","1002","1176","746","430","28","1204","2030","0","59.31","36.75"
"64","000","00","005","0538","1003","1164","768","396","18","1182","2034","0","58.11","37.76"
"64","000","00","005","0538","1004","1160","781","379","23","1183","1998","0","59.21","39.09"
"64","000","00","005","0539","0000","2170","1391","779","57","2227","3879","0","57.41","35.86"
"64","000","00","005","0539","1005","1057","727","330","27","1084","1914","0","56.64","37.98"
"64","000","00","005","0539","1006","1113","664","449","30","1143","1965","0","58.17","33.79"
"64","000","00","005","0540","0000","1055","679","376","46","1101","1885","0","58.41","36.02"
"64","000","00","005","0540","1007","1055","679","376","46","1101","1885","0","58.41","36.02"
"64","000","00","005","0541","0000","1387","976","411","47","1434","2277","0","62.98","42.86"
"64","000","00","005","0541","1008","774","532","242","11","785","1220","0","64.34","43.61"
"64","000","00","005","0541","1009","613","444","169","36","649","1057","0","61.4","42.01"
"64","000","00","005","0542","0000","1402","967","435","57","1459","2784","0","52.41","34.73"
"64","000","00","005","0542","1010","709","473","236","22","731","1434","0","50.98","32.98"
"64","000","00","005","0542","1011","693","494","199","35","728","1350","0","53.93","36.59"
"64","000","00","005","0543","0000","997","703","294","32","1029","1826","0","56.35","38.5"
"64","000","00","005","0543","1012","478","351","127","13","491","872","0","56.31","40.25"
"64","000","00","005","0543","1013","519","352","167","19","538","954","0","56.39","36.9"
"64","000","00","005","0544","0000","2755","1899","856","58","2813","4415","0","63.71","43.01"
"64","000","00","005","0544","1014","1127","799","328","16","1143","1689","0","67.67","47.31"
"64","000","00","005","0544","1015","823","560","263","13","836","1390","0","60.14","40.29"
"64","000","00","005","0544","1016","805","540","265","29","834","1336","0","62.43","40.42"
"64","000","00","005","0545","0000","2712","1794","918","95","2807","4402","0","63.77","40.75"
"64","000","00","005","0545","1017","936","620","316","31","967","1437","0","67.29","43.15"
"64","000","00","005","0545","1018","873","589","284","23","896","1452","0","61.71","40.56"
"64","000","00","005","0545","1019","903","585","318","41","944","1513","0","62.39","38.66"
"64","000","00","005","0546","0000","1818","1250","568","105","1923","2848","0","67.52","43.89"
"64","000","00","005","0546","1020","920","623","297","53","973","1467","0","66.33","42.47"
"64","000","00","005","0546","1021","898","627","271","52","950","1381","0","68.79","45.4"
"64","000","00","005","0547","0000","1499","1001","498","62","1561","2444","0","63.87","40.96"
"64","000","00","005","0547","1022","647","444","203","41","688","1117","0","61.59","39.75"
"64","000","00","005","0547","1023","852","557","295","21","873","1327","0","65.79","41.97"
"64","000","00","005","0548","0000","822","547","275","26","848","1304","0","65.03","41.95"
"64","000","00","005","0548","1024","822","547","275","26","848","1304","0","65.03","41.95"
"64","000","00","005","0549","0000","840","570","270","26","866","1483","0","58.4","38.44"
"64","000","00","005","0549","1025","840","570","270","26","866","1483","0","58.4","38.44"
"64","000","00","005","0550","0000","926","640","286","21","947","1473","0","64.29","43.45"
"64","000","00","005","0550","1026","926","640","286","21","947","1473","0","64.29","43.45"
"64","000","00","005","0551","0000","567","365","202","32","599","980","0","61.12","37.24"
"64","000","00","005","0551","1027","567","365","202","32","599","980","0","61.12","37.24"
"64","000","00","005","0552","0000","1621","1130","491","41","1662","2639","0","62.98","42.82"
"64","000","00","005","0552","1028","863","612","251","23","886","1409","0","62.88","43.44"
"64","000","00","005","0552","1029","758","518","240","18","776","1230","0","63.09","42.11"
"64","000","00","005","0553","0000","1344","909","435","56","1400","2154","0","65.0","42.2"
"64","000","00","005","0553","1030","667","453","214","20","687","1024","0","67.09","44.24"
"64","000","00","005","0553","1031","677","456","221","36","713","1130","0","63.1","40.35"
"64","000","00","005","0554","0000","1011","670","341","27","1038","1889","0","54.95","35.47"
"64","000","00","005","0554","1032","1011","670","341","27","1038","1889","0","54.95","35.47"
"64","000","00","005","0555","0000","860","626","234","22","882","1427","0","61.81","43.87"
"64","000","00","005","0555","1033","860","626","234","22","882","1427","0","61.81","43.87"
"64","000","00","005","0556","0000","514","397","117","23","537","791","0","67.89","50.19"
"64","000","00","005","0556","1034","514","397","117","23","537","791","0","67.89","50.19"
"64","000","00","005","0557","0000","744","535","209","32","776","1079","0","71.92","49.58"
"64","000","00","005","0557","1035","744","535","209","32","776","1079","0","71.92","49.58"
"64","000","00","005","0558","0000","874","603","271","34","908","1492","0","60.86","40.42"
"64","000","00","005","0558","1036","874","603","271","34","908","1492","0","60.86","40.42"
"64","000","00","005","0559","0000","1279","849","430","39","1318","2021","0","65.22","42.01"
"64","000","00","005","0559","1037","635","426","209","31","666","1020","0","65.29","41.76"
"64","000","00","005","0559","1038","644","423","221","8","652","1001","0","65.13","42.26"
"64","000","00","005","0560","0000","1849","1287","562","54","1903","3052","0","62.35","42.17"
"64","000","00","005","0560","1039","979","691","288","26","1005","1581","0","63.57","43.71"
"64","000","00","005","0560","1040","870","596","274","28","898","1471","0","61.05","40.52"
"64","000","00","005","0561","0000","2344","1652","692","72","2416","3760","0","64.26","43.94"
"64","000","00","005","0561","1041","743","514","229","15","758","1151","0","65.86","44.66"
"64","000","00","005","0561","1042","843","593","250","32","875","1334","0","65.59","44.45"
"64","000","00","005","0561","1043","758","545","213","25","783","1275","0","61.41","42.75"
"64","000","00","005","0562","0000","2242","1489","753","74","2316","4051","0","57.17","36.76"
"64","000","00","005","0562","1044","760","498","262","25","785","1688","0","46.5","29.5"
"64","000","00","005","0562","1045","736","502","234","24","760","1214","0","62.6","41.35"
"64","000","00","005","0562","1046","746","489","257","25","771","1149","0","67.1","42.56"
"64","000","00","005","0563","0000","969","659","310","62","1031","1667","0","61.85","39.53"
"64","000","00","005","0563","1047","969","659","310","62","1031","1667","0","61.85","39.53"
"64","000","00","005","0564","0000","987","652","335","25","1012","1786","0","56.66","36.51"
"64","000","00","005","0564","1048","987","652","335","25","1012","1786","0","56.66","36.51"
"64","000","00","005","0565","0000","1102","769","333","42","1144","1821","0","62.82","42.23"
"64","000","00","005","0565","1049","544","373","171","16","560","896","0","62.5","41.63"
"64","000","00","005","0565","1050","558","396","162","26","584","925","0","63.14","42.81"
"64","000","00","005","0566","0000","445","299","146","29","474","684","0","69.3","43.71"
"64","000","00","005","0566","1051","445","299","146","29","474","684","0","69.3","43.71"
"64","000","00","005","0567","0000","622","410","212","35","657","981","0","66.97","41.79"
"64","000","00","005","0567","1052","622","410","212","35","657","981","0","66.97","41.79"
"64","000","00","005","0568","0000","733","517","216","40","773","1383","0","55.89","37.38"
"64","000","00","005","0568","1053","733","517","216","40","773","1383","0","55.89","37.38"
"64","000","00","005","0569","0000","827","564","263","24","851","1382","0","61.58","40.81"
"64","000","00","005","0569","1054","827","564","263","24","851","1382","0","61.58","40.81"
"64","000","00","005","0570","0000","459","316","143","25","484","808","0","59.9","39.11"
"64","000","00","005","0570","1055","459","316","143","25","484","808","0","59.9","39.11"
"64","000","00","005","0572","0000","702","449","253","32","734","1197","0","61.32","37.51"
"64","000","00","005","0572","1056","702","449","253","32","734","1197","0","61.32","37.51"
"64","000","00","005","0573","0000","2494","1775","719","90","2584","4047","0","63.85","43.86"
"64","000","00","005","0573","1057","836","641","195","28","864","1344","0","64.29","47.69"
"64","000","00","005","0573","1058","824","562","262","44","868","1344","0","64.58","41.82"
"64","000","00","005","0573","1059","834","572","262","18","852","1359","0","62.69","42.09"
"64","000","00","005","0574","0000","653","434","219","37","690","1073","0","64.31","40.45"
"64","000","00","005","0574","1060","653","434","219","37","690","1073","0","64.31","40.45"
"64","000","00","005","0575","0000","651","432","219","32","683","1186","0","57.59","36.42"
"64","000","00","005","0575","1061","651","432","219","32","683","1186","0","57.59","36.42"
"64","000","00","005","0576","0000","986","662","324","47","1033","1749","0","59.06","37.85"
"64","000","00","005","0576","1062","986","662","324","47","1033","1749","0","59.06","37.85"
"64","000","00","005","0577","0000","546","399","147","11","557","877","0","63.51","45.5"
"64","000","00","005","0577","1063","546","399","147","11","557","877","0","63.51","45.5"
"64","000","00","005","0578","0000","882","627","255","47","929","1402","0","66.26","44.72"
"64","000","00","005","0578","1064","882","627","255","47","929","1402","0","66.26","44.72"
"64","000","00","005","0579","0000","501","341","160","22","523","769","0","68.01","44.34"
"64","000","00","005","0579","1065","501","341","160","22","523","769","0","68.01","44.34"
"64","000","00","005","0581","0000","1427","983","444","64","1491","2477","0","60.19","39.69"
"64","000","00","005","0581","1066","744","514","230","33","777","1207","0","64.37","42.58"
"64","000","00","005","0581","1067","683","469","214","31","714","1270","0","56.22","36.93"
"64","000","00","005","0582","0000","720","479","241","33","753","1248","0","60.34","38.38"
"64","000","00","005","0582","1068","720","479","241","33","753","1248","0","60.34","38.38"
"64","000","00","005","0583","0000","756","524","232","36","792","1263","0","62.71","41.49"
"64","000","00","005","0583","1069","756","524","232","36","792","1263","0","62.71","41.49"
"64","000","00","005","0584","0000","676","490","186","32","708","1101","0","64.31","44.5"
"64","000","00","005","0584","1070","676","490","186","32","708","1101","0","64.31","44.5"
"64","000","00","005","0585","0000","726","497","229","18","744","1116","0","66.67","44.53"
"64","000","00","005","0585","1071","726","497","229","18","744","1116","0","66.67","44.53"
"64","000","00","005","0586","0000","709","498","211","26","735","1152","0","63.8","43.23"
"64","000","00","005","0586","1072","709","498","211","26","735","1152","0","63.8","43.23"
"64","000","00","005","0587","0000","649","443","206","26","675","1057","0","63.86","41.91"
"64","000","00","005","0587","1073","649","443","206","26","675","1057","0","63.86","41.91"
"64","000","00","005","0588","0000","1180","827","353","41","1221","2033","0","60.06","40.68"
"64","000","00","005","0588","1074","553","393","160","26","579","971","0","59.63","40.47"
"64","000","00","005","0588","1075","627","434","193","15","642","1062","0","60.45","40.87"
"64","000","00","006","0000","0000","26588","17782","8806","958","27546","44355","50942","62.1","40.09"
"64","000","00","006","0601","0000","1091","733","358","55","1146","1791","0","63.99","40.93"
"64","000","00","006","0601","1098","484","323","161","23","507","828","0","61.23","39.01"
"64","000","00","006","0601","1099","607","410","197","32","639","963","0","66.36","42.58"
"64","000","00","006","0602","0000","604","394","210","20","624","1075","0","58.05","36.65"
"64","000","00","006","0602","1100","604","394","210","20","624","1075","0","58.05","36.65"
"64","000","00","006","0603","0000","1646","1012","634","39","1685","2926","0","57.59","34.59"
"64","000","00","006","0603","1101","885","564","321","15","900","1488","0","60.48","37.9"
"64","000","00","006","0603","1102","761","448","313","24","785","1438","0","54.59","31.15"
"64","000","00","006","0604","0000","627","402","225","24","651","1049","0","62.06","38.32"
"64","000","00","006","0604","1103","627","402","225","24","651","1049","0","62.06","38.32"
"64","000","00","006","0605","0000","871","588","283","52","923","1378","0","66.98","42.67"
"64","000","00","006","0605","1104","871","588","283","52","923","1378","0","66.98","42.67"
"64","000","00","006","0606","0000","423","300","123","24","447","666","0","67.12","45.05"
"64","000","00","006","0606","1105","423","300","123","24","447","666","0","67.12","45.05"
"64","000","00","006","0607","0000","603","370","233","9","612","981","0","62.39","37.72"
"64","000","00","006","0607","1106","603","370","233","9","612","981","0","62.39","37.72"
"64","000","00","006","0608","0000","1169","815","354","39","1208","1920","0","62.92","42.45"
"64","000","00","006","0608","1107","593","405","188","26","619","933","0","66.35","43.41"
"64","000","00","006","0608","1108","576","410","166","13","589","987","0","59.68","41.54"
"64","000","00","006","0609","0000","611","422","189","21","632","988","0","63.97","42.71"
"64","000","00","006","0609","1109","611","422","189","21","632","988","0","63.97","42.71"
"64","000","00","006","0610","0000","471","324","147","24","495","735","0","67.35","44.08"
"64","000","00","006","0610","1110","471","324","147","24","495","735","0","67.35","44.08"
"64","000","00","006","0611","0000","783","522","261","28","811","1317","0","61.58","39.64"
"64","000","00","006","0611","1111","783","522","261","28","811","1317","0","61.58","39.64"
"64","000","00","006","0612","0000","475","315","160","12","487","800","0","60.88","39.38"
"64","000","00","006","0612","1112","475","315","160","12","487","800","0","60.88","39.38"
"64","000","00","006","0613","0000","1165","829","336","38","1203","1881","0","63.96","44.07"
"64","000","00","006","0613","1113","607","423","184","23","630","968","0","65.08","43.7"
"64","000","00","006","0613","1114","558","406","152","15","573","913","0","62.76","44.47"
"64","000","00","006","0614","0000","1696","1071","625","46","1742","2617","0","66.56","40.92"
"64","000","00","006","0614","1115","888","559","329","19","907","1389","0","65.3","40.24"
"64","000","00","006","0614","1116","808","512","296","27","835","1228","0","68.0","41.69"
"64","000","00","006","0615","0000","1440","994","446","43","1483","2312","0","64.14","42.99"
"64","000","00","006","0615","1117","753","508","245","25","778","1211","0","64.24","41.95"
"64","000","00","006","0615","1118","687","486","201","18","705","1101","0","64.03","44.14"
"64","000","00","006","0616","0000","1059","705","354","50","1109","1625","0","68.25","43.38"
"64","000","00","006","0616","1119","464","312","152","23","487","752","0","64.76","41.49"
"64","000","00","006","0616","1120","595","393","202","27","622","873","0","71.25","45.02"
"64","000","00","006","0617","0000","2075","1382","693","55","2130","3345","0","63.68","41.32"
"64","000","00","006","0617","1121","997","672","325","24","1021","1609","0","63.46","41.77"
"64","000","00","006","0617","1122","1078","710","368","31","1109","1736","0","63.88","40.9"
"64","000","00","006","0618","0000","745","514","231","14","759","1258","0","60.33","40.86"
"64","000","00","006","0618","1123","745","514","231","14","759","1258","0","60.33","40.86"
"64","000","00","006","0619","0000","673","457","216","23","696","1105","0","62.99","41.36"
"64","000","00","006","0619","1124","673","457","216","23","696","1105","0","62.99","41.36"
"64","000","00","006","0620","0000","505","334","171","34","539","851","0","63.34","39.25"
"64","000","00","006","0620","1125","505","334","171","34","539","851","0","63.34","39.25"
"64","000","00","006","0621","0000","624","422","202","26","650","1011","0","64.29","41.74"
"64","000","00","006","0621","1126","624","422","202","26","650","1011","0","64.29","41.74"
"64","000","00","006","0622","0000","1200","810","390","59","1259","1893","0","66.51","42.79"
"64","000","00","006","0622","1127","592","402","190","39","631","888","0","71.06","45.27"
"64","000","00","006","0622","1128","608","408","200","20","628","1005","0","62.49","40.6"
"64","000","00","006","0623","0000","1456","938","518","43","1499","2763","0","54.25","33.95"
"64","000","00","006","0623","1129","631","412","219","14","645","1375","0","46.91","29.96"
"64","000","00","006","0623","1130","825","526","299","29","854","1388","0","61.53","37.9"
"64","000","00","006","0624","0000","422","292","130","22","444","719","0","61.75","40.61"
"64","000","00","006","0624","1131","422","292","130","22","444","719","0","61.75","40.61"
"64","000","00","006","0625","0000","573","368","205","38","611","1077","0","56.73","34.17"
"64","000","00","006","0625","1132","573","368","205","38","611","1077","0","56.73","34.17"
"64","000","00","006","0626","0000","457","313","144","17","474","875","0","54.17","35.77"
"64","000","00","006","0626","1133","457","313","144","17","474","875","0","54.17","35.77"
"64","000","00","006","0627","0000","538","380","158","15","553","936","0","59.08","40.6"
"64","000","00","006","0627","1134","538","380","158","15","553","936","0","59.08","40.6"
"64","000","00","006","0628","0000","541","384","157","30","571","944","0","60.49","40.68"
"64","000","00","006","0628","1135","541","384","157","30","571","944","0","60.49","40.68"
"64","000","00","006","0629","0000","466","317","149","18","484","833","0","58.1","38.06"
"64","000","00","006","0629","1136","466","317","149","18","484","833","0","58.1","38.06"
"64","000","00","006","0630","0000","448","305","143","11","459","708","0","64.83","43.08"
"64","000","00","006","0630","1137","448","305","143","11","459","708","0","64.83","43.08"
"64","000","00","006","0631","0000","429","285","144","12","441","741","0","59.51","38.46"
"64","000","00","006","0631","1138","429","285","144","12","441","741","0","59.51","38.46"
"64","000","00","006","0632","0000","702","485","217","17","719","1235","0","58.22","39.27"
"64","000","00","006","0632","1139","702","485","217","17","719","1235","0","58.22","39.27"
"64","000","00","007","0000","0000","14258","9711","4547","553","14811","23928","26732","61.9","40.58"
"64","000","00","007","0701","0000","399","277","122","22","421","673","0","62.56","41.16"
"64","000","00","007","0701","1076","399","277","122","22","421","673","0","62.56","41.16"
"64","000","00","007","0702","0000","631","423","208","22","653","1022","0","63.89","41.39"
"64","000","00","007","0702","1077","631","423","208","22","653","1022","0","63.89","41.39"
"64","000","00","007","0703","0000","768","544","224","28","796","1324","0","60.12","41.09"
"64","000","00","007","0703","1078","768","544","224","28","796","1324","0","60.12","41.09"
"64","000","00","007","0704","0000","496","327","169","25","521","839","0","62.1","38.97"
"64","000","00","007","0704","1079","496","327","169","25","521","839","0","62.1","38.97"
"64","000","00","007","0705","0000","572","381","191","26","598","975","0","61.33","39.08"
"64","000","00","007","0705","1080","572","381","191","26","598","975","0","61.33","39.08"
"64","000","00","007","0706","0000","2075","1427","648","81","2156","3587","0","60.11","39.78"
"64","000","00","007","0706","1081","1033","708","325","46","1079","1806","0","59.75","39.2"
"64","000","00","007","0706","1082","1042","719","323","35","1077","1781","0","60.47","40.37"
"64","000","00","007","0707","0000","435","300","135","21","456","717","0","63.6","41.84"
"64","000","00","007","0707","1083","435","300","135","21","456","717","0","63.6","41.84"
"64","000","00","007","0708","0000","657","453","204","6","663","1097","0","60.44","41.29"
"64","000","00","007","0708","1084","657","453","204","6","663","1097","0","60.44","41.29"
"64","000","00","007","0709","0000","960","646","314","25","985","1633","0","60.32","39.56"
"64","000","00","007","0709","1085","960","646","314","25","985","1633","0","60.32","39.56"
"64","000","00","007","0710","0000","505","332","173","14","519","759","0","68.38","43.74"
"64","000","00","007","0710","1086","505","332","173","14","519","759","0","68.38","43.74"
"64","000","00","007","0711","0000","605","403","202","25","630","948","0","66.46","42.51"
"64","000","00","007","0711","1087","605","403","202","25","630","948","0","66.46","42.51"
"64","000","00","007","0712","0000","533","369","164","37","570","1009","0","56.49","36.57"
"64","000","00","007","0712","1088","533","369","164","37","570","1009","0","56.49","36.57"
"64","000","00","007","0713","0000","569","395","174","25","594","945","0","62.86","41.8"
"64","000","00","007","0713","1089","569","395","174","25","594","945","0","62.86","41.8"
"64","000","00","007","0714","0000","958","635","323","30","988","1529","0","64.62","41.53"
"64","000","00","007","0714","1090","483","319","164","14","497","772","0","64.38","41.32"
"64","000","00","007","0714","1091","475","316","159","16","491","757","0","64.86","41.74"
"64","000","00","007","0715","0000","651","453","198","31","682","1047","0","65.14","43.27"
"64","000","00","007","0715","1092","651","453","198","31","682","1047","0","65.14","43.27"
"64","000","00","007","0716","0000","609","419","190","23","632","985","0","64.16","42.54"
"64","000","00","007","0716","1093","609","419","190","23","632","985","0","64.16","42.54"
"64","000","00","007","0717","0000","950","643","307","16","966","1674","0","57.71","38.41"
"64","000","00","007","0717","1094","950","643","307","16","966","1674","0","57.71","38.41"
"64","000","00","007","0718","0000","632","434","198","26","658","1088","0","60.48","39.89"
"64","000","00","007","0718","1095","632","434","198","26","658","1088","0","60.48","39.89"
"64","000","00","007","0719","0000","562","376","186","47","609","893","0","68.2","42.11"
"64","000","00","007","0719","1096","562","376","186","47","609","893","0","68.2","42.11"
"64","000","00","007","0720","0000","691","474","217","23","714","1184","0","60.3","40.03"
"64","000","00","007","0720","1097","691","474","217","23","714","1184","0","60.3","40.03"
"64","000","00","008","0000","0000","88651","60784","27867","3234","91885","146786","169840","62.6","41.41"
"64","000","00","008","0801","0000","447","291","156","15","462","718","0","64.35","40.53"
"64","000","00","008","0801","1140","447","291","156","15","462","718","0","64.35","40.53"
"64","000","00","008","0802","0000","848","601","247","31","879","1492","0","58.91","40.28"
"64","000","00","008","0802","1141","848","601","247","31","879","1492","0","58.91","40.28"
"64","000","00","008","0803","0000","735","513","222","31","766","1210","0","63.31","42.4"
"64","000","00","008","0803","1142","735","513","222","31","766","1210","0","63.31","42.4"
"64","000","00","008","0804","0000","889","622","267","29","918","1617","0","56.77","38.47"
"64","000","00","008","0804","1143","889","622","267","29","918","1617","0","56.77","38.47"
"64","000","00","008","0805","0000","856","583","273","46","902","1428","0","63.17","40.83"
"64","000","00","008","0805","1144","856","583","273","46","902","1428","0","63.17","40.83"
"64","000","00","008","0806","0000","790","547","243","31","821","1444","0","56.86","37.88"
"64","000","00","008","0806","1145","790","547","243","31","821","1444","0","56.86","37.88"
"64","000","00","008","0807","0000","835","569","266","34","869","1452","0","59.85","39.19"
"64","000","00","008","0807","1146","835","569","266","34","869","1452","0","59.85","39.19"
"64","000","00","008","0808","0000","347","252","95","14","361","554","0","65.16","45.49"
"64","000","00","008","0808","1147","347","252","95","14","361","554","0","65.16","45.49"
"64","000","00","008","0809","0000","1116","777","339","31","1147","1928","0","59.49","40.3"
"64","000","00","008","0809","1148","553","373","180","13","566","950","0","59.58","39.26"
"64","000","00","008","0809","1149","563","404","159","18","581","978","0","59.41","41.31"
"64","000","00","008","0810","0000","2024","1326","698","58","2082","3718","0","56.0","35.66"
"64","000","00","008","0810","1150","914","627","287","20","934","1673","0","55.83","37.48"
"64","000","00","008","0810","1151","1110","699","411","38","1148","2045","0","56.14","34.18"
"64","000","00","008","0811","0000","567","406","161","39","606","939","0","64.54","43.24"
"64","000","00","008","0811","1152","567","406","161","39","606","939","0","64.54","43.24"
"64","000","00","008","0812","0000","702","459","243","20","722","1284","0","56.23","35.75"
"64","000","00","008","0812","1153","702","459","243","20","722","1284","0","56.23","35.75"
"64","000","00","008","0813","0000","1032","704","328","31","1063","1746","0","60.88","40.32"
"64","000","00","008","0813","1154","556","392","164","18","574","908","0","63.22","43.17"
"64","000","00","008","0813","1155","476","312","164","13","489","838","0","58.35","37.23"
"64","000","00","008","0814","0000","774","532","242","22","796","1267","0","62.83","41.99"
"64","000","00","008","0814","1156","774","532","242","22","796","1267","0","62.83","41.99"
"64","000","00","008","0815","0000","1120","803","317","42","1162","1768","0","65.72","45.42"
"64","000","00","008","0815","1157","647","467","180","26","673","994","0","67.71","46.98"
"64","000","00","008","0815","1158","473","336","137","16","489","774","0","63.18","43.41"
"64","000","00","008","0816","0000","675","457","218","24","699","1121","0","62.36","40.77"
"64","000","00","008","0816","1159","675","457","218","24","699","1121","0","62.36","40.77"
"64","000","00","008","0817","0000","1772","1187","585","94","1866","2999","0","62.22","39.58"
"64","000","00","008","0817","1160","877","564","313","27","904","1474","0","61.33","38.26"
"64","000","00","008","0817","1161","895","623","272","67","962","1525","0","63.08","40.85"
"64","000","00","008","0818","0000","1352","899","453","55","1407","2161","0","65.11","41.6"
"64","000","00","008","0818","1162","704","489","215","25","729","1147","0","63.56","42.63"
"64","000","00","008","0818","1163","648","410","238","30","678","1014","0","66.86","40.43"
"64","000","00","008","0819","0000","1804","1222","582","77","1881","2995","0","62.8","40.8"
"64","000","00","008","0819","1164","883","579","304","37","920","1496","0","61.5","38.7"
"64","000","00","008","0819","1165","921","643","278","40","961","1499","0","64.11","42.9"
"64","000","00","008","0820","0000","1276","879","397","50","1326","1977","0","67.07","44.46"
"64","000","00","008","0820","1166","710","482","228","29","739","1138","0","64.94","42.36"
"64","000","00","008","0820","1167","566","397","169","21","587","839","0","69.96","47.32"
"64","000","00","008","0821","0000","731","501","230","25","756","2088","0","36.21","23.99"
"64","000","00","008","0821","1168","731","501","230","25","756","2088","0","36.21","23.99"
"64","000","00","008","0822","0000","1927","1304","623","60","1987","3271","0","60.75","39.87"
"64","000","00","008","0822","1169","1006","659","347","25","1031","1648","0","62.56","39.99"
"64","000","00","008","0822","1170","921","645","276","35","956","1623","0","58.9","39.74"
"64","000","00","008","0823","0000","1237","818","419","35","1272","1932","0","65.84","42.34"
"64","000","00","008","0823","1171","1237","818","419","35","1272","1932","0","65.84","42.34"
"64","000","00","008","0824","0000","1579","1080","499","34","1613","2283","0","70.65","47.31"
"64","000","00","008","0824","1172","770","529","241","18","788","1127","0","69.92","46.94"
"64","000","00","008","0824","1173","809","551","258","16","825","1156","0","71.37","47.66"
"64","000","00","008","0825","0000","939","652","287","24","963","1465","0","65.73","44.51"
"64","000","00","008","0825","1174","939","652","287","24","963","1465","0","65.73","44.51"
"64","000","00","008","0826","0000","386","285","101","22","408","690","0","59.13","41.3"
"64","000","00","008","0826","1175","386","285","101","22","408","690","0","59.13","41.3"
"64","000","00","008","0827","0000","762","540","222","42","804","1283","0","62.67","42.09"
"64","000","00","008","0827","1176","762","540","222","42","804","1283","0","62.67","42.09"
"64","000","00","008","0828","0000","1642","1151","491","63","1705","2745","0","62.11","41.93"
"64","000","00","008","0828","1177","836","578","258","45","881","1432","0","61.52","40.36"
"64","000","00","008","0828","1178","806","573","233","18","824","1313","0","62.76","43.64"
"64","000","00","008","0829","0000","905","617","288","26","931","1579","0","58.96","39.08"
"64","000","00","008","0829","1179","905","617","288","26","931","1579","0","58.96","39.08"
"64","000","00","008","0830","0000","1738","1209","529","68","1806","2834","0","63.73","42.66"
"64","000","00","008","0830","1180","845","577","268","38","883","1385","0","63.75","41.66"
"64","000","00","008","0830","1181","893","632","261","30","923","1449","0","63.7","43.62"
"64","000","00","008","0831","0000","1136","753","383","33","1169","1834","0","63.74","41.06"
"64","000","00","008","0831","1182","1136","753","383","33","1169","1834","0","63.74","41.06"
"64","000","00","008","0832","0000","1803","1255","548","56","1859","2867","0","64.84","43.77"
"64","000","00","008","0832","1183","898","623","275","28","926","1436","0","64.48","43.38"
"64","000","00","008","0832","1184","905","632","273","28","933","1431","0","65.2","44.16"
"64","000","00","008","0833","0000","1707","1129","578","63","1770","2718","0","65.12","41.54"
"64","000","00","008","0833","1185","804","537","267","24","828","1248","0","66.35","43.03"
"64","000","00","008","0833","1186","903","592","311","39","942","1470","0","64.08","40.27"
"64","000","00","008","0834","0000","983","683","300","41","1024","1540","0","66.49","44.35"
"64","000","00","008","0834","1187","983","683","300","41","1024","1540","0","66.49","44.35"
"64","000","00","008","0835","0000","1437","969","468","34","1471","2213","0","66.47","43.79"
"64","000","00","008","0835","1188","885","602","283","19","904","1374","0","65.79","43.81"
"64","000","00","008","0835","1189","552","367","185","15","567","839","0","67.58","43.74"
"64","000","00","008","0836","0000","1365","929","436","33","1398","2084","0","67.08","44.58"
"64","000","00","008","0836","1190","683","442","241","16","699","1022","0","68.4","43.25"
"64","000","00","008","0836","1191","682","487","195","17","699","1062","0","65.82","45.86"
"64","000","00","008","0837","0000","1401","941","460","38","1439","2195","0","65.56","42.87"
"64","000","00","008","0837","1192","673","430","243","21","694","1078","0","64.38","39.89"
"64","000","00","008","0837","1193","728","511","217","17","745","1117","0","66.7","45.75"
"64","000","00","008","0838","0000","941","671","270","42","983","1516","0","64.84","44.26"
"64","000","00","008","0838","1194","941","671","270","42","983","1516","0","64.84","44.26"
"64","000","00","008","0839","0000","830","556","274","68","898","1440","0","62.36","38.61"
"64","000","00","008","0839","1195","830","556","274","68","898","1440","0","62.36","38.61"
"64","000","00","008","0840","0000","1037","726","311","37","1074","1727","0","62.19","42.04"
"64","000","00","008","0840","1196","514","342","172","22","536","839","0","63.89","40.76"
"64","000","00","008","0840","1197","523","384","139","15","538","888","0","60.59","43.24"
"64","000","00","008","0841","0000","1399","923","476","55","1454","2105","0","69.07","43.85"
"64","000","00","008","0841","1198","706","459","247","25","731","1101","0","66.39","41.69"
"64","000","00","008","0841","1199","693","464","229","30","723","1004","0","72.01","46.22"
"64","000","00","008","0842","0000","2335","1590","745","101","2436","3779","0","64.46","42.07"
"64","000","00","008","0842","1200","867","613","254","32","899","1427","0","63.0","42.96"
"64","000","00","008","0842","1201","710","485","225","28","738","1168","0","63.18","41.52"
"64","000","00","008","0842","1202","758","492","266","41","799","1184","0","67.48","41.55"
"64","000","00","008","0843","0000","1094","746","348","31","1125","1823","0","61.71","40.92"
"64","000","00","008","0843","1203","617","415","202","19","636","974","0","65.3","42.61"
"64","000","00","008","0843","1204","477","331","146","12","489","849","0","57.6","38.99"
"64","000","00","008","0844","0000","1109","783","326","28","1137","1821","0","62.44","43.0"
"64","000","00","008","0844","1205","1109","783","326","28","1137","1821","0","62.44","43.0"
"64","000","00","008","0845","0000","2399","1605","794","73","2472","3906","0","63.29","41.09"
"64","000","00","008","0845","1206","800","537","263","33","833","1306","0","63.78","41.12"
"64","000","00","008","0845","1207","758","510","248","14","772","1185","0","65.15","43.04"
"64","000","00","008","0845","1208","841","558","283","26","867","1415","0","61.27","39.43"
"64","000","00","008","0846","0000","1202","809","393","51","1253","1926","0","65.06","42.0"
"64","000","00","008","0846","1209","630","421","209","22","652","962","0","67.78","43.76"
"64","000","00","008","0846","1210","572","388","184","29","601","964","0","62.34","40.25"
"64","000","00","008","0847","0000","934","629","305","17","951","1524","0","62.4","41.27"
"64","000","00","008","0847","1211","934","629","305","17","951","1524","0","62.4","41.27"
"64","000","00","008","0848","0000","901","609","292","27","928","1455","0","63.78","41.86"
"64","000","00","008","0848","1212","901","609","292","27","928","1455","0","63.78","41.86"
"64","000","00","008","0849","0000","1455","999","456","39","1494","2528","0","59.1","39.52"
"64","000","00","008","0849","1213","713","506","207","20","733","1272","0","57.63","39.78"
"64","000","00","008","0849","1214","742","493","249","19","761","1256","0","60.59","39.25"
"64","000","00","008","0850","0000","715","523","192","23","738","1203","0","61.35","43.47"
"64","000","00","008","0850","1215","715","523","192","23","738","1203","0","61.35","43.47"
"64","000","00","008","0851","0000","669","489","180","25","694","1062","0","65.35","46.05"
"64","000","00","008","0851","1216","669","489","180","25","694","1062","0","65.35","46.05"
"64","000","00","008","0852","0000","1180","788","392","94","1274","1860","0","68.49","42.37"
"64","000","00","008","0852","1217","534","366","168","43","577","850","0","67.88","43.06"
"64","000","00","008","0852","1218","646","422","224","51","697","1010","0","69.01","41.78"
"64","000","00","008","0853","0000","1233","850","383","54","1287","2055","0","62.63","41.36"
"64","000","00","008","0853","1219","648","444","204","24","672","1118","0","60.11","39.71"
"64","000","00","008","0853","1220","585","406","179","30","615","937","0","65.64","43.33"
"64","000","00","008","0854","0000","1574","1079","495","45","1619","2676","0","60.5","40.32"
"64","000","00","008","0854","1221","831","586","245","20","851","1493","0","57.0","39.25"
"64","000","00","008","0854","1222","743","493","250","25","768","1183","0","64.92","41.67"
"64","000","00","008","0855","0000","1550","1069","481","58","1608","2680","0","60.0","39.89"
"64","000","00","008","0855","1223","745","514","231","23","768","1318","0","58.27","39.0"
"64","000","00","008","0855","1224","805","555","250","35","840","1362","0","61.67","40.75"
"64","000","00","008","0856","0000","1531","1048","483","60","1591","2583","0","61.6","40.57"
"64","000","00","008","0856","1225","654","448","206","36","690","1102","0","62.61","40.65"
"64","000","00","008","0856","1226","877","600","277","24","901","1481","0","60.84","40.51"
"64","000","00","008","0857","0000","1068","758","310","44","1112","1786","0","62.26","42.44"
"64","000","00","008","0857","1227","550","387","163","29","579","878","0","65.95","44.08"
"64","000","00","008","0857","1228","518","371","147","15","533","908","0","58.7","40.86"
"64","000","00","008","0858","0000","1307","911","396","45","1352","2147","0","62.97","42.43"
"64","000","00","008","0858","1229","672","457","215","23","695","1056","0","65.81","43.28"
"64","000","00","008","0858","1230","635","454","181","22","657","1091","0","60.22","41.61"
"64","000","00","008","0859","0000","1310","876","434","46","1356","2039","0","66.5","42.96"
"64","000","00","008","0859","1231","612","414","198","21","633","976","0","64.86","42.42"
"64","000","00","008","0859","1232","698","462","236","25","723","1063","0","68.02","43.46"
"64","000","00","008","0860","0000","1688","1132","556","68","1756","2774","0","63.3","40.81"
"64","000","00","008","0860","1233","896","610","286","42","938","1484","0","63.21","41.11"
"64","000","00","008","0860","1234","792","522","270","26","818","1290","0","63.41","40.47"
"64","000","00","008","0861","0000","2939","2013","926","101","3040","4982","0","61.02","40.41"
"64","000","00","008","0861","1235","1038","704","334","44","1082","1740","0","62.18","40.46"
"64","000","00","008","0861","1236","942","659","283","30","972","1594","0","60.98","41.34"
"64","000","00","008","0861","1237","959","650","309","27","986","1648","0","59.83","39.44"
"64","000","00","008","0862","0000","2306","1632","674","76","2382","3730","0","63.86","43.75"
"64","000","00","008","0862","1238","782","556","226","29","811","1236","0","65.61","44.98"
"64","000","00","008","0862","1239","738","504","234","28","766","1211","0","63.25","41.62"
"64","000","00","008","0862","1240","786","572","214","19","805","1283","0","62.74","44.58"
"64","000","00","008","0863","0000","2154","1487","667","91","2245","3522","0","63.74","42.22"
"64","000","00","008","0863","1241","1109","769","340","49","1158","1804","0","64.19","42.63"
"64","000","00","008","0863","1242","1045","718","327","42","1087","1718","0","63.27","41.79"
"64","000","00","008","0864","0000","2417","1651","766","100","2517","4053","0","62.1","40.74"
"64","000","00","008","0864","1243","789","534","255","33","822","1297","0","63.38","41.17"
"64","000","00","008","0864","1244","846","580","266","51","897","1449","0","61.9","40.03"
"64","000","00","008","0864","1245","782","537","245","16","798","1307","0","61.06","41.09"
"64","000","00","008","0865","0000","1537","1047","490","63","1600","2434","0","65.74","43.02"
"64","000","00","008","0865","1246","729","508","221","29","758","1184","0","64.02","42.91"
"64","000","00","008","0865","1247","808","539","269","34","842","1250","0","67.36","43.12"
"64","000","00","008","0866","0000","1512","1059","453","52","1564","2531","0","61.79","41.84"
"64","000","00","008","0866","1248","719","489","230","28","747","1248","0","59.86","39.18"
"64","000","00","008","0866","1249","793","570","223","24","817","1283","0","63.68","44.43"
"64","000","00","008","0867","0000","2338","1651","687","60","2398","3718","0","64.5","44.41"
"64","000","00","008","0867","1250","736","540","196","22","758","1121","0","67.62","48.17"
"64","000","00","008","0867","1251","782","537","245","23","805","1258","0","63.99","42.69"
"64","000","00","008","0867","1252","820","574","246","15","835","1339","0","62.36","42.87"
"64","000","00","008","0868","0000","1131","781","350","50","1181","1986","0","59.47","39.33"
"64","000","00","008","0868","1253","1131","781","350","50","1181","1986","0","59.47","39.33"
"64","000","00","008","0869","0000","1217","849","368","39","1256","1976","0","63.56","42.97"
"64","000","00","008","0869","1254","627","466","161","20","647","1028","0","62.94","45.33"
"64","000","00","008","0869","1255","590","383","207","19","609","948","0","64.24","40.4"
"64","000","00","009","0000","0000","92191","63672","28519","4237","96428","161797","188516","59.6","39.35"
"64","000","00","009","0901","0000","4594","3132","1462","263","4857","9323","0","52.1","33.59"
"64","000","00","009","0901","1484","926","649","277","76","1002","1809","0","55.39","35.88"
"64","000","00","009","0901","1485","965","676","289","46","1011","1835","0","55.1","36.84"
"64","000","00","009","0901","1486","798","530","268","47","845","1890","0","44.71","28.04"
"64","000","00","009","0901","1487","987","659","328","49","1036","2013","0","51.47","32.74"
"64","000","00","009","0901","1488","918","618","300","45","963","1776","0","54.22","34.8"
"64","000","00","009","0902","0000","1151","751","400","97","1248","2377","0","52.5","31.59"
"64","000","00","009","0902","1489","778","500","278","49","827","1705","0","48.5","29.33"
"64","000","00","009","0902","1490","373","251","122","48","421","672","0","62.65","37.35"
"64","000","00","009","0903","0000","2694","1813","881","124","2818","5013","0","56.21","36.17"
"64","000","00","009","0903","1491","823","559","264","49","872","1726","0","50.52","32.39"
"64","000","00","009","0903","1492","916","614","302","24","940","1597","0","58.86","38.45"
"64","000","00","009","0903","1493","955","640","315","51","1006","1690","0","59.53","37.87"
"64","000","00","009","0904","0000","1370","968","402","98","1468","2239","0","65.56","43.23"
"64","000","00","009","0904","1494","646","468","178","50","696","1080","0","64.44","43.33"
"64","000","00","009","0904","1495","724","500","224","48","772","1159","0","66.61","43.14"
"64","000","00","009","0905","0000","722","522","200","46","768","1314","0","58.45","39.73"
"64","000","00","009","0905","1496","722","522","200","46","768","1314","0","58.45","39.73"
"64","000","00","009","0906","0000","1121","781","340","57","1178","1898","0","62.07","41.15"
"64","000","00","009","0906","1497","551","386","165","23","574","896","0","64.06","43.08"
"64","000","00","009","0906","1498","570","395","175","34","604","1002","0","60.28","39.42"
"64","000","00","009","0907","0000","1041","724","317","63","1104","2765","0","39.93","26.18"
"64","000","00","009","0907","1499","1041","724","317","63","1104","2765","0","39.93","26.18"
"64","000","00","009","0908","0000","353","258","95","35","388","600","0","64.67","43.0"
"64","000","00","009","0908","1500","353","258","95","35","388","600","0","64.67","43.0"
"64","000","00","009","0909","0000","568","409","159","30","598","1466","0","40.79","27.9"
"64","000","00","009","0909","1501","568","409","159","30","598","1466","0","40.79","27.9"
"64","000","00","009","0910","0000","838","602","236","39","877","1449","0","60.52","41.55"
"64","000","00","009","0910","1502","838","602","236","39","877","1449","0","60.52","41.55"
"64","000","00","009","0911","0000","1259","919","340","79","1338","2239","0","59.76","41.05"
"64","000","00","009","0911","1503","534","388","146","34","568","991","0","57.32","39.15"
"64","000","00","009","0911","1504","725","531","194","45","770","1248","0","61.7","42.55"
"64","000","00","009","0912","0000","634","449","185","59","693","1066","0","65.01","42.12"
"64","000","00","009","0912","1505","634","449","185","59","693","1066","0","65.01","42.12"
"64","000","00","009","0913","0000","397","288","109","27","424","706","0","60.06","40.79"
"64","000","00","009","0913","1506","397","288","109","27","424","706","0","60.06","40.79"
"64","000","00","009","0914","0000","391","277","114","23","414","713","0","58.06","38.85"
"64","000","00","009","0914","1507","391","277","114","23","414","713","0","58.06","38.85"
"64","000","00","009","0915","0000","735","454","281","38","773","1344","0","57.51","33.78"
"64","000","00","009","0915","1508","735","454","281","38","773","1344","0","57.51","33.78"
"64","000","00","009","0916","0000","1002","687","315","53","1055","1729","0","61.02","39.73"
"64","000","00","009","0916","1509","511","351","160","32","543","856","0","63.43","41.0"
"64","000","00","009","0916","1510","491","336","155","21","512","873","0","58.65","38.49"
"64","000","00","009","0917","0000","1232","864","368","45","1277","2226","0","57.37","38.81"
"64","000","00","009","0917","1511","623","444","179","30","653","1114","0","58.62","39.86"
"64","000","00","009","0917","1512","609","420","189","15","624","1112","0","56.12","37.77"
"64","000","00","009","0918","0000","1077","716","361","71","1148","1984","0","57.86","36.09"
"64","000","00","009","0918","1513","577","390","187","43","620","1044","0","59.39","37.36"
"64","000","00","009","0918","1514","500","326","174","28","528","940","0","56.17","34.68"
"64","000","00","009","0919","0000","2361","1565","796","116","2477","4064","0","60.95","38.51"
"64","000","00","009","0919","1515","685","467","218","40","725","1342","0","54.02","34.8"
"64","000","00","009","0919","1516","887","592","295","46","933","1402","0","66.55","42.23"
"64","000","00","009","0919","1517","789","506","283","30","819","1320","0","62.05","38.33"
"64","000","00","009","0920","0000","552","388","164","27","579","958","0","60.44","40.5"
"64","000","00","009","0920","1518","552","388","164","27","579","958","0","60.44","40.5"
"64","000","00","009","0921","0000","1728","1213","515","72","1800","2735","0","65.81","44.35"
"64","000","00","009","0921","1519","849","594","255","32","881","1276","0","69.04","46.55"
"64","000","00","009","0921","1520","879","619","260","40","919","1459","0","62.99","42.43"
"64","000","00","009","0922","0000","386","281","105","23","409","761","0","53.75","36.93"
"64","000","00","009","0922","1521","386","281","105","23","409","761","0","53.75","36.93"
"64","000","00","009","0923","0000","614","420","194","18","632","1093","0","57.82","38.43"
"64","000","00","009","0923","1522","614","420","194","18","632","1093","0","57.82","38.43"
"64","000","00","009","0924","0000","2838","2106","732","97","2935","4899","0","59.91","42.99"
"64","000","00","009","0924","1523","932","715","217","35","967","1521","0","63.58","47.01"
"64","000","00","009","0924","1524","938","706","232","39","977","1557","0","62.75","45.34"
"64","000","00","009","0924","1525","968","685","283","23","991","1821","0","54.42","37.62"
"64","000","00","009","0925","0000","1382","1064","318","36","1418","2112","0","67.14","50.38"
"64","000","00","009","0925","1526","718","568","150","19","737","1066","0","69.14","53.28"
"64","000","00","009","0925","1527","664","496","168","17","681","1046","0","65.11","47.42"
"64","000","00","009","0928","0000","1981","1358","623","96","2077","3432","0","60.52","39.57"
"64","000","00","009","0928","1528","966","645","321","47","1013","1709","0","59.27","37.74"
"64","000","00","009","0928","1529","1015","713","302","49","1064","1723","0","61.75","41.38"
"64","000","00","009","0929","0000","2570","1718","852","84","2654","3994","0","66.45","43.01"
"64","000","00","009","0929","1530","773","508","265","21","794","1202","0","66.06","42.26"
"64","000","00","009","0929","1531","846","572","274","34","880","1279","0","68.8","44.72"
"64","000","00","009","0929","1532","951","638","313","29","980","1513","0","64.77","42.17"
"64","000","00","009","0930","0000","740","506","234","21","761","1260","0","60.4","40.16"
"64","000","00","009","0930","1533","740","506","234","21","761","1260","0","60.4","40.16"
"64","000","00","009","0931","0000","1457","988","469","74","1531","2279","0","67.18","43.35"
"64","000","00","009","0931","1534","724","493","231","40","764","1139","0","67.08","43.28"
"64","000","00","009","0931","1535","733","495","238","34","767","1140","0","67.28","43.42"
"64","000","00","009","0932","0000","1713","1179","534","70","1783","2821","0","63.2","41.79"
"64","000","00","009","0932","1536","886","605","281","44","930","1462","0","63.61","41.38"
"64","000","00","009","0932","1537","827","574","253","26","853","1359","0","62.77","42.24"
"64","000","00","009","0933","0000","1036","715","321","54","1090","2037","0","53.51","35.1"
"64","000","00","009","0933","1538","1036","715","321","54","1090","2037","0","53.51","35.1"
"64","000","00","009","0934","0000","1539","1046","493","54","1593","2717","0","58.63","38.5"
"64","000","00","009","0934","1539","791","534","257","31","822","1410","0","58.3","37.87"
"64","000","00","009","0934","1540","748","512","236","23","771","1307","0","58.99","39.17"
"64","000","00","009","0935","0000","1689","1124","565","108","1797","3003","0","59.84","37.43"
"64","000","00","009","0935","1541","825","560","265","56","881","1512","0","58.27","37.04"
"64","000","00","009","0935","1542","864","564","300","52","916","1491","0","61.44","37.83"
"64","000","00","009","0936","0000","1705","1211","494","70","1775","3143","0","56.47","38.53"
"64","000","00","009","0936","1543","919","665","254","38","957","1621","0","59.04","41.02"
"64","000","00","009","0936","1544","786","546","240","32","818","1522","0","53.75","35.87"
"64","000","00","009","0937","0000","3147","2111","1036","159","3306","5348","0","61.82","39.47"
"64","000","00","009","0937","1545","924","617","307","45","969","1593","0","60.83","38.73"
"64","000","00","009","0937","1546","1123","770","353","48","1171","1885","0","62.12","40.85"
"64","000","00","009","0937","1547","1100","724","376","66","1166","1870","0","62.35","38.72"
"64","000","00","009","0938","0000","1635","1124","511","69","1704","2736","0","62.28","41.08"
"64","000","00","009","0938","1548","830","572","258","31","861","1388","0","62.03","41.21"
"64","000","00","009","0938","1549","805","552","253","38","843","1348","0","62.54","40.95"
"64","000","00","009","0939","0000","1582","1125","457","90","1672","2705","0","61.81","41.59"
"64","000","00","009","0939","1550","717","528","189","61","778","1341","0","58.02","39.37"
"64","000","00","009","0939","1551","865","597","268","29","894","1364","0","65.54","43.77"
"64","000","00","009","0940","0000","1559","1072","487","82","1641","2693","0","60.94","39.81"
"64","000","00","009","0940","1552","799","546","253","41","840","1367","0","61.45","39.94"
"64","000","00","009","0940","1553","760","526","234","41","801","1326","0","60.41","39.67"
"64","000","00","009","0941","0000","1293","893","400","46","1339","2178","0","61.48","41.0"
"64","000","00","009","0941","1554","608","435","173","30","638","1059","0","60.25","41.08"
"64","000","00","009","0941","1555","685","458","227","16","701","1119","0","62.65","40.93"
"64","000","00","009","0942","0000","3908","2631","1277","105","4013","6642","0","60.42","39.61"
"64","000","00","009","0942","1556","876","564","312","32","908","1565","0","58.02","36.04"
"64","000","00","009","0942","1557","891","638","253","37","928","1549","0","59.91","41.19"
"64","000","00","009","0942","1558","1080","718","362","20","1100","1691","0","65.05","42.46"
"64","000","00","009","0942","1559","1061","711","350","16","1077","1837","0","58.63","38.7"
"64","000","00","009","0943","0000","1369","963","406","53","1422","2218","0","64.11","43.42"
"64","000","00","009","0943","1560","696","493","203","16","712","1092","0","65.2","45.15"
"64","000","00","009","0943","1561","673","470","203","37","710","1126","0","63.06","41.74"
"64","000","00","009","0944","0000","2527","1707","820","88","2615","4106","0","63.69","41.57"
"64","000","00","009","0944","1562","665","452","213","48","713","1215","0","58.68","37.2"
"64","000","00","009","0944","1563","878","586","292","21","899","1443","0","62.3","40.61"
"64","000","00","009","0944","1564","984","669","315","19","1003","1448","0","69.27","46.2"
"64","000","00","009","0945","0000","1850","1249","601","82","1932","3251","0","59.43","38.42"
"64","000","00","009","0945","1565","973","656","317","43","1016","1648","0","61.65","39.81"
"64","000","00","009","0945","1566","877","593","284","39","916","1603","0","57.14","36.99"
"64","000","00","009","0946","0000","813","551","262","22","835","1596","0","52.32","34.52"
"64","000","00","009","0946","1567","813","551","262","22","835","1596","0","52.32","34.52"
"64","000","00","009","0947","0000","2602","1810","792","118","2720","4607","0","59.04","39.29"
"64","000","00","009","0947","1568","779","564","215","33","812","1450","0","56.0","38.9"
"64","000","00","009","0947","1569","819","556","263","42","861","1510","0","57.02","36.82"
"64","000","00","009","0947","1570","1004","690","314","43","1047","1647","0","63.57","41.89"
"64","000","00","009","0948","0000","1522","1088","434","63","1585","2726","0","58.14","39.91"
"64","000","00","009","0948","1571","758","552","206","35","793","1342","0","59.09","41.13"
"64","000","00","009","0948","1572","764","536","228","28","792","1384","0","57.23","38.73"
"64","000","00","009","0949","0000","2697","1844","853","89","2786","4620","0","60.3","39.91"
"64","000","00","009","0949","1573","832","601","231","39","871","1479","0","58.89","40.64"
"64","000","00","009","0949","1574","918","645","273","20","938","1546","0","60.67","41.72"
"64","000","00","009","0949","1575","947","598","349","30","977","1595","0","61.25","37.49"
"64","000","00","009","0950","0000","1302","955","347","71","1373","2283","0","60.14","41.83"
"64","000","00","009","0950","1576","713","507","206","38","751","1201","0","62.53","42.21"
"64","000","00","009","0950","1577","589","448","141","33","622","1082","0","57.49","41.4"
"64","000","00","009","0951","0000","1109","794","315","58","1167","1928","0","60.53","41.18"
"64","000","00","009","0951","1578","540","384","156","33","573","996","0","57.53","38.55"
"64","000","00","009","0951","1579","569","410","159","25","594","932","0","63.73","43.99"
"64","000","00","009","0952","0000","2187","1496","691","75","2262","3574","0","63.29","41.86"
"64","000","00","009","0952","1580","660","453","207","38","698","1146","0","60.91","39.53"
"64","000","00","009","0952","1581","660","461","199","22","682","1096","0","62.23","42.06"
"64","000","00","009","0952","1582","867","582","285","15","882","1332","0","66.22","43.69"
"64","000","00","009","0953","0000","2038","1398","640","115","2153","3477","0","61.92","40.21"
"64","000","00","009","0953","1583","700","467","233","21","721","1175","0","61.36","39.74"
"64","000","00","009","0953","1584","561","389","172","45","606","986","0","61.46","39.45"
"64","000","00","009","0953","1585","777","542","235","49","826","1316","0","62.77","41.19"
"64","000","00","009","0954","0000","1771","1203","568","86","1857","3181","0","58.38","37.82"
"64","000","00","009","0954","1586","807","532","275","46","853","1559","0","54.71","34.12"
"64","000","00","009","0954","1587","964","671","293","40","1004","1622","0","61.9","41.37"
"64","000","00","009","0955","0000","1523","1087","436","62","1585","2609","0","60.75","41.66"
"64","000","00","009","0955","1588","728","516","212","26","754","1310","0","57.56","39.39"
"64","000","00","009","0955","1589","795","571","224","36","831","1299","0","63.97","43.96"
"64","000","00","009","0956","0000","1550","1108","442","60","1610","2566","0","62.74","43.18"
"64","000","00","009","0956","1590","767","542","225","36","803","1191","0","67.42","45.51"
"64","000","00","009","0956","1591","783","566","217","24","807","1375","0","58.69","41.16"
"64","000","00","009","0957","0000","1455","1011","444","52","1507","2513","0","59.97","40.23"
"64","000","00","009","0957","1592","784","566","218","28","812","1338","0","60.69","42.3"
"64","000","00","009","0957","1593","671","445","226","24","695","1175","0","59.15","37.87"
"64","000","00","009","0958","0000","1517","1028","489","67","1584","2544","0","62.26","40.41"
"64","000","00","009","0958","1594","772","520","252","18","790","1357","0","58.22","38.32"
"64","000","00","009","0958","1595","745","508","237","49","794","1187","0","66.89","42.8"
"64","000","00","009","0959","0000","1418","1014","404","78","1496","2383","0","62.78","42.55"
"64","000","00","009","0959","1596","684","504","180","30","714","1164","0","61.34","43.3"
"64","000","00","009","0959","1597","734","510","224","48","782","1219","0","64.15","41.84"
"64","000","00","009","0960","0000","2595","1705","890","99","2694","4454","0","60.48","38.28"
"64","000","00","009","0960","1598","815","564","251","14","829","1428","0","58.05","39.5"
"64","000","00","009","0960","1599","839","557","282","53","892","1495","0","59.67","37.26"
"64","000","00","009","0960","1600","941","584","357","32","973","1531","0","63.55","38.15"
"64","000","00","009","0961","0000","1752","1209","543","81","1833","3100","0","59.13","39.0"
"64","000","00","009","0961","1601","865","587","278","37","902","1509","0","59.77","38.9"
"64","000","00","009","0961","1602","887","622","265","44","931","1591","0","58.52","39.09"
"64","000","00","010","0000","0000","12867","9013","3854","663","13530","24860","28533","54.42","36.26"
"64","000","00","010","1001","0000","706","489","217","49","755","1177","0","64.15","41.55"
"64","000","00","010","1001","0869","706","489","217","49","755","1177","0","64.15","41.55"
"64","000","00","010","1002","0000","588","439","149","31","619","1109","0","55.82","39.59"
"64","000","00","010","1002","0870","588","439","149","31","619","1109","0","55.82","39.59"
"64","000","00","010","1003","0000","814","543","271","17","831","1642","0","50.61","33.07"
"64","000","00","010","1003","0871","814","543","271","17","831","1642","0","50.61","33.07"
"64","000","00","010","1004","0000","1175","831","344","94","1269","2321","0","54.67","35.8"
"64","000","00","010","1004","0872","610","436","174","65","675","1209","0","55.83","36.06"
"64","000","00","010","1004","0873","565","395","170","29","594","1112","0","53.42","35.52"
"64","000","00","010","1005","0000","1541","1112","429","70","1611","2943","0","54.74","37.78"
"64","000","00","010","1005","0874","837","605","232","42","879","1483","0","59.27","40.8"
"64","000","00","010","1005","0875","704","507","197","28","732","1460","0","50.14","34.73"
"64","000","00","010","1006","0000","917","611","306","81","998","1572","0","63.49","38.87"
"64","000","00","010","1006","0876","917","611","306","81","998","1572","0","63.49","38.87"
"64","000","00","010","1007","0000","674","493","181","32","706","1384","0","51.01","35.62"
"64","000","00","010","1007","0877","674","493","181","32","706","1384","0","51.01","35.62"
"64","000","00","010","1008","0000","1315","920","395","42","1357","2629","0","51.62","34.99"
"64","000","00","010","1008","0878","715","510","205","12","727","1390","0","52.3","36.69"
"64","000","00","010","1008","0879","600","410","190","30","630","1239","0","50.85","33.09"
"64","000","00","010","1009","0000","1081","760","321","56","1137","2045","0","55.6","37.16"
"64","000","00","010","1009","0880","1081","760","321","56","1137","2045","0","55.6","37.16"
"64","000","00","010","1010","0000","1392","963","429","81","1473","2759","0","53.39","34.9"
"64","000","00","010","1010","0881","455","328","127","24","479","893","0","53.64","36.73"
"64","000","00","010","1010","0882","937","635","302","57","994","1866","0","53.27","34.03"
"64","000","00","010","1011","0000","859","608","251","24","883","1874","0","47.12","32.44"
"64","000","00","010","1011","0883","859","608","251","24","883","1874","0","47.12","32.44"
"64","000","00","010","1012","0000","425","306","119","39","464","893","0","51.96","34.27"
"64","000","00","010","1012","0884","425","306","119","39","464","893","0","51.96","34.27"
"64","000","00","010","1013","0000","1380","938","442","47","1427","2512","0","56.81","37.34"
"64","000","00","010","1013","0885","714","477","237","25","739","1215","0","60.82","39.26"
"64","000","00","010","1013","0886","666","461","205","22","688","1297","0","53.05","35.54"
"64","000","00","011","0000","0000","75809","52471","23338","3205","79014","132733","157685","59.53","39.53"
"64","000","00","011","1101","0000","1398","991","407","68","1466","2279","0","64.33","43.48"
"64","000","00","011","1101","1603","706","485","221","22","728","1108","0","65.7","43.77"
"64","000","00","011","1101","1604","692","506","186","46","738","1171","0","63.02","43.21"
"64","000","00","011","1102","0000","1858","1213","645","46","1904","3225","0","59.04","37.61"
"64","000","00","011","1102","1605","961","600","361","22","983","1557","0","63.13","38.54"
"64","000","00","011","1102","1606","897","613","284","24","921","1668","0","55.22","36.75"
"64","000","00","011","1103","0000","1546","1110","436","61","1607","2555","0","62.9","43.44"
"64","000","00","011","1103","1607","750","557","193","27","777","1183","0","65.68","47.08"
"64","000","00","011","1103","1608","796","553","243","34","830","1372","0","60.5","40.31"
"64","000","00","011","1104","0000","1024","712","312","48","1072","1737","0","61.72","40.99"
"64","000","00","011","1104","1609","1024","712","312","48","1072","1737","0","61.72","40.99"
"64","000","00","011","1105","0000","1582","1081","501","77","1659","3144","0","52.77","34.38"
"64","000","00","011","1105","1610","761","484","277","42","803","1586","0","50.63","30.52"
"64","000","00","011","1105","1611","821","597","224","35","856","1558","0","54.94","38.32"
"64","000","00","011","1106","0000","1572","1100","472","71","1643","2533","0","64.86","43.43"
"64","000","00","011","1106","1612","829","586","243","33","862","1284","0","67.13","45.64"
"64","000","00","011","1106","1613","743","514","229","38","781","1249","0","62.53","41.15"
"64","000","00","011","1107","0000","1093","747","346","44","1137","2400","0","47.38","31.13"
"64","000","00","011","1107","1614","1093","747","346","44","1137","2400","0","47.38","31.13"
"64","000","00","011","1108","0000","1401","1013","388","52","1453","2260","0","64.29","44.82"
"64","000","00","011","1108","1615","749","541","208","25","774","1181","0","65.54","45.81"
"64","000","00","011","1108","1616","652","472","180","27","679","1079","0","62.93","43.74"
"64","000","00","011","1109","0000","1490","974","516","72","1562","2576","0","60.64","37.81"
"64","000","00","011","1109","1617","769","483","286","25","794","1335","0","59.48","36.18"
"64","000","00","011","1109","1618","721","491","230","47","768","1241","0","61.89","39.56"
"64","000","00","011","1110","0000","3342","2278","1064","140","3482","5796","0","60.08","39.3"
"64","000","00","011","1110","1619","837","572","265","46","883","1513","0","58.36","37.81"
"64","000","00","011","1110","1620","817","561","256","36","853","1349","0","63.23","41.59"
"64","000","00","011","1110","1621","831","565","266","37","868","1483","0","58.53","38.1"
"64","000","00","011","1110","1622","857","580","277","21","878","1451","0","60.51","39.97"
"64","000","00","011","1111","0000","1492","1016","476","61","1553","2503","0","62.05","40.59"
"64","000","00","011","1111","1623","684","465","219","19","703","1241","0","56.65","37.47"
"64","000","00","011","1111","1624","808","551","257","42","850","1262","0","67.35","43.66"
"64","000","00","011","1112","0000","2059","1453","606","69","2128","3690","0","57.67","39.38"
"64","000","00","011","1112","1625","1068","765","303","42","1110","1813","0","61.22","42.2"
"64","000","00","011","1112","1626","991","688","303","27","1018","1877","0","54.24","36.65"
"64","000","00","011","1113","0000","1705","1050","655","38","1743","2844","0","61.29","36.92"
"64","000","00","011","1113","1627","804","533","271","17","821","1391","0","59.02","38.32"
"64","000","00","011","1113","1628","901","517","384","21","922","1453","0","63.45","35.58"
"64","000","00","011","1114","0000","2388","1667","721","80","2468","4056","0","60.85","41.1"
"64","000","00","011","1114","1629","796","552","244","22","818","1374","0","59.53","40.17"
"64","000","00","011","1114","1630","784","553","231","25","809","1348","0","60.01","41.02"
"64","000","00","011","1114","1631","808","562","246","33","841","1334","0","63.04","42.13"
"64","000","00","011","1115","0000","2537","1672","865","93","2630","4369","0","60.2","38.27"
"64","000","00","011","1115","1632","834","542","292","19","853","1433","0","59.53","37.82"
"64","000","00","011","1115","1633","791","524","267","23","814","1448","0","56.22","36.19"
"64","000","00","011","1115","1634","912","606","306","51","963","1488","0","64.72","40.73"
"64","000","00","011","1116","0000","1637","1096","541","66","1703","2584","0","65.91","42.41"
"64","000","00","011","1116","1635","763","535","228","36","799","1278","0","62.52","41.86"
"64","000","00","011","1116","1636","874","561","313","30","904","1306","0","69.22","42.96"
"64","000","00","011","1117","0000","1944","1319","625","98","2042","3265","0","62.54","40.4"
"64","000","00","011","1117","1637","937","636","301","53","990","1625","0","60.92","39.14"
"64","000","00","011","1117","1638","1007","683","324","45","1052","1640","0","64.15","41.65"
"64","000","00","011","1118","0000","1619","1135","484","79","1698","2944","0","57.68","38.55"
"64","000","00","011","1118","1639","852","604","248","38","890","1506","0","59.1","40.11"
"64","000","00","011","1118","1640","767","531","236","41","808","1438","0","56.19","36.93"
"64","000","00","011","1119","0000","1366","993","373","54","1420","2272","0","62.5","43.71"
"64","000","00","011","1119","1641","707","519","188","40","747","1105","0","67.6","46.97"
"64","000","00","011","1119","1642","659","474","185","14","673","1167","0","57.67","40.62"
"64","000","00","011","1120","0000","2451","1684","767","95","2546","4039","0","63.04","41.69"
"64","000","00","011","1120","1643","868","610","258","27","895","1420","0","63.03","42.96"
"64","000","00","011","1120","1644","866","567","299","45","911","1380","0","66.01","41.09"
"64","000","00","011","1120","1645","717","507","210","23","740","1239","0","59.73","40.92"
"64","000","00","011","1121","0000","1884","1295","589","83","1967","3207","0","61.33","40.38"
"64","000","00","011","1121","1646","933","640","293","42","975","1563","0","62.38","40.95"
"64","000","00","011","1121","1647","951","655","296","41","992","1644","0","60.34","39.84"
"64","000","00","011","1122","0000","6150","4253","1897","283","6433","11107","0","57.92","38.29"
"64","000","00","011","1122","1648","1053","756","297","54","1107","1895","0","58.42","39.89"
"64","000","00","011","1122","1649","952","657","295","61","1013","1748","0","57.95","37.59"
"64","000","00","011","1122","1650","921","625","296","54","975","1579","0","61.75","39.58"
"64","000","00","011","1122","1651","1174","808","366","26","1200","2135","0","56.21","37.85"
"64","000","00","011","1122","1652","985","685","300","40","1025","1728","0","59.32","39.64"
"64","000","00","011","1122","1653","1065","722","343","48","1113","2022","0","55.04","35.71"
"64","000","00","011","1123","0000","2198","1578","620","90","2288","3916","0","58.43","40.3"
"64","000","00","011","1123","1654","678","495","183","19","697","1329","0","52.45","37.25"
"64","000","00","011","1123","1655","782","563","219","21","803","1320","0","60.83","42.65"
"64","000","00","011","1123","1656","738","520","218","50","788","1267","0","62.19","41.04"
"64","000","00","011","1124","0000","1602","1092","510","60","1662","2587","0","64.24","42.21"
"64","000","00","011","1124","1657","783","544","239","47","830","1298","0","63.94","41.91"
"64","000","00","011","1124","1658","819","548","271","13","832","1289","0","64.55","42.51"
"64","000","00","011","1125","0000","1837","1302","535","56","1893","3028","0","62.52","43.0"
"64","000","00","011","1125","1659","940","660","280","31","971","1534","0","63.3","43.02"
"64","000","00","011","1125","1660","897","642","255","25","922","1494","0","61.71","42.97"
"64","000","00","011","1126","0000","1640","1154","486","85","1725","2721","0","63.4","42.41"
"64","000","00","011","1126","1661","803","584","219","52","855","1377","0","62.09","42.41"
"64","000","00","011","1126","1662","837","570","267","33","870","1344","0","64.73","42.41"
"64","000","00","011","1127","0000","3255","2265","990","133","3388","5757","0","58.85","39.34"
"64","000","00","011","1127","1663","861","596","265","42","903","1508","0","59.88","39.52"
"64","000","00","011","1127","1664","776","527","249","21","797","1400","0","56.93","37.64"
"64","000","00","011","1127","1665","859","597","262","42","901","1457","0","61.84","40.97"
"64","000","00","011","1127","1666","759","545","214","28","787","1392","0","56.54","39.15"
"64","000","00","011","1128","0000","2518","1905","613","83","2601","4487","0","57.97","42.46"
"64","000","00","011","1128","1667","1069","729","340","41","1110","1983","0","55.98","36.76"
"64","000","00","011","1128","1668","709","485","224","15","724","1204","0","60.13","40.28"
"64","000","00","011","1128","1669","740","691","49","27","767","1300","0","59.0","53.15"
"64","000","00","011","1129","0000","1986","1396","590","90","2076","3423","0","60.65","40.78"
"64","000","00","011","1129","1670","1104","786","318","61","1165","1857","0","62.74","42.33"
"64","000","00","011","1129","1671","882","610","272","29","911","1566","0","58.17","38.95"
"64","000","00","011","1130","0000","1605","1213","392","101","1706","2579","0","66.15","47.03"
"64","000","00","011","1130","1672","843","678","165","43","886","1343","0","65.97","50.48"
"64","000","00","011","1130","1673","762","535","227","58","820","1236","0","66.34","43.28"
"64","000","00","011","1131","0000","4612","3038","1574","156","4768","7715","0","61.8","39.38"
"64","000","00","011","1131","1674","951","666","285","53","1004","1564","0","64.19","42.58"
"64","000","00","011","1131","1675","967","570","397","26","993","1484","0","66.91","38.41"
"64","000","00","011","1131","1676","876","608","268","17","893","1477","0","60.46","41.16"
"64","000","00","011","1131","1677","894","561","333","34","928","1482","0","62.62","37.85"
"64","000","00","011","1131","1678","924","633","291","26","950","1708","0","55.62","37.06"
"64","000","00","011","1132","0000","1872","1235","637","80","1952","3576","0","54.59","34.54"
"64","000","00","011","1132","1679","927","590","337","49","976","1867","0","52.28","31.6"
"64","000","00","011","1132","1680","945","645","300","31","976","1709","0","57.11","37.74"
"64","000","00","011","1133","0000","1542","1082","460","85","1627","3121","0","52.13","34.67"
"64","000","00","011","1133","1681","739","517","222","47","786","1425","0","55.16","36.28"
"64","000","00","011","1133","1682","803","565","238","38","841","1696","0","49.59","33.31"
"64","000","00","011","1134","0000","1588","1080","508","103","1691","3053","0","55.39","35.38"
"64","000","00","011","1134","1683","751","498","253","36","787","1522","0","51.71","32.72"
"64","000","00","011","1134","1684","837","582","255","67","904","1531","0","59.05","38.01"
"64","000","00","011","1135","0000","1166","811","355","73","1239","2215","0","55.94","36.61"
"64","000","00","011","1135","1685","1166","811","355","73","1239","2215","0","55.94","36.61"
"64","000","00","011","1136","0000","1733","1217","516","49","1782","3050","0","58.43","39.9"
"64","000","00","011","1136","1686","893","645","248","25","918","1515","0","60.59","42.57"
"64","000","00","011","1136","1687","840","572","268","24","864","1535","0","56.29","37.26"
"64","000","00","011","1137","0000","1326","996","330","64","1390","2493","0","55.76","39.95"
"64","000","00","011","1137","1688","706","484","222","25","731","1276","0","57.29","37.93"
"64","000","00","011","1137","1689","620","512","108","39","659","1217","0","54.15","42.07"
"64","000","00","011","1138","0000","1791","1255","536","119","1910","3627","0","52.66","34.6"
"64","000","00","011","1138","1690","817","574","243","58","875","1707","0","51.26","33.63"
"64","000","00","011","1138","1691","974","681","293","61","1035","1920","0","53.91","35.47"
"64","000","00","012","0000","0000","174978","121790","53188","6400","181378","300510","359100","60.36","40.53"
"64","000","00","012","1201","0000","269","192","77","8","277","423","0","65.48","45.39"
"64","000","00","012","1201","1306","269","192","77","8","277","423","0","65.48","45.39"
"64","000","00","012","1202","0000","374","244","130","15","389","618","0","62.94","39.48"
"64","000","00","012","1202","1305","374","244","130","15","389","618","0","62.94","39.48"
"64","000","00","012","1203","0000","769","545","224","33","802","1312","0","61.13","41.54"
"64","000","00","012","1203","1307","769","545","224","33","802","1312","0","61.13","41.54"
"64","000","00","012","1204","0000","600","402","198","30","630","875","0","72.0","45.94"
"64","000","00","012","1204","1321","600","402","198","30","630","875","0","72.0","45.94"
"64","000","00","012","1205","0000","537","396","141","20","557","882","0","63.15","44.9"
"64","000","00","012","1205","1314","537","396","141","20","557","882","0","63.15","44.9"
"64","000","00","012","1206","0000","1239","816","423","40","1279","1982","0","64.53","41.17"
"64","000","00","012","1206","1308","455","296","159","22","477","769","0","62.03","38.49"
"64","000","00","012","1206","1309","784","520","264","18","802","1213","0","66.12","42.87"
"64","000","00","012","1207","0000","695","463","232","27","722","1080","0","66.85","42.87"
"64","000","00","012","1207","1256","695","463","232","27","722","1080","0","66.85","42.87"
"64","000","00","012","1208","0000","2139","1478","661","97","2236","3395","0","65.86","43.53"
"64","000","00","012","1208","1334","723","483","240","41","764","1159","0","65.92","41.67"
"64","000","00","012","1208","1335","644","462","182","31","675","1127","0","59.89","40.99"
"64","000","00","012","1208","1336","772","533","239","25","797","1109","0","71.87","48.06"
"64","000","00","012","1209","0000","4638","3159","1479","150","4788","8473","0","56.51","37.28"
"64","000","00","012","1209","1268","861","600","261","42","903","1496","0","60.36","40.11"
"64","000","00","012","1209","1269","1022","675","347","33","1055","2094","0","50.38","32.23"
"64","000","00","012","1209","1270","954","662","292","21","975","1672","0","58.31","39.59"
"64","000","00","012","1209","1271","962","643","319","16","978","1761","0","55.54","36.51"
"64","000","00","012","1209","1272","839","579","260","38","877","1450","0","60.48","39.93"
"64","000","00","012","1210","0000","492","341","151","30","522","819","0","63.74","41.64"
"64","000","00","012","1210","1257","492","341","151","30","522","819","0","63.74","41.64"
"64","000","00","012","1211","0000","2129","1430","699","74","2203","3533","0","62.35","40.48"
"64","000","00","012","1211","1277","748","492","256","30","778","1247","0","62.39","39.45"
"64","000","00","012","1211","1278","657","441","216","21","678","1087","0","62.37","40.57"
"64","000","00","012","1211","1279","724","497","227","23","747","1199","0","62.3","41.45"
"64","000","00","012","1212","0000","2838","1960","878","94","2932","4957","0","59.15","39.54"
"64","000","00","012","1212","1260","753","537","216","28","781","1223","0","63.86","43.91"
"64","000","00","012","1212","1261","730","511","219","23","753","1207","0","62.39","42.34"
"64","000","00","012","1212","1262","726","494","232","24","750","1339","0","56.01","36.89"
"64","000","00","012","1212","1263","629","418","211","19","648","1188","0","54.55","35.19"
"64","000","00","012","1213","0000","1396","1034","362","49","1445","2465","0","58.62","41.95"
"64","000","00","012","1213","1340","791","577","214","27","818","1432","0","57.12","40.29"
"64","000","00","012","1213","1341","605","457","148","22","627","1033","0","60.7","44.24"
"64","000","00","012","1214","0000","3280","2340","940","99","3379","5972","0","56.58","39.18"
"64","000","00","012","1214","1362","843","586","257","21","864","1521","0","56.8","38.53"
"64","000","00","012","1214","1363","729","537","192","26","755","1407","0","53.66","38.17"
"64","000","00","012","1214","1364","900","640","260","38","938","1542","0","60.83","41.5"
"64","000","00","012","1214","1365","808","577","231","14","822","1502","0","54.73","38.42"
"64","000","00","012","1215","0000","2391","1840","551","100","2491","4111","0","60.59","44.76"
"64","000","00","012","1215","1366","790","551","239","32","822","1320","0","62.27","41.74"
"64","000","00","012","1215","1367","805","662","143","34","839","1507","0","55.67","43.93"
"64","000","00","012","1215","1368","796","627","169","34","830","1284","0","64.64","48.83"
"64","000","00","012","1216","0000","2688","1882","806","107","2795","4722","0","59.19","39.86"
"64","000","00","012","1216","1445","610","428","182","33","643","1058","0","60.78","40.45"
"64","000","00","012","1216","1446","608","436","172","28","636","976","0","65.16","44.67"
"64","000","00","012","1216","1447","814","573","241","20","834","1545","0","53.98","37.09"
"64","000","00","012","1216","1448","656","445","211","26","682","1143","0","59.67","38.93"
"64","000","00","012","1217","0000","3671","2528","1143","187","3858","6769","0","57.0","37.35"
"64","000","00","012","1217","1407","709","491","218","21","730","1314","0","55.56","37.37"
"64","000","00","012","1217","1408","853","592","261","16","869","1649","0","52.7","35.9"
"64","000","00","012","1217","1409","844","590","254","77","921","1601","0","57.53","36.85"
"64","000","00","012","1217","1410","664","436","228","22","686","1155","0","59.39","37.75"
"64","000","00","012","1217","1411","601","419","182","51","652","1050","0","62.1","39.9"
"64","000","00","012","1218","0000","3006","2149","857","127","3133","4988","0","62.81","43.08"
"64","000","00","012","1218","1342","759","561","198","43","802","1253","0","64.01","44.77"
"64","000","00","012","1218","1343","733","501","232","18","751","1217","0","61.71","41.17"
"64","000","00","012","1218","1344","792","576","216","34","826","1267","0","65.19","45.46"
"64","000","00","012","1218","1345","722","511","211","32","754","1251","0","60.27","40.85"
"64","000","00","012","1219","0000","2848","1921","927","81","2929","4562","0","64.2","42.11"
"64","000","00","012","1219","1325","643","429","214","22","665","974","0","68.28","44.05"
"64","000","00","012","1219","1326","603","407","196","18","621","987","0","62.92","41.24"
"64","000","00","012","1219","1327","789","554","235","13","802","1210","0","66.28","45.79"
"64","000","00","012","1219","1328","813","531","282","28","841","1391","0","60.46","38.17"
"64","000","00","012","1220","0000","2329","1644","685","62","2391","3682","0","64.94","44.65"
"64","000","00","012","1220","1337","1169","841","328","29","1198","1879","0","63.76","44.76"
"64","000","00","012","1220","1338","1160","803","357","33","1193","1803","0","66.17","44.54"
"64","000","00","012","1221","0000","948","658","290","71","1019","2513","0","40.55","26.18"
"64","000","00","012","1221","1316","503","364","139","37","540","853","0","63.31","42.67"
"64","000","00","012","1221","1317","445","294","151","34","479","1660","0","28.86","17.71"
"64","000","00","012","1222","0000","1674","1207","467","72","1746","2926","0","59.67","41.25"
"64","000","00","012","1222","1369","797","553","244","23","820","1441","0","56.9","38.38"
"64","000","00","012","1222","1370","877","654","223","49","926","1485","0","62.36","44.04"
"64","000","00","012","1224","0000","1973","1353","620","79","2052","3411","0","60.16","39.67"
"64","000","00","012","1224","1275","1037","679","358","45","1082","1713","0","63.16","39.64"
"64","000","00","012","1224","1276","936","674","262","34","970","1698","0","57.13","39.69"
"64","000","00","012","1225","0000","1646","1140","506","41","1687","2870","0","58.78","39.72"
"64","000","00","012","1225","1387","865","599","266","15","880","1525","0","57.7","39.28"
"64","000","00","012","1225","1388","781","541","240","26","807","1345","0","60.0","40.22"
"64","000","00","012","1226","0000","2831","1949","882","100","2931","4708","0","62.26","41.4"
"64","000","00","012","1226","1383","563","373","190","30","593","942","0","62.95","39.6"
"64","000","00","012","1226","1384","710","510","200","25","735","1206","0","60.95","42.29"
"64","000","00","012","1226","1385","695","482","213","20","715","1159","0","61.69","41.59"
"64","000","00","012","1226","1386","863","584","279","25","888","1401","0","63.38","41.68"
"64","000","00","012","1227","0000","3791","2683","1108","162","3953","6189","0","63.87","43.35"
"64","000","00","012","1227","1429","847","575","272","35","882","1405","0","62.78","40.93"
"64","000","00","012","1227","1430","689","525","164","37","726","1097","0","66.18","47.86"
"64","000","00","012","1227","1431","781","536","245","42","823","1248","0","65.95","42.95"
"64","000","00","012","1227","1432","734","514","220","31","765","1225","0","62.45","41.96"
"64","000","00","012","1227","1433","740","533","207","17","757","1214","0","62.36","43.9"
"64","000","00","012","1228","0000","1852","1288","564","95","1947","3269","0","59.56","39.4"
"64","000","00","012","1228","1437","554","405","149","24","578","968","0","59.71","41.84"
"64","000","00","012","1228","1438","657","449","208","36","693","1200","0","57.75","37.42"
"64","000","00","012","1228","1439","641","434","207","35","676","1101","0","61.4","39.42"
"64","000","00","012","1229","0000","3261","2244","1017","153","3414","5759","0","59.28","38.97"
"64","000","00","012","1229","1474","616","437","179","33","649","1042","0","62.28","41.94"
"64","000","00","012","1229","1475","637","452","185","34","671","1098","0","61.11","41.17"
"64","000","00","012","1229","1476","675","461","214","13","688","1284","0","53.58","35.9"
"64","000","00","012","1229","1477","676","451","225","30","706","1242","0","56.84","36.31"
"64","000","00","012","1229","1478","657","443","214","43","700","1093","0","64.04","40.53"
"64","000","00","012","1230","0000","3104","2221","883","140","3244","5398","0","60.1","41.14"
"64","000","00","012","1230","1349","849","572","277","35","884","1588","0","55.67","36.02"
"64","000","00","012","1230","1350","769","597","172","33","802","1255","0","63.9","47.57"
"64","000","00","012","1230","1351","730","515","215","36","766","1264","0","60.6","40.74"
"64","000","00","012","1230","1352","756","537","219","36","792","1291","0","61.35","41.6"
"64","000","00","012","1231","0000","2866","1991","875","100","2966","4819","0","61.55","41.32"
"64","000","00","012","1231","1346","924","658","266","43","967","1563","0","61.87","42.1"
"64","000","00","012","1231","1347","1128","784","344","35","1163","1888","0","61.6","41.53"
"64","000","00","012","1231","1348","814","549","265","22","836","1368","0","61.11","40.13"
"64","000","00","012","1232","0000","1970","1353","617","80","2050","3455","0","59.33","39.16"
"64","000","00","012","1232","1465","645","434","211","30","675","1154","0","58.49","37.61"
"64","000","00","012","1232","1466","702","471","231","33","735","1153","0","63.75","40.85"
"64","000","00","012","1232","1467","623","448","175","17","640","1148","0","55.75","39.02"
"64","000","00","012","1233","0000","3153","2186","967","96","3249","5211","0","62.35","41.95"
"64","000","00","012","1233","1397","772","532","240","20","792","1388","0","57.06","38.33"
"64","000","00","012","1233","1398","736","533","203","43","779","1241","0","62.77","42.95"
"64","000","00","012","1233","1399","862","586","276","22","884","1394","0","63.41","42.04"
"64","000","00","012","1233","1400","783","535","248","11","794","1188","0","66.84","45.03"
"64","000","00","012","1234","0000","2214","1564","650","92","2306","3815","0","60.45","41.0"
"64","000","00","012","1234","1371","694","512","182","38","732","1205","0","60.75","42.49"
"64","000","00","012","1234","1372","716","511","205","19","735","1284","0","57.24","39.8"
"64","000","00","012","1234","1373","804","541","263","35","839","1326","0","63.27","40.8"
"64","000","00","012","1235","0000","3459","2475","984","98","3557","5984","0","59.44","41.36"
"64","000","00","012","1235","1359","1217","864","353","34","1251","2173","0","57.57","39.76"
"64","000","00","012","1235","1360","1285","930","355","38","1323","2255","0","58.67","41.24"
"64","000","00","012","1235","1361","957","681","276","26","983","1556","0","63.17","43.77"
"64","000","00","012","1236","0000","2255","1565","690","83","2338","3999","0","58.46","39.13"
"64","000","00","012","1236","1404","680","492","188","26","706","1216","0","58.06","40.46"
"64","000","00","012","1236","1405","730","500","230","27","757","1318","0","57.44","37.94"
"64","000","00","012","1236","1406","845","573","272","30","875","1465","0","59.73","39.11"
"64","000","00","012","1237","0000","2066","1441","625","93","2159","3295","0","65.52","43.73"
"64","000","00","012","1237","1374","666","465","201","20","686","1096","0","62.59","42.43"
"64","000","00","012","1237","1375","734","503","231","35","769","1182","0","65.06","42.55"
"64","000","00","012","1237","1376","666","473","193","38","704","1017","0","69.22","46.51"
"64","000","00","012","1238","0000","1400","941","459","59","1459","2479","0","58.85","37.96"
"64","000","00","012","1238","1377","690","465","225","35","725","1198","0","60.52","38.81"
"64","000","00","012","1238","1378","710","476","234","24","734","1281","0","57.3","37.16"
"64","000","00","012","1239","0000","5000","3506","1494","149","5149","8716","0","59.08","40.22"
"64","000","00","012","1239","1291","1045","727","318","32","1077","1751","0","61.51","41.52"
"64","000","00","012","1239","1292","1057","721","336","28","1085","1758","0","61.72","41.01"
"64","000","00","012","1239","1293","999","705","294","45","1044","1749","0","59.69","40.31"
"64","000","00","012","1239","1294","926","680","246","13","939","1746","0","53.78","38.95"
"64","000","00","012","1239","1295","973","673","300","31","1004","1712","0","58.64","39.31"
"64","000","00","012","1240","0000","7455","5283","2172","179","7634","12977","0","58.83","40.71"
"64","000","00","012","1240","1421","908","647","261","23","931","1688","0","55.15","38.33"
"64","000","00","012","1240","1422","945","696","249","36","981","1657","0","59.2","42.0"
"64","000","00","012","1240","1423","892","616","276","35","927","1729","0","53.61","35.63"
"64","000","00","012","1240","1424","978","669","309","14","992","1628","0","60.93","41.09"
"64","000","00","012","1240","1425","971","686","285","12","983","1891","0","51.98","36.28"
"64","000","00","012","1240","1426","974","709","265","23","997","1594","0","62.55","44.48"
"64","000","00","012","1240","1427","863","617","246","10","873","1342","0","65.05","45.98"
"64","000","00","012","1240","1428","924","643","281","26","950","1448","0","65.61","44.41"
"64","000","00","012","1241","0000","1164","798","366","54","1218","1926","0","63.24","41.43"
"64","000","00","012","1241","1258","499","365","134","36","535","851","0","62.87","42.89"
"64","000","00","012","1241","1259","665","433","232","18","683","1075","0","63.53","40.28"
"64","000","00","012","1242","0000","2000","1384","616","88","2088","3418","0","61.09","40.49"
"64","000","00","012","1242","1318","682","471","211","25","707","1124","0","62.9","41.9"
"64","000","00","012","1242","1319","661","449","212","38","699","1112","0","62.86","40.38"
"64","000","00","012","1242","1320","657","464","193","25","682","1182","0","57.7","39.26"
"64","000","00","012","1243","0000","1919","1342","577","101","2020","2966","0","68.11","45.25"
"64","000","00","012","1243","1471","703","472","231","14","717","1026","0","69.88","46.0"
"64","000","00","012","1243","1472","635","451","184","49","684","993","0","68.88","45.42"
"64","000","00","012","1243","1473","581","419","162","38","619","947","0","65.36","44.24"
"64","000","00","012","1244","0000","3361","2325","1036","119","3480","5672","0","61.35","40.99"
"64","000","00","012","1244","1329","637","415","222","18","655","1241","0","52.78","33.44"
"64","000","00","012","1244","1330","630","423","207","26","656","1000","0","65.6","42.3"
"64","000","00","012","1244","1331","670","470","200","16","686","1092","0","62.82","43.04"
"64","000","00","012","1244","1332","803","566","237","31","834","1308","0","63.76","43.27"
"64","000","00","012","1244","1333","621","451","170","28","649","1031","0","62.95","43.74"
"64","000","00","012","1245","0000","1072","762","310","54","1126","2045","0","55.06","37.26"
"64","000","00","012","1245","1339","1072","762","310","54","1126","2045","0","55.06","37.26"
"64","000","00","012","1246","0000","2947","2038","909","90","3037","4742","0","64.04","42.98"
"64","000","00","012","1246","1310","736","549","187","14","750","1107","0","67.75","49.59"
"64","000","00","012","1246","1311","724","507","217","22","746","1188","0","62.79","42.68"
"64","000","00","012","1246","1312","729","475","254","26","755","1183","0","63.82","40.15"
"64","000","00","012","1246","1313","758","507","251","28","786","1264","0","62.18","40.11"
"64","000","00","012","1247","0000","2070","1361","709","74","2144","3351","0","63.98","40.61"
"64","000","00","012","1247","1322","629","403","226","26","655","1040","0","62.98","38.75"
"64","000","00","012","1247","1323","708","466","242","16","724","1094","0","66.18","42.6"
"64","000","00","012","1247","1324","733","492","241","32","765","1217","0","62.86","40.43"
"64","000","00","012","1248","0000","3513","2396","1117","111","3624","6178","0","58.66","38.78"
"64","000","00","012","1248","1286","682","477","205","16","698","1247","0","55.97","38.25"
"64","000","00","012","1248","1287","830","580","250","32","862","1538","0","56.05","37.71"
"64","000","00","012","1248","1288","639","436","203","20","659","1097","0","60.07","39.74"
"64","000","00","012","1248","1289","655","442","213","18","673","1221","0","55.12","36.2"
"64","000","00","012","1248","1290","707","461","246","25","732","1075","0","68.09","42.88"
"64","000","00","012","1249","0000","2515","1706","809","122","2637","4308","0","61.21","39.6"
"64","000","00","012","1249","1481","774","535","239","30","804","1309","0","61.42","40.87"
"64","000","00","012","1249","1482","932","605","327","47","979","1627","0","60.17","37.19"
"64","000","00","012","1249","1483","809","566","243","45","854","1372","0","62.24","41.25"
"64","000","00","012","1250","0000","1477","1093","384","35","1512","2520","0","60.0","43.37"
"64","000","00","012","1250","1353","734","546","188","17","751","1224","0","61.36","44.61"
"64","000","00","012","1250","1354","743","547","196","18","761","1296","0","58.72","42.21"
"64","000","00","012","1251","0000","682","469","213","26","708","1007","0","70.31","46.57"
"64","000","00","012","1251","1315","682","469","213","26","708","1007","0","70.31","46.57"
"64","000","00","012","1253","0000","2405","1675","730","102","2507","4102","0","61.12","40.83"
"64","000","00","012","1253","1264","626","412","214","21","647","1055","0","61.33","39.05"
"64","000","00","012","1253","1265","623","454","169","32","655","1109","0","59.06","40.94"
"64","000","00","012","1253","1266","499","355","144","18","517","756","0","68.39","46.96"
"64","000","00","012","1253","1267","657","454","203","31","688","1182","0","58.21","38.41"
"64","000","00","012","1254","0000","1039","728","311","41","1080","2551","0","42.34","28.54"
"64","000","00","012","1254","1449","364","251","113","11","375","1301","0","28.82","19.29"
"64","000","00","012","1254","1450","675","477","198","30","705","1250","0","56.4","38.16"
"64","000","00","012","1255","0000","4700","3321","1379","186","4886","7753","0","63.02","42.84"
"64","000","00","012","1255","1459","807","571","236","15","822","1291","0","63.67","44.23"
"64","000","00","012","1255","1460","568","399","169","39","607","938","0","64.71","42.54"
"64","000","00","012","1255","1461","1048","739","309","29","1077","1783","0","60.4","41.45"
"64","000","00","012","1255","1462","685","474","211","24","709","1105","0","64.16","42.9"
"64","000","00","012","1255","1463","788","561","227","48","836","1392","0","60.06","40.3"
"64","000","00","012","1255","1464","804","577","227","31","835","1244","0","67.12","46.38"
"64","000","00","012","1256","0000","4757","3436","1321","130","4887","8179","0","59.75","42.01"
"64","000","00","012","1256","1280","869","642","227","34","903","1559","0","57.92","41.18"
"64","000","00","012","1256","1281","772","521","251","27","799","1233","0","64.8","42.25"
"64","000","00","012","1256","1282","770","516","254","27","797","1277","0","62.41","40.41"
"64","000","00","012","1256","1283","882","636","246","13","895","1481","0","60.43","42.94"
"64","000","00","012","1256","1284","748","509","239","14","762","1154","0","66.03","44.11"
"64","000","00","012","1256","1285","716","612","104","15","731","1475","0","49.56","41.49"
"64","000","00","012","1257","0000","2232","1559","673","101","2333","4340","0","53.76","35.92"
"64","000","00","012","1257","1468","772","560","212","55","827","1432","0","57.75","39.11"
"64","000","00","012","1257","1469","636","415","221","20","656","1429","0","45.91","29.04"
"64","000","00","012","1257","1470","824","584","240","26","850","1479","0","57.47","39.49"
"64","000","00","012","1258","0000","1456","1009","447","50","1506","2689","0","56.01","37.52"
"64","000","00","012","1258","1273","743","502","241","21","764","1455","0","52.51","34.5"
"64","000","00","012","1258","1274","713","507","206","29","742","1234","0","60.13","41.09"
"64","000","00","012","1259","0000","2363","1565","798","87","2450","4003","0","61.2","39.1"
"64","000","00","012","1259","1296","744","499","245","22","766","1247","0","61.43","40.02"
"64","000","00","012","1259","1297","828","558","270","42","870","1409","0","61.75","39.6"
"64","000","00","012","1259","1298","791","508","283","23","814","1347","0","60.43","37.71"
"64","000","00","012","1260","0000","5417","3695","1722","127","5544","9265","0","59.84","39.88"
"64","000","00","012","1260","1299","1015","699","316","19","1034","1771","0","58.39","39.47"
"64","000","00","012","1260","1300","902","589","313","10","912","1537","0","59.34","38.32"
"64","000","00","012","1260","1301","962","667","295","23","985","1605","0","61.37","41.56"
"64","000","00","012","1260","1302","816","588","228","24","840","1375","0","61.09","42.76"
"64","000","00","012","1260","1303","848","582","266","34","882","1393","0","63.32","41.78"
"64","000","00","012","1260","1304","874","570","304","17","891","1584","0","56.25","35.98"
"64","000","00","012","1261","0000","1258","916","342","56","1314","2055","0","63.94","44.57"
"64","000","00","012","1261","1355","528","366","162","30","558","826","0","67.55","44.31"
"64","000","00","012","1261","1356","730","550","180","26","756","1229","0","61.51","44.75"
"64","000","00","012","1262","0000","1592","1112","480","57","1649","2685","0","61.42","41.42"
"64","000","00","012","1262","1357","871","602","269","27","898","1467","0","61.21","41.04"
"64","000","00","012","1262","1358","721","510","211","30","751","1218","0","61.66","41.87"
"64","000","00","012","1263","0000","1664","1102","562","49","1713","2584","0","66.29","42.65"
"64","000","00","012","1263","1379","858","566","292","27","885","1358","0","65.17","41.68"
"64","000","00","012","1263","1380","806","536","270","22","828","1226","0","67.54","43.72"
"64","000","00","012","1264","0000","1423","975","448","51","1474","2298","0","64.14","42.43"
"64","000","00","012","1264","1381","696","482","214","24","720","1098","0","65.57","43.9"
"64","000","00","012","1264","1382","727","493","234","27","754","1200","0","62.83","41.08"
"64","000","00","012","1265","0000","2353","1594","759","43","2396","3785","0","63.3","42.11"
"64","000","00","012","1265","1401","717","511","206","17","734","1112","0","66.01","45.95"
"64","000","00","012","1265","1402","789","532","257","11","800","1198","0","66.78","44.41"
"64","000","00","012","1265","1403","847","551","296","15","862","1475","0","58.44","37.36"
"64","000","00","012","1266","0000","1278","976","302","40","1318","2286","0","57.66","42.69"
"64","000","00","012","1266","1389","651","530","121","23","674","1180","0","57.12","44.92"
"64","000","00","012","1266","1390","627","446","181","17","644","1106","0","58.23","40.33"
"64","000","00","012","1267","0000","2687","1768","919","62","2749","4313","0","63.74","40.99"
"64","000","00","012","1267","1394","828","561","267","19","847","1361","0","62.23","41.22"
"64","000","00","012","1267","1395","873","569","304","18","891","1416","0","62.92","40.18"
"64","000","00","012","1267","1396","986","638","348","25","1011","1536","0","65.82","41.54"
"64","000","00","012","1268","0000","2472","1702","770","93","2565","4061","0","63.16","41.91"
"64","000","00","012","1268","1391","888","604","284","41","929","1442","0","64.42","41.89"
"64","000","00","012","1268","1392","827","565","262","33","860","1376","0","62.5","41.06"
"64","000","00","012","1268","1393","757","533","224","19","776","1243","0","62.43","42.88"
"64","000","00","012","1269","0000","1420","961","459","48","1468","2515","0","58.37","38.21"
"64","000","00","012","1269","1415","686","456","230","29","715","1190","0","60.08","38.32"
"64","000","00","012","1269","1416","734","505","229","19","753","1325","0","56.83","38.11"
"64","000","00","012","1270","0000","2640","1761","879","110","2750","4481","0","61.37","39.3"
"64","000","00","012","1270","1417","627","455","172","39","666","1049","0","63.49","43.37"
"64","000","00","012","1270","1418","645","468","177","14","659","1026","0","64.23","45.61"
"64","000","00","012","1270","1419","693","471","222","37","730","1152","0","63.37","40.89"
"64","000","00","012","1270","1420","675","367","308","20","695","1254","0","55.42","29.27"
"64","000","00","012","1271","0000","2532","1799","733","91","2623","4456","0","58.86","40.37"
"64","000","00","012","1271","1412","769","543","226","24","793","1417","0","55.96","38.32"
"64","000","00","012","1271","1413","862","618","244","37","899","1525","0","58.95","40.52"
"64","000","00","012","1271","1414","901","638","263","30","931","1514","0","61.49","42.14"
"64","000","00","012","1272","0000","2611","1869","742","109","2720","4447","0","61.16","42.03"
"64","000","00","012","1272","1440","747","527","220","30","777","1369","0","56.76","38.5"
"64","000","00","012","1272","1441","895","633","262","40","935","1542","0","60.64","41.05"
"64","000","00","012","1272","1442","969","709","260","39","1008","1536","0","65.63","46.16"
"64","000","00","012","1273","0000","1616","1097","519","69","1685","2834","0","59.46","38.71"
"64","000","00","012","1273","1443","773","517","256","18","791","1382","0","57.24","37.41"
"64","000","00","012","1273","1444","843","580","263","51","894","1452","0","61.57","39.94"
"64","000","00","012","1274","0000","1493","1022","471","51","1544","2432","0","63.49","42.02"
"64","000","00","012","1274","1455","708","477","231","32","740","1125","0","65.78","42.4"
"64","000","00","012","1274","1456","785","545","240","19","804","1307","0","61.51","41.7"
"64","000","00","012","1275","0000","3051","2058","993","142","3193","5431","0","58.79","37.89"
"64","000","00","012","1275","1451","688","472","216","31","719","1208","0","59.52","39.07"
"64","000","00","012","1275","1452","694","499","195","49","743","1202","0","61.81","41.51"
"64","000","00","012","1275","1453","826","538","288","44","870","1499","0","58.04","35.89"
"64","000","00","012","1275","1454","843","549","294","18","861","1522","0","56.57","36.07"
"64","000","00","012","1276","0000","1575","1087","488","71","1646","2657","0","61.95","40.91"
"64","000","00","012","1276","1457","838","570","268","36","874","1405","0","62.21","40.57"
"64","000","00","012","1276","1458","737","517","220","35","772","1252","0","61.66","41.29"
"64","000","00","012","1277","0000","1508","1035","473","50","1558","2706","0","57.58","38.25"
"64","000","00","012","1277","1479","748","506","242","35","783","1353","0","57.87","37.4"
"64","000","00","012","1277","1480","760","529","231","15","775","1353","0","57.28","39.1"
"64","000","00","012","1278","0000","3470","2482","988","138","3608","6056","0","59.58","40.98"
"64","000","00","012","1278","1434","1204","860","344","52","1256","2032","0","61.81","42.32"
"64","000","00","012","1278","1435","1111","812","299","45","1156","1927","0","59.99","42.14"
"64","000","00","012","1278","1436","1155","810","345","41","1196","2097","0","57.03","38.63"
"64","000","00","013","0000","0000","31412","21650","9762","1728","33140","59129","69829","56.05","36.61"
"64","000","00","013","1301","0000","1534","1052","482","96","1630","2824","0","57.72","37.25"
"64","000","00","013","1301","1773","729","508","221","46","775","1262","0","61.41","40.25"
"64","000","00","013","1301","1774","805","544","261","50","855","1562","0","54.74","34.83"
"64","000","00","013","1302","0000","1762","1291","471","100","1862","3252","0","57.26","39.7"
"64","000","00","013","1302","1775","618","430","188","24","642","1078","0","59.55","39.89"
"64","000","00","013","1302","1776","587","394","193","42","629","979","0","64.25","40.25"
"64","000","00","013","1302","1777","557","467","90","34","591","1195","0","49.46","39.08"
"64","000","00","013","1303","0000","2079","1543","536","116","2195","3929","0","55.87","39.27"
"64","000","00","013","1303","1778","715","506","209","43","758","1380","0","54.93","36.67"
"64","000","00","013","1303","1779","685","570","115","47","732","1280","0","57.19","44.53"
"64","000","00","013","1303","1780","679","467","212","26","705","1269","0","55.56","36.8"
"64","000","00","013","1304","0000","1382","906","476","63","1445","2794","0","51.72","32.43"
"64","000","00","013","1304","1781","688","456","232","20","708","1568","0","45.15","29.08"
"64","000","00","013","1304","1782","694","450","244","43","737","1226","0","60.11","36.7"
"64","000","00","013","1305","0000","1607","1146","461","80","1687","2939","0","57.4","38.99"
"64","000","00","013","1305","1783","789","560","229","35","824","1480","0","55.68","37.84"
"64","000","00","013","1305","1784","818","586","232","45","863","1459","0","59.15","40.16"
"64","000","00","013","1306","0000","1337","926","411","115","1452","2488","0","58.36","37.22"
"64","000","00","013","1306","1785","867","606","261","37","904","1593","0","56.75","38.04"
"64","000","00","013","1306","1786","470","320","150","78","548","895","0","61.23","35.75"
"64","000","00","013","1307","0000","2416","1575","841","148","2564","4455","0","57.55","35.35"
"64","000","00","013","1307","1787","558","400","158","20","578","1110","0","52.07","36.04"
"64","000","00","013","1307","1788","687","461","226","45","732","1348","0","54.3","34.2"
"64","000","00","013","1307","1789","507","348","159","43","550","912","0","60.31","38.16"
"64","000","00","013","1307","1790","664","366","298","40","704","1085","0","64.88","33.73"
"64","000","00","013","1308","0000","1050","761","289","64","1114","1834","0","60.74","41.49"
"64","000","00","013","1308","1791","535","382","153","25","560","955","0","58.64","40.0"
"64","000","00","013","1308","1792","515","379","136","39","554","879","0","63.03","43.12"
"64","000","00","013","1309","0000","1874","1293","581","131","2005","3449","0","58.13","37.49"
"64","000","00","013","1309","1793","585","395","190","65","650","1103","0","58.93","35.81"
"64","000","00","013","1309","1794","638","452","186","48","686","1054","0","65.09","42.88"
"64","000","00","013","1309","1795","651","446","205","18","669","1292","0","51.78","34.52"
"64","000","00","013","1310","0000","821","557","264","17","838","1683","0","49.79","33.1"
"64","000","00","013","1310","1796","821","557","264","17","838","1683","0","49.79","33.1"
"64","000","00","013","1311","0000","871","630","241","79","950","1619","0","58.68","38.91"
"64","000","00","013","1311","1797","330","246","84","24","354","607","0","58.32","40.53"
"64","000","00","013","1311","1798","541","384","157","55","596","1012","0","58.89","37.94"
"64","000","00","013","1312","0000","1017","716","301","51","1068","1960","0","54.49","36.53"
"64","000","00","013","1312","1799","588","402","186","31","619","1046","0","59.18","38.43"
"64","000","00","013","1312","1800","429","314","115","20","449","914","0","49.12","34.35"
"64","000","00","013","1313","0000","1825","1114","711","96","1921","3874","0","49.59","28.76"
"64","000","00","013","1313","1801","805","542","263","32","837","1405","0","59.57","38.58"
"64","000","00","013","1313","1802","761","503","258","37","798","1299","0","61.43","38.72"
"64","000","00","013","1313","1803","259","69","190","27","286","1170","0","24.44","5.9"
"64","000","00","013","1314","0000","617","398","219","21","638","1299","0","49.11","30.64"
"64","000","00","013","1314","1804","617","398","219","21","638","1299","0","49.11","30.64"
"64","000","00","013","1315","0000","1027","723","304","45","1072","1880","0","57.02","38.46"
"64","000","00","013","1315","1805","576","395","181","23","599","1031","0","58.1","38.31"
"64","000","00","013","1315","1806","451","328","123","22","473","849","0","55.71","38.63"
"64","000","00","013","1316","0000","992","680","312","66","1058","1776","0","59.57","38.29"
"64","000","00","013","1316","1807","443","304","139","50","493","838","0","58.83","36.28"
"64","000","00","013","1316","1808","549","376","173","16","565","938","0","60.23","40.09"
"64","000","00","013","1317","0000","1013","719","294","50","1063","1837","0","57.87","39.14"
"64","000","00","013","1317","1809","560","411","149","19","579","1051","0","55.09","39.11"
"64","000","00","013","1317","1810","453","308","145","31","484","786","0","61.58","39.19"
"64","000","00","013","1318","0000","515","371","144","48","563","894","0","62.98","41.5"
"64","000","00","013","1318","1811","515","371","144","48","563","894","0","62.98","41.5"
"64","000","00","013","1319","0000","328","229","99","14","342","749","0","45.66","30.57"
"64","000","00","013","1319","1812","328","229","99","14","342","749","0","45.66","30.57"
"64","000","00","013","1320","0000","1735","1206","529","80","1815","2963","0","61.26","40.7"
"64","000","00","013","1320","1813","874","606","268","25","899","1485","0","60.54","40.81"
"64","000","00","013","1320","1814","861","600","261","55","916","1478","0","61.98","40.6"
"64","000","00","013","1321","0000","1364","885","479","69","1433","2383","0","60.13","37.14"
"64","000","00","013","1321","1815","816","521","295","38","854","1345","0","63.49","38.74"
"64","000","00","013","1321","1816","548","364","184","31","579","1038","0","55.78","35.07"
"64","000","00","013","1322","0000","1836","1194","642","57","1893","3366","0","56.24","35.47"
"64","000","00","013","1322","1817","679","461","218","22","701","1203","0","58.27","38.32"
"64","000","00","013","1322","1818","644","348","296","18","662","1138","0","58.17","30.58"
"64","000","00","013","1322","1819","513","385","128","17","530","1025","0","51.71","37.56"
"64","000","00","013","1323","0000","1303","911","392","78","1381","2559","0","53.97","35.6"
"64","000","00","013","1323","1820","726","507","219","62","788","1341","0","58.76","37.81"
"64","000","00","013","1323","1821","577","404","173","16","593","1218","0","48.69","33.17"
"64","000","00","013","1324","0000","1107","824","283","44","1151","2323","0","49.55","35.47"
"64","000","00","013","1324","1822","545","405","140","12","557","1147","0","48.56","35.31"
"64","000","00","013","1324","1823","562","419","143","32","594","1176","0","50.51","35.63"
"64","000","00","014","0000","0000","53969","38167","15802","2822","56791","97309","112334","58.36","39.22"
"64","000","00","014","1401","0000","733","491","242","31","764","1445","0","52.87","33.98"
"64","000","00","014","1401","1692","374","253","121","18","392","727","0","53.92","34.8"
"64","000","00","014","1401","1693","359","238","121","13","372","718","0","51.81","33.15"
"64","000","00","014","1402","0000","2687","1999","688","274","2961","5733","0","51.65","34.87"
"64","000","00","014","1402","1694","693","494","199","38","731","1340","0","54.55","36.87"
"64","000","00","014","1402","1695","724","498","226","32","756","1575","0","48.0","31.62"
"64","000","00","014","1402","1696","249","174","75","16","265","444","0","59.68","39.19"
"64","000","00","014","1402","1697","1021","833","188","188","1209","2374","0","50.93","35.09"
"64","000","00","014","1403","0000","3527","2465","1062","249","3776","6681","0","56.52","36.9"
"64","000","00","014","1403","1698","689","478","211","54","743","1291","0","57.55","37.03"
"64","000","00","014","1403","1699","755","534","221","66","821","1400","0","58.64","38.14"
"64","000","00","014","1403","1700","763","533","230","27","790","1390","0","56.83","38.35"
"64","000","00","014","1403","1701","720","495","225","65","785","1401","0","56.03","35.33"
"64","000","00","014","1403","1702","600","425","175","37","637","1199","0","53.13","35.45"
"64","000","00","014","1404","0000","1248","841","407","61","1309","2405","0","54.43","34.97"
"64","000","00","014","1404","1703","611","402","209","23","634","1210","0","52.4","33.22"
"64","000","00","014","1404","1704","637","439","198","38","675","1195","0","56.49","36.74"
"64","000","00","014","1405","0000","2533","1735","798","121","2654","4595","0","57.76","37.76"
"64","000","00","014","1405","1705","668","450","218","23","691","1166","0","59.26","38.59"
"64","000","00","014","1405","1706","760","536","224","27","787","1353","0","58.17","39.62"
"64","000","00","014","1405","1707","599","402","197","50","649","1052","0","61.69","38.21"
"64","000","00","014","1405","1708","506","347","159","21","527","1024","0","51.46","33.89"
"64","000","00","014","1406","0000","2394","1712","682","124","2518","4334","0","58.1","39.5"
"64","000","00","014","1406","1709","699","516","183","20","719","1189","0","60.47","43.4"
"64","000","00","014","1406","1710","865","613","252","51","916","1512","0","60.58","40.54"
"64","000","00","014","1406","1711","830","583","247","53","883","1633","0","54.07","35.7"
"64","000","00","014","1407","0000","2368","1695","673","110","2478","3795","0","65.3","44.66"
"64","000","00","014","1407","1712","737","532","205","39","776","1214","0","63.92","43.82"
"64","000","00","014","1407","1713","794","561","233","48","842","1258","0","66.93","44.59"
"64","000","00","014","1407","1714","837","602","235","23","860","1323","0","65.0","45.5"
"64","000","00","014","1408","0000","1369","987","382","74","1443","2288","0","63.07","43.14"
"64","000","00","014","1408","1715","755","550","205","27","782","1253","0","62.41","43.89"
"64","000","00","014","1408","1716","614","437","177","47","661","1035","0","63.86","42.22"
"64","000","00","014","1409","0000","6070","4316","1754","293","6363","10761","0","59.13","40.11"
"64","000","00","014","1409","1717","628","460","168","25","653","1106","0","59.04","41.59"
"64","000","00","014","1409","1718","665","483","182","24","689","1195","0","57.66","40.42"
"64","000","00","014","1409","1719","654","469","185","20","674","1051","0","64.13","44.62"
"64","000","00","014","1409","1720","795","543","252","65","860","1425","0","60.35","38.11"
"64","000","00","014","1409","1721","875","616","259","43","918","1635","0","56.15","37.68"
"64","000","00","014","1409","1722","774","551","223","40","814","1359","0","59.9","40.54"
"64","000","00","014","1409","1723","768","552","216","47","815","1361","0","59.88","40.56"
"64","000","00","014","1409","1724","911","642","269","29","940","1629","0","57.7","39.41"
"64","000","00","014","1410","0000","4171","3012","1159","155","4326","7606","0","56.88","39.6"
"64","000","00","014","1410","1725","857","648","209","32","889","1518","0","58.56","42.69"
"64","000","00","014","1410","1726","853","626","227","41","894","1620","0","55.19","38.64"
"64","000","00","014","1410","1727","889","636","253","16","905","1648","0","54.92","38.59"
"64","000","00","014","1410","1728","793","562","231","40","833","1385","0","60.14","40.58"
"64","000","00","014","1410","1729","779","540","239","26","805","1435","0","56.1","37.63"
"64","000","00","014","1411","0000","996","721","275","49","1045","1835","0","56.95","39.29"
"64","000","00","014","1411","1730","593","430","163","23","616","1046","0","58.89","41.11"
"64","000","00","014","1411","1731","403","291","112","26","429","789","0","54.37","36.88"
"64","000","00","014","1412","0000","886","578","308","49","935","1642","0","56.94","35.2"
"64","000","00","014","1412","1732","472","310","162","21","493","909","0","54.24","34.1"
"64","000","00","014","1412","1733","414","268","146","28","442","733","0","60.3","36.56"
"64","000","00","014","1413","0000","1337","910","427","72","1409","2475","0","56.93","36.77"
"64","000","00","014","1413","1734","836","564","272","45","881","1553","0","56.73","36.32"
"64","000","00","014","1413","1735","501","346","155","27","528","922","0","57.27","37.53"
"64","000","00","014","1414","0000","1682","1222","460","92","1774","3001","0","59.11","40.72"
"64","000","00","014","1414","1736","555","403","152","41","596","1012","0","58.89","39.82"
"64","000","00","014","1414","1737","518","365","153","32","550","968","0","56.82","37.71"
"64","000","00","014","1414","1738","609","454","155","19","628","1021","0","61.51","44.47"
"64","000","00","014","1415","0000","715","520","195","57","772","1554","0","49.68","33.46"
"64","000","00","014","1415","1739","715","520","195","57","772","1554","0","49.68","33.46"
"64","000","00","014","1416","0000","3220","2200","1020","155","3375","6101","0","55.32","36.06"
"64","000","00","014","1416","1740","658","458","200","41","699","1120","0","62.41","40.89"
"64","000","00","014","1416","1741","730","505","225","31","761","1225","0","62.12","41.22"
"64","000","00","014","1416","1742","496","353","143","19","515","1320","0","39.02","26.74"
"64","000","00","014","1416","1743","723","480","243","43","766","1317","0","58.16","36.45"
"64","000","00","014","1416","1744","613","404","209","21","634","1119","0","56.66","36.1"
"64","000","00","014","1417","0000","4407","3085","1322","187","4594","7467","0","61.52","41.32"
"64","000","00","014","1417","1745","699","480","219","31","730","1190","0","61.34","40.34"
"64","000","00","014","1417","1746","732","511","221","27","759","1229","0","61.76","41.58"
"64","000","00","014","1417","1747","729","523","206","28","757","1178","0","64.26","44.4"
"64","000","00","014","1417","1748","768","515","253","30","798","1272","0","62.74","40.49"
"64","000","00","014","1417","1749","782","542","240","27","809","1413","0","57.25","38.36"
"64","000","00","014","1417","1750","697","514","183","44","741","1185","0","62.53","43.38"
"64","000","00","014","1418","0000","324","247","77","6","330","553","0","59.67","44.67"
"64","000","00","014","1418","1751","324","247","77","6","330","553","0","59.67","44.67"
"64","000","00","014","1419","0000","3909","2677","1232","183","4092","6837","0","59.85","39.15"
"64","000","00","014","1419","1752","580","397","183","51","631","1121","0","56.29","35.41"
"64","000","00","014","1419","1753","695","460","235","35","730","1227","0","59.49","37.49"
"64","000","00","014","1419","1754","684","467","217","37","721","1058","0","68.15","44.14"
"64","000","00","014","1419","1755","677","459","218","19","696","1209","0","57.57","37.97"
"64","000","00","014","1419","1756","662","475","187","21","683","1100","0","62.09","43.18"
"64","000","00","014","1419","1757","611","419","192","20","631","1122","0","56.24","37.34"
"64","000","00","014","1420","0000","1234","898","336","56","1290","2175","0","59.31","41.29"
"64","000","00","014","1420","1758","603","422","181","43","646","983","0","65.72","42.93"
"64","000","00","014","1420","1759","631","476","155","13","644","1192","0","54.03","39.93"
"64","000","00","014","1421","0000","936","655","281","51","987","1548","0","63.76","42.31"
"64","000","00","014","1421","1760","440","320","120","22","462","719","0","64.26","44.51"
"64","000","00","014","1421","1761","496","335","161","29","525","829","0","63.33","40.41"
"64","000","00","014","1422","0000","1154","834","320","65","1219","1846","0","66.03","45.18"
"64","000","00","014","1422","1762","501","383","118","32","533","771","0","69.13","49.68"
"64","000","00","014","1422","1763","653","451","202","33","686","1075","0","63.81","41.95"
"64","000","00","014","1423","0000","2056","1466","590","144","2200","3669","0","59.96","39.96"
"64","000","00","014","1423","1764","731","532","199","68","799","1280","0","62.42","41.56"
"64","000","00","014","1423","1765","652","460","192","49","701","1179","0","59.46","39.02"
"64","000","00","014","1423","1766","673","474","199","27","700","1210","0","57.85","39.17"
"64","000","00","014","1424","0000","115","91","24","5","120","189","0","63.49","48.15"
"64","000","00","014","1424","1767","115","91","24","5","120","189","0","63.49","48.15"
"64","000","00","014","1425","0000","3898","2810","1088","159","4057","6774","0","59.89","41.48"
"64","000","00","014","1425","1768","714","517","197","42","756","1228","0","61.56","42.1"
"64","000","00","014","1425","1769","663","498","165","26","689","1170","0","58.89","42.56"
"64","000","00","014","1425","1770","851","623","228","31","882","1416","0","62.29","44.0"
"64","000","00","014","1425","1771","884","619","265","23","907","1482","0","61.2","41.77"
"64","000","00","014","1425","1772","786","553","233","37","823","1478","0","55.68","37.42"
"64","000","00","015","0000","0000","19587","13883","5704","1216","20803","36772","42431","56.57","37.75"
"64","000","00","015","1501","0000","1600","1128","472","60","1660","2701","0","61.46","41.76"
"64","000","00","015","1501","0736","767","515","252","29","796","1386","0","57.43","37.16"
"64","000","00","015","1501","0737","833","613","220","31","864","1315","0","65.7","46.62"
"64","000","00","015","1502","0000","2674","1901","773","124","2798","5000","0","55.96","38.02"
"64","000","00","015","1502","0738","1301","930","371","50","1351","2461","0","54.9","37.79"
"64","000","00","015","1502","0739","706","503","203","33","739","1274","0","58.01","39.48"
"64","000","00","015","1502","0740","667","468","199","41","708","1265","0","55.97","37.0"
"64","000","00","015","1503","0000","2198","1503","695","111","2309","4126","0","55.96","36.43"
"64","000","00","015","1503","0741","800","570","230","51","851","1504","0","56.58","37.9"
"64","000","00","015","1503","0742","561","371","190","17","578","1049","0","55.1","35.37"
"64","000","00","015","1503","0743","837","562","275","43","880","1573","0","55.94","35.73"
"64","000","00","015","1504","0000","1265","924","341","58","1323","2328","0","56.83","39.69"
"64","000","00","015","1504","0744","552","389","163","25","577","1121","0","51.47","34.7"
"64","000","00","015","1504","0745","713","535","178","33","746","1207","0","61.81","44.32"
"64","000","00","015","1505","0000","1240","908","332","58","1298","2258","0","57.48","40.21"
"64","000","00","015","1505","0746","573","445","128","22","595","1134","0","52.47","39.24"
"64","000","00","015","1505","0747","667","463","204","36","703","1124","0","62.54","41.19"
"64","000","00","015","1506","0000","1904","1263","641","170","2074","3492","0","59.39","36.17"
"64","000","00","015","1506","0748","653","450","203","73","726","1259","0","57.66","35.74"
"64","000","00","015","1506","0749","643","410","233","53","696","1105","0","62.99","37.1"
"64","000","00","015","1506","0750","608","403","205","44","652","1128","0","57.8","35.73"
"64","000","00","015","1507","0000","525","357","168","78","603","1079","0","55.89","33.09"
"64","000","00","015","1507","0751","525","357","168","78","603","1079","0","55.89","33.09"
"64","000","00","015","1508","0000","499","357","142","43","542","1025","0","52.88","34.83"
"64","000","00","015","1508","0752","499","357","142","43","542","1025","0","52.88","34.83"
"64","000","00","015","1509","0000","484","323","161","47","531","950","0","55.89","34.0"
"64","000","00","015","1509","0753","484","323","161","47","531","950","0","55.89","34.0"
"64","000","00","015","1510","0000","731","495","236","83","814","1433","0","56.8","34.54"
"64","000","00","015","1510","0754","731","495","236","83","814","1433","0","56.8","34.54"
"64","000","00","015","1511","0000","771","531","240","26","797","1575","0","50.6","33.71"
"64","000","00","015","1511","0755","413","284","129","17","430","794","0","54.16","35.77"
"64","000","00","015","1511","0756","358","247","111","9","367","781","0","46.99","31.63"
"64","000","00","015","1512","0000","638","449","189","23","661","1318","0","50.15","34.07"
"64","000","00","015","1512","0757","638","449","189","23","661","1318","0","50.15","34.07"
"64","000","00","015","1513","0000","884","587","297","52","936","1783","0","52.5","32.92"
"64","000","00","015","1513","0758","376","259","117","41","417","736","0","56.66","35.19"
"64","000","00","015","1513","0759","508","328","180","11","519","1047","0","49.57","31.33"
"64","000","00","015","1514","0000","1197","943","254","74","1271","2457","0","51.73","38.38"
"64","000","00","015","1514","0760","697","533","164","53","750","1271","0","59.01","41.94"
"64","000","00","015","1514","0761","500","410","90","21","521","1186","0","43.93","34.57"
"64","000","00","015","1515","0000","540","391","149","46","586","1007","0","58.19","38.83"
"64","000","00","015","1515","0762","540","391","149","46","586","1007","0","58.19","38.83"
"64","000","00","015","1516","0000","851","598","253","51","902","1594","0","56.59","37.52"
"64","000","00","015","1516","0763","483","336","147","37","520","859","0","60.54","39.12"
"64","000","00","015","1516","0764","368","262","106","14","382","735","0","51.97","35.65"
"64","000","00","015","1517","0000","1210","930","280","91","1301","1926","0","67.55","48.29"
"64","000","00","015","1517","0765","591","413","178","58","649","1046","0","62.05","39.48"
"64","000","00","015","1517","0766","619","517","102","33","652","880","0","74.09","58.75"
"64","000","00","015","1518","0000","376","295","81","21","397","720","0","55.14","40.97"
"64","000","00","015","1518","0767","376","295","81","21","397","720","0","55.14","40.97"
"64","000","00","016","0000","0000","16716","11060","5656","789","17505","30046","34591","58.26","36.81"
"64","000","00","016","1601","0000","489","346","143","54","543","950","0","57.16","36.42"
"64","000","00","016","1601","0637","489","346","143","54","543","950","0","57.16","36.42"
"64","000","00","016","1602","0000","1539","1057","482","41","1580","3162","0","49.97","33.43"
"64","000","00","016","1602","0638","710","491","219","17","727","1306","0","55.67","37.6"
"64","000","00","016","1602","0639","829","566","263","24","853","1856","0","45.96","30.5"
"64","000","00","016","1603","0000","2877","1829","1048","136","3013","4968","0","60.65","36.82"
"64","000","00","016","1603","0640","612","411","201","33","645","986","0","65.42","41.68"
"64","000","00","016","1603","0641","543","359","184","30","573","1116","0","51.34","32.17"
"64","000","00","016","1603","0642","781","501","280","34","815","1253","0","65.04","39.98"
"64","000","00","016","1603","0643","941","558","383","39","980","1613","0","60.76","34.59"
"64","000","00","016","1604","0000","908","597","311","35","943","1679","0","56.16","35.56"
"64","000","00","016","1604","0659","354","236","118","14","368","745","0","49.4","31.68"
"64","000","00","016","1604","0660","554","361","193","21","575","934","0","61.56","38.65"
"64","000","00","016","1605","0000","1550","1076","474","65","1615","2661","0","60.69","40.44"
"64","000","00","016","1605","0646","585","416","169","37","622","1004","0","61.95","41.43"
"64","000","00","016","1605","0647","513","367","146","28","541","879","0","61.55","41.75"
"64","000","00","016","1605","0648","452","293","159","0","452","778","0","58.1","37.66"
"64","000","00","016","1606","0000","3151","2083","1068","120","3271","5391","0","60.68","38.64"
"64","000","00","016","1606","0649","643","428","215","37","680","1110","0","61.26","38.56"
"64","000","00","016","1606","0650","762","486","276","5","767","1432","0","53.56","33.94"
"64","000","00","016","1606","0651","885","605","280","29","914","1466","0","62.35","41.27"
"64","000","00","016","1606","0652","861","564","297","49","910","1383","0","65.8","40.78"
"64","000","00","016","1607","0000","2657","1713","944","145","2802","4950","0","56.61","34.61"
"64","000","00","016","1607","0653","925","618","307","67","992","1645","0","60.3","37.57"
"64","000","00","016","1607","0654","750","467","283","32","782","1555","0","50.29","30.03"
"64","000","00","016","1607","0655","982","628","354","46","1028","1750","0","58.74","35.89"
"64","000","00","016","1608","0000","1788","1186","602","125","1913","3156","0","60.61","37.58"
"64","000","00","016","1608","0656","625","408","217","42","667","1111","0","60.04","36.72"
"64","000","00","016","1608","0657","642","431","211","48","690","1133","0","60.9","38.04"
"64","000","00","016","1608","0658","521","347","174","35","556","912","0","60.96","38.05"
"64","000","00","016","1609","0000","1757","1173","584","68","1825","3129","0","58.33","37.49"
"64","000","00","016","1609","0644","755","498","257","30","785","1455","0","53.95","34.23"
"64","000","00","016","1609","0645","1002","675","327","38","1040","1674","0","62.13","40.32"
"64","000","00","017","0000","0000","42297","29527","12770","1475","43772","73611","87415","59.46","40.11"
"64","000","00","017","1701","0000","2527","1786","741","73","2600","4050","0","64.2","44.1"
"64","000","00","017","1701","0661","1168","844","324","27","1195","1777","0","67.25","47.5"
"64","000","00","017","1701","0662","1359","942","417","46","1405","2273","0","61.81","41.44"
"64","000","00","017","1702","0000","4567","3190","1377","135","4702","7511","0","62.6","42.47"
"64","000","00","017","1702","0663","885","611","274","40","925","1384","0","66.84","44.15"
"64","000","00","017","1702","0664","664","456","208","33","697","1170","0","59.57","38.97"
"64","000","00","017","1702","0665","786","533","253","36","822","1216","0","67.6","43.83"
"64","000","00","017","1702","0666","907","641","266","11","918","1598","0","57.45","40.11"
"64","000","00","017","1702","0667","1325","949","376","15","1340","2143","0","62.53","44.28"
"64","000","00","017","1703","0000","1498","1036","462","76","1574","2638","0","59.67","39.27"
"64","000","00","017","1703","0668","715","496","219","33","748","1300","0","57.54","38.15"
"64","000","00","017","1703","0669","783","540","243","43","826","1338","0","61.73","40.36"
"64","000","00","017","1704","0000","2006","1379","627","91","2097","3823","0","54.85","36.07"
"64","000","00","017","1704","0670","668","447","221","20","688","1217","0","56.53","36.73"
"64","000","00","017","1704","0671","587","424","163","36","623","1202","0","51.83","35.27"
"64","000","00","017","1704","0672","751","508","243","35","786","1404","0","55.98","36.18"
"64","000","00","017","1705","0000","452","315","137","29","481","830","0","57.95","37.95"
"64","000","00","017","1705","0673","452","315","137","29","481","830","0","57.95","37.95"
"64","000","00","017","1706","0000","2615","1819","796","99","2714","5417","0","50.1","33.58"
"64","000","00","017","1706","0674","804","585","219","32","836","1802","0","46.39","32.46"
"64","000","00","017","1706","0675","978","668","310","41","1019","1877","0","54.29","35.59"
"64","000","00","017","1706","0676","833","566","267","26","859","1738","0","49.42","32.57"
"64","000","00","017","1707","0000","5007","3505","1502","172","5179","8679","0","59.67","40.38"
"64","000","00","017","1707","0677","872","591","281","35","907","1549","0","58.55","38.15"
"64","000","00","017","1707","0678","909","629","280","38","947","1579","0","59.97","39.84"
"64","000","00","017","1707","0679","781","573","208","32","813","1406","0","57.82","40.75"
"64","000","00","017","1707","0680","862","612","250","24","886","1461","0","60.64","41.89"
"64","000","00","017","1707","0681","796","545","251","25","821","1311","0","62.62","41.57"
"64","000","00","017","1707","0682","787","555","232","18","805","1373","0","58.63","40.42"
"64","000","00","017","1708","0000","1254","846","408","38","1292","2216","0","58.3","38.18"
"64","000","00","017","1708","0683","579","376","203","20","599","1035","0","57.87","36.33"
"64","000","00","017","1708","0684","675","470","205","18","693","1181","0","58.68","39.8"
"64","000","00","017","1709","0000","9438","6580","2858","289","9727","15899","0","61.18","41.39"
"64","000","00","017","1709","0685","912","605","307","35","947","1670","0","56.71","36.23"
"64","000","00","017","1709","0686","896","626","270","14","910","1576","0","57.74","39.72"
"64","000","00","017","1709","0687","951","667","284","32","983","1576","0","62.37","42.32"
"64","000","00","017","1709","0688","1176","839","337","25","1201","1915","0","62.72","43.81"
"64","000","00","017","1709","0689","985","703","282","25","1010","1758","0","57.45","39.99"
"64","000","00","017","1709","0690","1154","833","321","42","1196","1892","0","63.21","44.03"
"64","000","00","017","1709","0691","1177","808","369","51","1228","2025","0","60.64","39.9"
"64","000","00","017","1709","0692","1225","837","388","32","1257","2014","0","62.41","41.56"
"64","000","00","017","1709","0693","962","662","300","33","995","1473","0","67.55","44.94"
"64","000","00","017","1710","0000","1134","817","317","40","1174","1923","0","61.05","42.49"
"64","000","00","017","1710","0694","567","395","172","22","589","979","0","60.16","40.35"
"64","000","00","017","1710","0695","567","422","145","18","585","944","0","61.97","44.7"
"64","000","00","017","1711","0000","1390","979","411","82","1472","2481","0","59.33","39.46"
"64","000","00","017","1711","0696","660","472","188","51","711","1153","0","61.67","40.94"
"64","000","00","017","1711","0697","730","507","223","31","761","1328","0","57.3","38.18"
"64","000","00","017","1712","0000","953","661","292","48","1001","1657","0","60.41","39.89"
"64","000","00","017","1712","0698","953","661","292","48","1001","1657","0","60.41","39.89"
"64","000","00","017","1713","0000","2662","1877","785","98","2760","4564","0","60.47","41.13"
"64","000","00","017","1713","0699","801","557","244","32","833","1545","0","53.92","36.05"
"64","000","00","017","1713","0700","851","612","239","40","891","1417","0","62.88","43.19"
"64","000","00","017","1713","0701","1010","708","302","26","1036","1602","0","64.67","44.19"
"64","000","00","017","1714","0000","2226","1557","669","83","2309","3737","0","61.79","41.66"
"64","000","00","017","1714","0702","1140","827","313","48","1188","1823","0","65.17","45.36"
"64","000","00","017","1714","0703","1086","730","356","35","1121","1914","0","58.57","38.14"
"64","000","00","017","1715","0000","3408","2366","1042","94","3502","6019","0","58.18","39.31"
"64","000","00","017","1715","0704","1162","823","339","39","1201","1992","0","60.29","41.32"
"64","000","00","017","1715","0705","1054","739","315","20","1074","2045","0","52.52","36.14"
"64","000","00","017","1715","0706","1192","804","388","35","1227","1982","0","61.91","40.57"
"64","000","00","017","1716","0000","1160","814","346","28","1188","2167","0","54.82","37.56"
"64","000","00","017","1716","0707","1160","814","346","28","1188","2167","0","54.82","37.56"
"64","000","00","018","0000","0000","23086","15786","7300","1011","24097","39191","44387","61.49","40.28"
"64","000","00","018","1801","0000","5715","3740","1975","247","5962","10030","0","59.44","37.29"
"64","000","00","018","1801","0708","953","641","312","47","1000","1678","0","59.59","38.2"
"64","000","00","018","1801","0709","867","607","260","69","936","1682","0","55.65","36.09"
"64","000","00","018","1801","0710","762","505","257","33","795","1225","0","64.9","41.22"
"64","000","00","018","1801","0711","701","463","238","34","735","1322","0","55.6","35.02"
"64","000","00","018","1801","0712","719","494","225","21","740","1215","0","60.91","40.66"
"64","000","00","018","1801","0713","983","661","322","27","1010","1779","0","56.77","37.16"
"64","000","00","018","1801","0714","730","369","361","16","746","1129","0","66.08","32.68"
"64","000","00","018","1802","0000","2785","1952","833","125","2910","4682","0","62.15","41.69"
"64","000","00","018","1802","0715","829","574","255","40","869","1374","0","63.25","41.78"
"64","000","00","018","1802","0716","634","417","217","36","670","1089","0","61.52","38.29"
"64","000","00","018","1802","0717","1322","961","361","49","1371","2219","0","61.78","43.31"
"64","000","00","018","1803","0000","5992","3984","2008","224","6216","9817","0","63.32","40.58"
"64","000","00","018","1803","0718","964","655","309","25","989","1634","0","60.53","40.09"
"64","000","00","018","1803","0719","944","661","283","50","994","1553","0","64.01","42.56"
"64","000","00","018","1803","0720","962","641","321","39","1001","1572","0","63.68","40.78"
"64","000","00","018","1803","0721","1039","669","370","33","1072","1688","0","63.51","39.63"
"64","000","00","018","1803","0722","1011","666","345","28","1039","1626","0","63.9","40.96"
"64","000","00","018","1803","0723","1072","692","380","49","1121","1744","0","64.28","39.68"
"64","000","00","018","1804","0000","2104","1495","609","116","2220","3548","0","62.57","42.14"
"64","000","00","018","1804","0724","669","490","179","33","702","1230","0","57.07","39.84"
"64","000","00","018","1804","0725","725","482","243","54","779","1201","0","64.86","40.13"
"64","000","00","018","1804","0726","710","523","187","29","739","1117","0","66.16","46.82"
"64","000","00","018","1805","0000","3679","2669","1010","156","3835","6462","0","59.35","41.3"
"64","000","00","018","1805","0727","718","542","176","39","757","1255","0","60.32","43.19"
"64","000","00","018","1805","0728","785","541","244","1","786","1432","0","54.89","37.78"
"64","000","00","018","1805","0729","732","533","199","22","754","1370","0","55.04","38.91"
"64","000","00","018","1805","0730","801","572","229","54","855","1364","0","62.68","41.94"
"64","000","00","018","1805","0731","643","481","162","40","683","1041","0","65.61","46.21"
"64","000","00","018","1806","0000","482","344","138","30","512","702","0","72.93","49.0"
"64","000","00","018","1806","0732","482","344","138","30","512","702","0","72.93","49.0"
"64","000","00","018","1807","0000","2329","1602","727","113","2442","3950","0","61.82","40.56"
"64","000","00","018","1807","0733","702","476","226","43","745","1212","0","61.47","39.27"
"64","000","00","018","1807","0734","716","518","198","39","755","1289","0","58.57","40.19"
"64","000","00","018","1807","0735","911","608","303","31","942","1449","0","65.01","41.96"
"64","000","00","019","0000","0000","48384","34306","14078","2165","50549","81244","97072","62.22","42.23"
"64","000","00","019","1901","0000","735","524","211","41","776","1159","0","66.95","45.21"
"64","000","00","019","1901","0268","735","524","211","41","776","1159","0","66.95","45.21"
"64","000","00","019","1902","0000","2550","1758","792","78","2628","4358","0","60.3","40.34"
"64","000","00","019","1902","0261","867","603","264","27","894","1345","0","66.47","44.83"
"64","000","00","019","1902","0262","500","344","156","13","513","1045","0","49.09","32.92"
"64","000","00","019","1902","0263","619","435","184","26","645","1051","0","61.37","41.39"
"64","000","00","019","1902","0264","564","376","188","12","576","917","0","62.81","41.0"
"64","000","00","019","1903","0000","2049","1566","483","72","2121","3239","0","65.48","48.35"
"64","000","00","019","1903","0265","602","396","206","18","620","934","0","66.38","42.4"
"64","000","00","019","1903","0266","663","502","161","31","694","1097","0","63.26","45.76"
"64","000","00","019","1903","0267","784","668","116","23","807","1208","0","66.8","55.3"
"64","000","00","019","1904","0000","596","405","191","30","626","1018","0","61.49","39.78"
"64","000","00","019","1904","0269","596","405","191","30","626","1018","0","61.49","39.78"
"64","000","00","019","1905","0000","2451","1739","712","53","2504","4091","0","61.21","42.51"
"64","000","00","019","1905","0274","768","542","226","24","792","1328","0","59.64","40.81"
"64","000","00","019","1905","0275","845","600","245","14","859","1382","0","62.16","43.42"
"64","000","00","019","1905","0276","838","597","241","15","853","1381","0","61.77","43.23"
"64","000","00","019","1906","0000","703","491","212","25","728","1316","0","55.32","37.31"
"64","000","00","019","1906","0270","703","491","212","25","728","1316","0","55.32","37.31"
"64","000","00","019","1907","0000","1818","1371","447","45","1863","2895","0","64.35","47.36"
"64","000","00","019","1907","0325","796","601","195","26","822","1336","0","61.53","44.99"
"64","000","00","019","1907","0326","772","612","160","11","783","1218","0","64.29","50.25"
"64","000","00","019","1907","0327","250","158","92","8","258","341","0","75.66","46.33"
"64","000","00","019","1908","0000","235","158","77","6","241","318","0","75.79","49.69"
"64","000","00","019","1908","0332","235","158","77","6","241","318","0","75.79","49.69"
"64","000","00","019","1909","0000","1580","1114","466","70","1650","2795","0","59.03","39.86"
"64","000","00","019","1909","0293","737","517","220","41","778","1283","0","60.64","40.3"
"64","000","00","019","1909","0294","843","597","246","29","872","1512","0","57.67","39.48"
"64","000","00","019","1910","0000","778","570","208","23","801","1413","0","56.69","40.34"
"64","000","00","019","1910","0309","778","570","208","23","801","1413","0","56.69","40.34"
"64","000","00","019","1911","0000","2166","1452","714","102","2268","3607","0","62.88","40.26"
"64","000","00","019","1911","0304","756","496","260","32","788","1272","0","61.95","38.99"
"64","000","00","019","1911","0305","677","459","218","22","699","1080","0","64.72","42.5"
"64","000","00","019","1911","0306","733","497","236","48","781","1255","0","62.23","39.6"
"64","000","00","019","1912","0000","3352","2343","1009","143","3495","5535","0","63.14","42.33"
"64","000","00","019","1912","0300","832","571","261","29","861","1360","0","63.31","41.99"
"64","000","00","019","1912","0301","857","603","254","27","884","1363","0","64.86","44.24"
"64","000","00","019","1912","0302","830","575","255","47","877","1352","0","64.87","42.53"
"64","000","00","019","1912","0303","833","594","239","40","873","1460","0","59.79","40.68"
"64","000","00","019","1913","0000","1079","777","302","35","1114","1613","0","69.06","48.17"
"64","000","00","019","1913","0330","554","390","164","22","576","851","0","67.69","45.83"
"64","000","00","019","1913","0331","525","387","138","13","538","762","0","70.6","50.79"
"64","000","00","019","1914","0000","451","309","142","66","517","756","0","68.39","40.87"
"64","000","00","019","1914","0320","451","309","142","66","517","756","0","68.39","40.87"
"64","000","00","019","1915","0000","429","306","123","20","449","866","0","51.85","35.33"
"64","000","00","019","1915","0323","429","306","123","20","449","866","0","51.85","35.33"
"64","000","00","019","1916","0000","1918","1326","592","88","2006","3350","0","59.88","39.58"
"64","000","00","019","1916","0297","657","458","199","31","688","1096","0","62.77","41.79"
"64","000","00","019","1916","0298","621","421","200","28","649","1066","0","60.88","39.49"
"64","000","00","019","1916","0299","640","447","193","29","669","1188","0","56.31","37.63"
"64","000","00","019","1917","0000","2222","1536","686","96","2318","3849","0","60.22","39.91"
"64","000","00","019","1917","0277","736","507","229","44","780","1282","0","60.84","39.55"
"64","000","00","019","1917","0278","711","494","217","20","731","1240","0","58.95","39.84"
"64","000","00","019","1917","0279","775","535","240","32","807","1327","0","60.81","40.32"
"64","000","00","019","1918","0000","2368","1654","714","95","2463","4065","0","60.59","40.69"
"64","000","00","019","1918","0271","775","542","233","31","806","1345","0","59.93","40.3"
"64","000","00","019","1918","0272","773","544","229","36","809","1295","0","62.47","42.01"
"64","000","00","019","1918","0273","820","568","252","28","848","1425","0","59.51","39.86"
"64","000","00","019","1919","0000","3649","2483","1166","166","3815","6674","0","57.16","37.2"
"64","000","00","019","1919","0280","931","598","333","35","966","1736","0","55.65","34.45"
"64","000","00","019","1919","0281","908","622","286","42","950","1566","0","60.66","39.72"
"64","000","00","019","1919","0282","901","625","276","33","934","1779","0","52.5","35.13"
"64","000","00","019","1919","0283","909","638","271","56","965","1593","0","60.58","40.05"
"64","000","00","019","1920","0000","3295","2384","911","135","3430","5402","0","63.5","44.13"
"64","000","00","019","1920","0284","884","618","266","45","929","1480","0","62.77","41.76"
"64","000","00","019","1920","0285","806","598","208","30","836","1364","0","61.29","43.84"
"64","000","00","019","1920","0286","843","602","241","29","872","1410","0","61.84","42.7"
"64","000","00","019","1920","0287","762","566","196","31","793","1148","0","69.08","49.3"
"64","000","00","019","1921","0000","1120","770","350","41","1161","1830","0","63.44","42.08"
"64","000","00","019","1921","0289","576","390","186","27","603","969","0","62.23","40.25"
"64","000","00","019","1921","0290","544","380","164","14","558","861","0","64.81","44.13"
"64","000","00","019","1922","0000","1145","799","346","29","1174","1808","0","64.93","44.19"
"64","000","00","019","1922","0310","468","326","142","11","479","765","0","62.61","42.61"
"64","000","00","019","1922","0311","677","473","204","18","695","1043","0","66.63","45.35"
"64","000","00","019","1923","0000","1173","842","331","69","1242","1837","0","67.61","45.84"
"64","000","00","019","1923","0312","467","354","113","40","507","844","0","60.07","41.94"
"64","000","00","019","1923","0313","706","488","218","29","735","993","0","74.02","49.14"
"64","000","00","019","1924","0000","622","423","199","51","673","1038","0","64.84","40.75"
"64","000","00","019","1924","0314","622","423","199","51","673","1038","0","64.84","40.75"
"64","000","00","019","1925","0000","1011","710","301","63","1074","1712","0","62.73","41.47"
"64","000","00","019","1925","0291","452","316","136","19","471","823","0","57.23","38.4"
"64","000","00","019","1925","0292","559","394","165","44","603","889","0","67.83","44.32"
"64","000","00","019","1926","0000","2048","1446","602","134","2182","3442","0","63.39","42.01"
"64","000","00","019","1926","0315","607","428","179","57","664","1070","0","62.06","40.0"
"64","000","00","019","1926","0316","649","457","192","49","698","1023","0","68.23","44.67"
"64","000","00","019","1926","0317","792","561","231","28","820","1349","0","60.79","41.59"
"64","000","00","019","1927","0000","949","761","188","60","1009","1753","0","57.56","43.41"
"64","000","00","019","1927","0318","759","644","115","44","803","1452","0","55.3","44.35"
"64","000","00","019","1927","0319","190","117","73","16","206","301","0","68.44","38.87"
"64","000","00","019","1928","0000","935","653","282","71","1006","1587","0","63.39","41.15"
"64","000","00","019","1928","0321","395","272","123","11","406","733","0","55.39","37.11"
"64","000","00","019","1928","0322","540","381","159","60","600","854","0","70.26","44.61"
"64","000","00","019","1929","0000","540","389","151","32","572","978","0","58.49","39.78"
"64","000","00","019","1929","0324","540","389","151","32","572","978","0","58.49","39.78"
"64","000","00","019","1930","0000","1347","983","364","76","1423","2175","0","65.43","45.2"
"64","000","00","019","1930","0307","589","430","159","40","629","938","0","67.06","45.84"
"64","000","00","019","1930","0308","758","553","205","36","794","1237","0","64.19","44.7"
"64","000","00","019","1931","0000","383","257","126","35","418","625","0","66.88","41.12"
"64","000","00","019","1931","0288","383","257","126","35","418","625","0","66.88","41.12"
"64","000","00","019","1932","0000","1360","934","426","72","1432","2245","0","63.79","41.6"
"64","000","00","019","1932","0295","636","431","205","36","672","983","0","68.36","43.85"
"64","000","00","019","1932","0296","724","503","221","36","760","1262","0","60.22","39.86"
"64","000","00","019","1933","0000","1327","1073","254","43","1370","1895","0","72.3","56.62"
"64","000","00","019","1933","0328","689","560","129","26","715","955","0","74.87","58.64"
"64","000","00","019","1933","0329","638","513","125","17","655","940","0","69.68","54.57"
"64","000","00","020","0000","0000","19607","13696","5911","1066","20673","32565","37647","63.48","42.06"
"64","000","00","020","2001","0000","1273","846","427","90","1363","2078","0","65.59","40.71"
"64","000","00","020","2001","0404","626","411","215","52","678","1005","0","67.46","40.9"
"64","000","00","020","2001","0405","647","435","212","38","685","1073","0","63.84","40.54"
"64","000","00","020","2002","0000","717","500","217","22","739","1129","0","65.46","44.29"
"64","000","00","020","2002","0406","717","500","217","22","739","1129","0","65.46","44.29"
"64","000","00","020","2003","0000","1396","955","441","71","1467","2335","0","62.83","40.9"
"64","000","00","020","2003","0407","755","514","241","48","803","1244","0","64.55","41.32"
"64","000","00","020","2003","0408","641","441","200","23","664","1091","0","60.86","40.42"
"64","000","00","020","2004","0000","1537","1070","467","63","1600","2469","0","64.8","43.34"
"64","000","00","020","2004","0409","846","599","247","37","883","1329","0","66.44","45.07"
"64","000","00","020","2004","0410","691","471","220","26","717","1140","0","62.89","41.32"
"64","000","00","020","2005","0000","709","484","225","61","770","1220","0","63.11","39.67"
"64","000","00","020","2005","0411","709","484","225","61","770","1220","0","63.11","39.67"
"64","000","00","020","2006","0000","1412","955","457","103","1515","2362","0","64.14","40.43"
"64","000","00","020","2006","0412","676","465","211","39","715","1047","0","68.29","44.41"
"64","000","00","020","2006","0413","736","490","246","64","800","1315","0","60.84","37.26"
"64","000","00","020","2007","0000","859","620","239","63","922","1411","0","65.34","43.94"
"64","000","00","020","2007","0414","412","290","122","23","435","691","0","62.95","41.97"
"64","000","00","020","2007","0415","447","330","117","40","487","720","0","67.64","45.83"
"64","000","00","020","2008","0000","1969","1365","604","128","2097","3271","0","64.11","41.73"
"64","000","00","020","2008","0416","689","474","215","57","746","1192","0","62.58","39.77"
"64","000","00","020","2008","0417","814","561","253","39","853","1318","0","64.72","42.56"
"64","000","00","020","2008","0418","466","330","136","32","498","761","0","65.44","43.36"
"64","000","00","020","2009","0000","926","621","305","46","972","1560","0","62.31","39.81"
"64","000","00","020","2009","0419","587","410","177","19","606","973","0","62.28","42.14"
"64","000","00","020","2009","0420","339","211","128","27","366","587","0","62.35","35.95"
"64","000","00","020","2010","0000","1520","995","525","57","1577","2421","0","65.14","41.1"
"64","000","00","020","2010","0421","500","341","159","33","533","812","0","65.64","42.0"
"64","000","00","020","2010","0422","217","136","81","6","223","343","0","65.01","39.65"
"64","000","00","020","2010","0423","803","518","285","18","821","1266","0","64.85","40.92"
"64","000","00","020","2011","0000","1228","894","334","90","1318","2012","0","65.51","44.43"
"64","000","00","020","2011","0424","684","500","184","64","748","1128","0","66.31","44.33"
"64","000","00","020","2011","0425","544","394","150","26","570","884","0","64.48","44.57"
"64","000","00","020","2012","0000","1408","1025","383","70","1478","2446","0","60.43","41.91"
"64","000","00","020","2012","0426","657","459","198","38","695","1187","0","58.55","38.67"
"64","000","00","020","2012","0427","751","566","185","32","783","1259","0","62.19","44.96"
"64","000","00","020","2013","0000","720","615","105","39","759","1361","0","55.77","45.19"
"64","000","00","020","2013","0428","720","615","105","39","759","1361","0","55.77","45.19"
"64","000","00","020","2014","0000","375","279","96","17","392","671","0","58.42","41.58"
"64","000","00","020","2014","0429","375","279","96","17","392","671","0","58.42","41.58"
"64","000","00","020","2015","0000","2277","1578","699","110","2387","3689","0","64.71","42.78"
"64","000","00","020","2015","0430","741","512","229","42","783","1215","0","64.44","42.14"
"64","000","00","020","2015","0431","773","551","222","42","815","1255","0","64.94","43.9"
"64","000","00","020","2015","0432","763","515","248","26","789","1219","0","64.73","42.25"
"64","000","00","020","2016","0000","804","552","252","26","830","1372","0","60.5","40.23"
"64","000","00","020","2016","0433","804","552","252","26","830","1372","0","60.5","40.23"
"64","000","00","020","2017","0000","477","342","135","10","487","758","0","64.25","45.12"
"64","000","00","020","2017","0434","477","342","135","10","487","758","0","64.25","45.12"
"64","000","00","021","0000","0000","14170","9918","4252","907","15077","26012","29809","57.96","38.13"
"64","000","00","021","2101","0000","595","429","166","63","658","1152","0","57.12","37.24"
"64","000","00","021","2101","0333","595","429","166","63","658","1152","0","57.12","37.24"
"64","000","00","021","2102","0000","1266","894","372","58","1324","2094","0","63.23","42.69"
"64","000","00","021","2102","0334","652","461","191","20","672","1120","0","60.0","41.16"
"64","000","00","021","2102","0335","614","433","181","38","652","974","0","66.94","44.46"
"64","000","00","021","2103","0000","1678","1188","490","89","1767","3353","0","52.7","35.43"
"64","000","00","021","2103","0336","572","405","167","16","588","1019","0","57.7","39.74"
"64","000","00","021","2103","0337","572","403","169","39","611","1058","0","57.75","38.09"
"64","000","00","021","2103","0338","492","346","146","30","522","1017","0","51.33","34.02"
"64","000","00","021","2103","0339","42","34","8","4","46","259","0","17.76","13.13"
"64","000","00","021","2104","0000","1605","1174","431","83","1688","2652","0","63.65","44.27"
"64","000","00","021","2104","0340","578","427","151","40","618","926","0","66.74","46.11"
"64","000","00","021","2104","0341","331","235","96","13","344","624","0","55.13","37.66"
"64","000","00","021","2104","0342","696","512","184","30","726","1102","0","65.88","46.46"
"64","000","00","021","2105","0000","1288","868","420","89","1377","2433","0","56.6","35.68"
"64","000","00","021","2105","0343","550","392","158","31","581","1072","0","54.2","36.57"
"64","000","00","021","2105","0344","738","476","262","58","796","1361","0","58.49","34.97"
"64","000","00","021","2106","0000","262","190","72","27","289","472","0","61.23","40.25"
"64","000","00","021","2106","0345","262","190","72","27","289","472","0","61.23","40.25"
"64","000","00","021","2107","0000","1299","885","414","85","1384","2331","0","59.37","37.97"
"64","000","00","021","2107","0346","614","417","197","31","645","1197","0","53.88","34.84"
"64","000","00","021","2107","0347","685","468","217","54","739","1134","0","65.17","41.27"
"64","000","00","021","2108","0000","2091","1455","636","128","2219","3757","0","59.06","38.73"
"64","000","00","021","2108","0348","628","438","190","34","662","1148","0","57.67","38.15"
"64","000","00","021","2108","0349","599","427","172","57","656","1207","0","54.35","35.38"
"64","000","00","021","2108","0350","864","590","274","37","901","1402","0","64.27","42.08"
"64","000","00","021","2109","0000","1923","1283","640","121","2044","3401","0","60.1","37.72"
"64","000","00","021","2109","0351","573","377","196","37","610","1000","0","61.0","37.7"
"64","000","00","021","2109","0352","640","422","218","47","687","1110","0","61.89","38.02"
"64","000","00","021","2109","0353","710","484","226","37","747","1291","0","57.86","37.49"
"64","000","00","021","2110","0000","979","702","277","86","1065","1895","0","56.2","37.04"
"64","000","00","021","2110","0354","441","313","128","48","489","797","0","61.36","39.27"
"64","000","00","021","2110","0355","538","389","149","38","576","1098","0","52.46","35.43"
"64","000","00","021","2111","0000","1184","850","334","78","1262","2472","0","51.05","34.39"
"64","000","00","021","2111","0356","700","482","218","51","751","1393","0","53.91","34.6"
"64","000","00","021","2111","0357","484","368","116","27","511","1079","0","47.36","34.11"
"64","000","00","022","0000","0000","3015","2120","895","281","3296","6671","7196","49.41","31.78"
"64","000","00","022","2201","0000","159","109","50","6","165","369","0","44.72","29.54"
"64","000","00","022","2201","0237","159","109","50","6","165","369","0","44.72","29.54"
"64","000","00","022","2202","0000","389","258","131","26","415","1062","0","39.08","24.29"
"64","000","00","022","2202","0238","268","180","88","17","285","656","0","43.45","27.44"
"64","000","00","022","2202","0239","121","78","43","9","130","406","0","32.02","19.21"
"64","000","00","022","2203","0000","178","125","53","19","197","380","0","51.84","32.89"
"64","000","00","022","2203","0240","178","125","53","19","197","380","0","51.84","32.89"
"64","000","00","022","2204","0000","203","147","56","15","218","379","0","57.52","38.79"
"64","000","00","022","2204","0241","203","147","56","15","218","379","0","57.52","38.79"
"64","000","00","022","2205","0000","314","239","75","46","360","625","0","57.6","38.24"
"64","000","00","022","2205","0242","314","239","75","46","360","625","0","57.6","38.24"
"64","000","00","022","2206","0000","464","308","156","18","482","946","0","50.95","32.56"
"64","000","00","022","2206","0243","464","308","156","18","482","946","0","50.95","32.56"
"64","000","00","022","2207","0000","350","253","97","34","384","794","0","48.36","31.86"
"64","000","00","022","2207","0244","350","253","97","34","384","794","0","48.36","31.86"
"64","000","00","022","2208","0000","146","113","33","23","169","382","0","44.24","29.58"
"64","000","00","022","2208","0245","146","113","33","23","169","382","0","44.24","29.58"
"64","000","00","022","2209","0000","166","107","59","39","205","513","0","39.96","20.86"
"64","000","00","022","2209","0246","166","107","59","39","205","513","0","39.96","20.86"
"64","000","00","022","2210","0000","646","461","185","55","701","1221","0","57.41","37.76"
"64","000","00","022","2210","0247","310","224","86","17","327","601","0","54.41","37.27"
"64","000","00","022","2210","0248","336","237","99","38","374","620","0","60.32","38.23"
"64","000","00","023","0000","0000","12839","8913","3926","667","13506","24534","28676","55.05","36.33"
"64","000","00","023","2301","0000","613","403","210","32","645","1299","0","49.65","31.02"
"64","000","00","023","2301","0216","613","403","210","32","645","1299","0","49.65","31.02"
"64","000","00","023","2302","0000","1085","800","285","34","1119","2005","0","55.81","39.9"
"64","000","00","023","2302","0217","609","450","159","26","635","1107","0","57.36","40.65"
"64","000","00","023","2302","0218","476","350","126","8","484","898","0","53.9","38.98"
"64","000","00","023","2303","0000","638","444","194","56","694","1259","0","55.12","35.27"
"64","000","00","023","2303","0219","638","444","194","56","694","1259","0","55.12","35.27"
"64","000","00","023","2304","0000","1136","765","371","43","1179","2143","0","55.02","35.7"
"64","000","00","023","2304","0220","817","546","271","33","850","1579","0","53.83","34.58"
"64","000","00","023","2304","0221","319","219","100","10","329","564","0","58.33","38.83"
"64","000","00","023","2305","0000","452","301","151","44","496","768","0","64.58","39.19"
"64","000","00","023","2305","0222","452","301","151","44","496","768","0","64.58","39.19"
"64","000","00","023","2306","0000","2608","1775","833","118","2726","4886","0","55.79","36.33"
"64","000","00","023","2306","0223","603","416","187","34","637","1092","0","58.33","38.1"
"64","000","00","023","2306","0224","586","412","174","44","630","1099","0","57.32","37.49"
"64","000","00","023","2306","0225","623","430","193","18","641","1134","0","56.53","37.92"
"64","000","00","023","2306","0226","796","517","279","22","818","1561","0","52.4","33.12"
"64","000","00","023","2307","0000","1392","1003","389","90","1482","2649","0","55.95","37.86"
"64","000","00","023","2307","0227","844","642","202","61","905","1533","0","59.03","41.88"
"64","000","00","023","2307","0228","548","361","187","29","577","1116","0","51.7","32.35"
"64","000","00","023","2308","0000","1242","864","378","50","1292","2314","0","55.83","37.34"
"64","000","00","023","2308","0229","580","403","177","19","599","1054","0","56.83","38.24"
"64","000","00","023","2308","0230","662","461","201","31","693","1260","0","55.0","36.59"
"64","000","00","023","2309","0000","746","505","241","53","799","1504","0","53.13","33.58"
"64","000","00","023","2309","0231","746","505","241","53","799","1504","0","53.13","33.58"
"64","000","00","023","2310","0000","852","598","254","35","887","1671","0","53.08","35.79"
"64","000","00","023","2310","0232","415","276","139","15","430","848","0","50.71","32.55"
"64","000","00","023","2310","0233","437","322","115","20","457","823","0","55.53","39.13"
"64","000","00","023","2311","0000","573","428","145","29","602","1021","0","58.96","41.92"
"64","000","00","023","2311","0234","573","428","145","29","602","1021","0","58.96","41.92"
"64","000","00","023","2312","0000","1502","1027","475","83","1585","3015","0","52.57","34.06"
"64","000","00","023","2312","0235","836","554","282","43","879","1715","0","51.25","32.3"
"64","000","00","023","2312","0236","666","473","193","40","706","1300","0","54.31","36.38"
"64","000","00","024","0000","0000","24741","17063","7678","1465","26206","43850","52578","59.76","38.91"
"64","000","00","024","2401","0000","1755","1198","557","134","1889","3222","0","58.63","37.18"
"64","000","00","024","2401","0175","538","376","162","26","564","1026","0","54.97","36.65"
"64","000","00","024","2401","0176","583","391","192","51","634","1069","0","59.31","36.58"
"64","000","00","024","2401","0177","634","431","203","57","691","1127","0","61.31","38.24"
"64","000","00","024","2402","0000","647","476","171","35","682","1179","0","57.85","40.37"
"64","000","00","024","2402","0178","647","476","171","35","682","1179","0","57.85","40.37"
"64","000","00","024","2403","0000","649","448","201","53","702","1237","0","56.75","36.22"
"64","000","00","024","2403","0179","649","448","201","53","702","1237","0","56.75","36.22"
"64","000","00","024","2404","0000","618","410","208","40","658","1096","0","60.04","37.41"
"64","000","00","024","2404","0180","618","410","208","40","658","1096","0","60.04","37.41"
"64","000","00","024","2405","0000","763","555","208","49","812","1272","0","63.84","43.63"
"64","000","00","024","2405","0181","763","555","208","49","812","1272","0","63.84","43.63"
"64","000","00","024","2406","0000","1289","903","386","71","1360","2309","0","58.9","39.11"
"64","000","00","024","2406","0182","669","469","200","35","704","1182","0","59.56","39.68"
"64","000","00","024","2406","0183","620","434","186","36","656","1127","0","58.21","38.51"
"64","000","00","024","2407","0000","1165","778","387","79","1244","2088","0","59.58","37.26"
"64","000","00","024","2407","0184","541","372","169","35","576","956","0","60.25","38.91"
"64","000","00","024","2407","0185","624","406","218","44","668","1132","0","59.01","35.87"
"64","000","00","024","2408","0000","1810","1233","577","120","1930","3333","0","57.91","36.99"
"64","000","00","024","2408","0186","595","405","190","63","658","1025","0","64.2","39.51"
"64","000","00","024","2408","0187","549","367","182","23","572","1007","0","56.8","36.44"
"64","000","00","024","2408","0188","666","461","205","34","700","1301","0","53.8","35.43"
"64","000","00","024","2409","0000","1450","989","461","74","1524","2652","0","57.47","37.29"
"64","000","00","024","2409","0189","501","364","137","29","530","885","0","59.89","41.13"
"64","000","00","024","2409","0190","411","271","140","16","427","837","0","51.02","32.38"
"64","000","00","024","2409","0191","538","354","184","29","567","930","0","60.97","38.06"
"64","000","00","024","2410","0000","960","655","305","75","1035","1804","0","57.37","36.31"
"64","000","00","024","2410","0192","389","266","123","32","421","781","0","53.91","34.06"
"64","000","00","024","2410","0193","571","389","182","43","614","1023","0","60.02","38.03"
"64","000","00","024","2411","0000","1919","1400","519","90","2009","3400","0","59.09","41.18"
"64","000","00","024","2411","0194","1017","784","233","48","1065","1763","0","60.41","44.47"
"64","000","00","024","2411","0195","902","616","286","42","944","1637","0","57.67","37.63"
"64","000","00","024","2412","0000","1284","898","386","78","1362","2247","0","60.61","39.96"
"64","000","00","024","2412","0196","599","421","178","36","635","1070","0","59.35","39.35"
"64","000","00","024","2412","0197","685","477","208","42","727","1177","0","61.77","40.53"
"64","000","00","024","2413","0000","1695","1127","568","107","1802","3050","0","59.08","36.95"
"64","000","00","024","2413","0198","563","371","192","37","600","1007","0","59.58","36.84"
"64","000","00","024","2413","0199","570","376","194","31","601","1026","0","58.58","36.65"
"64","000","00","024","2413","0200","562","380","182","39","601","1017","0","59.1","37.36"
"64","000","00","024","2414","0000","1337","888","449","75","1412","2353","0","60.01","37.74"
"64","000","00","024","2414","0201","702","446","256","36","738","1264","0","58.39","35.28"
"64","000","00","024","2414","0202","635","442","193","39","674","1089","0","61.89","40.59"
"64","000","00","024","2415","0000","473","326","147","28","501","851","0","58.87","38.31"
"64","000","00","024","2415","0203","473","326","147","28","501","851","0","58.87","38.31"
"64","000","00","024","2416","0000","1190","816","374","66","1256","1948","0","64.48","41.89"
"64","000","00","024","2416","0204","600","412","188","40","640","1011","0","63.3","40.75"
"64","000","00","024","2416","0205","590","404","186","26","616","937","0","65.74","43.12"
"64","000","00","024","2417","0000","980","656","324","43","1023","1730","0","59.13","37.92"
"64","000","00","024","2417","0206","407","293","114","20","427","820","0","52.07","35.73"
"64","000","00","024","2417","0207","573","363","210","23","596","910","0","65.49","39.89"
"64","000","00","024","2418","0000","451","301","150","43","494","867","0","56.98","34.72"
"64","000","00","024","2418","0208","451","301","150","43","494","867","0","56.98","34.72"
"64","000","00","024","2419","0000","1577","1093","484","82","1659","2737","0","60.61","39.93"
"64","000","00","024","2419","0209","541","380","161","26","567","937","0","60.51","40.55"
"64","000","00","024","2419","0210","510","336","174","22","532","900","0","59.11","37.33"
"64","000","00","024","2419","0211","526","377","149","34","560","900","0","62.22","41.89"
"64","000","00","024","2420","0000","2729","1913","816","123","2852","4475","0","63.73","42.75"
"64","000","00","024","2420","0212","542","388","154","27","569","918","0","61.98","42.27"
"64","000","00","024","2420","0213","533","363","170","34","567","870","0","65.17","41.72"
"64","000","00","024","2420","0214","708","471","237","20","728","1150","0","63.3","40.96"
"64","000","00","024","2420","0215","946","691","255","42","988","1537","0","64.28","44.96"
"64","000","00","025","0000","0000","13866","9636","4230","723","14589","25729","29812","56.7","37.45"
"64","000","00","025","2501","0000","580","435","145","39","619","1112","0","55.67","39.12"
"64","000","00","025","2501","0151","580","435","145","39","619","1112","0","55.67","39.12"
"64","000","00","025","2502","0000","548","385","163","45","593","1017","0","58.31","37.86"
"64","000","00","025","2502","0152","548","385","163","45","593","1017","0","58.31","37.86"
"64","000","00","025","2503","0000","422","270","152","14","436","796","0","54.77","33.92"
"64","000","00","025","2503","0153","422","270","152","14","436","796","0","54.77","33.92"
"64","000","00","025","2504","0000","1299","885","414","45","1344","2194","0","61.26","40.34"
"64","000","00","025","2504","0154","656","452","204","22","678","1079","0","62.84","41.89"
"64","000","00","025","2504","0155","643","433","210","23","666","1115","0","59.73","38.83"
"64","000","00","025","2505","0000","1358","962","396","61","1419","2630","0","53.95","36.58"
"64","000","00","025","2505","0156","674","469","205","37","711","1311","0","54.23","35.77"
"64","000","00","025","2505","0157","684","493","191","24","708","1319","0","53.68","37.38"
"64","000","00","025","2506","0000","2148","1501","647","126","2274","3634","0","62.58","41.3"
"64","000","00","025","2506","0158","743","513","230","47","790","1244","0","63.5","41.24"
"64","000","00","025","2506","0159","744","520","224","34","778","1227","0","63.41","42.38"
"64","000","00","025","2506","0160","661","468","193","45","706","1163","0","60.71","40.24"
"64","000","00","025","2507","0000","568","399","169","29","597","981","0","60.86","40.67"
"64","000","00","025","2507","0161","568","399","169","29","597","981","0","60.86","40.67"
"64","000","00","025","2508","0000","2094","1453","641","93","2187","3680","0","59.43","39.48"
"64","000","00","025","2508","0162","420","289","131","15","435","780","0","55.77","37.05"
"64","000","00","025","2508","0163","452","333","119","35","487","832","0","58.53","40.02"
"64","000","00","025","2508","0164","616","421","195","26","642","1017","0","63.13","41.4"
"64","000","00","025","2508","0165","606","410","196","17","623","1051","0","59.28","39.01"
"64","000","00","025","2509","0000","970","699","271","59","1029","1804","0","57.04","38.75"
"64","000","00","025","2509","0166","516","370","146","23","539","941","0","57.28","39.32"
"64","000","00","025","2509","0167","454","329","125","36","490","863","0","56.78","38.12"
"64","000","00","025","2510","0000","596","381","215","35","631","1160","0","54.4","32.84"
"64","000","00","025","2510","0168","596","381","215","35","631","1160","0","54.4","32.84"
"64","000","00","025","2511","0000","1073","718","355","76","1149","2212","0","51.94","32.46"
"64","000","00","025","2511","0169","469","321","148","26","495","1090","0","45.41","29.45"
"64","000","00","025","2511","0170","604","397","207","50","654","1122","0","58.29","35.38"
"64","000","00","025","2512","0000","544","374","170","19","563","1123","0","50.13","33.3"
"64","000","00","025","2512","0171","544","374","170","19","563","1123","0","50.13","33.3"
"64","000","00","025","2513","0000","358","262","96","32","390","684","0","57.02","38.3"
"64","000","00","025","2513","0172","358","262","96","32","390","684","0","57.02","38.3"
"64","000","00","025","2514","0000","1308","912","396","50","1358","2702","0","50.26","33.75"
"64","000","00","025","2514","0173","616","429","187","20","636","1249","0","50.92","34.35"
"64","000","00","025","2514","0174","692","483","209","30","722","1453","0","49.69","33.24"
"64","000","00","026","0000","0000","13551","9593","3958","870","14421","26212","30055","55.02","36.6"
"64","000","00","026","2601","0000","484","341","143","17","501","976","0","51.33","34.94"
"64","000","00","026","2601","0130","484","341","143","17","501","976","0","51.33","34.94"
"64","000","00","026","2602","0000","435","304","131","53","488","887","0","55.02","34.27"
"64","000","00","026","2602","0131","435","304","131","53","488","887","0","55.02","34.27"
"64","000","00","026","2603","0000","873","640","233","38","911","1710","0","53.27","37.43"
"64","000","00","026","2603","0132","873","640","233","38","911","1710","0","53.27","37.43"
"64","000","00","026","2604","0000","2053","1434","619","91","2144","3751","0","57.16","38.23"
"64","000","00","026","2604","0133","580","398","182","35","615","1280","0","48.05","31.09"
"64","000","00","026","2604","0134","773","543","230","25","798","1314","0","60.73","41.32"
"64","000","00","026","2604","0135","700","493","207","31","731","1157","0","63.18","42.61"
"64","000","00","026","2605","0000","924","650","274","68","992","1785","0","55.57","36.41"
"64","000","00","026","2605","0136","924","650","274","68","992","1785","0","55.57","36.41"
"64","000","00","026","2606","0000","576","389","187","49","625","1139","0","54.87","34.15"
"64","000","00","026","2606","0142","576","389","187","49","625","1139","0","54.87","34.15"
"64","000","00","026","2607","0000","1600","1127","473","139","1739","2961","0","58.73","38.06"
"64","000","00","026","2607","0143","701","486","215","75","776","1363","0","56.93","35.66"
"64","000","00","026","2607","0144","899","641","258","64","963","1598","0","60.26","40.11"
"64","000","00","026","2608","0000","422","305","117","23","445","925","0","48.11","32.97"
"64","000","00","026","2608","0146","422","305","117","23","445","925","0","48.11","32.97"
"64","000","00","026","2609","0000","557","391","166","40","597","1111","0","53.74","35.19"
"64","000","00","026","2609","0145","557","391","166","40","597","1111","0","53.74","35.19"
"64","000","00","026","2610","0000","583","409","174","43","626","1148","0","54.53","35.63"
"64","000","00","026","2610","0147","583","409","174","43","626","1148","0","54.53","35.63"
"64","000","00","026","2611","0000","1226","872","354","88","1314","2087","0","62.96","41.78"
"64","000","00","026","2611","0137","452","318","134","38","490","838","0","58.47","37.95"
"64","000","00","026","2611","0138","774","554","220","50","824","1249","0","65.97","44.36"
"64","000","00","026","2612","0000","575","405","170","44","619","1116","0","55.47","36.29"
"64","000","00","026","2612","0139","575","405","170","44","619","1116","0","55.47","36.29"
"64","000","00","026","2613","0000","491","324","167","35","526","978","0","53.78","33.13"
"64","000","00","026","2613","0140","491","324","167","35","526","978","0","53.78","33.13"
"64","000","00","026","2614","0000","524","393","131","27","551","1125","0","48.98","34.93"
"64","000","00","026","2614","0141","524","393","131","27","551","1125","0","48.98","34.93"
"64","000","00","026","2615","0000","2228","1609","619","115","2343","4513","0","51.92","35.65"
"64","000","00","026","2615","0148","674","516","158","29","703","1353","0","51.96","38.14"
"64","000","00","026","2615","0149","694","495","199","41","735","1331","0","55.22","37.19"
"64","000","00","026","2615","0150","860","598","262","45","905","1829","0","49.48","32.7"
"64","000","00","027","0000","0000","7208","5024","2184","425","7633","12001","13888","63.6","41.86"
"64","000","00","027","2701","0000","964","688","276","66","1030","1574","0","65.44","43.71"
"64","000","00","027","2701","0249","479","355","124","26","505","756","0","66.8","46.96"
"64","000","00","027","2701","0250","485","333","152","40","525","818","0","64.18","40.71"
"64","000","00","027","2702","0000","1139","815","324","76","1215","1817","0","66.87","44.85"
"64","000","00","027","2702","0251","575","415","160","26","601","866","0","69.4","47.92"
"64","000","00","027","2702","0252","564","400","164","50","614","951","0","64.56","42.06"
"64","000","00","027","2703","0000","1303","899","404","82","1385","2339","0","59.21","38.44"
"64","000","00","027","2703","0253","589","416","173","49","638","992","0","64.31","41.94"
"64","000","00","027","2703","0254","323","207","116","17","340","682","0","49.85","30.35"
"64","000","00","027","2703","0255","391","276","115","16","407","665","0","61.2","41.5"
"64","000","00","027","2704","0000","202","106","96","10","212","371","0","57.14","28.57"
"64","000","00","027","2704","0256","202","106","96","10","212","371","0","57.14","28.57"
"64","000","00","027","2705","0000","1556","1098","458","70","1626","2532","0","64.22","43.36"
"64","000","00","027","2705","0257","698","476","222","40","738","1114","0","66.25","42.73"
"64","000","00","027","2705","0258","858","622","236","30","888","1418","0","62.62","43.86"
"64","000","00","027","2706","0000","2044","1418","626","121","2165","3368","0","64.28","42.1"
"64","000","00","027","2706","0259","910","654","256","62","972","1477","0","65.81","44.28"
"64","000","00","027","2706","0260","1134","764","370","59","1193","1891","0","63.09","40.4"
"64","000","00","028","0000","0000","9606","6857","2749","631","10237","16487","19266","62.09","41.59"
"64","000","00","028","2801","0000","719","495","224","37","756","1246","0","60.67","39.73"
"64","000","00","028","2801","0358","719","495","224","37","756","1246","0","60.67","39.73"
"64","000","00","028","2802","0000","1145","809","336","68","1213","1840","0","65.92","43.97"
"64","000","00","028","2802","0359","532","374","158","24","556","885","0","62.82","42.26"
"64","000","00","028","2802","0360","613","435","178","44","657","955","0","68.8","45.55"
"64","000","00","028","2803","0000","294","182","112","27","321","534","0","60.11","34.08"
"64","000","00","028","2803","0361","294","182","112","27","321","534","0","60.11","34.08"
"64","000","00","028","2804","0000","423","314","109","31","454","738","0","61.52","42.55"
"64","000","00","028","2804","0362","423","314","109","31","454","738","0","61.52","42.55"
"64","000","00","028","2805","0000","1100","803","297","55","1155","1732","0","66.69","46.36"
"64","000","00","028","2805","0363","558","415","143","28","586","855","0","68.54","48.54"
"64","000","00","028","2805","0364","542","388","154","27","569","877","0","64.88","44.24"
"64","000","00","028","2806","0000","930","670","260","80","1010","1589","0","63.56","42.16"
"64","000","00","028","2806","0365","464","345","119","49","513","781","0","65.69","44.17"
"64","000","00","028","2806","0366","466","325","141","31","497","808","0","61.51","40.22"
"64","000","00","028","2807","0000","911","634","277","63","974","1729","0","56.33","36.67"
"64","000","00","028","2807","0367","451","320","131","19","470","904","0","51.99","35.4"
"64","000","00","028","2807","0368","460","314","146","44","504","825","0","61.09","38.06"
"64","000","00","028","2808","0000","1195","830","365","79","1274","2037","0","62.54","40.75"
"64","000","00","028","2808","0370","570","386","184","32","602","1013","0","59.43","38.1"
"64","000","00","028","2808","0371","625","444","181","47","672","1024","0","65.63","43.36"
"64","000","00","028","2809","0000","494","354","140","40","534","941","0","56.75","37.62"
"64","000","00","028","2809","0369","494","354","140","40","534","941","0","56.75","37.62"
"64","000","00","028","2810","0000","361","250","111","13","374","861","0","43.44","29.04"
"64","000","00","028","2810","0372","361","250","111","13","374","861","0","43.44","29.04"
"64","000","00","028","2811","0000","682","479","203","53","735","1163","0","63.2","41.19"
"64","000","00","028","2811","0373","682","479","203","53","735","1163","0","63.2","41.19"
"64","000","00","028","2812","0000","1352","1037","315","85","1437","2077","0","69.19","49.93"
"64","000","00","028","2812","0374","773","598","175","36","809","1216","0","66.53","49.18"
"64","000","00","028","2812","0375","579","439","140","49","628","861","0","72.94","50.99"
"64","000","00","029","0000","0000","17820","12908","4912","882","18702","31025","35896","60.28","41.61"
"64","000","00","029","2901","0000","1253","934","319","72","1325","2124","0","62.38","43.97"
"64","000","00","029","2901","0376","646","505","141","39","685","1061","0","64.56","47.6"
"64","000","00","029","2901","0377","607","429","178","33","640","1063","0","60.21","40.36"
"64","000","00","029","2902","0000","1099","761","338","59","1158","2047","0","56.57","37.18"
"64","000","00","029","2902","0378","572","393","179","33","605","969","0","62.44","40.56"
"64","000","00","029","2902","0379","527","368","159","26","553","1078","0","51.3","34.14"
"64","000","00","029","2903","0000","1366","957","409","75","1441","2231","0","64.59","42.9"
"64","000","00","029","2903","0380","488","331","157","39","527","838","0","62.89","39.5"
"64","000","00","029","2903","0381","393","282","111","18","411","611","0","67.27","46.15"
"64","000","00","029","2903","0382","485","344","141","18","503","782","0","64.32","43.99"
"64","000","00","029","2904","0000","893","630","263","52","945","1451","0","65.13","43.42"
"64","000","00","029","2904","0383","893","630","263","52","945","1451","0","65.13","43.42"
"64","000","00","029","2905","0000","658","458","200","19","677","1144","0","59.18","40.03"
"64","000","00","029","2905","0384","658","458","200","19","677","1144","0","59.18","40.03"
"64","000","00","029","2906","0000","984","715","269","46","1030","1827","0","56.38","39.14"
"64","000","00","029","2906","0389","592","435","157","25","617","1112","0","55.49","39.12"
"64","000","00","029","2906","0390","392","280","112","21","413","715","0","57.76","39.16"
"64","000","00","029","2907","0000","1266","954","312","101","1367","2072","0","65.97","46.04"
"64","000","00","029","2907","0394","661","506","155","50","711","1052","0","67.59","48.1"
"64","000","00","029","2907","0395","605","448","157","51","656","1020","0","64.31","43.92"
"64","000","00","029","2908","0000","1587","1157","430","42","1629","2855","0","57.06","40.53"
"64","000","00","029","2908","0396","713","511","202","25","738","1260","0","58.57","40.56"
"64","000","00","029","2908","0397","874","646","228","17","891","1595","0","55.86","40.5"
"64","000","00","029","2909","0000","1344","997","347","50","1394","2361","0","59.04","42.23"
"64","000","00","029","2909","0398","479","356","123","26","505","829","0","60.92","42.94"
"64","000","00","029","2909","0399","865","641","224","24","889","1532","0","58.03","41.84"
"64","000","00","029","2910","0000","528","391","137","15","543","975","0","55.69","40.1"
"64","000","00","029","2910","0385","528","391","137","15","543","975","0","55.69","40.1"
"64","000","00","029","2911","0000","2113","1497","616","117","2230","3608","0","61.81","41.49"
"64","000","00","029","2911","0386","771","553","218","31","802","1317","0","60.9","41.99"
"64","000","00","029","2911","0387","718","504","214","51","769","1218","0","63.14","41.38"
"64","000","00","029","2911","0388","624","440","184","35","659","1073","0","61.42","41.01"
"64","000","00","029","2912","0000","1279","929","350","49","1328","2250","0","59.02","41.29"
"64","000","00","029","2912","0391","730","539","191","26","756","1311","0","57.67","41.11"
"64","000","00","029","2912","0392","549","390","159","23","572","939","0","60.92","41.53"
"64","000","00","029","2913","0000","486","359","127","35","521","824","0","63.23","43.57"
"64","000","00","029","2913","0393","486","359","127","35","521","824","0","63.23","43.57"
"64","000","00","029","2914","0000","1410","1037","373","87","1497","2338","0","64.03","44.35"
"64","000","00","029","2914","0400","754","549","205","35","789","1195","0","66.03","45.94"
"64","000","00","029","2914","0401","656","488","168","52","708","1143","0","61.94","42.69"
"64","000","00","029","2915","0000","1554","1132","422","63","1617","2918","0","55.41","38.79"
"64","000","00","029","2915","0402","700","508","192","42","742","1186","0","62.56","42.83"
"64","000","00","029","2915","0403","854","624","230","21","875","1732","0","50.52","36.03"
"64","000","00","030","0000","0000","17142","11950","5192","1199","18341","31996","36695","57.32","37.35"
"64","000","00","030","3001","0000","1168","829","339","68","1236","2185","0","56.57","37.94"
"64","000","00","030","3001","0060","600","410","190","39","639","1060","0","60.28","38.68"
"64","000","00","030","3001","0061","568","419","149","29","597","1125","0","53.07","37.24"
"64","000","00","030","3002","0000","1404","989","415","43","1447","2338","0","61.89","42.3"
"64","000","00","030","3002","0062","658","456","202","22","680","1100","0","61.82","41.45"
"64","000","00","030","3002","0063","746","533","213","21","767","1238","0","61.95","43.05"
"64","000","00","030","3003","0000","894","629","265","38","932","1660","0","56.14","37.89"
"64","000","00","030","3003","0064","516","374","142","23","539","933","0","57.77","40.09"
"64","000","00","030","3003","0065","378","255","123","15","393","727","0","54.06","35.08"
"64","000","00","030","3004","0000","951","671","280","62","1013","1815","0","55.81","36.97"
"64","000","00","030","3004","0066","574","412","162","36","610","1071","0","56.96","38.47"
"64","000","00","030","3004","0067","377","259","118","26","403","744","0","54.17","34.81"
"64","000","00","030","3005","0000","738","521","217","37","775","1469","0","52.76","35.47"
"64","000","00","030","3005","0068","550","377","173","26","576","1100","0","52.36","34.27"
"64","000","00","030","3005","0069","188","144","44","11","199","369","0","53.93","39.02"
"64","000","00","030","3006","0000","647","474","173","24","671","1398","0","48.0","33.91"
"64","000","00","030","3006","0070","419","310","109","6","425","888","0","47.86","34.91"
"64","000","00","030","3006","0071","228","164","64","18","246","510","0","48.24","32.16"
"64","000","00","030","3007","0000","570","422","148","79","649","1042","0","62.28","40.5"
"64","000","00","030","3007","0072","570","422","148","79","649","1042","0","62.28","40.5"
"64","000","00","030","3008","0000","399","295","104","40","439","791","0","55.5","37.29"
"64","000","00","030","3008","0073","399","295","104","40","439","791","0","55.5","37.29"
"64","000","00","030","3009","0000","1118","764","354","87","1205","2157","0","55.86","35.42"
"64","000","00","030","3009","0074","520","342","178","50","570","939","0","60.7","36.42"
"64","000","00","030","3009","0075","598","422","176","37","635","1218","0","52.13","34.65"
"64","000","00","030","3010","0000","84","58","26","15","99","178","0","55.62","32.58"
"64","000","00","030","3010","0076","84","58","26","15","99","178","0","55.62","32.58"
"64","000","00","030","3011","0000","1098","763","335","76","1174","1971","0","59.56","38.71"
"64","000","00","030","3011","0077","542","391","151","48","590","946","0","62.37","41.33"
"64","000","00","030","3011","0078","556","372","184","28","584","1025","0","56.98","36.29"
"64","000","00","030","3012","0000","596","428","168","104","700","1040","0","67.31","41.15"
"64","000","00","030","3012","0079","596","428","168","104","700","1040","0","67.31","41.15"
"64","000","00","030","3013","0000","879","610","269","66","945","1563","0","60.46","39.03"
"64","000","00","030","3013","0080","543","377","166","44","587","900","0","65.22","41.89"
"64","000","00","030","3013","0081","336","233","103","22","358","663","0","54.0","35.14"
"64","000","00","030","3014","0000","1091","755","336","55","1146","2014","0","56.9","37.49"
"64","000","00","030","3014","0082","513","340","173","30","543","954","0","56.92","35.64"
"64","000","00","030","3014","0083","578","415","163","25","603","1060","0","56.89","39.15"
"64","000","00","030","3015","0000","1857","1247","610","117","1974","3323","0","59.4","37.53"
"64","000","00","030","3015","0084","635","430","205","42","677","1110","0","60.99","38.74"
"64","000","00","030","3015","0085","585","366","219","46","631","1062","0","59.42","34.46"
"64","000","00","030","3015","0086","637","451","186","29","666","1151","0","57.86","39.18"
"64","000","00","030","3016","0000","1148","804","344","73","1221","2206","0","55.35","36.45"
"64","000","00","030","3016","0087","151","109","42","15","166","266","0","62.41","40.98"
"64","000","00","030","3016","0088","361","249","112","29","390","633","0","61.61","39.34"
"64","000","00","030","3016","0089","636","446","190","29","665","1307","0","50.88","34.12"
"64","000","00","030","3017","0000","389","251","138","46","435","754","0","57.69","33.29"
"64","000","00","030","3017","0090","389","251","138","46","435","754","0","57.69","33.29"
"64","000","00","030","3018","0000","657","435","222","92","749","1296","0","57.79","33.56"
"64","000","00","030","3018","0091","657","435","222","92","749","1296","0","57.79","33.56"
"64","000","00","030","3019","0000","371","250","121","17","388","839","0","46.25","29.8"
"64","000","00","030","3019","0092","371","250","121","17","388","839","0","46.25","29.8"
"64","000","00","030","3020","0000","726","501","225","44","770","1329","0","57.94","37.7"
"64","000","00","030","3020","0093","726","501","225","44","770","1329","0","57.94","37.7"
"64","000","00","030","3021","0000","357","254","103","16","373","628","0","59.39","40.45"
"64","000","00","030","3021","0094","357","254","103","16","373","628","0","59.39","40.45"
"64","000","00","031","0000","0000","17918","13222","4696","1573","19491","35311","39630","55.2","37.44"
"64","000","00","031","3101","0000","1330","952","378","99","1429","2613","0","54.69","36.43"
"64","000","00","031","3101","0095","620","443","177","75","695","1175","0","59.15","37.7"
"64","000","00","031","3101","0096","710","509","201","24","734","1438","0","51.04","35.4"
"64","000","00","031","3102","0000","1148","923","225","87","1235","2416","0","51.12","38.2"
"64","000","00","031","3102","0097","477","359","118","36","513","989","0","51.87","36.3"
"64","000","00","031","3102","0098","671","564","107","51","722","1427","0","50.6","39.52"
"64","000","00","031","3103","0000","1389","981","408","115","1504","2572","0","58.48","38.14"
"64","000","00","031","3103","0099","679","474","205","60","739","1309","0","56.46","36.21"
"64","000","00","031","3103","0100","710","507","203","55","765","1263","0","60.57","40.14"
"64","000","00","031","3104","0000","1170","874","296","87","1257","2061","0","60.99","42.41"
"64","000","00","031","3104","0101","567","426","141","41","608","997","0","60.98","42.73"
"64","000","00","031","3104","0102","603","448","155","46","649","1064","0","61.0","42.11"
"64","000","00","031","3105","0000","764","544","220","75","839","1498","0","56.01","36.32"
"64","000","00","031","3105","0103","764","544","220","75","839","1498","0","56.01","36.32"
"64","000","00","031","3106","0000","1146","852","294","119","1265","2150","0","58.84","39.63"
"64","000","00","031","3106","0104","595","428","167","63","658","1119","0","58.8","38.25"
"64","000","00","031","3106","0105","551","424","127","56","607","1031","0","58.87","41.13"
"64","000","00","031","3107","0000","1258","905","353","116","1374","2508","0","54.78","36.08"
"64","000","00","031","3107","0106","698","497","201","69","767","1437","0","53.38","34.59"
"64","000","00","031","3107","0107","560","408","152","47","607","1071","0","56.68","38.1"
"64","000","00","031","3108","0000","716","532","184","43","759","1462","0","51.92","36.39"
"64","000","00","031","3108","0108","374","285","89","20","394","687","0","57.35","41.48"
"64","000","00","031","3108","0109","342","247","95","23","365","775","0","47.1","31.87"
"64","000","00","031","3109","0000","653","494","159","45","698","1353","0","51.59","36.51"
"64","000","00","031","3109","0110","653","494","159","45","698","1353","0","51.59","36.51"
"64","000","00","031","3110","0000","580","421","159","28","608","1191","0","51.05","35.35"
"64","000","00","031","3110","0111","580","421","159","28","608","1191","0","51.05","35.35"
"64","000","00","031","3111","0000","1094","806","288","62","1156","2084","0","55.47","38.68"
"64","000","00","031","3111","0112","432","313","119","29","461","906","0","50.88","34.55"
"64","000","00","031","3111","0113","662","493","169","33","695","1178","0","59.0","41.85"
"64","000","00","031","3112","0000","606","446","160","33","639","1252","0","51.04","35.62"
"64","000","00","031","3112","0114","606","446","160","33","639","1252","0","51.04","35.62"
"64","000","00","031","3113","0000","843","641","202","44","887","1549","0","57.26","41.38"
"64","000","00","031","3113","0115","843","641","202","44","887","1549","0","57.26","41.38"
"64","000","00","031","3114","0000","1143","858","285","70","1213","2204","0","55.04","38.93"
"64","000","00","031","3114","0116","550","415","135","26","576","1088","0","52.94","38.14"
"64","000","00","031","3114","0117","593","443","150","44","637","1116","0","57.08","39.7"
"64","000","00","031","3115","0000","961","679","282","79","1040","1793","0","58.0","37.87"
"64","000","00","031","3115","0118","509","365","144","19","528","977","0","54.04","37.36"
"64","000","00","031","3115","0119","452","314","138","60","512","816","0","62.75","38.48"
"64","000","00","031","3116","0000","899","664","235","100","999","1898","0","52.63","34.98"
"64","000","00","031","3116","0120","414","313","101","32","446","955","0","46.7","32.77"
"64","000","00","031","3116","0121","485","351","134","68","553","943","0","58.64","37.22"
"64","000","00","031","3117","0000","691","520","171","49","740","1371","0","53.98","37.93"
"64","000","00","031","3117","0122","691","520","171","49","740","1371","0","53.98","37.93"
"64","000","00","031","3118","0000","864","671","193","208","1072","1834","0","58.45","36.59"
"64","000","00","031","3118","0123","342","309","33","163","505","919","0","54.95","33.62"
"64","000","00","031","3118","0124","522","362","160","45","567","915","0","61.97","39.56"
"64","000","00","031","3119","0000","663","459","204","114","777","1502","0","51.73","30.56"
"64","000","00","031","3119","0125","388","280","108","69","457","828","0","55.19","33.82"
"64","000","00","031","3119","0126","275","179","96","45","320","674","0","47.48","26.56"
"64","000","00","032","0000","0000","4999","3535","1464","554","5553","11501","12984","48.28","30.74"
"64","000","00","032","3201","0000","376","266","110","31","407","760","0","53.55","35.0"
"64","000","00","032","3201","0020","376","266","110","31","407","760","0","53.55","35.0"
"64","000","00","032","3202","0000","273","188","85","36","309","666","0","46.4","28.23"
"64","000","00","032","3202","0021","273","188","85","36","309","666","0","46.4","28.23"
"64","000","00","032","3203","0000","371","273","98","42","413","704","0","58.66","38.78"
"64","000","00","032","3203","0022","371","273","98","42","413","704","0","58.66","38.78"
"64","000","00","032","3204","0000","463","325","138","51","514","1003","0","51.25","32.4"
"64","000","00","032","3204","0023","463","325","138","51","514","1003","0","51.25","32.4"
"64","000","00","032","3205","0000","577","416","161","87","664","1382","0","48.05","30.1"
"64","000","00","032","3205","0024","577","416","161","87","664","1382","0","48.05","30.1"
"64","000","00","032","3206","0000","369","259","110","48","417","986","0","42.29","26.27"
"64","000","00","032","3206","0025","369","259","110","48","417","986","0","42.29","26.27"
"64","000","00","032","3207","0000","492","323","169","48","540","1046","0","51.63","30.88"
"64","000","00","032","3207","0026","492","323","169","48","540","1046","0","51.63","30.88"
"64","000","00","032","3208","0000","354","250","104","29","383","812","0","47.17","30.79"
"64","000","00","032","3208","0027","354","250","104","29","383","812","0","47.17","30.79"
"64","000","00","032","3209","0000","601","424","177","63","664","1431","0","46.4","29.63"
"64","000","00","032","3209","0028","601","424","177","63","664","1431","0","46.4","29.63"
"64","000","00","032","3210","0000","427","334","93","61","488","912","0","53.51","36.62"
"64","000","00","032","3210","0029","427","334","93","61","488","912","0","53.51","36.62"
"64","000","00","032","3211","0000","566","383","183","43","609","1472","0","41.37","26.02"
"64","000","00","032","3211","0030","566","383","183","43","609","1472","0","41.37","26.02"
"64","000","00","032","3212","0000","130","94","36","15","145","327","0","44.34","28.75"
"64","000","00","032","3212","0031","130","94","36","15","145","327","0","44.34","28.75"
"64","000","00","033","0000","0000","2476","1740","736","268","2744","5417","6051","50.66","32.12"
"64","000","00","033","3301","0000","183","132","51","9","192","472","0","40.68","27.97"
"64","000","00","033","3301","0013","183","132","51","9","192","472","0","40.68","27.97"
"64","000","00","033","3302","0000","513","381","132","49","562","882","0","63.72","43.2"
"64","000","00","033","3302","0014","513","381","132","49","562","882","0","63.72","43.2"
"64","000","00","033","3303","0000","330","246","84","31","361","668","0","54.04","36.83"
"64","000","00","033","3303","0015","330","246","84","31","361","668","0","54.04","36.83"
"64","000","00","033","3304","0000","702","472","230","93","795","1581","0","50.28","29.85"
"64","000","00","033","3304","0016","702","472","230","93","795","1581","0","50.28","29.85"
"64","000","00","033","3305","0000","248","162","86","14","262","673","0","38.93","24.07"
"64","000","00","033","3305","0017","248","162","86","14","262","673","0","38.93","24.07"
"64","000","00","033","3306","0000","252","181","71","44","296","607","0","48.76","29.82"
"64","000","00","033","3306","0018","252","181","71","44","296","607","0","48.76","29.82"
"64","000","00","033","3307","0000","248","166","82","28","276","534","0","51.69","31.09"
"64","000","00","033","3307","0019","248","166","82","28","276","534","0","51.69","31.09"
"64","000","00","034","0000","0000","4659","3336","1323","372","5031","10607","11828","47.43","31.45"
"64","000","00","034","3401","0000","270","185","85","48","318","640","0","49.69","28.91"
"64","000","00","034","3401","0032","270","185","85","48","318","640","0","49.69","28.91"
"64","000","00","034","3402","0000","313","229","84","27","340","696","0","48.85","32.9"
"64","000","00","034","3402","0033","313","229","84","27","340","696","0","48.85","32.9"
"64","000","00","034","3403","0000","462","333","129","30","492","1284","0","38.32","25.93"
"64","000","00","034","3403","0034","462","333","129","30","492","1284","0","38.32","25.93"
"64","000","00","034","3404","0000","658","483","175","48","706","1509","0","46.79","32.01"
"64","000","00","034","3404","0035","435","312","123","26","461","1027","0","44.89","30.38"
"64","000","00","034","3404","0036","223","171","52","22","245","482","0","50.83","35.48"
"64","000","00","034","3405","0000","826","570","256","85","911","1627","0","55.99","35.03"
"64","000","00","034","3405","0037","826","570","256","85","911","1627","0","55.99","35.03"
"64","000","00","034","3406","0000","727","533","194","33","760","1630","0","46.63","32.7"
"64","000","00","034","3406","0038","727","533","194","33","760","1630","0","46.63","32.7"
"64","000","00","034","3407","0000","599","440","159","67","666","1261","0","52.82","34.89"
"64","000","00","034","3407","0041","599","440","159","67","666","1261","0","52.82","34.89"
"64","000","00","034","3408","0000","804","563","241","34","838","1960","0","42.76","28.72"
"64","000","00","034","3408","0039","379","254","125","20","399","973","0","41.01","26.1"
"64","000","00","034","3408","0040","425","309","116","14","439","987","0","44.48","31.31"
"64","000","00","035","0000","0000","6097","4380","1717","461","6558","13002","14465","50.44","33.69"
"64","000","00","035","3501","0000","440","328","112","45","485","969","0","50.05","33.85"
"64","000","00","035","3501","0042","440","328","112","45","485","969","0","50.05","33.85"
"64","000","00","035","3502","0000","293","208","85","16","309","652","0","47.39","31.9"
"64","000","00","035","3502","0043","293","208","85","16","309","652","0","47.39","31.9"
"64","000","00","035","3503","0000","465","329","136","51","516","961","0","53.69","34.24"
"64","000","00","035","3503","0044","465","329","136","51","516","961","0","53.69","34.24"
"64","000","00","035","3504","0000","208","166","42","8","216","426","0","50.7","38.97"
"64","000","00","035","3504","0045","208","166","42","8","216","426","0","50.7","38.97"
"64","000","00","035","3505","0000","177","138","39","11","188","398","0","47.24","34.67"
"64","000","00","035","3505","0046","177","138","39","11","188","398","0","47.24","34.67"
"64","000","00","035","3506","0000","228","153","75","12","240","508","0","47.24","30.12"
"64","000","00","035","3506","0047","228","153","75","12","240","508","0","47.24","30.12"
"64","000","00","035","3507","0000","545","398","147","35","580","980","0","59.18","40.61"
"64","000","00","035","3507","0048","545","398","147","35","580","980","0","59.18","40.61"
"64","000","00","035","3508","0000","506","362","144","34","540","1225","0","44.08","29.55"
"64","000","00","035","3508","0049","506","362","144","34","540","1225","0","44.08","29.55"
"64","000","00","035","3509","0000","866","581","285","107","973","1722","0","56.5","33.74"
"64","000","00","035","3509","0050","866","581","285","107","973","1722","0","56.5","33.74"
"64","000","00","035","3510","0000","251","170","81","24","275","560","0","49.11","30.36"
"64","000","00","035","3510","0051","251","170","81","24","275","560","0","49.11","30.36"
"64","000","00","035","3511","0000","351","255","96","13","364","801","0","45.44","31.84"
"64","000","00","035","3511","0052","351","255","96","13","364","801","0","45.44","31.84"
"64","000","00","035","3512","0000","210","145","65","12","222","423","0","52.48","34.28"
"64","000","00","035","3512","0053","210","145","65","12","222","423","0","52.48","34.28"
"64","000","00","035","3513","0000","219","156","63","20","239","497","0","48.09","31.39"
"64","000","00","035","3513","0054","219","156","63","20","239","497","0","48.09","31.39"
"64","000","00","035","3514","0000","332","244","88","12","344","677","0","50.81","36.04"
"64","000","00","035","3514","0055","332","244","88","12","344","677","0","50.81","36.04"
"64","000","00","035","3515","0000","249","191","58","6","255","593","0","43.0","32.21"
"64","000","00","035","3515","0056","249","191","58","6","255","593","0","43.0","32.21"
"64","000","00","035","3516","0000","266","210","56","23","289","597","0","48.41","35.18"
"64","000","00","035","3516","0057","266","210","56","23","289","597","0","48.41","35.18"
"64","000","00","035","3517","0000","151","114","37","3","154","343","0","44.9","33.24"
"64","000","00","035","3517","0058","151","114","37","3","154","343","0","44.9","33.24"
"64","000","00","035","3518","0000","340","232","108","29","369","670","0","55.07","34.63"
"64","000","00","035","3518","0059","340","232","108","29","369","670","0","55.07","34.63"
"64","000","00","036","0000","0000","1075","812","263","53","1128","1615","1999","69.85","50.28"
"64","000","00","036","3601","0000","469","369","100","16","485","726","0","66.8","50.83"
"64","000","00","036","3601","0129","469","369","100","16","485","726","0","66.8","50.83"
"64","000","00","036","3602","0000","274","208","66","13","287","382","0","75.13","54.45"
"64","000","00","036","3602","0128","274","208","66","13","287","382","0","75.13","54.45"
"64","000","00","036","3603","0000","332","235","97","24","356","507","0","70.22","46.35"
"64","000","00","036","3603","0127","332","235","97","24","356","507","0","70.22","46.35"
"64","000","00","037","0000","0000","2162","1615","547","61","2223","3498","4310","63.55","46.17"
"64","000","00","037","3701","0000","478","368","110","12","490","783","0","62.58","47.0"
"64","000","00","037","3701","0005","478","368","110","12","490","783","0","62.58","47.0"
"64","000","00","037","3702","0000","243","175","68","24","267","472","0","56.57","37.08"
"64","000","00","037","3702","0008","243","175","68","24","267","472","0","56.57","37.08"
"64","000","00","037","3703","0000","414","301","113","6","420","612","0","68.63","49.18"
"64","000","00","037","3703","0007","414","301","113","6","420","612","0","68.63","49.18"
"64","000","00","037","3704","0000","395","299","96","5","400","632","0","63.29","47.31"
"64","000","00","037","3704","0006","395","299","96","5","400","632","0","63.29","47.31"
"64","000","00","037","3705","0000","162","128","34","2","164","223","0","73.54","57.4"
"64","000","00","037","3705","0004","162","128","34","2","164","223","0","73.54","57.4"
"64","000","00","037","3706","0000","180","144","36","6","186","279","0","66.67","51.61"
"64","000","00","037","3706","0003","180","144","36","6","186","279","0","66.67","51.61"
"64","000","00","037","3707","0000","166","120","46","6","172","233","0","73.82","51.5"
"64","000","00","037","3707","0002","166","120","46","6","172","233","0","73.82","51.5"
"64","000","00","037","3708","0000","124","80","44","0","124","264","0","46.97","30.3"
"64","000","00","037","3708","0001","124","80","44","0","124","264","0","46.97","30.3"
"64","000","00","038","0000","0000","1669","1311","358","93","1762","2424","3143","72.69","54.08"
"64","000","00","038","3801","0000","870","637","233","63","933","1326","0","70.36","48.04"
"64","000","00","038","3801","0009","475","346","129","31","506","741","0","68.29","46.69"
"64","000","00","038","3801","0010","395","291","104","32","427","585","0","72.99","49.74"
"64","000","00","038","3802","0000","453","371","82","21","474","609","0","77.83","60.92"
"64","000","00","038","3802","0011","453","371","82","21","474","609","0","77.83","60.92"
"64","000","00","038","3803","0000","346","303","43","9","355","489","0","72.6","61.96"
"64","000","00","038","3803","0012","346","303","43","9","355","489","0","72.6","61.96"
"10","004","00","000","0000","0000","243717","168550","75167","10127","253844","445051","556307","57.04","37.87"
"10","004","00","001","0000","0000","77700","51290","26410","2476","80176","137129","186411","58.47","37.4"
"10","004","00","001","0101","0000","3492","2285","1207","73","3565","5988","0","59.54","38.16"
"10","004","00","001","0101","0041","744","480","264","13","757","1301","0","58.19","36.89"
"10","004","00","001","0101","0042","1017","629","388","23","1040","1798","0","57.84","34.98"
"10","004","00","001","0101","0043","834","547","287","18","852","1427","0","59.71","38.33"
"10","004","00","001","0101","0044","897","629","268","19","916","1462","0","62.65","43.02"
"10","004","00","001","0102","0000","5600","3653","1947","123","5723","9417","0","60.77","38.79"
"10","004","00","001","0102","0001","831","565","266","23","854","1319","0","64.75","42.84"
"10","004","00","001","0102","0002","787","522","265","18","805","1321","0","60.94","39.52"
"10","004","00","001","0102","0003","784","527","257","21","805","1272","0","63.29","41.43"
"10","004","00","001","0102","0004","825","536","289","25","850","1467","0","57.94","36.54"
"10","004","00","001","0102","0005","702","438","264","11","713","1226","0","58.16","35.73"
"10","004","00","001","0102","0006","802","527","275","11","813","1412","0","57.58","37.32"
"10","004","00","001","0102","0007","869","538","331","14","883","1400","0","63.07","38.43"
"10","004","00","001","0103","0000","5825","3436","2389","113","5938","10185","0","58.3","33.74"
"10","004","00","001","0103","0008","849","530","319","29","878","1415","0","62.05","37.46"
"10","004","00","001","0103","0009","787","478","309","16","803","1361","0","59.0","35.12"
"10","004","00","001","0103","0010","829","483","346","8","837","1515","0","55.25","31.88"
"10","004","00","001","0103","0011","880","521","359","18","898","1495","0","60.07","34.85"
"10","004","00","001","0103","0012","831","502","329","9","840","1417","0","59.28","35.43"
"10","004","00","001","0103","0013","865","484","381","21","886","1548","0","57.24","31.27"
"10","004","00","001","0103","0014","784","438","346","12","796","1434","0","55.51","30.54"
"10","004","00","001","0104","0000","3833","2448","1385","110","3943","6515","0","60.52","37.57"
"10","004","00","001","0104","0015","793","506","287","24","817","1385","0","58.99","36.53"
"10","004","00","001","0104","0016","776","494","282","18","794","1247","0","63.67","39.62"
"10","004","00","001","0104","0017","778","484","294","20","798","1373","0","58.12","35.25"
"10","004","00","001","0104","0018","848","512","336","12","860","1345","0","63.94","38.07"
"10","004","00","001","0104","0019","638","452","186","36","674","1165","0","57.85","38.8"
"10","004","00","001","0105","0000","1471","914","557","43","1514","2376","0","63.72","38.47"
"10","004","00","001","0105","0020","732","440","292","25","757","1164","0","65.03","37.8"
"10","004","00","001","0105","0021","739","474","265","18","757","1212","0","62.46","39.11"
"10","004","00","001","0106","0000","1543","1098","445","57","1600","3083","0","51.9","35.61"
"10","004","00","001","0106","0022","738","516","222","24","762","1507","0","50.56","34.24"
"10","004","00","001","0106","0023","805","582","223","33","838","1576","0","53.17","36.93"
"10","004","00","001","0107","0000","3367","2297","1070","123","3490","6111","0","57.11","37.59"
"10","004","00","001","0107","0056","768","544","224","22","790","1477","0","53.49","36.83"
"10","004","00","001","0107","0057","954","635","319","33","987","1611","0","61.27","39.42"
"10","004","00","001","0107","0058","876","607","269","35","911","1555","0","58.59","39.04"
"10","004","00","001","0107","0059","769","511","258","33","802","1468","0","54.63","34.81"
"10","004","00","001","0108","0000","5077","3474","1603","158","5235","8856","0","59.11","39.23"
"10","004","00","001","0108","0060","877","596","281","22","899","1509","0","59.58","39.5"
"10","004","00","001","0108","0061","861","588","273","29","890","1602","0","55.56","36.7"
"10","004","00","001","0108","0062","844","586","258","25","869","1448","0","60.01","40.47"
"10","004","00","001","0108","0063","782","538","244","17","799","1318","0","60.62","40.82"
"10","004","00","001","0108","0064","979","638","341","26","1005","1634","0","61.51","39.05"
"10","004","00","001","0108","0065","734","528","206","39","773","1345","0","57.47","39.26"
"10","004","00","001","0109","0000","2901","1971","930","101","3002","5746","0","52.25","34.3"
"10","004","00","001","0109","0069","834","577","257","30","864","1483","0","58.26","38.91"
"10","004","00","001","0109","0070","718","482","236","34","752","1332","0","56.46","36.19"
"10","004","00","001","0109","0071","739","520","219","25","764","1482","0","51.55","35.09"
"10","004","00","001","0109","0072","610","392","218","12","622","1449","0","42.93","27.05"
"10","004","00","001","0110","0000","3014","2082","932","81","3095","5703","0","54.27","36.51"
"10","004","00","001","0110","0073","707","506","201","14","721","1319","0","54.66","38.36"
"10","004","00","001","0110","0074","705","493","212","23","728","1332","0","54.65","37.01"
"10","004","00","001","0110","0075","735","476","259","20","755","1412","0","53.47","33.71"
"10","004","00","001","0110","0076","867","607","260","24","891","1640","0","54.33","37.01"
"10","004","00","001","0111","0000","3769","2564","1205","149","3918","6849","0","57.21","37.44"
"10","004","00","001","0111","0077","735","491","244","28","763","1323","0","57.67","37.11"
"10","004","00","001","0111","0078","811","538","273","42","853","1428","0","59.73","37.68"
"10","004","00","001","0111","0079","870","593","277","29","899","1533","0","58.64","38.68"
"10","004","00","001","0111","0080","718","475","243","16","734","1346","0","54.53","35.29"
"10","004","00","001","0111","0081","635","467","168","34","669","1219","0","54.88","38.31"
"10","004","00","001","0112","0000","2470","1689","781","93","2563","4458","0","57.49","37.89"
"10","004","00","001","0112","0086","793","552","241","38","831","1383","0","60.09","39.91"
"10","004","00","001","0112","0087","881","586","295","35","916","1569","0","58.38","37.35"
"10","004","00","001","0112","0088","796","551","245","20","816","1506","0","54.18","36.59"
"10","004","00","001","0113","0000","1090","742","348","46","1136","1951","0","58.23","38.03"
"10","004","00","001","0113","0089","492","355","137","16","508","877","0","57.92","40.48"
"10","004","00","001","0113","0090","598","387","211","30","628","1074","0","58.47","36.03"
"10","004","00","001","0114","0000","1438","972","466","63","1501","2425","0","61.9","40.08"
"10","004","00","001","0114","0091","676","459","217","32","708","1089","0","65.01","42.15"
"10","004","00","001","0114","0092","762","513","249","31","793","1336","0","59.36","38.4"
"10","004","00","001","0115","0000","1261","862","399","59","1320","2143","0","61.6","40.22"
"10","004","00","001","0115","0094","596","401","195","34","630","937","0","67.24","42.8"
"10","004","00","001","0115","0095","665","461","204","25","690","1206","0","57.21","38.23"
"10","004","00","001","0116","0000","680","468","212","36","716","1205","0","59.42","38.84"
"10","004","00","001","0116","0096","680","468","212","36","716","1205","0","59.42","38.84"
"10","004","00","001","0117","0000","889","609","280","40","929","1585","0","58.61","38.42"
"10","004","00","001","0117","0098","500","352","148","27","527","917","0","57.47","38.39"
"10","004","00","001","0117","0099","389","257","132","13","402","668","0","60.18","38.47"
"10","004","00","001","0118","0000","1026","730","296","69","1095","1914","0","57.21","38.14"
"10","004","00","001","0118","0102","539","386","153","48","587","977","0","60.08","39.51"
"10","004","00","001","0118","0103","487","344","143","21","508","937","0","54.22","36.71"
"10","004","00","001","0119","0000","972","644","328","59","1031","1718","0","60.01","37.49"
"10","004","00","001","0119","0097","972","644","328","59","1031","1718","0","60.01","37.49"
"10","004","00","001","0120","0000","867","613","254","77","944","1606","0","58.78","38.17"
"10","004","00","001","0120","0100","450","301","149","26","476","824","0","57.77","36.53"
"10","004","00","001","0120","0101","417","312","105","51","468","782","0","59.85","39.9"
"10","004","00","001","0121","0000","3611","2364","1247","82","3693","6176","0","59.8","38.28"
"10","004","00","001","0121","0030","727","456","271","16","743","1196","0","62.12","38.13"
"10","004","00","001","0121","0031","724","490","234","19","743","1235","0","60.16","39.68"
"10","004","00","001","0121","0032","676","448","228","10","686","1204","0","56.98","37.21"
"10","004","00","001","0121","0033","782","524","258","21","803","1308","0","61.39","40.06"
"10","004","00","001","0121","0034","702","446","256","16","718","1233","0","58.23","36.17"
"10","004","00","001","0122","0000","3028","2036","992","136","3164","5664","0","55.86","35.95"
"10","004","00","001","0122","0082","861","580","281","37","898","1466","0","61.26","39.56"
"10","004","00","001","0122","0083","607","388","219","26","633","1147","0","55.19","33.83"
"10","004","00","001","0122","0084","715","481","234","37","752","1529","0","49.18","31.46"
"10","004","00","001","0122","0085","845","587","258","36","881","1522","0","57.88","38.57"
"10","004","00","001","0123","0000","575","387","188","28","603","1058","0","56.99","36.58"
"10","004","00","001","0123","0093","575","387","188","28","603","1058","0","56.99","36.58"
"10","004","00","001","0124","0000","2315","1550","765","64","2379","3738","0","63.64","41.47"
"10","004","00","001","0124","0049","702","457","245","22","724","1181","0","61.3","38.7"
"10","004","00","001","0124","0050","836","553","283","25","861","1329","0","64.79","41.61"
"10","004","00","001","0124","0051","777","540","237","17","794","1228","0","64.66","43.97"
"10","004","00","001","0125","0000","3306","2154","1152","104","3410","5989","0","56.94","35.97"
"10","004","00","001","0125","0052","845","540","305","31","876","1552","0","56.44","34.79"
"10","004","00","001","0125","0053","868","582","286","27","895","1480","0","60.47","39.32"
"10","004","00","001","0125","0054","813","527","286","17","830","1487","0","55.82","35.44"
"10","004","00","001","0125","0055","780","505","275","29","809","1470","0","55.03","34.35"
"10","004","00","001","0126","0000","1935","1361","574","79","2014","3204","0","62.86","42.48"
"10","004","00","001","0126","0066","620","431","189","17","637","958","0","66.49","44.99"
"10","004","00","001","0126","0067","678","473","205","27","705","1112","0","63.4","42.54"
"10","004","00","001","0126","0068","637","457","180","35","672","1134","0","59.26","40.3"
"10","004","00","001","0127","0000","3134","1904","1230","91","3225","5749","0","56.1","33.12"
"10","004","00","001","0127","0024","809","516","293","21","830","1464","0","56.69","35.25"
"10","004","00","001","0127","0025","797","485","312","20","817","1428","0","57.21","33.96"
"10","004","00","001","0127","0026","719","370","349","12","731","1442","0","50.69","25.66"
"10","004","00","001","0127","0027","809","533","276","38","847","1415","0","59.86","37.67"
"10","004","00","001","0128","0000","1764","1074","690","34","1798","3417","0","52.62","31.43"
"10","004","00","001","0128","0028","844","522","322","13","857","1666","0","51.44","31.33"
"10","004","00","001","0128","0029","920","552","368","21","941","1751","0","53.74","31.52"
"10","004","00","001","0129","0000","2004","1374","630","50","2054","3312","0","62.02","41.49"
"10","004","00","001","0129","0035","663","454","209","15","678","1129","0","60.05","40.21"
"10","004","00","001","0129","0036","647","440","207","15","662","1069","0","61.93","41.16"
"10","004","00","001","0129","0037","694","480","214","20","714","1114","0","64.09","43.09"
"10","004","00","001","0130","0000","2025","1307","718","65","2090","3265","0","64.01","40.03"
"10","004","00","001","0130","0038","673","438","235","18","691","1103","0","62.65","39.71"
"10","004","00","001","0130","0039","641","396","245","28","669","1029","0","65.01","38.48"
"10","004","00","001","0130","0040","711","473","238","19","730","1133","0","64.43","41.75"
"10","004","00","001","0131","0000","3418","2228","1190","70","3488","5723","0","60.95","38.93"
"10","004","00","001","0131","0045","826","553","273","27","853","1342","0","63.56","41.21"
"10","004","00","001","0131","0046","886","565","321","11","897","1480","0","60.61","38.18"
"10","004","00","001","0131","0047","913","585","328","18","931","1645","0","56.6","35.56"
"10","004","00","001","0131","0048","793","525","268","14","807","1256","0","64.25","41.8"
"10","004","00","002","0000","0000","41182","28870","12312","1681","42863","78794","96358","54.4","36.64"
"10","004","00","002","0201","0000","142","104","38","12","154","309","0","49.84","33.66"
"10","004","00","002","0201","0104","142","104","38","12","154","309","0","49.84","33.66"
"10","004","00","002","0202","0000","198","139","59","20","218","416","0","52.4","33.41"
"10","004","00","002","0202","0105","198","139","59","20","218","416","0","52.4","33.41"
"10","004","00","002","0203","0000","198","132","66","6","204","386","0","52.85","34.2"
"10","004","00","002","0203","0106","198","132","66","6","204","386","0","52.85","34.2"
"10","004","00","002","0204","0000","1136","821","315","38","1174","2225","0","52.76","36.9"
"10","004","00","002","0204","0107","467","331","136","27","494","950","0","52.0","34.84"
"10","004","00","002","0204","0108","669","490","179","11","680","1275","0","53.33","38.43"
"10","004","00","002","0205","0000","1754","1249","505","88","1842","3283","0","56.11","38.04"
"10","004","00","002","0205","0116","700","488","212","28","728","1292","0","56.35","37.77"
"10","004","00","002","0205","0117","563","416","147","21","584","1111","0","52.57","37.44"
"10","004","00","002","0205","0118","491","345","146","39","530","880","0","60.23","39.2"
"10","004","00","002","0206","0000","4710","3349","1361","199","4909","9177","0","53.49","36.49"
"10","004","00","002","0206","0109","622","445","177","34","656","1213","0","54.08","36.69"
"10","004","00","002","0206","0110","847","593","254","28","875","1548","0","56.52","38.31"
"10","004","00","002","0206","0111","612","429","183","29","641","1246","0","51.44","34.43"
"10","004","00","002","0206","0112","561","382","179","20","581","1252","0","46.41","30.51"
"10","004","00","002","0206","0113","691","527","164","32","723","1359","0","53.2","38.78"
"10","004","00","002","0206","0114","647","439","208","32","679","1255","0","54.1","34.98"
"10","004","00","002","0206","0115","730","534","196","24","754","1304","0","57.82","40.95"
"10","004","00","002","0207","0000","2443","1749","694","115","2558","4569","0","55.99","38.28"
"10","004","00","002","0207","0121","568","419","149","42","610","1126","0","54.17","37.21"
"10","004","00","002","0207","0122","557","399","158","34","591","1073","0","55.08","37.19"
"10","004","00","002","0207","0123","674","475","199","23","697","1215","0","57.37","39.09"
"10","004","00","002","0207","0124","644","456","188","16","660","1155","0","57.14","39.48"
"10","004","00","002","0208","0000","366","265","101","23","389","704","0","55.26","37.64"
"10","004","00","002","0208","0128","366","265","101","23","389","704","0","55.26","37.64"
"10","004","00","002","0209","0000","1410","999","411","49","1459","3048","0","47.87","32.78"
"10","004","00","002","0209","0129","365","271","94","17","382","951","0","40.17","28.5"
"10","004","00","002","0209","0130","557","379","178","14","571","984","0","58.03","38.52"
"10","004","00","002","0209","0131","488","349","139","18","506","1113","0","45.46","31.36"
"10","004","00","002","0210","0000","771","562","209","55","826","1357","0","60.87","41.41"
"10","004","00","002","0210","0132","342","259","83","14","356","595","0","59.83","43.53"
"10","004","00","002","0210","0133","429","303","126","41","470","762","0","61.68","39.76"
"10","004","00","002","0211","0000","810","556","254","41","851","1400","0","60.79","39.71"
"10","004","00","002","0211","0142","416","282","134","24","440","715","0","61.54","39.44"
"10","004","00","002","0211","0143","394","274","120","17","411","685","0","60.0","40.0"
"10","004","00","002","0212","0000","1900","1385","515","88","1988","3875","0","51.3","35.74"
"10","004","00","002","0212","0136","607","455","152","31","638","1310","0","48.7","34.73"
"10","004","00","002","0212","0137","671","496","175","34","705","1434","0","49.16","34.59"
"10","004","00","002","0212","0138","622","434","188","23","645","1131","0","57.03","38.37"
"10","004","00","002","0213","0000","1729","1222","507","72","1801","3317","0","54.3","36.84"
"10","004","00","002","0213","0139","513","359","154","19","532","967","0","55.02","37.13"
"10","004","00","002","0213","0140","583","419","164","30","613","1196","0","51.25","35.03"
"10","004","00","002","0213","0141","633","444","189","23","656","1154","0","56.85","38.47"
"10","004","00","002","0214","0000","3746","2579","1167","117","3863","7555","0","51.13","34.14"
"10","004","00","002","0214","0149","639","424","215","15","654","1248","0","52.4","33.97"
"10","004","00","002","0214","0150","564","378","186","9","573","1263","0","45.37","29.93"
"10","004","00","002","0214","0151","604","424","180","18","622","1232","0","50.49","34.42"
"10","004","00","002","0214","0152","522","367","155","19","541","1143","0","47.33","32.11"
"10","004","00","002","0214","0153","820","572","248","24","844","1529","0","55.2","37.41"
"10","004","00","002","0214","0154","597","414","183","32","629","1140","0","55.18","36.32"
"10","004","00","002","0215","0000","3247","2191","1056","117","3364","6204","0","54.22","35.32"
"10","004","00","002","0215","0156","654","459","195","17","671","1345","0","49.89","34.13"
"10","004","00","002","0215","0157","708","455","253","33","741","1381","0","53.66","32.95"
"10","004","00","002","0215","0158","742","483","259","20","762","1379","0","55.26","35.03"
"10","004","00","002","0215","0159","577","401","176","25","602","1033","0","58.28","38.82"
"10","004","00","002","0215","0160","566","393","173","22","588","1066","0","55.16","36.87"
"10","004","00","002","0216","0000","2388","1597","791","86","2474","4350","0","56.87","36.71"
"10","004","00","002","0216","0169","594","391","203","30","624","1083","0","57.62","36.1"
"10","004","00","002","0216","0170","584","387","197","23","607","1102","0","55.08","35.12"
"10","004","00","002","0216","0171","598","408","190","17","615","1068","0","57.58","38.2"
"10","004","00","002","0216","0172","612","411","201","16","628","1097","0","57.25","37.47"
"10","004","00","002","0217","0000","1027","733","294","35","1062","1871","0","56.76","39.18"
"10","004","00","002","0217","0173","511","375","136","17","528","962","0","54.89","38.98"
"10","004","00","002","0217","0174","516","358","158","18","534","909","0","58.75","39.38"
"10","004","00","002","0218","0000","282","206","76","21","303","603","0","50.25","34.16"
"10","004","00","002","0218","0175","282","206","76","21","303","603","0","50.25","34.16"
"10","004","00","002","0219","0000","5390","3647","1743","197","5587","10396","0","53.74","35.08"
"10","004","00","002","0219","0161","527","383","144","29","556","938","0","59.28","40.83"
"10","004","00","002","0219","0162","559","402","157","30","589","952","0","61.87","42.23"
"10","004","00","002","0219","0163","848","564","284","27","875","1468","0","59.6","38.42"
"10","004","00","002","0219","0164","968","550","418","17","985","1915","0","51.44","28.72"
"10","004","00","002","0219","0165","621","444","177","26","647","1220","0","53.03","36.39"
"10","004","00","002","0219","0166","518","364","154","16","534","1166","0","45.8","31.22"
"10","004","00","002","0219","0167","711","500","211","22","733","1492","0","49.13","33.51"
"10","004","00","002","0219","0168","638","440","198","30","668","1245","0","53.65","35.34"
"10","004","00","002","0220","0000","968","669","299","49","1017","1727","0","58.89","38.74"
"10","004","00","002","0220","0125","466","321","145","24","490","852","0","57.51","37.68"
"10","004","00","002","0220","0126","502","348","154","25","527","875","0","60.23","39.77"
"10","004","00","002","0221","0000","1079","760","319","41","1120","1914","0","58.52","39.71"
"10","004","00","002","0221","0119","377","273","104","17","394","670","0","58.81","40.75"
"10","004","00","002","0221","0120","702","487","215","24","726","1244","0","58.36","39.15"
"10","004","00","002","0222","0000","630","452","178","23","653","1070","0","61.03","42.24"
"10","004","00","002","0222","0127","630","452","178","23","653","1070","0","61.03","42.24"
"10","004","00","002","0223","0000","3685","2643","1042","142","3827","6892","0","55.53","38.35"
"10","004","00","002","0223","0144","692","486","206","26","718","1352","0","53.11","35.95"
"10","004","00","002","0223","0145","772","557","215","33","805","1407","0","57.21","39.59"
"10","004","00","002","0223","0146","734","553","181","19","753","1362","0","55.29","40.6"
"10","004","00","002","0223","0147","740","526","214","31","771","1330","0","57.97","39.55"
"10","004","00","002","0223","0148","747","521","226","33","780","1441","0","54.13","36.16"
"10","004","00","002","0224","0000","833","612","221","22","855","1576","0","54.25","38.83"
"10","004","00","002","0224","0134","413","278","135","12","425","763","0","55.7","36.44"
"10","004","00","002","0224","0135","420","334","86","10","430","813","0","52.89","41.08"
"10","004","00","002","0225","0000","340","249","91","25","365","570","0","64.04","43.68"
"10","004","00","002","0225","0155","340","249","91","25","365","570","0","64.04","43.68"
"10","004","00","003","0000","0000","15466","10885","4581","863","16329","28894","33106","56.51","37.67"
"10","004","00","003","0301","0000","620","435","185","39","659","1139","0","57.86","38.19"
"10","004","00","003","0301","0194","620","435","185","39","659","1139","0","57.86","38.19"
"10","004","00","003","0302","0000","474","353","121","12","486","861","0","56.45","41.0"
"10","004","00","003","0302","0195","474","353","121","12","486","861","0","56.45","41.0"
"10","004","00","003","0303","0000","2111","1490","621","100","2211","4271","0","51.77","34.89"
"10","004","00","003","0303","0196","537","370","167","25","562","1093","0","51.42","33.85"
"10","004","00","003","0303","0197","476","341","135","28","504","978","0","51.53","34.87"
"10","004","00","003","0303","0198","503","357","146","21","524","1040","0","50.38","34.33"
"10","004","00","003","0303","0199","595","422","173","26","621","1160","0","53.53","36.38"
"10","004","00","003","0304","0000","1070","798","272","61","1131","1965","0","57.56","40.61"
"10","004","00","003","0304","0184","519","395","124","20","539","948","0","56.86","41.67"
"10","004","00","003","0304","0185","551","403","148","41","592","1017","0","58.21","39.63"
"10","004","00","003","0305","0000","1833","1268","565","77","1910","3320","0","57.53","38.19"
"10","004","00","003","0305","0186","685","470","215","35","720","1176","0","61.22","39.97"
"10","004","00","003","0305","0187","665","478","187","33","698","1122","0","62.21","42.6"
"10","004","00","003","0305","0188","483","320","163","9","492","1022","0","48.14","31.31"
"10","004","00","003","0306","0000","938","655","283","53","991","1829","0","54.18","35.81"
"10","004","00","003","0306","0182","495","351","144","34","529","924","0","57.25","37.99"
"10","004","00","003","0306","0183","443","304","139","19","462","905","0","51.05","33.59"
"10","004","00","003","0307","0000","1443","1045","398","75","1518","2526","0","60.1","41.37"
"10","004","00","003","0307","0179","503","378","125","26","529","935","0","56.58","40.43"
"10","004","00","003","0307","0180","410","290","120","28","438","753","0","58.17","38.51"
"10","004","00","003","0307","0181","530","377","153","21","551","838","0","65.75","44.99"
"10","004","00","003","0308","0000","561","410","151","28","589","983","0","59.92","41.71"
"10","004","00","003","0308","0176","561","410","151","28","589","983","0","59.92","41.71"
"10","004","00","003","0309","0000","342","227","115","27","369","597","0","61.81","38.02"
"10","004","00","003","0309","0177","342","227","115","27","369","597","0","61.81","38.02"
"10","004","00","003","0310","0000","576","405","171","28","604","1070","0","56.45","37.85"
"10","004","00","003","0310","0178","576","405","171","28","604","1070","0","56.45","37.85"
"10","004","00","003","0311","0000","1028","727","301","51","1079","1832","0","58.9","39.68"
"10","004","00","003","0311","0200","554","374","180","26","580","950","0","61.05","39.37"
"10","004","00","003","0311","0201","474","353","121","25","499","882","0","56.58","40.02"
"10","004","00","003","0312","0000","1311","875","436","78","1389","2493","0","55.72","35.1"
"10","004","00","003","0312","0202","701","479","222","38","739","1281","0","57.69","37.39"
"10","004","00","003","0312","0203","610","396","214","40","650","1212","0","53.63","32.67"
"10","004","00","003","0313","0000","446","338","108","37","483","1013","0","47.68","33.37"
"10","004","00","003","0313","0204","446","338","108","37","483","1013","0","47.68","33.37"
"10","004","00","003","0314","0000","368","259","109","35","403","630","0","63.97","41.11"
"10","004","00","003","0314","0205","368","259","109","35","403","630","0","63.97","41.11"
"10","004","00","003","0315","0000","629","418","211","51","680","1144","0","59.44","36.54"
"10","004","00","003","0315","0193","629","418","211","51","680","1144","0","59.44","36.54"
"10","004","00","003","0316","0000","679","456","223","34","713","1429","0","49.9","31.91"
"10","004","00","003","0316","0189","679","456","223","34","713","1429","0","49.9","31.91"
"10","004","00","003","0317","0000","275","201","74","30","305","451","0","67.63","44.57"
"10","004","00","003","0317","0190","275","201","74","30","305","451","0","67.63","44.57"
"10","004","00","003","0318","0000","396","262","134","18","414","724","0","57.18","36.19"
"10","004","00","003","0318","0191","396","262","134","18","414","724","0","57.18","36.19"
"10","004","00","003","0319","0000","366","263","103","29","395","617","0","64.02","42.63"
"10","004","00","003","0319","0192","366","263","103","29","395","617","0","64.02","42.63"
"10","004","00","004","0000","0000","13420","9618","3802","717","14137","24712","28659","57.21","38.92"
"10","004","00","004","0401","0000","299","234","65","9","308","480","0","64.17","48.75"
"10","004","00","004","0401","0206","299","234","65","9","308","480","0","64.17","48.75"
"10","004","00","004","0402","0000","1084","772","312","50","1134","1923","0","58.97","40.15"
"10","004","00","004","0402","0207","519","365","154","21","540","903","0","59.8","40.42"
"10","004","00","004","0402","0208","565","407","158","29","594","1020","0","58.24","39.9"
"10","004","00","004","0403","0000","404","294","110","14","418","705","0","59.29","41.7"
"10","004","00","004","0403","0209","404","294","110","14","418","705","0","59.29","41.7"
"10","004","00","004","0404","0000","1943","1343","600","103","2046","3618","0","56.55","37.12"
"10","004","00","004","0404","0210","557","403","154","26","583","1056","0","55.21","38.16"
"10","004","00","004","0404","0211","666","443","223","37","703","1275","0","55.14","34.75"
"10","004","00","004","0404","0212","720","497","223","40","760","1287","0","59.05","38.62"
"10","004","00","004","0405","0000","529","378","151","41","570","1046","0","54.49","36.14"
"10","004","00","004","0405","0214","529","378","151","41","570","1046","0","54.49","36.14"
"10","004","00","004","0406","0000","434","318","116","32","466","771","0","60.44","41.25"
"10","004","00","004","0406","0213","434","318","116","32","466","771","0","60.44","41.25"
"10","004","00","004","0407","0000","567","428","139","38","605","1030","0","58.74","41.55"
"10","004","00","004","0407","0215","567","428","139","38","605","1030","0","58.74","41.55"
"10","004","00","004","0408","0000","1883","1304","579","73","1956","3653","0","53.55","35.7"
"10","004","00","004","0408","0216","666","463","203","26","692","1208","0","57.28","38.33"
"10","004","00","004","0408","0217","540","384","156","9","549","1095","0","50.14","35.07"
"10","004","00","004","0408","0218","677","457","220","38","715","1350","0","52.96","33.85"
"10","004","00","004","0409","0000","702","505","197","45","747","1362","0","54.85","37.08"
"10","004","00","004","0409","0220","702","505","197","45","747","1362","0","54.85","37.08"
"10","004","00","004","0410","0000","250","180","70","19","269","551","0","48.82","32.67"
"10","004","00","004","0410","0222","250","180","70","19","269","551","0","48.82","32.67"
"10","004","00","004","0411","0000","297","231","66","22","319","572","0","55.77","40.38"
"10","004","00","004","0411","0224","297","231","66","22","319","572","0","55.77","40.38"
"10","004","00","004","0412","0000","485","356","129","26","511","943","0","54.19","37.75"
"10","004","00","004","0412","0225","485","356","129","26","511","943","0","54.19","37.75"
"10","004","00","004","0413","0000","180","123","57","11","191","461","0","41.43","26.68"
"10","004","00","004","0413","0223","180","123","57","11","191","461","0","41.43","26.68"
"10","004","00","004","0414","0000","440","305","135","34","474","808","0","58.66","37.75"
"10","004","00","004","0414","0226","440","305","135","34","474","808","0","58.66","37.75"
"10","004","00","004","0415","0000","1078","784","294","44","1122","1826","0","61.45","42.94"
"10","004","00","004","0415","0227","561","411","150","23","584","923","0","63.27","44.53"
"10","004","00","004","0415","0228","517","373","144","21","538","903","0","59.58","41.31"
"10","004","00","004","0416","0000","488","348","140","30","518","824","0","62.86","42.23"
"10","004","00","004","0416","0230","488","348","140","30","518","824","0","62.86","42.23"
"10","004","00","004","0417","0000","348","250","98","14","362","559","0","64.76","44.72"
"10","004","00","004","0417","0231","348","250","98","14","362","559","0","64.76","44.72"
"10","004","00","004","0418","0000","512","356","156","22","534","854","0","62.53","41.69"
"10","004","00","004","0418","0232","512","356","156","22","534","854","0","62.53","41.69"
"10","004","00","004","0419","0000","507","370","137","30","537","846","0","63.48","43.74"
"10","004","00","004","0419","0219","507","370","137","30","537","846","0","63.48","43.74"
"10","004","00","004","0420","0000","459","348","111","20","479","903","0","53.05","38.54"
"10","004","00","004","0420","0221","459","348","111","20","479","903","0","53.05","38.54"
"10","004","00","004","0421","0000","531","391","140","40","571","977","0","58.44","40.02"
"10","004","00","004","0421","0229","531","391","140","40","571","977","0","58.44","40.02"
"10","004","00","005","0000","0000","34415","24223","10192","1399","35814","63511","77604","56.39","38.14"
"10","004","00","005","0501","0000","738","505","233","33","771","1272","0","60.61","39.7"
"10","004","00","005","0501","0245","738","505","233","33","771","1272","0","60.61","39.7"
"10","004","00","005","0502","0000","495","356","139","21","516","851","0","60.63","41.83"
"10","004","00","005","0502","0244","495","356","139","21","516","851","0","60.63","41.83"
"10","004","00","005","0503","0000","2303","1618","685","86","2389","3993","0","59.83","40.52"
"10","004","00","005","0503","0241","809","555","254","23","832","1444","0","57.62","38.43"
"10","004","00","005","0503","0242","788","566","222","47","835","1347","0","61.99","42.02"
"10","004","00","005","0503","0243","706","497","209","16","722","1202","0","60.07","41.35"
"10","004","00","005","0504","0000","2925","2024","901","110","3035","5202","0","58.34","38.91"
"10","004","00","005","0504","0250","730","513","217","26","756","1402","0","53.92","36.59"
"10","004","00","005","0504","0251","681","453","228","24","705","1183","0","59.59","38.29"
"10","004","00","005","0504","0252","739","538","201","33","772","1282","0","60.22","41.97"
"10","004","00","005","0504","0253","775","520","255","27","802","1335","0","60.07","38.95"
"10","004","00","005","0505","0000","1552","1265","287","60","1612","2835","0","56.86","44.62"
"10","004","00","005","0505","0246","707","514","193","26","733","1275","0","57.49","40.31"
"10","004","00","005","0505","0247","845","751","94","34","879","1560","0","56.35","48.14"
"10","004","00","005","0506","0000","2533","1762","771","131","2664","4714","0","56.51","37.38"
"10","004","00","005","0506","0238","952","650","302","46","998","1719","0","58.06","37.81"
"10","004","00","005","0506","0239","692","501","191","34","726","1162","0","62.48","43.12"
"10","004","00","005","0506","0240","889","611","278","51","940","1833","0","51.28","33.33"
"10","004","00","005","0507","0000","1516","1032","484","74","1590","2898","0","54.87","35.61"
"10","004","00","005","0507","0233","677","440","237","40","717","1393","0","51.47","31.59"
"10","004","00","005","0507","0234","839","592","247","34","873","1505","0","58.01","39.34"
"10","004","00","005","0508","0000","1598","1099","499","62","1660","3140","0","52.87","35.0"
"10","004","00","005","0508","0258","589","389","200","28","617","1193","0","51.72","32.61"
"10","004","00","005","0508","0259","1009","710","299","34","1043","1947","0","53.57","36.47"
"10","004","00","005","0509","0000","647","450","197","32","679","1125","0","60.36","40.0"
"10","004","00","005","0509","0260","647","450","197","32","679","1125","0","60.36","40.0"
"10","004","00","005","0510","0000","1565","1074","491","56","1621","2783","0","58.25","38.59"
"10","004","00","005","0510","0261","576","416","160","38","614","1050","0","58.48","39.62"
"10","004","00","005","0510","0262","989","658","331","18","1007","1733","0","58.11","37.97"
"10","004","00","005","0511","0000","1336","941","395","54","1390","2346","0","59.25","40.11"
"10","004","00","005","0511","0263","725","491","234","33","758","1284","0","59.03","38.24"
"10","004","00","005","0511","0264","611","450","161","21","632","1062","0","59.51","42.37"
"10","004","00","005","0512","0000","815","579","236","53","868","1547","0","56.11","37.43"
"10","004","00","005","0512","0265","815","579","236","53","868","1547","0","56.11","37.43"
"10","004","00","005","0513","0000","1289","932","357","69","1358","2197","0","61.81","42.42"
"10","004","00","005","0513","0256","636","466","170","35","671","1082","0","62.01","43.07"
"10","004","00","005","0513","0257","653","466","187","34","687","1115","0","61.61","41.79"
"10","004","00","005","0514","0000","2531","1740","791","115","2646","5072","0","52.17","34.31"
"10","004","00","005","0514","0270","574","409","165","27","601","1058","0","56.81","38.66"
"10","004","00","005","0514","0271","509","334","175","20","529","1220","0","43.36","27.38"
"10","004","00","005","0514","0272","723","488","235","26","749","1333","0","56.19","36.61"
"10","004","00","005","0514","0273","725","509","216","42","767","1461","0","52.5","34.84"
"10","004","00","005","0515","0000","1647","1129","518","75","1722","3233","0","53.26","34.92"
"10","004","00","005","0515","0277","712","490","222","29","741","1495","0","49.57","32.78"
"10","004","00","005","0515","0278","406","293","113","27","433","752","0","57.58","38.96"
"10","004","00","005","0515","0279","529","346","183","19","548","986","0","55.58","35.09"
"10","004","00","005","0516","0000","2868","2023","845","86","2954","5896","0","50.1","34.31"
"10","004","00","005","0516","0266","744","536","208","30","774","1494","0","51.81","35.88"
"10","004","00","005","0516","0267","771","554","217","21","792","1634","0","48.47","33.9"
"10","004","00","005","0516","0268","673","461","212","16","689","1444","0","47.71","31.93"
"10","004","00","005","0516","0269","680","472","208","19","699","1324","0","52.79","35.65"
"10","004","00","005","0517","0000","1960","1332","628","47","2007","3370","0","59.55","39.53"
"10","004","00","005","0517","0254","908","624","284","26","934","1493","0","62.56","41.8"
"10","004","00","005","0517","0255","1052","708","344","21","1073","1877","0","57.17","37.72"
"10","004","00","005","0518","0000","1613","1171","442","85","1698","2876","0","59.04","40.72"
"10","004","00","005","0518","0248","684","482","202","53","737","1147","0","64.25","42.02"
"10","004","00","005","0518","0249","929","689","240","32","961","1729","0","55.58","39.85"
"10","004","00","005","0519","0000","2370","1696","674","78","2448","4123","0","59.37","41.14"
"10","004","00","005","0519","0235","746","512","234","18","764","1188","0","64.31","43.1"
"10","004","00","005","0519","0236","700","526","174","27","727","1267","0","57.38","41.52"
"10","004","00","005","0519","0237","924","658","266","33","957","1668","0","57.37","39.45"
"10","004","00","005","0520","0000","2114","1495","619","72","2186","4038","0","54.14","37.02"
"10","004","00","005","0520","0274","780","550","230","20","800","1429","0","55.98","38.49"
"10","004","00","005","0520","0275","702","487","215","14","716","1506","0","47.54","32.34"
"10","004","00","005","0520","0276","632","458","174","38","670","1103","0","60.74","41.52"
"10","004","00","006","0000","0000","24707","17326","7381","1014","25721","45790","56957","56.17","37.84"
"10","004","00","006","0601","0000","550","383","167","29","579","1080","0","53.61","35.46"
"10","004","00","006","0601","0280","550","383","167","29","579","1080","0","53.61","35.46"
"10","004","00","006","0602","0000","916","632","284","49","965","1799","0","53.64","35.13"
"10","004","00","006","0602","0288","453","294","159","23","476","824","0","57.77","35.68"
"10","004","00","006","0602","0289","463","338","125","26","489","975","0","50.15","34.67"
"10","004","00","006","0603","0000","955","639","316","51","1006","1841","0","54.64","34.71"
"10","004","00","006","0603","0281","444","289","155","24","468","887","0","52.76","32.58"
"10","004","00","006","0603","0282","511","350","161","27","538","954","0","56.39","36.69"
"10","004","00","006","0604","0000","1412","959","453","93","1505","2743","0","54.87","34.96"
"10","004","00","006","0604","0291","782","550","232","52","834","1477","0","56.47","37.24"
"10","004","00","006","0604","0292","630","409","221","41","671","1266","0","53.0","32.31"
"10","004","00","006","0605","0000","890","596","294","66","956","1765","0","54.16","33.77"
"10","004","00","006","0605","0286","476","318","158","40","516","891","0","57.91","35.69"
"10","004","00","006","0605","0287","414","278","136","26","440","874","0","50.34","31.81"
"10","004","00","006","0606","0000","479","325","154","30","509","847","0","60.09","38.37"
"10","004","00","006","0606","0290","479","325","154","30","509","847","0","60.09","38.37"
"10","004","00","006","0607","0000","1766","1244","522","71","1837","3232","0","56.84","38.49"
"10","004","00","006","0607","0283","549","403","146","29","578","1003","0","57.63","40.18"
"10","004","00","006","0607","0284","586","402","184","18","604","1106","0","54.61","36.35"
"10","004","00","006","0607","0285","631","439","192","24","655","1123","0","58.33","39.09"
"10","004","00","006","0608","0000","2790","1980","810","111","2901","5237","0","55.39","37.81"
"10","004","00","006","0608","0305","755","548","207","33","788","1302","0","60.52","42.09"
"10","004","00","006","0608","0306","763","548","215","26","789","1410","0","55.96","38.87"
"10","004","00","006","0608","0307","671","461","210","24","695","1267","0","54.85","36.39"
"10","004","00","006","0608","0308","601","423","178","28","629","1258","0","50.0","33.62"
"10","004","00","006","0609","0000","1061","772","289","75","1136","2092","0","54.3","36.9"
"10","004","00","006","0609","0293","517","380","137","44","561","1029","0","54.52","36.93"
"10","004","00","006","0609","0294","544","392","152","31","575","1063","0","54.09","36.88"
"10","004","00","006","0610","0000","1357","967","390","36","1393","2500","0","55.72","38.68"
"10","004","00","006","0610","0295","566","407","159","17","583","1055","0","55.26","38.58"
"10","004","00","006","0610","0296","791","560","231","19","810","1445","0","56.06","38.75"
"10","004","00","006","0611","0000","2473","1769","704","67","2540","4382","0","57.96","40.37"
"10","004","00","006","0611","0311","661","461","200","18","679","1157","0","58.69","39.84"
"10","004","00","006","0611","0312","556","405","151","24","580","1089","0","53.26","37.19"
"10","004","00","006","0611","0313","658","476","182","10","668","1160","0","57.59","41.03"
"10","004","00","006","0611","0314","598","427","171","15","613","976","0","62.81","43.75"
"10","004","00","006","0612","0000","767","543","224","22","789","1486","0","53.1","36.54"
"10","004","00","006","0612","0303","767","543","224","22","789","1486","0","53.1","36.54"
"10","004","00","006","0613","0000","634","447","187","37","671","1067","0","62.89","41.89"
"10","004","00","006","0613","0304","634","447","187","37","671","1067","0","62.89","41.89"
"10","004","00","006","0614","0000","2097","1437","660","64","2161","3519","0","61.41","40.84"
"10","004","00","006","0614","0297","845","581","264","22","867","1413","0","61.36","41.12"
"10","004","00","006","0614","0298","604","412","192","18","622","971","0","64.06","42.43"
"10","004","00","006","0614","0299","648","444","204","24","672","1135","0","59.21","39.12"
"10","004","00","006","0615","0000","2284","1598","686","79","2363","4188","0","56.42","38.16"
"10","004","00","006","0615","0300","657","463","194","26","683","1269","0","53.82","36.49"
"10","004","00","006","0615","0301","689","482","207","23","712","1257","0","56.64","38.35"
"10","004","00","006","0615","0302","938","653","285","30","968","1662","0","58.24","39.29"
"10","004","00","006","0616","0000","2882","2043","839","98","2980","5339","0","55.82","38.27"
"10","004","00","006","0616","0315","781","537","244","34","815","1443","0","56.48","37.21"
"10","004","00","006","0616","0316","612","435","177","24","636","1247","0","51.0","34.88"
"10","004","00","006","0616","0317","779","553","226","12","791","1411","0","56.06","39.19"
"10","004","00","006","0616","0318","710","518","192","28","738","1238","0","59.61","41.84"
"10","004","00","006","0617","0000","1394","992","402","36","1430","2673","0","53.5","37.11"
"10","004","00","006","0617","0309","614","414","200","12","626","1217","0","51.44","34.02"
"10","004","00","006","0617","0310","780","578","202","24","804","1456","0","55.22","39.7"
"10","004","00","007","0000","0000","9743","6800","2943","493","10236","17293","20043","59.19","39.32"
"10","004","00","007","0701","0000","363","206","157","17","380","534","0","71.16","38.58"
"10","004","00","007","0701","0320","363","206","157","17","380","534","0","71.16","38.58"
"10","004","00","007","0702","0000","240","162","78","6","246","417","0","58.99","38.85"
"10","004","00","007","0702","0319","240","162","78","6","246","417","0","58.99","38.85"
"10","004","00","007","0703","0000","538","376","162","28","566","963","0","58.77","39.04"
"10","004","00","007","0703","0321","538","376","162","28","566","963","0","58.77","39.04"
"10","004","00","007","0704","0000","251","172","79","22","273","418","0","65.31","41.15"
"10","004","00","007","0704","0322","251","172","79","22","273","418","0","65.31","41.15"
"10","004","00","007","0705","0000","1356","980","376","56","1412","2666","0","52.96","36.76"
"10","004","00","007","0705","0323","698","513","185","30","728","1312","0","55.49","39.1"
"10","004","00","007","0705","0324","658","467","191","26","684","1354","0","50.52","34.49"
"10","004","00","007","0706","0000","891","636","255","77","968","1582","0","61.19","40.2"
"10","004","00","007","0706","0325","446","302","144","31","477","785","0","60.76","38.47"
"10","004","00","007","0706","0326","445","334","111","46","491","797","0","61.61","41.91"
"10","004","00","007","0707","0000","384","269","115","17","401","623","0","64.37","43.18"
"10","004","00","007","0707","0327","384","269","115","17","401","623","0","64.37","43.18"
"10","004","00","007","0708","0000","432","309","123","22","454","759","0","59.82","40.71"
"10","004","00","007","0708","0328","432","309","123","22","454","759","0","59.82","40.71"
"10","004","00","007","0709","0000","1267","890","377","58","1325","2401","0","55.19","37.07"
"10","004","00","007","0709","0329","616","417","199","34","650","1272","0","51.1","32.78"
"10","004","00","007","0709","0330","651","473","178","24","675","1129","0","59.79","41.9"
"10","004","00","007","0710","0000","919","648","271","47","966","1552","0","62.24","41.75"
"10","004","00","007","0710","0331","419","293","126","25","444","713","0","62.27","41.09"
"10","004","00","007","0710","0332","500","355","145","22","522","839","0","62.22","42.31"
"10","004","00","007","0711","0000","2487","1720","767","102","2589","4276","0","60.55","40.22"
"10","004","00","007","0711","0333","719","537","182","24","743","1123","0","66.16","47.82"
"10","004","00","007","0711","0334","575","404","171","18","593","981","0","60.45","41.18"
"10","004","00","007","0711","0335","620","397","223","37","657","1078","0","60.95","36.83"
"10","004","00","007","0711","0336","573","382","191","23","596","1094","0","54.48","34.92"
"10","004","00","007","0712","0000","615","432","183","41","656","1102","0","59.53","39.2"
"10","004","00","007","0712","0337","615","432","183","41","656","1102","0","59.53","39.2"
"10","004","00","008","0000","0000","6296","4589","1707","426","6722","11346","13013","59.25","40.45"
"10","004","00","008","0801","0000","1923","1428","495","123","2046","3404","0","60.11","41.95"
"10","004","00","008","0801","0338","698","490","208","53","751","1231","0","61.01","39.81"
"10","004","00","008","0801","0339","566","466","100","43","609","1041","0","58.5","44.76"
"10","004","00","008","0801","0340","659","472","187","27","686","1132","0","60.6","41.7"
"10","004","00","008","0802","0000","514","364","150","25","539","859","0","62.75","42.37"
"10","004","00","008","0802","0341","514","364","150","25","539","859","0","62.75","42.37"
"10","004","00","008","0803","0000","106","74","32","15","121","204","0","59.31","36.27"
"10","004","00","008","0803","0342","106","74","32","15","121","204","0","59.31","36.27"
"10","004","00","008","0804","0000","98","73","25","4","102","222","0","45.95","32.88"
"10","004","00","008","0804","0343","98","73","25","4","102","222","0","45.95","32.88"
"10","004","00","008","0805","0000","195","128","67","24","219","338","0","64.79","37.87"
"10","004","00","008","0805","0344","195","128","67","24","219","338","0","64.79","37.87"
"10","004","00","008","0806","0000","470","339","131","25","495","916","0","54.04","37.01"
"10","004","00","008","0806","0345","470","339","131","25","495","916","0","54.04","37.01"
"10","004","00","008","0807","0000","213","160","53","16","229","463","0","49.46","34.56"
"10","004","00","008","0807","0348","213","160","53","16","229","463","0","49.46","34.56"
"10","004","00","008","0808","0000","546","400","146","45","591","978","0","60.43","40.9"
"10","004","00","008","0808","0349","403","293","110","37","440","690","0","63.77","42.46"
"10","004","00","008","0808","0350","143","107","36","8","151","288","0","52.43","37.15"
"10","004","00","008","0809","0000","914","662","252","65","979","1553","0","63.04","42.63"
"10","004","00","008","0809","0351","410","301","109","32","442","685","0","64.53","43.94"
"10","004","00","008","0809","0352","504","361","143","33","537","868","0","61.87","41.59"
"10","004","00","008","0810","0000","905","666","239","64","969","1561","0","62.08","42.66"
"10","004","00","008","0810","0353","905","666","239","64","969","1561","0","62.08","42.66"
"10","004","00","008","0811","0000","412","295","117","20","432","848","0","50.94","34.79"
"10","004","00","008","0811","0346","231","178","53","11","242","573","0","42.23","31.06"
"10","004","00","008","0811","0347","181","117","64","9","190","275","0","69.09","42.55"
"10","004","00","009","0000","0000","4440","3132","1308","218","4658","8180","9352","56.94","38.29"
"10","004","00","009","0901","0000","587","404","183","18","605","1158","0","52.25","34.89"
"10","004","00","009","0901","0354","587","404","183","18","605","1158","0","52.25","34.89"
"10","004","00","009","0902","0000","689","464","225","54","743","1238","0","60.02","37.48"
"10","004","00","009","0902","0355","689","464","225","54","743","1238","0","60.02","37.48"
"10","004","00","009","0903","0000","1412","1011","401","73","1485","2584","0","57.47","39.13"
"10","004","00","009","0903","0357","525","372","153","24","549","931","0","58.97","39.96"
"10","004","00","009","0903","0358","887","639","248","49","936","1653","0","56.62","38.66"
"10","004","00","009","0904","0000","458","327","131","26","484","845","0","57.28","38.7"
"10","004","00","009","0904","0359","458","327","131","26","484","845","0","57.28","38.7"
"10","004","00","009","0905","0000","218","170","48","5","223","384","0","58.07","44.27"
"10","004","00","009","0905","0360","218","170","48","5","223","384","0","58.07","44.27"
"10","004","00","009","0906","0000","418","297","121","12","430","763","0","56.36","38.93"
"10","004","00","009","0906","0361","418","297","121","12","430","763","0","56.36","38.93"
"10","004","00","009","0907","0000","328","226","102","14","342","580","0","58.97","38.97"
"10","004","00","009","0907","0356","328","226","102","14","342","580","0","58.97","38.97"
"10","004","00","009","0908","0000","174","109","65","11","185","333","0","55.56","32.73"
"10","004","00","009","0908","0362","174","109","65","11","185","333","0","55.56","32.73"
"10","004","00","009","0909","0000","156","124","32","5","161","295","0","54.58","42.03"
"10","004","00","009","0909","0363","156","124","32","5","161","295","0","54.58","42.03"
"10","004","00","010","0000","0000","7221","4929","2292","408","7629","12973","14681","58.81","37.99"
"10","004","00","010","1001","0000","1431","917","514","62","1493","2595","0","57.53","35.34"
"10","004","00","010","1001","0364","630","416","214","44","674","1158","0","58.2","35.92"
"10","004","00","010","1001","0365","801","501","300","18","819","1437","0","56.99","34.86"
"10","004","00","010","1002","0000","1020","715","305","84","1104","1900","0","58.11","37.63"
"10","004","00","010","1002","0368","1020","715","305","84","1104","1900","0","58.11","37.63"
"10","004","00","010","1003","0000","525","358","167","19","544","1056","0","51.52","33.9"
"10","004","00","010","1003","0369","525","358","167","19","544","1056","0","51.52","33.9"
"10","004","00","010","1004","0000","708","501","207","50","758","1205","0","62.9","41.58"
"10","004","00","010","1004","0370","708","501","207","50","758","1205","0","62.9","41.58"
"10","004","00","010","1005","0000","484","345","139","35","519","846","0","61.35","40.78"
"10","004","00","010","1005","0372","484","345","139","35","519","846","0","61.35","40.78"
"10","004","00","010","1006","0000","404","312","92","33","437","766","0","57.05","40.73"
"10","004","00","010","1006","0371","404","312","92","33","437","766","0","57.05","40.73"
"10","004","00","010","1007","0000","349","225","124","15","364","554","0","65.7","40.61"
"10","004","00","010","1007","0375","349","225","124","15","364","554","0","65.7","40.61"
"10","004","00","010","1008","0000","463","317","146","29","492","804","0","61.19","39.43"
"10","004","00","010","1008","0373","463","317","146","29","492","804","0","61.19","39.43"
"10","004","00","010","1009","0000","358","248","110","13","371","607","0","61.12","40.86"
"10","004","00","010","1009","0374","358","248","110","13","371","607","0","61.12","40.86"
"10","004","00","010","1010","0000","1479","991","488","68","1547","2640","0","58.6","37.54"
"10","004","00","010","1010","0366","804","546","258","31","835","1470","0","56.8","37.14"
"10","004","00","010","1010","0367","675","445","230","37","712","1170","0","60.85","38.03"
"10","004","00","011","0000","0000","2867","2098","769","208","3075","5068","5638","60.67","41.4"
"10","004","00","011","1101","0000","532","394","138","44","576","879","0","65.53","44.82"
"10","004","00","011","1101","0376","532","394","138","44","576","879","0","65.53","44.82"
"10","004","00","011","1102","0000","399","283","116","34","433","683","0","63.4","41.43"
"10","004","00","011","1102","0377","399","283","116","34","433","683","0","63.4","41.43"
"10","004","00","011","1103","0000","342","251","91","25","367","604","0","60.76","41.56"
"10","004","00","011","1103","0378","342","251","91","25","367","604","0","60.76","41.56"
"10","004","00","011","1104","0000","807","593","214","51","858","1406","0","61.02","42.18"
"10","004","00","011","1104","0381","807","593","214","51","858","1406","0","61.02","42.18"
"10","004","00","011","1105","0000","303","227","76","21","324","615","0","52.68","36.91"
"10","004","00","011","1105","0379","184","137","47","15","199","339","0","58.7","40.41"
"10","004","00","011","1105","0380","119","90","29","6","125","276","0","45.29","32.61"
"10","004","00","011","1106","0000","484","350","134","33","517","881","0","58.68","39.73"
"10","004","00","011","1106","0382","269","211","58","20","289","462","0","62.55","45.67"
"10","004","00","011","1106","0383","215","139","76","13","228","419","0","54.42","33.17"
"10","004","00","012","0000","0000","4144","3206","938","150","4294","7364","9683","58.31","43.54"
"10","004","00","012","1201","0000","323","251","72","17","340","599","0","56.76","41.9"
"10","004","00","012","1201","0386","99","75","24","12","111","225","0","49.33","33.33"
"10","004","00","012","1201","0387","224","176","48","5","229","374","0","61.23","47.06"
"10","004","00","012","1202","0000","438","333","105","12","450","831","0","54.15","40.07"
"10","004","00","012","1202","0384","236","180","56","5","241","474","0","50.84","37.97"
"10","004","00","012","1202","0385","202","153","49","7","209","357","0","58.54","42.86"
"10","004","00","012","1203","0000","762","624","138","30","792","1263","0","62.71","49.41"
"10","004","00","012","1203","0388","422","329","93","17","439","773","0","56.79","42.56"
"10","004","00","012","1203","0389","340","295","45","13","353","490","0","72.04","60.2"
"10","004","00","012","1204","0000","414","332","82","17","431","613","0","70.31","54.16"
"10","004","00","012","1204","0392","414","332","82","17","431","613","0","70.31","54.16"
"10","004","00","012","1205","0000","662","527","135","18","680","1191","0","57.09","44.25"
"10","004","00","012","1205","0390","267","206","61","5","272","531","0","51.22","38.79"
"10","004","00","012","1205","0391","395","321","74","13","408","660","0","61.82","48.64"
"10","004","00","012","1206","0000","728","518","210","22","750","1294","0","57.96","40.03"
"10","004","00","012","1206","0393","322","215","107","5","327","593","0","55.14","36.26"
"10","004","00","012","1206","0394","325","242","83","14","339","575","0","58.96","42.09"
"10","004","00","012","1206","0395","81","61","20","3","84","126","0","66.67","48.41"
"10","004","00","012","1207","0000","817","621","196","34","851","1573","0","54.1","39.48"
"10","004","00","012","1207","0396","278","237","41","4","282","499","0","56.51","47.49"
"10","004","00","012","1207","0397","350","255","95","17","367","785","0","46.75","32.48"
"10","004","00","012","1207","0398","189","129","60","13","202","289","0","69.9","44.64"
"10","004","00","013","0000","0000","2116","1584","532","74","2190","3997","4802","54.79","39.63"
"10","004","00","013","1301","0000","760","578","182","31","791","1385","0","57.11","41.73"
"10","004","00","013","1301","0399","414","331","83","14","428","672","0","63.69","49.26"
"10","004","00","013","1301","0400","346","247","99","17","363","713","0","50.91","34.64"
"10","004","00","013","1302","0000","404","308","96","8","412","727","0","56.67","42.37"
"10","004","00","013","1302","0403","404","308","96","8","412","727","0","56.67","42.37"
"10","004","00","013","1303","0000","232","164","68","5","237","395","0","60.0","41.52"
"10","004","00","013","1303","0404","232","164","68","5","237","395","0","60.0","41.52"
"10","004","00","013","1304","0000","720","534","186","30","750","1490","0","50.34","35.84"
"10","004","00","013","1304","0401","270","197","73","2","272","594","0","45.79","33.16"
"10","004","00","013","1304","0402","450","337","113","28","478","896","0","53.35","37.61"
"10","005","00","000","0000","0000","249737","175397","74340","13713","263450","461580","549798","57.08","38.0"
"10","005","00","001","0000","0000","41096","29311","11785","1864","42960","74249","88300","57.86","39.48"
"10","005","00","001","0101","0000","601","435","166","29","630","1087","0","57.96","40.02"
"10","005","00","001","0101","0001","601","435","166","29","630","1087","0","57.96","40.02"
"10","005","00","001","0102","0000","2257","1657","600","115","2372","4075","0","58.21","40.66"
"10","005","00","001","0102","0049","595","447","148","48","643","1003","0","64.11","44.57"
"10","005","00","001","0102","0050","492","389","103","17","509","1000","0","50.9","38.9"
"10","005","00","001","0102","0051","569","393","176","22","591","1047","0","56.45","37.54"
"10","005","00","001","0102","0052","601","428","173","28","629","1025","0","61.37","41.76"
"10","005","00","001","0103","0000","546","386","160","23","569","1018","0","55.89","37.92"
"10","005","00","001","0103","0002","546","386","160","23","569","1018","0","55.89","37.92"
"10","005","00","001","0104","0000","1278","918","360","69","1347","2234","0","60.3","41.09"
"10","005","00","001","0104","0009","626","443","183","33","659","1115","0","59.1","39.73"
"10","005","00","001","0104","0010","652","475","177","36","688","1119","0","61.48","42.45"
"10","005","00","001","0105","0000","2119","1508","611","82","2201","3685","0","59.73","40.92"
"10","005","00","001","0105","0011","674","473","201","22","696","1132","0","61.48","41.78"
"10","005","00","001","0105","0012","718","529","189","29","747","1289","0","57.95","41.04"
"10","005","00","001","0105","0013","727","506","221","31","758","1264","0","59.97","40.03"
"10","005","00","001","0106","0000","2091","1516","575","122","2213","3702","0","59.78","40.95"
"10","005","00","001","0106","0006","684","485","199","37","721","1203","0","59.93","40.32"
"10","005","00","001","0106","0007","736","545","191","46","782","1306","0","59.88","41.73"
"10","005","00","001","0106","0008","671","486","185","39","710","1193","0","59.51","40.74"
"10","005","00","001","0107","0000","1815","1312","503","93","1908","3358","0","56.82","39.07"
"10","005","00","001","0107","0003","622","452","170","19","641","1156","0","55.45","39.1"
"10","005","00","001","0107","0004","599","444","155","31","630","1118","0","56.35","39.71"
"10","005","00","001","0107","0005","594","416","178","43","637","1084","0","58.76","38.38"
"10","005","00","001","0108","0000","474","366","108","20","494","870","0","56.78","42.07"
"10","005","00","001","0108","0014","474","366","108","20","494","870","0","56.78","42.07"
"10","005","00","001","0109","0000","1631","1163","468","110","1741","3163","0","55.04","36.77"
"10","005","00","001","0109","0015","470","337","133","44","514","1008","0","50.99","33.43"
"10","005","00","001","0109","0016","535","379","156","37","572","1078","0","53.06","35.16"
"10","005","00","001","0109","0017","626","447","179","29","655","1077","0","60.82","41.5"
"10","005","00","001","0110","0000","463","339","124","40","503","894","0","56.26","37.92"
"10","005","00","001","0110","0019","463","339","124","40","503","894","0","56.26","37.92"
"10","005","00","001","0111","0000","285","216","69","20","305","522","0","58.43","41.38"
"10","005","00","001","0111","0020","285","216","69","20","305","522","0","58.43","41.38"
"10","005","00","001","0112","0000","505","360","145","15","520","880","0","59.09","40.91"
"10","005","00","001","0112","0018","505","360","145","15","520","880","0","59.09","40.91"
"10","005","00","001","0113","0000","2296","1628","668","105","2401","3964","0","60.57","41.07"
"10","005","00","001","0113","0024","680","474","206","31","711","1272","0","55.9","37.26"
"10","005","00","001","0113","0025","667","478","189","38","705","1112","0","63.4","42.99"
"10","005","00","001","0113","0026","528","379","149","19","547","813","0","67.28","46.62"
"10","005","00","001","0113","0027","421","297","124","17","438","767","0","57.11","38.72"
"10","005","00","001","0114","0000","822","549","273","51","873","1376","0","63.44","39.9"
"10","005","00","001","0114","0021","822","549","273","51","873","1376","0","63.44","39.9"
"10","005","00","001","0115","0000","943","648","295","37","980","1597","0","61.37","40.58"
"10","005","00","001","0115","0031","352","238","114","13","365","607","0","60.13","39.21"
"10","005","00","001","0115","0032","591","410","181","24","615","990","0","62.12","41.41"
"10","005","00","001","0116","0000","2738","1934","804","164","2902","5087","0","57.05","38.02"
"10","005","00","001","0116","0033","590","425","165","79","669","1230","0","54.39","34.55"
"10","005","00","001","0116","0034","763","544","219","33","796","1372","0","58.02","39.65"
"10","005","00","001","0116","0035","686","474","212","26","712","1213","0","58.7","39.08"
"10","005","00","001","0116","0036","699","491","208","26","725","1272","0","57.0","38.6"
"10","005","00","001","0117","0000","1742","1230","512","62","1804","3157","0","57.14","38.96"
"10","005","00","001","0117","0028","561","382","179","19","580","1010","0","57.43","37.82"
"10","005","00","001","0117","0029","643","462","181","25","668","1182","0","56.51","39.09"
"10","005","00","001","0117","0030","538","386","152","18","556","965","0","57.62","40.0"
"10","005","00","001","0118","0000","1961","1419","542","66","2027","3496","0","57.98","40.59"
"10","005","00","001","0118","0037","732","562","170","18","750","1221","0","61.43","46.03"
"10","005","00","001","0118","0038","610","419","191","38","648","1104","0","58.7","37.95"
"10","005","00","001","0118","0039","619","438","181","10","629","1171","0","53.71","37.4"
"10","005","00","001","0119","0000","2288","1623","665","97","2385","4135","0","57.68","39.25"
"10","005","00","001","0119","0040","737","530","207","45","782","1392","0","56.18","38.07"
"10","005","00","001","0119","0041","771","550","221","25","796","1356","0","58.7","40.56"
"10","005","00","001","0119","0042","780","543","237","27","807","1387","0","58.18","39.15"
"10","005","00","001","0120","0000","612","454","158","35","647","1180","0","54.83","38.47"
"10","005","00","001","0120","0063","612","454","158","35","647","1180","0","54.83","38.47"
"10","005","00","001","0121","0000","2095","1470","625","60","2155","3644","0","59.14","40.34"
"10","005","00","001","0121","0057","673","477","196","18","691","1125","0","61.42","42.4"
"10","005","00","001","0121","0058","677","476","201","18","695","1241","0","56.0","38.36"
"10","005","00","001","0121","0059","745","517","228","24","769","1278","0","60.17","40.45"
"10","005","00","001","0122","0000","2720","1933","787","90","2810","5200","0","54.04","37.17"
"10","005","00","001","0122","0053","595","429","166","15","610","1130","0","53.98","37.96"
"10","005","00","001","0122","0054","633","429","204","20","653","1146","0","56.98","37.43"
"10","005","00","001","0122","0055","802","561","241","33","835","1432","0","58.31","39.18"
"10","005","00","001","0122","0056","690","514","176","22","712","1492","0","47.72","34.45"
"10","005","00","001","0123","0000","1355","967","388","67","1422","2472","0","57.52","39.12"
"10","005","00","001","0123","0022","737","521","216","32","769","1391","0","55.28","37.46"
"10","005","00","001","0123","0023","618","446","172","35","653","1081","0","60.41","41.26"
"10","005","00","001","0124","0000","832","572","260","34","866","1665","0","52.01","34.35"
"10","005","00","001","0124","0066","407","295","112","19","426","796","0","53.52","37.06"
"10","005","00","001","0124","0067","425","277","148","15","440","869","0","50.63","31.88"
"10","005","00","001","0125","0000","1927","1352","575","67","1994","3412","0","58.44","39.62"
"10","005","00","001","0125","0043","650","451","199","25","675","1206","0","55.97","37.4"
"10","005","00","001","0125","0044","618","439","179","23","641","1004","0","63.84","43.73"
"10","005","00","001","0125","0045","659","462","197","19","678","1202","0","56.41","38.44"
"10","005","00","001","0126","0000","1745","1263","482","88","1833","2900","0","63.21","43.55"
"10","005","00","001","0126","0046","613","430","183","28","641","1052","0","60.93","40.87"
"10","005","00","001","0126","0047","518","385","133","21","539","873","0","61.74","44.1"
"10","005","00","001","0126","0048","614","448","166","39","653","975","0","66.97","45.95"
"10","005","00","001","0127","0000","1108","784","324","34","1142","1984","0","57.56","39.52"
"10","005","00","001","0127","0064","621","426","195","15","636","1072","0","59.33","39.74"
"10","005","00","001","0127","0065","487","358","129","19","506","912","0","55.48","39.25"
"10","005","00","001","0128","0000","1847","1309","538","69","1916","3492","0","54.87","37.49"
"10","005","00","001","0128","0060","706","528","178","20","726","1293","0","56.15","40.84"
"10","005","00","001","0128","0061","692","470","222","23","715","1342","0","53.28","35.02"
"10","005","00","001","0128","0062","449","311","138","26","475","857","0","55.43","36.29"
"10","005","00","002","0000","0000","21169","14746","6423","1276","22445","38890","45367","57.71","37.92"
"10","005","00","002","0201","0000","1248","879","369","56","1304","2219","0","58.77","39.61"
"10","005","00","002","0201","0183","495","344","151","29","524","873","0","60.02","39.4"
"10","005","00","002","0201","0184","753","535","218","27","780","1346","0","57.95","39.75"
"10","005","00","002","0202","0000","933","676","257","55","988","1566","0","63.09","43.17"
"10","005","00","002","0202","0185","597","415","182","35","632","951","0","66.46","43.64"
"10","005","00","002","0202","0186","336","261","75","20","356","615","0","57.89","42.44"
"10","005","00","002","0203","0000","517","382","135","33","550","878","0","62.64","43.51"
"10","005","00","002","0203","0187","517","382","135","33","550","878","0","62.64","43.51"
"10","005","00","002","0204","0000","875","622","253","48","923","1543","0","59.82","40.31"
"10","005","00","002","0204","0188","456","313","143","19","475","767","0","61.93","40.81"
"10","005","00","002","0204","0189","419","309","110","29","448","776","0","57.73","39.82"
"10","005","00","002","0205","0000","623","446","177","48","671","1231","0","54.51","36.23"
"10","005","00","002","0205","0190","623","446","177","48","671","1231","0","54.51","36.23"
"10","005","00","002","0206","0000","1117","773","344","54","1171","1995","0","58.7","38.75"
"10","005","00","002","0206","0191","661","452","209","29","690","1145","0","60.26","39.48"
"10","005","00","002","0206","0192","456","321","135","25","481","850","0","56.59","37.76"
"10","005","00","002","0207","0000","546","384","162","41","587","1052","0","55.8","36.5"
"10","005","00","002","0207","0193","546","384","162","41","587","1052","0","55.8","36.5"
"10","005","00","002","0208","0000","1237","834","403","79","1316","2250","0","58.49","37.07"
"10","005","00","002","0208","0194","605","418","187","34","639","1114","0","57.36","37.52"
"10","005","00","002","0208","0195","632","416","216","45","677","1136","0","59.6","36.62"
"10","005","00","002","0209","0000","2190","1531","659","108","2298","3922","0","58.59","39.04"
"10","005","00","002","0209","0196","642","449","193","37","679","1194","0","56.87","37.6"
"10","005","00","002","0209","0197","870","623","247","36","906","1579","0","57.38","39.46"
"10","005","00","002","0209","0198","678","459","219","35","713","1149","0","62.05","39.95"
"10","005","00","002","0210","0000","1146","773","373","63","1209","2158","0","56.02","35.82"
"10","005","00","002","0210","0199","604","395","209","39","643","1057","0","60.83","37.37"
"10","005","00","002","0210","0200","542","378","164","24","566","1101","0","51.41","34.33"
"10","005","00","002","0211","0000","427","282","145","29","456","912","0","50.0","30.92"
"10","005","00","002","0211","0201","427","282","145","29","456","912","0","50.0","30.92"
"10","005","00","002","0212","0000","335","228","107","33","368","652","0","56.44","34.97"
"10","005","00","002","0212","0202","335","228","107","33","368","652","0","56.44","34.97"
"10","005","00","002","0213","0000","722","497","225","58","780","1348","0","57.86","36.87"
"10","005","00","002","0213","0203","722","497","225","58","780","1348","0","57.86","36.87"
"10","005","00","002","0214","0000","698","489","209","30","728","1395","0","52.19","35.05"
"10","005","00","002","0214","0204","368","254","114","16","384","733","0","52.39","34.65"
"10","005","00","002","0214","0205","330","235","95","14","344","662","0","51.96","35.5"
"10","005","00","002","0215","0000","1008","702","306","61","1069","1803","0","59.29","38.94"
"10","005","00","002","0215","0206","490","331","159","30","520","893","0","58.23","37.07"
"10","005","00","002","0215","0207","518","371","147","31","549","910","0","60.33","40.77"
"10","005","00","002","0216","0000","659","448","211","48","707","1270","0","55.67","35.28"
"10","005","00","002","0216","0208","659","448","211","48","707","1270","0","55.67","35.28"
"10","005","00","002","0217","0000","270","185","85","22","292","545","0","53.58","33.94"
"10","005","00","002","0217","0209","270","185","85","22","292","545","0","53.58","33.94"
"10","005","00","002","0218","0000","468","358","110","35","503","792","0","63.51","45.2"
"10","005","00","002","0218","0210","468","358","110","35","503","792","0","63.51","45.2"
"10","005","00","002","0219","0000","1325","914","411","65","1390","2316","0","60.02","39.46"
"10","005","00","002","0219","0218","617","426","191","24","641","1082","0","59.24","39.37"
"10","005","00","002","0219","0219","708","488","220","41","749","1234","0","60.7","39.55"
"10","005","00","002","0220","0000","799","562","237","41","840","1609","0","52.21","34.93"
"10","005","00","002","0220","0212","360","251","109","10","370","827","0","44.74","30.35"
"10","005","00","002","0220","0213","439","311","128","31","470","782","0","60.1","39.77"
"10","005","00","002","0221","0000","837","567","270","64","901","1634","0","55.14","34.7"
"10","005","00","002","0221","0214","406","291","115","29","435","788","0","55.2","36.93"
"10","005","00","002","0221","0215","431","276","155","35","466","846","0","55.08","32.62"
"10","005","00","002","0222","0000","978","684","294","77","1055","1771","0","59.57","38.62"
"10","005","00","002","0222","0216","467","322","145","38","505","828","0","60.99","38.89"
"10","005","00","002","0222","0217","511","362","149","39","550","943","0","58.32","38.39"
"10","005","00","002","0223","0000","397","266","131","20","417","726","0","57.44","36.64"
"10","005","00","002","0223","0211","397","266","131","20","417","726","0","57.44","36.64"
"10","005","00","002","0224","0000","739","511","228","48","787","1434","0","54.88","35.63"
"10","005","00","002","0224","0220","739","511","228","48","787","1434","0","54.88","35.63"
"10","005","00","002","0225","0000","1075","753","322","60","1135","1869","0","60.73","40.29"
"10","005","00","002","0225","0221","542","396","146","29","571","987","0","57.85","40.12"
"10","005","00","002","0225","0222","533","357","176","31","564","882","0","63.95","40.48"
"10","005","00","003","0000","0000","15343","10718","4625","995","16338","29709","34122","54.99","36.08"
"10","005","00","003","0301","0000","623","401","222","49","672","1142","0","58.84","35.11"
"10","005","00","003","0301","0149","623","401","222","49","672","1142","0","58.84","35.11"
"10","005","00","003","0302","0000","1104","786","318","79","1183","1952","0","60.6","40.27"
"10","005","00","003","0302","0150","538","370","168","39","577","884","0","65.27","41.86"
"10","005","00","003","0302","0151","566","416","150","40","606","1068","0","56.74","38.95"
"10","005","00","003","0303","0000","1168","840","328","46","1214","1868","0","64.99","44.97"
"10","005","00","003","0303","0152","620","443","177","31","651","1009","0","64.52","43.9"
"10","005","00","003","0303","0153","548","397","151","15","563","859","0","65.54","46.22"
"10","005","00","003","0304","0000","905","662","243","32","937","1551","0","60.41","42.68"
"10","005","00","003","0304","0157","500","363","137","20","520","761","0","68.33","47.7"
"10","005","00","003","0304","0158","405","299","106","12","417","790","0","52.78","37.85"
"10","005","00","003","0305","0000","377","273","104","31","408","686","0","59.48","39.8"
"10","005","00","003","0305","0156","377","273","104","31","408","686","0","59.48","39.8"
"10","005","00","003","0306","0000","1400","1023","377","83","1483","2709","0","54.74","37.76"
"10","005","00","003","0306","0159","510","359","151","24","534","966","0","55.28","37.16"
"10","005","00","003","0306","0160","471","353","118","34","505","972","0","51.95","36.32"
"10","005","00","003","0306","0161","419","311","108","25","444","771","0","57.59","40.34"
"10","005","00","003","0307","0000","343","225","118","17","360","684","0","52.63","32.89"
"10","005","00","003","0307","0168","343","225","118","17","360","684","0","52.63","32.89"
"10","005","00","003","0308","0000","416","296","120","29","445","943","0","47.19","31.39"
"10","005","00","003","0308","0169","416","296","120","29","445","943","0","47.19","31.39"
"10","005","00","003","0309","0000","445","313","132","35","480","790","0","60.76","39.62"
"10","005","00","003","0309","0170","445","313","132","35","480","790","0","60.76","39.62"
"10","005","00","003","0310","0000","288","212","76","8","296","673","0","43.98","31.5"
"10","005","00","003","0310","0171","288","212","76","8","296","673","0","43.98","31.5"
"10","005","00","003","0311","0000","603","440","163","49","652","1232","0","52.92","35.71"
"10","005","00","003","0311","0172","603","440","163","49","652","1232","0","52.92","35.71"
"10","005","00","003","0312","0000","701","501","200","57","758","1286","0","58.94","38.96"
"10","005","00","003","0312","0173","701","501","200","57","758","1286","0","58.94","38.96"
"10","005","00","003","0313","0000","723","494","229","53","776","1418","0","54.72","34.84"
"10","005","00","003","0313","0174","363","255","108","25","388","649","0","59.78","39.29"
"10","005","00","003","0313","0175","360","239","121","28","388","769","0","50.46","31.08"
"10","005","00","003","0314","0000","896","596","300","55","951","1836","0","51.8","32.46"
"10","005","00","003","0314","0162","339","222","117","27","366","758","0","48.28","29.29"
"10","005","00","003","0314","0163","557","374","183","28","585","1078","0","54.27","34.69"
"10","005","00","003","0315","0000","178","124","54","21","199","459","0","43.36","27.02"
"10","005","00","003","0315","0164","178","124","54","21","199","459","0","43.36","27.02"
"10","005","00","003","0316","0000","419","301","118","30","449","894","0","50.22","33.67"
"10","005","00","003","0316","0165","419","301","118","30","449","894","0","50.22","33.67"
"10","005","00","003","0317","0000","148","99","49","11","159","402","0","39.55","24.63"
"10","005","00","003","0317","0166","148","99","49","11","159","402","0","39.55","24.63"
"10","005","00","003","0318","0000","412","290","122","22","434","802","0","54.11","36.16"
"10","005","00","003","0318","0167","412","290","122","22","434","802","0","54.11","36.16"
"10","005","00","003","0319","0000","1115","744","371","106","1221","2286","0","53.41","32.55"
"10","005","00","003","0319","0176","586","389","197","60","646","1148","0","56.27","33.89"
"10","005","00","003","0319","0177","529","355","174","46","575","1138","0","50.53","31.2"
"10","005","00","003","0320","0000","542","383","159","49","591","1121","0","52.72","34.17"
"10","005","00","003","0320","0178","542","383","159","49","591","1121","0","52.72","34.17"
"10","005","00","003","0321","0000","406","262","144","21","427","769","0","55.53","34.07"
"10","005","00","003","0321","0179","406","262","144","21","427","769","0","55.53","34.07"
"10","005","00","003","0322","0000","700","468","232","51","751","1415","0","53.07","33.07"
"10","005","00","003","0322","0180","299","199","100","12","311","616","0","50.49","32.31"
"10","005","00","003","0322","0181","401","269","132","39","440","799","0","55.07","33.67"
"10","005","00","003","0323","0000","365","247","118","21","386","743","0","51.95","33.24"
"10","005","00","003","0323","0182","365","247","118","21","386","743","0","51.95","33.24"
"10","005","00","003","0324","0000","1066","738","328","40","1106","2048","0","54.0","36.04"
"10","005","00","003","0324","0154","587","397","190","22","609","1040","0","58.56","38.17"
"10","005","00","003","0324","0155","479","341","138","18","497","1008","0","49.31","33.83"
"10","005","00","004","0000","0000","36968","25657","11311","1650","38618","68528","86056","56.35","37.44"
"10","005","00","004","0401","0000","1110","745","365","37","1147","1912","0","59.99","38.96"
"10","005","00","004","0401","0270","647","415","232","9","656","1086","0","60.41","38.21"
"10","005","00","004","0401","0271","463","330","133","28","491","826","0","59.44","39.95"
"10","005","00","004","0402","0000","1797","1224","573","113","1910","3302","0","57.84","37.07"
"10","005","00","004","0402","0272","531","336","195","30","561","1051","0","53.38","31.97"
"10","005","00","004","0402","0273","699","506","193","32","731","1235","0","59.19","40.97"
"10","005","00","004","0402","0274","567","382","185","51","618","1016","0","60.83","37.6"
"10","005","00","004","0403","0000","1401","941","460","46","1447","2773","0","52.18","33.93"
"10","005","00","004","0403","0275","766","509","257","30","796","1472","0","54.08","34.58"
"10","005","00","004","0403","0276","635","432","203","16","651","1301","0","50.04","33.21"
"10","005","00","004","0404","0000","2312","1562","750","83","2395","4519","0","53.0","34.57"
"10","005","00","004","0404","0277","763","510","253","23","786","1544","0","50.91","33.03"
"10","005","00","004","0404","0278","805","545","260","25","830","1512","0","54.89","36.04"
"10","005","00","004","0404","0279","744","507","237","35","779","1463","0","53.25","34.65"
"10","005","00","004","0405","0000","2962","2037","925","79","3041","5258","0","57.84","38.74"
"10","005","00","004","0405","0280","552","356","196","17","569","1073","0","53.03","33.18"
"10","005","00","004","0405","0281","807","551","256","22","829","1453","0","57.05","37.92"
"10","005","00","004","0405","0282","741","516","225","15","756","1245","0","60.72","41.45"
"10","005","00","004","0405","0283","862","614","248","25","887","1487","0","59.65","41.29"
"10","005","00","004","0406","0000","1884","1291","593","81","1965","3445","0","57.04","37.47"
"10","005","00","004","0406","0284","574","410","164","29","603","1018","0","59.23","40.28"
"10","005","00","004","0406","0285","635","422","213","23","658","1105","0","59.55","38.19"
"10","005","00","004","0406","0286","675","459","216","29","704","1322","0","53.25","34.72"
"10","005","00","004","0407","0000","1954","1387","567","81","2035","3343","0","60.87","41.49"
"10","005","00","004","0407","0287","648","471","177","18","666","1140","0","58.42","41.32"
"10","005","00","004","0407","0288","625","436","189","30","655","1067","0","61.39","40.86"
"10","005","00","004","0407","0289","681","480","201","33","714","1136","0","62.85","42.25"
"10","005","00","004","0408","0000","1649","1126","523","74","1723","3237","0","53.23","34.79"
"10","005","00","004","0408","0290","633","446","187","20","653","1253","0","52.11","35.59"
"10","005","00","004","0408","0291","482","330","152","31","513","963","0","53.27","34.27"
"10","005","00","004","0408","0292","534","350","184","23","557","1021","0","54.55","34.28"
"10","005","00","004","0409","0000","1174","831","343","68","1242","2111","0","58.83","39.37"
"10","005","00","004","0409","0297","532","352","180","31","563","989","0","56.93","35.59"
"10","005","00","004","0409","0298","642","479","163","37","679","1122","0","60.52","42.69"
"10","005","00","004","0410","0000","2323","1656","667","83","2406","4607","0","52.22","35.95"
"10","005","00","004","0410","0299","509","330","179","17","526","1111","0","47.34","29.7"
"10","005","00","004","0410","0300","584","431","153","33","617","1036","0","59.56","41.6"
"10","005","00","004","0410","0301","542","403","139","18","560","1112","0","50.36","36.24"
"10","005","00","004","0410","0302","688","492","196","15","703","1348","0","52.15","36.5"
"10","005","00","004","0411","0000","617","433","184","37","654","1059","0","61.76","40.89"
"10","005","00","004","0411","0306","617","433","184","37","654","1059","0","61.76","40.89"
"10","005","00","004","0412","0000","1619","1103","516","67","1686","2834","0","59.49","38.92"
"10","005","00","004","0412","0307","506","338","168","19","525","869","0","60.41","38.9"
"10","005","00","004","0412","0308","430","295","135","20","450","800","0","56.25","36.88"
"10","005","00","004","0412","0309","683","470","213","28","711","1165","0","61.03","40.34"
"10","005","00","004","0413","0000","808","568","240","44","852","1468","0","58.04","38.69"
"10","005","00","004","0413","0310","441","303","138","21","462","791","0","58.41","38.31"
"10","005","00","004","0413","0311","367","265","102","23","390","677","0","57.61","39.14"
"10","005","00","004","0414","0000","1123","797","326","61","1184","1988","0","59.56","40.09"
"10","005","00","004","0414","0312","478","327","151","43","521","797","0","65.37","41.03"
"10","005","00","004","0414","0313","645","470","175","18","663","1191","0","55.67","39.46"
"10","005","00","004","0415","0000","531","359","172","16","547","1027","0","53.26","34.96"
"10","005","00","004","0415","0314","531","359","172","16","547","1027","0","53.26","34.96"
"10","005","00","004","0416","0000","2098","1487","611","77","2175","3935","0","55.27","37.79"
"10","005","00","004","0416","0315","762","552","210","27","789","1341","0","58.84","41.16"
"10","005","00","004","0416","0316","671","474","197","33","704","1378","0","51.09","34.4"
"10","005","00","004","0416","0317","665","461","204","17","682","1216","0","56.09","37.91"
"10","005","00","004","0417","0000","1133","833","300","54","1187","2108","0","56.31","39.52"
"10","005","00","004","0417","0318","816","600","216","31","847","1570","0","53.95","38.22"
"10","005","00","004","0417","0319","317","233","84","23","340","538","0","63.2","43.31"
"10","005","00","004","0418","0000","560","424","136","26","586","1166","0","50.26","36.36"
"10","005","00","004","0418","0320","560","424","136","26","586","1166","0","50.26","36.36"
"10","005","00","004","0419","0000","2098","1456","642","78","2176","4119","0","52.83","35.35"
"10","005","00","004","0419","0321","763","502","261","17","780","1488","0","52.42","33.74"
"10","005","00","004","0419","0322","714","517","197","18","732","1449","0","50.52","35.68"
"10","005","00","004","0419","0323","621","437","184","43","664","1182","0","56.18","36.97"
"10","005","00","004","0420","0000","1127","765","362","116","1243","2158","0","57.6","35.45"
"10","005","00","004","0420","0324","600","391","209","72","672","1175","0","57.19","33.28"
"10","005","00","004","0420","0325","527","374","153","44","571","983","0","58.09","38.05"
"10","005","00","004","0421","0000","1995","1366","629","103","2098","3715","0","56.47","36.77"
"10","005","00","004","0421","0326","290","201","89","19","309","492","0","62.8","40.85"
"10","005","00","004","0421","0327","594","398","196","29","623","1074","0","58.01","37.06"
"10","005","00","004","0421","0328","443","303","140","31","474","852","0","55.63","35.56"
"10","005","00","004","0421","0329","668","464","204","24","692","1297","0","53.35","35.77"
"10","005","00","004","0422","0000","526","358","168","33","559","1028","0","54.38","34.82"
"10","005","00","004","0422","0330","526","358","168","33","559","1028","0","54.38","34.82"
"10","005","00","004","0423","0000","1743","1211","532","87","1830","3111","0","58.82","38.93"
"10","005","00","004","0423","0303","637","418","219","21","658","1114","0","59.07","37.52"
"10","005","00","004","0423","0304","632","437","195","42","674","1119","0","60.23","39.05"
"10","005","00","004","0423","0305","474","356","118","24","498","878","0","56.72","40.55"
"10","005","00","004","0424","0000","1184","864","320","49","1233","2109","0","58.46","40.97"
"10","005","00","004","0424","0295","709","514","195","36","745","1293","0","57.62","39.75"
"10","005","00","004","0424","0296","475","350","125","13","488","816","0","59.8","42.89"
"10","005","00","004","0425","0000","1240","833","407","57","1297","2196","0","59.06","37.93"
"10","005","00","004","0425","0293","667","453","214","31","698","1154","0","60.49","39.25"
"10","005","00","004","0425","0294","573","380","193","26","599","1042","0","57.49","36.47"
"10","005","00","005","0000","0000","45610","32171","13439","1974","47584","83617","103007","56.91","38.47"
"10","005","00","005","0501","0000","1157","849","308","77","1234","2207","0","55.91","38.47"
"10","005","00","005","0501","0331","458","328","130","40","498","915","0","54.43","35.85"
"10","005","00","005","0501","0332","699","521","178","37","736","1292","0","56.97","40.33"
"10","005","00","005","0502","0000","963","690","273","37","1000","1763","0","56.72","39.14"
"10","005","00","005","0502","0333","531","375","156","21","552","928","0","59.48","40.41"
"10","005","00","005","0502","0334","432","315","117","16","448","835","0","53.65","37.72"
"10","005","00","005","0503","0000","1538","1064","474","53","1591","2988","0","53.25","35.61"
"10","005","00","005","0503","0335","566","407","159","23","589","1070","0","55.05","38.04"
"10","005","00","005","0503","0336","452","311","141","9","461","879","0","52.45","35.38"
"10","005","00","005","0503","0337","520","346","174","21","541","1039","0","52.07","33.3"
"10","005","00","005","0504","0000","1935","1410","525","95","2030","3716","0","54.63","37.94"
"10","005","00","005","0504","0338","636","465","171","25","661","1129","0","58.55","41.19"
"10","005","00","005","0504","0339","535","379","156","37","572","1041","0","54.95","36.41"
"10","005","00","005","0504","0340","764","566","198","33","797","1546","0","51.55","36.61"
"10","005","00","005","0505","0000","2294","1582","712","97","2391","4361","0","54.83","36.28"
"10","005","00","005","0505","0341","554","400","154","34","588","935","0","62.89","42.78"
"10","005","00","005","0505","0342","595","383","212","24","619","1180","0","52.46","32.46"
"10","005","00","005","0505","0343","746","542","204","31","777","1499","0","51.83","36.16"
"10","005","00","005","0505","0344","399","257","142","8","407","747","0","54.48","34.4"
"10","005","00","005","0506","0000","1363","990","373","86","1449","2599","0","55.75","38.09"
"10","005","00","005","0506","0345","737","532","205","39","776","1406","0","55.19","37.84"
"10","005","00","005","0506","0346","626","458","168","47","673","1193","0","56.41","38.39"
"10","005","00","005","0507","0000","532","376","156","26","558","948","0","58.86","39.66"
"10","005","00","005","0507","0347","532","376","156","26","558","948","0","58.86","39.66"
"10","005","00","005","0508","0000","1800","1248","552","49","1849","3297","0","56.08","37.85"
"10","005","00","005","0508","0348","453","330","123","14","467","869","0","53.74","37.97"
"10","005","00","005","0508","0349","643","434","209","23","666","1142","0","58.32","38.0"
"10","005","00","005","0508","0350","704","484","220","12","716","1286","0","55.68","37.64"
"10","005","00","005","0509","0000","1806","1286","520","72","1878","3105","0","60.48","41.42"
"10","005","00","005","0509","0351","513","351","162","28","541","903","0","59.91","38.87"
"10","005","00","005","0509","0352","703","510","193","31","734","1186","0","61.89","43.0"
"10","005","00","005","0509","0353","590","425","165","13","603","1016","0","59.35","41.83"
"10","005","00","005","0510","0000","894","614","280","39","933","1536","0","60.74","39.97"
"10","005","00","005","0510","0357","503","360","143","18","521","890","0","58.54","40.45"
"10","005","00","005","0510","0358","391","254","137","21","412","646","0","63.78","39.32"
"10","005","00","005","0511","0000","437","300","137","27","464","947","0","49.0","31.68"
"10","005","00","005","0511","0356","437","300","137","27","464","947","0","49.0","31.68"
"10","005","00","005","0512","0000","626","466","160","46","672","1030","0","65.24","45.24"
"10","005","00","005","0512","0363","626","466","160","46","672","1030","0","65.24","45.24"
"10","005","00","005","0513","0000","1018","737","281","54","1072","1968","0","54.47","37.45"
"10","005","00","005","0513","0384","556","412","144","29","585","1121","0","52.19","36.75"
"10","005","00","005","0513","0385","462","325","137","25","487","847","0","57.5","38.37"
"10","005","00","005","0514","0000","1756","1262","494","74","1830","3454","0","52.98","36.54"
"10","005","00","005","0514","0388","808","582","226","32","840","1655","0","50.76","35.17"
"10","005","00","005","0514","0389","948","680","268","42","990","1799","0","55.03","37.8"
"10","005","00","005","0515","0000","2254","1567","687","75","2329","3884","0","59.96","40.35"
"10","005","00","005","0515","0367","773","531","242","23","796","1326","0","60.03","40.05"
"10","005","00","005","0515","0368","772","547","225","30","802","1270","0","63.15","43.07"
"10","005","00","005","0515","0369","709","489","220","22","731","1288","0","56.75","37.97"
"10","005","00","005","0516","0000","2123","1486","637","60","2183","3830","0","57.0","38.8"
"10","005","00","005","0516","0364","745","511","234","30","775","1338","0","57.92","38.19"
"10","005","00","005","0516","0365","779","553","226","20","799","1450","0","55.1","38.14"
"10","005","00","005","0516","0366","599","422","177","10","609","1042","0","58.45","40.5"
"10","005","00","005","0517","0000","1666","1165","501","51","1717","3125","0","54.94","37.28"
"10","005","00","005","0517","0376","876","623","253","22","898","1551","0","57.9","40.17"
"10","005","00","005","0517","0377","790","542","248","29","819","1574","0","52.03","34.43"
"10","005","00","005","0518","0000","2033","1413","620","94","2127","3984","0","53.39","35.47"
"10","005","00","005","0518","0390","631","452","179","32","663","1141","0","58.11","39.61"
"10","005","00","005","0518","0391","743","499","244","41","784","1431","0","54.79","34.87"
"10","005","00","005","0518","0392","659","462","197","21","680","1412","0","48.16","32.72"
"10","005","00","005","0519","0000","749","490","259","53","802","1344","0","59.67","36.46"
"10","005","00","005","0519","0395","749","490","259","53","802","1344","0","59.67","36.46"
"10","005","00","005","0520","0000","932","622","310","49","981","1990","0","49.3","31.26"
"10","005","00","005","0520","0359","545","362","183","38","583","975","0","59.79","37.13"
"10","005","00","005","0520","0360","387","260","127","11","398","1015","0","39.21","25.62"
"10","005","00","005","0521","0000","1468","1039","429","85","1553","2542","0","61.09","40.87"
"10","005","00","005","0521","0361","820","584","236","45","865","1399","0","61.83","41.74"
"10","005","00","005","0521","0362","648","455","193","40","688","1143","0","60.19","39.81"
"10","005","00","005","0522","0000","802","568","234","41","843","1363","0","61.85","41.67"
"10","005","00","005","0522","0396","802","568","234","41","843","1363","0","61.85","41.67"
"10","005","00","005","0523","0000","1428","1013","415","74","1502","2595","0","57.88","39.04"
"10","005","00","005","0523","0398","678","455","223","42","720","1182","0","60.91","38.49"
"10","005","00","005","0523","0399","750","558","192","32","782","1413","0","55.34","39.49"
"10","005","00","005","0524","0000","539","385","154","33","572","898","0","63.7","42.87"
"10","005","00","005","0524","0397","539","385","154","33","572","898","0","63.7","42.87"
"10","005","00","005","0525","0000","1242","847","395","70","1312","2171","0","60.43","39.01"
"10","005","00","005","0525","0400","583","396","187","33","616","991","0","62.16","39.96"
"10","005","00","005","0525","0401","659","451","208","37","696","1180","0","58.98","38.22"
"10","005","00","005","0526","0000","1135","773","362","44","1179","2048","0","57.57","37.74"
"10","005","00","005","0526","0386","577","388","189","22","599","993","0","60.32","39.07"
"10","005","00","005","0526","0387","558","385","173","22","580","1055","0","54.98","36.49"
"10","005","00","005","0527","0000","1252","983","269","57","1309","2319","0","56.45","42.39"
"10","005","00","005","0527","0393","541","390","151","25","566","1074","0","52.7","36.31"
"10","005","00","005","0527","0394","711","593","118","32","743","1245","0","59.68","47.63"
"10","005","00","005","0528","0000","2037","1388","649","81","2118","3507","0","60.39","39.58"
"10","005","00","005","0528","0378","700","474","226","31","731","1262","0","57.92","37.56"
"10","005","00","005","0528","0379","657","445","212","32","689","1171","0","58.84","38.0"
"10","005","00","005","0528","0380","680","469","211","18","698","1074","0","64.99","43.67"
"10","005","00","005","0529","0000","2018","1431","587","73","2091","3586","0","58.31","39.91"
"10","005","00","005","0529","0381","668","487","181","26","694","1141","0","60.82","42.68"
"10","005","00","005","0529","0382","707","491","216","29","736","1259","0","58.46","39.0"
"10","005","00","005","0529","0383","643","453","190","18","661","1186","0","55.73","38.2"
"10","005","00","005","0530","0000","1080","760","320","44","1124","2022","0","55.59","37.59"
"10","005","00","005","0530","0354","535","368","167","25","560","985","0","56.85","37.36"
"10","005","00","005","0530","0355","545","392","153","19","564","1037","0","54.39","37.8"
"10","005","00","005","0531","0000","1472","1077","395","43","1515","2523","0","60.05","42.69"
"10","005","00","005","0531","0370","737","536","201","22","759","1243","0","61.06","43.12"
"10","005","00","005","0531","0371","735","541","194","21","756","1280","0","59.06","42.27"
"10","005","00","005","0532","0000","1782","1252","530","71","1853","3377","0","54.87","37.07"
"10","005","00","005","0532","0372","875","612","263","32","907","1618","0","56.06","37.82"
"10","005","00","005","0532","0373","907","640","267","39","946","1759","0","53.78","36.38"
"10","005","00","005","0533","0000","1479","1038","441","44","1523","2590","0","58.8","40.08"
"10","005","00","005","0533","0374","733","524","209","22","755","1264","0","59.73","41.46"
"10","005","00","005","0533","0375","746","514","232","22","768","1326","0","57.92","38.76"
"10","005","00","006","0000","0000","16041","10907","5134","1123","17164","30948","36332","55.46","35.24"
"10","005","00","006","0601","0000","838","557","281","74","912","1473","0","61.91","37.81"
"10","005","00","006","0601","0223","314","208","106","31","345","590","0","58.47","35.25"
"10","005","00","006","0601","0224","524","349","175","43","567","883","0","64.21","39.52"
"10","005","00","006","0602","0000","466","301","165","30","496","793","0","62.55","37.96"
"10","005","00","006","0602","0225","466","301","165","30","496","793","0","62.55","37.96"
"10","005","00","006","0603","0000","775","525","250","31","806","1324","0","60.88","39.65"
"10","005","00","006","0603","0226","427","292","135","15","442","732","0","60.38","39.89"
"10","005","00","006","0603","0227","348","233","115","16","364","592","0","61.49","39.36"
"10","005","00","006","0604","0000","2330","1558","772","108","2438","4218","0","57.8","36.94"
"10","005","00","006","0604","0228","633","411","222","33","666","1113","0","59.84","36.93"
"10","005","00","006","0604","0229","648","429","219","29","677","1195","0","56.65","35.9"
"10","005","00","006","0604","0230","598","418","180","31","629","997","0","63.09","41.93"
"10","005","00","006","0604","0231","451","300","151","15","466","913","0","51.04","32.86"
"10","005","00","006","0605","0000","1194","851","343","84","1278","2304","0","55.47","36.94"
"10","005","00","006","0605","0246","591","435","156","32","623","1107","0","56.28","39.3"
"10","005","00","006","0605","0247","603","416","187","52","655","1197","0","54.72","34.75"
"10","005","00","006","0606","0000","796","589","207","56","852","1216","0","70.07","48.44"
"10","005","00","006","0606","0236","796","589","207","56","852","1216","0","70.07","48.44"
"10","005","00","006","0607","0000","502","357","145","31","533","977","0","54.55","36.54"
"10","005","00","006","0607","0237","502","357","145","31","533","977","0","54.55","36.54"
"10","005","00","006","0608","0000","1361","947","414","111","1472","2704","0","54.44","35.02"
"10","005","00","006","0608","0238","443","299","144","34","477","943","0","50.58","31.71"
"10","005","00","006","0608","0239","477","329","148","44","521","910","0","57.25","36.15"
"10","005","00","006","0608","0240","441","319","122","33","474","851","0","55.7","37.49"
"10","005","00","006","0609","0000","811","503","308","44","855","1375","0","62.18","36.58"
"10","005","00","006","0609","0241","445","278","167","20","465","725","0","64.14","38.34"
"10","005","00","006","0609","0242","366","225","141","24","390","650","0","60.0","34.62"
"10","005","00","006","0610","0000","334","219","115","35","369","706","0","52.27","31.02"
"10","005","00","006","0610","0243","334","219","115","35","369","706","0","52.27","31.02"
"10","005","00","006","0611","0000","731","468","263","58","789","1489","0","52.99","31.43"
"10","005","00","006","0611","0232","308","196","112","30","338","641","0","52.73","30.58"
"10","005","00","006","0611","0233","423","272","151","28","451","848","0","53.18","32.08"
"10","005","00","006","0612","0000","763","499","264","52","815","1549","0","52.61","32.21"
"10","005","00","006","0612","0244","410","272","138","28","438","748","0","58.56","36.36"
"10","005","00","006","0612","0245","353","227","126","24","377","801","0","47.07","28.34"
"10","005","00","006","0613","0000","646","447","199","58","704","1264","0","55.7","35.36"
"10","005","00","006","0613","0234","646","447","199","58","704","1264","0","55.7","35.36"
"10","005","00","006","0614","0000","462","311","151","40","502","965","0","52.02","32.23"
"10","005","00","006","0614","0235","462","311","151","40","502","965","0","52.02","32.23"
"10","005","00","006","0615","0000","493","336","157","37","530","1036","0","51.16","32.43"
"10","005","00","006","0615","0248","493","336","157","37","530","1036","0","51.16","32.43"
"10","005","00","006","0616","0000","401","267","134","28","429","913","0","46.99","29.24"
"10","005","00","006","0616","0249","401","267","134","28","429","913","0","46.99","29.24"
"10","005","00","006","0617","0000","400","285","115","40","440","719","0","61.2","39.64"
"10","005","00","006","0617","0250","400","285","115","40","440","719","0","61.2","39.64"
"10","005","00","006","0618","0000","551","409","142","48","599","1037","0","57.76","39.44"
"10","005","00","006","0618","0251","551","409","142","48","599","1037","0","57.76","39.44"
"10","005","00","006","0619","0000","288","175","113","19","307","601","0","51.08","29.12"
"10","005","00","006","0619","0252","288","175","113","19","307","601","0","51.08","29.12"
"10","005","00","006","0620","0000","549","356","193","35","584","1269","0","46.02","28.05"
"10","005","00","006","0620","0253","549","356","193","35","584","1269","0","46.02","28.05"
"10","005","00","006","0621","0000","339","232","107","29","368","735","0","50.07","31.56"
"10","005","00","006","0621","0254","339","232","107","29","368","735","0","50.07","31.56"
"10","005","00","006","0622","0000","477","325","152","35","512","1047","0","48.9","31.04"
"10","005","00","006","0622","0255","136","95","41","12","148","422","0","35.07","22.51"
"10","005","00","006","0622","0256","341","230","111","23","364","625","0","58.24","36.8"
"10","005","00","006","0623","0000","534","390","144","40","574","1234","0","46.52","31.6"
"10","005","00","006","0623","0257","534","390","144","40","574","1234","0","46.52","31.6"
"10","005","00","007","0000","0000","8151","5637","2514","529","8680","14772","16818","58.76","38.16"
"10","005","00","007","0701","0000","441","319","122","19","460","745","0","61.74","42.82"
"10","005","00","007","0701","0445","441","319","122","19","460","745","0","61.74","42.82"
"10","005","00","007","0702","0000","760","525","235","47","807","1528","0","52.81","34.36"
"10","005","00","007","0702","0446","401","269","132","31","432","783","0","55.17","34.36"
"10","005","00","007","0702","0447","359","256","103","16","375","745","0","50.34","34.36"
"10","005","00","007","0703","0000","1211","856","355","99","1310","2079","0","63.01","41.17"
"10","005","00","007","0703","0451","502","353","149","38","540","865","0","62.43","40.81"
"10","005","00","007","0703","0452","496","358","138","31","527","828","0","63.65","43.24"
"10","005","00","007","0703","0453","213","145","68","30","243","386","0","62.95","37.56"
"10","005","00","007","0704","0000","471","332","139","32","503","999","0","50.35","33.23"
"10","005","00","007","0704","0448","471","332","139","32","503","999","0","50.35","33.23"
"10","005","00","007","0705","0000","431","310","121","33","464","757","0","61.29","40.95"
"10","005","00","007","0705","0449","386","275","111","32","418","671","0","62.3","40.98"
"10","005","00","007","0705","0459","45","35","10","1","46","86","0","53.49","40.7"
"10","005","00","007","0706","0000","514","356","158","6","520","940","0","55.32","37.87"
"10","005","00","007","0706","0460","514","356","158","6","520","940","0","55.32","37.87"
"10","005","00","007","0707","0000","1101","766","335","61","1162","1978","0","58.75","38.73"
"10","005","00","007","0707","0442","557","400","157","29","586","961","0","60.98","41.62"
"10","005","00","007","0707","0443","544","366","178","32","576","1017","0","56.64","35.99"
"10","005","00","007","0708","0000","650","420","230","54","704","1095","0","64.29","38.36"
"10","005","00","007","0708","0444","650","420","230","54","704","1095","0","64.29","38.36"
"10","005","00","007","0709","0000","1288","869","419","82","1370","2209","0","62.02","39.34"
"10","005","00","007","0709","0454","414","279","135","30","444","688","0","64.53","40.55"
"10","005","00","007","0709","0455","467","317","150","26","493","792","0","62.25","40.03"
"10","005","00","007","0709","0456","407","273","134","26","433","729","0","59.4","37.45"
"10","005","00","007","0710","0000","435","306","129","48","483","734","0","65.8","41.69"
"10","005","00","007","0710","0450","435","306","129","48","483","734","0","65.8","41.69"
"10","005","00","007","0711","0000","849","578","271","48","897","1708","0","52.52","33.84"
"10","005","00","007","0711","0457","501","335","166","31","532","1093","0","48.67","30.65"
"10","005","00","007","0711","0458","348","243","105","17","365","615","0","59.35","39.51"
"10","005","00","008","0000","0000","6326","4454","1872","445","6771","12653","14521","53.51","35.2"
"10","005","00","008","0801","0000","848","611","237","45","893","1625","0","54.95","37.6"
"10","005","00","008","0801","0420","383","264","119","23","406","744","0","54.57","35.48"
"10","005","00","008","0801","0421","465","347","118","22","487","881","0","55.28","39.39"
"10","005","00","008","0802","0000","320","237","83","20","340","596","0","57.05","39.77"
"10","005","00","008","0802","0422","320","237","83","20","340","596","0","57.05","39.77"
"10","005","00","008","0803","0000","933","680","253","44","977","1790","0","54.58","37.99"
"10","005","00","008","0803","0424","431","312","119","26","457","867","0","52.71","35.99"
"10","005","00","008","0803","0425","502","368","134","18","520","923","0","56.34","39.87"
"10","005","00","008","0804","0000","669","476","193","67","736","1395","0","52.76","34.12"
"10","005","00","008","0804","0426","669","476","193","67","736","1395","0","52.76","34.12"
"10","005","00","008","0805","0000","198","137","61","14","212","561","0","37.79","24.42"
"10","005","00","008","0805","0427","198","137","61","14","212","561","0","37.79","24.42"
"10","005","00","008","0806","0000","602","414","188","53","655","1260","0","51.98","32.86"
"10","005","00","008","0806","0423","602","414","188","53","655","1260","0","51.98","32.86"
"10","005","00","008","0807","0000","349","253","96","22","371","638","0","58.15","39.66"
"10","005","00","008","0807","0428","349","253","96","22","371","638","0","58.15","39.66"
"10","005","00","008","0808","0000","720","468","252","55","775","1495","0","51.84","31.3"
"10","005","00","008","0808","0431","332","211","121","28","360","652","0","55.21","32.36"
"10","005","00","008","0808","0432","388","257","131","27","415","843","0","49.23","30.49"
"10","005","00","008","0809","0000","365","257","108","35","400","754","0","53.05","34.08"
"10","005","00","008","0809","0429","365","257","108","35","400","754","0","53.05","34.08"
"10","005","00","008","0810","0000","241","170","71","12","253","501","0","50.5","33.93"
"10","005","00","008","0810","0430","241","170","71","12","253","501","0","50.5","33.93"
"10","005","00","008","0811","0000","540","366","174","40","580","1020","0","56.86","35.88"
"10","005","00","008","0811","0433","540","366","174","40","580","1020","0","56.86","35.88"
"10","005","00","008","0812","0000","541","385","156","38","579","1018","0","56.88","37.82"
"10","005","00","008","0812","0434","541","385","156","38","579","1018","0","56.88","37.82"
"10","005","00","009","0000","0000","15646","10842","4804","1089","16735","28318","33327","59.1","38.29"
"10","005","00","009","0901","0000","994","684","310","54","1048","1581","0","66.29","43.26"
"10","005","00","009","0901","0068","485","337","148","38","523","789","0","66.29","42.71"
"10","005","00","009","0901","0069","509","347","162","16","525","792","0","66.29","43.81"
"10","005","00","009","0902","0000","1411","990","421","99","1510","2372","0","63.66","41.74"
"10","005","00","009","0902","0070","660","472","188","59","719","1117","0","64.37","42.26"
"10","005","00","009","0902","0071","751","518","233","40","791","1255","0","63.03","41.27"
"10","005","00","009","0903","0000","1977","1330","647","89","2066","3413","0","60.53","38.97"
"10","005","00","009","0903","0072","639","448","191","43","682","1141","0","59.77","39.26"
"10","005","00","009","0903","0073","667","427","240","20","687","1172","0","58.62","36.43"
"10","005","00","009","0903","0074","671","455","216","26","697","1100","0","63.36","41.36"
"10","005","00","009","0904","0000","505","338","167","48","553","964","0","57.37","35.06"
"10","005","00","009","0904","0079","505","338","167","48","553","964","0","57.37","35.06"
"10","005","00","009","0905","0000","1142","813","329","82","1224","2313","0","52.92","35.15"
"10","005","00","009","0905","0075","614","423","191","37","651","1232","0","52.84","34.33"
"10","005","00","009","0905","0076","528","390","138","45","573","1081","0","53.01","36.08"
"10","005","00","009","0906","0000","1300","947","353","109","1409","2331","0","60.45","40.63"
"10","005","00","009","0906","0077","715","539","176","63","778","1250","0","62.24","43.12"
"10","005","00","009","0906","0078","585","408","177","46","631","1081","0","58.37","37.74"
"10","005","00","009","0907","0000","813","572","241","53","866","1507","0","57.47","37.96"
"10","005","00","009","0907","0084","415","301","114","16","431","719","0","59.94","41.86"
"10","005","00","009","0907","0085","398","271","127","37","435","788","0","55.2","34.39"
"10","005","00","009","0908","0000","578","410","168","56","634","1038","0","61.08","39.5"
"10","005","00","009","0908","0080","578","410","168","56","634","1038","0","61.08","39.5"
"10","005","00","009","0909","0000","1066","715","351","84","1150","2031","0","56.62","35.2"
"10","005","00","009","0909","0082","463","325","138","35","498","865","0","57.57","37.57"
"10","005","00","009","0909","0083","603","390","213","49","652","1166","0","55.92","33.45"
"10","005","00","009","0910","0000","181","116","65","21","202","303","0","66.67","38.28"
"10","005","00","009","0910","0086","181","116","65","21","202","303","0","66.67","38.28"
"10","005","00","009","0911","0000","213","146","67","14","227","360","0","63.06","40.56"
"10","005","00","009","0911","0081","213","146","67","14","227","360","0","63.06","40.56"
"10","005","00","009","0912","0000","1274","866","408","57","1331","2255","0","59.02","38.4"
"10","005","00","009","0912","0087","788","525","263","8","796","1322","0","60.21","39.71"
"10","005","00","009","0912","0088","486","341","145","49","535","933","0","57.34","36.55"
"10","005","00","009","0913","0000","736","513","223","54","790","1455","0","54.3","35.26"
"10","005","00","009","0913","0089","736","513","223","54","790","1455","0","54.3","35.26"
"10","005","00","009","0914","0000","933","641","292","66","999","1615","0","61.86","39.69"
"10","005","00","009","0914","0090","933","641","292","66","999","1615","0","61.86","39.69"
"10","005","00","009","0915","0000","742","545","197","58","800","1451","0","55.13","37.56"
"10","005","00","009","0915","0091","742","545","197","58","800","1451","0","55.13","37.56"
"10","005","00","009","0916","0000","669","452","217","68","737","1317","0","55.96","34.32"
"10","005","00","009","0916","0093","669","452","217","68","737","1317","0","55.96","34.32"
"10","005","00","009","0917","0000","820","555","265","62","882","1462","0","60.33","37.96"
"10","005","00","009","0917","0092","820","555","265","62","882","1462","0","60.33","37.96"
"10","005","00","009","0918","0000","126","84","42","6","132","221","0","59.73","38.01"
"10","005","00","009","0918","0094","126","84","42","6","132","221","0","59.73","38.01"
"10","005","00","009","0919","0000","166","125","41","9","175","329","0","53.19","37.99"
"10","005","00","009","0919","0095","166","125","41","9","175","329","0","53.19","37.99"
"10","005","00","010","0000","0000","8112","5749","2363","546","8658","15424","17922","56.13","37.27"
"10","005","00","010","1001","0000","555","413","142","45","600","1029","0","58.31","40.14"
"10","005","00","010","1001","0114","555","413","142","45","600","1029","0","58.31","40.14"
"10","005","00","010","1002","0000","2538","1829","709","137","2675","4463","0","59.94","40.98"
"10","005","00","010","1002","0108","517","373","144","31","548","887","0","61.78","42.05"
"10","005","00","010","1002","0109","594","423","171","37","631","1052","0","59.98","40.21"
"10","005","00","010","1002","0110","789","588","201","34","823","1347","0","61.1","43.65"
"10","005","00","010","1002","0111","638","445","193","35","673","1177","0","57.18","37.81"
"10","005","00","010","1003","0000","938","691","247","55","993","1655","0","60.0","41.75"
"10","005","00","010","1003","0115","495","375","120","30","525","905","0","58.01","41.44"
"10","005","00","010","1003","0116","443","316","127","25","468","750","0","62.4","42.13"
"10","005","00","010","1004","0000","648","444","204","35","683","1268","0","53.86","35.02"
"10","005","00","010","1004","0112","648","444","204","35","683","1268","0","53.86","35.02"
"10","005","00","010","1005","0000","546","358","188","36","582","1185","0","49.11","30.21"
"10","005","00","010","1005","0113","546","358","188","36","582","1185","0","49.11","30.21"
"10","005","00","010","1006","0000","529","393","136","30","559","1080","0","51.76","36.39"
"10","005","00","010","1006","0117","529","393","136","30","559","1080","0","51.76","36.39"
"10","005","00","010","1007","0000","1587","1072","515","124","1711","3186","0","53.7","33.65"
"10","005","00","010","1007","0118","550","377","173","56","606","1108","0","54.69","34.03"
"10","005","00","010","1007","0119","432","292","140","25","457","862","0","53.02","33.87"
"10","005","00","010","1007","0120","605","403","202","43","648","1216","0","53.29","33.14"
"10","005","00","010","1008","0000","278","204","74","25","303","588","0","51.53","34.69"
"10","005","00","010","1008","0121","278","204","74","25","303","588","0","51.53","34.69"
"10","005","00","010","1009","0000","200","137","63","35","235","429","0","54.78","31.93"
"10","005","00","010","1009","0122","200","137","63","35","235","429","0","54.78","31.93"
"10","005","00","010","1010","0000","293","208","85","24","317","541","0","58.6","38.45"
"10","005","00","010","1010","0123","293","208","85","24","317","541","0","58.6","38.45"
"10","005","00","011","0000","0000","4053","2800","1253","297","4350","8784","10130","49.52","31.88"
"10","005","00","011","1101","0000","594","402","192","49","643","1155","0","55.67","34.81"
"10","005","00","011","1101","0411","594","402","192","49","643","1155","0","55.67","34.81"
"10","005","00","011","1102","0000","343","206","137","30","373","650","0","57.38","31.69"
"10","005","00","011","1102","0412","343","206","137","30","373","650","0","57.38","31.69"
"10","005","00","011","1103","0000","653","463","190","46","699","1353","0","51.66","34.22"
"10","005","00","011","1103","0413","653","463","190","46","699","1353","0","51.66","34.22"
"10","005","00","011","1104","0000","317","223","94","38","355","813","0","43.67","27.43"
"10","005","00","011","1104","0414","317","223","94","38","355","813","0","43.67","27.43"
"10","005","00","011","1105","0000","338","255","83","24","362","837","0","43.25","30.47"
"10","005","00","011","1105","0415","338","255","83","24","362","837","0","43.25","30.47"
"10","005","00","011","1106","0000","554","382","172","23","577","1093","0","52.79","34.95"
"10","005","00","011","1106","0416","554","382","172","23","577","1093","0","52.79","34.95"
"10","005","00","011","1107","0000","541","374","167","36","577","1048","0","55.06","35.69"
"10","005","00","011","1107","0417","541","374","167","36","577","1048","0","55.06","35.69"
"10","005","00","011","1108","0000","410","294","116","38","448","872","0","51.38","33.72"
"10","005","00","011","1108","0418","410","294","116","38","448","872","0","51.38","33.72"
"10","005","00","011","1109","0000","303","201","102","13","316","963","0","32.81","20.87"
"10","005","00","011","1109","0419","303","201","102","13","316","963","0","32.81","20.87"
"10","005","00","012","0000","0000","5790","4268","1522","325","6115","9390","10711","65.12","45.45"
"10","005","00","012","1201","0000","1609","1198","411","115","1724","2503","0","68.88","47.86"
"10","005","00","012","1201","0096","843","638","205","52","895","1335","0","67.04","47.79"
"10","005","00","012","1201","0097","766","560","206","63","829","1168","0","70.98","47.95"
"10","005","00","012","1202","0000","1062","722","340","50","1112","1851","0","60.08","39.01"
"10","005","00","012","1202","0103","485","334","151","19","504","844","0","59.72","39.57"
"10","005","00","012","1202","0104","577","388","189","31","608","1007","0","60.38","38.53"
"10","005","00","012","1203","0000","437","333","104","28","465","725","0","64.14","45.93"
"10","005","00","012","1203","0100","437","333","104","28","465","725","0","64.14","45.93"
"10","005","00","012","1204","0000","1128","793","335","49","1177","1710","0","68.83","46.37"
"10","005","00","012","1204","0098","494","360","134","25","519","792","0","65.53","45.45"
"10","005","00","012","1204","0099","634","433","201","24","658","918","0","71.68","47.17"
"10","005","00","012","1205","0000","532","381","151","23","555","899","0","61.74","42.38"
"10","005","00","012","1205","0101","532","381","151","23","555","899","0","61.74","42.38"
"10","005","00","012","1206","0000","178","140","38","5","183","369","0","49.59","37.94"
"10","005","00","012","1206","0102","178","140","38","5","183","369","0","49.59","37.94"
"10","005","00","012","1207","0000","625","544","81","35","660","1005","0","65.67","54.13"
"10","005","00","012","1207","0105","481","440","41","22","503","794","0","63.35","55.42"
"10","005","00","012","1207","0106","144","104","40","13","157","211","0","74.41","49.29"
"10","005","00","012","1208","0000","219","157","62","20","239","328","0","72.87","47.87"
"10","005","00","012","1208","0107","219","157","62","20","239","328","0","72.87","47.87"
"10","005","00","013","0000","0000","7737","5554","2183","418","8155","13889","16277","58.72","39.99"
"10","005","00","013","1301","0000","2313","1688","625","120","2433","4132","0","58.88","40.85"
"10","005","00","013","1301","0124","484","353","131","40","524","853","0","61.43","41.38"
"10","005","00","013","1301","0125","591","460","131","21","612","983","0","62.26","46.8"
"10","005","00","013","1301","0126","607","419","188","41","648","1080","0","60.0","38.8"
"10","005","00","013","1301","0127","631","456","175","18","649","1216","0","53.37","37.5"
"10","005","00","013","1302","0000","980","711","269","37","1017","1825","0","55.73","38.96"
"10","005","00","013","1302","0132","507","362","145","18","525","991","0","52.98","36.53"
"10","005","00","013","1302","0133","473","349","124","19","492","834","0","58.99","41.85"
"10","005","00","013","1303","0000","763","517","246","65","828","1371","0","60.39","37.71"
"10","005","00","013","1303","0134","349","238","111","18","367","622","0","59.0","38.26"
"10","005","00","013","1303","0135","414","279","135","47","461","749","0","61.55","37.25"
"10","005","00","013","1304","0000","1849","1364","485","72","1921","3395","0","56.58","40.18"
"10","005","00","013","1304","0128","572","407","165","33","605","1017","0","59.49","40.02"
"10","005","00","013","1304","0129","612","454","158","20","632","1180","0","53.56","38.47"
"10","005","00","013","1304","0130","665","503","162","19","684","1198","0","57.1","41.99"
"10","005","00","013","1305","0000","932","682","250","63","995","1451","0","68.57","47.0"
"10","005","00","013","1305","0136","424","314","110","36","460","692","0","66.47","45.38"
"10","005","00","013","1305","0137","508","368","140","27","535","759","0","70.49","48.48"
"10","005","00","013","1306","0000","224","160","64","16","240","417","0","57.55","38.37"
"10","005","00","013","1306","0131","224","160","64","16","240","417","0","57.55","38.37"
"10","005","00","013","1307","0000","676","432","244","45","721","1298","0","55.55","33.28"
"10","005","00","013","1307","0138","314","209","105","22","336","629","0","53.42","33.23"
"10","005","00","013","1307","0139","362","223","139","23","385","669","0","57.55","33.33"
"10","005","00","014","0000","0000","3324","2341","983","224","3548","6382","7072","55.59","36.68"
"10","005","00","014","1401","0000","318","227","91","22","340","601","0","56.57","37.77"
"10","005","00","014","1401","0140","318","227","91","22","340","601","0","56.57","37.77"
"10","005","00","014","1402","0000","322","224","98","19","341","566","0","60.25","39.58"
"10","005","00","014","1402","0141","322","224","98","19","341","566","0","60.25","39.58"
"10","005","00","014","1403","0000","455","325","130","36","491","843","0","58.24","38.55"
"10","005","00","014","1403","0142","455","325","130","36","491","843","0","58.24","38.55"
"10","005","00","014","1404","0000","323","220","103","21","344","648","0","53.09","33.95"
"10","005","00","014","1404","0143","323","220","103","21","344","648","0","53.09","33.95"
"10","005","00","014","1405","0000","279","193","86","19","298","515","0","57.86","37.48"
"10","005","00","014","1405","0146","279","193","86","19","298","515","0","57.86","37.48"
"10","005","00","014","1406","0000","230","153","77","18","248","461","0","53.8","33.19"
"10","005","00","014","1406","0145","230","153","77","18","248","461","0","53.8","33.19"
"10","005","00","014","1407","0000","451","306","145","24","475","936","0","50.75","32.69"
"10","005","00","014","1407","0144","451","306","145","24","475","936","0","50.75","32.69"
"10","005","00","014","1408","0000","577","431","146","38","615","1141","0","53.9","37.77"
"10","005","00","014","1408","0147","577","431","146","38","615","1141","0","53.9","37.77"
"10","005","00","014","1409","0000","369","262","107","27","396","671","0","59.02","39.05"
"10","005","00","014","1409","0148","369","262","107","27","396","671","0","59.02","39.05"
"10","005","00","015","0000","0000","6016","4225","1791","420","6436","11027","12728","58.37","38.32"
"10","005","00","015","1501","0000","1234","901","333","65","1299","2060","0","63.06","43.74"
"10","005","00","015","1501","0258","728","517","211","42","770","1171","0","65.76","44.15"
"10","005","00","015","1501","0259","506","384","122","23","529","889","0","59.51","43.19"
"10","005","00","015","1502","0000","225","163","62","14","239","479","0","49.9","34.03"
"10","005","00","015","1502","0260","225","163","62","14","239","479","0","49.9","34.03"
"10","005","00","015","1503","0000","582","427","155","22","604","1024","0","58.98","41.7"
"10","005","00","015","1503","0261","582","427","155","22","604","1024","0","58.98","41.7"
"10","005","00","015","1504","0000","1709","1172","537","118","1827","3442","0","53.08","34.05"
"10","005","00","015","1504","0262","614","413","201","44","658","1214","0","54.2","34.02"
"10","005","00","015","1504","0263","530","364","166","31","561","1071","0","52.38","33.99"
"10","005","00","015","1504","0264","565","395","170","43","608","1157","0","52.55","34.14"
"10","005","00","015","1505","0000","277","192","85","25","302","512","0","58.98","37.5"
"10","005","00","015","1505","0265","277","192","85","25","302","512","0","58.98","37.5"
"10","005","00","015","1506","0000","293","193","100","16","309","491","0","62.93","39.31"
"10","005","00","015","1506","0266","293","193","100","16","309","491","0","62.93","39.31"
"10","005","00","015","1507","0000","711","495","216","56","767","1272","0","60.3","38.92"
"10","005","00","015","1507","0267","711","495","216","56","767","1272","0","60.3","38.92"
"10","005","00","015","1508","0000","417","289","128","35","452","785","0","57.58","36.82"
"10","005","00","015","1508","0268","417","289","128","35","452","785","0","57.58","36.82"
"10","005","00","015","1509","0000","568","393","175","69","637","962","0","66.22","40.85"
"10","005","00","015","1509","0269","568","393","175","69","637","962","0","66.22","40.85"
"10","005","00","016","0000","0000","3142","2215","927","238","3380","5852","6662","57.76","37.85"
"10","005","00","016","1601","0000","1211","860","351","70","1281","2201","0","58.2","39.07"
"10","005","00","016","1601","0402","564","397","167","30","594","996","0","59.64","39.86"
"10","005","00","016","1601","0403","647","463","184","40","687","1205","0","57.01","38.42"
"10","005","00","016","1602","0000","356","250","106","33","389","635","0","61.26","39.37"
"10","005","00","016","1602","0404","356","250","106","33","389","635","0","61.26","39.37"
"10","005","00","016","1603","0000","471","328","143","25","496","862","0","57.54","38.05"
"10","005","00","016","1603","0405","471","328","143","25","496","862","0","57.54","38.05"
"10","005","00","016","1604","0000","105","75","30","13","118","238","0","49.58","31.51"
"10","005","00","016","1604","0406","105","75","30","13","118","238","0","49.58","31.51"
"10","005","00","016","1605","0000","271","182","89","23","294","541","0","54.34","33.64"
"10","005","00","016","1605","0407","271","182","89","23","294","541","0","54.34","33.64"
"10","005","00","016","1606","0000","275","192","83","24","299","578","0","51.73","33.22"
"10","005","00","016","1606","0408","275","192","83","24","299","578","0","51.73","33.22"
"10","005","00","016","1607","0000","250","180","70","29","279","405","0","68.89","44.44"
"10","005","00","016","1607","0409","250","180","70","29","279","405","0","68.89","44.44"
"10","005","00","016","1608","0000","203","148","55","21","224","392","0","57.14","37.76"
"10","005","00","016","1608","0410","203","148","55","21","224","392","0","57.14","37.76"
"10","005","00","017","0000","0000","1888","1402","486","154","2042","3968","4370","51.46","35.33"
"10","005","00","017","1701","0000","124","90","34","6","130","328","0","39.63","27.44"
"10","005","00","017","1701","0435","124","90","34","6","130","328","0","39.63","27.44"
"10","005","00","017","1702","0000","225","160","65","27","252","565","0","44.6","28.32"
"10","005","00","017","1702","0436","225","160","65","27","252","565","0","44.6","28.32"
"10","005","00","017","1703","0000","481","367","114","43","524","911","0","57.52","40.29"
"10","005","00","017","1703","0437","481","367","114","43","524","911","0","57.52","40.29"
"10","005","00","017","1704","0000","243","175","68","27","270","568","0","47.54","30.81"
"10","005","00","017","1704","0438","243","175","68","27","270","568","0","47.54","30.81"
"10","005","00","017","1705","0000","315","230","85","26","341","580","0","58.79","39.66"
"10","005","00","017","1705","0439","315","230","85","26","341","580","0","58.79","39.66"
"10","005","00","017","1706","0000","164","129","35","7","171","333","0","51.35","38.74"
"10","005","00","017","1706","0440","164","129","35","7","171","333","0","51.35","38.74"
"10","005","00","017","1707","0000","336","251","85","18","354","683","0","51.83","36.75"
"10","005","00","017","1707","0441","336","251","85","18","354","683","0","51.83","36.75"
"10","005","00","018","0000","0000","3325","2400","925","146","3471","5180","6076","67.01","46.33"
"10","005","00","018","1801","0000","142","88","54","7","149","325","0","45.85","27.08"
"10","005","00","018","1801","0461","142","88","54","7","149","325","0","45.85","27.08"
"10","005","00","018","1802","0000","730","518","212","42","772","1150","0","67.13","45.04"
"10","005","00","018","1802","0462","271","183","88","15","286","484","0","59.09","37.81"
"10","005","00","018","1802","0463","459","335","124","27","486","666","0","72.97","50.3"
"10","005","00","018","1803","0000","535","401","134","31","566","907","0","62.4","44.21"
"10","005","00","018","1803","0464","365","272","93","24","389","574","0","67.77","47.39"
"10","005","00","018","1803","0465","170","129","41","7","177","333","0","53.15","38.74"
"10","005","00","018","1804","0000","332","251","81","16","348","495","0","70.3","50.71"
"10","005","00","018","1804","0466","332","251","81","16","348","495","0","70.3","50.71"
"10","005","00","018","1805","0000","386","257","129","15","401","544","0","73.71","47.24"
"10","005","00","018","1805","0467","386","257","129","15","401","544","0","73.71","47.24"
"10","005","00","018","1806","0000","304","221","83","13","317","500","0","63.4","44.2"
"10","005","00","018","1806","0468","304","221","83","13","317","500","0","63.4","44.2"
"10","005","00","018","1807","0000","463","350","113","17","480","670","0","71.64","52.24"
"10","005","00","018","1807","0469","463","350","113","17","480","670","0","71.64","52.24"
"10","005","00","018","1808","0000","433","314","119","5","438","589","0","74.36","53.31"
"10","005","00","018","1808","0470","433","314","119","5","438","589","0","74.36","53.31"
"10","007","00","000","0000","0000","581964","404865","177099","33576","615540","1066994","1278437","57.69","37.94"
"10","007","00","001","0000","0000","111018","76438","34580","4959","115977","190995","232709","60.72","40.02"
"10","007","00","001","0101","0000","814","567","247","25","839","1295","0","64.79","43.78"
"10","007","00","001","0101","0117","420","288","132","13","433","662","0","65.41","43.5"
"10","007","00","001","0101","0118","394","279","115","12","406","633","0","64.14","44.08"
"10","007","00","001","0102","0000","3003","2130","873","106","3109","5001","0","62.17","42.59"
"10","007","00","001","0102","0125","742","505","237","35","777","1263","0","61.52","39.98"
"10","007","00","001","0102","0126","774","555","219","31","805","1268","0","63.49","43.77"
"10","007","00","001","0102","0127","741","541","200","29","770","1258","0","61.21","43.0"
"10","007","00","001","0102","0128","746","529","217","11","757","1212","0","62.46","43.65"
"10","007","00","001","0103","0000","972","637","335","38","1010","1656","0","60.99","38.47"
"10","007","00","001","0103","0112","471","296","175","14","485","781","0","62.1","37.9"
"10","007","00","001","0103","0113","501","341","160","24","525","875","0","60.0","38.97"
"10","007","00","001","0104","0000","468","321","147","18","486","816","0","59.56","39.34"
"10","007","00","001","0104","0114","468","321","147","18","486","816","0","59.56","39.34"
"10","007","00","001","0105","0000","870","607","263","43","913","1414","0","64.57","42.93"
"10","007","00","001","0105","0115","416","289","127","26","442","687","0","64.34","42.07"
"10","007","00","001","0105","0116","454","318","136","17","471","727","0","64.79","43.74"
"10","007","00","001","0106","0000","1040","743","297","48","1088","1759","0","61.85","42.24"
"10","007","00","001","0106","0119","569","403","166","24","593","906","0","65.45","44.48"
"10","007","00","001","0106","0120","471","340","131","24","495","853","0","58.03","39.86"
"10","007","00","001","0107","0000","2427","1700","727","88","2515","3986","0","63.1","42.65"
"10","007","00","001","0107","0121","631","433","198","19","650","1027","0","63.29","42.16"
"10","007","00","001","0107","0122","608","440","168","25","633","993","0","63.75","44.31"
"10","007","00","001","0107","0123","496","356","140","29","525","848","0","61.91","41.98"
"10","007","00","001","0107","0124","692","471","221","15","707","1118","0","63.24","42.13"
"10","007","00","001","0108","0000","2956","2011","945","82","3038","5156","0","58.92","39.0"
"10","007","00","001","0108","0106","684","486","198","13","697","1156","0","60.29","42.04"
"10","007","00","001","0108","0107","735","485","250","25","760","1235","0","61.54","39.27"
"10","007","00","001","0108","0108","757","527","230","27","784","1376","0","56.98","38.3"
"10","007","00","001","0108","0109","780","513","267","17","797","1389","0","57.38","36.93"
"10","007","00","001","0109","0000","1058","750","308","58","1116","1705","0","65.45","43.99"
"10","007","00","001","0109","0110","524","357","167","35","559","846","0","66.08","42.2"
"10","007","00","001","0109","0111","534","393","141","23","557","859","0","64.84","45.75"
"10","007","00","001","0110","0000","1053","751","302","44","1097","1883","0","58.26","39.88"
"10","007","00","001","0110","0104","520","368","152","13","533","975","0","54.67","37.74"
"10","007","00","001","0110","0105","533","383","150","31","564","908","0","62.11","42.18"
"10","007","00","001","0111","0000","481","340","141","24","505","773","0","65.33","43.98"
"10","007","00","001","0111","0103","481","340","141","24","505","773","0","65.33","43.98"
"10","007","00","001","0112","0000","836","564","272","53","889","1420","0","62.61","39.72"
"10","007","00","001","0112","0101","420","294","126","26","446","692","0","64.45","42.49"
"10","007","00","001","0112","0102","416","270","146","27","443","728","0","60.85","37.09"
"10","007","00","001","0113","0000","540","361","179","36","576","893","0","64.5","40.43"
"10","007","00","001","0113","0099","540","361","179","36","576","893","0","64.5","40.43"
"10","007","00","001","0114","0000","450","294","156","16","466","691","0","67.44","42.55"
"10","007","00","001","0114","0098","450","294","156","16","466","691","0","67.44","42.55"
"10","007","00","001","0115","0000","424","293","131","36","460","733","0","62.76","39.97"
"10","007","00","001","0115","0100","424","293","131","36","460","733","0","62.76","39.97"
"10","007","00","001","0116","0000","520","338","182","43","563","910","0","61.87","37.14"
"10","007","00","001","0116","0054","520","338","182","43","563","910","0","61.87","37.14"
"10","007","00","001","0117","0000","472","305","167","27","499","771","0","64.72","39.56"
"10","007","00","001","0117","0051","472","305","167","27","499","771","0","64.72","39.56"
"10","007","00","001","0118","0000","516","345","171","19","535","868","0","61.64","39.75"
"10","007","00","001","0118","0052","516","345","171","19","535","868","0","61.64","39.75"
"10","007","00","001","0119","0000","658","453","205","31","689","1135","0","60.7","39.91"
"10","007","00","001","0119","0053","658","453","205","31","689","1135","0","60.7","39.91"
"10","007","00","001","0120","0000","2071","1424","647","86","2157","3360","0","64.2","42.38"
"10","007","00","001","0120","0056","642","434","208","31","673","1077","0","62.49","40.3"
"10","007","00","001","0120","0057","793","543","250","34","827","1258","0","65.74","43.16"
"10","007","00","001","0120","0058","636","447","189","21","657","1025","0","64.1","43.61"
"10","007","00","001","0121","0000","2145","1567","578","87","2232","3648","0","61.18","42.96"
"10","007","00","001","0121","0059","725","495","230","26","751","1177","0","63.81","42.06"
"10","007","00","001","0121","0060","707","469","238","19","726","1262","0","57.53","37.16"
"10","007","00","001","0121","0061","713","603","110","42","755","1209","0","62.45","49.88"
"10","007","00","001","0122","0000","656","444","212","48","704","1203","0","58.52","36.91"
"10","007","00","001","0122","0065","656","444","212","48","704","1203","0","58.52","36.91"
"10","007","00","001","0123","0000","1849","1295","554","80","1929","3145","0","61.34","41.18"
"10","007","00","001","0123","0062","628","424","204","33","661","1041","0","63.5","40.73"
"10","007","00","001","0123","0063","652","472","180","24","676","1075","0","62.88","43.91"
"10","007","00","001","0123","0064","569","399","170","23","592","1029","0","57.53","38.78"
"10","007","00","001","0124","0000","2293","1625","668","70","2363","4157","0","56.84","39.09"
"10","007","00","001","0124","0066","568","416","152","23","591","1014","0","58.28","41.03"
"10","007","00","001","0124","0067","626","438","188","22","648","1069","0","60.62","40.97"
"10","007","00","001","0124","0068","512","357","155","15","527","969","0","54.39","36.84"
"10","007","00","001","0124","0069","587","414","173","10","597","1105","0","54.03","37.47"
"10","007","00","001","0125","0000","621","406","215","17","638","1004","0","63.55","40.44"
"10","007","00","001","0125","0055","621","406","215","17","638","1004","0","63.55","40.44"
"10","007","00","001","0126","0000","1972","1307","665","125","2097","3496","0","59.98","37.39"
"10","007","00","001","0126","0090","670","433","237","30","700","1201","0","58.28","36.05"
"10","007","00","001","0126","0091","625","404","221","41","666","1057","0","63.01","38.22"
"10","007","00","001","0126","0092","677","470","207","54","731","1238","0","59.05","37.96"
"10","007","00","001","0127","0000","1194","873","321","95","1289","2130","0","60.52","40.99"
"10","007","00","001","0127","0088","632","470","162","51","683","1153","0","59.24","40.76"
"10","007","00","001","0127","0089","562","403","159","44","606","977","0","62.03","41.25"
"10","007","00","001","0128","0000","1053","765","288","54","1107","1799","0","61.53","42.52"
"10","007","00","001","0128","0086","450","326","124","26","476","799","0","59.57","40.8"
"10","007","00","001","0128","0087","603","439","164","28","631","1000","0","63.1","43.9"
"10","007","00","001","0129","0000","1818","1231","587","78","1896","3091","0","61.34","39.83"
"10","007","00","001","0129","0083","528","366","162","23","551","890","0","61.91","41.12"
"10","007","00","001","0129","0084","674","449","225","34","708","1104","0","64.13","40.67"
"10","007","00","001","0129","0085","616","416","200","21","637","1097","0","58.07","37.92"
"10","007","00","001","0130","0000","1988","1384","604","91","2079","3297","0","63.06","41.98"
"10","007","00","001","0130","0093","719","498","221","28","747","1210","0","61.74","41.16"
"10","007","00","001","0130","0094","607","441","166","32","639","1026","0","62.28","42.98"
"10","007","00","001","0130","0095","662","445","217","31","693","1061","0","65.32","41.94"
"10","007","00","001","0131","0000","2547","1715","832","110","2657","4213","0","63.07","40.71"
"10","007","00","001","0131","0070","604","430","174","30","634","981","0","64.63","43.83"
"10","007","00","001","0131","0071","666","436","230","34","700","1095","0","63.93","39.82"
"10","007","00","001","0131","0072","660","458","202","23","683","1087","0","62.83","42.13"
"10","007","00","001","0131","0073","617","391","226","23","640","1050","0","60.95","37.24"
"10","007","00","001","0132","0000","1440","971","469","72","1512","2545","0","59.41","38.15"
"10","007","00","001","0132","0001","520","358","162","17","537","871","0","61.65","41.1"
"10","007","00","001","0132","0002","335","229","106","30","365","751","0","48.6","30.49"
"10","007","00","001","0132","0003","585","384","201","25","610","923","0","66.09","41.6"
"10","007","00","001","0133","0000","1438","951","487","68","1506","2477","0","60.8","38.39"
"10","007","00","001","0133","0096","684","462","222","41","725","1213","0","59.77","38.09"
"10","007","00","001","0133","0097","754","489","265","27","781","1264","0","61.79","38.69"
"10","007","00","001","0134","0000","915","606","309","49","964","1558","0","61.87","38.9"
"10","007","00","001","0134","0004","453","300","153","31","484","779","0","62.13","38.51"
"10","007","00","001","0134","0005","462","306","156","18","480","779","0","61.62","39.28"
"10","007","00","001","0135","0000","561","373","188","27","588","1027","0","57.25","36.32"
"10","007","00","001","0135","0010","561","373","188","27","588","1027","0","57.25","36.32"
"10","007","00","001","0136","0000","682","470","212","34","716","1249","0","57.33","37.63"
"10","007","00","001","0136","0011","682","470","212","34","716","1249","0","57.33","37.63"
"10","007","00","001","0137","0000","1094","760","334","67","1161","1814","0","64.0","41.9"
"10","007","00","001","0137","0008","469","330","139","30","499","767","0","65.06","43.02"
"10","007","00","001","0137","0009","625","430","195","37","662","1047","0","63.23","41.07"
"10","007","00","001","0138","0000","842","571","271","41","883","1469","0","60.11","38.87"
"10","007","00","001","0138","0006","419","293","126","17","436","720","0","60.56","40.69"
"10","007","00","001","0138","0007","423","278","145","24","447","749","0","59.68","37.12"
"10","007","00","001","0139","0000","4414","2970","1444","144","4558","7563","0","60.27","39.27"
"10","007","00","001","0139","0035","576","390","186","18","594","1045","0","56.84","37.32"
"10","007","00","001","0139","0036","638","418","220","12","650","1097","0","59.25","38.1"
"10","007","00","001","0139","0037","673","457","216","24","697","1190","0","58.57","38.4"
"10","007","00","001","0139","0038","680","447","233","13","693","1106","0","62.66","40.42"
"10","007","00","001","0139","0039","639","453","186","24","663","1097","0","60.44","41.29"
"10","007","00","001","0139","0040","613","402","211","30","643","1048","0","61.35","38.36"
"10","007","00","001","0139","0041","595","403","192","23","618","980","0","63.06","41.12"
"10","007","00","001","0140","0000","900","602","298","37","937","1516","0","61.81","39.71"
"10","007","00","001","0140","0042","433","298","135","15","448","707","0","63.37","42.15"
"10","007","00","001","0140","0043","467","304","163","22","489","809","0","60.44","37.58"
"10","007","00","001","0141","0000","2790","1900","890","110","2900","4896","0","59.23","38.81"
"10","007","00","001","0141","0025","668","457","211","32","700","1207","0","58.0","37.86"
"10","007","00","001","0141","0026","666","479","187","31","697","1161","0","60.03","41.26"
"10","007","00","001","0141","0027","642","420","222","28","670","1166","0","57.46","36.02"
"10","007","00","001","0141","0028","814","544","270","19","833","1362","0","61.16","39.94"
"10","007","00","001","0142","0000","4133","2730","1403","153","4286","7131","0","60.1","38.28"
"10","007","00","001","0142","0029","731","465","266","38","769","1236","0","62.22","37.62"
"10","007","00","001","0142","0030","608","414","194","30","638","1065","0","59.91","38.87"
"10","007","00","001","0142","0031","679","450","229","32","711","1199","0","59.3","37.53"
"10","007","00","001","0142","0032","724","464","260","11","735","1233","0","59.61","37.63"
"10","007","00","001","0142","0033","694","462","232","20","714","1245","0","57.35","37.11"
"10","007","00","001","0142","0034","697","475","222","22","719","1153","0","62.36","41.2"
"10","007","00","001","0143","0000","1641","1093","548","76","1717","2928","0","58.64","37.33"
"10","007","00","001","0143","0045","489","328","161","29","518","901","0","57.49","36.4"
"10","007","00","001","0143","0046","529","358","171","22","551","951","0","57.94","37.64"
"10","007","00","001","0143","0047","623","407","216","25","648","1076","0","60.22","37.83"
"10","007","00","001","0144","0000","1686","1139","547","71","1757","2932","0","59.92","38.85"
"10","007","00","001","0144","0048","556","382","174","19","575","1022","0","56.26","37.38"
"10","007","00","001","0144","0049","527","357","170","23","550","894","0","61.52","39.93"
"10","007","00","001","0144","0050","603","400","203","29","632","1016","0","62.2","39.37"
"10","007","00","001","0145","0000","850","600","250","32","882","1409","0","62.6","42.58"
"10","007","00","001","0145","0014","473","318","155","16","489","766","0","63.84","41.51"
"10","007","00","001","0145","0015","377","282","95","16","393","643","0","61.12","43.86"
"10","007","00","001","0146","0000","1195","826","369","59","1254","2552","0","49.14","32.37"
"10","007","00","001","0146","0016","713","502","211","32","745","1251","0","59.55","40.13"
"10","007","00","001","0146","0017","482","324","158","27","509","1301","0","39.12","24.9"
"10","007","00","001","0147","0000","5095","3500","1595","147","5242","8589","0","61.03","40.75"
"10","007","00","001","0147","0018","749","501","248","23","772","1280","0","60.31","39.14"
"10","007","00","001","0147","0019","715","512","203","19","734","1179","0","62.26","43.43"
"10","007","00","001","0147","0020","672","462","210","17","689","1168","0","58.99","39.55"
"10","007","00","001","0147","0021","689","510","179","31","720","1218","0","59.11","41.87"
"10","007","00","001","0147","0022","855","581","274","25","880","1351","0","65.14","43.01"
"10","007","00","001","0147","0023","710","452","258","18","728","1204","0","60.47","37.54"
"10","007","00","001","0147","0024","705","482","223","14","719","1189","0","60.47","40.54"
"10","007","00","001","0148","0000","1360","968","392","46","1406","2305","0","61.0","42.0"
"10","007","00","001","0148","0012","658","458","200","21","679","1136","0","59.77","40.32"
"10","007","00","001","0148","0013","702","510","192","25","727","1169","0","62.19","43.63"
"10","007","00","001","0149","0000","594","386","208","39","633","1008","0","62.8","38.29"
"10","007","00","001","0149","0044","594","386","208","39","633","1008","0","62.8","38.29"
"10","007","00","001","0150","0000","1832","1301","531","85","1917","3262","0","58.77","39.88"
"10","007","00","001","0150","0177","586","416","170","38","624","1002","0","62.28","41.52"
"10","007","00","001","0150","0178","626","448","178","21","647","1148","0","56.36","39.02"
"10","007","00","001","0150","0179","620","437","183","26","646","1112","0","58.09","39.3"
"10","007","00","001","0151","0000","997","703","294","46","1043","1685","0","61.9","41.72"
"10","007","00","001","0151","0153","481","342","139","25","506","800","0","63.25","42.75"
"10","007","00","001","0151","0154","516","361","155","21","537","885","0","60.68","40.79"
"10","007","00","001","0152","0000","1111","782","329","44","1155","1903","0","60.69","41.09"
"10","007","00","001","0152","0174","525","376","149","23","548","930","0","58.92","40.43"
"10","007","00","001","0152","0175","586","406","180","21","607","973","0","62.38","41.73"
"10","007","00","001","0153","0000","1849","1266","583","80","1929","3282","0","58.78","38.57"
"10","007","00","001","0153","0155","607","429","178","25","632","1000","0","63.2","42.9"
"10","007","00","001","0153","0156","627","426","201","29","656","1159","0","56.6","36.76"
"10","007","00","001","0153","0157","615","411","204","26","641","1123","0","57.08","36.6"
"10","007","00","001","0154","0000","1679","1182","497","128","1807","2908","0","62.14","40.65"
"10","007","00","001","0154","0158","554","374","180","47","601","907","0","66.26","41.23"
"10","007","00","001","0154","0159","528","376","152","38","566","989","0","57.23","38.02"
"10","007","00","001","0154","0160","597","432","165","43","640","1012","0","63.24","42.69"
"10","007","00","001","0155","0000","3759","2661","1098","230","3989","6789","0","58.76","39.2"
"10","007","00","001","0155","0168","571","394","177","49","620","1120","0","55.36","35.18"
"10","007","00","001","0155","0169","668","486","182","29","697","1269","0","54.93","38.3"
"10","007","00","001","0155","0170","676","490","186","32","708","1159","0","61.09","42.28"
"10","007","00","001","0155","0171","676","466","210","49","725","1184","0","61.23","39.36"
"10","007","00","001","0155","0172","598","424","174","36","634","1089","0","58.22","38.93"
"10","007","00","001","0155","0173","570","401","169","35","605","968","0","62.5","41.43"
"10","007","00","001","0156","0000","1375","974","401","73","1448","2485","0","58.27","39.2"
"10","007","00","001","0156","0151","745","516","229","38","783","1372","0","57.07","37.61"
"10","007","00","001","0156","0152","630","458","172","35","665","1113","0","59.75","41.15"
"10","007","00","001","0157","0000","644","389","255","14","658","1184","0","55.57","32.85"
"10","007","00","001","0157","0176","644","389","255","14","658","1184","0","55.57","32.85"
"10","007","00","001","0158","0000","1459","1010","449","111","1570","2445","0","64.21","41.31"
"10","007","00","001","0158","0165","475","338","137","36","511","770","0","66.36","43.9"
"10","007","00","001","0158","0166","524","336","188","33","557","889","0","62.65","37.8"
"10","007","00","001","0158","0167","460","336","124","42","502","786","0","63.87","42.75"
"10","007","00","001","0159","0000","752","529","223","44","796","1249","0","63.73","42.35"
"10","007","00","001","0159","0133","752","529","223","44","796","1249","0","63.73","42.35"
"10","007","00","001","0160","0000","537","376","161","36","573","924","0","62.01","40.69"
"10","007","00","001","0160","0129","537","376","161","36","573","924","0","62.01","40.69"
"10","007","00","001","0161","0000","1807","1257","550","80","1887","2873","0","65.68","43.75"
"10","007","00","001","0161","0130","583","395","188","18","601","939","0","64.0","42.07"
"10","007","00","001","0161","0131","594","421","173","43","637","953","0","66.84","44.18"
"10","007","00","001","0161","0132","630","441","189","19","649","981","0","66.16","44.95"
"10","007","00","001","0162","0000","4740","3308","1432","188","4928","8267","0","59.61","40.01"
"10","007","00","001","0162","0137","709","508","201","20","729","1156","0","63.06","43.94"
"10","007","00","001","0162","0138","722","487","235","21","743","1291","0","57.55","37.72"
"10","007","00","001","0162","0139","639","452","187","26","665","1139","0","58.38","39.68"
"10","007","00","001","0162","0140","666","445","221","28","694","1125","0","61.69","39.56"
"10","007","00","001","0162","0141","687","474","213","39","726","1258","0","57.71","37.68"
"10","007","00","001","0162","0142","643","458","185","25","668","1123","0","59.48","40.78"
"10","007","00","001","0162","0143","674","484","190","29","703","1175","0","59.83","41.19"
"10","007","00","001","0163","0000","1380","953","427","83","1463","2378","0","61.52","40.08"
"10","007","00","001","0163","0134","491","350","141","24","515","817","0","63.04","42.84"
"10","007","00","001","0163","0135","500","341","159","39","539","872","0","61.81","39.11"
"10","007","00","001","0163","0136","389","262","127","20","409","689","0","59.36","38.03"
"10","007","00","001","0164","0000","2369","1644","725","109","2478","4160","0","59.57","39.52"
"10","007","00","001","0164","0147","553","387","166","25","578","1003","0","57.63","38.58"
"10","007","00","001","0164","0148","530","374","156","17","547","915","0","59.78","40.87"
"10","007","00","001","0164","0149","633","433","200","35","668","1158","0","57.69","37.39"
"10","007","00","001","0164","0150","653","450","203","32","685","1084","0","63.19","41.51"
"10","007","00","001","0165","0000","1625","1103","522","56","1681","2631","0","63.89","41.92"
"10","007","00","001","0165","0144","551","365","186","20","571","862","0","66.24","42.34"
"10","007","00","001","0165","0145","508","336","172","21","529","872","0","60.67","38.53"
"10","007","00","001","0165","0146","566","402","164","15","581","897","0","64.77","44.82"
"10","007","00","001","0166","0000","648","477","171","22","670","1161","0","57.71","41.09"
"10","007","00","001","0166","0184","648","477","171","22","670","1161","0","57.71","41.09"
"10","007","00","001","0167","0000","706","478","228","52","758","1276","0","59.4","37.46"
"10","007","00","001","0167","0183","706","478","228","52","758","1276","0","59.4","37.46"
"10","007","00","001","0168","0000","423","290","133","31","454","823","0","55.16","35.24"
"10","007","00","001","0168","0182","423","290","133","31","454","823","0","55.16","35.24"
"10","007","00","001","0169","0000","588","418","170","38","626","907","0","69.02","46.09"
"10","007","00","001","0169","0180","588","418","170","38","626","907","0","69.02","46.09"
"10","007","00","001","0170","0000","632","438","194","45","677","1112","0","60.88","39.39"
"10","007","00","001","0170","0181","632","438","194","45","677","1112","0","60.88","39.39"
"10","007","00","001","0171","0000","2539","1786","753","99","2638","4367","0","60.41","40.9"
"10","007","00","001","0171","0161","550","400","150","21","571","1033","0","55.28","38.72"
"10","007","00","001","0171","0162","660","458","202","29","689","1116","0","61.74","41.04"
"10","007","00","001","0171","0163","689","479","210","26","715","1154","0","61.96","41.51"
"10","007","00","001","0171","0164","640","449","191","23","663","1064","0","62.31","42.2"
"10","007","00","001","0172","0000","3090","2078","1012","124","3214","5370","0","59.85","38.7"
"10","007","00","001","0172","0074","739","484","255","36","775","1252","0","61.9","38.66"
"10","007","00","001","0172","0075","614","412","202","20","634","1113","0","56.96","37.02"
"10","007","00","001","0172","0076","607","408","199","28","635","1009","0","62.93","40.44"
"10","007","00","001","0172","0077","556","383","173","25","581","999","0","58.16","38.34"
"10","007","00","001","0172","0078","574","391","183","15","589","997","0","59.08","39.22"
"10","007","00","001","0173","0000","3082","2073","1009","93","3175","5178","0","61.32","40.03"
"10","007","00","001","0173","0079","720","467","253","27","747","1145","0","65.24","40.79"
"10","007","00","001","0173","0080","717","487","230","27","744","1227","0","60.64","39.69"
"10","007","00","001","0173","0081","731","484","247","23","754","1208","0","62.42","40.07"
"10","007","00","001","0173","0082","914","635","279","16","930","1598","0","58.2","39.74"
"10","007","00","002","0000","0000","38989","27150","11839","2260","41249","70505","86762","58.51","38.51"
"10","007","00","002","0201","0000","687","364","323","31","718","1140","0","62.98","31.93"
"10","007","00","002","0201","0243","687","364","323","31","718","1140","0","62.98","31.93"
"10","007","00","002","0202","0000","286","184","102","20","306","511","0","59.88","36.01"
"10","007","00","002","0202","0244","286","184","102","20","306","511","0","59.88","36.01"
"10","007","00","002","0203","0000","424","292","132","15","439","857","0","51.23","34.07"
"10","007","00","002","0203","0245","424","292","132","15","439","857","0","51.23","34.07"
"10","007","00","002","0204","0000","574","411","163","36","610","946","0","64.48","43.45"
"10","007","00","002","0204","0246","574","411","163","36","610","946","0","64.48","43.45"
"10","007","00","002","0205","0000","4283","3006","1277","207","4490","7584","0","59.2","39.64"
"10","007","00","002","0205","0302","682","457","225","48","730","1299","0","56.2","35.18"
"10","007","00","002","0205","0303","775","550","225","30","805","1298","0","62.02","42.37"
"10","007","00","002","0205","0304","811","569","242","32","843","1458","0","57.82","39.03"
"10","007","00","002","0205","0305","660","459","201","33","693","1138","0","60.9","40.33"
"10","007","00","002","0205","0306","642","456","186","30","672","1170","0","57.44","38.97"
"10","007","00","002","0205","0307","713","515","198","34","747","1221","0","61.18","42.18"
"10","007","00","002","0206","0000","2775","1925","850","143","2918","5161","0","56.54","37.3"
"10","007","00","002","0206","0298","692","489","203","42","734","1227","0","59.82","39.85"
"10","007","00","002","0206","0299","676","448","228","40","716","1187","0","60.32","37.74"
"10","007","00","002","0206","0300","696","506","190","18","714","1296","0","55.09","39.04"
"10","007","00","002","0206","0301","711","482","229","43","754","1451","0","51.96","33.22"
"10","007","00","002","0207","0000","2706","1835","871","116","2822","4946","0","57.06","37.1"
"10","007","00","002","0207","0247","534","339","195","31","565","945","0","59.79","35.87"
"10","007","00","002","0207","0248","631","446","185","27","658","1097","0","59.98","40.66"
"10","007","00","002","0207","0249","718","479","239","23","741","1479","0","50.1","32.39"
"10","007","00","002","0207","0250","823","571","252","35","858","1425","0","60.21","40.07"
"10","007","00","002","0208","0000","2391","1679","712","152","2543","4335","0","58.66","38.73"
"10","007","00","002","0208","0253","598","412","186","48","646","1047","0","61.7","39.35"
"10","007","00","002","0208","0254","602","425","177","26","628","1097","0","57.25","38.74"
"10","007","00","002","0208","0255","550","401","149","43","593","1030","0","57.57","38.93"
"10","007","00","002","0208","0256","641","441","200","35","676","1161","0","58.23","37.98"
"10","007","00","002","0209","0000","306","248","58","38","344","540","0","63.7","45.93"
"10","007","00","002","0209","0257","306","248","58","38","344","540","0","63.7","45.93"
"10","007","00","002","0210","0000","496","330","166","58","554","880","0","62.95","37.5"
"10","007","00","002","0210","0251","496","330","166","58","554","880","0","62.95","37.5"
"10","007","00","002","0211","0000","632","445","187","43","675","1183","0","57.06","37.62"
"10","007","00","002","0211","0252","632","445","187","43","675","1183","0","57.06","37.62"
"10","007","00","002","0212","0000","617","431","186","49","666","1127","0","59.09","38.24"
"10","007","00","002","0212","0262","617","431","186","49","666","1127","0","59.09","38.24"
"10","007","00","002","0213","0000","730","561","169","35","765","1178","0","64.94","47.62"
"10","007","00","002","0213","0263","730","561","169","35","765","1178","0","64.94","47.62"
"10","007","00","002","0214","0000","164","112","52","5","169","284","0","59.51","39.44"
"10","007","00","002","0214","0264","164","112","52","5","169","284","0","59.51","39.44"
"10","007","00","002","0215","0000","414","302","112","22","436","659","0","66.16","45.83"
"10","007","00","002","0215","0266","414","302","112","22","436","659","0","66.16","45.83"
"10","007","00","002","0216","0000","330","227","103","20","350","584","0","59.93","38.87"
"10","007","00","002","0216","0265","330","227","103","20","350","584","0","59.93","38.87"
"10","007","00","002","0217","0000","535","363","172","20","555","915","0","60.66","39.67"
"10","007","00","002","0217","0267","535","363","172","20","555","915","0","60.66","39.67"
"10","007","00","002","0218","0000","1349","945","404","67","1416","2208","0","64.13","42.8"
"10","007","00","002","0218","0268","655","463","192","28","683","1079","0","63.3","42.91"
"10","007","00","002","0218","0269","694","482","212","39","733","1129","0","64.92","42.69"
"10","007","00","002","0219","0000","2024","1377","647","145","2169","3820","0","56.78","36.05"
"10","007","00","002","0219","0286","762","524","238","58","820","1505","0","54.49","34.82"
"10","007","00","002","0219","0287","577","375","202","30","607","1092","0","55.59","34.34"
"10","007","00","002","0219","0288","685","478","207","57","742","1223","0","60.67","39.08"
"10","007","00","002","0220","0000","1339","970","369","61","1400","2575","0","54.37","37.67"
"10","007","00","002","0220","0289","757","550","207","21","778","1572","0","49.49","34.99"
"10","007","00","002","0220","0290","582","420","162","40","622","1003","0","62.01","41.87"
"10","007","00","002","0221","0000","2307","1380","927","95","2402","4070","0","59.02","33.91"
"10","007","00","002","0221","0295","857","615","242","43","900","1397","0","64.42","44.02"
"10","007","00","002","0221","0296","678","186","492","27","705","1229","0","57.36","15.13"
"10","007","00","002","0221","0297","772","579","193","25","797","1444","0","55.19","40.1"
"10","007","00","002","0222","0000","2300","1641","659","116","2416","4152","0","58.19","39.52"
"10","007","00","002","0222","0291","536","389","147","27","563","933","0","60.34","41.69"
"10","007","00","002","0222","0292","614","444","170","49","663","1093","0","60.66","40.62"
"10","007","00","002","0222","0293","505","366","139","12","517","907","0","57.0","40.35"
"10","007","00","002","0222","0294","645","442","203","28","673","1219","0","55.21","36.26"
"10","007","00","002","0223","0000","1760","1261","499","90","1850","3167","0","58.41","39.82"
"10","007","00","002","0223","0278","533","372","161","23","556","984","0","56.5","37.8"
"10","007","00","002","0223","0279","612","459","153","36","648","1018","0","63.65","45.09"
"10","007","00","002","0223","0280","615","430","185","31","646","1165","0","55.45","36.91"
"10","007","00","002","0224","0000","1109","863","246","71","1180","2181","0","54.1","39.57"
"10","007","00","002","0224","0281","575","501","74","40","615","1161","0","52.97","43.15"
"10","007","00","002","0224","0282","534","362","172","31","565","1020","0","55.39","35.49"
"10","007","00","002","0225","0000","1747","1300","447","138","1885","3066","0","61.48","42.4"
"10","007","00","002","0225","0283","570","425","145","45","615","1068","0","57.58","39.79"
"10","007","00","002","0225","0284","626","476","150","36","662","1024","0","64.65","46.48"
"10","007","00","002","0225","0285","551","399","152","57","608","974","0","62.42","40.97"
"10","007","00","002","0226","0000","1816","1256","560","143","1959","3557","0","55.07","35.31"
"10","007","00","002","0226","0272","560","370","190","73","633","1137","0","55.67","32.54"
"10","007","00","002","0226","0273","634","429","205","29","663","1195","0","55.48","35.9"
"10","007","00","002","0226","0274","622","457","165","41","663","1225","0","54.12","37.31"
"10","007","00","002","0227","0000","1025","728","297","64","1089","1979","0","55.03","36.79"
"10","007","00","002","0227","0270","673","475","198","35","708","1273","0","55.62","37.31"
"10","007","00","002","0227","0271","352","253","99","29","381","706","0","53.97","35.84"
"10","007","00","002","0228","0000","1367","981","386","117","1484","2438","0","60.87","40.24"
"10","007","00","002","0228","0275","594","417","177","36","630","957","0","65.83","43.57"
"10","007","00","002","0228","0276","370","278","92","43","413","758","0","54.49","36.68"
"10","007","00","002","0228","0277","403","286","117","38","441","723","0","61.0","39.56"
"10","007","00","002","0229","0000","2496","1733","763","143","2639","4462","0","59.14","38.84"
"10","007","00","002","0229","0258","611","410","201","32","643","1135","0","56.65","36.12"
"10","007","00","002","0229","0259","625","460","165","46","671","1155","0","58.1","39.83"
"10","007","00","002","0229","0260","668","453","215","31","699","1127","0","62.02","40.2"
"10","007","00","002","0229","0261","592","410","182","34","626","1045","0","59.9","39.23"
"10","007","00","003","0000","0000","41104","28171","12933","1937","43041","75286","90786","57.17","37.42"
"10","007","00","003","0301","0000","3135","2149","986","123","3258","6061","0","53.75","35.46"
"10","007","00","003","0301","0373","710","475","235","32","742","1341","0","55.33","35.42"
"10","007","00","003","0301","0374","734","507","227","38","772","1480","0","52.16","34.26"
"10","007","00","003","0301","0375","829","562","267","35","864","1529","0","56.51","36.76"
"10","007","00","003","0301","0376","862","605","257","18","880","1711","0","51.43","35.36"
"10","007","00","003","0302","0000","2486","1649","837","103","2589","4313","0","60.03","38.23"
"10","007","00","003","0302","0377","594","388","206","24","618","1057","0","58.47","36.71"
"10","007","00","003","0302","0378","586","370","216","29","615","1032","0","59.59","35.85"
"10","007","00","003","0302","0379","599","404","195","24","623","1015","0","61.38","39.8"
"10","007","00","003","0302","0380","707","487","220","26","733","1209","0","60.63","40.28"
"10","007","00","003","0303","0000","244","149","95","8","252","430","0","58.6","34.65"
"10","007","00","003","0303","0381","244","149","95","8","252","430","0","58.6","34.65"
"10","007","00","003","0304","0000","1024","703","321","40","1064","1822","0","58.4","38.58"
"10","007","00","003","0304","0382","465","299","166","18","483","856","0","56.43","34.93"
"10","007","00","003","0304","0383","559","404","155","22","581","966","0","60.14","41.82"
"10","007","00","003","0305","0000","1751","1177","574","75","1826","3242","0","56.32","36.3"
"10","007","00","003","0305","0384","564","381","183","20","584","1059","0","55.15","35.98"
"10","007","00","003","0305","0385","622","416","206","27","649","1117","0","58.1","37.24"
"10","007","00","003","0305","0386","565","380","185","28","593","1066","0","55.63","35.65"
"10","007","00","003","0306","0000","1428","978","450","62","1490","2780","0","53.6","35.18"
"10","007","00","003","0306","0387","651","443","208","33","684","1252","0","54.63","35.38"
"10","007","00","003","0306","0388","777","535","242","29","806","1528","0","52.75","35.01"
"10","007","00","003","0307","0000","931","574","357","48","979","1680","0","58.27","34.17"
"10","007","00","003","0307","0389","467","250","217","26","493","826","0","59.69","30.27"
"10","007","00","003","0307","0390","464","324","140","22","486","854","0","56.91","37.94"
"10","007","00","003","0308","0000","493","333","160","28","521","860","0","60.58","38.72"
"10","007","00","003","0308","0429","493","333","160","28","521","860","0","60.58","38.72"
"10","007","00","003","0309","0000","1174","812","362","51","1225","2152","0","56.92","37.73"
"10","007","00","003","0309","0391","707","470","237","35","742","1387","0","53.5","33.89"
"10","007","00","003","0309","0392","467","342","125","16","483","765","0","63.14","44.71"
"10","007","00","003","0310","0000","1501","1079","422","83","1584","2834","0","55.89","38.07"
"10","007","00","003","0310","0393","716","526","190","37","753","1438","0","52.36","36.58"
"10","007","00","003","0310","0394","785","553","232","46","831","1396","0","59.53","39.61"
"10","007","00","003","0311","0000","865","606","259","35","900","1467","0","61.35","41.31"
"10","007","00","003","0311","0395","368","257","111","16","384","658","0","58.36","39.06"
"10","007","00","003","0311","0396","497","349","148","19","516","809","0","63.78","43.14"
"10","007","00","003","0312","0000","978","713","265","28","1006","1820","0","55.27","39.18"
"10","007","00","003","0312","0397","509","373","136","8","517","932","0","55.47","40.02"
"10","007","00","003","0312","0398","469","340","129","20","489","888","0","55.07","38.29"
"10","007","00","003","0313","0000","1243","877","366","65","1308","2221","0","58.89","39.49"
"10","007","00","003","0313","0399","665","473","192","31","696","1144","0","60.84","41.35"
"10","007","00","003","0313","0400","578","404","174","34","612","1077","0","56.82","37.51"
"10","007","00","003","0314","0000","667","440","227","46","713","1349","0","52.85","32.62"
"10","007","00","003","0314","0401","667","440","227","46","713","1349","0","52.85","32.62"
"10","007","00","003","0315","0000","2815","1938","877","99","2914","5134","0","56.76","37.75"
"10","007","00","003","0315","0402","699","474","225","25","724","1155","0","62.68","41.04"
"10","007","00","003","0315","0403","673","464","209","25","698","1253","0","55.71","37.03"
"10","007","00","003","0315","0404","671","487","184","22","693","1252","0","55.35","38.9"
"10","007","00","003","0315","0405","772","513","259","27","799","1474","0","54.21","34.8"
"10","007","00","003","0316","0000","1124","812","312","47","1171","1910","0","61.31","42.51"
"10","007","00","003","0316","0408","600","459","141","21","621","999","0","62.16","45.95"
"10","007","00","003","0316","0409","524","353","171","26","550","911","0","60.37","38.75"
"10","007","00","003","0317","0000","1466","1027","439","52","1518","2632","0","57.67","39.02"
"10","007","00","003","0317","0412","746","526","220","22","768","1308","0","58.72","40.21"
"10","007","00","003","0317","0413","720","501","219","30","750","1324","0","56.65","37.84"
"10","007","00","003","0318","0000","1121","793","328","41","1162","1972","0","58.92","40.21"
"10","007","00","003","0318","0410","585","410","175","13","598","1005","0","59.5","40.8"
"10","007","00","003","0318","0411","536","383","153","28","564","967","0","58.32","39.61"
"10","007","00","003","0319","0000","1867","1278","589","120","1987","3437","0","57.81","37.18"
"10","007","00","003","0319","0414","615","408","207","44","659","1102","0","59.8","37.02"
"10","007","00","003","0319","0415","596","410","186","30","626","1124","0","55.69","36.48"
"10","007","00","003","0319","0416","656","460","196","46","702","1211","0","57.97","37.99"
"10","007","00","003","0320","0000","565","409","156","35","600","884","0","67.87","46.27"
"10","007","00","003","0320","0417","565","409","156","35","600","884","0","67.87","46.27"
"10","007","00","003","0321","0000","1314","887","427","79","1393","2419","0","57.59","36.67"
"10","007","00","003","0321","0418","602","414","188","48","650","1119","0","58.09","37.0"
"10","007","00","003","0321","0419","712","473","239","31","743","1300","0","57.15","36.38"
"10","007","00","003","0322","0000","1279","878","401","72","1351","2317","0","58.31","37.89"
"10","007","00","003","0322","0420","576","382","194","30","606","1104","0","54.89","34.6"
"10","007","00","003","0322","0421","703","496","207","42","745","1213","0","61.42","40.89"
"10","007","00","003","0323","0000","559","380","179","24","583","1127","0","51.73","33.72"
"10","007","00","003","0323","0422","559","380","179","24","583","1127","0","51.73","33.72"
"10","007","00","003","0324","0000","1621","1113","508","95","1716","2864","0","59.92","38.86"
"10","007","00","003","0324","0423","502","340","162","25","527","919","0","57.34","37.0"
"10","007","00","003","0324","0424","560","384","176","35","595","987","0","60.28","38.91"
"10","007","00","003","0324","0425","559","389","170","35","594","958","0","62.0","40.61"
"10","007","00","003","0325","0000","2356","1630","726","76","2432","4228","0","57.52","38.55"
"10","007","00","003","0325","0426","765","543","222","28","793","1362","0","58.22","39.87"
"10","007","00","003","0325","0427","788","541","247","25","813","1461","0","55.65","37.03"
"10","007","00","003","0325","0428","803","546","257","23","826","1405","0","58.79","38.86"
"10","007","00","003","0326","0000","948","674","274","51","999","1746","0","57.22","38.6"
"10","007","00","003","0326","0430","469","351","118","21","490","875","0","56.0","40.11"
"10","007","00","003","0326","0431","479","323","156","30","509","871","0","58.44","37.08"
"10","007","00","003","0327","0000","515","340","175","36","551","883","0","62.4","38.51"
"10","007","00","003","0327","0432","515","340","175","36","551","883","0","62.4","38.51"
"10","007","00","003","0328","0000","644","421","223","45","689","1224","0","56.29","34.4"
"10","007","00","003","0328","0433","644","421","223","45","689","1224","0","56.29","34.4"
"10","007","00","003","0329","0000","1084","712","372","59","1143","2031","0","56.28","35.06"
"10","007","00","003","0329","0434","571","379","192","31","602","1075","0","56.0","35.26"
"10","007","00","003","0329","0435","513","333","180","28","541","956","0","56.59","34.83"
"10","007","00","003","0330","0000","1648","1107","541","102","1750","3071","0","56.98","36.05"
"10","007","00","003","0330","0436","544","367","177","42","586","1037","0","56.51","35.39"
"10","007","00","003","0330","0437","554","394","160","21","575","1011","0","56.87","38.97"
"10","007","00","003","0330","0438","550","346","204","39","589","1023","0","57.58","33.82"
"10","007","00","003","0331","0000","852","580","272","59","911","1632","0","55.82","35.54"
"10","007","00","003","0331","0439","366","255","111","27","393","719","0","54.66","35.47"
"10","007","00","003","0331","0440","486","325","161","32","518","913","0","56.74","35.6"
"10","007","00","003","0332","0000","1406","953","453","50","1456","2744","0","53.06","34.73"
"10","007","00","003","0332","0406","694","470","224","27","721","1396","0","51.65","33.67"
"10","007","00","003","0332","0407","712","483","229","23","735","1348","0","54.53","35.83"
"10","007","00","004","0000","0000","7865","5502","2363","563","8428","14065","16872","59.92","39.12"
"10","007","00","004","0401","0000","1286","897","389","42","1328","2237","0","59.37","40.1"
"10","007","00","004","0401","0469","614","427","187","15","629","1071","0","58.73","39.87"
"10","007","00","004","0401","0470","672","470","202","27","699","1166","0","59.95","40.31"
"10","007","00","004","0402","0000","683","486","197","72","755","1269","0","59.5","38.3"
"10","007","00","004","0402","0471","683","486","197","72","755","1269","0","59.5","38.3"
"10","007","00","004","0403","0000","1270","896","374","103","1373","2266","0","60.59","39.54"
"10","007","00","004","0403","0472","611","432","179","39","650","1138","0","57.12","37.96"
"10","007","00","004","0403","0473","659","464","195","64","723","1128","0","64.1","41.13"
"10","007","00","004","0404","0000","710","468","242","63","773","1275","0","60.63","36.71"
"10","007","00","004","0404","0474","710","468","242","63","773","1275","0","60.63","36.71"
"10","007","00","004","0405","0000","662","449","213","47","709","1187","0","59.73","37.83"
"10","007","00","004","0405","0475","662","449","213","47","709","1187","0","59.73","37.83"
"10","007","00","004","0406","0000","1083","767","316","87","1170","1929","0","60.65","39.76"
"10","007","00","004","0406","0476","565","405","160","39","604","991","0","60.95","40.87"
"10","007","00","004","0406","0477","518","362","156","48","566","938","0","60.34","38.59"
"10","007","00","004","0407","0000","1344","938","406","98","1442","2561","0","56.31","36.63"
"10","007","00","004","0407","0478","633","451","182","48","681","1276","0","53.37","35.34"
"10","007","00","004","0407","0479","711","487","224","50","761","1285","0","59.22","37.9"
"10","007","00","004","0408","0000","827","601","226","51","878","1341","0","65.47","44.82"
"10","007","00","004","0408","0480","827","601","226","51","878","1341","0","65.47","44.82"
"10","007","00","005","0000","0000","16191","11059","5132","1028","17219","30407","37062","56.63","36.37"
"10","007","00","005","0501","0000","845","593","252","63","908","1700","0","53.41","34.88"
"10","007","00","005","0501","0456","440","317","123","38","478","854","0","55.97","37.12"
"10","007","00","005","0501","0457","405","276","129","25","430","846","0","50.83","32.62"
"10","007","00","005","0502","0000","523","325","198","88","611","1143","0","53.46","28.43"
"10","007","00","005","0502","0458","523","325","198","88","611","1143","0","53.46","28.43"
"10","007","00","005","0503","0000","735","502","233","43","778","1317","0","59.07","38.12"
"10","007","00","005","0503","0463","735","502","233","43","778","1317","0","59.07","38.12"
"10","007","00","005","0504","0000","998","672","326","73","1071","1912","0","56.01","35.15"
"10","007","00","005","0504","0447","473","312","161","38","511","904","0","56.53","34.51"
"10","007","00","005","0504","0448","525","360","165","35","560","1008","0","55.56","35.71"
"10","007","00","005","0505","0000","1103","768","335","86","1189","1993","0","59.66","38.53"
"10","007","00","005","0505","0453","591","404","187","55","646","1085","0","59.54","37.24"
"10","007","00","005","0505","0454","512","364","148","31","543","908","0","59.8","40.09"
"10","007","00","005","0506","0000","730","529","201","12","742","1264","0","58.7","41.85"
"10","007","00","005","0506","0455","730","529","201","12","742","1264","0","58.7","41.85"
"10","007","00","005","0507","0000","995","692","303","56","1051","1839","0","57.15","37.63"
"10","007","00","005","0507","0443","529","369","160","29","558","966","0","57.76","38.2"
"10","007","00","005","0507","0444","466","323","143","27","493","873","0","56.47","37.0"
"10","007","00","005","0508","0000","924","628","296","58","982","1687","0","58.21","37.23"
"10","007","00","005","0508","0445","460","320","140","30","490","812","0","60.34","39.41"
"10","007","00","005","0508","0446","464","308","156","28","492","875","0","56.23","35.2"
"10","007","00","005","0509","0000","1361","933","428","103","1464","2640","0","55.45","35.34"
"10","007","00","005","0509","0449","643","450","193","38","681","1154","0","59.01","38.99"
"10","007","00","005","0509","0450","718","483","235","65","783","1486","0","52.69","32.5"
"10","007","00","005","0510","0000","2725","1807","918","146","2871","5139","0","55.87","35.16"
"10","007","00","005","0510","0459","732","496","236","28","760","1357","0","56.01","36.55"
"10","007","00","005","0510","0460","698","449","249","40","738","1349","0","54.71","33.28"
"10","007","00","005","0510","0461","627","431","196","49","676","1154","0","58.58","37.35"
"10","007","00","005","0510","0462","668","431","237","29","697","1279","0","54.5","33.7"
"10","007","00","005","0511","0000","1111","777","334","57","1168","2182","0","53.53","35.61"
"10","007","00","005","0511","0451","570","410","160","40","610","1095","0","55.71","37.44"
"10","007","00","005","0511","0452","541","367","174","17","558","1087","0","51.33","33.76"
"10","007","00","005","0512","0000","1256","871","385","71","1327","2348","0","56.52","37.1"
"10","007","00","005","0512","0441","570","386","184","37","607","1182","0","51.35","32.66"
"10","007","00","005","0512","0442","686","485","201","34","720","1166","0","61.75","41.6"
"10","007","00","005","0513","0000","1721","1170","551","68","1789","3020","0","59.24","38.74"
"10","007","00","005","0513","0464","576","396","180","31","607","990","0","61.31","40.0"
"10","007","00","005","0513","0465","486","324","162","20","506","852","0","59.39","38.03"
"10","007","00","005","0513","0466","659","450","209","17","676","1178","0","57.39","38.2"
"10","007","00","005","0514","0000","1164","792","372","104","1268","2223","0","57.04","35.63"
"10","007","00","005","0514","0467","559","386","173","59","618","1088","0","56.8","35.48"
"10","007","00","005","0514","0468","605","406","199","45","650","1135","0","57.27","35.77"
"10","007","00","006","0000","0000","20369","14430","5939","1303","21672","39745","47166","54.53","36.31"
"10","007","00","006","0601","0000","762","544","218","43","805","1492","0","53.95","36.46"
"10","007","00","006","0601","0319","762","544","218","43","805","1492","0","53.95","36.46"
"10","007","00","006","0602","0000","644","454","190","35","679","1458","0","46.57","31.14"
"10","007","00","006","0602","0318","644","454","190","35","679","1458","0","46.57","31.14"
"10","007","00","006","0603","0000","621","415","206","39","660","1251","0","52.76","33.17"
"10","007","00","006","0603","0313","621","415","206","39","660","1251","0","52.76","33.17"
"10","007","00","006","0604","0000","722","518","204","45","767","1464","0","52.39","35.38"
"10","007","00","006","0604","0312","722","518","204","45","767","1464","0","52.39","35.38"
"10","007","00","006","0605","0000","572","393","179","68","640","1166","0","54.89","33.7"
"10","007","00","006","0605","0311","572","393","179","68","640","1166","0","54.89","33.7"
"10","007","00","006","0606","0000","616","436","180","51","667","1256","0","53.11","34.71"
"10","007","00","006","0606","0310","616","436","180","51","667","1256","0","53.11","34.71"
"10","007","00","006","0607","0000","692","421","271","44","736","1363","0","54.0","30.89"
"10","007","00","006","0607","0308","692","421","271","44","736","1363","0","54.0","30.89"
"10","007","00","006","0608","0000","453","322","131","19","472","821","0","57.49","39.22"
"10","007","00","006","0608","0309","453","322","131","19","472","821","0","57.49","39.22"
"10","007","00","006","0609","0000","1184","824","360","67","1251","2425","0","51.59","33.98"
"10","007","00","006","0609","0314","732","501","231","44","776","1465","0","52.97","34.2"
"10","007","00","006","0609","0315","452","323","129","23","475","960","0","49.48","33.65"
"10","007","00","006","0610","0000","1380","949","431","90","1470","2688","0","54.69","35.31"
"10","007","00","006","0610","0316","671","458","213","47","718","1323","0","54.27","34.62"
"10","007","00","006","0610","0317","709","491","218","43","752","1365","0","55.09","35.97"
"10","007","00","006","0611","0000","1248","852","396","63","1311","2477","0","52.93","34.4"
"10","007","00","006","0611","0324","540","356","184","35","575","1085","0","53.0","32.81"
"10","007","00","006","0611","0325","708","496","212","28","736","1392","0","52.87","35.63"
"10","007","00","006","0612","0000","664","483","181","32","696","1216","0","57.24","39.72"
"10","007","00","006","0612","0331","664","483","181","32","696","1216","0","57.24","39.72"
"10","007","00","006","0613","0000","535","391","144","33","568","1063","0","53.43","36.78"
"10","007","00","006","0613","0332","535","391","144","33","568","1063","0","53.43","36.78"
"10","007","00","006","0614","0000","1177","875","302","103","1280","2229","0","57.42","39.26"
"10","007","00","006","0614","0339","619","443","176","55","674","1079","0","62.47","41.06"
"10","007","00","006","0614","0340","558","432","126","48","606","1150","0","52.7","37.57"
"10","007","00","006","0615","0000","1018","717","301","56","1074","1921","0","55.91","37.32"
"10","007","00","006","0615","0337","530","392","138","28","558","926","0","60.26","42.33"
"10","007","00","006","0615","0338","488","325","163","28","516","995","0","51.86","32.66"
"10","007","00","006","0616","0000","1214","905","309","84","1298","2305","0","56.31","39.26"
"10","007","00","006","0616","0335","534","396","138","24","558","994","0","56.14","39.84"
"10","007","00","006","0616","0336","680","509","171","60","740","1311","0","56.45","38.83"
"10","007","00","006","0617","0000","545","385","160","49","594","1287","0","46.15","29.91"
"10","007","00","006","0617","0334","545","385","160","49","594","1287","0","46.15","29.91"
"10","007","00","006","0618","0000","654","453","201","54","708","1306","0","54.21","34.69"
"10","007","00","006","0618","0333","654","453","201","54","708","1306","0","54.21","34.69"
"10","007","00","006","0619","0000","2106","1519","587","106","2212","3672","0","60.24","41.37"
"10","007","00","006","0619","0326","723","529","194","52","775","1316","0","58.89","40.2"
"10","007","00","006","0619","0327","732","522","210","29","761","1255","0","60.64","41.59"
"10","007","00","006","0619","0328","651","468","183","25","676","1101","0","61.4","42.51"
"10","007","00","006","0620","0000","1324","948","376","78","1402","2560","0","54.77","37.03"
"10","007","00","006","0620","0329","602","456","146","56","658","1167","0","56.38","39.07"
"10","007","00","006","0620","0330","722","492","230","22","744","1393","0","53.41","35.32"
"10","007","00","006","0621","0000","1176","858","318","89","1265","2383","0","53.08","36.01"
"10","007","00","006","0621","0322","486","366","120","37","523","1043","0","50.14","35.09"
"10","007","00","006","0621","0323","690","492","198","52","742","1340","0","55.37","36.72"
"10","007","00","006","0622","0000","1062","768","294","55","1117","1942","0","57.52","39.55"
"10","007","00","006","0622","0320","464","333","131","28","492","888","0","55.41","37.5"
"10","007","00","006","0622","0321","598","435","163","27","625","1054","0","59.3","41.27"
"10","007","00","007","0000","0000","18232","12650","5582","1063","19295","32394","39300","59.56","39.05"
"10","007","00","007","0701","0000","970","694","276","91","1061","1686","0","62.93","41.16"
"10","007","00","007","0701","0341","604","435","169","60","664","1066","0","62.29","40.81"
"10","007","00","007","0701","0342","366","259","107","31","397","620","0","64.03","41.77"
"10","007","00","007","0702","0000","1145","778","367","48","1193","2072","0","57.58","37.55"
"10","007","00","007","0702","0343","439","293","146","19","458","876","0","52.28","33.45"
"10","007","00","007","0702","0344","706","485","221","29","735","1196","0","61.45","40.55"
"10","007","00","007","0703","0000","1470","1047","423","76","1546","2642","0","58.52","39.63"
"10","007","00","007","0703","0345","752","539","213","37","789","1369","0","57.63","39.37"
"10","007","00","007","0703","0346","718","508","210","39","757","1273","0","59.47","39.91"
"10","007","00","007","0704","0000","1089","751","338","38","1127","1888","0","59.69","39.78"
"10","007","00","007","0704","0348","551","375","176","23","574","967","0","59.36","38.78"
"10","007","00","007","0704","0349","538","376","162","15","553","921","0","60.04","40.83"
"10","007","00","007","0705","0000","766","545","221","40","806","1433","0","56.25","38.03"
"10","007","00","007","0705","0347","766","545","221","40","806","1433","0","56.25","38.03"
"10","007","00","007","0706","0000","2220","1519","701","136","2356","3910","0","60.26","38.85"
"10","007","00","007","0706","0350","416","298","118","19","435","689","0","63.13","43.25"
"10","007","00","007","0706","0351","385","263","122","36","421","688","0","61.19","38.23"
"10","007","00","007","0706","0352","743","494","249","38","781","1252","0","62.38","39.46"
"10","007","00","007","0706","0353","676","464","212","43","719","1281","0","56.13","36.22"
"10","007","00","007","0707","0000","1728","1197","531","77","1805","3211","0","56.21","37.28"
"10","007","00","007","0707","0354","410","283","127","19","429","754","0","56.9","37.53"
"10","007","00","007","0707","0355","553","379","174","33","586","1024","0","57.23","37.01"
"10","007","00","007","0707","0356","765","535","230","25","790","1433","0","55.13","37.33"
"10","007","00","007","0708","0000","1340","905","435","86","1426","2261","0","63.07","40.03"
"10","007","00","007","0708","0357","834","562","272","46","880","1366","0","64.42","41.14"
"10","007","00","007","0708","0358","506","343","163","40","546","895","0","61.01","38.32"
"10","007","00","007","0709","0000","694","439","255","44","738","1386","0","53.25","31.67"
"10","007","00","007","0709","0359","694","439","255","44","738","1386","0","53.25","31.67"
"10","007","00","007","0710","0000","2632","1831","801","185","2817","4454","0","63.25","41.11"
"10","007","00","007","0710","0360","490","352","138","54","544","896","0","60.71","39.29"
"10","007","00","007","0710","0361","498","349","149","39","537","804","0","66.79","43.41"
"10","007","00","007","0710","0362","505","360","145","19","524","827","0","63.36","43.53"
"10","007","00","007","0710","0363","561","389","172","32","593","996","0","59.54","39.06"
"10","007","00","007","0710","0364","578","381","197","41","619","931","0","66.49","40.92"
"10","007","00","007","0711","0000","1122","778","344","57","1179","1944","0","60.65","40.02"
"10","007","00","007","0711","0365","390","261","129","21","411","715","0","57.48","36.5"
"10","007","00","007","0711","0366","732","517","215","36","768","1229","0","62.49","42.07"
"10","007","00","007","0712","0000","910","616","294","60","970","1701","0","57.03","36.21"
"10","007","00","007","0712","0367","433","308","125","28","461","890","0","51.8","34.61"
"10","007","00","007","0712","0368","477","308","169","32","509","811","0","62.76","37.98"
"10","007","00","007","0713","0000","981","691","290","52","1033","1717","0","60.16","40.24"
"10","007","00","007","0713","0369","459","317","142","31","490","786","0","62.34","40.33"
"10","007","00","007","0713","0370","522","374","148","21","543","931","0","58.32","40.17"
"10","007","00","007","0714","0000","1165","859","306","73","1238","2089","0","59.26","41.12"
"10","007","00","007","0714","0371","728","533","195","45","773","1265","0","61.11","42.13"
"10","007","00","007","0714","0372","437","326","111","28","465","824","0","56.43","39.56"
"10","007","00","008","0000","0000","22250","15812","6438","1024","23274","38924","45922","59.79","40.62"
"10","007","00","008","0801","0000","1889","1297","592","64","1953","3257","0","59.96","39.82"
"10","007","00","008","0801","0185","525","375","150","29","554","901","0","61.49","41.62"
"10","007","00","008","0801","0186","636","436","200","25","661","1042","0","63.44","41.84"
"10","007","00","008","0801","0187","728","486","242","10","738","1314","0","56.16","36.99"
"10","007","00","008","0802","0000","1049","759","290","47","1096","1827","0","59.99","41.54"
"10","007","00","008","0802","0188","481","360","121","25","506","808","0","62.62","44.55"
"10","007","00","008","0802","0189","568","399","169","22","590","1019","0","57.9","39.16"
"10","007","00","008","0803","0000","1370","1007","363","90","1460","2384","0","61.24","42.24"
"10","007","00","008","0803","0190","679","489","190","33","712","1144","0","62.24","42.74"
"10","007","00","008","0803","0191","691","518","173","57","748","1240","0","60.32","41.77"
"10","007","00","008","0804","0000","674","494","180","35","709","1095","0","64.75","45.11"
"10","007","00","008","0804","0193","674","494","180","35","709","1095","0","64.75","45.11"
"10","007","00","008","0805","0000","851","660","191","28","879","1425","0","61.68","46.32"
"10","007","00","008","0805","0192","851","660","191","28","879","1425","0","61.68","46.32"
"10","007","00","008","0806","0000","1106","808","298","46","1152","1892","0","60.89","42.71"
"10","007","00","008","0806","0194","518","373","145","28","546","910","0","60.0","40.99"
"10","007","00","008","0806","0195","588","435","153","18","606","982","0","61.71","44.3"
"10","007","00","008","0807","0000","468","325","143","37","505","764","0","66.1","42.54"
"10","007","00","008","0807","0198","468","325","143","37","505","764","0","66.1","42.54"
"10","007","00","008","0808","0000","990","638","352","33","1023","1770","0","57.8","36.05"
"10","007","00","008","0808","0196","603","390","213","16","619","1070","0","57.85","36.45"
"10","007","00","008","0808","0197","387","248","139","17","404","700","0","57.71","35.43"
"10","007","00","008","0809","0000","2830","2060","770","102","2932","4967","0","59.03","41.47"
"10","007","00","008","0809","0207","610","427","183","28","638","1169","0","54.58","36.53"
"10","007","00","008","0809","0208","741","532","209","30","771","1274","0","60.52","41.76"
"10","007","00","008","0809","0209","774","571","203","19","793","1280","0","61.95","44.61"
"10","007","00","008","0809","0210","705","530","175","25","730","1244","0","58.68","42.6"
"10","007","00","008","0810","0000","1721","1203","518","87","1808","3038","0","59.51","39.6"
"10","007","00","008","0810","0199","577","407","170","27","604","953","0","63.38","42.71"
"10","007","00","008","0810","0200","537","378","159","20","557","974","0","57.19","38.81"
"10","007","00","008","0810","0201","607","418","189","40","647","1111","0","58.24","37.62"
"10","007","00","008","0811","0000","2555","1773","782","126","2681","4576","0","58.59","38.75"
"10","007","00","008","0811","0202","630","469","161","45","675","1101","0","61.31","42.6"
"10","007","00","008","0811","0203","596","435","161","23","619","1110","0","55.77","39.19"
"10","007","00","008","0811","0204","701","475","226","33","734","1262","0","58.16","37.64"
"10","007","00","008","0811","0205","628","394","234","25","653","1103","0","59.2","35.72"
"10","007","00","008","0812","0000","677","468","209","34","711","1347","0","52.78","34.74"
"10","007","00","008","0812","0206","677","468","209","34","711","1347","0","52.78","34.74"
"10","007","00","008","0813","0000","1884","1325","559","87","1971","3312","0","59.51","40.01"
"10","007","00","008","0813","0211","646","452","194","39","685","1159","0","59.1","39.0"
"10","007","00","008","0813","0212","634","441","193","23","657","1042","0","63.05","42.32"
"10","007","00","008","0813","0213","604","432","172","25","629","1111","0","56.62","38.88"
"10","007","00","008","0814","0000","536","387","149","35","571","893","0","63.94","43.34"
"10","007","00","008","0814","0214","536","387","149","35","571","893","0","63.94","43.34"
"10","007","00","008","0815","0000","539","390","149","28","567","953","0","59.5","40.92"
"10","007","00","008","0815","0215","539","390","149","28","567","953","0","59.5","40.92"
"10","007","00","008","0816","0000","1117","778","339","54","1171","1912","0","61.24","40.69"
"10","007","00","008","0816","0216","534","364","170","27","561","987","0","56.84","36.88"
"10","007","00","008","0816","0217","583","414","169","27","610","925","0","65.95","44.76"
"10","007","00","008","0817","0000","1071","780","291","47","1118","1906","0","58.66","40.92"
"10","007","00","008","0817","0218","542","410","132","27","569","951","0","59.83","43.11"
"10","007","00","008","0817","0219","529","370","159","20","549","955","0","57.49","38.74"
"10","007","00","008","0818","0000","923","660","263","44","967","1606","0","60.21","41.1"
"10","007","00","008","0818","0220","518","370","148","24","542","895","0","60.56","41.34"
"10","007","00","008","0818","0221","405","290","115","20","425","711","0","59.77","40.79"
"10","007","00","009","0000","0000","10624","7522","3102","734","11358","20408","23594","55.65","36.86"
"10","007","00","009","0901","0000","932","672","260","63","995","1752","0","56.79","38.36"
"10","007","00","009","0901","0222","514","373","141","24","538","958","0","56.16","38.94"
"10","007","00","009","0901","0223","418","299","119","39","457","794","0","57.56","37.66"
"10","007","00","009","0902","0000","680","460","220","67","747","1415","0","52.79","32.51"
"10","007","00","009","0902","0224","680","460","220","67","747","1415","0","52.79","32.51"
"10","007","00","009","0903","0000","934","678","256","58","992","1758","0","56.43","38.57"
"10","007","00","009","0903","0225","490","341","149","28","518","927","0","55.88","36.79"
"10","007","00","009","0903","0226","444","337","107","30","474","831","0","57.04","40.55"
"10","007","00","009","0904","0000","1271","889","382","68","1339","2465","0","54.32","36.06"
"10","007","00","009","0904","0228","631","426","205","25","656","1227","0","53.46","34.72"
"10","007","00","009","0904","0229","640","463","177","43","683","1238","0","55.17","37.4"
"10","007","00","009","0905","0000","1280","910","370","96","1376","2351","0","58.53","38.71"
"10","007","00","009","0905","0230","736","507","229","51","787","1362","0","57.78","37.22"
"10","007","00","009","0905","0231","544","403","141","45","589","989","0","59.56","40.75"
"10","007","00","009","0906","0000","1007","744","263","64","1071","1661","0","64.48","44.79"
"10","007","00","009","0906","0232","635","474","161","35","670","1054","0","63.57","44.97"
"10","007","00","009","0906","0233","372","270","102","29","401","607","0","66.06","44.48"
"10","007","00","009","0907","0000","502","366","136","34","536","882","0","60.77","41.5"
"10","007","00","009","0907","0234","502","366","136","34","536","882","0","60.77","41.5"
"10","007","00","009","0908","0000","527","382","145","32","559","1143","0","48.91","33.42"
"10","007","00","009","0908","0235","527","382","145","32","559","1143","0","48.91","33.42"
"10","007","00","009","0909","0000","315","230","85","22","337","661","0","50.98","34.8"
"10","007","00","009","0909","0236","315","230","85","22","337","661","0","50.98","34.8"
"10","007","00","009","0910","0000","840","588","252","34","874","1685","0","51.87","34.9"
"10","007","00","009","0910","0237","426","312","114","3","429","838","0","51.19","37.23"
"10","007","00","009","0910","0238","414","276","138","31","445","847","0","52.54","32.59"
"10","007","00","009","0911","0000","551","388","163","41","592","987","0","59.98","39.31"
"10","007","00","009","0911","0239","551","388","163","41","592","987","0","59.98","39.31"
"10","007","00","009","0912","0000","593","410","183","50","643","1217","0","52.83","33.69"
"10","007","00","009","0912","0240","593","410","183","50","643","1217","0","52.83","33.69"
"10","007","00","009","0913","0000","393","274","119","51","444","865","0","51.33","31.68"
"10","007","00","009","0913","0241","393","274","119","51","444","865","0","51.33","31.68"
"10","007","00","009","0914","0000","477","315","162","37","514","996","0","51.61","31.63"
"10","007","00","009","0914","0242","477","315","162","37","514","996","0","51.61","31.63"
"10","007","00","009","0915","0000","322","216","106","17","339","570","0","59.47","37.89"
"10","007","00","009","0915","0227","322","216","106","17","339","570","0","59.47","37.89"
"10","007","00","010","0000","0000","55965","38409","17556","2342","58307","102028","124755","57.15","37.65"
"10","007","00","010","1001","0000","588","401","187","31","619","1063","0","58.23","37.72"
"10","007","00","010","1001","0504","588","401","187","31","619","1063","0","58.23","37.72"
"10","007","00","010","1002","0000","1562","1086","476","61","1623","2788","0","58.21","38.95"
"10","007","00","010","1002","0505","499","318","181","18","517","925","0","55.89","34.38"
"10","007","00","010","1002","0506","534","393","141","25","559","947","0","59.03","41.5"
"10","007","00","010","1002","0507","529","375","154","18","547","916","0","59.72","40.94"
"10","007","00","010","1003","0000","1765","1243","522","49","1814","3174","0","57.15","39.16"
"10","007","00","010","1003","0528","483","335","148","7","490","867","0","56.52","38.64"
"10","007","00","010","1003","0529","660","469","191","20","680","1201","0","56.62","39.05"
"10","007","00","010","1003","0530","622","439","183","22","644","1106","0","58.23","39.69"
"10","007","00","010","1004","0000","1484","1001","483","52","1536","2588","0","59.35","38.68"
"10","007","00","010","1004","0531","489","327","162","20","509","845","0","60.24","38.7"
"10","007","00","010","1004","0532","511","337","174","15","526","894","0","58.84","37.7"
"10","007","00","010","1004","0533","484","337","147","17","501","849","0","59.01","39.69"
"10","007","00","010","1005","0000","450","302","148","23","473","747","0","63.32","40.43"
"10","007","00","010","1005","0534","450","302","148","23","473","747","0","63.32","40.43"
"10","007","00","010","1006","0000","1601","1142","459","70","1671","2824","0","59.17","40.44"
"10","007","00","010","1006","0535","524","342","182","28","552","884","0","62.44","38.69"
"10","007","00","010","1006","0536","445","313","132","24","469","900","0","52.11","34.78"
"10","007","00","010","1006","0537","632","487","145","18","650","1040","0","62.5","46.83"
"10","007","00","010","1007","0000","463","311","152","14","477","831","0","57.4","37.42"
"10","007","00","010","1007","0538","463","311","152","14","477","831","0","57.4","37.42"
"10","007","00","010","1008","0000","366","244","122","27","393","591","0","66.5","41.29"
"10","007","00","010","1008","0539","366","244","122","27","393","591","0","66.5","41.29"
"10","007","00","010","1009","0000","1022","699","323","27","1049","1849","0","56.73","37.8"
"10","007","00","010","1009","0508","470","315","155","11","481","862","0","55.8","36.54"
"10","007","00","010","1009","0509","552","384","168","16","568","987","0","57.55","38.91"
"10","007","00","010","1010","0000","3130","2174","956","132","3262","5677","0","57.46","38.29"
"10","007","00","010","1010","0510","567","412","155","32","599","1085","0","55.21","37.97"
"10","007","00","010","1010","0511","615","418","197","19","634","1110","0","57.12","37.66"
"10","007","00","010","1010","0512","564","389","175","25","589","1095","0","53.79","35.53"
"10","007","00","010","1010","0513","758","516","242","27","785","1278","0","61.42","40.38"
"10","007","00","010","1010","0514","626","439","187","29","655","1109","0","59.06","39.59"
"10","007","00","010","1011","0000","1257","863","394","84","1341","2487","0","53.92","34.7"
"10","007","00","010","1011","0561","576","415","161","57","633","1131","0","55.97","36.69"
"10","007","00","010","1011","0562","681","448","233","27","708","1356","0","52.21","33.04"
"10","007","00","010","1012","0000","2383","1567","816","102","2485","4191","0","59.29","37.39"
"10","007","00","010","1012","0563","733","482","251","41","774","1370","0","56.5","35.18"
"10","007","00","010","1012","0564","609","384","225","25","634","1090","0","58.17","35.23"
"10","007","00","010","1012","0565","519","329","190","15","534","821","0","65.04","40.07"
"10","007","00","010","1012","0566","522","372","150","21","543","910","0","59.67","40.88"
"10","007","00","010","1013","0000","2793","1893","900","96","2889","4993","0","57.86","37.91"
"10","007","00","010","1013","0567","663","460","203","21","684","1203","0","56.86","38.24"
"10","007","00","010","1013","0568","750","474","276","24","774","1378","0","56.17","34.4"
"10","007","00","010","1013","0569","738","523","215","32","770","1352","0","56.95","38.68"
"10","007","00","010","1013","0570","642","436","206","19","661","1060","0","62.36","41.13"
"10","007","00","010","1014","0000","2388","1694","694","137","2525","4559","0","55.38","37.16"
"10","007","00","010","1014","0571","688","481","207","37","725","1317","0","55.05","36.52"
"10","007","00","010","1014","0572","591","399","192","26","617","1120","0","55.09","35.63"
"10","007","00","010","1014","0573","517","390","127","38","555","1025","0","54.15","38.05"
"10","007","00","010","1014","0574","592","424","168","36","628","1097","0","57.25","38.65"
"10","007","00","010","1015","0000","951","636","315","48","999","1696","0","58.9","37.5"
"10","007","00","010","1015","0575","502","331","171","29","531","859","0","61.82","38.53"
"10","007","00","010","1015","0576","449","305","144","19","468","837","0","55.91","36.44"
"10","007","00","010","1016","0000","1240","864","376","63","1303","2163","0","60.24","39.94"
"10","007","00","010","1016","0577","660","463","197","25","685","1090","0","62.84","42.48"
"10","007","00","010","1016","0578","580","401","179","38","618","1073","0","57.6","37.37"
"10","007","00","010","1017","0000","1412","958","454","42","1454","2625","0","55.39","36.5"
"10","007","00","010","1017","0540","702","479","223","19","721","1330","0","54.21","36.02"
"10","007","00","010","1017","0541","710","479","231","23","733","1295","0","56.6","36.99"
"10","007","00","010","1018","0000","3415","2322","1093","105","3520","6205","0","56.73","37.42"
"10","007","00","010","1018","0545","674","450","224","19","693","1176","0","58.93","38.27"
"10","007","00","010","1018","0546","446","311","135","7","453","867","0","52.25","35.87"
"10","007","00","010","1018","0547","604","382","222","22","626","1121","0","55.84","34.08"
"10","007","00","010","1018","0548","616","417","199","16","632","1190","0","53.11","35.04"
"10","007","00","010","1018","0549","547","390","157","20","567","945","0","60.0","41.27"
"10","007","00","010","1018","0550","528","372","156","21","549","906","0","60.6","41.06"
"10","007","00","010","1019","0000","1648","1131","517","80","1728","2876","0","60.08","39.33"
"10","007","00","010","1019","0551","573","375","198","23","596","978","0","60.94","38.34"
"10","007","00","010","1019","0552","527","370","157","33","560","949","0","59.01","38.99"
"10","007","00","010","1019","0553","548","386","162","24","572","949","0","60.27","40.67"
"10","007","00","010","1020","0000","1056","735","321","60","1116","1931","0","57.79","38.06"
"10","007","00","010","1020","0515","572","406","166","33","605","1055","0","57.35","38.48"
"10","007","00","010","1020","0516","484","329","155","27","511","876","0","58.33","37.56"
"10","007","00","010","1021","0000","1212","849","363","32","1244","2301","0","54.06","36.9"
"10","007","00","010","1021","0517","535","370","165","20","555","1115","0","49.78","33.18"
"10","007","00","010","1021","0518","677","479","198","12","689","1186","0","58.09","40.39"
"10","007","00","010","1022","0000","1740","1233","507","71","1811","3195","0","56.68","38.59"
"10","007","00","010","1022","0519","564","401","163","38","602","995","0","60.5","40.3"
"10","007","00","010","1022","0520","526","378","148","16","542","999","0","54.25","37.84"
"10","007","00","010","1022","0521","650","454","196","17","667","1201","0","55.54","37.8"
"10","007","00","010","1023","0000","1309","914","395","46","1355","2428","0","55.81","37.64"
"10","007","00","010","1023","0522","733","512","221","18","751","1342","0","55.96","38.15"
"10","007","00","010","1023","0523","576","402","174","28","604","1086","0","55.62","37.02"
"10","007","00","010","1024","0000","2084","1467","617","78","2162","3624","0","59.66","40.48"
"10","007","00","010","1024","0524","431","300","131","27","458","854","0","53.63","35.13"
"10","007","00","010","1024","0525","580","424","156","26","606","1064","0","56.95","39.85"
"10","007","00","010","1024","0526","529","359","170","6","535","879","0","60.86","40.84"
"10","007","00","010","1024","0527","544","384","160","19","563","827","0","68.08","46.43"
"10","007","00","010","1025","0000","1238","898","340","42","1280","2440","0","52.46","36.8"
"10","007","00","010","1025","0481","551","418","133","16","567","1087","0","52.16","38.45"
"10","007","00","010","1025","0482","687","480","207","26","713","1353","0","52.7","35.48"
"10","007","00","010","1026","0000","1268","874","394","68","1336","2641","0","50.59","33.09"
"10","007","00","010","1026","0483","665","453","212","37","702","1313","0","53.47","34.5"
"10","007","00","010","1026","0484","603","421","182","31","634","1328","0","47.74","31.7"
"10","007","00","010","1027","0000","1505","1050","455","79","1584","2786","0","56.86","37.69"
"10","007","00","010","1027","0485","579","396","183","21","600","1055","0","56.87","37.54"
"10","007","00","010","1027","0486","504","354","150","29","533","959","0","55.58","36.91"
"10","007","00","010","1027","0487","422","300","122","29","451","772","0","58.42","38.86"
"10","007","00","010","1028","0000","851","407","444","46","897","1685","0","53.23","24.15"
"10","007","00","010","1028","0488","476","151","325","34","510","831","0","61.37","18.17"
"10","007","00","010","1028","0489","375","256","119","12","387","854","0","45.32","29.98"
"10","007","00","010","1029","0000","520","382","138","21","541","1190","0","45.46","32.1"
"10","007","00","010","1029","0490","520","382","138","21","541","1190","0","45.46","32.1"
"10","007","00","010","1030","0000","381","265","116","20","401","726","0","55.23","36.5"
"10","007","00","010","1030","0491","381","265","116","20","401","726","0","55.23","36.5"
"10","007","00","010","1031","0000","1031","684","347","47","1078","1984","0","54.33","34.48"
"10","007","00","010","1031","0492","607","405","202","24","631","1124","0","56.14","36.03"
"10","007","00","010","1031","0493","424","279","145","23","447","860","0","51.98","32.44"
"10","007","00","010","1032","0000","1263","883","380","60","1323","2197","0","60.22","40.19"
"10","007","00","010","1032","0494","656","462","194","29","685","1122","0","61.05","41.18"
"10","007","00","010","1032","0495","607","421","186","31","638","1075","0","59.35","39.16"
"10","007","00","010","1033","0000","1024","736","288","54","1078","1960","0","55.0","37.55"
"10","007","00","010","1033","0496","519","368","151","31","550","993","0","55.39","37.06"
"10","007","00","010","1033","0497","505","368","137","23","528","967","0","54.6","38.06"
"10","007","00","010","1034","0000","982","675","307","57","1039","1812","0","57.34","37.25"
"10","007","00","010","1034","0498","551","379","172","30","581","1008","0","57.64","37.6"
"10","007","00","010","1034","0499","431","296","135","27","458","804","0","56.97","36.82"
"10","007","00","010","1035","0000","929","641","288","39","968","1752","0","55.25","36.59"
"10","007","00","010","1035","0500","461","309","152","24","485","867","0","55.94","35.64"
"10","007","00","010","1035","0501","468","332","136","15","483","885","0","54.58","37.51"
"10","007","00","010","1036","0000","1156","795","361","35","1191","2352","0","50.64","33.8"
"10","007","00","010","1036","0502","498","328","170","15","513","1097","0","46.76","29.9"
"10","007","00","010","1036","0503","658","467","191","20","678","1255","0","54.02","37.21"
"10","007","00","010","1037","0000","1613","1097","516","59","1672","2818","0","59.33","38.93"
"10","007","00","010","1037","0554","553","391","162","20","573","1006","0","56.96","38.87"
"10","007","00","010","1037","0555","503","328","175","25","528","889","0","59.39","36.9"
"10","007","00","010","1037","0556","557","378","179","14","571","923","0","61.86","40.95"
"10","007","00","010","1038","0000","1349","920","429","52","1401","2284","0","61.34","40.28"
"10","007","00","010","1038","0557","723","487","236","29","752","1209","0","62.2","40.28"
"10","007","00","010","1038","0558","626","433","193","23","649","1075","0","60.37","40.28"
"10","007","00","010","1039","0000","1468","953","515","47","1515","2381","0","63.63","40.03"
"10","007","00","010","1039","0559","797","532","265","26","823","1342","0","61.33","39.64"
"10","007","00","010","1039","0560","671","421","250","21","692","1039","0","66.6","40.52"
"10","007","00","010","1040","0000","830","575","255","34","864","1388","0","62.25","41.43"
"10","007","00","010","1040","0544","830","575","255","34","864","1388","0","62.25","41.43"
"10","007","00","010","1041","0000","1238","845","393","52","1290","2226","0","57.95","37.96"
"10","007","00","010","1041","0542","681","449","232","36","717","1283","0","55.88","35.0"
"10","007","00","010","1041","0543","557","396","161","16","573","943","0","60.76","41.99"
"10","007","00","011","0000","0000","24787","17125","7662","1425","26212","45147","55412","58.06","37.93"
"10","007","00","011","1101","0000","655","460","195","25","680","1221","0","55.69","37.67"
"10","007","00","011","1101","0640","655","460","195","25","680","1221","0","55.69","37.67"
"10","007","00","011","1102","0000","382","258","124","27","409","638","0","64.11","40.44"
"10","007","00","011","1102","0641","382","258","124","27","409","638","0","64.11","40.44"
"10","007","00","011","1103","0000","1018","731","287","55","1073","1785","0","60.11","40.95"
"10","007","00","011","1103","0642","455","309","146","32","487","817","0","59.61","37.82"
"10","007","00","011","1103","0643","563","422","141","23","586","968","0","60.54","43.6"
"10","007","00","011","1104","0000","289","197","92","6","295","448","0","65.85","43.97"
"10","007","00","011","1104","0644","289","197","92","6","295","448","0","65.85","43.97"
"10","007","00","011","1105","0000","1835","1276","559","102","1937","3275","0","59.15","38.96"
"10","007","00","011","1105","0654","586","422","164","31","617","1072","0","57.56","39.37"
"10","007","00","011","1105","0655","626","438","188","40","666","1113","0","59.84","39.35"
"10","007","00","011","1105","0656","623","416","207","31","654","1090","0","60.0","38.17"
"10","007","00","011","1106","0000","1245","926","319","69","1314","2145","0","61.26","43.17"
"10","007","00","011","1106","0657","682","496","186","36","718","1193","0","60.18","41.58"
"10","007","00","011","1106","0658","563","430","133","33","596","952","0","62.61","45.17"
"10","007","00","011","1107","0000","1921","1322","599","97","2018","3387","0","59.58","39.03"
"10","007","00","011","1107","0659","639","444","195","41","680","1172","0","58.02","37.88"
"10","007","00","011","1107","0660","560","371","189","32","592","1027","0","57.64","36.12"
"10","007","00","011","1107","0661","722","507","215","24","746","1188","0","62.79","42.68"
"10","007","00","011","1108","0000","718","492","226","36","754","1403","0","53.74","35.07"
"10","007","00","011","1108","0662","718","492","226","36","754","1403","0","53.74","35.07"
"10","007","00","011","1109","0000","1557","1039","518","100","1657","3033","0","54.63","34.26"
"10","007","00","011","1109","0663","674","438","236","49","723","1397","0","51.75","31.35"
"10","007","00","011","1109","0664","883","601","282","51","934","1636","0","57.09","36.74"
"10","007","00","011","1110","0000","1292","1010","282","86","1378","2512","0","54.86","40.21"
"10","007","00","011","1110","0665","629","528","101","44","673","1298","0","51.85","40.68"
"10","007","00","011","1110","0666","663","482","181","42","705","1214","0","58.07","39.7"
"10","007","00","011","1111","0000","1332","933","399","49","1381","2265","0","60.97","41.19"
"10","007","00","011","1111","0667","750","522","228","26","776","1297","0","59.83","40.25"
"10","007","00","011","1111","0668","582","411","171","23","605","968","0","62.5","42.46"
"10","007","00","011","1112","0000","473","327","146","33","506","839","0","60.31","38.97"
"10","007","00","011","1112","0669","473","327","146","33","506","839","0","60.31","38.97"
"10","007","00","011","1113","0000","961","680","281","60","1021","1805","0","56.57","37.67"
"10","007","00","011","1113","0670","509","355","154","41","550","907","0","60.64","39.14"
"10","007","00","011","1113","0671","452","325","127","19","471","898","0","52.45","36.19"
"10","007","00","011","1114","0000","1290","944","346","87","1377","2345","0","58.72","40.26"
"10","007","00","011","1114","0649","648","471","177","34","682","1146","0","59.51","41.1"
"10","007","00","011","1114","0650","642","473","169","53","695","1199","0","57.96","39.45"
"10","007","00","011","1115","0000","475","311","164","26","501","851","0","58.87","36.55"
"10","007","00","011","1115","0653","475","311","164","26","501","851","0","58.87","36.55"
"10","007","00","011","1116","0000","809","542","267","68","877","1365","0","64.25","39.71"
"10","007","00","011","1116","0681","809","542","267","68","877","1365","0","64.25","39.71"
"10","007","00","011","1117","0000","1068","762","306","44","1112","1859","0","59.82","40.99"
"10","007","00","011","1117","0651","493","337","156","28","521","895","0","58.21","37.65"
"10","007","00","011","1117","0652","575","425","150","16","591","964","0","61.31","44.09"
"10","007","00","011","1118","0000","2527","1785","742","106","2633","4689","0","56.15","38.07"
"10","007","00","011","1118","0645","592","434","158","21","613","1123","0","54.59","38.65"
"10","007","00","011","1118","0646","625","428","197","36","661","1166","0","56.69","36.71"
"10","007","00","011","1118","0647","611","431","180","27","638","1151","0","55.43","37.45"
"10","007","00","011","1118","0648","699","492","207","22","721","1249","0","57.73","39.39"
"10","007","00","011","1119","0000","425","296","129","24","449","650","0","69.08","45.54"
"10","007","00","011","1119","0672","425","296","129","24","449","650","0","69.08","45.54"
"10","007","00","011","1120","0000","675","171","504","62","737","1279","0","57.62","13.37"
"10","007","00","011","1120","0673","675","171","504","62","737","1279","0","57.62","13.37"
"10","007","00","011","1121","0000","441","325","116","24","465","730","0","63.7","44.52"
"10","007","00","011","1121","0674","441","325","116","24","465","730","0","63.7","44.52"
"10","007","00","011","1122","0000","772","550","222","53","825","1407","0","58.64","39.09"
"10","007","00","011","1122","0675","772","550","222","53","825","1407","0","58.64","39.09"
"10","007","00","011","1123","0000","595","412","183","45","640","1273","0","50.27","32.36"
"10","007","00","011","1123","0676","595","412","183","45","640","1273","0","50.27","32.36"
"10","007","00","011","1124","0000","1068","724","344","78","1146","2201","0","52.07","32.89"
"10","007","00","011","1124","0679","481","324","157","46","527","1052","0","50.1","30.8"
"10","007","00","011","1124","0680","587","400","187","32","619","1149","0","53.87","34.81"
"10","007","00","011","1125","0000","964","652","312","63","1027","1742","0","58.96","37.43"
"10","007","00","011","1125","0677","516","351","165","30","546","988","0","55.26","35.53"
"10","007","00","011","1125","0678","448","301","147","33","481","754","0","63.79","39.92"
"10","007","00","012","0000","0000","19429","13537","5892","1116","20545","35391","41599","58.05","38.25"
"10","007","00","012","1201","0000","442","308","134","39","481","854","0","56.32","36.07"
"10","007","00","012","1201","0742","442","308","134","39","481","854","0","56.32","36.07"
"10","007","00","012","1202","0000","506","170","336","31","537","1138","0","47.19","14.94"
"10","007","00","012","1202","0743","466","139","327","26","492","963","0","51.09","14.43"
"10","007","00","012","1202","0744","40","31","9","5","45","175","0","25.71","17.71"
"10","007","00","012","1203","0000","377","275","102","19","396","739","0","53.59","37.21"
"10","007","00","012","1203","0745","377","275","102","19","396","739","0","53.59","37.21"
"10","007","00","012","1204","0000","854","629","225","45","899","1567","0","57.37","40.14"
"10","007","00","012","1204","0746","432","323","109","15","447","826","0","54.12","39.1"
"10","007","00","012","1204","0747","422","306","116","30","452","741","0","61.0","41.3"
"10","007","00","012","1205","0000","698","476","222","63","761","1507","0","50.5","31.59"
"10","007","00","012","1205","0748","230","160","70","9","239","506","0","47.23","31.62"
"10","007","00","012","1205","0749","468","316","152","54","522","1001","0","52.15","31.57"
"10","007","00","012","1206","0000","698","517","181","45","743","1281","0","58.0","40.36"
"10","007","00","012","1206","0750","698","517","181","45","743","1281","0","58.0","40.36"
"10","007","00","012","1207","0000","1005","723","282","46","1051","1757","0","59.82","41.15"
"10","007","00","012","1207","0753","502","366","136","21","523","844","0","61.97","43.36"
"10","007","00","012","1207","0754","503","357","146","25","528","913","0","57.83","39.1"
"10","007","00","012","1208","0000","380","282","98","26","406","613","0","66.23","46.0"
"10","007","00","012","1208","0755","380","282","98","26","406","613","0","66.23","46.0"
"10","007","00","012","1209","0000","2001","1439","562","111","2112","3351","0","63.03","42.94"
"10","007","00","012","1209","0756","771","552","219","52","823","1382","0","59.55","39.94"
"10","007","00","012","1209","0757","635","454","181","37","672","1034","0","64.99","43.91"
"10","007","00","012","1209","0758","595","433","162","22","617","935","0","65.99","46.31"
"10","007","00","012","1210","0000","1350","964","386","59","1409","2401","0","58.68","40.15"
"10","007","00","012","1210","0759","710","501","209","37","747","1301","0","57.42","38.51"
"10","007","00","012","1210","0760","640","463","177","22","662","1100","0","60.18","42.09"
"10","007","00","012","1211","0000","617","430","187","36","653","1071","0","60.97","40.15"
"10","007","00","012","1211","0761","617","430","187","36","653","1071","0","60.97","40.15"
"10","007","00","012","1212","0000","687","520","167","35","722","1163","0","62.08","44.71"
"10","007","00","012","1212","0762","687","520","167","35","722","1163","0","62.08","44.71"
"10","007","00","012","1213","0000","1195","844","351","56","1251","1964","0","63.7","42.97"
"10","007","00","012","1213","0763","507","369","138","28","535","809","0","66.13","45.61"
"10","007","00","012","1213","0764","688","475","213","28","716","1155","0","61.99","41.13"
"10","007","00","012","1214","0000","1320","933","387","59","1379","2362","0","58.38","39.5"
"10","007","00","012","1214","0751","572","404","168","26","598","1035","0","57.78","39.03"
"10","007","00","012","1214","0752","748","529","219","33","781","1327","0","58.85","39.86"
"10","007","00","012","1215","0000","851","584","267","68","919","1606","0","57.22","36.36"
"10","007","00","012","1215","0766","460","310","150","30","490","870","0","56.32","35.63"
"10","007","00","012","1215","0767","391","274","117","38","429","736","0","58.29","37.23"
"10","007","00","012","1216","0000","667","478","189","34","701","1335","0","52.51","35.81"
"10","007","00","012","1216","0768","667","478","189","34","701","1335","0","52.51","35.81"
"10","007","00","012","1217","0000","936","607","329","63","999","1774","0","56.31","34.22"
"10","007","00","012","1217","0769","474","312","162","28","502","876","0","57.31","35.62"
"10","007","00","012","1217","0770","462","295","167","35","497","898","0","55.35","32.85"
"10","007","00","012","1218","0000","2327","1611","716","93","2420","4224","0","57.29","38.14"
"10","007","00","012","1218","0771","742","525","217","19","761","1298","0","58.63","40.45"
"10","007","00","012","1218","0772","779","536","243","40","819","1451","0","56.44","36.94"
"10","007","00","012","1218","0773","806","550","256","34","840","1475","0","56.95","37.29"
"10","007","00","012","1219","0000","682","477","205","49","731","1270","0","57.56","37.56"
"10","007","00","012","1219","0765","682","477","205","49","731","1270","0","57.56","37.56"
"10","007","00","012","1220","0000","789","573","216","56","845","1576","0","53.62","36.36"
"10","007","00","012","1220","0774","364","252","112","37","401","766","0","52.35","32.9"
"10","007","00","012","1220","0775","425","321","104","19","444","810","0","54.81","39.63"
"10","007","00","012","1221","0000","530","322","208","43","573","953","0","60.13","33.79"
"10","007","00","012","1221","0776","530","322","208","43","573","953","0","60.13","33.79"
"10","007","00","012","1222","0000","517","375","142","40","557","885","0","62.94","42.37"
"10","007","00","012","1222","0777","517","375","142","40","557","885","0","62.94","42.37"
"10","007","00","013","0000","0000","17495","12091","5404","1069","18564","31492","36907","58.95","38.39"
"10","007","00","013","1301","0000","1867","1278","589","100","1967","3152","0","62.4","40.55"
"10","007","00","013","1301","0579","855","581","274","52","907","1426","0","63.6","40.74"
"10","007","00","013","1301","0580","1012","697","315","48","1060","1726","0","61.41","40.38"
"10","007","00","013","1302","0000","898","636","262","59","957","1542","0","62.06","41.25"
"10","007","00","013","1302","0581","476","340","136","35","511","797","0","64.12","42.66"
"10","007","00","013","1302","0582","422","296","126","24","446","745","0","59.87","39.73"
"10","007","00","013","1303","0000","776","534","242","58","834","1426","0","58.49","37.45"
"10","007","00","013","1303","0585","776","534","242","58","834","1426","0","58.49","37.45"
"10","007","00","013","1304","0000","626","483","143","59","685","1125","0","60.89","42.93"
"10","007","00","013","1304","0583","626","483","143","59","685","1125","0","60.89","42.93"
"10","007","00","013","1305","0000","604","419","185","43","647","1161","0","55.73","36.09"
"10","007","00","013","1305","0591","604","419","185","43","647","1161","0","55.73","36.09"
"10","007","00","013","1306","0000","1550","1051","499","74","1624","2813","0","57.73","37.36"
"10","007","00","013","1306","0594","771","521","250","50","821","1412","0","58.14","36.9"
"10","007","00","013","1306","0595","779","530","249","24","803","1401","0","57.32","37.83"
"10","007","00","013","1307","0000","1694","1174","520","101","1795","3028","0","59.28","38.77"
"10","007","00","013","1307","0597","563","374","189","35","598","996","0","60.04","37.55"
"10","007","00","013","1307","0598","579","402","177","34","613","1047","0","58.55","38.4"
"10","007","00","013","1307","0599","552","398","154","32","584","985","0","59.29","40.41"
"10","007","00","013","1308","0000","1357","939","418","70","1427","2494","0","57.22","37.65"
"10","007","00","013","1308","0604","677","455","222","38","715","1189","0","60.13","38.27"
"10","007","00","013","1308","0605","680","484","196","32","712","1305","0","54.56","37.09"
"10","007","00","013","1309","0000","808","548","260","56","864","1486","0","58.14","36.88"
"10","007","00","013","1309","0584","808","548","260","56","864","1486","0","58.14","36.88"
"10","007","00","013","1310","0000","833","560","273","49","882","1478","0","59.68","37.89"
"10","007","00","013","1310","0588","833","560","273","49","882","1478","0","59.68","37.89"
"10","007","00","013","1311","0000","789","537","252","54","843","1395","0","60.43","38.49"
"10","007","00","013","1311","0596","789","537","252","54","843","1395","0","60.43","38.49"
"10","007","00","013","1312","0000","1082","752","330","66","1148","2001","0","57.37","37.58"
"10","007","00","013","1312","0586","490","345","145","34","524","824","0","63.59","41.87"
"10","007","00","013","1312","0587","592","407","185","32","624","1177","0","53.02","34.58"
"10","007","00","013","1313","0000","881","597","284","51","932","1591","0","58.58","37.52"
"10","007","00","013","1313","0589","408","276","132","16","424","779","0","54.43","35.43"
"10","007","00","013","1313","0590","473","321","152","35","508","812","0","62.56","39.53"
"10","007","00","013","1314","0000","1323","925","398","72","1395","2497","0","55.87","37.04"
"10","007","00","013","1314","0592","638","441","197","29","667","1238","0","53.88","35.62"
"10","007","00","013","1314","0593","685","484","201","43","728","1259","0","57.82","38.44"
"10","007","00","013","1315","0000","1298","922","376","73","1371","2254","0","60.83","40.91"
"10","007","00","013","1315","0600","618","431","187","42","660","1054","0","62.62","40.89"
"10","007","00","013","1315","0601","680","491","189","31","711","1200","0","59.25","40.92"
"10","007","00","013","1316","0000","1109","736","373","84","1193","2049","0","58.22","35.92"
"10","007","00","013","1316","0602","569","383","186","49","618","1003","0","61.62","38.19"
"10","007","00","013","1316","0603","540","353","187","35","575","1046","0","54.97","33.75"
"10","007","00","014","0000","0000","15763","11384","4379","1180","16943","28026","32517","60.45","40.62"
"10","007","00","014","1401","0000","1030","758","272","54","1084","1712","0","63.32","44.28"
"10","007","00","014","1401","0682","564","417","147","31","595","958","0","62.11","43.53"
"10","007","00","014","1401","0683","466","341","125","23","489","754","0","64.85","45.23"
"10","007","00","014","1402","0000","949","641","308","58","1007","1563","0","64.43","41.01"
"10","007","00","014","1402","0684","477","318","159","25","502","757","0","66.31","42.01"
"10","007","00","014","1402","0685","472","323","149","33","505","806","0","62.66","40.07"
"10","007","00","014","1403","0000","727","554","173","37","764","1280","0","59.69","43.28"
"10","007","00","014","1403","0686","727","554","173","37","764","1280","0","59.69","43.28"
"10","007","00","014","1404","0000","513","357","156","39","552","928","0","59.48","38.47"
"10","007","00","014","1404","0687","513","357","156","39","552","928","0","59.48","38.47"
"10","007","00","014","1405","0000","1035","741","294","81","1116","1710","0","65.26","43.33"
"10","007","00","014","1405","0688","553","391","162","40","593","895","0","66.26","43.69"
"10","007","00","014","1405","0689","482","350","132","41","523","815","0","64.17","42.94"
"10","007","00","014","1406","0000","528","356","172","32","560","957","0","58.52","37.2"
"10","007","00","014","1406","0690","528","356","172","32","560","957","0","58.52","37.2"
"10","007","00","014","1407","0000","729","538","191","67","796","1338","0","59.49","40.21"
"10","007","00","014","1407","0691","729","538","191","67","796","1338","0","59.49","40.21"
"10","007","00","014","1408","0000","583","404","179","55","638","1106","0","57.69","36.53"
"10","007","00","014","1408","0692","583","404","179","55","638","1106","0","57.69","36.53"
"10","007","00","014","1409","0000","460","333","127","20","480","690","0","69.57","48.26"
"10","007","00","014","1409","0693","460","333","127","20","480","690","0","69.57","48.26"
"10","007","00","014","1410","0000","663","471","192","41","704","1230","0","57.24","38.29"
"10","007","00","014","1410","0694","663","471","192","41","704","1230","0","57.24","38.29"
"10","007","00","014","1411","0000","1023","750","273","46","1069","1744","0","61.3","43.0"
"10","007","00","014","1411","0695","480","322","158","27","507","847","0","59.86","38.02"
"10","007","00","014","1411","0696","543","428","115","19","562","897","0","62.65","47.71"
"10","007","00","014","1412","0000","1168","841","327","80","1248","2062","0","60.52","40.79"
"10","007","00","014","1412","0697","490","336","154","41","531","882","0","60.2","38.1"
"10","007","00","014","1412","0698","678","505","173","39","717","1180","0","60.76","42.8"
"10","007","00","014","1413","0000","653","462","191","53","706","1215","0","58.11","38.02"
"10","007","00","014","1413","0699","653","462","191","53","706","1215","0","58.11","38.02"
"10","007","00","014","1414","0000","262","196","66","20","282","422","0","66.82","46.45"
"10","007","00","014","1414","0700","262","196","66","20","282","422","0","66.82","46.45"
"10","007","00","014","1415","0000","572","440","132","46","618","1106","0","55.88","39.78"
"10","007","00","014","1415","0701","572","440","132","46","618","1106","0","55.88","39.78"
"10","007","00","014","1416","0000","510","395","115","52","562","874","0","64.3","45.19"
"10","007","00","014","1416","0702","510","395","115","52","562","874","0","64.3","45.19"
"10","007","00","014","1417","0000","746","510","236","112","858","1445","0","59.38","35.29"
"10","007","00","014","1417","0703","746","510","236","112","858","1445","0","59.38","35.29"
"10","007","00","014","1418","0000","501","354","147","48","549","875","0","62.74","40.46"
"10","007","00","014","1418","0704","501","354","147","48","549","875","0","62.74","40.46"
"10","007","00","014","1419","0000","794","592","202","66","860","1522","0","56.5","38.9"
"10","007","00","014","1419","0705","412","298","114","35","447","837","0","53.41","35.6"
"10","007","00","014","1419","0706","382","294","88","31","413","685","0","60.29","42.92"
"10","007","00","014","1420","0000","904","646","258","71","975","1531","0","63.68","42.19"
"10","007","00","014","1420","0707","442","306","136","31","473","733","0","64.53","41.75"
"10","007","00","014","1420","0708","462","340","122","40","502","798","0","62.91","42.61"
"10","007","00","014","1421","0000","735","548","187","60","795","1381","0","57.57","39.68"
"10","007","00","014","1421","0709","735","548","187","60","795","1381","0","57.57","39.68"
"10","007","00","014","1422","0000","678","497","181","42","720","1335","0","53.93","37.23"
"10","007","00","014","1422","0710","678","497","181","42","720","1335","0","53.93","37.23"
"10","007","00","015","0000","0000","17227","11880","5347","1107","18334","29642","34739","61.85","40.08"
"10","007","00","015","1501","0000","2089","1411","678","114","2203","3604","0","61.13","39.15"
"10","007","00","015","1501","0711","662","452","210","51","713","1139","0","62.6","39.68"
"10","007","00","015","1501","0712","674","466","208","43","717","1217","0","58.92","38.29"
"10","007","00","015","1501","0713","753","493","260","20","773","1248","0","61.94","39.5"
"10","007","00","015","1502","0000","748","502","246","59","807","1248","0","64.66","40.22"
"10","007","00","015","1502","0714","748","502","246","59","807","1248","0","64.66","40.22"
"10","007","00","015","1503","0000","922","635","287","53","975","1541","0","63.27","41.21"
"10","007","00","015","1503","0715","536","383","153","30","566","916","0","61.79","41.81"
"10","007","00","015","1503","0716","386","252","134","23","409","625","0","65.44","40.32"
"10","007","00","015","1504","0000","678","454","224","57","735","1271","0","57.83","35.72"
"10","007","00","015","1504","0717","678","454","224","57","735","1271","0","57.83","35.72"
"10","007","00","015","1505","0000","1021","765","256","76","1097","1740","0","63.05","43.97"
"10","007","00","015","1505","0718","376","287","89","20","396","608","0","65.13","47.2"
"10","007","00","015","1505","0719","645","478","167","56","701","1132","0","61.93","42.23"
"10","007","00","015","1506","0000","1151","810","341","80","1231","1953","0","63.03","41.47"
"10","007","00","015","1506","0720","597","428","169","44","641","1027","0","62.41","41.67"
"10","007","00","015","1506","0721","554","382","172","36","590","926","0","63.71","41.25"
"10","007","00","015","1507","0000","850","595","255","65","915","1438","0","63.63","41.38"
"10","007","00","015","1507","0722","440","300","140","42","482","778","0","61.95","38.56"
"10","007","00","015","1507","0723","410","295","115","23","433","660","0","65.61","44.7"
"10","007","00","015","1508","0000","1144","774","370","63","1207","2019","0","59.78","38.34"
"10","007","00","015","1508","0726","585","408","177","27","612","985","0","62.13","41.42"
"10","007","00","015","1508","0727","559","366","193","36","595","1034","0","57.54","35.4"
"10","007","00","015","1509","0000","1362","920","442","62","1424","2321","0","61.35","39.64"
"10","007","00","015","1509","0724","773","539","234","43","816","1330","0","61.35","40.53"
"10","007","00","015","1509","0725","589","381","208","19","608","991","0","61.35","38.45"
"10","007","00","015","1510","0000","363","253","110","37","400","612","0","65.36","41.34"
"10","007","00","015","1510","0728","363","253","110","37","400","612","0","65.36","41.34"
"10","007","00","015","1511","0000","745","517","228","44","789","1236","0","63.83","41.83"
"10","007","00","015","1511","0729","745","517","228","44","789","1236","0","63.83","41.83"
"10","007","00","015","1512","0000","935","653","282","57","992","1513","0","65.57","43.16"
"10","007","00","015","1512","0730","462","337","125","32","494","775","0","63.74","43.48"
"10","007","00","015","1512","0731","473","316","157","25","498","738","0","67.48","42.82"
"10","007","00","015","1513","0000","610","407","203","29","639","1036","0","61.68","39.29"
"10","007","00","015","1513","0732","610","407","203","29","639","1036","0","61.68","39.29"
"10","007","00","015","1514","0000","528","341","187","38","566","975","0","58.05","34.97"
"10","007","00","015","1514","0733","528","341","187","38","566","975","0","58.05","34.97"
"10","007","00","015","1515","0000","768","570","198","51","819","1348","0","60.76","42.28"
"10","007","00","015","1515","0736","396","299","97","23","419","689","0","60.81","43.4"
"10","007","00","015","1515","0737","372","271","101","28","400","659","0","60.7","41.12"
"10","007","00","015","1516","0000","1040","713","327","77","1117","1824","0","61.24","39.09"
"10","007","00","015","1516","0734","488","341","147","36","524","885","0","59.21","38.53"
"10","007","00","015","1516","0735","552","372","180","41","593","939","0","63.15","39.62"
"10","007","00","015","1517","0000","845","581","264","48","893","1352","0","66.05","42.97"
"10","007","00","015","1517","0739","845","581","264","48","893","1352","0","66.05","42.97"
"10","007","00","015","1518","0000","483","337","146","30","513","910","0","56.37","37.03"
"10","007","00","015","1518","0738","483","337","146","30","513","910","0","56.37","37.03"
"10","007","00","015","1519","0000","424","286","138","20","444","759","0","58.5","37.68"
"10","007","00","015","1519","0740","424","286","138","20","444","759","0","58.5","37.68"
"10","007","00","015","1520","0000","521","356","165","47","568","942","0","60.3","37.79"
"10","007","00","015","1520","0741","521","356","165","47","568","942","0","60.3","37.79"
"10","007","00","016","0000","0000","17565","12176","5389","1112","18677","31239","37055","59.79","38.98"
"10","007","00","016","1601","0000","522","355","167","28","550","792","0","69.44","44.82"
"10","007","00","016","1601","0616","522","355","167","28","550","792","0","69.44","44.82"
"10","007","00","016","1602","0000","916","617","299","43","959","1516","0","63.26","40.7"
"10","007","00","016","1602","0617","427","275","152","23","450","695","0","64.75","39.57"
"10","007","00","016","1602","0618","489","342","147","20","509","821","0","62.0","41.66"
"10","007","00","016","1603","0000","1080","747","333","77","1157","1904","0","60.77","39.23"
"10","007","00","016","1603","0619","627","440","187","46","673","1064","0","63.25","41.35"
"10","007","00","016","1603","0620","453","307","146","31","484","840","0","57.62","36.55"
"10","007","00","016","1604","0000","1260","828","432","59","1319","2127","0","62.01","38.93"
"10","007","00","016","1604","0621","637","412","225","28","665","1079","0","61.63","38.18"
"10","007","00","016","1604","0622","623","416","207","31","654","1048","0","62.4","39.69"
"10","007","00","016","1605","0000","1060","732","328","59","1119","1758","0","63.65","41.64"
"10","007","00","016","1605","0623","580","418","162","43","623","960","0","64.9","43.54"
"10","007","00","016","1605","0624","480","314","166","16","496","798","0","62.16","39.35"
"10","007","00","016","1606","0000","845","606","239","60","905","1458","0","62.07","41.56"
"10","007","00","016","1606","0625","488","349","139","31","519","796","0","65.2","43.84"
"10","007","00","016","1606","0626","357","257","100","29","386","662","0","58.31","38.82"
"10","007","00","016","1607","0000","577","404","173","30","607","1040","0","58.37","38.85"
"10","007","00","016","1607","0627","577","404","173","30","607","1040","0","58.37","38.85"
"10","007","00","016","1608","0000","552","390","162","40","592","1025","0","57.76","38.05"
"10","007","00","016","1608","0628","552","390","162","40","592","1025","0","57.76","38.05"
"10","007","00","016","1609","0000","1525","1072","453","91","1616","2593","0","62.32","41.34"
"10","007","00","016","1609","0629","831","598","233","44","875","1357","0","64.48","44.07"
"10","007","00","016","1609","0630","694","474","220","47","741","1236","0","59.95","38.35"
"10","007","00","016","1610","0000","796","531","265","56","852","1393","0","61.16","38.12"
"10","007","00","016","1610","0611","392","271","121","26","418","659","0","63.43","41.12"
"10","007","00","016","1610","0612","404","260","144","30","434","734","0","59.13","35.42"
"10","007","00","016","1611","0000","621","438","183","44","665","1255","0","52.99","34.9"
"10","007","00","016","1611","0606","621","438","183","44","665","1255","0","52.99","34.9"
"10","007","00","016","1612","0000","933","652","281","70","1003","1648","0","60.86","39.56"
"10","007","00","016","1612","0609","419","303","116","33","452","724","0","62.43","41.85"
"10","007","00","016","1612","0610","514","349","165","37","551","924","0","59.63","37.77"
"10","007","00","016","1613","0000","1064","728","336","65","1129","1915","0","58.96","38.02"
"10","007","00","016","1613","0607","505","352","153","42","547","889","0","61.53","39.6"
"10","007","00","016","1613","0608","559","376","183","23","582","1026","0","56.73","36.65"
"10","007","00","016","1614","0000","873","604","269","53","926","1606","0","57.66","37.61"
"10","007","00","016","1614","0613","357","238","119","18","375","758","0","49.47","31.4"
"10","007","00","016","1614","0614","516","366","150","35","551","848","0","64.98","43.16"
"10","007","00","016","1615","0000","699","480","219","54","753","1404","0","53.63","34.19"
"10","007","00","016","1615","0615","699","480","219","54","753","1404","0","53.63","34.19"
"10","007","00","016","1616","0000","486","346","140","38","524","871","0","60.16","39.72"
"10","007","00","016","1616","0631","486","346","140","38","524","871","0","60.16","39.72"
"10","007","00","016","1617","0000","357","245","112","28","385","706","0","54.53","34.7"
"10","007","00","016","1617","0632","357","245","112","28","385","706","0","54.53","34.7"
"10","007","00","016","1618","0000","465","321","144","34","499","770","0","64.81","41.69"
"10","007","00","016","1618","0633","465","321","144","34","499","770","0","64.81","41.69"
"10","007","00","016","1619","0000","421","297","124","17","438","669","0","65.47","44.39"
"10","007","00","016","1619","0634","421","297","124","17","438","669","0","65.47","44.39"
"10","007","00","016","1620","0000","471","335","136","35","506","862","0","58.7","38.86"
"10","007","00","016","1620","0635","471","335","136","35","506","862","0","58.7","38.86"
"10","007","00","016","1621","0000","456","330","126","23","479","847","0","56.55","38.96"
"10","007","00","016","1621","0636","456","330","126","23","479","847","0","56.55","38.96"
"10","007","00","016","1622","0000","389","267","122","41","430","668","0","64.37","39.97"
"10","007","00","016","1622","0637","389","267","122","41","430","668","0","64.37","39.97"
"10","007","00","016","1623","0000","543","387","156","26","569","1073","0","53.03","36.07"
"10","007","00","016","1623","0638","543","387","156","26","569","1073","0","53.03","36.07"
"10","007","00","016","1624","0000","654","464","190","41","695","1339","0","51.9","34.65"
"10","007","00","016","1624","0639","654","464","190","41","695","1339","0","51.9","34.65"
"10","007","00","017","0000","0000","19968","14152","5816","1071","21039","36306","42917","57.95","38.98"
"10","007","00","017","1701","0000","1494","1012","482","74","1568","2765","0","56.71","36.6"
"10","007","00","017","1701","0778","438","289","149","30","468","791","0","59.17","36.54"
"10","007","00","017","1701","0779","535","367","168","27","562","984","0","57.11","37.3"
"10","007","00","017","1701","0780","521","356","165","17","538","990","0","54.34","35.96"
"10","007","00","017","1702","0000","759","496","263","54","813","1478","0","55.01","33.56"
"10","007","00","017","1702","0785","410","285","125","17","427","753","0","56.71","37.85"
"10","007","00","017","1702","0786","349","211","138","37","386","725","0","53.24","29.1"
"10","007","00","017","1703","0000","628","445","183","52","680","1165","0","58.37","38.2"
"10","007","00","017","1703","0805","628","445","183","52","680","1165","0","58.37","38.2"
"10","007","00","017","1704","0000","2582","1983","599","115","2697","4546","0","59.33","43.62"
"10","007","00","017","1704","0781","606","440","166","25","631","1016","0","62.11","43.31"
"10","007","00","017","1704","0782","635","632","3","24","659","1091","0","60.4","57.93"
"10","007","00","017","1704","0783","698","470","228","45","743","1236","0","60.11","38.03"
"10","007","00","017","1704","0784","643","441","202","21","664","1203","0","55.2","36.66"
"10","007","00","017","1705","0000","532","385","147","30","562","933","0","60.24","41.26"
"10","007","00","017","1705","0790","532","385","147","30","562","933","0","60.24","41.26"
"10","007","00","017","1706","0000","586","398","188","19","605","1092","0","55.4","36.45"
"10","007","00","017","1706","0812","586","398","188","19","605","1092","0","55.4","36.45"
"10","007","00","017","1707","0000","1535","1122","413","58","1593","2698","0","59.04","41.59"
"10","007","00","017","1707","0798","397","286","111","15","412","688","0","59.88","41.57"
"10","007","00","017","1707","0799","481","362","119","12","493","870","0","56.67","41.61"
"10","007","00","017","1707","0800","657","474","183","31","688","1140","0","60.35","41.58"
"10","007","00","017","1708","0000","1143","809","334","53","1196","2066","0","57.89","39.16"
"10","007","00","017","1708","0791","575","414","161","31","606","990","0","61.21","41.82"
"10","007","00","017","1708","0792","568","395","173","22","590","1076","0","54.83","36.71"
"10","007","00","017","1709","0000","431","287","144","28","459","724","0","63.4","39.64"
"10","007","00","017","1709","0807","431","287","144","28","459","724","0","63.4","39.64"
"10","007","00","017","1710","0000","530","370","160","25","555","937","0","59.23","39.49"
"10","007","00","017","1710","0803","530","370","160","25","555","937","0","59.23","39.49"
"10","007","00","017","1711","0000","886","602","284","57","943","1645","0","57.33","36.6"
"10","007","00","017","1711","0796","430","296","134","25","455","750","0","60.67","39.47"
"10","007","00","017","1711","0797","456","306","150","32","488","895","0","54.53","34.19"
"10","007","00","017","1712","0000","572","387","185","29","601","992","0","60.58","39.01"
"10","007","00","017","1712","0811","572","387","185","29","601","992","0","60.58","39.01"
"10","007","00","017","1713","0000","734","534","200","56","790","1266","0","62.4","42.18"
"10","007","00","017","1713","0802","734","534","200","56","790","1266","0","62.4","42.18"
"10","007","00","017","1714","0000","822","577","245","23","845","1414","0","59.76","40.81"
"10","007","00","017","1714","0793","450","304","146","8","458","742","0","61.73","40.97"
"10","007","00","017","1714","0794","372","273","99","15","387","672","0","57.59","40.63"
"10","007","00","017","1715","0000","557","409","148","34","591","1015","0","58.23","40.3"
"10","007","00","017","1715","0808","557","409","148","34","591","1015","0","58.23","40.3"
"10","007","00","017","1716","0000","546","402","144","38","584","985","0","59.29","40.81"
"10","007","00","017","1716","0801","546","402","144","38","584","985","0","59.29","40.81"
"10","007","00","017","1717","0000","600","438","162","31","631","1235","0","51.09","35.47"
"10","007","00","017","1717","0795","600","438","162","31","631","1235","0","51.09","35.47"
"10","007","00","017","1718","0000","487","352","135","22","509","828","0","61.47","42.51"
"10","007","00","017","1718","0813","487","352","135","22","509","828","0","61.47","42.51"
"10","007","00","017","1719","0000","934","637","297","39","973","1611","0","60.4","39.54"
"10","007","00","017","1719","0788","367","244","123","15","382","562","0","67.97","43.42"
"10","007","00","017","1719","0789","567","393","174","24","591","1049","0","56.34","37.46"
"10","007","00","017","1720","0000","536","384","152","54","590","986","0","59.84","38.95"
"10","007","00","017","1720","0806","536","384","152","54","590","986","0","59.84","38.95"
"10","007","00","017","1721","0000","735","484","251","55","790","1506","0","52.46","32.14"
"10","007","00","017","1721","0814","388","251","137","34","422","787","0","53.62","31.89"
"10","007","00","017","1721","0815","347","233","114","21","368","719","0","51.18","32.41"
"10","007","00","017","1722","0000","581","412","169","43","624","1023","0","61.0","40.27"
"10","007","00","017","1722","0787","581","412","169","43","624","1023","0","61.0","40.27"
"10","007","00","017","1723","0000","667","478","189","25","692","1219","0","56.77","39.21"
"10","007","00","017","1723","0804","667","478","189","25","692","1219","0","56.77","39.21"
"10","007","00","017","1724","0000","1091","749","342","57","1148","2177","0","52.73","34.41"
"10","007","00","017","1724","0809","544","370","174","28","572","1116","0","51.25","33.15"
"10","007","00","017","1724","0810","547","379","168","29","576","1061","0","54.29","35.72"
"10","007","00","018","0000","0000","7569","5450","2119","545","8114","13339","15193","60.83","40.86"
"10","007","00","018","1801","0000","442","324","118","39","481","871","0","55.22","37.2"
"10","007","00","018","1801","0818","442","324","118","39","481","871","0","55.22","37.2"
"10","007","00","018","1802","0000","523","392","131","49","572","953","0","60.02","41.13"
"10","007","00","018","1802","0819","523","392","131","49","572","953","0","60.02","41.13"
"10","007","00","018","1803","0000","321","235","86","26","347","624","0","55.61","37.66"
"10","007","00","018","1803","0820","321","235","86","26","347","624","0","55.61","37.66"
"10","007","00","018","1804","0000","402","280","122","32","434","645","0","67.29","43.41"
"10","007","00","018","1804","0821","402","280","122","32","434","645","0","67.29","43.41"
"10","007","00","018","1805","0000","574","407","167","50","624","943","0","66.17","43.16"
"10","007","00","018","1805","0823","574","407","167","50","624","943","0","66.17","43.16"
"10","007","00","018","1806","0000","627","466","161","23","650","986","0","65.92","47.26"
"10","007","00","018","1806","0822","627","466","161","23","650","986","0","65.92","47.26"
"10","007","00","018","1807","0000","531","391","140","28","559","831","0","67.27","47.05"
"10","007","00","018","1807","0825","531","391","140","28","559","831","0","67.27","47.05"
"10","007","00","018","1808","0000","283","208","75","4","287","455","0","63.08","45.71"
"10","007","00","018","1808","0824","283","208","75","4","287","455","0","63.08","45.71"
"10","007","00","018","1809","0000","536","372","164","30","566","1013","0","55.87","36.72"
"10","007","00","018","1809","0827","536","372","164","30","566","1013","0","55.87","36.72"
"10","007","00","018","1810","0000","484","346","138","34","518","831","0","62.33","41.64"
"10","007","00","018","1810","0826","484","346","138","34","518","831","0","62.33","41.64"
"10","007","00","018","1811","0000","475","349","126","30","505","796","0","63.44","43.84"
"10","007","00","018","1811","0828","475","349","126","30","505","796","0","63.44","43.84"
"10","007","00","018","1812","0000","413","309","104","42","455","781","0","58.26","39.56"
"10","007","00","018","1812","0829","413","309","104","42","455","781","0","58.26","39.56"
"10","007","00","018","1813","0000","350","240","110","18","368","692","0","53.18","34.68"
"10","007","00","018","1813","0830","350","240","110","18","368","692","0","53.18","34.68"
"10","007","00","018","1814","0000","354","254","100","19","373","635","0","58.74","40.0"
"10","007","00","018","1814","0831","354","254","100","19","373","635","0","58.74","40.0"
"10","007","00","018","1815","0000","302","210","92","30","332","566","0","58.66","37.1"
"10","007","00","018","1815","0832","302","210","92","30","332","566","0","58.66","37.1"
"10","007","00","018","1816","0000","560","383","177","50","610","1028","0","59.34","37.26"
"10","007","00","018","1816","0816","560","383","177","50","610","1028","0","59.34","37.26"
"10","007","00","018","1817","0000","392","284","108","41","433","689","0","62.84","41.22"
"10","007","00","018","1817","0817","392","284","108","41","433","689","0","62.84","41.22"
"10","007","00","019","0000","0000","15176","10868","4308","956","16132","27593","33335","58.46","39.39"
"10","007","00","019","1901","0000","1038","654","384","45","1083","1790","0","60.5","36.54"
"10","007","00","019","1901","0844","491","364","127","23","514","833","0","61.7","43.7"
"10","007","00","019","1901","0845","547","290","257","22","569","957","0","59.46","30.3"
"10","007","00","019","1902","0000","411","304","107","30","441","783","0","56.32","38.83"
"10","007","00","019","1902","0846","411","304","107","30","441","783","0","56.32","38.83"
"10","007","00","019","1903","0000","298","192","106","23","321","573","0","56.02","33.51"
"10","007","00","019","1903","0847","298","192","106","23","321","573","0","56.02","33.51"
"10","007","00","019","1904","0000","367","240","127","20","387","672","0","57.59","35.71"
"10","007","00","019","1904","0848","367","240","127","20","387","672","0","57.59","35.71"
"10","007","00","019","1905","0000","712","476","236","71","783","1442","0","54.3","33.01"
"10","007","00","019","1905","0849","344","231","113","37","381","695","0","54.82","33.24"
"10","007","00","019","1905","0850","368","245","123","34","402","747","0","53.82","32.8"
"10","007","00","019","1906","0000","765","628","137","47","812","1305","0","62.22","48.12"
"10","007","00","019","1906","0851","396","274","122","18","414","643","0","64.39","42.61"
"10","007","00","019","1906","0852","369","354","15","29","398","662","0","60.12","53.47"
"10","007","00","019","1907","0000","1277","919","358","74","1351","2206","0","61.24","41.66"
"10","007","00","019","1907","0853","652","484","168","30","682","1085","0","62.86","44.61"
"10","007","00","019","1907","0854","625","435","190","44","669","1121","0","59.68","38.8"
"10","007","00","019","1908","0000","1637","1143","494","73","1710","3017","0","56.68","37.89"
"10","007","00","019","1908","0855","475","347","128","33","508","830","0","61.2","41.81"
"10","007","00","019","1908","0856","522","353","169","22","544","975","0","55.79","36.21"
"10","007","00","019","1908","0857","640","443","197","18","658","1212","0","54.29","36.55"
"10","007","00","019","1909","0000","736","522","214","45","781","1302","0","59.98","40.09"
"10","007","00","019","1909","0858","736","522","214","45","781","1302","0","59.98","40.09"
"10","007","00","019","1910","0000","2564","1805","759","143","2707","4597","0","58.89","39.26"
"10","007","00","019","1910","0838","637","460","177","40","677","1124","0","60.23","40.93"
"10","007","00","019","1910","0839","643","435","208","28","671","1096","0","61.22","39.69"
"10","007","00","019","1910","0840","686","479","207","29","715","1213","0","58.94","39.49"
"10","007","00","019","1910","0841","598","431","167","46","644","1164","0","55.33","37.03"
"10","007","00","019","1911","0000","866","739","127","47","913","1608","0","56.78","45.96"
"10","007","00","019","1911","0842","389","281","108","28","417","730","0","57.12","38.49"
"10","007","00","019","1911","0843","477","458","19","19","496","878","0","56.49","52.16"
"10","007","00","019","1912","0000","1500","1095","405","106","1606","2649","0","60.63","41.34"
"10","007","00","019","1912","0833","481","352","129","40","521","925","0","56.32","38.05"
"10","007","00","019","1912","0834","491","357","134","38","529","869","0","60.87","41.08"
"10","007","00","019","1912","0835","528","386","142","28","556","855","0","65.03","45.15"
"10","007","00","019","1913","0000","1089","787","302","88","1177","1893","0","62.18","41.57"
"10","007","00","019","1913","0836","638","454","184","31","669","1065","0","62.82","42.63"
"10","007","00","019","1913","0837","451","333","118","57","508","828","0","61.35","40.22"
"10","007","00","019","1914","0000","969","679","290","70","1039","1994","0","52.11","34.05"
"10","007","00","019","1914","0859","505","353","152","27","532","1077","0","49.4","32.78"
"10","007","00","019","1914","0860","464","326","138","43","507","917","0","55.29","35.55"
"10","007","00","019","1915","0000","947","685","262","74","1021","1762","0","57.95","38.88"
"10","007","00","019","1915","0861","444","321","123","26","470","825","0","56.97","38.91"
"10","007","00","019","1915","0862","503","364","139","48","551","937","0","58.8","38.85"
"10","007","00","020","0000","0000","21132","15018","6114","1552","22684","42976","50709","52.78","34.95"
"10","007","00","020","2001","0000","1173","816","357","67","1240","2148","0","57.73","37.99"
"10","007","00","020","2001","0945","487","346","141","30","517","892","0","57.96","38.79"
"10","007","00","020","2001","0946","686","470","216","37","723","1256","0","57.56","37.42"
"10","007","00","020","2002","0000","1747","1221","526","112","1859","3201","0","58.08","38.14"
"10","007","00","020","2002","0947","531","379","152","44","575","1043","0","55.13","36.34"
"10","007","00","020","2002","0948","620","421","199","29","649","1076","0","60.32","39.13"
"10","007","00","020","2002","0949","596","421","175","39","635","1082","0","58.69","38.91"
"10","007","00","020","2003","0000","739","404","335","38","777","1427","0","54.45","28.31"
"10","007","00","020","2003","0950","739","404","335","38","777","1427","0","54.45","28.31"
"10","007","00","020","2004","0000","1468","971","497","146","1614","3040","0","53.09","31.94"
"10","007","00","020","2004","0951","467","314","153","59","526","1030","0","51.07","30.49"
"10","007","00","020","2004","0952","501","329","172","45","546","1033","0","52.86","31.85"
"10","007","00","020","2004","0953","500","328","172","42","542","977","0","55.48","33.57"
"10","007","00","020","2005","0000","782","660","122","87","869","1658","0","52.41","39.81"
"10","007","00","020","2005","0954","334","241","93","20","354","683","0","51.83","35.29"
"10","007","00","020","2005","0955","448","419","29","67","515","975","0","52.82","42.97"
"10","007","00","020","2006","0000","554","511","43","57","611","1336","0","45.73","38.25"
"10","007","00","020","2006","0956","554","511","43","57","611","1336","0","45.73","38.25"
"10","007","00","020","2007","0000","433","292","141","51","484","1019","0","47.5","28.66"
"10","007","00","020","2007","0957","433","292","141","51","484","1019","0","47.5","28.66"
"10","007","00","020","2008","0000","409","286","123","33","442","1003","0","44.07","28.51"
"10","007","00","020","2008","0958","409","286","123","33","442","1003","0","44.07","28.51"
"10","007","00","020","2009","0000","595","441","154","54","649","1151","0","56.39","38.31"
"10","007","00","020","2009","0959","595","441","154","54","649","1151","0","56.39","38.31"
"10","007","00","020","2010","0000","863","624","239","51","914","1598","0","57.2","39.05"
"10","007","00","020","2010","0960","863","624","239","51","914","1598","0","57.2","39.05"
"10","007","00","020","2011","0000","1698","1208","490","102","1800","3259","0","55.23","37.07"
"10","007","00","020","2011","0961","747","545","202","54","801","1488","0","53.83","36.63"
"10","007","00","020","2011","0962","951","663","288","48","999","1771","0","56.41","37.44"
"10","007","00","020","2012","0000","1279","887","392","86","1365","2540","0","53.74","34.92"
"10","007","00","020","2012","0942","291","202","89","28","319","731","0","43.64","27.63"
"10","007","00","020","2012","0943","559","393","166","31","590","1025","0","57.56","38.34"
"10","007","00","020","2012","0944","429","292","137","27","456","784","0","58.16","37.24"
"10","007","00","020","2013","0000","543","379","164","45","588","1360","0","43.24","27.87"
"10","007","00","020","2013","0963","543","379","164","45","588","1360","0","43.24","27.87"
"10","007","00","020","2014","0000","707","500","207","46","753","1613","0","46.68","31.0"
"10","007","00","020","2014","0964","707","500","207","46","753","1613","0","46.68","31.0"
"10","007","00","020","2015","0000","563","385","178","78","641","1228","0","52.2","31.35"
"10","007","00","020","2015","0965","563","385","178","78","641","1228","0","52.2","31.35"
"10","007","00","020","2016","0000","419","314","105","19","438","771","0","56.81","40.73"
"10","007","00","020","2016","0966","419","314","105","19","438","771","0","56.81","40.73"
"10","007","00","020","2017","0000","774","564","210","28","802","1519","0","52.8","37.13"
"10","007","00","020","2017","0967","480","347","133","28","508","858","0","59.21","40.44"
"10","007","00","020","2017","0968","294","217","77","0","294","661","0","44.48","32.83"
"10","007","00","020","2018","0000","577","413","164","60","637","1268","0","50.24","32.57"
"10","007","00","020","2018","0969","577","413","164","60","637","1268","0","50.24","32.57"
"10","007","00","020","2019","0000","494","344","150","37","531","1081","0","49.12","31.82"
"10","007","00","020","2019","0970","494","344","150","37","531","1081","0","49.12","31.82"
"10","007","00","020","2020","0000","1751","1258","493","118","1869","3659","0","51.08","34.38"
"10","007","00","020","2020","0971","567","412","155","27","594","1213","0","48.97","33.97"
"10","007","00","020","2020","0972","701","499","202","40","741","1328","0","55.8","37.58"
"10","007","00","020","2020","0973","483","347","136","51","534","1118","0","47.76","31.04"
"10","007","00","020","2021","0000","448","326","122","33","481","972","0","49.49","33.54"
"10","007","00","020","2021","0975","448","326","122","33","481","972","0","49.49","33.54"
"10","007","00","020","2022","0000","493","343","150","41","534","1157","0","46.15","29.65"
"10","007","00","020","2022","0974","493","343","150","41","534","1157","0","46.15","29.65"
"10","007","00","020","2023","0000","459","306","153","26","485","902","0","53.77","33.92"
"10","007","00","020","2023","0976","459","306","153","26","485","902","0","53.77","33.92"
"10","007","00","020","2024","0000","762","571","191","34","796","1273","0","62.53","44.85"
"10","007","00","020","2024","0977","762","571","191","34","796","1273","0","62.53","44.85"
"10","007","00","020","2025","0000","547","392","155","35","582","1087","0","53.54","36.06"
"10","007","00","020","2025","0978","547","392","155","35","582","1087","0","53.54","36.06"
"10","007","00","020","2026","0000","543","395","148","47","590","987","0","59.78","40.02"
"10","007","00","020","2026","0979","543","395","148","47","590","987","0","59.78","40.02"
"10","007","00","020","2027","0000","312","207","105","21","333","719","0","46.31","28.79"
"10","007","00","020","2027","0980","312","207","105","21","333","719","0","46.31","28.79"
"10","007","00","021","0000","0000","12918","8969","3949","891","13809","23179","27346","59.58","38.69"
"10","007","00","021","2101","0000","628","422","206","40","668","1284","0","52.02","32.87"
"10","007","00","021","2101","0863","628","422","206","40","668","1284","0","52.02","32.87"
"10","007","00","021","2102","0000","564","413","151","41","605","874","0","69.22","47.25"
"10","007","00","021","2102","0873","564","413","151","41","605","874","0","69.22","47.25"
"10","007","00","021","2103","0000","1504","1040","464","76","1580","2562","0","61.67","40.59"
"10","007","00","021","2103","0871","803","546","257","40","843","1376","0","61.26","39.68"
"10","007","00","021","2103","0872","701","494","207","36","737","1186","0","62.14","41.65"
"10","007","00","021","2104","0000","614","433","181","71","685","1079","0","63.48","40.13"
"10","007","00","021","2104","0882","614","433","181","71","685","1079","0","63.48","40.13"
"10","007","00","021","2105","0000","385","265","120","31","416","760","0","54.74","34.87"
"10","007","00","021","2105","0886","385","265","120","31","416","760","0","54.74","34.87"
"10","007","00","021","2106","0000","634","422","212","66","700","1084","0","64.58","38.93"
"10","007","00","021","2106","0887","634","422","212","66","700","1084","0","64.58","38.93"
"10","007","00","021","2107","0000","606","415","191","47","653","1198","0","54.51","34.64"
"10","007","00","021","2107","0884","606","415","191","47","653","1198","0","54.51","34.64"
"10","007","00","021","2108","0000","321","216","105","34","355","621","0","57.17","34.78"
"10","007","00","021","2108","0885","321","216","105","34","355","621","0","57.17","34.78"
"10","007","00","021","2109","0000","736","485","251","42","778","1336","0","58.23","36.3"
"10","007","00","021","2109","0883","736","485","251","42","778","1336","0","58.23","36.3"
"10","007","00","021","2110","0000","727","501","226","39","766","1337","0","57.29","37.47"
"10","007","00","021","2110","0870","727","501","226","39","766","1337","0","57.29","37.47"
"10","007","00","021","2111","0000","888","604","284","48","936","1555","0","60.19","38.84"
"10","007","00","021","2111","0868","358","258","100","19","377","680","0","55.44","37.94"
"10","007","00","021","2111","0869","530","346","184","29","559","875","0","63.89","39.54"
"10","007","00","021","2112","0000","672","473","199","53","725","1187","0","61.08","39.85"
"10","007","00","021","2112","0864","672","473","199","53","725","1187","0","61.08","39.85"
"10","007","00","021","2113","0000","996","718","278","61","1057","1729","0","61.13","41.53"
"10","007","00","021","2113","0865","597","413","184","37","634","1033","0","61.37","39.98"
"10","007","00","021","2113","0866","399","305","94","24","423","696","0","60.78","43.82"
"10","007","00","021","2114","0000","575","395","180","25","600","938","0","63.97","42.11"
"10","007","00","021","2114","0878","575","395","180","25","600","938","0","63.97","42.11"
"10","007","00","021","2115","0000","525","362","163","40","565","880","0","64.2","41.14"
"10","007","00","021","2115","0879","525","362","163","40","565","880","0","64.2","41.14"
"10","007","00","021","2116","0000","707","472","235","51","758","1396","0","54.3","33.81"
"10","007","00","021","2116","0880","405","276","129","24","429","804","0","53.36","34.33"
"10","007","00","021","2116","0881","302","196","106","27","329","592","0","55.57","33.11"
"10","007","00","021","2117","0000","883","657","226","59","942","1606","0","58.66","40.91"
"10","007","00","021","2117","0874","341","244","97","27","368","647","0","56.88","37.71"
"10","007","00","021","2117","0875","542","413","129","32","574","959","0","59.85","43.07"
"10","007","00","021","2118","0000","130","93","37","14","144","263","0","54.75","35.36"
"10","007","00","021","2118","0876","130","93","37","14","144","263","0","54.75","35.36"
"10","007","00","021","2119","0000","311","221","90","26","337","618","0","54.53","35.76"
"10","007","00","021","2119","0877","311","221","90","26","337","618","0","54.53","35.76"
"10","007","00","021","2120","0000","512","362","150","27","539","872","0","61.81","41.51"
"10","007","00","021","2120","0867","512","362","150","27","539","872","0","61.81","41.51"
"10","007","00","022","0000","0000","13051","8843","4208","1048","14099","25677","30536","54.91","34.44"
"10","007","00","022","2201","0000","1196","834","362","109","1305","2468","0","52.88","33.79"
"10","007","00","022","2201","0888","533","376","157","77","610","1178","0","51.78","31.92"
"10","007","00","022","2201","0889","663","458","205","32","695","1290","0","53.88","35.5"
"10","007","00","022","2202","0000","888","585","303","68","956","1756","0","54.44","33.31"
"10","007","00","022","2202","0890","499","320","179","37","536","973","0","55.09","32.89"
"10","007","00","022","2202","0891","389","265","124","31","420","783","0","53.64","33.84"
"10","007","00","022","2203","0000","854","604","250","93","947","1632","0","58.03","37.01"
"10","007","00","022","2203","0892","375","274","101","43","418","733","0","57.03","37.38"
"10","007","00","022","2203","0893","479","330","149","50","529","899","0","58.84","36.71"
"10","007","00","022","2204","0000","1176","871","305","84","1260","2321","0","54.29","37.53"
"10","007","00","022","2204","0894","499","367","132","46","545","965","0","56.48","38.03"
"10","007","00","022","2204","0895","677","504","173","38","715","1356","0","52.73","37.17"
"10","007","00","022","2205","0000","656","458","198","37","693","1265","0","54.78","36.21"
"10","007","00","022","2205","0896","656","458","198","37","693","1265","0","54.78","36.21"
"10","007","00","022","2206","0000","819","601","218","77","896","1582","0","56.64","37.99"
"10","007","00","022","2206","0897","477","360","117","37","514","877","0","58.61","41.05"
"10","007","00","022","2206","0898","342","241","101","40","382","705","0","54.18","34.18"
"10","007","00","022","2207","0000","1832","1329","503","110","1942","3285","0","59.12","40.46"
"10","007","00","022","2207","0899","630","458","172","27","657","1062","0","61.86","43.13"
"10","007","00","022","2207","0900","703","498","205","40","743","1300","0","57.15","38.31"
"10","007","00","022","2207","0901","499","373","126","43","542","923","0","58.72","40.41"
"10","007","00","022","2208","0000","1148","415","733","79","1227","2188","0","56.08","18.97"
"10","007","00","022","2208","0902","545","398","147","28","573","1085","0","52.81","36.68"
"10","007","00","022","2208","0903","603","17","586","51","654","1103","0","59.29","1.54"
"10","007","00","022","2209","0000","368","263","105","18","386","735","0","52.52","35.78"
"10","007","00","022","2209","0904","368","263","105","18","386","735","0","52.52","35.78"
"10","007","00","022","2210","0000","280","191","89","36","316","574","0","55.05","33.28"
"10","007","00","022","2210","0905","280","191","89","36","316","574","0","55.05","33.28"
"10","007","00","022","2211","0000","733","534","199","62","795","1504","0","52.86","35.51"
"10","007","00","022","2211","0906","352","268","84","35","387","767","0","50.46","34.94"
"10","007","00","022","2211","0907","381","266","115","27","408","737","0","55.36","36.09"
"10","007","00","022","2212","0000","478","323","155","43","521","1058","0","49.24","30.53"
"10","007","00","022","2212","0908","478","323","155","43","521","1058","0","49.24","30.53"
"10","007","00","022","2213","0000","372","252","120","54","426","826","0","51.57","30.51"
"10","007","00","022","2213","0909","372","252","120","54","426","826","0","51.57","30.51"
"10","007","00","022","2214","0000","481","340","141","66","547","1082","0","50.55","31.42"
"10","007","00","022","2214","0910","481","340","141","66","547","1082","0","50.55","31.42"
"10","007","00","022","2215","0000","759","536","223","57","816","1448","0","56.35","37.02"
"10","007","00","022","2215","0911","407","290","117","41","448","737","0","60.79","39.35"
"10","007","00","022","2215","0912","352","246","106","16","368","711","0","51.76","34.6"
"10","007","00","022","2216","0000","563","379","184","35","598","1043","0","57.33","36.34"
"10","007","00","022","2216","0913","563","379","184","35","598","1043","0","57.33","36.34"
"10","007","00","022","2217","0000","448","328","120","20","468","910","0","51.43","36.04"
"10","007","00","022","2217","0914","448","328","120","20","468","910","0","51.43","36.04"
"10","007","00","023","0000","0000","13343","9516","3827","1210","14553","29291","33549","49.68","32.49"
"10","007","00","023","2301","0000","305","213","92","32","337","940","0","35.85","22.66"
"10","007","00","023","2301","0998","305","213","92","32","337","940","0","35.85","22.66"
"10","007","00","023","2302","0000","153","118","35","17","170","403","0","42.18","29.28"
"10","007","00","023","2302","0999","153","118","35","17","170","403","0","42.18","29.28"
"10","007","00","023","2303","0000","349","243","106","30","379","756","0","50.13","32.14"
"10","007","00","023","2303","1000","349","243","106","30","379","756","0","50.13","32.14"
"10","007","00","023","2304","0000","160","105","55","18","178","548","0","32.48","19.16"
"10","007","00","023","2304","1001","160","105","55","18","178","548","0","32.48","19.16"
"10","007","00","023","2305","0000","488","348","140","32","520","997","0","52.16","34.9"
"10","007","00","023","2305","1002","488","348","140","32","520","997","0","52.16","34.9"
"10","007","00","023","2306","0000","961","660","301","75","1036","2159","0","47.99","30.57"
"10","007","00","023","2306","1003","547","376","171","46","593","1300","0","45.62","28.92"
"10","007","00","023","2306","1004","414","284","130","29","443","859","0","51.57","33.06"
"10","007","00","023","2307","0000","643","459","184","47","690","1370","0","50.36","33.5"
"10","007","00","023","2307","1005","358","252","106","27","385","734","0","52.45","34.33"
"10","007","00","023","2307","1006","285","207","78","20","305","636","0","47.96","32.55"
"10","007","00","023","2308","0000","188","135","53","12","200","470","0","42.55","28.72"
"10","007","00","023","2308","1022","188","135","53","12","200","470","0","42.55","28.72"
"10","007","00","023","2309","0000","260","181","79","35","295","668","0","44.16","27.1"
"10","007","00","023","2309","1008","260","181","79","35","295","668","0","44.16","27.1"
"10","007","00","023","2310","0000","346","228","118","32","378","744","0","50.81","30.65"
"10","007","00","023","2310","1009","346","228","118","32","378","744","0","50.81","30.65"
"10","007","00","023","2311","0000","447","323","124","48","495","1026","0","48.25","31.48"
"10","007","00","023","2311","1010","447","323","124","48","495","1026","0","48.25","31.48"
"10","007","00","023","2312","0000","223","164","59","18","241","586","0","41.13","27.99"
"10","007","00","023","2312","1011","223","164","59","18","241","586","0","41.13","27.99"
"10","007","00","023","2313","0000","283","200","83","31","314","593","0","52.95","33.73"
"10","007","00","023","2313","1012","283","200","83","31","314","593","0","52.95","33.73"
"10","007","00","023","2314","0000","339","225","114","45","384","808","0","47.52","27.85"
"10","007","00","023","2314","1007","339","225","114","45","384","808","0","47.52","27.85"
"10","007","00","023","2315","0000","1021","714","307","110","1131","2131","0","53.07","33.51"
"10","007","00","023","2315","1013","518","377","141","54","572","1071","0","53.41","35.2"
"10","007","00","023","2315","1014","503","337","166","56","559","1060","0","52.74","31.79"
"10","007","00","023","2316","0000","376","286","90","20","396","708","0","55.93","40.4"
"10","007","00","023","2316","1015","376","286","90","20","396","708","0","55.93","40.4"
"10","007","00","023","2317","0000","329","252","77","38","367","735","0","49.93","34.29"
"10","007","00","023","2317","1016","329","252","77","38","367","735","0","49.93","34.29"
"10","007","00","023","2318","0000","316","238","78","43","359","674","0","53.26","35.31"
"10","007","00","023","2318","1019","316","238","78","43","359","674","0","53.26","35.31"
"10","007","00","023","2319","0000","596","440","156","64","660","1300","0","50.77","33.85"
"10","007","00","023","2319","1017","300","212","88","35","335","571","0","58.67","37.13"
"10","007","00","023","2319","1018","296","228","68","29","325","729","0","44.58","31.28"
"10","007","00","023","2320","0000","859","619","240","54","913","1652","0","55.27","37.47"
"10","007","00","023","2320","1020","406","273","133","27","433","846","0","51.18","32.27"
"10","007","00","023","2320","1021","453","346","107","27","480","806","0","59.55","42.93"
"10","007","00","023","2321","0000","704","528","176","65","769","1441","0","53.37","36.64"
"10","007","00","023","2321","1023","564","420","144","53","617","1124","0","54.89","37.37"
"10","007","00","023","2321","1024","140","108","32","12","152","317","0","47.95","34.07"
"10","007","00","023","2322","0000","446","310","136","35","481","1086","0","44.29","28.55"
"10","007","00","023","2322","1028","446","310","136","35","481","1086","0","44.29","28.55"
"10","007","00","023","2323","0000","875","632","243","82","957","2125","0","45.04","29.74"
"10","007","00","023","2323","1025","445","323","122","52","497","1158","0","42.92","27.89"
"10","007","00","023","2323","1026","430","309","121","30","460","967","0","47.57","31.95"
"10","007","00","023","2324","0000","363","267","96","45","408","762","0","53.54","35.04"
"10","007","00","023","2324","1027","363","267","96","45","408","762","0","53.54","35.04"
"10","007","00","023","2325","0000","584","407","177","50","634","1400","0","45.29","29.07"
"10","007","00","023","2325","1029","341","232","109","27","368","747","0","49.26","31.06"
"10","007","00","023","2325","1030","243","175","68","23","266","653","0","40.74","26.8"
"10","007","00","023","2326","0000","1729","1221","508","132","1861","3209","0","57.99","38.05"
"10","007","00","023","2326","1031","469","356","113","45","514","872","0","58.94","40.83"
"10","007","00","023","2326","1032","701","466","235","44","745","1235","0","60.32","37.73"
"10","007","00","023","2326","1033","559","399","160","43","602","1102","0","54.63","36.21"
"10","007","00","024","0000","0000","5224","3724","1500","493","5717","14713","16781","38.86","25.31"
"10","007","00","024","2401","0000","379","268","111","48","427","1104","0","38.68","24.28"
"10","007","00","024","2401","0982","379","268","111","48","427","1104","0","38.68","24.28"
"10","007","00","024","2402","0000","397","300","97","36","433","1092","0","39.65","27.47"
"10","007","00","024","2402","0986","170","140","30","13","183","518","0","35.33","27.03"
"10","007","00","024","2402","0987","227","160","67","23","250","574","0","43.55","27.87"
"10","007","00","024","2403","0000","564","426","138","45","609","1312","0","46.42","32.47"
"10","007","00","024","2403","0984","564","426","138","45","609","1312","0","46.42","32.47"
"10","007","00","024","2404","0000","321","234","87","45","366","853","0","42.91","27.43"
"10","007","00","024","2404","0985","321","234","87","45","366","853","0","42.91","27.43"
"10","007","00","024","2405","0000","499","363","136","42","541","964","0","56.12","37.66"
"10","007","00","024","2405","0983","499","363","136","42","541","964","0","56.12","37.66"
"10","007","00","024","2406","0000","381","282","99","29","410","1103","0","37.17","25.57"
"10","007","00","024","2406","0993","381","282","99","29","410","1103","0","37.17","25.57"
"10","007","00","024","2407","0000","419","292","127","26","445","1288","0","34.55","22.67"
"10","007","00","024","2407","0981","419","292","127","26","445","1288","0","34.55","22.67"
"10","007","00","024","2408","0000","244","172","72","25","269","702","0","38.32","24.5"
"10","007","00","024","2408","0988","244","172","72","25","269","702","0","38.32","24.5"
"10","007","00","024","2409","0000","210","157","53","20","230","686","0","33.53","22.89"
"10","007","00","024","2409","0996","210","157","53","20","230","686","0","33.53","22.89"
"10","007","00","024","2410","0000","306","225","81","30","336","1069","0","31.43","21.05"
"10","007","00","024","2410","0989","105","80","25","14","119","376","0","31.65","21.28"
"10","007","00","024","2410","0990","201","145","56","16","217","693","0","31.31","20.92"
"10","007","00","024","2411","0000","258","182","76","23","281","899","0","31.26","20.24"
"10","007","00","024","2411","0997","258","182","76","23","281","899","0","31.26","20.24"
"10","007","00","024","2412","0000","372","240","132","45","417","1192","0","34.98","20.13"
"10","007","00","024","2412","0994","372","240","132","45","417","1192","0","34.98","20.13"
"10","007","00","024","2413","0000","338","215","123","23","361","917","0","39.37","23.45"
"10","007","00","024","2413","0995","338","215","123","23","361","917","0","39.37","23.45"
"10","007","00","024","2414","0000","344","241","103","42","386","877","0","44.01","27.48"
"10","007","00","024","2414","0991","344","241","103","42","386","877","0","44.01","27.48"
"10","007","00","024","2415","0000","192","127","65","14","206","655","0","31.45","19.39"
"10","007","00","024","2415","0992","192","127","65","14","206","655","0","31.45","19.39"
"10","007","00","025","0000","0000","6410","4362","2048","622","7032","12821","15117","54.85","34.02"
"10","007","00","025","2501","0000","616","536","80","65","681","1168","0","58.3","45.89"
"10","007","00","025","2501","1034","616","536","80","65","681","1168","0","58.3","45.89"
"10","007","00","025","2502","0000","1097","749","348","79","1176","1925","0","61.09","38.91"
"10","007","00","025","2502","1035","545","373","172","29","574","965","0","59.48","38.65"
"10","007","00","025","2502","1036","552","376","176","50","602","960","0","62.71","39.17"
"10","007","00","025","2503","0000","431","98","333","52","483","743","0","65.01","13.19"
"10","007","00","025","2503","1037","431","98","333","52","483","743","0","65.01","13.19"
"10","007","00","025","2504","0000","306","212","94","36","342","751","0","45.54","28.23"
"10","007","00","025","2504","1038","306","212","94","36","342","751","0","45.54","28.23"
"10","007","00","025","2505","0000","706","497","209","44","750","1525","0","49.18","32.59"
"10","007","00","025","2505","1039","365","264","101","27","392","792","0","49.49","33.33"
"10","007","00","025","2505","1040","341","233","108","17","358","733","0","48.84","31.79"
"10","007","00","025","2506","0000","327","240","87","33","360","657","0","54.79","36.53"
"10","007","00","025","2506","1041","327","240","87","33","360","657","0","54.79","36.53"
"10","007","00","025","2507","0000","526","372","154","38","564","1063","0","53.06","35.0"
"10","007","00","025","2507","1042","526","372","154","38","564","1063","0","53.06","35.0"
"10","007","00","025","2508","0000","565","401","164","74","639","1114","0","57.36","36.0"
"10","007","00","025","2508","1043","565","401","164","74","639","1114","0","57.36","36.0"
"10","007","00","025","2509","0000","309","207","102","35","344","506","0","67.98","40.91"
"10","007","00","025","2509","1044","309","207","102","35","344","506","0","67.98","40.91"
"10","007","00","025","2510","0000","388","262","126","36","424","823","0","51.52","31.83"
"10","007","00","025","2510","1045","388","262","126","36","424","823","0","51.52","31.83"
"10","007","00","025","2511","0000","306","202","104","30","336","654","0","51.38","30.89"
"10","007","00","025","2511","1046","306","202","104","30","336","654","0","51.38","30.89"
"10","007","00","025","2512","0000","252","182","70","18","270","577","0","46.79","31.54"
"10","007","00","025","2512","1047","252","182","70","18","270","577","0","46.79","31.54"
"10","007","00","025","2513","0000","365","256","109","46","411","772","0","53.24","33.16"
"10","007","00","025","2513","1048","365","256","109","46","411","772","0","53.24","33.16"
"10","007","00","025","2514","0000","216","148","68","36","252","543","0","46.41","27.26"
"10","007","00","025","2514","1049","216","148","68","36","252","543","0","46.41","27.26"
"10","007","00","026","0000","0000","12300","8627","3673","966","13266","25405","29797","52.22","33.96"
"10","007","00","026","2601","0000","900","650","250","56","956","1839","0","51.98","35.35"
"10","007","00","026","2601","0915","399","306","93","33","432","778","0","55.53","39.33"
"10","007","00","026","2601","0916","501","344","157","23","524","1061","0","49.39","32.42"
"10","007","00","026","2602","0000","598","435","163","54","652","1409","0","46.27","30.87"
"10","007","00","026","2602","0925","598","435","163","54","652","1409","0","46.27","30.87"
"10","007","00","026","2603","0000","479","341","138","51","530","1157","0","45.81","29.47"
"10","007","00","026","2603","0930","479","341","138","51","530","1157","0","45.81","29.47"
"10","007","00","026","2604","0000","775","527","248","56","831","1490","0","55.77","35.37"
"10","007","00","026","2604","0941","775","527","248","56","831","1490","0","55.77","35.37"
"10","007","00","026","2605","0000","330","251","79","33","363","701","0","51.78","35.81"
"10","007","00","026","2605","0917","330","251","79","33","363","701","0","51.78","35.81"
"10","007","00","026","2606","0000","749","524","225","58","807","1506","0","53.59","34.79"
"10","007","00","026","2606","0926","403","282","121","18","421","792","0","53.16","35.61"
"10","007","00","026","2606","0927","346","242","104","40","386","714","0","54.06","33.89"
"10","007","00","026","2607","0000","393","272","121","46","439","843","0","52.08","32.27"
"10","007","00","026","2607","0936","393","272","121","46","439","843","0","52.08","32.27"
"10","007","00","026","2608","0000","525","383","142","23","548","879","0","62.34","43.57"
"10","007","00","026","2608","0918","525","383","142","23","548","879","0","62.34","43.57"
"10","007","00","026","2609","0000","900","600","300","80","980","2071","0","47.32","28.97"
"10","007","00","026","2609","0928","498","341","157","42","540","1109","0","48.69","30.75"
"10","007","00","026","2609","0929","402","259","143","38","440","962","0","45.74","26.92"
"10","007","00","026","2610","0000","260","177","83","10","270","711","0","37.97","24.89"
"10","007","00","026","2610","0937","260","177","83","10","270","711","0","37.97","24.89"
"10","007","00","026","2611","0000","881","645","236","58","939","1532","0","61.29","42.1"
"10","007","00","026","2611","0919","399","294","105","35","434","654","0","66.36","44.95"
"10","007","00","026","2611","0920","482","351","131","23","505","878","0","57.52","39.98"
"10","007","00","026","2612","0000","899","611","288","75","974","1839","0","52.96","33.22"
"10","007","00","026","2612","0931","465","323","142","33","498","952","0","52.31","33.93"
"10","007","00","026","2612","0932","434","288","146","42","476","887","0","53.66","32.47"
"10","007","00","026","2613","0000","423","296","127","49","472","851","0","55.46","34.78"
"10","007","00","026","2613","0938","423","296","127","49","472","851","0","55.46","34.78"
"10","007","00","026","2614","0000","1015","729","286","56","1071","1813","0","59.07","40.21"
"10","007","00","026","2614","0921","560","412","148","26","586","942","0","62.21","43.74"
"10","007","00","026","2614","0922","455","317","138","30","485","871","0","55.68","36.39"
"10","007","00","026","2615","0000","773","487","286","98","871","1876","0","46.43","25.96"
"10","007","00","026","2615","0933","340","223","117","43","383","866","0","44.23","25.75"
"10","007","00","026","2615","0934","433","264","169","55","488","1010","0","48.32","26.14"
"10","007","00","026","2616","0000","587","446","141","46","633","1247","0","50.76","35.77"
"10","007","00","026","2616","0940","587","446","141","46","633","1247","0","50.76","35.77"
"10","007","00","026","2617","0000","997","703","294","67","1064","1905","0","55.85","36.9"
"10","007","00","026","2617","0923","533","399","134","23","556","1047","0","53.1","38.11"
"10","007","00","026","2617","0924","464","304","160","44","508","858","0","59.21","35.43"
"10","007","00","026","2618","0000","407","256","151","20","427","853","0","50.06","30.01"
"10","007","00","026","2618","0935","407","256","151","20","427","853","0","50.06","30.01"
"10","007","00","026","2619","0000","409","294","115","30","439","883","0","49.72","33.3"
"10","007","00","026","2619","0939","409","294","115","30","439","883","0","49.72","33.3"
"10","008","00","000","0000","0000","234668","165850","68818","13875","248543","427089","497876","58.19","38.83"
"10","008","00","001","0000","0000","48887","34407","14480","2254","51141","84328","99538","60.65","40.8"
"10","008","00","001","0101","0000","538","367","171","30","568","927","0","61.27","39.59"
"10","008","00","001","0101","0001","538","367","171","30","568","927","0","61.27","39.59"
"10","008","00","001","0102","0000","916","645","271","36","952","1440","0","66.11","44.79"
"10","008","00","001","0102","0002","437","311","126","20","457","667","0","68.52","46.63"
"10","008","00","001","0102","0003","479","334","145","16","495","773","0","64.04","43.21"
"10","008","00","001","0103","0000","496","333","163","21","517","818","0","63.2","40.71"
"10","008","00","001","0103","0004","496","333","163","21","517","818","0","63.2","40.71"
"10","008","00","001","0104","0000","342","234","108","15","357","525","0","68.0","44.57"
"10","008","00","001","0104","0005","342","234","108","15","357","525","0","68.0","44.57"
"10","008","00","001","0105","0000","358","256","102","25","383","575","0","66.61","44.52"
"10","008","00","001","0105","0006","358","256","102","25","383","575","0","66.61","44.52"
"10","008","00","001","0106","0000","245","175","70","11","256","368","0","69.57","47.55"
"10","008","00","001","0106","0007","245","175","70","11","256","368","0","69.57","47.55"
"10","008","00","001","0107","0000","608","438","170","25","633","956","0","66.21","45.82"
"10","008","00","001","0107","0008","608","438","170","25","633","956","0","66.21","45.82"
"10","008","00","001","0108","0000","1617","1122","495","72","1689","2632","0","64.17","42.63"
"10","008","00","001","0108","0058","843","605","238","42","885","1387","0","63.81","43.62"
"10","008","00","001","0108","0059","774","517","257","30","804","1245","0","64.58","41.53"
"10","008","00","001","0109","0000","4048","2826","1222","183","4231","7018","0","60.29","40.27"
"10","008","00","001","0109","0060","676","471","205","19","695","1199","0","57.96","39.28"
"10","008","00","001","0109","0061","763","554","209","38","801","1288","0","62.19","43.01"
"10","008","00","001","0109","0062","589","419","170","34","623","1040","0","59.9","40.29"
"10","008","00","001","0109","0063","634","432","202","34","668","1070","0","62.43","40.37"
"10","008","00","001","0109","0064","690","450","240","30","720","1299","0","55.43","34.64"
"10","008","00","001","0109","0065","696","500","196","28","724","1122","0","64.53","44.56"
"10","008","00","001","0110","0000","2446","1726","720","119","2565","4543","0","56.46","37.99"
"10","008","00","001","0110","0032","749","529","220","40","789","1356","0","58.19","39.01"
"10","008","00","001","0110","0033","713","484","229","38","751","1373","0","54.7","35.25"
"10","008","00","001","0110","0034","783","557","226","30","813","1452","0","55.99","38.36"
"10","008","00","001","0110","0035","201","156","45","11","212","362","0","58.56","43.09"
"10","008","00","001","0111","0000","218","157","61","17","235","389","0","60.41","40.36"
"10","008","00","001","0111","0036","218","157","61","17","235","389","0","60.41","40.36"
"10","008","00","001","0112","0000","3545","2491","1054","133","3678","5992","0","61.38","41.57"
"10","008","00","001","0112","0022","535","377","158","20","555","960","0","57.81","39.27"
"10","008","00","001","0112","0023","524","375","149","35","559","906","0","61.7","41.39"
"10","008","00","001","0112","0024","580","408","172","18","598","957","0","62.49","42.63"
"10","008","00","001","0112","0025","627","448","179","25","652","997","0","65.4","44.93"
"10","008","00","001","0112","0026","611","429","182","18","629","1008","0","62.4","42.56"
"10","008","00","001","0112","0027","668","454","214","17","685","1164","0","58.85","39.0"
"10","008","00","001","0113","0000","1120","764","356","77","1197","2045","0","58.53","37.36"
"10","008","00","001","0113","0028","332","227","105","18","350","587","0","59.63","38.67"
"10","008","00","001","0113","0029","389","260","129","26","415","734","0","56.54","35.42"
"10","008","00","001","0113","0030","399","277","122","33","432","724","0","59.67","38.26"
"10","008","00","001","0114","0000","569","431","138","30","599","1003","0","59.72","42.97"
"10","008","00","001","0114","0031","569","431","138","30","599","1003","0","59.72","42.97"
"10","008","00","001","0115","0000","3126","2195","931","114","3240","5426","0","59.71","40.45"
"10","008","00","001","0115","0009","647","444","203","27","674","1245","0","54.14","35.66"
"10","008","00","001","0115","0010","850","599","251","13","863","1484","0","58.15","40.36"
"10","008","00","001","0115","0011","755","545","210","29","784","1191","0","65.83","45.76"
"10","008","00","001","0115","0012","874","607","267","45","919","1506","0","61.02","40.31"
"10","008","00","001","0116","0000","1717","1198","519","89","1806","2790","0","64.73","42.94"
"10","008","00","001","0116","0013","648","436","212","29","677","1070","0","63.27","40.75"
"10","008","00","001","0116","0014","409","295","114","19","428","670","0","63.88","44.03"
"10","008","00","001","0116","0015","660","467","193","41","701","1050","0","66.76","44.48"
"10","008","00","001","0117","0000","1109","772","337","67","1176","2106","0","55.84","36.66"
"10","008","00","001","0117","0016","582","420","162","36","618","1122","0","55.08","37.43"
"10","008","00","001","0117","0017","527","352","175","31","558","984","0","56.71","35.77"
"10","008","00","001","0118","0000","2594","1744","850","153","2747","4411","0","62.28","39.54"
"10","008","00","001","0118","0018","676","456","220","29","705","1062","0","66.38","42.94"
"10","008","00","001","0118","0019","598","419","179","44","642","1053","0","60.97","39.79"
"10","008","00","001","0118","0020","670","436","234","32","702","1104","0","63.59","39.49"
"10","008","00","001","0118","0021","650","433","217","48","698","1192","0","58.56","36.33"
"10","008","00","001","0119","0000","1002","684","318","64","1066","1930","0","55.23","35.44"
"10","008","00","001","0119","0083","497","342","155","40","537","950","0","56.53","36.0"
"10","008","00","001","0119","0084","505","342","163","24","529","980","0","53.98","34.9"
"10","008","00","001","0120","0000","377","253","124","23","400","790","0","50.63","32.03"
"10","008","00","001","0120","0081","377","253","124","23","400","790","0","50.63","32.03"
"10","008","00","001","0121","0000","288","215","73","19","307","647","0","47.45","33.23"
"10","008","00","001","0121","0082","288","215","73","19","307","647","0","47.45","33.23"
"10","008","00","001","0122","0000","513","350","163","80","593","1122","0","52.85","31.19"
"10","008","00","001","0122","0080","513","350","163","80","593","1122","0","52.85","31.19"
"10","008","00","001","0123","0000","2985","2079","906","124","3109","5362","0","57.98","38.77"
"10","008","00","001","0123","0066","805","587","218","37","842","1414","0","59.55","41.51"
"10","008","00","001","0123","0067","634","454","180","37","671","1121","0","59.86","40.5"
"10","008","00","001","0123","0068","801","556","245","22","823","1434","0","57.39","38.77"
"10","008","00","001","0123","0069","745","482","263","28","773","1393","0","55.49","34.6"
"10","008","00","001","0124","0000","2643","2009","634","63","2706","4907","0","55.15","40.94"
"10","008","00","001","0124","0070","600","436","164","13","613","1059","0","57.88","41.17"
"10","008","00","001","0124","0071","693","511","182","15","708","1218","0","58.13","41.95"
"10","008","00","001","0124","0072","697","578","119","18","715","1293","0","55.3","44.7"
"10","008","00","001","0124","0073","653","484","169","17","670","1337","0","50.11","36.2"
"10","008","00","001","0125","0000","1646","1117","529","85","1731","2859","0","60.55","39.07"
"10","008","00","001","0125","0074","536","356","180","33","569","876","0","64.95","40.64"
"10","008","00","001","0125","0075","542","376","166","26","568","971","0","58.5","38.72"
"10","008","00","001","0125","0076","568","385","183","26","594","1012","0","58.7","38.04"
"10","008","00","001","0126","0000","1729","1219","510","82","1811","2999","0","60.39","40.65"
"10","008","00","001","0126","0077","526","383","143","26","552","973","0","56.73","39.36"
"10","008","00","001","0126","0078","629","454","175","21","650","1002","0","64.87","45.31"
"10","008","00","001","0126","0079","574","382","192","35","609","1024","0","59.47","37.3"
"10","008","00","001","0127","0000","3717","2579","1138","153","3870","5880","0","65.82","43.86"
"10","008","00","001","0127","0039","551","358","193","42","593","921","0","64.39","38.87"
"10","008","00","001","0127","0040","604","426","178","14","618","892","0","69.28","47.76"
"10","008","00","001","0127","0041","657","463","194","28","685","1050","0","65.24","44.1"
"10","008","00","001","0127","0042","667","473","194","16","683","1078","0","63.36","43.88"
"10","008","00","001","0127","0043","640","458","182","28","668","1078","0","61.97","42.49"
"10","008","00","001","0127","0044","598","401","197","25","623","861","0","72.36","46.57"
"10","008","00","001","0128","0000","1471","996","475","78","1549","2365","0","65.5","42.11"
"10","008","00","001","0128","0037","791","537","254","39","830","1276","0","65.05","42.08"
"10","008","00","001","0128","0038","680","459","221","39","719","1089","0","66.02","42.15"
"10","008","00","001","0129","0000","3984","2821","1163","135","4119","6589","0","62.51","42.81"
"10","008","00","001","0129","0045","697","515","182","43","740","1221","0","60.61","42.18"
"10","008","00","001","0129","0046","654","475","179","14","668","1105","0","60.45","42.99"
"10","008","00","001","0129","0047","742","522","220","16","758","1230","0","61.63","42.44"
"10","008","00","001","0129","0048","653","448","205","22","675","1092","0","61.81","41.03"
"10","008","00","001","0129","0049","802","560","242","18","820","1286","0","63.76","43.55"
"10","008","00","001","0129","0050","436","301","135","22","458","655","0","69.92","45.95"
"10","008","00","001","0130","0000","875","608","267","41","916","1439","0","63.66","42.25"
"10","008","00","001","0130","0051","457","323","134","15","472","719","0","65.65","44.92"
"10","008","00","001","0130","0052","418","285","133","26","444","720","0","61.67","39.58"
"10","008","00","001","0131","0000","485","381","104","26","511","848","0","60.26","44.93"
"10","008","00","001","0131","0057","485","381","104","26","511","848","0","60.26","44.93"
"10","008","00","001","0132","0000","630","504","126","27","657","1108","0","59.3","45.49"
"10","008","00","001","0132","0054","269","221","48","14","283","492","0","57.52","44.92"
"10","008","00","001","0132","0055","361","283","78","13","374","616","0","60.71","45.94"
"10","008","00","001","0133","0000","604","477","127","21","625","1010","0","61.88","47.23"
"10","008","00","001","0133","0056","604","477","127","21","625","1010","0","61.88","47.23"
"10","008","00","001","0134","0000","326","241","85","16","342","509","0","67.19","47.35"
"10","008","00","001","0134","0053","326","241","85","16","342","509","0","67.19","47.35"
"10","008","00","002","0000","0000","37152","26111","11041","2346","39498","68763","80408","57.44","37.97"
"10","008","00","002","0201","0000","1496","1079","417","101","1597","2676","0","59.68","40.32"
"10","008","00","002","0201","0085","469","346","123","29","498","828","0","60.14","41.79"
"10","008","00","002","0201","0086","457","306","151","34","491","786","0","62.47","38.93"
"10","008","00","002","0201","0087","570","427","143","38","608","1062","0","57.25","40.21"
"10","008","00","002","0202","0000","523","394","129","32","555","838","0","66.23","47.02"
"10","008","00","002","0202","0105","523","394","129","32","555","838","0","66.23","47.02"
"10","008","00","002","0203","0000","1641","1170","471","88","1729","3107","0","55.65","37.66"
"10","008","00","002","0203","0102","489","347","142","15","504","901","0","55.94","38.51"
"10","008","00","002","0203","0103","504","376","128","40","544","997","0","54.56","37.71"
"10","008","00","002","0203","0104","648","447","201","33","681","1209","0","56.33","36.97"
"10","008","00","002","0204","0000","1321","922","399","88","1409","2489","0","56.61","37.04"
"10","008","00","002","0204","0106","580","399","181","34","614","1226","0","50.08","32.54"
"10","008","00","002","0204","0107","741","523","218","54","795","1263","0","62.95","41.41"
"10","008","00","002","0205","0000","1158","797","361","84","1242","2233","0","55.62","35.69"
"10","008","00","002","0205","0121","602","415","187","38","640","1133","0","56.49","36.63"
"10","008","00","002","0205","0122","556","382","174","46","602","1100","0","54.73","34.73"
"10","008","00","002","0206","0000","628","429","199","36","664","1023","0","64.91","41.94"
"10","008","00","002","0206","0126","628","429","199","36","664","1023","0","64.91","41.94"
"10","008","00","002","0207","0000","1918","1438","480","128","2046","3705","0","55.22","38.81"
"10","008","00","002","0207","0123","634","456","178","41","675","1155","0","58.44","39.48"
"10","008","00","002","0207","0124","628","428","200","45","673","1254","0","53.67","34.13"
"10","008","00","002","0207","0125","656","554","102","42","698","1296","0","53.86","42.75"
"10","008","00","002","0208","0000","3218","2302","916","179","3397","5777","0","58.8","39.85"
"10","008","00","002","0208","0127","482","348","134","19","501","964","0","51.97","36.1"
"10","008","00","002","0208","0128","557","396","161","25","582","986","0","59.03","40.16"
"10","008","00","002","0208","0129","584","404","180","32","616","1016","0","60.63","39.76"
"10","008","00","002","0208","0130","493","360","133","41","534","898","0","59.47","40.09"
"10","008","00","002","0208","0131","567","397","170","32","599","980","0","61.12","40.51"
"10","008","00","002","0208","0132","535","397","138","30","565","933","0","60.56","42.55"
"10","008","00","002","0209","0000","606","402","204","47","653","929","0","70.29","43.27"
"10","008","00","002","0209","0133","606","402","204","47","653","929","0","70.29","43.27"
"10","008","00","002","0210","0000","3962","2781","1181","234","4196","7458","0","56.26","37.29"
"10","008","00","002","0210","0090","706","497","209","24","730","1282","0","56.94","38.77"
"10","008","00","002","0210","0091","480","352","128","26","506","859","0","58.91","40.98"
"10","008","00","002","0210","0092","672","471","201","78","750","1288","0","58.23","36.57"
"10","008","00","002","0210","0093","731","507","224","35","766","1330","0","57.59","38.12"
"10","008","00","002","0210","0094","725","492","233","44","769","1416","0","54.31","34.75"
"10","008","00","002","0210","0095","648","462","186","27","675","1283","0","52.61","36.01"
"10","008","00","002","0211","0000","2022","1424","598","156","2178","3815","0","57.09","37.33"
"10","008","00","002","0211","0096","636","452","184","57","693","1151","0","60.21","39.27"
"10","008","00","002","0211","0097","605","427","178","30","635","1193","0","53.23","35.79"
"10","008","00","002","0211","0098","781","545","236","69","850","1471","0","57.78","37.05"
"10","008","00","002","0212","0000","472","323","149","61","533","1044","0","51.05","30.94"
"10","008","00","002","0212","0099","472","323","149","61","533","1044","0","51.05","30.94"
"10","008","00","002","0213","0000","624","434","190","43","667","1122","0","59.45","38.68"
"10","008","00","002","0213","0100","624","434","190","43","667","1122","0","59.45","38.68"
"10","008","00","002","0214","0000","775","589","186","33","808","1129","0","71.57","52.17"
"10","008","00","002","0214","0101","775","589","186","33","808","1129","0","71.57","52.17"
"10","008","00","002","0215","0000","568","398","170","25","593","1032","0","57.46","38.57"
"10","008","00","002","0215","0134","568","398","170","25","593","1032","0","57.46","38.57"
"10","008","00","002","0216","0000","149","113","36","8","157","315","0","49.84","35.87"
"10","008","00","002","0216","0135","149","113","36","8","157","315","0","49.84","35.87"
"10","008","00","002","0217","0000","667","446","221","65","732","1363","0","53.71","32.72"
"10","008","00","002","0217","0136","667","446","221","65","732","1363","0","53.71","32.72"
"10","008","00","002","0218","0000","835","597","238","35","870","1430","0","60.84","41.75"
"10","008","00","002","0218","0137","421","297","124","22","443","725","0","61.1","40.97"
"10","008","00","002","0218","0138","414","300","114","13","427","705","0","60.57","42.55"
"10","008","00","002","0219","0000","957","638","319","62","1019","1683","0","60.55","37.91"
"10","008","00","002","0219","0139","454","302","152","31","485","751","0","64.58","40.21"
"10","008","00","002","0219","0140","503","336","167","31","534","932","0","57.3","36.05"
"10","008","00","002","0220","0000","729","483","246","48","777","1332","0","58.33","36.26"
"10","008","00","002","0220","0141","527","340","187","36","563","956","0","58.89","35.56"
"10","008","00","002","0220","0142","202","143","59","12","214","376","0","56.91","38.03"
"10","008","00","002","0221","0000","377","260","117","30","407","682","0","59.68","38.12"
"10","008","00","002","0221","0143","377","260","117","30","407","682","0","59.68","38.12"
"10","008","00","002","0222","0000","604","516","88","42","646","990","0","65.25","52.12"
"10","008","00","002","0222","0144","604","516","88","42","646","990","0","65.25","52.12"
"10","008","00","002","0223","0000","599","361","238","53","652","1170","0","55.73","30.85"
"10","008","00","002","0223","0147","599","361","238","53","652","1170","0","55.73","30.85"
"10","008","00","002","0224","0000","346","241","105","15","361","604","0","59.77","39.9"
"10","008","00","002","0224","0148","346","241","105","15","361","604","0","59.77","39.9"
"10","008","00","002","0225","0000","514","367","147","38","552","999","0","55.26","36.74"
"10","008","00","002","0225","0149","514","367","147","38","552","999","0","55.26","36.74"
"10","008","00","002","0226","0000","1472","1023","449","70","1542","2791","0","55.25","36.65"
"10","008","00","002","0226","0150","453","315","138","17","470","923","0","50.92","34.13"
"10","008","00","002","0226","0151","509","357","152","28","537","887","0","60.54","40.25"
"10","008","00","002","0226","0152","510","351","159","25","535","981","0","54.54","35.78"
"10","008","00","002","0227","0000","911","602","309","62","973","1630","0","59.69","36.93"
"10","008","00","002","0227","0116","394","267","127","37","431","725","0","59.45","36.83"
"10","008","00","002","0227","0117","517","335","182","25","542","905","0","59.89","37.02"
"10","008","00","002","0228","0000","1296","943","353","116","1412","2588","0","54.56","36.44"
"10","008","00","002","0228","0118","597","417","180","50","647","1179","0","54.88","35.37"
"10","008","00","002","0228","0119","459","348","111","37","496","944","0","52.54","36.86"
"10","008","00","002","0228","0120","240","178","62","29","269","465","0","57.85","38.28"
"10","008","00","002","0229","0000","745","505","240","74","819","1622","0","50.49","31.13"
"10","008","00","002","0229","0145","609","418","191","62","671","1324","0","50.68","31.57"
"10","008","00","002","0229","0146","136","87","49","12","148","298","0","49.66","29.19"
"10","008","00","002","0230","0000","1930","1357","573","96","2026","3227","0","62.78","42.05"
"10","008","00","002","0230","0108","611","427","184","26","637","1045","0","60.96","40.86"
"10","008","00","002","0230","0109","660","458","202","36","696","1120","0","62.14","40.89"
"10","008","00","002","0230","0110","659","472","187","34","693","1062","0","65.25","44.44"
"10","008","00","002","0231","0000","1148","711","437","70","1218","2616","0","46.56","27.18"
"10","008","00","002","0231","0088","517","292","225","36","553","1201","0","46.04","24.31"
"10","008","00","002","0231","0089","631","419","212","34","665","1415","0","47.0","29.61"
"10","008","00","002","0232","0000","1734","1199","535","84","1818","3179","0","57.19","37.72"
"10","008","00","002","0232","0111","563","391","172","33","596","1022","0","58.32","38.26"
"10","008","00","002","0232","0112","574","391","183","24","598","1051","0","56.9","37.2"
"10","008","00","002","0232","0113","597","417","180","27","624","1106","0","56.42","37.7"
"10","008","00","002","0233","0000","1207","867","340","43","1250","2165","0","57.74","40.05"
"10","008","00","002","0233","0114","597","434","163","23","620","1098","0","56.47","39.53"
"10","008","00","002","0233","0115","610","433","177","20","630","1067","0","59.04","40.58"
"10","008","00","003","0000","0000","46022","31801","14221","2280","48302","82922","97223","58.25","38.35"
"10","008","00","003","0301","0000","1212","823","389","38","1250","2125","0","58.82","38.73"
"10","008","00","003","0301","0153","603","423","180","19","622","998","0","62.32","42.38"
"10","008","00","003","0301","0154","609","400","209","19","628","1127","0","55.72","35.49"
"10","008","00","003","0302","0000","1140","795","345","57","1197","2077","0","57.63","38.28"
"10","008","00","003","0302","0158","514","363","151","26","540","936","0","57.69","38.78"
"10","008","00","003","0302","0159","626","432","194","31","657","1141","0","57.58","37.86"
"10","008","00","003","0303","0000","690","476","214","20","710","1121","0","63.34","42.46"
"10","008","00","003","0303","0161","690","476","214","20","710","1121","0","63.34","42.46"
"10","008","00","003","0304","0000","3642","2569","1073","177","3819","6455","0","59.16","39.8"
"10","008","00","003","0304","0164","663","491","172","37","700","1267","0","55.25","38.75"
"10","008","00","003","0304","0165","677","479","198","44","721","1214","0","59.39","39.46"
"10","008","00","003","0304","0166","709","475","234","44","753","1259","0","59.81","37.73"
"10","008","00","003","0304","0167","856","600","256","23","879","1442","0","60.96","41.61"
"10","008","00","003","0304","0168","737","524","213","29","766","1273","0","60.17","41.16"
"10","008","00","003","0305","0000","4290","2972","1318","176","4466","7422","0","60.17","40.04"
"10","008","00","003","0305","0169","632","424","208","26","658","1145","0","57.47","37.03"
"10","008","00","003","0305","0170","700","501","199","25","725","1279","0","56.68","39.17"
"10","008","00","003","0305","0171","631","449","182","25","656","1158","0","56.65","38.77"
"10","008","00","003","0305","0172","849","593","256","31","880","1335","0","65.92","44.42"
"10","008","00","003","0305","0173","726","506","220","39","765","1178","0","64.94","42.95"
"10","008","00","003","0305","0174","752","499","253","30","782","1327","0","58.93","37.6"
"10","008","00","003","0306","0000","3512","2423","1089","163","3675","6403","0","57.39","37.84"
"10","008","00","003","0306","0208","790","550","240","45","835","1466","0","56.96","37.52"
"10","008","00","003","0306","0209","649","459","190","31","680","1180","0","57.63","38.9"
"10","008","00","003","0306","0210","590","398","192","20","610","1006","0","60.64","39.56"
"10","008","00","003","0306","0211","474","329","145","31","505","1000","0","50.5","32.9"
"10","008","00","003","0306","0212","666","459","207","27","693","1128","0","61.44","40.69"
"10","008","00","003","0306","0213","343","228","115","9","352","623","0","56.5","36.6"
"10","008","00","003","0307","0000","3007","2049","958","140","3147","6046","0","52.05","33.89"
"10","008","00","003","0307","0190","648","452","196","21","669","1395","0","47.96","32.4"
"10","008","00","003","0307","0191","657","452","205","25","682","1101","0","61.94","41.05"
"10","008","00","003","0307","0192","669","443","226","32","701","1297","0","54.05","34.16"
"10","008","00","003","0307","0193","389","262","127","25","414","877","0","47.21","29.87"
"10","008","00","003","0307","0194","644","440","204","37","681","1376","0","49.49","31.98"
"10","008","00","003","0308","0000","2335","1608","727","167","2502","4066","0","61.53","39.55"
"10","008","00","003","0308","0195","604","432","172","50","654","1008","0","64.88","42.86"
"10","008","00","003","0308","0196","638","442","196","39","677","1080","0","62.69","40.93"
"10","008","00","003","0308","0197","517","334","183","42","559","1017","0","54.97","32.84"
"10","008","00","003","0308","0198","576","400","176","36","612","961","0","63.68","41.62"
"10","008","00","003","0309","0000","2319","1623","696","91","2410","4392","0","54.87","36.95"
"10","008","00","003","0309","0181","520","343","177","27","547","1048","0","52.19","32.73"
"10","008","00","003","0309","0182","548","397","151","26","574","1009","0","56.89","39.35"
"10","008","00","003","0309","0183","604","429","175","15","619","1138","0","54.39","37.7"
"10","008","00","003","0309","0184","647","454","193","23","670","1197","0","55.97","37.93"
"10","008","00","003","0310","0000","1373","952","421","76","1449","2423","0","59.8","39.29"
"10","008","00","003","0310","0185","775","547","228","36","811","1364","0","59.46","40.1"
"10","008","00","003","0310","0186","598","405","193","40","638","1059","0","60.25","38.24"
"10","008","00","003","0311","0000","1620","1171","449","105","1725","2944","0","58.59","39.78"
"10","008","00","003","0311","0187","613","423","190","41","654","1108","0","59.03","38.18"
"10","008","00","003","0311","0188","481","357","124","24","505","879","0","57.45","40.61"
"10","008","00","003","0311","0189","526","391","135","40","566","957","0","59.14","40.86"
"10","008","00","003","0312","0000","1787","1263","524","64","1851","3143","0","58.89","40.18"
"10","008","00","003","0312","0178","596","430","166","28","624","1121","0","55.66","38.36"
"10","008","00","003","0312","0179","596","421","175","26","622","1043","0","59.64","40.36"
"10","008","00","003","0312","0180","595","412","183","10","605","979","0","61.8","42.08"
"10","008","00","003","0313","0000","1976","1342","634","105","2081","3524","0","59.05","38.08"
"10","008","00","003","0313","0199","666","455","211","47","713","1160","0","61.47","39.22"
"10","008","00","003","0313","0200","623","431","192","32","655","1121","0","58.43","38.45"
"10","008","00","003","0313","0201","687","456","231","26","713","1243","0","57.36","36.69"
"10","008","00","003","0314","0000","1656","1129","527","68","1724","2919","0","59.06","38.68"
"10","008","00","003","0314","0205","556","380","176","21","577","923","0","62.51","41.17"
"10","008","00","003","0314","0206","512","353","159","27","539","970","0","55.57","36.39"
"10","008","00","003","0314","0207","588","396","192","20","608","1026","0","59.26","38.6"
"10","008","00","003","0315","0000","760","555","205","42","802","1518","0","52.83","36.56"
"10","008","00","003","0315","0204","760","555","205","42","802","1518","0","52.83","36.56"
"10","008","00","003","0316","0000","1360","919","441","68","1428","2255","0","63.33","40.75"
"10","008","00","003","0316","0202","542","371","171","25","567","932","0","60.84","39.81"
"10","008","00","003","0316","0203","818","548","270","43","861","1323","0","65.08","41.42"
"10","008","00","003","0317","0000","1006","711","295","75","1081","1953","0","55.35","36.41"
"10","008","00","003","0317","0214","386","253","133","31","417","707","0","58.98","35.79"
"10","008","00","003","0317","0215","379","284","95","26","405","719","0","56.33","39.5"
"10","008","00","003","0317","0216","241","174","67","18","259","527","0","49.15","33.02"
"10","008","00","003","0318","0000","1177","799","378","70","1247","2052","0","60.77","38.94"
"10","008","00","003","0318","0217","666","440","226","42","708","1183","0","59.85","37.19"
"10","008","00","003","0318","0218","511","359","152","28","539","869","0","62.03","41.31"
"10","008","00","003","0319","0000","2214","1483","731","119","2333","4114","0","56.71","36.05"
"10","008","00","003","0319","0219","580","378","202","16","596","1132","0","52.65","33.39"
"10","008","00","003","0319","0220","518","361","157","50","568","949","0","59.85","38.04"
"10","008","00","003","0319","0221","564","379","185","21","585","965","0","60.62","39.27"
"10","008","00","003","0319","0222","552","365","187","32","584","1068","0","54.68","34.18"
"10","008","00","003","0320","0000","833","578","255","58","891","1659","0","53.71","34.84"
"10","008","00","003","0320","0224","332","236","96","20","352","642","0","54.83","36.76"
"10","008","00","003","0320","0225","501","342","159","38","539","1017","0","53.0","33.63"
"10","008","00","003","0321","0000","575","396","179","52","627","1024","0","61.23","38.67"
"10","008","00","003","0321","0223","575","396","179","52","627","1024","0","61.23","38.67"
"10","008","00","003","0322","0000","1234","843","391","95","1329","2276","0","58.39","37.04"
"10","008","00","003","0322","0227","615","426","189","47","662","1170","0","56.58","36.41"
"10","008","00","003","0322","0228","619","417","202","48","667","1106","0","60.31","37.7"
"10","008","00","003","0323","0000","600","418","182","28","628","1092","0","57.51","38.28"
"10","008","00","003","0323","0226","600","418","182","28","628","1092","0","57.51","38.28"
"10","008","00","003","0324","0000","425","294","131","18","443","705","0","62.84","41.7"
"10","008","00","003","0324","0160","425","294","131","18","443","705","0","62.84","41.7"
"10","008","00","003","0325","0000","1345","933","412","61","1406","2278","0","61.72","40.96"
"10","008","00","003","0325","0162","564","400","164","18","582","877","0","66.36","45.61"
"10","008","00","003","0325","0163","781","533","248","43","824","1401","0","58.82","38.04"
"10","008","00","003","0326","0000","2096","1367","729","88","2184","3796","0","57.53","36.01"
"10","008","00","003","0326","0155","772","452","320","14","786","1401","0","56.1","32.26"
"10","008","00","003","0326","0156","602","397","205","29","631","1110","0","56.85","35.77"
"10","008","00","003","0326","0157","722","518","204","45","767","1285","0","59.69","40.31"
"10","008","00","003","0327","0000","1838","1310","528","59","1897","3140","0","60.41","41.72"
"10","008","00","003","0327","0175","584","409","175","22","606","1000","0","60.6","40.9"
"10","008","00","003","0327","0176","702","495","207","21","723","1257","0","57.52","39.38"
"10","008","00","003","0327","0177","552","406","146","16","568","883","0","64.33","45.98"
"10","008","00","004","0000","0000","24545","17492","7053","1663","26208","47034","54689","55.72","37.19"
"10","008","00","004","0401","0000","1163","833","330","77","1240","2020","0","61.39","41.24"
"10","008","00","004","0401","0229","661","480","181","44","705","1170","0","60.26","41.03"
"10","008","00","004","0401","0230","502","353","149","33","535","850","0","62.94","41.53"
"10","008","00","004","0402","0000","318","210","108","25","343","621","0","55.23","33.82"
"10","008","00","004","0402","0231","318","210","108","25","343","621","0","55.23","33.82"
"10","008","00","004","0403","0000","2308","1640","668","177","2485","4505","0","55.16","36.4"
"10","008","00","004","0403","0232","484","338","146","22","506","905","0","55.91","37.35"
"10","008","00","004","0403","0233","515","363","152","41","556","1099","0","50.59","33.03"
"10","008","00","004","0403","0234","589","431","158","55","644","1214","0","53.05","35.5"
"10","008","00","004","0403","0235","720","508","212","59","779","1287","0","60.53","39.47"
"10","008","00","004","0404","0000","1915","1368","547","126","2041","3587","0","56.9","38.14"
"10","008","00","004","0404","0236","632","451","181","48","680","1191","0","57.09","37.87"
"10","008","00","004","0404","0237","580","432","148","57","637","1118","0","56.98","38.64"
"10","008","00","004","0404","0238","703","485","218","21","724","1278","0","56.65","37.95"
"10","008","00","004","0405","0000","960","663","297","54","1014","1715","0","59.13","38.66"
"10","008","00","004","0405","0270","456","315","141","34","490","793","0","61.79","39.72"
"10","008","00","004","0405","0271","504","348","156","20","524","922","0","56.83","37.74"
"10","008","00","004","0406","0000","652","475","177","39","691","1193","0","57.92","39.82"
"10","008","00","004","0406","0244","300","215","85","21","321","511","0","62.82","42.07"
"10","008","00","004","0406","0245","352","260","92","18","370","682","0","54.25","38.12"
"10","008","00","004","0407","0000","1936","1392","544","110","2046","3710","0","55.15","37.52"
"10","008","00","004","0407","0241","700","499","201","39","739","1308","0","56.5","38.15"
"10","008","00","004","0407","0242","699","508","191","32","731","1358","0","53.83","37.41"
"10","008","00","004","0407","0243","537","385","152","39","576","1044","0","55.17","36.88"
"10","008","00","004","0408","0000","489","333","156","23","512","989","0","51.77","33.67"
"10","008","00","004","0408","0246","489","333","156","23","512","989","0","51.77","33.67"
"10","008","00","004","0409","0000","723","523","200","53","776","1378","0","56.31","37.95"
"10","008","00","004","0409","0247","723","523","200","53","776","1378","0","56.31","37.95"
"10","008","00","004","0410","0000","414","310","104","16","430","875","0","49.14","35.43"
"10","008","00","004","0410","0272","181","135","46","16","197","366","0","53.83","36.89"
"10","008","00","004","0410","0273","233","175","58","0","233","509","0","45.78","34.38"
"10","008","00","004","0411","0000","1493","1082","411","87","1580","2882","0","54.82","37.54"
"10","008","00","004","0411","0260","720","530","190","47","767","1320","0","58.11","40.15"
"10","008","00","004","0411","0261","492","351","141","22","514","967","0","53.15","36.3"
"10","008","00","004","0411","0262","281","201","80","18","299","595","0","50.25","33.78"
"10","008","00","004","0412","0000","791","529","262","64","855","1729","0","49.45","30.6"
"10","008","00","004","0412","0258","416","288","128","18","434","908","0","47.8","31.72"
"10","008","00","004","0412","0259","375","241","134","46","421","821","0","51.28","29.35"
"10","008","00","004","0413","0000","425","290","135","52","477","859","0","55.53","33.76"
"10","008","00","004","0413","0263","425","290","135","52","477","859","0","55.53","33.76"
"10","008","00","004","0414","0000","2684","1974","710","157","2841","4873","0","58.3","40.51"
"10","008","00","004","0414","0251","760","531","229","50","810","1437","0","56.37","36.95"
"10","008","00","004","0414","0252","744","515","229","30","774","1286","0","60.19","40.05"
"10","008","00","004","0414","0253","614","537","77","44","658","1080","0","60.93","49.72"
"10","008","00","004","0414","0254","566","391","175","33","599","1070","0","55.98","36.54"
"10","008","00","004","0415","0000","954","689","265","62","1016","1845","0","55.07","37.34"
"10","008","00","004","0415","0264","611","442","169","35","646","1196","0","54.01","36.96"
"10","008","00","004","0415","0265","343","247","96","27","370","649","0","57.01","38.06"
"10","008","00","004","0416","0000","712","497","215","44","756","1341","0","56.38","37.06"
"10","008","00","004","0416","0266","712","497","215","44","756","1341","0","56.38","37.06"
"10","008","00","004","0417","0000","601","438","163","41","642","1222","0","52.54","35.84"
"10","008","00","004","0417","0267","601","438","163","41","642","1222","0","52.54","35.84"
"10","008","00","004","0418","0000","323","223","100","27","350","602","0","58.14","37.04"
"10","008","00","004","0418","0268","323","223","100","27","350","602","0","58.14","37.04"
"10","008","00","004","0419","0000","201","139","62","10","211","430","0","49.07","32.33"
"10","008","00","004","0419","0250","201","139","62","10","211","430","0","49.07","32.33"
"10","008","00","004","0420","0000","320","225","95","26","346","617","0","56.08","36.47"
"10","008","00","004","0420","0269","320","225","95","26","346","617","0","56.08","36.47"
"10","008","00","004","0421","0000","337","238","99","24","361","599","0","60.27","39.73"
"10","008","00","004","0421","0274","102","72","30","7","109","193","0","56.48","37.31"
"10","008","00","004","0421","0275","235","166","69","17","252","406","0","62.07","40.89"
"10","008","00","004","0422","0000","333","236","97","34","367","802","0","45.76","29.43"
"10","008","00","004","0422","0276","228","158","70","24","252","495","0","50.91","31.92"
"10","008","00","004","0422","0277","105","78","27","10","115","307","0","37.46","25.41"
"10","008","00","004","0423","0000","275","202","73","39","314","577","0","54.42","35.01"
"10","008","00","004","0423","0279","275","202","73","39","314","577","0","54.42","35.01"
"10","008","00","004","0424","0000","205","151","54","30","235","440","0","53.41","34.32"
"10","008","00","004","0424","0278","205","151","54","30","235","440","0","53.41","34.32"
"10","008","00","004","0425","0000","325","219","106","41","366","889","0","41.17","24.63"
"10","008","00","004","0425","0280","189","126","63","26","215","486","0","44.24","25.93"
"10","008","00","004","0425","0281","136","93","43","15","151","403","0","37.47","23.08"
"10","008","00","004","0426","0000","373","239","134","29","402","696","0","57.76","34.34"
"10","008","00","004","0426","0248","108","61","47","6","114","217","0","52.53","28.11"
"10","008","00","004","0426","0249","265","178","87","23","288","479","0","60.13","37.16"
"10","008","00","004","0427","0000","2075","1504","571","103","2178","3642","0","59.8","41.3"
"10","008","00","004","0427","0255","718","509","209","35","753","1295","0","58.15","39.31"
"10","008","00","004","0427","0256","576","429","147","27","603","1047","0","57.59","40.97"
"10","008","00","004","0427","0257","781","566","215","41","822","1300","0","63.23","43.54"
"10","008","00","004","0428","0000","1240","870","370","93","1333","2396","0","55.63","36.31"
"10","008","00","004","0428","0239","623","439","184","50","673","1153","0","58.37","38.07"
"10","008","00","004","0428","0240","617","431","186","43","660","1243","0","53.1","34.67"
"10","008","00","005","0000","0000","5234","3586","1648","355","5589","9611","10871","58.15","37.31"
"10","008","00","005","0501","0000","617","445","172","34","651","1070","0","60.84","41.59"
"10","008","00","005","0501","0282","617","445","172","34","651","1070","0","60.84","41.59"
"10","008","00","005","0502","0000","536","394","142","24","560","918","0","61.0","42.92"
"10","008","00","005","0502","0283","536","394","142","24","560","918","0","61.0","42.92"
"10","008","00","005","0503","0000","325","229","96","28","353","581","0","60.76","39.41"
"10","008","00","005","0503","0284","325","229","96","28","353","581","0","60.76","39.41"
"10","008","00","005","0504","0000","686","486","200","33","719","1194","0","60.22","40.7"
"10","008","00","005","0504","0285","686","486","200","33","719","1194","0","60.22","40.7"
"10","008","00","005","0505","0000","208","142","66","17","225","488","0","46.11","29.1"
"10","008","00","005","0505","0286","208","142","66","17","225","488","0","46.11","29.1"
"10","008","00","005","0506","0000","294","206","88","19","313","504","0","62.1","40.87"
"10","008","00","005","0506","0287","294","206","88","19","313","504","0","62.1","40.87"
"10","008","00","005","0507","0000","499","344","155","64","563","910","0","61.87","37.8"
"10","008","00","005","0507","0288","499","344","155","64","563","910","0","61.87","37.8"
"10","008","00","005","0508","0000","827","504","323","62","889","1482","0","59.99","34.01"
"10","008","00","005","0508","0289","444","247","197","42","486","773","0","62.87","31.95"
"10","008","00","005","0508","0290","383","257","126","20","403","709","0","56.84","36.25"
"10","008","00","005","0509","0000","526","352","174","27","553","960","0","57.6","36.67"
"10","008","00","005","0509","0291","526","352","174","27","553","960","0","57.6","36.67"
"10","008","00","005","0510","0000","260","183","77","13","273","582","0","46.91","31.44"
"10","008","00","005","0510","0294","260","183","77","13","273","582","0","46.91","31.44"
"10","008","00","005","0511","0000","456","301","155","34","490","922","0","53.15","32.65"
"10","008","00","005","0511","0292","259","173","86","18","277","503","0","55.07","34.39"
"10","008","00","005","0511","0293","197","128","69","16","213","419","0","50.84","30.55"
"10","008","00","006","0000","0000","18783","13206","5577","1352","20135","33408","38376","60.27","39.53"
"10","008","00","006","0601","0000","685","492","193","48","733","1050","0","69.81","46.86"
"10","008","00","006","0601","0295","685","492","193","48","733","1050","0","69.81","46.86"
"10","008","00","006","0602","0000","1987","1455","532","133","2120","3405","0","62.26","42.73"
"10","008","00","006","0602","0296","515","384","131","46","561","920","0","60.98","41.74"
"10","008","00","006","0602","0297","450","337","113","27","477","727","0","65.61","46.35"
"10","008","00","006","0602","0298","526","390","136","27","553","861","0","64.23","45.3"
"10","008","00","006","0602","0299","496","344","152","33","529","897","0","58.97","38.35"
"10","008","00","006","0603","0000","1264","874","390","66","1330","2239","0","59.4","39.04"
"10","008","00","006","0603","0300","611","427","184","37","648","1055","0","61.42","40.47"
"10","008","00","006","0603","0301","653","447","206","29","682","1184","0","57.6","37.75"
"10","008","00","006","0604","0000","869","620","249","65","934","1564","0","59.72","39.64"
"10","008","00","006","0604","0302","412","285","127","34","446","783","0","56.96","36.4"
"10","008","00","006","0604","0303","457","335","122","31","488","781","0","62.48","42.89"
"10","008","00","006","0605","0000","503","359","144","68","571","1015","0","56.26","35.37"
"10","008","00","006","0605","0305","503","359","144","68","571","1015","0","56.26","35.37"
"10","008","00","006","0606","0000","532","396","136","28","560","977","0","57.32","40.53"
"10","008","00","006","0606","0304","532","396","136","28","560","977","0","57.32","40.53"
"10","008","00","006","0607","0000","2407","1713","694","121","2528","4234","0","59.71","40.46"
"10","008","00","006","0607","0306","531","376","155","29","560","914","0","61.27","41.14"
"10","008","00","006","0607","0307","571","392","179","20","591","1028","0","57.49","38.13"
"10","008","00","006","0607","0308","592","427","165","29","621","1018","0","61.0","41.94"
"10","008","00","006","0607","0309","713","518","195","43","756","1274","0","59.34","40.66"
"10","008","00","006","0608","0000","973","682","291","75","1048","1650","0","63.52","41.33"
"10","008","00","006","0608","0310","425","302","123","31","456","755","0","60.4","40.0"
"10","008","00","006","0608","0311","548","380","168","44","592","895","0","66.15","42.46"
"10","008","00","006","0609","0000","505","349","156","49","554","951","0","58.25","36.7"
"10","008","00","006","0609","0313","505","349","156","49","554","951","0","58.25","36.7"
"10","008","00","006","0610","0000","678","489","189","48","726","1261","0","57.57","38.78"
"10","008","00","006","0610","0314","678","489","189","48","726","1261","0","57.57","38.78"
"10","008","00","006","0611","0000","1042","739","303","76","1118","1829","0","61.13","40.4"
"10","008","00","006","0611","0316","547","387","160","36","583","962","0","60.6","40.23"
"10","008","00","006","0611","0317","495","352","143","40","535","867","0","61.71","40.6"
"10","008","00","006","0612","0000","521","352","169","46","567","930","0","60.97","37.85"
"10","008","00","006","0612","0318","521","352","169","46","567","930","0","60.97","37.85"
"10","008","00","006","0613","0000","415","281","134","30","445","768","0","57.94","36.59"
"10","008","00","006","0613","0315","415","281","134","30","445","768","0","57.94","36.59"
"10","008","00","006","0614","0000","513","351","162","47","560","931","0","60.15","37.7"
"10","008","00","006","0614","0321","513","351","162","47","560","931","0","60.15","37.7"
"10","008","00","006","0615","0000","605","437","168","68","673","1171","0","57.47","37.32"
"10","008","00","006","0615","0319","336","241","95","53","389","641","0","60.69","37.6"
"10","008","00","006","0615","0320","269","196","73","15","284","530","0","53.58","36.98"
"10","008","00","006","0616","0000","904","631","273","64","968","1570","0","61.66","40.19"
"10","008","00","006","0616","0322","629","447","182","43","672","1127","0","59.63","39.66"
"10","008","00","006","0616","0323","275","184","91","21","296","443","0","66.82","41.53"
"10","008","00","006","0617","0000","864","619","245","64","928","1491","0","62.24","41.52"
"10","008","00","006","0617","0324","494","362","132","41","535","870","0","61.49","41.61"
"10","008","00","006","0617","0325","370","257","113","23","393","621","0","63.29","41.38"
"10","008","00","006","0618","0000","609","442","167","36","645","1179","0","54.71","37.49"
"10","008","00","006","0618","0326","609","442","167","36","645","1179","0","54.71","37.49"
"10","008","00","006","0619","0000","556","398","158","40","596","876","0","68.04","45.43"
"10","008","00","006","0619","0328","556","398","158","40","596","876","0","68.04","45.43"
"10","008","00","006","0620","0000","513","369","144","46","559","881","0","63.45","41.88"
"10","008","00","006","0620","0327","513","369","144","46","559","881","0","63.45","41.88"
"10","008","00","006","0621","0000","435","329","106","41","476","783","0","60.79","42.02"
"10","008","00","006","0621","0329","435","329","106","41","476","783","0","60.79","42.02"
"10","008","00","006","0622","0000","897","443","454","69","966","1761","0","54.86","25.16"
"10","008","00","006","0622","0330","389","288","101","36","425","778","0","54.63","37.02"
"10","008","00","006","0622","0331","508","155","353","33","541","983","0","55.04","15.77"
"10","008","00","006","0623","0000","506","386","120","24","530","892","0","59.42","43.27"
"10","008","00","006","0623","0312","506","386","120","24","530","892","0","59.42","43.27"
"10","008","00","007","0000","0000","8023","5692","2331","595","8618","15941","17698","54.06","35.71"
"10","008","00","007","0701","0000","966","717","249","60","1026","1874","0","54.75","38.26"
"10","008","00","007","0701","0332","457","355","102","29","486","934","0","52.03","38.01"
"10","008","00","007","0701","0333","509","362","147","31","540","940","0","57.45","38.51"
"10","008","00","007","0702","0000","673","478","195","41","714","1430","0","49.93","33.43"
"10","008","00","007","0702","0348","354","252","102","22","376","713","0","52.73","35.34"
"10","008","00","007","0702","0349","319","226","93","19","338","717","0","47.14","31.52"
"10","008","00","007","0703","0000","639","427","212","34","673","1303","0","51.65","32.77"
"10","008","00","007","0703","0334","435","293","142","22","457","852","0","53.64","34.39"
"10","008","00","007","0703","0335","204","134","70","12","216","451","0","47.89","29.71"
"10","008","00","007","0704","0000","1135","822","313","74","1209","1952","0","61.94","42.11"
"10","008","00","007","0704","0336","468","347","121","28","496","810","0","61.23","42.84"
"10","008","00","007","0704","0337","667","475","192","46","713","1142","0","62.43","41.59"
"10","008","00","007","0705","0000","523","369","154","52","575","1045","0","55.02","35.31"
"10","008","00","007","0705","0342","267","188","79","29","296","578","0","51.21","32.53"
"10","008","00","007","0705","0343","256","181","75","23","279","467","0","59.74","38.76"
"10","008","00","007","0706","0000","751","555","196","67","818","1507","0","54.28","36.83"
"10","008","00","007","0706","0345","357","257","100","28","385","740","0","52.03","34.73"
"10","008","00","007","0706","0346","394","298","96","39","433","767","0","56.45","38.85"
"10","008","00","007","0707","0000","486","337","149","45","531","909","0","58.42","37.07"
"10","008","00","007","0707","0347","486","337","149","45","531","909","0","58.42","37.07"
"10","008","00","007","0708","0000","316","249","67","30","346","622","0","55.63","40.03"
"10","008","00","007","0708","0344","316","249","67","30","346","622","0","55.63","40.03"
"10","008","00","007","0709","0000","681","445","236","57","738","1392","0","53.02","31.97"
"10","008","00","007","0709","0340","426","269","157","34","460","811","0","56.72","33.17"
"10","008","00","007","0709","0341","255","176","79","23","278","581","0","47.85","30.29"
"10","008","00","007","0710","0000","835","608","227","57","892","1650","0","54.06","36.85"
"10","008","00","007","0710","0338","353","250","103","21","374","766","0","48.83","32.64"
"10","008","00","007","0710","0339","482","358","124","36","518","884","0","58.6","40.5"
"10","008","00","007","0711","0000","375","264","111","31","406","794","0","51.13","33.25"
"10","008","00","007","0711","0350","375","264","111","31","406","794","0","51.13","33.25"
"10","008","00","007","0712","0000","349","223","126","21","370","726","0","50.96","30.72"
"10","008","00","007","0712","0351","349","223","126","21","370","726","0","50.96","30.72"
"10","008","00","007","0713","0000","294","198","96","26","320","737","0","43.42","26.87"
"10","008","00","007","0713","0352","294","198","96","26","320","737","0","43.42","26.87"
"10","008","00","008","0000","0000","7070","5044","2026","587","7657","13181","14734","58.09","38.27"
"10","008","00","008","0801","0000","472","333","139","37","509","822","0","61.92","40.51"
"10","008","00","008","0801","0353","472","333","139","37","509","822","0","61.92","40.51"
"10","008","00","008","0802","0000","228","170","58","21","249","474","0","52.53","35.86"
"10","008","00","008","0802","0354","146","109","37","9","155","253","0","61.26","43.08"
"10","008","00","008","0802","0355","82","61","21","12","94","221","0","42.53","27.6"
"10","008","00","008","0803","0000","367","256","111","26","393","780","0","50.38","32.82"
"10","008","00","008","0803","0356","149","108","41","7","156","353","0","44.19","30.59"
"10","008","00","008","0803","0357","218","148","70","19","237","427","0","55.5","34.66"
"10","008","00","008","0804","0000","375","284","91","29","404","661","0","61.12","42.97"
"10","008","00","008","0804","0360","375","284","91","29","404","661","0","61.12","42.97"
"10","008","00","008","0805","0000","355","251","104","36","391","713","0","54.84","35.2"
"10","008","00","008","0805","0358","213","153","60","17","230","406","0","56.65","37.68"
"10","008","00","008","0805","0359","142","98","44","19","161","307","0","52.44","31.92"
"10","008","00","008","0806","0000","963","654","309","67","1030","1727","0","59.64","37.87"
"10","008","00","008","0806","0362","535","348","187","39","574","973","0","58.99","35.77"
"10","008","00","008","0806","0363","428","306","122","28","456","754","0","60.48","40.58"
"10","008","00","008","0807","0000","179","137","42","14","193","290","0","66.55","47.24"
"10","008","00","008","0807","0361","179","137","42","14","193","290","0","66.55","47.24"
"10","008","00","008","0808","0000","343","240","103","26","369","662","0","55.74","36.25"
"10","008","00","008","0808","0364","343","240","103","26","369","662","0","55.74","36.25"
"10","008","00","008","0809","0000","239","186","53","13","252","490","0","51.43","37.96"
"10","008","00","008","0809","0365","239","186","53","13","252","490","0","51.43","37.96"
"10","008","00","008","0810","0000","698","498","200","54","752","1325","0","56.75","37.58"
"10","008","00","008","0810","0366","161","111","50","15","176","335","0","52.54","33.13"
"10","008","00","008","0810","0367","537","387","150","39","576","990","0","58.18","39.09"
"10","008","00","008","0811","0000","642","456","186","35","677","1075","0","62.98","42.42"
"10","008","00","008","0811","0368","275","214","61","21","296","461","0","64.21","46.42"
"10","008","00","008","0811","0369","367","242","125","14","381","614","0","62.05","39.41"
"10","008","00","008","0812","0000","458","320","138","56","514","895","0","57.43","35.75"
"10","008","00","008","0812","0370","458","320","138","56","514","895","0","57.43","35.75"
"10","008","00","008","0813","0000","348","234","114","57","405","682","0","59.38","34.31"
"10","008","00","008","0813","0372","348","234","114","57","405","682","0","59.38","34.31"
"10","008","00","008","0814","0000","355","262","93","41","396","643","0","61.59","40.75"
"10","008","00","008","0814","0374","355","262","93","41","396","643","0","61.59","40.75"
"10","008","00","008","0815","0000","255","179","76","13","268","528","0","50.76","33.9"
"10","008","00","008","0815","0376","255","179","76","13","268","528","0","50.76","33.9"
"10","008","00","008","0816","0000","253","190","63","14","267","465","0","57.42","40.86"
"10","008","00","008","0816","0371","253","190","63","14","267","465","0","57.42","40.86"
"10","008","00","008","0817","0000","268","201","67","17","285","459","0","62.09","43.79"
"10","008","00","008","0817","0375","268","201","67","17","285","459","0","62.09","43.79"
"10","008","00","008","0818","0000","272","193","79","31","303","490","0","61.84","39.39"
"10","008","00","008","0818","0373","272","193","79","31","303","490","0","61.84","39.39"
"10","008","00","009","0000","0000","7117","4991","2126","511","7628","13958","15823","54.65","35.76"
"10","008","00","009","0901","0000","838","589","249","59","897","1580","0","56.77","37.28"
"10","008","00","009","0901","0379","360","239","121","27","387","720","0","53.75","33.19"
"10","008","00","009","0901","0380","478","350","128","32","510","860","0","59.3","40.7"
"10","008","00","009","0902","0000","1090","739","351","89","1179","2020","0","58.37","36.58"
"10","008","00","009","0902","0377","500","341","159","31","531","922","0","57.59","36.98"
"10","008","00","009","0902","0378","590","398","192","58","648","1098","0","59.02","36.25"
"10","008","00","009","0903","0000","465","315","150","35","500","1017","0","49.16","30.97"
"10","008","00","009","0903","0394","258","179","79","18","276","578","0","47.75","30.97"
"10","008","00","009","0903","0395","207","136","71","17","224","439","0","51.03","30.98"
"10","008","00","009","0904","0000","713","493","220","47","760","1386","0","54.83","35.57"
"10","008","00","009","0904","0387","416","298","118","20","436","841","0","51.84","35.43"
"10","008","00","009","0904","0388","153","99","54","17","170","270","0","62.96","36.67"
"10","008","00","009","0904","0389","144","96","48","10","154","275","0","56.0","34.91"
"10","008","00","009","0905","0000","519","366","153","37","556","1088","0","51.1","33.64"
"10","008","00","009","0905","0381","235","169","66","29","264","514","0","51.36","32.88"
"10","008","00","009","0905","0382","284","197","87","8","292","574","0","50.87","34.32"
"10","008","00","009","0906","0000","634","444","190","42","676","1249","0","54.12","35.55"
"10","008","00","009","0906","0383","634","444","190","42","676","1249","0","54.12","35.55"
"10","008","00","009","0907","0000","539","369","170","36","575","992","0","57.96","37.2"
"10","008","00","009","0907","0384","186","136","50","8","194","293","0","66.21","46.42"
"10","008","00","009","0907","0385","259","176","83","19","278","513","0","54.19","34.31"
"10","008","00","009","0907","0386","94","57","37","9","103","186","0","55.38","30.65"
"10","008","00","009","0908","0000","302","211","91","22","324","674","0","48.07","31.31"
"10","008","00","009","0908","0390","123","89","34","8","131","282","0","46.45","31.56"
"10","008","00","009","0908","0391","179","122","57","14","193","392","0","49.23","31.12"
"10","008","00","009","0909","0000","372","277","95","30","402","732","0","54.92","37.84"
"10","008","00","009","0909","0392","280","206","74","25","305","556","0","54.86","37.05"
"10","008","00","009","0909","0393","92","71","21","5","97","176","0","55.11","40.34"
"10","008","00","009","0910","0000","472","342","130","27","499","844","0","59.12","40.52"
"10","008","00","009","0910","0396","472","342","130","27","499","844","0","59.12","40.52"
"10","008","00","009","0911","0000","469","343","126","28","497","942","0","52.76","36.41"
"10","008","00","009","0911","0398","180","134","46","11","191","405","0","47.16","33.09"
"10","008","00","009","0911","0399","289","209","80","17","306","537","0","56.98","38.92"
"10","008","00","009","0912","0000","256","201","55","32","288","566","0","50.88","35.51"
"10","008","00","009","0912","0400","163","124","39","21","184","335","0","54.93","37.01"
"10","008","00","009","0912","0401","93","77","16","11","104","231","0","45.02","33.33"
"10","008","00","009","0913","0000","448","302","146","27","475","868","0","54.72","34.79"
"10","008","00","009","0913","0397","448","302","146","27","475","868","0","54.72","34.79"
"10","008","00","010","0000","0000","8764","6299","2465","612","9376","16597","18699","56.49","37.95"
"10","008","00","010","1001","0000","952","697","255","64","1016","1700","0","59.76","41.0"
"10","008","00","010","1001","0402","554","402","152","47","601","964","0","62.34","41.7"
"10","008","00","010","1001","0403","398","295","103","17","415","736","0","56.39","40.08"
"10","008","00","010","1002","0000","961","683","278","60","1021","1765","0","57.85","38.7"
"10","008","00","010","1002","0404","429","325","104","43","472","801","0","58.93","40.57"
"10","008","00","010","1002","0405","532","358","174","17","549","964","0","56.95","37.14"
"10","008","00","010","1003","0000","356","247","109","31","387","686","0","56.41","36.01"
"10","008","00","010","1003","0406","356","247","109","31","387","686","0","56.41","36.01"
"10","008","00","010","1004","0000","946","687","259","50","996","1880","0","52.98","36.54"
"10","008","00","010","1004","0411","538","400","138","38","576","1012","0","56.92","39.53"
"10","008","00","010","1004","0412","408","287","121","12","420","868","0","48.39","33.06"
"10","008","00","010","1005","0000","698","508","190","46","744","1391","0","53.49","36.52"
"10","008","00","010","1005","0407","335","244","91","27","362","661","0","54.77","36.91"
"10","008","00","010","1005","0408","363","264","99","19","382","730","0","52.33","36.16"
"10","008","00","010","1006","0000","405","281","124","19","424","706","0","60.06","39.8"
"10","008","00","010","1006","0410","405","281","124","19","424","706","0","60.06","39.8"
"10","008","00","010","1007","0000","1026","766","260","73","1099","1855","0","59.25","41.29"
"10","008","00","010","1007","0413","535","419","116","26","561","918","0","61.11","45.64"
"10","008","00","010","1007","0414","491","347","144","47","538","937","0","57.42","37.03"
"10","008","00","010","1008","0000","412","290","122","38","450","815","0","55.21","35.58"
"10","008","00","010","1008","0415","412","290","122","38","450","815","0","55.21","35.58"
"10","008","00","010","1009","0000","645","453","192","40","685","1134","0","60.41","39.95"
"10","008","00","010","1009","0416","645","453","192","40","685","1134","0","60.41","39.95"
"10","008","00","010","1010","0000","796","568","228","63","859","1543","0","55.67","36.81"
"10","008","00","010","1010","0418","584","418","166","38","622","1095","0","56.8","38.17"
"10","008","00","010","1010","0419","212","150","62","25","237","448","0","52.9","33.48"
"10","008","00","010","1011","0000","807","603","204","65","872","1634","0","53.37","36.9"
"10","008","00","010","1011","0420","534","402","132","39","573","1064","0","53.85","37.78"
"10","008","00","010","1011","0421","273","201","72","26","299","570","0","52.46","35.26"
"10","008","00","010","1012","0000","367","250","117","20","387","714","0","54.2","35.01"
"10","008","00","010","1012","0417","367","250","117","20","387","714","0","54.2","35.01"
"10","008","00","010","1013","0000","393","266","127","43","436","774","0","56.33","34.37"
"10","008","00","010","1013","0409","393","266","127","43","436","774","0","56.33","34.37"
"10","008","00","011","0000","0000","8114","5746","2368","538","8652","15458","17582","55.97","37.17"
"10","008","00","011","1101","0000","407","294","113","16","423","757","0","55.88","38.84"
"10","008","00","011","1101","0422","407","294","113","16","423","757","0","55.88","38.84"
"10","008","00","011","1102","0000","278","202","76","14","292","480","0","60.83","42.08"
"10","008","00","011","1102","0427","278","202","76","14","292","480","0","60.83","42.08"
"10","008","00","011","1103","0000","819","562","257","74","893","1553","0","57.5","36.19"
"10","008","00","011","1103","0423","282","203","79","32","314","554","0","56.68","36.64"
"10","008","00","011","1103","0424","537","359","178","42","579","999","0","57.96","35.94"
"10","008","00","011","1104","0000","328","252","76","12","340","616","0","55.19","40.91"
"10","008","00","011","1104","0425","328","252","76","12","340","616","0","55.19","40.91"
"10","008","00","011","1105","0000","502","373","129","27","529","875","0","60.46","42.63"
"10","008","00","011","1105","0426","502","373","129","27","529","875","0","60.46","42.63"
"10","008","00","011","1106","0000","571","399","172","20","591","1004","0","58.86","39.74"
"10","008","00","011","1106","0430","571","399","172","20","591","1004","0","58.86","39.74"
"10","008","00","011","1107","0000","599","417","182","40","639","998","0","64.03","41.78"
"10","008","00","011","1107","0433","599","417","182","40","639","998","0","64.03","41.78"
"10","008","00","011","1108","0000","745","517","228","64","809","1389","0","58.24","37.22"
"10","008","00","011","1108","0434","397","266","131","45","442","800","0","55.25","33.25"
"10","008","00","011","1108","0435","348","251","97","19","367","589","0","62.31","42.61"
"10","008","00","011","1109","0000","603","438","165","35","638","1217","0","52.42","35.99"
"10","008","00","011","1109","0437","603","438","165","35","638","1217","0","52.42","35.99"
"10","008","00","011","1110","0000","224","172","52","24","248","450","0","55.11","38.22"
"10","008","00","011","1110","0428","224","172","52","24","248","450","0","55.11","38.22"
"10","008","00","011","1111","0000","319","217","102","37","356","643","0","55.37","33.75"
"10","008","00","011","1111","0429","319","217","102","37","356","643","0","55.37","33.75"
"10","008","00","011","1112","0000","75","57","18","4","79","205","0","38.54","27.8"
"10","008","00","011","1112","0438","75","57","18","4","79","205","0","38.54","27.8"
"10","008","00","011","1113","0000","193","137","56","16","209","330","0","63.33","41.52"
"10","008","00","011","1113","0439","193","137","56","16","209","330","0","63.33","41.52"
"10","008","00","011","1114","0000","549","395","154","29","578","1100","0","52.55","35.91"
"10","008","00","011","1114","0440","549","395","154","29","578","1100","0","52.55","35.91"
"10","008","00","011","1115","0000","427","320","107","41","468","887","0","52.76","36.08"
"10","008","00","011","1115","0436","427","320","107","41","468","887","0","52.76","36.08"
"10","008","00","011","1116","0000","131","81","50","5","136","318","0","42.77","25.47"
"10","008","00","011","1116","0442","131","81","50","5","136","318","0","42.77","25.47"
"10","008","00","011","1117","0000","405","297","108","41","446","818","0","54.52","36.31"
"10","008","00","011","1117","0443","405","297","108","41","446","818","0","54.52","36.31"
"10","008","00","011","1118","0000","97","71","26","7","104","275","0","37.82","25.82"
"10","008","00","011","1118","0441","97","71","26","7","104","275","0","37.82","25.82"
"10","008","00","011","1119","0000","842","545","297","32","874","1543","0","56.64","35.32"
"10","008","00","011","1119","0431","381","264","117","22","403","741","0","54.39","35.63"
"10","008","00","011","1119","0432","461","281","180","10","471","802","0","58.73","35.04"
"10","008","00","012","0000","0000","7983","6243","1740","491","8474","13299","16281","63.72","46.94"
"10","008","00","012","1201","0000","697","561","136","70","767","1203","0","63.76","46.63"
"10","008","00","012","1201","0459","573","468","105","64","637","929","0","68.57","50.38"
"10","008","00","012","1201","0460","124","93","31","6","130","274","0","47.45","33.94"
"10","008","00","012","1202","0000","590","480","110","43","633","900","0","70.33","53.33"
"10","008","00","012","1202","0461","590","480","110","43","633","900","0","70.33","53.33"
"10","008","00","012","1203","0000","368","263","105","24","392","560","0","70.0","46.96"
"10","008","00","012","1203","0463","368","263","105","24","392","560","0","70.0","46.96"
"10","008","00","012","1204","0000","809","618","191","47","856","1530","0","55.95","40.39"
"10","008","00","012","1204","0444","647","493","154","33","680","1201","0","56.62","41.05"
"10","008","00","012","1204","0445","162","125","37","14","176","329","0","53.5","37.99"
"10","008","00","012","1205","0000","261","171","90","12","273","516","0","52.91","33.14"
"10","008","00","012","1205","0446","261","171","90","12","273","516","0","52.91","33.14"
"10","008","00","012","1206","0000","347","246","101","22","369","745","0","49.53","33.02"
"10","008","00","012","1206","0447","183","124","59","17","200","424","0","47.17","29.25"
"10","008","00","012","1206","0448","164","122","42","5","169","321","0","52.65","38.01"
"10","008","00","012","1207","0000","884","740","144","29","913","1376","0","66.35","53.78"
"10","008","00","012","1207","0451","884","740","144","29","913","1376","0","66.35","53.78"
"10","008","00","012","1208","0000","980","771","209","49","1029","1509","0","68.19","51.09"
"10","008","00","012","1208","0452","609","482","127","20","629","979","0","64.25","49.23"
"10","008","00","012","1208","0453","371","289","82","29","400","530","0","75.47","54.53"
"10","008","00","012","1209","0000","733","552","181","37","770","1425","0","54.04","38.74"
"10","008","00","012","1209","0454","485","362","123","28","513","961","0","53.38","37.67"
"10","008","00","012","1209","0455","248","190","58","9","257","464","0","55.39","40.95"
"10","008","00","012","1210","0000","367","251","116","30","397","666","0","59.61","37.69"
"10","008","00","012","1210","0456","286","194","92","22","308","517","0","59.57","37.52"
"10","008","00","012","1210","0457","81","57","24","8","89","149","0","59.73","38.26"
"10","008","00","012","1211","0000","732","620","112","32","764","1020","0","74.9","60.78"
"10","008","00","012","1211","0458","732","620","112","32","764","1020","0","74.9","60.78"
"10","008","00","012","1212","0000","412","307","105","39","451","617","0","73.1","49.76"
"10","008","00","012","1212","0462","412","307","105","39","451","617","0","73.1","49.76"
"10","008","00","012","1213","0000","402","342","60","27","429","584","0","73.46","58.56"
"10","008","00","012","1213","0450","402","342","60","27","429","584","0","73.46","58.56"
"10","008","00","012","1214","0000","401","321","80","30","431","648","0","66.51","49.54"
"10","008","00","012","1214","0449","401","321","80","30","431","648","0","66.51","49.54"
"10","008","00","013","0000","0000","6974","5232","1742","291","7265","12589","15954","57.71","41.56"
"10","008","00","013","1301","0000","364","260","104","8","372","763","0","48.75","34.08"
"10","008","00","013","1301","0484","364","260","104","8","372","763","0","48.75","34.08"
"10","008","00","013","1302","0000","539","426","113","35","574","889","0","64.57","47.92"
"10","008","00","013","1302","0485","539","426","113","35","574","889","0","64.57","47.92"
"10","008","00","013","1303","0000","686","534","152","26","712","1119","0","63.63","47.72"
"10","008","00","013","1303","0486","422","343","79","18","440","672","0","65.48","51.04"
"10","008","00","013","1303","0487","264","191","73","8","272","447","0","60.85","42.73"
"10","008","00","013","1304","0000","293","231","62","10","303","409","0","74.08","56.48"
"10","008","00","013","1304","0488","293","231","62","10","303","409","0","74.08","56.48"
"10","008","00","013","1305","0000","373","286","87","17","390","509","0","76.62","56.19"
"10","008","00","013","1305","0477","373","286","87","17","390","509","0","76.62","56.19"
"10","008","00","013","1306","0000","449","361","88","28","477","769","0","62.03","46.94"
"10","008","00","013","1306","0474","227","182","45","21","248","384","0","64.58","47.4"
"10","008","00","013","1306","0475","61","48","13","1","62","121","0","51.24","39.67"
"10","008","00","013","1306","0476","161","131","30","6","167","264","0","63.26","49.62"
"10","008","00","013","1307","0000","325","253","72","8","333","597","0","55.78","42.38"
"10","008","00","013","1307","0473","325","253","72","8","333","597","0","55.78","42.38"
"10","008","00","013","1308","0000","541","377","164","19","560","1151","0","48.65","32.75"
"10","008","00","013","1308","0480","283","203","80","10","293","613","0","47.8","33.12"
"10","008","00","013","1308","0481","185","122","63","5","190","404","0","47.03","30.2"
"10","008","00","013","1308","0482","73","52","21","4","77","134","0","57.46","38.81"
"10","008","00","013","1309","0000","875","617","258","45","920","1665","0","55.26","37.06"
"10","008","00","013","1309","0466","425","294","131","14","439","900","0","48.78","32.67"
"10","008","00","013","1309","0467","280","196","84","18","298","460","0","64.78","42.61"
"10","008","00","013","1309","0468","170","127","43","13","183","305","0","60.0","41.64"
"10","008","00","013","1310","0000","712","502","210","24","736","1269","0","58.0","39.56"
"10","008","00","013","1310","0464","572","409","163","14","586","973","0","60.23","42.03"
"10","008","00","013","1310","0465","140","93","47","10","150","296","0","50.68","31.42"
"10","008","00","013","1311","0000","449","344","105","11","460","952","0","48.32","36.13"
"10","008","00","013","1311","0470","449","344","105","11","460","952","0","48.32","36.13"
"10","008","00","013","1312","0000","326","255","71","6","332","679","0","48.9","37.56"
"10","008","00","013","1312","0471","326","255","71","6","332","679","0","48.9","37.56"
"10","008","00","013","1313","0000","393","287","106","20","413","630","0","65.56","45.56"
"10","008","00","013","1313","0483","393","287","106","20","413","630","0","65.56","45.56"
"10","008","00","013","1314","0000","18","17","1","2","20","58","0","34.48","29.31"
"10","008","00","013","1314","0469","18","17","1","2","20","58","0","34.48","29.31"
"10","008","00","013","1315","0000","280","212","68","14","294","507","0","57.99","41.81"
"10","008","00","013","1315","0478","193","147","46","14","207","338","0","61.24","43.49"
"10","008","00","013","1315","0479","87","65","22","0","87","169","0","51.48","38.46"
"10","008","00","013","1316","0000","351","270","81","18","369","623","0","59.23","43.34"
"10","008","00","013","1316","0472","351","270","81","18","369","623","0","59.23","43.34"
"10","009","00","000","0000","0000","284485","196214","88271","20234","304719","584480","687195","52.14","33.57"
"10","009","00","001","0000","0000","49588","33938","15650","2140","51728","89761","108487","57.63","37.81"
"10","009","00","001","0101","0000","822","572","250","51","873","1415","0","61.7","40.42"
"10","009","00","001","0101","0431","822","572","250","51","873","1415","0","61.7","40.42"
"10","009","00","001","0102","0000","649","452","197","28","677","1101","0","61.49","41.05"
"10","009","00","001","0102","0432","649","452","197","28","677","1101","0","61.49","41.05"
"10","009","00","001","0103","0000","337","204","133","18","355","644","0","55.12","31.68"
"10","009","00","001","0103","0411","337","204","133","18","355","644","0","55.12","31.68"
"10","009","00","001","0104","0000","329","219","110","20","349","617","0","56.56","35.49"
"10","009","00","001","0104","0412","329","219","110","20","349","617","0","56.56","35.49"
"10","009","00","001","0105","0000","471","303","168","33","504","764","0","65.97","39.66"
"10","009","00","001","0105","0413","471","303","168","33","504","764","0","65.97","39.66"
"10","009","00","001","0106","0000","473","324","149","20","493","784","0","62.88","41.33"
"10","009","00","001","0106","0414","473","324","149","20","493","784","0","62.88","41.33"
"10","009","00","001","0107","0000","406","275","131","22","428","760","0","56.32","36.18"
"10","009","00","001","0107","0415","406","275","131","22","428","760","0","56.32","36.18"
"10","009","00","001","0108","0000","2640","1842","798","99","2739","4634","0","59.11","39.75"
"10","009","00","001","0108","0422","846","596","250","27","873","1529","0","57.1","38.98"
"10","009","00","001","0108","0423","761","554","207","27","788","1335","0","59.03","41.5"
"10","009","00","001","0108","0424","1033","692","341","45","1078","1770","0","60.9","39.1"
"10","009","00","001","0109","0000","1696","1179","517","60","1756","3236","0","54.26","36.43"
"10","009","00","001","0109","0433","890","602","288","30","920","1648","0","55.83","36.53"
"10","009","00","001","0109","0434","806","577","229","30","836","1588","0","52.64","36.34"
"10","009","00","001","0110","0000","1618","1137","481","54","1672","2765","0","60.47","41.12"
"10","009","00","001","0110","0427","669","476","193","26","695","1193","0","58.26","39.9"
"10","009","00","001","0110","0428","949","661","288","28","977","1572","0","62.15","42.05"
"10","009","00","001","0111","0000","1023","672","351","48","1071","1747","0","61.31","38.47"
"10","009","00","001","0111","0449","1023","672","351","48","1071","1747","0","61.31","38.47"
"10","009","00","001","0112","0000","1926","1309","617","66","1992","3513","0","56.7","37.26"
"10","009","00","001","0112","0444","597","397","200","17","614","1097","0","55.97","36.19"
"10","009","00","001","0112","0445","719","503","216","23","742","1262","0","58.8","39.86"
"10","009","00","001","0112","0446","610","409","201","26","636","1154","0","55.11","35.44"
"10","009","00","001","0113","0000","2347","1593","754","77","2424","4188","0","57.88","38.04"
"10","009","00","001","0113","0439","847","583","264","28","875","1421","0","61.58","41.03"
"10","009","00","001","0113","0440","700","475","225","25","725","1261","0","57.49","37.67"
"10","009","00","001","0113","0441","800","535","265","24","824","1506","0","54.71","35.52"
"10","009","00","001","0114","0000","1121","785","336","55","1176","2329","0","50.49","33.71"
"10","009","00","001","0114","0437","549","404","145","28","577","1187","0","48.61","34.04"
"10","009","00","001","0114","0438","572","381","191","27","599","1142","0","52.45","33.36"
"10","009","00","001","0115","0000","420","289","131","24","444","669","0","66.37","43.2"
"10","009","00","001","0115","0453","420","289","131","24","444","669","0","66.37","43.2"
"10","009","00","001","0116","0000","1179","792","387","51","1230","2202","0","55.86","35.97"
"10","009","00","001","0116","0454","408","264","144","27","435","752","0","57.85","35.11"
"10","009","00","001","0116","0455","771","528","243","24","795","1450","0","54.83","36.41"
"10","009","00","001","0117","0000","296","211","85","25","321","555","0","57.84","38.02"
"10","009","00","001","0117","0456","296","211","85","25","321","555","0","57.84","38.02"
"10","009","00","001","0118","0000","1327","910","417","61","1388","2414","0","57.5","37.7"
"10","009","00","001","0118","0451","596","425","171","32","628","1112","0","56.47","38.22"
"10","009","00","001","0118","0452","731","485","246","29","760","1302","0","58.37","37.25"
"10","009","00","001","0119","0000","794","524","270","25","819","1418","0","57.76","36.95"
"10","009","00","001","0119","0450","794","524","270","25","819","1418","0","57.76","36.95"
"10","009","00","001","0120","0000","1289","900","389","46","1335","2397","0","55.69","37.55"
"10","009","00","001","0120","0457","741","514","227","31","772","1470","0","52.52","34.97"
"10","009","00","001","0120","0458","548","386","162","15","563","927","0","60.73","41.64"
"10","009","00","001","0121","0000","848","616","232","52","900","1748","0","51.49","35.24"
"10","009","00","001","0121","0466","848","616","232","52","900","1748","0","51.49","35.24"
"10","009","00","001","0122","0000","3010","2047","963","102","3112","5306","0","58.65","38.58"
"10","009","00","001","0122","0462","810","558","252","28","838","1412","0","59.35","39.52"
"10","009","00","001","0122","0463","819","571","248","29","848","1354","0","62.63","42.17"
"10","009","00","001","0122","0464","702","461","241","24","726","1267","0","57.3","36.39"
"10","009","00","001","0122","0465","679","457","222","21","700","1273","0","54.99","35.9"
"10","009","00","001","0123","0000","2862","1960","902","141","3003","5374","0","55.88","36.47"
"10","009","00","001","0123","0459","1066","720","346","37","1103","1893","0","58.27","38.03"
"10","009","00","001","0123","0460","930","638","292","62","992","1708","0","58.08","37.35"
"10","009","00","001","0123","0461","866","602","264","42","908","1773","0","51.21","33.95"
"10","009","00","001","0124","0000","1057","746","311","54","1111","1813","0","61.28","41.15"
"10","009","00","001","0124","0472","410","295","115","26","436","702","0","62.11","42.02"
"10","009","00","001","0124","0473","647","451","196","28","675","1111","0","60.76","40.59"
"10","009","00","001","0125","0000","545","384","161","26","571","1123","0","50.85","34.19"
"10","009","00","001","0125","0474","545","384","161","26","571","1123","0","50.85","34.19"
"10","009","00","001","0126","0000","2432","1706","726","108","2540","4406","0","57.65","38.72"
"10","009","00","001","0126","0467","692","491","201","42","734","1238","0","59.29","39.66"
"10","009","00","001","0126","0468","854","607","247","36","890","1648","0","54.0","36.83"
"10","009","00","001","0126","0469","886","608","278","30","916","1520","0","60.26","40.0"
"10","009","00","001","0127","0000","566","410","156","27","593","1087","0","54.55","37.72"
"10","009","00","001","0127","0470","566","410","156","27","593","1087","0","54.55","37.72"
"10","009","00","001","0128","0000","1035","702","333","47","1082","1904","0","56.83","36.87"
"10","009","00","001","0128","0471","1035","702","333","47","1082","1904","0","56.83","36.87"
"10","009","00","001","0129","0000","1654","1104","550","101","1755","3095","0","56.7","35.67"
"10","009","00","001","0129","0477","559","369","190","44","603","1023","0","58.94","36.07"
"10","009","00","001","0129","0478","1095","735","360","57","1152","2072","0","55.6","35.47"
"10","009","00","001","0130","0000","1517","1008","509","75","1592","2932","0","54.3","34.38"
"10","009","00","001","0130","0475","595","409","186","34","629","1146","0","54.89","35.69"
"10","009","00","001","0130","0476","922","599","323","41","963","1786","0","53.92","33.54"
"10","009","00","001","0131","0000","585","397","188","23","608","1128","0","53.9","35.2"
"10","009","00","001","0131","0479","585","397","188","23","608","1128","0","53.9","35.2"
"10","009","00","001","0132","0000","1451","1008","443","49","1500","2345","0","63.97","42.99"
"10","009","00","001","0132","0418","770","532","238","26","796","1255","0","63.43","42.39"
"10","009","00","001","0132","0419","681","476","205","23","704","1090","0","64.59","43.67"
"10","009","00","001","0133","0000","2046","1406","640","98","2144","3710","0","57.79","37.9"
"10","009","00","001","0133","0416","1088","733","355","51","1139","1881","0","60.55","38.97"
"10","009","00","001","0133","0417","958","673","285","47","1005","1829","0","54.95","36.8"
"10","009","00","001","0134","0000","1522","973","549","45","1567","2814","0","55.69","34.58"
"10","009","00","001","0134","0435","808","532","276","21","829","1392","0","59.55","38.22"
"10","009","00","001","0134","0436","714","441","273","24","738","1422","0","51.9","31.01"
"10","009","00","001","0135","0000","1289","857","432","50","1339","2286","0","58.57","37.49"
"10","009","00","001","0135","0447","474","314","160","22","496","847","0","58.56","37.07"
"10","009","00","001","0135","0448","815","543","272","28","843","1439","0","58.58","37.73"
"10","009","00","001","0136","0000","1273","877","396","54","1327","2204","0","60.21","39.79"
"10","009","00","001","0136","0429","557","389","168","21","578","1009","0","57.28","38.55"
"10","009","00","001","0136","0430","716","488","228","33","749","1195","0","62.68","40.84"
"10","009","00","001","0137","0000","1877","1311","566","78","1955","3479","0","56.19","37.68"
"10","009","00","001","0137","0425","748","515","233","31","779","1308","0","59.56","39.37"
"10","009","00","001","0137","0426","1129","796","333","47","1176","2171","0","54.17","36.67"
"10","009","00","001","0138","0000","1529","1017","512","68","1597","2576","0","62.0","39.48"
"10","009","00","001","0138","0442","693","440","253","32","725","1214","0","59.72","36.24"
"10","009","00","001","0138","0443","836","577","259","36","872","1362","0","64.02","42.36"
"10","009","00","001","0139","0000","1327","917","410","59","1386","2279","0","60.82","40.24"
"10","009","00","001","0139","0420","647","453","194","28","675","1103","0","61.2","41.07"
"10","009","00","001","0139","0421","680","464","216","31","711","1176","0","60.46","39.46"
"10","009","00","002","0000","0000","20614","14373","6241","1261","21875","38138","44608","57.36","37.69"
"10","009","00","002","0201","0000","677","480","197","36","713","1166","0","61.15","41.17"
"10","009","00","002","0201","0498","677","480","197","36","713","1166","0","61.15","41.17"
"10","009","00","002","0202","0000","1262","889","373","55","1317","2110","0","62.42","42.13"
"10","009","00","002","0202","0499","678","480","198","34","712","1135","0","62.73","42.29"
"10","009","00","002","0202","0500","584","409","175","21","605","975","0","62.05","41.95"
"10","009","00","002","0203","0000","1180","829","351","67","1247","2228","0","55.97","37.21"
"10","009","00","002","0203","0503","713","488","225","35","748","1321","0","56.62","36.94"
"10","009","00","002","0203","0504","467","341","126","32","499","907","0","55.02","37.6"
"10","009","00","002","0204","0000","881","608","273","47","928","1473","0","63.0","41.28"
"10","009","00","002","0204","0505","881","608","273","47","928","1473","0","63.0","41.28"
"10","009","00","002","0205","0000","751","495","256","53","804","1277","0","62.96","38.76"
"10","009","00","002","0205","0506","751","495","256","53","804","1277","0","62.96","38.76"
"10","009","00","002","0206","0000","1460","995","465","85","1545","2673","0","57.8","37.22"
"10","009","00","002","0206","0514","606","426","180","36","642","1042","0","61.61","40.88"
"10","009","00","002","0206","0515","854","569","285","49","903","1631","0","55.36","34.89"
"10","009","00","002","0207","0000","702","488","214","55","757","1333","0","56.79","36.61"
"10","009","00","002","0207","0507","702","488","214","55","757","1333","0","56.79","36.61"
"10","009","00","002","0208","0000","411","300","111","21","432","777","0","55.6","38.61"
"10","009","00","002","0208","0508","411","300","111","21","432","777","0","55.6","38.61"
"10","009","00","002","0209","0000","449","341","108","44","493","899","0","54.84","37.93"
"10","009","00","002","0209","0510","449","341","108","44","493","899","0","54.84","37.93"
"10","009","00","002","0210","0000","303","225","78","31","334","688","0","48.55","32.7"
"10","009","00","002","0210","0511","303","225","78","31","334","688","0","48.55","32.7"
"10","009","00","002","0211","0000","484","424","60","31","515","1147","0","44.9","36.97"
"10","009","00","002","0211","0512","484","424","60","31","515","1147","0","44.9","36.97"
"10","009","00","002","0212","0000","900","591","309","65","965","1709","0","56.47","34.58"
"10","009","00","002","0212","0513","900","591","309","65","965","1709","0","56.47","34.58"
"10","009","00","002","0213","0000","514","339","175","23","537","981","0","54.74","34.56"
"10","009","00","002","0213","0525","514","339","175","23","537","981","0","54.74","34.56"
"10","009","00","002","0214","0000","1384","937","447","101","1485","2715","0","54.7","34.51"
"10","009","00","002","0214","0526","521","354","167","24","545","1129","0","48.27","31.36"
"10","009","00","002","0214","0527","863","583","280","77","940","1586","0","59.27","36.76"
"10","009","00","002","0215","0000","1225","860","365","53","1278","2227","0","57.39","38.62"
"10","009","00","002","0215","0528","728","503","225","36","764","1243","0","61.46","40.47"
"10","009","00","002","0215","0529","497","357","140","17","514","984","0","52.24","36.28"
"10","009","00","002","0216","0000","1861","1314","547","96","1957","3266","0","59.92","40.23"
"10","009","00","002","0216","0516","972","676","296","57","1029","1702","0","60.46","39.72"
"10","009","00","002","0216","0517","889","638","251","39","928","1564","0","59.34","40.79"
"10","009","00","002","0217","0000","426","317","109","19","445","897","0","49.61","35.34"
"10","009","00","002","0217","0520","426","317","109","19","445","897","0","49.61","35.34"
"10","009","00","002","0218","0000","429","299","130","26","455","803","0","56.66","37.24"
"10","009","00","002","0218","0521","429","299","130","26","455","803","0","56.66","37.24"
"10","009","00","002","0219","0000","457","319","138","49","506","866","0","58.43","36.84"
"10","009","00","002","0219","0522","457","319","138","49","506","866","0","58.43","36.84"
"10","009","00","002","0220","0000","823","578","245","67","890","1523","0","58.44","37.95"
"10","009","00","002","0220","0523","461","327","134","42","503","852","0","59.04","38.38"
"10","009","00","002","0220","0524","362","251","111","25","387","671","0","57.68","37.41"
"10","009","00","002","0221","0000","832","588","244","65","897","1507","0","59.52","39.02"
"10","009","00","002","0221","0530","832","588","244","65","897","1507","0","59.52","39.02"
"10","009","00","002","0222","0000","439","274","165","31","470","877","0","53.59","31.24"
"10","009","00","002","0222","0509","439","274","165","31","470","877","0","53.59","31.24"
"10","009","00","002","0223","0000","1595","1056","539","78","1673","2810","0","59.54","37.58"
"10","009","00","002","0223","0501","840","568","272","37","877","1459","0","60.11","38.93"
"10","009","00","002","0223","0502","755","488","267","41","796","1351","0","58.92","36.12"
"10","009","00","002","0224","0000","1169","827","342","63","1232","2186","0","56.36","37.83"
"10","009","00","002","0224","0518","411","291","120","26","437","910","0","48.02","31.98"
"10","009","00","002","0224","0519","758","536","222","37","795","1276","0","62.3","42.01"
"10","009","00","003","0000","0000","29603","20035","9568","1552","31155","58167","70892","53.56","34.44"
"10","009","00","003","0301","0000","534","360","174","39","573","941","0","60.89","38.26"
"10","009","00","003","0301","0117","534","360","174","39","573","941","0","60.89","38.26"
"10","009","00","003","0302","0000","829","578","251","53","882","1675","0","52.66","34.51"
"10","009","00","003","0302","0111","420","295","125","24","444","785","0","56.56","37.58"
"10","009","00","003","0302","0112","409","283","126","29","438","890","0","49.21","31.8"
"10","009","00","003","0303","0000","1418","950","468","65","1483","2605","0","56.93","36.47"
"10","009","00","003","0303","0109","710","478","232","34","744","1347","0","55.23","35.49"
"10","009","00","003","0303","0110","708","472","236","31","739","1258","0","58.74","37.52"
"10","009","00","003","0304","0000","1650","1146","504","72","1722","2844","0","60.55","40.3"
"10","009","00","003","0304","0113","808","563","245","38","846","1413","0","59.87","39.84"
"10","009","00","003","0304","0114","842","583","259","34","876","1431","0","61.22","40.74"
"10","009","00","003","0305","0000","1166","769","397","56","1222","2549","0","47.94","30.17"
"10","009","00","003","0305","0115","625","434","191","34","659","1224","0","53.84","35.46"
"10","009","00","003","0305","0116","541","335","206","22","563","1325","0","42.49","25.28"
"10","009","00","003","0306","0000","1704","1153","551","49","1753","3254","0","53.87","35.43"
"10","009","00","003","0306","0118","860","596","264","23","883","1613","0","54.74","36.95"
"10","009","00","003","0306","0119","844","557","287","26","870","1641","0","53.02","33.94"
"10","009","00","003","0307","0000","857","511","346","29","886","1438","0","61.61","35.54"
"10","009","00","003","0307","0123","857","511","346","29","886","1438","0","61.61","35.54"
"10","009","00","003","0308","0000","2499","1739","760","93","2592","4295","0","60.35","40.49"
"10","009","00","003","0308","0124","762","521","241","24","786","1361","0","57.75","38.28"
"10","009","00","003","0308","0125","829","583","246","39","868","1444","0","60.11","40.37"
"10","009","00","003","0308","0126","908","635","273","30","938","1490","0","62.95","42.62"
"10","009","00","003","0309","0000","1257","803","454","62","1319","2274","0","58.0","35.31"
"10","009","00","003","0309","0127","787","510","277","44","831","1307","0","63.58","39.02"
"10","009","00","003","0309","0128","470","293","177","18","488","967","0","50.47","30.3"
"10","009","00","003","0310","0000","1983","1339","644","53","2036","3745","0","54.37","35.75"
"10","009","00","003","0310","0129","974","663","311","20","994","1865","0","53.3","35.55"
"10","009","00","003","0310","0130","1009","676","333","33","1042","1880","0","55.43","35.96"
"10","009","00","003","0311","0000","1047","721","326","52","1099","2000","0","54.95","36.05"
"10","009","00","003","0311","0131","548","375","173","35","583","1099","0","53.05","34.12"
"10","009","00","003","0311","0132","499","346","153","17","516","901","0","57.27","38.4"
"10","009","00","003","0312","0000","580","389","191","31","611","1120","0","54.55","34.73"
"10","009","00","003","0312","0133","580","389","191","31","611","1120","0","54.55","34.73"
"10","009","00","003","0313","0000","589","421","168","50","639","1272","0","50.24","33.1"
"10","009","00","003","0313","0154","589","421","168","50","639","1272","0","50.24","33.1"
"10","009","00","003","0314","0000","396","274","122","17","413","851","0","48.53","32.2"
"10","009","00","003","0314","0153","396","274","122","17","413","851","0","48.53","32.2"
"10","009","00","003","0315","0000","645","431","214","76","721","1549","0","46.55","27.82"
"10","009","00","003","0315","0152","645","431","214","76","721","1549","0","46.55","27.82"
"10","009","00","003","0316","0000","666","454","212","45","711","1509","0","47.12","30.09"
"10","009","00","003","0316","0150","666","454","212","45","711","1509","0","47.12","30.09"
"10","009","00","003","0317","0000","301","184","117","65","366","855","0","42.81","21.52"
"10","009","00","003","0317","0151","301","184","117","65","366","855","0","42.81","21.52"
"10","009","00","003","0318","0000","1346","925","421","69","1415","2668","0","53.04","34.67"
"10","009","00","003","0318","0135","728","498","230","43","771","1420","0","54.3","35.07"
"10","009","00","003","0318","0136","618","427","191","26","644","1248","0","51.6","34.21"
"10","009","00","003","0319","0000","418","291","127","19","437","799","0","54.69","36.42"
"10","009","00","003","0319","0137","418","291","127","19","437","799","0","54.69","36.42"
"10","009","00","003","0320","0000","838","528","310","64","902","1760","0","51.25","30.0"
"10","009","00","003","0320","0138","413","264","149","34","447","836","0","53.47","31.58"
"10","009","00","003","0320","0139","425","264","161","30","455","924","0","49.24","28.57"
"10","009","00","003","0321","0000","703","488","215","24","727","1648","0","44.11","29.61"
"10","009","00","003","0321","0140","703","488","215","24","727","1648","0","44.11","29.61"
"10","009","00","003","0322","0000","1448","973","475","118","1566","3162","0","49.53","30.77"
"10","009","00","003","0322","0141","705","474","231","74","779","1616","0","48.21","29.33"
"10","009","00","003","0322","0142","743","499","244","44","787","1546","0","50.91","32.28"
"10","009","00","003","0323","0000","1179","843","336","57","1236","2361","0","52.35","35.71"
"10","009","00","003","0323","0143","633","466","167","31","664","1283","0","51.75","36.32"
"10","009","00","003","0323","0144","546","377","169","26","572","1078","0","53.06","34.97"
"10","009","00","003","0324","0000","1218","824","394","68","1286","2597","0","49.52","31.73"
"10","009","00","003","0324","0145","616","425","191","36","652","1313","0","49.66","32.37"
"10","009","00","003","0324","0146","602","399","203","32","634","1284","0","49.38","31.07"
"10","009","00","003","0325","0000","673","464","209","55","728","1356","0","53.69","34.22"
"10","009","00","003","0325","0147","673","464","209","55","728","1356","0","53.69","34.22"
"10","009","00","003","0326","0000","771","528","243","51","822","1504","0","54.65","35.11"
"10","009","00","003","0326","0148","771","528","243","51","822","1504","0","54.65","35.11"
"10","009","00","003","0327","0000","247","168","79","5","252","545","0","46.24","30.83"
"10","009","00","003","0327","0134","247","168","79","5","252","545","0","46.24","30.83"
"10","009","00","003","0328","0000","2116","1424","692","85","2201","3767","0","58.43","37.8"
"10","009","00","003","0328","0120","681","462","219","31","712","1200","0","59.33","38.5"
"10","009","00","003","0328","0121","718","473","245","42","760","1294","0","58.73","36.55"
"10","009","00","003","0328","0122","717","489","228","12","729","1273","0","57.27","38.41"
"10","009","00","003","0329","0000","525","357","168","30","555","1224","0","45.34","29.17"
"10","009","00","003","0329","0149","525","357","168","30","555","1224","0","45.34","29.17"
"10","009","00","004","0000","0000","18970","12953","6017","1440","20410","38142","46135","53.51","33.96"
"10","009","00","004","0401","0000","790","511","279","60","850","1590","0","53.46","32.14"
"10","009","00","004","0401","0340","790","511","279","60","850","1590","0","53.46","32.14"
"10","009","00","004","0402","0000","897","604","293","58","955","1741","0","54.85","34.69"
"10","009","00","004","0402","0341","897","604","293","58","955","1741","0","54.85","34.69"
"10","009","00","004","0403","0000","1193","905","288","74","1267","2120","0","59.76","42.69"
"10","009","00","004","0403","0342","667","461","206","39","706","1080","0","65.37","42.69"
"10","009","00","004","0403","0343","526","444","82","35","561","1040","0","53.94","42.69"
"10","009","00","004","0404","0000","1614","1108","506","68","1682","2971","0","56.61","37.29"
"10","009","00","004","0404","0344","762","503","259","23","785","1346","0","58.32","37.37"
"10","009","00","004","0404","0345","852","605","247","45","897","1625","0","55.2","37.23"
"10","009","00","004","0405","0000","219","161","58","13","232","354","0","65.54","45.48"
"10","009","00","004","0405","0346","219","161","58","13","232","354","0","65.54","45.48"
"10","009","00","004","0406","0000","297","205","92","27","324","580","0","55.86","35.34"
"10","009","00","004","0406","0347","297","205","92","27","324","580","0","55.86","35.34"
"10","009","00","004","0407","0000","351","236","115","23","374","591","0","63.28","39.93"
"10","009","00","004","0407","0348","351","236","115","23","374","591","0","63.28","39.93"
"10","009","00","004","0408","0000","597","394","203","20","617","1050","0","58.76","37.52"
"10","009","00","004","0408","0349","597","394","203","20","617","1050","0","58.76","37.52"
"10","009","00","004","0409","0000","1473","893","580","104","1577","2749","0","57.37","32.48"
"10","009","00","004","0409","0350","662","456","206","51","713","1147","0","62.16","39.76"
"10","009","00","004","0409","0351","811","437","374","53","864","1602","0","53.93","27.28"
"10","009","00","004","0410","0000","2217","1671","546","116","2333","4335","0","53.82","38.55"
"10","009","00","004","0410","0352","739","625","114","39","778","1452","0","53.58","43.04"
"10","009","00","004","0410","0353","840","589","251","54","894","1578","0","56.65","37.33"
"10","009","00","004","0410","0354","638","457","181","23","661","1305","0","50.65","35.02"
"10","009","00","004","0411","0000","608","405","203","41","649","1327","0","48.91","30.52"
"10","009","00","004","0411","0355","608","405","203","41","649","1327","0","48.91","30.52"
"10","009","00","004","0412","0000","748","496","252","61","809","1516","0","53.36","32.72"
"10","009","00","004","0412","0356","748","496","252","61","809","1516","0","53.36","32.72"
"10","009","00","004","0413","0000","486","342","144","62","548","983","0","55.75","34.79"
"10","009","00","004","0413","0369","486","342","144","62","548","983","0","55.75","34.79"
"10","009","00","004","0414","0000","519","346","173","35","554","1014","0","54.64","34.12"
"10","009","00","004","0414","0370","519","346","173","35","554","1014","0","54.64","34.12"
"10","009","00","004","0415","0000","856","574","282","80","936","1805","0","51.86","31.8"
"10","009","00","004","0415","0371","424","273","151","51","475","939","0","50.59","29.07"
"10","009","00","004","0415","0372","432","301","131","29","461","866","0","53.23","34.76"
"10","009","00","004","0416","0000","659","433","226","70","729","1486","0","49.06","29.14"
"10","009","00","004","0416","0373","659","433","226","70","729","1486","0","49.06","29.14"
"10","009","00","004","0417","0000","667","469","198","39","706","1616","0","43.69","29.02"
"10","009","00","004","0417","0357","342","232","110","26","368","828","0","44.44","28.02"
"10","009","00","004","0417","0358","325","237","88","13","338","788","0","42.89","30.08"
"10","009","00","004","0418","0000","408","267","141","58","466","863","0","54.0","30.94"
"10","009","00","004","0418","0359","408","267","141","58","466","863","0","54.0","30.94"
"10","009","00","004","0419","0000","450","300","150","71","521","984","0","52.95","30.49"
"10","009","00","004","0419","0360","450","300","150","71","521","984","0","52.95","30.49"
"10","009","00","004","0420","0000","411","279","132","57","468","870","0","53.79","32.07"
"10","009","00","004","0420","0362","411","279","132","57","468","870","0","53.79","32.07"
"10","009","00","004","0421","0000","726","515","211","97","823","1514","0","54.36","34.02"
"10","009","00","004","0421","0361","726","515","211","97","823","1514","0","54.36","34.02"
"10","009","00","004","0422","0000","479","317","162","43","522","971","0","53.76","32.65"
"10","009","00","004","0422","0363","479","317","162","43","522","971","0","53.76","32.65"
"10","009","00","004","0423","0000","421","291","130","26","447","823","0","54.31","35.36"
"10","009","00","004","0423","0366","421","291","130","26","447","823","0","54.31","35.36"
"10","009","00","004","0424","0000","333","221","112","27","360","726","0","49.59","30.44"
"10","009","00","004","0424","0365","333","221","112","27","360","726","0","49.59","30.44"
"10","009","00","004","0425","0000","553","361","192","54","607","1304","0","46.55","27.68"
"10","009","00","004","0425","0364","553","361","192","54","607","1304","0","46.55","27.68"
"10","009","00","004","0426","0000","361","236","125","10","371","886","0","41.87","26.64"
"10","009","00","004","0426","0367","361","236","125","10","371","886","0","41.87","26.64"
"10","009","00","004","0427","0000","637","413","224","46","683","1373","0","49.75","30.08"
"10","009","00","004","0427","0368","637","413","224","46","683","1373","0","49.75","30.08"
"10","009","00","005","0000","0000","12059","8315","3744","990","13049","24412","28827","53.45","34.06"
"10","009","00","005","0501","0000","475","327","148","39","514","809","0","63.54","40.42"
"10","009","00","005","0501","0080","475","327","148","39","514","809","0","63.54","40.42"
"10","009","00","005","0502","0000","661","390","271","30","691","896","0","77.12","43.53"
"10","009","00","005","0502","0081","661","390","271","30","691","896","0","77.12","43.53"
"10","009","00","005","0503","0000","836","587","249","44","880","1389","0","63.35","42.26"
"10","009","00","005","0503","0082","379","259","120","26","405","687","0","58.95","37.7"
"10","009","00","005","0503","0083","457","328","129","18","475","702","0","67.66","46.72"
"10","009","00","005","0504","0000","615","425","190","26","641","1032","0","62.11","41.18"
"10","009","00","005","0504","0084","615","425","190","26","641","1032","0","62.11","41.18"
"10","009","00","005","0505","0000","520","338","182","77","597","1124","0","53.11","30.07"
"10","009","00","005","0505","0085","328","215","113","43","371","697","0","53.23","30.85"
"10","009","00","005","0505","0086","192","123","69","34","226","427","0","52.93","28.81"
"10","009","00","005","0506","0000","685","447","238","47","732","1430","0","51.19","31.26"
"10","009","00","005","0506","0089","279","175","104","15","294","634","0","46.37","27.6"
"10","009","00","005","0506","0090","406","272","134","32","438","796","0","55.03","34.17"
"10","009","00","005","0507","0000","567","375","192","53","620","1321","0","46.93","28.39"
"10","009","00","005","0507","0091","300","201","99","32","332","745","0","44.56","26.98"
"10","009","00","005","0507","0092","267","174","93","21","288","576","0","50.0","30.21"
"10","009","00","005","0508","0000","535","365","170","58","593","1277","0","46.44","28.58"
"10","009","00","005","0508","0093","308","225","83","47","355","743","0","47.78","30.28"
"10","009","00","005","0508","0094","227","140","87","11","238","534","0","44.57","26.22"
"10","009","00","005","0509","0000","439","316","123","32","471","843","0","55.87","37.49"
"10","009","00","005","0509","0099","439","316","123","32","471","843","0","55.87","37.49"
"10","009","00","005","0510","0000","1508","1058","450","78","1586","2734","0","58.01","38.7"
"10","009","00","005","0510","0087","787","546","241","56","843","1451","0","58.1","37.63"
"10","009","00","005","0510","0088","721","512","209","22","743","1283","0","57.91","39.91"
"10","009","00","005","0511","0000","898","632","266","76","974","1864","0","52.25","33.91"
"10","009","00","005","0511","0100","447","328","119","46","493","916","0","53.82","35.81"
"10","009","00","005","0511","0101","451","304","147","30","481","948","0","50.74","32.07"
"10","009","00","005","0512","0000","899","737","162","81","980","1774","0","55.24","41.54"
"10","009","00","005","0512","0102","469","425","44","29","498","914","0","54.49","46.5"
"10","009","00","005","0512","0103","430","312","118","52","482","860","0","56.05","36.28"
"10","009","00","005","0513","0000","360","248","112","36","396","896","0","44.2","27.68"
"10","009","00","005","0513","0106","360","248","112","36","396","896","0","44.2","27.68"
"10","009","00","005","0514","0000","814","546","268","82","896","1804","0","49.67","30.27"
"10","009","00","005","0514","0104","432","289","143","39","471","929","0","50.7","31.11"
"10","009","00","005","0514","0105","382","257","125","43","425","875","0","48.57","29.37"
"10","009","00","005","0515","0000","983","672","311","110","1093","2276","0","48.02","29.53"
"10","009","00","005","0515","0095","492","336","156","54","546","1199","0","45.54","28.02"
"10","009","00","005","0515","0096","491","336","155","56","547","1077","0","50.79","31.2"
"10","009","00","005","0516","0000","662","453","209","45","707","1503","0","47.04","30.14"
"10","009","00","005","0516","0097","314","206","108","21","335","819","0","40.9","25.15"
"10","009","00","005","0516","0098","348","247","101","24","372","684","0","54.39","36.11"
"10","009","00","005","0517","0000","602","399","203","76","678","1440","0","47.08","27.71"
"10","009","00","005","0517","0107","300","204","96","47","347","757","0","45.84","26.95"
"10","009","00","005","0517","0108","302","195","107","29","331","683","0","48.46","28.55"
"10","009","00","006","0000","0000","17347","11976","5371","1286","18633","33958","39975","54.87","35.27"
"10","009","00","006","0601","0000","382","267","115","45","427","724","0","58.98","36.88"
"10","009","00","006","0601","0256","382","267","115","45","427","724","0","58.98","36.88"
"10","009","00","006","0602","0000","390","247","143","49","439","688","0","63.81","35.9"
"10","009","00","006","0602","0257","390","247","143","49","439","688","0","63.81","35.9"
"10","009","00","006","0603","0000","237","178","59","31","268","452","0","59.29","39.38"
"10","009","00","006","0603","0258","237","178","59","31","268","452","0","59.29","39.38"
"10","009","00","006","0604","0000","469","340","129","41","510","866","0","58.89","39.26"
"10","009","00","006","0604","0259","469","340","129","41","510","866","0","58.89","39.26"
"10","009","00","006","0605","0000","171","115","56","11","182","336","0","54.17","34.23"
"10","009","00","006","0605","0260","171","115","56","11","182","336","0","54.17","34.23"
"10","009","00","006","0606","0000","197","145","52","19","216","395","0","54.68","36.71"
"10","009","00","006","0606","0261","197","145","52","19","216","395","0","54.68","36.71"
"10","009","00","006","0607","0000","221","173","48","18","239","376","0","63.56","46.01"
"10","009","00","006","0607","0262","221","173","48","18","239","376","0","63.56","46.01"
"10","009","00","006","0608","0000","525","351","174","21","546","950","0","57.47","36.95"
"10","009","00","006","0608","0263","525","351","174","21","546","950","0","57.47","36.95"
"10","009","00","006","0609","0000","303","210","93","28","331","512","0","64.65","41.02"
"10","009","00","006","0609","0264","303","210","93","28","331","512","0","64.65","41.02"
"10","009","00","006","0610","0000","170","114","56","31","201","324","0","62.04","35.19"
"10","009","00","006","0610","0265","170","114","56","31","201","324","0","62.04","35.19"
"10","009","00","006","0611","0000","280","199","81","24","304","546","0","55.68","36.45"
"10","009","00","006","0611","0266","280","199","81","24","304","546","0","55.68","36.45"
"10","009","00","006","0612","0000","640","455","185","64","704","1184","0","59.46","38.43"
"10","009","00","006","0612","0267","254","183","71","18","272","433","0","62.82","42.26"
"10","009","00","006","0612","0268","386","272","114","46","432","751","0","57.52","36.22"
"10","009","00","006","0613","0000","251","193","58","22","273","442","0","61.76","43.67"
"10","009","00","006","0613","0269","251","193","58","22","273","442","0","61.76","43.67"
"10","009","00","006","0614","0000","2671","1866","805","148","2819","4912","0","57.39","37.99"
"10","009","00","006","0614","0270","629","420","209","40","669","1151","0","58.12","36.49"
"10","009","00","006","0614","0271","683","471","212","36","719","1224","0","58.74","38.48"
"10","009","00","006","0614","0272","649","464","185","31","680","1211","0","56.15","38.32"
"10","009","00","006","0614","0273","710","511","199","41","751","1326","0","56.64","38.54"
"10","009","00","006","0615","0000","1046","726","320","64","1110","1721","0","64.5","42.18"
"10","009","00","006","0615","0274","454","309","145","29","483","744","0","64.92","41.53"
"10","009","00","006","0615","0275","592","417","175","35","627","977","0","64.18","42.68"
"10","009","00","006","0616","0000","3356","2239","1117","205","3561","6230","0","57.16","35.94"
"10","009","00","006","0616","0278","747","519","228","43","790","1364","0","57.92","38.05"
"10","009","00","006","0616","0279","600","382","218","58","658","1123","0","58.59","34.02"
"10","009","00","006","0616","0280","790","532","258","34","824","1451","0","56.79","36.66"
"10","009","00","006","0616","0281","657","420","237","38","695","1162","0","59.81","36.14"
"10","009","00","006","0616","0282","562","386","176","32","594","1130","0","52.57","34.16"
"10","009","00","006","0617","0000","570","394","176","34","604","1149","0","52.57","34.29"
"10","009","00","006","0617","0283","570","394","176","34","604","1149","0","52.57","34.29"
"10","009","00","006","0618","0000","333","240","93","23","356","809","0","44.0","29.67"
"10","009","00","006","0618","0287","333","240","93","23","356","809","0","44.0","29.67"
"10","009","00","006","0619","0000","604","428","176","47","651","1397","0","46.6","30.64"
"10","009","00","006","0619","0288","604","428","176","47","651","1397","0","46.6","30.64"
"10","009","00","006","0620","0000","473","318","155","57","530","1145","0","46.29","27.77"
"10","009","00","006","0620","0289","473","318","155","57","530","1145","0","46.29","27.77"
"10","009","00","006","0621","0000","493","332","161","37","530","966","0","54.87","34.37"
"10","009","00","006","0621","0284","222","152","70","18","240","533","0","45.03","28.52"
"10","009","00","006","0621","0285","271","180","91","19","290","433","0","66.97","41.57"
"10","009","00","006","0622","0000","274","194","80","43","317","828","0","38.29","23.43"
"10","009","00","006","0622","0290","274","194","80","43","317","828","0","38.29","23.43"
"10","009","00","006","0623","0000","217","145","72","12","229","557","0","41.11","26.03"
"10","009","00","006","0623","0291","217","145","72","12","229","557","0","41.11","26.03"
"10","009","00","006","0624","0000","732","507","225","63","795","1637","0","48.56","30.97"
"10","009","00","006","0624","0292","473","316","157","35","508","1060","0","47.92","29.81"
"10","009","00","006","0624","0293","259","191","68","28","287","577","0","49.74","33.1"
"10","009","00","006","0625","0000","1479","988","491","91","1570","2981","0","52.67","33.14"
"10","009","00","006","0625","0294","370","235","135","44","414","931","0","44.47","25.24"
"10","009","00","006","0625","0295","517","350","167","32","549","1018","0","53.93","34.38"
"10","009","00","006","0625","0296","592","403","189","15","607","1032","0","58.82","39.05"
"10","009","00","006","0626","0000","495","343","152","41","536","960","0","55.83","35.73"
"10","009","00","006","0626","0276","495","343","152","41","536","960","0","55.83","35.73"
"10","009","00","006","0627","0000","186","129","57","9","195","494","0","39.47","26.11"
"10","009","00","006","0627","0277","186","129","57","9","195","494","0","39.47","26.11"
"10","009","00","006","0628","0000","182","140","42","8","190","377","0","50.4","37.14"
"10","009","00","006","0628","0286","182","140","42","8","190","377","0","50.4","37.14"
"10","009","00","007","0000","0000","13709","9531","4178","954","14663","27477","31464","53.36","34.69"
"10","009","00","007","0701","0000","609","414","195","48","657","1255","0","52.35","32.99"
"10","009","00","007","0701","0539","609","414","195","48","657","1255","0","52.35","32.99"
"10","009","00","007","0702","0000","618","405","213","35","653","1078","0","60.58","37.57"
"10","009","00","007","0702","0540","618","405","213","35","653","1078","0","60.58","37.57"
"10","009","00","007","0703","0000","619","469","150","64","683","1169","0","58.43","40.12"
"10","009","00","007","0703","0538","619","469","150","64","683","1169","0","58.43","40.12"
"10","009","00","007","0704","0000","702","508","194","57","759","1426","0","53.23","35.62"
"10","009","00","007","0704","0536","596","427","169","53","649","1122","0","57.84","38.06"
"10","009","00","007","0704","0537","106","81","25","4","110","304","0","36.18","26.64"
"10","009","00","007","0705","0000","1515","1059","456","104","1619","3074","0","52.67","34.45"
"10","009","00","007","0705","0534","669","477","192","48","717","1302","0","55.07","36.64"
"10","009","00","007","0705","0535","846","582","264","56","902","1772","0","50.9","32.84"
"10","009","00","007","0706","0000","760","494","266","61","821","1517","0","54.12","32.56"
"10","009","00","007","0706","0533","760","494","266","61","821","1517","0","54.12","32.56"
"10","009","00","007","0707","0000","1074","737","337","77","1151","2120","0","54.29","34.76"
"10","009","00","007","0707","0531","594","418","176","30","624","1126","0","55.42","37.12"
"10","009","00","007","0707","0532","480","319","161","47","527","994","0","53.02","32.09"
"10","009","00","007","0708","0000","290","208","82","12","302","734","0","41.14","28.34"
"10","009","00","007","0708","0554","290","208","82","12","302","734","0","41.14","28.34"
"10","009","00","007","0709","0000","122","82","40","6","128","285","0","44.91","28.77"
"10","009","00","007","0709","0553","122","82","40","6","128","285","0","44.91","28.77"
"10","009","00","007","0710","0000","1102","756","346","58","1160","2138","0","54.26","35.36"
"10","009","00","007","0710","0547","479","331","148","29","508","998","0","50.9","33.17"
"10","009","00","007","0710","0548","623","425","198","29","652","1140","0","57.19","37.28"
"10","009","00","007","0711","0000","597","367","230","39","636","1150","0","55.3","31.91"
"10","009","00","007","0711","0555","597","367","230","39","636","1150","0","55.3","31.91"
"10","009","00","007","0712","0000","583","444","139","35","618","1233","0","50.12","36.01"
"10","009","00","007","0712","0552","583","444","139","35","618","1233","0","50.12","36.01"
"10","009","00","007","0713","0000","233","182","51","17","250","453","0","55.19","40.18"
"10","009","00","007","0713","0556","233","182","51","17","250","453","0","55.19","40.18"
"10","009","00","007","0714","0000","251","185","66","27","278","571","0","48.69","32.4"
"10","009","00","007","0714","0557","251","185","66","27","278","571","0","48.69","32.4"
"10","009","00","007","0715","0000","1053","719","334","56","1109","2058","0","53.89","34.94"
"10","009","00","007","0715","0549","566","377","189","36","602","1102","0","54.63","34.21"
"10","009","00","007","0715","0550","487","342","145","20","507","956","0","53.03","35.77"
"10","009","00","007","0716","0000","358","225","133","27","385","695","0","55.4","32.37"
"10","009","00","007","0716","0551","358","225","133","27","385","695","0","55.4","32.37"
"10","009","00","007","0717","0000","1073","738","335","76","1149","2243","0","51.23","32.9"
"10","009","00","007","0717","0541","444","313","131","30","474","943","0","50.27","33.19"
"10","009","00","007","0717","0542","629","425","204","46","675","1300","0","51.92","32.69"
"10","009","00","007","0718","0000","1037","759","278","78","1115","2108","0","52.89","36.01"
"10","009","00","007","0718","0543","460","341","119","37","497","964","0","51.56","35.37"
"10","009","00","007","0718","0544","577","418","159","41","618","1144","0","54.02","36.54"
"10","009","00","007","0719","0000","749","515","234","48","797","1482","0","53.78","34.75"
"10","009","00","007","0719","0545","749","515","234","48","797","1482","0","53.78","34.75"
"10","009","00","007","0720","0000","364","265","99","29","393","688","0","57.12","38.52"
"10","009","00","007","0720","0546","364","265","99","29","393","688","0","57.12","38.52"
"10","009","00","008","0000","0000","8044","5518","2526","577","8621","16509","19083","52.22","33.42"
"10","009","00","008","0801","0000","383","272","111","20","403","750","0","53.73","36.27"
"10","009","00","008","0801","0480","383","272","111","20","403","750","0","53.73","36.27"
"10","009","00","008","0802","0000","1079","727","352","76","1155","2095","0","55.13","34.7"
"10","009","00","008","0802","0484","745","495","250","51","796","1495","0","53.24","33.11"
"10","009","00","008","0802","0485","334","232","102","25","359","600","0","59.83","38.67"
"10","009","00","008","0803","0000","549","366","183","45","594","1004","0","59.16","36.45"
"10","009","00","008","0803","0486","549","366","183","45","594","1004","0","59.16","36.45"
"10","009","00","008","0804","0000","377","251","126","22","399","948","0","42.09","26.48"
"10","009","00","008","0804","0487","377","251","126","22","399","948","0","42.09","26.48"
"10","009","00","008","0805","0000","895","615","280","53","948","1895","0","50.03","32.45"
"10","009","00","008","0805","0489","670","456","214","38","708","1430","0","49.51","31.89"
"10","009","00","008","0805","0490","225","159","66","15","240","465","0","51.61","34.19"
"10","009","00","008","0806","0000","863","595","268","50","913","1781","0","51.26","33.41"
"10","009","00","008","0806","0491","625","439","186","39","664","1307","0","50.8","33.59"
"10","009","00","008","0806","0492","238","156","82","11","249","474","0","52.53","32.91"
"10","009","00","008","0807","0000","774","542","232","57","831","1539","0","54.0","35.22"
"10","009","00","008","0807","0488","774","542","232","57","831","1539","0","54.0","35.22"
"10","009","00","008","0808","0000","663","428","235","69","732","1220","0","60.0","35.08"
"10","009","00","008","0808","0493","663","428","235","69","732","1220","0","60.0","35.08"
"10","009","00","008","0809","0000","351","241","110","22","373","719","0","51.88","33.52"
"10","009","00","008","0809","0481","351","241","110","22","373","719","0","51.88","33.52"
"10","009","00","008","0810","0000","308","242","66","15","323","603","0","53.57","40.13"
"10","009","00","008","0810","0482","308","242","66","15","323","603","0","53.57","40.13"
"10","009","00","008","0811","0000","484","332","152","46","530","1106","0","47.92","30.02"
"10","009","00","008","0811","0483","484","332","152","46","530","1106","0","47.92","30.02"
"10","009","00","008","0812","0000","374","266","108","18","392","733","0","53.48","36.29"
"10","009","00","008","0812","0494","374","266","108","18","392","733","0","53.48","36.29"
"10","009","00","008","0813","0000","350","240","110","26","376","681","0","55.21","35.24"
"10","009","00","008","0813","0495","350","240","110","26","376","681","0","55.21","35.24"
"10","009","00","008","0814","0000","282","186","96","21","303","712","0","42.56","26.12"
"10","009","00","008","0814","0496","282","186","96","21","303","712","0","42.56","26.12"
"10","009","00","008","0815","0000","312","215","97","37","349","723","0","48.27","29.74"
"10","009","00","008","0815","0497","312","215","97","37","349","723","0","48.27","29.74"
"10","009","00","009","0000","0000","12592","8646","3946","1037","13629","24570","28727","55.47","35.19"
"10","009","00","009","0901","0000","2168","1574","594","153","2321","4079","0","56.9","38.59"
"10","009","00","009","0901","0374","807","547","260","48","855","1507","0","56.74","36.3"
"10","009","00","009","0901","0375","677","472","205","32","709","1300","0","54.54","36.31"
"10","009","00","009","0901","0376","684","555","129","73","757","1272","0","59.51","43.63"
"10","009","00","009","0902","0000","412","257","155","47","459","861","0","53.31","29.85"
"10","009","00","009","0902","0377","412","257","155","47","459","861","0","53.31","29.85"
"10","009","00","009","0903","0000","710","485","225","47","757","1565","0","48.37","30.99"
"10","009","00","009","0903","0378","710","485","225","47","757","1565","0","48.37","30.99"
"10","009","00","009","0904","0000","579","405","174","37","616","1213","0","50.78","33.39"
"10","009","00","009","0904","0379","297","219","78","12","309","577","0","53.55","37.95"
"10","009","00","009","0904","0380","282","186","96","25","307","636","0","48.27","29.25"
"10","009","00","009","0905","0000","523","347","176","59","582","1110","0","52.43","31.26"
"10","009","00","009","0905","0381","523","347","176","59","582","1110","0","52.43","31.26"
"10","009","00","009","0906","0000","1073","683","390","93","1166","1958","0","59.55","34.88"
"10","009","00","009","0906","0382","542","342","200","47","589","973","0","60.53","35.15"
"10","009","00","009","0906","0383","531","341","190","46","577","985","0","58.58","34.62"
"10","009","00","009","0907","0000","1628","1119","509","121","1749","2991","0","58.48","37.41"
"10","009","00","009","0907","0384","936","644","292","81","1017","1707","0","59.58","37.73"
"10","009","00","009","0907","0385","692","475","217","40","732","1284","0","57.01","36.99"
"10","009","00","009","0908","0000","695","478","217","46","741","1293","0","57.31","36.97"
"10","009","00","009","0908","0386","695","478","217","46","741","1293","0","57.31","36.97"
"10","009","00","009","0909","0000","570","392","178","32","602","1165","0","51.67","33.65"
"10","009","00","009","0909","0389","570","392","178","32","602","1165","0","51.67","33.65"
"10","009","00","009","0910","0000","1018","703","315","115","1133","1940","0","58.4","36.24"
"10","009","00","009","0910","0387","465","327","138","45","510","900","0","56.67","36.33"
"10","009","00","009","0910","0388","553","376","177","70","623","1040","0","59.9","36.15"
"10","009","00","009","0911","0000","957","662","295","80","1037","1756","0","59.05","37.7"
"10","009","00","009","0911","0390","451","304","147","44","495","871","0","56.83","34.9"
"10","009","00","009","0911","0391","506","358","148","36","542","885","0","61.24","40.45"
"10","009","00","009","0912","0000","693","477","216","41","734","1489","0","49.29","32.03"
"10","009","00","009","0912","0392","693","477","216","41","734","1489","0","49.29","32.03"
"10","009","00","009","0913","0000","597","409","188","74","671","1347","0","49.81","30.36"
"10","009","00","009","0913","0393","597","409","188","74","671","1347","0","49.81","30.36"
"10","009","00","009","0914","0000","969","655","314","92","1061","1803","0","58.85","36.33"
"10","009","00","009","0914","0394","605","399","206","64","669","1150","0","58.17","34.7"
"10","009","00","009","0914","0395","364","256","108","28","392","653","0","60.03","39.2"
"10","009","00","010","0000","0000","8164","5670","2494","676","8840","15551","18089","56.85","36.46"
"10","009","00","010","1001","0000","613","437","176","43","656","1036","0","63.32","42.18"
"10","009","00","010","1001","0396","613","437","176","43","656","1036","0","63.32","42.18"
"10","009","00","010","1002","0000","1874","1307","567","126","2000","3652","0","54.76","35.79"
"10","009","00","010","1002","0397","800","543","257","39","839","1490","0","56.31","36.44"
"10","009","00","010","1002","0398","746","520","226","57","803","1491","0","53.86","34.88"
"10","009","00","010","1002","0399","328","244","84","30","358","671","0","53.35","36.36"
"10","009","00","010","1003","0000","1190","845","345","120","1310","2187","0","59.9","38.64"
"10","009","00","010","1003","0400","792","572","220","74","866","1436","0","60.31","39.83"
"10","009","00","010","1003","0401","398","273","125","46","444","751","0","59.12","36.35"
"10","009","00","010","1004","0000","288","191","97","13","301","535","0","56.26","35.7"
"10","009","00","010","1004","0402","288","191","97","13","301","535","0","56.26","35.7"
"10","009","00","010","1005","0000","357","250","107","34","391","811","0","48.21","30.83"
"10","009","00","010","1005","0403","357","250","107","34","391","811","0","48.21","30.83"
"10","009","00","010","1006","0000","1361","935","426","117","1478","2625","0","56.3","35.62"
"10","009","00","010","1006","0404","705","468","237","65","770","1339","0","57.51","34.95"
"10","009","00","010","1006","0405","656","467","189","52","708","1286","0","55.05","36.31"
"10","009","00","010","1007","0000","330","212","118","29","359","646","0","55.57","32.82"
"10","009","00","010","1007","0406","330","212","118","29","359","646","0","55.57","32.82"
"10","009","00","010","1008","0000","621","440","181","41","662","1158","0","57.17","38.0"
"10","009","00","010","1008","0407","621","440","181","41","662","1158","0","57.17","38.0"
"10","009","00","010","1009","0000","576","400","176","43","619","1090","0","56.79","36.7"
"10","009","00","010","1009","0408","576","400","176","43","619","1090","0","56.79","36.7"
"10","009","00","010","1010","0000","954","653","301","110","1064","1811","0","58.75","36.06"
"10","009","00","010","1010","0409","509","368","141","68","577","950","0","60.74","38.74"
"10","009","00","010","1010","0410","445","285","160","42","487","861","0","56.56","33.1"
"10","009","00","011","0000","0000","10225","6969","3256","1037","11262","23367","26906","48.2","29.82"
"10","009","00","011","1101","0000","654","437","217","33","687","1463","0","46.96","29.87"
"10","009","00","011","1101","0317","654","437","217","33","687","1463","0","46.96","29.87"
"10","009","00","011","1102","0000","762","508","254","55","817","1738","0","47.01","29.23"
"10","009","00","011","1102","0318","762","508","254","55","817","1738","0","47.01","29.23"
"10","009","00","011","1103","0000","715","489","226","93","808","1643","0","49.18","29.76"
"10","009","00","011","1103","0319","256","179","77","45","301","625","0","48.16","28.64"
"10","009","00","011","1103","0320","459","310","149","48","507","1018","0","49.8","30.45"
"10","009","00","011","1104","0000","542","366","176","44","586","1496","0","39.17","24.47"
"10","009","00","011","1104","0321","173","122","51","3","176","448","0","39.29","27.23"
"10","009","00","011","1104","0322","369","244","125","41","410","1048","0","39.12","23.28"
"10","009","00","011","1105","0000","566","363","203","68","634","1161","0","54.61","31.27"
"10","009","00","011","1105","0323","566","363","203","68","634","1161","0","54.61","31.27"
"10","009","00","011","1106","0000","937","635","302","82","1019","1840","0","55.38","34.51"
"10","009","00","011","1106","0324","476","321","155","39","515","991","0","51.97","32.39"
"10","009","00","011","1106","0325","461","314","147","43","504","849","0","59.36","36.98"
"10","009","00","011","1107","0000","406","278","128","44","450","890","0","50.56","31.24"
"10","009","00","011","1107","0326","406","278","128","44","450","890","0","50.56","31.24"
"10","009","00","011","1108","0000","451","311","140","22","473","891","0","53.09","34.9"
"10","009","00","011","1108","0328","451","311","140","22","473","891","0","53.09","34.9"
"10","009","00","011","1109","0000","304","206","98","26","330","757","0","43.59","27.21"
"10","009","00","011","1109","0329","304","206","98","26","330","757","0","43.59","27.21"
"10","009","00","011","1110","0000","640","440","200","93","733","1497","0","48.96","29.39"
"10","009","00","011","1110","0330","640","440","200","93","733","1497","0","48.96","29.39"
"10","009","00","011","1111","0000","866","605","261","98","964","1857","0","51.91","32.58"
"10","009","00","011","1111","0331","505","346","159","60","565","1171","0","48.25","29.55"
"10","009","00","011","1111","0332","361","259","102","38","399","686","0","58.16","37.76"
"10","009","00","011","1112","0000","319","234","85","68","387","864","0","44.79","27.08"
"10","009","00","011","1112","0333","319","234","85","68","387","864","0","44.79","27.08"
"10","009","00","011","1113","0000","838","562","276","81","919","1769","0","51.95","31.77"
"10","009","00","011","1113","0334","553","375","178","63","616","1073","0","57.41","34.95"
"10","009","00","011","1113","0335","285","187","98","18","303","696","0","43.53","26.87"
"10","009","00","011","1114","0000","448","310","138","45","493","1271","0","38.79","24.39"
"10","009","00","011","1114","0336","448","310","138","45","493","1271","0","38.79","24.39"
"10","009","00","011","1115","0000","371","267","104","37","408","912","0","44.74","29.28"
"10","009","00","011","1115","0337","371","267","104","37","408","912","0","44.74","29.28"
"10","009","00","011","1116","0000","358","246","112","32","390","861","0","45.3","28.57"
"10","009","00","011","1116","0338","358","246","112","32","390","861","0","45.3","28.57"
"10","009","00","011","1117","0000","412","277","135","45","457","1030","0","44.37","26.89"
"10","009","00","011","1117","0339","412","277","135","45","457","1030","0","44.37","26.89"
"10","009","00","011","1118","0000","636","435","201","71","707","1427","0","49.54","30.48"
"10","009","00","011","1118","0327","636","435","201","71","707","1427","0","49.54","30.48"
"10","009","00","012","0000","0000","9533","6639","2894","816","10349","21050","24427","49.16","31.54"
"10","009","00","012","1201","0000","601","410","191","62","663","1176","0","56.38","34.86"
"10","009","00","012","1201","0297","601","410","191","62","663","1176","0","56.38","34.86"
"10","009","00","012","1202","0000","683","478","205","50","733","1439","0","50.94","33.22"
"10","009","00","012","1202","0298","683","478","205","50","733","1439","0","50.94","33.22"
"10","009","00","012","1203","0000","1247","890","357","86","1333","2286","0","58.31","38.93"
"10","009","00","012","1203","0299","570","405","165","44","614","1027","0","59.79","39.44"
"10","009","00","012","1203","0300","677","485","192","42","719","1259","0","57.11","38.52"
"10","009","00","012","1204","0000","941","672","269","43","984","2056","0","47.86","32.68"
"10","009","00","012","1204","0301","498","347","151","19","517","1058","0","48.87","32.8"
"10","009","00","012","1204","0302","443","325","118","24","467","998","0","46.79","32.57"
"10","009","00","012","1205","0000","967","672","295","71","1038","2023","0","51.31","33.22"
"10","009","00","012","1205","0303","458","324","134","26","484","968","0","50.0","33.47"
"10","009","00","012","1205","0304","509","348","161","45","554","1055","0","52.51","32.99"
"10","009","00","012","1206","0000","572","373","199","58","630","1315","0","47.91","28.37"
"10","009","00","012","1206","0305","572","373","199","58","630","1315","0","47.91","28.37"
"10","009","00","012","1207","0000","841","607","234","96","937","2024","0","46.29","29.99"
"10","009","00","012","1207","0306","316","219","97","28","344","1027","0","33.5","21.32"
"10","009","00","012","1207","0307","525","388","137","68","593","997","0","59.48","38.92"
"10","009","00","012","1208","0000","395","285","110","27","422","807","0","52.29","35.32"
"10","009","00","012","1208","0308","395","285","110","27","422","807","0","52.29","35.32"
"10","009","00","012","1209","0000","601","380","221","65","666","1502","0","44.34","25.3"
"10","009","00","012","1209","0309","270","179","91","21","291","698","0","41.69","25.64"
"10","009","00","012","1209","0310","331","201","130","44","375","804","0","46.64","25.0"
"10","009","00","012","1210","0000","752","508","244","61","813","1753","0","46.38","28.98"
"10","009","00","012","1210","0311","407","280","127","27","434","867","0","50.06","32.3"
"10","009","00","012","1210","0312","345","228","117","34","379","886","0","42.78","25.73"
"10","009","00","012","1211","0000","531","365","166","81","612","1476","0","41.46","24.73"
"10","009","00","012","1211","0313","531","365","166","81","612","1476","0","41.46","24.73"
"10","009","00","012","1212","0000","381","290","91","30","411","1159","0","35.46","25.02"
"10","009","00","012","1212","0314","381","290","91","30","411","1159","0","35.46","25.02"
"10","009","00","012","1213","0000","631","453","178","53","684","1220","0","56.07","37.13"
"10","009","00","012","1213","0315","631","453","178","53","684","1220","0","56.07","37.13"
"10","009","00","012","1214","0000","390","256","134","33","423","814","0","51.97","31.45"
"10","009","00","012","1214","0316","390","256","134","33","423","814","0","51.97","31.45"
"10","009","00","013","0000","0000","17026","11773","5253","1267","18293","37119","46004","49.28","31.72"
"10","009","00","013","1301","0000","1808","1228","580","134","1942","4029","0","48.2","30.48"
"10","009","00","013","1301","0005","578","387","191","39","617","1340","0","46.04","28.88"
"10","009","00","013","1301","0006","504","328","176","50","554","1138","0","48.68","28.82"
"10","009","00","013","1301","0007","726","513","213","45","771","1551","0","49.71","33.08"
"10","009","00","013","1302","0000","3195","2207","988","184","3379","6988","0","48.35","31.58"
"10","009","00","013","1302","0001","613","426","187","43","656","1497","0","43.82","28.46"
"10","009","00","013","1302","0002","830","574","256","44","874","1738","0","50.29","33.03"
"10","009","00","013","1302","0003","908","631","277","49","957","1921","0","49.82","32.85"
"10","009","00","013","1302","0004","844","576","268","48","892","1832","0","48.69","31.44"
"10","009","00","013","1303","0000","770","593","177","67","837","1909","0","43.84","31.06"
"10","009","00","013","1303","0008","291","214","77","26","317","715","0","44.34","29.93"
"10","009","00","013","1303","0009","479","379","100","41","520","1194","0","43.55","31.74"
"10","009","00","013","1304","0000","1024","708","316","72","1096","2581","0","42.46","27.43"
"10","009","00","013","1304","0010","455","301","154","34","489","1023","0","47.8","29.42"
"10","009","00","013","1304","0011","569","407","162","38","607","1558","0","38.96","26.12"
"10","009","00","013","1305","0000","1181","827","354","90","1271","2559","0","49.67","32.32"
"10","009","00","013","1305","0019","574","402","172","47","621","1230","0","50.49","32.68"
"10","009","00","013","1305","0020","607","425","182","43","650","1329","0","48.91","31.98"
"10","009","00","013","1306","0000","1307","918","389","133","1440","2959","0","48.67","31.02"
"10","009","00","013","1306","0014","607","416","191","66","673","1363","0","49.38","30.52"
"10","009","00","013","1306","0015","700","502","198","67","767","1596","0","48.06","31.45"
"10","009","00","013","1307","0000","870","579","291","40","910","2170","0","41.94","26.68"
"10","009","00","013","1307","0012","468","303","165","20","488","1187","0","41.11","25.53"
"10","009","00","013","1307","0013","402","276","126","20","422","983","0","42.93","28.08"
"10","009","00","013","1308","0000","813","543","270","76","889","2002","0","44.41","27.12"
"10","009","00","013","1308","0017","391","258","133","45","436","964","0","45.23","26.76"
"10","009","00","013","1308","0018","422","285","137","31","453","1038","0","43.64","27.46"
"10","009","00","013","1309","0000","1948","1372","576","160","2108","3841","0","54.88","35.72"
"10","009","00","013","1309","0021","565","422","143","43","608","1129","0","53.85","37.38"
"10","009","00","013","1309","0022","635","420","215","61","696","1241","0","56.08","33.84"
"10","009","00","013","1309","0023","748","530","218","56","804","1471","0","54.66","36.03"
"10","009","00","013","1310","0000","574","392","182","63","637","1107","0","57.54","35.41"
"10","009","00","013","1310","0024","574","392","182","63","637","1107","0","57.54","35.41"
"10","009","00","013","1311","0000","1666","1149","517","107","1773","3391","0","52.29","33.88"
"10","009","00","013","1311","0025","836","586","250","66","902","1636","0","55.13","35.82"
"10","009","00","013","1311","0026","830","563","267","41","871","1755","0","49.63","32.08"
"10","009","00","013","1312","0000","1074","715","359","73","1147","2114","0","54.26","33.82"
"10","009","00","013","1312","0027","587","396","191","43","630","1158","0","54.4","34.2"
"10","009","00","013","1312","0028","487","319","168","30","517","956","0","54.08","33.37"
"10","009","00","013","1313","0000","796","542","254","68","864","1469","0","58.82","36.9"
"10","009","00","013","1313","0016","796","542","254","68","864","1469","0","58.82","36.9"
"10","009","00","014","0000","0000","6091","4225","1866","527","6618","13239","14845","49.99","31.91"
"10","009","00","014","1401","0000","825","592","233","49","874","1533","0","57.01","38.62"
"10","009","00","014","1401","0055","825","592","233","49","874","1533","0","57.01","38.62"
"10","009","00","014","1402","0000","673","482","191","46","719","1203","0","59.77","40.07"
"10","009","00","014","1402","0056","673","482","191","46","719","1203","0","59.77","40.07"
"10","009","00","014","1403","0000","736","511","225","55","791","1624","0","48.71","31.47"
"10","009","00","014","1403","0053","370","264","106","27","397","896","0","44.31","29.46"
"10","009","00","014","1403","0054","366","247","119","28","394","728","0","54.12","33.93"
"10","009","00","014","1404","0000","310","215","95","19","329","540","0","60.93","39.81"
"10","009","00","014","1404","0052","310","215","95","19","329","540","0","60.93","39.81"
"10","009","00","014","1405","0000","504","319","185","39","543","1207","0","44.99","26.43"
"10","009","00","014","1405","0051","504","319","185","39","543","1207","0","44.99","26.43"
"10","009","00","014","1406","0000","292","206","86","33","325","546","0","59.52","37.73"
"10","009","00","014","1406","0058","292","206","86","33","325","546","0","59.52","37.73"
"10","009","00","014","1407","0000","357","247","110","38","395","817","0","48.35","30.23"
"10","009","00","014","1407","0057","357","247","110","38","395","817","0","48.35","30.23"
"10","009","00","014","1408","0000","319","216","103","54","373","856","0","43.57","25.23"
"10","009","00","014","1408","0060","319","216","103","54","373","856","0","43.57","25.23"
"10","009","00","014","1409","0000","396","298","98","42","438","853","0","51.35","34.94"
"10","009","00","014","1409","0059","396","298","98","42","438","853","0","51.35","34.94"
"10","009","00","014","1410","0000","900","600","300","76","976","1945","0","50.18","30.85"
"10","009","00","014","1410","0061","408","269","139","39","447","923","0","48.43","29.14"
"10","009","00","014","1410","0062","492","331","161","37","529","1022","0","51.76","32.39"
"10","009","00","014","1411","0000","396","265","131","39","435","1087","0","40.02","24.38"
"10","009","00","014","1411","0065","396","265","131","39","435","1087","0","40.02","24.38"
"10","009","00","014","1412","0000","383","274","109","37","420","1028","0","40.86","26.65"
"10","009","00","014","1412","0063","218","153","65","24","242","634","0","38.17","24.13"
"10","009","00","014","1412","0064","165","121","44","13","178","394","0","45.18","30.71"
"10","009","00","015","0000","0000","5475","3677","1798","395","5870","11381","12992","51.58","32.31"
"10","009","00","015","1501","0000","1037","709","328","70","1107","1916","0","57.78","37.0"
"10","009","00","015","1501","0066","480","340","140","40","520","923","0","56.34","36.84"
"10","009","00","015","1501","0067","557","369","188","30","587","993","0","59.11","37.16"
"10","009","00","015","1502","0000","722","499","223","33","755","1450","0","52.07","34.41"
"10","009","00","015","1502","0068","375","246","129","21","396","748","0","52.94","32.89"
"10","009","00","015","1502","0069","347","253","94","12","359","702","0","51.14","36.04"
"10","009","00","015","1503","0000","763","541","222","31","794","1508","0","52.65","35.88"
"10","009","00","015","1503","0070","367","270","97","18","385","752","0","51.2","35.9"
"10","009","00","015","1503","0071","396","271","125","13","409","756","0","54.1","35.85"
"10","009","00","015","1504","0000","583","352","231","40","623","1207","0","51.62","29.16"
"10","009","00","015","1504","0074","215","137","78","17","232","470","0","49.36","29.15"
"10","009","00","015","1504","0075","368","215","153","23","391","737","0","53.05","29.17"
"10","009","00","015","1505","0000","677","457","220","39","716","1524","0","46.98","29.99"
"10","009","00","015","1505","0072","239","167","72","17","256","490","0","52.24","34.08"
"10","009","00","015","1505","0073","438","290","148","22","460","1034","0","44.49","28.05"
"10","009","00","015","1506","0000","417","294","123","27","444","878","0","50.57","33.49"
"10","009","00","015","1506","0076","417","294","123","27","444","878","0","50.57","33.49"
"10","009","00","015","1507","0000","342","230","112","48","390","778","0","50.13","29.56"
"10","009","00","015","1507","0077","342","230","112","48","390","778","0","50.13","29.56"
"10","009","00","015","1508","0000","569","358","211","43","612","1224","0","50.0","29.25"
"10","009","00","015","1508","0078","569","358","211","43","612","1224","0","50.0","29.25"
"10","009","00","015","1509","0000","365","237","128","64","429","896","0","47.88","26.45"
"10","009","00","015","1509","0079","365","237","128","64","429","896","0","47.88","26.45"
"10","009","00","016","0000","0000","9004","6443","2561","770","9774","21125","23824","46.27","30.5"
"10","009","00","016","1601","0000","640","458","182","45","685","1238","0","55.33","37.0"
"10","009","00","016","1601","0029","640","458","182","45","685","1238","0","55.33","37.0"
"10","009","00","016","1602","0000","531","385","146","50","581","1098","0","52.91","35.06"
"10","009","00","016","1602","0031","531","385","146","50","581","1098","0","52.91","35.06"
"10","009","00","016","1603","0000","478","330","148","36","514","1091","0","47.11","30.25"
"10","009","00","016","1603","0030","478","330","148","36","514","1091","0","47.11","30.25"
"10","009","00","016","1604","0000","889","653","236","58","947","2073","0","45.68","31.5"
"10","009","00","016","1604","0032","433","309","124","18","451","1048","0","43.03","29.48"
"10","009","00","016","1604","0033","456","344","112","40","496","1025","0","48.39","33.56"
"10","009","00","016","1605","0000","585","443","142","51","636","1460","0","43.56","30.34"
"10","009","00","016","1605","0035","585","443","142","51","636","1460","0","43.56","30.34"
"10","009","00","016","1606","0000","603","419","184","80","683","1890","0","36.14","22.17"
"10","009","00","016","1606","0036","382","260","122","62","444","1180","0","37.63","22.03"
"10","009","00","016","1606","0037","221","159","62","18","239","710","0","33.66","22.39"
"10","009","00","016","1607","0000","263","189","74","12","275","620","0","44.35","30.48"
"10","009","00","016","1607","0038","263","189","74","12","275","620","0","44.35","30.48"
"10","009","00","016","1608","0000","257","174","83","26","283","687","0","41.19","25.33"
"10","009","00","016","1608","0040","257","174","83","26","283","687","0","41.19","25.33"
"10","009","00","016","1609","0000","192","118","74","23","215","449","0","47.88","26.28"
"10","009","00","016","1609","0039","192","118","74","23","215","449","0","47.88","26.28"
"10","009","00","016","1610","0000","394","285","109","38","432","850","0","50.82","33.53"
"10","009","00","016","1610","0034","394","285","109","38","432","850","0","50.82","33.53"
"10","009","00","016","1611","0000","707","486","221","65","772","1514","0","50.99","32.1"
"10","009","00","016","1611","0043","502","347","155","50","552","1042","0","52.98","33.3"
"10","009","00","016","1611","0044","205","139","66","15","220","472","0","46.61","29.45"
"10","009","00","016","1612","0000","598","438","160","21","619","1409","0","43.93","31.09"
"10","009","00","016","1612","0045","598","438","160","21","619","1409","0","43.93","31.09"
"10","009","00","016","1613","0000","1334","960","374","156","1490","3067","0","48.58","31.3"
"10","009","00","016","1613","0046","499","354","145","68","567","1061","0","53.44","33.36"
"10","009","00","016","1613","0047","412","300","112","18","430","993","0","43.3","30.21"
"10","009","00","016","1613","0048","423","306","117","70","493","1013","0","48.67","30.21"
"10","009","00","016","1614","0000","815","584","231","59","874","1849","0","47.27","31.58"
"10","009","00","016","1614","0049","566","414","152","44","610","1233","0","49.47","33.58"
"10","009","00","016","1614","0050","249","170","79","15","264","616","0","42.86","27.6"
"10","009","00","016","1615","0000","718","521","197","50","768","1830","0","41.97","28.47"
"10","009","00","016","1615","0041","517","367","150","42","559","1247","0","44.83","29.43"
"10","009","00","016","1615","0042","201","154","47","8","209","583","0","35.85","26.42"
"10","009","00","017","0000","0000","9214","6424","2790","798","10012","22830","25784","43.85","28.14"
"10","009","00","017","1701","0000","1531","1084","447","101","1632","3349","0","48.73","32.37"
"10","009","00","017","1701","0180","432","311","121","33","465","915","0","50.82","33.99"
"10","009","00","017","1701","0181","596","419","177","24","620","1284","0","48.29","32.63"
"10","009","00","017","1701","0182","503","354","149","44","547","1150","0","47.57","30.78"
"10","009","00","017","1702","0000","666","472","194","64","730","1534","0","47.59","30.77"
"10","009","00","017","1702","0183","308","211","97","28","336","744","0","45.16","28.36"
"10","009","00","017","1702","0184","358","261","97","36","394","790","0","49.87","33.04"
"10","009","00","017","1703","0000","509","359","150","54","563","1356","0","41.52","26.47"
"10","009","00","017","1703","0185","509","359","150","54","563","1356","0","41.52","26.47"
"10","009","00","017","1704","0000","324","213","111","37","361","739","0","48.85","28.82"
"10","009","00","017","1704","0186","324","213","111","37","361","739","0","48.85","28.82"
"10","009","00","017","1705","0000","369","254","115","29","398","965","0","41.24","26.32"
"10","009","00","017","1705","0187","369","254","115","29","398","965","0","41.24","26.32"
"10","009","00","017","1706","0000","420","297","123","44","464","1080","0","42.96","27.5"
"10","009","00","017","1706","0188","420","297","123","44","464","1080","0","42.96","27.5"
"10","009","00","017","1707","0000","347","247","100","40","387","948","0","40.82","26.05"
"10","009","00","017","1707","0189","347","247","100","40","387","948","0","40.82","26.05"
"10","009","00","017","1708","0000","219","139","80","18","237","762","0","31.1","18.24"
"10","009","00","017","1708","0190","219","139","80","18","237","762","0","31.1","18.24"
"10","009","00","017","1709","0000","256","148","108","14","270","582","0","46.39","25.43"
"10","009","00","017","1709","0191","256","148","108","14","270","582","0","46.39","25.43"
"10","009","00","017","1710","0000","320","215","105","17","337","865","0","38.96","24.86"
"10","009","00","017","1710","0192","320","215","105","17","337","865","0","38.96","24.86"
"10","009","00","017","1711","0000","77","60","17","6","83","362","0","22.93","16.57"
"10","009","00","017","1711","0193","77","60","17","6","83","362","0","22.93","16.57"
"10","009","00","017","1712","0000","450","308","142","25","475","1162","0","40.88","26.51"
"10","009","00","017","1712","0194","450","308","142","25","475","1162","0","40.88","26.51"
"10","009","00","017","1713","0000","634","465","169","47","681","1527","0","44.6","30.45"
"10","009","00","017","1713","0195","634","465","169","47","681","1527","0","44.6","30.45"
"10","009","00","017","1714","0000","435","307","128","55","490","1006","0","48.71","30.52"
"10","009","00","017","1714","0196","435","307","128","55","490","1006","0","48.71","30.52"
"10","009","00","017","1715","0000","359","261","98","14","373","855","0","43.63","30.53"
"10","009","00","017","1715","0197","359","261","98","14","373","855","0","43.63","30.53"
"10","009","00","017","1716","0000","506","358","148","53","559","1181","0","47.33","30.31"
"10","009","00","017","1716","0198","506","358","148","53","559","1181","0","47.33","30.31"
"10","009","00","017","1717","0000","332","242","90","27","359","864","0","41.55","28.01"
"10","009","00","017","1717","0199","332","242","90","27","359","864","0","41.55","28.01"
"10","009","00","017","1718","0000","570","384","186","62","632","1545","0","40.91","24.85"
"10","009","00","017","1718","0200","244","165","79","29","273","667","0","40.93","24.74"
"10","009","00","017","1718","0201","326","219","107","33","359","878","0","40.89","24.94"
"10","009","00","017","1719","0000","214","142","72","12","226","610","0","37.05","23.28"
"10","009","00","017","1719","0202","214","142","72","12","226","610","0","37.05","23.28"
"10","009","00","017","1720","0000","350","245","105","49","399","837","0","47.67","29.27"
"10","009","00","017","1720","0203","350","245","105","49","399","837","0","47.67","29.27"
"10","009","00","017","1721","0000","326","224","102","30","356","701","0","50.78","31.95"
"10","009","00","017","1721","0204","326","224","102","30","356","701","0","50.78","31.95"
"10","009","00","018","0000","0000","7692","5432","2260","712","8404","20983","23317","40.05","25.89"
"10","009","00","018","1801","0000","779","584","195","77","856","1758","0","48.69","33.22"
"10","009","00","018","1801","0155","442","329","113","40","482","1082","0","44.55","30.41"
"10","009","00","018","1801","0156","337","255","82","37","374","676","0","55.33","37.72"
"10","009","00","018","1802","0000","234","159","75","14","248","650","0","38.15","24.46"
"10","009","00","018","1802","0160","234","159","75","14","248","650","0","38.15","24.46"
"10","009","00","018","1803","0000","410","292","118","25","435","969","0","44.89","30.13"
"10","009","00","018","1803","0161","410","292","118","25","435","969","0","44.89","30.13"
"10","009","00","018","1804","0000","336","223","113","39","375","925","0","40.54","24.11"
"10","009","00","018","1804","0162","336","223","113","39","375","925","0","40.54","24.11"
"10","009","00","018","1805","0000","1113","801","312","56","1169","2291","0","51.03","34.96"
"10","009","00","018","1805","0157","417","304","113","16","433","862","0","50.23","35.27"
"10","009","00","018","1805","0158","182","127","55","12","194","477","0","40.67","26.62"
"10","009","00","018","1805","0159","514","370","144","28","542","952","0","56.93","38.87"
"10","009","00","018","1806","0000","438","315","123","34","472","1219","0","38.72","25.84"
"10","009","00","018","1806","0165","438","315","123","34","472","1219","0","38.72","25.84"
"10","009","00","018","1807","0000","206","136","70","39","245","759","0","32.28","17.92"
"10","009","00","018","1807","0164","206","136","70","39","245","759","0","32.28","17.92"
"10","009","00","018","1808","0000","376","266","110","25","401","914","0","43.87","29.1"
"10","009","00","018","1808","0163","376","266","110","25","401","914","0","43.87","29.1"
"10","009","00","018","1809","0000","287","196","91","21","308","876","0","35.16","22.37"
"10","009","00","018","1809","0169","287","196","91","21","308","876","0","35.16","22.37"
"10","009","00","018","1810","0000","124","84","40","15","139","360","0","38.61","23.33"
"10","009","00","018","1810","0170","124","84","40","15","139","360","0","38.61","23.33"
"10","009","00","018","1811","0000","238","159","79","19","257","773","0","33.25","20.57"
"10","009","00","018","1811","0167","238","159","79","19","257","773","0","33.25","20.57"
"10","009","00","018","1812","0000","296","215","81","28","324","937","0","34.58","22.95"
"10","009","00","018","1812","0166","296","215","81","28","324","937","0","34.58","22.95"
"10","009","00","018","1813","0000","490","338","152","63","553","1718","0","32.19","19.67"
"10","009","00","018","1813","0171","235","167","68","32","267","885","0","30.17","18.87"
"10","009","00","018","1813","0172","255","171","84","31","286","833","0","34.33","20.53"
"10","009","00","018","1814","0000","295","200","95","31","326","785","0","41.53","25.48"
"10","009","00","018","1814","0173","295","200","95","31","326","785","0","41.53","25.48"
"10","009","00","018","1815","0000","312","237","75","25","337","705","0","47.8","33.62"
"10","009","00","018","1815","0174","312","237","75","25","337","705","0","47.8","33.62"
"10","009","00","018","1816","0000","313","230","83","22","335","927","0","36.14","24.81"
"10","009","00","018","1816","0175","313","230","83","22","335","927","0","36.14","24.81"
"10","009","00","018","1817","0000","369","260","109","40","409","1071","0","38.19","24.28"
"10","009","00","018","1817","0177","369","260","109","40","409","1071","0","38.19","24.28"
"10","009","00","018","1818","0000","267","179","88","21","288","1022","0","28.18","17.51"
"10","009","00","018","1818","0178","267","179","88","21","288","1022","0","28.18","17.51"
"10","009","00","018","1819","0000","278","197","81","36","314","711","0","44.16","27.71"
"10","009","00","018","1819","0179","278","197","81","36","314","711","0","44.16","27.71"
"10","009","00","018","1820","0000","193","134","59","32","225","555","0","40.54","24.14"
"10","009","00","018","1820","0168","193","134","59","32","225","555","0","40.54","24.14"
"10","009","00","018","1821","0000","338","227","111","50","388","1058","0","36.67","21.46"
"10","009","00","018","1821","0176","338","227","111","50","388","1058","0","36.67","21.46"
"10","009","00","019","0000","0000","10546","7386","3160","1103","11649","24193","27383","48.15","30.53"
"10","009","00","019","1901","0000","582","401","181","83","665","1225","0","54.29","32.73"
"10","009","00","019","1901","0206","582","401","181","83","665","1225","0","54.29","32.73"
"10","009","00","019","1902","0000","553","355","198","48","601","1134","0","53.0","31.31"
"10","009","00","019","1902","0205","553","355","198","48","601","1134","0","53.0","31.31"
"10","009","00","019","1903","0000","248","181","67","29","277","647","0","42.81","27.98"
"10","009","00","019","1903","0207","248","181","67","29","277","647","0","42.81","27.98"
"10","009","00","019","1904","0000","381","255","126","55","436","900","0","48.44","28.33"
"10","009","00","019","1904","0209","381","255","126","55","436","900","0","48.44","28.33"
"10","009","00","019","1905","0000","341","233","108","21","362","709","0","51.06","32.86"
"10","009","00","019","1905","0208","341","233","108","21","362","709","0","51.06","32.86"
"10","009","00","019","1906","0000","457","305","152","52","509","1011","0","50.35","30.17"
"10","009","00","019","1906","0210","457","305","152","52","509","1011","0","50.35","30.17"
"10","009","00","019","1907","0000","598","434","164","25","623","1437","0","43.35","30.2"
"10","009","00","019","1907","0211","598","434","164","25","623","1437","0","43.35","30.2"
"10","009","00","019","1908","0000","760","542","218","35","795","2041","0","38.95","26.56"
"10","009","00","019","1908","0212","280","197","83","12","292","848","0","34.43","23.23"
"10","009","00","019","1908","0213","480","345","135","23","503","1193","0","42.16","28.92"
"10","009","00","019","1909","0000","580","379","201","79","659","1574","0","41.87","24.08"
"10","009","00","019","1909","0214","246","172","74","42","288","759","0","37.94","22.66"
"10","009","00","019","1909","0215","334","207","127","37","371","815","0","45.52","25.4"
"10","009","00","019","1910","0000","660","463","197","65","725","1460","0","49.66","31.71"
"10","009","00","019","1910","0216","660","463","197","65","725","1460","0","49.66","31.71"
"10","009","00","019","1911","0000","180","110","70","10","190","556","0","34.17","19.78"
"10","009","00","019","1911","0217","180","110","70","10","190","556","0","34.17","19.78"
"10","009","00","019","1912","0000","665","472","193","49","714","1532","0","46.61","30.81"
"10","009","00","019","1912","0218","665","472","193","49","714","1532","0","46.61","30.81"
"10","009","00","019","1913","0000","372","286","86","22","394","847","0","46.52","33.77"
"10","009","00","019","1913","0219","372","286","86","22","394","847","0","46.52","33.77"
"10","009","00","019","1914","0000","860","582","278","157","1017","1882","0","54.04","30.92"
"10","009","00","019","1914","0220","155","98","57","27","182","374","0","48.66","26.2"
"10","009","00","019","1914","0221","705","484","221","130","835","1508","0","55.37","32.1"
"10","009","00","019","1915","0000","485","379","106","48","533","951","0","56.05","39.85"
"10","009","00","019","1915","0222","485","379","106","48","533","951","0","56.05","39.85"
"10","009","00","019","1916","0000","366","240","126","33","399","1006","0","39.66","23.86"
"10","009","00","019","1916","0228","366","240","126","33","399","1006","0","39.66","23.86"
"10","009","00","019","1917","0000","427","317","110","51","478","952","0","50.21","33.3"
"10","009","00","019","1917","0226","427","317","110","51","478","952","0","50.21","33.3"
"10","009","00","019","1918","0000","354","235","119","35","389","720","0","54.03","32.64"
"10","009","00","019","1918","0227","354","235","119","35","389","720","0","54.03","32.64"
"10","009","00","019","1919","0000","938","654","284","107","1045","1789","0","58.41","36.56"
"10","009","00","019","1919","0223","464","326","138","63","527","910","0","57.91","35.82"
"10","009","00","019","1919","0224","474","328","146","44","518","879","0","58.93","37.32"
"10","009","00","019","1920","0000","507","374","133","88","595","1213","0","49.05","30.83"
"10","009","00","019","1920","0225","507","374","133","88","595","1213","0","49.05","30.83"
"10","009","00","019","1921","0000","232","189","43","11","243","607","0","40.03","31.14"
"10","009","00","019","1921","0229","232","189","43","11","243","607","0","40.03","31.14"
"10","009","00","020","0000","0000","8989","6291","2698","896","9885","22508","25426","43.92","27.95"
"10","009","00","020","2001","0000","1029","699","330","60","1089","2242","0","48.57","31.18"
"10","009","00","020","2001","0230","574","387","187","52","626","1355","0","46.2","28.56"
"10","009","00","020","2001","0231","455","312","143","8","463","887","0","52.2","35.17"
"10","009","00","020","2002","0000","981","679","302","61","1042","1997","0","52.18","34.0"
"10","009","00","020","2002","0232","621","448","173","47","668","1234","0","54.13","36.3"
"10","009","00","020","2002","0233","360","231","129","14","374","763","0","49.02","30.28"
"10","009","00","020","2003","0000","443","315","128","52","495","1022","0","48.43","30.82"
"10","009","00","020","2003","0253","443","315","128","52","495","1022","0","48.43","30.82"
"10","009","00","020","2004","0000","472","354","118","32","504","1191","0","42.32","29.72"
"10","009","00","020","2004","0254","472","354","118","32","504","1191","0","42.32","29.72"
"10","009","00","020","2005","0000","442","309","133","59","501","1006","0","49.8","30.72"
"10","009","00","020","2005","0240","442","309","133","59","501","1006","0","49.8","30.72"
"10","009","00","020","2006","0000","255","185","70","10","265","651","0","40.71","28.42"
"10","009","00","020","2006","0241","255","185","70","10","265","651","0","40.71","28.42"
"10","009","00","020","2007","0000","233","160","73","16","249","607","0","41.02","26.36"
"10","009","00","020","2007","0242","233","160","73","16","249","607","0","41.02","26.36"
"10","009","00","020","2008","0000","375","248","127","70","445","1033","0","43.08","24.01"
"10","009","00","020","2008","0243","375","248","127","70","445","1033","0","43.08","24.01"
"10","009","00","020","2009","0000","190","141","49","15","205","631","0","32.49","22.35"
"10","009","00","020","2009","0244","190","141","49","15","205","631","0","32.49","22.35"
"10","009","00","020","2010","0000","370","265","105","45","415","961","0","43.18","27.58"
"10","009","00","020","2010","0245","370","265","105","45","415","961","0","43.18","27.58"
"10","009","00","020","2011","0000","269","173","96","40","309","721","0","42.86","23.99"
"10","009","00","020","2011","0234","269","173","96","40","309","721","0","42.86","23.99"
"10","009","00","020","2012","0000","227","169","58","15","242","647","0","37.4","26.12"
"10","009","00","020","2012","0235","227","169","58","15","242","647","0","37.4","26.12"
"10","009","00","020","2013","0000","385","275","110","20","405","1081","0","37.47","25.44"
"10","009","00","020","2013","0238","385","275","110","20","405","1081","0","37.47","25.44"
"10","009","00","020","2014","0000","374","248","126","61","435","989","0","43.98","25.08"
"10","009","00","020","2014","0236","374","248","126","61","435","989","0","43.98","25.08"
"10","009","00","020","2015","0000","316","219","97","19","335","837","0","40.02","26.16"
"10","009","00","020","2015","0237","316","219","97","19","335","837","0","40.02","26.16"
"10","009","00","020","2016","0000","362","240","122","63","425","951","0","44.69","25.24"
"10","009","00","020","2016","0246","362","240","122","63","425","951","0","44.69","25.24"
"10","009","00","020","2017","0000","354","252","102","18","372","838","0","44.39","30.07"
"10","009","00","020","2017","0247","354","252","102","18","372","838","0","44.39","30.07"
"10","009","00","020","2018","0000","433","328","105","70","503","1055","0","47.68","31.09"
"10","009","00","020","2018","0248","433","328","105","70","503","1055","0","47.68","31.09"
"10","009","00","020","2019","0000","154","112","42","25","179","512","0","34.96","21.88"
"10","009","00","020","2019","0249","154","112","42","25","179","512","0","34.96","21.88"
"10","009","00","020","2020","0000","232","158","74","13","245","671","0","36.51","23.55"
"10","009","00","020","2020","0250","232","158","74","13","245","671","0","36.51","23.55"
"10","009","00","020","2021","0000","183","119","64","39","222","693","0","32.03","17.17"
"10","009","00","020","2021","0251","183","119","64","39","222","693","0","32.03","17.17"
"10","009","00","020","2022","0000","215","155","60","31","246","689","0","35.7","22.5"
"10","009","00","020","2022","0252","215","155","60","31","246","689","0","35.7","22.5"
"10","009","00","020","2023","0000","308","213","95","29","337","704","0","47.87","30.26"
"10","009","00","020","2023","0239","308","213","95","29","337","704","0","47.87","30.26"
"10","009","00","020","2024","0000","387","275","112","33","420","779","0","53.92","35.3"
"10","009","00","020","2024","0255","387","275","112","33","420","779","0","53.92","35.3"
"10","010","00","000","0000","0000","212682","148475","64207","15372","228054","442775","507780","51.51","33.53"
"10","010","00","001","0000","0000","16146","11095","5051","1019","17165","31568","38048","54.37","35.15"
"10","010","00","001","0101","0000","1212","825","387","76","1288","2286","0","56.34","36.09"
"10","010","00","001","0101","0001","636","435","201","45","681","1210","0","56.28","35.95"
"10","010","00","001","0101","0002","576","390","186","31","607","1076","0","56.41","36.25"
"10","010","00","001","0102","0000","221","151","70","29","250","488","0","51.23","30.94"
"10","010","00","001","0102","0003","221","151","70","29","250","488","0","51.23","30.94"
"10","010","00","001","0103","0000","700","481","219","55","755","1475","0","51.19","32.61"
"10","010","00","001","0103","0004","700","481","219","55","755","1475","0","51.19","32.61"
"10","010","00","001","0104","0000","769","540","229","60","829","1673","0","49.55","32.28"
"10","010","00","001","0104","0005","350","235","115","29","379","790","0","47.97","29.75"
"10","010","00","001","0104","0006","419","305","114","31","450","883","0","50.96","34.54"
"10","010","00","001","0105","0000","523","371","152","48","571","1147","0","49.78","32.35"
"10","010","00","001","0105","0007","353","240","113","42","395","758","0","52.11","31.66"
"10","010","00","001","0105","0008","170","131","39","6","176","389","0","45.24","33.68"
"10","010","00","001","0106","0000","478","316","162","40","518","1101","0","47.05","28.7"
"10","010","00","001","0106","0009","478","316","162","40","518","1101","0","47.05","28.7"
"10","010","00","001","0107","0000","475","354","121","13","488","853","0","57.21","41.5"
"10","010","00","001","0107","0010","475","354","121","13","488","853","0","57.21","41.5"
"10","010","00","001","0108","0000","850","595","255","40","890","1692","0","52.6","35.17"
"10","010","00","001","0108","0014","425","309","116","31","456","913","0","49.95","33.84"
"10","010","00","001","0108","0015","425","286","139","9","434","779","0","55.71","36.71"
"10","010","00","001","0109","0000","634","417","217","83","717","1278","0","56.1","32.63"
"10","010","00","001","0109","0016","634","417","217","83","717","1278","0","56.1","32.63"
"10","010","00","001","0110","0000","1158","801","357","58","1216","2392","0","50.84","33.49"
"10","010","00","001","0110","0017","366","264","102","38","404","819","0","49.33","32.23"
"10","010","00","001","0110","0018","792","537","255","20","812","1573","0","51.62","34.14"
"10","010","00","001","0111","0000","393","260","133","25","418","726","0","57.58","35.81"
"10","010","00","001","0111","0019","251","165","86","20","271","481","0","56.34","34.3"
"10","010","00","001","0111","0020","142","95","47","5","147","245","0","60.0","38.78"
"10","010","00","001","0112","0000","302","202","100","21","323","575","0","56.17","35.13"
"10","010","00","001","0112","0021","169","113","56","14","183","317","0","57.73","35.65"
"10","010","00","001","0112","0022","133","89","44","7","140","258","0","54.26","34.5"
"10","010","00","001","0113","0000","1832","1244","588","82","1914","3333","0","57.43","37.32"
"10","010","00","001","0113","0023","305","229","76","28","333","611","0","54.5","37.48"
"10","010","00","001","0113","0024","868","594","274","34","902","1526","0","59.11","38.93"
"10","010","00","001","0113","0025","659","421","238","20","679","1196","0","56.77","35.2"
"10","010","00","001","0114","0000","2334","1594","740","141","2475","4467","0","55.41","35.68"
"10","010","00","001","0114","0026","782","519","263","65","847","1536","0","55.14","33.79"
"10","010","00","001","0114","0027","775","525","250","52","827","1481","0","55.84","35.45"
"10","010","00","001","0114","0028","777","550","227","24","801","1450","0","55.24","37.93"
"10","010","00","001","0115","0000","1006","682","324","47","1053","1829","0","57.57","37.29"
"10","010","00","001","0115","0029","440","307","133","26","466","840","0","55.48","36.55"
"10","010","00","001","0115","0030","566","375","191","21","587","989","0","59.35","37.92"
"10","010","00","001","0116","0000","1616","1102","514","95","1711","3040","0","56.28","36.25"
"10","010","00","001","0116","0031","796","566","230","64","860","1529","0","56.25","37.02"
"10","010","00","001","0116","0032","820","536","284","31","851","1511","0","56.32","35.47"
"10","010","00","001","0117","0000","324","229","95","31","355","697","0","50.93","32.86"
"10","010","00","001","0117","0033","324","229","95","31","355","697","0","50.93","32.86"
"10","010","00","001","0118","0000","1319","931","388","75","1394","2516","0","55.41","37.0"
"10","010","00","001","0118","0011","86","51","35","6","92","224","0","41.07","22.77"
"10","010","00","001","0118","0012","292","202","90","37","329","662","0","49.7","30.51"
"10","010","00","001","0118","0013","941","678","263","32","973","1630","0","59.69","41.6"
"10","010","00","002","0000","0000","17144","11894","5250","1245","18389","35191","42143","52.25","33.8"
"10","010","00","002","0201","0000","1006","688","318","55","1061","1938","0","54.75","35.5"
"10","010","00","002","0201","0233","619","423","196","26","645","1183","0","54.52","35.76"
"10","010","00","002","0201","0234","387","265","122","29","416","755","0","55.1","35.1"
"10","010","00","002","0202","0000","1252","862","390","74","1326","2331","0","56.89","36.98"
"10","010","00","002","0202","0235","651","452","199","31","682","1253","0","54.43","36.07"
"10","010","00","002","0202","0236","601","410","191","43","644","1078","0","59.74","38.03"
"10","010","00","002","0203","0000","635","419","216","50","685","1117","0","61.32","37.51"
"10","010","00","002","0203","0237","635","419","216","50","685","1117","0","61.32","37.51"
"10","010","00","002","0204","0000","217","155","62","14","231","387","0","59.69","40.05"
"10","010","00","002","0204","0238","217","155","62","14","231","387","0","59.69","40.05"
"10","010","00","002","0205","0000","327","232","95","32","359","633","0","56.71","36.65"
"10","010","00","002","0205","0239","327","232","95","32","359","633","0","56.71","36.65"
"10","010","00","002","0206","0000","348","227","121","23","371","650","0","57.08","34.92"
"10","010","00","002","0206","0240","348","227","121","23","371","650","0","57.08","34.92"
"10","010","00","002","0207","0000","502","357","145","27","529","825","0","64.12","43.27"
"10","010","00","002","0207","0241","502","357","145","27","529","825","0","64.12","43.27"
"10","010","00","002","0208","0000","933","683","250","72","1005","1750","0","57.43","39.03"
"10","010","00","002","0208","0242","420","296","124","33","453","810","0","55.93","36.54"
"10","010","00","002","0208","0243","513","387","126","39","552","940","0","58.72","41.17"
"10","010","00","002","0209","0000","1180","803","377","80","1260","2510","0","50.2","31.99"
"10","010","00","002","0209","0244","452","313","139","40","492","905","0","54.36","34.59"
"10","010","00","002","0209","0245","728","490","238","40","768","1605","0","47.85","30.53"
"10","010","00","002","0210","0000","2284","1526","758","135","2419","4193","0","57.69","36.39"
"10","010","00","002","0210","0246","820","550","270","34","854","1479","0","57.74","37.19"
"10","010","00","002","0210","0247","659","446","213","48","707","1218","0","58.05","36.62"
"10","010","00","002","0210","0248","805","530","275","53","858","1496","0","57.35","35.43"
"10","010","00","002","0211","0000","339","222","117","29","368","667","0","55.17","33.28"
"10","010","00","002","0211","0249","339","222","117","29","368","667","0","55.17","33.28"
"10","010","00","002","0212","0000","239","167","72","18","257","627","0","40.99","26.63"
"10","010","00","002","0212","0250","239","167","72","18","257","627","0","40.99","26.63"
"10","010","00","002","0213","0000","367","281","86","29","396","791","0","50.06","35.52"
"10","010","00","002","0213","0251","367","281","86","29","396","791","0","50.06","35.52"
"10","010","00","002","0214","0000","494","341","153","79","573","1034","0","55.42","32.98"
"10","010","00","002","0214","0252","494","341","153","79","573","1034","0","55.42","32.98"
"10","010","00","002","0215","0000","800","520","280","28","828","1710","0","48.42","30.41"
"10","010","00","002","0215","0253","800","520","280","28","828","1710","0","48.42","30.41"
"10","010","00","002","0216","0000","1443","1017","426","89","1532","3218","0","47.61","31.6"
"10","010","00","002","0216","0254","775","539","236","46","821","1671","0","49.13","32.26"
"10","010","00","002","0216","0255","668","478","190","43","711","1547","0","45.96","30.9"
"10","010","00","002","0217","0000","1338","932","406","38","1376","2904","0","47.38","32.09"
"10","010","00","002","0217","0256","617","428","189","18","635","1602","0","39.64","26.72"
"10","010","00","002","0217","0257","721","504","217","20","741","1302","0","56.91","38.71"
"10","010","00","002","0218","0000","344","251","93","37","381","740","0","51.49","33.92"
"10","010","00","002","0218","0258","344","251","93","37","381","740","0","51.49","33.92"
"10","010","00","002","0219","0000","563","402","161","59","622","1054","0","59.01","38.14"
"10","010","00","002","0219","0259","563","402","161","59","622","1054","0","59.01","38.14"
"10","010","00","002","0220","0000","373","264","109","19","392","907","0","43.22","29.11"
"10","010","00","002","0220","0260","373","264","109","19","392","907","0","43.22","29.11"
"10","010","00","002","0221","0000","136","88","48","14","150","251","0","59.76","35.06"
"10","010","00","002","0221","0262","136","88","48","14","150","251","0","59.76","35.06"
"10","010","00","002","0222","0000","283","197","86","32","315","720","0","43.75","27.36"
"10","010","00","002","0222","0261","283","197","86","32","315","720","0","43.75","27.36"
"10","010","00","002","0223","0000","303","214","89","40","343","767","0","44.72","27.9"
"10","010","00","002","0223","0263","303","214","89","40","343","767","0","44.72","27.9"
"10","010","00","002","0224","0000","349","245","104","44","393","702","0","55.98","34.9"
"10","010","00","002","0224","0264","349","245","104","44","393","702","0","55.98","34.9"
"10","010","00","002","0225","0000","449","337","112","54","503","1038","0","48.46","32.47"
"10","010","00","002","0225","0265","449","337","112","54","503","1038","0","48.46","32.47"
"10","010","00","002","0226","0000","417","301","116","40","457","1228","0","37.21","24.51"
"10","010","00","002","0226","0266","417","301","116","40","457","1228","0","37.21","24.51"
"10","010","00","002","0227","0000","223","163","60","34","257","499","0","51.5","32.67"
"10","010","00","002","0227","0267","223","163","60","34","257","499","0","51.5","32.67"
"10","010","00","003","0000","0000","10966","7832","3134","838","11804","23965","26846","49.26","32.68"
"10","010","00","003","0301","0000","291","223","68","18","309","614","0","50.33","36.32"
"10","010","00","003","0301","0325","291","223","68","18","309","614","0","50.33","36.32"
"10","010","00","003","0302","0000","160","121","39","11","171","372","0","45.97","32.53"
"10","010","00","003","0302","0326","160","121","39","11","171","372","0","45.97","32.53"
"10","010","00","003","0303","0000","1066","756","310","95","1161","2112","0","54.97","35.8"
"10","010","00","003","0303","0327","454","321","133","56","510","914","0","55.8","35.12"
"10","010","00","003","0303","0328","612","435","177","39","651","1198","0","54.34","36.31"
"10","010","00","003","0304","0000","484","366","118","44","528","1113","0","47.44","32.88"
"10","010","00","003","0304","0329","484","366","118","44","528","1113","0","47.44","32.88"
"10","010","00","003","0305","0000","840","593","247","46","886","1681","0","52.71","35.28"
"10","010","00","003","0305","0330","501","343","158","32","533","992","0","53.73","34.58"
"10","010","00","003","0305","0331","339","250","89","14","353","689","0","51.23","36.28"
"10","010","00","003","0306","0000","420","294","126","45","465","882","0","52.72","33.33"
"10","010","00","003","0306","0332","420","294","126","45","465","882","0","52.72","33.33"
"10","010","00","003","0307","0000","360","263","97","22","382","731","0","52.26","35.98"
"10","010","00","003","0307","0333","360","263","97","22","382","731","0","52.26","35.98"
"10","010","00","003","0308","0000","411","299","112","19","430","779","0","55.2","38.38"
"10","010","00","003","0308","0334","411","299","112","19","430","779","0","55.2","38.38"
"10","010","00","003","0309","0000","421","301","120","37","458","953","0","48.06","31.58"
"10","010","00","003","0309","0349","421","301","120","37","458","953","0","48.06","31.58"
"10","010","00","003","0310","0000","640","429","211","54","694","1292","0","53.72","33.2"
"10","010","00","003","0310","0350","640","429","211","54","694","1292","0","53.72","33.2"
"10","010","00","003","0311","0000","1135","810","325","64","1199","2371","0","50.57","34.16"
"10","010","00","003","0311","0351","574","427","147","29","603","1127","0","53.5","37.89"
"10","010","00","003","0311","0352","561","383","178","35","596","1244","0","47.91","30.79"
"10","010","00","003","0312","0000","527","357","170","15","542","1106","0","49.01","32.28"
"10","010","00","003","0312","0353","527","357","170","15","542","1106","0","49.01","32.28"
"10","010","00","003","0313","0000","508","373","135","37","545","1145","0","47.6","32.58"
"10","010","00","003","0313","0342","508","373","135","37","545","1145","0","47.6","32.58"
"10","010","00","003","0314","0000","839","559","280","63","902","1894","0","47.62","29.51"
"10","010","00","003","0314","0343","426","284","142","22","448","936","0","47.86","30.34"
"10","010","00","003","0314","0344","413","275","138","41","454","958","0","47.39","28.71"
"10","010","00","003","0315","0000","135","93","42","9","144","298","0","48.32","31.21"
"10","010","00","003","0315","0345","135","93","42","9","144","298","0","48.32","31.21"
"10","010","00","003","0316","0000","222","159","63","33","255","428","0","59.58","37.15"
"10","010","00","003","0316","0346","222","159","63","33","255","428","0","59.58","37.15"
"10","010","00","003","0317","0000","95","74","21","6","101","295","0","34.24","25.08"
"10","010","00","003","0317","0347","47","37","10","3","50","121","0","41.32","30.58"
"10","010","00","003","0317","0348","48","37","11","3","51","174","0","29.31","21.26"
"10","010","00","003","0318","0000","317","232","85","26","343","762","0","45.01","30.45"
"10","010","00","003","0318","0335","317","232","85","26","343","762","0","45.01","30.45"
"10","010","00","003","0319","0000","504","345","159","36","540","1184","0","45.61","29.14"
"10","010","00","003","0319","0336","504","345","159","36","540","1184","0","45.61","29.14"
"10","010","00","003","0320","0000","516","369","147","49","565","1351","0","41.82","27.31"
"10","010","00","003","0320","0338","516","369","147","49","565","1351","0","41.82","27.31"
"10","010","00","003","0321","0000","512","382","130","64","576","1423","0","40.48","26.84"
"10","010","00","003","0321","0337","512","382","130","64","576","1423","0","40.48","26.84"
"10","010","00","003","0322","0000","234","176","58","11","245","518","0","47.3","33.98"
"10","010","00","003","0322","0339","125","94","31","4","129","275","0","46.91","34.18"
"10","010","00","003","0322","0340","109","82","27","7","116","243","0","47.74","33.74"
"10","010","00","003","0323","0000","329","258","71","34","363","661","0","54.92","39.03"
"10","010","00","003","0323","0341","329","258","71","34","363","661","0","54.92","39.03"
"10","010","00","004","0000","0000","13168","9104","4064","1008","14176","26922","30954","52.66","33.82"
"10","010","00","004","0401","0000","251","181","70","19","270","483","0","55.9","37.47"
"10","010","00","004","0401","0169","251","181","70","19","270","483","0","55.9","37.47"
"10","010","00","004","0402","0000","964","669","295","63","1027","1823","0","56.34","36.7"
"10","010","00","004","0402","0170","964","669","295","63","1027","1823","0","56.34","36.7"
"10","010","00","004","0403","0000","521","368","153","22","543","955","0","56.86","38.53"
"10","010","00","004","0403","0171","521","368","153","22","543","955","0","56.86","38.53"
"10","010","00","004","0404","0000","3056","2016","1040","213","3269","5874","0","55.65","34.32"
"10","010","00","004","0404","0172","729","497","232","33","762","1436","0","53.06","34.61"
"10","010","00","004","0404","0173","716","461","255","68","784","1390","0","56.4","33.17"
"10","010","00","004","0404","0174","796","529","267","55","851","1512","0","56.28","34.99"
"10","010","00","004","0404","0175","815","529","286","57","872","1536","0","56.77","34.44"
"10","010","00","004","0405","0000","515","361","154","52","567","1165","0","48.67","30.99"
"10","010","00","004","0405","0176","515","361","154","52","567","1165","0","48.67","30.99"
"10","010","00","004","0406","0000","968","638","330","60","1028","1730","0","59.42","36.88"
"10","010","00","004","0406","0177","968","638","330","60","1028","1730","0","59.42","36.88"
"10","010","00","004","0407","0000","254","183","71","22","276","602","0","45.85","30.4"
"10","010","00","004","0407","0178","254","183","71","22","276","602","0","45.85","30.4"
"10","010","00","004","0408","0000","321","224","97","38","359","716","0","50.14","31.28"
"10","010","00","004","0408","0179","321","224","97","38","359","716","0","50.14","31.28"
"10","010","00","004","0409","0000","261","196","65","17","278","625","0","44.48","31.36"
"10","010","00","004","0409","0180","261","196","65","17","278","625","0","44.48","31.36"
"10","010","00","004","0410","0000","71","50","21","3","74","193","0","38.34","25.91"
"10","010","00","004","0410","0181","71","50","21","3","74","193","0","38.34","25.91"
"10","010","00","004","0411","0000","709","514","195","61","770","1642","0","46.89","31.3"
"10","010","00","004","0411","0182","709","514","195","61","770","1642","0","46.89","31.3"
"10","010","00","004","0412","0000","711","503","208","63","774","1465","0","52.83","34.33"
"10","010","00","004","0412","0183","711","503","208","63","774","1465","0","52.83","34.33"
"10","010","00","004","0413","0000","513","355","158","63","576","1289","0","44.69","27.54"
"10","010","00","004","0413","0184","371","258","113","46","417","928","0","44.94","27.8"
"10","010","00","004","0413","0185","142","97","45","17","159","361","0","44.04","26.87"
"10","010","00","004","0414","0000","398","296","102","24","422","814","0","51.84","36.36"
"10","010","00","004","0414","0186","398","296","102","24","422","814","0","51.84","36.36"
"10","010","00","004","0415","0000","729","509","220","45","774","1579","0","49.02","32.24"
"10","010","00","004","0415","0187","729","509","220","45","774","1579","0","49.02","32.24"
"10","010","00","004","0416","0000","998","670","328","69","1067","2041","0","52.28","32.83"
"10","010","00","004","0416","0188","998","670","328","69","1067","2041","0","52.28","32.83"
"10","010","00","004","0417","0000","437","319","118","42","479","931","0","51.45","34.26"
"10","010","00","004","0417","0189","437","319","118","42","479","931","0","51.45","34.26"
"10","010","00","004","0418","0000","332","223","109","29","361","675","0","53.48","33.04"
"10","010","00","004","0418","0190","332","223","109","29","361","675","0","53.48","33.04"
"10","010","00","004","0419","0000","322","239","83","25","347","655","0","52.98","36.49"
"10","010","00","004","0419","0191","322","239","83","25","347","655","0","52.98","36.49"
"10","010","00","004","0420","0000","373","270","103","42","415","833","0","49.82","32.41"
"10","010","00","004","0420","0192","373","270","103","42","415","833","0","49.82","32.41"
"10","010","00","004","0421","0000","464","320","144","36","500","832","0","60.1","38.46"
"10","010","00","004","0421","0193","464","320","144","36","500","832","0","60.1","38.46"
"10","010","00","005","0000","0000","31029","21384","9645","2011","33040","61209","71327","53.98","34.94"
"10","010","00","005","0501","0000","1190","803","387","67","1257","2297","0","54.72","34.96"
"10","010","00","005","0501","0093","704","462","242","28","732","1267","0","57.77","36.46"
"10","010","00","005","0501","0094","486","341","145","39","525","1030","0","50.97","33.11"
"10","010","00","005","0502","0000","886","607","279","63","949","1590","0","59.69","38.18"
"10","010","00","005","0502","0095","886","607","279","63","949","1590","0","59.69","38.18"
"10","010","00","005","0503","0000","1771","1191","580","83","1854","3391","0","54.67","35.12"
"10","010","00","005","0503","0096","836","582","254","27","863","1673","0","51.58","34.79"
"10","010","00","005","0503","0097","935","609","326","56","991","1718","0","57.68","35.45"
"10","010","00","005","0504","0000","1138","780","358","77","1215","2140","0","56.78","36.45"
"10","010","00","005","0504","0098","578","403","175","43","621","1040","0","59.71","38.75"
"10","010","00","005","0504","0099","560","377","183","34","594","1100","0","54.0","34.27"
"10","010","00","005","0505","0000","744","506","238","63","807","1559","0","51.76","32.46"
"10","010","00","005","0505","0100","744","506","238","63","807","1559","0","51.76","32.46"
"10","010","00","005","0506","0000","907","609","298","46","953","1862","0","51.18","32.71"
"10","010","00","005","0506","0101","907","609","298","46","953","1862","0","51.18","32.71"
"10","010","00","005","0507","0000","749","494","255","60","809","1435","0","56.38","34.43"
"10","010","00","005","0507","0102","749","494","255","60","809","1435","0","56.38","34.43"
"10","010","00","005","0508","0000","834","575","259","85","919","1751","0","52.48","32.84"
"10","010","00","005","0508","0103","834","575","259","85","919","1751","0","52.48","32.84"
"10","010","00","005","0509","0000","489","348","141","48","537","933","0","57.56","37.3"
"10","010","00","005","0509","0104","489","348","141","48","537","933","0","57.56","37.3"
"10","010","00","005","0510","0000","485","316","169","32","517","827","0","62.52","38.21"
"10","010","00","005","0510","0105","485","316","169","32","517","827","0","62.52","38.21"
"10","010","00","005","0511","0000","396","268","128","30","426","843","0","50.53","31.79"
"10","010","00","005","0511","0106","396","268","128","30","426","843","0","50.53","31.79"
"10","010","00","005","0512","0000","1054","742","312","65","1119","2159","0","51.83","34.37"
"10","010","00","005","0512","0107","882","627","255","54","936","1774","0","52.76","35.34"
"10","010","00","005","0512","0108","172","115","57","11","183","385","0","47.53","29.87"
"10","010","00","005","0513","0000","731","479","252","41","772","1306","0","59.11","36.68"
"10","010","00","005","0513","0109","731","479","252","41","772","1306","0","59.11","36.68"
"10","010","00","005","0514","0000","290","205","85","30","320","535","0","59.81","38.32"
"10","010","00","005","0514","0110","290","205","85","30","320","535","0","59.81","38.32"
"10","010","00","005","0515","0000","566","405","161","56","622","1055","0","58.96","38.39"
"10","010","00","005","0515","0111","566","405","161","56","622","1055","0","58.96","38.39"
"10","010","00","005","0516","0000","910","664","246","58","968","1875","0","51.63","35.41"
"10","010","00","005","0516","0127","910","664","246","58","968","1875","0","51.63","35.41"
"10","010","00","005","0517","0000","1397","933","464","77","1474","2746","0","53.68","33.98"
"10","010","00","005","0517","0128","685","464","221","36","721","1305","0","55.25","35.56"
"10","010","00","005","0517","0129","712","469","243","41","753","1441","0","52.26","32.55"
"10","010","00","005","0518","0000","1039","698","341","81","1120","2004","0","55.89","34.83"
"10","010","00","005","0518","0132","1039","698","341","81","1120","2004","0","55.89","34.83"
"10","010","00","005","0519","0000","1336","931","405","62","1398","2430","0","57.53","38.31"
"10","010","00","005","0519","0133","766","527","239","35","801","1354","0","59.16","38.92"
"10","010","00","005","0519","0134","570","404","166","27","597","1076","0","55.48","37.55"
"10","010","00","005","0520","0000","1832","1309","523","115","1947","3606","0","53.99","36.3"
"10","010","00","005","0520","0135","871","619","252","61","932","1629","0","57.21","38.0"
"10","010","00","005","0520","0136","961","690","271","54","1015","1977","0","51.34","34.9"
"10","010","00","005","0521","0000","629","431","198","66","695","1295","0","53.67","33.28"
"10","010","00","005","0521","0137","629","431","198","66","695","1295","0","53.67","33.28"
"10","010","00","005","0522","0000","2501","1767","734","148","2649","5171","0","51.23","34.17"
"10","010","00","005","0522","0112","755","527","228","51","806","1476","0","54.61","35.7"
"10","010","00","005","0522","0113","757","560","197","40","797","1583","0","50.35","35.38"
"10","010","00","005","0522","0114","339","219","120","31","370","758","0","48.81","28.89"
"10","010","00","005","0522","0115","650","461","189","26","676","1354","0","49.93","34.05"
"10","010","00","005","0523","0000","1255","873","382","101","1356","2377","0","57.05","36.73"
"10","010","00","005","0523","0116","641","455","186","66","707","1202","0","58.82","37.85"
"10","010","00","005","0523","0117","614","418","196","35","649","1175","0","55.23","35.57"
"10","010","00","005","0524","0000","1119","792","327","94","1213","2371","0","51.16","33.4"
"10","010","00","005","0524","0122","459","333","126","44","503","1019","0","49.36","32.68"
"10","010","00","005","0524","0123","660","459","201","50","710","1352","0","52.51","33.95"
"10","010","00","005","0525","0000","1287","855","432","88","1375","2563","0","53.65","33.36"
"10","010","00","005","0525","0124","847","558","289","56","903","1620","0","55.74","34.44"
"10","010","00","005","0525","0125","440","297","143","32","472","943","0","50.05","31.5"
"10","010","00","005","0526","0000","768","519","249","35","803","1720","0","46.69","30.17"
"10","010","00","005","0526","0126","768","519","249","35","803","1720","0","46.69","30.17"
"10","010","00","005","0527","0000","1515","1058","457","106","1621","2973","0","54.52","35.59"
"10","010","00","005","0527","0130","738","519","219","53","791","1413","0","55.98","36.73"
"10","010","00","005","0527","0131","777","539","238","53","830","1560","0","53.21","34.55"
"10","010","00","005","0528","0000","3211","2226","985","134","3345","6395","0","52.31","34.81"
"10","010","00","005","0528","0118","692","456","236","36","728","1423","0","51.16","32.04"
"10","010","00","005","0528","0119","822","580","242","20","842","1612","0","52.23","35.98"
"10","010","00","005","0528","0120","926","630","296","27","953","1695","0","56.22","37.17"
"10","010","00","005","0528","0121","771","560","211","51","822","1665","0","49.37","33.63"
"10","010","00","006","0000","0000","6317","4582","1735","549","6866","13105","14670","52.39","34.96"
"10","010","00","006","0601","0000","687","485","202","77","764","1318","0","57.97","36.8"
"10","010","00","006","0601","0194","687","485","202","77","764","1318","0","57.97","36.8"
"10","010","00","006","0602","0000","375","261","114","25","400","677","0","59.08","38.55"
"10","010","00","006","0602","0195","375","261","114","25","400","677","0","59.08","38.55"
"10","010","00","006","0603","0000","339","242","97","39","378","690","0","54.78","35.07"
"10","010","00","006","0603","0196","202","151","51","18","220","417","0","52.76","36.21"
"10","010","00","006","0603","0197","137","91","46","21","158","273","0","57.88","33.33"
"10","010","00","006","0604","0000","430","318","112","31","461","1003","0","45.96","31.7"
"10","010","00","006","0604","0210","430","318","112","31","461","1003","0","45.96","31.7"
"10","010","00","006","0605","0000","298","224","74","24","322","701","0","45.93","31.95"
"10","010","00","006","0605","0209","298","224","74","24","322","701","0","45.93","31.95"
"10","010","00","006","0606","0000","392","360","32","43","435","786","0","55.34","45.8"
"10","010","00","006","0606","0203","392","360","32","43","435","786","0","55.34","45.8"
"10","010","00","006","0607","0000","380","289","91","24","404","807","0","50.06","35.81"
"10","010","00","006","0607","0204","380","289","91","24","404","807","0","50.06","35.81"
"10","010","00","006","0608","0000","501","358","143","19","520","1168","0","44.52","30.65"
"10","010","00","006","0608","0205","501","358","143","19","520","1168","0","44.52","30.65"
"10","010","00","006","0609","0000","536","377","159","58","594","1052","0","56.46","35.84"
"10","010","00","006","0609","0206","536","377","159","58","594","1052","0","56.46","35.84"
"10","010","00","006","0610","0000","445","317","128","50","495","953","0","51.94","33.26"
"10","010","00","006","0610","0207","254","170","84","31","285","565","0","50.44","30.09"
"10","010","00","006","0610","0208","191","147","44","19","210","388","0","54.12","37.89"
"10","010","00","006","0611","0000","649","436","213","65","714","1294","0","55.18","33.69"
"10","010","00","006","0611","0198","482","335","147","52","534","908","0","58.81","36.89"
"10","010","00","006","0611","0199","167","101","66","13","180","386","0","46.63","26.17"
"10","010","00","006","0612","0000","542","386","156","36","578","1039","0","55.63","37.15"
"10","010","00","006","0612","0200","542","386","156","36","578","1039","0","55.63","37.15"
"10","010","00","006","0613","0000","292","199","93","41","333","708","0","47.03","28.11"
"10","010","00","006","0613","0201","292","199","93","41","333","708","0","47.03","28.11"
"10","010","00","006","0614","0000","451","330","121","17","468","909","0","51.49","36.3"
"10","010","00","006","0614","0202","451","330","121","17","468","909","0","51.49","36.3"
"10","010","00","007","0000","0000","13663","9438","4225","1326","14989","27342","31755","54.82","34.52"
"10","010","00","007","0701","0000","1268","890","378","75","1343","2203","0","60.96","40.4"
"10","010","00","007","0701","0138","576","396","180","26","602","1087","0","55.38","36.43"
"10","010","00","007","0701","0139","692","494","198","49","741","1116","0","66.4","44.27"
"10","010","00","007","0702","0000","765","554","211","87","852","1567","0","54.37","35.35"
"10","010","00","007","0702","0140","385","290","95","27","412","740","0","55.68","39.19"
"10","010","00","007","0702","0141","380","264","116","60","440","827","0","53.2","31.92"
"10","010","00","007","0703","0000","842","589","253","81","923","1472","0","62.7","40.01"
"10","010","00","007","0703","0142","404","290","114","35","439","704","0","62.36","41.19"
"10","010","00","007","0703","0143","438","299","139","46","484","768","0","63.02","38.93"
"10","010","00","007","0704","0000","828","548","280","86","914","1611","0","56.73","34.02"
"10","010","00","007","0704","0144","424","274","150","35","459","761","0","60.32","36.01"
"10","010","00","007","0704","0145","404","274","130","51","455","850","0","53.53","32.24"
"10","010","00","007","0705","0000","653","453","200","67","720","1327","0","54.26","34.14"
"10","010","00","007","0705","0146","653","453","200","67","720","1327","0","54.26","34.14"
"10","010","00","007","0706","0000","782","541","241","106","888","1572","0","56.49","34.41"
"10","010","00","007","0706","0147","380","252","128","43","423","756","0","55.95","33.33"
"10","010","00","007","0706","0148","402","289","113","63","465","816","0","56.99","35.42"
"10","010","00","007","0707","0000","802","550","252","65","867","1609","0","53.88","34.18"
"10","010","00","007","0707","0149","326","215","111","25","351","667","0","52.62","32.23"
"10","010","00","007","0707","0150","476","335","141","40","516","942","0","54.78","35.56"
"10","010","00","007","0708","0000","388","271","117","56","444","918","0","48.37","29.52"
"10","010","00","007","0708","0151","388","271","117","56","444","918","0","48.37","29.52"
"10","010","00","007","0709","0000","259","190","69","18","277","554","0","50.0","34.3"
"10","010","00","007","0709","0152","259","190","69","18","277","554","0","50.0","34.3"
"10","010","00","007","0710","0000","423","303","120","42","465","929","0","50.05","32.62"
"10","010","00","007","0710","0153","423","303","120","42","465","929","0","50.05","32.62"
"10","010","00","007","0711","0000","174","107","67","33","207","487","0","42.51","21.97"
"10","010","00","007","0711","0154","174","107","67","33","207","487","0","42.51","21.97"
"10","010","00","007","0712","0000","234","172","62","36","270","487","0","55.44","35.32"
"10","010","00","007","0712","0155","234","172","62","36","270","487","0","55.44","35.32"
"10","010","00","007","0713","0000","830","527","303","88","918","1681","0","54.61","31.35"
"10","010","00","007","0713","0156","403","255","148","39","442","836","0","52.87","30.5"
"10","010","00","007","0713","0157","427","272","155","49","476","845","0","56.33","32.19"
"10","010","00","007","0714","0000","814","551","263","78","892","1587","0","56.21","34.72"
"10","010","00","007","0714","0158","426","288","138","41","467","834","0","56.0","34.53"
"10","010","00","007","0714","0159","388","263","125","37","425","753","0","56.44","34.93"
"10","010","00","007","0715","0000","638","431","207","61","699","1328","0","52.64","32.45"
"10","010","00","007","0715","0160","638","431","207","61","699","1328","0","52.64","32.45"
"10","010","00","007","0716","0000","790","549","241","54","844","1400","0","60.29","39.21"
"10","010","00","007","0716","0163","790","549","241","54","844","1400","0","60.29","39.21"
"10","010","00","007","0717","0000","561","367","194","62","623","1043","0","59.73","35.19"
"10","010","00","007","0717","0162","561","367","194","62","623","1043","0","59.73","35.19"
"10","010","00","007","0718","0000","517","351","166","41","558","969","0","57.59","36.22"
"10","010","00","007","0718","0161","517","351","166","41","558","969","0","57.59","36.22"
"10","010","00","007","0719","0000","374","268","106","27","401","1017","0","39.43","26.35"
"10","010","00","007","0719","0164","374","268","106","27","401","1017","0","39.43","26.35"
"10","010","00","007","0720","0000","503","349","154","50","553","1132","0","48.85","30.83"
"10","010","00","007","0720","0165","503","349","154","50","553","1132","0","48.85","30.83"
"10","010","00","007","0721","0000","489","347","142","55","544","1037","0","52.46","33.46"
"10","010","00","007","0721","0166","489","347","142","55","544","1037","0","52.46","33.46"
"10","010","00","007","0722","0000","294","216","78","39","333","563","0","59.15","38.37"
"10","010","00","007","0722","0167","294","216","78","39","333","563","0","59.15","38.37"
"10","010","00","007","0723","0000","435","314","121","19","454","849","0","53.47","36.98"
"10","010","00","007","0723","0168","435","314","121","19","454","849","0","53.47","36.98"
"10","010","00","008","0000","0000","8288","5883","2405","744","9032","20821","23049","43.38","28.26"
"10","010","00","008","0801","0000","489","352","137","36","525","1165","0","45.06","30.21"
"10","010","00","008","0801","0268","489","352","137","36","525","1165","0","45.06","30.21"
"10","010","00","008","0802","0000","289","217","72","17","306","825","0","37.09","26.3"
"10","010","00","008","0802","0269","289","217","72","17","306","825","0","37.09","26.3"
"10","010","00","008","0803","0000","359","251","108","33","392","850","0","46.12","29.53"
"10","010","00","008","0803","0270","359","251","108","33","392","850","0","46.12","29.53"
"10","010","00","008","0804","0000","113","78","35","19","132","222","0","59.46","35.14"
"10","010","00","008","0804","0271","113","78","35","19","132","222","0","59.46","35.14"
"10","010","00","008","0805","0000","554","393","161","52","606","1216","0","49.84","32.32"
"10","010","00","008","0805","0272","554","393","161","52","606","1216","0","49.84","32.32"
"10","010","00","008","0806","0000","445","313","132","44","489","1200","0","40.75","26.08"
"10","010","00","008","0806","0273","445","313","132","44","489","1200","0","40.75","26.08"
"10","010","00","008","0807","0000","370","267","103","49","419","877","0","47.78","30.44"
"10","010","00","008","0807","0274","370","267","103","49","419","877","0","47.78","30.44"
"10","010","00","008","0808","0000","242","166","76","36","278","644","0","43.17","25.78"
"10","010","00","008","0808","0275","242","166","76","36","278","644","0","43.17","25.78"
"10","010","00","008","0809","0000","266","182","84","17","283","761","0","37.19","23.92"
"10","010","00","008","0809","0276","219","144","75","14","233","594","0","39.23","24.24"
"10","010","00","008","0809","0277","47","38","9","3","50","167","0","29.94","22.75"
"10","010","00","008","0810","0000","269","206","63","22","291","714","0","40.76","28.85"
"10","010","00","008","0810","0283","269","206","63","22","291","714","0","40.76","28.85"
"10","010","00","008","0811","0000","491","372","119","45","536","1051","0","51.0","35.39"
"10","010","00","008","0811","0284","491","372","119","45","536","1051","0","51.0","35.39"
"10","010","00","008","0812","0000","455","329","126","32","487","934","0","52.14","35.22"
"10","010","00","008","0812","0285","455","329","126","32","487","934","0","52.14","35.22"
"10","010","00","008","0813","0000","477","323","154","41","518","1044","0","49.62","30.94"
"10","010","00","008","0813","0286","477","323","154","41","518","1044","0","49.62","30.94"
"10","010","00","008","0814","0000","626","450","176","42","668","1476","0","45.26","30.49"
"10","010","00","008","0814","0287","626","450","176","42","668","1476","0","45.26","30.49"
"10","010","00","008","0815","0000","213","136","77","19","232","618","0","37.54","22.01"
"10","010","00","008","0815","0288","213","136","77","19","232","618","0","37.54","22.01"
"10","010","00","008","0816","0000","139","111","28","23","162","478","0","33.89","23.22"
"10","010","00","008","0816","0289","139","111","28","23","162","478","0","33.89","23.22"
"10","010","00","008","0817","0000","208","154","54","27","235","642","0","36.6","23.99"
"10","010","00","008","0817","0290","208","154","54","27","235","642","0","36.6","23.99"
"10","010","00","008","0818","0000","291","191","100","15","306","883","0","34.65","21.63"
"10","010","00","008","0818","0291","291","191","100","15","306","883","0","34.65","21.63"
"10","010","00","008","0819","0000","598","404","194","53","651","1391","0","46.8","29.04"
"10","010","00","008","0819","0278","71","42","29","3","74","204","0","36.27","20.59"
"10","010","00","008","0819","0279","93","52","41","2","95","234","0","40.6","22.22"
"10","010","00","008","0819","0280","132","86","46","14","146","361","0","40.44","23.82"
"10","010","00","008","0819","0281","302","224","78","34","336","592","0","56.76","37.84"
"10","010","00","008","0820","0000","284","202","82","32","316","619","0","51.05","32.63"
"10","010","00","008","0820","0282","284","202","82","32","316","619","0","51.05","32.63"
"10","010","00","008","0821","0000","244","174","70","11","255","739","0","34.51","23.55"
"10","010","00","008","0821","0292","244","174","70","11","255","739","0","34.51","23.55"
"10","010","00","008","0822","0000","201","141","60","17","218","554","0","39.35","25.45"
"10","010","00","008","0822","0293","201","141","60","17","218","554","0","39.35","25.45"
"10","010","00","008","0823","0000","212","155","57","20","232","649","0","35.75","23.88"
"10","010","00","008","0823","0294","212","155","57","20","232","649","0","35.75","23.88"
"10","010","00","008","0824","0000","249","175","74","26","275","689","0","39.91","25.4"
"10","010","00","008","0824","0295","249","175","74","26","275","689","0","39.91","25.4"
"10","010","00","008","0825","0000","204","141","63","16","220","580","0","37.93","24.31"
"10","010","00","008","0825","0296","167","116","51","15","182","455","0","40.0","25.49"
"10","010","00","008","0825","0297","37","25","12","1","38","125","0","30.4","20.0"
"10","010","00","009","0000","0000","8504","6163","2341","711","9215","21915","24658","42.05","28.12"
"10","010","00","009","0901","0000","884","628","256","55","939","1915","0","49.03","32.79"
"10","010","00","009","0901","0298","884","628","256","55","939","1915","0","49.03","32.79"
"10","010","00","009","0902","0000","340","233","107","43","383","938","0","40.83","24.84"
"10","010","00","009","0902","0299","340","233","107","43","383","938","0","40.83","24.84"
"10","010","00","009","0903","0000","411","288","123","22","433","1366","0","31.7","21.08"
"10","010","00","009","0903","0300","411","288","123","22","433","1366","0","31.7","21.08"
"10","010","00","009","0904","0000","672","501","171","7","679","1676","0","40.51","29.89"
"10","010","00","009","0904","0301","672","501","171","7","679","1676","0","40.51","29.89"
"10","010","00","009","0905","0000","423","308","115","60","483","1151","0","41.96","26.76"
"10","010","00","009","0905","0302","423","308","115","60","483","1151","0","41.96","26.76"
"10","010","00","009","0906","0000","293","211","82","30","323","716","0","45.11","29.47"
"10","010","00","009","0906","0303","293","211","82","30","323","716","0","45.11","29.47"
"10","010","00","009","0907","0000","154","126","28","5","159","387","0","41.09","32.56"
"10","010","00","009","0907","0304","154","126","28","5","159","387","0","41.09","32.56"
"10","010","00","009","0908","0000","262","199","63","11","273","864","0","31.6","23.03"
"10","010","00","009","0908","0305","262","199","63","11","273","864","0","31.6","23.03"
"10","010","00","009","0909","0000","294","215","79","22","316","910","0","34.73","23.63"
"10","010","00","009","0909","0306","294","215","79","22","316","910","0","34.73","23.63"
"10","010","00","009","0910","0000","286","198","88","12","298","760","0","39.21","26.05"
"10","010","00","009","0910","0307","286","198","88","12","298","760","0","39.21","26.05"
"10","010","00","009","0911","0000","155","123","32","14","169","378","0","44.71","32.54"
"10","010","00","009","0911","0308","85","67","18","4","89","166","0","53.61","40.36"
"10","010","00","009","0911","0309","70","56","14","10","80","212","0","37.74","26.42"
"10","010","00","009","0912","0000","324","238","86","26","350","993","0","35.25","23.97"
"10","010","00","009","0912","0310","324","238","86","26","350","993","0","35.25","23.97"
"10","010","00","009","0913","0000","502","357","145","55","557","1226","0","45.43","29.12"
"10","010","00","009","0913","0314","502","357","145","55","557","1226","0","45.43","29.12"
"10","010","00","009","0914","0000","329","229","100","38","367","843","0","43.53","27.16"
"10","010","00","009","0914","0315","329","229","100","38","367","843","0","43.53","27.16"
"10","010","00","009","0915","0000","274","203","71","26","300","693","0","43.29","29.29"
"10","010","00","009","0915","0316","274","203","71","26","300","693","0","43.29","29.29"
"10","010","00","009","0916","0000","379","282","97","33","412","839","0","49.11","33.61"
"10","010","00","009","0916","0317","379","282","97","33","412","839","0","49.11","33.61"
"10","010","00","009","0917","0000","255","186","69","19","274","684","0","40.06","27.19"
"10","010","00","009","0917","0318","149","107","42","10","159","363","0","43.8","29.48"
"10","010","00","009","0917","0319","106","79","27","9","115","321","0","35.83","24.61"
"10","010","00","009","0918","0000","528","388","140","68","596","1083","0","55.03","35.83"
"10","010","00","009","0918","0320","528","388","140","68","596","1083","0","55.03","35.83"
"10","010","00","009","0919","0000","385","264","121","32","417","901","0","46.28","29.3"
"10","010","00","009","0919","0321","385","264","121","32","417","901","0","46.28","29.3"
"10","010","00","009","0920","0000","425","323","102","27","452","1216","0","37.17","26.56"
"10","010","00","009","0920","0322","425","323","102","27","452","1216","0","37.17","26.56"
"10","010","00","009","0921","0000","375","259","116","39","414","789","0","52.47","32.83"
"10","010","00","009","0921","0323","220","152","68","32","252","418","0","60.29","36.36"
"10","010","00","009","0921","0324","155","107","48","7","162","371","0","43.67","28.84"
"10","010","00","009","0922","0000","107","77","30","13","120","306","0","39.22","25.16"
"10","010","00","009","0922","0311","107","77","30","13","120","306","0","39.22","25.16"
"10","010","00","009","0923","0000","447","327","120","54","501","1281","0","39.11","25.53"
"10","010","00","009","0923","0312","370","269","101","41","411","1046","0","39.29","25.72"
"10","010","00","009","0923","0313","77","58","19","13","90","235","0","38.3","24.68"
"10","010","00","010","0000","0000","7772","5456","2316","753","8525","16647","18297","51.21","32.77"
"10","010","00","010","1001","0000","335","238","97","30","365","705","0","51.77","33.76"
"10","010","00","010","1001","0354","214","154","60","17","231","482","0","47.93","31.95"
"10","010","00","010","1001","0355","121","84","37","13","134","223","0","60.09","37.67"
"10","010","00","010","1002","0000","771","516","255","66","837","1529","0","54.74","33.75"
"10","010","00","010","1002","0356","771","516","255","66","837","1529","0","54.74","33.75"
"10","010","00","010","1003","0000","619","435","184","50","669","1175","0","56.94","37.02"
"10","010","00","010","1003","0357","619","435","184","50","669","1175","0","56.94","37.02"
"10","010","00","010","1004","0000","508","372","136","45","553","886","0","62.42","41.99"
"10","010","00","010","1004","0358","508","372","136","45","553","886","0","62.42","41.99"
"10","010","00","010","1005","0000","315","215","100","20","335","743","0","45.09","28.94"
"10","010","00","010","1005","0359","315","215","100","20","335","743","0","45.09","28.94"
"10","010","00","010","1006","0000","618","426","192","66","684","1236","0","55.34","34.47"
"10","010","00","010","1006","0360","618","426","192","66","684","1236","0","55.34","34.47"
"10","010","00","010","1007","0000","178","128","50","16","194","377","0","51.46","33.95"
"10","010","00","010","1007","0361","178","128","50","16","194","377","0","51.46","33.95"
"10","010","00","010","1008","0000","193","151","42","22","215","440","0","48.86","34.32"
"10","010","00","010","1008","0362","136","103","33","19","155","338","0","45.86","30.47"
"10","010","00","010","1008","0363","57","48","9","3","60","102","0","58.82","47.06"
"10","010","00","010","1009","0000","348","241","107","17","365","763","0","47.84","31.59"
"10","010","00","010","1009","0364","348","241","107","17","365","763","0","47.84","31.59"
"10","010","00","010","1010","0000","228","150","78","23","251","429","0","58.51","34.97"
"10","010","00","010","1010","0365","228","150","78","23","251","429","0","58.51","34.97"
"10","010","00","010","1011","0000","196","130","66","19","215","427","0","50.35","30.44"
"10","010","00","010","1011","0366","196","130","66","19","215","427","0","50.35","30.44"
"10","010","00","010","1012","0000","294","206","88","42","336","607","0","55.35","33.94"
"10","010","00","010","1012","0367","294","206","88","42","336","607","0","55.35","33.94"
"10","010","00","010","1013","0000","647","463","184","49","696","1486","0","46.84","31.16"
"10","010","00","010","1013","0368","647","463","184","49","696","1486","0","46.84","31.16"
"10","010","00","010","1014","0000","418","294","124","66","484","835","0","57.96","35.21"
"10","010","00","010","1014","0369","418","294","124","66","484","835","0","57.96","35.21"
"10","010","00","010","1015","0000","306","218","88","49","355","816","0","43.5","26.72"
"10","010","00","010","1015","0370","306","218","88","49","355","816","0","43.5","26.72"
"10","010","00","010","1016","0000","338","223","115","48","386","833","0","46.34","26.77"
"10","010","00","010","1016","0371","338","223","115","48","386","833","0","46.34","26.77"
"10","010","00","010","1017","0000","202","150","52","11","213","433","0","49.19","34.64"
"10","010","00","010","1017","0372","202","150","52","11","213","433","0","49.19","34.64"
"10","010","00","010","1018","0000","233","162","71","12","245","558","0","43.91","29.03"
"10","010","00","010","1018","0373","233","162","71","12","245","558","0","43.91","29.03"
"10","010","00","010","1019","0000","329","241","88","41","370","742","0","49.87","32.48"
"10","010","00","010","1019","0374","277","196","81","38","315","602","0","52.33","32.56"
"10","010","00","010","1019","0375","52","45","7","3","55","140","0","39.29","32.14"
"10","010","00","010","1020","0000","157","111","46","28","185","393","0","47.07","28.24"
"10","010","00","010","1020","0376","157","111","46","28","185","393","0","47.07","28.24"
"10","010","00","010","1021","0000","264","188","76","26","290","585","0","49.57","32.14"
"10","010","00","010","1021","0377","264","188","76","26","290","585","0","49.57","32.14"
"10","010","00","010","1022","0000","275","198","77","7","282","649","0","43.45","30.51"
"10","010","00","010","1022","0378","203","143","60","3","206","526","0","39.16","27.19"
"10","010","00","010","1022","0379","72","55","17","4","76","123","0","61.79","44.72"
"10","010","00","011","0000","0000","5910","4061","1849","617","6527","13937","15422","46.83","29.14"
"10","010","00","011","1101","0000","208","122","86","36","244","522","0","46.74","23.37"
"10","010","00","011","1101","0034","208","122","86","36","244","522","0","46.74","23.37"
"10","010","00","011","1102","0000","276","173","103","27","303","563","0","53.82","30.73"
"10","010","00","011","1102","0035","276","173","103","27","303","563","0","53.82","30.73"
"10","010","00","011","1103","0000","574","379","195","75","649","1304","0","49.77","29.06"
"10","010","00","011","1103","0036","574","379","195","75","649","1304","0","49.77","29.06"
"10","010","00","011","1104","0000","620","411","209","40","660","1312","0","50.3","31.33"
"10","010","00","011","1104","0037","620","411","209","40","660","1312","0","50.3","31.33"
"10","010","00","011","1105","0000","250","172","78","9","259","738","0","35.09","23.31"
"10","010","00","011","1105","0038","145","98","47","4","149","320","0","46.56","30.63"
"10","010","00","011","1105","0039","105","74","31","5","110","418","0","26.32","17.7"
"10","010","00","011","1106","0000","400","281","119","51","451","1025","0","44.0","27.41"
"10","010","00","011","1106","0040","400","281","119","51","451","1025","0","44.0","27.41"
"10","010","00","011","1107","0000","176","125","51","19","195","451","0","43.24","27.72"
"10","010","00","011","1107","0041","176","125","51","19","195","451","0","43.24","27.72"
"10","010","00","011","1108","0000","391","302","89","56","447","830","0","53.86","36.39"
"10","010","00","011","1108","0042","391","302","89","56","447","830","0","53.86","36.39"
"10","010","00","011","1109","0000","459","328","131","40","499","1050","0","47.52","31.24"
"10","010","00","011","1109","0043","459","328","131","40","499","1050","0","47.52","31.24"
"10","010","00","011","1110","0000","357","234","123","43","400","972","0","41.15","24.07"
"10","010","00","011","1110","0044","357","234","123","43","400","972","0","41.15","24.07"
"10","010","00","011","1111","0000","412","287","125","33","445","962","0","46.26","29.83"
"10","010","00","011","1111","0045","412","287","125","33","445","962","0","46.26","29.83"
"10","010","00","011","1112","0000","332","203","129","56","388","940","0","41.28","21.6"
"10","010","00","011","1112","0046","204","95","109","46","250","678","0","36.87","14.01"
"10","010","00","011","1112","0047","128","108","20","10","138","262","0","52.67","41.22"
"10","010","00","011","1113","0000","468","321","147","40","508","1212","0","41.91","26.49"
"10","010","00","011","1113","0048","364","242","122","34","398","906","0","43.93","26.71"
"10","010","00","011","1113","0049","104","79","25","6","110","306","0","35.95","25.82"
"10","010","00","011","1114","0000","691","506","185","65","756","1435","0","52.68","35.26"
"10","010","00","011","1114","0050","499","371","128","52","551","1062","0","51.88","34.93"
"10","010","00","011","1114","0051","192","135","57","13","205","373","0","54.96","36.19"
"10","010","00","011","1115","0000","296","217","79","27","323","621","0","52.01","34.94"
"10","010","00","011","1115","0052","161","114","47","14","175","324","0","54.01","35.19"
"10","010","00","011","1115","0053","135","103","32","13","148","297","0","49.83","34.68"
"10","010","00","012","0000","0000","22212","15297","6915","1350","23562","43857","49406","53.72","34.88"
"10","010","00","012","1201","0000","1960","1350","610","126","2086","3971","0","52.53","34.0"
"10","010","00","012","1201","0054","495","358","137","27","522","1024","0","50.98","34.96"
"10","010","00","012","1201","0055","565","372","193","49","614","1015","0","60.49","36.65"
"10","010","00","012","1201","0056","900","620","280","50","950","1932","0","49.17","32.09"
"10","010","00","012","1202","0000","1378","947","431","76","1454","2475","0","58.75","38.26"
"10","010","00","012","1202","0057","658","442","216","30","688","1170","0","58.8","37.78"
"10","010","00","012","1202","0058","720","505","215","46","766","1305","0","58.7","38.7"
"10","010","00","012","1203","0000","897","629","268","57","954","1564","0","61.0","40.22"
"10","010","00","012","1203","0066","399","292","107","21","420","626","0","67.09","46.65"
"10","010","00","012","1203","0067","322","212","110","20","342","570","0","60.0","37.19"
"10","010","00","012","1203","0068","176","125","51","16","192","368","0","52.17","33.97"
"10","010","00","012","1204","0000","1017","693","324","103","1120","2102","0","53.28","32.97"
"10","010","00","012","1204","0069","470","324","146","70","540","1037","0","52.07","31.24"
"10","010","00","012","1204","0070","547","369","178","33","580","1065","0","54.46","34.65"
"10","010","00","012","1205","0000","467","316","151","45","512","802","0","63.84","39.4"
"10","010","00","012","1205","0071","467","316","151","45","512","802","0","63.84","39.4"
"10","010","00","012","1206","0000","731","503","228","56","787","1566","0","50.26","32.12"
"10","010","00","012","1206","0059","583","403","180","38","621","1242","0","50.0","32.45"
"10","010","00","012","1206","0060","148","100","48","18","166","324","0","51.23","30.86"
"10","010","00","012","1207","0000","905","646","259","63","968","1838","0","52.67","35.15"
"10","010","00","012","1207","0061","318","234","84","13","331","622","0","53.22","37.62"
"10","010","00","012","1207","0062","587","412","175","50","637","1216","0","52.38","33.88"
"10","010","00","012","1208","0000","1001","691","310","44","1045","1791","0","58.35","38.58"
"10","010","00","012","1208","0063","543","386","157","21","564","1020","0","55.29","37.84"
"10","010","00","012","1208","0064","458","305","153","23","481","771","0","62.39","39.56"
"10","010","00","012","1209","0000","259","175","84","20","279","441","0","63.27","39.68"
"10","010","00","012","1209","0065","259","175","84","20","279","441","0","63.27","39.68"
"10","010","00","012","1210","0000","357","244","113","18","375","641","0","58.5","38.07"
"10","010","00","012","1210","0074","357","244","113","18","375","641","0","58.5","38.07"
"10","010","00","012","1211","0000","234","168","66","12","246","408","0","60.29","41.18"
"10","010","00","012","1211","0075","234","168","66","12","246","408","0","60.29","41.18"
"10","010","00","012","1212","0000","683","454","229","49","732","1363","0","53.71","33.31"
"10","010","00","012","1212","0076","427","295","132","32","459","794","0","57.81","37.15"
"10","010","00","012","1212","0077","256","159","97","17","273","569","0","47.98","27.94"
"10","010","00","012","1213","0000","972","660","312","53","1025","1948","0","52.62","33.88"
"10","010","00","012","1213","0072","972","660","312","53","1025","1948","0","52.62","33.88"
"10","010","00","012","1214","0000","493","355","138","32","525","1028","0","51.07","34.53"
"10","010","00","012","1214","0073","493","355","138","32","525","1028","0","51.07","34.53"
"10","010","00","012","1215","0000","1043","707","336","69","1112","2035","0","54.64","34.74"
"10","010","00","012","1215","0080","1043","707","336","69","1112","2035","0","54.64","34.74"
"10","010","00","012","1216","0000","1017","717","300","73","1090","1987","0","54.86","36.08"
"10","010","00","012","1216","0081","1017","717","300","73","1090","1987","0","54.86","36.08"
"10","010","00","012","1217","0000","951","638","313","62","1013","1766","0","57.36","36.13"
"10","010","00","012","1217","0078","430","289","141","24","454","806","0","56.33","35.86"
"10","010","00","012","1217","0079","521","349","172","38","559","960","0","58.23","36.35"
"10","010","00","012","1218","0000","1952","1351","601","109","2061","4310","0","47.82","31.35"
"10","010","00","012","1218","0083","1062","711","351","51","1113","2208","0","50.41","32.2"
"10","010","00","012","1218","0084","890","640","250","58","948","2102","0","45.1","30.45"
"10","010","00","012","1219","0000","1505","1068","437","78","1583","2980","0","53.12","35.84"
"10","010","00","012","1219","0085","630","467","163","44","674","1309","0","51.49","35.68"
"10","010","00","012","1219","0086","875","601","274","34","909","1671","0","54.4","35.97"
"10","010","00","012","1220","0000","964","674","290","59","1023","1919","0","53.31","35.12"
"10","010","00","012","1220","0089","964","674","290","59","1023","1919","0","53.31","35.12"
"10","010","00","012","1221","0000","895","655","240","31","926","1772","0","52.26","36.96"
"10","010","00","012","1221","0088","895","655","240","31","926","1772","0","52.26","36.96"
"10","010","00","012","1222","0000","442","196","246","13","455","912","0","49.89","21.49"
"10","010","00","012","1222","0090","442","196","246","13","455","912","0","49.89","21.49"
"10","010","00","012","1223","0000","500","368","132","18","518","992","0","52.22","37.1"
"10","010","00","012","1223","0091","500","368","132","18","518","992","0","52.22","37.1"
"10","010","00","012","1224","0000","542","370","172","30","572","1270","0","45.04","29.13"
"10","010","00","012","1224","0092","542","370","172","30","572","1270","0","45.04","29.13"
"10","010","00","012","1225","0000","629","442","187","22","651","1154","0","56.41","38.3"
"10","010","00","012","1225","0082","629","442","187","22","651","1154","0","56.41","38.3"
"10","010","00","012","1226","0000","418","280","138","32","450","822","0","54.74","34.06"
"10","010","00","012","1226","0087","418","280","138","32","450","822","0","54.74","34.06"
"10","010","00","013","0000","0000","17633","12230","5403","1031","18664","39139","44605","47.69","31.25"
"10","010","00","013","1301","0000","780","542","238","51","831","1809","0","45.94","29.96"
"10","010","00","013","1301","0392","780","542","238","51","831","1809","0","45.94","29.96"
"10","010","00","013","1302","0000","456","309","147","16","472","953","0","49.53","32.42"
"10","010","00","013","1302","0393","456","309","147","16","472","953","0","49.53","32.42"
"10","010","00","013","1303","0000","356","255","101","11","367","828","0","44.32","30.8"
"10","010","00","013","1303","0401","356","255","101","11","367","828","0","44.32","30.8"
"10","010","00","013","1304","0000","415","293","122","26","441","879","0","50.17","33.33"
"10","010","00","013","1304","0400","415","293","122","26","441","879","0","50.17","33.33"
"10","010","00","013","1305","0000","618","439","179","54","672","1441","0","46.63","30.46"
"10","010","00","013","1305","0394","618","439","179","54","672","1441","0","46.63","30.46"
"10","010","00","013","1306","0000","1208","824","384","78","1286","2834","0","45.38","29.08"
"10","010","00","013","1306","0380","415","281","134","27","442","1046","0","42.26","26.86"
"10","010","00","013","1306","0381","793","543","250","51","844","1788","0","47.2","30.37"
"10","010","00","013","1307","0000","1511","1030","481","75","1586","3311","0","47.9","31.11"
"10","010","00","013","1307","0382","775","517","258","35","810","1730","0","46.82","29.88"
"10","010","00","013","1307","0383","736","513","223","40","776","1581","0","49.08","32.45"
"10","010","00","013","1308","0000","3199","2228","971","117","3316","7060","0","46.97","31.56"
"10","010","00","013","1308","0384","653","453","200","27","680","1594","0","42.66","28.42"
"10","010","00","013","1308","0385","899","609","290","25","924","1801","0","51.3","33.81"
"10","010","00","013","1308","0386","883","637","246","40","923","1862","0","49.57","34.21"
"10","010","00","013","1308","0387","764","529","235","25","789","1803","0","43.76","29.34"
"10","010","00","013","1309","0000","2706","1903","803","138","2844","5642","0","50.41","33.73"
"10","010","00","013","1309","0388","738","520","218","35","773","1481","0","52.19","35.11"
"10","010","00","013","1309","0389","684","464","220","45","729","1366","0","53.37","33.97"
"10","010","00","013","1309","0390","683","484","199","37","720","1599","0","45.03","30.27"
"10","010","00","013","1309","0391","601","435","166","21","622","1196","0","52.01","36.37"
"10","010","00","013","1310","0000","815","582","233","56","871","1882","0","46.28","30.92"
"10","010","00","013","1310","0395","815","582","233","56","871","1882","0","46.28","30.92"
"10","010","00","013","1311","0000","688","500","188","25","713","1470","0","48.5","34.01"
"10","010","00","013","1311","0396","688","500","188","25","713","1470","0","48.5","34.01"
"10","010","00","013","1312","0000","865","591","274","70","935","2121","0","44.08","27.86"
"10","010","00","013","1312","0397","702","481","221","55","757","1699","0","44.56","28.31"
"10","010","00","013","1312","0398","163","110","53","15","178","422","0","42.18","26.07"
"10","010","00","013","1313","0000","469","324","145","47","516","1030","0","50.1","31.46"
"10","010","00","013","1313","0399","469","324","145","47","516","1030","0","50.1","31.46"
"10","010","00","013","1314","0000","613","428","185","40","653","1177","0","55.48","36.36"
"10","010","00","013","1314","0402","474","329","145","31","505","881","0","57.32","37.34"
"10","010","00","013","1314","0403","139","99","40","9","148","296","0","50.0","33.45"
"10","010","00","013","1315","0000","443","312","131","36","479","979","0","48.93","31.87"
"10","010","00","013","1315","0404","443","312","131","36","479","979","0","48.93","31.87"
"10","010","00","013","1316","0000","755","514","241","51","806","1938","0","41.59","26.52"
"10","010","00","013","1316","0405","542","365","177","35","577","1268","0","45.5","28.79"
"10","010","00","013","1316","0406","213","149","64","16","229","670","0","34.18","22.24"
"10","010","00","013","1317","0000","281","179","102","21","302","741","0","40.76","24.16"
"10","010","00","013","1317","0409","281","179","102","21","302","741","0","40.76","24.16"
"10","010","00","013","1318","0000","452","305","147","30","482","1000","0","48.2","30.5"
"10","010","00","013","1318","0410","233","164","69","5","238","518","0","45.95","31.66"
"10","010","00","013","1318","0411","219","141","78","25","244","482","0","50.62","29.25"
"10","010","00","013","1319","0000","328","216","112","28","356","648","0","54.94","33.33"
"10","010","00","013","1319","0408","328","216","112","28","356","648","0","54.94","33.33"
"10","010","00","013","1320","0000","387","253","134","44","431","754","0","57.16","33.55"
"10","010","00","013","1320","0407","387","253","134","44","431","754","0","57.16","33.55"
"10","010","00","013","1321","0000","150","102","48","9","159","348","0","45.69","29.31"
"10","010","00","013","1321","0412","150","102","48","9","159","348","0","45.69","29.31"
"10","010","00","013","1322","0000","138","101","37","8","146","294","0","49.66","34.35"
"10","010","00","013","1322","0413","138","101","37","8","146","294","0","49.66","34.35"
"10","010","00","014","0000","0000","15645","11132","4513","851","16496","31228","35625","52.82","35.65"
"10","010","00","014","1401","0000","1371","955","416","60","1431","2522","0","56.74","37.87"
"10","010","00","014","1401","0414","701","471","230","35","736","1312","0","56.1","35.9"
"10","010","00","014","1401","0415","670","484","186","25","695","1210","0","57.44","40.0"
"10","010","00","014","1402","0000","1174","850","324","70","1244","2198","0","56.6","38.67"
"10","010","00","014","1402","0416","513","363","150","41","554","991","0","55.9","36.63"
"10","010","00","014","1402","0417","661","487","174","29","690","1207","0","57.17","40.35"
"10","010","00","014","1403","0000","357","245","112","15","372","752","0","49.47","32.58"
"10","010","00","014","1403","0418","357","245","112","15","372","752","0","49.47","32.58"
"10","010","00","014","1404","0000","465","342","123","29","494","833","0","59.3","41.06"
"10","010","00","014","1404","0419","465","342","123","29","494","833","0","59.3","41.06"
"10","010","00","014","1405","0000","657","482","175","35","692","1220","0","56.72","39.51"
"10","010","00","014","1405","0420","657","482","175","35","692","1220","0","56.72","39.51"
"10","010","00","014","1406","0000","375","257","118","9","384","616","0","62.34","41.72"
"10","010","00","014","1406","0421","375","257","118","9","384","616","0","62.34","41.72"
"10","010","00","014","1407","0000","478","367","111","53","531","1031","0","51.5","35.6"
"10","010","00","014","1407","0422","478","367","111","53","531","1031","0","51.5","35.6"
"10","010","00","014","1408","0000","2606","1864","742","117","2723","5283","0","51.54","35.28"
"10","010","00","014","1408","0423","632","464","168","39","671","1292","0","51.93","35.91"
"10","010","00","014","1408","0424","1045","720","325","57","1102","1995","0","55.24","36.09"
"10","010","00","014","1408","0425","929","680","249","21","950","1996","0","47.6","34.07"
"10","010","00","014","1409","0000","732","520","212","31","763","1449","0","52.66","35.89"
"10","010","00","014","1409","0426","732","520","212","31","763","1449","0","52.66","35.89"
"10","010","00","014","1410","0000","739","545","194","32","771","1420","0","54.3","38.38"
"10","010","00","014","1410","0427","739","545","194","32","771","1420","0","54.3","38.38"
"10","010","00","014","1411","0000","848","594","254","34","882","1590","0","55.47","37.36"
"10","010","00","014","1411","0428","848","594","254","34","882","1590","0","55.47","37.36"
"10","010","00","014","1412","0000","807","542","265","60","867","1785","0","48.57","30.36"
"10","010","00","014","1412","0429","366","259","107","21","387","771","0","50.19","33.59"
"10","010","00","014","1412","0430","441","283","158","39","480","1014","0","47.34","27.91"
"10","010","00","014","1413","0000","308","222","86","19","327","641","0","51.01","34.63"
"10","010","00","014","1413","0433","308","222","86","19","327","641","0","51.01","34.63"
"10","010","00","014","1414","0000","474","354","120","27","501","1014","0","49.41","34.91"
"10","010","00","014","1414","0431","129","96","33","9","138","327","0","42.2","29.36"
"10","010","00","014","1414","0432","345","258","87","18","363","687","0","52.84","37.55"
"10","010","00","014","1415","0000","434","310","124","22","456","857","0","53.21","36.17"
"10","010","00","014","1415","0434","256","186","70","8","264","474","0","55.7","39.24"
"10","010","00","014","1415","0435","178","124","54","14","192","383","0","50.13","32.38"
"10","010","00","014","1416","0000","345","242","103","34","379","619","0","61.23","39.1"
"10","010","00","014","1416","0436","345","242","103","34","379","619","0","61.23","39.1"
"10","010","00","014","1417","0000","867","597","270","58","925","1782","0","51.91","33.5"
"10","010","00","014","1417","0437","94","63","31","5","99","214","0","46.26","29.44"
"10","010","00","014","1417","0438","773","534","239","53","826","1568","0","52.68","34.06"
"10","010","00","014","1418","0000","303","216","87","10","313","658","0","47.57","32.83"
"10","010","00","014","1418","0439","303","216","87","10","313","658","0","47.57","32.83"
"10","010","00","014","1419","0000","236","172","64","19","255","434","0","58.76","39.63"
"10","010","00","014","1419","0440","236","172","64","19","255","434","0","58.76","39.63"
"10","010","00","014","1420","0000","939","647","292","60","999","1898","0","52.63","34.09"
"10","010","00","014","1420","0441","486","353","133","28","514","917","0","56.05","38.5"
"10","010","00","014","1420","0442","453","294","159","32","485","981","0","49.44","29.97"
"10","010","00","014","1421","0000","387","276","111","13","400","897","0","44.59","30.77"
"10","010","00","014","1421","0443","358","256","102","11","369","789","0","46.77","32.45"
"10","010","00","014","1421","0444","29","20","9","2","31","108","0","28.7","18.52"
"10","010","00","014","1422","0000","69","49","20","1","70","235","0","29.79","20.85"
"10","010","00","014","1422","0445","69","49","20","1","70","235","0","29.79","20.85"
"10","010","00","014","1423","0000","405","270","135","21","426","781","0","54.55","34.57"
"10","010","00","014","1423","0446","136","91","45","6","142","331","0","42.9","27.49"
"10","010","00","014","1423","0447","269","179","90","15","284","450","0","63.11","39.78"
"10","010","00","014","1424","0000","269","214","55","22","291","713","0","40.81","30.01"
"10","010","00","014","1424","0448","172","131","41","12","184","462","0","39.83","28.35"
"10","010","00","014","1424","0449","97","83","14","10","107","251","0","42.63","33.07"
"10","010","00","015","0000","0000","8848","6165","2683","664","9512","17083","19303","55.68","36.09"
"10","010","00","015","1501","0000","1220","840","380","87","1307","2286","0","57.17","36.75"
"10","010","00","015","1501","0211","525","347","178","27","552","1041","0","53.03","33.33"
"10","010","00","015","1501","0212","695","493","202","60","755","1245","0","60.64","39.6"
"10","010","00","015","1502","0000","545","374","171","28","573","917","0","62.49","40.79"
"10","010","00","015","1502","0213","545","374","171","28","573","917","0","62.49","40.79"
"10","010","00","015","1503","0000","308","203","105","35","343","545","0","62.94","37.25"
"10","010","00","015","1503","0217","308","203","105","35","343","545","0","62.94","37.25"
"10","010","00","015","1504","0000","2310","1592","718","138","2448","4404","0","55.59","36.15"
"10","010","00","015","1504","0214","628","451","177","36","664","1189","0","55.85","37.93"
"10","010","00","015","1504","0215","734","506","228","52","786","1388","0","56.63","36.46"
"10","010","00","015","1504","0216","948","635","313","50","998","1827","0","54.63","34.76"
"10","010","00","015","1505","0000","162","118","44","21","183","407","0","44.96","28.99"
"10","010","00","015","1505","0218","162","118","44","21","183","407","0","44.96","28.99"
"10","010","00","015","1506","0000","310","215","95","18","328","526","0","62.36","40.87"
"10","010","00","015","1506","0223","310","215","95","18","328","526","0","62.36","40.87"
"10","010","00","015","1507","0000","167","105","62","17","184","372","0","49.46","28.23"
"10","010","00","015","1507","0224","167","105","62","17","184","372","0","49.46","28.23"
"10","010","00","015","1508","0000","350","256","94","22","372","636","0","58.49","40.25"
"10","010","00","015","1508","0219","350","256","94","22","372","636","0","58.49","40.25"
"10","010","00","015","1509","0000","879","610","269","55","934","1674","0","55.79","36.44"
"10","010","00","015","1509","0221","879","610","269","55","934","1674","0","55.79","36.44"
"10","010","00","015","1510","0000","311","217","94","29","340","576","0","59.03","37.67"
"10","010","00","015","1510","0220","311","217","94","29","340","576","0","59.03","37.67"
"10","010","00","015","1511","0000","380","282","98","17","397","858","0","46.27","32.87"
"10","010","00","015","1511","0222","380","282","98","17","397","858","0","46.27","32.87"
"10","010","00","015","1512","0000","221","153","68","33","254","506","0","50.2","30.24"
"10","010","00","015","1512","0225","221","153","68","33","254","506","0","50.2","30.24"
"10","010","00","015","1513","0000","140","94","46","6","146","293","0","49.83","32.08"
"10","010","00","015","1513","0228","140","94","46","6","146","293","0","49.83","32.08"
"10","010","00","015","1514","0000","263","192","71","37","300","433","0","69.28","44.34"
"10","010","00","015","1514","0226","263","192","71","37","300","433","0","69.28","44.34"
"10","010","00","015","1515","0000","398","269","129","50","448","712","0","62.92","37.78"
"10","010","00","015","1515","0229","398","269","129","50","448","712","0","62.92","37.78"
"10","010","00","015","1516","0000","345","254","91","29","374","602","0","62.13","42.19"
"10","010","00","015","1516","0230","345","254","91","29","374","602","0","62.13","42.19"
"10","010","00","015","1517","0000","386","276","110","29","415","932","0","44.53","29.61"
"10","010","00","015","1517","0231","236","169","67","16","252","515","0","48.93","32.82"
"10","010","00","015","1517","0232","150","107","43","13","163","417","0","39.09","25.66"
"10","010","00","015","1518","0000","153","115","38","13","166","404","0","41.09","28.47"
"10","010","00","015","1518","0227","153","115","38","13","166","404","0","41.09","28.47"
"10","010","00","016","0000","0000","5261","3791","1470","435","5696","10156","11470","56.09","37.33"
"10","010","00","016","1601","0000","642","438","204","70","712","1174","0","60.65","37.31"
"10","010","00","016","1601","0450","642","438","204","70","712","1174","0","60.65","37.31"
"10","010","00","016","1602","0000","260","184","76","20","280","449","0","62.36","40.98"
"10","010","00","016","1602","0451","260","184","76","20","280","449","0","62.36","40.98"
"10","010","00","016","1603","0000","652","467","185","72","724","1304","0","55.52","35.81"
"10","010","00","016","1603","0452","428","305","123","33","461","753","0","61.22","40.5"
"10","010","00","016","1603","0453","224","162","62","39","263","551","0","47.73","29.4"
"10","010","00","016","1604","0000","935","625","310","71","1006","1791","0","56.17","34.9"
"10","010","00","016","1604","0454","935","625","310","71","1006","1791","0","56.17","34.9"
"10","010","00","016","1605","0000","492","343","149","45","537","849","0","63.25","40.4"
"10","010","00","016","1605","0455","492","343","149","45","537","849","0","63.25","40.4"
"10","010","00","016","1606","0000","471","340","131","31","502","866","0","57.97","39.26"
"10","010","00","016","1606","0456","471","340","131","31","502","866","0","57.97","39.26"
"10","010","00","016","1607","0000","645","476","169","52","697","1244","0","56.03","38.26"
"10","010","00","016","1607","0457","409","317","92","31","440","800","0","55.0","39.63"
"10","010","00","016","1607","0458","236","159","77","21","257","444","0","57.88","35.81"
"10","010","00","016","1608","0000","250","195","55","13","263","635","0","41.42","30.71"
"10","010","00","016","1608","0459","250","195","55","13","263","635","0","41.42","30.71"
"10","010","00","016","1609","0000","493","384","109","35","528","961","0","54.94","39.96"
"10","010","00","016","1609","0460","138","102","36","12","150","319","0","47.02","31.97"
"10","010","00","016","1609","0461","355","282","73","23","378","642","0","58.88","43.93"
"10","010","00","016","1610","0000","211","169","42","20","231","509","0","45.38","33.2"
"10","010","00","016","1610","0462","211","169","42","20","231","509","0","45.38","33.2"
"10","010","00","016","1611","0000","210","170","40","6","216","374","0","57.75","45.45"
"10","010","00","016","1611","0463","95","80","15","0","95","162","0","58.64","49.38"
"10","010","00","016","1611","0464","115","90","25","6","121","212","0","57.08","42.45"
"10","010","00","017","0000","0000","2070","1457","613","126","2196","3999","4592","54.91","36.43"
"10","010","00","017","1701","0000","757","523","234","50","807","1468","0","54.97","35.63"
"10","010","00","017","1701","0465","757","523","234","50","807","1468","0","54.97","35.63"
"10","010","00","017","1702","0000","282","193","89","18","300","624","0","48.08","30.93"
"10","010","00","017","1702","0466","118","88","30","7","125","320","0","39.06","27.5"
"10","010","00","017","1702","0467","164","105","59","11","175","304","0","57.57","34.54"
"10","010","00","017","1703","0000","242","170","72","8","250","418","0","59.81","40.67"
"10","010","00","017","1703","0468","91","65","26","2","93","184","0","50.54","35.33"
"10","010","00","017","1703","0469","151","105","46","6","157","234","0","67.09","44.87"
"10","010","00","017","1704","0000","462","320","142","28","490","920","0","53.26","34.78"
"10","010","00","017","1704","0470","250","171","79","13","263","495","0","53.13","34.55"
"10","010","00","017","1704","0471","106","76","30","6","112","199","0","56.28","38.19"
"10","010","00","017","1704","0472","106","73","33","9","115","226","0","50.88","32.3"
"10","010","00","017","1705","0000","327","251","76","22","349","569","0","61.34","44.11"
"10","010","00","017","1705","0473","327","251","76","22","349","569","0","61.34","44.11"
"10","010","00","018","0000","0000","2106","1511","595","94","2200","4691","5610","46.9","32.21"
"10","010","00","018","1801","0000","176","125","51","6","182","371","0","49.06","33.69"
"10","010","00","018","1801","0474","176","125","51","6","182","371","0","49.06","33.69"
"10","010","00","018","1802","0000","82","61","21","3","85","197","0","43.15","30.96"
"10","010","00","018","1802","0475","82","61","21","3","85","197","0","43.15","30.96"
"10","010","00","018","1803","0000","69","50","19","4","73","152","0","48.03","32.89"
"10","010","00","018","1803","0476","69","50","19","4","73","152","0","48.03","32.89"
"10","010","00","018","1804","0000","94","71","23","6","100","303","0","33.0","23.43"
"10","010","00","018","1804","0477","75","55","20","4","79","231","0","34.2","23.81"
"10","010","00","018","1804","0478","19","16","3","2","21","72","0","29.17","22.22"
"10","010","00","018","1805","0000","159","123","36","5","164","306","0","53.59","40.2"
"10","010","00","018","1805","0480","159","123","36","5","164","306","0","53.59","40.2"
"10","010","00","018","1806","0000","122","86","36","2","124","311","0","39.87","27.65"
"10","010","00","018","1806","0479","122","86","36","2","124","311","0","39.87","27.65"
"10","010","00","018","1807","0000","422","296","126","32","454","827","0","54.9","35.79"
"10","010","00","018","1807","0482","422","296","126","32","454","827","0","54.9","35.79"
"10","010","00","018","1808","0000","432","294","138","13","445","970","0","45.88","30.31"
"10","010","00","018","1808","0481","432","294","138","13","445","970","0","45.88","30.31"
"10","010","00","018","1809","0000","125","87","38","1","126","238","0","52.94","36.55"
"10","010","00","018","1809","0483","125","87","38","1","126","238","0","52.94","36.55"
"10","010","00","018","1810","0000","151","107","44","6","157","479","0","32.78","22.34"
"10","010","00","018","1810","0484","151","107","44","6","157","479","0","32.78","22.34"
"10","010","00","018","1811","0000","122","86","36","8","130","291","0","44.67","29.55"
"10","010","00","018","1811","0485","122","86","36","8","130","291","0","44.67","29.55"
"10","010","00","018","1812","0000","152","125","27","8","160","246","0","65.04","50.81"
"10","010","00","018","1812","0486","152","125","27","8","160","246","0","65.04","50.81"
"10","013","00","000","0000","0000","354737","244464","110273","22276","377013","711720","826779","52.97","34.35"
"10","013","00","001","0000","0000","87152","59826","27326","3688","90840","170148","199807","53.39","35.16"
"10","013","00","001","0101","0000","397","257","140","22","419","713","0","58.77","36.04"
"10","013","00","001","0101","0004","397","257","140","22","419","713","0","58.77","36.04"
"10","013","00","001","0102","0000","147","90","57","0","147","249","0","59.04","36.14"
"10","013","00","001","0102","0007","147","90","57","0","147","249","0","59.04","36.14"
"10","013","00","001","0103","0000","152","93","59","14","166","294","0","56.46","31.63"
"10","013","00","001","0103","0002","152","93","59","14","166","294","0","56.46","31.63"
"10","013","00","001","0104","0000","303","181","122","8","311","582","0","53.44","31.1"
"10","013","00","001","0104","0003","303","181","122","8","311","582","0","53.44","31.1"
"10","013","00","001","0105","0000","275","196","79","7","282","455","0","61.98","43.08"
"10","013","00","001","0105","0006","275","196","79","7","282","455","0","61.98","43.08"
"10","013","00","001","0106","0000","123","76","47","5","128","237","0","54.01","32.07"
"10","013","00","001","0106","0001","123","76","47","5","128","237","0","54.01","32.07"
"10","013","00","001","0107","0000","294","185","109","25","319","572","0","55.77","32.34"
"10","013","00","001","0107","0005","294","185","109","25","319","572","0","55.77","32.34"
"10","013","00","001","0108","0000","420","268","152","30","450","713","0","63.11","37.59"
"10","013","00","001","0108","0010","420","268","152","30","450","713","0","63.11","37.59"
"10","013","00","001","0109","0000","337","215","122","32","369","573","0","64.4","37.52"
"10","013","00","001","0109","0011","337","215","122","32","369","573","0","64.4","37.52"
"10","013","00","001","0110","0000","265","187","78","16","281","409","0","68.7","45.72"
"10","013","00","001","0110","0013","265","187","78","16","281","409","0","68.7","45.72"
"10","013","00","001","0111","0000","187","123","64","16","203","297","0","68.35","41.41"
"10","013","00","001","0111","0012","187","123","64","16","203","297","0","68.35","41.41"
"10","013","00","001","0112","0000","1258","830","428","62","1320","2688","0","49.11","30.88"
"10","013","00","001","0112","0008","620","441","179","27","647","1315","0","49.2","33.54"
"10","013","00","001","0112","0009","638","389","249","35","673","1373","0","49.02","28.33"
"10","013","00","001","0113","0000","234","129","105","15","249","459","0","54.25","28.1"
"10","013","00","001","0113","0017","234","129","105","15","249","459","0","54.25","28.1"
"10","013","00","001","0114","0000","414","260","154","19","433","672","0","64.43","38.69"
"10","013","00","001","0114","0018","414","260","154","19","433","672","0","64.43","38.69"
"10","013","00","001","0115","0000","248","176","72","8","256","421","0","60.81","41.81"
"10","013","00","001","0115","0015","248","176","72","8","256","421","0","60.81","41.81"
"10","013","00","001","0116","0000","318","202","116","11","329","569","0","57.82","35.5"
"10","013","00","001","0116","0016","318","202","116","11","329","569","0","57.82","35.5"
"10","013","00","001","0117","0000","148","91","57","12","160","286","0","55.94","31.82"
"10","013","00","001","0117","0014","148","91","57","12","160","286","0","55.94","31.82"
"10","013","00","001","0118","0000","399","237","162","24","423","668","0","63.32","35.48"
"10","013","00","001","0118","0019","399","237","162","24","423","668","0","63.32","35.48"
"10","013","00","001","0119","0000","248","166","82","8","256","411","0","62.29","40.39"
"10","013","00","001","0119","0020","248","166","82","8","256","411","0","62.29","40.39"
"10","013","00","001","0120","0000","839","555","284","43","882","1554","0","56.76","35.71"
"10","013","00","001","0120","0021","418","288","130","25","443","768","0","57.68","37.5"
"10","013","00","001","0120","0022","421","267","154","18","439","786","0","55.85","33.97"
"10","013","00","001","0121","0000","500","352","148","29","529","890","0","59.44","39.55"
"10","013","00","001","0121","0023","500","352","148","29","529","890","0","59.44","39.55"
"10","013","00","001","0122","0000","1043","701","342","43","1086","1911","0","56.83","36.68"
"10","013","00","001","0122","0039","497","332","165","26","523","939","0","55.7","35.36"
"10","013","00","001","0122","0040","546","369","177","17","563","972","0","57.92","37.96"
"10","013","00","001","0123","0000","1398","972","426","63","1461","2517","0","58.05","38.62"
"10","013","00","001","0123","0034","713","496","217","34","747","1258","0","59.38","39.43"
"10","013","00","001","0123","0035","685","476","209","29","714","1259","0","56.71","37.81"
"10","013","00","001","0124","0000","1984","1307","677","43","2027","3556","0","57.0","36.75"
"10","013","00","001","0124","0036","583","386","197","13","596","1076","0","55.39","35.87"
"10","013","00","001","0124","0037","664","433","231","11","675","1162","0","58.09","37.26"
"10","013","00","001","0124","0038","737","488","249","19","756","1318","0","57.36","37.03"
"10","013","00","001","0125","0000","2123","1444","679","76","2199","4039","0","54.44","35.75"
"10","013","00","001","0125","0031","718","484","234","26","744","1297","0","57.36","37.32"
"10","013","00","001","0125","0032","722","497","225","22","744","1361","0","54.67","36.52"
"10","013","00","001","0125","0033","683","463","220","28","711","1381","0","51.48","33.53"
"10","013","00","001","0126","0000","4909","3432","1477","144","5053","9307","0","54.29","36.88"
"10","013","00","001","0126","0024","734","516","218","28","762","1353","0","56.32","38.14"
"10","013","00","001","0126","0025","733","512","221","12","745","1386","0","53.75","36.94"
"10","013","00","001","0126","0026","738","494","244","22","760","1413","0","53.79","34.96"
"10","013","00","001","0126","0027","668","481","187","22","690","1272","0","54.25","37.81"
"10","013","00","001","0126","0028","686","452","234","17","703","1287","0","54.62","35.12"
"10","013","00","001","0126","0029","739","492","247","26","765","1311","0","58.35","37.53"
"10","013","00","001","0126","0030","611","485","126","17","628","1285","0","48.87","37.74"
"10","013","00","001","0127","0000","708","471","237","48","756","1540","0","49.09","30.58"
"10","013","00","001","0127","0047","708","471","237","48","756","1540","0","49.09","30.58"
"10","013","00","001","0128","0000","564","375","189","28","592","1061","0","55.8","35.34"
"10","013","00","001","0128","0046","564","375","189","28","592","1061","0","55.8","35.34"
"10","013","00","001","0129","0000","542","349","193","10","552","1141","0","48.38","30.59"
"10","013","00","001","0129","0048","542","349","193","10","552","1141","0","48.38","30.59"
"10","013","00","001","0130","0000","3698","2584","1114","118","3816","7243","0","52.69","35.68"
"10","013","00","001","0130","0041","837","553","284","30","867","1535","0","56.48","36.03"
"10","013","00","001","0130","0042","662","472","190","25","687","1419","0","48.41","33.26"
"10","013","00","001","0130","0043","683","485","198","13","696","1398","0","49.79","34.69"
"10","013","00","001","0130","0044","717","507","210","30","747","1405","0","53.17","36.09"
"10","013","00","001","0130","0045","799","567","232","20","819","1486","0","55.11","38.16"
"10","013","00","001","0131","0000","2799","2019","780","143","2942","5428","0","54.2","37.2"
"10","013","00","001","0131","0075","755","525","230","57","812","1485","0","54.68","35.35"
"10","013","00","001","0131","0076","709","491","218","43","752","1387","0","54.22","35.4"
"10","013","00","001","0131","0077","477","342","135","18","495","953","0","51.94","35.89"
"10","013","00","001","0131","0078","858","661","197","25","883","1603","0","55.08","41.24"
"10","013","00","001","0132","0000","273","179","94","25","298","535","0","55.7","33.46"
"10","013","00","001","0132","0079","273","179","94","25","298","535","0","55.7","33.46"
"10","013","00","001","0133","0000","1328","867","461","65","1393","2843","0","49.0","30.5"
"10","013","00","001","0133","0089","569","384","185","18","587","1215","0","48.31","31.6"
"10","013","00","001","0133","0090","759","483","276","47","806","1628","0","49.51","29.67"
"10","013","00","001","0134","0000","440","304","136","36","476","867","0","54.9","35.06"
"10","013","00","001","0134","0086","440","304","136","36","476","867","0","54.9","35.06"
"10","013","00","001","0135","0000","488","344","144","32","520","918","0","56.64","37.47"
"10","013","00","001","0135","0087","488","344","144","32","520","918","0","56.64","37.47"
"10","013","00","001","0136","0000","650","418","232","30","680","1209","0","56.24","34.57"
"10","013","00","001","0136","0091","650","418","232","30","680","1209","0","56.24","34.57"
"10","013","00","001","0137","0000","318","213","105","28","346","663","0","52.19","32.13"
"10","013","00","001","0137","0088","318","213","105","28","346","663","0","52.19","32.13"
"10","013","00","001","0138","0000","690","466","224","20","710","1110","0","63.96","41.98"
"10","013","00","001","0138","0092","690","466","224","20","710","1110","0","63.96","41.98"
"10","013","00","001","0139","0000","324","228","96","9","333","684","0","48.68","33.33"
"10","013","00","001","0139","0093","324","228","96","9","333","684","0","48.68","33.33"
"10","013","00","001","0140","0000","3570","2444","1126","163","3733","7190","0","51.92","33.99"
"10","013","00","001","0140","0094","590","410","180","26","616","1349","0","45.66","30.39"
"10","013","00","001","0140","0095","708","518","190","43","751","1457","0","51.54","35.55"
"10","013","00","001","0140","0096","765","521","244","31","796","1447","0","55.01","36.01"
"10","013","00","001","0140","0097","670","431","239","17","687","1354","0","50.74","31.83"
"10","013","00","001","0140","0098","837","564","273","46","883","1583","0","55.78","35.63"
"10","013","00","001","0141","0000","1222","821","401","58","1280","2503","0","51.14","32.8"
"10","013","00","001","0141","0072","636","402","234","29","665","1284","0","51.79","31.31"
"10","013","00","001","0141","0073","586","419","167","29","615","1219","0","50.45","34.37"
"10","013","00","001","0142","0000","822","563","259","48","870","1544","0","56.35","36.46"
"10","013","00","001","0142","0074","822","563","259","48","870","1544","0","56.35","36.46"
"10","013","00","001","0143","0000","1167","804","363","49","1216","2266","0","53.66","35.48"
"10","013","00","001","0143","0083","612","412","200","25","637","1227","0","51.92","33.58"
"10","013","00","001","0143","0084","555","392","163","24","579","1039","0","55.73","37.73"
"10","013","00","001","0144","0000","746","504","242","48","794","1485","0","53.47","33.94"
"10","013","00","001","0144","0085","746","504","242","48","794","1485","0","53.47","33.94"
"10","013","00","001","0145","0000","578","399","179","22","600","1119","0","53.62","35.66"
"10","013","00","001","0145","0080","578","399","179","22","600","1119","0","53.62","35.66"
"10","013","00","001","0146","0000","937","635","302","90","1027","1770","0","58.02","35.88"
"10","013","00","001","0146","0081","446","328","118","29","475","847","0","56.08","38.72"
"10","013","00","001","0146","0082","491","307","184","61","552","923","0","59.8","33.26"
"10","013","00","001","0147","0000","139","92","47","4","143","391","0","36.57","23.53"
"10","013","00","001","0147","0060","139","92","47","4","143","391","0","36.57","23.53"
"10","013","00","001","0148","0000","117","88","29","3","120","231","0","51.95","38.1"
"10","013","00","001","0148","0063","117","88","29","3","120","231","0","51.95","38.1"
"10","013","00","001","0149","0000","1001","669","332","84","1085","1998","0","54.3","33.48"
"10","013","00","001","0149","0064","481","325","156","38","519","945","0","54.92","34.39"
"10","013","00","001","0149","0065","520","344","176","46","566","1053","0","53.75","32.67"
"10","013","00","001","0150","0000","499","325","174","44","543","1043","0","52.06","31.16"
"10","013","00","001","0150","0066","499","325","174","44","543","1043","0","52.06","31.16"
"10","013","00","001","0151","0000","664","430","234","15","679","1205","0","56.35","35.68"
"10","013","00","001","0151","0071","664","430","234","15","679","1205","0","56.35","35.68"
"10","013","00","001","0153","0000","4288","2879","1409","165","4453","8175","0","54.47","35.22"
"10","013","00","001","0153","0052","667","471","196","22","689","1253","0","54.99","37.59"
"10","013","00","001","0153","0053","687","476","211","29","716","1315","0","54.45","36.2"
"10","013","00","001","0153","0054","701","435","266","29","730","1425","0","51.23","30.53"
"10","013","00","001","0153","0055","714","487","227","25","739","1423","0","51.93","34.22"
"10","013","00","001","0153","0056","757","530","227","34","791","1400","0","56.5","37.86"
"10","013","00","001","0153","0057","762","480","282","26","788","1359","0","57.98","35.32"
"10","013","00","001","0154","0000","1394","975","419","114","1508","2922","0","51.61","33.37"
"10","013","00","001","0154","0069","705","498","207","74","779","1468","0","53.07","33.92"
"10","013","00","001","0154","0070","689","477","212","40","729","1454","0","50.14","32.81"
"10","013","00","001","0155","0000","2015","1352","663","83","2098","3996","0","52.5","33.83"
"10","013","00","001","0155","0049","601","393","208","22","623","1247","0","49.96","31.52"
"10","013","00","001","0155","0050","698","453","245","38","736","1446","0","50.9","31.33"
"10","013","00","001","0155","0051","716","506","210","23","739","1303","0","56.72","38.83"
"10","013","00","001","0156","0000","943","650","293","81","1024","1937","0","52.87","33.56"
"10","013","00","001","0156","0067","511","354","157","56","567","1061","0","53.44","33.36"
"10","013","00","001","0156","0068","432","296","136","25","457","876","0","52.17","33.79"
"10","013","00","001","0157","0000","148","96","52","20","168","328","0","51.22","29.27"
"10","013","00","001","0157","0062","148","96","52","20","168","328","0","51.22","29.27"
"10","013","00","001","0158","0000","103","72","31","14","117","200","0","58.5","36.0"
"10","013","00","001","0158","0061","103","72","31","14","117","200","0","58.5","36.0"
"10","013","00","001","0159","0000","930","657","273","35","965","1722","0","56.04","38.15"
"10","013","00","001","0159","0122","441","321","120","15","456","853","0","53.46","37.63"
"10","013","00","001","0159","0123","489","336","153","20","509","869","0","58.57","38.67"
"10","013","00","001","0160","0000","2535","1761","774","98","2633","4870","0","54.07","36.16"
"10","013","00","001","0160","0124","637","437","200","32","669","1169","0","57.23","37.38"
"10","013","00","001","0160","0125","575","413","162","21","596","1058","0","56.33","39.04"
"10","013","00","001","0160","0126","648","445","203","21","669","1344","0","49.78","33.11"
"10","013","00","001","0160","0127","675","466","209","24","699","1299","0","53.81","35.87"
"10","013","00","001","0161","0000","413","275","138","15","428","744","0","57.53","36.96"
"10","013","00","001","0161","0143","413","275","138","15","428","744","0","57.53","36.96"
"10","013","00","001","0162","0000","359","237","122","12","371","678","0","54.72","34.96"
"10","013","00","001","0162","0144","359","237","122","12","371","678","0","54.72","34.96"
"10","013","00","001","0163","0000","390","256","134","15","405","681","0","59.47","37.59"
"10","013","00","001","0163","0145","390","256","134","15","405","681","0","59.47","37.59"
"10","013","00","001","0164","0000","2366","1602","764","76","2442","4705","0","51.9","34.05"
"10","013","00","001","0164","0140","806","536","270","36","842","1491","0","56.47","35.95"
"10","013","00","001","0164","0141","667","468","199","22","689","1411","0","48.83","33.17"
"10","013","00","001","0164","0142","893","598","295","18","911","1803","0","50.53","33.17"
"10","013","00","001","0165","0000","2486","1741","745","73","2559","5541","0","46.18","31.42"
"10","013","00","001","0165","0118","513","362","151","19","532","1683","0","31.61","21.51"
"10","013","00","001","0165","0119","746","518","228","17","763","1497","0","50.97","34.6"
"10","013","00","001","0165","0120","578","388","190","20","598","1129","0","52.97","34.37"
"10","013","00","001","0165","0121","649","473","176","17","666","1232","0","54.06","38.39"
"10","013","00","001","0166","0000","864","608","256","33","897","1920","0","46.72","31.67"
"10","013","00","001","0166","0113","386","280","106","15","401","821","0","48.84","34.1"
"10","013","00","001","0166","0114","478","328","150","18","496","1099","0","45.13","29.85"
"10","013","00","001","0167","0000","1179","812","367","63","1242","2327","0","53.37","34.89"
"10","013","00","001","0167","0128","607","418","189","35","642","1204","0","53.32","34.72"
"10","013","00","001","0167","0129","572","394","178","28","600","1123","0","53.43","35.08"
"10","013","00","001","0168","0000","1279","869","410","61","1340","2404","0","55.74","36.15"
"10","013","00","001","0168","0138","706","480","226","40","746","1289","0","57.87","37.24"
"10","013","00","001","0168","0139","573","389","184","21","594","1115","0","53.27","34.89"
"10","013","00","001","0169","0000","3168","2233","935","89","3257","6072","0","53.64","36.78"
"10","013","00","001","0169","0133","588","396","192","17","605","1215","0","49.79","32.59"
"10","013","00","001","0169","0134","706","516","190","24","730","1370","0","53.28","37.66"
"10","013","00","001","0169","0135","654","478","176","9","663","1240","0","53.47","38.55"
"10","013","00","001","0169","0136","647","427","220","19","666","1168","0","57.02","36.56"
"10","013","00","001","0169","0137","573","416","157","20","593","1079","0","54.96","38.55"
"10","013","00","001","0170","0000","1234","816","418","40","1274","2172","0","58.66","37.57"
"10","013","00","001","0170","0148","598","403","195","19","617","1018","0","60.61","39.59"
"10","013","00","001","0170","0149","636","413","223","21","657","1154","0","56.93","35.79"
"10","013","00","001","0171","0000","1030","690","340","63","1093","2082","0","52.5","33.14"
"10","013","00","001","0171","0116","565","360","205","36","601","1167","0","51.5","30.85"
"10","013","00","001","0171","0117","465","330","135","27","492","915","0","53.77","36.07"
"10","013","00","001","0173","0000","5921","4194","1727","151","6072","11833","0","51.31","35.44"
"10","013","00","001","0173","0099","868","623","245","17","885","1707","0","51.85","36.5"
"10","013","00","001","0173","0100","779","560","219","25","804","1637","0","49.11","34.21"
"10","013","00","001","0173","0101","699","495","204","8","707","1459","0","48.46","33.93"
"10","013","00","001","0173","0102","928","661","267","23","951","1759","0","54.06","37.58"
"10","013","00","001","0173","0103","953","681","272","28","981","1950","0","50.31","34.92"
"10","013","00","001","0173","0104","889","626","263","32","921","1729","0","53.27","36.21"
"10","013","00","001","0173","0105","805","548","257","18","823","1592","0","51.7","34.42"
"10","013","00","001","0174","0000","839","617","222","29","868","1688","0","51.42","36.55"
"10","013","00","001","0174","0115","839","617","222","29","868","1688","0","51.42","36.55"
"10","013","00","001","0175","0000","5714","4057","1657","163","5877","11483","0","51.18","35.33"
"10","013","00","001","0175","0106","709","517","192","23","732","1437","0","50.94","35.98"
"10","013","00","001","0175","0107","606","431","175","20","626","1204","0","51.99","35.8"
"10","013","00","001","0175","0108","711","513","198","22","733","1340","0","54.7","38.28"
"10","013","00","001","0175","0109","701","476","225","20","721","1322","0","54.54","36.01"
"10","013","00","001","0175","0110","715","510","205","29","744","1462","0","50.89","34.88"
"10","013","00","001","0175","0111","1554","1093","461","38","1592","3241","0","49.12","33.72"
"10","013","00","001","0175","0112","718","517","201","11","729","1477","0","49.36","35.0"
"10","013","00","001","0176","0000","611","422","189","24","635","1318","0","48.18","32.02"
"10","013","00","001","0176","0130","611","422","189","24","635","1318","0","48.18","32.02"
"10","013","00","001","0177","0000","483","341","142","37","520","865","0","60.12","39.42"
"10","013","00","001","0177","0131","483","341","142","37","520","865","0","60.12","39.42"
"10","013","00","001","0178","0000","527","362","165","14","541","1100","0","49.18","32.91"
"10","013","00","001","0178","0132","527","362","165","14","541","1100","0","49.18","32.91"
"10","013","00","001","0179","0000","492","351","141","53","545","954","0","57.13","36.79"
"10","013","00","001","0179","0147","492","351","141","53","545","954","0","57.13","36.79"
"10","013","00","001","0180","0000","707","466","241","23","730","1535","0","47.56","30.36"
"10","013","00","001","0180","0146","707","466","241","23","730","1535","0","47.56","30.36"
"10","013","00","001","0181","0000","1487","1119","368","49","1536","2867","0","53.58","39.03"
"10","013","00","001","0181","0058","692","528","164","26","718","1328","0","54.07","39.76"
"10","013","00","001","0181","0059","795","591","204","23","818","1539","0","53.15","38.4"
"10","013","00","002","0000","0000","23289","16355","6934","1169","24458","46444","53924","52.66","35.21"
"10","013","00","002","0201","0000","291","200","91","14","305","504","0","60.52","39.68"
"10","013","00","002","0201","0150","291","200","91","14","305","504","0","60.52","39.68"
"10","013","00","002","0202","0000","353","244","109","28","381","603","0","63.18","40.46"
"10","013","00","002","0202","0154","353","244","109","28","381","603","0","63.18","40.46"
"10","013","00","002","0203","0000","709","501","208","27","736","1245","0","59.12","40.24"
"10","013","00","002","0203","0170","709","501","208","27","736","1245","0","59.12","40.24"
"10","013","00","002","0204","0000","522","355","167","78","600","972","0","61.73","36.52"
"10","013","00","002","0204","0169","522","355","167","78","600","972","0","61.73","36.52"
"10","013","00","002","0205","0000","2272","1578","694","76","2348","4759","0","49.34","33.16"
"10","013","00","002","0205","0151","791","543","248","29","820","1711","0","47.93","31.74"
"10","013","00","002","0205","0152","823","560","263","22","845","1634","0","51.71","34.27"
"10","013","00","002","0205","0153","658","475","183","25","683","1414","0","48.3","33.59"
"10","013","00","002","0206","0000","454","311","143","35","489","896","0","54.58","34.71"
"10","013","00","002","0206","0155","454","311","143","35","489","896","0","54.58","34.71"
"10","013","00","002","0207","0000","2764","1950","814","110","2874","5309","0","54.13","36.73"
"10","013","00","002","0207","0156","656","468","188","21","677","1285","0","52.68","36.42"
"10","013","00","002","0207","0157","836","583","253","33","869","1744","0","49.83","33.43"
"10","013","00","002","0207","0158","599","419","180","21","620","1071","0","57.89","39.12"
"10","013","00","002","0207","0159","673","480","193","35","708","1209","0","58.56","39.7"
"10","013","00","002","0208","0000","3325","2299","1026","153","3478","6490","0","53.59","35.42"
"10","013","00","002","0208","0160","595","410","185","28","623","1159","0","53.75","35.38"
"10","013","00","002","0208","0161","635","432","203","29","664","1296","0","51.23","33.33"
"10","013","00","002","0208","0162","723","509","214","35","758","1466","0","51.71","34.72"
"10","013","00","002","0208","0163","623","433","190","32","655","1130","0","57.96","38.32"
"10","013","00","002","0208","0164","749","515","234","29","778","1439","0","54.07","35.79"
"10","013","00","002","0209","0000","1160","842","318","68","1228","2122","0","57.87","39.68"
"10","013","00","002","0209","0165","489","368","121","37","526","897","0","58.64","41.03"
"10","013","00","002","0209","0166","671","474","197","31","702","1225","0","57.31","38.69"
"10","013","00","002","0210","0000","716","525","191","39","755","1415","0","53.36","37.1"
"10","013","00","002","0210","0171","716","525","191","39","755","1415","0","53.36","37.1"
"10","013","00","002","0211","0000","1008","697","311","35","1043","2313","0","45.09","30.13"
"10","013","00","002","0211","0172","587","405","182","13","600","1255","0","47.81","32.27"
"10","013","00","002","0211","0173","421","292","129","22","443","1058","0","41.87","27.6"
"10","013","00","002","0212","0000","1164","833","331","58","1222","2270","0","53.83","36.7"
"10","013","00","002","0212","0174","588","413","175","27","615","1187","0","51.81","34.79"
"10","013","00","002","0212","0175","576","420","156","31","607","1083","0","56.05","38.78"
"10","013","00","002","0213","0000","3553","2495","1058","135","3688","7022","0","52.52","35.53"
"10","013","00","002","0213","0176","752","524","228","25","777","1590","0","48.87","32.96"
"10","013","00","002","0213","0177","805","568","237","45","850","1543","0","55.09","36.81"
"10","013","00","002","0213","0178","781","536","245","31","812","1631","0","49.79","32.86"
"10","013","00","002","0213","0179","612","445","167","15","627","1159","0","54.1","38.4"
"10","013","00","002","0213","0180","603","422","181","19","622","1099","0","56.6","38.4"
"10","013","00","002","0214","0000","561","399","162","34","595","1200","0","49.58","33.25"
"10","013","00","002","0214","0181","561","399","162","34","595","1200","0","49.58","33.25"
"10","013","00","002","0215","0000","665","479","186","39","704","1391","0","50.61","34.44"
"10","013","00","002","0215","0182","665","479","186","39","704","1391","0","50.61","34.44"
"10","013","00","002","0216","0000","474","328","146","39","513","881","0","58.23","37.23"
"10","013","00","002","0216","0183","474","328","146","39","513","881","0","58.23","37.23"
"10","013","00","002","0217","0000","215","163","52","15","230","454","0","50.66","35.9"
"10","013","00","002","0217","0184","215","163","52","15","230","454","0","50.66","35.9"
"10","013","00","002","0218","0000","746","499","247","61","807","1639","0","49.24","30.45"
"10","013","00","002","0218","0167","551","375","176","36","587","1158","0","50.69","32.38"
"10","013","00","002","0218","0168","195","124","71","25","220","481","0","45.74","25.78"
"10","013","00","002","0219","0000","877","647","230","34","911","1658","0","54.95","39.02"
"10","013","00","002","0219","0185","877","647","230","34","911","1658","0","54.95","39.02"
"10","013","00","002","0220","0000","813","561","252","41","854","1770","0","48.25","31.69"
"10","013","00","002","0220","0186","396","287","109","26","422","822","0","51.34","34.91"
"10","013","00","002","0220","0187","417","274","143","15","432","948","0","45.57","28.9"
"10","013","00","002","0221","0000","647","449","198","50","697","1531","0","45.53","29.33"
"10","013","00","002","0221","0188","479","329","150","27","506","1194","0","42.38","27.55"
"10","013","00","002","0221","0189","168","120","48","23","191","337","0","56.68","35.61"
"10","013","00","003","0000","0000","19754","13670","6084","1405","21159","39495","47654","53.57","34.61"
"10","013","00","003","0301","0000","1163","832","331","63","1226","2051","0","59.78","40.57"
"10","013","00","003","0301","0190","561","410","151","31","592","981","0","60.35","41.79"
"10","013","00","003","0301","0191","602","422","180","32","634","1070","0","59.25","39.44"
"10","013","00","003","0302","0000","311","222","89","37","348","527","0","66.03","42.13"
"10","013","00","003","0302","0192","311","222","89","37","348","527","0","66.03","42.13"
"10","013","00","003","0303","0000","231","162","69","15","246","395","0","62.28","41.01"
"10","013","00","003","0303","0193","231","162","69","15","246","395","0","62.28","41.01"
"10","013","00","003","0304","0000","315","221","94","23","338","659","0","51.29","33.54"
"10","013","00","003","0304","0194","315","221","94","23","338","659","0","51.29","33.54"
"10","013","00","003","0305","0000","264","188","76","24","288","513","0","56.14","36.65"
"10","013","00","003","0305","0195","264","188","76","24","288","513","0","56.14","36.65"
"10","013","00","003","0306","0000","368","228","140","23","391","695","0","56.26","32.81"
"10","013","00","003","0306","0203","368","228","140","23","391","695","0","56.26","32.81"
"10","013","00","003","0307","0000","889","611","278","63","952","1643","0","57.94","37.19"
"10","013","00","003","0307","0204","613","423","190","47","660","1076","0","61.34","39.31"
"10","013","00","003","0307","0205","276","188","88","16","292","567","0","51.5","33.16"
"10","013","00","003","0308","0000","414","295","119","25","439","806","0","54.47","36.6"
"10","013","00","003","0308","0206","414","295","119","25","439","806","0","54.47","36.6"
"10","013","00","003","0309","0000","647","465","182","41","688","1227","0","56.07","37.9"
"10","013","00","003","0309","0207","647","465","182","41","688","1227","0","56.07","37.9"
"10","013","00","003","0310","0000","289","204","85","38","327","599","0","54.59","34.06"
"10","013","00","003","0310","0208","289","204","85","38","327","599","0","54.59","34.06"
"10","013","00","003","0311","0000","542","387","155","35","577","1354","0","42.61","28.58"
"10","013","00","003","0311","0209","542","387","155","35","577","1354","0","42.61","28.58"
"10","013","00","003","0312","0000","921","618","303","105","1026","1841","0","55.73","33.57"
"10","013","00","003","0312","0210","353","229","124","38","391","734","0","53.27","31.2"
"10","013","00","003","0312","0211","568","389","179","67","635","1107","0","57.36","35.14"
"10","013","00","003","0313","0000","1333","899","434","126","1459","2812","0","51.88","31.97"
"10","013","00","003","0313","0212","534","382","152","59","593","1198","0","49.5","31.89"
"10","013","00","003","0313","0213","799","517","282","67","866","1614","0","53.66","32.03"
"10","013","00","003","0314","0000","881","643","238","65","946","1738","0","54.43","37.0"
"10","013","00","003","0314","0214","388","253","135","37","425","826","0","51.45","30.63"
"10","013","00","003","0314","0215","493","390","103","28","521","912","0","57.13","42.76"
"10","013","00","003","0315","0000","808","581","227","104","912","1636","0","55.75","35.51"
"10","013","00","003","0315","0216","197","147","50","26","223","432","0","51.62","34.03"
"10","013","00","003","0315","0217","611","434","177","78","689","1204","0","57.23","36.05"
"10","013","00","003","0316","0000","2664","1880","784","137","2801","5318","0","52.67","35.35"
"10","013","00","003","0316","0218","675","476","199","50","725","1304","0","55.6","36.5"
"10","013","00","003","0316","0219","707","497","210","43","750","1317","0","56.95","37.74"
"10","013","00","003","0316","0220","690","484","206","22","712","1387","0","51.33","34.9"
"10","013","00","003","0316","0221","592","423","169","22","614","1310","0","46.87","32.29"
"10","013","00","003","0317","0000","899","585","314","79","978","1994","0","49.05","29.34"
"10","013","00","003","0317","0222","558","369","189","47","605","1228","0","49.27","30.05"
"10","013","00","003","0317","0223","341","216","125","32","373","766","0","48.69","28.2"
"10","013","00","003","0318","0000","735","494","241","57","792","1578","0","50.19","31.31"
"10","013","00","003","0318","0224","440","281","159","36","476","823","0","57.84","34.14"
"10","013","00","003","0318","0225","295","213","82","21","316","755","0","41.85","28.21"
"10","013","00","003","0319","0000","4558","3128","1430","222","4780","8957","0","53.37","34.92"
"10","013","00","003","0319","0196","843","574","269","51","894","1732","0","51.62","33.14"
"10","013","00","003","0319","0197","923","626","297","31","954","1779","0","53.63","35.19"
"10","013","00","003","0319","0198","617","440","177","25","642","1270","0","50.55","34.65"
"10","013","00","003","0319","0199","667","451","216","36","703","1327","0","52.98","33.99"
"10","013","00","003","0319","0200","662","460","202","35","697","1242","0","56.12","37.04"
"10","013","00","003","0319","0201","846","577","269","44","890","1607","0","55.38","35.91"
"10","013","00","003","0320","0000","607","418","189","43","650","1305","0","49.81","32.03"
"10","013","00","003","0320","0202","607","418","189","43","650","1305","0","49.81","32.03"
"10","013","00","003","0321","0000","559","352","207","62","621","1094","0","56.76","32.18"
"10","013","00","003","0321","0226","559","352","207","62","621","1094","0","56.76","32.18"
"10","013","00","003","0322","0000","356","257","99","18","374","753","0","49.67","34.13"
"10","013","00","003","0322","0227","356","257","99","18","374","753","0","49.67","34.13"
"10","013","00","004","0000","0000","11349","7601","3748","750","12099","25661","30812","47.15","29.62"
"10","013","00","004","0401","0000","426","306","120","24","450","902","0","49.89","33.92"
"10","013","00","004","0401","0228","426","306","120","24","450","902","0","49.89","33.92"
"10","013","00","004","0402","0000","1113","753","360","73","1186","2249","0","52.73","33.48"
"10","013","00","004","0402","0229","520","374","146","33","553","969","0","57.07","38.6"
"10","013","00","004","0402","0230","593","379","214","40","633","1280","0","49.45","29.61"
"10","013","00","004","0403","0000","583","391","192","29","612","1133","0","54.02","34.51"
"10","013","00","004","0403","0231","583","391","192","29","612","1133","0","54.02","34.51"
"10","013","00","004","0404","0000","1856","1277","579","99","1955","4159","0","47.01","30.7"
"10","013","00","004","0404","0246","694","473","221","31","725","1505","0","48.17","31.43"
"10","013","00","004","0404","0247","487","329","158","34","521","1111","0","46.89","29.61"
"10","013","00","004","0404","0248","675","475","200","34","709","1543","0","45.95","30.78"
"10","013","00","004","0405","0000","1214","796","418","59","1273","3037","0","41.92","26.21"
"10","013","00","004","0405","0232","638","410","228","16","654","1552","0","42.14","26.42"
"10","013","00","004","0405","0233","576","386","190","43","619","1485","0","41.68","25.99"
"10","013","00","004","0406","0000","455","297","158","25","480","896","0","53.57","33.15"
"10","013","00","004","0406","0234","455","297","158","25","480","896","0","53.57","33.15"
"10","013","00","004","0407","0000","231","154","77","19","250","531","0","47.08","29.0"
"10","013","00","004","0407","0235","231","154","77","19","250","531","0","47.08","29.0"
"10","013","00","004","0408","0000","212","152","60","12","224","478","0","46.86","31.8"
"10","013","00","004","0408","0236","212","152","60","12","224","478","0","46.86","31.8"
"10","013","00","004","0409","0000","454","311","143","35","489","1020","0","47.94","30.49"
"10","013","00","004","0409","0237","454","311","143","35","489","1020","0","47.94","30.49"
"10","013","00","004","0410","0000","433","243","190","20","453","924","0","49.03","26.3"
"10","013","00","004","0410","0238","433","243","190","20","453","924","0","49.03","26.3"
"10","013","00","004","0411","0000","442","268","174","28","470","1079","0","43.56","24.84"
"10","013","00","004","0411","0239","442","268","174","28","470","1079","0","43.56","24.84"
"10","013","00","004","0412","0000","695","494","201","74","769","1588","0","48.43","31.11"
"10","013","00","004","0412","0240","300","220","80","25","325","775","0","41.94","28.39"
"10","013","00","004","0412","0241","395","274","121","49","444","813","0","54.61","33.7"
"10","013","00","004","0413","0000","957","685","272","74","1031","2214","0","46.57","30.94"
"10","013","00","004","0413","0242","490","390","100","39","529","1104","0","47.92","35.33"
"10","013","00","004","0413","0243","467","295","172","35","502","1110","0","45.23","26.58"
"10","013","00","004","0414","0000","495","298","197","53","548","1400","0","39.14","21.29"
"10","013","00","004","0414","0244","256","163","93","41","297","692","0","42.92","23.55"
"10","013","00","004","0414","0245","239","135","104","12","251","708","0","35.45","19.07"
"10","013","00","004","0415","0000","736","472","264","50","786","1672","0","47.01","28.23"
"10","013","00","004","0415","0249","321","206","115","20","341","828","0","41.18","24.88"
"10","013","00","004","0415","0250","415","266","149","30","445","844","0","52.73","31.52"
"10","013","00","004","0416","0000","571","372","199","39","610","1253","0","48.68","29.69"
"10","013","00","004","0416","0251","571","372","199","39","610","1253","0","48.68","29.69"
"10","013","00","004","0417","0000","476","332","144","37","513","1126","0","45.56","29.48"
"10","013","00","004","0417","0252","476","332","144","37","513","1126","0","45.56","29.48"
"10","013","00","005","0000","0000","22051","15225","6826","1443","23494","43478","50595","54.04","35.02"
"10","013","00","005","0501","0000","363","246","117","19","382","595","0","64.2","41.34"
"10","013","00","005","0501","0267","363","246","117","19","382","595","0","64.2","41.34"
"10","013","00","005","0502","0000","459","318","141","29","488","847","0","57.62","37.54"
"10","013","00","005","0502","0262","459","318","141","29","488","847","0","57.62","37.54"
"10","013","00","005","0503","0000","1733","1218","515","88","1821","3458","0","52.66","35.22"
"10","013","00","005","0503","0263","565","392","173","30","595","1149","0","51.78","34.12"
"10","013","00","005","0503","0264","591","420","171","25","616","1131","0","54.47","37.14"
"10","013","00","005","0503","0265","577","406","171","33","610","1178","0","51.78","34.47"
"10","013","00","005","0504","0000","406","272","134","21","427","711","0","60.06","38.26"
"10","013","00","005","0504","0266","406","272","134","21","427","711","0","60.06","38.26"
"10","013","00","005","0505","0000","764","531","233","42","806","1403","0","57.45","37.85"
"10","013","00","005","0505","0268","764","531","233","42","806","1403","0","57.45","37.85"
"10","013","00","005","0506","0000","1184","814","370","47","1231","2252","0","54.66","36.15"
"10","013","00","005","0506","0269","547","381","166","20","567","1094","0","51.83","34.83"
"10","013","00","005","0506","0270","637","433","204","27","664","1158","0","57.34","37.39"
"10","013","00","005","0507","0000","1129","773","356","67","1196","2025","0","59.06","38.17"
"10","013","00","005","0507","0271","560","380","180","40","600","963","0","62.31","39.46"
"10","013","00","005","0507","0272","569","393","176","27","596","1062","0","56.12","37.01"
"10","013","00","005","0508","0000","836","567","269","55","891","1684","0","52.91","33.67"
"10","013","00","005","0508","0273","836","567","269","55","891","1684","0","52.91","33.67"
"10","013","00","005","0509","0000","1277","897","380","70","1347","2250","0","59.87","39.87"
"10","013","00","005","0509","0290","591","418","173","37","628","1023","0","61.39","40.86"
"10","013","00","005","0509","0291","686","479","207","33","719","1227","0","58.6","39.04"
"10","013","00","005","0510","0000","551","374","177","23","574","976","0","58.81","38.32"
"10","013","00","005","0510","0275","551","374","177","23","574","976","0","58.81","38.32"
"10","013","00","005","0511","0000","859","591","268","89","948","1860","0","50.97","31.77"
"10","013","00","005","0511","0276","504","348","156","56","560","1013","0","55.28","34.35"
"10","013","00","005","0511","0277","355","243","112","33","388","847","0","45.81","28.69"
"10","013","00","005","0512","0000","825","573","252","87","912","1570","0","58.09","36.5"
"10","013","00","005","0512","0278","825","573","252","87","912","1570","0","58.09","36.5"
"10","013","00","005","0513","0000","647","451","196","56","703","1411","0","49.82","31.96"
"10","013","00","005","0513","0279","647","451","196","56","703","1411","0","49.82","31.96"
"10","013","00","005","0514","0000","410","287","123","38","448","804","0","55.72","35.7"
"10","013","00","005","0514","0282","410","287","123","38","448","804","0","55.72","35.7"
"10","013","00","005","0515","0000","660","447","213","45","705","1284","0","54.91","34.81"
"10","013","00","005","0515","0283","660","447","213","45","705","1284","0","54.91","34.81"
"10","013","00","005","0516","0000","677","451","226","32","709","1430","0","49.58","31.54"
"10","013","00","005","0516","0284","677","451","226","32","709","1430","0","49.58","31.54"
"10","013","00","005","0517","0000","562","392","170","40","602","960","0","62.71","40.83"
"10","013","00","005","0517","0285","562","392","170","40","602","960","0","62.71","40.83"
"10","013","00","005","0518","0000","1039","720","319","92","1131","1944","0","58.18","37.04"
"10","013","00","005","0518","0286","448","321","127","35","483","786","0","61.45","40.84"
"10","013","00","005","0518","0287","591","399","192","57","648","1158","0","55.96","34.46"
"10","013","00","005","0519","0000","727","512","215","52","779","1666","0","46.76","30.73"
"10","013","00","005","0519","0289","727","512","215","52","779","1666","0","46.76","30.73"
"10","013","00","005","0520","0000","668","475","193","44","712","1647","0","43.23","28.84"
"10","013","00","005","0520","0288","668","475","193","44","712","1647","0","43.23","28.84"
"10","013","00","005","0521","0000","803","543","260","33","836","1702","0","49.12","31.9"
"10","013","00","005","0521","0274","803","543","260","33","836","1702","0","49.12","31.9"
"10","013","00","005","0522","0000","974","650","324","77","1051","2096","0","50.14","31.01"
"10","013","00","005","0522","0254","531","359","172","41","572","1147","0","49.87","31.3"
"10","013","00","005","0522","0255","443","291","152","36","479","949","0","50.47","30.66"
"10","013","00","005","0523","0000","660","468","192","37","697","1527","0","45.65","30.65"
"10","013","00","005","0523","0253","660","468","192","37","697","1527","0","45.65","30.65"
"10","013","00","005","0524","0000","559","365","194","46","605","1046","0","57.84","34.89"
"10","013","00","005","0524","0280","559","365","194","46","605","1046","0","57.84","34.89"
"10","013","00","005","0525","0000","960","665","295","36","996","2012","0","49.5","33.05"
"10","013","00","005","0525","0256","466","315","151","18","484","990","0","48.89","31.82"
"10","013","00","005","0525","0257","494","350","144","18","512","1022","0","50.1","34.25"
"10","013","00","005","0526","0000","681","458","223","32","713","1385","0","51.48","33.07"
"10","013","00","005","0526","0281","681","458","223","32","713","1385","0","51.48","33.07"
"10","013","00","005","0527","0000","648","472","176","54","702","1159","0","60.57","40.72"
"10","013","00","005","0527","0259","648","472","176","54","702","1159","0","60.57","40.72"
"10","013","00","005","0528","0000","470","313","157","41","511","837","0","61.05","37.4"
"10","013","00","005","0528","0260","470","313","157","41","511","837","0","61.05","37.4"
"10","013","00","005","0529","0000","331","248","83","40","371","545","0","68.07","45.5"
"10","013","00","005","0529","0258","331","248","83","40","371","545","0","68.07","45.5"
"10","013","00","005","0530","0000","189","134","55","11","200","392","0","51.02","34.18"
"10","013","00","005","0530","0261","189","134","55","11","200","392","0","51.02","34.18"
"10","013","00","006","0000","0000","13616","9356","4260","895","14511","26256","29714","55.27","35.63"
"10","013","00","006","0601","0000","1358","943","415","87","1445","2632","0","54.9","35.83"
"10","013","00","006","0601","0292","525","364","161","44","569","1018","0","55.89","35.76"
"10","013","00","006","0601","0293","833","579","254","43","876","1614","0","54.28","35.87"
"10","013","00","006","0602","0000","1896","1343","553","93","1989","3555","0","55.95","37.78"
"10","013","00","006","0602","0294","1016","703","313","43","1059","1848","0","57.31","38.04"
"10","013","00","006","0602","0295","880","640","240","50","930","1707","0","54.48","37.49"
"10","013","00","006","0603","0000","1076","751","325","49","1125","1961","0","57.37","38.3"
"10","013","00","006","0603","0296","541","379","162","13","554","972","0","57.0","38.99"
"10","013","00","006","0603","0297","535","372","163","36","571","989","0","57.74","37.61"
"10","013","00","006","0604","0000","1274","827","447","68","1342","2548","0","52.67","32.46"
"10","013","00","006","0604","0298","420","289","131","25","445","735","0","60.54","39.32"
"10","013","00","006","0604","0299","854","538","316","43","897","1813","0","49.48","29.67"
"10","013","00","006","0605","0000","623","426","197","28","651","1073","0","60.67","39.7"
"10","013","00","006","0605","0300","623","426","197","28","651","1073","0","60.67","39.7"
"10","013","00","006","0606","0000","483","351","132","33","516","884","0","58.37","39.71"
"10","013","00","006","0606","0305","483","351","132","33","516","884","0","58.37","39.71"
"10","013","00","006","0607","0000","592","421","171","36","628","1090","0","57.61","38.62"
"10","013","00","006","0607","0306","592","421","171","36","628","1090","0","57.61","38.62"
"10","013","00","006","0608","0000","761","510","251","66","827","1492","0","55.43","34.18"
"10","013","00","006","0608","0304","761","510","251","66","827","1492","0","55.43","34.18"
"10","013","00","006","0609","0000","828","575","253","47","875","1654","0","52.9","34.76"
"10","013","00","006","0609","0301","828","575","253","47","875","1654","0","52.9","34.76"
"10","013","00","006","0610","0000","639","400","239","46","685","1205","0","56.85","33.2"
"10","013","00","006","0610","0302","639","400","239","46","685","1205","0","56.85","33.2"
"10","013","00","006","0611","0000","406","252","154","28","434","758","0","57.26","33.25"
"10","013","00","006","0611","0303","406","252","154","28","434","758","0","57.26","33.25"
"10","013","00","006","0612","0000","1161","827","334","82","1243","2401","0","51.77","34.44"
"10","013","00","006","0612","0311","626","455","171","64","690","1242","0","55.56","36.63"
"10","013","00","006","0612","0312","535","372","163","18","553","1159","0","47.71","32.1"
"10","013","00","006","0613","0000","883","606","277","121","1004","1770","0","56.72","34.24"
"10","013","00","006","0613","0308","427","297","130","41","468","845","0","55.38","35.15"
"10","013","00","006","0613","0309","456","309","147","80","536","925","0","57.95","33.41"
"10","013","00","006","0614","0000","641","416","225","71","712","1422","0","50.07","29.25"
"10","013","00","006","0614","0307","641","416","225","71","712","1422","0","50.07","29.25"
"10","013","00","006","0615","0000","623","460","163","11","634","1138","0","55.71","40.42"
"10","013","00","006","0615","0310","623","460","163","11","634","1138","0","55.71","40.42"
"10","013","00","006","0616","0000","372","248","124","29","401","673","0","59.58","36.85"
"10","013","00","006","0616","0313","372","248","124","29","401","673","0","59.58","36.85"
"10","013","00","007","0000","0000","5583","3670","1913","283","5866","9970","11068","58.84","36.81"
"10","013","00","007","0701","0000","1240","824","416","46","1286","2174","0","59.15","37.9"
"10","013","00","007","0701","0314","428","269","159","22","450","788","0","57.11","34.14"
"10","013","00","007","0701","0315","812","555","257","24","836","1386","0","60.32","40.04"
"10","013","00","007","0702","0000","558","362","196","28","586","957","0","61.23","37.83"
"10","013","00","007","0702","0316","558","362","196","28","586","957","0","61.23","37.83"
"10","013","00","007","0703","0000","881","562","319","75","956","1537","0","62.2","36.56"
"10","013","00","007","0703","0317","416","256","160","36","452","731","0","61.83","35.02"
"10","013","00","007","0703","0318","465","306","159","39","504","806","0","62.53","37.97"
"10","013","00","007","0704","0000","1381","904","477","67","1448","2547","0","56.85","35.49"
"10","013","00","007","0704","0319","614","414","200","14","628","1207","0","52.03","34.3"
"10","013","00","007","0704","0320","767","490","277","53","820","1340","0","61.19","36.57"
"10","013","00","007","0705","0000","709","461","248","41","750","1221","0","61.43","37.76"
"10","013","00","007","0705","0321","709","461","248","41","750","1221","0","61.43","37.76"
"10","013","00","007","0706","0000","468","313","155","15","483","851","0","56.76","36.78"
"10","013","00","007","0706","0322","468","313","155","15","483","851","0","56.76","36.78"
"10","013","00","007","0707","0000","346","244","102","11","357","683","0","52.27","35.72"
"10","013","00","007","0707","0323","346","244","102","11","357","683","0","52.27","35.72"
"10","013","00","008","0000","0000","9655","6634","3021","793","10448","19132","22095","54.61","34.67"
"10","013","00","008","0801","0000","783","546","237","59","842","1491","0","56.47","36.62"
"10","013","00","008","0801","0324","783","546","237","59","842","1491","0","56.47","36.62"
"10","013","00","008","0802","0000","702","474","228","38","740","1375","0","53.82","34.47"
"10","013","00","008","0802","0325","702","474","228","38","740","1375","0","53.82","34.47"
"10","013","00","008","0803","0000","794","552","242","50","844","1678","0","50.3","32.9"
"10","013","00","008","0803","0326","794","552","242","50","844","1678","0","50.3","32.9"
"10","013","00","008","0804","0000","528","438","90","40","568","1276","0","44.51","34.33"
"10","013","00","008","0804","0328","528","438","90","40","568","1276","0","44.51","34.33"
"10","013","00","008","0805","0000","618","405","213","67","685","1166","0","58.75","34.73"
"10","013","00","008","0805","0327","618","405","213","67","685","1166","0","58.75","34.73"
"10","013","00","008","0806","0000","769","502","267","66","835","1600","0","52.19","31.38"
"10","013","00","008","0806","0334","769","502","267","66","835","1600","0","52.19","31.38"
"10","013","00","008","0807","0000","930","645","285","112","1042","1792","0","58.15","35.99"
"10","013","00","008","0807","0336","930","645","285","112","1042","1792","0","58.15","35.99"
"10","013","00","008","0808","0000","635","406","229","49","684","1248","0","54.81","32.53"
"10","013","00","008","0808","0335","635","406","229","49","684","1248","0","54.81","32.53"
"10","013","00","008","0809","0000","738","509","229","75","813","1482","0","54.86","34.35"
"10","013","00","008","0809","0337","738","509","229","75","813","1482","0","54.86","34.35"
"10","013","00","008","0810","0000","2241","1520","721","171","2412","4414","0","54.64","34.44"
"10","013","00","008","0810","0331","361","256","105","39","400","649","0","61.63","39.45"
"10","013","00","008","0810","0332","1016","696","320","80","1096","1999","0","54.83","34.82"
"10","013","00","008","0810","0333","864","568","296","52","916","1766","0","51.87","32.16"
"10","013","00","008","0811","0000","917","637","280","66","983","1610","0","61.06","39.57"
"10","013","00","008","0811","0329","548","382","166","38","586","1033","0","56.73","36.98"
"10","013","00","008","0811","0330","369","255","114","28","397","577","0","68.8","44.19"
"10","013","00","009","0000","0000","11264","7569","3695","952","12216","22128","26092","55.21","34.21"
"10","013","00","009","0901","0000","1583","1063","520","122","1705","3032","0","56.23","35.06"
"10","013","00","009","0901","0338","855","566","289","62","917","1552","0","59.09","36.47"
"10","013","00","009","0901","0339","728","497","231","60","788","1480","0","53.24","33.58"
"10","013","00","009","0902","0000","633","440","193","40","673","1127","0","59.72","39.04"
"10","013","00","009","0902","0342","633","440","193","40","673","1127","0","59.72","39.04"
"10","013","00","009","0903","0000","465","323","142","32","497","845","0","58.82","38.22"
"10","013","00","009","0903","0343","465","323","142","32","497","845","0","58.82","38.22"
"10","013","00","009","0904","0000","643","451","192","42","685","1282","0","53.43","35.18"
"10","013","00","009","0904","0344","643","451","192","42","685","1282","0","53.43","35.18"
"10","013","00","009","0905","0000","1084","727","357","85","1169","2012","0","58.1","36.13"
"10","013","00","009","0905","0345","534","372","162","36","570","981","0","58.1","37.92"
"10","013","00","009","0905","0346","550","355","195","49","599","1031","0","58.1","34.43"
"10","013","00","009","0906","0000","730","469","261","72","802","1423","0","56.36","32.96"
"10","013","00","009","0906","0347","730","469","261","72","802","1423","0","56.36","32.96"
"10","013","00","009","0907","0000","646","422","224","42","688","1534","0","44.85","27.51"
"10","013","00","009","0907","0340","646","422","224","42","688","1534","0","44.85","27.51"
"10","013","00","009","0908","0000","811","572","239","44","855","1578","0","54.18","36.25"
"10","013","00","009","0908","0341","811","572","239","44","855","1578","0","54.18","36.25"
"10","013","00","009","0909","0000","774","486","288","109","883","1566","0","56.39","31.03"
"10","013","00","009","0909","0348","162","112","50","18","180","363","0","49.59","30.85"
"10","013","00","009","0909","0349","612","374","238","91","703","1203","0","58.44","31.09"
"10","013","00","009","0910","0000","1245","836","409","115","1360","2411","0","56.41","34.67"
"10","013","00","009","0910","0350","575","383","192","63","638","1027","0","62.12","37.29"
"10","013","00","009","0910","0351","670","453","217","52","722","1384","0","52.17","32.73"
"10","013","00","009","0911","0000","1033","714","319","59","1092","2034","0","53.69","35.1"
"10","013","00","009","0911","0352","740","499","241","44","784","1512","0","51.85","33.0"
"10","013","00","009","0911","0353","293","215","78","15","308","522","0","59.0","41.19"
"10","013","00","009","0912","0000","874","575","299","114","988","1829","0","54.02","31.44"
"10","013","00","009","0912","0354","407","271","136","52","459","822","0","55.84","32.97"
"10","013","00","009","0912","0355","467","304","163","62","529","1007","0","52.53","30.19"
"10","013","00","009","0913","0000","480","324","156","57","537","956","0","56.17","33.89"
"10","013","00","009","0913","0356","480","324","156","57","537","956","0","56.17","33.89"
"10","013","00","009","0914","0000","263","167","96","19","282","499","0","56.51","33.47"
"10","013","00","009","0914","0357","263","167","96","19","282","499","0","56.51","33.47"
"10","013","00","010","0000","0000","11028","7456","3572","773","11801","22402","25740","52.68","33.28"
"10","013","00","010","1001","0000","1498","1030","468","96","1594","3148","0","50.64","32.72"
"10","013","00","010","1001","0370","738","529","209","24","762","1598","0","47.68","33.1"
"10","013","00","010","1001","0371","760","501","259","72","832","1550","0","53.68","32.32"
"10","013","00","010","1002","0000","1339","881","458","105","1444","2832","0","50.99","31.11"
"10","013","00","010","1002","0365","654","441","213","55","709","1367","0","51.87","32.26"
"10","013","00","010","1002","0366","685","440","245","50","735","1465","0","50.17","30.03"
"10","013","00","010","1003","0000","919","648","271","48","967","1850","0","52.27","35.03"
"10","013","00","010","1003","0358","485","352","133","26","511","951","0","53.73","37.01"
"10","013","00","010","1003","0359","434","296","138","22","456","899","0","50.72","32.93"
"10","013","00","010","1004","0000","1118","768","350","49","1167","2357","0","49.51","32.58"
"10","013","00","010","1004","0360","521","360","161","17","538","1116","0","48.21","32.26"
"10","013","00","010","1004","0361","597","408","189","32","629","1241","0","50.68","32.88"
"10","013","00","010","1005","0000","846","574","272","70","916","1732","0","52.89","33.14"
"10","013","00","010","1005","0362","363","234","129","43","406","770","0","52.73","30.39"
"10","013","00","010","1005","0363","483","340","143","27","510","962","0","53.01","35.34"
"10","013","00","010","1006","0000","593","406","187","39","632","1041","0","60.71","39.0"
"10","013","00","010","1006","0364","593","406","187","39","632","1041","0","60.71","39.0"
"10","013","00","010","1007","0000","790","518","272","43","833","1852","0","44.98","27.97"
"10","013","00","010","1007","0367","380","247","133","40","420","894","0","46.98","27.63"
"10","013","00","010","1007","0368","410","271","139","3","413","958","0","43.11","28.29"
"10","013","00","010","1008","0000","287","184","103","21","308","553","0","55.7","33.27"
"10","013","00","010","1008","0377","287","184","103","21","308","553","0","55.7","33.27"
"10","013","00","010","1009","0000","442","291","151","53","495","924","0","53.57","31.49"
"10","013","00","010","1009","0369","442","291","151","53","495","924","0","53.57","31.49"
"10","013","00","010","1010","0000","843","542","301","50","893","1619","0","55.16","33.48"
"10","013","00","010","1010","0376","843","542","301","50","893","1619","0","55.16","33.48"
"10","013","00","010","1011","0000","1823","1236","587","135","1958","3510","0","55.78","35.21"
"10","013","00","010","1011","0372","562","380","182","41","603","1127","0","53.5","33.72"
"10","013","00","010","1011","0373","616","415","201","56","672","1150","0","58.43","36.09"
"10","013","00","010","1011","0374","645","441","204","38","683","1233","0","55.39","35.77"
"10","013","00","010","1012","0000","530","378","152","64","594","984","0","60.37","38.41"
"10","013","00","010","1012","0375","530","378","152","64","594","984","0","60.37","38.41"
"10","013","00","011","0000","0000","9923","6623","3300","928","10851","21697","24444","50.01","30.52"
"10","013","00","011","1101","0000","977","668","309","76","1053","2138","0","49.25","31.24"
"10","013","00","011","1101","0378","495","331","164","60","555","883","0","62.85","37.49"
"10","013","00","011","1101","0379","482","337","145","16","498","1255","0","39.68","26.85"
"10","013","00","011","1102","0000","643","566","77","26","669","1278","0","52.35","44.29"
"10","013","00","011","1102","0380","643","566","77","26","669","1278","0","52.35","44.29"
"10","013","00","011","1103","0000","318","237","81","27","345","738","0","46.75","32.11"
"10","013","00","011","1103","0381","318","237","81","27","345","738","0","46.75","32.11"
"10","013","00","011","1104","0000","267","166","101","13","280","585","0","47.86","28.38"
"10","013","00","011","1104","0382","267","166","101","13","280","585","0","47.86","28.38"
"10","013","00","011","1105","0000","516","328","188","82","598","1012","0","59.09","32.41"
"10","013","00","011","1105","0383","516","328","188","82","598","1012","0","59.09","32.41"
"10","013","00","011","1106","0000","535","242","293","52","587","1148","0","51.13","21.08"
"10","013","00","011","1106","0384","535","242","293","52","587","1148","0","51.13","21.08"
"10","013","00","011","1107","0000","275","173","102","29","304","591","0","51.44","29.27"
"10","013","00","011","1107","0385","275","173","102","29","304","591","0","51.44","29.27"
"10","013","00","011","1108","0000","316","200","116","51","367","786","0","46.69","25.45"
"10","013","00","011","1108","0386","316","200","116","51","367","786","0","46.69","25.45"
"10","013","00","011","1109","0000","264","187","77","22","286","649","0","44.07","28.81"
"10","013","00","011","1109","0387","264","187","77","22","286","649","0","44.07","28.81"
"10","013","00","011","1110","0000","477","333","144","47","524","1229","0","42.64","27.1"
"10","013","00","011","1110","0388","477","333","144","47","524","1229","0","42.64","27.1"
"10","013","00","011","1111","0000","585","415","170","39","624","1446","0","43.15","28.7"
"10","013","00","011","1111","0389","585","415","170","39","624","1446","0","43.15","28.7"
"10","013","00","011","1112","0000","771","489","282","67","838","1821","0","46.02","26.85"
"10","013","00","011","1112","0390","344","205","139","16","360","899","0","40.04","22.8"
"10","013","00","011","1112","0391","427","284","143","51","478","922","0","51.84","30.8"
"10","013","00","011","1113","0000","537","344","193","58","595","1259","0","47.26","27.32"
"10","013","00","011","1113","0392","537","344","193","58","595","1259","0","47.26","27.32"
"10","013","00","011","1114","0000","459","345","114","13","472","1056","0","44.7","32.67"
"10","013","00","011","1114","0393","459","345","114","13","472","1056","0","44.7","32.67"
"10","013","00","011","1115","0000","566","358","208","50","616","1116","0","55.2","32.08"
"10","013","00","011","1115","0394","566","358","208","50","616","1116","0","55.2","32.08"
"10","013","00","011","1116","0000","512","347","165","60","572","1020","0","56.08","34.02"
"10","013","00","011","1116","0395","512","347","165","60","572","1020","0","56.08","34.02"
"10","013","00","011","1117","0000","517","327","190","58","575","1055","0","54.5","31.0"
"10","013","00","011","1117","0396","517","327","190","58","575","1055","0","54.5","31.0"
"10","013","00","011","1118","0000","608","395","213","69","677","1231","0","55.0","32.09"
"10","013","00","011","1118","0397","397","250","147","45","442","738","0","59.89","33.88"
"10","013","00","011","1118","0398","211","145","66","24","235","493","0","47.67","29.41"
"10","013","00","011","1119","0000","780","503","277","89","869","1539","0","56.47","32.68"
"10","013","00","011","1119","0399","780","503","277","89","869","1539","0","56.47","32.68"
"10","013","00","012","0000","0000","8745","6179","2566","630","9375","17945","20585","52.24","34.43"
"10","013","00","012","1201","0000","606","421","185","30","636","1239","0","51.33","33.98"
"10","013","00","012","1201","0400","606","421","185","30","636","1239","0","51.33","33.98"
"10","013","00","012","1202","0000","404","282","122","36","440","759","0","57.97","37.15"
"10","013","00","012","1202","0401","404","282","122","36","440","759","0","57.97","37.15"
"10","013","00","012","1203","0000","917","640","277","98","1015","1701","0","59.67","37.62"
"10","013","00","012","1203","0402","496","350","146","52","548","932","0","58.8","37.55"
"10","013","00","012","1203","0403","421","290","131","46","467","769","0","60.73","37.71"
"10","013","00","012","1204","0000","452","314","138","55","507","920","0","55.11","34.13"
"10","013","00","012","1204","0404","452","314","138","55","507","920","0","55.11","34.13"
"10","013","00","012","1205","0000","298","199","99","27","325","560","0","58.04","35.54"
"10","013","00","012","1205","0405","298","199","99","27","325","560","0","58.04","35.54"
"10","013","00","012","1206","0000","517","375","142","22","539","1120","0","48.13","33.48"
"10","013","00","012","1206","0406","517","375","142","22","539","1120","0","48.13","33.48"
"10","013","00","012","1207","0000","509","375","134","23","532","1048","0","50.76","35.78"
"10","013","00","012","1207","0407","509","375","134","23","532","1048","0","50.76","35.78"
"10","013","00","012","1208","0000","613","439","174","44","657","1438","0","45.69","30.53"
"10","013","00","012","1208","0408","613","439","174","44","657","1438","0","45.69","30.53"
"10","013","00","012","1209","0000","1093","810","283","60","1153","2027","0","56.88","39.96"
"10","013","00","012","1209","0411","534","412","122","20","554","1020","0","54.31","40.39"
"10","013","00","012","1209","0412","559","398","161","40","599","1007","0","59.48","39.52"
"10","013","00","012","1210","0000","784","530","254","65","849","1647","0","51.55","32.18"
"10","013","00","012","1210","0409","389","251","138","27","416","834","0","49.88","30.1"
"10","013","00","012","1210","0410","395","279","116","38","433","813","0","53.26","34.32"
"10","013","00","012","1211","0000","670","471","199","59","729","1648","0","44.24","28.58"
"10","013","00","012","1211","0413","670","471","199","59","729","1648","0","44.24","28.58"
"10","013","00","012","1212","0000","702","491","211","41","743","1437","0","51.7","34.17"
"10","013","00","012","1212","0414","702","491","211","41","743","1437","0","51.7","34.17"
"10","013","00","012","1213","0000","560","390","170","0","560","1228","0","45.6","31.76"
"10","013","00","012","1213","0415","560","390","170","0","560","1228","0","45.6","31.76"
"10","013","00","012","1214","0000","620","442","178","70","690","1173","0","58.82","37.68"
"10","013","00","012","1214","0416","327","243","84","32","359","597","0","60.13","40.7"
"10","013","00","012","1214","0417","293","199","94","38","331","576","0","57.47","34.55"
"10","013","00","013","0000","0000","21852","15255","6597","1282","23134","47558","54167","48.64","32.08"
"10","013","00","013","1301","0000","1803","1288","515","78","1881","3979","0","47.27","32.37"
"10","013","00","013","1301","0418","577","413","164","28","605","1305","0","46.36","31.65"
"10","013","00","013","1301","0419","586","423","163","36","622","1287","0","48.33","32.87"
"10","013","00","013","1301","0420","640","452","188","14","654","1387","0","47.15","32.59"
"10","013","00","013","1302","0000","1446","995","451","71","1517","3145","0","48.24","31.64"
"10","013","00","013","1302","0421","692","484","208","37","729","1540","0","47.34","31.43"
"10","013","00","013","1302","0422","754","511","243","34","788","1605","0","49.1","31.84"
"10","013","00","013","1303","0000","627","427","200","45","672","1326","0","50.68","32.2"
"10","013","00","013","1303","0423","627","427","200","45","672","1326","0","50.68","32.2"
"10","013","00","013","1304","0000","293","193","100","41","334","591","0","56.51","32.66"
"10","013","00","013","1304","0424","293","193","100","41","334","591","0","56.51","32.66"
"10","013","00","013","1305","0000","1021","721","300","49","1070","2202","0","48.59","32.74"
"10","013","00","013","1305","0425","502","343","159","31","533","1123","0","47.46","30.54"
"10","013","00","013","1305","0426","519","378","141","18","537","1079","0","49.77","35.03"
"10","013","00","013","1306","0000","1427","1014","413","57","1484","2733","0","54.3","37.1"
"10","013","00","013","1306","0427","738","515","223","32","770","1485","0","51.85","34.68"
"10","013","00","013","1306","0428","689","499","190","25","714","1248","0","57.21","39.98"
"10","013","00","013","1307","0000","2108","1439","669","86","2194","4482","0","48.95","32.11"
"10","013","00","013","1307","0429","774","521","253","38","812","1569","0","51.75","33.21"
"10","013","00","013","1307","0430","678","467","211","38","716","1493","0","47.96","31.28"
"10","013","00","013","1307","0431","656","451","205","10","666","1420","0","46.9","31.76"
"10","013","00","013","1308","0000","1351","924","427","83","1434","2853","0","50.26","32.39"
"10","013","00","013","1308","0432","653","456","197","41","694","1334","0","52.02","34.18"
"10","013","00","013","1308","0433","698","468","230","42","740","1519","0","48.72","30.81"
"10","013","00","013","1309","0000","846","587","259","81","927","1672","0","55.44","35.11"
"10","013","00","013","1309","0434","386","271","115","35","421","784","0","53.7","34.57"
"10","013","00","013","1309","0435","460","316","144","46","506","888","0","56.98","35.59"
"10","013","00","013","1310","0000","839","606","233","38","877","1915","0","45.8","31.64"
"10","013","00","013","1310","0436","341","254","87","10","351","747","0","46.99","34.0"
"10","013","00","013","1310","0437","498","352","146","28","526","1168","0","45.03","30.14"
"10","013","00","013","1311","0000","879","582","297","72","951","1824","0","52.14","31.91"
"10","013","00","013","1311","0438","285","181","104","27","312","546","0","57.14","33.15"
"10","013","00","013","1311","0439","594","401","193","45","639","1278","0","50.0","31.38"
"10","013","00","013","1312","0000","1165","818","347","97","1262","2898","0","43.55","28.23"
"10","013","00","013","1312","0440","583","406","177","40","623","1348","0","46.22","30.12"
"10","013","00","013","1312","0441","582","412","170","57","639","1550","0","41.23","26.58"
"10","013","00","013","1313","0000","525","381","144","53","578","947","0","61.03","40.23"
"10","013","00","013","1313","0442","525","381","144","53","578","947","0","61.03","40.23"
"10","013","00","013","1314","0000","521","370","151","42","563","1097","0","51.32","33.73"
"10","013","00","013","1314","0443","521","370","151","42","563","1097","0","51.32","33.73"
"10","013","00","013","1315","0000","882","584","298","62","944","2381","0","39.65","24.53"
"10","013","00","013","1315","0444","439","274","165","42","481","1128","0","42.64","24.29"
"10","013","00","013","1315","0445","443","310","133","20","463","1253","0","36.95","24.74"
"10","013","00","013","1316","0000","672","492","180","15","687","1525","0","45.05","32.26"
"10","013","00","013","1316","0446","672","492","180","15","687","1525","0","45.05","32.26"
"10","013","00","013","1317","0000","1111","762","349","65","1176","2431","0","48.38","31.35"
"10","013","00","013","1317","0447","603","394","209","43","646","1215","0","53.17","32.43"
"10","013","00","013","1317","0448","508","368","140","22","530","1216","0","43.59","30.26"
"10","013","00","013","1318","0000","1096","778","318","42","1138","2379","0","47.84","32.7"
"10","013","00","013","1318","0449","595","418","177","22","617","1353","0","45.6","30.89"
"10","013","00","013","1318","0450","501","360","141","20","521","1026","0","50.78","35.09"
"10","013","00","013","1319","0000","373","270","103","33","406","862","0","47.1","31.32"
"10","013","00","013","1319","0451","373","270","103","33","406","862","0","47.1","31.32"
"10","013","00","013","1320","0000","787","514","273","59","846","1775","0","47.66","28.96"
"10","013","00","013","1320","0452","374","247","127","30","404","921","0","43.87","26.82"
"10","013","00","013","1320","0453","413","267","146","29","442","854","0","51.76","31.26"
"10","013","00","013","1321","0000","1094","822","272","44","1138","2434","0","46.75","33.77"
"10","013","00","013","1321","0454","539","418","121","25","564","1230","0","45.85","33.98"
"10","013","00","013","1321","0455","555","404","151","19","574","1204","0","47.67","33.55"
"10","013","00","013","1322","0000","569","392","177","32","601","1301","0","46.2","30.13"
"10","013","00","013","1322","0456","569","392","177","32","601","1301","0","46.2","30.13"
"10","013","00","013","1323","0000","417","296","121","37","454","806","0","56.33","36.72"
"10","013","00","013","1323","0457","417","296","121","37","454","806","0","56.33","36.72"
"10","013","00","014","0000","0000","8309","5613","2696","672","8981","15353","17181","58.5","36.56"
"10","013","00","014","1401","0000","782","560","222","63","845","1503","0","56.22","37.26"
"10","013","00","014","1401","0458","782","560","222","63","845","1503","0","56.22","37.26"
"10","013","00","014","1402","0000","529","355","174","28","557","899","0","61.96","39.49"
"10","013","00","014","1402","0459","529","355","174","28","557","899","0","61.96","39.49"
"10","013","00","014","1403","0000","402","233","169","49","451","716","0","62.99","32.54"
"10","013","00","014","1403","0460","402","233","169","49","451","716","0","62.99","32.54"
"10","013","00","014","1404","0000","357","233","124","26","383","581","0","65.92","40.1"
"10","013","00","014","1404","0461","357","233","124","26","383","581","0","65.92","40.1"
"10","013","00","014","1405","0000","673","470","203","66","739","1327","0","55.69","35.42"
"10","013","00","014","1405","0462","673","470","203","66","739","1327","0","55.69","35.42"
"10","013","00","014","1406","0000","564","387","177","66","630","997","0","63.19","38.82"
"10","013","00","014","1406","0463","564","387","177","66","630","997","0","63.19","38.82"
"10","013","00","014","1407","0000","336","226","110","27","363","649","0","55.93","34.82"
"10","013","00","014","1407","0464","336","226","110","27","363","649","0","55.93","34.82"
"10","013","00","014","1408","0000","335","240","95","13","348","476","0","73.11","50.42"
"10","013","00","014","1408","0465","335","240","95","13","348","476","0","73.11","50.42"
"10","013","00","014","1409","0000","1282","902","380","106","1388","2486","0","55.83","36.28"
"10","013","00","014","1409","0466","688","488","200","55","743","1259","0","59.02","38.76"
"10","013","00","014","1409","0467","594","414","180","51","645","1227","0","52.57","33.74"
"10","013","00","014","1410","0000","297","201","96","25","322","504","0","63.89","39.88"
"10","013","00","014","1410","0468","297","201","96","25","322","504","0","63.89","39.88"
"10","013","00","014","1411","0000","432","294","138","35","467","860","0","54.3","34.19"
"10","013","00","014","1411","0469","432","294","138","35","467","860","0","54.3","34.19"
"10","013","00","014","1412","0000","408","277","131","26","434","800","0","54.25","34.63"
"10","013","00","014","1412","0470","408","277","131","26","434","800","0","54.25","34.63"
"10","013","00","014","1413","0000","610","422","188","51","661","1134","0","58.29","37.21"
"10","013","00","014","1413","0471","610","422","188","51","661","1134","0","58.29","37.21"
"10","013","00","014","1414","0000","721","425","296","44","765","1229","0","62.25","34.58"
"10","013","00","014","1414","0472","721","425","296","44","765","1229","0","62.25","34.58"
"10","013","00","014","1415","0000","581","388","193","47","628","1192","0","52.68","32.55"
"10","013","00","014","1415","0473","581","388","193","47","628","1192","0","52.68","32.55"
"10","013","00","015","0000","0000","4208","2876","1332","381","4589","9033","10035","50.8","31.84"
"10","013","00","015","1501","0000","967","674","293","56","1023","2026","0","50.49","33.27"
"10","013","00","015","1501","0474","814","570","244","32","846","1712","0","49.42","33.29"
"10","013","00","015","1501","0475","153","104","49","24","177","314","0","56.37","33.12"
"10","013","00","015","1502","0000","551","367","184","41","592","1086","0","54.51","33.79"
"10","013","00","015","1502","0476","382","245","137","28","410","752","0","54.52","32.58"
"10","013","00","015","1502","0477","169","122","47","13","182","334","0","54.49","36.53"
"10","013","00","015","1503","0000","506","349","157","43","549","957","0","57.37","36.47"
"10","013","00","015","1503","0478","506","349","157","43","549","957","0","57.37","36.47"
"10","013","00","015","1504","0000","404","285","119","47","451","764","0","59.03","37.3"
"10","013","00","015","1504","0479","404","285","119","47","451","764","0","59.03","37.3"
"10","013","00","015","1505","0000","768","520","248","80","848","1752","0","48.4","29.68"
"10","013","00","015","1505","0480","194","130","64","18","212","373","0","56.84","34.85"
"10","013","00","015","1505","0481","284","190","94","33","317","678","0","46.76","28.02"
"10","013","00","015","1505","0482","290","200","90","29","319","701","0","45.51","28.53"
"10","013","00","015","1506","0000","512","356","156","68","580","1125","0","51.56","31.64"
"10","013","00","015","1506","0484","277","189","88","35","312","541","0","57.67","34.94"
"10","013","00","015","1506","0485","235","167","68","33","268","584","0","45.89","28.6"
"10","013","00","015","1507","0000","500","325","175","46","546","1323","0","41.27","24.57"
"10","013","00","015","1507","0483","500","325","175","46","546","1323","0","41.27","24.57"
"10","013","00","016","0000","0000","10614","7401","3213","900","11514","21394","24413","53.82","34.59"
"10","013","00","016","1601","0000","644","460","184","35","679","1213","0","55.98","37.92"
"10","013","00","016","1601","0486","644","460","184","35","679","1213","0","55.98","37.92"
"10","013","00","016","1602","0000","483","334","149","42","525","891","0","58.92","37.49"
"10","013","00","016","1602","0487","483","334","149","42","525","891","0","58.92","37.49"
"10","013","00","016","1603","0000","447","334","113","49","496","970","0","51.13","34.43"
"10","013","00","016","1603","0488","447","334","113","49","496","970","0","51.13","34.43"
"10","013","00","016","1604","0000","322","239","83","17","339","629","0","53.9","38.0"
"10","013","00","016","1604","0489","322","239","83","17","339","629","0","53.9","38.0"
"10","013","00","016","1605","0000","899","628","271","57","956","1614","0","59.23","38.91"
"10","013","00","016","1605","0490","466","320","146","31","497","840","0","59.17","38.1"
"10","013","00","016","1605","0491","433","308","125","26","459","774","0","59.3","39.79"
"10","013","00","016","1606","0000","2091","1425","666","139","2230","4157","0","53.64","34.28"
"10","013","00","016","1606","0492","664","474","190","50","714","1379","0","51.78","34.37"
"10","013","00","016","1606","0493","800","534","266","40","840","1502","0","55.93","35.55"
"10","013","00","016","1606","0494","627","417","210","49","676","1276","0","52.98","32.68"
"10","013","00","016","1607","0000","1027","733","294","108","1135","1969","0","57.64","37.23"
"10","013","00","016","1607","0495","474","341","133","48","522","964","0","54.15","35.37"
"10","013","00","016","1607","0496","553","392","161","60","613","1005","0","61.0","39.0"
"10","013","00","016","1608","0000","745","524","221","58","803","1459","0","55.04","35.92"
"10","013","00","016","1608","0497","361","244","117","24","385","734","0","52.45","33.24"
"10","013","00","016","1608","0498","384","280","104","34","418","725","0","57.66","38.62"
"10","013","00","016","1609","0000","1053","717","336","108","1161","2113","0","54.95","33.93"
"10","013","00","016","1609","0499","496","329","167","54","550","1046","0","52.58","31.45"
"10","013","00","016","1609","0500","557","388","169","54","611","1067","0","57.26","36.36"
"10","013","00","016","1610","0000","245","169","76","39","284","718","0","39.55","23.54"
"10","013","00","016","1610","0501","245","169","76","39","284","718","0","39.55","23.54"
"10","013","00","016","1611","0000","384","260","124","40","424","903","0","46.95","28.79"
"10","013","00","016","1611","0502","384","260","124","40","424","903","0","46.95","28.79"
"10","013","00","016","1612","0000","363","259","104","28","391","959","0","40.77","27.01"
"10","013","00","016","1612","0506","363","259","104","28","391","959","0","40.77","27.01"
"10","013","00","016","1613","0000","215","146","69","23","238","427","0","55.74","34.19"
"10","013","00","016","1613","0507","215","146","69","23","238","427","0","55.74","34.19"
"10","013","00","016","1614","0000","1338","948","390","123","1461","2754","0","53.05","34.42"
"10","013","00","016","1614","0503","646","467","179","60","706","1387","0","50.9","33.67"
"10","013","00","016","1614","0504","692","481","211","63","755","1367","0","55.23","35.19"
"10","013","00","016","1615","0000","358","225","133","34","392","618","0","63.43","36.41"
"10","013","00","016","1615","0505","358","225","133","34","392","618","0","63.43","36.41"
"10","013","00","017","0000","0000","15098","10302","4796","1184","16282","30706","34961","53.03","33.55"
"10","013","00","017","1701","0000","896","600","296","89","985","1663","0","59.23","36.08"
"10","013","00","017","1701","0508","428","275","153","44","472","820","0","57.56","33.54"
"10","013","00","017","1701","0509","468","325","143","45","513","843","0","60.85","38.55"
"10","013","00","017","1702","0000","1302","792","510","84","1386","2532","0","54.74","31.28"
"10","013","00","017","1702","0510","607","308","299","36","643","1242","0","51.77","24.8"
"10","013","00","017","1702","0511","695","484","211","48","743","1290","0","57.6","37.52"
"10","013","00","017","1703","0000","1114","760","354","99","1213","2161","0","56.13","35.17"
"10","013","00","017","1703","0512","534","372","162","30","564","1073","0","52.56","34.67"
"10","013","00","017","1703","0513","580","388","192","69","649","1088","0","59.65","35.66"
"10","013","00","017","1704","0000","397","284","113","23","420","845","0","49.7","33.61"
"10","013","00","017","1704","0514","397","284","113","23","420","845","0","49.7","33.61"
"10","013","00","017","1705","0000","440","281","159","30","470","862","0","54.52","32.6"
"10","013","00","017","1705","0515","440","281","159","30","470","862","0","54.52","32.6"
"10","013","00","017","1706","0000","1099","748","351","98","1197","2292","0","52.23","32.64"
"10","013","00","017","1706","0516","548","371","177","39","587","1183","0","49.62","31.36"
"10","013","00","017","1706","0517","551","377","174","59","610","1109","0","55.0","33.99"
"10","013","00","017","1707","0000","1053","663","390","41","1094","2271","0","48.17","29.19"
"10","013","00","017","1707","0518","509","315","194","16","525","1119","0","46.92","28.15"
"10","013","00","017","1707","0519","544","348","196","25","569","1152","0","49.39","30.21"
"10","013","00","017","1708","0000","579","410","169","32","611","1240","0","49.27","33.06"
"10","013","00","017","1708","0522","579","410","169","32","611","1240","0","49.27","33.06"
"10","013","00","017","1709","0000","1009","683","326","78","1087","2194","0","49.54","31.13"
"10","013","00","017","1709","0523","444","280","164","19","463","1120","0","41.34","25.0"
"10","013","00","017","1709","0524","565","403","162","59","624","1074","0","58.1","37.52"
"10","013","00","017","1710","0000","745","495","250","68","813","1598","0","50.88","30.98"
"10","013","00","017","1710","0525","369","243","126","33","402","849","0","47.35","28.62"
"10","013","00","017","1710","0526","376","252","124","35","411","749","0","54.87","33.64"
"10","013","00","017","1711","0000","658","433","225","64","722","1416","0","50.99","30.58"
"10","013","00","017","1711","0527","658","433","225","64","722","1416","0","50.99","30.58"
"10","013","00","017","1712","0000","1060","739","321","101","1161","2134","0","54.4","34.63"
"10","013","00","017","1712","0520","531","380","151","44","575","1030","0","55.83","36.89"
"10","013","00","017","1712","0521","529","359","170","57","586","1104","0","53.08","32.52"
"10","013","00","017","1713","0000","1413","1010","403","121","1534","2800","0","54.79","36.07"
"10","013","00","017","1713","0528","462","332","130","34","496","895","0","55.42","37.09"
"10","013","00","017","1713","0529","455","326","129","61","516","933","0","55.31","34.94"
"10","013","00","017","1713","0530","496","352","144","26","522","972","0","53.7","36.21"
"10","013","00","017","1714","0000","2146","1557","589","141","2287","4377","0","52.25","35.57"
"10","013","00","017","1714","0531","639","453","186","40","679","1454","0","46.7","31.16"
"10","013","00","017","1714","0532","896","646","250","69","965","1653","0","58.38","39.08"
"10","013","00","017","1714","0533","611","458","153","32","643","1270","0","50.63","36.06"
"10","013","00","017","1715","0000","1187","847","340","115","1302","2321","0","56.1","36.49"
"10","013","00","017","1715","0534","603","425","178","79","682","1123","0","60.73","37.85"
"10","013","00","017","1715","0535","584","422","162","36","620","1198","0","51.75","35.23"
"10","013","00","018","0000","0000","6070","4115","1955","422","6492","12270","15524","52.91","33.54"
"10","013","00","018","1801","0000","1134","776","358","68","1202","2234","0","53.8","34.74"
"10","013","00","018","1801","0536","557","387","170","32","589","1190","0","49.5","32.52"
"10","013","00","018","1801","0537","577","389","188","36","613","1044","0","58.72","37.26"
"10","013","00","018","1802","0000","1015","662","353","71","1086","2032","0","53.44","32.58"
"10","013","00","018","1802","0538","419","282","137","37","456","818","0","55.75","34.47"
"10","013","00","018","1802","0539","596","380","216","34","630","1214","0","51.89","31.3"
"10","013","00","018","1803","0000","680","480","200","39","719","1253","0","57.38","38.31"
"10","013","00","018","1803","0541","680","480","200","39","719","1253","0","57.38","38.31"
"10","013","00","018","1804","0000","611","432","179","32","643","1325","0","48.53","32.6"
"10","013","00","018","1804","0540","611","432","179","32","643","1325","0","48.53","32.6"
"10","013","00","018","1805","0000","495","335","160","33","528","1039","0","50.82","32.24"
"10","013","00","018","1805","0542","495","335","160","33","528","1039","0","50.82","32.24"
"10","013","00","018","1806","0000","711","480","231","56","767","1549","0","49.52","30.99"
"10","013","00","018","1806","0543","363","247","116","33","396","813","0","48.71","30.38"
"10","013","00","018","1806","0544","348","233","115","23","371","736","0","50.41","31.66"
"10","013","00","018","1807","0000","501","318","183","31","532","934","0","56.96","34.05"
"10","013","00","018","1807","0545","501","318","183","31","532","934","0","56.96","34.05"
"10","013","00","018","1808","0000","923","632","291","92","1015","1904","0","53.31","33.19"
"10","013","00","018","1808","0546","424","277","147","50","474","900","0","52.67","30.78"
"10","013","00","018","1808","0547","499","355","144","42","541","1004","0","53.88","35.36"
"10","013","00","019","0000","0000","8154","5745","2409","677","8831","15691","17842","56.28","36.61"
"10","013","00","019","1901","0000","818","596","222","48","866","1458","0","59.4","40.88"
"10","013","00","019","1901","0548","818","596","222","48","866","1458","0","59.4","40.88"
"10","013","00","019","1902","0000","919","660","259","63","982","1586","0","61.92","41.61"
"10","013","00","019","1902","0549","529","381","148","32","561","891","0","62.96","42.76"
"10","013","00","019","1902","0550","390","279","111","31","421","695","0","60.58","40.14"
"10","013","00","019","1903","0000","898","632","266","76","974","1634","0","59.61","38.68"
"10","013","00","019","1903","0555","461","337","124","40","501","841","0","59.57","40.07"
"10","013","00","019","1903","0556","437","295","142","36","473","793","0","59.65","37.2"
"10","013","00","019","1904","0000","428","303","125","34","462","725","0","63.72","41.79"
"10","013","00","019","1904","0554","428","303","125","34","462","725","0","63.72","41.79"
"10","013","00","019","1905","0000","1702","1189","513","125","1827","3189","0","57.29","37.28"
"10","013","00","019","1905","0551","566","403","163","42","608","1015","0","59.9","39.7"
"10","013","00","019","1905","0552","633","445","188","43","676","1171","0","57.73","38.0"
"10","013","00","019","1905","0553","503","341","162","40","543","1003","0","54.14","34.0"
"10","013","00","019","1906","0000","833","572","261","70","903","1816","0","49.72","31.5"
"10","013","00","019","1906","0559","359","240","119","35","394","783","0","50.32","30.65"
"10","013","00","019","1906","0560","474","332","142","35","509","1033","0","49.27","32.14"
"10","013","00","019","1907","0000","611","408","203","55","666","1283","0","51.91","31.8"
"10","013","00","019","1907","0558","611","408","203","55","666","1283","0","51.91","31.8"
"10","013","00","019","1908","0000","501","365","136","46","547","919","0","59.52","39.72"
"10","013","00","019","1908","0557","501","365","136","46","547","919","0","59.52","39.72"
"10","013","00","019","1909","0000","933","648","285","131","1064","1959","0","54.31","33.08"
"10","013","00","019","1909","0561","561","402","159","81","642","1186","0","54.13","33.9"
"10","013","00","019","1909","0562","372","246","126","50","422","773","0","54.59","31.82"
"10","013","00","019","1910","0000","511","372","139","29","540","1122","0","48.13","33.16"
"10","013","00","019","1910","0563","511","372","139","29","540","1122","0","48.13","33.16"
"10","013","00","020","0000","0000","4692","3161","1531","417","5109","9479","10650","53.9","33.35"
"10","013","00","020","2001","0000","834","576","258","77","911","1666","0","54.68","34.57"
"10","013","00","020","2001","0564","421","296","125","52","473","872","0","54.24","33.94"
"10","013","00","020","2001","0565","413","280","133","25","438","794","0","55.16","35.26"
"10","013","00","020","2002","0000","514","354","160","47","561","962","0","58.32","36.8"
"10","013","00","020","2002","0566","514","354","160","47","561","962","0","58.32","36.8"
"10","013","00","020","2003","0000","261","184","77","17","278","466","0","59.66","39.48"
"10","013","00","020","2003","0569","261","184","77","17","278","466","0","59.66","39.48"
"10","013","00","020","2004","0000","388","275","113","27","415","708","0","58.62","38.84"
"10","013","00","020","2004","0570","388","275","113","27","415","708","0","58.62","38.84"
"10","013","00","020","2005","0000","520","346","174","57","577","1033","0","55.86","33.49"
"10","013","00","020","2005","0567","520","346","174","57","577","1033","0","55.86","33.49"
"10","013","00","020","2006","0000","479","314","165","42","521","1007","0","51.74","31.18"
"10","013","00","020","2006","0568","479","314","165","42","521","1007","0","51.74","31.18"
"10","013","00","020","2007","0000","540","352","188","51","591","1044","0","56.61","33.72"
"10","013","00","020","2007","0571","540","352","188","51","591","1044","0","56.61","33.72"
"10","013","00","020","2008","0000","437","290","147","39","476","1071","0","44.44","27.08"
"10","013","00","020","2008","0572","437","290","147","39","476","1071","0","44.44","27.08"
"10","013","00","020","2009","0000","476","298","178","29","505","979","0","51.58","30.44"
"10","013","00","020","2009","0573","476","298","178","29","505","979","0","51.58","30.44"
"10","013","00","020","2010","0000","243","172","71","31","274","543","0","50.46","31.68"
"10","013","00","020","2010","0574","243","172","71","31","274","543","0","50.46","31.68"
"10","013","00","021","0000","0000","7838","5306","2532","717","8555","17063","19172","50.14","31.1"
"10","013","00","021","2101","0000","647","425","222","40","687","1472","0","46.67","28.87"
"10","013","00","021","2101","0575","647","425","222","40","687","1472","0","46.67","28.87"
"10","013","00","021","2102","0000","562","398","164","50","612","1360","0","45.0","29.26"
"10","013","00","021","2102","0576","562","398","164","50","612","1360","0","45.0","29.26"
"10","013","00","021","2103","0000","410","303","107","59","469","804","0","58.33","37.69"
"10","013","00","021","2103","0577","410","303","107","59","469","804","0","58.33","37.69"
"10","013","00","021","2104","0000","800","500","300","75","875","1780","0","49.16","28.09"
"10","013","00","021","2104","0578","429","270","159","57","486","925","0","52.54","29.19"
"10","013","00","021","2104","0579","371","230","141","18","389","855","0","45.5","26.9"
"10","013","00","021","2105","0000","892","578","314","96","988","1988","0","49.7","29.07"
"10","013","00","021","2105","0580","438","289","149","49","487","981","0","49.64","29.46"
"10","013","00","021","2105","0581","454","289","165","47","501","1007","0","49.75","28.7"
"10","013","00","021","2106","0000","894","573","321","92","986","2127","0","46.36","26.94"
"10","013","00","021","2106","0582","368","240","128","45","413","872","0","47.36","27.52"
"10","013","00","021","2106","0583","526","333","193","47","573","1255","0","45.66","26.53"
"10","013","00","021","2107","0000","511","377","134","55","566","995","0","56.88","37.89"
"10","013","00","021","2107","0584","511","377","134","55","566","995","0","56.88","37.89"
"10","013","00","021","2108","0000","298","191","107","28","326","734","0","44.41","26.02"
"10","013","00","021","2108","0585","298","191","107","28","326","734","0","44.41","26.02"
"10","013","00","021","2109","0000","509","300","209","27","536","1178","0","45.5","25.47"
"10","013","00","021","2109","0586","509","300","209","27","536","1178","0","45.5","25.47"
"10","013","00","021","2110","0000","476","309","167","53","529","1095","0","48.31","28.22"
"10","013","00","021","2110","0587","476","309","167","53","529","1095","0","48.31","28.22"
"10","013","00","021","2111","0000","594","438","156","61","655","1097","0","59.71","39.93"
"10","013","00","021","2111","0588","594","438","156","61","655","1097","0","59.71","39.93"
"10","013","00","021","2112","0000","1245","914","331","81","1326","2433","0","54.5","37.57"
"10","013","00","021","2112","0589","624","471","153","45","669","1273","0","52.55","37.0"
"10","013","00","021","2112","0590","621","443","178","36","657","1160","0","56.64","38.19"
"10","013","00","022","0000","0000","4414","3222","1192","341","4755","10706","12395","44.41","30.1"
"10","013","00","022","2201","0000","849","586","263","60","909","2083","0","43.64","28.13"
"10","013","00","022","2201","0591","438","294","144","31","469","1111","0","42.21","26.46"
"10","013","00","022","2201","0592","411","292","119","29","440","972","0","45.27","30.04"
"10","013","00","022","2202","0000","600","451","149","55","655","1278","0","51.25","35.29"
"10","013","00","022","2202","0593","600","451","149","55","655","1278","0","51.25","35.29"
"10","013","00","022","2203","0000","454","333","121","41","495","976","0","50.72","34.12"
"10","013","00","022","2203","0594","454","333","121","41","495","976","0","50.72","34.12"
"10","013","00","022","2204","0000","723","531","192","67","790","1658","0","47.65","32.03"
"10","013","00","022","2204","0595","723","531","192","67","790","1658","0","47.65","32.03"
"10","013","00","022","2205","0000","425","319","106","24","449","1146","0","39.18","27.84"
"10","013","00","022","2205","0596","425","319","106","24","449","1146","0","39.18","27.84"
"10","013","00","022","2206","0000","386","288","98","35","421","1079","0","39.02","26.69"
"10","013","00","022","2206","0597","386","288","98","35","421","1079","0","39.02","26.69"
"10","013","00","022","2207","0000","572","423","149","20","592","1613","0","36.7","26.22"
"10","013","00","022","2207","0598","572","423","149","20","592","1613","0","36.7","26.22"
"10","013","00","022","2208","0000","405","291","114","39","444","873","0","50.86","33.33"
"10","013","00","022","2208","0599","405","291","114","39","444","873","0","50.86","33.33"
"10","013","00","023","0000","0000","2964","1901","1063","239","3203","7595","8619","42.17","25.03"
"10","013","00","023","2301","0000","595","376","219","45","640","1347","0","47.51","27.91"
"10","013","00","023","2301","0602","208","136","72","22","230","491","0","46.84","27.7"
"10","013","00","023","2301","0603","387","240","147","23","410","856","0","47.9","28.04"
"10","013","00","023","2302","0000","253","174","79","8","261","554","0","47.11","31.41"
"10","013","00","023","2302","0604","253","174","79","8","261","554","0","47.11","31.41"
"10","013","00","023","2303","0000","216","133","83","25","241","647","0","37.25","20.56"
"10","013","00","023","2303","0601","216","133","83","25","241","647","0","37.25","20.56"
"10","013","00","023","2304","0000","279","163","116","31","310","737","0","42.06","22.12"
"10","013","00","023","2304","0600","279","163","116","31","310","737","0","42.06","22.12"
"10","013","00","023","2305","0000","138","98","40","6","144","388","0","37.11","25.26"
"10","013","00","023","2305","0605","138","98","40","6","144","388","0","37.11","25.26"
"10","013","00","023","2306","0000","333","215","118","40","373","922","0","40.46","23.32"
"10","013","00","023","2306","0606","333","215","118","40","373","922","0","40.46","23.32"
"10","013","00","023","2307","0000","403","255","148","24","427","1220","0","35.0","20.9"
"10","013","00","023","2307","0607","196","121","75","10","206","597","0","34.51","20.27"
"10","013","00","023","2307","0608","207","134","73","14","221","623","0","35.47","21.51"
"10","013","00","023","2308","0000","187","111","76","14","201","425","0","47.29","26.12"
"10","013","00","023","2308","0609","187","111","76","14","201","425","0","47.29","26.12"
"10","013","00","023","2309","0000","202","147","55","14","216","428","0","50.47","34.35"
"10","013","00","023","2309","0610","202","147","55","14","216","428","0","50.47","34.35"
"10","013","00","023","2310","0000","170","110","60","11","181","504","0","35.91","21.83"
"10","013","00","023","2310","0611","170","110","60","11","181","504","0","35.91","21.83"
"10","013","00","023","2311","0000","188","119","69","21","209","423","0","49.41","28.13"
"10","013","00","023","2311","0612","188","119","69","21","209","423","0","49.41","28.13"
"10","013","00","024","0000","0000","2902","1923","979","148","3050","7206","8068","42.33","26.69"
"10","013","00","024","2401","0000","691","434","257","40","731","1575","0","46.41","27.56"
"10","013","00","024","2401","0613","691","434","257","40","731","1575","0","46.41","27.56"
"10","013","00","024","2402","0000","190","127","63","10","200","420","0","47.62","30.24"
"10","013","00","024","2402","0614","190","127","63","10","200","420","0","47.62","30.24"
"10","013","00","024","2403","0000","488","349","139","23","511","1302","0","39.25","26.8"
"10","013","00","024","2403","0616","488","349","139","23","511","1302","0","39.25","26.8"
"10","013","00","024","2404","0000","540","353","187","7","547","1314","0","41.63","26.86"
"10","013","00","024","2404","0617","540","353","187","7","547","1314","0","41.63","26.86"
"10","013","00","024","2405","0000","325","242","83","25","350","602","0","58.14","40.2"
"10","013","00","024","2405","0615","325","242","83","25","350","602","0","58.14","40.2"
"10","013","00","024","2406","0000","377","235","142","17","394","1308","0","30.12","17.97"
"10","013","00","024","2406","0618","377","235","142","17","394","1308","0","30.12","17.97"
"10","013","00","024","2407","0000","139","88","51","12","151","367","0","41.14","23.98"
"10","013","00","024","2407","0619","139","88","51","12","151","367","0","41.14","23.98"
"10","013","00","024","2408","0000","152","95","57","14","166","318","0","52.2","29.87"
"10","013","00","024","2408","0620","152","95","57","14","166","318","0","52.2","29.87"
"10","013","00","025","0000","0000","2358","1618","740","176","2534","4856","5547","52.18","33.32"
"10","013","00","025","2501","0000","580","436","144","49","629","1032","0","60.95","42.25"
"10","013","00","025","2501","0621","329","243","86","35","364","604","0","60.26","40.23"
"10","013","00","025","2501","0622","251","193","58","14","265","428","0","61.92","45.09"
"10","013","00","025","2502","0000","1022","694","328","70","1092","1900","0","57.47","36.53"
"10","013","00","025","2502","0623","537","373","164","54","591","928","0","63.69","40.19"
"10","013","00","025","2502","0624","485","321","164","16","501","972","0","51.54","33.02"
"10","013","00","025","2503","0000","436","292","144","41","477","1041","0","45.82","28.05"
"10","013","00","025","2503","0625","436","292","144","41","477","1041","0","45.82","28.05"
"10","013","00","025","2504","0000","320","196","124","16","336","883","0","38.05","22.2"
"10","013","00","025","2504","0626","320","196","124","16","336","883","0","38.05","22.2"
"10","013","00","026","0000","0000","3786","2700","1086","199","3985","6373","7694","62.53","42.37"
"10","013","00","026","2601","0000","876","583","293","33","909","1448","0","62.78","40.26"
"10","013","00","026","2601","0630","876","583","293","33","909","1448","0","62.78","40.26"
"10","013","00","026","2602","0000","199","160","39","2","201","323","0","62.23","49.54"
"10","013","00","026","2602","0629","199","160","39","2","201","323","0","62.23","49.54"
"10","013","00","026","2603","0000","306","223","83","52","358","572","0","62.59","38.99"
"10","013","00","026","2603","0628","306","223","83","52","358","572","0","62.59","38.99"
"10","013","00","026","2604","0000","304","231","73","10","314","616","0","50.97","37.5"
"10","013","00","026","2604","0627","304","231","73","10","314","616","0","50.97","37.5"
"10","013","00","026","2605","0000","387","281","106","9","396","726","0","54.55","38.71"
"10","013","00","026","2605","0631","387","281","106","9","396","726","0","54.55","38.71"
"10","013","00","026","2606","0000","298","198","100","8","306","554","0","55.23","35.74"
"10","013","00","026","2606","0632","298","198","100","8","306","554","0","55.23","35.74"
"10","013","00","026","2607","0000","229","154","75","6","235","346","0","67.92","44.51"
"10","013","00","026","2607","0633","229","154","75","6","235","346","0","67.92","44.51"
"10","013","00","026","2608","0000","335","277","58","5","340","458","0","74.24","60.48"
"10","013","00","026","2608","0634","335","277","58","5","340","458","0","74.24","60.48"
"10","013","00","026","2609","0000","458","323","135","16","474","692","0","68.5","46.68"
"10","013","00","026","2609","0635","458","323","135","16","474","692","0","68.5","46.68"
"10","013","00","026","2610","0000","394","270","124","58","452","638","0","70.85","42.32"
"10","013","00","026","2610","0636","394","270","124","58","452","638","0","70.85","42.32"
"10","013","00","027","0000","0000","2176","1628","548","75","2251","2950","3376","76.31","55.19"
"10","013","00","027","2701","0000","853","631","222","31","884","1185","0","74.6","53.25"
"10","013","00","027","2701","0637","261","188","73","10","271","346","0","78.32","54.34"
"10","013","00","027","2701","0638","498","371","127","19","517","677","0","76.37","54.8"
"10","013","00","027","2701","0639","94","72","22","2","96","162","0","59.26","44.44"
"10","013","00","027","2702","0000","225","181","44","9","234","296","0","79.05","61.15"
"10","013","00","027","2702","0641","225","181","44","9","234","296","0","79.05","61.15"
"10","013","00","027","2703","0000","113","88","25","4","117","189","0","61.9","46.56"
"10","013","00","027","2703","0640","113","88","25","4","117","189","0","61.9","46.56"
"10","013","00","027","2704","0000","358","276","82","12","370","450","0","82.22","61.33"
"10","013","00","027","2704","0644","358","276","82","12","370","450","0","82.22","61.33"
"10","013","00","027","2705","0000","234","159","75","5","239","347","0","68.88","45.82"
"10","013","00","027","2705","0643","234","159","75","5","239","347","0","68.88","45.82"
"10","013","00","027","2706","0000","393","293","100","14","407","483","0","84.27","60.66"
"10","013","00","027","2706","0642","393","293","100","14","407","483","0","84.27","60.66"
"10","013","00","028","0000","0000","3549","2625","924","129","3678","5663","6833","64.95","46.35"
"10","013","00","028","2801","0000","255","167","88","3","258","455","0","56.7","36.7"
"10","013","00","028","2801","0645","255","167","88","3","258","455","0","56.7","36.7"
"10","013","00","028","2802","0000","527","379","148","20","547","821","0","66.63","46.16"
"10","013","00","028","2802","0646","527","379","148","20","547","821","0","66.63","46.16"
"10","013","00","028","2803","0000","627","473","154","22","649","1057","0","61.4","44.75"
"10","013","00","028","2803","0650","627","473","154","22","649","1057","0","61.4","44.75"
"10","013","00","028","2804","0000","523","383","140","23","546","900","0","60.67","42.56"
"10","013","00","028","2804","0651","523","383","140","23","546","900","0","60.67","42.56"
"10","013","00","028","2805","0000","273","201","72","6","279","429","0","65.03","46.85"
"10","013","00","028","2805","0652","273","201","72","6","279","429","0","65.03","46.85"
"10","013","00","028","2806","0000","1344","1022","322","55","1399","2001","0","69.92","51.07"
"10","013","00","028","2806","0647","447","320","127","20","467","635","0","73.54","50.39"
"10","013","00","028","2806","0648","503","400","103","23","526","695","0","75.68","57.55"
"10","013","00","028","2806","0649","394","302","92","12","406","671","0","60.51","45.01"
"10","013","00","029","0000","0000","2749","1967","782","148","2897","4344","5403","66.69","45.28"
"10","013","00","029","2901","0000","519","340","179","21","540","859","0","62.86","39.58"
"10","013","00","029","2901","0653","399","255","144","17","416","669","0","62.18","38.12"
"10","013","00","029","2901","0654","120","85","35","4","124","190","0","65.26","44.74"
"10","013","00","029","2902","0000","561","389","172","46","607","922","0","65.84","42.19"
"10","013","00","029","2902","0655","561","389","172","46","607","922","0","65.84","42.19"
"10","013","00","029","2903","0000","444","318","126","18","462","598","0","77.26","53.18"
"10","013","00","029","2903","0656","444","318","126","18","462","598","0","77.26","53.18"
"10","013","00","029","2904","0000","288","222","66","15","303","414","0","73.19","53.62"
"10","013","00","029","2904","0658","288","222","66","15","303","414","0","73.19","53.62"
"10","013","00","029","2905","0000","463","322","141","19","482","780","0","61.79","41.28"
"10","013","00","029","2905","0659","463","322","141","19","482","780","0","61.79","41.28"
"10","013","00","029","2906","0000","474","376","98","29","503","771","0","65.24","48.77"
"10","013","00","029","2906","0657","474","376","98","29","503","771","0","65.24","48.77"
"10","013","00","030","0000","0000","3580","2652","928","225","3805","6257","7445","60.81","42.38"
"10","013","00","030","3001","0000","571","455","116","53","624","917","0","68.05","49.62"
"10","013","00","030","3001","0660","571","455","116","53","624","917","0","68.05","49.62"
"10","013","00","030","3002","0000","362","263","99","9","371","577","0","64.3","45.58"
"10","013","00","030","3002","0661","228","157","71","7","235","361","0","65.1","43.49"
"10","013","00","030","3002","0662","134","106","28","2","136","216","0","62.96","49.07"
"10","013","00","030","3003","0000","498","393","105","22","520","725","0","71.72","54.21"
"10","013","00","030","3003","0663","324","258","66","13","337","445","0","75.73","57.98"
"10","013","00","030","3003","0664","174","135","39","9","183","280","0","65.36","48.21"
"10","013","00","030","3004","0000","597","450","147","51","648","1097","0","59.07","41.02"
"10","013","00","030","3004","0665","597","450","147","51","648","1097","0","59.07","41.02"
"10","013","00","030","3005","0000","525","396","129","40","565","840","0","67.26","47.14"
"10","013","00","030","3005","0666","525","396","129","40","565","840","0","67.26","47.14"
"10","013","00","030","3006","0000","442","290","152","14","456","889","0","51.29","32.62"
"10","013","00","030","3006","0667","442","290","152","14","456","889","0","51.29","32.62"
"10","013","00","030","3007","0000","585","405","180","36","621","1212","0","51.24","33.42"
"10","013","00","030","3007","0668","585","405","180","36","621","1212","0","51.24","33.42"
"10","013","00","031","0000","0000","1693","1141","552","50","1743","3923","4903","44.43","29.08"
"10","013","00","031","3101","0000","397","271","126","7","404","909","0","44.44","29.81"
"10","013","00","031","3101","0669","397","271","126","7","404","909","0","44.44","29.81"
"10","013","00","031","3102","0000","356","251","105","10","366","663","0","55.2","37.86"
"10","013","00","031","3102","0670","356","251","105","10","366","663","0","55.2","37.86"
"10","013","00","031","3103","0000","122","92","30","0","122","304","0","40.13","30.26"
"10","013","00","031","3103","0671","122","92","30","0","122","304","0","40.13","30.26"
"10","013","00","031","3104","0000","444","292","152","18","462","928","0","49.78","31.47"
"10","013","00","031","3104","0672","444","292","152","18","462","928","0","49.78","31.47"
"10","013","00","031","3105","0000","219","140","79","11","230","641","0","35.88","21.84"
"10","013","00","031","3105","0673","219","140","79","11","230","641","0","35.88","21.84"
"10","013","00","031","3106","0000","155","95","60","4","159","478","0","33.26","19.87"
"10","013","00","031","3106","0674","155","95","60","4","159","478","0","33.26","19.87"
"10","013","00","032","0000","0000","2553","1938","615","103","2656","4230","5018","62.79","45.82"
"10","013","00","032","3201","0000","410","338","72","12","422","751","0","56.19","45.01"
"10","013","00","032","3201","0675","410","338","72","12","422","751","0","56.19","45.01"
"10","013","00","032","3202","0000","426","307","119","31","457","776","0","58.89","39.56"
"10","013","00","032","3202","0676","426","307","119","31","457","776","0","58.89","39.56"
"10","013","00","032","3203","0000","489","399","90","15","504","711","0","70.89","56.12"
"10","013","00","032","3203","0677","489","399","90","15","504","711","0","70.89","56.12"
"10","013","00","032","3204","0000","172","114","58","16","188","243","0","77.37","46.91"
"10","013","00","032","3204","0678","172","114","58","16","188","243","0","77.37","46.91"
"10","013","00","032","3205","0000","224","167","57","6","230","325","0","70.77","51.38"
"10","013","00","032","3205","0679","224","167","57","6","230","325","0","70.77","51.38"
"10","013","00","032","3206","0000","262","178","84","1","263","476","0","55.25","37.39"
"10","013","00","032","3206","0680","262","178","84","1","263","476","0","55.25","37.39"
"10","013","00","032","3207","0000","400","324","76","15","415","602","0","68.94","53.82"
"10","013","00","032","3207","0681","400","324","76","15","415","602","0","68.94","53.82"
"10","013","00","032","3208","0000","170","111","59","7","177","346","0","51.16","32.08"
"10","013","00","032","3208","0682","170","111","59","7","177","346","0","51.16","32.08"
"10","013","00","033","0000","0000","1769","1211","558","82","1851","4314","5003","42.91","28.07"
"10","013","00","033","3301","0000","757","513","244","49","806","1648","0","48.91","31.13"
"10","013","00","033","3301","0683","141","94","47","2","143","342","0","41.81","27.49"
"10","013","00","033","3301","0684","616","419","197","47","663","1306","0","50.77","32.08"
"10","013","00","033","3302","0000","196","136","60","4","200","693","0","28.86","19.62"
"10","013","00","033","3302","0685","196","136","60","4","200","693","0","28.86","19.62"
"10","013","00","033","3303","0000","194","141","53","11","205","437","0","46.91","32.27"
"10","013","00","033","3303","0686","194","141","53","11","205","437","0","46.91","32.27"
"10","013","00","033","3304","0000","194","143","51","2","196","392","0","50.0","36.48"
"10","013","00","033","3304","0687","194","143","51","2","196","392","0","50.0","36.48"
"10","013","00","033","3305","0000","297","182","115","11","308","593","0","51.94","30.69"
"10","013","00","033","3305","0688","297","182","115","11","308","593","0","51.94","30.69"
"10","013","00","033","3306","0000","131","96","35","5","136","551","0","24.68","17.42"
"10","013","00","033","3306","0689","131","96","35","5","136","551","0","24.68","17.42"
"10","002","00","000","0000","0000","204085","136422","67663","12028","216113","386089","455508","55.97","35.33"
"10","002","00","001","0000","0000","43054","28367","14687","2099","45153","79167","95747","57.04","35.83"
"10","002","00","001","0101","0000","1390","937","453","70","1460","2598","0","56.2","36.07"
"10","002","00","001","0101","0023","371","261","110","26","397","669","0","59.34","39.01"
"10","002","00","001","0101","0024","500","337","163","26","526","923","0","56.99","36.51"
"10","002","00","001","0101","0025","519","339","180","18","537","1006","0","53.38","33.7"
"10","002","00","001","0102","0000","836","560","276","25","861","1747","0","49.28","32.05"
"10","002","00","001","0102","0021","572","387","185","15","587","1282","0","45.79","30.19"
"10","002","00","001","0102","0022","264","173","91","10","274","465","0","58.92","37.2"
"10","002","00","001","0108","0000","1150","735","415","51","1201","2122","0","56.6","34.64"
"10","002","00","001","0108","0029","618","384","234","36","654","1143","0","57.22","33.6"
"10","002","00","001","0108","0030","532","351","181","15","547","979","0","55.87","35.85"
"10","002","00","001","0109","0000","644","441","203","41","685","1214","0","56.43","36.33"
"10","002","00","001","0109","0031","644","441","203","41","685","1214","0","56.43","36.33"
"10","002","00","001","0110","0000","1022","622","400","46","1068","1717","0","62.2","36.23"
"10","002","00","001","0110","0035","547","347","200","22","569","943","0","60.34","36.8"
"10","002","00","001","0110","0036","475","275","200","24","499","774","0","64.47","35.53"
"10","002","00","001","0111","0000","1086","709","377","55","1141","2036","0","56.04","34.82"
"10","002","00","001","0111","0033","529","339","190","25","554","946","0","58.56","35.84"
"10","002","00","001","0111","0034","557","370","187","30","587","1090","0","53.85","33.94"
"10","002","00","001","0112","0000","687","458","229","51","738","1283","0","57.52","35.7"
"10","002","00","001","0112","0032","687","458","229","51","738","1283","0","57.52","35.7"
"10","002","00","001","0113","0000","983","643","340","60","1043","1815","0","57.47","35.43"
"10","002","00","001","0113","0051","476","315","161","32","508","905","0","56.13","34.81"
"10","002","00","001","0113","0052","507","328","179","28","535","910","0","58.79","36.04"
"10","002","00","001","0114","0000","1229","803","426","45","1274","2214","0","57.54","36.27"
"10","002","00","001","0114","0046","607","396","211","21","628","1110","0","56.58","35.68"
"10","002","00","001","0114","0047","622","407","215","24","646","1104","0","58.51","36.87"
"10","002","00","001","0115","0000","1755","1124","631","83","1838","3262","0","56.35","34.46"
"10","002","00","001","0115","0040","580","362","218","38","618","1084","0","57.01","33.39"
"10","002","00","001","0115","0041","576","377","199","20","596","1095","0","54.43","34.43"
"10","002","00","001","0115","0042","599","385","214","25","624","1083","0","57.62","35.55"
"10","002","00","001","0116","0000","694","460","234","37","731","1434","0","50.98","32.08"
"10","002","00","001","0116","0053","694","460","234","37","731","1434","0","50.98","32.08"
"10","002","00","001","0117","0000","908","591","317","58","966","1803","0","53.58","32.78"
"10","002","00","001","0117","0059","449","285","164","27","476","909","0","52.37","31.35"
"10","002","00","001","0117","0060","459","306","153","31","490","894","0","54.81","34.23"
"10","002","00","001","0118","0000","971","679","292","63","1034","1560","0","66.28","43.53"
"10","002","00","001","0118","0027","443","307","136","26","469","727","0","64.51","42.23"
"10","002","00","001","0118","0028","528","372","156","37","565","833","0","67.83","44.66"
"10","002","00","001","0119","0000","553","360","193","29","582","966","0","60.25","37.27"
"10","002","00","001","0119","0055","553","360","193","29","582","966","0","60.25","37.27"
"10","002","00","001","0121","0000","905","601","304","48","953","1595","0","59.75","37.68"
"10","002","00","001","0121","0056","398","260","138","18","416","711","0","58.51","36.57"
"10","002","00","001","0121","0057","507","341","166","30","537","884","0","60.75","38.57"
"10","002","00","001","0122","0000","730","486","244","37","767","1326","0","57.84","36.65"
"10","002","00","001","0122","0058","730","486","244","37","767","1326","0","57.84","36.65"
"10","002","00","001","0123","0000","596","389","207","43","639","1152","0","55.47","33.77"
"10","002","00","001","0123","0054","596","389","207","43","639","1152","0","55.47","33.77"
"10","002","00","001","0124","0000","1434","990","444","71","1505","2584","0","58.24","38.31"
"10","002","00","001","0124","0064","759","494","265","55","814","1454","0","55.98","33.98"
"10","002","00","001","0124","0065","675","496","179","16","691","1130","0","61.15","43.89"
"10","002","00","001","0125","0000","1059","727","332","58","1117","2025","0","55.16","35.9"
"10","002","00","001","0125","0066","526","360","166","11","537","1087","0","49.4","33.12"
"10","002","00","001","0125","0067","533","367","166","47","580","938","0","61.83","39.13"
"10","002","00","001","0126","0000","1251","849","402","47","1298","2237","0","58.02","37.95"
"10","002","00","001","0126","0068","732","500","232","34","766","1285","0","59.61","38.91"
"10","002","00","001","0126","0069","519","349","170","13","532","952","0","55.88","36.66"
"10","002","00","001","0127","0000","1679","1072","607","113","1792","3123","0","57.38","34.33"
"10","002","00","001","0127","0070","543","339","204","29","572","948","0","60.34","35.76"
"10","002","00","001","0127","0071","585","360","225","31","616","1160","0","53.1","31.03"
"10","002","00","001","0127","0072","551","373","178","53","604","1015","0","59.51","36.75"
"10","002","00","001","0128","0000","631","405","226","48","679","1162","0","58.43","34.85"
"10","002","00","001","0128","0078","631","405","226","48","679","1162","0","58.43","34.85"
"10","002","00","001","0131","0000","487","309","178","31","518","959","0","54.01","32.22"
"10","002","00","001","0131","0075","487","309","178","31","518","959","0","54.01","32.22"
"10","002","00","001","0132","0000","1000","697","303","42","1042","1699","0","61.33","41.02"
"10","002","00","001","0132","0076","492","349","143","24","516","814","0","63.39","42.87"
"10","002","00","001","0132","0077","508","348","160","18","526","885","0","59.44","39.32"
"10","002","00","001","0134","0000","781","511","270","53","834","1388","0","60.09","36.82"
"10","002","00","001","0134","0073","247","158","89","16","263","424","0","62.03","37.26"
"10","002","00","001","0134","0074","534","353","181","37","571","964","0","59.23","36.62"
"10","002","00","001","0135","0000","1528","999","529","101","1629","2933","0","55.54","34.06"
"10","002","00","001","0135","0007","478","312","166","30","508","912","0","55.7","34.21"
"10","002","00","001","0135","0008","707","464","243","47","754","1335","0","56.48","34.76"
"10","002","00","001","0135","0009","343","223","120","24","367","686","0","53.5","32.51"
"10","002","00","001","0136","0000","1191","819","372","47","1238","2252","0","54.97","36.37"
"10","002","00","001","0136","0001","521","347","174","15","536","982","0","54.58","35.34"
"10","002","00","001","0136","0002","670","472","198","32","702","1270","0","55.28","37.17"
"10","002","00","001","0137","0000","883","554","329","32","915","1605","0","57.01","34.52"
"10","002","00","001","0137","0003","463","295","168","12","475","849","0","55.95","34.75"
"10","002","00","001","0137","0004","420","259","161","20","440","756","0","58.2","34.26"
"10","002","00","001","0138","0000","2438","1537","901","81","2519","4269","0","59.01","36.0"
"10","002","00","001","0138","0010","822","512","310","30","852","1366","0","62.37","37.48"
"10","002","00","001","0138","0011","762","468","294","15","777","1363","0","57.01","34.34"
"10","002","00","001","0138","0012","854","557","297","36","890","1540","0","57.79","36.17"
"10","002","00","001","0139","0000","1614","1025","589","79","1693","3045","0","55.6","33.66"
"10","002","00","001","0139","0015","489","323","166","30","519","900","0","57.67","35.89"
"10","002","00","001","0139","0016","498","325","173","21","519","980","0","52.96","33.16"
"10","002","00","001","0139","0017","627","377","250","28","655","1165","0","56.22","32.36"
"10","002","00","001","0140","0000","1453","970","483","67","1520","2695","0","56.4","35.99"
"10","002","00","001","0140","0018","484","332","152","21","505","904","0","55.86","36.73"
"10","002","00","001","0140","0019","450","290","160","19","469","813","0","57.69","35.67"
"10","002","00","001","0140","0020","519","348","171","27","546","978","0","55.83","35.58"
"10","002","00","001","0141","0000","1642","1082","560","59","1701","3051","0","55.75","35.46"
"10","002","00","001","0141","0043","574","374","200","22","596","1108","0","53.79","33.75"
"10","002","00","001","0141","0044","481","309","172","15","496","848","0","58.49","36.44"
"10","002","00","001","0141","0045","587","399","188","22","609","1095","0","55.62","36.44"
"10","002","00","001","0142","0000","1777","1164","613","69","1846","3156","0","58.49","36.88"
"10","002","00","001","0142","0048","630","405","225","20","650","1134","0","57.32","35.71"
"10","002","00","001","0142","0049","638","419","219","23","661","1146","0","57.68","36.56"
"10","002","00","001","0142","0050","509","340","169","26","535","876","0","61.07","38.81"
"10","002","00","001","0143","0000","1403","918","485","48","1451","2550","0","56.9","36.0"
"10","002","00","001","0143","0013","737","451","286","25","762","1341","0","56.82","33.63"
"10","002","00","001","0143","0014","666","467","199","23","689","1209","0","56.99","38.63"
"10","002","00","001","0144","0000","1012","718","294","47","1059","2000","0","52.95","35.9"
"10","002","00","001","0144","0005","544","393","151","18","562","1107","0","50.77","35.5"
"10","002","00","001","0144","0006","468","325","143","29","497","893","0","55.66","36.39"
"10","002","00","001","0145","0000","477","333","144","28","505","762","0","66.27","43.7"
"10","002","00","001","0145","0026","477","333","144","28","505","762","0","66.27","43.7"
"10","002","00","001","0146","0000","1469","995","474","69","1538","2915","0","52.76","34.13"
"10","002","00","001","0146","0061","621","431","190","19","640","1259","0","50.83","34.23"
"10","002","00","001","0146","0062","394","265","129","23","417","789","0","52.85","33.59"
"10","002","00","001","0146","0063","454","299","155","27","481","867","0","55.48","34.49"
"10","002","00","001","0147","0000","1706","1095","611","67","1773","2913","0","60.87","37.59"
"10","002","00","001","0147","0037","572","367","205","18","590","968","0","60.95","37.91"
"10","002","00","001","0147","0038","549","349","200","22","571","926","0","61.66","37.69"
"10","002","00","001","0147","0039","585","379","206","27","612","1019","0","60.06","37.19"
"10","002","00","002","0000","0000","31681","20888","10793","1618","33299","57686","72457","57.72","36.21"
"10","002","00","002","0204","0000","759","508","251","61","820","1475","0","55.59","34.44"
"10","002","00","002","0204","0081","759","508","251","61","820","1475","0","55.59","34.44"
"10","002","00","002","0205","0000","1849","1189","660","94","1943","3504","0","55.45","33.93"
"10","002","00","002","0205","0082","750","466","284","48","798","1466","0","54.43","31.79"
"10","002","00","002","0205","0083","583","376","207","25","608","1075","0","56.56","34.98"
"10","002","00","002","0205","0084","516","347","169","21","537","963","0","55.76","36.03"
"10","002","00","002","0206","0000","1364","906","458","94","1458","2677","0","54.46","33.84"
"10","002","00","002","0206","0085","750","508","242","65","815","1511","0","53.94","33.62"
"10","002","00","002","0206","0086","614","398","216","29","643","1166","0","55.15","34.13"
"10","002","00","002","0207","0000","1590","1051","539","61","1651","3008","0","54.89","34.94"
"10","002","00","002","0207","0087","693","443","250","43","736","1273","0","57.82","34.8"
"10","002","00","002","0207","0088","897","608","289","18","915","1735","0","52.74","35.04"
"10","002","00","002","0208","0000","1298","841","457","55","1353","2324","0","58.22","36.19"
"10","002","00","002","0208","0089","817","539","278","33","850","1487","0","57.16","36.25"
"10","002","00","002","0208","0090","481","302","179","22","503","837","0","60.1","36.08"
"10","002","00","002","0209","0000","743","495","248","49","792","1312","0","60.37","37.73"
"10","002","00","002","0209","0091","743","495","248","49","792","1312","0","60.37","37.73"
"10","002","00","002","0210","0000","758","497","261","43","801","1502","0","53.33","33.09"
"10","002","00","002","0210","0092","758","497","261","43","801","1502","0","53.33","33.09"
"10","002","00","002","0211","0000","586","383","203","19","605","1138","0","53.16","33.66"
"10","002","00","002","0211","0093","586","383","203","19","605","1138","0","53.16","33.66"
"10","002","00","002","0216","0000","1929","1325","604","114","2043","3681","0","55.5","36.0"
"10","002","00","002","0216","0096","605","442","163","28","633","1089","0","58.13","40.59"
"10","002","00","002","0216","0097","682","464","218","32","714","1304","0","54.75","35.58"
"10","002","00","002","0216","0098","642","419","223","54","696","1288","0","54.04","32.53"
"10","002","00","002","0217","0000","1575","1051","524","79","1654","2850","0","58.04","36.88"
"10","002","00","002","0217","0102","795","524","271","39","834","1420","0","58.73","36.9"
"10","002","00","002","0217","0103","780","527","253","40","820","1430","0","57.34","36.85"
"10","002","00","002","0218","0000","1555","1000","555","85","1640","2804","0","58.49","35.66"
"10","002","00","002","0218","0104","592","401","191","42","634","1075","0","58.98","37.3"
"10","002","00","002","0218","0105","502","315","187","29","531","879","0","60.41","35.84"
"10","002","00","002","0218","0106","461","284","177","14","475","850","0","55.88","33.41"
"10","002","00","002","0219","0000","1956","1300","656","99","2055","3623","0","56.72","35.88"
"10","002","00","002","0219","0111","767","499","268","39","806","1431","0","56.32","34.87"
"10","002","00","002","0219","0112","600","395","205","35","635","1109","0","57.26","35.62"
"10","002","00","002","0219","0113","589","406","183","25","614","1083","0","56.69","37.49"
"10","002","00","002","0220","0000","1481","984","497","79","1560","2692","0","57.95","36.55"
"10","002","00","002","0220","0114","774","520","254","43","817","1404","0","58.19","37.04"
"10","002","00","002","0220","0115","707","464","243","36","743","1288","0","57.69","36.02"
"10","002","00","002","0221","0000","519","328","191","28","547","1183","0","46.24","27.73"
"10","002","00","002","0221","0116","519","328","191","28","547","1183","0","46.24","27.73"
"10","002","00","002","0222","0000","1658","1079","579","86","1744","2865","0","60.87","37.66"
"10","002","00","002","0222","0117","635","412","223","27","662","1105","0","59.91","37.29"
"10","002","00","002","0222","0118","574","368","206","32","606","987","0","61.4","37.28"
"10","002","00","002","0222","0119","449","299","150","27","476","773","0","61.58","38.68"
"10","002","00","002","0223","0000","1593","1032","561","89","1682","2926","0","57.48","35.27"
"10","002","00","002","0223","0123","539","350","189","30","569","977","0","58.24","35.82"
"10","002","00","002","0223","0124","501","325","176","30","531","972","0","54.63","33.44"
"10","002","00","002","0223","0125","553","357","196","29","582","977","0","59.57","36.54"
"10","002","00","002","0224","0000","2006","1368","638","93","2099","3551","0","59.11","38.52"
"10","002","00","002","0224","0126","790","527","263","35","825","1398","0","59.01","37.7"
"10","002","00","002","0224","0127","553","356","197","26","579","1022","0","56.65","34.83"
"10","002","00","002","0224","0128","663","485","178","32","695","1131","0","61.45","42.88"
"10","002","00","002","0225","0000","2107","1374","733","67","2174","3431","0","63.36","40.05"
"10","002","00","002","0225","0120","843","543","300","26","869","1366","0","63.62","39.75"
"10","002","00","002","0225","0121","565","366","199","20","585","907","0","64.5","40.35"
"10","002","00","002","0225","0122","699","465","234","21","720","1158","0","62.18","40.16"
"10","002","00","002","0226","0000","2560","1655","905","95","2655","4360","0","60.89","37.96"
"10","002","00","002","0226","0107","637","402","235","27","664","1111","0","59.77","36.18"
"10","002","00","002","0226","0108","689","465","224","25","714","1139","0","62.69","40.83"
"10","002","00","002","0226","0109","672","433","239","26","698","1130","0","61.77","38.32"
"10","002","00","002","0226","0110","562","355","207","17","579","980","0","59.08","36.22"
"10","002","00","002","0227","0000","1759","1157","602","95","1854","2990","0","62.01","38.7"
"10","002","00","002","0227","0099","607","389","218","35","642","1036","0","61.97","37.55"
"10","002","00","002","0227","0100","587","406","181","32","619","969","0","63.88","41.9"
"10","002","00","002","0227","0101","565","362","203","28","593","985","0","60.2","36.75"
"10","002","00","002","0228","0000","756","514","242","52","808","1407","0","57.43","36.53"
"10","002","00","002","0228","0079","376","248","128","32","408","689","0","59.22","35.99"
"10","002","00","002","0228","0080","380","266","114","20","400","718","0","55.71","37.05"
"10","002","00","002","0229","0000","745","502","243","51","796","1373","0","57.98","36.56"
"10","002","00","002","0229","0095","745","502","243","51","796","1373","0","57.98","36.56"
"10","002","00","002","0230","0000","535","349","186","30","565","1010","0","55.94","34.55"
"10","002","00","002","0230","0094","535","349","186","30","565","1010","0","55.94","34.55"
"10","002","00","003","0000","0000","17872","12078","5794","1418","19290","34512","39785","55.89","35.0"
"10","002","00","003","0301","0000","1825","1204","621","105","1930","3364","0","57.37","35.79"
"10","002","00","003","0301","0129","638","422","216","37","675","1194","0","56.53","35.34"
"10","002","00","003","0301","0130","594","412","182","26","620","1128","0","54.96","36.52"
"10","002","00","003","0301","0131","593","370","223","42","635","1042","0","60.94","35.51"
"10","002","00","003","0302","0000","564","362","202","22","586","997","0","58.78","36.31"
"10","002","00","003","0302","0132","564","362","202","22","586","997","0","58.78","36.31"
"10","002","00","003","0303","0000","1991","1311","680","147","2138","3693","0","57.89","35.5"
"10","002","00","003","0303","0133","686","448","238","52","738","1303","0","56.64","34.38"
"10","002","00","003","0303","0134","705","468","237","48","753","1260","0","59.76","37.14"
"10","002","00","003","0303","0135","600","395","205","47","647","1130","0","57.26","34.96"
"10","002","00","003","0304","0000","450","286","164","48","498","910","0","54.73","31.43"
"10","002","00","003","0304","0136","288","185","103","28","316","559","0","56.53","33.09"
"10","002","00","003","0304","0137","162","101","61","20","182","351","0","51.85","28.77"
"10","002","00","003","0305","0000","662","440","222","76","738","1323","0","55.78","33.26"
"10","002","00","003","0305","0138","444","298","146","53","497","889","0","55.91","33.52"
"10","002","00","003","0305","0139","218","142","76","23","241","434","0","55.53","32.72"
"10","002","00","003","0307","0000","1654","1110","544","94","1748","2945","0","59.35","37.69"
"10","002","00","003","0307","0140","483","329","154","28","511","835","0","61.2","39.4"
"10","002","00","003","0307","0141","528","347","181","33","561","975","0","57.54","35.59"
"10","002","00","003","0307","0142","643","434","209","33","676","1135","0","59.56","38.24"
"10","002","00","003","0308","0000","723","460","263","49","772","1257","0","61.42","36.6"
"10","002","00","003","0308","0143","485","304","181","29","514","788","0","65.23","38.58"
"10","002","00","003","0308","0144","238","156","82","20","258","469","0","55.01","33.26"
"10","002","00","003","0309","0000","1174","810","364","77","1251","2300","0","54.39","35.22"
"10","002","00","003","0309","0148","573","413","160","29","602","1146","0","52.53","36.04"
"10","002","00","003","0309","0149","601","397","204","48","649","1154","0","56.24","34.4"
"10","002","00","003","0310","0000","1173","906","267","79","1252","2398","0","52.21","37.78"
"10","002","00","003","0310","0150","352","316","36","22","374","908","0","41.19","34.8"
"10","002","00","003","0310","0151","348","257","91","16","364","656","0","55.49","39.18"
"10","002","00","003","0310","0152","473","333","140","41","514","834","0","61.63","39.93"
"10","002","00","003","0311","0000","587","387","200","28","615","1025","0","60.0","37.76"
"10","002","00","003","0311","0153","587","387","200","28","615","1025","0","60.0","37.76"
"10","002","00","003","0312","0000","247","156","91","17","264","455","0","58.02","34.29"
"10","002","00","003","0312","0154","247","156","91","17","264","455","0","58.02","34.29"
"10","002","00","003","0313","0000","292","194","98","22","314","535","0","58.69","36.26"
"10","002","00","003","0313","0155","292","194","98","22","314","535","0","58.69","36.26"
"10","002","00","003","0314","0000","317","213","104","26","343","536","0","63.99","39.74"
"10","002","00","003","0314","0156","317","213","104","26","343","536","0","63.99","39.74"
"10","002","00","003","0315","0000","259","168","91","12","271","451","0","60.09","37.25"
"10","002","00","003","0315","0157","259","168","91","12","271","451","0","60.09","37.25"
"10","002","00","003","0316","0000","298","204","94","34","332","593","0","55.99","34.4"
"10","002","00","003","0316","0158","298","204","94","34","332","593","0","55.99","34.4"
"10","002","00","003","0317","0000","233","163","70","25","258","441","0","58.5","36.96"
"10","002","00","003","0317","0159","233","163","70","25","258","441","0","58.5","36.96"
"10","002","00","003","0318","0000","501","350","151","47","548","954","0","57.44","36.69"
"10","002","00","003","0318","0160","501","350","151","47","548","954","0","57.44","36.69"
"10","002","00","003","0319","0000","470","329","141","48","518","952","0","54.41","34.56"
"10","002","00","003","0319","0161","470","329","141","48","518","952","0","54.41","34.56"
"10","002","00","003","0320","0000","486","310","176","60","546","1125","0","48.53","27.56"
"10","002","00","003","0320","0162","486","310","176","60","546","1125","0","48.53","27.56"
"10","002","00","003","0321","0000","671","460","211","80","751","1469","0","51.12","31.31"
"10","002","00","003","0321","0163","378","263","115","52","430","763","0","56.36","34.47"
"10","002","00","003","0321","0164","293","197","96","28","321","706","0","45.47","27.9"
"10","002","00","003","0322","0000","458","328","130","59","517","1068","0","48.41","30.71"
"10","002","00","003","0322","0165","458","328","130","59","517","1068","0","48.41","30.71"
"10","002","00","003","0323","0000","599","379","220","117","716","1240","0","57.74","30.56"
"10","002","00","003","0323","0166","336","210","126","52","388","666","0","58.26","31.53"
"10","002","00","003","0323","0167","263","169","94","65","328","574","0","57.14","29.44"
"10","002","00","003","0324","0000","160","94","66","5","165","351","0","47.01","26.78"
"10","002","00","003","0324","0168","160","94","66","5","165","351","0","47.01","26.78"
"10","002","00","003","0325","0000","365","261","104","40","405","717","0","56.49","36.4"
"10","002","00","003","0325","0169","365","261","104","40","405","717","0","56.49","36.4"
"10","002","00","003","0326","0000","222","165","57","26","248","596","0","41.61","27.68"
"10","002","00","003","0326","0170","142","112","30","12","154","373","0","41.29","30.03"
"10","002","00","003","0326","0171","80","53","27","14","94","223","0","42.15","23.77"
"10","002","00","003","0327","0000","1491","1028","463","75","1566","2817","0","55.59","36.49"
"10","002","00","003","0327","0145","416","290","126","28","444","811","0","54.75","35.76"
"10","002","00","003","0327","0146","460","312","148","20","480","867","0","55.36","35.99"
"10","002","00","003","0327","0147","615","426","189","27","642","1139","0","56.37","37.4"
"10","002","00","004","0000","0000","12835","8612","4223","1004","13839","25135","29173","55.06","34.26"
"10","002","00","004","0401","0000","95","69","26","12","107","292","0","36.64","23.63"
"10","002","00","004","0401","0172","95","69","26","12","107","292","0","36.64","23.63"
"10","002","00","004","0402","0000","325","213","112","44","369","688","0","53.63","30.96"
"10","002","00","004","0402","0173","325","213","112","44","369","688","0","53.63","30.96"
"10","002","00","004","0403","0000","405","274","131","73","478","879","0","54.38","31.17"
"10","002","00","004","0403","0175","405","274","131","73","478","879","0","54.38","31.17"
"10","002","00","004","0404","0000","182","124","58","22","204","335","0","60.9","37.01"
"10","002","00","004","0404","0176","182","124","58","22","204","335","0","60.9","37.01"
"10","002","00","004","0405","0000","693","472","221","44","737","1356","0","54.35","34.81"
"10","002","00","004","0405","0177","371","261","110","22","393","624","0","62.98","41.83"
"10","002","00","004","0405","0178","322","211","111","22","344","732","0","46.99","28.83"
"10","002","00","004","0406","0000","389","250","139","30","419","892","0","46.97","28.03"
"10","002","00","004","0406","0179","389","250","139","30","419","892","0","46.97","28.03"
"10","002","00","004","0407","0000","288","183","105","25","313","690","0","45.36","26.52"
"10","002","00","004","0407","0180","288","183","105","25","313","690","0","45.36","26.52"
"10","002","00","004","0408","0000","806","527","279","57","863","1578","0","54.69","33.4"
"10","002","00","004","0408","0181","421","286","135","31","452","842","0","53.68","33.97"
"10","002","00","004","0408","0182","385","241","144","26","411","736","0","55.84","32.74"
"10","002","00","004","0409","0000","653","419","234","37","690","1348","0","51.19","31.08"
"10","002","00","004","0409","0183","386","252","134","17","403","788","0","51.14","31.98"
"10","002","00","004","0409","0184","267","167","100","20","287","560","0","51.25","29.82"
"10","002","00","004","0410","0000","402","292","110","23","425","712","0","59.69","41.01"
"10","002","00","004","0410","0185","402","292","110","23","425","712","0","59.69","41.01"
"10","002","00","004","0411","0000","302","215","87","20","322","502","0","64.14","42.83"
"10","002","00","004","0411","0186","302","215","87","20","322","502","0","64.14","42.83"
"10","002","00","004","0412","0000","332","214","118","27","359","569","0","63.09","37.61"
"10","002","00","004","0412","0187","332","214","118","27","359","569","0","63.09","37.61"
"10","002","00","004","0413","0000","336","236","100","25","361","633","0","57.03","37.28"
"10","002","00","004","0413","0188","336","236","100","25","361","633","0","57.03","37.28"
"10","002","00","004","0414","0000","956","640","316","78","1034","2167","0","47.72","29.53"
"10","002","00","004","0414","0189","494","328","166","44","538","1132","0","47.53","28.98"
"10","002","00","004","0414","0190","462","312","150","34","496","1035","0","47.92","30.14"
"10","002","00","004","0415","0000","1102","724","378","62","1164","2019","0","57.65","35.86"
"10","002","00","004","0415","0191","471","323","148","33","504","847","0","59.5","38.13"
"10","002","00","004","0415","0192","631","401","230","29","660","1172","0","56.31","34.22"
"10","002","00","004","0416","0000","1060","677","383","38","1098","1971","0","55.71","34.35"
"10","002","00","004","0416","0193","450","288","162","21","471","896","0","52.57","32.14"
"10","002","00","004","0416","0194","610","389","221","17","627","1075","0","58.33","36.19"
"10","002","00","004","0417","0000","503","326","177","46","549","931","0","58.97","35.02"
"10","002","00","004","0417","0195","503","326","177","46","549","931","0","58.97","35.02"
"10","002","00","004","0418","0000","848","599","249","65","913","1730","0","52.77","34.62"
"10","002","00","004","0418","0196","524","372","152","38","562","1021","0","55.04","36.43"
"10","002","00","004","0418","0197","324","227","97","27","351","709","0","49.51","32.02"
"10","002","00","004","0419","0000","407","282","125","35","442","689","0","64.15","40.93"
"10","002","00","004","0419","0198","407","282","125","35","442","689","0","64.15","40.93"
"10","002","00","004","0420","0000","733","490","243","66","799","1374","0","58.15","35.66"
"10","002","00","004","0420","0199","346","226","120","38","384","615","0","62.44","36.75"
"10","002","00","004","0420","0200","387","264","123","28","415","759","0","54.68","34.78"
"10","002","00","004","0421","0000","516","352","164","48","564","917","0","61.5","38.39"
"10","002","00","004","0421","0201","516","352","164","48","564","917","0","61.5","38.39"
"10","002","00","004","0422","0000","542","370","172","58","600","1045","0","57.42","35.41"
"10","002","00","004","0422","0202","542","370","172","58","600","1045","0","57.42","35.41"
"10","002","00","004","0423","0000","592","412","180","43","635","1130","0","56.19","36.46"
"10","002","00","004","0423","0203","592","412","180","43","635","1130","0","56.19","36.46"
"10","002","00","004","0424","0000","368","252","116","26","394","688","0","57.27","36.63"
"10","002","00","004","0424","0174","368","252","116","26","394","688","0","57.27","36.63"
"10","002","00","005","0000","0000","15907","10409","5498","970","16877","31084","35668","54.29","33.49"
"10","002","00","005","0501","0000","779","519","260","50","829","1627","0","50.95","31.9"
"10","002","00","005","0501","0204","526","358","168","36","562","1122","0","50.09","31.91"
"10","002","00","005","0501","0205","253","161","92","14","267","505","0","52.87","31.88"
"10","002","00","005","0502","0000","982","640","342","51","1033","1959","0","52.73","32.67"
"10","002","00","005","0502","0206","488","333","155","25","513","988","0","51.92","33.7"
"10","002","00","005","0502","0207","494","307","187","26","520","971","0","53.55","31.62"
"10","002","00","005","0503","0000","1853","1198","655","71","1924","4033","0","47.71","29.7"
"10","002","00","005","0503","0208","592","389","203","31","623","1246","0","50.0","31.22"
"10","002","00","005","0503","0209","762","499","263","24","786","1655","0","47.49","30.15"
"10","002","00","005","0503","0210","499","310","189","16","515","1132","0","45.49","27.39"
"10","002","00","005","0504","0000","1319","870","449","83","1402","2559","0","54.79","34.0"
"10","002","00","005","0504","0211","423","275","148","21","444","783","0","56.7","35.12"
"10","002","00","005","0504","0212","474","308","166","26","500","928","0","53.88","33.19"
"10","002","00","005","0504","0213","422","287","135","36","458","848","0","54.01","33.84"
"10","002","00","005","0505","0000","393","258","135","28","421","663","0","63.5","38.91"
"10","002","00","005","0505","0214","393","258","135","28","421","663","0","63.5","38.91"
"10","002","00","005","0506","0000","780","535","245","42","822","1441","0","57.04","37.13"
"10","002","00","005","0506","0215","332","228","104","16","348","608","0","57.24","37.5"
"10","002","00","005","0506","0216","448","307","141","26","474","833","0","56.9","36.85"
"10","002","00","005","0507","0000","558","335","223","26","584","1233","0","47.36","27.17"
"10","002","00","005","0507","0217","558","335","223","26","584","1233","0","47.36","27.17"
"10","002","00","005","0508","0000","720","469","251","63","783","1429","0","54.79","32.82"
"10","002","00","005","0508","0218","438","286","152","42","480","854","0","56.21","33.49"
"10","002","00","005","0508","0219","282","183","99","21","303","575","0","52.7","31.83"
"10","002","00","005","0509","0000","1135","724","411","82","1217","2140","0","56.87","33.83"
"10","002","00","005","0509","0220","430","261","169","39","469","835","0","56.17","31.26"
"10","002","00","005","0509","0221","705","463","242","43","748","1305","0","57.32","35.48"
"10","002","00","005","0510","0000","1237","795","442","111","1348","2402","0","56.12","33.1"
"10","002","00","005","0510","0222","422","270","152","39","461","830","0","55.54","32.53"
"10","002","00","005","0510","0223","394","248","146","34","428","649","0","65.95","38.21"
"10","002","00","005","0510","0224","421","277","144","38","459","923","0","49.73","30.01"
"10","002","00","005","0511","0000","525","342","183","34","559","1177","0","47.49","29.06"
"10","002","00","005","0511","0225","525","342","183","34","559","1177","0","47.49","29.06"
"10","002","00","005","0512","0000","436","292","144","27","463","840","0","55.12","34.76"
"10","002","00","005","0512","0226","436","292","144","27","463","840","0","55.12","34.76"
"10","002","00","005","0513","0000","569","370","199","30","599","1051","0","56.99","35.2"
"10","002","00","005","0513","0227","569","370","199","30","599","1051","0","56.99","35.2"
"10","002","00","005","0514","0000","655","432","223","30","685","1339","0","51.16","32.26"
"10","002","00","005","0514","0228","655","432","223","30","685","1339","0","51.16","32.26"
"10","002","00","005","0515","0000","1428","989","439","69","1497","2508","0","59.69","39.43"
"10","002","00","005","0515","0229","672","470","202","35","707","1194","0","59.21","39.36"
"10","002","00","005","0515","0230","756","519","237","34","790","1314","0","60.12","39.5"
"10","002","00","005","0516","0000","1771","1138","633","124","1895","3311","0","57.23","34.37"
"10","002","00","005","0516","0231","591","350","241","31","622","1125","0","55.29","31.11"
"10","002","00","005","0516","0232","673","451","222","51","724","1207","0","59.98","37.37"
"10","002","00","005","0516","0233","507","337","170","42","549","979","0","56.08","34.42"
"10","002","00","005","0517","0000","543","356","187","41","584","954","0","61.22","37.32"
"10","002","00","005","0517","0234","543","356","187","41","584","954","0","61.22","37.32"
"10","002","00","005","0518","0000","224","147","77","8","232","418","0","55.5","35.17"
"10","002","00","005","0518","0235","224","147","77","8","232","418","0","55.5","35.17"
"10","002","00","006","0000","0000","11676","7858","3818","868","12544","21447","24315","58.49","36.64"
"10","002","00","006","0601","0000","1400","945","455","101","1501","2484","0","60.43","38.04"
"10","002","00","006","0601","0236","793","534","259","76","869","1435","0","60.56","37.21"
"10","002","00","006","0601","0237","607","411","196","25","632","1049","0","60.25","39.18"
"10","002","00","006","0602","0000","969","647","322","79","1048","1835","0","57.11","35.26"
"10","002","00","006","0602","0239","457","312","145","48","505","868","0","58.18","35.94"
"10","002","00","006","0602","0240","512","335","177","31","543","967","0","56.15","34.64"
"10","002","00","006","0603","0000","532","354","178","55","587","940","0","62.45","37.66"
"10","002","00","006","0603","0241","532","354","178","55","587","940","0","62.45","37.66"
"10","002","00","006","0604","0000","460","318","142","25","485","975","0","49.74","32.62"
"10","002","00","006","0604","0242","460","318","142","25","485","975","0","49.74","32.62"
"10","002","00","006","0605","0000","885","613","272","76","961","1605","0","59.88","38.19"
"10","002","00","006","0605","0243","439","294","145","49","488","797","0","61.23","36.89"
"10","002","00","006","0605","0244","446","319","127","27","473","808","0","58.54","39.48"
"10","002","00","006","0606","0000","789","525","264","74","863","1523","0","56.66","34.47"
"10","002","00","006","0606","0245","499","323","176","50","549","911","0","60.26","35.46"
"10","002","00","006","0606","0246","290","202","88","24","314","612","0","51.31","33.01"
"10","002","00","006","0607","0000","462","323","139","39","501","790","0","63.42","40.89"
"10","002","00","006","0607","0247","462","323","139","39","501","790","0","63.42","40.89"
"10","002","00","006","0608","0000","1325","889","436","84","1409","2338","0","60.27","38.02"
"10","002","00","006","0608","0248","495","337","158","34","529","878","0","60.25","38.38"
"10","002","00","006","0608","0249","445","286","159","32","477","723","0","65.98","39.56"
"10","002","00","006","0608","0250","385","266","119","18","403","737","0","54.68","36.09"
"10","002","00","006","0609","0000","853","565","288","47","900","1581","0","56.93","35.74"
"10","002","00","006","0609","0251","375","248","127","39","414","686","0","60.35","36.15"
"10","002","00","006","0609","0252","478","317","161","8","486","895","0","54.3","35.42"
"10","002","00","006","0610","0000","702","494","208","55","757","1237","0","61.2","39.94"
"10","002","00","006","0610","0253","702","494","208","55","757","1237","0","61.2","39.94"
"10","002","00","006","0611","0000","1192","777","415","81","1273","2241","0","56.8","34.67"
"10","002","00","006","0611","0254","604","383","221","48","652","1134","0","57.5","33.77"
"10","002","00","006","0611","0255","588","394","194","33","621","1107","0","56.1","35.59"
"10","002","00","006","0612","0000","605","424","181","43","648","1057","0","61.31","40.11"
"10","002","00","006","0612","0256","605","424","181","43","648","1057","0","61.31","40.11"
"10","002","00","006","0613","0000","889","571","318","64","953","1773","0","53.75","32.21"
"10","002","00","006","0613","0257","514","335","179","35","549","1051","0","52.24","31.87"
"10","002","00","006","0613","0258","375","236","139","29","404","722","0","55.96","32.69"
"10","002","00","006","0614","0000","613","413","200","45","658","1068","0","61.61","38.67"
"10","002","00","006","0614","0238","613","413","200","45","658","1068","0","61.61","38.67"
"10","002","00","007","0000","0000","14341","9477","4864","968","15309","28131","32281","54.42","33.69"
"10","002","00","007","0701","0000","2879","1918","961","132","3011","5648","0","53.31","33.96"
"10","002","00","007","0701","0259","741","487","254","24","765","1393","0","54.92","34.96"
"10","002","00","007","0701","0260","448","275","173","17","465","895","0","51.96","30.73"
"10","002","00","007","0701","0261","624","448","176","42","666","1231","0","54.1","36.39"
"10","002","00","007","0701","0262","544","349","195","24","568","1098","0","51.73","31.79"
"10","002","00","007","0701","0263","522","359","163","25","547","1031","0","53.06","34.82"
"10","002","00","007","0702","0000","1033","648","385","82","1115","2198","0","50.73","29.48"
"10","002","00","007","0702","0264","508","348","160","49","557","1030","0","54.08","33.79"
"10","002","00","007","0702","0265","525","300","225","33","558","1168","0","47.77","25.68"
"10","002","00","007","0703","0000","837","541","296","74","911","1587","0","57.4","34.09"
"10","002","00","007","0703","0266","422","284","138","42","464","809","0","57.35","35.11"
"10","002","00","007","0703","0267","415","257","158","32","447","778","0","57.46","33.03"
"10","002","00","007","0704","0000","799","532","267","48","847","1465","0","57.82","36.31"
"10","002","00","007","0704","0268","799","532","267","48","847","1465","0","57.82","36.31"
"10","002","00","007","0705","0000","998","672","326","70","1068","1839","0","58.08","36.54"
"10","002","00","007","0705","0269","544","357","187","41","585","979","0","59.75","36.47"
"10","002","00","007","0705","0270","454","315","139","29","483","860","0","56.16","36.63"
"10","002","00","007","0706","0000","550","304","246","50","600","1205","0","49.79","25.23"
"10","002","00","007","0706","0271","550","304","246","50","600","1205","0","49.79","25.23"
"10","002","00","007","0707","0000","802","559","243","54","856","1494","0","57.3","37.42"
"10","002","00","007","0707","0272","572","400","172","37","609","1082","0","56.28","36.97"
"10","002","00","007","0707","0273","230","159","71","17","247","412","0","59.95","38.59"
"10","002","00","007","0708","0000","295","212","83","15","310","635","0","48.82","33.39"
"10","002","00","007","0708","0274","195","135","60","11","206","403","0","51.12","33.5"
"10","002","00","007","0708","0275","100","77","23","4","104","232","0","44.83","33.19"
"10","002","00","007","0709","0000","945","616","329","69","1014","1838","0","55.17","33.51"
"10","002","00","007","0709","0276","483","312","171","29","512","944","0","54.24","33.05"
"10","002","00","007","0709","0277","462","304","158","40","502","894","0","56.15","34.0"
"10","002","00","007","0710","0000","728","526","202","30","758","1356","0","55.9","38.79"
"10","002","00","007","0710","0278","728","526","202","30","758","1356","0","55.9","38.79"
"10","002","00","007","0711","0000","1254","834","420","102","1356","2295","0","59.08","36.34"
"10","002","00","007","0711","0279","425","285","140","34","459","780","0","58.85","36.54"
"10","002","00","007","0711","0280","551","375","176","39","590","932","0","63.3","40.24"
"10","002","00","007","0711","0281","278","174","104","29","307","583","0","52.66","29.85"
"10","002","00","007","0712","0000","1272","878","394","79","1351","2435","0","55.48","36.06"
"10","002","00","007","0712","0282","478","352","126","26","504","900","0","56.0","39.11"
"10","002","00","007","0712","0283","394","262","132","19","413","747","0","55.29","35.07"
"10","002","00","007","0712","0284","400","264","136","34","434","788","0","55.08","33.5"
"10","002","00","007","0713","0000","428","271","157","40","468","884","0","52.94","30.66"
"10","002","00","007","0713","0285","428","271","157","40","468","884","0","52.94","30.66"
"10","002","00","007","0714","0000","426","278","148","19","445","857","0","51.93","32.44"
"10","002","00","007","0714","0286","426","278","148","19","445","857","0","51.93","32.44"
"10","002","00","007","0715","0000","499","319","180","26","525","1016","0","51.67","31.4"
"10","002","00","007","0715","0287","499","319","180","26","525","1016","0","51.67","31.4"
"10","002","00","007","0716","0000","596","369","227","78","674","1379","0","48.88","26.76"
"10","002","00","007","0716","0288","284","168","116","24","308","690","0","44.64","24.35"
"10","002","00","007","0716","0289","312","201","111","54","366","689","0","53.12","29.17"
"10","002","00","008","0000","0000","23193","15402","7791","1246","24439","45405","52843","53.82","33.92"
"10","002","00","008","0801","0000","613","404","209","35","648","1217","0","53.25","33.2"
"10","002","00","008","0801","0312","613","404","209","35","648","1217","0","53.25","33.2"
"10","002","00","008","0802","0000","919","601","318","53","972","1624","0","59.85","37.01"
"10","002","00","008","0802","0290","451","296","155","35","486","807","0","60.22","36.68"
"10","002","00","008","0802","0291","468","305","163","18","486","817","0","59.49","37.33"
"10","002","00","008","0803","0000","621","402","219","38","659","1156","0","57.01","34.78"
"10","002","00","008","0803","0292","621","402","219","38","659","1156","0","57.01","34.78"
"10","002","00","008","0804","0000","458","310","148","27","485","892","0","54.37","34.75"
"10","002","00","008","0804","0293","458","310","148","27","485","892","0","54.37","34.75"
"10","002","00","008","0805","0000","500","319","181","29","529","897","0","58.97","35.56"
"10","002","00","008","0805","0294","500","319","181","29","529","897","0","58.97","35.56"
"10","002","00","008","0806","0000","781","524","257","49","830","1392","0","59.63","37.64"
"10","002","00","008","0806","0295","781","524","257","49","830","1392","0","59.63","37.64"
"10","002","00","008","0807","0000","1466","918","548","65","1531","2906","0","52.68","31.59"
"10","002","00","008","0807","0296","808","474","334","35","843","1471","0","57.31","32.22"
"10","002","00","008","0807","0297","658","444","214","30","688","1435","0","47.94","30.94"
"10","002","00","008","0808","0000","1562","1009","553","77","1639","2975","0","55.09","33.92"
"10","002","00","008","0808","0298","743","478","265","48","791","1519","0","52.07","31.47"
"10","002","00","008","0808","0299","819","531","288","29","848","1456","0","58.24","36.47"
"10","002","00","008","0809","0000","379","252","127","28","407","694","0","58.65","36.31"
"10","002","00","008","0809","0301","379","252","127","28","407","694","0","58.65","36.31"
"10","002","00","008","0810","0000","409","265","144","31","440","711","0","61.88","37.27"
"10","002","00","008","0810","0300","409","265","144","31","440","711","0","61.88","37.27"
"10","002","00","008","0811","0000","920","608","312","44","964","1526","0","63.17","39.84"
"10","002","00","008","0811","0302","920","608","312","44","964","1526","0","63.17","39.84"
"10","002","00","008","0812","0000","469","285","184","23","492","884","0","55.66","32.24"
"10","002","00","008","0812","0303","469","285","184","23","492","884","0","55.66","32.24"
"10","002","00","008","0813","0000","454","423","31","63","517","1465","0","35.29","28.87"
"10","002","00","008","0813","0304","454","423","31","63","517","1465","0","35.29","28.87"
"10","002","00","008","0814","0000","269","174","95","16","285","488","0","58.4","35.66"
"10","002","00","008","0814","0305","269","174","95","16","285","488","0","58.4","35.66"
"10","002","00","008","0815","0000","2412","1675","737","145","2557","4993","0","51.21","33.55"
"10","002","00","008","0815","0306","608","445","163","40","648","1218","0","53.2","36.54"
"10","002","00","008","0815","0307","630","429","201","33","663","1291","0","51.36","33.23"
"10","002","00","008","0815","0308","639","441","198","32","671","1324","0","50.68","33.31"
"10","002","00","008","0815","0309","535","360","175","40","575","1160","0","49.57","31.03"
"10","002","00","008","0816","0000","1510","1002","508","77","1587","3000","0","52.9","33.4"
"10","002","00","008","0816","0310","632","425","207","42","674","1246","0","54.09","34.11"
"10","002","00","008","0816","0311","878","577","301","35","913","1754","0","52.05","32.9"
"10","002","00","008","0817","0000","2289","1486","803","112","2401","4651","0","51.62","31.95"
"10","002","00","008","0817","0313","689","444","245","32","721","1495","0","48.23","29.7"
"10","002","00","008","0817","0314","485","312","173","26","511","937","0","54.54","33.3"
"10","002","00","008","0817","0315","565","365","200","19","584","1101","0","53.04","33.15"
"10","002","00","008","0817","0316","550","365","185","35","585","1118","0","52.33","32.65"
"10","002","00","008","0818","0000","2029","1313","716","86","2115","3732","0","56.67","35.18"
"10","002","00","008","0818","0317","721","472","249","29","750","1301","0","57.65","36.28"
"10","002","00","008","0818","0318","634","406","228","24","658","1225","0","53.71","33.14"
"10","002","00","008","0818","0319","674","435","239","33","707","1206","0","58.62","36.07"
"10","002","00","008","0819","0000","1204","791","413","51","1255","2429","0","51.67","32.56"
"10","002","00","008","0819","0320","625","409","216","26","651","1278","0","50.94","32.0"
"10","002","00","008","0819","0321","579","382","197","25","604","1151","0","52.48","33.19"
"10","002","00","008","0820","0000","502","351","151","40","542","1094","0","49.54","32.08"
"10","002","00","008","0820","0322","502","351","151","40","542","1094","0","49.54","32.08"
"10","002","00","008","0821","0000","1263","853","410","72","1335","2494","0","53.53","34.2"
"10","002","00","008","0821","0323","667","443","224","39","706","1247","0","56.62","35.53"
"10","002","00","008","0821","0324","596","410","186","33","629","1247","0","50.44","32.88"
"10","002","00","008","0822","0000","920","628","292","39","959","1677","0","57.19","37.45"
"10","002","00","008","0822","0325","517","342","175","19","536","979","0","54.75","34.93"
"10","002","00","008","0822","0326","403","286","117","20","423","698","0","60.6","40.97"
"10","002","00","008","0823","0000","892","581","311","26","918","1726","0","53.19","33.66"
"10","002","00","008","0823","0327","892","581","311","26","918","1726","0","53.19","33.66"
"10","002","00","008","0824","0000","352","228","124","20","372","782","0","47.57","29.16"
"10","002","00","008","0824","0328","352","228","124","20","372","782","0","47.57","29.16"
"10","002","00","009","0000","0000","17868","11876","5992","967","18835","34892","39577","53.98","34.04"
"10","002","00","009","0901","0000","1007","664","343","56","1063","2020","0","52.62","32.87"
"10","002","00","009","0901","0329","523","359","164","37","560","1076","0","52.04","33.36"
"10","002","00","009","0901","0330","484","305","179","19","503","944","0","53.28","32.31"
"10","002","00","009","0902","0000","994","675","319","37","1031","1773","0","58.15","38.07"
"10","002","00","009","0902","0331","476","348","128","17","493","836","0","58.97","41.63"
"10","002","00","009","0902","0332","518","327","191","20","538","937","0","57.42","34.9"
"10","002","00","009","0903","0000","1293","837","456","56","1349","2525","0","53.43","33.15"
"10","002","00","009","0903","0333","644","420","224","20","664","1255","0","52.91","33.47"
"10","002","00","009","0903","0334","649","417","232","36","685","1270","0","53.94","32.83"
"10","002","00","009","0904","0000","785","511","274","50","835","1603","0","52.09","31.88"
"10","002","00","009","0904","0335","390","269","121","26","416","801","0","51.94","33.58"
"10","002","00","009","0904","0336","395","242","153","24","419","802","0","52.24","30.17"
"10","002","00","009","0905","0000","615","408","207","37","652","1306","0","49.92","31.24"
"10","002","00","009","0905","0337","615","408","207","37","652","1306","0","49.92","31.24"
"10","002","00","009","0906","0000","1295","839","456","48","1343","2506","0","53.59","33.48"
"10","002","00","009","0906","0338","600","395","205","29","629","1190","0","52.86","33.19"
"10","002","00","009","0906","0339","695","444","251","19","714","1316","0","54.26","33.74"
"10","002","00","009","0907","0000","947","642","305","43","990","1779","0","55.65","36.09"
"10","002","00","009","0907","0340","530","364","166","21","551","965","0","57.1","37.72"
"10","002","00","009","0907","0341","417","278","139","22","439","814","0","53.93","34.15"
"10","002","00","009","0908","0000","1921","1285","636","72","1993","3637","0","54.8","35.33"
"10","002","00","009","0908","0342","624","421","203","27","651","1254","0","51.91","33.57"
"10","002","00","009","0908","0343","582","402","180","21","603","1060","0","56.89","37.92"
"10","002","00","009","0908","0344","715","462","253","24","739","1323","0","55.86","34.92"
"10","002","00","009","0909","0000","1957","1341","616","83","2040","3591","0","56.81","37.34"
"10","002","00","009","0909","0348","524","353","171","13","537","924","0","58.12","38.2"
"10","002","00","009","0909","0349","541","367","174","26","567","933","0","60.77","39.34"
"10","002","00","009","0909","0350","508","361","147","20","528","986","0","53.55","36.61"
"10","002","00","009","0909","0351","384","260","124","24","408","748","0","54.55","34.76"
"10","002","00","009","0910","0000","1673","1086","587","94","1767","3233","0","54.66","33.59"
"10","002","00","009","0910","0345","607","410","197","34","641","1120","0","57.23","36.61"
"10","002","00","009","0910","0346","467","315","152","14","481","893","0","53.86","35.27"
"10","002","00","009","0910","0347","599","361","238","46","645","1220","0","52.87","29.59"
"10","002","00","009","0911","0000","774","523","251","64","838","1550","0","54.06","33.74"
"10","002","00","009","0911","0352","774","523","251","64","838","1550","0","54.06","33.74"
"10","002","00","009","0912","0000","766","521","245","42","808","1435","0","56.31","36.31"
"10","002","00","009","0912","0353","343","238","105","21","364","629","0","57.87","37.84"
"10","002","00","009","0912","0354","423","283","140","21","444","806","0","55.09","35.11"
"10","002","00","009","0913","0000","1004","665","339","66","1070","2022","0","52.92","32.89"
"10","002","00","009","0913","0355","469","287","182","33","502","956","0","52.51","30.02"
"10","002","00","009","0913","0356","535","378","157","33","568","1066","0","53.28","35.46"
"10","002","00","009","0914","0000","1483","989","494","98","1581","3079","0","51.35","32.12"
"10","002","00","009","0914","0357","694","468","226","57","751","1513","0","49.64","30.93"
"10","002","00","009","0914","0358","789","521","268","41","830","1566","0","53.0","33.27"
"10","002","00","009","0915","0000","1354","890","464","121","1475","2833","0","52.06","31.42"
"10","002","00","009","0915","0359","456","307","149","40","496","894","0","55.48","34.34"
"10","002","00","009","0915","0360","534","339","195","49","583","1235","0","47.21","27.45"
"10","002","00","009","0915","0361","364","244","120","32","396","704","0","56.25","34.66"
"10","002","00","010","0000","0000","9489","6484","3005","588","10077","19051","21391","52.89","34.03"
"10","002","00","010","1001","0000","109","78","31","10","119","215","0","55.35","36.28"
"10","002","00","010","1001","0362","109","78","31","10","119","215","0","55.35","36.28"
"10","002","00","010","1002","0000","223","169","54","18","241","523","0","46.08","32.31"
"10","002","00","010","1002","0363","223","169","54","18","241","523","0","46.08","32.31"
"10","002","00","010","1003","0000","370","223","147","20","390","745","0","52.35","29.93"
"10","002","00","010","1003","0364","370","223","147","20","390","745","0","52.35","29.93"
"10","002","00","010","1004","0000","300","215","85","27","327","583","0","56.09","36.88"
"10","002","00","010","1004","0368","300","215","85","27","327","583","0","56.09","36.88"
"10","002","00","010","1005","0000","217","169","48","18","235","436","0","53.9","38.76"
"10","002","00","010","1005","0369","217","169","48","18","235","436","0","53.9","38.76"
"10","002","00","010","1006","0000","618","416","202","34","652","1224","0","53.27","33.99"
"10","002","00","010","1006","0370","618","416","202","34","652","1224","0","53.27","33.99"
"10","002","00","010","1007","0000","554","381","173","28","582","1151","0","50.56","33.1"
"10","002","00","010","1007","0371","554","381","173","28","582","1151","0","50.56","33.1"
"10","002","00","010","1008","0000","457","306","151","22","479","870","0","55.06","35.17"
"10","002","00","010","1008","0372","457","306","151","22","479","870","0","55.06","35.17"
"10","002","00","010","1009","0000","507","364","143","30","537","1284","0","41.82","28.35"
"10","002","00","010","1009","0373","507","364","143","30","537","1284","0","41.82","28.35"
"10","002","00","010","1010","0000","2142","1447","695","115","2257","4286","0","52.66","33.76"
"10","002","00","010","1010","0375","731","507","224","44","775","1439","0","53.86","35.23"
"10","002","00","010","1010","0376","704","453","251","34","738","1445","0","51.07","31.35"
"10","002","00","010","1010","0377","707","487","220","37","744","1402","0","53.07","34.74"
"10","002","00","010","1011","0000","493","325","168","40","533","897","0","59.42","36.23"
"10","002","00","010","1011","0374","493","325","168","40","533","897","0","59.42","36.23"
"10","002","00","010","1012","0000","304","214","90","17","321","617","0","52.03","34.68"
"10","002","00","010","1012","0365","304","214","90","17","321","617","0","52.03","34.68"
"10","002","00","010","1013","0000","255","175","80","12","267","497","0","53.72","35.21"
"10","002","00","010","1013","0366","255","175","80","12","267","497","0","53.72","35.21"
"10","002","00","010","1014","0000","375","249","126","40","415","735","0","56.46","33.88"
"10","002","00","010","1014","0367","375","249","126","40","415","735","0","56.46","33.88"
"10","002","00","010","1015","0000","619","406","213","30","649","1230","0","52.76","33.01"
"10","002","00","010","1015","0378","619","406","213","30","649","1230","0","52.76","33.01"
"10","002","00","010","1016","0000","396","284","112","36","432","774","0","55.81","36.69"
"10","002","00","010","1016","0379","396","284","112","36","432","774","0","55.81","36.69"
"10","002","00","010","1017","0000","838","551","287","52","890","1563","0","56.94","35.25"
"10","002","00","010","1017","0380","452","304","148","30","482","827","0","58.28","36.76"
"10","002","00","010","1017","0381","386","247","139","22","408","736","0","55.43","33.56"
"10","002","00","010","1018","0000","712","512","200","39","751","1421","0","52.85","36.03"
"10","002","00","010","1018","0382","712","512","200","39","751","1421","0","52.85","36.03"
"10","002","00","011","0000","0000","3419","2772","647","138","3557","4935","6247","72.08","56.17"
"10","002","00","011","1101","0000","552","442","110","28","580","893","0","64.95","49.5"
"10","002","00","011","1101","0383","552","442","110","28","580","893","0","64.95","49.5"
"10","002","00","011","1102","0000","450","347","103","12","462","632","0","73.1","54.91"
"10","002","00","011","1102","0384","450","347","103","12","462","632","0","73.1","54.91"
"10","002","00","011","1103","0000","445","357","88","16","461","684","0","67.4","52.19"
"10","002","00","011","1103","0385","445","357","88","16","461","684","0","67.4","52.19"
"10","002","00","011","1104","0000","166","117","49","11","177","264","0","67.05","44.32"
"10","002","00","011","1104","0386","166","117","49","11","177","264","0","67.05","44.32"
"10","002","00","011","1105","0000","224","191","33","7","231","337","0","68.55","56.68"
"10","002","00","011","1105","0387","224","191","33","7","231","337","0","68.55","56.68"
"10","002","00","011","1106","0000","316","271","45","11","327","404","0","80.94","67.08"
"10","002","00","011","1106","0388","316","271","45","11","327","404","0","80.94","67.08"
"10","002","00","011","1107","0000","24","16","8","3","27","55","0","49.09","29.09"
"10","002","00","011","1107","0389","24","16","8","3","27","55","0","49.09","29.09"
"10","002","00","011","1108","0000","597","499","98","19","616","787","0","78.27","63.41"
"10","002","00","011","1108","0391","597","499","98","19","616","787","0","78.27","63.41"
"10","002","00","011","1109","0000","499","422","77","21","520","680","0","76.47","62.06"
"10","002","00","011","1109","0392","499","422","77","21","520","680","0","76.47","62.06"
"10","002","00","011","1110","0000","146","110","36","10","156","199","0","78.39","55.28"
"10","002","00","011","1110","0390","146","110","36","10","156","199","0","78.39","55.28"
"10","002","00","012","0000","0000","2750","2199","551","144","2894","4644","6024","62.32","47.35"
"10","002","00","012","1201","0000","588","462","126","26","614","1210","0","50.74","38.18"
"10","002","00","012","1201","0394","588","462","126","26","614","1210","0","50.74","38.18"
"10","002","00","012","1202","0000","602","503","99","39","641","962","0","66.63","52.29"
"10","002","00","012","1202","0395","602","503","99","39","641","962","0","66.63","52.29"
"10","002","00","012","1203","0000","281","246","35","5","286","444","0","64.41","55.41"
"10","002","00","012","1203","0393","281","246","35","5","286","444","0","64.41","55.41"
"10","002","00","012","1204","0000","244","195","49","11","255","411","0","62.04","47.45"
"10","002","00","012","1204","0396","244","195","49","11","255","411","0","62.04","47.45"
"10","002","00","012","1205","0000","301","237","64","14","315","447","0","70.47","53.02"
"10","002","00","012","1205","0397","301","237","64","14","315","447","0","70.47","53.02"
"10","002","00","012","1206","0000","346","261","85","22","368","475","0","77.47","54.95"
"10","002","00","012","1206","0398","346","261","85","22","368","475","0","77.47","54.95"
"10","002","00","012","1207","0000","388","295","93","27","415","695","0","59.71","42.45"
"10","002","00","012","1207","0399","388","295","93","27","415","695","0","59.71","42.45"
"10","015","00","000","0000","0000","139570","99444","40126","8244","147814","278059","328331","53.16","35.76"
"10","015","00","001","0000","0000","43813","30824","12989","1967","45780","84807","103798","53.98","36.35"
"10","015","00","001","0101","0000","730","521","209","22","752","1512","0","49.74","34.46"
"10","015","00","001","0101","0019","730","521","209","22","752","1512","0","49.74","34.46"
"10","015","00","001","0102","0000","1056","757","299","63","1119","1996","0","56.06","37.93"
"10","015","00","001","0102","0014","547","399","148","43","590","1071","0","55.09","37.25"
"10","015","00","001","0102","0015","509","358","151","20","529","925","0","57.19","38.7"
"10","015","00","001","0103","0000","237","167","70","10","247","442","0","55.88","37.78"
"10","015","00","001","0103","0023","237","167","70","10","247","442","0","55.88","37.78"
"10","015","00","001","0104","0000","285","195","90","25","310","566","0","54.77","34.45"
"10","015","00","001","0104","0029","285","195","90","25","310","566","0","54.77","34.45"
"10","015","00","001","0105","0000","311","224","87","15","326","565","0","57.7","39.65"
"10","015","00","001","0105","0031","311","224","87","15","326","565","0","57.7","39.65"
"10","015","00","001","0106","0000","1536","1101","435","96","1632","2983","0","54.71","36.91"
"10","015","00","001","0106","0033","445","312","133","33","478","911","0","52.47","34.25"
"10","015","00","001","0106","0034","501","366","135","37","538","1029","0","52.28","35.57"
"10","015","00","001","0106","0035","590","423","167","26","616","1043","0","59.06","40.56"
"10","015","00","001","0107","0000","761","520","241","39","800","1840","0","43.48","28.26"
"10","015","00","001","0107","0052","476","316","160","23","499","1339","0","37.27","23.6"
"10","015","00","001","0107","0053","285","204","81","16","301","501","0","60.08","40.72"
"10","015","00","001","0108","0000","1799","1299","500","92","1891","3241","0","58.35","40.08"
"10","015","00","001","0108","0049","613","427","186","31","644","1022","0","63.01","41.78"
"10","015","00","001","0108","0050","604","443","161","33","637","1135","0","56.12","39.03"
"10","015","00","001","0108","0051","582","429","153","28","610","1084","0","56.27","39.58"
"10","015","00","001","0109","0000","855","598","257","11","866","1522","0","56.9","39.29"
"10","015","00","001","0109","0001","855","598","257","11","866","1522","0","56.9","39.29"
"10","015","00","001","0110","0000","938","695","243","57","995","2029","0","49.04","34.25"
"10","015","00","001","0110","0005","228","152","76","11","239","470","0","50.85","32.34"
"10","015","00","001","0110","0006","404","299","105","32","436","838","0","52.03","35.68"
"10","015","00","001","0110","0007","306","244","62","14","320","721","0","44.38","33.84"
"10","015","00","001","0112","0000","263","193","70","10","273","469","0","58.21","41.15"
"10","015","00","001","0112","0030","263","193","70","10","273","469","0","58.21","41.15"
"10","015","00","001","0113","0000","288","200","88","21","309","538","0","57.43","37.17"
"10","015","00","001","0113","0028","288","200","88","21","309","538","0","57.43","37.17"
"10","015","00","001","0114","0000","1922","1330","592","73","1995","3514","0","56.77","37.85"
"10","015","00","001","0114","0038","717","493","224","36","753","1331","0","56.57","37.04"
"10","015","00","001","0114","0039","679","466","213","15","694","1228","0","56.51","37.95"
"10","015","00","001","0114","0040","526","371","155","22","548","955","0","57.38","38.85"
"10","015","00","001","0115","0000","490","356","134","16","506","904","0","55.97","39.38"
"10","015","00","001","0115","0054","490","356","134","16","506","904","0","55.97","39.38"
"10","015","00","001","0116","0000","2587","1836","751","116","2703","5074","0","53.27","36.18"
"10","015","00","001","0116","0069","662","474","188","35","697","1410","0","49.43","33.62"
"10","015","00","001","0116","0070","677","470","207","20","697","1303","0","53.49","36.07"
"10","015","00","001","0116","0071","652","455","197","21","673","1256","0","53.58","36.23"
"10","015","00","001","0116","0072","596","437","159","40","636","1105","0","57.56","39.55"
"10","015","00","001","0117","0000","1991","1402","589","85","2076","3583","0","57.94","39.13"
"10","015","00","001","0117","0016","666","465","201","47","713","1141","0","62.49","40.75"
"10","015","00","001","0117","0017","600","431","169","16","616","1163","0","52.97","37.06"
"10","015","00","001","0117","0018","725","506","219","22","747","1279","0","58.41","39.56"
"10","015","00","001","0118","0000","1720","1208","512","47","1767","3181","0","55.55","37.98"
"10","015","00","001","0118","0002","636","448","188","16","652","1114","0","58.53","40.22"
"10","015","00","001","0118","0003","359","265","94","18","377","670","0","56.27","39.55"
"10","015","00","001","0118","0004","725","495","230","13","738","1397","0","52.83","35.43"
"10","015","00","001","0119","0000","556","392","164","23","579","1114","0","51.97","35.19"
"10","015","00","001","0119","0024","556","392","164","23","579","1114","0","51.97","35.19"
"10","015","00","001","0120","0000","333","229","104","21","354","577","0","61.35","39.69"
"10","015","00","001","0120","0026","333","229","104","21","354","577","0","61.35","39.69"
"10","015","00","001","0121","0000","983","661","322","48","1031","1835","0","56.19","36.02"
"10","015","00","001","0121","0036","472","315","157","23","495","856","0","57.83","36.8"
"10","015","00","001","0121","0037","511","346","165","25","536","979","0","54.75","35.34"
"10","015","00","001","0122","0000","553","388","165","28","581","1192","0","48.74","32.55"
"10","015","00","001","0122","0056","553","388","165","28","581","1192","0","48.74","32.55"
"10","015","00","001","0123","0000","1344","914","430","49","1393","2766","0","50.36","33.04"
"10","015","00","001","0123","0062","632","431","201","11","643","1311","0","49.05","32.88"
"10","015","00","001","0123","0063","712","483","229","38","750","1455","0","51.55","33.2"
"10","015","00","001","0124","0000","934","646","288","41","975","1715","0","56.85","37.67"
"10","015","00","001","0124","0067","395","282","113","21","416","715","0","58.18","39.44"
"10","015","00","001","0124","0068","539","364","175","20","559","1000","0","55.9","36.4"
"10","015","00","001","0125","0000","498","355","143","35","533","918","0","58.06","38.67"
"10","015","00","001","0125","0008","498","355","143","35","533","918","0","58.06","38.67"
"10","015","00","001","0126","0000","324","226","98","10","334","615","0","54.31","36.75"
"10","015","00","001","0126","0020","324","226","98","10","334","615","0","54.31","36.75"
"10","015","00","001","0127","0000","267","200","67","14","281","559","0","50.27","35.78"
"10","015","00","001","0127","0022","267","200","67","14","281","559","0","50.27","35.78"
"10","015","00","001","0128","0000","475","319","156","19","494","810","0","60.99","39.38"
"10","015","00","001","0128","0027","475","319","156","19","494","810","0","60.99","39.38"
"10","015","00","001","0129","0000","1380","957","423","60","1440","2674","0","53.85","35.79"
"10","015","00","001","0129","0047","616","427","189","42","658","1184","0","55.57","36.06"
"10","015","00","001","0129","0048","764","530","234","18","782","1490","0","52.48","35.57"
"10","015","00","001","0130","0000","292","203","89","12","304","490","0","62.04","41.43"
"10","015","00","001","0130","0055","292","203","89","12","304","490","0","62.04","41.43"
"10","015","00","001","0131","0000","1039","736","303","58","1097","1975","0","55.54","37.27"
"10","015","00","001","0131","0060","521","385","136","24","545","993","0","54.88","38.77"
"10","015","00","001","0131","0061","518","351","167","34","552","982","0","56.21","35.74"
"10","015","00","001","0132","0000","587","382","205","26","613","1068","0","57.4","35.77"
"10","015","00","001","0132","0077","587","382","205","26","613","1068","0","57.4","35.77"
"10","015","00","001","0133","0000","1505","1040","465","55","1560","2942","0","53.03","35.35"
"10","015","00","001","0133","0009","785","522","263","27","812","1539","0","52.76","33.92"
"10","015","00","001","0133","0010","720","518","202","28","748","1403","0","53.31","36.92"
"10","015","00","001","0134","0000","345","224","121","13","358","606","0","59.08","36.96"
"10","015","00","001","0134","0021","345","224","121","13","358","606","0","59.08","36.96"
"10","015","00","001","0135","0000","231","163","68","10","241","416","0","57.93","39.18"
"10","015","00","001","0135","0025","231","163","68","10","241","416","0","57.93","39.18"
"10","015","00","001","0136","0000","388","288","100","15","403","816","0","49.39","35.29"
"10","015","00","001","0136","0032","388","288","100","15","403","816","0","49.39","35.29"
"10","015","00","001","0137","0000","2687","1927","760","141","2828","5217","0","54.21","36.94"
"10","015","00","001","0137","0043","729","541","188","43","772","1369","0","56.39","39.52"
"10","015","00","001","0137","0044","650","450","200","25","675","1435","0","47.04","31.36"
"10","015","00","001","0137","0045","604","438","166","35","639","1164","0","54.9","37.63"
"10","015","00","001","0137","0046","704","498","206","38","742","1249","0","59.41","39.87"
"10","015","00","001","0138","0000","1188","828","360","44","1232","2226","0","55.35","37.2"
"10","015","00","001","0138","0058","655","445","210","22","677","1267","0","53.43","35.12"
"10","015","00","001","0138","0059","533","383","150","22","555","959","0","57.87","39.94"
"10","015","00","001","0139","0000","416","284","132","19","435","869","0","50.06","32.68"
"10","015","00","001","0139","0057","416","284","132","19","435","869","0","50.06","32.68"
"10","015","00","001","0140","0000","648","442","206","34","682","1482","0","46.02","29.82"
"10","015","00","001","0140","0081","648","442","206","34","682","1482","0","46.02","29.82"
"10","015","00","001","0141","0000","2164","1536","628","89","2253","4183","0","53.86","36.72"
"10","015","00","001","0141","0073","537","364","173","21","558","1089","0","51.24","33.43"
"10","015","00","001","0141","0074","506","355","151","26","532","1043","0","51.01","34.04"
"10","015","00","001","0141","0075","597","440","157","22","619","1080","0","57.31","40.74"
"10","015","00","001","0141","0076","524","377","147","20","544","971","0","56.02","38.83"
"10","015","00","001","0142","0000","1217","842","375","70","1287","2498","0","51.52","33.71"
"10","015","00","001","0142","0041","612","422","190","31","643","1268","0","50.71","33.28"
"10","015","00","001","0142","0042","605","420","185","39","644","1230","0","52.36","34.15"
"10","015","00","001","0143","0000","1724","1221","503","70","1794","3727","0","48.14","32.76"
"10","015","00","001","0143","0064","516","386","130","22","538","1151","0","46.74","33.54"
"10","015","00","001","0143","0065","591","408","183","20","611","1237","0","49.39","32.98"
"10","015","00","001","0143","0066","617","427","190","28","645","1339","0","48.17","31.89"
"10","015","00","001","0144","0000","2077","1456","621","89","2166","4064","0","53.3","35.83"
"10","015","00","001","0144","0078","669","504","165","24","693","1379","0","50.25","36.55"
"10","015","00","001","0144","0079","678","463","215","36","714","1362","0","52.42","33.99"
"10","015","00","001","0144","0080","730","489","241","29","759","1323","0","57.37","36.96"
"10","015","00","001","0145","0000","1889","1363","526","76","1965","3494","0","56.24","39.01"
"10","015","00","001","0145","0011","549","396","153","20","569","1068","0","53.28","37.08"
"10","015","00","001","0145","0012","620","448","172","22","642","1167","0","55.01","38.39"
"10","015","00","001","0145","0013","720","519","201","34","754","1259","0","59.89","41.22"
"10","015","00","002","0000","0000","4976","3595","1381","407","5383","9676","10902","55.63","37.15"
"10","015","00","002","0201","0000","692","521","171","45","737","1192","0","61.83","43.71"
"10","015","00","002","0201","0195","692","521","171","45","737","1192","0","61.83","43.71"
"10","015","00","002","0202","0000","307","213","94","18","325","639","0","50.86","33.33"
"10","015","00","002","0202","0196","307","213","94","18","325","639","0","50.86","33.33"
"10","015","00","002","0203","0000","370","267","103","32","402","601","0","66.89","44.43"
"10","015","00","002","0203","0197","370","267","103","32","402","601","0","66.89","44.43"
"10","015","00","002","0204","0000","682","482","200","47","729","1137","0","64.12","42.39"
"10","015","00","002","0204","0198","682","482","200","47","729","1137","0","64.12","42.39"
"10","015","00","002","0205","0000","709","515","194","58","767","1352","0","56.73","38.09"
"10","015","00","002","0205","0199","382","270","112","34","416","742","0","56.06","36.39"
"10","015","00","002","0205","0200","327","245","82","24","351","610","0","57.54","40.16"
"10","015","00","002","0206","0000","242","172","70","27","269","513","0","52.44","33.53"
"10","015","00","002","0206","0201","168","109","59","24","192","295","0","65.08","36.95"
"10","015","00","002","0206","0202","74","63","11","3","77","218","0","35.32","28.9"
"10","015","00","002","0207","0000","576","399","177","49","625","1248","0","50.08","31.97"
"10","015","00","002","0207","0203","315","225","90","20","335","720","0","46.53","31.25"
"10","015","00","002","0207","0204","261","174","87","29","290","528","0","54.92","32.95"
"10","015","00","002","0208","0000","271","185","86","22","293","560","0","52.32","33.04"
"10","015","00","002","0208","0205","271","185","86","22","293","560","0","52.32","33.04"
"10","015","00","002","0209","0000","263","213","50","27","290","541","0","53.6","39.37"
"10","015","00","002","0209","0206","263","213","50","27","290","541","0","53.6","39.37"
"10","015","00","002","0210","0000","417","311","106","47","464","818","0","56.72","38.02"
"10","015","00","002","0210","0207","417","311","106","47","464","818","0","56.72","38.02"
"10","015","00","002","0211","0000","405","290","115","27","432","984","0","43.9","29.47"
"10","015","00","002","0211","0208","405","290","115","27","432","984","0","43.9","29.47"
"10","015","00","002","0212","0000","42","27","15","8","50","91","0","54.95","29.67"
"10","015","00","002","0212","0209","42","27","15","8","50","91","0","54.95","29.67"
"10","015","00","003","0000","0000","9352","6862","2490","784","10136","20650","24066","49.08","33.23"
"10","015","00","003","0301","0000","2638","1926","712","169","2807","5111","0","54.92","37.68"
"10","015","00","003","0301","0254","513","360","153","31","544","1008","0","53.97","35.71"
"10","015","00","003","0301","0255","530","405","125","31","561","939","0","59.74","43.13"
"10","015","00","003","0301","0256","616","468","148","42","658","1256","0","52.39","37.26"
"10","015","00","003","0301","0257","473","335","138","34","507","929","0","54.57","36.06"
"10","015","00","003","0301","0258","506","358","148","31","537","979","0","54.85","36.57"
"10","015","00","003","0302","0000","743","523","220","57","800","1619","0","49.41","32.3"
"10","015","00","003","0302","0260","397","286","111","21","418","847","0","49.35","33.77"
"10","015","00","003","0302","0261","346","237","109","36","382","772","0","49.48","30.7"
"10","015","00","003","0303","0000","554","421","133","45","599","1286","0","46.58","32.74"
"10","015","00","003","0303","0264","554","421","133","45","599","1286","0","46.58","32.74"
"10","015","00","003","0304","0000","505","367","138","35","540","1358","0","39.76","27.03"
"10","015","00","003","0304","0262","266","182","84","13","279","558","0","50.0","32.62"
"10","015","00","003","0304","0263","239","185","54","22","261","800","0","32.63","23.13"
"10","015","00","003","0305","0000","703","503","200","26","729","1244","0","58.6","40.43"
"10","015","00","003","0305","0259","703","503","200","26","729","1244","0","58.6","40.43"
"10","015","00","003","0306","0000","544","398","146","54","598","1246","0","47.99","31.94"
"10","015","00","003","0306","0265","544","398","146","54","598","1246","0","47.99","31.94"
"10","015","00","003","0307","0000","301","206","95","46","347","647","0","53.63","31.84"
"10","015","00","003","0307","0266","301","206","95","46","347","647","0","53.63","31.84"
"10","015","00","003","0308","0000","366","279","87","25","391","990","0","39.49","28.18"
"10","015","00","003","0308","0267","366","279","87","25","391","990","0","39.49","28.18"
"10","015","00","003","0309","0000","245","188","57","22","267","530","0","50.38","35.47"
"10","015","00","003","0309","0268","245","188","57","22","267","530","0","50.38","35.47"
"10","015","00","003","0310","0000","684","535","149","72","756","1536","0","49.22","34.83"
"10","015","00","003","0310","0269","395","296","99","41","436","979","0","44.54","30.23"
"10","015","00","003","0310","0270","289","239","50","31","320","557","0","57.45","42.91"
"10","015","00","003","0311","0000","522","401","121","86","608","1499","0","40.56","26.75"
"10","015","00","003","0311","0271","190","160","30","21","211","434","0","48.62","36.87"
"10","015","00","003","0311","0272","332","241","91","65","397","1065","0","37.28","22.63"
"10","015","00","003","0312","0000","415","305","110","53","468","866","0","54.04","35.22"
"10","015","00","003","0312","0273","415","305","110","53","468","866","0","54.04","35.22"
"10","015","00","003","0313","0000","378","284","94","24","402","769","0","52.28","36.93"
"10","015","00","003","0313","0274","378","284","94","24","402","769","0","52.28","36.93"
"10","015","00","003","0314","0000","339","220","119","32","371","869","0","42.69","25.32"
"10","015","00","003","0314","0275","339","220","119","32","371","869","0","42.69","25.32"
"10","015","00","003","0315","0000","415","306","109","38","453","1080","0","41.94","28.33"
"10","015","00","003","0315","0276","415","306","109","38","453","1080","0","41.94","28.33"
"10","015","00","004","0000","0000","8814","6304","2510","464","9278","17029","20112","54.48","37.02"
"10","015","00","004","0401","0000","659","459","200","29","688","1296","0","53.09","35.42"
"10","015","00","004","0401","0082","200","131","69","17","217","367","0","59.13","35.69"
"10","015","00","004","0401","0083","459","328","131","12","471","929","0","50.7","35.31"
"10","015","00","004","0402","0000","469","311","158","61","530","897","0","59.09","34.67"
"10","015","00","004","0402","0084","309","204","105","48","357","590","0","60.51","34.58"
"10","015","00","004","0402","0085","160","107","53","13","173","307","0","56.35","34.85"
"10","015","00","004","0403","0000","1281","899","382","61","1342","2428","0","55.27","37.03"
"10","015","00","004","0403","0086","147","109","38","14","161","260","0","61.92","41.92"
"10","015","00","004","0403","0087","689","468","221","30","719","1283","0","56.04","36.48"
"10","015","00","004","0403","0088","445","322","123","17","462","885","0","52.2","36.38"
"10","015","00","004","0404","0000","2008","1450","558","94","2102","3962","0","53.05","36.6"
"10","015","00","004","0404","0092","558","398","160","32","590","1163","0","50.73","34.22"
"10","015","00","004","0404","0093","823","593","230","29","852","1605","0","53.08","36.95"
"10","015","00","004","0404","0094","627","459","168","33","660","1194","0","55.28","38.44"
"10","015","00","004","0405","0000","530","380","150","26","556","979","0","56.79","38.82"
"10","015","00","004","0405","0095","530","380","150","26","556","979","0","56.79","38.82"
"10","015","00","004","0406","0000","1938","1451","487","81","2019","3719","0","54.29","39.02"
"10","015","00","004","0406","0096","796","561","235","30","826","1485","0","55.62","37.78"
"10","015","00","004","0406","0097","533","377","156","25","558","1070","0","52.15","35.23"
"10","015","00","004","0406","0098","609","513","96","26","635","1164","0","54.55","44.07"
"10","015","00","004","0407","0000","617","415","202","39","656","1249","0","52.52","33.23"
"10","015","00","004","0407","0099","438","293","145","32","470","880","0","53.41","33.3"
"10","015","00","004","0407","0100","179","122","57","7","186","369","0","50.41","33.06"
"10","015","00","004","0408","0000","1312","939","373","73","1385","2499","0","55.42","37.58"
"10","015","00","004","0408","0089","422","284","138","28","450","770","0","58.44","36.88"
"10","015","00","004","0408","0090","709","538","171","31","740","1363","0","54.29","39.47"
"10","015","00","004","0408","0091","181","117","64","14","195","366","0","53.28","31.97"
"10","015","00","005","0000","0000","36296","25828","10468","1867","38163","72116","83262","52.92","35.81"
"10","015","00","005","0501","0000","3768","2700","1068","133","3901","7071","0","55.17","38.18"
"10","015","00","005","0501","0147","581","405","176","30","611","1135","0","53.83","35.68"
"10","015","00","005","0501","0148","676","494","182","19","695","1223","0","56.83","40.39"
"10","015","00","005","0501","0149","670","495","175","29","699","1274","0","54.87","38.85"
"10","015","00","005","0501","0150","573","423","150","24","597","1124","0","53.11","37.63"
"10","015","00","005","0501","0151","629","435","194","21","650","1158","0","56.13","37.56"
"10","015","00","005","0501","0152","639","448","191","10","649","1157","0","56.09","38.72"
"10","015","00","005","0502","0000","2560","1822","738","102","2662","4926","0","54.04","36.99"
"10","015","00","005","0502","0153","663","477","186","30","693","1258","0","55.09","37.92"
"10","015","00","005","0502","0154","643","445","198","29","672","1257","0","53.46","35.4"
"10","015","00","005","0502","0155","620","447","173","28","648","1245","0","52.05","35.9"
"10","015","00","005","0502","0156","634","453","181","15","649","1166","0","55.66","38.85"
"10","015","00","005","0503","0000","1730","1194","536","108","1838","3739","0","49.16","31.93"
"10","015","00","005","0503","0119","556","392","164","26","582","1107","0","52.57","35.41"
"10","015","00","005","0503","0120","549","386","163","42","591","1179","0","50.13","32.74"
"10","015","00","005","0503","0121","625","416","209","40","665","1453","0","45.77","28.63"
"10","015","00","005","0504","0000","2136","1505","631","107","2243","4178","0","53.69","36.02"
"10","015","00","005","0504","0115","539","370","169","20","559","1059","0","52.79","34.94"
"10","015","00","005","0504","0116","521","365","156","26","547","983","0","55.65","37.13"
"10","015","00","005","0504","0117","543","388","155","23","566","1031","0","54.9","37.63"
"10","015","00","005","0504","0118","533","382","151","38","571","1105","0","51.67","34.57"
"10","015","00","005","0505","0000","3554","2493","1061","190","3744","6870","0","54.5","36.29"
"10","015","00","005","0505","0122","792","545","247","47","839","1432","0","58.59","38.06"
"10","015","00","005","0505","0123","686","474","212","42","728","1320","0","55.15","35.91"
"10","015","00","005","0505","0124","679","491","188","23","702","1356","0","51.77","36.21"
"10","015","00","005","0505","0125","653","476","177","24","677","1295","0","52.28","36.76"
"10","015","00","005","0505","0126","744","507","237","54","798","1467","0","54.4","34.56"
"10","015","00","005","0506","0000","2670","1861","809","94","2764","5242","0","52.73","35.5"
"10","015","00","005","0506","0127","771","539","232","20","791","1515","0","52.21","35.58"
"10","015","00","005","0506","0128","595","413","182","34","629","1063","0","59.17","38.85"
"10","015","00","005","0506","0129","557","381","176","13","570","1284","0","44.39","29.67"
"10","015","00","005","0506","0130","747","528","219","27","774","1380","0","56.09","38.26"
"10","015","00","005","0507","0000","1481","898","583","113","1594","2959","0","53.87","30.35"
"10","015","00","005","0507","0131","695","476","219","42","737","1297","0","56.82","36.7"
"10","015","00","005","0507","0132","786","422","364","71","857","1662","0","51.56","25.39"
"10","015","00","005","0508","0000","701","500","201","57","758","1563","0","48.5","31.99"
"10","015","00","005","0508","0133","701","500","201","57","758","1563","0","48.5","31.99"
"10","015","00","005","0509","0000","572","421","151","49","621","1288","0","48.21","32.69"
"10","015","00","005","0509","0134","572","421","151","49","621","1288","0","48.21","32.69"
"10","015","00","005","0510","0000","1443","1038","405","78","1521","2845","0","53.46","36.49"
"10","015","00","005","0510","0135","486","361","125","35","521","907","0","57.44","39.8"
"10","015","00","005","0510","0136","452","321","131","22","474","917","0","51.69","35.01"
"10","015","00","005","0510","0137","505","356","149","21","526","1021","0","51.52","34.87"
"10","015","00","005","0511","0000","1688","1236","452","108","1796","3187","0","56.35","38.78"
"10","015","00","005","0511","0138","593","431","162","21","614","1033","0","59.44","41.72"
"10","015","00","005","0511","0139","516","383","133","39","555","966","0","57.45","39.65"
"10","015","00","005","0511","0140","579","422","157","48","627","1188","0","52.78","35.52"
"10","015","00","005","0512","0000","1974","1429","545","84","2058","4066","0","50.61","35.15"
"10","015","00","005","0512","0141","757","540","217","16","773","1480","0","52.23","36.49"
"10","015","00","005","0512","0142","633","465","168","41","674","1393","0","48.38","33.38"
"10","015","00","005","0512","0143","584","424","160","27","611","1193","0","51.22","35.54"
"10","015","00","005","0513","0000","1970","1372","598","138","2108","3961","0","53.22","34.64"
"10","015","00","005","0513","0144","676","495","181","26","702","1445","0","48.58","34.26"
"10","015","00","005","0513","0145","641","433","208","72","713","1301","0","54.8","33.28"
"10","015","00","005","0513","0146","653","444","209","40","693","1215","0","57.04","36.54"
"10","015","00","005","0514","0000","3131","2304","827","139","3270","6041","0","54.13","38.14"
"10","015","00","005","0514","0157","686","508","178","28","714","1358","0","52.58","37.41"
"10","015","00","005","0514","0158","629","496","133","27","656","1214","0","54.04","40.86"
"10","015","00","005","0514","0159","594","426","168","25","619","1151","0","53.78","37.01"
"10","015","00","005","0514","0160","596","428","168","31","627","1157","0","54.19","36.99"
"10","015","00","005","0514","0161","626","446","180","28","654","1161","0","56.33","38.42"
"10","015","00","005","0515","0000","2690","1942","748","120","2810","5491","0","51.17","35.37"
"10","015","00","005","0515","0162","711","511","200","26","737","1304","0","56.52","39.19"
"10","015","00","005","0515","0163","684","488","196","40","724","1367","0","52.96","35.7"
"10","015","00","005","0515","0164","641","459","182","27","668","1411","0","47.34","32.53"
"10","015","00","005","0515","0165","654","484","170","27","681","1409","0","48.33","34.35"
"10","015","00","005","0516","0000","1139","831","308","72","1211","2338","0","51.8","35.54"
"10","015","00","005","0516","0166","516","378","138","23","539","1125","0","47.91","33.6"
"10","015","00","005","0516","0167","623","453","170","49","672","1213","0","55.4","37.35"
"10","015","00","005","0517","0000","2094","1543","551","115","2209","4415","0","50.03","34.95"
"10","015","00","005","0517","0168","608","443","165","18","626","1141","0","54.86","38.83"
"10","015","00","005","0517","0169","526","400","126","24","550","1156","0","47.58","34.6"
"10","015","00","005","0517","0170","525","392","133","40","565","1092","0","51.74","35.9"
"10","015","00","005","0517","0171","435","308","127","33","468","1026","0","45.61","30.02"
"10","015","00","005","0518","0000","995","739","256","60","1055","1936","0","54.49","38.17"
"10","015","00","005","0518","0172","409","305","104","19","428","804","0","53.23","37.94"
"10","015","00","005","0518","0173","586","434","152","41","627","1132","0","55.39","38.34"
"10","015","00","006","0000","0000","8173","5779","2394","651","8824","15847","18006","55.68","36.47"
"10","015","00","006","0601","0000","191","140","51","27","218","357","0","61.06","39.22"
"10","015","00","006","0601","0175","191","140","51","27","218","357","0","61.06","39.22"
"10","015","00","006","0602","0000","509","382","127","35","544","1052","0","51.71","36.31"
"10","015","00","006","0602","0174","509","382","127","35","544","1052","0","51.71","36.31"
"10","015","00","006","0603","0000","989","699","290","79","1068","1897","0","56.3","36.85"
"10","015","00","006","0603","0176","471","322","149","49","520","1022","0","50.88","31.51"
"10","015","00","006","0603","0177","518","377","141","30","548","875","0","62.63","43.09"
"10","015","00","006","0604","0000","739","522","217","52","791","1399","0","56.54","37.31"
"10","015","00","006","0604","0178","396","276","120","30","426","691","0","61.65","39.94"
"10","015","00","006","0604","0179","343","246","97","22","365","708","0","51.55","34.75"
"10","015","00","006","0605","0000","434","294","140","41","475","894","0","53.13","32.89"
"10","015","00","006","0605","0180","434","294","140","41","475","894","0","53.13","32.89"
"10","015","00","006","0606","0000","409","290","119","22","431","695","0","62.01","41.73"
"10","015","00","006","0606","0183","409","290","119","22","431","695","0","62.01","41.73"
"10","015","00","006","0607","0000","809","563","246","51","860","1627","0","52.86","34.6"
"10","015","00","006","0607","0181","384","270","114","28","412","746","0","55.23","36.19"
"10","015","00","006","0607","0182","425","293","132","23","448","881","0","50.85","33.26"
"10","015","00","006","0608","0000","477","349","128","38","515","816","0","63.11","42.77"
"10","015","00","006","0608","0184","477","349","128","38","515","816","0","63.11","42.77"
"10","015","00","006","0609","0000","368","266","102","28","396","773","0","51.23","34.41"
"10","015","00","006","0609","0185","368","266","102","28","396","773","0","51.23","34.41"
"10","015","00","006","0610","0000","790","566","224","56","846","1436","0","58.91","39.42"
"10","015","00","006","0610","0186","554","390","164","35","589","1029","0","57.24","37.9"
"10","015","00","006","0610","0187","236","176","60","21","257","407","0","63.14","43.24"
"10","015","00","006","0611","0000","1327","890","437","83","1410","2549","0","55.32","34.92"
"10","015","00","006","0611","0188","605","433","172","45","650","1139","0","57.07","38.02"
"10","015","00","006","0611","0189","541","318","223","30","571","996","0","57.33","31.93"
"10","015","00","006","0611","0190","181","139","42","8","189","414","0","45.65","33.57"
"10","015","00","006","0612","0000","142","98","44","14","156","270","0","57.78","36.3"
"10","015","00","006","0612","0191","142","98","44","14","156","270","0","57.78","36.3"
"10","015","00","006","0613","0000","418","317","101","70","488","836","0","58.37","37.92"
"10","015","00","006","0613","0192","418","317","101","70","488","836","0","58.37","37.92"
"10","015","00","006","0614","0000","288","214","74","28","316","739","0","42.76","28.96"
"10","015","00","006","0614","0194","288","214","74","28","316","739","0","42.76","28.96"
"10","015","00","006","0615","0000","283","189","94","27","310","507","0","61.14","37.28"
"10","015","00","006","0615","0193","283","189","94","27","310","507","0","61.14","37.28"
"10","015","00","007","0000","0000","5606","4121","1485","469","6075","11417","12847","53.21","36.1"
"10","015","00","007","0701","0000","491","358","133","25","516","859","0","60.07","41.68"
"10","015","00","007","0701","0211","491","358","133","25","516","859","0","60.07","41.68"
"10","015","00","007","0702","0000","681","497","184","50","731","1295","0","56.45","38.38"
"10","015","00","007","0702","0210","681","497","184","50","731","1295","0","56.45","38.38"
"10","015","00","007","0703","0000","523","401","122","47","570","958","0","59.5","41.86"
"10","015","00","007","0703","0212","523","401","122","47","570","958","0","59.5","41.86"
"10","015","00","007","0704","0000","536","403","133","57","593","1011","0","58.65","39.86"
"10","015","00","007","0704","0213","536","403","133","57","593","1011","0","58.65","39.86"
"10","015","00","007","0705","0000","566","423","143","40","606","1041","0","58.21","40.63"
"10","015","00","007","0705","0214","566","423","143","40","606","1041","0","58.21","40.63"
"10","015","00","007","0706","0000","254","189","65","14","268","471","0","56.9","40.13"
"10","015","00","007","0706","0221","254","189","65","14","268","471","0","56.9","40.13"
"10","015","00","007","0707","0000","350","237","113","53","403","756","0","53.31","31.35"
"10","015","00","007","0707","0222","306","205","101","49","355","640","0","55.47","32.03"
"10","015","00","007","0707","0223","44","32","12","4","48","116","0","41.38","27.59"
"10","015","00","007","0708","0000","169","124","45","10","179","496","0","36.09","25.0"
"10","015","00","007","0708","0224","169","124","45","10","179","496","0","36.09","25.0"
"10","015","00","007","0709","0000","132","97","35","14","146","324","0","45.06","29.94"
"10","015","00","007","0709","0225","132","97","35","14","146","324","0","45.06","29.94"
"10","015","00","007","0710","0000","161","115","46","20","181","454","0","39.87","25.33"
"10","015","00","007","0710","0226","161","115","46","20","181","454","0","39.87","25.33"
"10","015","00","007","0711","0000","453","330","123","51","504","1009","0","49.95","32.71"
"10","015","00","007","0711","0215","407","295","112","49","456","821","0","55.54","35.93"
"10","015","00","007","0711","0216","46","35","11","2","48","188","0","25.53","18.62"
"10","015","00","007","0712","0000","446","341","105","34","480","960","0","50.0","35.52"
"10","015","00","007","0712","0217","259","196","63","24","283","514","0","55.06","38.13"
"10","015","00","007","0712","0218","187","145","42","10","197","446","0","44.17","32.51"
"10","015","00","007","0713","0000","449","336","113","31","480","851","0","56.4","39.48"
"10","015","00","007","0713","0219","449","336","113","31","480","851","0","56.4","39.48"
"10","015","00","007","0714","0000","395","270","125","23","418","932","0","44.85","28.97"
"10","015","00","007","0714","0220","395","270","125","23","418","932","0","44.85","28.97"
"10","015","00","008","0000","0000","2039","1447","592","135","2174","4395","4811","49.47","32.92"
"10","015","00","008","0801","0000","865","646","219","59","924","1779","0","51.94","36.31"
"10","015","00","008","0801","0229","272","195","77","26","298","613","0","48.61","31.81"
"10","015","00","008","0801","0230","450","344","106","22","472","809","0","58.34","42.52"
"10","015","00","008","0801","0231","143","107","36","11","154","357","0","43.14","29.97"
"10","015","00","008","0802","0000","318","230","88","23","341","669","0","50.97","34.38"
"10","015","00","008","0802","0232","318","230","88","23","341","669","0","50.97","34.38"
"10","015","00","008","0803","0000","223","156","67","9","232","479","0","48.43","32.57"
"10","015","00","008","0803","0233","223","156","67","9","232","479","0","48.43","32.57"
"10","015","00","008","0804","0000","312","183","129","14","326","751","0","43.41","24.37"
"10","015","00","008","0804","0228","312","183","129","14","326","751","0","43.41","24.37"
"10","015","00","008","0805","0000","321","232","89","30","351","717","0","48.95","32.36"
"10","015","00","008","0805","0227","321","232","89","30","351","717","0","48.95","32.36"
"10","015","00","009","0000","0000","4844","3545","1299","387","5231","10279","11716","50.89","34.49"
"10","015","00","009","0901","0000","1011","754","257","72","1083","1904","0","56.88","39.6"
"10","015","00","009","0901","0241","442","347","95","31","473","813","0","58.18","42.68"
"10","015","00","009","0901","0242","569","407","162","41","610","1091","0","55.91","37.31"
"10","015","00","009","0902","0000","968","700","268","69","1037","1814","0","57.17","38.59"
"10","015","00","009","0902","0243","450","319","131","30","480","839","0","57.21","38.02"
"10","015","00","009","0902","0244","518","381","137","39","557","975","0","57.13","39.08"
"10","015","00","009","0903","0000","250","182","68","11","261","546","0","47.8","33.33"
"10","015","00","009","0903","0245","250","182","68","11","261","546","0","47.8","33.33"
"10","015","00","009","0904","0000","521","370","151","50","571","1002","0","56.99","36.93"
"10","015","00","009","0904","0246","521","370","151","50","571","1002","0","56.99","36.93"
"10","015","00","009","0905","0000","243","171","72","33","276","593","0","46.54","28.84"
"10","015","00","009","0905","0247","243","171","72","33","276","593","0","46.54","28.84"
"10","015","00","009","0906","0000","502","358","144","53","555","965","0","57.51","37.1"
"10","015","00","009","0906","0248","502","358","144","53","555","965","0","57.51","37.1"
"10","015","00","009","0907","0000","432","332","100","46","478","863","0","55.39","38.47"
"10","015","00","009","0907","0249","432","332","100","46","478","863","0","55.39","38.47"
"10","015","00","009","0908","0000","107","80","27","6","113","340","0","33.24","23.53"
"10","015","00","009","0908","0250","107","80","27","6","113","340","0","33.24","23.53"
"10","015","00","009","0909","0000","332","237","95","22","354","764","0","46.34","31.02"
"10","015","00","009","0909","0251","332","237","95","22","354","764","0","46.34","31.02"
"10","015","00","009","0910","0000","256","182","74","8","264","868","0","30.41","20.97"
"10","015","00","009","0910","0252","256","182","74","8","264","868","0","30.41","20.97"
"10","015","00","009","0911","0000","222","179","43","17","239","620","0","38.55","28.87"
"10","015","00","009","0911","0253","222","179","43","17","239","620","0","38.55","28.87"
"10","015","00","010","0000","0000","3744","2600","1144","410","4154","9065","10331","45.82","28.68"
"10","015","00","010","1001","0000","180","119","61","19","199","467","0","42.61","25.48"
"10","015","00","010","1001","0277","180","119","61","19","199","467","0","42.61","25.48"
"10","015","00","010","1002","0000","364","259","105","43","407","1032","0","39.44","25.1"
"10","015","00","010","1002","0278","364","259","105","43","407","1032","0","39.44","25.1"
"10","015","00","010","1003","0000","263","199","64","21","284","638","0","44.51","31.19"
"10","015","00","010","1003","0279","263","199","64","21","284","638","0","44.51","31.19"
"10","015","00","010","1004","0000","285","210","75","37","322","591","0","54.48","35.53"
"10","015","00","010","1004","0280","285","210","75","37","322","591","0","54.48","35.53"
"10","015","00","010","1005","0000","539","381","158","54","593","1087","0","54.55","35.05"
"10","015","00","010","1005","0281","539","381","158","54","593","1087","0","54.55","35.05"
"10","015","00","010","1006","0000","204","134","70","20","224","431","0","51.97","31.09"
"10","015","00","010","1006","0282","204","134","70","20","224","431","0","51.97","31.09"
"10","015","00","010","1007","0000","403","278","125","33","436","893","0","48.82","31.13"
"10","015","00","010","1007","0283","403","278","125","33","436","893","0","48.82","31.13"
"10","015","00","010","1008","0000","127","81","46","22","149","361","0","41.27","22.44"
"10","015","00","010","1008","0284","127","81","46","22","149","361","0","41.27","22.44"
"10","015","00","010","1009","0000","509","338","171","39","548","1362","0","40.23","24.82"
"10","015","00","010","1009","0285","509","338","171","39","548","1362","0","40.23","24.82"
"10","015","00","010","1010","0000","211","146","65","28","239","458","0","52.18","31.88"
"10","015","00","010","1010","0286","211","146","65","28","239","458","0","52.18","31.88"
"10","015","00","010","1011","0000","172","123","49","37","209","621","0","33.66","19.81"
"10","015","00","010","1011","0287","172","123","49","37","209","621","0","33.66","19.81"
"10","015","00","010","1012","0000","217","151","66","26","243","493","0","49.29","30.63"
"10","015","00","010","1012","0288","217","151","66","26","243","493","0","49.29","30.63"
"10","015","00","010","1013","0000","270","181","89","31","301","631","0","47.7","28.68"
"10","015","00","010","1013","0289","270","181","89","31","301","631","0","47.7","28.68"
"10","015","00","011","0000","0000","6221","4352","1869","340","6561","12562","15937","52.23","34.64"
"10","015","00","011","1101","0000","539","376","163","27","566","1373","0","41.22","27.39"
"10","015","00","011","1101","0103","539","376","163","27","566","1373","0","41.22","27.39"
"10","015","00","011","1102","0000","833","619","214","49","882","1806","0","48.84","34.27"
"10","015","00","011","1102","0104","747","556","191","45","792","1644","0","48.18","33.82"
"10","015","00","011","1102","0105","86","63","23","4","90","162","0","55.56","38.89"
"10","015","00","011","1103","0000","812","541","271","58","870","1766","0","49.26","30.63"
"10","015","00","011","1103","0106","181","119","62","20","201","384","0","52.34","30.99"
"10","015","00","011","1103","0107","631","422","209","38","669","1382","0","48.41","30.54"
"10","015","00","011","1104","0000","652","463","189","51","703","1139","0","61.72","40.65"
"10","015","00","011","1104","0111","652","463","189","51","703","1139","0","61.72","40.65"
"10","015","00","011","1105","0000","666","472","194","8","674","1213","0","55.56","38.91"
"10","015","00","011","1105","0112","666","472","194","8","674","1213","0","55.56","38.91"
"10","015","00","011","1106","0000","560","387","173","29","589","1084","0","54.34","35.7"
"10","015","00","011","1106","0113","407","276","131","19","426","754","0","56.5","36.6"
"10","015","00","011","1106","0114","153","111","42","10","163","330","0","49.39","33.64"
"10","015","00","011","1107","0000","875","599","276","45","920","1752","0","52.51","34.19"
"10","015","00","011","1107","0108","573","393","180","31","604","1125","0","53.69","34.93"
"10","015","00","011","1107","0109","302","206","96","14","316","627","0","50.4","32.85"
"10","015","00","011","1108","0000","565","410","155","36","601","987","0","60.89","41.54"
"10","015","00","011","1108","0110","565","410","155","36","601","987","0","60.89","41.54"
"10","015","00","011","1109","0000","719","485","234","37","756","1442","0","52.43","33.63"
"10","015","00","011","1109","0101","434","310","124","17","451","867","0","52.02","35.76"
"10","015","00","011","1109","0102","285","175","110","20","305","575","0","53.04","30.43"
"10","015","00","012","0000","0000","2940","2116","824","178","3118","5269","6439","59.18","40.16"
"10","015","00","012","1201","0000","562","398","164","41","603","1072","0","56.25","37.13"
"10","015","00","012","1201","0234","562","398","164","41","603","1072","0","56.25","37.13"
"10","015","00","012","1202","0000","307","222","85","9","316","560","0","56.43","39.64"
"10","015","00","012","1202","0235","307","222","85","9","316","560","0","56.43","39.64"
"10","015","00","012","1203","0000","455","328","127","30","485","773","0","62.74","42.43"
"10","015","00","012","1203","0236","455","328","127","30","485","773","0","62.74","42.43"
"10","015","00","012","1204","0000","316","227","89","11","327","661","0","49.47","34.34"
"10","015","00","012","1204","0237","316","227","89","11","327","661","0","49.47","34.34"
"10","015","00","012","1205","0000","609","460","149","32","641","1117","0","57.39","41.18"
"10","015","00","012","1205","0238","269","201","68","11","280","442","0","63.35","45.48"
"10","015","00","012","1205","0239","340","259","81","21","361","675","0","53.48","38.37"
"10","015","00","012","1206","0000","691","481","210","55","746","1086","0","68.69","44.29"
"10","015","00","012","1206","0240","691","481","210","55","746","1086","0","68.69","44.29"
"10","015","00","013","0000","0000","2752","2071","681","185","2937","4947","6104","59.37","41.86"
"10","015","00","013","1301","0000","265","187","78","25","290","533","0","54.41","35.08"
"10","015","00","013","1301","0290","265","187","78","25","290","533","0","54.41","35.08"
"10","015","00","013","1302","0000","626","461","165","33","659","1015","0","64.93","45.42"
"10","015","00","013","1302","0291","314","229","85","23","337","522","0","64.56","43.87"
"10","015","00","013","1302","0292","312","232","80","10","322","493","0","65.31","47.06"
"10","015","00","013","1303","0000","415","334","81","26","441","701","0","62.91","47.65"
"10","015","00","013","1303","0293","415","334","81","26","441","701","0","62.91","47.65"
"10","015","00","013","1304","0000","410","306","104","33","443","746","0","59.38","41.02"
"10","015","00","013","1304","0294","410","306","104","33","443","746","0","59.38","41.02"
"10","015","00","013","1305","0000","554","407","147","38","592","1021","0","57.98","39.86"
"10","015","00","013","1305","0295","356","257","99","33","389","616","0","63.15","41.72"
"10","015","00","013","1305","0296","198","150","48","5","203","405","0","50.12","37.04"
"10","015","00","013","1306","0000","482","376","106","30","512","931","0","54.99","40.39"
"10","015","00","013","1306","0297","168","125","43","10","178","329","0","54.1","37.99"
"10","015","00","013","1306","0298","223","180","43","13","236","428","0","55.14","42.06"
"10","015","00","013","1306","0299","91","71","20","7","98","174","0","56.32","40.8"
"10","014","00","000","0000","0000","92061","65985","26076","5202","97263","185996","219268","52.29","35.48"
"10","014","00","001","0000","0000","45969","32943","13026","1978","47947","87803","105587","54.61","37.52"
"10","014","00","001","0101","0000","704","511","193","69","773","1505","0","51.36","33.95"
"10","014","00","001","0101","0052","704","511","193","69","773","1505","0","51.36","33.95"
"10","014","00","001","0102","0000","376","272","104","28","404","836","0","48.33","32.54"
"10","014","00","001","0102","0053","376","272","104","28","404","836","0","48.33","32.54"
"10","014","00","001","0103","0000","1153","827","326","45","1198","2162","0","55.41","38.25"
"10","014","00","001","0103","0056","1153","827","326","45","1198","2162","0","55.41","38.25"
"10","014","00","001","0104","0000","1425","992","433","50","1475","2688","0","54.87","36.9"
"10","014","00","001","0104","0059","707","495","212","29","736","1359","0","54.16","36.42"
"10","014","00","001","0104","0060","718","497","221","21","739","1329","0","55.61","37.4"
"10","014","00","001","0105","0000","1587","1097","490","56","1643","2767","0","59.38","39.65"
"10","014","00","001","0105","0057","934","655","279","34","968","1627","0","59.5","40.26"
"10","014","00","001","0105","0058","653","442","211","22","675","1140","0","59.21","38.77"
"10","014","00","001","0106","0000","1381","978","403","78","1459","2644","0","55.18","36.99"
"10","014","00","001","0106","0054","696","490","206","40","736","1294","0","56.88","37.87"
"10","014","00","001","0106","0055","685","488","197","38","723","1350","0","53.56","36.15"
"10","014","00","001","0107","0000","3565","2518","1047","133","3698","6543","0","56.52","38.48"
"10","014","00","001","0107","0026","924","645","279","30","954","1638","0","58.24","39.38"
"10","014","00","001","0107","0027","837","616","221","38","875","1576","0","55.52","39.09"
"10","014","00","001","0107","0028","863","588","275","38","901","1595","0","56.49","36.87"
"10","014","00","001","0107","0029","941","669","272","27","968","1734","0","55.82","38.58"
"10","014","00","001","0108","0000","1771","1285","486","64","1835","3141","0","58.42","40.91"
"10","014","00","001","0108","0006","880","636","244","28","908","1651","0","55.0","38.52"
"10","014","00","001","0108","0007","891","649","242","36","927","1490","0","62.21","43.56"
"10","014","00","001","0109","0000","426","300","126","36","462","859","0","53.78","34.92"
"10","014","00","001","0109","0008","426","300","126","36","462","859","0","53.78","34.92"
"10","014","00","001","0110","0000","1556","1183","373","62","1618","2651","0","61.03","44.62"
"10","014","00","001","0110","0032","762","579","183","35","797","1313","0","60.7","44.1"
"10","014","00","001","0110","0033","794","604","190","27","821","1338","0","61.36","45.14"
"10","014","00","001","0111","0000","1720","1198","522","67","1787","3021","0","59.15","39.66"
"10","014","00","001","0111","0030","810","573","237","42","852","1476","0","57.72","38.82"
"10","014","00","001","0111","0031","910","625","285","25","935","1545","0","60.52","40.45"
"10","014","00","001","0112","0000","2256","1577","679","71","2327","4021","0","57.87","39.22"
"10","014","00","001","0112","0003","690","493","197","14","704","1259","0","55.92","39.16"
"10","014","00","001","0112","0004","756","519","237","25","781","1399","0","55.83","37.1"
"10","014","00","001","0112","0005","810","565","245","32","842","1363","0","61.78","41.45"
"10","014","00","001","0113","0000","871","619","252","36","907","1469","0","61.74","42.14"
"10","014","00","001","0113","0002","871","619","252","36","907","1469","0","61.74","42.14"
"10","014","00","001","0114","0000","361","257","104","16","377","651","0","57.91","39.48"
"10","014","00","001","0114","0010","361","257","104","16","377","651","0","57.91","39.48"
"10","014","00","001","0115","0000","789","549","240","41","830","1650","0","50.3","33.27"
"10","014","00","001","0115","0011","789","549","240","41","830","1650","0","50.3","33.27"
"10","014","00","001","0116","0000","364","249","115","18","382","632","0","60.44","39.4"
"10","014","00","001","0116","0013","364","249","115","18","382","632","0","60.44","39.4"
"10","014","00","001","0117","0000","659","484","175","58","717","1299","0","55.2","37.26"
"10","014","00","001","0117","0016","659","484","175","58","717","1299","0","55.2","37.26"
"10","014","00","001","0118","0000","520","354","166","22","542","890","0","60.9","39.78"
"10","014","00","001","0118","0009","520","354","166","22","542","890","0","60.9","39.78"
"10","014","00","001","0119","0000","434","294","140","22","456","724","0","62.98","40.61"
"10","014","00","001","0119","0012","434","294","140","22","456","724","0","62.98","40.61"
"10","014","00","001","0120","0000","459","316","143","25","484","811","0","59.68","38.96"
"10","014","00","001","0120","0017","459","316","143","25","484","811","0","59.68","38.96"
"10","014","00","001","0121","0000","435","313","122","28","463","771","0","60.05","40.6"
"10","014","00","001","0121","0014","435","313","122","28","463","771","0","60.05","40.6"
"10","014","00","001","0122","0000","410","291","119","17","427","798","0","53.51","36.47"
"10","014","00","001","0122","0015","410","291","119","17","427","798","0","53.51","36.47"
"10","014","00","001","0123","0000","418","305","113","16","434","874","0","49.66","34.9"
"10","014","00","001","0123","0001","418","305","113","16","434","874","0","49.66","34.9"
"10","014","00","001","0124","0000","474","332","142","19","493","764","0","64.53","43.46"
"10","014","00","001","0124","0018","474","332","142","19","493","764","0","64.53","43.46"
"10","014","00","001","0125","0000","300","206","94","12","312","601","0","51.91","34.28"
"10","014","00","001","0125","0023","300","206","94","12","312","601","0","51.91","34.28"
"10","014","00","001","0126","0000","407","263","144","15","422","784","0","53.83","33.55"
"10","014","00","001","0126","0019","407","263","144","15","422","784","0","53.83","33.55"
"10","014","00","001","0127","0000","217","138","79","6","223","417","0","53.48","33.09"
"10","014","00","001","0127","0024","217","138","79","6","223","417","0","53.48","33.09"
"10","014","00","001","0128","0000","218","157","61","7","225","427","0","52.69","36.77"
"10","014","00","001","0128","0020","218","157","61","7","225","427","0","52.69","36.77"
"10","014","00","001","0129","0000","812","584","228","36","848","1597","0","53.1","36.57"
"10","014","00","001","0129","0063","812","584","228","36","848","1597","0","53.1","36.57"
"10","014","00","001","0130","0000","1040","746","294","67","1107","2028","0","54.59","36.79"
"10","014","00","001","0130","0061","492","367","125","24","516","990","0","52.12","37.07"
"10","014","00","001","0130","0062","548","379","169","43","591","1038","0","56.94","36.51"
"10","014","00","001","0131","0000","1387","999","388","55","1442","2959","0","48.73","33.76"
"10","014","00","001","0131","0036","656","451","205","25","681","1407","0","48.4","32.05"
"10","014","00","001","0131","0037","731","548","183","30","761","1552","0","49.03","35.31"
"10","014","00","001","0132","0000","1324","1117","207","48","1372","2577","0","53.24","43.34"
"10","014","00","001","0132","0034","715","613","102","25","740","1312","0","56.4","46.72"
"10","014","00","001","0132","0035","609","504","105","23","632","1265","0","49.96","39.84"
"10","014","00","001","0133","0000","661","540","121","48","709","1445","0","49.07","37.37"
"10","014","00","001","0133","0038","661","540","121","48","709","1445","0","49.07","37.37"
"10","014","00","001","0134","0000","1185","816","369","31","1216","2098","0","57.96","38.89"
"10","014","00","001","0134","0039","1185","816","369","31","1216","2098","0","57.96","38.89"
"10","014","00","001","0135","0000","736","546","190","53","789","1324","0","59.59","41.24"
"10","014","00","001","0135","0040","736","546","190","53","789","1324","0","59.59","41.24"
"10","014","00","001","0136","0000","1502","1154","348","32","1534","2793","0","54.92","41.32"
"10","014","00","001","0136","0021","637","544","93","20","657","1292","0","50.85","42.11"
"10","014","00","001","0136","0022","865","610","255","12","877","1501","0","58.43","40.64"
"10","014","00","001","0137","0000","535","396","139","29","564","1001","0","56.34","39.56"
"10","014","00","001","0137","0025","535","396","139","29","564","1001","0","56.34","39.56"
"10","014","00","001","0138","0000","4115","2995","1120","104","4219","8002","0","52.72","37.43"
"10","014","00","001","0138","0041","857","649","208","29","886","1598","0","55.44","40.61"
"10","014","00","001","0138","0042","793","577","216","14","807","1513","0","53.34","38.14"
"10","014","00","001","0138","0043","823","594","229","25","848","1679","0","50.51","35.38"
"10","014","00","001","0138","0044","725","505","220","12","737","1414","0","52.12","35.71"
"10","014","00","001","0138","0045","917","670","247","24","941","1798","0","52.34","37.26"
"10","014","00","001","0139","0000","2529","1830","699","124","2653","5087","0","52.15","35.97"
"10","014","00","001","0139","0046","806","579","227","45","851","1749","0","48.66","33.1"
"10","014","00","001","0139","0047","895","652","243","43","938","1709","0","54.89","38.15"
"10","014","00","001","0139","0048","828","599","229","36","864","1629","0","53.04","36.77"
"10","014","00","001","0140","0000","1112","775","337","61","1173","2375","0","49.39","32.63"
"10","014","00","001","0140","0049","560","405","155","37","597","1116","0","53.49","36.29"
"10","014","00","001","0140","0050","552","370","182","24","576","1259","0","45.75","29.39"
"10","014","00","001","0141","0000","552","382","170","26","578","1232","0","46.92","31.01"
"10","014","00","001","0141","0051","552","382","170","26","578","1232","0","46.92","31.01"
"10","014","00","001","0142","0000","700","453","247","44","744","1385","0","53.72","32.71"
"10","014","00","001","0142","0064","700","453","247","44","744","1385","0","53.72","32.71"
"10","014","00","001","0143","0000","426","274","152","21","447","939","0","47.6","29.18"
"10","014","00","001","0143","0065","426","274","152","21","447","939","0","47.6","29.18"
"10","014","00","001","0144","0000","549","389","160","30","579","1258","0","46.03","30.92"
"10","014","00","001","0144","0066","549","389","160","30","579","1258","0","46.03","30.92"
"10","014","00","001","0145","0000","655","433","222","10","665","1350","0","49.26","32.07"
"10","014","00","001","0145","0067","655","433","222","10","665","1350","0","49.26","32.07"
"10","014","00","001","0146","0000","893","649","244","42","935","1953","0","47.88","33.23"
"10","014","00","001","0146","0068","479","345","134","27","506","1058","0","47.83","32.61"
"10","014","00","001","0146","0069","414","304","110","15","429","895","0","47.93","33.97"
"10","014","00","002","0000","0000","5814","4334","1480","475","6289","12426","14105","50.61","34.88"
"10","014","00","002","0201","0000","275","200","75","32","307","637","0","48.19","31.4"
"10","014","00","002","0201","0085","157","116","41","4","161","373","0","43.16","31.1"
"10","014","00","002","0201","0086","118","84","34","28","146","264","0","55.3","31.82"
"10","014","00","002","0202","0000","389","287","102","26","415","969","0","42.83","29.62"
"10","014","00","002","0202","0083","206","156","50","13","219","488","0","44.88","31.97"
"10","014","00","002","0202","0084","183","131","52","13","196","481","0","40.75","27.23"
"10","014","00","002","0203","0000","629","479","150","54","683","1403","0","48.68","34.14"
"10","014","00","002","0203","0081","243","184","59","21","264","516","0","51.16","35.66"
"10","014","00","002","0203","0082","386","295","91","33","419","887","0","47.24","33.26"
"10","014","00","002","0204","0000","1295","979","316","121","1416","2731","0","51.85","35.85"
"10","014","00","002","0204","0079","635","479","156","61","696","1365","0","50.99","35.09"
"10","014","00","002","0204","0080","660","500","160","60","720","1366","0","52.71","36.6"
"10","014","00","002","0205","0000","934","689","245","64","998","1901","0","52.5","36.24"
"10","014","00","002","0205","0077","465","342","123","42","507","931","0","54.46","36.73"
"10","014","00","002","0205","0078","469","347","122","22","491","970","0","50.62","35.77"
"10","014","00","002","0206","0000","1040","747","293","73","1113","2197","0","50.66","34.0"
"10","014","00","002","0206","0074","146","123","23","14","160","339","0","47.2","36.28"
"10","014","00","002","0206","0075","456","321","135","16","472","995","0","47.44","32.26"
"10","014","00","002","0206","0076","438","303","135","43","481","863","0","55.74","35.11"
"10","014","00","002","0207","0000","309","244","65","36","345","747","0","46.18","32.66"
"10","014","00","002","0207","0073","309","244","65","36","345","747","0","46.18","32.66"
"10","014","00","002","0208","0000","943","709","234","69","1012","1841","0","54.97","38.51"
"10","014","00","002","0208","0070","225","157","68","24","249","516","0","48.26","30.43"
"10","014","00","002","0208","0071","557","418","139","36","593","960","0","61.77","43.54"
"10","014","00","002","0208","0072","161","134","27","9","170","365","0","46.58","36.71"
"10","014","00","003","0000","0000","3541","2490","1051","202","3743","7509","8727","49.85","33.16"
"10","014","00","003","0301","0000","753","512","241","40","793","1691","0","46.9","30.28"
"10","014","00","003","0301","0093","447","300","147","26","473","912","0","51.86","32.89"
"10","014","00","003","0301","0094","306","212","94","14","320","779","0","41.08","27.21"
"10","014","00","003","0302","0000","597","436","161","24","621","1137","0","54.62","38.35"
"10","014","00","003","0302","0091","597","436","161","24","621","1137","0","54.62","38.35"
"10","014","00","003","0303","0000","379","269","110","18","397","887","0","44.76","30.33"
"10","014","00","003","0303","0090","379","269","110","18","397","887","0","44.76","30.33"
"10","014","00","003","0304","0000","465","345","120","36","501","828","0","60.51","41.67"
"10","014","00","003","0304","0089","465","345","120","36","501","828","0","60.51","41.67"
"10","014","00","003","0305","0000","832","585","247","43","875","1699","0","51.5","34.43"
"10","014","00","003","0305","0087","515","369","146","22","537","909","0","59.08","40.59"
"10","014","00","003","0305","0088","317","216","101","21","338","790","0","42.78","27.34"
"10","014","00","003","0306","0000","186","118","68","18","204","535","0","38.13","22.06"
"10","014","00","003","0306","0095","186","118","68","18","204","535","0","38.13","22.06"
"10","014","00","003","0307","0000","329","225","104","23","352","732","0","48.09","30.74"
"10","014","00","003","0307","0092","329","225","104","23","352","732","0","48.09","30.74"
"10","014","00","004","0000","0000","7347","5194","2153","560","7907","14976","17314","52.8","34.68"
"10","014","00","004","0401","0000","193","121","72","20","213","476","0","44.75","25.42"
"10","014","00","004","0401","0105","87","53","34","9","96","261","0","36.78","20.31"
"10","014","00","004","0401","0106","106","68","38","11","117","215","0","54.42","31.63"
"10","014","00","004","0402","0000","221","172","49","16","237","436","0","54.36","39.45"
"10","014","00","004","0402","0117","221","172","49","16","237","436","0","54.36","39.45"
"10","014","00","004","0403","0000","198","146","52","22","220","488","0","45.08","29.92"
"10","014","00","004","0403","0115","198","146","52","22","220","488","0","45.08","29.92"
"10","014","00","004","0404","0000","191","135","56","13","204","347","0","58.79","38.9"
"10","014","00","004","0404","0116","191","135","56","13","204","347","0","58.79","38.9"
"10","014","00","004","0405","0000","541","371","170","42","583","1163","0","50.13","31.9"
"10","014","00","004","0405","0103","326","218","108","26","352","727","0","48.42","29.99"
"10","014","00","004","0405","0104","215","153","62","16","231","436","0","52.98","35.09"
"10","014","00","004","0406","0000","589","431","158","47","636","1270","0","50.08","33.94"
"10","014","00","004","0406","0101","336","234","102","27","363","767","0","47.33","30.51"
"10","014","00","004","0406","0102","253","197","56","20","273","503","0","54.27","39.17"
"10","014","00","004","0407","0000","435","294","141","46","481","1066","0","45.12","27.58"
"10","014","00","004","0407","0098","96","62","34","8","104","219","0","47.49","28.31"
"10","014","00","004","0407","0099","198","136","62","24","222","460","0","48.26","29.57"
"10","014","00","004","0407","0100","141","96","45","14","155","387","0","40.05","24.81"
"10","014","00","004","0408","0000","1115","804","311","70","1185","2206","0","53.72","36.45"
"10","014","00","004","0408","0096","561","399","162","46","607","1041","0","58.31","38.33"
"10","014","00","004","0408","0097","554","405","149","24","578","1165","0","49.61","34.76"
"10","014","00","004","0409","0000","548","355","193","49","597","1110","0","53.78","31.98"
"10","014","00","004","0409","0110","548","355","193","49","597","1110","0","53.78","31.98"
"10","014","00","004","0410","0000","1545","1126","419","106","1651","3015","0","54.76","37.35"
"10","014","00","004","0410","0107","753","551","202","52","805","1442","0","55.83","38.21"
"10","014","00","004","0410","0108","254","202","52","10","264","527","0","50.09","38.33"
"10","014","00","004","0410","0109","538","373","165","44","582","1046","0","55.64","35.66"
"10","014","00","004","0411","0000","585","404","181","48","633","1105","0","57.29","36.56"
"10","014","00","004","0411","0111","585","404","181","48","633","1105","0","57.29","36.56"
"10","014","00","004","0412","0000","688","494","194","43","731","1167","0","62.64","42.33"
"10","014","00","004","0412","0112","688","494","194","43","731","1167","0","62.64","42.33"
"10","014","00","004","0413","0000","498","341","157","38","536","1127","0","47.56","30.26"
"10","014","00","004","0413","0113","440","303","137","35","475","968","0","49.07","31.3"
"10","014","00","004","0413","0114","58","38","20","3","61","159","0","38.36","23.9"
"10","014","00","005","0000","0000","2907","1975","932","226","3133","6936","7891","45.17","28.47"
"10","014","00","005","0501","0000","263","177","86","29","292","675","0","43.26","26.22"
"10","014","00","005","0501","0125","263","177","86","29","292","675","0","43.26","26.22"
"10","014","00","005","0502","0000","370","226","144","32","402","905","0","44.42","24.97"
"10","014","00","005","0502","0126","203","129","74","13","216","435","0","49.66","29.66"
"10","014","00","005","0502","0127","167","97","70","19","186","470","0","39.57","20.64"
"10","014","00","005","0503","0000","393","273","120","31","424","864","0","49.07","31.6"
"10","014","00","005","0503","0124","393","273","120","31","424","864","0","49.07","31.6"
"10","014","00","005","0504","0000","627","430","197","45","672","1446","0","46.47","29.74"
"10","014","00","005","0504","0121","482","323","159","35","517","1104","0","46.83","29.26"
"10","014","00","005","0504","0122","145","107","38","10","155","342","0","45.32","31.29"
"10","014","00","005","0505","0000","381","272","109","42","423","895","0","47.26","30.39"
"10","014","00","005","0505","0123","381","272","109","42","423","895","0","47.26","30.39"
"10","014","00","005","0506","0000","481","336","145","25","506","1096","0","46.17","30.66"
"10","014","00","005","0506","0118","192","135","57","5","197","522","0","37.74","25.86"
"10","014","00","005","0506","0119","289","201","88","20","309","574","0","53.83","35.02"
"10","014","00","005","0507","0000","392","261","131","22","414","1055","0","39.24","24.74"
"10","014","00","005","0507","0120","392","261","131","22","414","1055","0","39.24","24.74"
"10","014","00","006","0000","0000","2981","2041","940","309","3290","7162","8207","45.94","28.5"
"10","014","00","006","0601","0000","454","278","176","64","518","1137","0","45.56","24.45"
"10","014","00","006","0601","0130","187","119","68","24","211","434","0","48.62","27.42"
"10","014","00","006","0601","0131","267","159","108","40","307","703","0","43.67","22.62"
"10","014","00","006","0602","0000","262","174","88","24","286","654","0","43.73","26.61"
"10","014","00","006","0602","0132","262","174","88","24","286","654","0","43.73","26.61"
"10","014","00","006","0603","0000","114","74","40","15","129","324","0","39.81","22.84"
"10","014","00","006","0603","0133","114","74","40","15","129","324","0","39.81","22.84"
"10","014","00","006","0604","0000","329","226","103","28","357","794","0","44.96","28.46"
"10","014","00","006","0604","0134","329","226","103","28","357","794","0","44.96","28.46"
"10","014","00","006","0605","0000","924","653","271","60","984","1921","0","51.22","33.99"
"10","014","00","006","0605","0128","445","315","130","24","469","992","0","47.28","31.75"
"10","014","00","006","0605","0129","479","338","141","36","515","929","0","55.44","36.38"
"10","014","00","006","0606","0000","128","94","34","14","142","344","0","41.28","27.33"
"10","014","00","006","0606","0136","128","94","34","14","142","344","0","41.28","27.33"
"10","014","00","006","0607","0000","371","262","109","43","414","856","0","48.36","30.61"
"10","014","00","006","0607","0135","371","262","109","43","414","856","0","48.36","30.61"
"10","014","00","006","0608","0000","150","110","40","22","172","311","0","55.31","35.37"
"10","014","00","006","0608","0137","150","110","40","22","172","311","0","55.31","35.37"
"10","014","00","006","0609","0000","122","84","38","15","137","386","0","35.49","21.76"
"10","014","00","006","0609","0138","122","84","38","15","137","386","0","35.49","21.76"
"10","014","00","006","0610","0000","127","86","41","24","151","435","0","34.71","19.77"
"10","014","00","006","0610","0139","127","86","41","24","151","435","0","34.71","19.77"
"10","014","00","007","0000","0000","3124","2281","843","269","3393","7635","8518","44.44","29.88"
"10","014","00","007","0701","0000","482","346","136","49","531","1620","0","32.78","21.36"
"10","014","00","007","0701","0147","187","134","53","26","213","867","0","24.57","15.46"
"10","014","00","007","0701","0148","139","106","33","9","148","345","0","42.9","30.72"
"10","014","00","007","0701","0149","156","106","50","14","170","408","0","41.67","25.98"
"10","014","00","007","0702","0000","359","265","94","24","383","1197","0","32.0","22.14"
"10","014","00","007","0702","0146","359","265","94","24","383","1197","0","32.0","22.14"
"10","014","00","007","0703","0000","400","294","106","24","424","977","0","43.4","30.09"
"10","014","00","007","0703","0145","400","294","106","24","424","977","0","43.4","30.09"
"10","014","00","007","0704","0000","106","73","33","8","114","262","0","43.51","27.86"
"10","014","00","007","0704","0150","106","73","33","8","114","262","0","43.51","27.86"
"10","014","00","007","0705","0000","250","188","62","11","261","555","0","47.03","33.87"
"10","014","00","007","0705","0144","250","188","62","11","261","555","0","47.03","33.87"
"10","014","00","007","0706","0000","406","309","97","47","453","918","0","49.35","33.66"
"10","014","00","007","0706","0143","406","309","97","47","453","918","0","49.35","33.66"
"10","014","00","007","0707","0000","1121","806","315","106","1227","2106","0","58.26","38.27"
"10","014","00","007","0707","0140","108","76","32","20","128","290","0","44.14","26.21"
"10","014","00","007","0707","0141","328","248","80","25","353","620","0","56.94","40.0"
"10","014","00","007","0707","0142","685","482","203","61","746","1196","0","62.37","40.3"
"10","014","00","008","0000","0000","2563","1872","691","243","2806","6484","7196","43.28","28.87"
"10","014","00","008","0801","0000","259","198","61","27","286","630","0","45.4","31.43"
"10","014","00","008","0801","0160","9","7","2","4","13","25","0","52.0","28.0"
"10","014","00","008","0801","0161","250","191","59","23","273","605","0","45.12","31.57"
"10","014","00","008","0802","0000","402","284","118","54","456","1191","0","38.29","23.85"
"10","014","00","008","0802","0157","239","159","80","40","279","660","0","42.27","24.09"
"10","014","00","008","0802","0158","107","81","26","6","113","336","0","33.63","24.11"
"10","014","00","008","0802","0159","56","44","12","8","64","195","0","32.82","22.56"
"10","014","00","008","0803","0000","151","99","52","9","160","532","0","30.08","18.61"
"10","014","00","008","0803","0156","151","99","52","9","160","532","0","30.08","18.61"
"10","014","00","008","0804","0000","805","599","206","50","855","1993","0","42.9","30.06"
"10","014","00","008","0804","0154","463","347","116","22","485","1268","0","38.25","27.37"
"10","014","00","008","0804","0155","342","252","90","28","370","725","0","51.03","34.76"
"10","014","00","008","0805","0000","449","339","110","62","511","913","0","55.97","37.13"
"10","014","00","008","0805","0153","449","339","110","62","511","913","0","55.97","37.13"
"10","014","00","008","0806","0000","497","353","144","41","538","1225","0","43.92","28.82"
"10","014","00","008","0806","0151","281","195","86","28","309","536","0","57.65","36.38"
"10","014","00","008","0806","0152","216","158","58","13","229","689","0","33.24","22.93"
"10","014","00","009","0000","0000","5044","3792","1252","314","5358","9666","11186","55.43","39.23"
"10","014","00","009","0901","0000","632","464","168","51","683","1297","0","52.66","35.77"
"10","014","00","009","0901","0162","356","255","101","30","386","722","0","53.46","35.32"
"10","014","00","009","0901","0163","276","209","67","21","297","575","0","51.65","36.35"
"10","014","00","009","0902","0000","291","213","78","24","315","623","0","50.56","34.19"
"10","014","00","009","0902","0164","291","213","78","24","315","623","0","50.56","34.19"
"10","014","00","009","0903","0000","279","209","70","24","303","622","0","48.71","33.6"
"10","014","00","009","0903","0165","279","209","70","24","303","622","0","48.71","33.6"
"10","014","00","009","0904","0000","269","204","65","15","284","560","0","50.71","36.43"
"10","014","00","009","0904","0166","269","204","65","15","284","560","0","50.71","36.43"
"10","014","00","009","0905","0000","751","541","210","46","797","1410","0","56.52","38.37"
"10","014","00","009","0905","0169","395","272","123","22","417","673","0","61.96","40.42"
"10","014","00","009","0905","0170","356","269","87","24","380","737","0","51.56","36.5"
"10","014","00","009","0906","0000","928","705","223","61","989","1766","0","56.0","39.92"
"10","014","00","009","0906","0167","551","431","120","27","578","957","0","60.4","45.04"
"10","014","00","009","0906","0168","377","274","103","34","411","809","0","50.8","33.87"
"10","014","00","009","0907","0000","393","290","103","28","421","798","0","52.76","36.34"
"10","014","00","009","0907","0171","223","169","54","19","242","424","0","57.08","39.86"
"10","014","00","009","0907","0172","170","121","49","9","179","374","0","47.86","32.35"
"10","014","00","009","0908","0000","1048","825","223","31","1079","1698","0","63.55","48.59"
"10","014","00","009","0908","0173","532","417","115","19","551","829","0","66.47","50.3"
"10","014","00","009","0908","0174","516","408","108","12","528","869","0","60.76","46.95"
"10","014","00","009","0909","0000","453","341","112","34","487","892","0","54.6","38.23"
"10","014","00","009","0909","0175","118","98","20","4","122","223","0","54.71","43.95"
"10","014","00","009","0909","0176","335","243","92","30","365","669","0","54.56","36.32"
"10","014","00","010","0000","0000","2586","1874","712","192","2778","5266","6100","52.75","35.59"
"10","014","00","010","1001","0000","415","307","108","27","442","763","0","57.93","40.24"
"10","014","00","010","1001","0181","213","166","47","9","222","386","0","57.51","43.01"
"10","014","00","010","1001","0182","202","141","61","18","220","377","0","58.36","37.4"
"10","014","00","010","1002","0000","499","339","160","43","542","1134","0","47.8","29.89"
"10","014","00","010","1002","0180","499","339","160","43","542","1134","0","47.8","29.89"
"10","014","00","010","1003","0000","664","483","181","43","707","1327","0","53.28","36.4"
"10","014","00","010","1003","0179","664","483","181","43","707","1327","0","53.28","36.4"
"10","014","00","010","1004","0000","668","467","201","68","736","1474","0","49.93","31.68"
"10","014","00","010","1004","0178","668","467","201","68","736","1474","0","49.93","31.68"
"10","014","00","010","1005","0000","340","278","62","11","351","568","0","61.8","48.94"
"10","014","00","010","1005","0177","340","278","62","11","351","568","0","61.8","48.94"
"10","014","00","011","0000","0000","1537","1048","489","52","1589","3579","4097","44.4","29.28"
"10","014","00","011","1101","0000","471","317","154","15","486","1023","0","47.51","30.99"
"10","014","00","011","1101","0185","367","247","120","14","381","813","0","46.86","30.38"
"10","014","00","011","1101","0186","104","70","34","1","105","210","0","50.0","33.33"
"10","014","00","011","1102","0000","453","308","145","19","472","1082","0","43.62","28.47"
"10","014","00","011","1102","0184","453","308","145","19","472","1082","0","43.62","28.47"
"10","014","00","011","1103","0000","613","423","190","18","631","1474","0","42.81","28.7"
"10","014","00","011","1103","0183","613","423","190","18","631","1474","0","42.81","28.7"
"10","014","00","012","0000","0000","1697","1215","482","76","1773","3278","4207","54.09","37.07"
"10","014","00","012","1201","0000","375","275","100","19","394","728","0","54.12","37.77"
"10","014","00","012","1201","0190","375","275","100","19","394","728","0","54.12","37.77"
"10","014","00","012","1202","0000","143","88","55","7","150","259","0","57.92","33.98"
"10","014","00","012","1202","0191","143","88","55","7","150","259","0","57.92","33.98"
"10","014","00","012","1203","0000","143","99","44","5","148","254","0","58.27","38.98"
"10","014","00","012","1203","0192","143","99","44","5","148","254","0","58.27","38.98"
"10","014","00","012","1204","0000","474","337","137","14","488","971","0","50.26","34.71"
"10","014","00","012","1204","0189","474","337","137","14","488","971","0","50.26","34.71"
"10","014","00","012","1205","0000","314","240","74","16","330","569","0","58.0","42.18"
"10","014","00","012","1205","0188","314","240","74","16","330","569","0","58.0","42.18"
"10","014","00","012","1206","0000","248","176","72","15","263","497","0","52.92","35.41"
"10","014","00","012","1206","0187","248","176","72","15","263","497","0","52.92","35.41"
"10","014","00","013","0000","0000","1638","1176","462","63","1701","2930","3656","58.05","40.14"
"10","014","00","013","1301","0000","356","264","92","7","363","579","0","62.69","45.6"
"10","014","00","013","1301","0196","356","264","92","7","363","579","0","62.69","45.6"
"10","014","00","013","1302","0000","199","158","41","6","205","315","0","65.08","50.16"
"10","014","00","013","1302","0195","199","158","41","6","205","315","0","65.08","50.16"
"10","014","00","013","1303","0000","282","195","87","17","299","426","0","70.19","45.77"
"10","014","00","013","1303","0194","282","195","87","17","299","426","0","70.19","45.77"
"10","014","00","013","1304","0000","263","183","80","12","275","596","0","46.14","30.7"
"10","014","00","013","1304","0197","263","183","80","12","275","596","0","46.14","30.7"
"10","014","00","013","1305","0000","538","376","162","21","559","1014","0","55.13","37.08"
"10","014","00","013","1305","0193","538","376","162","21","559","1014","0","55.13","37.08"
"10","014","00","014","0000","0000","1917","1425","492","88","2005","3028","3748","66.22","47.06"
"10","014","00","014","1401","0000","367","252","115","26","393","520","0","75.58","48.46"
"10","014","00","014","1401","0200","367","252","115","26","393","520","0","75.58","48.46"
"10","014","00","014","1402","0000","422","305","117","14","436","601","0","72.55","50.75"
"10","014","00","014","1402","0199","422","305","117","14","436","601","0","72.55","50.75"
"10","014","00","014","1403","0000","701","540","161","23","724","1241","0","58.34","43.51"
"10","014","00","014","1403","0198","701","540","161","23","724","1241","0","58.34","43.51"
"10","014","00","014","1404","0000","179","132","47","8","187","336","0","55.65","39.29"
"10","014","00","014","1404","0201","179","132","47","8","187","336","0","55.65","39.29"
"10","014","00","014","1405","0000","248","196","52","17","265","330","0","80.3","59.39"
"10","014","00","014","1405","0202","248","196","52","17","265","330","0","80.3","59.39"
"10","014","00","015","0000","0000","1797","1326","471","83","1880","3137","3615","59.93","42.27"
"10","014","00","015","1501","0000","292","202","90","10","302","628","0","48.09","32.17"
"10","014","00","015","1501","0208","292","202","90","10","302","628","0","48.09","32.17"
"10","014","00","015","1502","0000","451","292","159","25","476","867","0","54.9","33.68"
"10","014","00","015","1502","0209","451","292","159","25","476","867","0","54.9","33.68"
"10","014","00","015","1503","0000","222","179","43","11","233","331","0","70.39","54.08"
"10","014","00","015","1503","0207","222","179","43","11","233","331","0","70.39","54.08"
"10","014","00","015","1504","0000","367","310","57","12","379","586","0","64.68","52.9"
"10","014","00","015","1504","0203","150","127","23","4","154","246","0","62.6","51.63"
"10","014","00","015","1504","0204","217","183","34","8","225","340","0","66.18","53.82"
"10","014","00","015","1505","0000","279","209","70","16","295","429","0","68.76","48.72"
"10","014","00","015","1505","0206","279","209","70","16","295","429","0","68.76","48.72"
"10","014","00","015","1506","0000","186","134","52","9","195","296","0","65.88","45.27"
"10","014","00","015","1506","0205","186","134","52","9","195","296","0","65.88","45.27"
"10","014","00","016","0000","0000","1599","999","600","72","1671","4181","5114","39.97","23.89"
"10","014","00","016","1601","0000","460","307","153","13","473","1240","0","38.15","24.76"
"10","014","00","016","1601","0212","460","307","153","13","473","1240","0","38.15","24.76"
"10","014","00","016","1602","0000","264","146","118","15","279","760","0","36.71","19.21"
"10","014","00","016","1602","0213","264","146","118","15","279","760","0","36.71","19.21"
"10","014","00","016","1603","0000","500","306","194","24","524","1238","0","42.33","24.72"
"10","014","00","016","1603","0211","500","306","194","24","524","1238","0","42.33","24.72"
"10","014","00","016","1604","0000","375","240","135","20","395","943","0","41.89","25.45"
"10","014","00","016","1604","0210","375","240","135","20","395","943","0","41.89","25.45"
"10","016","00","000","0000","0000","38964","27546","11418","2193","41157","90405","104400","45.53","30.47"
"10","016","00","001","0000","0000","25114","17651","7463","1229","26343","53655","62523","49.1","32.9"
"10","016","00","001","0102","0000","215","151","64","10","225","481","0","46.78","31.39"
"10","016","00","001","0102","0001","215","151","64","10","225","481","0","46.78","31.39"
"10","016","00","001","0103","0000","277","203","74","11","288","558","0","51.61","36.38"
"10","016","00","001","0103","0002","277","203","74","11","288","558","0","51.61","36.38"
"10","016","00","001","0104","0000","238","181","57","26","264","533","0","49.53","33.96"
"10","016","00","001","0104","0003","238","181","57","26","264","533","0","49.53","33.96"
"10","016","00","001","0105","0000","461","317","144","21","482","922","0","52.28","34.38"
"10","016","00","001","0105","0004","461","317","144","21","482","922","0","52.28","34.38"
"10","016","00","001","0106","0000","538","374","164","22","560","1021","0","54.85","36.63"
"10","016","00","001","0106","0005","538","374","164","22","560","1021","0","54.85","36.63"
"10","016","00","001","0107","0000","382","253","129","22","404","793","0","50.95","31.9"
"10","016","00","001","0107","0006","382","253","129","22","404","793","0","50.95","31.9"
"10","016","00","001","0108","0000","972","681","291","45","1017","1955","0","52.02","34.83"
"10","016","00","001","0108","0007","489","343","146","24","513","954","0","53.77","35.95"
"10","016","00","001","0108","0008","483","338","145","21","504","1001","0","50.35","33.77"
"10","016","00","001","0109","0000","1999","1467","532","88","2087","4130","0","50.53","35.52"
"10","016","00","001","0109","0010","620","468","152","40","660","1402","0","47.08","33.38"
"10","016","00","001","0109","0011","707","524","183","22","729","1389","0","52.48","37.72"
"10","016","00","001","0109","0012","672","475","197","26","698","1339","0","52.13","35.47"
"10","016","00","001","0110","0000","513","352","161","23","536","1192","0","44.97","29.53"
"10","016","00","001","0110","0009","513","352","161","23","536","1192","0","44.97","29.53"
"10","016","00","001","0111","0000","2494","1792","702","119","2613","5281","0","49.48","33.93"
"10","016","00","001","0111","0013","558","402","156","29","587","1254","0","46.81","32.06"
"10","016","00","001","0111","0014","569","423","146","32","601","1194","0","50.34","35.43"
"10","016","00","001","0111","0015","632","448","184","41","673","1393","0","48.31","32.16"
"10","016","00","001","0111","0016","735","519","216","17","752","1440","0","52.22","36.04"
"10","016","00","001","0112","0000","1151","829","322","80","1231","2499","0","49.26","33.17"
"10","016","00","001","0112","0017","555","370","185","43","598","1215","0","49.22","30.45"
"10","016","00","001","0112","0018","596","459","137","37","633","1284","0","49.3","35.75"
"10","016","00","001","0113","0000","712","533","179","34","746","1512","0","49.34","35.25"
"10","016","00","001","0113","0019","712","533","179","34","746","1512","0","49.34","35.25"
"10","016","00","001","0114","0000","2819","1512","1307","87","2906","6044","0","48.08","25.02"
"10","016","00","001","0114","0020","531","365","166","37","568","1181","0","48.09","30.91"
"10","016","00","001","0114","0021","651","465","186","27","678","1348","0","50.3","34.5"
"10","016","00","001","0114","0022","702","389","313","15","717","1391","0","51.55","27.97"
"10","016","00","001","0114","0023","935","293","642","8","943","2124","0","44.4","13.79"
"10","016","00","001","0115","0000","1473","1108","365","50","1523","3082","0","49.42","35.95"
"10","016","00","001","0115","0024","717","531","186","26","743","1500","0","49.53","35.4"
"10","016","00","001","0115","0025","756","577","179","24","780","1582","0","49.3","36.47"
"10","016","00","001","0116","0000","1561","1112","449","55","1616","3192","0","50.63","34.84"
"10","016","00","001","0116","0026","777","561","216","22","799","1638","0","48.78","34.25"
"10","016","00","001","0116","0027","784","551","233","33","817","1554","0","52.57","35.46"
"10","016","00","001","0117","0000","799","569","230","36","835","1872","0","44.6","30.4"
"10","016","00","001","0117","0028","368","262","106","16","384","980","0","39.18","26.73"
"10","016","00","001","0117","0029","431","307","124","20","451","892","0","50.56","34.42"
"10","016","00","001","0118","0000","311","218","93","11","322","778","0","41.39","28.02"
"10","016","00","001","0118","0030","311","218","93","11","322","778","0","41.39","28.02"
"10","016","00","001","0119","0000","456","326","130","23","479","930","0","51.51","35.05"
"10","016","00","001","0119","0031","456","326","130","23","479","930","0","51.51","35.05"
"10","016","00","001","0120","0000","1429","1051","378","39","1468","2609","0","56.27","40.28"
"10","016","00","001","0120","0032","840","617","223","23","863","1481","0","58.27","41.66"
"10","016","00","001","0120","0033","589","434","155","16","605","1128","0","53.63","38.48"
"10","016","00","001","0121","0000","213","171","42","16","229","415","0","55.18","41.2"
"10","016","00","001","0121","0034","213","171","42","16","229","415","0","55.18","41.2"
"10","016","00","001","0122","0000","1033","774","259","42","1075","2070","0","51.93","37.39"
"10","016","00","001","0122","0035","536","399","137","23","559","1120","0","49.91","35.63"
"10","016","00","001","0122","0036","497","375","122","19","516","950","0","54.32","39.47"
"10","016","00","001","0123","0000","264","190","74","17","281","627","0","44.82","30.3"
"10","016","00","001","0123","0037","264","190","74","17","281","627","0","44.82","30.3"
"10","016","00","001","0124","0000","484","373","111","36","520","989","0","52.58","37.71"
"10","016","00","001","0124","0039","484","373","111","36","520","989","0","52.58","37.71"
"10","016","00","001","0125","0000","532","386","146","20","552","1055","0","52.32","36.59"
"10","016","00","001","0125","0038","532","386","146","20","552","1055","0","52.32","36.59"
"10","016","00","001","0126","0000","298","205","93","33","331","591","0","56.01","34.69"
"10","016","00","001","0126","0040","298","205","93","33","331","591","0","56.01","34.69"
"10","016","00","001","0127","0000","783","590","193","53","836","1700","0","49.18","34.71"
"10","016","00","001","0127","0043","374","288","86","32","406","797","0","50.94","36.14"
"10","016","00","001","0127","0044","409","302","107","21","430","903","0","47.62","33.44"
"10","016","00","001","0128","0000","1038","741","297","96","1134","2466","0","45.99","30.05"
"10","016","00","001","0128","0041","610","443","167","52","662","1387","0","47.73","31.94"
"10","016","00","001","0128","0042","428","298","130","44","472","1079","0","43.74","27.62"
"10","016","00","001","0129","0000","160","101","59","15","175","376","0","46.54","26.86"
"10","016","00","001","0129","0045","160","101","59","15","175","376","0","46.54","26.86"
"10","016","00","001","0130","0000","181","112","69","14","195","371","0","52.56","30.19"
"10","016","00","001","0130","0046","181","112","69","14","195","371","0","52.56","30.19"
"10","016","00","001","0131","0000","472","354","118","23","495","1173","0","42.2","30.18"
"10","016","00","001","0131","0047","472","354","118","23","495","1173","0","42.2","30.18"
"10","016","00","001","0132","0000","504","369","135","22","526","1389","0","37.87","26.57"
"10","016","00","001","0132","0048","504","369","135","22","526","1389","0","37.87","26.57"
"10","016","00","001","0133","0000","189","140","49","25","214","761","0","28.12","18.4"
"10","016","00","001","0133","0049","189","140","49","25","214","761","0","28.12","18.4"
"10","016","00","001","0134","0000","163","116","47","15","178","288","0","61.81","40.28"
"10","016","00","001","0134","0050","163","116","47","15","178","288","0","61.81","40.28"
"10","016","00","002","0000","0000","5311","3855","1456","319","5630","12741","14533","44.19","30.26"
"10","016","00","002","0201","0000","553","418","135","30","583","1120","0","52.05","37.32"
"10","016","00","002","0201","0051","553","418","135","30","583","1120","0","52.05","37.32"
"10","016","00","002","0202","0000","133","97","36","8","141","332","0","42.47","29.22"
"10","016","00","002","0202","0052","133","97","36","8","141","332","0","42.47","29.22"
"10","016","00","002","0203","0000","92","71","21","2","94","242","0","38.84","29.34"
"10","016","00","002","0203","0053","92","71","21","2","94","242","0","38.84","29.34"
"10","016","00","002","0204","0000","109","75","34","6","115","293","0","39.25","25.6"
"10","016","00","002","0204","0054","109","75","34","6","115","293","0","39.25","25.6"
"10","016","00","002","0205","0000","246","173","73","30","276","666","0","41.44","25.98"
"10","016","00","002","0205","0055","246","173","73","30","276","666","0","41.44","25.98"
"10","016","00","002","0206","0000","147","109","38","16","163","326","0","50.0","33.44"
"10","016","00","002","0206","0056","147","109","38","16","163","326","0","50.0","33.44"
"10","016","00","002","0207","0000","282","203","79","16","298","732","0","40.71","27.73"
"10","016","00","002","0207","0057","282","203","79","16","298","732","0","40.71","27.73"
"10","016","00","002","0208","0000","289","216","73","11","300","651","0","46.08","33.18"
"10","016","00","002","0208","0058","289","216","73","11","300","651","0","46.08","33.18"
"10","016","00","002","0209","0000","323","235","88","14","337","744","0","45.3","31.59"
"10","016","00","002","0209","0059","323","235","88","14","337","744","0","45.3","31.59"
"10","016","00","002","0210","0000","71","55","16","2","73","134","0","54.48","41.04"
"10","016","00","002","0210","0060","71","55","16","2","73","134","0","54.48","41.04"
"10","016","00","002","0211","0000","75","59","16","3","78","216","0","36.11","27.31"
"10","016","00","002","0211","0062","75","59","16","3","78","216","0","36.11","27.31"
"10","016","00","002","0212","0000","122","96","26","12","134","279","0","48.03","34.41"
"10","016","00","002","0212","0064","122","96","26","12","134","279","0","48.03","34.41"
"10","016","00","002","0213","0000","185","139","46","12","197","664","0","29.67","20.93"
"10","016","00","002","0213","0063","185","139","46","12","197","664","0","29.67","20.93"
"10","016","00","002","0214","0000","151","124","27","3","154","296","0","52.03","41.89"
"10","016","00","002","0214","0065","151","124","27","3","154","296","0","52.03","41.89"
"10","016","00","002","0215","0000","281","190","91","17","298","794","0","37.53","23.93"
"10","016","00","002","0215","0061","281","190","91","17","298","794","0","37.53","23.93"
"10","016","00","002","0216","0000","120","82","38","1","121","257","0","47.08","31.91"
"10","016","00","002","0216","0066","120","82","38","1","121","257","0","47.08","31.91"
"10","016","00","002","0217","0000","27","20","7","2","29","89","0","32.58","22.47"
"10","016","00","002","0217","0067","27","20","7","2","29","89","0","32.58","22.47"
"10","016","00","002","0218","0000","382","263","119","17","399","815","0","48.96","32.27"
"10","016","00","002","0218","0068","382","263","119","17","399","815","0","48.96","32.27"
"10","016","00","002","0219","0000","383","270","113","15","398","975","0","40.82","27.69"
"10","016","00","002","0219","0069","383","270","113","15","398","975","0","40.82","27.69"
"10","016","00","002","0220","0000","298","213","85","24","322","648","0","49.69","32.87"
"10","016","00","002","0220","0070","298","213","85","24","322","648","0","49.69","32.87"
"10","016","00","002","0221","0000","758","543","215","70","828","1739","0","47.61","31.22"
"10","016","00","002","0221","0071","371","263","108","19","390","893","0","43.67","29.45"
"10","016","00","002","0221","0072","387","280","107","51","438","846","0","51.77","33.1"
"10","016","00","002","0222","0000","284","204","80","8","292","729","0","40.05","27.98"
"10","016","00","002","0222","0073","284","204","80","8","292","729","0","40.05","27.98"
"10","016","00","003","0000","0000","3467","2506","961","230","3697","8625","9856","42.86","29.06"
"10","016","00","003","0301","0000","244","173","71","12","256","514","0","49.81","33.66"
"10","016","00","003","0301","0074","244","173","71","12","256","514","0","49.81","33.66"
"10","016","00","003","0302","0000","331","227","104","9","340","657","0","51.75","34.55"
"10","016","00","003","0302","0075","331","227","104","9","340","657","0","51.75","34.55"
"10","016","00","003","0303","0000","68","54","14","4","72","109","0","66.06","49.54"
"10","016","00","003","0303","0076","68","54","14","4","72","109","0","66.06","49.54"
"10","016","00","003","0304","0000","66","44","22","3","69","156","0","44.23","28.21"
"10","016","00","003","0304","0077","66","44","22","3","69","156","0","44.23","28.21"
"10","016","00","003","0305","0000","118","77","41","4","122","293","0","41.64","26.28"
"10","016","00","003","0305","0078","118","77","41","4","122","293","0","41.64","26.28"
"10","016","00","003","0306","0000","68","46","22","4","72","231","0","31.17","19.91"
"10","016","00","003","0306","0079","68","46","22","4","72","231","0","31.17","19.91"
"10","016","00","003","0307","0000","82","57","25","6","88","161","0","54.66","35.4"
"10","016","00","003","0307","0080","82","57","25","6","88","161","0","54.66","35.4"
"10","016","00","003","0308","0000","757","536","221","33","790","1705","0","46.33","31.44"
"10","016","00","003","0308","0081","757","536","221","33","790","1705","0","46.33","31.44"
"10","016","00","003","0309","0000","119","90","29","8","127","285","0","44.56","31.58"
"10","016","00","003","0309","0082","119","90","29","8","127","285","0","44.56","31.58"
"10","016","00","003","0310","0000","217","152","65","13","230","723","0","31.81","21.02"
"10","016","00","003","0310","0083","217","152","65","13","230","723","0","31.81","21.02"
"10","016","00","003","0311","0000","261","185","76","25","286","774","0","36.95","23.9"
"10","016","00","003","0311","0084","261","185","76","25","286","774","0","36.95","23.9"
"10","016","00","003","0312","0000","470","352","118","50","520","1429","0","36.39","24.63"
"10","016","00","003","0312","0085","470","352","118","50","520","1429","0","36.39","24.63"
"10","016","00","003","0313","0000","467","377","90","41","508","1084","0","46.86","34.78"
"10","016","00","003","0313","0086","467","377","90","41","508","1084","0","46.86","34.78"
"10","016","00","003","0314","0000","119","86","33","7","126","251","0","50.2","34.26"
"10","016","00","003","0314","0087","119","86","33","7","126","251","0","50.2","34.26"
"10","016","00","003","0315","0000","80","50","30","11","91","253","0","35.97","19.76"
"10","016","00","003","0315","0088","80","50","30","11","91","253","0","35.97","19.76"
"10","016","00","004","0000","0000","2298","1620","678","252","2550","7382","8396","34.54","21.95"
"10","016","00","004","0401","0000","50","30","20","1","51","283","0","18.02","10.6"
"10","016","00","004","0401","0089","50","30","20","1","51","283","0","18.02","10.6"
"10","016","00","004","0402","0000","111","71","40","10","121","424","0","28.54","16.75"
"10","016","00","004","0402","0090","111","71","40","10","121","424","0","28.54","16.75"
"10","016","00","004","0403","0000","100","67","33","9","109","282","0","38.65","23.76"
"10","016","00","004","0403","0092","100","67","33","9","109","282","0","38.65","23.76"
"10","016","00","004","0404","0000","256","180","76","36","292","826","0","35.35","21.79"
"10","016","00","004","0404","0091","256","180","76","36","292","826","0","35.35","21.79"
"10","016","00","004","0405","0000","236","148","88","28","264","661","0","39.94","22.39"
"10","016","00","004","0405","0093","236","148","88","28","264","661","0","39.94","22.39"
"10","016","00","004","0406","0000","28","15","13","2","30","141","0","21.28","10.64"
"10","016","00","004","0406","0094","28","15","13","2","30","141","0","21.28","10.64"
"10","016","00","004","0407","0000","194","154","40","8","202","635","0","31.81","24.25"
"10","016","00","004","0407","0095","194","154","40","8","202","635","0","31.81","24.25"
"10","016","00","004","0408","0000","72","60","12","3","75","216","0","34.72","27.78"
"10","016","00","004","0408","0096","72","60","12","3","75","216","0","34.72","27.78"
"10","016","00","004","0409","0000","124","96","28","15","139","572","0","24.3","16.78"
"10","016","00","004","0409","0097","124","96","28","15","139","572","0","24.3","16.78"
"10","016","00","004","0410","0000","447","330","117","68","515","1267","0","40.65","26.05"
"10","016","00","004","0410","0098","447","330","117","68","515","1267","0","40.65","26.05"
"10","016","00","004","0411","0000","680","469","211","72","752","2075","0","36.24","22.6"
"10","016","00","004","0411","0099","290","214","76","22","312","942","0","33.12","22.72"
"10","016","00","004","0411","0100","390","255","135","50","440","1133","0","38.83","22.51"
"10","016","00","005","0000","0000","1805","1270","535","105","1910","4628","5237","41.27","27.44"
"10","016","00","005","0501","0000","308","203","105","23","331","734","0","45.1","27.66"
"10","016","00","005","0501","0101","308","203","105","23","331","734","0","45.1","27.66"
"10","016","00","005","0502","0000","180","142","38","10","190","454","0","41.85","31.28"
"10","016","00","005","0502","0102","180","142","38","10","190","454","0","41.85","31.28"
"10","016","00","005","0503","0000","109","80","29","4","113","300","0","37.67","26.67"
"10","016","00","005","0503","0103","109","80","29","4","113","300","0","37.67","26.67"
"10","016","00","005","0504","0000","209","146","63","29","238","471","0","50.53","31.0"
"10","016","00","005","0504","0104","209","146","63","29","238","471","0","50.53","31.0"
"10","016","00","005","0505","0000","537","399","138","23","560","1414","0","39.6","28.22"
"10","016","00","005","0505","0105","239","169","70","7","246","672","0","36.61","25.15"
"10","016","00","005","0505","0106","298","230","68","16","314","742","0","42.32","31.0"
"10","016","00","005","0506","0000","209","133","76","5","214","476","0","44.96","27.94"
"10","016","00","005","0506","0108","209","133","76","5","214","476","0","44.96","27.94"
"10","016","00","005","0507","0000","60","33","27","2","62","208","0","29.81","15.87"
"10","016","00","005","0507","0109","60","33","27","2","62","208","0","29.81","15.87"
"10","016","00","005","0508","0000","107","77","30","4","111","264","0","42.05","29.17"
"10","016","00","005","0508","0107","107","77","30","4","111","264","0","42.05","29.17"
"10","016","00","005","0509","0000","86","57","29","5","91","307","0","29.64","18.57"
"10","016","00","005","0509","0110","86","57","29","5","91","307","0","29.64","18.57"
"10","016","00","006","0000","0000","969","644","325","58","1027","3374","3855","30.44","19.09"
"10","016","00","006","0601","0000","59","41","18","7","66","248","0","26.61","16.53"
"10","016","00","006","0601","0111","59","41","18","7","66","248","0","26.61","16.53"
"10","016","00","006","0602","0000","190","129","61","14","204","581","0","35.11","22.2"
"10","016","00","006","0602","0112","190","129","61","14","204","581","0","35.11","22.2"
"10","016","00","006","0603","0000","209","126","83","19","228","641","0","35.57","19.66"
"10","016","00","006","0603","0113","209","126","83","19","228","641","0","35.57","19.66"
"10","016","00","006","0604","0000","118","91","27","3","121","382","0","31.68","23.82"
"10","016","00","006","0604","0114","118","91","27","3","121","382","0","31.68","23.82"
"10","016","00","006","0605","0000","84","57","27","2","86","351","0","24.5","16.24"
"10","016","00","006","0605","0115","84","57","27","2","86","351","0","24.5","16.24"
"10","016","00","006","0606","0000","309","200","109","13","322","1171","0","27.5","17.08"
"10","016","00","006","0606","0116","309","200","109","13","322","1171","0","27.5","17.08"
"10","017","00","000","0000","0000","159612","106801","52811","6826","166438","320030","370269","52.01","33.37"
"10","017","00","001","0000","0000","20634","13964","6670","1086","21720","45545","51716","47.69","30.66"
"10","017","00","001","0101","0000","421","278","143","24","445","709","0","62.76","39.21"
"10","017","00","001","0101","0035","421","278","143","24","445","709","0","62.76","39.21"
"10","017","00","001","0102","0000","602","408","194","41","643","1219","0","52.75","33.47"
"10","017","00","001","0102","0033","602","408","194","41","643","1219","0","52.75","33.47"
"10","017","00","001","0103","0000","448","301","147","26","474","904","0","52.43","33.3"
"10","017","00","001","0103","0034","448","301","147","26","474","904","0","52.43","33.3"
"10","017","00","001","0104","0000","519","338","181","33","552","1037","0","53.23","32.59"
"10","017","00","001","0104","0032","519","338","181","33","552","1037","0","53.23","32.59"
"10","017","00","001","0105","0000","645","443","202","39","684","1210","0","56.53","36.61"
"10","017","00","001","0105","0031","645","443","202","39","684","1210","0","56.53","36.61"
"10","017","00","001","0106","0000","582","364","218","47","629","1175","0","53.53","30.98"
"10","017","00","001","0106","0030","582","364","218","47","629","1175","0","53.53","30.98"
"10","017","00","001","0107","0000","589","410","179","32","621","1267","0","49.01","32.36"
"10","017","00","001","0107","0029","589","410","179","32","621","1267","0","49.01","32.36"
"10","017","00","001","0108","0000","395","270","125","34","429","802","0","53.49","33.67"
"10","017","00","001","0108","0028","395","270","125","34","429","802","0","53.49","33.67"
"10","017","00","001","0109","0000","624","427","197","30","654","1594","0","41.03","26.79"
"10","017","00","001","0109","0027","624","427","197","30","654","1594","0","41.03","26.79"
"10","017","00","001","0110","0000","1088","728","360","67","1155","2316","0","49.87","31.43"
"10","017","00","001","0110","0025","442","293","149","38","480","859","0","55.88","34.11"
"10","017","00","001","0110","0026","646","435","211","29","675","1457","0","46.33","29.86"
"10","017","00","001","0111","0000","693","461","232","47","740","1341","0","55.18","34.38"
"10","017","00","001","0111","0024","693","461","232","47","740","1341","0","55.18","34.38"
"10","017","00","001","0112","0000","941","627","314","57","998","2000","0","49.9","31.35"
"10","017","00","001","0112","0022","540","345","195","34","574","1138","0","50.44","30.32"
"10","017","00","001","0112","0023","401","282","119","23","424","862","0","49.19","32.71"
"10","017","00","001","0113","0000","1010","690","320","39","1049","1960","0","53.52","35.2"
"10","017","00","001","0113","0020","560","392","168","19","579","1090","0","53.12","35.96"
"10","017","00","001","0113","0021","450","298","152","20","470","870","0","54.02","34.25"
"10","017","00","001","0114","0000","602","399","203","35","637","1270","0","50.16","31.42"
"10","017","00","001","0114","0019","602","399","203","35","637","1270","0","50.16","31.42"
"10","017","00","001","0115","0000","546","410","136","25","571","1166","0","48.97","35.16"
"10","017","00","001","0115","0016","546","410","136","25","571","1166","0","48.97","35.16"
"10","017","00","001","0116","0000","836","561","275","53","889","1753","0","50.71","32.0"
"10","017","00","001","0116","0014","836","561","275","53","889","1753","0","50.71","32.0"
"10","017","00","001","0117","0000","419","286","133","28","447","984","0","45.43","29.07"
"10","017","00","001","0117","0015","419","286","133","28","447","984","0","45.43","29.07"
"10","017","00","001","0118","0000","565","397","168","40","605","1261","0","47.98","31.48"
"10","017","00","001","0118","0013","565","397","168","40","605","1261","0","47.98","31.48"
"10","017","00","001","0119","0000","618","420","198","41","659","1474","0","44.71","28.49"
"10","017","00","001","0119","0005","618","420","198","41","659","1474","0","44.71","28.49"
"10","017","00","001","0120","0000","508","329","179","48","556","1271","0","43.75","25.89"
"10","017","00","001","0120","0006","508","329","179","48","556","1271","0","43.75","25.89"
"10","017","00","001","0121","0000","245","165","80","17","262","466","0","56.22","35.41"
"10","017","00","001","0121","0001","245","165","80","17","262","466","0","56.22","35.41"
"10","017","00","001","0122","0000","2119","1446","673","75","2194","5256","0","41.74","27.51"
"10","017","00","001","0122","0002","538","353","185","19","557","1262","0","44.14","27.97"
"10","017","00","001","0122","0003","518","349","169","42","560","1171","0","47.82","29.8"
"10","017","00","001","0122","0004","1063","744","319","14","1077","2823","0","38.15","26.35"
"10","017","00","001","0123","0000","619","389","230","20","639","1694","0","37.72","22.96"
"10","017","00","001","0123","0018","619","389","230","20","639","1694","0","37.72","22.96"
"10","017","00","001","0124","0000","462","296","166","15","477","973","0","49.02","30.42"
"10","017","00","001","0124","0017","462","296","166","15","477","973","0","49.02","30.42"
"10","017","00","001","0125","0000","2404","1633","771","63","2467","5430","0","45.43","30.07"
"10","017","00","001","0125","0010","642","412","230","15","657","1352","0","48.59","30.47"
"10","017","00","001","0125","0011","648","459","189","15","663","1413","0","46.92","32.48"
"10","017","00","001","0125","0012","1114","762","352","33","1147","2665","0","43.04","28.59"
"10","017","00","001","0126","0000","2134","1488","646","110","2244","5013","0","44.76","29.68"
"10","017","00","001","0126","0007","1142","792","350","31","1173","2707","0","43.33","29.26"
"10","017","00","001","0126","0008","685","473","212","64","749","1545","0","48.48","30.61"
"10","017","00","001","0126","0009","307","223","84","15","322","761","0","42.31","29.3"
"10","017","00","002","0000","0000","23628","15867","7761","1044","24672","46256","53819","53.34","34.3"
"10","017","00","002","0201","0000","1984","1364","620","94","2078","3754","0","55.35","36.33"
"10","017","00","002","0201","0219","675","486","189","41","716","1258","0","56.92","38.63"
"10","017","00","002","0201","0220","658","456","202","36","694","1237","0","56.1","36.86"
"10","017","00","002","0201","0221","651","422","229","17","668","1259","0","53.06","33.52"
"10","017","00","002","0202","0000","1151","783","368","61","1212","2464","0","49.19","31.78"
"10","017","00","002","0202","0222","544","368","176","35","579","1120","0","51.7","32.86"
"10","017","00","002","0202","0223","607","415","192","26","633","1344","0","47.1","30.88"
"10","017","00","002","0203","0000","1919","1317","602","94","2013","3568","0","56.42","36.91"
"10","017","00","002","0203","0226","933","663","270","42","975","1735","0","56.2","38.21"
"10","017","00","002","0203","0227","986","654","332","52","1038","1833","0","56.63","35.68"
"10","017","00","002","0204","0000","1065","712","353","44","1109","1900","0","58.37","37.47"
"10","017","00","002","0204","0228","520","345","175","15","535","938","0","57.04","36.78"
"10","017","00","002","0204","0229","545","367","178","29","574","962","0","59.67","38.15"
"10","017","00","002","0205","0000","1219","839","380","37","1256","2190","0","57.35","38.31"
"10","017","00","002","0205","0230","659","442","217","19","678","1191","0","56.93","37.11"
"10","017","00","002","0205","0231","560","397","163","18","578","999","0","57.86","39.74"
"10","017","00","002","0206","0000","736","477","259","43","779","1525","0","51.08","31.28"
"10","017","00","002","0206","0232","131","88","43","8","139","282","0","49.29","31.21"
"10","017","00","002","0206","0233","605","389","216","35","640","1243","0","51.49","31.3"
"10","017","00","002","0207","0000","550","374","176","35","585","1092","0","53.57","34.25"
"10","017","00","002","0207","0234","550","374","176","35","585","1092","0","53.57","34.25"
"10","017","00","002","0208","0000","1110","745","365","45","1155","2260","0","51.11","32.96"
"10","017","00","002","0208","0238","462","324","138","17","479","975","0","49.13","33.23"
"10","017","00","002","0208","0239","648","421","227","28","676","1285","0","52.61","32.76"
"10","017","00","002","0209","0000","2158","1435","723","94","2252","4286","0","52.54","33.48"
"10","017","00","002","0209","0235","645","424","221","26","671","1246","0","53.85","34.03"
"10","017","00","002","0209","0236","824","542","282","43","867","1722","0","50.35","31.48"
"10","017","00","002","0209","0237","689","469","220","25","714","1318","0","54.17","35.58"
"10","017","00","002","0210","0000","1780","1199","581","87","1867","3463","0","53.91","34.62"
"10","017","00","002","0210","0244","910","627","283","46","956","1774","0","53.89","35.34"
"10","017","00","002","0210","0245","870","572","298","41","911","1689","0","53.94","33.87"
"10","017","00","002","0211","0000","937","629","308","55","992","2066","0","48.02","30.45"
"10","017","00","002","0211","0240","486","322","164","35","521","1077","0","48.38","29.9"
"10","017","00","002","0211","0241","451","307","144","20","471","989","0","47.62","31.04"
"10","017","00","002","0212","0000","226","157","69","6","232","428","0","54.21","36.68"
"10","017","00","002","0212","0253","226","157","69","6","232","428","0","54.21","36.68"
"10","017","00","002","0213","0000","185","120","65","14","199","326","0","61.04","36.81"
"10","017","00","002","0213","0254","185","120","65","14","199","326","0","61.04","36.81"
"10","017","00","002","0214","0000","237","173","64","14","251","351","0","71.51","49.29"
"10","017","00","002","0214","0255","237","173","64","14","251","351","0","71.51","49.29"
"10","017","00","002","0215","0000","855","568","287","26","881","1871","0","47.09","30.36"
"10","017","00","002","0215","0256","855","568","287","26","881","1871","0","47.09","30.36"
"10","017","00","002","0216","0000","225","163","62","8","233","448","0","52.01","36.38"
"10","017","00","002","0216","0257","225","163","62","8","233","448","0","52.01","36.38"
"10","017","00","002","0217","0000","1090","736","354","38","1128","1936","0","58.26","38.02"
"10","017","00","002","0217","0224","594","402","192","27","621","1011","0","61.42","39.76"
"10","017","00","002","0217","0225","496","334","162","11","507","925","0","54.81","36.11"
"10","017","00","002","0218","0000","2939","1915","1024","116","3055","6059","0","50.42","31.61"
"10","017","00","002","0218","0246","659","444","215","36","695","1355","0","51.29","32.77"
"10","017","00","002","0218","0247","730","440","290","36","766","1512","0","50.66","29.1"
"10","017","00","002","0218","0248","709","467","242","21","730","1486","0","49.13","31.43"
"10","017","00","002","0218","0249","841","564","277","23","864","1706","0","50.64","33.06"
"10","017","00","002","0219","0000","2052","1365","687","78","2130","3803","0","56.01","35.89"
"10","017","00","002","0219","0250","730","487","243","31","761","1384","0","54.99","35.19"
"10","017","00","002","0219","0251","610","414","196","24","634","1045","0","60.67","39.62"
"10","017","00","002","0219","0252","712","464","248","23","735","1374","0","53.49","33.77"
"10","017","00","002","0220","0000","1210","796","414","55","1265","2466","0","51.3","32.28"
"10","017","00","002","0220","0242","571","372","199","27","598","1193","0","50.13","31.18"
"10","017","00","002","0220","0243","639","424","215","28","667","1273","0","52.4","33.31"
"10","017","00","003","0000","0000","17191","11394","5797","575","17766","33225","38606","53.47","34.29"
"10","017","00","003","0301","0000","681","447","234","27","708","1431","0","49.48","31.24"
"10","017","00","003","0301","0191","681","447","234","27","708","1431","0","49.48","31.24"
"10","017","00","003","0302","0000","344","227","117","20","364","637","0","57.14","35.64"
"10","017","00","003","0302","0193","344","227","117","20","364","637","0","57.14","35.64"
"10","017","00","003","0303","0000","421","290","131","22","443","735","0","60.27","39.46"
"10","017","00","003","0303","0194","421","290","131","22","443","735","0","60.27","39.46"
"10","017","00","003","0304","0000","1773","1152","621","65","1838","3641","0","50.48","31.64"
"10","017","00","003","0304","0195","509","358","151","22","531","1078","0","49.26","33.21"
"10","017","00","003","0304","0196","602","370","232","31","633","1238","0","51.13","29.89"
"10","017","00","003","0304","0197","662","424","238","12","674","1325","0","50.87","32.0"
"10","017","00","003","0305","0000","1389","931","458","58","1447","2626","0","55.1","35.45"
"10","017","00","003","0305","0206","698","468","230","31","729","1267","0","57.54","36.94"
"10","017","00","003","0305","0207","691","463","228","27","718","1359","0","52.83","34.07"
"10","017","00","003","0306","0000","1542","1055","487","58","1600","2916","0","54.87","36.18"
"10","017","00","003","0306","0208","550","393","157","24","574","970","0","59.18","40.52"
"10","017","00","003","0306","0209","523","356","167","13","536","1002","0","53.49","35.53"
"10","017","00","003","0306","0210","469","306","163","21","490","944","0","51.91","32.42"
"10","017","00","003","0307","0000","1293","860","433","52","1345","2553","0","52.68","33.69"
"10","017","00","003","0307","0200","628","414","214","33","661","1110","0","59.55","37.3"
"10","017","00","003","0307","0201","665","446","219","19","684","1443","0","47.4","30.91"
"10","017","00","003","0308","0000","1435","967","468","35","1470","2654","0","55.39","36.44"
"10","017","00","003","0308","0198","879","604","275","17","896","1475","0","60.75","40.95"
"10","017","00","003","0308","0199","556","363","193","18","574","1179","0","48.69","30.79"
"10","017","00","003","0309","0000","214","143","71","12","226","415","0","54.46","34.46"
"10","017","00","003","0309","0202","214","143","71","12","226","415","0","54.46","34.46"
"10","017","00","003","0310","0000","2364","1543","821","87","2451","4551","0","53.86","33.9"
"10","017","00","003","0310","0203","679","429","250","17","696","1378","0","50.51","31.13"
"10","017","00","003","0310","0204","796","522","274","24","820","1570","0","52.23","33.25"
"10","017","00","003","0310","0205","889","592","297","46","935","1603","0","58.33","36.93"
"10","017","00","003","0311","0000","237","162","75","7","244","456","0","53.51","35.53"
"10","017","00","003","0311","0192","237","162","75","7","244","456","0","53.51","35.53"
"10","017","00","003","0312","0000","2658","1731","927","64","2722","4893","0","55.63","35.38"
"10","017","00","003","0312","0215","719","467","252","20","739","1328","0","55.65","35.17"
"10","017","00","003","0312","0216","622","411","211","7","629","1173","0","53.62","35.04"
"10","017","00","003","0312","0217","580","363","217","26","606","1019","0","59.47","35.62"
"10","017","00","003","0312","0218","737","490","247","11","748","1373","0","54.48","35.69"
"10","017","00","003","0313","0000","2840","1886","954","68","2908","5717","0","50.87","32.99"
"10","017","00","003","0313","0211","829","543","286","20","849","1500","0","56.6","36.2"
"10","017","00","003","0313","0212","580","393","187","20","600","1442","0","41.61","27.25"
"10","017","00","003","0313","0213","629","414","215","6","635","1165","0","54.51","35.54"
"10","017","00","003","0313","0214","802","536","266","22","824","1610","0","51.18","33.29"
"10","017","00","004","0000","0000","18669","12588","6081","1020","19689","36738","43950","53.59","34.26"
"10","017","00","004","0401","0000","656","525","131","79","735","1782","0","41.25","29.46"
"10","017","00","004","0401","0072","656","525","131","79","735","1782","0","41.25","29.46"
"10","017","00","004","0402","0000","574","383","191","22","596","1055","0","56.49","36.3"
"10","017","00","004","0402","0073","574","383","191","22","596","1055","0","56.49","36.3"
"10","017","00","004","0403","0000","724","500","224","25","749","1558","0","48.07","32.09"
"10","017","00","004","0403","0074","724","500","224","25","749","1558","0","48.07","32.09"
"10","017","00","004","0404","0000","880","628","252","28","908","1736","0","52.3","36.18"
"10","017","00","004","0404","0075","880","628","252","28","908","1736","0","52.3","36.18"
"10","017","00","004","0405","0000","1315","895","420","45","1360","2352","0","57.82","38.05"
"10","017","00","004","0405","0076","715","488","227","18","733","1243","0","58.97","39.26"
"10","017","00","004","0405","0077","600","407","193","27","627","1109","0","56.54","36.7"
"10","017","00","004","0406","0000","916","644","272","46","962","1684","0","57.13","38.24"
"10","017","00","004","0406","0078","916","644","272","46","962","1684","0","57.13","38.24"
"10","017","00","004","0407","0000","487","308","179","25","512","919","0","55.71","33.51"
"10","017","00","004","0407","0079","487","308","179","25","512","919","0","55.71","33.51"
"10","017","00","004","0408","0000","499","311","188","14","513","991","0","51.77","31.38"
"10","017","00","004","0408","0080","499","311","188","14","513","991","0","51.77","31.38"
"10","017","00","004","0409","0000","479","315","164","8","487","876","0","55.59","35.96"
"10","017","00","004","0409","0081","479","315","164","8","487","876","0","55.59","35.96"
"10","017","00","004","0410","0000","835","564","271","41","876","1480","0","59.19","38.11"
"10","017","00","004","0410","0082","583","385","198","30","613","1046","0","58.6","36.81"
"10","017","00","004","0410","0083","252","179","73","11","263","434","0","60.6","41.24"
"10","017","00","004","0411","0000","424","283","141","29","453","764","0","59.29","37.04"
"10","017","00","004","0411","0084","424","283","141","29","453","764","0","59.29","37.04"
"10","017","00","004","0412","0000","489","323","166","18","507","968","0","52.38","33.37"
"10","017","00","004","0412","0085","489","323","166","18","507","968","0","52.38","33.37"
"10","017","00","004","0413","0000","1174","757","417","86","1260","2641","0","47.71","28.66"
"10","017","00","004","0413","0086","637","408","229","48","685","1326","0","51.66","30.77"
"10","017","00","004","0413","0087","537","349","188","38","575","1315","0","43.73","26.54"
"10","017","00","004","0414","0000","418","300","118","32","450","775","0","58.06","38.71"
"10","017","00","004","0414","0088","418","300","118","32","450","775","0","58.06","38.71"
"10","017","00","004","0415","0000","709","460","249","45","754","1326","0","56.86","34.69"
"10","017","00","004","0415","0089","350","226","124","25","375","652","0","57.52","34.66"
"10","017","00","004","0415","0090","359","234","125","20","379","674","0","56.23","34.72"
"10","017","00","004","0416","0000","388","266","122","24","412","789","0","52.22","33.71"
"10","017","00","004","0416","0091","388","266","122","24","412","789","0","52.22","33.71"
"10","017","00","004","0417","0000","859","584","275","43","902","1715","0","52.59","34.05"
"10","017","00","004","0417","0092","859","584","275","43","902","1715","0","52.59","34.05"
"10","017","00","004","0418","0000","430","285","145","33","463","849","0","54.53","33.57"
"10","017","00","004","0418","0093","430","285","145","33","463","849","0","54.53","33.57"
"10","017","00","004","0419","0000","470","330","140","23","493","875","0","56.34","37.71"
"10","017","00","004","0419","0094","470","330","140","23","493","875","0","56.34","37.71"
"10","017","00","004","0420","0000","408","272","136","26","434","851","0","51.0","31.96"
"10","017","00","004","0420","0095","408","272","136","26","434","851","0","51.0","31.96"
"10","017","00","004","0421","0000","402","271","131","25","427","735","0","58.1","36.87"
"10","017","00","004","0421","0096","402","271","131","25","427","735","0","58.1","36.87"
"10","017","00","004","0422","0000","496","332","164","42","538","1009","0","53.32","32.9"
"10","017","00","004","0422","0097","496","332","164","42","538","1009","0","53.32","32.9"
"10","017","00","004","0423","0000","507","332","175","34","541","1082","0","50.0","30.68"
"10","017","00","004","0423","0098","507","332","175","34","541","1082","0","50.0","30.68"
"10","017","00","004","0424","0000","1467","1007","460","69","1536","2797","0","54.92","36.0"
"10","017","00","004","0424","0099","626","403","223","39","665","1278","0","52.03","31.53"
"10","017","00","004","0424","0100","841","604","237","30","871","1519","0","57.34","39.76"
"10","017","00","004","0425","0000","356","231","125","23","379","708","0","53.53","32.63"
"10","017","00","004","0425","0103","356","231","125","23","379","708","0","53.53","32.63"
"10","017","00","004","0426","0000","339","227","112","17","356","567","0","62.79","40.04"
"10","017","00","004","0426","0104","339","227","112","17","356","567","0","62.79","40.04"
"10","017","00","004","0427","0000","375","223","152","42","417","751","0","55.53","29.69"
"10","017","00","004","0427","0105","375","223","152","42","417","751","0","55.53","29.69"
"10","017","00","004","0428","0000","337","194","143","17","354","589","0","60.1","32.94"
"10","017","00","004","0428","0106","337","194","143","17","354","589","0","60.1","32.94"
"10","017","00","004","0429","0000","1256","838","418","59","1315","2514","0","52.31","33.33"
"10","017","00","004","0429","0101","578","359","219","26","604","1336","0","45.21","26.87"
"10","017","00","004","0429","0102","678","479","199","33","711","1178","0","60.36","40.66"
"10","017","00","005","0000","0000","20619","13795","6824","933","21552","41856","47428","51.49","32.96"
"10","017","00","005","0501","0000","403","279","124","22","425","796","0","53.39","35.05"
"10","017","00","005","0501","0107","403","279","124","22","425","796","0","53.39","35.05"
"10","017","00","005","0502","0000","615","420","195","28","643","1036","0","62.07","40.54"
"10","017","00","005","0502","0108","615","420","195","28","643","1036","0","62.07","40.54"
"10","017","00","005","0503","0000","423","298","125","19","442","756","0","58.47","39.42"
"10","017","00","005","0503","0109","423","298","125","19","442","756","0","58.47","39.42"
"10","017","00","005","0504","0000","457","277","180","19","476","957","0","49.74","28.94"
"10","017","00","005","0504","0110","457","277","180","19","476","957","0","49.74","28.94"
"10","017","00","005","0505","0000","422","282","140","10","432","802","0","53.87","35.16"
"10","017","00","005","0505","0111","422","282","140","10","432","802","0","53.87","35.16"
"10","017","00","005","0506","0000","637","432","205","40","677","1263","0","53.6","34.2"
"10","017","00","005","0506","0112","637","432","205","40","677","1263","0","53.6","34.2"
"10","017","00","005","0507","0000","433","297","136","15","448","778","0","57.58","38.17"
"10","017","00","005","0507","0113","433","297","136","15","448","778","0","57.58","38.17"
"10","017","00","005","0508","0000","607","406","201","54","661","1180","0","56.02","34.41"
"10","017","00","005","0508","0114","607","406","201","54","661","1180","0","56.02","34.41"
"10","017","00","005","0509","0000","469","330","139","20","489","990","0","49.39","33.33"
"10","017","00","005","0509","0115","469","330","139","20","489","990","0","49.39","33.33"
"10","017","00","005","0510","0000","546","373","173","28","574","1332","0","43.09","28.0"
"10","017","00","005","0510","0116","546","373","173","28","574","1332","0","43.09","28.0"
"10","017","00","005","0511","0000","809","547","262","50","859","1770","0","48.53","30.9"
"10","017","00","005","0511","0117","379","240","139","27","406","848","0","47.88","28.3"
"10","017","00","005","0511","0118","430","307","123","23","453","922","0","49.13","33.3"
"10","017","00","005","0512","0000","687","436","251","23","710","1584","0","44.82","27.53"
"10","017","00","005","0512","0122","687","436","251","23","710","1584","0","44.82","27.53"
"10","017","00","005","0513","0000","478","335","143","21","499","1319","0","37.83","25.4"
"10","017","00","005","0513","0123","478","335","143","21","499","1319","0","37.83","25.4"
"10","017","00","005","0514","0000","269","196","73","22","291","574","0","50.7","34.15"
"10","017","00","005","0514","0120","269","196","73","22","291","574","0","50.7","34.15"
"10","017","00","005","0515","0000","422","264","158","33","455","877","0","51.88","30.1"
"10","017","00","005","0515","0121","422","264","158","33","455","877","0","51.88","30.1"
"10","017","00","005","0516","0000","394","229","165","34","428","715","0","59.86","32.03"
"10","017","00","005","0516","0141","394","229","165","34","428","715","0","59.86","32.03"
"10","017","00","005","0517","0000","495","349","146","25","520","849","0","61.25","41.11"
"10","017","00","005","0517","0140","495","349","146","25","520","849","0","61.25","41.11"
"10","017","00","005","0518","0000","466","310","156","16","482","932","0","51.72","33.26"
"10","017","00","005","0518","0139","466","310","156","16","482","932","0","51.72","33.26"
"10","017","00","005","0519","0000","707","473","234","57","764","1642","0","46.53","28.81"
"10","017","00","005","0519","0138","707","473","234","57","764","1642","0","46.53","28.81"
"10","017","00","005","0520","0000","2836","1914","922","105","2941","5387","0","54.59","35.53"
"10","017","00","005","0520","0126","1083","737","346","39","1122","2088","0","53.74","35.3"
"10","017","00","005","0520","0127","1032","689","343","21","1053","1946","0","54.11","35.41"
"10","017","00","005","0520","0128","721","488","233","45","766","1353","0","56.61","36.07"
"10","017","00","005","0521","0000","2871","1883","988","114","2985","5560","0","53.69","33.87"
"10","017","00","005","0521","0129","652","442","210","40","692","1317","0","52.54","33.56"
"10","017","00","005","0521","0130","479","292","187","17","496","870","0","57.01","33.56"
"10","017","00","005","0521","0131","703","464","239","18","721","1322","0","54.54","35.1"
"10","017","00","005","0521","0132","599","385","214","17","616","1295","0","47.57","29.73"
"10","017","00","005","0521","0133","438","300","138","22","460","756","0","60.85","39.68"
"10","017","00","005","0522","0000","1831","1197","634","71","1902","3815","0","49.86","31.38"
"10","017","00","005","0522","0124","944","629","315","46","990","1938","0","51.08","32.46"
"10","017","00","005","0522","0125","887","568","319","25","912","1877","0","48.59","30.26"
"10","017","00","005","0523","0000","260","182","78","13","273","459","0","59.48","39.65"
"10","017","00","005","0523","0119","260","182","78","13","273","459","0","59.48","39.65"
"10","017","00","005","0524","0000","3082","2086","996","94","3176","6483","0","48.99","32.18"
"10","017","00","005","0524","0134","724","477","247","21","745","1602","0","46.5","29.78"
"10","017","00","005","0524","0135","730","509","221","24","754","1568","0","48.09","32.46"
"10","017","00","005","0524","0136","710","461","249","27","737","1404","0","52.49","32.83"
"10","017","00","005","0524","0137","918","639","279","22","940","1909","0","49.24","33.47"
"10","017","00","006","0000","0000","35273","23424","11849","1319","36592","70396","82263","51.98","33.27"
"10","017","00","006","0601","0000","590","409","181","17","607","1213","0","50.04","33.72"
"10","017","00","006","0601","0143","590","409","181","17","607","1213","0","50.04","33.72"
"10","017","00","006","0602","0000","449","328","121","18","467","1026","0","45.52","31.97"
"10","017","00","006","0602","0144","449","328","121","18","467","1026","0","45.52","31.97"
"10","017","00","006","0603","0000","620","416","204","47","667","1361","0","49.01","30.57"
"10","017","00","006","0603","0142","620","416","204","47","667","1361","0","49.01","30.57"
"10","017","00","006","0604","0000","573","404","169","56","629","1038","0","60.6","38.92"
"10","017","00","006","0604","0145","573","404","169","56","629","1038","0","60.6","38.92"
"10","017","00","006","0605","0000","479","399","80","38","517","897","0","57.64","44.48"
"10","017","00","006","0605","0146","479","399","80","38","517","897","0","57.64","44.48"
"10","017","00","006","0606","0000","948","641","307","43","991","2042","0","48.53","31.39"
"10","017","00","006","0606","0147","718","487","231","31","749","1401","0","53.46","34.76"
"10","017","00","006","0606","0148","230","154","76","12","242","641","0","37.75","24.02"
"10","017","00","006","0607","0000","960","627","333","53","1013","1944","0","52.11","32.25"
"10","017","00","006","0607","0149","712","465","247","38","750","1472","0","50.95","31.59"
"10","017","00","006","0607","0150","248","162","86","15","263","472","0","55.72","34.32"
"10","017","00","006","0608","0000","1585","1048","537","78","1663","3250","0","51.17","32.25"
"10","017","00","006","0608","0153","933","617","316","32","965","1901","0","50.76","32.46"
"10","017","00","006","0608","0154","652","431","221","46","698","1349","0","51.74","31.95"
"10","017","00","006","0609","0000","487","338","149","18","505","841","0","60.05","40.19"
"10","017","00","006","0609","0151","487","338","149","18","505","841","0","60.05","40.19"
"10","017","00","006","0610","0000","286","182","104","25","311","571","0","54.47","31.87"
"10","017","00","006","0610","0152","286","182","104","25","311","571","0","54.47","31.87"
"10","017","00","006","0611","0000","1952","1332","620","81","2033","3922","0","51.84","33.96"
"10","017","00","006","0611","0179","1018","703","315","35","1053","1960","0","53.72","35.87"
"10","017","00","006","0611","0180","934","629","305","46","980","1962","0","49.95","32.06"
"10","017","00","006","0612","0000","810","511","299","30","840","1641","0","51.19","31.14"
"10","017","00","006","0612","0186","810","511","299","30","840","1641","0","51.19","31.14"
"10","017","00","006","0613","0000","2589","1642","947","92","2681","5289","0","50.69","31.05"
"10","017","00","006","0613","0187","635","427","208","29","664","1279","0","51.92","33.39"
"10","017","00","006","0613","0188","582","352","230","18","600","1360","0","44.12","25.88"
"10","017","00","006","0613","0189","739","458","281","27","766","1399","0","54.75","32.74"
"10","017","00","006","0613","0190","633","405","228","18","651","1251","0","52.04","32.37"
"10","017","00","006","0614","0000","1922","1265","657","71","1993","3946","0","50.51","32.06"
"10","017","00","006","0614","0181","1064","715","349","36","1100","2117","0","51.96","33.77"
"10","017","00","006","0614","0182","858","550","308","35","893","1829","0","48.82","30.07"
"10","017","00","006","0615","0000","1308","901","407","69","1377","2576","0","53.45","34.98"
"10","017","00","006","0615","0155","601","426","175","27","628","1225","0","51.27","34.78"
"10","017","00","006","0615","0156","707","475","232","42","749","1351","0","55.44","35.16"
"10","017","00","006","0616","0000","2585","1706","879","79","2664","4768","0","55.87","35.78"
"10","017","00","006","0616","0159","838","559","279","34","872","1613","0","54.06","34.66"
"10","017","00","006","0616","0160","920","621","299","25","945","1731","0","54.59","35.88"
"10","017","00","006","0616","0161","827","526","301","20","847","1424","0","59.48","36.94"
"10","017","00","006","0617","0000","1767","1218","549","79","1846","3485","0","52.97","34.95"
"10","017","00","006","0617","0162","874","608","266","37","911","1806","0","50.44","33.67"
"10","017","00","006","0617","0163","893","610","283","42","935","1679","0","55.69","36.33"
"10","017","00","006","0618","0000","2005","1211","794","51","2056","3942","0","52.16","30.72"
"10","017","00","006","0618","0164","991","648","343","21","1012","1902","0","53.21","34.07"
"10","017","00","006","0618","0165","1014","563","451","30","1044","2040","0","51.18","27.6"
"10","017","00","006","0619","0000","1278","869","409","52","1330","2556","0","52.03","34.0"
"10","017","00","006","0619","0166","670","462","208","35","705","1313","0","53.69","35.19"
"10","017","00","006","0619","0167","608","407","201","17","625","1243","0","50.28","32.74"
"10","017","00","006","0620","0000","1349","878","471","51","1400","2968","0","47.17","29.58"
"10","017","00","006","0620","0171","655","419","236","25","680","1557","0","43.67","26.91"
"10","017","00","006","0620","0172","694","459","235","26","720","1411","0","51.03","32.53"
"10","017","00","006","0621","0000","2282","1512","770","43","2325","4538","0","51.23","33.32"
"10","017","00","006","0621","0183","720","487","233","19","739","1529","0","48.33","31.85"
"10","017","00","006","0621","0184","937","610","327","15","952","1869","0","50.94","32.64"
"10","017","00","006","0621","0185","625","415","210","9","634","1140","0","55.61","36.4"
"10","017","00","006","0622","0000","1846","1150","696","47","1893","3319","0","57.04","34.65"
"10","017","00","006","0622","0168","882","563","319","22","904","1759","0","51.39","32.01"
"10","017","00","006","0622","0169","426","261","165","12","438","694","0","63.11","37.61"
"10","017","00","006","0622","0170","538","326","212","13","551","866","0","63.63","37.64"
"10","017","00","006","0623","0000","2138","1439","699","64","2202","4650","0","47.35","30.95"
"10","017","00","006","0623","0176","802","545","257","13","815","1673","0","48.71","32.58"
"10","017","00","006","0623","0177","535","367","168","27","562","1054","0","53.32","34.82"
"10","017","00","006","0623","0178","801","527","274","24","825","1923","0","42.9","27.41"
"10","017","00","006","0624","0000","2357","1573","784","55","2412","4499","0","53.61","34.96"
"10","017","00","006","0624","0173","873","580","293","19","892","1568","0","56.89","36.99"
"10","017","00","006","0624","0174","697","458","239","28","725","1400","0","51.79","32.71"
"10","017","00","006","0624","0175","787","535","252","8","795","1531","0","51.93","34.94"
"10","017","00","006","0625","0000","2108","1425","683","62","2170","4114","0","52.75","34.64"
"10","017","00","006","0625","0157","884","559","325","26","910","1601","0","56.84","34.92"
"10","017","00","006","0625","0158","1224","866","358","36","1260","2513","0","50.14","34.46"
"10","017","00","007","0000","0000","23598","15769","7829","849","24447","46014","52487","53.13","34.27"
"10","017","00","007","0701","0000","583","381","202","36","619","1096","0","56.48","34.76"
"10","017","00","007","0701","0036","583","381","202","36","619","1096","0","56.48","34.76"
"10","017","00","007","0702","0000","716","463","253","24","740","1232","0","60.06","37.58"
"10","017","00","007","0702","0037","716","463","253","24","740","1232","0","60.06","37.58"
"10","017","00","007","0703","0000","644","418","226","28","672","1184","0","56.76","35.3"
"10","017","00","007","0703","0038","644","418","226","28","672","1184","0","56.76","35.3"
"10","017","00","007","0704","0000","1280","896","384","53","1333","2321","0","57.43","38.6"
"10","017","00","007","0704","0039","635","452","183","32","667","1133","0","58.87","39.89"
"10","017","00","007","0704","0040","645","444","201","21","666","1188","0","56.06","37.37"
"10","017","00","007","0705","0000","406","282","124","21","427","725","0","58.9","38.9"
"10","017","00","007","0705","0041","406","282","124","21","427","725","0","58.9","38.9"
"10","017","00","007","0706","0000","690","472","218","34","724","1524","0","47.51","30.97"
"10","017","00","007","0706","0042","690","472","218","34","724","1524","0","47.51","30.97"
"10","017","00","007","0707","0000","399","252","147","20","419","736","0","56.93","34.24"
"10","017","00","007","0707","0043","399","252","147","20","419","736","0","56.93","34.24"
"10","017","00","007","0708","0000","776","545","231","25","801","1562","0","51.28","34.89"
"10","017","00","007","0708","0044","309","218","91","17","326","611","0","53.36","35.68"
"10","017","00","007","0708","0045","467","327","140","8","475","951","0","49.95","34.38"
"10","017","00","007","0709","0000","818","552","266","41","859","1616","0","53.16","34.16"
"10","017","00","007","0709","0046","818","552","266","41","859","1616","0","53.16","34.16"
"10","017","00","007","0710","0000","799","519","280","26","825","1516","0","54.42","34.23"
"10","017","00","007","0710","0047","799","519","280","26","825","1516","0","54.42","34.23"
"10","017","00","007","0711","0000","1081","715","366","35","1116","2118","0","52.69","33.76"
"10","017","00","007","0711","0048","536","366","170","18","554","1049","0","52.81","34.89"
"10","017","00","007","0711","0049","545","349","196","17","562","1069","0","52.57","32.65"
"10","017","00","007","0712","0000","911","642","269","30","941","1763","0","53.37","36.42"
"10","017","00","007","0712","0054","508","358","150","21","529","999","0","52.95","35.84"
"10","017","00","007","0712","0055","403","284","119","9","412","764","0","53.93","37.17"
"10","017","00","007","0713","0000","1706","1137","569","48","1754","3570","0","49.13","31.85"
"10","017","00","007","0713","0056","725","503","222","28","753","1555","0","48.42","32.35"
"10","017","00","007","0713","0057","981","634","347","20","1001","2015","0","49.68","31.46"
"10","017","00","007","0714","0000","1599","977","622","59","1658","2837","0","58.44","34.44"
"10","017","00","007","0714","0058","696","465","231","26","722","1268","0","56.94","36.67"
"10","017","00","007","0714","0059","903","512","391","33","936","1569","0","59.66","32.63"
"10","017","00","007","0715","0000","681","450","231","24","705","1295","0","54.44","34.75"
"10","017","00","007","0715","0071","681","450","231","24","705","1295","0","54.44","34.75"
"10","017","00","007","0716","0000","2336","1507","829","88","2424","4113","0","58.94","36.64"
"10","017","00","007","0716","0050","407","273","134","17","424","727","0","58.32","37.55"
"10","017","00","007","0716","0051","533","345","188","22","555","929","0","59.74","37.14"
"10","017","00","007","0716","0052","668","422","246","23","691","1118","0","61.81","37.75"
"10","017","00","007","0716","0053","728","467","261","26","754","1339","0","56.31","34.88"
"10","017","00","007","0717","0000","1578","1089","489","58","1636","3780","0","43.28","28.81"
"10","017","00","007","0717","0069","829","569","260","39","868","2016","0","43.06","28.22"
"10","017","00","007","0717","0070","749","520","229","19","768","1764","0","43.54","29.48"
"10","017","00","007","0718","0000","1727","1199","528","45","1772","3461","0","51.2","34.64"
"10","017","00","007","0718","0060","935","629","306","25","960","1985","0","48.36","31.69"
"10","017","00","007","0718","0061","792","570","222","20","812","1476","0","55.01","38.62"
"10","017","00","007","0719","0000","1170","812","358","49","1219","2494","0","48.88","32.56"
"10","017","00","007","0719","0067","666","460","206","26","692","1485","0","46.6","30.98"
"10","017","00","007","0719","0068","504","352","152","23","527","1009","0","52.23","34.89"
"10","017","00","007","0720","0000","3698","2461","1237","105","3803","7071","0","53.78","34.8"
"10","017","00","007","0720","0062","815","527","288","26","841","1493","0","56.33","35.3"
"10","017","00","007","0720","0063","747","475","272","20","767","1249","0","61.41","38.03"
"10","017","00","007","0720","0064","776","540","236","14","790","1559","0","50.67","34.64"
"10","017","00","007","0720","0065","565","376","189","13","578","1168","0","49.49","32.19"
"10","017","00","007","0720","0066","795","543","252","32","827","1602","0","51.62","33.9"
"10","018","00","000","0000","0000","192626","127376","65250","7741","200367","351775","444775","56.96","36.21"
"10","018","00","001","0000","0000","90706","58811","31895","3309","94015","163757","215079","57.41","35.91"
"10","018","00","001","0101","0000","400","268","132","22","422","714","0","59.1","37.54"
"10","018","00","001","0101","0101","400","268","132","22","422","714","0","59.1","37.54"
"10","018","00","001","0102","0000","767","528","239","30","797","1396","0","57.09","37.82"
"10","018","00","001","0102","0103","767","528","239","30","797","1396","0","57.09","37.82"
"10","018","00","001","0103","0000","478","323","155","38","516","875","0","58.97","36.91"
"10","018","00","001","0103","0102","478","323","155","38","516","875","0","58.97","36.91"
"10","018","00","001","0104","0000","278","186","92","8","286","507","0","56.41","36.69"
"10","018","00","001","0104","0100","278","186","92","8","286","507","0","56.41","36.69"
"10","018","00","001","0105","0000","336","226","110","18","354","566","0","62.54","39.93"
"10","018","00","001","0105","0004","336","226","110","18","354","566","0","62.54","39.93"
"10","018","00","001","0106","0000","157","100","57","16","173","305","0","56.72","32.79"
"10","018","00","001","0106","0006","157","100","57","16","173","305","0","56.72","32.79"
"10","018","00","001","0107","0000","360","250","110","18","378","640","0","59.06","39.06"
"10","018","00","001","0107","0005","360","250","110","18","378","640","0","59.06","39.06"
"10","018","00","001","0108","0000","287","206","81","14","301","475","0","63.37","43.37"
"10","018","00","001","0108","0113","287","206","81","14","301","475","0","63.37","43.37"
"10","018","00","001","0109","0000","427","294","133","34","461","752","0","61.3","39.1"
"10","018","00","001","0109","0112","427","294","133","34","461","752","0","61.3","39.1"
"10","018","00","001","0110","0000","389","274","115","32","421","710","0","59.3","38.59"
"10","018","00","001","0110","0111","389","274","115","32","421","710","0","59.3","38.59"
"10","018","00","001","0111","0000","502","319","183","10","512","1512","0","33.86","21.1"
"10","018","00","001","0111","0001","502","319","183","10","512","1512","0","33.86","21.1"
"10","018","00","001","0112","0000","332","230","102","15","347","563","0","61.63","40.85"
"10","018","00","001","0112","0007","332","230","102","15","347","563","0","61.63","40.85"
"10","018","00","001","0113","0000","1705","1143","562","58","1763","3123","0","56.45","36.6"
"10","018","00","001","0113","0027","839","536","303","35","874","1573","0","55.56","34.08"
"10","018","00","001","0113","0028","866","607","259","23","889","1550","0","57.35","39.16"
"10","018","00","001","0114","0000","1593","1013","580","82","1675","2928","0","57.21","34.6"
"10","018","00","001","0114","0114","456","279","177","29","485","880","0","55.11","31.7"
"10","018","00","001","0114","0115","552","339","213","23","575","989","0","58.14","34.28"
"10","018","00","001","0114","0116","585","395","190","30","615","1059","0","58.07","37.3"
"10","018","00","001","0115","0000","797","515","282","53","850","1422","0","59.77","36.22"
"10","018","00","001","0115","0117","348","223","125","25","373","607","0","61.45","36.74"
"10","018","00","001","0115","0118","449","292","157","28","477","815","0","58.53","35.83"
"10","018","00","001","0116","0000","2762","1733","1029","115","2877","5524","0","52.08","31.37"
"10","018","00","001","0116","0104","651","416","235","27","678","1232","0","55.03","33.77"
"10","018","00","001","0116","0105","683","409","274","37","720","1323","0","54.42","30.91"
"10","018","00","001","0116","0106","711","462","249","23","734","1516","0","48.42","30.47"
"10","018","00","001","0116","0107","717","446","271","28","745","1453","0","51.27","30.7"
"10","018","00","001","0117","0000","961","628","333","44","1005","1682","0","59.75","37.34"
"10","018","00","001","0117","0002","569","367","202","16","585","953","0","61.39","38.51"
"10","018","00","001","0117","0003","392","261","131","28","420","729","0","57.61","35.8"
"10","018","00","001","0118","0000","2439","1620","819","79","2518","4456","0","56.51","36.36"
"10","018","00","001","0118","0010","849","547","302","23","872","1615","0","53.99","33.87"
"10","018","00","001","0118","0011","715","471","244","33","748","1287","0","58.12","36.6"
"10","018","00","001","0118","0012","875","602","273","23","898","1554","0","57.79","38.74"
"10","018","00","001","0119","0000","2351","1520","831","75","2426","4162","0","58.29","36.52"
"10","018","00","001","0119","0013","809","536","273","16","825","1388","0","59.44","38.62"
"10","018","00","001","0119","0014","818","533","285","26","844","1419","0","59.48","37.56"
"10","018","00","001","0119","0015","724","451","273","33","757","1355","0","55.87","33.28"
"10","018","00","001","0120","0000","2677","1738","939","101","2778","4714","0","58.93","36.87"
"10","018","00","001","0120","0019","608","371","237","19","627","1062","0","59.04","34.93"
"10","018","00","001","0120","0020","724","462","262","29","753","1315","0","57.26","35.13"
"10","018","00","001","0120","0021","580","392","188","19","599","1000","0","59.9","39.2"
"10","018","00","001","0120","0022","765","513","252","34","799","1337","0","59.76","38.37"
"10","018","00","001","0121","0000","3028","1915","1113","85","3113","5333","0","58.37","35.91"
"10","018","00","001","0121","0023","936","592","344","20","956","1747","0","54.72","33.89"
"10","018","00","001","0121","0024","943","577","366","16","959","1600","0","59.94","36.06"
"10","018","00","001","0121","0025","628","408","220","28","656","1158","0","56.65","35.23"
"10","018","00","001","0121","0026","521","338","183","21","542","828","0","65.46","40.82"
"10","018","00","001","0122","0000","1354","854","500","60","1414","2283","0","61.94","37.41"
"10","018","00","001","0122","0039","715","448","267","47","762","1271","0","59.95","35.25"
"10","018","00","001","0122","0040","639","406","233","13","652","1012","0","64.43","40.12"
"10","018","00","001","0123","0000","1368","879","489","75","1443","2604","0","55.41","33.76"
"10","018","00","001","0123","0041","551","368","183","36","587","1001","0","58.64","36.76"
"10","018","00","001","0123","0042","817","511","306","39","856","1603","0","53.4","31.88"
"10","018","00","001","0124","0000","2455","1537","918","82","2537","4297","0","59.04","35.77"
"10","018","00","001","0124","0050","685","417","268","21","706","1195","0","59.08","34.9"
"10","018","00","001","0124","0051","831","550","281","37","868","1569","0","55.32","35.05"
"10","018","00","001","0124","0052","939","570","369","24","963","1533","0","62.82","37.18"
"10","018","00","001","0125","0000","2337","1832","505","80","2417","3992","0","60.55","45.89"
"10","018","00","001","0125","0053","786","582","204","27","813","1336","0","60.85","43.56"
"10","018","00","001","0125","0054","783","534","249","30","813","1367","0","59.47","39.06"
"10","018","00","001","0125","0055","768","716","52","23","791","1289","0","61.37","55.55"
"10","018","00","001","0126","0000","3628","2342","1286","113","3741","6055","0","61.78","38.68"
"10","018","00","001","0126","0034","723","476","247","36","759","1262","0","60.14","37.72"
"10","018","00","001","0126","0035","670","441","229","20","690","1199","0","57.55","36.78"
"10","018","00","001","0126","0036","749","484","265","21","770","1226","0","62.81","39.48"
"10","018","00","001","0126","0037","861","543","318","25","886","1377","0","64.34","39.43"
"10","018","00","001","0126","0038","625","398","227","11","636","991","0","64.18","40.16"
"10","018","00","001","0127","0000","1801","1187","614","79","1880","3142","0","59.83","37.78"
"10","018","00","001","0127","0031","549","385","164","17","566","935","0","60.53","41.18"
"10","018","00","001","0127","0032","595","377","218","20","615","1074","0","57.26","35.1"
"10","018","00","001","0127","0033","657","425","232","42","699","1133","0","61.69","37.51"
"10","018","00","001","0128","0000","1831","1249","582","61","1892","3440","0","55.0","36.31"
"10","018","00","001","0128","0122","529","367","162","32","561","1062","0","52.82","34.56"
"10","018","00","001","0128","0123","611","418","193","12","623","1046","0","59.56","39.96"
"10","018","00","001","0128","0124","691","464","227","17","708","1332","0","53.15","34.83"
"10","018","00","001","0129","0000","1630","1102","528","70","1700","2999","0","56.69","36.75"
"10","018","00","001","0129","0108","496","332","164","21","517","880","0","58.75","37.73"
"10","018","00","001","0129","0109","561","400","161","22","583","1058","0","55.1","37.81"
"10","018","00","001","0129","0110","573","370","203","27","600","1061","0","56.55","34.87"
"10","018","00","001","0130","0000","2818","1795","1023","87","2905","5036","0","57.68","35.64"
"10","018","00","001","0130","0132","679","448","231","26","705","1315","0","53.61","34.07"
"10","018","00","001","0130","0133","780","507","273","30","810","1413","0","57.32","35.88"
"10","018","00","001","0130","0134","585","357","228","14","599","1064","0","56.3","33.55"
"10","018","00","001","0130","0135","774","483","291","17","791","1244","0","63.59","38.83"
"10","018","00","001","0131","0000","3041","1963","1078","104","3145","5678","0","55.39","34.57"
"10","018","00","001","0131","0125","733","448","285","35","768","1350","0","56.89","33.19"
"10","018","00","001","0131","0126","740","493","247","16","756","1438","0","52.57","34.28"
"10","018","00","001","0131","0127","720","484","236","35","755","1414","0","53.39","34.23"
"10","018","00","001","0131","0128","848","538","310","18","866","1476","0","58.67","36.45"
"10","018","00","001","0132","0000","713","443","270","16","729","1233","0","59.12","35.93"
"10","018","00","001","0132","0099","713","443","270","16","729","1233","0","59.12","35.93"
"10","018","00","001","0133","0000","1679","1047","632","78","1757","3003","0","58.51","34.87"
"10","018","00","001","0133","0063","640","404","236","37","677","1132","0","59.81","35.69"
"10","018","00","001","0133","0064","146","76","70","6","152","251","0","60.56","30.28"
"10","018","00","001","0133","0065","893","567","326","35","928","1620","0","57.28","35.0"
"10","018","00","001","0135","0000","499","364","135","23","522","915","0","57.05","39.78"
"10","018","00","001","0135","0059","499","364","135","23","522","915","0","57.05","39.78"
"10","018","00","001","0136","0000","1626","1116","510","61","1687","2751","0","61.32","40.57"
"10","018","00","001","0136","0056","529","368","161","22","551","960","0","57.4","38.33"
"10","018","00","001","0136","0057","520","334","186","18","538","843","0","63.82","39.62"
"10","018","00","001","0136","0058","577","414","163","21","598","948","0","63.08","43.67"
"10","018","00","001","0137","0000","2039","1417","622","61","2100","3556","0","59.06","39.85"
"10","018","00","001","0137","0060","1009","720","289","40","1049","1801","0","58.25","39.98"
"10","018","00","001","0137","0061","616","401","215","12","628","1079","0","58.2","37.16"
"10","018","00","001","0137","0062","414","296","118","9","423","676","0","62.57","43.79"
"10","018","00","001","0138","0000","1357","941","416","81","1438","2768","0","51.95","34.0"
"10","018","00","001","0138","0043","674","448","226","31","705","1236","0","57.04","36.25"
"10","018","00","001","0138","0044","683","493","190","50","733","1532","0","47.85","32.18"
"10","018","00","001","0139","0000","1852","1246","606","79","1931","3331","0","57.97","37.41"
"10","018","00","001","0139","0045","731","518","213","18","749","1306","0","57.35","39.66"
"10","018","00","001","0139","0046","587","393","194","43","630","1073","0","58.71","36.63"
"10","018","00","001","0139","0047","534","335","199","18","552","952","0","57.98","35.19"
"10","018","00","001","0140","0000","1061","746","315","35","1096","2076","0","52.79","35.93"
"10","018","00","001","0140","0048","619","430","189","26","645","1298","0","49.69","33.13"
"10","018","00","001","0140","0049","442","316","126","9","451","778","0","57.97","40.62"
"10","018","00","001","0141","0000","2512","1501","1011","67","2579","4669","0","55.24","32.15"
"10","018","00","001","0141","0077","685","436","249","17","702","1215","0","57.78","35.88"
"10","018","00","001","0141","0078","554","393","161","20","574","1067","0","53.8","36.83"
"10","018","00","001","0141","0079","648","336","312","14","662","1194","0","55.44","28.14"
"10","018","00","001","0141","0080","625","336","289","16","641","1193","0","53.73","28.16"
"10","018","00","001","0142","0000","4321","2491","1830","105","4426","7900","0","56.03","31.53"
"10","018","00","001","0142","0066","780","447","333","20","800","1479","0","54.09","30.22"
"10","018","00","001","0142","0067","740","408","332","16","756","1402","0","53.92","29.1"
"10","018","00","001","0142","0068","700","448","252","29","729","1280","0","56.95","35.0"
"10","018","00","001","0142","0069","719","383","336","13","732","1228","0","59.61","31.19"
"10","018","00","001","0142","0070","635","330","305","4","639","1157","0","55.23","28.52"
"10","018","00","001","0142","0071","747","475","272","23","770","1354","0","56.87","35.08"
"10","018","00","001","0143","0000","2932","1862","1070","109","3041","5242","0","58.01","35.52"
"10","018","00","001","0143","0081","761","469","292","48","809","1388","0","58.29","33.79"
"10","018","00","001","0143","0082","726","480","246","27","753","1267","0","59.43","37.88"
"10","018","00","001","0143","0083","722","468","254","17","739","1299","0","56.89","36.03"
"10","018","00","001","0143","0084","723","445","278","17","740","1288","0","57.45","34.55"
"10","018","00","001","0144","0000","2439","1514","925","90","2529","4240","0","59.65","35.71"
"10","018","00","001","0144","0096","841","532","309","32","873","1400","0","62.36","38.0"
"10","018","00","001","0144","0097","859","532","327","26","885","1473","0","60.08","36.12"
"10","018","00","001","0144","0098","739","450","289","32","771","1367","0","56.4","32.92"
"10","018","00","001","0145","0000","2617","1741","876","91","2708","5042","0","53.71","34.53"
"10","018","00","001","0145","0092","689","471","218","27","716","1323","0","54.12","35.6"
"10","018","00","001","0145","0093","641","454","187","22","663","1207","0","54.93","37.61"
"10","018","00","001","0145","0094","618","416","202","26","644","1264","0","50.95","32.91"
"10","018","00","001","0145","0095","669","400","269","16","685","1248","0","54.89","32.05"
"10","018","00","001","0146","0000","2480","1632","848","98","2578","4634","0","55.63","35.22"
"10","018","00","001","0146","0088","581","398","183","31","612","1135","0","53.92","35.07"
"10","018","00","001","0146","0089","593","410","183","23","616","1165","0","52.88","35.19"
"10","018","00","001","0146","0090","613","397","216","21","634","1124","0","56.41","35.32"
"10","018","00","001","0146","0091","693","427","266","23","716","1210","0","59.17","35.29"
"10","018","00","001","0147","0000","3860","2397","1463","117","3977","6262","0","63.51","38.28"
"10","018","00","001","0147","0072","836","499","337","19","855","1334","0","64.09","37.41"
"10","018","00","001","0147","0073","765","469","296","27","792","1234","0","64.18","38.01"
"10","018","00","001","0147","0074","871","575","296","25","896","1398","0","64.09","41.13"
"10","018","00","001","0147","0075","560","323","237","13","573","928","0","61.75","34.81"
"10","018","00","001","0147","0076","828","531","297","33","861","1368","0","62.94","38.82"
"10","018","00","001","0148","0000","1344","857","487","62","1406","2357","0","59.65","36.36"
"10","018","00","001","0148","0029","730","473","257","27","757","1317","0","57.48","35.91"
"10","018","00","001","0148","0030","614","384","230","35","649","1040","0","62.4","36.92"
"10","018","00","001","0149","0000","1805","1215","590","76","1881","3392","0","55.45","35.82"
"10","018","00","001","0149","0119","462","321","141","22","484","777","0","62.29","41.31"
"10","018","00","001","0149","0120","684","458","226","27","711","1399","0","50.82","32.74"
"10","018","00","001","0149","0121","659","436","223","27","686","1216","0","56.41","35.86"
"10","018","00","001","0150","0000","2654","1751","903","72","2726","4777","0","57.07","36.65"
"10","018","00","001","0150","0016","816","549","267","27","843","1490","0","56.58","36.85"
"10","018","00","001","0150","0017","906","591","315","15","921","1615","0","57.03","36.59"
"10","018","00","001","0150","0018","932","611","321","30","962","1672","0","57.54","36.54"
"10","018","00","001","0151","0000","1009","634","375","27","1036","1782","0","58.14","35.58"
"10","018","00","001","0151","0008","408","265","143","12","420","741","0","56.68","35.76"
"10","018","00","001","0151","0009","601","369","232","15","616","1041","0","59.17","35.45"
"10","018","00","001","0152","0000","2068","1352","716","92","2160","3526","0","61.26","38.34"
"10","018","00","001","0152","0129","780","542","238","41","821","1326","0","61.92","40.87"
"10","018","00","001","0152","0130","578","347","231","24","602","927","0","64.94","37.43"
"10","018","00","001","0152","0131","710","463","247","27","737","1273","0","57.89","36.37"
"10","018","00","001","0153","0000","2361","1556","805","69","2430","4816","0","50.46","32.31"
"10","018","00","001","0153","0136","613","395","218","3","616","1160","0","53.1","34.05"
"10","018","00","001","0153","0137","680","449","231","19","699","1398","0","50.0","32.12"
"10","018","00","001","0153","0138","557","366","191","15","572","1384","0","41.33","26.45"
"10","018","00","001","0153","0139","511","346","165","32","543","874","0","62.13","39.59"
"10","018","00","001","0154","0000","2189","1219","970","42","2231","3600","0","61.97","33.86"
"10","018","00","001","0154","0085","734","405","329","18","752","1228","0","61.24","32.98"
"10","018","00","001","0154","0086","681","382","299","13","694","1135","0","61.15","33.66"
"10","018","00","001","0154","0087","774","432","342","11","785","1237","0","63.46","34.92"
"10","018","00","002","0000","0000","66795","44836","21959","2770","69565","123122","151391","56.5","36.42"
"10","018","00","002","0201","0000","306","210","96","23","329","535","0","61.5","39.25"
"10","018","00","002","0201","0141","306","210","96","23","329","535","0","61.5","39.25"
"10","018","00","002","0202","0000","419","289","130","23","442","711","0","62.17","40.65"
"10","018","00","002","0202","0144","419","289","130","23","442","711","0","62.17","40.65"
"10","018","00","002","0203","0000","404","258","146","44","448","746","0","60.05","34.58"
"10","018","00","002","0203","0142","404","258","146","44","448","746","0","60.05","34.58"
"10","018","00","002","0204","0000","260","165","95","9","269","477","0","56.39","34.59"
"10","018","00","002","0204","0140","260","165","95","9","269","477","0","56.39","34.59"
"10","018","00","002","0205","0000","591","417","174","29","620","1143","0","54.24","36.48"
"10","018","00","002","0205","0145","591","417","174","29","620","1143","0","54.24","36.48"
"10","018","00","002","0206","0000","295","190","105","9","304","546","0","55.68","34.8"
"10","018","00","002","0206","0143","295","190","105","9","304","546","0","55.68","34.8"
"10","018","00","002","0207","0000","707","461","246","27","734","1370","0","53.58","33.65"
"10","018","00","002","0207","0146","707","461","246","27","734","1370","0","53.58","33.65"
"10","018","00","002","0208","0000","503","347","156","33","536","957","0","56.01","36.26"
"10","018","00","002","0208","0172","503","347","156","33","536","957","0","56.01","36.26"
"10","018","00","002","0209","0000","337","222","115","23","360","561","0","64.17","39.57"
"10","018","00","002","0209","0169","337","222","115","23","360","561","0","64.17","39.57"
"10","018","00","002","0210","0000","468","309","159","13","481","761","0","63.21","40.6"
"10","018","00","002","0210","0167","468","309","159","13","481","761","0","63.21","40.6"
"10","018","00","002","0211","0000","442","285","157","31","473","788","0","60.03","36.17"
"10","018","00","002","0211","0168","442","285","157","31","473","788","0","60.03","36.17"
"10","018","00","002","0212","0000","693","444","249","23","716","1398","0","51.22","31.76"
"10","018","00","002","0212","0171","693","444","249","23","716","1398","0","51.22","31.76"
"10","018","00","002","0213","0000","776","499","277","53","829","1558","0","53.21","32.03"
"10","018","00","002","0213","0170","776","499","277","53","829","1558","0","53.21","32.03"
"10","018","00","002","0214","0000","2522","1648","874","100","2622","4800","0","54.63","34.33"
"10","018","00","002","0214","0173","668","465","203","28","696","1195","0","58.24","38.91"
"10","018","00","002","0214","0174","590","365","225","27","617","1236","0","49.92","29.53"
"10","018","00","002","0214","0175","631","419","212","36","667","1255","0","53.15","33.39"
"10","018","00","002","0214","0176","633","399","234","9","642","1114","0","57.63","35.82"
"10","018","00","002","0215","0000","1545","1018","527","55","1600","2949","0","54.26","34.52"
"10","018","00","002","0215","0188","748","497","251","24","772","1457","0","52.99","34.11"
"10","018","00","002","0215","0189","797","521","276","31","828","1492","0","55.5","34.92"
"10","018","00","002","0216","0000","2046","1372","674","78","2124","3906","0","54.38","35.13"
"10","018","00","002","0216","0185","611","414","197","12","623","1272","0","48.98","32.55"
"10","018","00","002","0216","0186","713","488","225","36","749","1306","0","57.35","37.37"
"10","018","00","002","0216","0187","722","470","252","30","752","1328","0","56.63","35.39"
"10","018","00","002","0217","0000","1211","816","395","72","1283","2131","0","60.21","38.29"
"10","018","00","002","0217","0190","673","449","224","35","708","1160","0","61.03","38.71"
"10","018","00","002","0217","0191","538","367","171","37","575","971","0","59.22","37.8"
"10","018","00","002","0218","0000","918","647","271","36","954","1651","0","57.78","39.19"
"10","018","00","002","0218","0228","514","350","164","12","526","946","0","55.6","37.0"
"10","018","00","002","0218","0229","404","297","107","24","428","705","0","60.71","42.13"
"10","018","00","002","0219","0000","2118","1417","701","83","2201","3852","0","57.14","36.79"
"10","018","00","002","0219","0221","666","446","220","21","687","1175","0","58.47","37.96"
"10","018","00","002","0219","0222","772","503","269","24","796","1371","0","58.06","36.69"
"10","018","00","002","0219","0223","680","468","212","38","718","1306","0","54.98","35.83"
"10","018","00","002","0220","0000","458","302","156","50","508","848","0","59.91","35.61"
"10","018","00","002","0220","0230","458","302","156","50","508","848","0","59.91","35.61"
"10","018","00","002","0221","0000","1508","994","514","48","1556","2712","0","57.37","36.65"
"10","018","00","002","0221","0199","776","518","258","28","804","1442","0","55.76","35.92"
"10","018","00","002","0221","0200","732","476","256","20","752","1270","0","59.21","37.48"
"10","018","00","002","0222","0000","3441","2210","1231","129","3570","5949","0","60.01","37.15"
"10","018","00","002","0222","0208","631","398","233","23","654","1106","0","59.13","35.99"
"10","018","00","002","0222","0209","613","396","217","15","628","1044","0","60.15","37.93"
"10","018","00","002","0222","0210","611","390","221","19","630","1061","0","59.38","36.76"
"10","018","00","002","0222","0211","860","559","301","41","901","1518","0","59.35","36.82"
"10","018","00","002","0222","0212","726","467","259","31","757","1220","0","62.05","38.28"
"10","018","00","002","0223","0000","2717","1986","731","95","2812","4623","0","60.83","42.96"
"10","018","00","002","0223","0217","593","434","159","18","611","1059","0","57.7","40.98"
"10","018","00","002","0223","0218","657","477","180","30","687","1130","0","60.8","42.21"
"10","018","00","002","0223","0219","722","513","209","27","749","1208","0","62.0","42.47"
"10","018","00","002","0223","0220","745","562","183","20","765","1226","0","62.4","45.84"
"10","018","00","002","0224","0000","2820","1929","891","107","2927","5718","0","51.19","33.74"
"10","018","00","002","0224","0231","678","454","224","21","699","1295","0","53.98","35.06"
"10","018","00","002","0224","0232","730","506","224","32","762","1467","0","51.94","34.49"
"10","018","00","002","0224","0233","752","515","237","27","779","1659","0","46.96","31.04"
"10","018","00","002","0224","0234","660","454","206","27","687","1297","0","52.97","35.0"
"10","018","00","002","0225","0000","319","205","114","28","347","594","0","58.42","34.51"
"10","018","00","002","0225","0244","319","205","114","28","347","594","0","58.42","34.51"
"10","018","00","002","0226","0000","1551","1037","514","81","1632","2831","0","57.65","36.63"
"10","018","00","002","0226","0235","754","502","252","37","791","1374","0","57.57","36.54"
"10","018","00","002","0226","0236","797","535","262","44","841","1457","0","57.72","36.72"
"10","018","00","002","0227","0000","789","571","218","49","838","1609","0","52.08","35.49"
"10","018","00","002","0227","0243","789","571","218","49","838","1609","0","52.08","35.49"
"10","018","00","002","0228","0000","1901","1281","620","77","1978","3393","0","58.3","37.75"
"10","018","00","002","0228","0237","616","432","184","21","637","1072","0","59.42","40.3"
"10","018","00","002","0228","0238","697","462","235","35","732","1350","0","54.22","34.22"
"10","018","00","002","0228","0239","588","387","201","21","609","971","0","62.72","39.86"
"10","018","00","002","0229","0000","1992","1387","605","110","2102","3723","0","56.46","37.25"
"10","018","00","002","0229","0240","786","552","234","64","850","1450","0","58.62","38.07"
"10","018","00","002","0229","0241","492","338","154","18","510","895","0","56.98","37.77"
"10","018","00","002","0229","0242","714","497","217","28","742","1378","0","53.85","36.07"
"10","018","00","002","0230","0000","987","714","273","34","1021","1766","0","57.81","40.43"
"10","018","00","002","0230","0158","641","482","159","22","663","1128","0","58.78","42.73"
"10","018","00","002","0230","0159","346","232","114","12","358","638","0","56.11","36.36"
"10","018","00","002","0231","0000","1958","1247","711","46","2004","3589","0","55.84","34.75"
"10","018","00","002","0231","0147","734","458","276","24","758","1390","0","54.53","32.95"
"10","018","00","002","0231","0148","538","352","186","11","549","962","0","57.07","36.59"
"10","018","00","002","0231","0149","686","437","249","11","697","1237","0","56.35","35.33"
"10","018","00","002","0232","0000","2587","1806","781","123","2710","5156","0","52.56","35.03"
"10","018","00","002","0232","0151","376","263","113","14","390","758","0","51.45","34.7"
"10","018","00","002","0232","0152","671","478","193","20","691","1320","0","52.35","36.21"
"10","018","00","002","0232","0153","723","494","229","48","771","1519","0","50.76","32.52"
"10","018","00","002","0232","0154","127","86","41","7","134","347","0","38.62","24.78"
"10","018","00","002","0232","0155","690","485","205","34","724","1212","0","59.74","40.02"
"10","018","00","002","0233","0000","1526","1000","526","84","1610","2912","0","55.29","34.34"
"10","018","00","002","0233","0156","786","523","263","31","817","1484","0","55.05","35.24"
"10","018","00","002","0233","0157","740","477","263","53","793","1428","0","55.53","33.4"
"10","018","00","002","0234","0000","2183","1419","764","101","2284","4121","0","55.42","34.43"
"10","018","00","002","0234","0163","728","491","237","39","767","1394","0","55.02","35.22"
"10","018","00","002","0234","0164","781","522","259","30","811","1568","0","51.72","33.29"
"10","018","00","002","0234","0165","674","406","268","32","706","1159","0","60.91","35.03"
"10","018","00","002","0235","0000","101","74","27","4","105","252","0","41.67","29.37"
"10","018","00","002","0235","0166","101","74","27","4","105","252","0","41.67","29.37"
"10","018","00","002","0236","0000","2653","1957","696","110","2763","4656","0","59.34","42.03"
"10","018","00","002","0236","0224","714","513","201","20","734","1340","0","54.78","38.28"
"10","018","00","002","0236","0225","642","510","132","39","681","1111","0","61.3","45.9"
"10","018","00","002","0236","0226","736","514","222","28","764","1197","0","63.83","42.94"
"10","018","00","002","0236","0227","561","420","141","23","584","1008","0","57.94","41.67"
"10","018","00","002","0237","0000","2854","1901","953","101","2955","5296","0","55.8","35.9"
"10","018","00","002","0237","0177","756","504","252","24","780","1396","0","55.87","36.1"
"10","018","00","002","0237","0178","805","542","263","32","837","1456","0","57.49","37.23"
"10","018","00","002","0237","0179","742","476","266","18","760","1374","0","55.31","34.64"
"10","018","00","002","0237","0180","551","379","172","27","578","1070","0","54.02","35.42"
"10","018","00","002","0238","0000","2480","1718","762","117","2597","4524","0","57.4","37.98"
"10","018","00","002","0238","0181","608","437","171","38","646","1142","0","56.57","38.27"
"10","018","00","002","0238","0182","581","370","211","14","595","1103","0","53.94","33.54"
"10","018","00","002","0238","0183","629","438","191","50","679","1190","0","57.06","36.81"
"10","018","00","002","0238","0184","662","473","189","15","677","1089","0","62.17","43.43"
"10","018","00","002","0239","0000","1987","1264","723","68","2055","4112","0","49.98","30.74"
"10","018","00","002","0239","0192","446","296","150","10","456","1401","0","32.55","21.13"
"10","018","00","002","0239","0193","747","464","283","29","776","1340","0","57.91","34.63"
"10","018","00","002","0239","0194","794","504","290","29","823","1371","0","60.03","36.76"
"10","018","00","002","0240","0000","2712","1733","979","88","2800","4793","0","58.42","36.16"
"10","018","00","002","0240","0195","690","434","256","20","710","1267","0","56.04","34.25"
"10","018","00","002","0240","0196","646","420","226","32","678","1073","0","63.19","39.14"
"10","018","00","002","0240","0197","662","443","219","17","679","1159","0","58.58","38.22"
"10","018","00","002","0240","0198","714","436","278","19","733","1294","0","56.65","33.69"
"10","018","00","002","0241","0000","3201","2182","1019","91","3292","5721","0","57.54","38.14"
"10","018","00","002","0241","0213","854","564","290","10","864","1475","0","58.58","38.24"
"10","018","00","002","0241","0214","715","489","226","35","750","1373","0","54.62","35.62"
"10","018","00","002","0241","0215","827","557","270","22","849","1450","0","58.55","38.41"
"10","018","00","002","0241","0216","805","572","233","24","829","1423","0","58.26","40.2"
"10","018","00","002","0242","0000","3618","2239","1379","95","3713","6417","0","57.86","34.89"
"10","018","00","002","0242","0203","660","412","248","24","684","1163","0","58.81","35.43"
"10","018","00","002","0242","0204","738","453","285","9","747","1334","0","56.0","33.96"
"10","018","00","002","0242","0205","778","482","296","26","804","1415","0","56.82","34.06"
"10","018","00","002","0242","0206","778","462","316","18","796","1305","0","61.0","35.4"
"10","018","00","002","0242","0207","664","430","234","18","682","1200","0","56.83","35.83"
"10","018","00","002","0243","0000","1320","913","407","49","1369","2128","0","64.33","42.9"
"10","018","00","002","0243","0201","740","506","234","29","769","1179","0","65.22","42.92"
"10","018","00","002","0243","0202","580","407","173","20","600","949","0","63.22","42.89"
"10","018","00","002","0244","0000","755","492","263","39","794","1604","0","49.5","30.67"
"10","018","00","002","0244","0150","755","492","263","39","794","1604","0","49.5","30.67"
"10","018","00","002","0245","0000","1816","1261","555","82","1898","3235","0","58.67","38.98"
"10","018","00","002","0245","0160","676","499","177","37","713","1222","0","58.35","40.83"
"10","018","00","002","0245","0161","555","357","198","28","583","1076","0","54.18","33.18"
"10","018","00","002","0245","0162","585","405","180","17","602","937","0","64.25","43.22"
"10","018","00","003","0000","0000","35125","23729","11396","1662","36787","64896","78305","56.69","36.56"
"10","018","00","003","0301","0000","1414","993","421","91","1505","2513","0","59.89","39.51"
"10","018","00","003","0301","0271","612","413","199","39","651","1182","0","55.08","34.94"
"10","018","00","003","0301","0272","802","580","222","52","854","1331","0","64.16","43.58"
"10","018","00","003","0302","0000","2829","1936","893","146","2975","5255","0","56.61","36.84"
"10","018","00","003","0302","0266","566","360","206","42","608","1088","0","55.88","33.09"
"10","018","00","003","0302","0267","444","309","135","17","461","903","0","51.05","34.22"
"10","018","00","003","0302","0268","565","381","184","32","597","1012","0","58.99","37.65"
"10","018","00","003","0302","0269","543","394","149","30","573","1014","0","56.51","38.86"
"10","018","00","003","0302","0270","711","492","219","25","736","1238","0","59.45","39.74"
"10","018","00","003","0303","0000","1301","913","388","44","1345","2288","0","58.78","39.9"
"10","018","00","003","0303","0264","540","408","132","17","557","970","0","57.42","42.06"
"10","018","00","003","0303","0265","761","505","256","27","788","1318","0","59.79","38.32"
"10","018","00","003","0304","0000","1391","955","436","102","1493","2371","0","62.97","40.28"
"10","018","00","003","0304","0262","753","530","223","51","804","1348","0","59.64","39.32"
"10","018","00","003","0304","0263","638","425","213","51","689","1023","0","67.35","41.54"
"10","018","00","003","0305","0000","1263","847","416","79","1342","2095","0","64.06","40.43"
"10","018","00","003","0305","0260","649","423","226","44","693","1138","0","60.9","37.17"
"10","018","00","003","0305","0261","614","424","190","35","649","957","0","67.82","44.31"
"10","018","00","003","0306","0000","1776","1170","606","99","1875","3128","0","59.94","37.4"
"10","018","00","003","0306","0257","590","387","203","14","604","1067","0","56.61","36.27"
"10","018","00","003","0306","0258","491","315","176","39","530","863","0","61.41","36.5"
"10","018","00","003","0306","0259","695","468","227","46","741","1198","0","61.85","39.07"
"10","018","00","003","0307","0000","1628","1118","510","47","1675","2881","0","58.14","38.81"
"10","018","00","003","0307","0252","836","577","259","31","867","1473","0","58.86","39.17"
"10","018","00","003","0307","0253","792","541","251","16","808","1408","0","57.39","38.42"
"10","018","00","003","0308","0000","2303","1541","762","64","2367","4517","0","52.4","34.12"
"10","018","00","003","0308","0254","637","453","184","13","650","1318","0","49.32","34.37"
"10","018","00","003","0308","0255","723","473","250","32","755","1337","0","56.47","35.38"
"10","018","00","003","0308","0256","943","615","328","19","962","1862","0","51.66","33.03"
"10","018","00","003","0309","0000","2650","1788","862","85","2735","4959","0","55.15","36.06"
"10","018","00","003","0309","0245","754","531","223","30","784","1443","0","54.33","36.8"
"10","018","00","003","0309","0246","662","422","240","23","685","1241","0","55.2","34.0"
"10","018","00","003","0309","0247","640","442","198","21","661","1194","0","55.36","37.02"
"10","018","00","003","0309","0248","594","393","201","11","605","1081","0","55.97","36.36"
"10","018","00","003","0310","0000","2245","1449","796","87","2332","3917","0","59.54","36.99"
"10","018","00","003","0310","0273","615","386","229","17","632","976","0","64.75","39.55"
"10","018","00","003","0310","0274","444","287","157","19","463","834","0","55.52","34.41"
"10","018","00","003","0310","0275","501","353","148","32","533","919","0","58.0","38.41"
"10","018","00","003","0310","0276","685","423","262","19","704","1188","0","59.26","35.61"
"10","018","00","003","0311","0000","1935","1311","624","82","2017","3342","0","60.35","39.23"
"10","018","00","003","0311","0277","607","409","198","32","639","1086","0","58.84","37.66"
"10","018","00","003","0311","0278","692","465","227","24","716","1144","0","62.59","40.65"
"10","018","00","003","0311","0279","636","437","199","26","662","1112","0","59.53","39.3"
"10","018","00","003","0312","0000","2401","1626","775","95","2496","4231","0","58.99","38.43"
"10","018","00","003","0312","0280","819","551","268","35","854","1476","0","57.86","37.33"
"10","018","00","003","0312","0281","714","479","235","22","736","1291","0","57.01","37.1"
"10","018","00","003","0312","0282","868","596","272","38","906","1464","0","61.89","40.71"
"10","018","00","003","0313","0000","1520","1061","459","77","1597","2763","0","57.8","38.4"
"10","018","00","003","0313","0283","797","569","228","48","845","1427","0","59.22","39.87"
"10","018","00","003","0313","0284","723","492","231","29","752","1336","0","56.29","36.83"
"10","018","00","003","0314","0000","526","347","179","33","559","1131","0","49.43","30.68"
"10","018","00","003","0314","0285","526","347","179","33","559","1131","0","49.43","30.68"
"10","018","00","003","0315","0000","1197","761","436","72","1269","2076","0","61.13","36.66"
"10","018","00","003","0315","0286","618","415","203","33","651","1070","0","60.84","38.79"
"10","018","00","003","0315","0287","579","346","233","39","618","1006","0","61.43","34.39"
"10","018","00","003","0316","0000","1136","794","342","82","1218","2342","0","52.01","33.9"
"10","018","00","003","0316","0288","545","406","139","46","591","1223","0","48.32","33.2"
"10","018","00","003","0316","0289","591","388","203","36","627","1119","0","56.03","34.67"
"10","018","00","003","0317","0000","440","294","146","23","463","896","0","51.67","32.81"
"10","018","00","003","0317","0299","440","294","146","23","463","896","0","51.67","32.81"
"10","018","00","003","0318","0000","479","319","160","32","511","890","0","57.42","35.84"
"10","018","00","003","0318","0298","479","319","160","32","511","890","0","57.42","35.84"
"10","018","00","003","0319","0000","407","271","136","29","436","776","0","56.19","34.92"
"10","018","00","003","0319","0297","407","271","136","29","436","776","0","56.19","34.92"
"10","018","00","003","0320","0000","883","578","305","40","923","1784","0","51.74","32.4"
"10","018","00","003","0320","0295","379","244","135","24","403","719","0","56.05","33.94"
"10","018","00","003","0320","0296","504","334","170","16","520","1065","0","48.83","31.36"
"10","018","00","003","0321","0000","2043","1376","667","102","2145","4325","0","49.6","31.82"
"10","018","00","003","0321","0291","741","498","243","36","777","1627","0","47.76","30.61"
"10","018","00","003","0321","0292","620","416","204","33","653","1289","0","50.66","32.27"
"10","018","00","003","0321","0293","682","462","220","33","715","1409","0","50.75","32.79"
"10","018","00","003","0322","0000","698","490","208","30","728","1400","0","52.0","35.0"
"10","018","00","003","0322","0290","698","490","208","30","728","1400","0","52.0","35.0"
"10","018","00","003","0323","0000","397","272","125","30","427","814","0","52.46","33.42"
"10","018","00","003","0323","0294","397","272","125","30","427","814","0","52.46","33.42"
"10","018","00","003","0324","0000","2263","1519","744","91","2354","4202","0","56.02","36.15"
"10","018","00","003","0324","0249","464","312","152","17","481","807","0","59.6","38.66"
"10","018","00","003","0324","0250","920","609","311","37","957","1760","0","54.38","34.6"
"10","018","00","003","0324","0251","879","598","281","37","916","1635","0","56.02","36.57"
"10","020","00","000","0000","0000","118658","80216","38442","4412","123070","221553","268741","55.55","36.21"
"10","020","00","001","0000","0000","53807","36166","17641","1882","55689","100647","121279","55.33","35.93"
"10","020","00","001","0101","0000","2367","1622","745","77","2444","4386","0","55.72","36.98"
"10","020","00","001","0101","0079","691","473","218","27","718","1282","0","56.01","36.9"
"10","020","00","001","0101","0080","901","630","271","29","930","1571","0","59.2","40.1"
"10","020","00","001","0101","0081","775","519","256","21","796","1533","0","51.92","33.86"
"10","020","00","001","0102","0000","1543","1042","501","41","1584","3393","0","46.68","30.71"
"10","020","00","001","0102","0077","791","537","254","10","801","1823","0","43.94","29.46"
"10","020","00","001","0102","0078","752","505","247","31","783","1570","0","49.87","32.17"
"10","020","00","001","0103","0000","1445","983","462","29","1474","2832","0","52.05","34.71"
"10","020","00","001","0103","0075","632","414","218","15","647","1404","0","46.08","29.49"
"10","020","00","001","0103","0076","813","569","244","14","827","1428","0","57.91","39.85"
"10","020","00","001","0104","0000","1675","1180","495","75","1750","3249","0","53.86","36.32"
"10","020","00","001","0104","0069","843","580","263","42","885","1682","0","52.62","34.48"
"10","020","00","001","0104","0070","832","600","232","33","865","1567","0","55.2","38.29"
"10","020","00","001","0105","0000","1268","873","395","35","1303","2188","0","59.55","39.9"
"10","020","00","001","0105","0071","673","449","224","14","687","1207","0","56.92","37.2"
"10","020","00","001","0105","0072","595","424","171","21","616","981","0","62.79","43.22"
"10","020","00","001","0134","0000","2310","1633","677","82","2392","4205","0","56.88","38.83"
"10","020","00","001","0134","0021","630","442","188","24","654","1199","0","54.55","36.86"
"10","020","00","001","0134","0022","678","503","175","20","698","1236","0","56.47","40.7"
"10","020","00","001","0134","0023","490","335","155","13","503","890","0","56.52","37.64"
"10","020","00","001","0134","0024","512","353","159","25","537","880","0","61.02","40.11"
"10","020","00","001","0135","0000","2355","1587","768","83","2438","4172","0","58.44","38.04"
"10","020","00","001","0135","0018","887","597","290","28","915","1552","0","58.96","38.47"
"10","020","00","001","0135","0019","855","556","299","36","891","1558","0","57.19","35.69"
"10","020","00","001","0135","0020","613","434","179","19","632","1062","0","59.51","40.87"
"10","020","00","001","0136","0000","2107","1441","666","62","2169","3967","0","54.68","36.32"
"10","020","00","001","0136","0015","734","477","257","32","766","1453","0","52.72","32.83"
"10","020","00","001","0136","0016","578","419","159","12","590","1094","0","53.93","38.3"
"10","020","00","001","0136","0017","795","545","250","18","813","1420","0","57.25","38.38"
"10","020","00","001","0137","0000","1348","891","457","26","1374","2334","0","58.87","38.17"
"10","020","00","001","0137","0011","723","480","243","12","735","1221","0","60.2","39.31"
"10","020","00","001","0137","0012","625","411","214","14","639","1113","0","57.41","36.93"
"10","020","00","001","0138","0000","1013","582","431","36","1049","1794","0","58.47","32.44"
"10","020","00","001","0138","0005","426","280","146","14","440","702","0","62.68","39.89"
"10","020","00","001","0138","0006","587","302","285","22","609","1092","0","55.77","27.66"
"10","020","00","001","0139","0000","2307","1435","872","75","2382","4239","0","56.19","33.85"
"10","020","00","001","0139","0027","766","503","263","23","789","1435","0","54.98","35.05"
"10","020","00","001","0139","0028","793","522","271","25","818","1349","0","60.64","38.7"
"10","020","00","001","0139","0029","748","410","338","27","775","1455","0","53.26","28.18"
"10","020","00","001","0141","0000","913","636","277","30","943","1816","0","51.93","35.02"
"10","020","00","001","0141","0008","913","636","277","30","943","1816","0","51.93","35.02"
"10","020","00","001","0142","0000","479","317","162","16","495","1023","0","48.39","30.99"
"10","020","00","001","0142","0007","479","317","162","16","495","1023","0","48.39","30.99"
"10","020","00","001","0143","0000","1642","1090","552","47","1689","2847","0","59.33","38.29"
"10","020","00","001","0143","0013","808","536","272","25","833","1452","0","57.37","36.91"
"10","020","00","001","0143","0014","834","554","280","22","856","1395","0","61.36","39.71"
"10","020","00","001","0144","0000","1254","843","411","37","1291","2301","0","56.11","36.64"
"10","020","00","001","0144","0001","578","381","197","16","594","1025","0","57.95","37.17"
"10","020","00","001","0144","0002","676","462","214","21","697","1276","0","54.62","36.21"
"10","020","00","001","0145","0000","1090","742","348","28","1118","1987","0","56.27","37.34"
"10","020","00","001","0145","0042","515","350","165","9","524","938","0","55.86","37.31"
"10","020","00","001","0145","0043","575","392","183","19","594","1049","0","56.63","37.37"
"10","020","00","001","0146","0000","680","476","204","34","714","1360","0","52.5","35.0"
"10","020","00","001","0146","0044","680","476","204","34","714","1360","0","52.5","35.0"
"10","020","00","001","0147","0000","780","546","234","39","819","1615","0","50.71","33.81"
"10","020","00","001","0147","0045","780","546","234","39","819","1615","0","50.71","33.81"
"10","020","00","001","0148","0000","656","447","209","26","682","1267","0","53.83","35.28"
"10","020","00","001","0148","0046","656","447","209","26","682","1267","0","53.83","35.28"
"10","020","00","001","0149","0000","1634","1109","525","81","1715","3410","0","50.29","32.52"
"10","020","00","001","0149","0047","735","513","222","37","772","1579","0","48.89","32.49"
"10","020","00","001","0149","0048","899","596","303","44","943","1831","0","51.5","32.55"
"10","020","00","001","0150","0000","1159","787","372","44","1203","2146","0","56.06","36.67"
"10","020","00","001","0150","0049","547","390","157","20","567","977","0","58.03","39.92"
"10","020","00","001","0150","0050","612","397","215","24","636","1169","0","54.41","33.96"
"10","020","00","001","0151","0000","1409","934","475","61","1470","2504","0","58.71","37.3"
"10","020","00","001","0151","0051","697","452","245","47","744","1238","0","60.1","36.51"
"10","020","00","001","0151","0052","712","482","230","14","726","1266","0","57.35","38.07"
"10","020","00","001","0152","0000","1364","948","416","36","1400","2717","0","51.53","34.89"
"10","020","00","001","0152","0053","667","496","171","23","690","1429","0","48.29","34.71"
"10","020","00","001","0152","0054","697","452","245","13","710","1288","0","55.12","35.09"
"10","020","00","001","0153","0000","1304","846","458","51","1355","2347","0","57.73","36.05"
"10","020","00","001","0153","0060","592","377","215","22","614","1170","0","52.48","32.22"
"10","020","00","001","0153","0061","712","469","243","29","741","1177","0","62.96","39.85"
"10","020","00","001","0154","0000","2124","1420","704","78","2202","3893","0","56.56","36.48"
"10","020","00","001","0154","0057","635","437","198","33","668","1133","0","58.96","38.57"
"10","020","00","001","0154","0058","671","459","212","30","701","1235","0","56.76","37.17"
"10","020","00","001","0154","0059","818","524","294","15","833","1525","0","54.62","34.36"
"10","020","00","001","0155","0000","1972","1360","612","110","2082","3667","0","56.78","37.09"
"10","020","00","001","0155","0062","666","465","201","22","688","1207","0","57.0","38.53"
"10","020","00","001","0155","0063","685","477","208","32","717","1272","0","56.37","37.5"
"10","020","00","001","0155","0064","621","418","203","56","677","1188","0","56.99","35.19"
"10","020","00","001","0156","0000","1188","809","379","76","1264","2101","0","60.16","38.51"
"10","020","00","001","0156","0040","579","389","190","37","616","1023","0","60.22","38.03"
"10","020","00","001","0156","0041","609","420","189","39","648","1078","0","60.11","38.96"
"10","020","00","001","0157","0000","900","614","286","45","945","1824","0","51.81","33.66"
"10","020","00","001","0157","0038","551","381","170","32","583","961","0","60.67","39.65"
"10","020","00","001","0157","0039","349","233","116","13","362","863","0","41.95","27.0"
"10","020","00","001","0158","0000","1054","711","343","32","1086","2058","0","52.77","34.55"
"10","020","00","001","0158","0036","485","332","153","13","498","967","0","51.5","34.33"
"10","020","00","001","0158","0037","569","379","190","19","588","1091","0","53.9","34.74"
"10","020","00","001","0159","0000","1089","711","378","38","1127","2021","0","55.76","35.18"
"10","020","00","001","0159","0032","511","341","170","21","532","941","0","56.54","36.24"
"10","020","00","001","0159","0033","578","370","208","17","595","1080","0","55.09","34.26"
"10","020","00","001","0160","0000","1050","687","363","39","1089","1867","0","58.33","36.8"
"10","020","00","001","0160","0030","510","335","175","24","534","915","0","58.36","36.61"
"10","020","00","001","0160","0031","540","352","188","15","555","952","0","58.3","36.97"
"10","020","00","001","0161","0000","1040","684","356","32","1072","1858","0","57.7","36.81"
"10","020","00","001","0161","0025","658","436","222","18","676","1189","0","56.85","36.67"
"10","020","00","001","0161","0026","382","248","134","14","396","669","0","59.19","37.07"
"10","020","00","001","0162","0000","1197","825","372","42","1239","2210","0","56.06","37.33"
"10","020","00","001","0162","0034","593","423","170","22","615","1157","0","53.15","36.56"
"10","020","00","001","0162","0035","604","402","202","20","624","1053","0","59.26","38.18"
"10","020","00","001","0163","0000","1346","911","435","43","1389","2343","0","59.28","38.88"
"10","020","00","001","0163","0067","741","497","244","23","764","1332","0","57.36","37.31"
"10","020","00","001","0163","0068","605","414","191","20","625","1011","0","61.82","40.95"
"10","020","00","001","0164","0000","1170","780","390","32","1202","2192","0","54.84","35.58"
"10","020","00","001","0164","0065","587","396","191","12","599","1172","0","51.11","33.79"
"10","020","00","001","0164","0066","583","384","199","20","603","1020","0","59.12","37.65"
"10","020","00","001","0165","0000","1188","818","370","38","1226","2149","0","57.05","38.06"
"10","020","00","001","0165","0003","482","339","143","20","502","974","0","51.54","34.8"
"10","020","00","001","0165","0004","706","479","227","18","724","1175","0","61.62","40.77"
"10","020","00","001","0166","0000","1983","1245","738","47","2030","3634","0","55.86","34.26"
"10","020","00","001","0166","0009","1038","676","362","33","1071","1936","0","55.32","34.92"
"10","020","00","001","0166","0010","945","569","376","14","959","1698","0","56.48","33.51"
"10","020","00","001","0167","0000","986","652","334","43","1029","1902","0","54.1","34.28"
"10","020","00","001","0167","0055","516","326","190","28","544","980","0","55.51","33.27"
"10","020","00","001","0167","0056","470","326","144","15","485","922","0","52.6","35.36"
"10","020","00","001","0168","0000","1418","949","469","36","1454","2829","0","51.4","33.55"
"10","020","00","001","0168","0073","739","493","246","17","756","1395","0","54.19","35.34"
"10","020","00","001","0168","0074","679","456","223","19","698","1434","0","48.68","31.8"
"10","020","00","002","0000","0000","64851","44050","20801","2530","67381","120906","147462","55.73","36.43"
"10","020","00","002","0201","0000","438","284","154","15","453","770","0","58.83","36.88"
"10","020","00","002","0201","0152","438","284","154","15","453","770","0","58.83","36.88"
"10","020","00","002","0202","0000","1107","731","376","40","1147","2071","0","55.38","35.3"
"10","020","00","002","0202","0157","515","349","166","21","536","997","0","53.76","35.01"
"10","020","00","002","0202","0158","592","382","210","19","611","1074","0","56.89","35.57"
"10","020","00","002","0203","0000","1266","888","378","58","1324","2257","0","58.66","39.34"
"10","020","00","002","0203","0148","637","437","200","36","673","1146","0","58.73","38.13"
"10","020","00","002","0203","0149","629","451","178","22","651","1111","0","58.6","40.59"
"10","020","00","002","0205","0000","935","585","350","58","993","1970","0","50.41","29.7"
"10","020","00","002","0205","0153","527","325","202","11","538","1135","0","47.4","28.63"
"10","020","00","002","0205","0154","408","260","148","47","455","835","0","54.49","31.14"
"10","020","00","002","0209","0000","2121","1405","716","73","2194","4311","0","50.89","32.59"
"10","020","00","002","0209","0159","641","405","236","23","664","1460","0","45.48","27.74"
"10","020","00","002","0209","0160","690","495","195","26","716","1352","0","52.96","36.61"
"10","020","00","002","0209","0161","790","505","285","24","814","1499","0","54.3","33.69"
"10","020","00","002","0210","0000","2265","1557","708","126","2391","4132","0","57.87","37.68"
"10","020","00","002","0210","0168","821","561","260","44","865","1467","0","58.96","38.24"
"10","020","00","002","0210","0169","711","484","227","39","750","1431","0","52.41","33.82"
"10","020","00","002","0210","0170","733","512","221","43","776","1234","0","62.88","41.49"
"10","020","00","002","0211","0000","1616","1082","534","46","1662","3214","0","51.71","33.67"
"10","020","00","002","0211","0165","808","574","234","29","837","1674","0","50.0","34.29"
"10","020","00","002","0211","0166","808","508","300","17","825","1540","0","53.57","32.99"
"10","020","00","002","0212","0000","1570","1050","520","77","1647","2868","0","57.43","36.61"
"10","020","00","002","0212","0175","845","534","311","57","902","1546","0","58.34","34.54"
"10","020","00","002","0212","0176","725","516","209","20","745","1322","0","56.35","39.03"
"10","020","00","002","0213","0000","825","575","250","59","884","1549","0","57.07","37.12"
"10","020","00","002","0213","0177","825","575","250","59","884","1549","0","57.07","37.12"
"10","020","00","002","0214","0000","581","392","189","10","591","1155","0","51.17","33.94"
"10","020","00","002","0214","0174","581","392","189","10","591","1155","0","51.17","33.94"
"10","020","00","002","0215","0000","1215","888","327","47","1262","2120","0","59.53","41.89"
"10","020","00","002","0215","0093","614","439","175","33","647","1053","0","61.44","41.69"
"10","020","00","002","0215","0094","601","449","152","14","615","1067","0","57.64","42.08"
"10","020","00","002","0216","0000","2087","1392","695","83","2170","4105","0","52.86","33.91"
"10","020","00","002","0216","0097","602","404","198","31","633","1196","0","52.93","33.78"
"10","020","00","002","0216","0098","642","422","220","18","660","1280","0","51.56","32.97"
"10","020","00","002","0216","0099","843","566","277","34","877","1629","0","53.84","34.75"
"10","020","00","002","0217","0000","1628","968","660","84","1712","3195","0","53.58","30.3"
"10","020","00","002","0217","0110","682","449","233","39","721","1396","0","51.65","32.16"
"10","020","00","002","0217","0111","946","519","427","45","991","1799","0","55.09","28.85"
"10","020","00","002","0218","0000","1700","1125","575","63","1763","3440","0","51.25","32.7"
"10","020","00","002","0218","0095","748","505","243","31","779","1575","0","49.46","32.06"
"10","020","00","002","0218","0096","952","620","332","32","984","1865","0","52.76","33.24"
"10","020","00","002","0219","0000","2008","1342","666","74","2082","3351","0","62.13","40.05"
"10","020","00","002","0219","0105","606","405","201","23","629","1000","0","62.9","40.5"
"10","020","00","002","0219","0106","663","466","197","17","680","1095","0","62.1","42.56"
"10","020","00","002","0219","0107","739","471","268","34","773","1256","0","61.54","37.5"
"10","020","00","002","0220","0000","1084","733","351","42","1126","1827","0","61.63","40.12"
"10","020","00","002","0220","0108","533","376","157","30","563","962","0","58.52","39.09"
"10","020","00","002","0220","0109","551","357","194","12","563","865","0","65.09","41.27"
"10","020","00","002","0221","0000","3332","2321","1011","80","3412","6594","0","51.74","35.2"
"10","020","00","002","0221","0112","757","524","233","13","770","1505","0","51.16","34.82"
"10","020","00","002","0221","0113","882","625","257","41","923","1698","0","54.36","36.81"
"10","020","00","002","0221","0114","1002","710","292","18","1020","1854","0","55.02","38.3"
"10","020","00","002","0221","0115","691","462","229","8","699","1537","0","45.48","30.06"
"10","020","00","002","0222","0000","1077","717","360","51","1128","2024","0","55.73","35.42"
"10","020","00","002","0222","0103","479","308","171","47","526","841","0","62.54","36.62"
"10","020","00","002","0222","0104","598","409","189","4","602","1183","0","50.89","34.57"
"10","020","00","002","0231","0000","1052","720","332","49","1101","1994","0","55.22","36.11"
"10","020","00","002","0231","0082","481","339","142","15","496","885","0","56.05","38.31"
"10","020","00","002","0231","0083","571","381","190","34","605","1109","0","54.55","34.36"
"10","020","00","002","0245","0000","980","718","262","25","1005","1625","0","61.85","44.18"
"10","020","00","002","0245","0140","488","344","144","12","500","756","0","66.14","45.5"
"10","020","00","002","0245","0141","492","374","118","13","505","869","0","58.11","43.04"
"10","020","00","002","0246","0000","989","680","309","35","1024","1904","0","53.78","35.71"
"10","020","00","002","0246","0138","385","257","128","15","400","736","0","54.35","34.92"
"10","020","00","002","0246","0139","604","423","181","20","624","1168","0","53.42","36.22"
"10","020","00","002","0247","0000","3116","2009","1107","127","3243","5706","0","56.83","35.21"
"10","020","00","002","0247","0134","843","577","266","32","875","1548","0","56.52","37.27"
"10","020","00","002","0247","0135","681","346","335","25","706","1295","0","54.52","26.72"
"10","020","00","002","0247","0136","760","521","239","39","799","1318","0","60.62","39.53"
"10","020","00","002","0247","0137","832","565","267","31","863","1545","0","55.86","36.57"
"10","020","00","002","0248","0000","2974","1972","1002","115","3089","5397","0","57.24","36.54"
"10","020","00","002","0248","0130","750","516","234","27","777","1185","0","65.57","43.54"
"10","020","00","002","0248","0131","758","494","264","33","791","1278","0","61.89","38.65"
"10","020","00","002","0248","0132","619","400","219","13","632","1394","0","45.34","28.69"
"10","020","00","002","0248","0133","847","562","285","42","889","1540","0","57.73","36.49"
"10","020","00","002","0249","0000","2349","1605","744","107","2456","4343","0","56.55","36.96"
"10","020","00","002","0249","0120","711","489","222","39","750","1362","0","55.07","35.9"
"10","020","00","002","0249","0121","738","494","244","22","760","1279","0","59.42","38.62"
"10","020","00","002","0249","0122","900","622","278","46","946","1702","0","55.58","36.55"
"10","020","00","002","0250","0000","2128","1478","650","98","2226","3715","0","59.92","39.78"
"10","020","00","002","0250","0117","570","397","173","36","606","944","0","64.19","42.06"
"10","020","00","002","0250","0118","899","644","255","37","936","1627","0","57.53","39.58"
"10","020","00","002","0250","0119","659","437","222","25","684","1144","0","59.79","38.2"
"10","020","00","002","0251","0000","1013","703","310","53","1066","1811","0","58.86","38.82"
"10","020","00","002","0251","0142","549","364","185","37","586","983","0","59.61","37.03"
"10","020","00","002","0251","0143","464","339","125","16","480","828","0","57.97","40.94"
"10","020","00","002","0252","0000","946","646","300","32","978","1775","0","55.1","36.39"
"10","020","00","002","0252","0144","946","646","300","32","978","1775","0","55.1","36.39"
"10","020","00","002","0253","0000","2739","1887","852","116","2855","4992","0","57.19","37.8"
"10","020","00","002","0253","0126","740","513","227","32","772","1280","0","60.31","40.08"
"10","020","00","002","0253","0127","598","401","197","31","629","1220","0","51.56","32.87"
"10","020","00","002","0253","0128","685","475","210","16","701","1172","0","59.81","40.53"
"10","020","00","002","0253","0129","716","498","218","37","753","1320","0","57.05","37.73"
"10","020","00","002","0254","0000","755","574","181","17","772","1419","0","54.4","40.45"
"10","020","00","002","0254","0145","755","574","181","17","772","1419","0","54.4","40.45"
"10","020","00","002","0255","0000","799","542","257","26","825","1604","0","51.43","33.79"
"10","020","00","002","0255","0116","799","542","257","26","825","1604","0","51.43","33.79"
"10","020","00","002","0256","0000","1086","764","322","48","1134","1945","0","58.3","39.28"
"10","020","00","002","0256","0084","531","369","162","21","552","1020","0","54.12","36.18"
"10","020","00","002","0256","0085","555","395","160","27","582","925","0","62.92","42.7"
"10","020","00","002","0257","0000","794","534","260","16","810","1671","0","48.47","31.96"
"10","020","00","002","0257","0086","794","534","260","16","810","1671","0","48.47","31.96"
"10","020","00","002","0258","0000","1252","889","363","39","1291","2251","0","57.35","39.49"
"10","020","00","002","0258","0087","681","483","198","19","700","1215","0","57.61","39.75"
"10","020","00","002","0258","0088","571","406","165","20","591","1036","0","57.05","39.19"
"10","020","00","002","0259","0000","1183","836","347","48","1231","2256","0","54.57","37.06"
"10","020","00","002","0259","0089","584","400","184","21","605","1129","0","53.59","35.43"
"10","020","00","002","0259","0090","599","436","163","27","626","1127","0","55.55","38.69"
"10","020","00","002","0260","0000","706","512","194","19","725","1366","0","53.07","37.48"
"10","020","00","002","0260","0092","706","512","194","19","725","1366","0","53.07","37.48"
"10","020","00","002","0261","0000","798","551","247","24","822","1415","0","58.09","38.94"
"10","020","00","002","0261","0091","798","551","247","24","822","1415","0","58.09","38.94"
"10","020","00","002","0262","0000","871","625","246","32","903","1634","0","55.26","38.25"
"10","020","00","002","0262","0146","419","287","132","22","441","779","0","56.61","36.84"
"10","020","00","002","0262","0147","452","338","114","10","462","855","0","54.04","39.53"
"10","020","00","002","0263","0000","886","612","274","29","915","1584","0","57.77","38.64"
"10","020","00","002","0263","0150","478","340","138","19","497","767","0","64.8","44.33"
"10","020","00","002","0263","0151","408","272","136","10","418","817","0","51.16","33.29"
"10","020","00","002","0264","0000","1064","752","312","47","1111","2126","0","52.26","35.37"
"10","020","00","002","0264","0155","590","410","180","22","612","1182","0","51.78","34.69"
"10","020","00","002","0264","0156","474","342","132","25","499","944","0","52.86","36.23"
"10","020","00","002","0265","0000","2182","1422","760","90","2272","4164","0","54.56","34.15"
"10","020","00","002","0265","0100","766","514","252","47","813","1393","0","58.36","36.9"
"10","020","00","002","0265","0101","627","421","206","30","657","1077","0","61.0","39.09"
"10","020","00","002","0265","0102","789","487","302","13","802","1694","0","47.34","28.75"
"10","020","00","002","0266","0000","1570","1053","517","64","1634","2718","0","60.12","38.74"
"10","020","00","002","0266","0123","777","512","265","25","802","1358","0","59.06","37.7"
"10","020","00","002","0266","0124","793","541","252","39","832","1360","0","61.18","39.78"
"10","020","00","002","0267","0000","862","609","253","37","899","1589","0","56.58","38.33"
"10","020","00","002","0267","0125","862","609","253","37","899","1589","0","56.58","38.33"
"10","020","00","002","0268","0000","2019","1336","683","38","2057","3598","0","57.17","37.13"
"10","020","00","002","0268","0171","676","433","243","16","692","1266","0","54.66","34.2"
"10","020","00","002","0268","0172","700","478","222","14","714","1211","0","58.96","39.47"
"10","020","00","002","0268","0173","643","425","218","8","651","1121","0","58.07","37.91"
"10","020","00","002","0269","0000","2246","1558","688","104","2350","4295","0","54.71","36.27"
"10","020","00","002","0269","0162","663","455","208","47","710","1262","0","56.26","36.05"
"10","020","00","002","0269","0163","685","468","217","28","713","1299","0","54.89","36.03"
"10","020","00","002","0269","0164","898","635","263","29","927","1734","0","53.46","36.62"
"10","020","00","002","0270","0000","637","428","209","9","646","1056","0","61.17","40.53"
"10","020","00","002","0270","0167","637","428","209","9","646","1056","0","61.17","40.53"
"09","020","00","000","0000","0000","41799","30593","11206","2129","43928","122695","138845","35.8","24.93"
"09","020","00","001","0000","0000","12620","9373","3247","626","13246","37815","43315","35.03","24.79"
"09","020","00","001","0101","0000","1757","1324","433","78","1835","4977","0","36.87","26.6"
"09","020","00","001","0101","0001","473","359","114","25","498","1396","0","35.67","25.72"
"09","020","00","001","0101","0002","676","510","166","20","696","1831","0","38.01","27.85"
"09","020","00","001","0101","0003","608","455","153","33","641","1750","0","36.63","26.0"
"09","020","00","001","0102","0000","3469","2551","918","146","3615","9882","0","36.58","25.81"
"09","020","00","001","0102","0007","517","365","152","41","558","1610","0","34.66","22.67"
"09","020","00","001","0102","0008","577","424","153","29","606","1687","0","35.92","25.13"
"09","020","00","001","0102","0009","564","436","128","17","581","1594","0","36.45","27.35"
"09","020","00","001","0102","0010","596","417","179","18","614","1726","0","35.57","24.16"
"09","020","00","001","0102","0011","608","462","146","23","631","1733","0","36.41","26.66"
"09","020","00","001","0102","0012","607","447","160","18","625","1532","0","40.8","29.18"
"09","020","00","001","0103","0000","1925","1429","496","109","2034","5465","0","37.22","26.15"
"09","020","00","001","0103","0004","661","496","165","57","718","1889","0","38.01","26.26"
"09","020","00","001","0103","0005","510","350","160","26","536","1675","0","32.0","20.9"
"09","020","00","001","0103","0006","754","583","171","26","780","1901","0","41.03","30.67"
"09","020","00","001","0104","0000","1315","958","357","66","1381","4112","0","33.58","23.3"
"09","020","00","001","0104","0013","690","501","189","37","727","2079","0","34.97","24.1"
"09","020","00","001","0104","0014","625","457","168","29","654","2033","0","32.17","22.48"
"09","020","00","001","0105","0000","999","738","261","59","1058","3788","0","27.93","19.48"
"09","020","00","001","0105","0018","683","500","183","29","712","2435","0","29.24","20.53"
"09","020","00","001","0105","0019","316","238","78","30","346","1353","0","25.57","17.59"
"09","020","00","001","0106","0000","697","535","162","40","737","2140","0","34.44","25.0"
"09","020","00","001","0106","0017","697","535","162","40","737","2140","0","34.44","25.0"
"09","020","00","001","0107","0000","930","712","218","47","977","2851","0","34.27","24.97"
"09","020","00","001","0107","0020","480","374","106","16","496","1574","0","31.51","23.76"
"09","020","00","001","0107","0021","450","338","112","31","481","1277","0","37.67","26.47"
"09","020","00","001","0108","0000","1528","1126","402","81","1609","4600","0","34.98","24.48"
"09","020","00","001","0108","0015","841","606","235","42","883","2517","0","35.08","24.08"
"09","020","00","001","0108","0016","687","520","167","39","726","2083","0","34.85","24.96"
"09","020","00","002","0000","0000","6223","4856","1367","350","6573","18560","20751","35.41","26.16"
"09","020","00","002","0201","0000","1736","1347","389","92","1828","5106","0","35.8","26.38"
"09","020","00","002","0201","0066","619","478","141","37","656","1909","0","34.36","25.04"
"09","020","00","002","0201","0067","594","460","134","31","625","1524","0","41.01","30.18"
"09","020","00","002","0201","0068","523","409","114","24","547","1673","0","32.7","24.45"
"09","020","00","002","0202","0000","666","539","127","35","701","1895","0","36.99","28.44"
"09","020","00","002","0202","0075","666","539","127","35","701","1895","0","36.99","28.44"
"09","020","00","002","0203","0000","432","336","96","32","464","1135","0","40.88","29.6"
"09","020","00","002","0203","0076","432","336","96","32","464","1135","0","40.88","29.6"
"09","020","00","002","0204","0000","859","663","196","42","901","2377","0","37.9","27.89"
"09","020","00","002","0204","0077","417","317","100","21","438","1252","0","34.98","25.32"
"09","020","00","002","0204","0078","442","346","96","21","463","1125","0","41.16","30.76"
"09","020","00","002","0205","0000","624","513","111","36","660","2003","0","32.95","25.61"
"09","020","00","002","0205","0069","624","513","111","36","660","2003","0","32.95","25.61"
"09","020","00","002","0206","0000","451","352","99","28","479","1540","0","31.1","22.86"
"09","020","00","002","0206","0072","451","352","99","28","479","1540","0","31.1","22.86"
"09","020","00","002","0207","0000","602","465","137","33","635","2166","0","29.32","21.47"
"09","020","00","002","0207","0073","355","272","83","21","376","1216","0","30.92","22.37"
"09","020","00","002","0207","0074","247","193","54","12","259","950","0","27.26","20.32"
"09","020","00","002","0208","0000","853","641","212","52","905","2338","0","38.71","27.42"
"09","020","00","002","0208","0070","472","354","118","23","495","1212","0","40.84","29.21"
"09","020","00","002","0208","0071","381","287","94","29","410","1126","0","36.41","25.49"
"09","020","00","003","0000","0000","9009","6676","2333","485","9494","25915","29658","36.64","25.76"
"09","020","00","003","0301","0000","1541","1124","417","88","1629","4137","0","39.38","27.17"
"09","020","00","003","0301","0049","518","376","142","22","540","1348","0","40.06","27.89"
"09","020","00","003","0301","0050","454","312","142","30","484","1386","0","34.92","22.51"
"09","020","00","003","0301","0051","569","436","133","36","605","1403","0","43.12","31.08"
"09","020","00","003","0302","0000","1166","850","316","67","1233","3264","0","37.78","26.04"
"09","020","00","003","0302","0052","642","488","154","33","675","1771","0","38.11","27.56"
"09","020","00","003","0302","0053","524","362","162","34","558","1493","0","37.37","24.25"
"09","020","00","003","0303","0000","849","636","213","50","899","2618","0","34.34","24.29"
"09","020","00","003","0303","0062","397","300","97","19","416","1236","0","33.66","24.27"
"09","020","00","003","0303","0063","452","336","116","31","483","1382","0","34.95","24.31"
"09","020","00","003","0304","0000","630","479","151","37","667","2006","0","33.25","23.88"
"09","020","00","003","0304","0056","630","479","151","37","667","2006","0","33.25","23.88"
"09","020","00","003","0305","0000","994","763","231","59","1053","3145","0","33.48","24.26"
"09","020","00","003","0305","0064","546","421","125","14","560","1631","0","34.33","25.81"
"09","020","00","003","0305","0065","448","342","106","45","493","1514","0","32.56","22.59"
"09","020","00","003","0306","0000","2766","2023","743","104","2870","7628","0","37.62","26.52"
"09","020","00","003","0306","0057","617","431","186","26","643","1780","0","36.12","24.21"
"09","020","00","003","0306","0058","620","441","179","15","635","1739","0","36.52","25.36"
"09","020","00","003","0306","0059","456","345","111","23","479","1384","0","34.61","24.93"
"09","020","00","003","0306","0060","504","366","138","24","528","1400","0","37.71","26.14"
"09","020","00","003","0306","0061","569","440","129","16","585","1325","0","44.15","33.21"
"09","020","00","003","0307","0000","494","365","129","40","534","1510","0","35.36","24.17"
"09","020","00","003","0307","0054","494","365","129","40","534","1510","0","35.36","24.17"
"09","020","00","003","0308","0000","569","436","133","40","609","1607","0","37.9","27.13"
"09","020","00","003","0308","0055","569","436","133","40","609","1607","0","37.9","27.13"
"09","020","00","004","0000","0000","9760","6500","3260","435","10195","28162","31588","36.2","23.08"
"09","020","00","004","0401","0000","962","725","237","65","1027","3272","0","31.39","22.16"
"09","020","00","004","0401","0022","501","380","121","40","541","1735","0","31.18","21.9"
"09","020","00","004","0401","0023","461","345","116","25","486","1537","0","31.62","22.45"
"09","020","00","004","0402","0000","1514","1116","398","77","1591","4507","0","35.3","24.76"
"09","020","00","004","0402","0024","566","379","187","28","594","1766","0","33.64","21.46"
"09","020","00","004","0402","0025","359","271","88","16","375","1015","0","36.95","26.7"
"09","020","00","004","0402","0026","589","466","123","33","622","1726","0","36.04","27.0"
"09","020","00","004","0403","0000","474","361","113","32","506","1537","0","32.92","23.49"
"09","020","00","004","0403","0038","474","361","113","32","506","1537","0","32.92","23.49"
"09","020","00","004","0404","0000","2688","1690","998","95","2783","7318","0","38.03","23.09"
"09","020","00","004","0404","0027","519","391","128","21","540","1691","0","31.93","23.12"
"09","020","00","004","0404","0028","838","321","517","28","866","2044","0","42.37","15.7"
"09","020","00","004","0404","0029","743","536","207","21","764","1848","0","41.34","29.0"
"09","020","00","004","0404","0030","588","442","146","25","613","1735","0","35.33","25.48"
"09","020","00","004","0405","0000","1622","1191","431","96","1718","5157","0","33.31","23.09"
"09","020","00","004","0405","0031","595","431","164","32","627","1795","0","34.93","24.01"
"09","020","00","004","0405","0032","545","412","133","36","581","1834","0","31.68","22.46"
"09","020","00","004","0405","0033","482","348","134","28","510","1528","0","33.38","22.77"
"09","020","00","004","0406","0000","2500","1417","1083","70","2570","6371","0","40.34","22.24"
"09","020","00","004","0406","0034","545","418","127","23","568","1473","0","38.56","28.38"
"09","020","00","004","0406","0035","573","426","147","28","601","1679","0","35.8","25.37"
"09","020","00","004","0406","0036","926","265","661","7","933","1921","0","48.57","13.79"
"09","020","00","004","0406","0037","456","308","148","12","468","1298","0","36.06","23.73"
"09","020","00","005","0000","0000","4028","3063","965","227","4255","11676","12847","36.44","26.23"
"09","020","00","005","0501","0000","977","743","234","53","1030","2841","0","36.25","26.15"
"09","020","00","005","0501","0045","501","375","126","24","525","1412","0","37.18","26.56"
"09","020","00","005","0501","0046","476","368","108","29","505","1429","0","35.34","25.75"
"09","020","00","005","0502","0000","453","339","114","31","484","1425","0","33.96","23.79"
"09","020","00","005","0502","0044","453","339","114","31","484","1425","0","33.96","23.79"
"09","020","00","005","0503","0000","754","570","184","41","795","2395","0","33.19","23.8"
"09","020","00","005","0503","0042","422","313","109","18","440","1296","0","33.95","24.15"
"09","020","00","005","0503","0043","332","257","75","23","355","1099","0","32.3","23.38"
"09","020","00","005","0504","0000","1267","981","286","72","1339","3380","0","39.62","29.02"
"09","020","00","005","0504","0039","685","527","158","37","722","1647","0","43.84","32.0"
"09","020","00","005","0504","0040","582","454","128","35","617","1733","0","35.6","26.2"
"09","020","00","005","0505","0000","577","430","147","30","607","1635","0","37.13","26.3"
"09","020","00","005","0505","0041","577","430","147","30","607","1635","0","37.13","26.3"
"09","020","00","006","0000","0000","159","125","34","6","165","567","686","29.1","22.05"
"09","020","00","006","0601","0000","75","55","20","3","78","275","0","28.36","20.0"
"09","020","00","006","0601","0047","75","55","20","3","78","275","0","28.36","20.0"
"09","020","00","006","0602","0000","84","70","14","3","87","292","0","29.79","23.97"
"09","020","00","006","0602","0048","84","70","14","3","87","292","0","29.79","23.97"
"09","007","00","000","0000","0000","5592","4131","1461","195","5787","11205","13062","51.65","36.87"
"09","007","00","001","0000","0000","3181","2385","796","104","3285","6461","7657","50.84","36.91"
"09","007","00","001","0101","0000","971","698","273","43","1014","1967","0","51.55","35.49"
"09","007","00","001","0101","0001","971","698","273","43","1014","1967","0","51.55","35.49"
"09","007","00","001","01x2","0000","853","646","207","31","884","1837","0","48.12","35.17"
"09","007","00","001","01x2","0002","853","646","207","31","884","1837","0","48.12","35.17"
"09","007","00","001","01x4","0000","575","427","148","12","587","1114","0","52.69","38.33"
"09","007","00","001","01x4","0003","575","427","148","12","587","1114","0","52.69","38.33"
"09","007","00","001","01x5","0000","782","614","168","18","800","1543","0","51.85","39.79"
"09","007","00","001","01x5","0004","782","614","168","18","800","1543","0","51.85","39.79"
"09","007","00","002","0000","0000","1072","802","270","38","1110","2125","2430","52.24","37.74"
"09","007","00","002","02x1","0000","787","588","199","27","814","1515","0","53.73","38.81"
"09","007","00","002","02x1","0005","787","588","199","27","814","1515","0","53.73","38.81"
"09","007","00","002","02x4","0000","285","214","71","11","296","610","0","48.52","35.08"
"09","007","00","002","02x4","0006","285","214","71","11","296","610","0","48.52","35.08"
"09","007","00","003","0000","0000","769","544","225","37","806","1481","1627","54.42","36.73"
"09","007","00","003","03x1","0000","335","227","108","15","350","698","0","50.14","32.52"
"09","007","00","003","03x1","0007","335","227","108","15","350","698","0","50.14","32.52"
"09","007","00","003","03x4","0000","434","317","117","22","456","783","0","58.24","40.49"
"09","007","00","003","03x4","0008","434","317","117","22","456","783","0","58.24","40.49"
"09","007","00","004","0000","0000","570","400","170","16","586","1138","1348","51.49","35.15"
"09","007","00","004","04x1","0000","570","400","170","16","586","1138","0","51.49","35.15"
"09","007","00","004","04x1","0009","570","400","170","16","586","1138","0","51.49","35.15"
